PM2.5(微克每立方米),PM10(微克每立方米),SO2(微克每立方米),NO2(微克每立方米),CO(毫克每立方米),O3(微克每立方米),U(m/s),V(m/s),TEMP(K),RH(%),PSFC(Pa),lat,lon,AQI,Major pollutants,id
36.939999,50.500000,11.900000,14.020000,0.680000,67.849998,-4.510000,-4.300000,288.589996,66.239998,102159.578125,20.3,110.04,52.424999,PM2.5,155
35.009998,49.869999,12.090000,15.030000,0.730000,72.080002,-4.780000,-5.060000,288.809998,68.580002,101897.937500,20.3,110.18,50.012497,PM2.5,156
33.889999,48.520000,12.450000,14.200000,0.660000,75.529999,-5.250000,-5.570000,289.059998,69.589996,101921.468750,20.29,110.32,48.520000,PM10,157
37.279999,52.689999,12.040000,15.010000,0.810000,70.550003,-5.340000,-4.340000,288.549988,67.309998,101697.273438,20.43,110.05,52.849998,PM2.5,158
35.570000,51.630001,11.850000,14.850000,0.820000,74.029999,-5.520000,-5.040000,288.290009,69.589996,101138.632812,20.43,110.19,50.815002,PM10,159
34.509998,49.840000,12.040000,13.810000,0.730000,76.269997,-5.140000,-5.320000,288.450012,70.379997,101330.789062,20.42,110.33,49.840000,PM10,160
33.110001,47.080002,12.570000,12.270000,0.620000,77.849998,-5.150000,-5.550000,289.160004,69.769997,102040.226562,20.41,110.47,47.299999,PM2.5,161
40.980000,56.790001,13.090000,15.950000,0.880000,68.550003,-4.600000,-4.020000,288.070007,66.120003,101745.703125,20.57,109.91,57.474998,PM2.5,162
37.810001,54.889999,12.750000,16.059999,0.910000,73.290001,-5.360000,-4.300000,288.119995,68.050003,101143.546875,20.57,110.05,53.512501,PM2.5,163
35.959999,52.599998,12.710000,14.950000,0.830000,76.029999,-5.620000,-4.540000,287.940002,70.419998,100843.539062,20.56,110.2,51.299999,PM10,164
34.299999,50.009998,12.980000,13.960000,0.740000,78.300003,-5.250000,-4.750000,288.500000,70.389999,101411.007812,20.55,110.34,50.004997,PM10,165
33.090000,47.349998,13.550000,12.810000,0.620000,78.110001,-5.270000,-5.120000,289.160004,69.160004,102128.867188,20.55,110.48,47.349998,PM10,166
45.869999,61.759998,14.090000,17.590000,0.970000,65.209999,-3.990000,-3.370000,287.839996,63.459999,102182.460938,20.71,109.78,63.587498,PM2.5,167
41.759998,60.689999,13.990000,19.170000,1.100000,71.760002,-4.430000,-3.620000,288.000000,67.360001,101794.898438,20.71,109.92,58.449997,PM2.5,168
38.330002,57.450001,13.800000,18.240000,1.040000,75.589996,-4.850000,-3.690000,288.079987,67.489998,101481.023438,20.7,110.06,54.162502,PM2.5,169
35.750000,53.330002,13.850000,15.970000,0.860000,78.949997,-5.280000,-3.750000,288.470001,68.599998,101550.023438,20.69,110.2,51.665001,PM10,170
46.310001,64.580002,14.900000,20.590000,1.180000,66.940002,-3.900000,-3.100000,287.940002,61.689999,102185.421875,20.85,109.78,64.137505,PM2.5,171
42.910000,63.980000,15.280000,22.799999,1.320000,72.400002,-4.060000,-3.150000,287.910004,65.489998,102077.210938,20.84,109.92,59.887501,PM2.5,172
39.959999,60.540001,15.450000,21.559999,1.220000,74.750000,-4.250000,-3.070000,288.239990,66.480003,102110.687500,20.83,110.07,56.199997,PM2.5,173
36.049999,54.630001,15.250000,18.389999,0.970000,77.889999,-4.710000,-3.210000,288.760010,66.529999,102210.656250,20.83,110.21,52.315002,PM10,174
47.340000,66.699997,15.660000,23.059999,1.310000,67.980003,-3.690000,-3.030000,287.899994,60.000000,102120.351562,20.98,109.79,65.425003,PM2.5,175
44.209999,66.449997,16.639999,26.510000,1.500000,73.059998,-3.810000,-2.970000,287.850006,63.520000,102085.750000,20.97,109.93,61.512497,PM2.5,176
41.330002,63.570000,17.280001,25.910000,1.400000,75.699997,-4.100000,-2.960000,288.040009,65.300003,102199.468750,20.97,110.07,57.912502,PM2.5,177
47.810001,67.680000,16.090000,25.320000,1.440000,67.099998,-3.670000,-3.220000,288.079987,56.810001,102097.453125,21.11,109.79,66.012505,PM2.5,178
45.000000,67.430000,17.860001,30.650000,1.670000,70.419998,-3.770000,-2.990000,288.000000,58.630001,101999.242188,21.11,109.94,62.500000,PM2.5,179
42.889999,65.629997,19.370001,32.119999,1.640000,70.529999,-3.760000,-3.180000,287.799988,59.549999,102000.226562,21.1,110.08,59.862499,PM2.5,180
40.709999,62.889999,20.379999,31.270000,1.490000,72.620003,-4.050000,-3.090000,287.850006,62.540001,102103.437500,21.09,110.22,57.137497,PM2.5,181
49.290001,68.830002,15.650000,24.910000,1.410000,66.010002,-3.590000,-3.620000,288.239990,56.779999,102191.468750,21.25,109.8,67.862503,PM2.5,185
46.709999,68.879997,17.879999,31.420000,1.720000,68.290001,-3.530000,-3.070000,288.079987,56.180000,102024.546875,21.24,109.94,64.637497,PM2.5,186
44.919998,68.430000,19.990000,35.900002,1.850000,67.269997,-3.600000,-3.260000,287.890015,56.580002,101896.882812,21.23,110.09,62.399998,PM2.5,187
43.099998,66.300003,21.990000,36.990002,1.760000,66.820000,-3.630000,-3.150000,287.809998,56.500000,101943.382812,21.23,110.23,60.125000,PM2.5,188
40.880001,63.000000,19.959999,30.860001,1.500000,69.120003,-3.940000,-3.300000,287.859985,57.020000,102142.820312,21.22,110.37,57.350002,PM2.5,189
38.599998,59.529999,16.959999,24.000000,1.210000,73.309998,-4.670000,-3.500000,288.350006,59.490002,102287.156250,21.21,110.52,54.764999,PM10,190
49.099998,70.750000,16.860001,31.590000,1.740000,66.709999,-3.340000,-3.440000,288.000000,56.060001,102095.781250,21.37,109.95,67.625000,PM2.5,195
47.849998,71.550003,19.450001,38.259998,2.000000,65.250000,-3.280000,-3.290000,287.980011,56.169998,102044.617188,21.37,110.09,66.062500,PM2.5,196
46.099998,70.379997,22.280001,41.349998,1.990000,63.840000,-3.420000,-3.080000,287.989990,54.860001,102094.343750,21.36,110.24,63.875000,PM2.5,197
44.520000,68.489998,21.299999,37.270000,1.820000,64.680000,-3.770000,-3.270000,288.040009,54.139999,102177.382812,21.35,110.38,61.900002,PM2.5,198
42.889999,65.629997,18.389999,30.139999,1.530000,67.199997,-4.170000,-3.450000,288.119995,53.610001,102231.593750,21.35,110.52,59.862499,PM2.5,199
42.330002,63.320000,17.280001,26.030001,1.230000,69.919998,-4.820000,-3.670000,288.329987,55.730000,102280.046875,21.34,110.67,59.162502,PM2.5,200
53.869999,74.040001,13.470000,25.860001,1.590000,64.779999,-3.310000,-4.160000,288.000000,57.570000,102154.296875,21.51,109.81,73.587502,PM2.5,214
51.400002,72.449997,14.780000,29.680000,1.720000,65.449997,-3.100000,-3.850000,287.929993,57.869999,102073.023438,21.51,109.96,70.500000,PM2.5,215
49.230000,71.529999,16.940001,34.389999,1.870000,65.470001,-2.880000,-3.540000,287.959991,57.250000,102139.679688,21.5,110.1,67.787498,PM2.5,216
47.650002,70.900002,19.459999,37.400002,1.900000,63.959999,-2.990000,-3.170000,288.049988,55.400002,102164.601562,21.49,110.24,65.812500,PM2.5,217
46.450001,70.180000,19.900000,36.830002,1.850000,63.090000,-3.450000,-3.070000,288.040009,53.520000,102107.921875,21.49,110.39,64.312500,PM2.5,218
45.500000,68.790001,19.129999,34.310001,1.690000,63.040001,-3.950000,-3.110000,287.980011,52.560001,102133.781250,21.48,110.53,63.125000,PM2.5,219
45.139999,66.599998,18.889999,31.750000,1.400000,63.240002,-4.330000,-3.320000,287.989990,51.880001,102204.359375,21.47,110.67,62.674999,PM2.5,220
45.410000,64.980003,17.910000,28.520000,1.150000,64.730003,-4.800000,-3.610000,288.089996,52.040001,102211.898438,21.47,110.82,63.012501,PM2.5,221
46.290001,64.599998,16.170000,24.230000,0.970000,67.860001,-5.600000,-4.220000,288.359985,54.410000,102212.906250,21.46,110.96,64.112503,PM2.5,222
52.720001,73.540001,13.110000,27.709999,1.660000,64.760002,-3.060000,-4.290000,287.970001,56.849998,102073.398438,21.64,109.96,72.150002,PM2.5,251
49.919998,70.680000,14.160000,29.500000,1.660000,65.320000,-2.780000,-3.940000,287.920013,57.330002,102055.398438,21.63,110.11,68.649994,PM2.5,252
48.750000,70.279999,15.990000,31.400000,1.700000,65.120003,-2.620000,-3.530000,287.929993,56.599998,101978.476562,21.63,110.25,67.187500,PM2.5,253
48.119999,70.660004,17.389999,33.610001,1.730000,63.459999,-2.710000,-3.160000,287.940002,54.740002,101887.132812,21.62,110.39,66.400002,PM2.5,254
47.599998,70.430000,18.910000,36.000000,1.680000,61.349998,-3.100000,-2.700000,288.000000,53.139999,101996.812500,21.61,110.54,65.750000,PM2.5,255
47.139999,68.419998,20.360001,36.130001,1.470000,60.130001,-3.800000,-2.590000,288.070007,52.340000,102161.226562,21.61,110.68,65.175003,PM2.5,256
47.110001,66.790001,19.580000,33.380001,1.260000,60.540001,-4.560000,-2.940000,288.149994,51.860001,102205.343750,21.6,110.83,65.137497,PM2.5,257
47.290001,66.089996,16.299999,27.629999,1.120000,62.509998,-5.380000,-3.800000,288.179993,51.619999,102204.757812,21.59,110.97,65.362503,PM2.5,258
47.770000,66.190002,14.270000,24.420000,1.050000,64.059998,-5.980000,-5.020000,287.790009,52.930000,101737.843750,21.58,111.11,65.962502,PM2.5,259
48.560001,66.279999,14.290000,24.480000,0.980000,63.970001,-5.840000,-6.240000,287.519989,54.299999,101576.062500,21.58,111.26,66.950005,PM2.5,260
49.450001,67.129997,15.020000,26.299999,0.950000,63.320000,-5.200000,-7.230000,287.600006,55.279999,102317.656250,21.57,111.4,68.062500,PM2.5,261
51.139999,68.480003,16.690001,28.770000,0.890000,62.450001,-4.620000,-7.440000,287.239990,59.270000,102279.843750,21.56,111.54,70.175003,PM2.5,262
53.740002,74.599998,12.230000,25.170000,1.540000,62.950001,-3.000000,-4.820000,287.690002,56.340000,101525.320312,21.77,109.97,73.425003,PM2.5,295
50.240002,70.169998,12.280000,25.910000,1.480000,63.470001,-2.880000,-4.320000,287.790009,56.230000,101786.343750,21.77,110.11,69.050003,PM2.5,296
48.430000,68.050003,12.950000,26.440001,1.440000,63.880001,-2.650000,-3.920000,287.829987,56.150002,101849.390625,21.76,110.26,66.787498,PM2.5,297
48.259998,68.580002,14.060000,28.150000,1.470000,63.799999,-2.280000,-3.480000,287.869995,54.790001,101800.226562,21.75,110.4,66.574997,PM2.5,298
48.419998,69.580002,15.780000,31.389999,1.500000,62.459999,-2.100000,-2.850000,288.070007,52.500000,101954.218750,21.75,110.55,66.774994,PM2.5,299
47.509998,67.419998,17.709999,32.020000,1.330000,61.389999,-2.680000,-2.290000,288.299988,50.700001,102142.476562,21.74,110.69,65.637497,PM2.5,300
46.880001,65.430000,17.290001,29.639999,1.170000,61.410000,-4.170000,-2.440000,288.429993,50.169998,102110.851562,21.73,110.83,64.849998,PM2.5,301
46.310001,64.300003,14.680000,25.049999,1.060000,62.720001,-5.690000,-3.990000,288.529999,51.150002,102146.250000,21.73,110.98,64.137505,PM2.5,302
46.590000,64.360001,13.420000,22.780001,1.010000,63.860001,-6.570000,-5.740000,288.299988,53.020000,102096.523438,21.72,111.12,64.487503,PM2.5,303
47.930000,65.669998,13.470000,23.420000,0.990000,64.010002,-6.680000,-7.250000,287.369995,55.919998,100986.242188,21.71,111.26,66.162498,PM2.5,304
49.930000,68.360001,13.880000,25.850000,1.010000,63.020000,-5.520000,-8.270000,286.670013,58.669998,100522.476562,21.7,111.41,68.662498,PM2.5,305
51.740002,70.779999,15.050000,29.990000,1.000000,61.389999,-3.900000,-7.760000,286.450012,60.840000,101341.023438,21.69,111.55,70.925003,PM2.5,306
51.840000,69.779999,17.120001,32.759998,0.950000,62.860001,-3.020000,-6.080000,286.410004,60.340000,101554.148438,21.69,111.7,71.050003,PM2.5,307
49.630001,64.930000,26.740000,38.939999,0.690000,58.750000,-5.050000,-7.230000,289.119995,66.989998,102211.343750,21.63,112.56,68.287498,PM2.5,308
50.830002,70.599998,11.390000,22.990000,1.340000,61.439999,-3.170000,-4.550000,287.690002,54.720001,101526.062500,21.9,110.12,69.787506,PM2.5,344
47.970001,66.330002,11.080000,22.299999,1.230000,61.980000,-3.130000,-4.450000,287.869995,53.930000,101809.601562,21.89,110.27,66.212502,PM2.5,345
47.509998,65.760002,11.250000,22.469999,1.220000,62.490002,-2.540000,-4.100000,287.890015,53.470001,101818.718750,21.89,110.41,65.637497,PM2.5,346
47.730000,66.349998,11.810000,24.020000,1.230000,62.720001,-1.720000,-3.540000,288.079987,52.099998,101993.921875,21.88,110.55,65.912498,PM2.5,347
47.279999,65.820000,13.310000,24.879999,1.180000,62.779999,-1.610000,-2.720000,288.459991,49.250000,102101.570312,21.87,110.7,65.349998,PM2.5,348
46.230000,63.980000,13.320000,23.500000,1.080000,62.730000,-3.780000,-2.450000,288.859985,46.740002,102019.406250,21.87,110.84,64.037498,PM2.5,349
45.880001,63.169998,12.670000,21.719999,0.990000,62.450001,-6.640000,-4.340000,288.459991,48.830002,101233.343750,21.86,110.99,63.600002,PM2.5,350
46.549999,63.630001,12.550000,20.690001,0.940000,63.200001,-7.560000,-6.440000,287.260010,54.110001,100465.390625,21.85,111.13,64.437500,PM2.5,351
48.080002,65.360001,12.620000,21.389999,0.930000,62.680000,-6.990000,-7.280000,285.540009,61.090000,99022.296875,21.84,111.27,66.350006,PM2.5,352
50.570000,69.040001,12.750000,23.980000,0.970000,60.860001,-4.800000,-7.060000,284.440002,65.510002,98120.796875,21.84,111.42,69.462502,PM2.5,353
52.470001,72.610001,13.810000,29.129999,1.030000,59.320000,-2.720000,-6.750000,285.700012,63.130001,100504.500000,21.83,111.56,71.837502,PM2.5,354
52.990002,73.879997,15.180000,33.959999,1.030000,58.049999,-2.570000,-5.840000,286.839996,60.740002,102193.226562,21.82,111.7,72.487503,PM2.5,355
53.369999,74.510002,16.090000,37.130001,1.010000,57.630001,-3.380000,-5.470000,287.079987,58.939999,102042.679688,21.81,111.85,72.962502,PM2.5,356
54.080002,74.860001,17.100000,38.660000,0.970000,58.700001,-4.280000,-6.240000,287.130005,60.119999,102340.437500,21.8,111.99,73.850006,PM2.5,357
58.840000,79.769997,21.330000,45.820000,0.980000,55.490002,-3.830000,-6.670000,286.010010,63.310001,101010.093750,21.78,112.28,79.800003,PM2.5,358
57.750000,76.519997,25.690001,51.160000,0.900000,55.590000,-4.160000,-7.150000,288.279999,65.900002,102049.453125,21.77,112.57,78.437500,PM2.5,359
51.090000,65.040001,28.790001,41.889999,0.720000,54.939999,-5.170000,-6.810000,288.779999,68.709999,101885.906250,21.75,112.85,70.112503,PM2.5,360
47.419998,65.040001,10.860000,21.040001,1.100000,60.299999,-3.440000,-4.970000,287.980011,51.639999,101695.132812,22.02,110.42,65.524994,PM2.5,397
47.270000,64.699997,11.080000,21.879999,1.090000,60.509998,-2.480000,-4.670000,288.109985,50.619999,101837.960938,22.01,110.56,65.337502,PM2.5,398
47.099998,64.639999,11.950000,22.600000,1.070000,61.060001,-1.630000,-3.560000,288.390015,48.459999,101844.273438,22.01,110.71,65.125000,PM2.5,399
45.950001,63.169998,12.150000,22.000000,1.010000,61.349998,-3.590000,-2.700000,289.190002,44.410000,101962.312500,22.0,110.85,63.687500,PM2.5,400
46.090000,63.230000,11.900000,20.990000,0.960000,60.900002,-7.060000,-3.910000,288.489990,46.450001,100462.757812,21.99,110.99,63.862499,PM2.5,401
47.910000,65.199997,11.830000,20.340000,0.930000,60.740002,-7.510000,-5.490000,285.809998,56.720001,98022.843750,21.99,111.14,66.137497,PM2.5,402
49.200001,67.040001,11.960000,21.139999,0.930000,59.950001,-5.750000,-5.900000,284.779999,64.080002,98123.046875,21.98,111.28,67.750000,PM2.5,403
50.389999,69.459999,12.480000,23.889999,0.960000,59.259998,-4.030000,-5.350000,285.290009,63.860001,99675.156250,21.97,111.43,69.237503,PM2.5,404
51.709999,72.160004,13.210000,28.250000,1.010000,57.669998,-3.010000,-5.800000,286.260010,60.730000,101263.578125,21.96,111.57,70.887497,PM2.5,405
51.910000,73.349998,14.210000,32.930000,1.030000,55.680000,-2.890000,-6.350000,286.970001,59.029999,102299.320312,21.95,111.71,71.137497,PM2.5,406
52.279999,74.370003,14.880000,36.660000,1.040000,54.630001,-3.670000,-5.770000,287.320007,57.529999,102054.398438,21.94,111.86,71.599998,PM2.5,407
53.099998,75.209999,15.320000,39.220001,1.030000,54.029999,-4.530000,-5.940000,287.140015,57.860001,101943.820312,21.94,112.0,72.625000,PM2.5,408
55.500000,78.059998,16.219999,43.730000,1.060000,52.930000,-4.430000,-6.820000,286.390015,60.939999,101916.726562,21.93,112.15,75.625000,PM2.5,409
59.240002,82.599998,18.139999,49.480000,1.110000,50.369999,-3.630000,-6.570000,285.950012,64.529999,101539.601562,21.92,112.29,80.300003,PM2.5,410
62.930000,86.930000,20.010000,56.570000,1.180000,48.810001,-3.080000,-6.500000,286.029999,62.650002,101420.960938,21.91,112.43,84.912498,PM2.5,411
64.580002,86.680000,23.490000,57.840000,1.120000,47.250000,-3.250000,-6.520000,286.589996,64.000000,101452.023438,21.9,112.58,86.975006,PM2.5,412
57.779999,75.010002,26.270000,56.630001,0.990000,57.169998,-4.660000,-6.480000,288.529999,68.720001,102085.007812,21.87,113.01,78.474998,PM2.5,413
55.240002,69.730003,27.750000,51.060001,0.900000,60.500000,-4.780000,-6.320000,288.480011,70.089996,102162.406250,21.86,113.15,75.300003,PM2.5,414
48.439999,66.239998,10.990000,20.660000,1.050000,58.369999,-4.130000,-5.460000,287.549988,52.669998,100984.382812,22.16,110.42,66.799995,PM2.5,456
48.009998,65.290001,11.010000,20.900000,1.010000,58.590000,-3.540000,-5.560000,287.679993,51.689999,101244.523438,22.15,110.57,66.262497,PM2.5,457
47.619999,64.949997,11.510000,21.570000,1.000000,58.990002,-2.590000,-4.740000,288.170013,49.090000,101585.117188,22.14,110.71,65.775002,PM2.5,458
46.400002,63.630001,11.620000,21.389999,0.980000,59.419998,-3.660000,-3.470000,289.149994,44.099998,101724.031250,22.13,110.86,64.250000,PM2.5,459
46.630001,64.000000,11.620000,20.930000,0.950000,59.209999,-6.320000,-3.790000,288.359985,44.799999,99932.703125,22.13,111.0,64.537498,PM2.5,460
48.849998,66.830002,11.660000,20.690001,0.930000,58.439999,-6.710000,-5.310000,285.890015,53.740002,97374.867188,22.12,111.15,67.312500,PM2.5,461
49.630001,68.250000,11.970000,21.430000,0.930000,57.930000,-5.040000,-6.300000,285.559998,58.770000,98094.460938,22.11,111.29,68.287498,PM2.5,462
50.000000,69.660004,12.470000,23.940001,0.950000,57.369999,-4.120000,-6.470000,286.420013,59.180000,100300.382812,22.1,111.43,68.750000,PM2.5,463
50.869999,71.699997,12.840000,27.540001,0.980000,55.689999,-3.940000,-6.590000,286.589996,59.070000,101226.796875,22.1,111.58,69.837502,PM2.5,464
51.220001,72.989998,13.450000,31.240000,1.000000,53.669998,-3.570000,-6.830000,286.350006,60.799999,101613.773438,22.09,111.72,70.275002,PM2.5,465
51.180000,73.650002,13.900000,34.349998,1.010000,52.590000,-3.860000,-6.430000,286.640015,59.230000,101329.976562,22.08,111.87,70.224998,PM2.5,466
51.189999,73.970001,14.140000,37.279999,1.010000,51.900002,-4.590000,-6.460000,286.829987,58.020000,100898.843750,22.07,112.01,70.237495,PM2.5,467
53.049999,76.559998,15.050000,42.169998,1.050000,50.919998,-4.140000,-6.900000,286.529999,60.130001,101350.296875,22.06,112.16,72.562500,PM2.5,468
57.119999,82.239998,16.760000,50.090000,1.150000,48.040001,-3.230000,-7.000000,286.309998,62.160000,101989.187500,22.05,112.3,77.650002,PM2.5,469
61.759998,87.680000,19.020000,57.590000,1.230000,46.419998,-2.990000,-6.200000,286.380005,63.470001,101812.382812,22.04,112.44,83.449997,PM2.5,470
65.699997,90.989998,21.370001,61.240002,1.260000,44.610001,-3.020000,-5.920000,286.390015,63.570000,101477.867188,22.03,112.59,88.375000,PM2.5,471
68.419998,92.599998,23.719999,62.169998,1.260000,43.000000,-3.050000,-6.050000,286.549988,63.740002,101573.992188,22.02,112.73,91.774994,PM2.5,472
68.720001,91.349998,25.549999,62.549999,1.230000,44.450001,-3.410000,-6.220000,287.230011,65.900002,101861.703125,22.01,112.88,92.150002,PM2.5,473
43.639999,53.750000,24.580000,37.730000,0.760000,69.580002,-4.430000,-5.550000,288.820007,71.449997,102225.890625,21.95,113.74,60.799999,PM2.5,474
49.200001,66.989998,11.750000,21.670000,0.960000,57.090000,-4.130000,-5.830000,287.529999,52.000000,100969.859375,22.28,110.72,67.750000,PM2.5,520
48.119999,65.800003,11.950000,21.719999,0.950000,57.630001,-4.790000,-4.620000,288.220001,47.340000,100779.593750,22.27,110.87,66.400002,PM2.5,521
47.750000,65.180000,12.260000,21.280001,0.930000,58.900002,-6.490000,-4.110000,287.130005,48.080002,98493.796875,22.26,111.01,65.937500,PM2.5,522
50.939999,69.690002,11.780000,21.270000,0.930000,56.070000,-6.650000,-5.430000,284.320007,57.090000,95295.843750,22.25,111.15,69.924995,PM2.5,523
51.369999,70.599998,12.260000,21.809999,0.930000,55.869999,-4.550000,-6.640000,283.429993,64.730003,95299.132812,22.24,111.3,70.462502,PM2.5,524
51.070000,71.260002,12.730000,23.990000,0.940000,55.490002,-3.150000,-6.990000,284.269989,65.680000,97356.382812,22.24,111.44,70.087502,PM2.5,525
50.860001,72.199997,12.880000,27.209999,0.960000,53.759998,-3.210000,-7.020000,285.179993,62.869999,98997.578125,22.23,111.59,69.824997,PM2.5,526
50.380001,72.669998,13.180000,30.910000,0.980000,51.470001,-3.380000,-6.870000,285.750000,62.189999,100863.312500,22.22,111.73,69.224998,PM2.5,527
50.040001,73.089996,13.470000,33.549999,0.990000,50.169998,-4.190000,-6.440000,285.859985,61.730000,100953.773438,22.21,111.88,68.800003,PM2.5,528
50.119999,73.580002,13.710000,35.869999,1.000000,49.599998,-4.820000,-6.750000,285.440002,61.639999,99379.062500,22.2,112.02,68.900002,PM2.5,529
51.410000,75.589996,14.770000,40.270000,1.020000,49.509998,-3.640000,-6.990000,285.410004,62.189999,99767.406250,22.19,112.17,70.512497,PM2.5,530
54.419998,80.320000,16.160000,48.369999,1.120000,45.889999,-2.440000,-7.140000,286.100006,61.650002,101681.968750,22.18,112.31,74.274994,PM2.5,531
58.959999,85.900002,18.780001,56.360001,1.210000,44.139999,-2.470000,-6.240000,286.500000,60.840000,102276.429688,22.18,112.45,79.949997,PM2.5,532
63.759998,91.080002,20.850000,61.970001,1.290000,42.720001,-3.050000,-5.700000,286.690002,61.880001,102017.531250,22.17,112.6,85.949997,PM2.5,533
67.910004,95.150002,22.200001,64.629997,1.370000,41.630001,-3.550000,-5.860000,286.579987,64.260002,101446.156250,22.16,112.74,91.137505,PM2.5,534
71.160004,97.199997,23.790001,65.059998,1.390000,42.130001,-3.520000,-6.120000,286.559998,66.610001,101052.117188,22.15,112.89,95.200005,PM2.5,535
67.559998,89.910004,24.090000,62.549999,1.360000,45.470001,-3.460000,-5.450000,287.250000,63.570000,102219.781250,22.13,113.17,90.699997,PM2.5,536
63.560001,83.820000,25.230000,66.120003,1.330000,50.090000,-4.060000,-5.590000,287.950012,66.050003,102265.203125,22.12,113.32,85.700005,PM2.5,537
51.580002,70.239998,11.950000,21.790001,0.930000,55.169998,-4.960000,-5.850000,286.059998,57.610001,99444.203125,22.41,110.73,70.725006,PM2.5,588
51.220001,70.110001,12.170000,22.120001,0.920000,55.200001,-6.070000,-5.060000,286.549988,54.680000,99533.867188,22.4,110.87,70.275002,PM2.5,589
51.270000,70.500000,12.280000,21.980000,0.920000,55.080002,-7.700000,-4.090000,285.660004,55.610001,97859.703125,22.39,111.02,70.337502,PM2.5,590
52.560001,72.099998,12.430000,22.219999,0.930000,54.270000,-7.140000,-3.840000,283.179993,63.880001,94892.929688,22.39,111.16,71.950005,PM2.5,591
52.910000,73.000000,12.980000,23.280001,0.940000,53.759998,-4.130000,-4.200000,282.119995,71.699997,94558.546875,22.38,111.31,72.387497,PM2.5,592
52.099998,73.230003,13.480000,25.190001,0.950000,53.549999,-2.270000,-4.620000,283.239990,70.690002,96777.546875,22.37,111.45,71.375000,PM2.5,593
50.799999,72.919998,13.290000,27.370001,0.950000,51.919998,-2.480000,-5.470000,283.850006,67.849998,97503.773438,22.36,111.6,69.750000,PM2.5,594
49.599998,72.629997,13.110000,30.850000,0.970000,49.360001,-2.930000,-6.090000,284.869995,64.739998,99534.882812,22.35,111.74,68.250000,PM2.5,595
48.520000,72.230003,13.290000,33.200001,0.980000,47.830002,-4.200000,-6.020000,285.519989,63.040001,101013.742188,22.35,111.89,66.900002,PM2.5,596
48.770000,73.019997,13.620000,35.380001,0.990000,46.930000,-4.980000,-6.310000,284.500000,65.269997,99040.648438,22.34,112.03,67.212502,PM2.5,597
49.990002,75.209999,14.240000,39.380001,1.030000,45.810001,-3.490000,-6.660000,284.309998,66.089996,98882.070312,22.33,112.17,68.737503,PM2.5,598
52.080002,78.750000,15.890000,46.799999,1.100000,43.759998,-2.080000,-7.010000,285.679993,62.450001,101136.367188,22.32,112.32,71.350006,PM2.5,599
55.790001,83.519997,18.549999,54.439999,1.180000,41.910000,-2.190000,-6.380000,286.519989,60.340000,102269.156250,22.31,112.46,75.987503,PM2.5,600
60.660000,89.070000,21.139999,60.150002,1.270000,40.250000,-2.990000,-5.680000,286.790009,59.500000,102235.203125,22.3,112.61,82.074997,PM2.5,601
65.839996,94.489998,23.059999,63.320000,1.350000,38.930000,-3.510000,-5.730000,286.390015,62.130001,101657.796875,22.29,112.75,88.549995,PM2.5,602
71.260002,99.440002,24.510000,65.279999,1.440000,38.849998,-3.200000,-5.790000,286.130005,66.010002,101140.117188,22.28,112.9,95.325005,PM2.5,603
72.589996,99.620003,23.629999,65.970001,1.490000,40.570000,-2.960000,-5.680000,286.899994,65.919998,101700.023438,22.27,113.04,96.987495,PM2.5,604
70.459999,96.639999,21.709999,64.209999,1.520000,41.549999,-3.300000,-5.130000,287.179993,64.220001,102202.843750,22.26,113.19,94.324997,PM2.5,605
66.360001,90.809998,21.350000,65.800003,1.480000,44.950001,-3.940000,-5.250000,287.559998,65.410004,102081.898438,22.25,113.33,89.199997,PM2.5,606
63.419998,84.830002,24.350000,69.389999,1.390000,48.919998,-4.490000,-5.780000,287.779999,66.709999,102072.867188,22.24,113.47,86.737503,NO2,607
53.299999,73.230003,12.570000,22.549999,0.890000,53.790001,-5.690000,-4.660000,285.500000,59.860001,98717.593750,22.54,110.88,72.875000,PM2.5,662
53.369999,73.720001,13.240000,23.200001,0.900000,53.709999,-6.970000,-3.980000,284.709991,62.610001,97748.906250,22.53,111.03,72.962502,PM2.5,663
54.560001,75.190002,13.790000,24.240000,0.920000,53.169998,-6.300000,-2.860000,283.239990,68.599998,96334.570312,22.52,111.17,74.450005,PM2.5,664
55.000000,76.230003,14.650000,26.100000,0.960000,52.990002,-3.440000,-2.110000,283.029999,71.580002,96822.898438,22.51,111.32,75.000000,PM2.5,665
53.790001,76.599998,15.320000,28.799999,0.990000,52.410000,-1.700000,-2.210000,284.309998,68.260002,99131.117188,22.5,111.46,73.487503,PM2.5,666
51.520000,75.040001,14.460000,30.059999,0.990000,49.630001,-2.340000,-3.100000,284.239990,67.650002,98753.273438,22.5,111.61,70.650002,PM2.5,667
49.070000,73.019997,13.690000,31.540001,0.980000,47.180000,-3.230000,-4.450000,284.230011,66.629997,98690.023438,22.49,111.75,67.587502,PM2.5,668
47.490002,72.080002,13.760000,33.369999,0.980000,45.590000,-4.250000,-5.340000,285.010010,64.129997,100299.320312,22.48,111.9,65.612503,PM2.5,669
47.290001,72.470001,14.170000,35.730000,1.000000,44.549999,-4.710000,-5.650000,284.429993,66.029999,99741.359375,22.47,112.04,65.362503,PM2.5,670
48.299999,74.489998,14.750000,39.369999,1.030000,43.509998,-3.510000,-5.820000,284.019989,67.410004,99168.789062,22.46,112.18,66.625000,PM2.5,671
49.930000,77.330002,16.030001,45.470001,1.080000,41.740002,-2.240000,-6.410000,284.950012,64.339996,100422.968750,22.45,112.33,68.662498,PM2.5,672
52.680000,80.820000,18.320000,52.090000,1.150000,39.970001,-2.130000,-6.390000,286.070007,60.880001,101772.507812,22.44,112.47,72.099998,PM2.5,673
56.810001,85.650002,20.930000,57.669998,1.230000,38.320000,-2.910000,-6.040000,286.890015,58.240002,102246.109375,22.43,112.62,77.262505,PM2.5,674
62.500000,91.889999,23.410000,61.770000,1.310000,36.840000,-3.370000,-6.180000,286.839996,58.939999,102071.093750,22.42,112.76,84.375000,PM2.5,675
69.809998,99.589996,25.620001,66.260002,1.440000,36.439999,-3.060000,-5.870000,286.570007,62.560001,101922.296875,22.41,112.91,93.512497,PM2.5,676
73.589996,102.550003,25.280001,69.400002,1.510000,39.340000,-2.990000,-5.460000,287.290009,65.220001,102144.156250,22.4,113.05,98.237495,PM2.5,677
73.620003,102.599998,22.450001,68.129997,1.590000,37.919998,-3.380000,-4.870000,286.989990,62.700001,102252.507812,22.39,113.2,98.275002,PM2.5,678
69.730003,97.029999,19.980000,67.320000,1.550000,41.099998,-4.030000,-4.970000,287.170013,65.010002,101898.796875,22.38,113.34,93.412506,PM2.5,679
65.419998,90.570000,19.830000,68.739998,1.470000,45.130001,-4.630000,-5.360000,287.369995,66.910004,101826.671875,22.37,113.49,88.024994,PM2.5,680
56.060001,78.279999,15.360000,26.980000,0.920000,50.639999,-5.260000,-2.480000,283.500000,67.440002,96740.460938,22.65,111.18,76.325005,PM2.5,744
56.490002,79.150002,16.370001,29.049999,0.970000,50.910000,-2.740000,-1.660000,283.859985,68.599998,98125.046875,22.65,111.32,76.862503,PM2.5,745
54.110001,78.480003,16.930000,32.419998,1.020000,49.540001,-1.150000,-1.480000,285.309998,65.470001,100961.906250,22.64,111.47,73.887497,PM2.5,746
50.700001,75.779999,15.750000,33.150002,1.010000,46.709999,-1.860000,-1.720000,285.399994,64.699997,101168.000000,22.63,111.61,69.625000,PM2.5,747
47.619999,72.559998,14.460000,32.580002,0.970000,44.869999,-3.570000,-3.050000,285.019989,64.059998,99958.531250,22.62,111.76,65.775002,PM2.5,748
46.360001,71.779999,14.450000,33.820000,0.980000,43.430000,-4.810000,-4.610000,284.940002,63.380001,99770.296875,22.61,111.9,64.199997,PM2.5,749
45.830002,71.839996,14.950000,36.209999,1.000000,42.380001,-4.580000,-5.200000,284.570007,65.260002,100028.359375,22.6,112.05,63.537502,PM2.5,750
46.119999,73.099998,15.380000,39.400002,1.030000,41.450001,-3.490000,-5.020000,284.540009,66.110001,100442.578125,22.6,112.19,63.899998,PM2.5,751
47.320000,75.139999,16.360001,44.369999,1.070000,39.970001,-2.760000,-5.660000,285.049988,63.900002,100895.937500,22.59,112.34,65.400002,PM2.5,752
49.610001,77.830002,18.080000,49.669998,1.120000,38.389999,-2.800000,-6.200000,285.730011,61.419998,101516.796875,22.58,112.48,68.262497,PM2.5,753
53.459999,82.099998,20.320000,54.639999,1.170000,37.009998,-3.390000,-6.600000,286.190002,59.320000,101448.093750,22.57,112.63,73.074997,PM2.5,754
59.580002,89.360001,23.129999,59.700001,1.270000,35.250000,-3.210000,-6.960000,286.019989,59.799999,100941.031250,22.56,112.77,80.725006,PM2.5,755
68.440002,99.360001,26.750000,66.699997,1.420000,34.029999,-2.220000,-6.290000,286.160004,60.520000,101676.046875,22.55,112.92,91.800003,PM2.5,756
77.830002,110.510002,30.230000,73.529999,1.630000,33.340000,-2.130000,-5.240000,286.609985,60.270000,102403.062500,22.54,113.06,103.537506,PM2.5,757
76.529999,108.000000,25.540001,74.300003,1.650000,34.540001,-2.980000,-4.700000,286.989990,62.250000,102342.117188,22.53,113.21,101.912498,PM2.5,758
71.820000,101.209999,20.809999,70.959999,1.590000,37.180000,-3.790000,-4.590000,287.040009,62.990002,102102.046875,22.52,113.35,96.025002,PM2.5,759
65.870003,93.239998,17.410000,68.830002,1.480000,41.680000,-4.590000,-4.870000,287.209991,64.800003,102029.031250,22.51,113.5,88.587502,PM2.5,760
53.959999,79.010002,18.049999,31.860001,0.940000,46.869999,-2.880000,-1.790000,284.549988,65.360001,99004.460938,22.78,111.33,73.699997,PM2.5,835
51.619999,77.250000,18.000000,33.740002,0.970000,45.549999,-1.910000,-2.070000,285.489990,63.540001,100732.078125,22.77,111.48,70.775002,PM2.5,836
48.880001,74.879997,16.809999,34.349998,0.990000,43.810001,-2.210000,-2.180000,286.049988,62.070000,101949.601562,22.76,111.62,67.349998,PM2.5,837
45.889999,71.660004,15.060000,33.349998,0.970000,42.680000,-3.940000,-3.130000,286.040009,60.360001,101312.703125,22.76,111.77,63.612499,PM2.5,838
45.099998,71.239998,15.150000,34.410000,0.980000,41.500000,-5.350000,-4.250000,285.160004,61.990002,99757.617188,22.75,111.91,62.625000,PM2.5,839
44.400002,71.010002,15.690000,36.580002,0.990000,40.580002,-4.710000,-4.770000,284.589996,64.330002,99728.453125,22.74,112.06,61.750000,PM2.5,840
43.900002,71.239998,15.830000,38.720001,1.020000,40.040001,-3.780000,-4.870000,285.260010,62.869999,101202.773438,22.73,112.2,61.125000,PM2.5,841
44.590000,72.570000,16.490000,42.700001,1.050000,38.830002,-3.620000,-5.480000,285.559998,61.590000,101585.523438,22.72,112.35,61.987499,PM2.5,842
46.810001,75.190002,17.920000,47.180000,1.090000,37.259998,-3.770000,-6.030000,285.540009,61.360001,101490.976562,22.71,112.49,64.762505,PM2.5,843
50.919998,79.980003,20.209999,51.820000,1.150000,35.580002,-3.910000,-6.420000,285.170013,62.139999,100717.187500,22.7,112.64,69.899994,PM2.5,844
57.400002,87.739998,23.639999,58.490002,1.240000,33.799999,-2.840000,-6.480000,284.720001,63.650002,99827.468750,22.69,112.78,78.000000,PM2.5,845
66.599998,98.250000,27.770000,68.220001,1.380000,32.439999,-1.530000,-5.980000,285.750000,61.540001,101241.156250,22.68,112.93,89.500000,PM2.5,846
76.809998,110.480003,31.600000,76.750000,1.590000,31.400000,-1.810000,-4.900000,286.769989,59.889999,102338.273438,22.67,113.07,102.262497,PM2.5,847
76.580002,109.290001,26.959999,78.809998,1.620000,32.090000,-2.900000,-4.530000,286.910004,60.730000,102378.007812,22.66,113.22,101.975006,PM2.5,848
71.190002,101.959999,21.660000,74.459999,1.550000,33.509998,-3.630000,-4.350000,287.029999,61.869999,102325.968750,22.65,113.36,95.237503,PM2.5,849
64.070000,92.449997,17.480000,67.650002,1.420000,38.950001,-4.450000,-4.430000,287.179993,62.090000,102307.898438,22.64,113.51,86.337502,PM2.5,850
66.199997,96.290001,16.690001,84.360001,1.470000,38.939999,-4.910000,-6.340000,286.619995,65.120003,101974.601562,22.61,113.94,102.180000,NO2,851
69.099998,98.889999,18.420000,93.099998,1.530000,33.599998,-3.760000,-5.890000,285.529999,63.610001,101115.593750,22.6,114.09,106.550003,NO2,852
44.570000,69.419998,11.180000,55.349998,1.170000,47.450001,-2.880000,-6.460000,285.630005,65.550003,100948.390625,22.58,114.23,69.187500,NO2,853
27.330000,46.240002,8.270000,16.889999,0.880000,69.830002,-3.430000,-4.930000,288.260010,67.599998,102329.757812,22.56,114.52,46.240002,PM10,854
50.599998,77.559998,18.600000,34.090000,0.940000,42.639999,-3.100000,-2.940000,285.079987,62.209999,99371.226562,22.91,111.49,69.500000,PM2.5,931
48.630001,75.550003,17.600000,34.669998,0.960000,41.590000,-3.170000,-3.240000,285.510010,62.160000,100312.890625,22.9,111.63,67.037498,PM2.5,932
45.509998,72.050003,15.470000,33.330002,0.960000,41.160000,-4.160000,-3.530000,285.579987,61.820000,100703.093750,22.89,111.78,63.137497,PM2.5,933
44.290001,71.050003,15.780000,34.680000,0.970000,40.029999,-5.000000,-3.700000,284.989990,62.830002,99735.226562,22.88,111.92,61.612503,PM2.5,934
43.119999,70.080002,16.570000,37.169998,0.980000,39.119999,-4.700000,-3.970000,284.660004,63.939999,99686.992188,22.87,112.07,60.149998,PM2.5,935
42.250000,69.660004,16.280001,37.630001,1.010000,39.240002,-4.240000,-4.750000,285.309998,61.830002,100942.679688,22.86,112.21,59.830002,PM10,936
42.240002,70.059998,16.459999,40.340000,1.030000,38.439999,-4.130000,-5.530000,285.630005,60.669998,101546.773438,22.85,112.36,60.029999,PM10,937
43.840000,72.019997,17.490000,44.669998,1.060000,36.990002,-3.970000,-5.930000,285.670013,60.369999,101727.726562,22.84,112.5,61.049999,PM2.5,938
47.740002,76.849998,19.959999,49.509998,1.120000,34.830002,-3.600000,-5.960000,285.470001,60.990002,101569.757812,22.83,112.65,65.925003,PM2.5,939
54.689999,85.449997,24.370001,58.730000,1.220000,32.599998,-2.610000,-5.770000,285.299988,61.490002,101305.070312,22.82,112.8,74.612495,PM2.5,940
63.779999,96.080002,28.809999,70.169998,1.350000,31.059999,-1.620000,-5.680000,286.029999,59.150002,101907.703125,22.82,112.94,87.712494,NO2,941
73.970001,108.110001,32.029999,79.650002,1.510000,30.160000,-1.630000,-4.820000,286.769989,57.340000,102389.609375,22.8,113.09,99.562500,NO2,942
73.220001,105.919998,25.910000,82.150002,1.530000,29.940001,-2.560000,-4.290000,286.929993,58.709999,102364.851562,22.79,113.23,101.074997,NO2,943
68.599998,99.830002,21.780001,78.589996,1.460000,30.660000,-3.380000,-4.350000,286.959991,61.000000,102375.851562,22.78,113.38,98.237495,NO2,944
58.430000,86.279999,15.230000,61.590000,1.310000,41.919998,-4.970000,-4.680000,286.839996,61.080002,102340.687500,22.76,113.67,79.287498,PM2.5,945
61.400002,90.889999,15.320000,67.250000,1.400000,38.750000,-5.210000,-5.180000,286.059998,58.860001,102210.117188,22.75,113.81,84.062500,NO2,946
59.720001,88.260002,14.460000,71.739998,1.360000,37.130001,-4.910000,-5.780000,285.709991,62.430000,101841.203125,22.74,113.96,89.674995,NO2,947
58.990002,87.099998,14.740000,77.949997,1.350000,35.299999,-4.040000,-5.850000,285.359985,65.400002,101414.578125,22.73,114.1,97.437500,NO2,948
44.049999,69.849998,11.000000,49.270000,1.150000,45.639999,-2.880000,-6.040000,285.390015,65.500000,101356.898438,22.72,114.25,61.587502,NO2,949
36.900002,61.049999,9.170000,33.889999,1.080000,51.160000,-2.330000,-6.570000,285.959991,64.790001,101549.507812,22.71,114.39,55.525002,PM10,950
29.889999,50.669998,8.290000,19.299999,0.950000,63.009998,-2.620000,-5.720000,287.359985,66.730003,101736.296875,22.69,114.54,50.334999,PM10,951
28.709999,45.650002,8.020000,15.070000,0.840000,63.709999,-3.550000,-4.220000,287.089996,66.360001,101653.320312,22.67,114.82,45.650002,PM10,952
49.970001,78.209999,18.090000,32.200001,0.900000,41.750000,-3.070000,-2.750000,285.010010,61.959999,99488.648438,23.04,111.5,68.712502,PM2.5,1033
48.110001,75.830002,16.820000,32.000000,0.920000,40.990002,-3.010000,-2.740000,284.970001,62.830002,99455.843750,23.03,111.64,66.387497,PM2.5,1034
45.700001,73.129997,15.530000,31.520000,0.930000,40.709999,-3.270000,-2.630000,285.170013,63.180000,100227.882812,23.02,111.79,63.375000,PM2.5,1035
43.779999,71.300003,15.730000,32.230000,0.950000,40.020000,-3.890000,-2.680000,285.250000,62.660000,100367.296875,23.01,111.93,60.974998,PM2.5,1036
42.230000,69.660004,16.389999,34.200001,0.970000,39.470001,-4.470000,-3.160000,285.230011,62.060001,100262.492188,23.01,112.08,59.830002,PM10,1037
41.200001,68.779999,16.680000,35.860001,0.990000,39.169998,-4.730000,-4.420000,285.459991,60.770000,100829.109375,23.0,112.22,59.389999,PM10,1038
40.790001,68.330002,16.690001,37.970001,1.010000,38.810001,-4.620000,-5.700000,285.799988,59.590000,101580.867188,22.99,112.37,59.165001,PM10,1039
41.770000,69.379997,16.969999,41.790001,1.030000,37.730000,-4.270000,-6.440000,285.890015,59.040001,101851.906250,22.98,112.51,59.689999,PM10,1040
44.860001,73.209999,18.930000,47.090000,1.090000,35.360001,-3.580000,-6.450000,285.890015,58.830002,101949.351562,22.97,112.66,62.325001,PM2.5,1041
51.099998,81.070000,23.219999,56.279999,1.180000,32.669998,-2.820000,-6.060000,286.119995,58.180000,102348.851562,22.96,112.81,70.349998,NO2,1042
59.860001,91.839996,28.590000,70.160004,1.290000,30.490000,-2.320000,-6.070000,286.339996,57.400002,102408.132812,22.95,112.95,87.700005,NO2,1043
70.610001,104.959999,32.049999,81.540001,1.430000,28.370001,-1.860000,-5.070000,286.679993,56.209999,102321.453125,22.94,113.1,100.770004,NO2,1044
69.639999,102.019997,25.889999,85.120003,1.440000,29.150000,-2.160000,-3.810000,287.019989,55.220001,102379.000000,22.93,113.24,102.559998,NO2,1045
67.940002,99.970001,22.990000,84.110001,1.410000,28.340000,-3.010000,-4.500000,286.869995,59.029999,102435.617188,22.92,113.39,102.055000,NO2,1046
62.220001,91.580002,19.620001,71.849998,1.290000,33.990002,-3.700000,-3.850000,287.160004,60.919998,102387.906250,22.91,113.53,89.812500,NO2,1047
56.169998,84.320000,14.910000,58.430000,1.260000,37.770000,-4.380000,-3.940000,286.380005,57.330002,102207.351562,22.9,113.68,76.462494,PM2.5,1048
51.720001,78.930000,12.660000,50.720001,1.200000,41.480000,-4.930000,-4.150000,286.260010,60.250000,102073.101562,22.89,113.82,70.900002,PM2.5,1049
46.810001,72.599998,11.330000,44.810001,1.120000,43.849998,-4.920000,-4.970000,285.690002,61.740002,101907.093750,22.87,113.97,64.762505,PM2.5,1050
42.910000,67.860001,10.420000,40.980000,1.080000,45.189999,-4.270000,-5.720000,285.420013,63.770000,101777.687500,22.86,114.11,59.887501,PM2.5,1051
41.060001,66.389999,10.240000,40.500000,1.080000,45.549999,-3.620000,-6.240000,285.510010,64.389999,101765.656250,22.85,114.26,58.195000,PM10,1052
38.630001,63.939999,9.510000,35.700001,1.080000,47.230000,-2.740000,-6.780000,285.290009,66.010002,101230.843750,22.84,114.4,56.970001,PM10,1053
33.439999,56.779999,8.140000,24.330000,1.040000,52.430000,-1.830000,-5.770000,285.410004,65.690002,100796.632812,22.83,114.55,53.389999,PM10,1054
30.150000,51.189999,7.880000,19.559999,1.000000,56.820000,-2.130000,-4.630000,286.160004,64.879997,101194.632812,22.82,114.69,50.595001,PM10,1055
30.139999,49.459999,7.910000,18.340000,0.980000,58.480000,-2.870000,-4.840000,286.510010,64.930000,101092.843750,22.8,114.84,49.459999,PM10,1056
31.590000,48.790001,8.470000,17.370001,0.940000,61.790001,-3.310000,-4.250000,286.809998,65.269997,101082.242188,22.79,114.98,48.790001,PM10,1057
34.119999,46.980000,10.710000,19.629999,0.890000,69.639999,-4.150000,-3.880000,287.380005,66.220001,102248.156250,22.75,115.42,48.742855,PM2.5,1058
49.860001,79.099998,18.580000,31.430000,0.860000,41.630001,-2.060000,-2.200000,285.309998,62.279999,100649.703125,23.17,111.51,68.574997,PM2.5,1146
47.310001,75.809998,16.400000,29.920000,0.880000,40.860001,-2.180000,-1.960000,285.589996,60.820000,100763.382812,23.17,111.65,65.387505,PM2.5,1147
45.270000,73.480003,15.340000,29.299999,0.890000,40.770000,-2.570000,-1.960000,285.920013,60.000000,101200.210938,23.16,111.8,62.837502,PM2.5,1148
43.180000,71.139999,15.330000,29.459999,0.910000,40.540001,-3.220000,-2.550000,286.239990,59.070000,101488.828125,23.15,111.94,60.570000,PM10,1149
41.619999,69.379997,15.950000,31.260000,0.940000,40.290001,-4.180000,-3.190000,285.989990,59.349998,100917.023438,23.14,112.09,59.689999,PM10,1150
40.759998,68.309998,16.740000,34.020000,0.970000,39.810001,-5.150000,-4.350000,285.750000,59.270000,100659.171875,23.13,112.23,59.154999,PM10,1151
40.310001,67.559998,16.690001,35.689999,0.980000,39.790001,-5.280000,-5.830000,285.440002,60.169998,100882.773438,23.12,112.38,58.779999,PM10,1152
40.849998,67.830002,16.389999,38.490002,1.010000,39.080002,-4.630000,-6.500000,285.190002,61.090000,101035.226562,23.11,112.53,58.915001,PM10,1153
42.810001,70.150002,17.500000,44.320000,1.050000,36.689999,-3.560000,-6.630000,285.339996,60.209999,101387.312500,23.1,112.67,60.075001,PM10,1154
47.160000,75.540001,21.010000,50.889999,1.130000,34.389999,-2.770000,-6.360000,285.910004,58.000000,102118.820312,23.09,112.82,65.199997,PM2.5,1155
54.459999,84.820000,25.850000,65.800003,1.220000,30.309999,-2.570000,-6.370000,286.220001,56.750000,102402.343750,23.08,112.96,82.250000,NO2,1156
65.570000,98.949997,32.400002,81.110001,1.350000,27.719999,-2.050000,-5.540000,286.429993,56.150002,102339.039062,23.07,113.11,100.555000,NO2,1157
63.619999,94.709999,23.170000,82.849998,1.320000,29.469999,-1.820000,-4.020000,287.089996,52.389999,102298.359375,23.06,113.25,101.425003,NO2,1158
68.660004,101.860001,24.160000,85.489998,1.390000,26.809999,-2.390000,-4.670000,286.489990,55.950001,102218.890625,23.05,113.4,102.744995,NO2,1159
65.820000,97.430000,22.190001,80.599998,1.320000,29.530001,-2.970000,-3.890000,286.480011,56.360001,102189.031250,23.04,113.54,100.300003,NO2,1160
55.820000,83.900002,16.570000,60.939999,1.190000,36.730000,-3.470000,-3.510000,286.559998,56.919998,102226.898438,23.03,113.69,76.174995,NO2,1161
47.910000,73.470001,12.870000,45.889999,1.090000,43.150002,-4.270000,-3.870000,286.700012,56.150002,102410.609375,23.02,113.83,66.137497,PM2.5,1162
43.490002,67.860001,11.430000,38.779999,1.030000,46.220001,-4.780000,-5.040000,286.269989,58.730000,102319.500000,23.01,113.98,60.612503,PM2.5,1163
40.830002,65.029999,10.460000,35.450001,1.010000,47.020000,-4.500000,-6.040000,285.700012,61.740002,102243.773438,23.0,114.13,57.514999,PM10,1164
40.799999,66.080002,10.610000,39.049999,1.040000,45.520000,-3.960000,-6.660000,285.369995,63.549999,101845.976562,22.98,114.27,58.040001,PM10,1165
39.049999,64.769997,9.840000,34.980000,1.050000,46.599998,-2.790000,-6.990000,285.079987,66.019997,101501.593750,22.97,114.42,57.384998,PM10,1166
34.419998,58.720001,8.180000,24.600000,1.020000,50.840000,-1.820000,-5.590000,285.549988,66.489998,101288.007812,22.96,114.56,54.360001,PM10,1167
31.219999,53.430000,8.100000,20.440001,1.010000,55.919998,-2.260000,-4.500000,286.130005,64.970001,101131.890625,22.95,114.71,51.715000,PM10,1168
31.139999,51.939999,7.940000,19.980000,1.020000,56.110001,-2.980000,-5.000000,285.940002,65.470001,100622.609375,22.94,114.85,50.970001,PM10,1169
32.820000,52.209999,8.230000,20.389999,1.030000,56.320000,-3.040000,-5.450000,285.619995,66.190002,99670.953125,22.92,115.0,51.105000,PM10,1170
34.880001,52.869999,9.220000,21.650000,1.060000,58.130001,-2.600000,-4.660000,285.970001,64.129997,99786.898438,22.91,115.14,51.434998,PM10,1171
36.939999,54.320000,10.880000,24.940001,1.130000,59.119999,-2.290000,-4.280000,286.769989,63.130001,101571.867188,22.9,115.29,52.424999,PM2.5,1172
37.299999,53.049999,11.530000,24.559999,1.120000,62.560001,-2.850000,-3.350000,287.309998,62.619999,102371.632812,22.89,115.43,52.875000,PM2.5,1173
37.049999,51.310001,11.450000,23.139999,1.050000,65.190002,-4.140000,-3.960000,287.390015,64.410004,102240.148438,22.87,115.58,52.562500,PM2.5,1174
36.740002,49.849998,12.520000,23.020000,0.940000,71.010002,-5.100000,-4.070000,287.420013,68.430000,102363.656250,22.86,115.72,52.175003,PM2.5,1175
38.540001,50.380001,12.920000,23.469999,0.860000,64.739998,-5.250000,-4.680000,286.329987,69.379997,102319.117188,22.85,115.87,54.425003,PM2.5,1176
58.220001,92.540001,28.240000,42.360001,0.890000,37.810001,-2.200000,-2.250000,285.500000,61.849998,100837.007812,23.32,111.37,79.025002,PM2.5,1263
50.180000,80.449997,20.280001,32.389999,0.830000,40.779999,-1.940000,-2.480000,285.750000,60.110001,101113.093750,23.31,111.51,68.974998,PM2.5,1264
46.389999,74.949997,16.139999,28.030001,0.830000,41.209999,-2.590000,-2.860000,286.290009,56.799999,100888.703125,23.3,111.66,64.237503,PM2.5,1265
44.880001,73.220001,15.040000,27.010000,0.850000,40.970001,-3.290000,-3.300000,286.500000,55.560001,100530.351562,23.29,111.81,62.350002,PM2.5,1266
43.410000,71.580002,14.840000,27.280001,0.880000,40.820000,-3.550000,-4.110000,286.410004,56.700001,100900.328125,23.28,111.95,60.790001,PM10,1267
41.889999,69.769997,15.250000,28.940001,0.910000,41.029999,-4.040000,-4.250000,286.100006,58.549999,100813.109375,23.27,112.1,59.884998,PM10,1268
40.889999,68.410004,15.980000,31.520000,0.940000,41.020000,-5.030000,-4.350000,285.459991,59.740002,99865.273438,23.26,112.24,59.205002,PM10,1269
40.380001,67.400002,15.960000,33.259998,0.970000,40.770000,-5.150000,-5.060000,284.700012,62.480000,99731.953125,23.26,112.39,58.700001,PM10,1270
40.060001,66.489998,15.760000,35.619999,0.990000,40.580002,-4.330000,-5.220000,284.920013,62.310001,100785.367188,23.25,112.54,58.244999,PM10,1271
40.660000,66.820000,16.129999,40.119999,1.010000,39.200001,-3.530000,-5.940000,285.519989,59.970001,101787.140625,23.24,112.68,58.410000,PM10,1272
43.070000,69.309998,17.709999,46.919998,1.060000,36.230000,-3.020000,-6.330000,285.890015,57.740002,102242.601562,23.23,112.83,60.087502,PM2.5,1273
47.500000,74.769997,21.260000,55.720001,1.120000,32.709999,-2.880000,-6.410000,286.140015,56.189999,102373.570312,23.22,112.97,69.650002,NO2,1274
53.459999,82.500000,24.440001,69.720001,1.190000,29.450001,-2.670000,-5.970000,286.200012,56.270000,102404.648438,23.21,113.12,87.150002,NO2,1275
54.450001,83.150002,21.389999,71.989998,1.190000,30.830000,-2.350000,-5.050000,286.220001,56.700001,102105.460938,23.2,113.26,89.987495,NO2,1276
57.549999,86.930000,20.299999,73.879997,1.200000,30.010000,-2.440000,-4.950000,286.329987,55.939999,101700.390625,23.19,113.41,92.349998,NO2,1277
57.509998,86.360001,19.930000,68.500000,1.160000,32.799999,-2.700000,-3.950000,286.339996,56.630001,101807.820312,23.17,113.56,85.625000,NO2,1278
49.240002,74.930000,15.470000,52.040001,1.060000,39.669998,-3.340000,-3.680000,286.649994,55.480000,102314.968750,23.16,113.7,67.800003,PM2.5,1279
43.790001,67.400002,12.590000,40.009998,1.000000,45.310001,-4.530000,-4.800000,286.670013,54.900002,101883.500000,23.15,113.85,60.987503,PM2.5,1280
40.900002,63.669998,11.360000,33.509998,0.960000,48.480000,-4.730000,-6.030000,286.000000,57.380001,101362.140625,23.14,113.99,57.375000,PM2.5,1281
39.290001,62.320000,10.400000,30.950001,0.950000,48.720001,-4.170000,-6.640000,285.339996,61.619999,101651.656250,23.13,114.14,56.160000,PM10,1282
40.040001,64.660004,10.780000,36.360001,1.000000,46.450001,-3.670000,-6.440000,284.980011,64.029999,101434.140625,23.12,114.28,57.330002,PM10,1283
38.990002,64.489998,9.990000,33.000000,1.000000,47.000000,-2.680000,-7.050000,285.000000,65.089996,101712.796875,23.11,114.43,57.244999,PM10,1284
34.990002,59.330002,8.190000,23.709999,0.970000,49.730000,-2.410000,-6.320000,285.709991,63.889999,101872.242188,23.09,114.57,54.665001,PM10,1285
33.410000,56.680000,7.820000,19.770000,0.970000,52.500000,-3.040000,-5.720000,285.410004,65.440002,100418.140625,23.08,114.72,53.340000,PM10,1286
31.830000,52.880001,8.190000,18.770000,0.970000,56.619999,-3.040000,-5.330000,285.230011,67.459999,100041.070312,23.07,114.86,51.440002,PM10,1287
33.090000,53.320000,8.150000,19.950001,1.010000,55.189999,-2.930000,-5.510000,284.779999,69.529999,99329.562500,23.06,115.01,51.660000,PM10,1288
34.430000,53.830002,8.920000,21.480000,1.060000,57.410000,-2.190000,-4.790000,284.660004,68.839996,98110.656250,23.05,115.16,51.915001,PM10,1289
35.340000,54.139999,9.860000,23.790001,1.130000,57.570000,-1.310000,-4.440000,286.160004,64.099998,100316.437500,23.03,115.3,52.070000,PM10,1290
35.750000,52.520000,11.020000,24.059999,1.140000,60.430000,-2.050000,-3.540000,287.500000,60.330002,102348.046875,23.02,115.45,51.260002,PM10,1291
38.270000,53.599998,11.790000,25.280001,1.160000,60.250000,-3.300000,-5.030000,287.119995,61.570000,101785.546875,23.01,115.59,54.087502,PM2.5,1292
40.759998,54.750000,13.740000,28.410000,1.180000,61.290001,-4.140000,-4.600000,286.549988,64.639999,101282.976562,22.99,115.74,57.199997,PM2.5,1293
42.080002,54.730000,15.510000,29.969999,1.110000,61.380001,-4.220000,-4.330000,286.109985,68.519997,101757.539062,22.98,115.88,58.850002,PM2.5,1294
41.349998,53.820000,16.280001,28.969999,0.970000,61.209999,-4.200000,-4.550000,286.000000,68.589996,102341.578125,22.97,116.03,57.937500,PM2.5,1295
37.680000,49.660000,15.500000,25.480000,0.770000,64.059998,-4.950000,-4.840000,286.179993,71.300003,102322.546875,22.95,116.17,53.349998,PM2.5,1296
50.529999,81.040001,19.959999,31.410000,0.800000,40.880001,-2.780000,-3.130000,285.980011,58.619999,101112.593750,23.44,111.52,69.412498,PM2.5,1386
46.880001,75.519997,16.000000,27.230000,0.800000,41.410000,-3.660000,-3.830000,286.410004,55.189999,100518.359375,23.43,111.67,64.849998,PM2.5,1387
45.980000,74.430000,14.800000,25.740000,0.820000,41.209999,-4.210000,-4.360000,285.670013,56.070000,98740.953125,23.43,111.82,63.724998,PM2.5,1388
45.290001,73.760002,14.470000,25.930000,0.850000,41.060001,-3.620000,-4.890000,284.799988,59.790001,98185.062500,23.42,111.96,62.862503,PM2.5,1389
43.330002,71.449997,14.590000,27.129999,0.880000,41.900002,-3.350000,-4.810000,285.000000,61.360001,99358.953125,23.41,112.11,60.724998,PM10,1390
41.709999,69.080002,15.050000,28.629999,0.910000,43.320000,-3.880000,-3.940000,284.769989,61.980000,98938.726562,23.4,112.25,59.540001,PM10,1391
40.580002,67.349998,15.040000,30.670000,0.940000,42.770000,-4.090000,-3.920000,284.649994,62.340000,99349.242188,23.39,112.4,58.674999,PM10,1392
39.369999,65.339996,15.430000,33.570000,0.960000,42.669998,-4.070000,-4.340000,285.679993,59.200001,101317.296875,23.38,112.55,57.669998,PM10,1393
39.500000,64.750000,15.050000,35.820000,0.980000,41.820000,-4.030000,-5.890000,286.019989,58.099998,102266.929688,23.37,112.69,57.375000,PM10,1394
40.130001,64.419998,15.350000,39.650002,1.000000,40.779999,-3.530000,-6.280000,285.880005,57.570000,102301.750000,23.36,112.84,57.209999,PM10,1395
41.590000,65.639999,16.540001,46.230000,1.030000,38.169998,-3.120000,-6.460000,285.970001,56.119999,102216.476562,23.35,112.98,58.237499,PM2.5,1396
43.180000,67.330002,17.090000,50.650002,1.040000,36.520000,-2.940000,-6.420000,286.190002,55.119999,102367.960938,23.34,113.13,63.312500,NO2,1397
43.500000,67.300003,15.900000,49.200001,1.020000,38.250000,-2.690000,-6.030000,286.250000,54.779999,102156.062500,23.33,113.28,61.500000,NO2,1398
45.250000,69.500000,15.230000,48.200001,1.010000,38.099998,-2.340000,-5.370000,285.980011,55.169998,101432.203125,23.32,113.42,62.812500,PM2.5,1399
44.919998,68.769997,14.680000,43.700001,0.980000,41.410000,-2.460000,-3.920000,286.070007,55.619999,101275.000000,23.31,113.57,62.399998,PM2.5,1400
41.029999,63.180000,12.970000,37.060001,0.940000,45.880001,-3.950000,-3.840000,286.609985,54.740002,102137.289062,23.3,113.71,57.537498,PM2.5,1401
39.299999,60.590000,11.810000,31.980000,0.910000,48.889999,-5.310000,-5.070000,285.850006,56.470001,101012.289062,23.29,113.86,55.375000,PM2.5,1402
38.310001,59.130001,11.120000,27.590000,0.890000,51.779999,-4.390000,-5.710000,284.369995,61.240002,99289.812500,23.28,114.0,54.565002,PM10,1403
37.880001,59.570000,10.210000,26.740000,0.890000,50.340000,-3.000000,-6.420000,284.279999,63.750000,100268.039062,23.26,114.15,54.785000,PM10,1404
38.110001,60.910000,10.630000,30.660000,0.930000,49.590000,-2.660000,-5.500000,284.529999,64.949997,100952.710938,23.25,114.3,55.455002,PM10,1405
38.150002,62.630001,9.450000,29.370001,0.940000,46.970001,-2.680000,-6.490000,284.700012,66.000000,101537.820312,23.24,114.44,56.315002,PM10,1406
35.860001,59.840000,8.340000,23.410000,0.920000,48.930000,-3.060000,-7.020000,285.100006,65.550003,101530.101562,23.23,114.59,54.919998,PM10,1407
35.169998,58.799999,7.820000,19.430000,0.930000,50.730000,-3.400000,-6.160000,284.309998,68.120003,99402.632812,23.22,114.73,54.400002,PM10,1408
34.470001,56.990002,7.900000,19.030001,0.950000,52.400002,-2.860000,-5.340000,284.059998,70.089996,99022.671875,23.2,114.88,53.495003,PM10,1409
33.680000,54.509998,8.250000,19.840000,0.980000,53.930000,-2.250000,-4.860000,284.450012,70.339996,99620.617188,23.19,115.02,52.254997,PM10,1410
34.570000,54.700001,8.840000,21.500000,1.030000,55.130001,-2.030000,-4.310000,284.500000,69.709999,99084.796875,23.18,115.17,52.349998,PM10,1411
35.299999,54.480000,9.630000,22.680000,1.080000,56.590000,-1.760000,-5.130000,285.260010,65.290001,99055.640625,23.17,115.31,52.239998,PM10,1412
35.599998,52.540001,10.910000,22.580000,1.080000,60.259998,-2.110000,-5.020000,286.260010,62.500000,100017.679688,23.15,115.46,51.270000,PM10,1413
38.700001,54.310001,11.790000,24.610001,1.140000,58.820000,-2.940000,-6.040000,285.769989,65.709999,100070.976562,23.14,115.61,54.625000,PM2.5,1414
42.040001,56.169998,14.170000,28.309999,1.200000,59.869999,-3.340000,-5.390000,285.010010,68.989998,98919.687500,23.13,115.75,58.800003,PM2.5,1415
43.430000,55.910000,17.670000,32.220001,1.190000,62.470001,-3.050000,-4.300000,285.260010,70.669998,100079.468750,23.11,115.9,60.537498,PM2.5,1416
44.389999,57.660000,19.430000,34.430000,1.150000,60.070000,-3.600000,-4.490000,285.839996,69.800003,101564.796875,23.1,116.04,61.737499,PM2.5,1417
42.020000,55.080002,20.219999,33.290001,0.990000,61.410000,-4.390000,-4.750000,285.450012,70.419998,101240.976562,23.08,116.19,58.775002,PM2.5,1418
38.520000,51.520000,18.860001,30.559999,0.840000,64.110001,-4.390000,-4.910000,285.329987,73.500000,101594.171875,23.07,116.33,54.400002,PM2.5,1419
32.799999,45.750000,15.000000,25.750000,0.690000,69.690002,-5.030000,-5.170000,286.149994,75.570000,102196.382812,23.06,116.48,46.857143,PM2.5,1420
50.990002,81.010002,18.719999,27.639999,0.750000,42.709999,-2.940000,-3.260000,285.679993,60.060001,101018.351562,23.58,111.53,69.987503,PM2.5,1512
48.529999,77.540001,16.110001,26.590000,0.770000,41.770000,-3.970000,-3.580000,286.170013,57.000000,101060.148438,23.57,111.68,66.912498,PM2.5,1513
47.750000,76.459999,14.880000,25.049999,0.790000,41.709999,-4.670000,-3.800000,285.220001,58.480000,99047.242188,23.56,111.82,65.937500,PM2.5,1514
47.220001,75.940002,14.440000,25.139999,0.820000,41.380001,-3.450000,-3.700000,283.869995,62.950001,97411.882812,23.55,111.97,65.275002,PM2.5,1515
45.049999,73.480003,14.400000,26.590000,0.860000,42.009998,-2.370000,-3.720000,284.220001,63.660000,98594.796875,23.54,112.12,62.562500,PM2.5,1516
43.160000,71.129997,14.960000,28.660000,0.890000,43.419998,-2.580000,-3.050000,284.640015,62.930000,99210.843750,23.53,112.26,60.564999,PM10,1517
41.259998,68.199997,14.870000,29.850000,0.920000,43.720001,-3.360000,-3.560000,285.070007,60.740002,99561.351562,23.52,112.41,59.099998,PM10,1518
39.349998,64.660004,15.130000,31.049999,0.930000,45.250000,-3.940000,-5.180000,285.670013,58.330002,100439.023438,23.51,112.56,57.330002,PM10,1519
39.560001,64.570000,14.420000,32.939999,0.950000,43.549999,-3.940000,-6.820000,285.799988,58.320000,101581.781250,23.5,112.7,57.285000,PM10,1520
39.240002,63.000000,14.590000,35.320000,0.960000,43.169998,-3.610000,-6.760000,286.000000,57.180000,102465.382812,23.49,112.85,56.500000,PM10,1521
39.630001,62.520000,15.170000,39.560001,0.980000,41.660000,-3.480000,-6.620000,285.950012,55.900002,102286.796875,23.48,112.99,56.260002,PM10,1522
39.970001,62.200001,14.760000,40.169998,0.970000,41.750000,-3.490000,-6.690000,285.709991,56.130001,101875.781250,23.47,113.14,56.212502,PM2.5,1523
39.459999,61.049999,13.190000,35.320000,0.940000,43.830002,-3.060000,-6.720000,285.720001,56.220001,101767.726562,23.46,113.29,55.574997,PM2.5,1524
39.439999,60.750000,12.490000,33.020000,0.920000,44.889999,-2.360000,-5.850000,285.859985,55.000000,101527.796875,23.45,113.43,55.549999,PM2.5,1525
38.029999,58.490002,11.470000,27.379999,0.880000,48.139999,-2.450000,-4.260000,286.109985,53.959999,101087.460938,23.44,113.58,54.245003,PM10,1526
35.849998,55.090000,10.960000,24.879999,0.850000,50.470001,-3.960000,-4.290000,286.440002,53.520000,101260.343750,23.43,113.73,52.544998,PM10,1527
34.990002,53.740002,10.690000,23.270000,0.830000,52.580002,-5.030000,-4.710000,285.500000,57.160000,100844.593750,23.42,113.87,51.870003,PM10,1528
34.680000,52.970001,10.540000,21.219999,0.820000,54.990002,-4.100000,-4.850000,283.970001,62.959999,99717.617188,23.41,114.02,51.485001,PM10,1529
36.009998,55.860001,9.980000,21.709999,0.830000,53.110001,-2.570000,-5.560000,283.709991,64.919998,99796.523438,23.4,114.16,52.930000,PM10,1530
37.330002,59.160000,9.550000,23.950001,0.850000,50.630001,-2.160000,-5.360000,284.500000,63.950001,100925.601562,23.39,114.31,54.580002,PM10,1531
37.209999,60.279999,9.070000,25.100000,0.870000,48.389999,-2.990000,-6.440000,285.059998,63.490002,101880.250000,23.37,114.45,55.139999,PM10,1532
36.599998,59.840000,8.610000,23.160000,0.870000,48.529999,-3.300000,-7.490000,284.649994,66.279999,101555.562500,23.36,114.6,54.919998,PM10,1533
35.720001,59.070000,8.000000,18.780001,0.880000,49.889999,-2.660000,-6.130000,284.369995,67.680000,100292.148438,23.35,114.75,54.535000,PM10,1534
34.910000,57.590000,8.120000,18.660000,0.910000,51.349998,-2.210000,-5.070000,284.489990,67.760002,99871.867188,23.34,114.89,53.794998,PM10,1535
33.840000,54.950001,8.400000,19.389999,0.930000,52.980000,-2.170000,-4.610000,284.839996,67.750000,100165.710938,23.33,115.04,52.474998,PM10,1536
34.209999,54.660000,8.850000,20.700001,0.980000,54.240002,-3.080000,-4.410000,284.980011,67.639999,99944.726562,23.31,115.18,52.330002,PM10,1537
35.660000,55.090000,9.580000,21.549999,1.020000,55.980000,-3.600000,-5.500000,283.899994,69.690002,97769.257812,23.3,115.33,52.544998,PM10,1538
37.470001,55.529999,10.500000,21.820000,1.060000,57.419998,-2.210000,-5.650000,283.480011,70.910004,96732.906250,23.29,115.47,53.087502,PM2.5,1539
39.310001,55.520000,11.850000,23.920000,1.120000,57.799999,-1.280000,-5.660000,284.309998,70.330002,98512.882812,23.27,115.62,55.387501,PM2.5,1540
42.950001,57.630001,14.300000,28.250000,1.210000,57.369999,-1.980000,-4.270000,284.480011,70.839996,98821.906250,23.26,115.77,59.937500,PM2.5,1541
46.410000,60.040001,18.000000,33.590000,1.280000,58.259998,-2.400000,-3.340000,284.730011,72.190002,99651.117188,23.25,115.91,64.262497,PM2.5,1542
48.099998,61.549999,21.660000,37.029999,1.270000,58.360001,-3.000000,-3.710000,285.079987,72.330002,100658.546875,23.23,116.06,66.375000,PM2.5,1543
45.799999,59.320000,23.490000,36.840000,1.120000,59.770000,-3.690000,-3.770000,284.649994,73.410004,100258.203125,23.22,116.2,63.500000,PM2.5,1544
41.770000,55.470001,22.410000,34.759998,0.980000,62.630001,-3.710000,-3.770000,285.040009,73.239998,101293.796875,23.2,116.35,58.462502,PM2.5,1545
36.060001,49.900002,18.510000,30.219999,0.820000,67.589996,-4.490000,-4.350000,285.799988,72.919998,102136.820312,23.19,116.49,51.325001,PM2.5,1546
30.600000,44.549999,13.540000,23.290001,0.680000,76.419998,-5.730000,-5.270000,286.329987,77.279999,102206.742188,23.17,116.64,44.549999,PM10,1547
51.570000,81.239998,16.270000,26.250000,0.750000,42.020000,-3.480000,-2.600000,285.869995,58.570000,101144.390625,23.7,111.69,70.712502,PM2.5,1641
49.810001,78.760002,15.000000,24.350000,0.770000,42.180000,-4.380000,-2.930000,285.470001,58.720001,100298.742188,23.69,111.83,68.512505,PM2.5,1642
48.840000,77.690002,14.630000,24.350000,0.800000,41.830002,-3.290000,-2.720000,284.630005,61.470001,99216.546875,23.68,111.98,67.300003,PM2.5,1643
46.349998,74.879997,14.390000,25.900000,0.830000,42.230000,-1.730000,-2.470000,284.779999,62.119999,99716.031250,23.68,112.13,64.187500,PM2.5,1644
44.270000,72.349998,14.730000,28.110001,0.870000,42.619999,-1.870000,-2.220000,285.529999,60.369999,100782.718750,23.67,112.27,61.587502,PM2.5,1645
42.430000,69.290001,14.420000,28.639999,0.890000,43.669998,-3.910000,-3.630000,285.690002,58.770000,100237.968750,23.66,112.42,59.645000,PM10,1646
41.669998,67.440002,13.940000,29.330000,0.910000,44.259998,-4.670000,-5.940000,284.589996,60.990002,98851.046875,23.65,112.57,58.720001,PM10,1647
40.700001,65.540001,13.730000,30.959999,0.930000,44.259998,-3.540000,-7.260000,284.399994,62.049999,99572.226562,23.64,112.71,57.770000,PM10,1648
39.549999,63.029999,13.800000,32.509998,0.940000,44.090000,-3.110000,-7.500000,285.200012,59.349998,101320.687500,23.63,112.86,56.514999,PM10,1649
39.029999,61.200001,14.350000,34.610001,0.940000,43.820000,-3.460000,-7.070000,285.630005,56.500000,101879.023438,23.62,113.01,55.599998,PM10,1650
38.910000,60.160000,13.900000,33.790001,0.930000,44.549999,-3.660000,-6.850000,285.369995,56.500000,101515.656250,23.61,113.15,55.080002,PM10,1651
38.360001,58.950001,12.350000,29.360001,0.900000,46.310001,-3.240000,-6.820000,285.149994,57.320000,101240.898438,23.6,113.3,54.474998,PM10,1652
38.230000,58.700001,11.700000,27.790001,0.880000,46.720001,-2.860000,-6.530000,285.709991,55.119999,101604.593750,23.59,113.44,54.349998,PM10,1653
37.250000,57.000000,11.200000,25.820000,0.850000,48.099998,-3.430000,-5.690000,286.269989,52.029999,101261.906250,23.58,113.59,53.500000,PM10,1654
35.410000,53.689999,10.500000,21.980000,0.810000,50.830002,-4.190000,-5.450000,285.700012,52.970001,99521.820312,23.57,113.74,51.845001,PM10,1655
34.970001,52.810001,10.450000,20.590000,0.790000,53.689999,-4.020000,-5.120000,284.730011,57.290001,98740.718750,23.55,113.88,51.404999,PM10,1656
35.540001,54.119999,10.230000,20.280001,0.790000,53.849998,-3.240000,-5.020000,284.049988,61.369999,99494.523438,23.54,114.03,52.059998,PM10,1657
36.790001,56.669998,9.960000,21.200001,0.800000,52.099998,-2.550000,-5.060000,283.779999,63.930000,100115.289062,23.53,114.18,53.334999,PM10,1658
38.669998,60.480000,9.440000,23.049999,0.820000,48.410000,-2.730000,-6.440000,284.329987,63.299999,100575.609375,23.52,114.32,55.239998,PM10,1659
38.279999,60.820000,9.670000,25.190001,0.840000,48.549999,-3.200000,-7.320000,284.559998,63.689999,100782.789062,23.51,114.47,55.410000,PM10,1660
37.970001,61.060001,9.130000,24.610001,0.850000,47.500000,-2.980000,-8.050000,284.190002,67.029999,101201.406250,23.5,114.61,55.529999,PM10,1661
36.290001,58.860001,8.230000,18.549999,0.840000,49.380001,-2.660000,-7.180000,284.579987,66.209999,100831.500000,23.48,114.76,54.430000,PM10,1662
35.419998,57.400002,8.290000,18.110001,0.850000,50.770000,-2.410000,-6.300000,284.739990,65.559998,100042.593750,23.47,114.91,53.700001,PM10,1663
34.189999,55.080002,8.540000,18.660000,0.880000,52.230000,-2.300000,-5.490000,284.959991,65.769997,100035.671875,23.46,115.05,52.540001,PM10,1664
34.660000,55.290001,8.890000,19.600000,0.920000,53.570000,-3.200000,-5.200000,284.760010,68.129997,99779.210938,23.45,115.2,52.645000,PM10,1665
36.990002,57.660000,8.930000,20.809999,0.980000,51.660000,-3.920000,-5.240000,283.369995,73.570000,98388.718750,23.43,115.34,53.830002,PM10,1666
39.009998,58.919998,9.690000,21.490000,1.040000,52.439999,-2.190000,-4.980000,282.589996,75.820000,97050.851562,23.42,115.49,55.012497,PM2.5,1667
40.049999,58.119999,10.800000,23.360001,1.100000,52.709999,-0.130000,-5.400000,283.760010,71.430000,98202.960938,23.41,115.63,56.312500,PM2.5,1668
40.759998,55.889999,13.790000,26.650000,1.150000,55.919998,-0.490000,-3.680000,285.589996,65.480003,100048.132812,23.39,115.78,57.199997,PM2.5,1669
44.590000,58.349998,17.740000,32.709999,1.290000,56.570000,-1.790000,-2.750000,286.070007,66.330002,101204.148438,23.38,115.93,61.987499,PM2.5,1670
52.160000,65.870003,24.270000,40.939999,1.490000,55.639999,-2.550000,-2.710000,285.619995,71.089996,101422.687500,23.37,116.07,71.449997,PM2.5,1671
49.610001,63.340000,27.250000,41.290001,1.300000,56.910000,-2.840000,-2.160000,285.140015,72.040001,101075.468750,23.35,116.22,68.262497,PM2.5,1672
45.660000,59.619999,26.309999,39.439999,1.130000,59.369999,-3.060000,-2.300000,285.260010,70.940002,101625.312500,23.34,116.36,63.325001,PM2.5,1673
41.200001,55.150002,23.870001,36.380001,0.990000,61.759998,-3.750000,-3.280000,285.410004,70.330002,101862.546875,23.32,116.51,57.750000,PM2.5,1674
35.130001,49.060001,17.440001,28.170000,0.820000,67.400002,-4.800000,-4.170000,285.600006,72.650002,102019.109375,23.31,116.65,50.162502,PM2.5,1675
56.400002,88.019997,16.920000,25.160000,0.740000,41.919998,-2.670000,-1.800000,286.029999,58.200001,101326.390625,23.84,111.7,76.750000,PM2.5,1771
53.389999,83.720001,15.610000,23.389999,0.750000,41.849998,-3.720000,-2.380000,285.929993,57.639999,101097.710938,23.83,111.84,72.987503,PM2.5,1772
51.680000,81.540001,15.330000,23.490000,0.770000,41.430000,-3.120000,-2.840000,285.459991,58.939999,100544.351562,23.82,111.99,70.849998,PM2.5,1773
47.799999,76.550003,14.900000,24.930000,0.800000,42.099998,-1.700000,-2.270000,285.679993,58.869999,100907.773438,23.81,112.14,66.000000,PM2.5,1774
44.720001,71.680000,14.880000,25.740000,0.810000,42.810001,-2.330000,-2.770000,286.350006,57.310001,101518.601562,23.8,112.28,62.150002,PM2.5,1775
43.500000,69.489998,14.560000,26.680000,0.840000,44.450001,-4.430000,-4.280000,285.720001,58.630001,100062.742188,23.79,112.43,60.625000,PM2.5,1776
43.160000,68.470001,13.880000,27.570000,0.880000,45.240002,-4.680000,-5.370000,283.690002,64.940002,98140.250000,23.78,112.58,60.200001,PM2.5,1777
42.020000,66.629997,13.250000,29.770000,0.910000,44.560001,-3.100000,-6.020000,283.149994,66.650002,98336.359375,23.77,112.72,58.775002,PM2.5,1778
40.240002,63.279999,12.890000,30.670000,0.920000,44.049999,-2.500000,-6.730000,283.910004,63.619999,99869.453125,23.76,112.87,56.639999,PM10,1779
39.090000,60.650002,13.390000,31.469999,0.910000,44.680000,-3.310000,-7.300000,284.779999,58.689999,100813.796875,23.75,113.02,55.325001,PM10,1780
38.660000,59.310001,13.230000,31.059999,0.900000,45.490002,-3.740000,-7.500000,284.940002,57.040001,100999.273438,23.74,113.16,54.654999,PM10,1781
38.090000,58.020000,12.340000,28.559999,0.880000,46.860001,-3.450000,-7.030000,284.940002,57.500000,101133.976562,23.73,113.31,54.010002,PM10,1782
38.470001,58.669998,11.500000,27.070000,0.860000,46.610001,-3.840000,-7.500000,285.170013,56.430000,101168.039062,23.72,113.46,54.337502,PM2.5,1783
38.220001,57.939999,10.990000,25.290001,0.840000,47.560001,-4.600000,-7.170000,284.929993,55.380001,100052.781250,23.71,113.6,54.025002,PM2.5,1784
36.919998,55.049999,10.510000,21.629999,0.800000,50.630001,-4.460000,-5.940000,284.010010,56.939999,97985.718750,23.7,113.75,52.525002,PM10,1785
37.970001,56.720001,9.860000,20.540001,0.780000,50.330002,-3.590000,-5.220000,283.190002,60.389999,96962.406250,23.69,113.9,53.712502,PM2.5,1786
37.080002,55.820000,10.050000,19.889999,0.770000,51.970001,-2.600000,-5.030000,283.359985,61.910000,98128.906250,23.68,114.04,52.910000,PM10,1787
36.930000,56.189999,10.030000,19.709999,0.770000,51.919998,-2.730000,-5.340000,284.070007,61.799999,100182.687500,23.67,114.19,53.095001,PM10,1788
39.060001,60.020000,9.620000,20.940001,0.780000,48.480000,-3.650000,-7.360000,283.779999,63.810001,99943.460938,23.65,114.33,55.075001,PM2.5,1789
39.599998,61.450001,10.320000,24.020000,0.810000,49.220001,-2.900000,-6.720000,282.910004,68.489998,98916.789062,23.64,114.48,55.750000,PM2.5,1790
39.650002,62.700001,9.540000,24.959999,0.840000,46.360001,-2.220000,-7.410000,283.209991,69.699997,100194.203125,23.63,114.63,56.349998,PM10,1791
37.750000,59.689999,8.520000,18.500000,0.810000,48.880001,-2.940000,-7.500000,283.529999,69.570000,100041.726562,23.62,114.77,54.845001,PM10,1792
37.029999,58.240002,8.560000,17.639999,0.810000,50.709999,-2.690000,-6.880000,283.130005,70.940002,98441.429688,23.61,114.92,54.120003,PM10,1793
35.660000,55.939999,8.830000,18.020000,0.840000,52.279999,-1.970000,-6.350000,283.380005,70.480003,98058.382812,23.59,115.07,52.970001,PM10,1794
36.389999,57.680000,8.650000,19.520000,0.900000,49.990002,-2.220000,-6.350000,283.869995,68.940002,98288.609375,23.58,115.21,53.840000,PM10,1795
36.700001,57.630001,9.100000,20.100000,0.950000,50.790001,-2.730000,-5.540000,284.220001,69.059998,99250.023438,23.57,115.36,53.815002,PM10,1796
38.590000,59.040001,9.650000,21.209999,1.020000,50.270000,-2.190000,-5.410000,283.700012,72.089996,99392.296875,23.55,115.5,54.520000,PM10,1797
39.610001,57.840000,10.580000,22.549999,1.060000,51.200001,-1.140000,-5.530000,283.540009,71.699997,98195.000000,23.54,115.65,55.762501,PM2.5,1798
39.080002,54.230000,12.170000,23.860001,1.050000,53.779999,-0.850000,-5.020000,284.739990,65.620003,97907.289062,23.53,115.8,55.100002,PM2.5,1799
40.869999,54.680000,14.950000,28.540001,1.150000,54.630001,-1.180000,-4.500000,285.970001,62.410000,99631.421875,23.51,115.94,57.337498,PM2.5,1800
45.980000,59.070000,19.959999,36.119999,1.350000,55.459999,-1.570000,-3.250000,286.489990,65.180000,101766.968750,23.5,116.09,63.724998,PM2.5,1801
47.439999,60.639999,25.540001,41.070000,1.320000,55.110001,-1.940000,-1.890000,286.269989,68.370003,102269.046875,23.49,116.23,65.549995,PM2.5,1802
47.110001,60.889999,26.129999,41.439999,1.240000,57.070000,-2.610000,-1.640000,286.070007,68.139999,102406.617188,23.47,116.38,65.137497,PM2.5,1803
45.070000,59.270000,25.889999,41.349998,1.140000,58.430000,-3.420000,-2.030000,285.709991,68.430000,102078.726562,23.46,116.52,62.587502,PM2.5,1804
39.139999,53.009998,19.400000,33.070000,0.930000,61.790001,-4.090000,-3.030000,285.700012,68.709999,102212.296875,23.44,116.67,55.174999,PM2.5,1805
33.509998,47.020000,13.930000,24.969999,0.750000,66.959999,-5.280000,-4.100000,285.829987,71.019997,102323.593750,23.43,116.82,47.871426,PM2.5,1806
51.830002,81.180000,15.220000,21.490000,0.720000,41.919998,-3.230000,-3.960000,285.989990,56.119999,100833.328125,23.95,112.0,71.037506,PM2.5,1907
48.810001,77.059998,15.210000,22.629999,0.740000,42.150002,-2.970000,-3.460000,286.390015,55.790001,101611.562500,23.94,112.15,67.262505,PM2.5,1908
46.689999,73.410004,15.040000,23.570000,0.760000,42.480000,-4.380000,-5.130000,286.170013,55.939999,100564.023438,23.94,112.29,64.612495,PM2.5,1909
46.169998,72.250000,14.770000,25.610001,0.810000,42.669998,-5.030000,-5.460000,284.320007,61.860001,98040.007812,23.93,112.44,63.962498,PM2.5,1910
45.290001,71.000000,13.790000,26.980000,0.860000,43.450001,-3.780000,-4.960000,282.950012,67.860001,97338.070312,23.92,112.59,62.862503,PM2.5,1911
43.130001,67.800003,12.780000,28.870001,0.900000,43.380001,-2.410000,-4.140000,283.250000,67.379997,98965.523438,23.91,112.73,60.162502,PM2.5,1912
40.209999,62.639999,12.340000,28.520000,0.890000,44.380001,-2.550000,-4.980000,284.059998,63.810001,100471.562500,23.9,112.88,56.512497,PM2.5,1913
38.980000,59.919998,12.400000,27.719999,0.870000,45.299999,-4.120000,-6.900000,284.230011,60.709999,100236.656250,23.89,113.03,54.974998,PM2.5,1914
38.810001,58.900002,12.510000,27.799999,0.860000,46.040001,-4.330000,-7.910000,283.820007,60.389999,99716.226562,23.88,113.17,54.762501,PM2.5,1915
38.090000,56.919998,12.610000,27.340000,0.850000,47.990002,-3.610000,-7.510000,283.980011,59.860001,100017.343750,23.87,113.32,53.862499,PM2.5,1916
39.020000,58.919998,11.380000,26.290001,0.840000,46.099998,-4.010000,-7.910000,283.940002,60.209999,99959.218750,23.86,113.47,55.025002,PM2.5,1917
39.200001,58.900002,10.820000,24.530001,0.830000,46.570000,-4.280000,-7.160000,283.279999,61.549999,98866.507812,23.84,113.61,55.250000,PM2.5,1918
38.770000,57.799999,10.050000,21.559999,0.800000,47.369999,-3.720000,-5.690000,283.019989,60.980000,97948.257812,23.83,113.76,54.712502,PM2.5,1919
38.720001,57.650002,9.800000,20.570000,0.780000,47.950001,-3.310000,-5.090000,283.140015,60.220001,97483.578125,23.82,113.91,54.650002,PM2.5,1920
38.450001,57.259998,9.880000,19.370001,0.760000,49.680000,-3.070000,-5.120000,283.109985,61.470001,97629.117188,23.81,114.05,54.312500,PM2.5,1921
37.840000,56.480000,10.120000,18.160000,0.740000,51.200001,-3.350000,-5.970000,283.160004,63.299999,98595.671875,23.8,114.2,53.549999,PM2.5,1922
39.720001,59.959999,9.690000,18.700001,0.750000,47.790001,-3.240000,-7.240000,282.760010,66.349998,98838.492188,23.79,114.35,55.900002,PM2.5,1923
39.830002,60.599998,10.700000,21.389999,0.780000,49.349998,-1.940000,-5.360000,282.519989,70.389999,99420.976562,23.78,114.49,56.037502,PM2.5,1924
40.610001,63.290001,9.910000,23.040001,0.820000,46.299999,-1.790000,-5.730000,283.089996,69.449997,100272.789062,23.76,114.64,57.012501,PM2.5,1925
39.259998,61.240002,8.950000,19.450001,0.800000,47.689999,-2.680000,-6.550000,283.010010,71.190002,99962.359375,23.75,114.79,55.620003,PM10,1926
38.320000,59.669998,8.630000,18.480000,0.810000,48.070000,-2.750000,-5.940000,282.630005,73.720001,99197.460938,23.74,114.93,54.834999,PM10,1927
37.779999,58.610001,8.530000,18.330000,0.820000,48.240002,-2.150000,-5.730000,282.290009,75.040001,97871.898438,23.73,115.08,54.305000,PM10,1928
37.290001,58.119999,8.820000,19.270000,0.870000,48.950001,-1.740000,-6.240000,282.609985,73.019997,97015.562500,23.71,115.23,54.059998,PM10,1929
36.919998,57.410000,9.260000,19.660000,0.910000,49.950001,-1.810000,-6.410000,283.649994,69.150002,97801.546875,23.7,115.37,53.705002,PM10,1930
38.360001,58.849998,9.650000,20.600000,0.980000,49.049999,-1.590000,-6.490000,283.799988,70.680000,99281.851562,23.69,115.52,54.424999,PM10,1931
39.070000,57.490002,10.430000,21.780001,1.010000,49.799999,-1.500000,-5.460000,283.209991,73.510002,98761.992188,23.67,115.66,55.087502,PM2.5,1932
39.450001,54.959999,11.410000,22.639999,1.000000,51.840000,-1.210000,-5.030000,282.420013,74.709999,95604.882812,23.66,115.81,55.562500,PM2.5,1933
40.560001,54.950001,13.500000,26.410000,1.080000,52.029999,0.290000,-5.390000,283.279999,70.239998,95920.906250,23.65,115.96,56.950001,PM2.5,1934
41.200001,54.160000,16.209999,31.049999,1.180000,54.230000,0.510000,-4.260000,286.000000,63.599998,100287.976562,23.63,116.1,57.750000,PM2.5,1935
43.430000,56.090000,21.379999,37.070000,1.250000,53.570000,-1.060000,-3.550000,286.709991,62.770000,101683.523438,23.62,116.25,60.537498,PM2.5,1936
45.570000,58.540001,21.320000,36.930000,1.240000,55.549999,-2.110000,-2.720000,286.109985,65.610001,101305.226562,23.6,116.39,63.212502,PM2.5,1937
45.700001,59.689999,19.180000,35.130001,1.180000,59.110001,-2.910000,-1.510000,286.269989,65.769997,102184.148438,23.59,116.54,63.375000,PM2.5,1938
41.380001,54.959999,15.890000,31.190001,0.990000,60.360001,-3.800000,-2.710000,286.190002,65.500000,102357.570312,23.58,116.69,57.975002,PM2.5,1939
37.360001,50.820000,14.360000,28.760000,0.840000,61.250000,-4.630000,-3.290000,285.809998,67.139999,102272.812500,23.56,116.83,52.950001,PM2.5,1940
35.189999,48.810001,14.210000,27.770000,0.760000,63.150002,-5.890000,-4.280000,285.630005,70.269997,102035.226562,23.55,116.98,50.237499,PM2.5,1941
52.680000,81.269997,15.210000,19.450001,0.690000,42.669998,-3.060000,-5.850000,285.609985,54.849998,99266.148438,24.09,112.01,72.099998,PM2.5,2044
50.820000,78.809998,15.490000,20.610001,0.700000,42.770000,-4.100000,-6.100000,286.440002,53.680000,101041.250000,24.08,112.16,69.775002,PM2.5,2045
49.900002,76.879997,15.680000,21.620001,0.730000,43.270000,-4.870000,-7.810000,285.049988,58.110001,99172.226562,24.07,112.3,68.625000,PM2.5,2046
49.160000,75.160004,16.139999,24.400000,0.780000,43.560001,-3.500000,-6.390000,282.820007,66.129997,96365.007812,24.06,112.45,67.699997,PM2.5,2047
47.910000,74.540001,14.210000,26.969999,0.850000,41.840000,-1.570000,-4.800000,282.529999,68.370003,96655.750000,24.05,112.6,66.137497,PM2.5,2048
44.889999,70.099998,13.460000,29.270000,0.890000,43.040001,-1.200000,-2.860000,283.970001,64.769997,99685.476562,24.04,112.75,62.362499,PM2.5,2049
40.990002,63.380001,12.640000,28.879999,0.880000,43.779999,-2.870000,-3.490000,284.519989,62.619999,101096.007812,24.03,112.89,57.487503,PM2.5,2050
39.840000,60.689999,12.560000,28.219999,0.860000,44.080002,-5.050000,-5.340000,283.820007,62.939999,100002.007812,24.02,113.04,56.049999,PM2.5,2051
39.759998,59.910000,12.650000,28.790001,0.860000,44.209999,-5.100000,-6.680000,283.089996,64.080002,99339.843750,24.01,113.19,55.949997,PM2.5,2052
39.880001,59.849998,12.300000,29.040001,0.860000,44.029999,-3.970000,-6.990000,282.980011,63.900002,99320.382812,24.0,113.33,56.100002,PM2.5,2053
39.680000,59.380001,11.610000,27.049999,0.840000,44.689999,-3.470000,-6.760000,282.899994,64.070000,99048.382812,23.99,113.48,55.849998,PM2.5,2054
39.490002,59.029999,11.000000,24.459999,0.830000,45.610001,-3.110000,-5.920000,282.839996,64.349998,99151.078125,23.98,113.63,55.612503,PM2.5,2055
39.040001,58.139999,10.480000,21.900000,0.800000,46.590000,-3.040000,-5.270000,283.250000,60.980000,98893.531250,23.97,113.77,55.050003,PM2.5,2056
39.160000,58.169998,10.230000,20.740000,0.780000,46.959999,-3.450000,-5.300000,283.269989,58.849998,97577.828125,23.96,113.92,55.200001,PM2.5,2057
39.290001,58.209999,10.090000,19.480000,0.760000,47.419998,-3.500000,-5.220000,282.820007,60.880001,97036.539062,23.95,114.07,55.362503,PM2.5,2058
39.630001,58.869999,10.100000,18.070000,0.740000,47.930000,-3.450000,-5.510000,282.339996,64.760002,97516.679688,23.93,114.21,55.787502,PM2.5,2059
40.470001,60.459999,10.030000,17.690001,0.740000,46.869999,-2.620000,-6.330000,282.170013,67.580002,98079.078125,23.92,114.36,56.837502,PM2.5,2060
40.500000,61.169998,10.610000,19.100000,0.760000,47.450001,-1.390000,-5.360000,282.989990,67.570000,99811.476562,23.91,114.51,56.875000,PM2.5,2061
40.990002,63.080002,10.400000,20.930000,0.790000,46.720001,-1.640000,-5.080000,283.570007,66.580002,100747.078125,23.9,114.65,57.487503,PM2.5,2062
40.369999,62.279999,9.690000,20.410000,0.800000,47.049999,-2.080000,-5.980000,283.260010,69.050003,100233.742188,23.89,114.8,56.712498,PM2.5,2063
38.669998,59.790001,9.170000,18.900000,0.790000,47.730000,-1.910000,-5.950000,283.579987,68.930000,100426.773438,23.87,114.95,54.895000,PM10,2064
37.599998,58.000000,8.820000,18.010000,0.800000,47.980000,-2.090000,-5.670000,283.420013,70.699997,100098.601562,23.86,115.09,54.000000,PM10,2065
37.580002,57.919998,9.150000,19.330000,0.840000,48.160000,-2.350000,-5.790000,282.359985,74.360001,97817.046875,23.85,115.24,53.959999,PM10,2066
37.470001,57.310001,9.650000,19.540001,0.880000,49.410000,-1.630000,-5.910000,282.149994,74.300003,96410.132812,23.83,115.39,53.654999,PM10,2067
38.650002,59.110001,9.810000,20.190001,0.950000,47.779999,-0.240000,-6.010000,282.980011,72.730003,98251.437500,23.82,115.53,54.562500,PM2.5,2068
38.869999,57.790001,10.570000,21.559999,0.990000,48.040001,-0.190000,-4.860000,283.489990,72.720001,99784.140625,23.81,115.68,54.837498,PM2.5,2069
39.820000,56.259998,11.720000,23.780001,1.020000,49.230000,-0.530000,-3.500000,282.329987,78.110001,97370.460938,23.79,115.83,56.025002,PM2.5,2070
40.540001,55.290001,13.740000,27.180000,1.070000,49.770000,0.920000,-3.840000,282.459991,75.830002,96156.328125,23.78,115.97,56.925003,PM2.5,2071
38.889999,51.810001,15.060000,28.780001,1.070000,53.270000,1.030000,-4.280000,284.480011,68.339996,98325.859375,23.77,116.12,54.862499,PM2.5,2072
40.080002,52.599998,17.070000,31.959999,1.110000,52.200001,-0.510000,-4.860000,284.709991,66.669998,98431.226562,23.75,116.26,56.350002,PM2.5,2073
41.000000,53.480000,16.760000,31.500000,1.110000,53.919998,-1.090000,-4.060000,284.980011,65.790001,98932.078125,23.74,116.41,57.500000,PM2.5,2074
41.779999,54.939999,15.710000,30.799999,1.100000,57.400002,-2.130000,-2.940000,286.500000,61.660000,100826.562500,23.72,116.56,58.474998,PM2.5,2075
40.689999,54.090000,14.310000,29.270000,0.980000,59.340000,-3.310000,-3.680000,286.079987,64.360001,101165.828125,23.71,116.7,57.112499,PM2.5,2076
38.090000,51.279999,13.730000,28.209999,0.860000,59.330002,-3.850000,-3.290000,285.739990,66.410004,101622.750000,23.69,116.85,53.862499,PM2.5,2077
36.230000,49.310001,14.030000,28.070000,0.790000,58.470001,-5.090000,-3.660000,285.839996,65.739998,101828.562500,23.68,116.99,51.537498,PM2.5,2078
54.270000,82.309998,15.450000,18.170000,0.670000,43.349998,-3.020000,-6.950000,283.790009,58.720001,96382.710938,24.22,112.02,74.087502,PM2.5,2185
52.980000,80.559998,15.740000,19.430000,0.690000,43.180000,-4.300000,-8.360000,284.940002,56.099998,98504.773438,24.21,112.17,72.474998,PM2.5,2186
52.869999,80.010002,16.139999,20.910000,0.720000,43.160000,-3.990000,-9.150000,283.260010,62.810001,97079.687500,24.2,112.31,72.337502,PM2.5,2187
52.619999,80.620003,16.320000,24.309999,0.770000,41.340000,-1.330000,-7.010000,282.190002,68.480003,96380.523438,24.19,112.46,72.025002,PM2.5,2188
49.299999,76.080002,15.260000,26.629999,0.830000,41.820000,0.470000,-4.250000,282.950012,66.919998,97696.476562,24.19,112.61,67.875000,PM2.5,2189
46.950001,72.559998,14.530000,28.959999,0.880000,43.020000,-0.010000,-1.940000,284.070007,64.199997,99494.242188,24.18,112.76,64.937500,PM2.5,2190
42.299999,64.750000,13.630000,29.129999,0.860000,43.439999,-2.060000,-1.890000,284.510010,62.820000,100717.656250,24.17,112.9,59.125000,PM2.5,2191
40.130001,60.730000,13.520000,28.540001,0.850000,43.619999,-4.390000,-3.080000,284.529999,61.549999,100888.117188,24.16,113.05,56.412502,PM2.5,2192
39.389999,59.139999,13.310000,29.110001,0.840000,43.669998,-5.170000,-5.150000,284.179993,61.529999,100852.187500,24.15,113.2,55.487499,PM2.5,2193
39.369999,58.790001,12.810000,29.190001,0.840000,43.549999,-4.060000,-6.280000,283.649994,62.389999,100569.726562,24.13,113.34,55.462498,PM2.5,2194
39.349998,58.490002,12.170000,27.350000,0.830000,44.110001,-2.910000,-5.460000,283.279999,63.090000,99945.523438,24.12,113.49,55.437500,PM2.5,2195
39.009998,57.980000,11.410000,23.959999,0.810000,45.320000,-2.790000,-4.810000,283.570007,62.139999,100325.476562,24.11,113.64,55.012497,PM2.5,2196
38.990002,57.910000,11.080000,22.180000,0.790000,46.000000,-3.420000,-4.780000,283.660004,61.279999,100232.179688,24.1,113.79,54.987503,PM2.5,2197
39.500000,58.439999,10.920000,20.940001,0.770000,46.310001,-3.700000,-5.060000,282.970001,60.880001,98011.031250,24.09,113.93,55.625000,PM2.5,2198
39.770000,58.619999,10.880000,19.459999,0.750000,46.779999,-2.780000,-4.820000,282.390015,61.540001,96601.523438,24.08,114.08,55.962502,PM2.5,2199
39.779999,58.959999,11.060000,18.350000,0.740000,48.400002,-2.360000,-4.670000,282.820007,61.930000,97771.937500,24.07,114.23,55.974998,PM2.5,2200
40.849998,61.000000,10.620000,18.280001,0.740000,45.880001,-2.630000,-6.330000,282.779999,64.809998,98871.843750,24.06,114.37,57.312500,PM2.5,2201
40.860001,60.959999,11.270000,18.799999,0.740000,47.540001,-1.850000,-6.630000,282.570007,68.610001,99153.593750,24.04,114.52,57.325001,PM2.5,2202
41.830002,63.540001,11.090000,20.840000,0.770000,46.689999,-1.380000,-6.300000,283.380005,65.919998,99989.523438,24.03,114.67,58.537502,PM2.5,2203
41.360001,63.209999,10.430000,20.670000,0.790000,46.549999,-1.860000,-6.060000,283.279999,68.209999,100304.078125,24.02,114.81,57.950001,PM2.5,2204
39.709999,60.619999,9.700000,18.809999,0.780000,47.459999,-1.990000,-6.840000,283.250000,68.930000,99813.039062,24.01,114.96,55.887497,PM2.5,2205
38.250000,58.299999,9.050000,17.480000,0.770000,47.590000,-1.920000,-7.250000,283.440002,69.040001,99805.132812,23.99,115.11,54.150002,PM10,2206
38.000000,58.259998,9.550000,19.820000,0.840000,47.200001,-1.760000,-6.040000,282.489990,73.639999,98677.140625,23.98,115.25,54.129997,PM10,2207
37.660000,57.130001,10.480000,20.200001,0.870000,49.619999,-0.580000,-4.430000,282.109985,75.940002,97687.546875,23.97,115.4,53.565002,PM10,2208
38.790001,59.110001,10.370000,20.420000,0.930000,47.290001,0.770000,-4.390000,283.209991,71.550003,99201.148438,23.96,115.55,54.737503,PM2.5,2209
38.259998,57.270000,10.950000,21.160000,0.970000,47.419998,0.720000,-3.880000,284.089996,69.250000,100602.773438,23.94,115.69,54.074997,PM2.5,2210
38.930000,56.540001,12.430000,24.559999,1.020000,46.430000,0.310000,-2.500000,283.769989,72.750000,100363.656250,23.93,115.84,54.912498,PM2.5,2211
38.080002,52.599998,14.420000,27.780001,1.010000,49.060001,0.480000,-2.790000,283.250000,74.989998,98583.156250,23.91,115.99,53.850002,PM2.5,2212
36.730000,49.080002,14.400000,27.190001,0.970000,53.330002,0.140000,-3.700000,283.350006,72.400002,96995.328125,23.9,116.13,52.162498,PM2.5,2213
36.580002,48.560001,12.680000,25.940001,0.960000,52.529999,-0.350000,-4.380000,283.769989,70.099998,97695.476562,23.89,116.28,51.975002,PM2.5,2214
36.090000,47.980000,12.100000,25.129999,0.950000,53.049999,-1.110000,-4.450000,284.920013,64.889999,98810.031250,23.87,116.43,51.362499,PM2.5,2215
37.189999,49.590000,12.090000,24.950001,0.960000,55.369999,-2.010000,-4.790000,285.079987,62.490002,97744.601562,23.86,116.57,52.737499,PM2.5,2216
39.570000,52.630001,12.490000,25.540001,0.940000,58.160000,-1.980000,-4.700000,284.309998,67.360001,97922.992188,23.84,116.72,55.712502,PM2.5,2217
37.810001,50.840000,12.760000,25.820000,0.850000,59.320000,-2.550000,-3.690000,285.500000,66.239998,100661.687500,23.83,116.86,53.512501,PM2.5,2218
36.200001,48.889999,13.180000,26.370001,0.780000,57.720001,-4.560000,-4.530000,286.000000,63.740002,100942.718750,23.81,117.01,51.500000,PM2.5,2219
54.830002,82.099998,15.970000,18.600000,0.730000,43.669998,-4.230000,-8.440000,282.320007,62.840000,95000.187500,24.35,112.18,74.787506,PM2.5,2329
55.080002,82.790001,16.540001,21.160000,0.770000,42.779999,-1.820000,-8.480000,281.589996,68.500000,95384.539062,24.34,112.32,75.100006,PM2.5,2330
53.959999,82.559998,17.000000,24.700001,0.840000,41.360001,1.240000,-6.890000,282.829987,66.209999,97616.867188,24.33,112.47,73.699997,PM2.5,2331
50.020000,77.139999,16.309999,27.080000,0.880000,41.970001,1.700000,-3.970000,284.119995,62.740002,99400.437500,24.32,112.62,68.775002,PM2.5,2332
47.820000,73.279999,15.660000,27.410000,0.890000,43.599998,0.420000,-1.150000,284.239990,62.619999,99250.203125,24.31,112.77,66.025002,PM2.5,2333
43.790001,66.680000,15.260000,28.320000,0.880000,44.040001,-0.730000,-1.090000,284.769989,61.200001,100247.609375,24.3,112.91,60.987503,PM2.5,2334
40.430000,61.130001,14.940000,27.900000,0.860000,44.270000,-2.680000,-3.550000,285.630005,57.330002,101225.117188,24.29,113.06,56.787498,PM2.5,2335
39.099998,58.590000,14.200000,28.309999,0.850000,44.540001,-4.480000,-5.660000,285.170013,58.049999,101147.351562,24.28,113.21,55.125000,PM2.5,2336
38.830002,57.930000,13.150000,28.610001,0.830000,43.660000,-3.980000,-7.190000,284.440002,59.880001,101446.617188,24.27,113.36,54.787502,PM2.5,2337
38.500000,56.950001,12.790000,27.420000,0.810000,44.070000,-2.800000,-6.070000,284.029999,60.299999,100900.148438,24.26,113.5,54.375000,PM2.5,2338
38.139999,56.250000,12.100000,23.540001,0.790000,45.400002,-2.890000,-5.100000,283.910004,59.650002,100240.851562,24.25,113.65,53.924999,PM2.5,2339
38.290001,56.480000,11.750000,21.440001,0.780000,46.189999,-3.540000,-4.460000,283.760010,61.330002,100552.031250,24.24,113.8,54.112503,PM2.5,2340
38.860001,57.189999,11.600000,20.309999,0.760000,46.389999,-3.860000,-4.660000,283.309998,62.389999,99740.812500,24.23,113.95,54.825001,PM2.5,2341
39.480000,57.900002,11.540000,19.110001,0.740000,46.580002,-3.270000,-4.660000,282.429993,63.150002,97558.601562,24.21,114.09,55.599998,PM2.5,2342
39.230000,57.639999,11.870000,18.059999,0.730000,48.950001,-2.480000,-4.930000,282.630005,61.450001,96932.742188,24.2,114.24,55.287498,PM2.5,2343
41.130001,61.060001,11.050000,18.209999,0.730000,45.009998,-2.530000,-7.970000,283.079987,61.660000,98369.023438,24.19,114.39,57.662502,PM2.5,2344
42.410000,63.040001,11.230000,18.799999,0.740000,44.279999,-2.270000,-8.620000,282.130005,69.629997,98773.890625,24.18,114.53,59.262501,PM2.5,2345
43.790001,65.919998,11.100000,20.879999,0.770000,43.240002,-1.300000,-8.180000,282.640015,67.360001,98949.648438,24.17,114.68,60.987503,PM2.5,2346
41.689999,62.560001,11.080000,20.250000,0.770000,46.200001,-1.540000,-6.760000,283.390015,66.680000,100193.992188,24.15,114.83,58.362499,PM2.5,2347
40.250000,60.270000,10.340000,18.270000,0.760000,47.630001,-2.270000,-6.620000,282.750000,70.430000,99476.203125,24.14,114.97,56.562500,PM2.5,2348
39.220001,58.580002,9.320000,16.719999,0.750000,47.439999,-1.230000,-7.280000,282.200012,73.379997,98494.406250,24.13,115.12,55.275002,PM2.5,2349
38.130001,57.849998,9.830000,19.299999,0.820000,46.919998,0.020000,-5.650000,282.779999,71.629997,99244.398438,24.12,115.27,53.924999,PM10,2350
38.290001,58.250000,10.310000,20.620001,0.870000,46.400002,0.610000,-3.910000,283.230011,70.680000,99801.156250,24.1,115.41,54.125000,PM10,2351
38.660000,58.970001,10.490000,20.540001,0.930000,45.639999,0.840000,-3.560000,283.820007,68.680000,100361.617188,24.09,115.56,54.575001,PM2.5,2352
37.360001,55.639999,11.110000,20.320000,0.930000,46.830002,0.480000,-3.440000,284.359985,67.769997,100850.632812,24.08,115.71,52.950001,PM2.5,2353
37.020000,53.980000,12.290000,22.940001,0.970000,45.919998,-0.180000,-3.030000,284.589996,68.550003,101184.710938,24.06,115.86,52.525002,PM2.5,2354
37.480000,52.750000,14.340000,28.270000,1.000000,45.150002,-0.600000,-3.510000,283.929993,71.449997,99645.898438,24.05,116.0,53.099998,PM2.5,2355
36.630001,49.209999,14.150000,27.700001,0.960000,50.619999,-0.350000,-3.260000,283.160004,72.660004,97103.843750,24.03,116.15,52.037502,PM2.5,2356
36.240002,48.330002,13.000000,26.379999,0.950000,50.680000,-0.520000,-3.940000,283.970001,69.320000,98252.648438,24.02,116.29,51.550003,PM2.5,2357
36.029999,48.130001,12.250000,25.400000,0.950000,50.939999,-1.990000,-4.440000,284.720001,65.559998,98720.031250,24.01,116.44,51.287498,PM2.5,2358
37.830002,50.529999,11.950000,24.870001,0.960000,52.599998,-2.120000,-4.210000,283.049988,70.459999,95814.507812,23.99,116.59,53.537502,PM2.5,2359
39.200001,52.459999,12.190000,24.750000,0.940000,55.099998,-0.970000,-3.970000,282.910004,71.919998,96328.148438,23.98,116.73,55.250000,PM2.5,2360
37.740002,50.619999,12.410000,24.340000,0.850000,57.970001,-2.050000,-4.090000,285.040009,66.370003,99525.351562,23.96,116.88,53.425003,PM2.5,2361
56.650002,84.730003,16.700001,16.440001,0.760000,45.700001,-5.850000,-5.780000,282.279999,63.910000,95428.992188,24.49,112.04,77.062500,PM2.5,2473
57.080002,85.089996,16.610001,18.629999,0.810000,43.980000,-4.110000,-6.990000,280.510010,70.089996,93405.531250,24.48,112.19,77.600006,PM2.5,2474
56.990002,85.809998,17.280001,21.930000,0.870000,43.029999,-0.240000,-6.950000,281.640015,68.760002,96054.406250,24.47,112.33,77.487503,PM2.5,2475
54.369999,83.330002,17.600000,24.889999,0.930000,41.910000,1.790000,-6.500000,283.359985,64.360001,98665.882812,24.46,112.48,74.212502,PM2.5,2476
48.830002,75.010002,16.790001,25.959999,0.930000,43.099998,0.880000,-4.210000,284.179993,60.750000,98833.210938,24.45,112.63,67.287506,PM2.5,2477
45.250000,68.720001,16.360001,24.900000,0.910000,45.270000,-0.580000,-1.530000,284.579987,58.500000,98790.593750,24.44,112.78,62.812500,PM2.5,2478
43.220001,65.239998,16.580000,26.650000,0.910000,45.049999,-1.880000,-3.010000,284.920013,57.180000,99032.781250,24.43,112.93,60.275002,PM2.5,2479
42.040001,63.130001,15.990000,27.059999,0.900000,44.720001,-3.160000,-6.790000,284.339996,58.349998,98063.820312,24.42,113.07,58.800003,PM2.5,2480
40.389999,59.570000,15.350000,27.049999,0.880000,46.099998,-3.110000,-7.360000,283.290009,63.029999,97774.789062,24.41,113.22,56.737499,PM2.5,2481
39.410000,58.459999,13.460000,28.270000,0.840000,43.270000,-2.620000,-7.910000,283.660004,62.369999,100099.492188,24.4,113.37,55.512501,PM2.5,2482
38.509998,56.560001,13.410000,28.139999,0.810000,43.470001,-2.410000,-7.000000,283.510010,62.049999,100389.609375,24.39,113.52,54.387497,PM2.5,2483
37.680000,54.959999,12.910000,23.320000,0.780000,45.639999,-2.520000,-5.840000,283.119995,60.820000,98893.093750,24.38,113.66,53.349998,PM2.5,2484
37.259998,54.439999,12.700000,20.299999,0.770000,47.450001,-2.850000,-4.420000,283.440002,60.349998,99445.351562,24.37,113.81,52.824997,PM2.5,2485
38.029999,55.599998,12.520000,19.660000,0.760000,47.250000,-3.530000,-4.580000,283.480011,62.189999,100130.109375,24.36,113.96,53.787498,PM2.5,2486
39.150002,57.139999,12.210000,18.850000,0.750000,46.599998,-4.330000,-5.480000,282.980011,63.299999,99225.468750,24.35,114.1,55.187500,PM2.5,2487
39.709999,57.419998,12.400000,17.830000,0.740000,48.250000,-4.120000,-6.110000,281.750000,65.320000,96573.843750,24.34,114.25,55.887497,PM2.5,2488
41.860001,61.250000,11.710000,18.129999,0.750000,44.750000,-2.560000,-8.640000,281.250000,66.879997,96011.679688,24.32,114.4,58.575001,PM2.5,2489
43.080002,63.250000,11.840000,18.620001,0.760000,43.580002,-1.470000,-9.600000,281.019989,73.410004,97499.882812,24.31,114.55,60.100002,PM2.5,2490
44.580002,66.190002,11.660000,20.549999,0.790000,42.189999,-0.880000,-9.310000,281.549988,71.400002,97881.507812,24.3,114.69,61.975002,PM2.5,2491
41.810001,61.360001,11.800000,19.680000,0.770000,45.779999,-0.600000,-7.870000,282.869995,67.269997,99226.296875,24.29,114.84,58.512501,PM2.5,2492
39.490002,58.119999,11.120000,17.379999,0.750000,48.200001,-1.100000,-6.370000,283.260010,68.029999,100203.718750,24.28,114.99,55.612503,PM2.5,2493
38.639999,56.959999,9.870000,16.059999,0.750000,47.720001,-0.460000,-6.280000,282.640015,72.379997,99839.867188,24.26,115.14,54.549999,PM2.5,2494
36.869999,54.939999,9.960000,16.309999,0.770000,49.169998,0.660000,-5.050000,283.130005,70.290001,99923.703125,24.25,115.28,52.470001,PM10,2495
36.520000,54.650002,10.110000,16.740000,0.810000,48.810001,0.610000,-4.190000,283.829987,67.680000,100182.062500,24.24,115.43,52.325001,PM10,2496
36.110001,53.880001,10.170000,16.059999,0.830000,48.189999,-0.060000,-3.880000,284.369995,65.639999,100533.851562,24.22,115.58,51.940002,PM10,2497
36.450001,53.880001,10.060000,16.840000,0.870000,45.830002,-0.770000,-4.370000,284.369995,66.070000,100408.640625,24.21,115.72,51.940002,PM10,2498
35.439999,51.619999,11.490000,18.709999,0.890000,47.380001,-1.020000,-4.590000,284.260010,67.919998,100075.679688,24.2,115.87,50.809998,PM10,2499
36.869999,52.590000,14.670000,27.530001,0.980000,43.290001,-0.960000,-4.670000,283.940002,70.599998,99883.726562,24.18,116.02,52.337498,PM2.5,2500
36.790001,50.180000,14.990000,28.379999,0.970000,47.189999,-0.850000,-3.060000,283.399994,72.400002,98236.031250,24.17,116.16,52.237503,PM2.5,2501
36.389999,48.580002,13.970000,26.580000,0.940000,49.770000,-0.740000,-3.470000,283.299988,72.290001,97430.890625,24.15,116.31,51.737499,PM2.5,2502
36.950001,49.439999,13.100000,26.170000,0.960000,48.900002,-1.110000,-3.670000,283.589996,70.900002,98088.929688,24.14,116.46,52.437500,PM2.5,2503
38.000000,51.110001,12.780000,26.040001,0.970000,50.310001,-1.090000,-2.610000,283.359985,71.620003,97633.609375,24.13,116.6,53.750000,PM2.5,2504
38.549999,52.040001,12.660000,25.360001,0.940000,52.209999,-1.120000,-2.560000,283.619995,70.900002,97916.531250,24.11,116.75,54.437500,PM2.5,2505
37.689999,50.650002,12.550000,24.480000,0.860000,54.570000,-2.540000,-3.720000,284.380005,67.900002,98211.789062,24.1,116.9,53.362499,PM2.5,2506
58.180000,87.010002,17.910000,15.840000,0.840000,47.160000,-5.620000,-6.350000,282.179993,64.709999,96046.953125,24.63,112.05,78.974998,PM2.5,2618
59.349998,88.820000,18.010000,19.219999,0.900000,44.810001,-3.350000,-5.670000,280.589996,71.220001,94332.070312,24.62,112.2,80.437500,PM2.5,2619
59.139999,89.620003,18.840000,23.480000,0.980000,43.910000,-0.010000,-5.690000,282.279999,66.519997,97197.101562,24.61,112.34,80.175003,PM2.5,2620
54.580002,84.150002,18.799999,25.790001,1.020000,43.259998,0.800000,-6.130000,283.239990,64.059998,98501.421875,24.6,112.49,74.475006,PM2.5,2621
48.320000,74.209999,17.730000,25.309999,0.970000,45.080002,-0.840000,-4.950000,283.649994,59.790001,97349.476562,24.59,112.64,66.650002,PM2.5,2622
44.700001,67.949997,17.420000,24.680000,0.940000,46.750000,-2.110000,-3.790000,284.010010,56.130001,96416.437500,24.58,112.79,62.125000,PM2.5,2623
44.580002,67.150002,17.990000,27.760000,0.980000,44.680000,-2.890000,-5.280000,283.570007,57.259998,95824.500000,24.57,112.94,61.975002,PM2.5,2624
44.610001,66.750000,17.299999,29.469999,1.000000,42.830002,-3.540000,-7.600000,281.890015,65.300003,95117.203125,24.56,113.08,62.012501,PM2.5,2625
43.939999,65.489998,16.170000,30.240000,0.980000,41.840000,-2.470000,-7.080000,281.119995,70.570000,95448.859375,24.55,113.23,61.174999,PM2.5,2626
40.389999,59.580002,14.840000,30.059999,0.870000,42.200001,-1.320000,-6.550000,282.640015,66.050003,98793.203125,24.54,113.38,56.737499,PM2.5,2627
38.680000,56.560001,15.070000,30.920000,0.820000,42.590000,-1.610000,-6.340000,283.339996,63.369999,100518.968750,24.53,113.53,54.599998,PM2.5,2628
37.250000,53.990002,14.490000,24.940001,0.790000,45.340000,-2.620000,-6.030000,282.959991,61.490002,98956.210938,24.52,113.67,52.812500,PM2.5,2629
36.060001,51.990002,14.550000,20.020000,0.770000,49.470001,-2.810000,-5.400000,282.880005,60.349998,98120.203125,24.5,113.82,51.325001,PM2.5,2630
36.799999,53.009998,14.530000,19.510000,0.770000,49.799999,-2.970000,-5.300000,282.869995,62.290001,98582.796875,24.49,113.97,52.250000,PM2.5,2631
38.919998,56.180000,13.630000,19.209999,0.770000,47.130001,-4.850000,-6.920000,282.649994,64.989998,98958.406250,24.48,114.12,54.899998,PM2.5,2632
40.919998,59.110001,13.210000,18.879999,0.780000,45.939999,-5.680000,-7.540000,280.750000,72.510002,96736.359375,24.47,114.27,57.399998,PM2.5,2633
42.549999,61.410000,13.340000,18.900000,0.790000,44.910000,-3.260000,-7.460000,279.320007,78.099998,95091.007812,24.46,114.41,59.437500,PM2.5,2634
44.250000,64.059998,13.340000,19.540001,0.810000,42.380001,-1.260000,-8.660000,279.290009,81.599998,96084.671875,24.45,114.56,61.562500,PM2.5,2635
45.349998,66.330002,13.170000,20.950001,0.830000,41.150002,-0.750000,-9.080000,279.859985,78.930000,96450.476562,24.43,114.71,62.937500,PM2.5,2636
42.230000,60.250000,13.460000,19.290001,0.800000,46.189999,0.100000,-8.100000,281.149994,73.370003,97297.117188,24.42,114.85,59.037498,PM2.5,2637
39.099998,56.220001,12.430000,16.440001,0.770000,49.360001,0.700000,-7.280000,282.709991,69.230003,99219.750000,24.41,115.0,55.125000,PM2.5,2638
37.490002,54.529999,10.730000,15.160000,0.760000,48.549999,0.770000,-6.450000,283.290009,69.440002,100547.398438,24.4,115.15,53.112503,PM2.5,2639
36.080002,52.900002,9.570000,13.730000,0.760000,48.400002,0.620000,-5.100000,283.489990,68.059998,100324.796875,24.38,115.3,51.450001,PM10,2640
35.790001,52.520000,9.400000,13.350000,0.770000,48.410000,0.150000,-4.510000,283.640015,66.650002,99680.750000,24.37,115.44,51.260002,PM10,2641
35.400002,51.980000,9.450000,13.230000,0.780000,47.150002,-0.880000,-5.530000,284.339996,63.540001,99856.703125,24.36,115.59,50.989998,PM10,2642
35.380001,51.830002,9.320000,13.470000,0.820000,46.689999,-1.730000,-6.110000,284.250000,64.750000,99572.429688,24.34,115.74,50.915001,PM10,2643
35.009998,50.900002,10.290000,14.860000,0.850000,47.570000,-0.950000,-5.800000,283.510010,69.570000,99096.500000,24.33,115.89,50.450001,PM10,2644
36.389999,52.520000,14.920000,26.150000,0.970000,42.130001,-0.180000,-5.110000,283.950012,69.550003,99895.671875,24.32,116.03,51.737499,PM2.5,2645
37.049999,52.230000,16.299999,28.920000,0.990000,42.099998,-0.370000,-3.190000,283.989990,69.879997,99804.546875,24.3,116.18,52.562500,PM2.5,2646
36.750000,50.259998,15.230000,27.850000,0.960000,44.919998,-0.000000,-2.660000,283.609985,71.720001,98630.937500,24.29,116.33,52.187500,PM2.5,2647
36.840000,49.759998,14.680000,26.959999,0.960000,46.680000,0.430000,-2.710000,283.989990,70.639999,99118.007812,24.27,116.47,52.299999,PM2.5,2648
37.320000,50.450001,13.830000,26.400000,0.970000,48.619999,0.360000,-2.060000,284.489990,68.769997,99700.570312,24.26,116.62,52.900002,PM2.5,2649
37.240002,50.549999,13.400000,25.549999,0.920000,50.369999,-0.980000,-2.150000,284.720001,67.070000,99242.007812,24.24,116.77,52.800003,PM2.5,2650
37.340000,50.150002,13.000000,24.660000,0.860000,52.060001,-2.840000,-2.990000,284.149994,68.180000,97453.710938,24.23,116.91,52.924999,PM2.5,2651
59.849998,89.379997,19.129999,15.140000,0.890000,47.759998,-4.330000,-6.340000,281.070007,68.089996,94884.789062,24.76,112.06,81.062500,PM2.5,2763
61.000000,91.860001,20.000000,18.969999,0.960000,46.270000,-2.110000,-4.290000,281.239990,68.919998,95635.382812,24.75,112.21,82.500000,PM2.5,2764
60.070000,92.000000,20.700001,23.770000,1.050000,44.610001,-0.240000,-3.940000,283.019989,64.239998,98561.921875,24.74,112.36,81.337502,PM2.5,2765
54.880001,85.239998,20.420000,26.240000,1.070000,44.799999,-0.810000,-5.760000,283.119995,63.939999,98430.109375,24.73,112.5,74.849998,PM2.5,2766
50.160000,77.449997,19.030001,26.059999,1.030000,45.799999,-2.870000,-6.620000,282.959991,60.740002,96274.937500,24.72,112.65,68.949997,PM2.5,2767
46.980000,71.559998,18.120001,25.170000,0.990000,46.740002,-3.550000,-6.560000,282.179993,60.220001,93968.476562,24.71,112.8,64.974998,PM2.5,2768
46.799999,70.150002,19.900000,29.100000,1.050000,44.959999,-2.150000,-6.530000,281.109985,63.500000,92518.937500,24.7,112.95,64.750000,PM2.5,2769
46.250000,68.940002,19.590000,32.060001,1.080000,42.750000,-1.180000,-6.350000,281.119995,67.080002,94093.093750,24.69,113.1,64.062500,PM2.5,2770
45.349998,67.889999,18.469999,33.330002,1.060000,41.070000,-1.100000,-5.570000,281.769989,68.419998,96471.320312,24.68,113.24,62.937500,PM2.5,2771
40.950001,60.500000,17.000000,32.160000,0.920000,41.910000,-1.080000,-4.570000,282.890015,65.559998,99236.359375,24.67,113.39,57.437500,PM2.5,2772
38.759998,56.740002,16.770000,32.360001,0.850000,41.799999,-1.790000,-5.060000,283.679993,62.380001,101122.820312,24.66,113.54,54.699997,PM2.5,2773
37.119999,53.750000,15.920000,25.469999,0.810000,44.689999,-3.730000,-5.560000,283.350006,60.919998,99774.062500,24.65,113.69,52.649998,PM2.5,2774
36.709999,52.509998,15.580000,20.990000,0.790000,47.200001,-4.600000,-6.160000,282.190002,62.340000,97456.726562,24.64,113.83,52.137497,PM2.5,2775
36.779999,51.869999,16.370001,19.950001,0.790000,50.459999,-3.840000,-6.350000,281.510010,65.080002,96618.976562,24.63,113.98,52.224998,PM2.5,2776
38.740002,54.419998,15.830000,19.760000,0.800000,49.090000,-3.920000,-7.250000,280.809998,70.339996,96395.609375,24.62,114.13,54.675003,PM2.5,2777
41.240002,58.939999,15.010000,20.530001,0.840000,45.310001,-4.030000,-6.770000,279.690002,78.209999,95920.726562,24.6,114.28,57.800003,PM2.5,2778
44.259998,62.650002,14.900000,19.760000,0.890000,43.389999,0.400000,-7.100000,279.309998,82.980003,96160.773438,24.56,114.87,61.574997,PM2.5,2782
41.080002,58.139999,13.510000,16.430000,0.840000,46.799999,1.810000,-6.820000,280.649994,78.300003,97572.390625,24.54,115.02,57.600002,PM2.5,2783
36.779999,52.419998,11.900000,13.610000,0.790000,50.590000,1.960000,-6.220000,282.329987,73.110001,99469.851562,24.53,115.16,52.224998,PM2.5,2784
34.480000,49.790001,10.220000,11.770000,0.760000,50.540001,0.740000,-5.800000,283.480011,66.980003,99859.453125,24.52,115.31,49.790001,PM10,2785
34.169998,49.500000,9.760000,11.000000,0.760000,50.840000,-0.780000,-4.960000,283.510010,65.959999,99169.406250,24.5,115.46,49.500000,PM10,2786
34.709999,50.459999,9.280000,10.810000,0.780000,48.139999,-1.720000,-6.580000,283.290009,66.099998,98187.570312,24.49,115.61,50.230000,PM10,2787
35.060001,51.009998,9.160000,11.530000,0.820000,47.369999,-1.400000,-6.920000,283.269989,67.010002,98110.546875,24.48,115.75,50.504997,PM10,2788
34.980000,50.930000,9.400000,13.040000,0.860000,45.959999,-0.350000,-6.650000,283.290009,69.389999,99090.156250,24.46,115.9,50.465000,PM10,2789
35.000000,50.549999,13.610000,21.680000,0.940000,44.520000,0.050000,-5.150000,283.980011,68.680000,99743.250000,24.45,116.05,50.275002,PM10,2790
35.400002,50.259998,14.560000,23.379999,0.950000,44.160000,-0.370000,-4.170000,284.700012,65.790001,100249.320312,24.44,116.19,50.500000,PM2.5,2791
34.709999,48.110001,14.840000,24.010000,0.930000,46.430000,-0.380000,-3.270000,284.739990,66.650002,100275.492188,24.42,116.34,49.585712,PM2.5,2792
35.150002,47.860001,15.020000,24.889999,0.930000,47.590000,0.370000,-3.270000,284.730011,67.110001,100148.023438,24.41,116.49,50.187500,PM2.5,2793
35.340000,47.799999,14.500000,25.030001,0.920000,49.150002,0.370000,-2.100000,284.869995,66.989998,100012.828125,24.39,116.64,50.424999,PM2.5,2794
34.840000,47.290001,14.330000,25.030001,0.880000,50.310001,-1.480000,-2.230000,284.940002,64.680000,98544.226562,24.38,116.78,49.771427,PM2.5,2795
61.099998,92.489998,21.340000,18.430000,1.010000,47.110001,-1.120000,-3.870000,282.760010,63.060001,97750.789062,24.89,112.22,82.625000,PM2.5,2909
59.669998,92.629997,22.290001,23.200001,1.110000,45.919998,-1.290000,-3.790000,284.429993,59.139999,100499.906250,24.88,112.37,80.837494,PM2.5,2910
57.000000,89.580002,22.070000,27.020000,1.160000,45.060001,-3.120000,-6.330000,283.369995,62.759998,98884.007812,24.87,112.51,77.500000,PM2.5,2911
52.959999,82.730003,20.170000,27.680000,1.130000,44.810001,-4.530000,-7.270000,281.230011,67.650002,94932.570312,24.86,112.66,72.449997,PM2.5,2912
49.250000,75.900002,18.639999,26.299999,1.060000,45.599998,-4.110000,-7.080000,279.980011,69.589996,92323.640625,24.85,112.81,67.812500,PM2.5,2913
50.090000,76.930000,20.129999,31.290001,1.150000,41.689999,-1.610000,-6.930000,278.959991,72.209999,90737.390625,24.84,112.96,68.862503,PM2.5,2914
47.759998,71.029999,21.709999,34.110001,1.140000,43.570000,0.650000,-6.000000,280.190002,70.150002,92869.703125,24.83,113.11,65.949997,PM2.5,2915
46.810001,70.860001,20.540001,36.410000,1.170000,40.360001,0.350000,-5.470000,282.190002,65.889999,96555.656250,24.82,113.25,64.762505,PM2.5,2916
41.299999,61.720001,19.740000,34.490002,0.990000,42.340000,-1.010000,-3.280000,283.309998,64.050003,99576.046875,24.81,113.4,57.875000,PM2.5,2917
39.009998,57.529999,18.600000,32.349998,0.880000,41.849998,-2.170000,-3.400000,283.910004,61.720001,101471.156250,24.8,113.55,55.012497,PM2.5,2918
37.270000,54.299999,17.510000,25.559999,0.840000,44.380001,-4.270000,-4.340000,283.739990,60.900002,100816.921875,24.78,113.7,52.837502,PM2.5,2919
37.340000,53.439999,17.190001,22.450001,0.830000,46.220001,-6.040000,-4.760000,282.089996,64.989998,98185.492188,24.77,113.85,52.924999,PM2.5,2920
38.400002,53.849998,17.799999,22.139999,0.840000,47.970001,-5.300000,-4.880000,280.250000,71.589996,95977.132812,24.76,114.0,54.250000,PM2.5,2921
41.180000,58.660000,16.840000,23.200001,0.880000,44.279999,-3.560000,-5.120000,279.399994,78.129997,95751.992188,24.75,114.14,57.724998,PM2.5,2922
40.799999,57.660000,17.790001,22.480000,0.890000,47.040001,-2.460000,-4.920000,279.779999,77.940002,96359.023438,24.74,114.29,57.250000,PM2.5,2923
41.730000,59.480000,14.540000,16.090000,0.900000,44.709999,2.140000,-5.940000,280.329987,81.180000,98260.828125,24.68,115.03,58.412498,PM2.5,2928
37.020000,52.490002,12.390000,12.680000,0.820000,49.630001,1.760000,-5.670000,281.470001,76.680000,98658.273438,24.67,115.18,52.525002,PM2.5,2929
34.950001,49.830002,10.330000,10.720000,0.780000,49.349998,0.660000,-6.270000,282.410004,68.849998,97967.281250,24.65,115.33,49.928574,PM2.5,2930
34.419998,49.400002,9.820000,9.860000,0.780000,49.849998,-0.810000,-5.150000,282.959991,66.230003,98369.882812,24.64,115.47,49.400002,PM10,2931
34.389999,49.919998,9.420000,11.670000,0.850000,46.970001,0.120000,-7.040000,283.059998,69.580002,98696.421875,24.6,115.92,49.919998,PM10,2934
33.119999,47.660000,12.040000,15.870000,0.890000,49.430000,-0.060000,-5.190000,283.630005,69.480003,99210.492188,24.58,116.06,47.660000,PM10,2935
34.380001,48.880001,12.270000,17.340000,0.930000,46.340000,-0.640000,-5.230000,284.230011,66.089996,99024.593750,24.57,116.21,49.114288,PM2.5,2936
34.419998,47.779999,13.460000,19.010000,0.930000,47.680000,-0.680000,-4.730000,284.450012,65.989998,99318.023438,24.56,116.36,49.171425,PM2.5,2937
34.799999,47.459999,14.320000,21.860001,0.930000,47.220001,-0.290000,-4.380000,284.510010,66.050003,99540.273438,24.54,116.51,49.714283,PM2.5,2938
34.230000,46.560001,15.240000,23.920000,0.910000,48.029999,-0.700000,-2.620000,284.980011,64.849998,99571.273438,24.53,116.65,48.899998,PM2.5,2939
61.259998,92.239998,22.629999,18.080000,1.040000,48.810001,-1.480000,-6.760000,282.980011,60.580002,97436.523438,25.02,112.23,82.824997,PM2.5,3054
61.150002,94.269997,23.150000,21.570000,1.160000,47.240002,-2.440000,-7.100000,283.519989,59.529999,98264.312500,25.01,112.38,82.687500,PM2.5,3055
60.919998,96.320000,23.830000,26.740000,1.280000,45.599998,-3.410000,-7.220000,282.279999,66.360001,97770.617188,25.0,112.52,82.399994,PM2.5,3056
57.070000,90.959999,22.270000,28.840000,1.280000,44.770000,-3.710000,-5.820000,280.760010,72.190002,95807.187500,24.99,112.67,77.587502,PM2.5,3057
50.709999,78.099998,21.709999,35.730000,1.260000,40.630001,1.680000,-5.110000,279.190002,75.730003,92473.453125,24.96,113.12,69.637497,PM2.5,3060
48.740002,75.150002,21.620001,37.099998,1.280000,40.090000,2.110000,-5.060000,281.179993,69.529999,95132.148438,24.95,113.27,67.175003,PM2.5,3061
43.209999,66.000000,20.820000,35.480000,1.120000,40.740002,0.240000,-2.040000,283.690002,62.349998,99706.796875,24.94,113.41,60.262497,PM2.5,3062
39.610001,59.700001,20.549999,31.549999,0.960000,42.099998,-1.790000,-1.690000,284.540009,59.660000,102201.531250,24.93,113.56,55.762501,PM2.5,3063
37.580002,55.529999,18.980000,24.540001,0.880000,45.209999,-3.630000,-3.440000,283.970001,59.869999,101186.203125,24.92,113.71,53.225002,PM2.5,3064
37.799999,54.860001,19.010000,22.820000,0.870000,46.930000,-5.230000,-2.880000,282.160004,66.910004,99127.093750,24.91,113.86,53.500000,PM2.5,3065
39.700001,57.189999,18.920000,23.780001,0.910000,45.820000,-4.780000,-2.840000,281.010010,72.099998,98363.453125,24.9,114.01,55.875000,PM2.5,3066
41.000000,58.939999,18.750000,24.400000,0.940000,44.770000,-3.700000,-3.690000,280.980011,72.760002,98579.398438,24.89,114.16,57.500000,PM2.5,3067
41.279999,58.509998,19.240000,23.629999,0.960000,46.099998,-3.290000,-5.120000,280.160004,76.089996,97014.523438,24.87,114.3,57.849998,PM2.5,3068
34.060001,48.990002,9.840000,9.410000,0.830000,50.230000,-0.840000,-6.600000,282.179993,70.029999,97345.890625,24.75,115.78,48.990002,PM10,3078
34.160000,49.349998,9.610000,10.790000,0.860000,48.029999,0.430000,-6.780000,282.369995,71.790001,98060.156250,24.73,115.93,49.349998,PM10,3079
32.750000,47.119999,11.850000,14.650000,0.890000,49.990002,-0.190000,-5.150000,283.019989,70.959999,98528.632812,24.72,116.08,47.119999,PM10,3080
33.680000,47.970001,12.510000,15.950000,0.930000,48.259998,-0.800000,-5.460000,283.149994,69.449997,97555.210938,24.7,116.23,48.114285,PM2.5,3081
34.669998,48.200001,13.370000,18.250000,0.950000,46.869999,-0.210000,-5.070000,283.260010,69.300003,97911.492188,24.69,116.37,49.528568,PM2.5,3082
34.799999,47.840000,16.049999,24.770000,0.950000,44.680000,-1.470000,-3.230000,284.269989,65.989998,98458.343750,24.66,116.67,49.714283,PM2.5,3084
63.310001,94.349998,24.209999,18.889999,1.070000,49.549999,-1.750000,-8.060000,279.679993,71.800003,93504.382812,25.15,112.24,85.387505,PM2.5,3199
52.590000,83.339996,23.490000,36.970001,1.350000,40.209999,1.390000,-3.480000,280.000000,74.779999,94359.203125,25.1,113.13,71.987503,PM2.5,3205
49.270000,77.889999,22.200001,35.950001,1.330000,40.709999,2.760000,-3.570000,281.190002,70.320000,95529.500000,25.09,113.28,67.837502,PM2.5,3206
43.730000,68.959999,21.520000,33.340000,1.270000,42.259998,1.170000,-1.150000,283.779999,61.419998,99314.203125,25.08,113.43,60.912498,PM2.5,3207
39.779999,61.310001,21.420000,28.510000,1.060000,43.849998,-1.430000,-1.630000,284.390015,58.700001,100851.492188,25.06,113.57,55.974998,PM2.5,3208
37.250000,55.459999,19.240000,22.139999,0.900000,46.060001,-2.530000,-3.680000,283.950012,57.650002,100447.273438,25.05,113.72,52.812500,PM2.5,3209
37.360001,54.849998,19.350000,21.379999,0.890000,47.150002,-3.730000,-3.120000,282.929993,59.900002,99025.773438,25.04,113.87,52.950001,PM2.5,3210
39.349998,57.520000,19.240000,22.389999,0.940000,45.240002,-4.750000,-4.600000,282.029999,64.029999,98434.281250,25.03,114.02,55.437500,PM2.5,3211
40.740002,58.950001,20.059999,23.990000,0.990000,44.860001,-4.630000,-4.980000,281.429993,70.010002,99024.171875,25.02,114.17,57.175003,PM2.5,3212
42.369999,60.459999,20.920000,25.180000,1.050000,44.419998,-3.840000,-5.180000,280.130005,76.980003,97676.820312,25.01,114.32,59.212498,PM2.5,3213
33.480000,48.099998,9.950000,9.800000,0.870000,49.759998,1.130000,-6.020000,282.029999,72.779999,97876.117188,24.87,115.95,48.099998,PM10,3224
32.250000,46.310001,11.630000,13.160000,0.890000,50.709999,-0.300000,-4.940000,282.579987,71.419998,98026.507812,24.85,116.09,46.310001,PM10,3225
52.389999,84.989998,24.280001,36.419998,1.410000,40.790001,0.940000,-2.850000,281.760010,69.320000,97568.031250,25.23,113.14,71.737503,PM2.5,3349
47.590000,76.400002,21.320000,31.209999,1.290000,43.130001,1.480000,-3.100000,281.769989,67.879997,96587.429688,25.22,113.29,65.737503,PM2.5,3350
42.439999,67.169998,20.430000,26.760000,1.130000,46.849998,0.160000,-2.550000,282.390015,62.790001,95501.546875,25.21,113.44,59.299999,PM2.5,3351
40.070000,62.070000,20.820000,24.150000,1.080000,46.880001,-1.090000,-3.780000,282.829987,60.650002,96318.898438,25.2,113.59,56.337502,PM2.5,3352
36.889999,54.639999,19.370001,19.230000,0.910000,48.549999,-1.610000,-4.280000,283.880005,57.310001,99744.726562,25.19,113.74,52.362499,PM2.5,3353
36.669998,53.540001,19.510000,18.709999,0.890000,49.160000,-3.430000,-4.710000,283.230011,56.660000,98794.023438,25.18,113.88,52.087498,PM2.5,3354
38.770000,56.549999,19.400000,20.139999,0.960000,45.849998,-4.790000,-6.710000,280.820007,64.059998,95563.492188,25.17,114.03,54.712502,PM2.5,3355
40.049999,57.849998,21.280001,22.230000,1.030000,45.840000,-3.700000,-5.520000,280.309998,71.330002,96822.687500,25.15,114.18,56.312500,PM2.5,3356
42.660000,62.369999,22.420000,25.680000,1.130000,42.270000,-2.420000,-3.880000,280.950012,73.650002,99331.773438,25.14,114.33,59.575001,PM2.5,3357
43.160000,62.830002,25.870001,26.070000,1.210000,42.040001,-1.500000,-3.830000,281.029999,74.709999,99694.781250,25.13,114.48,60.200001,PM2.5,3358
43.040001,62.520000,29.570000,25.360001,1.290000,42.939999,-0.980000,-4.580000,280.859985,76.360001,99447.187500,25.12,114.63,60.050003,PM2.5,3359
51.250000,85.180000,24.100000,33.389999,1.430000,43.160000,-0.080000,-4.130000,282.920013,64.550003,99225.421875,25.37,113.15,70.312500,PM2.5,3495
46.520000,73.760002,19.780001,23.520000,1.180000,47.580002,-1.000000,-4.160000,281.660004,65.330002,95372.406250,25.36,113.3,64.400002,PM2.5,3496
43.439999,67.730003,19.440001,21.530001,1.120000,49.560001,-0.720000,-4.520000,279.880005,67.750000,91375.179688,25.34,113.45,60.549999,PM2.5,3497
37.430000,54.830002,19.230000,16.379999,0.920000,52.049999,-1.240000,-4.970000,282.519989,61.230000,97469.062500,25.32,113.75,53.037498,PM2.5,3499
37.270000,53.720001,19.250000,16.230000,0.900000,51.450001,-3.580000,-5.900000,281.920013,60.790001,97293.789062,25.31,113.9,52.837502,PM2.5,3500
39.750000,58.259998,21.209999,20.600000,1.060000,44.750000,-2.480000,-5.960000,280.799988,66.910004,96852.273438,25.29,114.19,55.937500,PM2.5,3502
40.549999,59.580002,24.500000,22.950001,1.150000,44.709999,-2.110000,-4.870000,281.989990,66.449997,99677.007812,25.28,114.34,56.937500,PM2.5,3503
41.610001,60.950001,28.540001,24.900000,1.260000,43.639999,-1.850000,-5.020000,281.700012,70.379997,100093.171875,25.26,114.49,58.262501,PM2.5,3504
43.330002,64.019997,32.150002,26.740000,1.380000,41.299999,-1.250000,-5.830000,281.250000,73.900002,99755.953125,25.25,114.64,60.412502,PM2.5,3505
41.009998,59.830002,31.030001,23.860001,1.280000,45.720001,-1.670000,-6.710000,281.010010,71.760002,98766.976562,25.4,114.51,57.512497,PM2.5,3647
