PM2.5(微克每立方米),PM10(微克每立方米),SO2(微克每立方米),NO2(微克每立方米),CO(毫克每立方米),O3(微克每立方米),U(m/s),V(m/s),TEMP(K),RH(%),PSFC(Pa),lat,lon,AQI,Major pollutants,id
20.389999,32.419998,6.800000,4.010000,0.700000,54.320000,2.090000,6.730000,294.640015,74.430000,81759.156250,26.15,101.91,32.419998,PM10,3990
19.110001,29.490000,6.610000,4.660000,0.640000,54.610001,1.870000,5.840000,296.309998,67.500000,83411.117188,26.15,102.06,29.490000,PM10,3991
23.260000,41.169998,9.880000,4.450000,0.980000,54.730000,0.150000,4.580000,292.799988,82.059998,79626.726562,26.28,101.61,41.169998,PM10,4130
21.660000,37.790001,9.320000,4.260000,0.880000,55.279999,1.600000,5.600000,294.130005,76.860001,80998.953125,26.28,101.76,37.790001,PM10,4131
19.959999,33.919998,8.150000,4.240000,0.780000,53.779999,1.390000,6.140000,296.299988,69.169998,83380.828125,26.28,101.91,33.919998,PM10,4132
20.190001,32.799999,7.600000,4.820000,0.710000,53.349998,1.150000,5.280000,295.700012,70.650002,82984.523438,26.29,102.06,32.799999,PM10,4133
20.290001,31.340000,7.020000,5.200000,0.660000,54.880001,2.470000,5.220000,295.540009,68.720001,82418.210938,26.29,102.21,31.340000,PM10,4134
21.209999,31.750000,6.670000,5.830000,0.640000,55.040001,2.900000,3.780000,295.239990,68.290001,81598.343750,26.29,102.36,31.750000,PM10,4135
25.469999,37.189999,9.000000,9.710000,0.660000,57.430000,2.290000,3.240000,293.760010,72.320000,80130.148438,26.3,102.66,37.189999,PM10,4137
22.469999,46.439999,15.670000,5.890000,1.130000,53.849998,0.680000,3.270000,296.970001,68.260002,84137.523438,26.41,101.75,46.439999,PM10,4273
20.770000,41.200001,13.720000,5.490000,1.000000,52.590000,-0.500000,4.550000,297.799988,65.430000,85390.968750,26.42,101.9,41.200001,PM10,4274
22.969999,42.459999,12.540000,5.660000,0.960000,52.099998,0.350000,4.890000,294.369995,75.730003,81708.273438,26.42,102.05,42.459999,PM10,4275
23.000000,40.029999,11.540000,5.890000,0.920000,53.110001,1.970000,4.370000,294.480011,73.570000,81538.617188,26.43,102.2,40.029999,PM10,4276
25.070000,42.119999,12.760000,7.540000,1.010000,55.009998,1.590000,1.510000,295.250000,70.739998,82552.046875,26.43,102.36,42.119999,PM10,4277
26.860001,42.869999,12.250000,7.860000,0.990000,57.130001,0.980000,1.270000,294.119995,72.910004,80826.312500,26.43,102.51,42.869999,PM10,4278
29.350000,43.939999,12.520000,8.680000,0.950000,58.169998,2.490000,2.710000,291.269989,81.699997,77407.367188,26.44,102.66,43.939999,PM10,4279
28.920000,40.849998,11.640000,7.830000,0.840000,62.480000,3.910000,3.490000,291.260010,79.660004,76836.367188,26.44,102.81,41.314285,PM2.5,4280
27.049999,37.500000,10.590000,7.170000,0.760000,65.320000,1.920000,2.730000,294.489990,68.610001,80469.929688,26.44,102.96,38.642857,PM2.5,4281
30.139999,68.489998,31.920000,19.870001,1.720000,51.910000,-0.010000,1.200000,297.130005,68.629997,85047.976562,26.54,101.44,59.244999,PM10,4409
34.049999,77.470001,47.360001,31.480000,1.970000,46.869999,-0.460000,1.970000,296.940002,69.610001,84622.117188,26.55,101.6,63.735001,PM10,4410
25.389999,57.450001,30.420000,14.100000,1.430000,52.700001,-1.430000,2.150000,298.250000,66.010002,86357.500000,26.55,101.75,53.724998,PM10,4411
23.780001,51.669998,22.299999,8.700000,1.230000,51.750000,-1.540000,4.430000,296.619995,69.320000,84281.632812,26.55,101.9,50.834999,PM10,4412
26.070000,52.770000,18.280001,6.630000,1.190000,51.709999,-0.050000,5.480000,292.420013,82.339996,79359.921875,26.56,102.05,51.385002,PM10,4413
27.400000,53.169998,18.879999,8.180000,1.270000,51.160000,1.270000,3.830000,292.470001,81.839996,79576.242188,26.56,102.2,51.584999,PM10,4414
29.750000,56.090000,24.840000,11.960000,1.430000,52.900002,1.260000,1.660000,293.559998,77.010002,80889.078125,26.56,102.35,53.044998,PM10,4415
30.309999,52.709999,23.070000,10.910000,1.330000,56.540001,1.470000,1.920000,292.739990,78.500000,79639.796875,26.57,102.5,51.355000,PM10,4416
31.870001,50.340000,19.600000,9.810000,1.250000,57.540001,3.510000,3.720000,290.790009,83.290001,76861.718750,26.57,102.65,50.169998,PM10,4417
31.010000,45.320000,15.810000,8.110000,1.110000,61.099998,4.470000,4.620000,291.250000,78.839996,76439.781250,26.57,102.81,45.320000,PM10,4418
29.709999,41.290001,13.120000,7.020000,0.970000,64.480003,1.780000,4.200000,293.609985,71.440002,79242.812500,26.58,102.96,42.442856,PM2.5,4419
40.549999,87.949997,45.060001,44.250000,2.110000,46.360001,-1.860000,1.970000,295.250000,74.830002,82853.523438,26.68,101.59,68.974998,PM10,4548
28.580000,63.830002,33.110001,18.980000,1.530000,51.419998,-1.610000,3.130000,296.220001,71.129997,84026.617188,26.69,101.74,56.915001,PM10,4549
25.600000,56.950001,27.590000,10.740000,1.320000,53.619999,-0.500000,5.160000,295.489990,71.739998,82626.257812,26.69,101.89,53.474998,PM10,4550
27.340000,58.770000,22.920000,7.560000,1.340000,51.970001,0.050000,6.370000,292.559998,80.360001,78978.976562,26.69,102.04,54.385002,PM10,4551
30.670000,62.720001,24.139999,9.680000,1.510000,50.130001,0.500000,5.140000,290.459991,87.790001,76970.390625,26.7,102.2,56.360001,PM10,4552
33.000000,64.959999,30.639999,13.840000,1.640000,50.889999,1.570000,3.060000,290.839996,86.250000,77690.960938,26.7,102.35,57.480000,PM10,4553
32.660000,59.860001,28.980000,12.980000,1.550000,54.070000,2.720000,2.410000,290.989990,84.440002,77664.992188,26.7,102.5,54.930000,PM10,4554
33.369999,55.240002,24.889999,10.890000,1.470000,56.480000,5.050000,4.240000,290.369995,85.269997,76499.593750,26.71,102.65,52.620003,PM10,4555
30.660000,47.080002,20.059999,8.880000,1.340000,59.360001,4.900000,4.250000,293.989990,69.769997,79353.070312,26.71,102.8,47.080002,PM10,4556
29.530001,42.299999,16.299999,7.570000,1.190000,62.669998,1.370000,3.480000,296.709991,62.860001,82902.421875,26.71,102.95,42.299999,PM10,4557
37.810001,85.790001,32.950001,23.440001,1.800000,55.570000,-1.120000,0.430000,294.470001,77.750000,82193.140625,26.81,101.43,67.895004,PM10,4685
39.709999,87.930000,36.680000,34.970001,1.920000,51.770000,-1.370000,2.040000,293.760010,80.669998,81223.906250,26.82,101.59,68.964996,PM10,4686
31.120001,67.620003,30.250000,18.120001,1.490000,53.220001,-0.640000,3.710000,293.809998,78.760002,81193.570312,26.82,101.74,58.810001,PM10,4687
26.290001,56.959999,26.590000,10.810000,1.300000,54.759998,0.620000,4.710000,294.890015,73.620003,81978.796875,26.82,101.89,53.480000,PM10,4688
26.020000,55.939999,22.730000,7.980000,1.310000,52.869999,0.870000,5.740000,294.869995,72.239998,81442.960938,26.83,102.04,52.970001,PM10,4689
28.990000,58.410000,22.850000,8.300000,1.390000,52.509998,0.570000,6.580000,291.510010,82.059998,77402.968750,26.83,102.19,54.205002,PM10,4690
32.900002,62.549999,27.400000,11.730000,1.510000,51.950001,1.370000,5.470000,289.010010,90.250000,74874.460938,26.84,102.34,56.275002,PM10,4691
32.549999,57.490002,25.230000,10.660000,1.400000,54.630001,3.820000,4.130000,288.709991,89.669998,74359.328125,26.84,102.5,53.745003,PM10,4692
31.420000,50.540001,21.900000,8.760000,1.280000,58.849998,5.660000,4.810000,290.250000,83.639999,75597.726562,26.84,102.65,50.270000,PM10,4693
29.250000,45.160000,19.469999,8.800000,1.280000,59.130001,2.570000,2.130000,296.420013,63.520000,82502.906250,26.84,102.8,45.160000,PM10,4694
33.279999,67.669998,23.360001,10.910000,1.300000,60.790001,-1.290000,-0.580000,292.220001,83.309998,79311.742188,26.94,101.28,58.834999,PM10,4822
31.900000,68.000000,25.860001,13.520000,1.390000,61.939999,-1.390000,-0.260000,295.119995,73.760002,82924.703125,26.95,101.43,59.000000,PM10,4823
35.240002,76.650002,30.430000,19.930000,1.570000,59.740002,-0.810000,0.870000,294.299988,77.099998,81856.367188,26.95,101.58,63.325001,PM10,4824
32.279999,69.290001,28.370001,14.410000,1.440000,56.810001,0.010000,2.680000,292.809998,82.110001,80051.867188,26.96,101.73,59.645000,PM10,4825
28.010000,58.799999,25.690001,9.700000,1.270000,57.060001,0.760000,3.330000,293.140015,80.489998,80186.703125,26.96,101.88,54.400002,PM10,4826
26.350000,54.779999,22.670000,7.970000,1.270000,55.020000,1.560000,4.150000,294.279999,74.970001,81155.367188,26.96,102.04,52.389999,PM10,4827
26.370001,52.480000,21.840000,7.740000,1.280000,55.009998,1.510000,5.270000,294.299988,73.080002,80559.890625,26.97,102.19,51.239998,PM10,4828
30.059999,55.759998,23.620001,8.880000,1.330000,54.330002,1.420000,6.190000,290.589996,84.139999,76253.578125,26.97,102.34,52.879997,PM10,4829
31.959999,54.910000,22.799999,8.620000,1.280000,55.860001,4.070000,5.670000,287.839996,90.449997,72753.453125,26.97,102.49,52.455002,PM10,4830
31.080000,49.459999,20.660000,8.120000,1.240000,58.330002,3.340000,4.150000,291.700012,76.059998,76498.843750,26.98,102.64,49.459999,PM10,4831
31.719999,46.279999,17.680000,7.380000,1.160000,65.339996,-1.340000,1.010000,296.700012,64.500000,83760.109375,26.98,102.8,46.279999,PM10,4832
33.930000,64.910004,20.820000,7.970000,1.210000,65.489998,-1.350000,0.930000,289.130005,92.269997,75172.843750,27.08,101.27,57.455002,PM10,4960
32.090000,62.790001,21.280001,8.910000,1.200000,65.410004,-1.400000,0.630000,290.730011,86.440002,77108.023438,27.08,101.42,56.395000,PM10,4961
36.099998,72.980003,26.459999,13.330000,1.390000,65.580002,-0.010000,1.060000,290.519989,88.839996,77113.226562,27.09,101.58,61.490002,PM10,4962
33.410000,68.080002,26.490000,12.050000,1.360000,63.689999,1.220000,2.040000,291.929993,83.739998,78869.218750,27.09,101.73,59.040001,PM10,4963
29.500000,59.180000,24.299999,8.730000,1.250000,60.849998,1.290000,2.290000,292.670013,81.709999,79747.492188,27.1,101.88,54.590000,PM10,4964
28.080000,55.509998,21.730000,7.670000,1.240000,56.700001,1.860000,3.750000,292.070007,82.870003,78673.773438,27.1,102.03,52.754997,PM10,4965
25.690001,49.310001,20.030001,7.080000,1.200000,56.230000,1.910000,3.640000,294.470001,73.790001,81279.843750,27.1,102.18,49.310001,PM10,4966
27.250000,48.450001,20.400000,7.300000,1.170000,57.320000,2.050000,5.060000,292.250000,79.180000,78298.156250,27.11,102.34,48.450001,PM10,4967
29.719999,49.220001,19.580000,7.030000,1.150000,58.049999,3.820000,5.360000,289.049988,85.519997,73633.531250,27.11,102.49,49.220001,PM10,4968
31.330000,47.959999,19.049999,7.300000,1.170000,60.369999,1.490000,3.120000,292.410004,74.300003,77423.890625,27.11,102.64,47.959999,PM10,4969
33.480000,45.869999,16.360001,6.570000,1.000000,68.820000,-1.620000,2.490000,293.809998,73.440002,80530.117188,27.12,102.79,47.828571,PM2.5,4970
34.849998,61.709999,18.980000,5.810000,1.230000,67.949997,0.190000,3.210000,287.640015,93.639999,72139.296875,27.21,101.11,55.855000,PM10,5097
33.270000,60.500000,19.080000,6.500000,1.170000,67.169998,-1.150000,3.230000,287.820007,94.010002,72944.523438,27.21,101.27,55.250000,PM10,5098
33.570000,61.959999,19.780001,7.360000,1.160000,65.849998,-0.500000,3.360000,285.970001,98.660004,70400.250000,27.22,101.42,55.980000,PM10,5099
36.340000,69.730003,24.469999,10.250000,1.290000,67.489998,1.010000,3.070000,286.290009,97.800003,70621.289062,27.22,101.57,59.865002,PM10,5100
33.430000,64.570000,24.860001,9.160000,1.280000,68.779999,1.330000,2.530000,290.269989,87.180000,76231.406250,27.23,101.72,57.285000,PM10,5101
30.530001,58.500000,22.920000,7.940000,1.220000,67.150002,1.500000,2.310000,292.459991,81.089996,79572.117188,27.23,101.88,54.250000,PM10,5102
29.270000,55.090000,20.600000,7.390000,1.210000,59.930000,2.430000,4.650000,291.059998,85.449997,77386.148438,27.23,102.03,52.544998,PM10,5103
26.160000,47.320000,18.299999,6.490000,1.130000,58.830002,1.990000,4.110000,293.269989,77.400002,79710.101562,27.24,102.18,47.320000,PM10,5104
26.299999,44.279999,17.660000,6.410000,1.070000,59.270000,1.980000,4.110000,292.529999,78.419998,78839.796875,27.24,102.33,44.279999,PM10,5105
28.059999,44.060001,16.500000,6.080000,1.030000,59.450001,3.180000,4.210000,290.250000,82.449997,75208.992188,27.25,102.49,44.060001,PM10,5106
29.940001,43.520000,15.860000,6.190000,1.020000,61.720001,2.110000,3.000000,291.730011,77.529999,76831.140625,27.25,102.64,43.520000,PM10,5107
32.549999,43.040001,14.290000,5.910000,0.860000,67.699997,1.370000,3.790000,292.399994,75.910004,78083.437500,27.25,102.79,46.500000,PM2.5,5108
31.740000,51.040001,14.190000,4.480000,1.100000,67.820000,0.420000,2.940000,288.540009,89.070000,72897.210938,27.34,101.11,50.520000,PM10,5236
31.459999,54.020000,16.270000,5.640000,1.150000,68.300003,0.190000,3.980000,289.010010,86.459999,73635.609375,27.35,101.26,52.010002,PM10,5237
32.630001,57.869999,17.850000,6.410000,1.190000,66.410004,0.710000,4.080000,287.540009,89.419998,71197.632812,27.35,101.41,53.934998,PM10,5238
36.540001,66.680000,22.080000,8.940000,1.340000,67.430000,1.010000,3.530000,285.790009,95.980003,69170.546875,27.36,101.57,58.340000,PM10,5239
35.919998,65.879997,23.910000,8.980000,1.330000,70.330002,1.160000,3.070000,287.339996,94.779999,71998.390625,27.36,101.72,57.939999,PM10,5240
31.879999,57.240002,21.700001,7.190000,1.210000,69.839996,2.880000,4.100000,290.079987,86.510002,75910.859375,27.37,101.87,53.620003,PM10,5241
28.600000,51.080002,19.459999,6.710000,1.180000,64.309998,3.400000,5.590000,292.390015,78.070000,78054.468750,27.37,102.02,50.540001,PM10,5242
25.900000,44.160000,16.440001,6.260000,1.090000,60.520000,0.720000,4.330000,294.109985,74.120003,80625.437500,27.37,102.18,44.160000,PM10,5243
26.080000,40.380001,14.940000,5.610000,0.970000,62.139999,0.810000,3.590000,292.440002,79.349998,78923.617188,27.38,102.33,40.380001,PM10,5244
27.620001,40.110001,13.830000,5.440000,0.940000,61.070000,3.050000,3.890000,290.790009,81.580002,76223.781250,27.38,102.48,40.110001,PM10,5245
29.370001,39.849998,12.870000,5.290000,0.880000,62.660000,3.050000,3.150000,290.670013,81.599998,75646.226562,27.38,102.63,41.957146,PM2.5,5246
30.170000,38.400002,11.110000,4.950000,0.700000,65.720001,2.870000,2.230000,291.549988,78.559998,76727.796875,27.39,102.79,43.099998,PM2.5,5247
26.850000,36.410000,6.340000,3.300000,0.800000,62.080002,0.800000,1.800000,288.820007,86.570000,72994.460938,27.47,100.95,38.357143,PM2.5,5380
30.000000,43.060001,10.280000,3.250000,0.930000,69.110001,0.370000,2.070000,288.459991,88.930000,72784.218750,27.48,101.1,43.060001,PM10,5381
31.150000,48.639999,13.580000,4.760000,1.110000,68.480003,1.190000,2.670000,288.989990,86.720001,73529.000000,27.48,101.26,48.639999,PM10,5382
31.020000,50.349998,14.880000,5.380000,1.160000,70.440002,1.460000,1.880000,290.220001,80.449997,74769.796875,27.49,101.41,50.174999,PM10,5383
32.290001,53.000000,16.959999,5.860000,1.160000,71.550003,0.990000,2.000000,288.549988,85.730003,72505.289062,27.49,101.56,51.500000,PM10,5384
35.200001,58.139999,19.870001,6.640000,1.240000,71.570000,1.620000,2.870000,286.420013,94.970001,70273.140625,27.5,101.71,54.070000,PM10,5385
32.180000,52.950001,19.590000,6.260000,1.190000,71.040001,2.650000,4.340000,289.489990,85.889999,74026.960938,27.5,101.87,51.474998,PM10,5386
26.980000,44.750000,17.240000,6.310000,1.150000,65.339996,0.970000,4.410000,295.149994,69.080002,81170.609375,27.51,102.02,44.750000,PM10,5387
25.590000,39.759998,13.880000,5.820000,1.010000,62.410000,-1.280000,4.750000,294.299988,73.209999,80753.601562,27.51,102.17,39.759998,PM10,5388
27.450001,38.740002,12.420000,5.060000,0.880000,62.480000,1.100000,4.760000,289.739990,87.070000,75258.742188,27.51,102.32,39.214287,PM2.5,5389
27.120001,36.580002,11.580000,4.740000,0.810000,62.680000,3.250000,4.230000,291.320007,80.190002,76844.523438,27.52,102.48,38.742859,PM2.5,5390
28.340000,36.450001,10.800000,4.680000,0.730000,63.630001,1.800000,2.400000,292.070007,77.470001,77742.132812,27.52,102.63,40.485714,PM2.5,5391
30.910000,37.990002,9.610000,4.570000,0.580000,66.230003,2.100000,1.470000,289.239990,86.989998,74389.109375,27.52,102.78,44.157143,PM2.5,5392
29.719999,35.900002,8.350000,4.270000,0.420000,69.250000,3.550000,1.510000,290.809998,80.500000,75599.031250,27.52,102.94,42.457142,PM2.5,5393
27.799999,33.340000,7.470000,4.470000,0.320000,71.500000,2.860000,2.410000,295.049988,67.180000,80722.117188,27.53,103.09,39.714283,PM2.5,5394
27.040001,33.990002,5.520000,2.710000,0.660000,63.480000,0.170000,2.010000,287.750000,89.970001,71871.296875,27.61,100.94,38.628574,PM2.5,5531
28.760000,37.189999,7.430000,2.330000,0.750000,68.550003,0.360000,2.120000,287.149994,92.419998,71117.062500,27.61,101.1,41.085716,PM2.5,5532
31.070000,42.830002,10.750000,3.790000,0.960000,68.150002,1.620000,2.720000,286.510010,94.349998,70379.171875,27.62,101.25,44.385715,PM2.5,5533
30.070000,43.049999,12.320000,4.220000,0.990000,71.839996,1.940000,1.920000,288.140015,87.620003,72316.757812,27.62,101.4,43.049999,PM10,5534
29.740000,43.020000,12.860000,3.950000,0.970000,73.410004,1.670000,1.570000,288.380005,86.019997,72787.906250,27.63,101.56,43.020000,PM10,5535
32.540001,47.389999,15.700000,4.540000,1.060000,75.169998,2.050000,2.170000,286.989990,91.309998,70870.703125,27.63,101.71,47.389999,PM10,5536
31.559999,46.330002,16.490000,5.030000,1.100000,73.080002,1.010000,2.410000,290.220001,82.860001,74813.132812,27.64,101.86,46.330002,PM10,5537
27.160000,40.310001,14.780000,5.520000,1.050000,69.000000,-0.400000,2.300000,295.760010,67.870003,82640.820312,27.64,102.02,40.310001,PM10,5538
25.129999,35.810001,11.790000,5.340000,0.890000,63.900002,-0.040000,5.540000,294.980011,70.089996,81094.921875,27.64,102.17,35.899998,PM2.5,5539
26.980000,35.049999,10.600000,4.230000,0.750000,66.250000,1.530000,5.490000,289.380005,86.669998,73841.617188,27.65,102.32,38.542858,PM2.5,5540
27.629999,34.840000,9.970000,4.220000,0.670000,64.120003,1.870000,4.130000,289.899994,84.970001,74888.140625,27.65,102.47,39.471428,PM2.5,5541
28.620001,34.939999,9.380000,4.130000,0.570000,65.750000,1.000000,2.220000,291.649994,79.870003,77683.117188,27.65,102.63,40.885715,PM2.5,5542
30.360001,36.189999,8.630000,4.170000,0.460000,67.400002,2.210000,3.340000,288.549988,89.010002,73572.460938,27.66,102.78,43.371429,PM2.5,5543
30.520000,36.009998,7.880000,3.980000,0.360000,69.400002,3.820000,3.550000,287.920013,89.529999,72041.226562,27.66,102.93,43.600002,PM2.5,5544
28.110001,33.209999,7.170000,4.200000,0.290000,71.370003,2.110000,2.860000,293.320007,71.639999,78212.632812,27.66,103.09,40.157143,PM2.5,5545
28.750000,33.709999,7.300000,4.590000,0.280000,74.300003,0.220000,2.150000,296.070007,65.669998,82743.617188,27.67,103.24,41.071430,PM2.5,5546
28.490000,33.000000,4.250000,2.660000,0.490000,62.939999,0.070000,1.780000,286.109985,94.599998,71184.437500,27.74,100.79,40.700001,PM2.5,5685
26.389999,31.340000,4.400000,2.380000,0.500000,62.770000,0.270000,2.400000,287.100006,90.790001,70896.406250,27.75,100.94,37.700001,PM2.5,5686
28.110001,33.919998,5.570000,2.050000,0.570000,65.519997,1.360000,3.060000,285.609985,94.720001,68966.437500,27.75,101.09,40.157143,PM2.5,5687
29.440001,37.020000,7.880000,2.990000,0.720000,66.750000,2.530000,3.540000,286.079987,92.410004,69289.812500,27.76,101.24,42.057144,PM2.5,5688
29.840000,38.730000,9.730000,3.710000,0.810000,69.160004,2.300000,3.560000,287.059998,89.800003,70665.882812,27.76,101.4,42.628571,PM2.5,5689
30.309999,39.730000,10.440000,3.520000,0.830000,71.220001,2.210000,3.010000,286.920013,89.129997,70700.578125,27.76,101.55,43.299999,PM2.5,5690
32.060001,42.279999,12.460000,3.710000,0.910000,73.559998,1.940000,2.320000,287.269989,89.260002,71056.859375,27.77,101.7,45.800003,PM2.5,5691
31.920000,42.040001,13.570000,3.800000,0.920000,75.360001,0.310000,1.920000,289.529999,85.199997,74255.156250,27.77,101.86,45.599998,PM2.5,5692
29.950001,39.959999,13.470000,4.880000,0.870000,74.879997,-0.020000,2.260000,292.880005,75.930000,78976.921875,27.78,102.01,42.785717,PM2.5,5693
26.889999,35.820000,13.240000,6.260000,0.770000,67.820000,1.150000,3.760000,295.899994,66.970001,82694.882812,27.78,102.16,38.414284,PM2.5,5694
26.400000,33.330002,11.930000,5.340000,0.630000,65.900002,1.320000,2.880000,293.450012,73.239998,78914.132812,27.78,102.32,37.714287,PM2.5,5695
29.170000,35.310001,10.850000,4.850000,0.550000,64.559998,1.400000,3.850000,288.579987,89.680000,73371.296875,27.79,102.47,41.671429,PM2.5,5696
29.190001,34.320000,8.860000,3.980000,0.430000,66.830002,2.300000,3.490000,289.269989,87.989998,74586.507812,27.79,102.62,41.700001,PM2.5,5697
29.180000,34.049999,7.860000,3.850000,0.360000,67.720001,3.280000,4.410000,289.660004,85.730003,74977.156250,27.79,102.78,41.685715,PM2.5,5698
29.340000,34.189999,7.340000,3.870000,0.310000,69.309998,3.110000,3.640000,289.779999,82.480003,74301.640625,27.8,102.93,41.914288,PM2.5,5699
28.530001,33.389999,6.920000,4.080000,0.280000,72.029999,1.580000,1.830000,291.809998,76.940002,76881.562500,27.8,103.08,40.757145,PM2.5,5700
29.559999,34.049999,6.730000,4.020000,0.270000,74.089996,1.370000,1.810000,292.440002,76.739998,78123.773438,27.8,103.24,42.228569,PM2.5,5701
31.160000,35.740002,7.170000,4.260000,0.260000,76.419998,3.090000,3.580000,293.160004,75.839996,79258.023438,27.8,103.39,44.514286,PM2.5,5702
27.129999,41.389999,12.870000,11.340000,0.320000,77.379997,1.750000,6.220000,297.440002,67.879997,85428.531250,27.81,105.38,41.389999,PM10,5715
26.190001,40.770000,11.170000,10.070000,0.320000,75.730003,2.230000,6.110000,297.829987,67.879997,86229.523438,27.81,105.54,40.770000,PM10,5716
25.129999,40.040001,10.210000,9.310000,0.310000,73.930000,2.370000,5.320000,298.579987,66.349998,87483.476562,27.81,105.69,40.040001,PM10,5717
24.959999,40.580002,9.700000,9.180000,0.310000,70.650002,2.190000,4.690000,298.869995,65.279999,87916.398438,27.81,105.84,40.580002,PM10,5718
25.250000,42.049999,9.190000,9.650000,0.310000,65.250000,0.520000,2.920000,299.720001,63.310001,89249.523438,27.81,106.0,42.049999,PM10,5719
23.879999,41.009998,8.570000,10.210000,0.300000,61.040001,-1.010000,3.670000,300.559998,61.470001,90546.968750,27.81,106.15,41.009998,PM10,5720
22.750000,40.029999,8.480000,11.580000,0.290000,56.639999,-1.150000,5.960000,300.209991,63.040001,90117.937500,27.81,106.3,40.029999,PM10,5721
17.139999,18.230000,1.710000,1.170000,0.160000,55.959999,-0.720000,1.020000,288.190002,83.099998,71317.156250,27.86,100.32,24.485714,PM2.5,5839
24.450001,27.510000,3.000000,1.730000,0.280000,59.470001,0.410000,2.290000,286.410004,91.089996,69994.296875,27.88,100.78,34.928574,PM2.5,5842
24.900000,28.450001,3.510000,1.710000,0.320000,63.700001,1.190000,2.450000,286.820007,89.980003,70162.023438,27.88,100.93,35.571426,PM2.5,5843
26.080000,30.080000,4.120000,1.720000,0.380000,64.730003,2.210000,2.900000,286.579987,89.089996,69550.289062,27.89,101.09,37.257141,PM2.5,5844
26.709999,31.500000,5.500000,2.510000,0.470000,65.779999,2.310000,2.410000,288.329987,82.559998,71521.171875,27.89,101.24,38.157143,PM2.5,5845
27.150000,32.810001,7.070000,3.180000,0.550000,67.980003,1.780000,2.740000,289.700012,78.900002,73439.187500,27.9,101.39,38.785713,PM2.5,5846
28.500000,34.759998,7.820000,2.940000,0.590000,69.389999,1.770000,3.220000,288.769989,82.370003,72567.070312,27.9,101.55,40.714287,PM2.5,5847
30.660000,37.320000,8.860000,2.760000,0.640000,72.040001,1.570000,2.270000,287.970001,86.989998,71902.117188,27.9,101.7,43.799999,PM2.5,5848
31.450001,38.220001,10.630000,2.730000,0.660000,76.820000,0.910000,2.140000,288.940002,86.720001,73393.007812,27.91,101.85,44.928574,PM2.5,5849
32.810001,40.980000,14.370000,5.720000,0.690000,75.000000,0.080000,2.780000,290.850006,82.190002,76083.296875,27.91,102.01,46.871429,PM2.5,5850
30.120001,38.049999,17.459999,8.820000,0.610000,70.199997,-0.740000,1.980000,294.799988,70.169998,81706.406250,27.92,102.16,43.028572,PM2.5,5851
28.820000,35.400002,19.129999,9.270000,0.500000,68.120003,-0.250000,1.450000,294.079987,72.419998,80591.140625,27.92,102.31,41.171429,PM2.5,5852
29.990000,35.369999,13.740000,6.710000,0.410000,64.760002,1.610000,3.750000,288.609985,88.900002,73457.632812,27.92,102.47,42.842857,PM2.5,5853
29.190001,33.349998,9.220000,4.270000,0.330000,67.930000,3.160000,4.240000,288.000000,91.010002,72601.070312,27.93,102.62,41.700001,PM2.5,5854
28.190001,32.240002,7.540000,3.830000,0.290000,67.879997,3.470000,4.000000,290.149994,83.129997,75257.851562,27.93,102.77,40.271431,PM2.5,5855
28.540001,32.820000,7.010000,3.870000,0.280000,69.919998,2.410000,3.050000,290.619995,81.389999,75945.796875,27.93,102.93,40.771431,PM2.5,5856
28.750000,33.520000,6.880000,4.130000,0.270000,72.550003,2.260000,2.070000,289.820007,85.169998,75102.476562,27.93,103.08,41.071430,PM2.5,5857
29.340000,33.740002,6.610000,3.840000,0.260000,73.900002,3.260000,2.080000,290.500000,83.410004,75582.210938,27.94,103.23,41.914288,PM2.5,5858
29.160000,33.689999,6.840000,3.900000,0.260000,76.720001,3.460000,2.330000,294.420013,71.610001,80249.187500,27.94,103.39,41.657143,PM2.5,5859
29.850000,40.110001,9.780000,8.710000,0.350000,84.889999,1.970000,2.100000,301.220001,56.040001,88717.742188,27.95,104.46,42.642857,PM2.5,5866
29.309999,40.299999,9.990000,9.470000,0.360000,82.489998,1.420000,2.690000,301.329987,55.650002,88939.226562,27.95,104.62,41.871429,PM2.5,5867
28.889999,40.900002,11.870000,11.190000,0.370000,80.459999,1.240000,3.880000,301.799988,54.450001,89491.359375,27.95,104.77,41.271427,PM2.5,5868
27.350000,40.549999,13.080000,10.810000,0.330000,81.209999,1.780000,6.080000,299.839996,60.830002,87946.500000,27.95,105.38,40.549999,PM10,5872
27.370001,41.080002,11.380000,9.710000,0.330000,79.550003,1.100000,5.800000,298.790009,64.550003,87057.453125,27.95,105.54,41.080002,PM10,5873
27.820000,42.110001,10.660000,9.220000,0.320000,77.940002,1.840000,5.710000,297.369995,69.110001,85838.226562,27.95,105.69,42.110001,PM10,5874
26.969999,42.220001,10.390000,9.380000,0.330000,74.860001,2.670000,5.910000,298.609985,65.209999,87318.562500,27.95,105.84,42.220001,PM10,5875
26.820000,43.180000,9.890000,9.760000,0.330000,68.550003,0.890000,5.360000,299.720001,62.349998,88860.718750,27.95,106.0,43.180000,PM10,5876
25.969999,42.970001,9.460000,10.390000,0.320000,63.450001,-0.770000,5.250000,299.890015,63.389999,89596.773438,27.94,106.15,42.970001,PM10,5877
15.190000,15.790000,1.210000,1.250000,0.130000,51.630001,0.550000,0.460000,284.350006,90.709999,66294.492188,27.99,100.16,21.699999,PM2.5,6000
17.219999,18.090000,1.430000,1.050000,0.150000,54.930000,-0.890000,1.390000,285.750000,90.709999,68380.359375,27.99,100.31,24.599998,PM2.5,6001
17.580000,18.750000,1.670000,1.090000,0.160000,60.220001,0.000000,1.910000,286.100006,89.580002,68754.812500,28.0,100.47,25.114286,PM2.5,6002
21.690001,23.570000,2.080000,1.410000,0.190000,55.720001,0.980000,2.740000,283.619995,97.050003,65824.656250,28.01,100.62,30.985716,PM2.5,6003
24.480000,27.020000,2.610000,1.800000,0.240000,57.990002,1.000000,3.160000,284.010010,95.570000,66340.257812,28.01,100.77,34.971428,PM2.5,6004
23.889999,26.799999,3.060000,1.900000,0.260000,64.250000,0.940000,2.190000,286.600006,88.419998,69293.640625,28.02,100.93,34.128571,PM2.5,6005
24.440001,27.629999,3.360000,2.000000,0.290000,66.139999,1.350000,1.590000,286.519989,87.980003,69220.023438,28.02,101.08,34.914288,PM2.5,6006
25.719999,29.309999,4.150000,2.220000,0.340000,68.010002,1.550000,1.120000,287.010010,85.980003,69940.656250,28.03,101.23,36.742855,PM2.5,6007
26.340000,30.420000,5.520000,2.240000,0.400000,71.669998,0.490000,1.090000,289.480011,80.000000,73366.976562,28.03,101.39,37.628571,PM2.5,6008
27.520000,32.360001,6.500000,2.170000,0.450000,71.849998,-0.010000,1.980000,289.850006,78.970001,74079.523438,28.04,101.54,39.314285,PM2.5,6009
29.650000,34.650002,7.350000,1.990000,0.470000,76.620003,0.990000,1.720000,288.230011,85.690002,72287.046875,28.04,101.69,42.357143,PM2.5,6010
30.540001,35.779999,8.810000,2.300000,0.490000,79.570000,1.100000,1.690000,289.000000,85.519997,73248.406250,28.04,101.85,43.628574,PM2.5,6011
32.270000,38.580002,12.900000,4.960000,0.530000,76.589996,-0.540000,2.100000,291.649994,79.629997,77334.546875,28.05,102.0,46.100002,PM2.5,6012
30.260000,36.110001,14.200000,6.440000,0.450000,73.790001,-1.900000,2.840000,293.369995,74.739998,79986.023438,28.05,102.16,43.228573,PM2.5,6013
28.850000,33.369999,14.520000,6.540000,0.350000,69.739998,-0.470000,3.830000,290.649994,83.620003,76412.828125,28.06,102.31,41.214287,PM2.5,6014
29.280001,33.220001,11.760000,5.490000,0.310000,66.779999,2.190000,4.690000,287.989990,90.180000,72607.468750,28.06,102.46,41.828571,PM2.5,6015
28.510000,31.709999,8.730000,3.750000,0.270000,69.309998,3.290000,4.810000,287.519989,90.199997,71572.468750,28.06,102.62,40.728573,PM2.5,6016
28.010000,31.440001,7.600000,3.670000,0.250000,69.320000,2.980000,3.950000,289.230011,84.040001,73528.968750,28.06,102.77,40.014286,PM2.5,6017
28.010000,31.950001,7.070000,3.730000,0.250000,71.430000,1.670000,2.850000,290.910004,79.529999,76212.562500,28.07,102.92,40.014286,PM2.5,6018
28.559999,33.029999,6.790000,3.820000,0.260000,73.900002,1.670000,2.260000,289.970001,84.500000,75445.906250,28.07,103.08,40.799999,PM2.5,6019
29.459999,33.919998,6.670000,3.520000,0.250000,76.949997,3.250000,0.800000,291.160004,81.260002,76738.726562,28.07,103.23,42.085712,PM2.5,6020
29.270000,34.099998,6.810000,3.500000,0.260000,79.959999,3.480000,0.400000,294.760010,70.440002,80821.609375,28.07,103.39,41.814285,PM2.5,6021
30.000000,41.139999,9.810000,9.250000,0.380000,89.269997,1.690000,1.000000,302.760010,54.180000,91293.226562,28.08,104.46,42.857143,PM2.5,6028
29.700001,41.330002,10.510000,10.760000,0.390000,87.209999,1.490000,1.400000,302.950012,53.380001,91440.750000,28.08,104.62,42.428574,PM2.5,6029
28.860001,40.830002,11.640000,11.410000,0.390000,84.449997,1.090000,2.070000,303.679993,51.349998,92264.132812,28.08,104.77,41.228573,PM2.5,6030
29.490000,41.139999,14.100000,12.490000,0.380000,83.260002,0.480000,3.310000,302.829987,53.040001,91305.218750,28.09,104.92,42.128571,PM2.5,6031
30.959999,41.230000,14.740000,12.150000,0.350000,83.820000,0.880000,4.670000,300.010010,60.189999,88011.000000,28.09,105.08,44.228569,PM2.5,6032
29.760000,40.669998,14.620000,11.840000,0.340000,84.790001,1.860000,5.520000,300.630005,58.360001,88555.359375,28.08,105.23,42.514286,PM2.5,6033
27.490000,39.160000,13.700000,11.190000,0.340000,84.110001,1.300000,5.310000,302.660004,53.419998,91149.882812,28.08,105.38,39.271427,PM2.5,6034
28.559999,40.549999,11.780000,9.570000,0.330000,83.650002,0.440000,5.760000,300.140015,60.480000,88502.203125,28.08,105.54,40.799999,PM2.5,6035
29.219999,41.560001,11.090000,8.850000,0.330000,82.070000,1.570000,6.320000,298.149994,66.269997,86343.429688,28.08,105.69,41.742855,PM2.5,6036
27.610001,40.799999,10.890000,9.060000,0.330000,79.029999,2.050000,5.820000,300.420013,60.029999,89147.593750,28.08,105.85,40.799999,PM10,6037
26.900000,41.639999,10.410000,9.550000,0.340000,71.809998,0.150000,5.210000,302.029999,56.549999,91422.062500,28.08,106.0,41.639999,PM10,6038
26.549999,42.049999,9.830000,9.830000,0.330000,67.120003,-1.020000,5.380000,301.109985,60.099998,90858.882812,28.08,106.15,42.049999,PM10,6039
15.130000,15.630000,1.000000,1.170000,0.130000,53.869999,0.180000,1.150000,283.899994,91.320000,65683.390625,28.12,100.15,21.614286,PM2.5,6172
16.410000,17.070000,1.130000,1.000000,0.140000,56.040001,-0.170000,1.740000,284.049988,92.820000,65995.976562,28.13,100.31,23.442858,PM2.5,6173
17.610001,18.500000,1.320000,1.040000,0.140000,57.209999,1.080000,2.330000,283.329987,94.709999,65152.730469,28.14,100.46,25.157145,PM2.5,6174
20.330000,21.709999,1.780000,1.310000,0.170000,57.590000,1.560000,2.540000,283.309998,95.279999,65084.429688,28.14,100.61,29.042856,PM2.5,6175
23.830000,25.860001,2.380000,2.060000,0.210000,58.419998,0.490000,2.870000,284.070007,93.500000,65965.507812,28.15,100.77,34.042858,PM2.5,6176
22.770000,24.940001,2.600000,2.170000,0.220000,63.500000,0.090000,1.830000,286.269989,86.610001,68652.242188,28.15,100.92,32.528572,PM2.5,6177
23.889999,26.290001,2.680000,2.190000,0.240000,63.160000,1.260000,1.420000,284.369995,92.169998,66551.968750,28.16,101.07,34.128571,PM2.5,6178
25.900000,28.700001,3.380000,2.020000,0.270000,65.300003,1.170000,1.340000,284.410004,92.489998,66562.273438,28.16,101.23,37.000000,PM2.5,6179
26.510000,29.830000,4.610000,1.640000,0.300000,73.239998,-0.630000,0.950000,288.239990,82.400002,71725.093750,28.17,101.38,37.871429,PM2.5,6180
27.190001,30.790001,5.180000,1.530000,0.310000,74.690002,-0.480000,1.570000,287.549988,85.779999,71092.851562,28.17,101.54,38.842857,PM2.5,6181
29.420000,33.230000,5.880000,1.580000,0.330000,76.400002,1.080000,1.810000,286.339996,91.089996,69836.328125,28.18,101.69,42.028572,PM2.5,6182
30.490000,34.639999,7.290000,2.030000,0.370000,79.040001,0.610000,1.750000,288.329987,86.989998,72485.828125,28.18,101.84,43.557144,PM2.5,6183
32.340000,36.959999,10.650000,3.840000,0.390000,80.309998,-0.520000,1.690000,291.130005,81.260002,76842.890625,28.18,102.0,46.200001,PM2.5,6184
31.139999,35.900002,11.900000,5.220000,0.360000,78.050003,-0.600000,3.210000,292.600006,76.809998,79019.703125,28.19,102.15,44.485714,PM2.5,6185
28.330000,31.730000,11.640000,5.080000,0.280000,71.190002,1.040000,5.310000,290.359985,83.489998,75468.882812,28.19,102.31,40.471428,PM2.5,6186
27.719999,30.780001,9.960000,4.320000,0.250000,69.599998,3.010000,5.080000,289.459991,84.540001,73793.898438,28.19,102.46,39.599998,PM2.5,6187
27.290001,30.090000,8.350000,3.620000,0.240000,69.300003,2.950000,3.980000,289.880005,80.470001,73787.117188,28.2,102.61,38.985714,PM2.5,6188
27.910000,31.170000,7.540000,3.650000,0.240000,70.129997,1.770000,3.420000,289.510010,82.040001,73631.226562,28.2,102.77,39.871429,PM2.5,6189
28.610001,32.709999,7.170000,3.700000,0.250000,73.870003,0.460000,2.380000,290.100006,82.320000,75378.882812,28.2,102.92,40.871429,PM2.5,6190
28.990000,33.639999,6.820000,3.730000,0.250000,77.339996,0.450000,1.760000,289.459991,86.440002,74767.703125,28.21,103.08,41.414284,PM2.5,6191
30.660000,35.439999,6.700000,3.400000,0.250000,80.510002,2.480000,0.400000,288.970001,88.660004,73928.226562,28.21,103.23,43.799999,PM2.5,6192
31.260000,36.750000,7.050000,3.340000,0.270000,84.419998,3.390000,0.080000,292.890015,76.080002,78136.976562,28.21,103.38,44.657143,PM2.5,6193
32.230000,39.090000,7.470000,3.660000,0.300000,87.199997,2.480000,0.290000,296.809998,66.099998,83207.289062,28.21,103.54,46.042858,PM2.5,6194
31.420000,44.509998,9.350000,9.200000,0.420000,95.680000,1.290000,-0.080000,303.390015,55.220001,93062.523438,28.22,104.46,44.885715,PM2.5,6200
30.950001,44.400002,10.510000,11.480000,0.430000,92.980003,1.030000,0.400000,303.559998,54.430000,93320.578125,28.22,104.62,44.400002,PM10,6201
30.260000,43.310001,11.320000,11.820000,0.430000,89.040001,0.640000,1.100000,303.459991,53.529999,92849.218750,28.22,104.77,43.310001,PM10,6202
31.320000,43.189999,13.800000,12.490000,0.410000,86.949997,0.660000,2.800000,302.459991,54.770000,91266.976562,28.22,104.92,44.742855,PM2.5,6203
31.610001,41.639999,14.850000,12.040000,0.370000,87.750000,1.810000,4.280000,301.510010,56.189999,89680.031250,28.22,105.08,45.157143,PM2.5,6204
29.190001,39.470001,14.890000,12.290000,0.360000,87.080002,2.010000,4.250000,303.690002,51.099998,92142.000000,28.22,105.23,41.700001,PM2.5,6205
27.770000,38.470001,13.990000,11.670000,0.350000,86.349998,0.840000,4.080000,304.690002,49.049999,93721.757812,28.22,105.39,39.671429,PM2.5,6206
28.950001,39.799999,12.230000,9.540000,0.340000,87.709999,0.450000,5.530000,301.730011,55.439999,90073.093750,28.22,105.54,41.357143,PM2.5,6207
30.260000,41.380001,11.680000,8.910000,0.340000,86.040001,1.020000,6.090000,299.079987,62.860001,87050.343750,28.22,105.69,43.228573,PM2.5,6208
29.430000,41.570000,11.370000,9.190000,0.340000,81.889999,0.210000,5.040000,300.100006,61.029999,88705.148438,28.22,105.85,42.042858,PM2.5,6209
10.780000,11.060000,0.650000,1.630000,0.120000,50.200001,0.780000,1.680000,285.519989,85.239998,68555.273438,28.23,99.38,15.400000,PM2.5,6341
15.650000,15.960000,0.870000,0.960000,0.120000,56.830002,1.320000,1.690000,281.950012,94.500000,63034.800781,28.27,100.3,22.357141,PM2.5,6347
17.459999,17.820000,1.070000,1.050000,0.130000,55.290001,2.070000,2.620000,280.970001,97.669998,61821.410156,28.27,100.45,24.942856,PM2.5,6348
19.990000,20.500000,1.670000,1.350000,0.140000,58.200001,1.090000,2.410000,284.369995,88.589996,65678.023438,28.28,100.61,28.557142,PM2.5,6349
23.090000,23.750000,2.170000,1.990000,0.160000,59.689999,-0.250000,2.870000,284.709991,89.959999,66305.453125,28.28,100.76,32.985714,PM2.5,6350
22.700001,23.350000,2.390000,2.060000,0.160000,65.099998,0.270000,2.280000,284.640015,89.750000,66490.046875,28.29,100.92,32.428574,PM2.5,6351
24.620001,25.320000,2.520000,1.940000,0.160000,63.830002,1.460000,2.450000,282.820007,94.250000,64587.960938,28.29,101.07,35.171429,PM2.5,6352
26.270000,27.070000,3.080000,1.670000,0.160000,65.430000,0.430000,1.470000,283.760010,93.239998,65761.257812,28.3,101.22,37.528572,PM2.5,6353
25.700001,26.590000,3.730000,1.260000,0.160000,72.489998,-0.550000,1.020000,287.119995,84.230003,69874.390625,28.3,101.38,36.714287,PM2.5,6354
27.340000,28.320000,4.100000,1.340000,0.170000,71.800003,0.930000,1.820000,285.350006,90.449997,67934.039062,28.31,101.53,39.057144,PM2.5,6355
28.920000,30.010000,4.620000,1.480000,0.180000,73.500000,1.570000,2.270000,285.660004,90.449997,68324.062500,28.31,101.69,41.314285,PM2.5,6356
30.299999,31.580000,5.550000,1.830000,0.190000,77.480003,0.290000,2.670000,287.500000,88.839996,71134.476562,28.32,101.84,43.285713,PM2.5,6357
32.400002,35.340000,8.370000,3.210000,0.230000,81.930000,-0.260000,2.670000,288.859985,89.019997,73889.953125,28.32,101.99,46.285717,PM2.5,6358
30.660000,34.439999,9.540000,4.310000,0.250000,81.820000,0.240000,2.400000,291.500000,80.300003,77741.828125,28.32,102.15,43.799999,PM2.5,6359
28.070000,31.120001,9.480000,4.210000,0.220000,73.589996,1.670000,3.710000,291.040009,80.360001,76476.820312,28.33,102.3,40.099998,PM2.5,6360
27.410000,30.400000,8.690000,3.920000,0.210000,71.010002,2.760000,3.560000,290.500000,81.680000,75384.820312,28.33,102.46,39.157143,PM2.5,6361
27.510000,30.770000,7.830000,3.710000,0.220000,70.760002,1.590000,2.140000,290.829987,78.750000,75697.156250,28.33,102.61,39.299999,PM2.5,6362
28.540001,32.160000,6.990000,3.550000,0.220000,71.900002,0.680000,2.130000,289.390015,84.419998,74280.593750,28.34,102.76,40.771431,PM2.5,6363
29.379999,33.720001,6.670000,3.300000,0.240000,79.529999,-0.020000,1.620000,289.970001,84.180000,75686.296875,28.34,102.92,41.971428,PM2.5,6364
29.670000,34.700001,6.550000,3.610000,0.250000,82.940002,-0.340000,1.510000,289.440002,87.639999,75084.703125,28.34,103.07,42.385715,PM2.5,6365
32.770000,38.279999,6.640000,3.360000,0.260000,84.930000,2.160000,1.660000,287.450012,94.690002,72376.328125,28.34,103.23,46.814285,PM2.5,6366
34.639999,41.619999,7.410000,3.450000,0.290000,89.820000,3.100000,1.040000,291.839996,80.449997,77024.843750,28.35,103.38,49.485714,PM2.5,6367
36.389999,45.529999,8.510000,4.020000,0.340000,94.239998,1.430000,-0.340000,296.480011,68.349998,83064.250000,28.35,103.54,51.737499,PM2.5,6368
37.380001,47.759998,8.550000,4.360000,0.370000,96.949997,0.690000,-0.400000,298.170013,65.360001,85963.281250,28.35,103.69,52.975002,PM2.5,6369
36.799999,47.369999,8.090000,4.470000,0.370000,97.379997,0.890000,0.410000,299.029999,64.199997,87687.867188,28.35,103.84,52.250000,PM2.5,6370
35.380001,50.259998,8.810000,7.310000,0.460000,104.900002,1.360000,-1.110000,303.100006,56.459999,92335.710938,28.35,104.31,50.475002,PM2.5,6373
35.410000,51.650002,9.950000,9.720000,0.500000,105.639999,0.850000,-0.710000,303.570007,56.500000,93475.437500,28.36,104.46,50.825001,PM10,6374
34.049999,51.080002,11.610000,13.520000,0.520000,101.489998,0.530000,-0.040000,303.579987,56.430000,93689.242188,28.36,104.61,50.540001,PM10,6375
32.009998,48.560001,11.410000,13.080000,0.500000,96.349998,0.750000,1.030000,303.880005,54.220001,93917.476562,28.36,104.77,48.560001,PM10,6376
31.010000,45.410000,12.920000,13.210000,0.470000,92.750000,1.230000,2.290000,304.140015,51.740002,93579.976562,28.36,104.92,45.410000,PM10,6377
30.120001,42.360001,13.920000,12.850000,0.420000,91.629997,1.990000,3.060000,304.470001,49.619999,93360.812500,28.36,105.08,43.028572,PM2.5,6378
29.000000,40.470001,13.960000,12.790000,0.400000,89.699997,1.670000,2.350000,305.339996,47.910000,94488.296875,28.36,105.23,41.428570,PM2.5,6379
28.230000,39.240002,13.380000,11.980000,0.370000,88.989998,0.600000,2.930000,305.549988,47.689999,95042.171875,28.36,105.39,40.328571,PM2.5,6380
28.150000,38.660000,12.160000,9.820000,0.350000,90.000000,0.660000,4.930000,304.130005,50.419998,93166.820312,28.36,105.54,40.214287,PM2.5,6381
11.060000,11.320000,0.620000,1.370000,0.120000,51.830002,1.120000,2.950000,283.049988,91.389999,65260.570312,28.36,99.37,15.800000,PM2.5,6522
13.070000,13.340000,0.670000,1.220000,0.120000,56.709999,1.580000,1.500000,283.570007,85.720001,64579.800781,28.39,100.14,18.671429,PM2.5,6527
14.530000,14.820000,0.700000,1.080000,0.120000,55.549999,2.860000,2.210000,281.290009,92.449997,61857.808594,28.4,100.29,20.757143,PM2.5,6528
16.049999,16.379999,0.890000,1.110000,0.130000,54.610001,2.300000,2.030000,282.200012,90.470001,62716.511719,28.41,100.45,22.928570,PM2.5,6529
19.719999,20.230000,1.690000,1.400000,0.140000,60.830002,0.100000,1.910000,285.510010,83.349998,66795.132812,28.41,100.6,28.171427,PM2.5,6530
22.080000,22.690001,2.050000,1.780000,0.150000,61.700001,-0.430000,2.940000,284.690002,87.650002,66062.742188,28.42,100.76,31.542856,PM2.5,6531
22.620001,23.250000,2.300000,1.760000,0.150000,66.040001,0.580000,2.620000,283.779999,90.410004,65083.218750,28.42,100.91,32.314285,PM2.5,6532
24.820000,25.540001,2.590000,1.580000,0.160000,64.290001,0.600000,2.500000,283.739990,90.570000,65211.039062,28.43,101.06,35.457142,PM2.5,6533
25.530001,26.320000,3.160000,1.330000,0.160000,68.790001,-0.630000,1.340000,284.940002,88.660004,66940.351562,28.43,101.22,36.471428,PM2.5,6534
25.160000,25.969999,3.420000,1.040000,0.160000,72.500000,0.200000,1.110000,284.630005,89.169998,66615.320312,28.44,101.37,35.942856,PM2.5,6535
27.490000,28.430000,3.830000,1.270000,0.170000,70.330002,1.640000,1.850000,283.630005,92.040001,65363.519531,28.44,101.53,39.271427,PM2.5,6536
28.080000,29.139999,4.420000,1.580000,0.180000,73.029999,0.560000,1.320000,287.190002,83.349998,69666.218750,28.45,101.68,40.114285,PM2.5,6537
29.670000,30.910000,5.360000,1.970000,0.190000,78.800003,-0.830000,1.970000,288.720001,83.349998,72569.906250,28.45,101.83,42.385715,PM2.5,6538
32.419998,35.419998,8.060000,3.140000,0.230000,81.889999,-0.720000,2.850000,288.559998,88.620003,73332.640625,28.45,101.99,46.314281,PM2.5,6539
31.299999,35.209999,9.540000,4.280000,0.240000,82.230003,-0.070000,2.630000,289.540009,86.440002,75128.093750,28.46,102.14,44.714283,PM2.5,6540
29.930000,33.340000,8.790000,3.890000,0.220000,76.070000,1.880000,3.260000,288.549988,87.959999,73564.593750,28.46,102.3,42.757145,PM2.5,6541
28.680000,32.130001,8.240000,3.750000,0.220000,73.790001,2.540000,3.310000,289.529999,84.870003,74427.031250,28.47,102.45,40.971428,PM2.5,6542
28.500000,32.459999,7.740000,3.830000,0.230000,72.239998,0.550000,2.860000,290.019989,82.949997,75137.078125,28.47,102.61,40.714287,PM2.5,6543
29.290001,33.049999,6.650000,3.360000,0.220000,72.970001,0.700000,2.730000,287.570007,91.629997,72192.062500,28.47,102.76,41.842857,PM2.5,6544
28.549999,32.570000,6.280000,3.080000,0.230000,78.059998,1.220000,1.960000,289.260010,86.820000,74276.570312,28.47,102.92,40.785713,PM2.5,6545
29.410000,34.240002,6.130000,3.570000,0.240000,78.379997,0.930000,1.990000,288.690002,90.430000,74102.492188,28.48,103.07,42.014286,PM2.5,6546
33.680000,39.360001,6.550000,3.130000,0.260000,83.480003,2.890000,2.940000,286.880005,95.839996,71524.750000,28.48,103.22,48.114285,PM2.5,6547
36.340000,44.259998,7.630000,3.450000,0.310000,89.339996,2.850000,1.370000,292.609985,78.209999,77941.179688,28.48,103.38,51.674999,PM2.5,6548
39.849998,50.790001,9.270000,4.190000,0.370000,97.339996,0.720000,-0.550000,297.140015,67.989998,84534.257812,28.48,103.53,56.062500,PM2.5,6549
42.860001,55.709999,9.900000,4.820000,0.420000,103.500000,0.090000,-0.700000,297.910004,68.879997,86095.953125,28.49,103.69,59.825001,PM2.5,6550
38.639999,55.910000,10.180000,7.990000,0.530000,109.339996,1.450000,-0.990000,303.329987,57.570000,92998.710938,28.49,104.3,54.549999,PM2.5,6554
37.950001,56.330002,11.340000,10.320000,0.560000,109.750000,1.110000,-1.020000,303.839996,57.450001,94106.039062,28.49,104.46,53.687500,PM2.5,6555
37.040001,56.509998,13.380000,14.660000,0.580000,106.720001,0.860000,-0.450000,303.809998,57.880001,94078.726562,28.49,104.61,53.254997,PM10,6556
33.880001,53.360001,12.110000,14.020000,0.570000,102.669998,0.980000,0.590000,304.750000,54.330002,95274.109375,28.49,104.77,51.680000,PM10,6557
31.730000,49.849998,12.560000,14.190000,0.540000,98.470001,1.390000,1.480000,305.549988,50.689999,96013.312500,28.49,104.92,49.849998,PM10,6558
31.049999,46.529999,13.210000,14.050000,0.490000,95.540001,1.750000,2.210000,305.320007,49.400002,95133.351562,28.49,105.08,46.529999,PM10,6559
30.860001,45.500000,13.400000,13.910000,0.460000,93.180000,1.190000,2.090000,304.820007,49.910000,94318.609375,28.49,105.23,45.500000,PM10,6560
29.650000,43.259998,13.070000,13.000000,0.430000,91.500000,0.460000,2.700000,304.829987,49.759998,94378.882812,28.49,105.39,43.259998,PM10,6561
28.020000,40.270000,12.330000,11.050000,0.380000,91.669998,0.810000,4.440000,304.920013,49.160000,94359.523438,28.49,105.54,40.270000,PM10,6562
10.990000,11.270000,0.860000,1.580000,0.120000,49.820000,1.060000,3.420000,284.890015,83.620003,67362.796875,28.49,99.21,15.700000,PM2.5,6710
10.790000,11.050000,0.620000,1.330000,0.120000,52.119999,1.220000,3.580000,284.059998,85.730003,65867.562500,28.5,99.36,15.414286,PM2.5,6711
13.010000,13.270000,0.610000,1.180000,0.120000,56.610001,2.660000,1.810000,280.459991,91.410004,60514.000000,28.53,100.13,18.585714,PM2.5,6716
13.650000,13.920000,0.650000,1.180000,0.120000,55.330002,2.660000,2.210000,282.059998,87.239998,62191.351562,28.54,100.29,19.500000,PM2.5,6717
15.250000,15.580000,0.880000,1.220000,0.130000,56.020000,1.010000,1.440000,284.329987,81.599998,64828.550781,28.54,100.44,21.785715,PM2.5,6718
17.940001,18.379999,1.400000,1.110000,0.140000,61.259998,-0.430000,2.010000,285.239990,82.169998,66265.312500,28.55,100.59,25.628572,PM2.5,6719
21.299999,21.870001,1.830000,1.440000,0.150000,60.669998,0.180000,3.020000,283.559998,89.779999,64659.050781,28.55,100.75,30.428570,PM2.5,6720
22.730000,23.360001,2.270000,1.430000,0.150000,65.260002,0.410000,2.420000,283.700012,90.220001,64891.710938,28.56,100.9,32.471428,PM2.5,6721
24.709999,25.459999,2.780000,1.290000,0.160000,66.169998,-0.590000,2.010000,285.290009,86.220001,67012.367188,28.56,101.06,35.299999,PM2.5,6722
24.379999,25.170000,3.120000,1.140000,0.160000,70.330002,-0.990000,2.150000,286.410004,81.209999,68376.468750,28.57,101.21,34.828571,PM2.5,6723
25.740000,26.559999,3.250000,0.960000,0.160000,70.400002,0.620000,2.140000,282.309998,93.940002,63737.410156,28.57,101.37,36.771427,PM2.5,6724
28.570000,29.520000,3.850000,1.290000,0.170000,70.019997,0.860000,1.780000,282.100006,95.300003,63273.031250,28.58,101.52,40.814285,PM2.5,6725
27.799999,28.809999,4.370000,1.590000,0.180000,76.360001,-0.800000,0.270000,287.429993,83.010002,70425.859375,28.58,101.68,39.714283,PM2.5,6726
28.950001,30.080000,4.950000,1.830000,0.180000,80.260002,-1.150000,0.610000,288.339996,82.730003,72175.226562,28.59,101.83,41.357143,PM2.5,6727
30.730000,33.250000,7.010000,2.740000,0.210000,82.080002,-0.240000,1.810000,287.869995,87.589996,72215.781250,28.59,101.98,43.899998,PM2.5,6728
30.969999,34.669998,9.130000,4.000000,0.230000,81.820000,0.830000,2.840000,288.760010,87.099998,73821.578125,28.59,102.14,44.242855,PM2.5,6729
30.250000,33.689999,8.230000,3.470000,0.220000,77.610001,2.480000,3.700000,287.850006,89.040001,72331.093750,28.6,102.29,43.214287,PM2.5,6730
28.920000,32.619999,7.930000,3.480000,0.220000,75.230003,2.840000,3.540000,289.760010,82.559998,74498.226562,28.6,102.45,41.314285,PM2.5,6731
28.160000,32.680000,7.860000,3.840000,0.230000,72.650002,0.970000,4.880000,290.850006,79.230003,75853.273438,28.6,102.6,40.228573,PM2.5,6732
28.879999,32.619999,6.420000,3.120000,0.220000,73.800003,0.860000,5.000000,287.269989,90.669998,71232.023438,28.61,102.76,41.257141,PM2.5,6733
28.620001,32.340000,5.980000,2.820000,0.220000,77.279999,2.090000,4.130000,287.070007,91.730003,71197.046875,28.61,102.91,40.885715,PM2.5,6734
29.799999,34.340000,6.000000,3.250000,0.240000,77.419998,2.810000,4.090000,287.269989,92.199997,71822.343750,28.61,103.07,42.571426,PM2.5,6735
35.570000,42.049999,6.940000,3.330000,0.280000,82.260002,2.840000,4.240000,287.410004,92.900002,71590.156250,28.61,103.22,50.712502,PM2.5,6736
39.419998,48.520000,8.190000,3.630000,0.330000,89.519997,1.390000,1.440000,293.149994,78.870003,78840.539062,28.62,103.38,55.524998,PM2.5,6737
42.939999,55.570000,10.210000,4.290000,0.410000,102.720001,0.230000,-0.410000,298.320007,66.940002,86665.781250,28.62,103.53,59.924999,PM2.5,6738
45.630001,60.790001,11.060000,5.130000,0.470000,109.059998,0.310000,-0.530000,299.480011,66.510002,88829.390625,28.62,103.69,63.287502,PM2.5,6739
45.599998,64.010002,12.160000,7.110000,0.560000,112.239998,1.210000,-0.260000,301.079987,64.529999,91282.601562,28.62,103.99,63.250000,PM2.5,6741
42.509998,62.470001,12.660000,8.840000,0.620000,110.959999,2.090000,-1.330000,303.420013,58.980000,93622.460938,28.63,104.3,59.387497,PM2.5,6743
40.290001,60.939999,13.490000,10.780000,0.640000,109.989998,1.670000,-1.260000,304.519989,56.939999,95244.953125,28.63,104.46,56.612503,PM2.5,6744
39.410000,61.180000,15.660000,15.400000,0.660000,107.059998,1.610000,-0.690000,304.500000,57.759998,95412.039062,28.63,104.61,55.590000,PM10,6745
37.230000,59.849998,13.660000,14.910000,0.660000,104.769997,1.600000,0.190000,304.760010,56.759998,95689.429688,28.63,104.77,54.924999,PM10,6746
35.020000,57.090000,12.930000,15.020000,0.630000,101.930000,1.830000,0.940000,305.269989,54.259998,96240.351562,28.63,104.92,53.544998,PM10,6747
32.750000,52.310001,12.920000,15.270000,0.580000,98.510002,1.660000,1.990000,305.269989,51.869999,95570.296875,28.63,105.08,51.154999,PM10,6748
31.629999,50.049999,12.980000,15.200000,0.540000,95.089996,0.930000,2.600000,305.010010,50.860001,94810.906250,28.63,105.23,50.025002,PM10,6749
30.469999,47.570000,12.830000,14.280000,0.490000,93.150002,0.530000,3.350000,304.679993,50.720001,94226.429688,28.63,105.39,47.570000,PM10,6750
28.610001,43.689999,12.570000,12.750000,0.440000,92.970001,0.810000,4.390000,304.750000,49.939999,94205.898438,28.63,105.54,43.689999,PM10,6751
27.090000,40.180000,11.860000,10.670000,0.390000,92.599998,0.190000,4.490000,305.420013,47.939999,94803.093750,28.63,105.7,40.180000,PM10,6752
27.500000,39.619999,11.400000,9.250000,0.370000,90.550003,-1.340000,5.900000,303.880005,52.119999,93279.093750,28.62,105.85,39.619999,PM10,6753
27.520000,39.759998,10.480000,8.370000,0.340000,79.599998,-0.040000,8.990000,300.179993,61.619999,89267.078125,28.62,106.31,39.759998,PM10,6756
10.410000,10.670000,0.670000,1.420000,0.120000,51.930000,0.540000,2.960000,285.700012,79.660004,67502.429688,28.62,99.2,14.871428,PM2.5,6903
10.250000,10.500000,0.570000,1.200000,0.120000,54.459999,0.620000,3.330000,285.220001,81.059998,66880.132812,28.63,99.35,14.642858,PM2.5,6904
11.290000,11.550000,0.590000,1.080000,0.120000,53.500000,1.710000,2.600000,282.190002,90.980003,63654.628906,28.64,99.51,16.128571,PM2.5,6905
12.290000,12.550000,0.580000,1.300000,0.120000,57.779999,2.620000,1.320000,279.619995,92.959999,59546.539062,28.66,99.97,17.557142,PM2.5,6908
12.820000,13.070000,0.570000,1.130000,0.120000,58.150002,2.960000,0.930000,279.260010,92.010002,58785.109375,28.67,100.12,18.314285,PM2.5,6909
13.360000,13.620000,0.620000,1.140000,0.120000,56.930000,1.870000,1.390000,281.279999,87.750000,61060.839844,28.67,100.28,19.085714,PM2.5,6910
14.640000,14.950000,0.840000,1.150000,0.120000,59.000000,0.380000,1.440000,283.799988,83.029999,64047.300781,28.68,100.43,20.914286,PM2.5,6911
16.330000,16.709999,1.150000,0.980000,0.130000,62.310001,0.140000,2.260000,284.690002,82.769997,65398.250000,28.68,100.59,23.328571,PM2.5,6912
19.660000,20.160000,1.580000,1.150000,0.140000,61.299999,0.580000,3.040000,283.510010,88.360001,64267.160156,28.69,100.74,28.085714,PM2.5,6913
22.430000,23.049999,2.240000,1.170000,0.150000,65.989998,-0.230000,2.050000,283.890015,89.529999,64920.210938,28.69,100.9,32.042858,PM2.5,6914
24.440001,25.180000,2.730000,1.110000,0.160000,66.989998,-1.160000,2.090000,285.480011,86.000000,67259.609375,28.7,101.05,34.914288,PM2.5,6915
24.040001,24.820000,2.990000,1.040000,0.160000,70.269997,-0.490000,2.460000,286.690002,79.769997,68574.406250,28.7,101.21,34.342857,PM2.5,6916
25.820000,26.639999,3.220000,0.970000,0.160000,70.010002,0.660000,2.310000,282.709991,91.290001,63838.289062,28.71,101.36,36.885715,PM2.5,6917
28.299999,29.209999,3.650000,1.300000,0.170000,69.169998,0.270000,1.330000,282.299988,94.180000,63494.710938,28.71,101.52,40.428570,PM2.5,6918
27.629999,28.559999,4.040000,1.530000,0.170000,75.589996,-0.370000,0.360000,286.070007,85.570000,68723.593750,28.72,101.67,39.471428,PM2.5,6919
29.250000,30.270000,4.340000,1.680000,0.180000,76.029999,0.320000,0.810000,284.769989,91.779999,67340.117188,28.72,101.83,41.785713,PM2.5,6920
30.100000,32.259998,5.700000,2.290000,0.190000,77.550003,1.220000,1.570000,284.640015,94.440002,67408.203125,28.73,101.98,43.000000,PM2.5,6921
29.480000,32.700001,7.710000,3.410000,0.210000,79.330002,1.580000,2.410000,288.140015,85.029999,72405.453125,28.73,102.14,42.114285,PM2.5,6922
29.639999,32.900002,7.350000,3.050000,0.210000,77.500000,2.510000,3.010000,287.859985,87.370003,72332.976562,28.73,102.29,42.342857,PM2.5,6923
29.059999,32.560001,7.170000,3.000000,0.210000,76.099998,3.540000,2.680000,288.309998,86.040001,72518.382812,28.74,102.44,41.514286,PM2.5,6924
28.260000,33.119999,8.060000,3.660000,0.240000,74.809998,2.830000,4.370000,292.149994,73.959999,77159.851562,28.74,102.6,40.371429,PM2.5,6925
27.680000,31.889999,6.640000,3.260000,0.230000,74.110001,1.860000,4.790000,291.309998,75.370003,75567.781250,28.74,102.75,39.542858,PM2.5,6926
29.290001,33.500000,6.260000,2.920000,0.230000,76.309998,2.400000,4.910000,287.950012,87.150002,71816.796875,28.75,102.91,41.842857,PM2.5,6927
32.639999,38.189999,7.140000,3.100000,0.250000,82.000000,2.390000,4.490000,288.720001,86.419998,73002.406250,28.75,103.06,46.628571,PM2.5,6928
37.849998,45.869999,8.080000,3.520000,0.300000,84.650002,0.520000,3.470000,291.140015,83.309998,76262.351562,28.75,103.22,53.562500,PM2.5,6929
41.630001,52.150002,9.180000,3.780000,0.360000,92.720001,-0.460000,0.940000,295.380005,74.510002,82488.601562,28.75,103.37,58.287502,PM2.5,6930
45.900002,60.139999,11.310000,4.490000,0.440000,108.139999,0.020000,-0.350000,299.179993,66.120003,88296.210938,28.75,103.53,63.625000,PM2.5,6931
49.049999,65.830002,12.490000,5.530000,0.510000,113.389999,0.350000,-0.680000,299.290009,68.889999,88949.703125,28.76,103.68,67.562500,PM2.5,6932
50.439999,69.599998,13.850000,7.090000,0.570000,114.879997,0.540000,-1.380000,299.829987,69.620003,89630.250000,28.76,103.84,69.299995,PM2.5,6933
50.220001,71.050003,14.180000,8.170000,0.630000,114.239998,0.950000,-1.680000,300.519989,69.040001,90564.796875,28.76,103.99,69.025002,PM2.5,6934
48.500000,70.480003,14.300000,9.040000,0.670000,112.739998,1.630000,-2.050000,301.160004,67.559998,91091.523438,28.76,104.15,66.875000,PM2.5,6935
44.130001,66.290001,14.510000,9.740000,0.690000,111.470001,1.970000,-2.290000,303.559998,60.790001,93857.460938,28.76,104.3,61.412502,PM2.5,6936
41.680000,64.739998,15.600000,12.050000,0.720000,109.269997,1.690000,-1.620000,305.140015,57.340000,96233.210938,28.76,104.46,58.349998,PM2.5,6937
40.250000,65.540001,18.120001,18.320000,0.770000,103.150002,1.690000,-0.690000,304.890015,58.740002,96198.289062,28.76,104.61,57.770000,PM10,6938
37.599998,63.060001,15.270000,15.970000,0.750000,102.720001,1.760000,0.050000,304.779999,58.660000,95803.851562,28.76,104.77,56.529999,PM10,6939
36.380001,61.570000,13.760000,15.490000,0.720000,100.660004,1.760000,0.540000,305.100006,57.099998,96182.929688,28.76,104.92,55.785000,PM10,6940
33.950001,56.540001,13.120000,15.740000,0.650000,98.400002,1.400000,1.420000,305.500000,54.349998,96293.140625,28.76,105.08,53.270000,PM10,6941
32.230000,54.169998,13.450000,17.809999,0.620000,94.959999,1.130000,2.660000,305.790009,51.279999,96187.351562,28.76,105.23,52.084999,PM10,6942
30.750000,50.599998,13.200000,16.750000,0.560000,94.290001,0.890000,3.340000,305.989990,49.020000,95849.687500,28.76,105.39,50.299999,PM10,6943
28.959999,45.520000,12.660000,13.730000,0.480000,94.580002,0.540000,4.190000,306.089996,47.220001,95657.906250,28.76,105.54,45.520000,PM10,6944
27.170000,41.209999,12.000000,11.100000,0.420000,94.400002,0.150000,4.380000,306.519989,45.869999,96171.820312,28.76,105.7,41.209999,PM10,6945
26.770000,39.139999,11.600000,9.170000,0.380000,93.849998,-0.690000,5.970000,305.510010,48.270000,95059.726562,28.76,105.85,39.139999,PM10,6946
27.120001,39.070000,11.490000,8.630000,0.360000,90.739998,-0.720000,7.320000,303.459991,53.549999,92814.203125,28.76,106.01,39.070000,PM10,6947
26.580000,38.220001,11.190000,8.360000,0.350000,87.650002,0.060000,7.960000,302.880005,54.790001,92178.281250,28.76,106.16,38.220001,PM10,6948
10.540000,10.790000,0.570000,1.320000,0.120000,54.389999,1.160000,2.900000,283.950012,84.410004,65098.941406,28.76,99.19,15.057143,PM2.5,7102
10.580000,10.820000,0.540000,1.160000,0.110000,55.490002,0.910000,3.820000,283.829987,84.860001,65156.839844,28.77,99.34,15.114285,PM2.5,7103
11.500000,11.750000,0.570000,1.130000,0.120000,54.080002,2.080000,3.090000,281.779999,89.870003,62605.890625,28.77,99.5,16.428572,PM2.5,7104
10.830000,11.090000,0.640000,1.470000,0.120000,57.040001,1.130000,2.450000,286.059998,75.419998,67069.937500,28.79,99.81,15.471429,PM2.5,7106
12.210000,12.470000,0.640000,1.450000,0.120000,58.320000,2.580000,1.540000,280.760010,91.110001,61093.691406,28.79,99.96,17.442858,PM2.5,7107
13.030000,13.290000,0.600000,1.180000,0.120000,58.590000,3.350000,0.980000,278.750000,91.889999,58204.550781,28.8,100.12,18.614285,PM2.5,7108
13.740000,14.020000,0.660000,1.190000,0.120000,58.349998,1.470000,1.340000,280.250000,89.610001,59793.910156,28.81,100.27,19.628571,PM2.5,7109
14.900000,15.210000,0.820000,1.110000,0.120000,59.650002,-0.160000,1.960000,282.299988,87.779999,62457.488281,28.81,100.43,21.285713,PM2.5,7110
16.450001,16.830000,1.120000,0.900000,0.130000,61.639999,0.270000,2.450000,284.239990,83.629997,64734.828125,28.82,100.58,23.500002,PM2.5,7111
19.559999,20.070000,1.760000,1.000000,0.140000,65.379997,-0.090000,2.440000,284.820007,83.739998,65539.382812,28.82,100.74,27.942856,PM2.5,7112
22.090000,22.700001,2.250000,0.980000,0.150000,67.900002,-0.980000,1.960000,284.290009,87.709999,65379.488281,28.83,100.89,31.557142,PM2.5,7113
24.240000,24.950001,2.590000,0.960000,0.150000,66.349998,-1.060000,2.400000,284.299988,89.169998,65765.617188,28.84,101.05,34.628571,PM2.5,7114
24.469999,25.219999,2.950000,1.030000,0.160000,69.900002,-0.190000,2.050000,285.619995,83.430000,67243.539062,28.84,101.2,34.957142,PM2.5,7115
25.740000,26.549999,3.270000,1.050000,0.160000,71.589996,0.030000,1.570000,283.850006,87.379997,64978.558594,28.84,101.36,36.771427,PM2.5,7116
27.870001,28.750000,3.480000,1.240000,0.160000,69.940002,-0.280000,1.200000,282.149994,94.730003,63539.828125,28.85,101.51,39.814285,PM2.5,7117
27.570000,28.440001,3.750000,1.320000,0.170000,75.110001,0.500000,0.600000,283.500000,90.860001,65454.761719,28.85,101.67,39.385715,PM2.5,7118
28.370001,29.299999,4.000000,1.270000,0.170000,75.690002,1.550000,1.390000,283.489990,91.599998,65443.570312,28.86,101.82,40.528572,PM2.5,7119
29.240000,31.100000,4.690000,1.490000,0.180000,75.550003,2.110000,2.360000,282.500000,95.599998,64080.519531,28.86,101.98,41.771427,PM2.5,7120
29.129999,31.570000,5.630000,2.060000,0.190000,76.209999,2.130000,2.880000,284.970001,91.650002,67576.296875,28.87,102.13,41.614285,PM2.5,7121
31.370001,34.549999,6.900000,2.330000,0.210000,78.360001,2.470000,2.690000,286.500000,90.019997,70226.648438,28.87,102.29,44.814285,PM2.5,7122
33.430000,37.349998,7.660000,2.640000,0.220000,77.849998,2.960000,2.350000,286.040009,92.769997,69493.656250,28.87,102.44,47.757145,PM2.5,7123
32.360001,37.770000,9.070000,3.170000,0.250000,79.959999,2.110000,1.530000,292.929993,70.790001,77628.851562,28.88,102.6,46.228573,PM2.5,7124
29.920000,35.689999,8.470000,3.460000,0.250000,79.879997,1.320000,2.390000,294.959991,65.610001,80545.500000,28.88,102.75,42.742859,PM2.5,7125
32.000000,37.770000,7.680000,3.270000,0.250000,78.500000,2.320000,4.490000,289.640015,82.419998,73959.242188,28.88,102.91,45.714287,PM2.5,7126
35.880001,43.360001,8.760000,3.660000,0.290000,82.400002,1.570000,3.520000,290.790009,81.699997,75606.328125,28.88,103.06,51.100002,PM2.5,7127
39.070000,48.400002,9.020000,3.890000,0.330000,85.610001,-0.690000,1.920000,293.220001,78.709999,79538.703125,28.89,103.22,55.087502,PM2.5,7128
45.369999,57.549999,10.610000,4.120000,0.400000,99.820000,-0.710000,0.460000,295.500000,75.459999,83190.359375,28.89,103.37,62.962498,PM2.5,7129
47.470001,62.860001,12.310000,4.870000,0.470000,111.669998,0.270000,-0.590000,299.489990,66.449997,88735.546875,28.89,103.53,65.587502,PM2.5,7130
50.759998,69.349998,14.210000,6.390000,0.550000,115.919998,0.410000,-0.750000,299.700012,68.849998,89558.226562,28.89,103.68,69.699997,PM2.5,7131
52.980000,74.169998,15.550000,8.380000,0.620000,114.620003,0.530000,-1.660000,299.880005,70.599998,89586.671875,28.89,103.84,72.474998,PM2.5,7132
50.540001,73.440002,15.840000,9.450000,0.680000,112.739998,1.290000,-1.910000,301.100006,67.779999,91201.648438,28.9,103.99,69.425003,PM2.5,7133
48.290001,72.379997,16.000000,10.220000,0.730000,110.070000,2.170000,-1.950000,302.029999,65.629997,92333.453125,28.9,104.15,66.612503,PM2.5,7134
44.810001,69.139999,16.180000,11.090000,0.760000,107.660004,2.660000,-2.120000,304.119995,60.180000,95011.953125,28.9,104.3,62.262501,PM2.5,7135
42.459999,67.769997,17.000000,13.890000,0.800000,103.599998,2.390000,-1.940000,305.079987,59.040001,96670.046875,28.9,104.46,59.324997,PM2.5,7136
40.779999,69.650002,19.440001,21.270000,0.880000,94.050003,1.860000,-1.370000,304.829987,60.110001,96297.179688,28.9,104.61,59.825001,PM10,7137
39.439999,68.410004,16.740000,17.620001,0.860000,95.099998,1.630000,-0.690000,304.820007,59.689999,96133.601562,28.9,104.77,59.205002,PM10,7138
38.779999,67.389999,15.070000,16.680000,0.820000,94.589996,1.340000,-0.030000,304.970001,58.599998,96181.546875,28.9,104.92,58.695000,PM10,7139
36.299999,62.029999,13.960000,16.920000,0.740000,93.940002,1.080000,1.100000,305.190002,57.189999,96346.937500,28.9,105.08,56.014999,PM10,7140
33.369999,59.700001,15.070000,23.780001,0.720000,88.849998,0.900000,2.320000,305.709991,54.150002,96528.156250,28.9,105.23,54.849998,PM10,7141
31.200001,56.130001,14.790000,24.280001,0.660000,88.529999,0.570000,2.730000,306.230011,50.700001,96642.898438,28.9,105.39,53.065002,PM10,7142
29.670000,48.230000,12.870000,15.840000,0.530000,93.730003,0.070000,3.340000,306.649994,47.270000,96571.460938,28.9,105.54,48.230000,PM10,7143
28.040001,43.380001,12.140000,12.000000,0.460000,94.540001,-0.150000,4.000000,306.779999,45.910000,96656.023438,28.9,105.7,43.380001,PM10,7144
26.639999,40.340000,11.950000,10.100000,0.410000,95.110001,0.030000,5.190000,306.709991,46.060001,96627.046875,28.9,105.85,40.340000,PM10,7145
25.990000,38.669998,11.860000,8.960000,0.380000,93.430000,0.020000,6.280000,306.049988,47.279999,95565.437500,28.9,106.01,38.669998,PM10,7146
25.600000,37.630001,11.530000,8.450000,0.360000,90.540001,0.250000,6.830000,305.290009,49.070000,94774.226562,28.89,106.16,37.630001,PM10,7147
10.730000,10.960000,0.520000,1.260000,0.110000,55.529999,1.300000,3.530000,282.480011,87.150002,63174.070312,28.9,99.18,15.328570,PM2.5,7304
10.490000,10.730000,0.520000,1.150000,0.110000,56.209999,1.240000,3.830000,284.350006,81.760002,65392.781250,28.9,99.34,14.985714,PM2.5,7305
10.770000,11.010000,0.560000,1.180000,0.120000,56.279999,1.240000,2.520000,284.700012,80.230003,65373.089844,28.91,99.49,15.385715,PM2.5,7306
11.080000,11.340000,0.600000,1.290000,0.120000,54.810001,-0.300000,2.190000,285.029999,81.089996,66064.078125,28.92,99.65,15.828571,PM2.5,7307
11.320000,11.590000,0.760000,1.600000,0.120000,58.259998,0.540000,2.340000,284.730011,81.019997,65851.906250,28.92,99.8,16.171429,PM2.5,7308
12.360000,12.620000,0.750000,1.570000,0.120000,58.860001,3.020000,2.290000,280.549988,91.029999,60797.109375,28.93,99.95,17.657143,PM2.5,7309
13.180000,13.440000,0.660000,1.220000,0.120000,58.869999,3.270000,1.250000,279.339996,91.150002,58585.191406,28.94,100.11,18.828571,PM2.5,7310
13.650000,13.930000,0.700000,1.230000,0.120000,60.389999,1.160000,1.130000,281.019989,85.570000,60212.941406,28.94,100.27,19.500000,PM2.5,7311
14.860000,15.170000,0.820000,1.090000,0.120000,61.630001,0.290000,2.250000,280.859985,90.779999,60595.480469,28.95,100.42,21.228571,PM2.5,7312
16.840000,17.209999,1.080000,0.830000,0.130000,61.980000,0.470000,2.960000,281.700012,90.330002,61701.511719,28.95,100.58,24.057142,PM2.5,7313
19.059999,19.540001,1.660000,0.850000,0.140000,66.989998,-0.300000,2.300000,283.769989,87.150002,64235.218750,28.96,100.73,27.228571,PM2.5,7314
21.389999,21.959999,2.100000,0.850000,0.140000,68.949997,-0.680000,2.560000,283.109985,90.080002,63875.378906,28.97,100.89,30.557142,PM2.5,7315
24.030001,24.700001,2.440000,0.890000,0.150000,65.989998,-0.550000,3.180000,282.529999,92.059998,63388.769531,28.97,101.04,34.328571,PM2.5,7316
24.639999,25.360001,2.860000,0.990000,0.150000,70.879997,-0.220000,2.170000,283.309998,89.099998,64208.890625,28.98,101.2,35.200001,PM2.5,7317
26.190001,27.000000,3.110000,1.100000,0.160000,70.029999,-0.410000,2.000000,282.899994,89.410004,63787.011719,28.98,101.35,37.414288,PM2.5,7318
26.760000,27.600000,3.280000,1.160000,0.160000,71.809998,-0.590000,1.370000,282.200012,91.839996,63310.570312,28.99,101.51,38.228573,PM2.5,7319
26.910000,27.750000,3.350000,1.140000,0.160000,73.610001,0.930000,0.830000,280.959991,94.940002,61965.179688,28.99,101.66,38.442856,PM2.5,7320
27.850000,28.760000,3.650000,1.070000,0.160000,73.529999,2.580000,1.200000,282.179993,90.230003,63357.210938,28.99,101.82,39.785713,PM2.5,7321
29.719999,31.770000,4.690000,1.280000,0.180000,74.320000,2.370000,1.840000,283.190002,90.180000,64820.320312,29.0,101.97,42.457142,PM2.5,7322
33.919998,37.139999,6.570000,1.830000,0.200000,76.699997,1.270000,1.480000,284.799988,89.260002,67237.203125,29.0,102.13,48.457142,PM2.5,7323
37.770000,42.660000,8.930000,2.850000,0.240000,82.440002,1.200000,0.890000,287.790009,85.010002,71822.867188,29.0,102.28,53.462502,PM2.5,7324
40.619999,46.779999,10.010000,3.370000,0.270000,83.980003,1.420000,0.720000,288.089996,87.440002,72248.328125,29.01,102.44,57.024998,PM2.5,7325
41.080002,48.900002,10.220000,3.400000,0.290000,85.540001,0.690000,-0.820000,291.790009,78.230003,77083.570312,29.01,102.59,57.600002,PM2.5,7326
39.200001,47.799999,10.490000,3.650000,0.300000,85.529999,0.080000,0.440000,293.399994,74.279999,79803.203125,29.01,102.75,55.250000,PM2.5,7327
37.919998,46.080002,9.380000,3.650000,0.300000,82.269997,0.830000,3.660000,290.809998,82.209999,76071.812500,29.02,102.9,53.649998,PM2.5,7328
40.150002,50.060001,10.320000,4.340000,0.340000,85.290001,0.520000,1.740000,293.380005,75.879997,79241.773438,29.02,103.06,56.437500,PM2.5,7329
44.410000,56.180000,10.380000,4.820000,0.380000,89.620003,-1.100000,1.020000,293.850006,78.099998,80846.179688,29.02,103.21,61.762501,PM2.5,7330
53.439999,67.540001,11.740000,4.980000,0.440000,104.639999,-1.340000,0.650000,292.980011,86.309998,79967.273438,29.02,103.37,73.049995,PM2.5,7331
53.630001,70.930000,13.280000,5.960000,0.520000,112.360001,-0.360000,-0.710000,297.690002,73.480003,86232.890625,29.03,103.52,73.287498,PM2.5,7332
51.720001,72.160004,14.950000,7.850000,0.590000,114.430000,0.410000,-0.850000,301.269989,64.559998,91283.867188,29.03,103.68,70.900002,PM2.5,7333
51.439999,75.169998,16.670000,10.680000,0.680000,111.290001,1.000000,-1.040000,301.779999,65.370003,92383.296875,29.03,103.83,70.549995,PM2.5,7334
49.439999,75.760002,17.340000,12.390000,0.760000,106.500000,1.990000,-1.150000,302.910004,63.529999,94113.906250,29.03,103.99,68.049995,PM2.5,7335
47.500000,75.209999,17.309999,13.290000,0.820000,101.400002,2.670000,-1.420000,303.589996,62.820000,95215.328125,29.03,104.15,65.625000,PM2.5,7336
45.790001,73.290001,17.150000,14.010000,0.840000,98.129997,2.580000,-1.860000,304.399994,61.090000,96149.296875,29.03,104.3,63.487503,PM2.5,7337
45.330002,73.209999,16.570000,14.660000,0.870000,94.349998,1.960000,-1.910000,304.510010,61.750000,96356.789062,29.03,104.46,62.912502,PM2.5,7338
44.369999,73.540001,16.520000,15.970000,0.900000,89.879997,1.450000,-1.720000,304.239990,62.389999,95928.703125,29.03,104.61,61.770000,PM10,7339
42.980000,73.930000,16.400000,16.910000,0.930000,86.160004,1.250000,-1.170000,304.480011,60.820000,96074.093750,29.04,104.77,61.965000,PM10,7340
41.590000,72.889999,15.700000,17.650000,0.900000,86.139999,1.140000,-0.660000,304.700012,59.610001,96173.593750,29.04,104.92,61.445000,PM10,7341
37.709999,65.599998,14.490000,17.180000,0.800000,89.339996,0.570000,1.010000,305.109985,57.840000,96283.718750,29.04,105.08,57.799999,PM10,7342
34.209999,61.209999,14.630000,20.500000,0.750000,86.709999,0.030000,2.260000,305.450012,56.150002,96439.867188,29.04,105.23,55.605000,PM10,7343
32.209999,57.529999,14.390000,21.080000,0.680000,87.489998,-0.280000,2.760000,305.869995,53.430000,96511.726562,29.03,105.39,53.764999,PM10,7344
30.760000,51.490002,13.010000,16.240000,0.580000,91.669998,-0.550000,3.030000,306.149994,50.160000,96412.703125,29.03,105.54,50.745003,PM10,7345
29.190001,46.360001,12.460000,13.270000,0.500000,93.400002,-0.520000,3.690000,306.390015,47.599998,96416.117188,29.03,105.7,46.360001,PM10,7346
10.570000,10.800000,0.490000,1.130000,0.110000,55.959999,0.650000,3.710000,282.910004,84.239998,63308.238281,29.03,99.17,15.099999,PM2.5,7522
10.720000,10.960000,0.510000,1.160000,0.110000,56.740002,0.580000,3.890000,283.410004,84.180000,64139.921875,29.04,99.33,15.314286,PM2.5,7523
10.690000,10.930000,0.520000,1.200000,0.120000,57.660000,0.960000,2.330000,284.630005,80.620003,65187.148438,29.05,99.48,15.271428,PM2.5,7524
11.310000,11.560000,0.560000,1.250000,0.120000,57.250000,0.450000,2.700000,283.260010,85.300003,63755.980469,29.05,99.64,16.157143,PM2.5,7525
11.870000,12.130000,0.650000,1.350000,0.120000,58.360001,1.350000,3.120000,281.529999,90.269997,61937.750000,29.06,99.79,16.957142,PM2.5,7526
12.130000,12.390000,0.680000,1.310000,0.120000,61.290001,2.850000,2.580000,281.299988,88.629997,61238.980469,29.07,99.95,17.328571,PM2.5,7527
12.710000,12.970000,0.660000,1.310000,0.120000,60.380001,2.880000,0.960000,281.279999,86.839996,60636.960938,29.07,100.1,18.157143,PM2.5,7528
13.560000,13.840000,0.690000,1.180000,0.120000,61.959999,1.860000,1.190000,281.149994,86.099998,60357.480469,29.08,100.26,19.371429,PM2.5,7529
14.470000,14.770000,0.790000,1.000000,0.120000,63.209999,1.660000,2.590000,280.700012,88.570000,60045.339844,29.08,100.41,20.671429,PM2.5,7530
15.890000,16.240000,1.010000,0.820000,0.130000,63.400002,1.130000,3.310000,281.859985,86.699997,61321.910156,29.09,100.57,22.700001,PM2.5,7531
18.110001,18.540001,1.390000,0.790000,0.130000,65.250000,0.500000,3.340000,282.140015,89.290001,62175.578125,29.1,100.72,25.871429,PM2.5,7532
20.480000,21.010000,1.800000,0.790000,0.140000,66.519997,0.660000,3.740000,281.769989,91.349998,62044.378906,29.1,100.88,29.257143,PM2.5,7533
22.820000,23.459999,2.280000,0.820000,0.150000,66.330002,0.100000,4.090000,282.739990,88.500000,63017.921875,29.11,101.03,32.599998,PM2.5,7534
24.709999,25.420000,2.670000,0.970000,0.150000,68.610001,0.040000,3.270000,281.410004,91.430000,61704.308594,29.11,101.19,35.299999,PM2.5,7535
25.969999,26.740000,2.920000,1.150000,0.160000,68.580002,-0.010000,2.540000,280.829987,92.910004,61195.269531,29.12,101.35,37.099998,PM2.5,7536
24.590000,25.350000,3.030000,0.990000,0.150000,75.599998,-0.170000,1.420000,281.619995,90.300003,62213.468750,29.12,101.5,35.128571,PM2.5,7537
25.610001,26.389999,3.040000,0.920000,0.150000,74.129997,1.400000,1.310000,279.220001,95.500000,59724.269531,29.13,101.66,36.585716,PM2.5,7538
29.590000,30.549999,4.090000,0.960000,0.170000,75.949997,2.640000,1.660000,279.179993,95.440002,59543.308594,29.13,101.81,42.271427,PM2.5,7539
32.310001,34.959999,5.500000,1.200000,0.190000,76.320000,1.310000,1.000000,282.790009,88.400002,64019.609375,29.13,101.97,46.157146,PM2.5,7540
39.290001,44.189999,8.840000,1.920000,0.230000,81.820000,-0.280000,-0.710000,287.160004,83.309998,70936.312500,29.14,102.12,55.362503,PM2.5,7541
49.950001,59.840000,15.110000,4.510000,0.340000,94.930000,-0.140000,-0.910000,291.989990,74.449997,78301.492188,29.14,102.28,68.687500,PM2.5,7542
52.200001,63.790001,15.840000,4.810000,0.370000,95.410004,0.430000,-0.670000,293.140015,75.199997,80089.882812,29.14,102.43,71.500000,PM2.5,7543
55.130001,68.150002,14.990000,4.230000,0.400000,96.139999,0.320000,-1.020000,292.190002,82.379997,78937.859375,29.15,102.59,75.162498,PM2.5,7544
51.410000,64.070000,13.570000,4.030000,0.390000,95.110001,-0.030000,-0.130000,292.829987,81.589996,79912.523438,29.15,102.74,70.512497,PM2.5,7545
46.419998,58.340000,11.960000,4.140000,0.380000,92.239998,-0.290000,1.360000,293.829987,76.919998,80918.406250,29.15,102.9,64.274994,PM2.5,7546
50.779999,65.019997,12.610000,5.200000,0.430000,95.279999,-0.430000,-0.500000,294.750000,75.930000,82667.203125,29.16,103.06,69.724998,PM2.5,7547
52.369999,67.419998,12.130000,5.690000,0.460000,97.650002,-0.440000,-0.210000,295.059998,77.470001,83428.796875,29.16,103.21,71.712502,PM2.5,7548
55.040001,70.910004,12.060000,5.880000,0.490000,103.620003,-0.650000,0.570000,294.890015,81.050003,82703.718750,29.16,103.37,75.050003,PM2.5,7549
55.320000,74.220001,13.270000,7.120000,0.560000,109.660004,-0.000000,-0.450000,298.290009,72.279999,87100.773438,29.16,103.52,75.400002,PM2.5,7550
52.259998,74.809998,14.690000,9.710000,0.640000,109.500000,1.060000,-1.230000,302.279999,62.220001,92585.187500,29.16,103.68,71.574997,PM2.5,7551
50.959999,77.989998,16.620001,13.720000,0.750000,103.889999,1.520000,-1.400000,303.239990,61.849998,94454.953125,29.17,103.83,69.949997,PM2.5,7552
50.090000,80.680000,17.100000,16.309999,0.860000,95.169998,1.810000,-1.780000,303.589996,62.799999,95354.742188,29.17,103.99,68.862503,PM2.5,7553
49.740002,81.430000,16.510000,16.610001,0.910000,90.000000,1.950000,-2.160000,303.769989,63.540001,95670.796875,29.17,104.14,68.425003,PM2.5,7554
49.119999,80.339996,15.970000,16.950001,0.930000,85.910004,1.830000,-2.210000,303.899994,64.029999,95826.031250,29.17,104.3,67.650002,PM2.5,7555
47.599998,77.830002,14.960000,15.760000,0.920000,84.199997,1.310000,-1.910000,303.950012,63.430000,95642.570312,29.17,104.46,65.750000,PM2.5,7556
46.869999,77.019997,14.410000,15.060000,0.930000,81.809998,0.740000,-1.520000,303.869995,62.389999,95292.109375,29.17,104.61,64.837502,PM2.5,7557
44.869999,77.410004,15.850000,17.980000,0.970000,77.169998,0.570000,-1.500000,304.269989,60.320000,95663.929688,29.17,104.77,63.705002,PM10,7558
42.410000,75.760002,15.790000,19.129999,0.940000,77.129997,0.540000,-1.160000,304.750000,59.080002,96314.023438,29.17,104.92,62.880001,PM10,7559
38.610001,68.339996,14.630000,17.520000,0.830000,83.269997,-0.030000,0.660000,305.000000,58.230000,96357.976562,29.17,105.08,59.169998,PM10,7560
35.490002,63.700001,14.620000,19.219999,0.770000,83.269997,-0.600000,2.340000,305.209991,57.119999,96264.390625,29.17,105.23,56.849998,PM10,7561
33.509998,59.669998,14.510000,19.379999,0.700000,85.300003,-0.930000,2.830000,305.600006,55.080002,96335.406250,29.17,105.39,54.834999,PM10,7562
32.160000,54.250000,13.530000,16.040001,0.620000,89.699997,-1.000000,3.280000,305.579987,52.849998,95972.562500,29.17,105.54,52.125000,PM10,7563
30.580000,49.330002,13.220000,13.920000,0.540000,92.080002,-0.970000,3.580000,305.739990,50.060001,95826.453125,29.17,105.7,49.330002,PM10,7564
10.060000,10.290000,0.470000,1.090000,0.110000,56.919998,0.200000,2.270000,285.829987,74.620003,66083.093750,29.17,99.16,14.371429,PM2.5,7744
10.650000,10.880000,0.490000,1.170000,0.110000,57.590000,-0.010000,3.540000,283.589996,83.839996,63951.960938,29.17,99.32,15.214285,PM2.5,7745
11.360000,11.600000,0.510000,1.220000,0.120000,57.500000,0.480000,2.970000,282.239990,88.889999,62734.710938,29.18,99.47,16.228571,PM2.5,7746
11.730000,11.970000,0.530000,1.270000,0.120000,57.369999,1.200000,3.180000,281.480011,90.019997,61715.910156,29.19,99.63,16.757143,PM2.5,7747
12.110000,12.360000,0.590000,1.200000,0.120000,58.669998,2.010000,3.230000,280.399994,91.430000,60226.949219,29.2,99.78,17.299999,PM2.5,7748
11.950000,12.190000,0.630000,1.170000,0.120000,62.410000,2.410000,2.370000,281.670013,85.919998,61232.320312,29.2,99.94,17.071428,PM2.5,7749
12.400000,12.670000,0.640000,1.230000,0.120000,62.599998,2.770000,1.350000,281.559998,85.989998,60985.601562,29.21,100.1,17.714285,PM2.5,7750
13.220000,13.500000,0.670000,1.090000,0.120000,63.730000,3.130000,1.810000,280.119995,88.010002,59120.949219,29.21,100.25,18.885715,PM2.5,7751
13.940000,14.230000,0.750000,0.930000,0.120000,64.410004,2.330000,2.770000,280.630005,86.300003,59491.769531,29.22,100.41,19.914286,PM2.5,7752
15.030000,15.370000,0.940000,0.830000,0.120000,63.650002,1.140000,3.250000,282.640015,82.339996,61816.160156,29.23,100.56,21.471428,PM2.5,7753
17.139999,17.549999,1.250000,0.790000,0.130000,64.230003,0.780000,3.700000,282.700012,84.360001,62321.851562,29.23,100.72,24.485714,PM2.5,7754
19.520000,20.030001,1.700000,0.780000,0.140000,65.339996,0.230000,3.300000,283.769989,83.120003,63706.238281,29.24,100.87,27.885715,PM2.5,7755
21.780001,22.400000,2.260000,0.880000,0.150000,67.910004,-0.360000,2.870000,285.769989,76.470001,66265.476562,29.24,101.03,31.114286,PM2.5,7756
24.100000,24.799999,2.580000,0.990000,0.150000,68.250000,-0.260000,3.540000,282.760010,84.410004,62780.871094,29.25,101.18,34.428574,PM2.5,7757
25.600000,26.350000,2.780000,1.100000,0.150000,68.589996,0.020000,3.350000,279.640015,94.330002,59826.671875,29.25,101.34,36.571430,PM2.5,7758
24.530001,25.250000,2.770000,0.960000,0.150000,72.489998,0.690000,2.370000,279.690002,93.730003,60067.789062,29.26,101.5,35.042858,PM2.5,7759
26.889999,27.730000,3.370000,0.840000,0.160000,74.739998,1.790000,1.990000,278.410004,94.589996,58673.628906,29.26,101.65,38.414284,PM2.5,7760
34.619999,35.810001,5.240000,0.960000,0.180000,76.290001,2.130000,1.690000,278.329987,97.360001,58679.250000,29.27,101.81,49.457142,PM2.5,7761
36.840000,40.400002,6.810000,1.230000,0.210000,78.519997,0.430000,0.690000,282.190002,91.230003,63340.339844,29.27,101.96,52.299999,PM2.5,7762
47.450001,54.779999,12.410000,2.180000,0.280000,89.949997,-0.850000,-0.670000,288.700012,80.480003,73377.343750,29.27,102.12,65.562500,PM2.5,7763
59.139999,72.019997,16.730000,4.100000,0.410000,103.720001,-0.450000,-0.650000,294.809998,67.129997,82558.937500,29.28,102.27,80.175003,PM2.5,7764
60.259998,74.720001,16.980000,4.250000,0.440000,104.150002,-0.470000,-0.820000,295.820007,68.650002,84093.789062,29.28,102.43,81.574997,PM2.5,7765
61.090000,77.320000,16.459999,4.690000,0.470000,102.570000,-0.410000,-0.860000,294.989990,73.860001,83252.156250,29.28,102.59,82.612503,PM2.5,7766
57.310001,73.260002,14.730000,4.710000,0.450000,102.910004,-0.730000,0.460000,294.970001,74.919998,83200.007812,29.29,102.74,77.887505,PM2.5,7767
54.310001,69.489998,12.830000,4.590000,0.440000,102.620003,-1.720000,0.210000,294.269989,76.080002,81749.429688,29.29,102.9,74.137505,PM2.5,7768
55.209999,70.669998,11.750000,5.360000,0.460000,101.120003,-1.440000,-0.660000,293.350006,81.889999,80659.640625,29.29,103.05,75.262497,PM2.5,7769
56.160000,72.860001,11.820000,6.130000,0.500000,104.629997,-0.260000,-0.850000,295.640015,76.790001,83937.203125,29.29,103.21,76.449997,PM2.5,7770
55.080002,73.650002,12.220000,7.180000,0.550000,106.949997,0.700000,-0.300000,298.950012,68.959999,88380.093750,29.3,103.36,75.100006,PM2.5,7771
55.189999,77.720001,13.310000,9.580000,0.630000,107.360001,1.210000,-0.730000,300.750000,65.559998,90661.609375,29.3,103.52,75.237495,PM2.5,7772
53.330002,80.419998,14.080000,13.160000,0.730000,102.699997,1.630000,-1.540000,302.549988,62.230000,93353.828125,29.3,103.68,72.912506,PM2.5,7773
51.599998,83.919998,14.870000,18.260000,0.860000,93.059998,1.540000,-2.180000,303.619995,61.430000,95259.000000,29.3,103.83,70.750000,PM2.5,7774
52.590000,87.750000,14.780000,20.809999,0.950000,83.919998,1.250000,-2.740000,303.260010,64.809998,95276.882812,29.3,103.99,71.987503,PM2.5,7775
52.689999,87.660004,13.870000,19.840000,0.980000,79.779999,1.390000,-2.740000,303.029999,66.489998,94904.703125,29.3,104.14,72.112495,PM2.5,7776
50.509998,83.660004,13.660000,18.650000,0.960000,77.300003,0.970000,-2.660000,303.429993,64.400002,94792.093750,29.31,104.3,69.387497,PM2.5,7777
48.020000,79.239998,13.480000,16.969999,0.930000,75.930000,0.410000,-2.270000,303.839996,61.770000,95017.796875,29.31,104.45,66.275002,PM2.5,7778
46.500000,77.680000,14.280000,17.330000,0.950000,73.260002,-0.130000,-1.800000,304.079987,60.299999,95142.039062,29.31,104.61,64.375000,PM2.5,7779
44.110001,79.699997,17.010000,22.990000,1.030000,63.639999,-0.230000,-1.890000,304.190002,59.959999,95516.890625,29.31,104.77,64.849998,PM10,7780
41.410000,77.610001,17.200001,23.809999,0.980000,65.120003,-0.330000,-1.610000,304.720001,58.529999,96253.953125,29.31,104.92,63.805000,PM10,7781
38.730000,69.510002,15.380000,18.900000,0.840000,76.550003,-0.980000,0.400000,304.899994,57.810001,96258.218750,29.31,105.08,59.755001,PM10,7782
36.580002,66.209999,15.250000,19.520000,0.790000,78.449997,-1.330000,2.470000,304.970001,57.389999,95945.609375,29.31,105.23,58.105000,PM10,7783
35.040001,62.759998,15.380000,19.580000,0.730000,81.620003,-1.500000,3.030000,305.250000,56.110001,96005.492188,29.31,105.39,56.379997,PM10,7784
9.920000,10.150000,0.450000,1.010000,0.110000,60.450001,-0.090000,1.730000,286.010010,76.019997,66609.593750,29.3,99.15,14.171429,PM2.5,7971
10.340000,10.570000,0.470000,1.070000,0.110000,59.939999,0.570000,3.000000,284.260010,81.459999,64497.378906,29.31,99.31,14.771429,PM2.5,7972
11.430000,11.670000,0.490000,1.100000,0.110000,58.790001,0.950000,3.170000,281.399994,90.120003,61517.089844,29.32,99.47,16.328571,PM2.5,7973
11.820000,12.060000,0.520000,1.150000,0.120000,60.330002,1.460000,3.030000,280.869995,90.699997,60784.789062,29.32,99.62,16.885714,PM2.5,7974
12.160000,12.400000,0.550000,1.040000,0.120000,59.529999,2.030000,3.130000,280.390015,90.330002,60060.859375,29.33,99.78,17.371428,PM2.5,7975
12.200000,12.450000,0.580000,1.030000,0.120000,61.590000,2.260000,2.650000,280.640015,88.080002,60105.300781,29.34,99.93,17.428572,PM2.5,7976
12.480000,12.740000,0.610000,1.080000,0.120000,63.040001,2.940000,2.240000,280.459991,87.730003,59718.070312,29.34,100.09,17.828571,PM2.5,7977
12.960000,13.230000,0.640000,0.930000,0.120000,64.699997,3.720000,2.540000,279.700012,87.800003,58481.980469,29.35,100.24,18.514286,PM2.5,7978
13.590000,13.870000,0.710000,0.840000,0.120000,64.540001,2.330000,2.740000,280.450012,85.339996,59040.968750,29.36,100.4,19.414286,PM2.5,7979
14.980000,15.300000,0.890000,0.820000,0.120000,63.490002,0.390000,3.160000,281.859985,84.750000,61027.609375,29.36,100.56,21.400000,PM2.5,7980
16.770000,17.150000,1.160000,0.760000,0.130000,64.400002,0.020000,3.110000,282.679993,85.010002,62407.011719,29.37,100.71,23.957144,PM2.5,7981
18.799999,19.270000,1.530000,0.750000,0.130000,65.510002,-0.220000,2.630000,283.799988,84.080002,63896.449219,29.37,100.87,26.857141,PM2.5,7982
19.680000,20.200001,1.900000,0.800000,0.140000,69.760002,0.290000,1.930000,285.850006,76.849998,66409.093750,29.38,101.02,28.114286,PM2.5,7983
21.940001,22.559999,2.380000,0.990000,0.150000,70.949997,0.780000,2.250000,285.209991,76.769997,65523.511719,29.38,101.18,31.342857,PM2.5,7984
24.090000,24.799999,2.620000,1.140000,0.150000,69.480003,0.270000,3.580000,282.019989,84.379997,62065.769531,29.39,101.33,34.414288,PM2.5,7985
24.629999,25.350000,2.740000,0.990000,0.150000,71.580002,0.730000,3.600000,279.420013,92.230003,59535.300781,29.39,101.49,35.185715,PM2.5,7986
29.860001,30.809999,4.100000,0.850000,0.170000,75.019997,1.370000,2.800000,278.049988,93.930000,58332.000000,29.4,101.65,42.657143,PM2.5,7987
37.650002,39.130001,6.300000,1.020000,0.190000,80.410004,1.310000,1.550000,278.829987,96.300003,59341.410156,29.4,101.8,53.312500,PM2.5,7988
41.779999,45.709999,8.390000,1.340000,0.230000,82.599998,-0.050000,0.640000,283.260010,90.089996,65063.929688,29.41,101.96,58.474998,PM2.5,7989
55.049999,63.459999,15.200000,2.410000,0.320000,95.610001,-0.870000,-0.140000,289.859985,78.820000,75116.351562,29.41,102.11,75.062500,PM2.5,7990
61.680000,74.610001,17.309999,3.250000,0.410000,103.500000,-0.750000,-1.070000,293.070007,74.610001,79871.000000,29.41,102.27,83.349998,PM2.5,7991
63.200001,77.470001,15.900000,3.400000,0.440000,103.809998,-0.890000,-2.280000,293.109985,78.809998,80067.617188,29.42,102.43,85.250000,PM2.5,7992
63.490002,80.330002,15.690000,4.790000,0.490000,103.980003,-0.580000,-2.230000,294.910004,74.779999,83081.046875,29.42,102.58,85.612503,PM2.5,7993
63.439999,81.510002,15.320000,5.600000,0.500000,104.750000,-1.100000,-0.400000,293.720001,78.809998,80922.539062,29.42,102.74,85.549995,PM2.5,7994
63.029999,80.699997,13.420000,5.630000,0.500000,102.870003,-1.760000,0.800000,290.290009,89.419998,76102.460938,29.42,102.89,85.037498,PM2.5,7995
66.089996,84.730003,12.790000,6.490000,0.530000,103.040001,-1.380000,0.430000,290.130005,93.940002,76596.046875,29.43,103.05,88.862495,PM2.5,7996
64.879997,84.830002,12.960000,7.600000,0.580000,107.820000,-0.680000,-0.370000,293.619995,84.970001,81234.609375,29.43,103.21,87.349998,PM2.5,7997
59.590000,81.510002,13.280000,9.220000,0.630000,108.790001,0.070000,-1.030000,298.720001,70.269997,87784.062500,29.43,103.36,80.737503,PM2.5,7998
56.070000,82.750000,14.060000,13.010000,0.720000,104.099998,0.900000,-1.530000,301.820007,63.240002,92225.328125,29.43,103.52,76.337502,PM2.5,7999
54.430000,86.339996,14.640000,17.920000,0.830000,95.650002,1.230000,-2.070000,303.230011,61.389999,94676.242188,29.44,103.67,74.287498,PM2.5,8000
53.400002,90.120003,15.380000,23.760000,0.960000,84.629997,0.960000,-2.590000,303.459991,63.610001,95641.632812,29.44,103.83,73.000000,PM2.5,8001
55.750000,94.849998,14.710000,25.410000,1.030000,75.419998,0.830000,-2.730000,303.029999,66.860001,95289.953125,29.44,103.99,75.937500,PM2.5,8002
55.639999,92.889999,13.460000,22.809999,1.030000,72.910004,0.690000,-2.580000,302.609985,68.610001,94634.093750,29.44,104.14,75.800003,PM2.5,8003
52.549999,86.010002,13.060000,19.510000,0.970000,72.349998,0.370000,-2.940000,302.709991,65.779999,93895.226562,29.44,104.3,71.937500,PM2.5,8004
48.590000,79.849998,13.260000,17.670000,0.940000,71.559998,0.110000,-2.640000,303.440002,61.900002,94174.960938,29.44,104.45,66.987503,PM2.5,8005
46.509998,78.650002,14.270000,19.219999,0.960000,65.820000,-0.390000,-2.330000,304.010010,60.180000,94800.226562,29.44,104.61,64.387497,PM2.5,8006
44.540001,79.489998,16.360001,23.830000,1.020000,59.560001,-0.630000,-2.240000,304.160004,59.869999,95248.453125,29.44,104.77,64.744995,PM10,8007
42.380001,77.959999,16.709999,24.600000,0.980000,60.630001,-0.620000,-2.110000,304.450012,58.939999,95840.929688,29.44,104.92,63.980000,PM10,8008
38.939999,70.459999,16.150000,20.559999,0.850000,70.320000,-1.030000,-0.160000,304.720001,58.189999,96104.328125,29.44,105.08,60.230000,PM10,8009
37.340000,67.690002,15.460000,19.650000,0.800000,74.360001,-1.690000,2.350000,305.040009,56.939999,95917.820312,29.44,105.23,58.845001,PM10,8010
10.470000,10.690000,0.440000,0.850000,0.110000,63.650002,-0.430000,3.760000,281.609985,89.400002,61853.531250,29.44,99.15,14.957143,PM2.5,8201
10.850000,11.070000,0.460000,0.910000,0.110000,61.840000,1.110000,3.970000,281.130005,89.940002,61040.128906,29.45,99.3,15.500001,PM2.5,8202
11.340000,11.570000,0.480000,0.930000,0.110000,60.959999,1.770000,3.760000,280.850006,89.800003,60531.191406,29.45,99.46,16.200001,PM2.5,8203
11.830000,12.060000,0.500000,0.990000,0.110000,60.509998,2.090000,3.360000,280.420013,89.919998,59915.839844,29.46,99.61,16.900000,PM2.5,8204
12.120000,12.360000,0.520000,0.950000,0.110000,59.810001,2.240000,3.180000,280.690002,88.160004,60156.570312,29.47,99.77,17.314285,PM2.5,8205
12.130000,12.380000,0.550000,0.920000,0.120000,61.830002,2.220000,2.950000,281.029999,86.169998,60323.148438,29.47,99.93,17.328571,PM2.5,8206
12.410000,12.660000,0.590000,0.980000,0.120000,63.540001,3.360000,2.860000,280.309998,86.519997,59270.718750,29.48,100.08,17.728571,PM2.5,8207
12.670000,12.930000,0.620000,0.900000,0.120000,65.099998,4.110000,3.110000,280.309998,83.989998,58784.128906,29.49,100.24,18.100000,PM2.5,8208
13.240000,13.520000,0.690000,0.880000,0.120000,63.840000,1.910000,2.820000,281.570007,80.510002,59919.039062,29.49,100.39,18.914286,PM2.5,8209
14.800000,15.120000,0.870000,0.830000,0.120000,64.580002,-0.290000,3.270000,282.070007,83.589996,61105.000000,29.5,100.55,21.142857,PM2.5,8210
16.559999,16.930000,1.090000,0.740000,0.130000,65.120003,0.140000,3.520000,281.440002,88.919998,61065.359375,29.5,100.71,23.657143,PM2.5,8211
18.219999,18.639999,1.330000,0.660000,0.130000,65.430000,0.790000,3.820000,280.790009,92.029999,60577.039062,29.51,100.86,26.028570,PM2.5,8212
19.590000,20.070000,1.640000,0.690000,0.130000,67.300003,1.300000,3.950000,281.299988,91.309998,61426.128906,29.51,101.02,27.985714,PM2.5,8213
20.690001,21.240000,2.040000,0.860000,0.140000,70.949997,1.590000,2.640000,282.809998,86.000000,63153.898438,29.52,101.17,29.557144,PM2.5,8214
22.740000,23.379999,2.470000,1.150000,0.150000,71.180000,1.250000,3.160000,282.660004,83.309998,62908.089844,29.52,101.33,32.485714,PM2.5,8215
24.920000,25.660000,2.850000,1.040000,0.150000,70.970001,1.180000,4.290000,280.670013,86.720001,60659.179688,29.53,101.49,35.599998,PM2.5,8216
31.790001,32.840000,4.600000,0.910000,0.170000,74.669998,0.800000,3.700000,278.929993,92.129997,59535.390625,29.53,101.64,45.414288,PM2.5,8217
40.240002,41.939999,6.890000,1.040000,0.200000,78.959999,0.640000,1.970000,279.019989,96.660004,59745.578125,29.54,101.8,56.550003,PM2.5,8218
46.009998,50.160000,9.790000,1.400000,0.240000,85.059998,-0.150000,0.930000,283.149994,90.610001,65071.140625,29.54,101.95,63.762497,PM2.5,8219
57.349998,65.470001,15.820000,2.370000,0.320000,96.000000,-0.650000,-0.050000,289.070007,81.540001,74006.781250,29.54,102.11,77.937500,PM2.5,8220
63.849998,76.559998,17.799999,2.710000,0.400000,104.050003,-0.870000,-1.810000,290.070007,85.129997,75986.539062,29.55,102.27,86.062500,PM2.5,8221
65.220001,79.230003,15.770000,2.900000,0.430000,103.440002,-0.750000,-2.720000,291.010010,86.739998,77607.312500,29.55,102.42,87.775002,PM2.5,8222
64.959999,80.459999,14.230000,3.670000,0.480000,103.959999,-0.340000,-2.960000,293.670013,79.580002,81530.539062,29.55,102.58,87.449997,PM2.5,8223
70.589996,89.089996,15.900000,5.190000,0.530000,106.620003,-1.140000,-1.380000,291.980011,87.760002,79336.062500,29.56,102.73,94.487495,PM2.5,8224
69.949997,89.300003,14.720000,6.060000,0.550000,105.160004,-1.510000,0.430000,290.640015,92.660004,77094.750000,29.56,102.89,93.687500,PM2.5,8225
69.470001,89.489998,13.610000,7.260000,0.570000,106.660004,-1.120000,0.480000,292.179993,89.339996,79374.796875,29.56,103.05,93.087502,PM2.5,8226
67.489998,89.919998,14.030000,9.840000,0.640000,107.809998,-0.340000,-0.200000,294.450012,83.180000,82406.656250,29.57,103.2,90.612495,PM2.5,8227
61.939999,86.680000,13.870000,12.130000,0.690000,105.540001,0.610000,-1.220000,298.040009,72.680000,86930.742188,29.57,103.36,83.674995,PM2.5,8228
55.770000,84.500000,13.790000,16.020000,0.760000,99.519997,1.230000,-2.040000,302.529999,61.209999,92980.382812,29.57,103.52,75.962502,PM2.5,8229
54.900002,89.440002,14.520000,22.320000,0.890000,89.279999,1.120000,-2.540000,303.760010,60.500000,95617.023438,29.57,103.67,74.875000,PM2.5,8230
56.750000,96.309998,15.310000,28.660000,1.030000,76.529999,0.940000,-2.970000,303.079987,65.150002,95324.828125,29.57,103.83,77.187500,PM2.5,8231
58.200001,98.699997,14.400000,29.540001,1.080000,69.690002,0.710000,-2.840000,302.959991,67.410004,95261.523438,29.57,103.98,79.000000,PM2.5,8232
58.250000,95.910004,12.800000,26.110001,1.060000,69.500000,0.050000,-2.550000,302.549988,68.529999,94680.179688,29.58,104.14,79.062500,PM2.5,8233
55.119999,88.180000,12.120000,19.240000,0.970000,71.160004,-0.220000,-2.610000,302.079987,67.860001,93464.500000,29.58,104.3,75.150002,PM2.5,8234
51.200001,82.019997,12.700000,17.670000,0.930000,70.739998,-0.250000,-2.660000,302.390015,65.300003,93124.453125,29.58,104.45,70.250000,PM2.5,8235
48.169998,79.019997,13.810000,19.370001,0.940000,66.290001,-0.460000,-2.560000,303.019989,62.970001,93701.773438,29.58,104.61,66.462494,PM2.5,8236
47.099998,77.470001,13.300000,17.670000,0.930000,67.080002,-0.590000,-2.400000,303.489990,61.750000,94480.906250,29.58,104.77,65.125000,PM2.5,8237
46.020000,76.180000,14.320000,19.000000,0.900000,66.480003,-0.470000,-1.910000,303.839996,60.759998,95353.320312,29.58,104.92,63.775002,PM2.5,8238
39.349998,72.040001,17.469999,25.420000,0.860000,64.699997,-0.880000,-0.410000,304.440002,58.990002,96029.929688,29.58,105.08,61.020000,PM10,8239
38.250000,67.639999,15.310000,18.490000,0.770000,72.989998,-2.130000,1.810000,305.190002,56.369999,96145.000000,29.58,105.23,58.820000,PM10,8240
10.480000,10.700000,0.440000,0.740000,0.110000,65.139999,-0.360000,5.290000,280.350006,89.720001,59911.089844,29.57,99.14,14.971428,PM2.5,8433
11.010000,11.240000,0.450000,0.780000,0.110000,62.980000,1.080000,4.730000,279.720001,91.370003,59112.011719,29.58,99.29,15.728572,PM2.5,8434
11.300000,11.530000,0.470000,0.800000,0.110000,62.180000,1.930000,4.070000,280.690002,88.330002,60008.640625,29.59,99.45,16.142857,PM2.5,8435
11.760000,12.000000,0.480000,0.870000,0.110000,61.259998,2.150000,3.480000,280.429993,88.660004,59606.199219,29.6,99.61,16.800001,PM2.5,8436
12.010000,12.250000,0.500000,0.870000,0.110000,60.580002,1.990000,3.080000,280.910004,86.639999,60150.480469,29.6,99.76,17.157143,PM2.5,8437
12.130000,12.380000,0.530000,0.820000,0.110000,62.880001,2.310000,2.990000,280.510010,87.199997,59609.191406,29.61,99.92,17.328571,PM2.5,8438
12.380000,12.630000,0.570000,0.820000,0.110000,64.309998,4.070000,3.310000,279.899994,86.839996,58706.421875,29.62,100.07,17.685715,PM2.5,8439
12.250000,12.510000,0.610000,0.930000,0.120000,64.239998,4.280000,3.340000,282.040009,76.180000,60121.371094,29.62,100.23,17.500000,PM2.5,8440
13.000000,13.290000,0.700000,1.080000,0.120000,63.139999,1.380000,2.920000,283.329987,74.019997,61555.539062,29.63,100.39,18.571428,PM2.5,8441
14.510000,14.820000,0.850000,0.840000,0.120000,66.150002,0.130000,3.770000,282.010010,83.300003,60986.949219,29.63,100.54,20.728571,PM2.5,8442
15.990000,16.340000,1.010000,0.730000,0.120000,65.750000,1.310000,4.550000,280.709991,88.599998,59909.808594,29.64,100.7,22.842857,PM2.5,8443
17.410000,17.809999,1.210000,0.640000,0.130000,65.260002,2.050000,5.220000,280.429993,90.389999,59824.679688,29.64,100.86,24.871428,PM2.5,8444
18.969999,19.430000,1.510000,0.670000,0.130000,65.980003,1.910000,6.340000,280.970001,88.650002,60587.949219,29.65,101.01,27.099998,PM2.5,8445
20.480000,21.000000,1.850000,0.810000,0.140000,68.360001,1.850000,5.200000,280.769989,90.199997,60715.839844,29.65,101.17,29.257143,PM2.5,8446
22.250000,22.860001,2.240000,1.050000,0.140000,69.309998,2.390000,4.250000,281.170013,87.269997,61189.980469,29.66,101.32,31.785715,PM2.5,8447
24.930000,25.690001,3.010000,1.010000,0.150000,71.290001,1.400000,4.410000,282.279999,81.050003,62187.851562,29.66,101.48,35.614285,PM2.5,8448
30.770000,31.790001,4.430000,0.900000,0.170000,74.440002,-0.480000,4.210000,280.559998,87.099998,61093.949219,29.67,101.64,43.957142,PM2.5,8449
40.150002,41.919998,6.760000,0.970000,0.200000,78.370003,0.140000,2.170000,278.459991,97.190002,58879.980469,29.67,101.79,56.437500,PM2.5,8450
46.119999,49.919998,9.620000,1.270000,0.240000,85.489998,0.570000,1.320000,281.329987,94.489998,62399.101562,29.68,101.95,63.899998,PM2.5,8451
56.540001,63.740002,14.860000,2.320000,0.310000,93.800003,-0.420000,0.280000,287.010010,86.430000,71209.429688,29.68,102.11,76.925003,PM2.5,8452
62.820000,74.820000,17.260000,2.680000,0.380000,101.760002,-0.630000,-1.480000,289.489990,85.760002,75677.046875,29.68,102.26,84.775002,PM2.5,8453
64.500000,77.980003,15.920000,2.830000,0.420000,105.000000,-0.060000,-1.590000,291.029999,86.290001,78064.398438,29.69,102.42,86.875000,PM2.5,8454
64.080002,78.809998,13.510000,3.340000,0.470000,106.029999,0.510000,-2.250000,293.559998,79.790001,81483.960938,29.69,102.57,86.350006,PM2.5,8455
65.610001,82.320000,13.890000,4.260000,0.510000,106.830002,0.650000,-1.160000,294.709991,78.440002,83404.609375,29.69,102.73,88.262497,PM2.5,8456
65.419998,83.800003,13.570000,5.180000,0.550000,107.010002,0.600000,-0.090000,295.630005,76.769997,84359.171875,29.7,102.89,88.024994,PM2.5,8457
64.349998,83.889999,12.490000,6.460000,0.580000,107.860001,0.530000,0.230000,297.130005,73.519997,86122.046875,29.7,103.04,86.687500,PM2.5,8458
62.480000,84.209999,12.100000,8.670000,0.630000,105.300003,1.000000,-0.070000,299.010010,68.849998,88578.687500,29.7,103.2,84.349998,PM2.5,8459
59.959999,84.339996,12.320000,11.040000,0.680000,104.150002,1.640000,-0.830000,300.779999,65.050003,90901.093750,29.7,103.36,81.199997,PM2.5,8460
57.650002,86.790001,12.520000,15.640000,0.780000,96.750000,1.850000,-2.010000,302.760010,61.410000,93927.226562,29.71,103.51,78.312500,PM2.5,8461
56.959999,91.989998,13.010000,22.230000,0.910000,85.360001,1.370000,-2.640000,303.279999,62.470001,95242.859375,29.71,103.67,77.449997,PM2.5,8462
61.259998,100.800003,13.360000,29.059999,1.050000,73.190002,0.820000,-2.710000,302.640015,66.830002,94870.007812,29.71,103.83,82.824997,PM2.5,8463
62.380001,102.779999,12.520000,31.480000,1.100000,67.139999,0.430000,-2.630000,302.739990,67.440002,94927.226562,29.71,103.98,84.224998,PM2.5,8464
62.259998,100.419998,11.380000,29.410000,1.090000,64.879997,-0.100000,-2.260000,302.470001,68.730003,94792.437500,29.71,104.14,84.074997,PM2.5,8465
57.990002,91.389999,11.910000,20.280001,0.990000,69.919998,-0.310000,-1.850000,301.950012,69.169998,93830.937500,29.71,104.3,78.737503,PM2.5,8466
54.330002,85.669998,12.550000,18.250000,0.940000,70.199997,-0.350000,-1.940000,301.940002,67.730003,93120.906250,29.71,104.45,74.162506,PM2.5,8467
52.259998,83.360001,13.310000,19.510000,0.940000,67.110001,-0.240000,-2.000000,302.399994,65.800003,93539.546875,29.71,104.61,71.574997,PM2.5,8468
50.299999,80.470001,13.180000,17.980000,0.920000,68.080002,-0.050000,-1.760000,303.000000,64.040001,94471.656250,29.71,104.77,69.125000,PM2.5,8469
47.090000,76.940002,14.410000,19.299999,0.880000,68.010002,-0.150000,-1.090000,303.720001,61.290001,95388.921875,29.71,104.92,65.112503,PM2.5,8470
40.790001,72.139999,16.820000,24.410000,0.830000,66.190002,-1.180000,0.240000,304.429993,58.480000,95849.718750,29.71,105.08,61.070000,PM10,8471
39.320000,68.180000,15.310000,17.850000,0.750000,72.660004,-2.630000,1.740000,305.029999,56.009998,95893.867188,29.71,105.23,59.090000,PM10,8472
39.310001,66.949997,15.460000,16.469999,0.710000,76.209999,-3.060000,2.440000,305.019989,55.189999,95595.867188,29.71,105.39,58.474998,PM10,8473
10.380000,10.600000,0.430000,0.710000,0.110000,65.849998,0.590000,5.330000,280.850006,85.519997,59881.421875,29.71,99.13,14.828571,PM2.5,8663
11.050000,11.280000,0.450000,0.720000,0.110000,63.669998,0.460000,4.470000,279.709991,89.870003,58837.121094,29.72,99.29,15.785714,PM2.5,8664
11.250000,11.480000,0.470000,0.710000,0.110000,63.529999,1.340000,3.510000,280.910004,86.739998,60092.281250,29.72,99.44,16.071428,PM2.5,8665
11.660000,11.890000,0.480000,0.750000,0.110000,62.759998,2.150000,3.040000,280.630005,87.250000,59693.289062,29.73,99.6,16.657143,PM2.5,8666
11.870000,12.110000,0.490000,0.770000,0.110000,62.200001,2.190000,3.040000,281.100006,85.300003,60068.800781,29.74,99.75,16.957142,PM2.5,8667
12.110000,12.350000,0.530000,0.730000,0.110000,64.250000,2.950000,3.360000,280.059998,87.029999,58833.671875,29.74,99.91,17.299999,PM2.5,8668
12.390000,12.640000,0.560000,0.740000,0.110000,64.769997,4.420000,3.210000,279.540009,85.800003,57996.238281,29.75,100.07,17.700001,PM2.5,8669
12.180000,12.440000,0.600000,0.930000,0.120000,63.310001,3.420000,2.730000,282.609985,74.639999,60601.589844,29.76,100.22,17.400000,PM2.5,8670
13.000000,13.290000,0.700000,1.190000,0.120000,62.810001,0.790000,2.990000,284.170013,71.989998,62575.800781,29.76,100.38,18.571428,PM2.5,8671
14.150000,14.460000,0.820000,0.900000,0.120000,65.559998,1.000000,4.510000,282.779999,78.970001,61503.699219,29.77,100.54,20.214285,PM2.5,8672
15.310000,15.650000,0.940000,0.780000,0.120000,64.930000,2.760000,5.220000,281.640015,82.949997,60502.640625,29.77,100.69,21.871429,PM2.5,8673
16.100000,16.480000,1.100000,0.700000,0.130000,64.209999,2.980000,5.710000,282.959991,77.989998,61780.140625,29.78,100.85,23.000000,PM2.5,8674
16.959999,17.320000,1.400000,0.720000,0.130000,66.510002,1.830000,5.670000,284.980011,71.050003,63755.281250,29.79,101.01,24.228571,PM2.5,8675
19.030001,19.459999,1.790000,0.800000,0.130000,69.650002,0.950000,5.830000,283.390015,77.430000,62574.300781,29.79,101.16,27.185715,PM2.5,8676
21.870001,22.450001,2.140000,1.020000,0.140000,67.910004,1.630000,5.180000,281.209991,86.260002,61107.019531,29.8,101.32,31.242859,PM2.5,8677
25.190001,25.959999,3.050000,1.040000,0.150000,70.129997,1.230000,4.350000,282.570007,80.830002,62592.519531,29.8,101.48,35.985714,PM2.5,8678
30.190001,31.200001,4.320000,0.940000,0.170000,73.260002,-0.300000,4.690000,281.929993,81.769997,62201.511719,29.8,101.63,43.128571,PM2.5,8679
40.090000,41.970001,7.000000,1.040000,0.200000,79.860001,0.010000,3.720000,278.779999,92.730003,58821.550781,29.81,101.79,56.362499,PM2.5,8680
47.529999,51.509998,9.810000,1.390000,0.240000,84.910004,0.140000,3.270000,278.929993,97.919998,59003.390625,29.81,101.94,65.662498,PM2.5,8681
57.459999,64.660004,14.350000,2.430000,0.300000,91.839996,-0.920000,1.350000,284.309998,92.629997,67067.968750,29.82,102.1,78.074997,PM2.5,8682
61.200001,72.480003,16.650000,2.680000,0.370000,101.660004,-0.690000,-1.220000,290.209991,82.790001,76848.546875,29.82,102.26,82.750000,PM2.5,8683
63.580002,76.519997,15.710000,2.870000,0.420000,107.110001,0.140000,-1.190000,291.890015,82.519997,79593.320312,29.82,102.41,85.725006,PM2.5,8684
65.269997,80.000000,13.200000,3.240000,0.470000,108.349998,0.560000,-1.440000,293.109985,81.360001,81106.710938,29.83,102.57,87.837494,PM2.5,8685
64.769997,82.279999,14.100000,4.850000,0.530000,108.949997,1.010000,-1.380000,296.239990,73.010002,85241.593750,29.83,102.73,87.212494,PM2.5,8686
64.349998,84.410004,13.870000,6.420000,0.580000,107.559998,1.230000,-0.630000,297.640015,70.400002,87322.476562,29.83,102.88,86.687500,PM2.5,8687
62.919998,84.320000,12.910000,7.650000,0.610000,107.610001,1.450000,-0.250000,299.200012,66.889999,89099.343750,29.83,103.04,84.899994,PM2.5,8688
60.230000,84.250000,12.110000,9.700000,0.660000,105.309998,1.730000,-0.340000,301.640015,61.660000,92352.937500,29.84,103.2,81.537498,PM2.5,8689
58.770000,85.889999,11.950000,12.240000,0.730000,101.230003,1.620000,-0.890000,302.640015,61.020000,94018.328125,29.84,103.35,79.712502,PM2.5,8690
58.110001,88.830002,11.900000,15.470000,0.810000,93.730003,1.300000,-1.670000,302.579987,62.869999,94365.937500,29.84,103.51,78.887497,PM2.5,8691
61.189999,97.370003,11.510000,22.010000,0.950000,80.669998,0.990000,-2.310000,302.720001,64.870003,94880.453125,29.84,103.67,82.737495,PM2.5,8692
66.889999,107.559998,11.040000,30.209999,1.100000,69.540001,0.470000,-2.210000,302.570007,67.809998,95034.031250,29.85,103.82,89.862503,PM2.5,8693
67.889999,108.970001,10.420000,35.910000,1.160000,63.320000,0.180000,-2.150000,302.440002,68.639999,94772.742188,29.85,103.98,91.112503,PM2.5,8694
63.490002,101.980003,10.510000,34.299999,1.130000,61.119999,-0.110000,-2.000000,302.579987,67.629997,94782.921875,29.85,104.14,85.612503,PM2.5,8695
57.130001,92.139999,11.800000,21.910000,1.020000,67.269997,-0.350000,-1.590000,302.519989,67.919998,94761.726562,29.85,104.29,77.662498,PM2.5,8696
55.459999,88.680000,12.520000,19.209999,0.980000,68.739998,-0.280000,-1.360000,302.359985,68.339996,94571.242188,29.85,104.45,75.574997,PM2.5,8697
53.610001,85.349998,12.910000,19.129999,0.950000,67.339996,-0.120000,-1.440000,302.769989,66.150002,94799.476562,29.85,104.61,73.262497,PM2.5,8698
50.950001,81.050003,13.490000,18.270000,0.900000,68.650002,-0.300000,-1.350000,303.450012,63.110001,95362.953125,29.85,104.76,69.937500,PM2.5,8699
46.540001,74.790001,14.670000,18.240000,0.830000,69.849998,-0.870000,-0.720000,304.040009,59.970001,95738.453125,29.85,104.92,64.425003,PM2.5,8700
42.200001,70.260002,15.390000,17.959999,0.770000,71.230003,-1.930000,0.690000,304.480011,57.369999,95572.296875,29.85,105.08,60.130001,PM10,8701
40.599998,68.099998,15.090000,15.930000,0.720000,73.650002,-2.970000,1.900000,304.739990,55.730000,95322.742188,29.85,105.24,59.049999,PM10,8702
40.290001,67.199997,15.460000,15.570000,0.690000,75.989998,-3.110000,2.490000,304.839996,54.840000,95290.468750,29.85,105.39,58.599998,PM10,8703
39.860001,66.010002,16.360001,16.230000,0.660000,78.480003,-2.860000,2.960000,304.709991,54.439999,95132.390625,29.85,105.55,58.005001,PM10,8704
38.660000,65.080002,17.790001,17.700001,0.640000,80.889999,-2.590000,3.190000,304.970001,53.040001,95547.757812,29.85,105.71,57.540001,PM10,8705
10.060000,10.280000,0.430000,0.730000,0.110000,65.849998,1.260000,4.590000,282.829987,77.290001,61492.871094,29.85,99.12,14.371429,PM2.5,8898
11.000000,11.220000,0.460000,0.630000,0.110000,66.629997,-0.120000,4.150000,279.769989,88.250000,58634.921875,29.85,99.28,15.714286,PM2.5,8899
11.440000,11.670000,0.480000,0.640000,0.110000,66.410004,1.070000,3.520000,279.119995,90.839996,58126.410156,29.86,99.43,16.342857,PM2.5,8900
11.700000,11.940000,0.490000,0.660000,0.110000,65.389999,2.710000,3.400000,279.149994,88.230003,57821.898438,29.87,99.59,16.714285,PM2.5,8901
11.880000,12.110000,0.490000,0.690000,0.110000,63.910000,3.200000,3.540000,280.079987,86.639999,58737.300781,29.87,99.75,16.971428,PM2.5,8902
11.870000,12.120000,0.530000,0.650000,0.110000,65.470001,3.560000,3.950000,280.609985,83.830002,59106.820312,29.88,99.9,16.957142,PM2.5,8903
12.300000,12.550000,0.550000,0.700000,0.110000,64.489998,4.020000,2.880000,279.899994,84.150002,58317.621094,29.89,100.06,17.571428,PM2.5,8904
12.490000,12.760000,0.600000,0.900000,0.120000,63.720001,2.870000,1.910000,281.399994,79.589996,59649.488281,29.89,100.22,17.842857,PM2.5,8905
13.270000,13.560000,0.680000,1.120000,0.120000,62.570000,1.350000,2.450000,282.519989,79.050003,61373.250000,29.9,100.37,18.957144,PM2.5,8906
13.970000,14.280000,0.780000,0.960000,0.120000,63.779999,2.010000,4.110000,282.890015,78.690002,61716.449219,29.91,100.53,19.957144,PM2.5,8907
14.620000,14.940000,0.870000,0.850000,0.120000,63.630001,3.420000,5.140000,283.140015,76.680000,61793.011719,29.91,100.69,20.885714,PM2.5,8908
15.110000,15.420000,1.030000,0.810000,0.120000,63.740002,2.460000,4.460000,284.839996,71.370003,63412.230469,29.92,100.84,21.585714,PM2.5,8909
16.480000,16.840000,1.370000,0.930000,0.130000,65.239998,0.560000,3.100000,286.859985,65.059998,65819.437500,29.92,101.0,23.542856,PM2.5,8910
18.440001,18.870001,1.770000,0.930000,0.130000,68.870003,0.190000,4.260000,285.149994,70.309998,64179.179688,29.93,101.16,26.342857,PM2.5,8911
21.610001,22.200001,2.160000,1.050000,0.140000,66.959999,0.890000,4.690000,282.269989,80.550003,61704.039062,29.93,101.31,30.871429,PM2.5,8912
26.440001,27.270000,3.330000,1.130000,0.160000,69.029999,0.720000,3.780000,283.049988,79.570000,62982.398438,29.94,101.47,37.771431,PM2.5,8913
32.709999,33.860001,5.010000,1.110000,0.180000,73.019997,-0.230000,3.790000,282.640015,81.400002,63212.328125,29.94,101.63,46.728569,PM2.5,8914
41.340000,43.709999,7.560000,1.290000,0.210000,78.040001,-0.060000,3.430000,281.079987,87.339996,61653.890625,29.94,101.78,57.924999,PM2.5,8915
48.669998,53.240002,10.410000,1.630000,0.250000,83.540001,-0.870000,3.530000,281.600006,93.019997,62562.160156,29.95,101.94,67.087494,PM2.5,8916
61.099998,69.099998,15.270000,2.560000,0.320000,91.980003,-2.170000,1.890000,283.920013,94.970001,66673.882812,29.95,102.1,82.625000,PM2.5,8917
61.639999,72.730003,16.590000,2.290000,0.360000,103.430000,-1.460000,-0.780000,288.670013,87.500000,74392.882812,29.96,102.25,83.300003,PM2.5,8918
62.790001,75.629997,15.820000,2.400000,0.420000,111.010002,-0.490000,-1.370000,293.170013,76.639999,80741.617188,29.96,102.41,84.737503,PM2.5,8919
66.360001,81.820000,13.540000,3.060000,0.490000,113.379997,-0.200000,-1.470000,294.450012,75.800003,82795.703125,29.96,102.57,89.199997,PM2.5,8920
67.120003,86.360001,14.580000,5.330000,0.560000,111.760002,0.190000,-1.710000,296.700012,70.940002,85724.546875,29.97,102.72,90.150002,PM2.5,8921
65.910004,87.959999,14.070000,7.150000,0.610000,109.449997,0.500000,-1.400000,298.630005,67.180000,88565.093750,29.97,102.88,88.637505,PM2.5,8922
65.000000,88.949997,12.750000,9.080000,0.660000,106.320000,0.850000,-1.010000,299.790009,65.930000,90217.921875,29.97,103.04,87.500000,PM2.5,8923
62.919998,89.300003,11.680000,11.270000,0.720000,102.050003,1.190000,-1.200000,301.510010,62.990002,92513.906250,29.97,103.2,84.899994,PM2.5,8924
60.689999,89.769997,11.290000,13.870000,0.780000,95.930000,0.960000,-1.330000,302.260010,63.169998,93953.570312,29.98,103.35,82.112495,PM2.5,8925
61.230000,94.250000,11.210000,18.000000,0.870000,86.989998,0.600000,-1.640000,302.269989,64.809998,94136.000000,29.98,103.51,82.787498,PM2.5,8926
65.529999,105.000000,10.970000,27.150000,1.040000,73.940002,0.320000,-2.040000,302.589996,65.940002,94741.906250,29.98,103.67,88.162498,PM2.5,8927
71.000000,114.570000,10.120000,39.720001,1.200000,64.540001,-0.070000,-2.070000,302.790009,67.029999,95254.882812,29.98,103.82,95.000000,PM2.5,8928
68.699997,111.059998,9.630000,44.090000,1.220000,59.630001,-0.420000,-2.080000,302.690002,66.879997,94865.398438,29.98,103.98,92.125000,PM2.5,8929
61.360001,100.330002,10.230000,38.930000,1.160000,58.290001,-0.680000,-2.090000,302.769989,66.129997,94801.726562,29.98,104.14,82.949997,PM2.5,8930
53.689999,89.099998,12.030000,22.969999,1.030000,65.150002,-0.660000,-1.840000,302.910004,66.320000,95342.593750,29.98,104.29,73.362495,PM2.5,8931
53.580002,87.419998,12.880000,20.889999,0.990000,65.949997,-0.650000,-1.620000,302.959991,66.849998,95563.781250,29.99,104.45,73.225006,PM2.5,8932
52.820000,84.519997,13.520000,21.200001,0.940000,65.160004,-1.020000,-1.700000,303.209991,64.860001,95415.531250,29.99,104.61,72.275002,PM2.5,8933
49.650002,78.879997,13.880000,17.709999,0.860000,69.949997,-1.560000,-1.480000,303.700012,61.490002,95399.039062,29.99,104.76,68.312500,PM2.5,8934
48.290001,76.199997,14.490000,16.969999,0.810000,72.099998,-1.870000,-0.750000,304.100006,58.799999,95501.562500,29.99,104.92,66.612503,PM2.5,8935
45.560001,72.639999,15.090000,16.500000,0.760000,73.169998,-2.450000,0.300000,304.359985,56.980000,95351.562500,29.99,105.08,63.200001,PM2.5,8936
42.290001,69.120003,15.160000,15.980000,0.710000,73.620003,-3.160000,1.450000,304.609985,55.439999,95237.273438,29.99,105.24,59.560001,PM10,8937
41.779999,68.410004,15.650000,16.059999,0.680000,75.330002,-3.230000,2.030000,304.950012,54.040001,95548.343750,29.99,105.39,59.205002,PM10,8938
41.099998,67.430000,16.530001,16.620001,0.650000,77.690002,-3.170000,2.410000,305.260010,52.750000,95942.960938,29.99,105.55,58.715000,PM10,8939
40.369999,67.389999,18.000000,18.230000,0.640000,79.660004,-3.070000,2.650000,305.440002,51.939999,96261.773438,29.98,105.71,58.695000,PM10,8940
9.780000,10.000000,0.480000,0.840000,0.110000,65.949997,1.550000,3.610000,285.200012,69.379997,64041.789062,29.98,99.11,13.971428,PM2.5,9133
10.850000,11.080000,0.470000,0.670000,0.110000,67.029999,0.680000,4.590000,280.799988,82.139999,59289.269531,29.99,99.27,15.500001,PM2.5,9134
11.420000,11.640000,0.500000,0.620000,0.110000,69.860001,1.210000,4.310000,278.480011,87.349998,56826.218750,30.0,99.43,16.314285,PM2.5,9135
11.710000,11.940000,0.510000,0.630000,0.110000,68.900002,2.370000,3.690000,278.029999,86.879997,56245.488281,30.0,99.58,16.728571,PM2.5,9136
11.840000,12.070000,0.530000,0.660000,0.110000,67.870003,2.830000,3.300000,278.910004,85.629997,57149.390625,30.01,99.74,16.914286,PM2.5,9137
11.750000,11.990000,0.540000,0.690000,0.110000,66.220001,2.970000,3.410000,281.140015,80.440002,59431.140625,30.02,99.9,16.785715,PM2.5,9138
12.150000,12.400000,0.570000,0.790000,0.110000,65.379997,3.160000,2.170000,281.339996,80.349998,59782.000000,30.02,100.05,17.357141,PM2.5,9139
12.690000,12.960000,0.610000,1.030000,0.120000,64.570000,2.420000,1.520000,281.609985,80.290001,60142.121094,30.03,100.21,18.128571,PM2.5,9140
13.410000,13.700000,0.680000,1.160000,0.120000,63.910000,1.870000,2.310000,281.500000,82.480003,60492.730469,30.04,100.37,19.157143,PM2.5,9141
14.050000,14.350000,0.740000,1.090000,0.120000,63.110001,2.940000,3.360000,281.769989,82.650002,60735.640625,30.04,100.52,20.071428,PM2.5,9142
14.430000,14.740000,0.830000,1.050000,0.120000,61.750000,3.210000,4.100000,283.589996,75.629997,62319.121094,30.05,100.68,20.614286,PM2.5,9143
15.280000,15.620000,1.060000,1.160000,0.130000,61.150002,1.090000,2.280000,286.359985,67.709999,65124.781250,30.05,100.84,21.828571,PM2.5,9144
17.330000,17.750000,1.600000,1.290000,0.140000,65.680000,-0.810000,2.340000,287.989990,62.619999,67253.648438,30.06,100.99,24.757143,PM2.5,9145
19.830000,20.340000,2.170000,1.190000,0.140000,68.820000,-0.600000,3.400000,286.049988,67.709999,65120.058594,30.06,101.15,28.328571,PM2.5,9146
25.129999,25.920000,3.140000,1.300000,0.160000,67.699997,-0.430000,3.430000,283.309998,78.199997,62815.070312,30.07,101.31,35.899998,PM2.5,9147
32.450001,33.619999,5.050000,1.480000,0.180000,71.279999,-1.480000,2.450000,283.269989,81.959999,63869.828125,30.07,101.46,46.357143,PM2.5,9148
38.970001,40.509998,6.970000,1.620000,0.210000,74.510002,-1.820000,2.440000,282.040009,87.809998,63217.410156,30.08,101.62,54.962502,PM2.5,9149
47.340000,50.930000,10.910000,2.670000,0.250000,78.559998,-0.440000,1.810000,281.369995,92.739998,62792.820312,30.08,101.78,65.425003,PM2.5,9150
50.430000,56.090000,12.600000,2.590000,0.270000,83.000000,-0.450000,1.680000,284.299988,87.550003,66488.132812,30.08,101.94,69.287498,PM2.5,9151
57.889999,65.610001,14.750000,2.040000,0.300000,91.739998,-1.670000,1.630000,284.899994,92.169998,68045.953125,30.09,102.09,78.612503,PM2.5,9152
61.259998,71.739998,15.390000,1.630000,0.350000,100.269997,-1.710000,0.640000,285.500000,95.889999,69523.687500,30.09,102.25,82.824997,PM2.5,9153
65.830002,78.949997,15.540000,1.840000,0.420000,111.320000,-1.310000,-0.130000,289.540009,87.650002,75540.132812,30.1,102.41,88.537506,PM2.5,9154
69.019997,85.120003,13.460000,2.800000,0.500000,115.480003,-1.240000,-0.540000,292.959991,79.139999,80277.578125,30.1,102.56,92.524994,PM2.5,9155
69.000000,88.959999,14.480000,5.420000,0.580000,113.300003,-0.970000,-1.470000,296.320007,70.860001,84881.796875,30.1,102.72,92.500000,PM2.5,9156
65.120003,87.150002,13.260000,6.760000,0.610000,110.930000,-0.430000,-1.550000,299.720001,63.029999,89592.570312,30.1,102.88,87.650002,PM2.5,9157
64.169998,88.540001,12.290000,9.220000,0.670000,108.400002,-0.290000,-1.370000,300.660004,62.560001,91042.031250,30.11,103.04,86.462494,PM2.5,9158
62.930000,89.430000,11.180000,11.650000,0.720000,101.580002,-0.120000,-1.570000,301.540009,62.490002,92406.156250,30.11,103.19,84.912498,PM2.5,9159
61.439999,90.099998,10.950000,14.210000,0.780000,95.089996,-0.170000,-1.460000,302.059998,63.759998,93534.476562,30.11,103.35,83.049995,PM2.5,9160
62.500000,96.410004,11.100000,20.410000,0.890000,84.110001,-0.270000,-1.840000,302.029999,65.470001,93725.343750,30.11,103.51,84.375000,PM2.5,9161
68.019997,109.779999,10.760000,33.049999,1.110000,69.860001,-0.250000,-2.250000,302.429993,65.949997,94465.257812,30.12,103.66,91.274994,PM2.5,9162
73.250000,118.599998,9.690000,48.279999,1.270000,61.509998,-0.560000,-2.230000,302.690002,66.669998,94963.640625,30.12,103.82,97.812500,PM2.5,9163
68.849998,111.669998,9.340000,50.869999,1.270000,57.070000,-0.950000,-2.320000,302.690002,65.709999,94552.867188,30.12,103.98,92.312500,PM2.5,9164
60.049999,99.080002,10.120000,44.040001,1.190000,56.090000,-1.240000,-2.190000,302.799988,64.970001,94466.398438,30.12,104.14,81.312500,PM2.5,9165
51.570000,86.879997,12.200000,24.430000,1.040000,63.250000,-1.270000,-2.050000,302.980011,65.139999,95092.789062,30.12,104.29,70.712502,PM2.5,9166
52.549999,86.190002,13.070000,22.790001,1.000000,63.639999,-1.450000,-2.100000,303.070007,65.690002,95409.281250,30.12,104.45,71.937500,PM2.5,9167
53.270000,85.400002,13.870000,23.730000,0.960000,62.919998,-1.780000,-1.900000,303.130005,64.730003,95356.242188,30.12,104.61,72.837502,PM2.5,9168
50.669998,80.150002,14.180000,17.840000,0.860000,69.760002,-2.000000,-1.360000,303.480011,62.080002,95240.898438,30.12,104.76,69.587494,PM2.5,9169
50.160000,78.570000,14.780000,16.950001,0.810000,72.570000,-2.380000,-0.780000,303.799988,59.160000,95140.718750,30.12,104.92,68.949997,PM2.5,9170
49.689999,77.279999,15.560000,17.820000,0.770000,72.760002,-2.850000,-0.280000,304.109985,57.230000,95262.546875,30.12,105.08,68.362495,PM2.5,9171
45.730000,72.910004,15.700000,18.000000,0.710000,72.150002,-3.240000,0.690000,304.589996,55.299999,95632.101562,30.12,105.24,63.412498,PM2.5,9172
44.299999,71.750000,16.139999,18.040001,0.680000,73.540001,-3.460000,1.570000,305.070007,53.450001,96006.062500,30.12,105.39,61.625000,PM2.5,9173
43.889999,71.809998,17.030001,18.570000,0.660000,75.690002,-3.550000,2.030000,305.369995,52.360001,96316.023438,30.12,105.55,61.112499,PM2.5,9174
32.740002,51.410000,18.740000,11.460000,0.470000,74.389999,-2.750000,3.720000,303.700012,55.840000,94869.421875,30.11,106.81,50.705002,PM10,9182
31.709999,49.590000,17.260000,11.630000,0.450000,74.769997,-2.540000,3.700000,304.070007,55.130001,95390.531250,30.11,106.96,49.590000,PM10,9183
10.220000,10.450000,0.610000,0.980000,0.110000,68.169998,1.690000,3.740000,283.540009,75.949997,62609.941406,30.12,99.1,14.600000,PM2.5,9368
10.500000,10.730000,0.510000,0.800000,0.110000,67.580002,2.210000,4.200000,282.899994,73.870003,61240.781250,30.12,99.26,15.000000,PM2.5,9369
10.870000,11.100000,0.510000,0.720000,0.110000,68.930000,1.870000,3.760000,281.609985,74.589996,59492.550781,30.13,99.42,15.528571,PM2.5,9370
11.530000,11.770000,0.510000,0.670000,0.110000,67.769997,2.830000,3.280000,279.440002,81.169998,57505.468750,30.14,99.57,16.471428,PM2.5,9371
11.790000,12.030000,0.530000,0.750000,0.110000,66.320000,2.670000,3.040000,280.019989,80.760002,58087.199219,30.15,99.73,16.842857,PM2.5,9372
12.030000,12.280000,0.570000,0.840000,0.110000,66.199997,1.570000,2.710000,281.239990,79.610001,59753.988281,30.15,99.89,17.185715,PM2.5,9373
12.540000,12.810000,0.610000,0.900000,0.120000,66.480003,1.990000,2.160000,280.970001,81.430000,59609.238281,30.16,100.04,17.914286,PM2.5,9374
13.010000,13.290000,0.660000,1.060000,0.120000,66.809998,2.660000,1.860000,280.779999,82.540001,59379.210938,30.16,100.2,18.585714,PM2.5,9375
13.420000,13.710000,0.700000,1.140000,0.120000,65.629997,2.940000,2.810000,280.920013,83.330002,59702.089844,30.17,100.36,19.171429,PM2.5,9376
14.210000,14.520000,0.760000,1.200000,0.120000,62.630001,3.320000,3.690000,281.390015,82.800003,60233.101562,30.18,100.52,20.299999,PM2.5,9377
14.910000,15.250000,0.950000,1.280000,0.130000,60.990002,1.700000,2.520000,284.000000,75.570000,62757.910156,30.18,100.67,21.299999,PM2.5,9378
19.160000,19.660000,1.990000,1.590000,0.140000,64.580002,-0.930000,0.540000,287.220001,67.470001,66736.007812,30.19,100.83,27.371428,PM2.5,9379
20.020000,20.570000,2.330000,1.480000,0.150000,67.839996,-2.110000,2.230000,288.529999,62.230000,68102.273438,30.19,100.99,28.600000,PM2.5,9380
23.410000,24.100000,3.070000,1.430000,0.160000,69.830002,-1.920000,3.080000,286.019989,68.949997,65422.191406,30.2,101.14,33.442856,PM2.5,9381
29.639999,30.660000,4.250000,1.520000,0.170000,69.550003,-1.560000,3.030000,282.869995,81.860001,62923.148438,30.2,101.3,42.342857,PM2.5,9382
35.759998,37.110001,5.900000,1.630000,0.200000,72.919998,-1.940000,2.610000,282.190002,86.320000,62965.820312,30.21,101.46,50.949997,PM2.5,9383
39.580002,41.160000,7.270000,1.570000,0.210000,76.919998,-1.710000,2.870000,281.429993,90.720001,62276.441406,30.21,101.62,55.725002,PM2.5,9384
46.209999,49.970001,11.130000,2.790000,0.240000,79.879997,-0.370000,2.430000,280.829987,94.389999,61830.199219,30.22,101.77,64.012497,PM2.5,9385
50.939999,56.759998,13.450000,2.920000,0.270000,84.480003,0.310000,2.200000,282.160004,93.349998,63682.941406,30.22,101.93,69.924995,PM2.5,9386
56.580002,64.110001,14.630000,1.930000,0.300000,92.160004,-0.300000,2.810000,283.920013,92.550003,66372.507812,30.22,102.09,76.975006,PM2.5,9387
59.730000,69.589996,14.800000,1.590000,0.330000,99.650002,-1.340000,2.320000,284.880005,94.070000,68160.851562,30.23,102.25,80.912498,PM2.5,9388
66.699997,78.830002,14.150000,1.880000,0.400000,104.900002,-1.590000,1.930000,284.670013,97.650002,67943.250000,30.23,102.4,89.625000,PM2.5,9389
75.480003,91.650002,13.060000,3.010000,0.510000,112.739998,-1.780000,1.270000,286.750000,96.639999,71232.031250,30.23,102.56,100.600006,PM2.5,9390
73.879997,93.489998,13.520000,5.060000,0.570000,111.669998,-1.490000,-0.680000,292.029999,83.089996,79087.679688,30.24,102.72,98.599998,PM2.5,9391
67.769997,88.129997,12.170000,5.850000,0.590000,110.779999,-0.650000,-1.250000,296.609985,70.690002,85172.031250,30.24,102.88,90.962494,PM2.5,9392
65.019997,87.629997,11.250000,8.010000,0.630000,107.959999,-0.510000,-1.530000,299.660004,63.610001,89207.960938,30.24,103.03,87.524994,PM2.5,9393
61.669998,86.699997,10.590000,10.540000,0.680000,103.010002,-0.300000,-1.780000,302.029999,59.080002,92651.976562,30.25,103.19,83.337494,PM2.5,9394
60.730000,88.480003,10.530000,14.070000,0.750000,96.070000,-0.280000,-1.820000,302.489990,60.299999,93928.578125,30.25,103.35,82.162498,PM2.5,9395
61.799999,95.860001,10.870000,21.540001,0.890000,83.760002,-0.480000,-2.090000,302.190002,63.459999,94029.781250,30.25,103.5,83.500000,PM2.5,9396
68.209999,111.110001,10.610000,36.090000,1.130000,68.080002,-0.550000,-2.400000,302.299988,65.220001,94446.898438,30.25,103.66,91.512497,PM2.5,9397
75.610001,122.449997,9.480000,54.119999,1.320000,59.669998,-0.780000,-2.270000,302.429993,66.809998,94678.570312,30.25,103.82,100.762497,PM2.5,9398
71.160004,115.269997,9.210000,58.680000,1.330000,55.090000,-1.180000,-2.170000,302.480011,66.139999,94366.609375,30.25,103.98,95.200005,PM2.5,9399
61.520000,101.769997,10.020000,51.980000,1.260000,53.669998,-1.600000,-2.230000,302.649994,64.699997,94098.398438,30.26,104.13,83.150002,PM2.5,9400
50.209999,86.029999,12.490000,26.760000,1.060000,60.930000,-1.720000,-2.300000,302.989990,63.830002,94660.882812,30.26,104.29,69.012497,PM2.5,9401
51.189999,85.650002,13.370000,24.150000,1.020000,61.970001,-1.570000,-2.270000,303.029999,65.059998,95190.281250,30.26,104.45,70.237495,PM2.5,9402
53.080002,85.680000,14.330000,23.900000,0.960000,62.220001,-1.640000,-1.850000,303.200012,64.510002,95453.117188,30.26,104.61,72.600006,PM2.5,9403
51.090000,81.589996,14.890000,18.980000,0.870000,67.099998,-2.130000,-1.440000,303.640015,61.720001,95577.343750,30.26,104.76,70.112503,PM2.5,9404
51.230000,80.690002,15.450000,18.070000,0.810000,70.139999,-2.840000,-0.880000,303.799988,58.889999,95246.062500,30.26,104.92,70.287498,PM2.5,9405
51.700001,80.660004,16.299999,19.020000,0.780000,71.239998,-3.120000,-0.230000,303.959991,57.220001,95214.460938,30.26,105.08,70.875000,PM2.5,9406
48.549999,77.220001,16.650000,19.650000,0.720000,70.830002,-3.210000,0.720000,304.549988,55.160000,95821.671875,30.26,105.24,66.937500,PM2.5,9407
46.779999,75.830002,16.930000,19.670000,0.690000,71.889999,-3.480000,1.860000,305.119995,53.029999,96163.156250,30.26,105.39,64.724998,PM2.5,9408
46.740002,76.419998,17.780001,20.219999,0.670000,73.779999,-3.550000,2.420000,305.260010,52.330002,96172.726562,30.26,105.55,64.675003,PM2.5,9409
46.439999,77.010002,19.520000,21.750000,0.660000,75.230003,-3.420000,2.760000,305.399994,51.759998,96289.539062,30.26,105.71,64.299995,PM2.5,9410
42.160000,73.900002,22.940001,23.950001,0.630000,76.980003,-3.100000,3.450000,305.440002,51.330002,96462.328125,30.25,106.18,61.950001,PM10,9413
39.529999,69.519997,22.580000,23.240000,0.600000,76.330002,-3.000000,3.720000,305.570007,50.810001,96541.757812,30.25,106.34,59.759998,PM10,9414
35.139999,57.799999,18.910000,16.379999,0.510000,73.169998,-3.570000,4.520000,303.980011,54.639999,94799.546875,30.25,106.65,53.900002,PM10,9416
34.830002,53.630001,17.930000,11.310000,0.460000,73.389999,-3.210000,4.000000,302.890015,58.029999,93917.531250,30.25,106.81,51.815002,PM10,9417
33.869999,52.090000,16.200001,11.660000,0.450000,73.559998,-2.580000,3.750000,303.609985,56.470001,94944.031250,30.24,106.97,51.044998,PM10,9418
31.879999,49.020000,14.710000,11.820000,0.440000,74.440002,-2.290000,4.290000,304.019989,55.380001,95356.882812,30.24,107.12,49.020000,PM10,9419
10.600000,10.840000,0.650000,1.040000,0.110000,67.540001,1.370000,5.060000,281.869995,81.419998,60755.820312,30.25,99.09,15.142858,PM2.5,9605
10.510000,10.750000,0.580000,1.010000,0.110000,67.949997,2.080000,2.810000,284.149994,70.769997,62761.621094,30.26,99.25,15.014286,PM2.5,9606
10.700000,10.940000,0.540000,0.910000,0.110000,69.959999,1.450000,2.160000,283.500000,69.720001,61827.210938,30.27,99.41,15.285714,PM2.5,9607
11.550000,11.800000,0.550000,0.790000,0.110000,69.400002,2.820000,2.260000,280.130005,79.519997,58388.968750,30.27,99.57,16.500000,PM2.5,9608
11.850000,12.100000,0.560000,0.840000,0.110000,68.089996,3.280000,2.570000,280.390015,79.110001,58609.179688,30.28,99.72,16.928572,PM2.5,9609
12.300000,12.560000,0.600000,0.900000,0.110000,67.220001,1.790000,3.140000,280.429993,81.980003,59155.730469,30.29,99.88,17.571428,PM2.5,9610
12.810000,13.090000,0.640000,0.930000,0.120000,67.699997,1.840000,3.890000,279.920013,83.290001,58368.160156,30.29,100.04,18.300001,PM2.5,9611
13.410000,13.690000,0.690000,1.060000,0.120000,66.779999,2.580000,3.530000,279.299988,85.080002,57706.679688,30.3,100.19,19.157143,PM2.5,9612
13.840000,14.140000,0.740000,1.190000,0.120000,64.339996,2.670000,3.340000,281.059998,80.620003,59317.750000,30.31,100.35,19.771429,PM2.5,9613
15.050000,15.400000,1.010000,1.330000,0.130000,62.349998,1.320000,2.450000,284.149994,72.379997,62627.261719,30.31,100.51,21.500000,PM2.5,9614
19.530001,20.040001,1.880000,1.440000,0.140000,63.450001,-1.390000,1.930000,284.630005,75.190002,63992.769531,30.32,100.67,27.900002,PM2.5,9615
22.709999,23.330000,2.630000,1.450000,0.150000,67.269997,-2.990000,1.040000,285.130005,75.040001,64993.019531,30.32,100.82,32.442856,PM2.5,9616
22.959999,23.629999,2.840000,1.430000,0.150000,68.290001,-2.720000,2.470000,286.369995,69.470001,66267.890625,30.33,100.98,32.799999,PM2.5,9617
25.799999,26.570000,3.580000,1.430000,0.160000,70.860001,-1.510000,3.360000,284.570007,74.459999,64117.089844,30.33,101.14,36.857143,PM2.5,9618
31.650000,32.770000,4.710000,1.510000,0.180000,70.559998,-0.730000,3.930000,282.279999,83.879997,62266.941406,30.34,101.3,45.214287,PM2.5,9619
36.049999,37.410000,5.970000,1.530000,0.200000,73.739998,-1.360000,4.030000,282.130005,86.430000,62658.910156,30.34,101.45,51.312500,PM2.5,9620
38.480000,39.990002,6.910000,1.380000,0.200000,77.989998,-1.450000,4.040000,281.170013,91.190002,61755.761719,30.35,101.61,54.349998,PM2.5,9621
43.220001,46.700001,9.430000,1.950000,0.230000,80.339996,0.160000,3.650000,280.130005,95.500000,60909.511719,30.35,101.77,60.275002,PM2.5,9622
48.450001,53.820000,11.820000,2.060000,0.260000,84.660004,0.730000,3.550000,281.799988,93.529999,62991.660156,30.36,101.93,66.812500,PM2.5,9623
52.900002,60.119999,14.060000,1.610000,0.290000,93.360001,-0.800000,3.760000,285.799988,83.699997,68055.210938,30.36,102.08,72.375000,PM2.5,9624
56.799999,66.180000,14.490000,1.440000,0.330000,102.300003,-1.480000,3.180000,286.309998,84.309998,68999.031250,30.36,102.24,77.250000,PM2.5,9625
65.019997,76.169998,13.140000,1.720000,0.380000,103.239998,-1.230000,2.810000,282.309998,97.080002,63867.679688,30.37,102.4,87.524994,PM2.5,9626
74.120003,88.589996,11.440000,2.530000,0.480000,106.870003,-1.800000,1.690000,283.929993,98.989998,66506.203125,30.37,102.56,98.900002,PM2.5,9627
70.809998,87.029999,10.710000,3.010000,0.500000,107.199997,-1.190000,-0.150000,289.690002,88.680000,76061.468750,30.37,102.71,94.762497,PM2.5,9628
68.620003,86.339996,10.630000,3.800000,0.540000,111.279999,-0.360000,-0.830000,293.160004,79.790001,80783.953125,30.38,102.87,92.025002,PM2.5,9629
67.629997,87.480003,10.450000,5.690000,0.590000,110.989998,-0.500000,-1.230000,296.899994,70.349998,85502.117188,30.38,103.03,90.787498,PM2.5,9630
62.590000,85.330002,10.200000,9.250000,0.640000,105.629997,-0.240000,-1.720000,301.250000,59.790001,91352.101562,30.38,103.19,84.487503,PM2.5,9631
59.419998,85.599998,10.260000,13.580000,0.710000,98.309998,-0.270000,-2.090000,302.869995,57.490002,93898.828125,30.38,103.34,80.524994,PM2.5,9632
59.709999,92.839996,10.690000,21.600000,0.860000,85.809998,-0.590000,-2.240000,302.760010,59.869999,94496.343750,30.39,103.5,80.887497,PM2.5,9633
66.089996,109.730003,10.770000,37.299999,1.130000,67.820000,-0.740000,-2.330000,302.429993,63.509998,94568.382812,30.39,103.66,88.862495,PM2.5,9634
76.070000,125.470001,9.890000,58.950001,1.360000,59.130001,-0.870000,-2.090000,302.459991,66.059998,94783.117188,30.39,103.82,101.337502,PM2.5,9635
74.800003,121.639999,9.290000,68.779999,1.420000,53.900002,-1.350000,-2.040000,302.640015,65.870003,94743.226562,30.39,103.98,99.750000,PM2.5,9636
66.660004,109.010002,9.940000,62.820000,1.370000,52.080002,-2.030000,-2.290000,302.700012,64.449997,94123.976562,30.39,104.13,89.575005,PM2.5,9637
50.380001,87.230003,13.140000,28.780001,1.080000,59.290001,-2.150000,-2.420000,302.750000,63.680000,94024.140625,30.39,104.29,69.224998,PM2.5,9638
49.520000,85.230003,14.010000,25.700001,1.040000,60.500000,-1.830000,-2.390000,303.100006,63.650002,94919.687500,30.39,104.45,68.150002,PM2.5,9639
51.259998,84.949997,14.940000,23.969999,0.980000,61.599998,-1.850000,-2.090000,303.339996,63.610001,95458.281250,30.39,104.61,70.324997,PM2.5,9640
51.450001,82.410004,15.540000,19.799999,0.870000,65.540001,-2.260000,-1.700000,303.619995,61.509998,95497.843750,30.39,104.76,70.562500,PM2.5,9641
52.009998,81.839996,16.080000,19.030001,0.820000,68.449997,-2.670000,-0.990000,303.720001,59.500000,95302.312500,30.39,104.92,71.262497,PM2.5,9642
53.119999,83.120003,17.010000,20.129999,0.790000,70.269997,-2.810000,0.030000,303.839996,57.959999,95239.593750,30.39,105.08,72.650002,PM2.5,9643
51.000000,80.940002,17.330000,20.200001,0.730000,70.559998,-2.860000,1.020000,304.380005,55.720001,95721.882812,30.39,105.24,70.000000,PM2.5,9644
49.439999,79.919998,17.520000,20.610001,0.700000,70.760002,-3.230000,2.030000,304.980011,53.470001,96053.382812,30.39,105.39,68.049995,PM2.5,9645
49.720001,81.339996,18.330000,21.790001,0.690000,71.680000,-3.500000,2.500000,305.119995,52.680000,96012.328125,30.39,105.55,68.400002,PM2.5,9646
49.400002,81.220001,19.530001,22.030001,0.660000,72.779999,-3.490000,2.620000,305.200012,52.270000,96087.867188,30.39,105.71,68.000000,PM2.5,9647
47.740002,80.019997,21.719999,22.469999,0.630000,73.489998,-3.450000,3.280000,305.250000,52.029999,96246.953125,30.39,106.02,65.925003,PM2.5,9649
46.689999,78.720001,22.290001,22.690001,0.620000,73.050003,-3.330000,3.370000,305.359985,51.750000,96397.859375,30.39,106.18,64.612495,PM2.5,9650
44.660000,74.919998,22.010000,21.780001,0.590000,72.269997,-3.120000,3.420000,305.200012,51.950001,96177.273438,30.39,106.34,62.459999,PM10,9651
40.660000,67.239998,20.610001,19.270000,0.550000,71.620003,-3.020000,3.610000,305.390015,51.380001,96385.476562,30.39,106.5,58.619999,PM10,9652
36.880001,59.330002,19.240000,15.670000,0.500000,71.739998,-3.490000,4.250000,305.119995,51.950001,96080.359375,30.38,106.66,54.665001,PM10,9653
35.730000,55.040001,17.889999,12.130000,0.460000,72.660004,-3.580000,4.650000,303.200012,56.959999,94119.562500,30.38,106.81,52.520000,PM10,9654
35.930000,54.660000,15.790000,12.200000,0.450000,72.489998,-2.770000,4.270000,302.709991,58.860001,93904.453125,30.38,106.97,52.330002,PM10,9655
33.980000,51.150002,14.260000,11.860000,0.430000,73.150002,-2.250000,4.250000,303.519989,56.889999,94853.726562,30.38,107.13,50.575001,PM10,9656
32.779999,48.500000,14.270000,12.770000,0.410000,73.000000,-2.120000,3.920000,303.489990,57.369999,94979.843750,30.37,107.29,48.500000,PM10,9657
10.610000,10.840000,0.590000,0.920000,0.110000,68.660004,0.420000,5.940000,281.640015,80.849998,60155.410156,30.39,99.09,15.157143,PM2.5,9845
11.110000,11.360000,0.590000,1.260000,0.110000,69.559998,0.710000,3.110000,281.750000,79.800003,60542.878906,30.4,99.24,15.871428,PM2.5,9846
11.100000,11.360000,0.600000,1.210000,0.110000,73.209999,0.780000,2.330000,281.519989,78.190002,60251.718750,30.4,99.4,15.857143,PM2.5,9847
11.660000,11.930000,0.610000,1.000000,0.110000,72.489998,2.880000,2.490000,278.760010,83.739998,57189.730469,30.41,99.56,16.657143,PM2.5,9848
11.960000,12.230000,0.620000,0.990000,0.110000,70.599998,4.100000,2.450000,279.089996,80.360001,57309.128906,30.42,99.72,17.085714,PM2.5,9849
12.190000,12.470000,0.630000,0.970000,0.120000,68.730003,3.160000,3.420000,280.410004,79.190002,58809.730469,30.42,99.87,17.414286,PM2.5,9850
12.630000,12.910000,0.660000,0.980000,0.120000,67.290001,2.580000,4.630000,281.119995,78.370003,59363.589844,30.43,100.03,18.042858,PM2.5,9851
13.430000,13.730000,0.720000,1.100000,0.120000,65.120003,1.960000,4.530000,281.489990,76.940002,59458.550781,30.44,100.19,19.185715,PM2.5,9852
15.500000,15.870000,1.120000,1.300000,0.130000,65.430000,-0.070000,3.010000,283.339996,73.349998,61642.308594,30.44,100.35,22.142857,PM2.5,9853
21.070000,21.660000,2.230000,1.440000,0.150000,67.550003,-2.110000,0.720000,285.559998,71.070000,64977.789062,30.45,100.5,30.100000,PM2.5,9854
22.120001,22.730000,2.410000,1.360000,0.150000,67.269997,-2.640000,2.190000,284.529999,76.120003,63884.808594,30.45,100.66,31.600000,PM2.5,9855
23.969999,24.639999,2.690000,1.330000,0.150000,66.440002,-2.720000,3.220000,282.920013,82.470001,62518.871094,30.46,100.82,34.242855,PM2.5,9856
24.570000,25.290001,2.980000,1.330000,0.160000,68.330002,-2.350000,3.770000,283.790009,78.660004,63583.339844,30.46,100.98,35.099998,PM2.5,9857
27.250000,28.100000,3.640000,1.390000,0.160000,69.570000,-0.820000,4.160000,282.399994,82.779999,62077.789062,30.47,101.13,38.928570,PM2.5,9858
32.389999,33.549999,4.870000,1.520000,0.180000,70.650002,0.140000,3.860000,282.519989,83.209999,62497.089844,30.47,101.29,46.271427,PM2.5,9859
36.230000,37.639999,6.060000,1.560000,0.200000,73.180000,-0.680000,3.790000,283.299988,81.330002,63674.820312,30.48,101.45,51.537498,PM2.5,9860
38.680000,40.220001,6.920000,1.450000,0.210000,76.379997,-0.850000,4.980000,281.850006,86.070000,61903.800781,30.48,101.61,54.599998,PM2.5,9861
43.020000,46.610001,8.910000,1.750000,0.220000,78.570000,0.420000,4.990000,280.140015,94.129997,60520.371094,30.49,101.76,60.025002,PM2.5,9862
48.810001,54.369999,11.550000,1.760000,0.260000,84.849998,-0.200000,4.150000,282.619995,90.070000,63671.660156,30.49,101.92,67.262505,PM2.5,9863
53.689999,61.090000,14.260000,1.490000,0.290000,95.970001,-1.900000,3.830000,286.980011,79.000000,69381.843750,30.5,102.08,73.362495,PM2.5,9864
56.939999,65.980003,13.910000,1.350000,0.320000,100.209999,-1.380000,3.640000,284.709991,87.620003,66637.773438,30.5,102.24,77.424995,PM2.5,9865
64.360001,75.040001,12.370000,1.550000,0.370000,100.980003,-1.190000,2.600000,281.540009,96.989998,62756.480469,30.5,102.4,86.699997,PM2.5,9866
67.769997,80.769997,9.930000,1.970000,0.440000,102.879997,-1.470000,0.860000,284.589996,94.430000,67784.710938,30.51,102.55,90.962494,PM2.5,9867
63.919998,78.370003,9.360000,2.380000,0.460000,104.959999,-0.620000,-0.430000,289.579987,83.970001,75642.281250,30.51,102.71,86.149994,PM2.5,9868
65.680000,82.339996,9.850000,3.140000,0.510000,110.680000,-0.440000,-0.550000,292.559998,78.349998,79841.726562,30.51,102.87,88.349998,PM2.5,9869
68.629997,87.650002,10.240000,4.660000,0.570000,113.500000,-0.660000,-0.730000,295.220001,73.750000,83319.906250,30.51,103.03,92.037498,PM2.5,9870
65.720001,86.919998,9.930000,7.840000,0.620000,108.889999,-0.480000,-1.250000,298.579987,66.169998,87699.382812,30.52,103.18,88.400002,PM2.5,9871
60.660000,84.639999,9.840000,11.410000,0.660000,102.970001,-0.200000,-2.340000,301.600006,59.529999,91820.546875,30.52,103.34,82.074997,PM2.5,9872
58.700001,90.190002,10.650000,20.450001,0.810000,91.349998,-0.270000,-2.580000,302.940002,57.529999,94161.179688,30.52,103.5,79.625000,PM2.5,9873
64.989998,109.190002,11.290000,39.500000,1.120000,70.639999,-0.740000,-2.250000,302.549988,61.500000,94531.648438,30.52,103.66,87.487495,PM2.5,9874
74.870003,126.410004,10.760000,61.950001,1.370000,60.400002,-1.290000,-2.180000,302.690002,63.410000,94737.203125,30.52,103.82,99.837502,PM2.5,9875
81.849998,132.600006,9.900000,82.809998,1.530000,54.560001,-1.970000,-2.310000,302.769989,64.440002,94753.796875,30.53,103.97,108.562500,PM2.5,9876
80.000000,126.239998,10.090000,83.849998,1.550000,50.189999,-2.380000,-2.320000,302.510010,65.099998,94087.593750,30.53,104.13,106.250000,PM2.5,9877
52.389999,89.589996,13.860000,29.549999,1.100000,59.169998,-2.420000,-2.300000,302.109985,65.589996,93279.992188,30.53,104.29,71.737503,PM2.5,9878
50.160000,86.550003,14.600000,26.809999,1.070000,60.410000,-2.140000,-2.350000,302.600006,64.279999,93989.367188,30.53,104.45,68.949997,PM2.5,9879
49.770000,84.839996,15.490000,24.510000,1.000000,61.959999,-1.980000,-2.360000,303.100006,63.930000,95006.117188,30.53,104.61,68.462502,PM2.5,9880
51.599998,83.860001,16.120001,20.790001,0.910000,65.269997,-2.210000,-1.840000,303.350006,62.369999,95186.648438,30.53,104.76,70.750000,PM2.5,9881
52.889999,84.459999,16.780001,20.190001,0.860000,67.870003,-2.330000,-1.150000,303.549988,60.680000,95271.992188,30.53,104.92,72.362503,PM2.5,9882
54.349998,86.949997,17.719999,21.129999,0.830000,69.470001,-2.380000,-0.100000,303.820007,58.869999,95535.257812,30.53,105.08,74.187500,PM2.5,9883
54.349998,87.360001,18.350000,22.219999,0.790000,69.529999,-2.630000,0.890000,304.299988,56.270000,95767.726562,30.53,105.24,74.187500,PM2.5,9884
52.580002,85.440002,18.270000,22.160000,0.740000,69.320000,-3.180000,1.770000,304.790009,54.009998,95933.289062,30.53,105.39,71.975006,PM2.5,9885
51.950001,84.550003,18.549999,22.040001,0.700000,69.940002,-3.640000,2.310000,304.989990,53.009998,95936.968750,30.53,105.55,71.187500,PM2.5,9886
51.400002,83.279999,19.250000,21.580000,0.660000,70.559998,-3.660000,2.500000,304.880005,53.169998,95844.429688,30.53,105.71,70.500000,PM2.5,9887
50.330002,81.820000,20.150000,21.370001,0.630000,70.690002,-3.480000,2.800000,305.109985,52.720001,96162.046875,30.53,105.87,69.162506,PM2.5,9888
49.439999,80.809998,21.049999,21.350000,0.610000,70.459999,-3.480000,3.200000,305.420013,52.029999,96493.500000,30.53,106.03,68.049995,PM2.5,9889
49.160000,80.080002,21.620001,21.340000,0.600000,69.989998,-3.630000,3.320000,305.179993,52.419998,96161.523438,30.52,106.18,67.699997,PM2.5,9890
48.310001,77.870003,21.490000,20.580000,0.570000,69.389999,-3.480000,3.270000,304.630005,53.570000,95573.570312,30.52,106.34,66.637505,PM2.5,9891
44.540001,70.970001,20.200001,18.360001,0.530000,69.330002,-3.020000,3.220000,304.709991,53.360001,95775.773438,30.52,106.5,61.925003,PM2.5,9892
39.610001,62.150002,19.100000,15.610000,0.480000,70.370003,-2.890000,3.760000,305.299988,51.799999,96421.953125,30.52,106.66,56.075001,PM10,9893
36.950001,56.869999,18.150000,13.610000,0.450000,71.599998,-3.170000,4.830000,304.239990,54.200001,95127.570312,30.52,106.82,53.434998,PM10,9894
36.730000,55.560001,15.990000,12.900000,0.440000,72.000000,-2.940000,4.980000,302.739990,58.470001,93661.226562,30.51,106.97,52.779999,PM10,9895
35.639999,52.990002,14.310000,12.430000,0.430000,72.029999,-2.420000,4.440000,303.179993,58.009998,94490.406250,30.51,107.13,51.495003,PM10,9896
34.779999,50.509998,14.070000,12.760000,0.410000,71.709999,-2.190000,3.890000,303.320007,58.209999,94882.273438,30.51,107.29,50.254997,PM10,9897
10.400000,10.630000,0.560000,0.940000,0.110000,68.900002,0.470000,6.040000,282.730011,75.000000,60744.519531,30.52,99.08,14.857142,PM2.5,10086
11.180000,11.430000,0.580000,1.110000,0.110000,70.389999,0.180000,4.620000,280.570007,82.599998,59107.781250,30.53,99.23,15.971429,PM2.5,10087
11.250000,11.510000,0.600000,1.040000,0.110000,73.190002,1.100000,4.000000,279.630005,83.980003,58212.101562,30.54,99.39,16.071428,PM2.5,10088
11.630000,11.890000,0.610000,0.930000,0.110000,72.809998,3.490000,4.180000,278.450012,81.300003,56636.820312,30.55,99.55,16.614286,PM2.5,10089
11.780000,12.060000,0.630000,0.920000,0.110000,71.209999,4.110000,3.510000,279.869995,75.760002,57403.410156,30.55,99.71,16.828571,PM2.5,10090
12.330000,12.620000,0.660000,0.940000,0.120000,68.129997,2.960000,3.200000,280.519989,76.500000,58319.871094,30.56,99.87,17.614286,PM2.5,10091
12.780000,13.080000,0.710000,0.990000,0.120000,65.860001,2.150000,3.650000,282.380005,73.440002,60394.378906,30.57,100.02,18.257143,PM2.5,10092
14.460000,14.820000,1.000000,1.170000,0.120000,64.260002,-0.160000,3.670000,284.660004,67.559998,62720.308594,30.57,100.18,20.657143,PM2.5,10093
18.809999,19.299999,1.660000,1.310000,0.140000,66.400002,-2.520000,2.450000,283.950012,74.000000,62693.011719,30.58,100.34,26.871428,PM2.5,10094
21.730000,22.330000,2.160000,1.190000,0.140000,68.290001,-2.130000,1.700000,282.709991,80.089996,61700.718750,30.58,100.5,31.042856,PM2.5,10095
23.230000,23.870001,2.430000,1.180000,0.150000,66.529999,-0.910000,2.750000,281.850006,84.510002,61168.121094,30.59,100.65,33.185715,PM2.5,10096
24.520000,25.209999,2.740000,1.320000,0.150000,66.250000,-1.130000,3.890000,282.720001,82.699997,62198.000000,30.6,100.81,35.028572,PM2.5,10097
24.980000,25.719999,3.010000,1.310000,0.160000,68.230003,-1.390000,4.610000,283.450012,79.040001,62884.761719,30.6,100.97,35.685715,PM2.5,10098
27.270000,28.120001,3.530000,1.350000,0.160000,69.019997,-0.640000,5.130000,281.769989,83.919998,61017.140625,30.61,101.13,38.957142,PM2.5,10099
31.610001,32.720001,4.560000,1.430000,0.180000,70.540001,-0.110000,3.380000,281.850006,85.800003,61462.621094,30.61,101.29,45.157143,PM2.5,10100
35.450001,36.779999,5.650000,1.570000,0.190000,72.459999,0.380000,2.340000,282.920013,83.639999,63099.519531,30.62,101.44,50.562500,PM2.5,10101
38.900002,40.480000,6.950000,1.570000,0.210000,74.769997,0.630000,3.680000,283.709991,79.199997,63796.601562,30.62,101.6,54.875000,PM2.5,10102
42.360001,46.290001,9.000000,1.660000,0.230000,78.190002,-0.140000,3.880000,284.089996,79.260002,64003.050781,30.62,101.76,59.200001,PM2.5,10103
49.150002,54.980000,11.970000,1.570000,0.260000,88.129997,-2.000000,4.780000,284.809998,81.760002,65753.632812,30.63,101.92,67.687500,PM2.5,10104
51.759998,58.709999,13.610000,1.380000,0.280000,96.820000,-2.500000,4.800000,286.470001,79.419998,68572.882812,30.63,102.08,70.949997,PM2.5,10105
54.299999,61.930000,12.910000,1.160000,0.300000,102.190002,-1.590000,3.860000,282.820007,91.320000,64024.289062,30.64,102.23,74.125000,PM2.5,10106
59.080002,68.349998,10.910000,1.210000,0.340000,100.199997,-1.330000,2.420000,280.989990,97.459999,62342.820312,30.64,102.39,80.100006,PM2.5,10107
59.270000,70.050003,8.560000,1.450000,0.380000,102.269997,-0.450000,0.230000,284.820007,91.250000,68393.242188,30.64,102.55,80.337502,PM2.5,10108
60.369999,73.199997,8.480000,2.100000,0.420000,103.809998,-0.230000,-0.280000,287.029999,87.750000,71602.726562,30.65,102.71,81.712502,PM2.5,10109
66.500000,82.050003,9.350000,2.870000,0.480000,109.519997,-0.740000,0.710000,287.910004,89.870003,73011.593750,30.65,102.87,89.375000,PM2.5,10110
72.230003,90.750000,10.210000,3.730000,0.550000,116.360001,-0.940000,0.780000,290.549988,87.370003,77201.140625,30.65,103.02,96.537506,PM2.5,10111
68.169998,88.620003,9.820000,6.550000,0.590000,111.720001,-0.720000,-0.660000,295.329987,74.029999,83443.640625,30.65,103.18,91.462494,PM2.5,10112
61.259998,83.660004,9.690000,9.550000,0.630000,106.459999,0.070000,-2.020000,300.010010,62.320000,89793.179688,30.66,103.34,82.824997,PM2.5,10113
56.630001,86.300003,10.680000,18.080000,0.760000,94.699997,0.130000,-2.460000,302.660004,57.070000,93637.523438,30.66,103.5,77.037498,PM2.5,10114
60.520000,101.430000,12.000000,34.299999,1.000000,76.930000,-0.890000,-2.230000,302.779999,59.560001,94449.453125,30.66,103.66,81.900002,PM2.5,10115
68.059998,116.339996,12.340000,50.990002,1.220000,63.320000,-1.790000,-2.350000,302.609985,61.869999,94329.140625,30.66,103.81,91.324997,PM2.5,10116
76.639999,125.910004,12.610000,73.230003,1.380000,56.810001,-2.170000,-2.390000,302.529999,63.520000,94262.023438,30.66,103.97,102.050003,PM2.5,10117
79.070000,125.550003,13.550000,83.809998,1.470000,52.619999,-2.310000,-2.270000,302.450012,65.019997,94208.398438,30.66,104.13,105.087502,PM2.5,10118
52.840000,90.709999,14.570000,30.959999,1.120000,58.660000,-2.360000,-2.230000,302.130005,66.300003,93635.023438,30.66,104.29,72.300003,PM2.5,10119
51.200001,88.309998,15.080000,28.459999,1.100000,59.599998,-2.140000,-2.180000,302.089996,66.279999,93482.656250,30.67,104.45,70.250000,PM2.5,10120
49.669998,85.660004,15.730000,25.139999,1.030000,61.779999,-1.840000,-2.240000,302.649994,65.190002,94453.859375,30.67,104.6,68.337494,PM2.5,10121
51.439999,84.820000,16.389999,21.900000,0.940000,64.410004,-2.000000,-1.880000,303.160004,63.240002,95044.593750,30.67,104.76,70.549995,PM2.5,10122
53.669998,86.820000,17.290001,21.590000,0.900000,66.690002,-2.250000,-1.190000,303.429993,61.320000,95268.367188,30.67,104.92,73.337494,PM2.5,10123
55.189999,89.620003,18.240000,22.360001,0.880000,68.339996,-2.420000,-0.290000,303.859985,59.070000,95634.617188,30.67,105.08,75.237495,PM2.5,10124
56.330002,91.519997,19.059999,23.790001,0.840000,68.209999,-2.730000,0.600000,304.250000,56.650002,95784.093750,30.67,105.24,76.662506,PM2.5,10125
55.110001,89.330002,18.820000,23.090000,0.770000,68.220001,-3.150000,1.480000,304.670013,54.590000,95924.843750,30.67,105.4,75.137497,PM2.5,10126
53.970001,86.610001,18.570000,21.799999,0.700000,68.730003,-3.570000,2.140000,304.869995,53.570000,95915.523438,30.67,105.55,73.712502,PM2.5,10127
52.810001,84.120003,18.879999,20.930000,0.650000,68.940002,-3.640000,2.530000,304.760010,53.820000,95742.453125,30.66,105.71,72.262505,PM2.5,10128
51.540001,82.110001,19.520000,20.500000,0.620000,68.769997,-3.440000,2.830000,304.929993,53.439999,95917.843750,30.66,105.87,70.675003,PM2.5,10129
50.430000,80.419998,20.400000,20.150000,0.590000,68.809998,-3.470000,3.140000,305.390015,52.060001,96311.882812,30.66,106.03,69.287498,PM2.5,10130
50.500000,80.099998,20.920000,20.170000,0.570000,68.220001,-3.690000,3.480000,305.160004,52.490002,96056.117188,30.66,106.19,69.375000,PM2.5,10131
50.160000,78.589996,20.860001,19.500000,0.550000,68.139999,-3.660000,3.620000,304.429993,54.139999,95301.156250,30.66,106.34,68.949997,PM2.5,10132
47.630001,73.790001,19.690001,17.840000,0.520000,68.169998,-3.160000,3.450000,304.029999,55.349998,95041.906250,30.66,106.5,65.787498,PM2.5,10133
43.189999,66.260002,19.049999,16.240000,0.480000,68.980003,-2.560000,3.420000,304.470001,54.299999,95603.687500,30.66,106.66,60.237499,PM2.5,10134
39.610001,60.430000,18.799999,15.710000,0.450000,69.629997,-2.670000,4.000000,304.850006,53.160000,95942.492188,30.65,106.82,55.762501,PM2.5,10135
37.500000,56.509998,16.420000,14.150000,0.430000,70.839996,-2.990000,4.670000,304.290009,54.919998,95504.882812,30.65,106.98,53.254997,PM10,10136
36.490002,53.610001,14.340000,12.820000,0.420000,71.160004,-2.840000,4.380000,303.500000,57.520000,94875.617188,30.65,107.13,51.862503,PM2.5,10137
35.869999,51.029999,13.090000,12.120000,0.390000,70.629997,-2.650000,3.860000,302.920013,59.389999,94339.187500,30.65,107.29,51.087498,PM2.5,10138
34.180000,47.360001,12.040000,11.570000,0.370000,70.070000,-2.780000,3.360000,302.940002,59.340000,94444.429688,30.64,107.45,48.828571,PM2.5,10139
9.920000,10.150000,0.540000,1.000000,0.110000,69.199997,0.880000,5.130000,285.140015,66.220001,62873.660156,30.66,99.07,14.171429,PM2.5,10327
10.940000,11.190000,0.560000,0.990000,0.110000,71.459999,0.510000,5.070000,281.250000,78.980003,59481.539062,30.67,99.23,15.628571,PM2.5,10328
11.150000,11.410000,0.590000,0.900000,0.110000,73.029999,2.200000,5.330000,279.609985,83.220001,57932.488281,30.67,99.38,15.928571,PM2.5,10329
11.240000,11.510000,0.610000,0.860000,0.110000,72.900002,4.040000,5.240000,280.339996,74.750000,57804.621094,30.68,99.54,16.057142,PM2.5,10330
11.620000,11.900000,0.650000,0.890000,0.120000,70.110001,3.200000,3.460000,281.850006,68.410004,58901.949219,30.69,99.7,16.600000,PM2.5,10331
12.560000,12.860000,0.700000,0.930000,0.120000,67.209999,1.500000,2.740000,281.079987,74.410004,58480.070312,30.7,99.86,17.942858,PM2.5,10332
13.620000,13.950000,0.850000,1.040000,0.120000,65.360001,0.620000,2.190000,282.829987,71.809998,60771.730469,30.7,100.02,19.457142,PM2.5,10333
16.150000,16.570000,1.290000,1.240000,0.130000,65.000000,-1.320000,2.870000,285.579987,65.620003,63849.410156,30.71,100.17,23.071428,PM2.5,10334
19.100000,19.600000,1.660000,1.290000,0.140000,66.730003,-2.080000,3.800000,282.799988,76.389999,61149.859375,30.71,100.33,27.285715,PM2.5,10335
21.580000,22.150000,2.000000,1.120000,0.140000,67.300003,-0.500000,3.750000,280.000000,87.080002,58703.980469,30.72,100.49,30.828571,PM2.5,10336
23.270000,23.920000,2.350000,1.090000,0.150000,66.209999,0.150000,3.220000,281.220001,85.680000,60180.011719,30.73,100.65,33.242859,PM2.5,10337
24.680000,25.389999,2.720000,1.250000,0.150000,66.470001,0.080000,3.210000,282.329987,84.059998,61768.378906,30.73,100.81,35.257145,PM2.5,10338
25.700001,26.480000,3.090000,1.340000,0.160000,67.370003,0.210000,4.460000,283.399994,79.320000,62779.980469,30.74,100.96,36.714287,PM2.5,10339
27.559999,28.459999,3.680000,1.370000,0.170000,68.610001,-0.900000,4.820000,284.019989,75.250000,62927.878906,30.74,101.12,39.371429,PM2.5,10340
31.219999,32.330002,4.480000,1.320000,0.180000,71.220001,-1.490000,3.810000,282.109985,84.809998,61543.980469,30.75,101.28,44.599998,PM2.5,10341
34.840000,36.119999,5.400000,1.330000,0.190000,73.480003,-0.270000,2.130000,281.179993,90.190002,60997.371094,30.75,101.44,49.771427,PM2.5,10342
39.220001,40.799999,7.040000,1.530000,0.210000,76.570000,0.280000,1.320000,283.880005,81.959999,64150.660156,30.76,101.6,55.275002,PM2.5,10343
43.700001,48.160000,9.880000,1.590000,0.240000,82.970001,-0.560000,0.190000,288.019989,69.680000,69174.109375,30.76,101.75,60.875000,PM2.5,10344
46.950001,52.680000,11.950000,1.450000,0.260000,90.099998,-2.520000,4.080000,289.209991,66.860001,70520.187500,30.76,101.91,64.937500,PM2.5,10345
49.779999,56.279999,12.720000,1.280000,0.270000,95.010002,-2.590000,5.450000,285.950012,78.959999,67526.953125,30.77,102.07,68.474998,PM2.5,10346
52.200001,59.500000,11.690000,1.090000,0.290000,97.330002,-1.610000,4.770000,282.410004,88.839996,63358.390625,30.77,102.23,71.500000,PM2.5,10347
56.380001,64.750000,9.830000,1.080000,0.320000,96.239998,-1.430000,4.260000,280.429993,96.570000,61949.960938,30.77,102.39,76.724998,PM2.5,10348
57.230000,66.699997,7.950000,1.460000,0.350000,100.220001,-0.620000,1.970000,282.089996,96.529999,64762.480469,30.78,102.55,77.787498,PM2.5,10349
59.279999,70.580002,7.810000,2.150000,0.390000,100.610001,-0.210000,1.080000,283.079987,95.050003,65744.906250,30.78,102.7,80.349998,PM2.5,10350
65.169998,78.709999,8.240000,2.820000,0.440000,103.389999,-0.430000,2.480000,282.359985,99.050003,64261.988281,30.78,102.86,87.712494,PM2.5,10351
72.120003,88.730003,9.090000,3.720000,0.510000,106.900002,-1.620000,1.850000,285.500000,97.360001,69163.859375,30.79,103.02,96.400002,PM2.5,10352
67.570000,86.709999,9.470000,5.470000,0.550000,110.269997,-1.160000,-0.310000,292.779999,80.480003,80296.273438,30.79,103.18,90.712502,PM2.5,10353
59.459999,80.510002,9.610000,7.580000,0.580000,108.099998,0.210000,-1.380000,299.609985,61.639999,89242.226562,30.79,103.34,80.574997,PM2.5,10354
53.639999,80.849998,10.700000,13.750000,0.680000,98.019997,-0.050000,-2.190000,302.399994,56.630001,93101.453125,30.79,103.5,73.300003,PM2.5,10355
53.430000,89.370003,11.980000,23.379999,0.840000,84.989998,-1.040000,-2.460000,302.890015,57.750000,94097.906250,30.8,103.65,73.037498,PM2.5,10356
56.590000,98.849998,13.080000,35.110001,1.000000,71.730003,-1.810000,-2.360000,302.640015,60.180000,94079.367188,30.8,103.81,76.987503,PM2.5,10357
60.090000,105.059998,14.340000,46.869999,1.160000,60.189999,-2.040000,-2.340000,302.450012,61.939999,93963.523438,30.8,103.97,81.362503,PM2.5,10358
62.299999,107.889999,15.710000,55.770000,1.290000,52.380001,-2.170000,-2.480000,302.480011,63.540001,94245.656250,30.8,104.13,84.125000,PM2.5,10359
50.730000,90.160004,15.330000,32.720001,1.150000,58.650002,-2.250000,-2.470000,302.440002,65.180000,94199.062500,30.8,104.29,70.080002,PM10,10360
49.860001,88.230003,15.580000,30.400000,1.130000,58.840000,-2.180000,-2.220000,302.290009,66.290001,93983.460938,30.8,104.45,69.115005,PM10,10361
49.310001,85.930000,15.820000,24.889999,1.050000,62.330002,-1.970000,-2.140000,302.600006,65.410004,94386.976562,30.8,104.6,67.964996,PM10,10362
52.700001,86.639999,16.430000,22.870001,0.970000,64.300003,-1.900000,-1.850000,302.940002,64.339996,94830.656250,30.8,104.76,72.125000,PM2.5,10363
55.650002,89.669998,17.629999,22.860001,0.940000,66.260002,-2.130000,-1.110000,303.230011,62.430000,95068.812500,30.8,104.92,75.812500,PM2.5,10364
57.139999,93.000000,18.799999,23.889999,0.930000,67.430000,-2.580000,-0.230000,303.679993,59.529999,95305.187500,30.8,105.08,77.675003,PM2.5,10365
58.970001,95.169998,19.850000,25.570000,0.890000,66.879997,-2.900000,0.460000,304.079987,57.240002,95585.750000,30.8,105.24,79.962502,PM2.5,10366
57.869999,92.750000,19.620001,24.420000,0.810000,67.180000,-3.140000,1.180000,304.459991,55.639999,95873.187500,30.8,105.4,78.587502,PM2.5,10367
56.480000,89.230003,18.940001,22.120001,0.720000,67.910004,-3.450000,1.760000,304.670013,54.709999,95899.078125,30.8,105.55,76.849998,PM2.5,10368
55.389999,87.050003,19.110001,21.360001,0.670000,67.320000,-3.540000,2.210000,304.670013,54.560001,95784.289062,30.8,105.71,75.487503,PM2.5,10369
54.369999,85.550003,19.790001,21.170000,0.630000,66.379997,-3.420000,2.660000,304.790009,54.099998,95788.656250,30.8,105.87,74.212502,PM2.5,10370
54.119999,85.330002,20.959999,21.400000,0.610000,65.610001,-3.340000,2.980000,305.200012,52.840000,96140.117188,30.8,106.03,73.900002,PM2.5,10371
52.919998,82.769997,20.799999,20.219999,0.570000,66.209999,-3.410000,3.430000,305.470001,51.959999,96394.890625,30.8,106.19,72.399994,PM2.5,10372
51.020000,78.730003,19.900000,18.400000,0.530000,67.230003,-3.600000,3.700000,304.970001,53.070000,95835.570312,30.8,106.35,70.025002,PM2.5,10373
49.029999,74.809998,18.990000,17.219999,0.500000,67.470001,-3.470000,3.670000,304.059998,55.459999,94977.343750,30.79,106.5,67.537498,PM2.5,10374
46.650002,70.449997,18.650000,16.650000,0.470000,67.629997,-2.900000,3.290000,303.910004,56.119999,95051.953125,30.79,106.66,64.562500,PM2.5,10375
43.560001,65.480003,18.690001,16.750000,0.450000,68.110001,-2.680000,3.260000,304.850006,53.990002,96317.843750,30.79,106.82,60.700001,PM2.5,10376
39.790001,59.009998,16.290001,14.720000,0.430000,69.900002,-2.960000,4.010000,304.730011,54.380001,96157.203125,30.79,106.98,55.987503,PM2.5,10377
38.130001,55.060001,14.160000,12.960000,0.410000,70.470001,-2.940000,4.180000,303.140015,58.689999,94368.992188,30.78,107.14,53.912502,PM2.5,10378
36.910000,51.799999,12.660000,11.940000,0.390000,69.860001,-2.660000,3.930000,303.019989,59.320000,94424.046875,30.78,107.3,52.387501,PM2.5,10379
34.610001,47.400002,12.170000,11.520000,0.360000,69.529999,-2.830000,3.800000,303.220001,58.459999,94626.593750,30.78,107.45,49.442860,PM2.5,10380
9.700000,9.910000,0.400000,0.830000,0.110000,66.699997,0.220000,5.060000,285.660004,66.050003,63795.160156,30.79,98.9,13.857142,PM2.5,10567
9.980000,10.220000,0.520000,1.010000,0.110000,69.570000,0.760000,4.640000,285.010010,67.010002,62990.519531,30.8,99.06,14.257142,PM2.5,10568
10.880000,11.120000,0.550000,0.950000,0.110000,71.580002,1.780000,5.300000,281.070007,78.629997,59086.601562,30.8,99.22,15.542857,PM2.5,10569
11.010000,11.260000,0.570000,0.850000,0.110000,72.589996,3.570000,5.630000,280.570007,78.639999,58359.441406,30.81,99.38,15.728572,PM2.5,10570
10.960000,11.230000,0.610000,0.890000,0.110000,71.879997,3.530000,4.320000,282.230011,69.260002,59322.039062,30.82,99.53,15.657143,PM2.5,10571
11.740000,12.020000,0.680000,1.000000,0.120000,70.190002,1.420000,1.970000,282.769989,67.629997,60178.929688,30.82,99.69,16.771429,PM2.5,10572
12.830000,13.140000,0.750000,1.080000,0.120000,68.400002,0.220000,1.710000,281.959991,73.370003,59750.390625,30.83,99.85,18.328571,PM2.5,10573
13.820000,14.160000,0.890000,1.280000,0.120000,67.970001,0.120000,1.000000,282.880005,72.820000,61006.921875,30.84,100.01,19.742857,PM2.5,10574
16.420000,16.860001,1.350000,1.420000,0.130000,66.639999,0.030000,2.390000,285.690002,65.309998,64072.328125,30.84,100.17,23.457144,PM2.5,10575
18.840000,19.350000,1.680000,1.320000,0.140000,66.269997,-0.490000,4.580000,284.540009,68.980003,62495.179688,30.85,100.32,26.914286,PM2.5,10576
21.070000,21.629999,1.950000,1.160000,0.140000,66.800003,-0.620000,4.600000,281.489990,80.839996,59905.519531,30.86,100.48,30.100000,PM2.5,10577
21.530001,22.120001,2.140000,0.970000,0.140000,68.760002,-0.010000,3.360000,281.470001,83.750000,60259.789062,30.86,100.64,30.757143,PM2.5,10578
23.770000,24.450001,2.530000,1.110000,0.150000,67.669998,0.810000,3.700000,281.190002,86.070000,60144.300781,30.87,100.8,33.957142,PM2.5,10579
25.870001,26.670000,3.100000,1.320000,0.160000,67.389999,0.730000,3.860000,283.609985,78.620003,62759.699219,30.87,100.96,36.957146,PM2.5,10580
28.070000,29.070000,3.980000,1.510000,0.170000,69.940002,-1.190000,2.780000,287.190002,65.839996,66204.640625,30.88,101.12,40.099998,PM2.5,10581
31.290001,32.419998,4.600000,1.270000,0.180000,72.379997,-1.980000,3.830000,283.709991,78.029999,62905.621094,30.88,101.27,44.700001,PM2.5,10582
35.439999,36.740002,5.510000,1.170000,0.190000,74.559998,-0.760000,3.140000,280.130005,93.019997,59709.898438,30.89,101.43,50.549999,PM2.5,10583
41.169998,42.840000,7.360000,1.280000,0.210000,77.800003,-0.830000,1.620000,282.029999,90.959999,62351.019531,30.89,101.59,57.712498,PM2.5,10584
45.980000,50.860001,10.530000,1.710000,0.250000,86.790001,-1.570000,0.020000,287.220001,74.019997,68837.062500,30.9,101.75,63.724998,PM2.5,10585
46.299999,51.970001,11.500000,1.580000,0.260000,89.040001,-1.640000,3.260000,289.019989,67.849998,70652.039062,30.9,101.91,64.125000,PM2.5,10586
49.500000,55.779999,12.060000,1.240000,0.260000,92.339996,-0.590000,5.940000,284.339996,82.480003,65199.558594,30.9,102.07,68.125000,PM2.5,10587
50.709999,57.730000,10.970000,1.120000,0.280000,93.919998,-0.160000,5.020000,283.299988,83.860001,63908.281250,30.91,102.23,69.637497,PM2.5,10588
51.590000,59.250000,9.140000,1.190000,0.310000,94.620003,-1.760000,5.040000,283.600006,83.720001,64980.488281,30.91,102.38,70.737503,PM2.5,10589
54.230000,62.650002,7.570000,1.580000,0.340000,98.169998,-2.330000,4.610000,281.720001,94.089996,63610.609375,30.91,102.54,74.037498,PM2.5,10590
57.490002,67.559998,7.370000,2.150000,0.370000,98.370003,-0.680000,2.810000,280.410004,98.550003,61952.710938,30.92,102.7,78.112503,PM2.5,10591
63.320000,75.809998,7.800000,2.800000,0.420000,98.589996,-0.080000,2.950000,280.540009,99.309998,61662.828125,30.92,102.86,85.400002,PM2.5,10592
67.419998,82.269997,8.220000,3.160000,0.470000,101.019997,-1.460000,1.420000,284.320007,96.339996,67341.640625,30.92,103.02,90.524994,PM2.5,10593
65.389999,82.250000,8.740000,4.100000,0.500000,107.080002,-1.210000,0.220000,290.649994,84.639999,77389.968750,30.93,103.18,87.987503,PM2.5,10594
60.099998,79.220001,9.340000,5.670000,0.540000,109.169998,-0.310000,-0.400000,297.019989,66.870003,85646.796875,30.93,103.33,81.375000,PM2.5,10595
52.950001,76.820000,10.120000,9.160000,0.600000,101.989998,-0.460000,-1.700000,300.559998,60.070000,90283.726562,30.93,103.49,72.437500,PM2.5,10596
49.279999,79.709999,11.350000,14.630000,0.710000,92.129997,-1.050000,-2.280000,302.109985,58.139999,92623.187500,30.93,103.65,67.849998,PM2.5,10597
48.509998,84.260002,12.460000,21.070000,0.830000,82.580002,-1.610000,-2.500000,302.660004,58.290001,93632.953125,30.93,103.81,67.130005,PM10,10598
47.730000,87.489998,13.850000,25.110001,0.970000,74.360001,-1.930000,-2.630000,302.709991,59.320000,93903.367188,30.93,103.97,68.744995,PM10,10599
46.849998,89.949997,15.200000,30.790001,1.110000,65.019997,-1.990000,-2.740000,302.570007,61.330002,94150.953125,30.94,104.13,69.974998,PM10,10600
48.610001,88.110001,16.030001,32.880001,1.140000,59.259998,-1.970000,-2.650000,302.369995,64.150002,94194.617188,30.94,104.29,69.055000,PM10,10601
48.419998,86.550003,15.950000,30.860001,1.140000,58.560001,-2.140000,-2.530000,302.440002,65.400002,94143.000000,30.94,104.44,68.275002,PM10,10602
48.779999,84.500000,15.630000,24.500000,1.060000,61.990002,-2.090000,-2.380000,302.429993,65.790001,94121.500000,30.94,104.6,67.250000,PM10,10603
52.639999,85.919998,16.049999,23.209999,0.990000,63.520000,-1.800000,-2.030000,302.649994,65.750000,94580.570312,30.94,104.76,72.050003,PM2.5,10604
55.759998,89.489998,17.440001,23.469999,0.960000,65.050003,-1.940000,-1.190000,303.059998,63.570000,95009.648438,30.94,104.92,75.949997,PM2.5,10605
57.639999,93.349998,19.049999,24.750000,0.960000,65.919998,-2.580000,-0.070000,303.420013,60.630001,95058.742188,30.94,105.08,78.300003,PM2.5,10606
59.520000,95.589996,20.320000,26.530001,0.920000,65.050003,-3.070000,0.730000,303.809998,58.130001,95249.062500,30.94,105.24,80.650002,PM2.5,10607
59.430000,94.320000,20.250000,25.389999,0.850000,65.279999,-3.350000,1.250000,304.130005,56.750000,95494.773438,30.94,105.4,80.537498,PM2.5,10608
58.880001,91.820000,19.430000,22.660000,0.750000,66.320000,-3.550000,1.520000,304.239990,56.189999,95421.007812,30.94,105.56,79.849998,PM2.5,10609
58.939999,91.309998,19.790001,22.330000,0.710000,65.419998,-3.430000,1.650000,304.179993,56.270000,95277.773438,30.94,105.71,79.924995,PM2.5,10610
58.380001,90.919998,20.870001,22.879999,0.680000,64.029999,-3.300000,2.090000,304.570007,54.919998,95574.953125,30.94,105.87,79.224998,PM2.5,10611
58.740002,92.370003,22.559999,24.020000,0.660000,62.139999,-3.280000,2.550000,305.040009,53.689999,96113.921875,30.93,106.03,79.675003,PM2.5,10612
56.299999,87.430000,20.840000,20.920000,0.590000,63.709999,-3.400000,2.880000,305.380005,52.689999,96437.437500,30.93,106.19,76.625000,PM2.5,10613
52.689999,80.400002,18.490000,17.330000,0.520000,66.199997,-3.670000,3.110000,305.250000,52.919998,96306.390625,30.93,106.35,72.112495,PM2.5,10614
51.060001,77.019997,17.809999,16.510000,0.490000,66.620003,-3.710000,3.270000,304.600006,54.720001,95736.500000,30.93,106.51,70.075005,PM2.5,10615
50.240002,74.980003,17.570000,16.370001,0.470000,66.790001,-3.290000,3.160000,304.100006,56.450001,95500.710938,30.93,106.67,69.050003,PM2.5,10616
48.330002,71.449997,17.389999,16.420000,0.460000,67.570000,-2.850000,3.030000,304.709991,54.990002,96326.796875,30.93,106.82,66.662506,PM2.5,10617
43.430000,63.180000,15.560000,14.700000,0.430000,69.279999,-2.860000,3.570000,304.549988,55.209999,95924.390625,30.92,106.98,60.537498,PM2.5,10618
40.799999,57.910000,13.900000,13.190000,0.400000,69.639999,-2.840000,3.950000,303.359985,58.400002,94602.882812,30.92,107.14,57.250000,PM2.5,10619
38.570000,53.310001,12.610000,11.940000,0.380000,69.519997,-2.730000,3.840000,303.649994,57.639999,95160.218750,30.92,107.3,54.462502,PM2.5,10620
35.799999,48.240002,12.590000,11.310000,0.360000,70.019997,-3.260000,3.790000,303.730011,56.419998,95016.953125,30.91,107.46,51.000000,PM2.5,10621
34.340000,45.130001,13.630000,11.090000,0.340000,69.889999,-3.360000,3.560000,302.799988,59.500000,94224.203125,30.91,107.62,49.057144,PM2.5,10622
34.349998,44.490002,16.730000,11.650000,0.350000,70.320000,-2.400000,3.260000,302.640015,60.330002,94293.843750,30.91,107.77,49.071426,PM2.5,10623
34.580002,43.830002,20.709999,12.040000,0.360000,71.830002,-1.850000,2.950000,302.790009,59.990002,94327.656250,30.9,107.93,49.400002,PM2.5,10624
10.020000,10.240000,0.400000,0.880000,0.110000,66.440002,-0.930000,5.510000,284.350006,70.970001,62574.261719,30.92,98.89,14.314286,PM2.5,10809
10.260000,10.490000,0.500000,0.970000,0.110000,69.160004,1.340000,5.610000,283.399994,73.169998,61585.078125,30.93,99.05,14.657144,PM2.5,10810
10.580000,10.820000,0.530000,0.900000,0.110000,71.110001,3.140000,5.600000,282.239990,73.720001,59905.968750,30.94,99.21,15.114285,PM2.5,10811
10.750000,11.000000,0.560000,0.870000,0.110000,71.610001,3.470000,4.720000,282.170013,71.790001,59483.000000,30.95,99.37,15.357142,PM2.5,10812
11.220000,11.500000,0.630000,0.990000,0.110000,71.239998,1.830000,2.680000,282.579987,70.320000,60201.519531,30.95,99.53,16.028572,PM2.5,10813
12.350000,12.660000,0.760000,1.180000,0.120000,72.709999,0.120000,1.620000,282.339996,72.250000,60253.851562,30.96,99.68,17.642859,PM2.5,10814
13.260000,13.590000,0.820000,1.200000,0.120000,71.370003,0.090000,1.560000,281.410004,76.959999,59372.308594,30.97,99.84,18.942858,PM2.5,10815
14.050000,14.400000,0.920000,1.350000,0.120000,70.330002,0.650000,1.340000,281.179993,79.300003,59192.578125,30.97,100.0,20.071428,PM2.5,10816
15.260000,15.660000,1.170000,1.480000,0.130000,69.120003,0.910000,1.820000,284.600006,68.540001,62727.839844,30.98,100.16,21.800001,PM2.5,10817
18.299999,18.820000,1.690000,1.400000,0.140000,66.400002,0.170000,2.790000,286.899994,62.029999,65072.660156,30.99,100.32,26.142857,PM2.5,10818
20.420000,20.980000,1.920000,1.200000,0.140000,66.959999,-0.690000,4.160000,283.410004,73.459999,61598.558594,30.99,100.48,29.171429,PM2.5,10819
21.500000,22.090000,2.080000,0.950000,0.140000,68.330002,0.640000,4.130000,280.609985,85.080002,59241.550781,31.0,100.63,30.714285,PM2.5,10820
23.969999,24.670000,2.570000,1.170000,0.150000,67.080002,1.080000,4.560000,281.649994,83.220001,60270.390625,31.0,100.79,34.242855,PM2.5,10821
27.080000,27.980000,3.430000,1.430000,0.170000,68.669998,-1.450000,3.770000,284.619995,75.180000,63774.101562,31.01,100.95,38.685715,PM2.5,10822
28.990000,30.040001,4.150000,1.450000,0.180000,73.550003,-2.670000,2.490000,285.690002,71.360001,65107.261719,31.01,101.11,41.414284,PM2.5,10823
31.430000,32.560001,4.560000,1.120000,0.180000,73.599998,-1.360000,3.720000,281.679993,85.400002,61067.238281,31.02,101.27,44.900002,PM2.5,10824
35.029999,36.340000,5.490000,1.060000,0.190000,75.550003,-0.450000,3.480000,280.690002,89.650002,60242.730469,31.02,101.43,50.037498,PM2.5,10825
39.279999,40.849998,6.790000,1.070000,0.200000,78.330002,-0.870000,2.910000,281.890015,90.300003,61868.890625,31.03,101.59,55.349998,PM2.5,10826
42.209999,46.250000,8.870000,1.410000,0.230000,83.440002,-0.460000,2.760000,283.049988,89.190002,63957.960938,31.03,101.75,59.012497,PM2.5,10827
45.740002,50.959999,11.010000,1.580000,0.250000,88.779999,0.980000,4.080000,286.100006,77.290001,67366.406250,31.04,101.9,63.425003,PM2.5,10828
48.500000,54.610001,11.570000,1.340000,0.260000,89.500000,0.190000,5.070000,286.059998,74.870003,66709.078125,31.04,102.06,66.875000,PM2.5,10829
49.020000,55.779999,10.390000,1.410000,0.280000,91.699997,-1.640000,2.720000,285.209991,76.690002,66274.937500,31.04,102.22,67.525002,PM2.5,10830
48.230000,55.310001,8.650000,1.570000,0.290000,94.029999,-1.990000,2.400000,286.000000,74.120003,67711.468750,31.05,102.38,66.537498,PM2.5,10831
48.919998,56.360001,7.130000,1.620000,0.320000,95.879997,-2.470000,4.240000,284.369995,79.220001,65519.261719,31.05,102.54,67.399994,PM2.5,10832
54.160000,63.080002,7.040000,1.940000,0.350000,95.730003,-1.480000,3.570000,280.100006,94.750000,61007.421875,31.05,102.7,73.949997,PM2.5,10833
60.250000,71.309998,7.300000,2.370000,0.390000,95.050003,0.000000,2.460000,279.720001,98.639999,60737.238281,31.06,102.86,81.562500,PM2.5,10834
61.310001,73.739998,7.280000,2.320000,0.410000,97.220001,0.060000,1.090000,283.399994,95.129997,66075.601562,31.06,103.01,82.887505,PM2.5,10835
62.619999,76.639999,7.770000,2.700000,0.440000,102.419998,0.050000,0.970000,286.940002,92.089996,71834.140625,31.06,103.17,84.525002,PM2.5,10836
64.029999,81.269997,9.030000,3.910000,0.510000,110.070000,-0.430000,0.890000,291.290009,84.739998,78228.468750,31.06,103.33,86.287498,PM2.5,10837
55.669998,74.669998,9.360000,5.690000,0.540000,104.839996,-0.710000,-1.120000,297.019989,69.029999,85726.078125,31.07,103.49,75.837494,PM2.5,10838
49.650002,72.459999,10.290000,8.010000,0.610000,98.500000,-0.910000,-1.650000,300.619995,60.250000,90269.250000,31.07,103.65,68.312500,PM2.5,10839
45.919998,72.349998,10.900000,9.760000,0.700000,93.160004,-1.330000,-2.300000,301.859985,58.419998,92007.968750,31.07,103.81,63.649998,PM2.5,10840
45.189999,76.540001,12.630000,15.180000,0.830000,83.910004,-1.620000,-2.600000,302.399994,58.340000,93019.578125,31.07,103.97,63.270000,PM10,10841
45.200001,82.480003,15.190000,24.590000,1.000000,71.129997,-1.590000,-2.800000,302.570007,59.599998,93897.132812,31.07,104.13,66.240005,PM10,10842
46.759998,84.230003,16.360001,30.379999,1.090000,62.389999,-1.750000,-2.660000,302.480011,62.320000,94317.820312,31.07,104.29,67.115005,PM10,10843
48.250000,84.230003,16.090000,29.670000,1.100000,59.369999,-2.080000,-2.740000,302.179993,65.480003,94010.382812,31.07,104.44,67.115005,PM10,10844
50.049999,82.769997,15.460000,24.830000,1.040000,61.000000,-1.920000,-2.380000,302.100006,66.930000,93881.437500,31.07,104.6,68.812500,PM2.5,10845
52.250000,83.349998,15.410000,22.799999,0.980000,62.270000,-1.640000,-2.070000,302.450012,66.690002,94544.976562,31.07,104.76,71.562500,PM2.5,10846
54.529999,85.410004,16.360001,22.320000,0.940000,63.970001,-1.730000,-1.320000,303.000000,64.309998,95059.890625,31.07,104.92,74.412498,PM2.5,10847
56.639999,87.730003,17.910000,22.719999,0.900000,65.790001,-2.390000,0.010000,303.299988,61.500000,94956.976562,31.07,105.08,77.050003,PM2.5,10848
57.689999,89.019997,18.730000,22.709999,0.860000,65.800003,-2.970000,1.200000,303.679993,58.599998,94967.703125,31.07,105.24,78.362495,PM2.5,10849
57.930000,89.000000,18.780001,21.719999,0.810000,65.940002,-3.390000,1.640000,303.850006,57.610001,94973.773438,31.07,105.4,78.662498,PM2.5,10850
58.389999,88.779999,18.549999,20.240000,0.740000,66.400002,-3.680000,1.550000,303.579987,58.220001,94502.296875,31.07,105.56,79.237503,PM2.5,10851
59.209999,89.760002,18.790001,20.170000,0.710000,65.209999,-3.600000,1.260000,303.329987,59.110001,94354.882812,31.07,105.71,80.262497,PM2.5,10852
58.520000,88.949997,19.260000,20.420000,0.680000,63.880001,-3.340000,1.400000,303.899994,57.709999,95146.156250,31.07,105.87,79.400002,PM2.5,10853
56.540001,86.120003,19.540001,20.330000,0.630000,62.810001,-3.380000,1.880000,304.679993,55.430000,95982.000000,31.07,106.03,76.925003,PM2.5,10854
53.869999,81.419998,18.830000,18.930000,0.560000,63.480000,-3.730000,2.380000,304.970001,54.220001,96161.843750,31.07,106.19,73.587502,PM2.5,10855
51.580002,77.300003,17.900000,17.129999,0.500000,65.019997,-3.970000,2.500000,304.880005,54.299999,96089.890625,31.07,106.35,70.725006,PM2.5,10856
51.740002,77.010002,17.360001,16.530001,0.470000,65.779999,-3.870000,2.660000,304.609985,55.250000,96033.101562,31.07,106.51,70.925003,PM2.5,10857
50.139999,73.489998,16.510000,15.540000,0.450000,67.099998,-3.600000,2.820000,304.420013,56.139999,96032.281250,31.06,106.67,68.925003,PM2.5,10858
46.770000,67.120003,15.370000,14.400000,0.420000,68.440002,-3.280000,2.720000,304.359985,56.540001,96072.773438,31.06,106.83,64.712502,PM2.5,10859
44.230000,62.389999,14.520000,13.330000,0.400000,69.589996,-3.070000,2.710000,304.339996,56.720001,96067.289062,31.06,106.99,61.537498,PM2.5,10860
42.139999,58.490002,14.090000,12.500000,0.390000,69.870003,-3.050000,2.850000,304.290009,56.689999,96059.117188,31.06,107.14,58.924999,PM2.5,10861
40.430000,55.110001,14.420000,12.400000,0.380000,69.680000,-3.130000,2.880000,304.260010,56.490002,96082.796875,31.05,107.3,56.787498,PM2.5,10862
38.430000,51.049999,15.870000,12.460000,0.360000,69.919998,-3.560000,3.160000,303.839996,57.009998,95438.398438,31.05,107.46,54.287498,PM2.5,10863
37.919998,48.869999,18.180000,12.650000,0.360000,70.209999,-3.690000,3.210000,302.929993,59.330002,94537.757812,31.05,107.62,53.649998,PM2.5,10864
37.869999,47.000000,18.340000,11.000000,0.350000,71.809998,-2.990000,2.200000,302.220001,62.730000,94188.703125,31.04,107.78,53.587498,PM2.5,10865
38.419998,46.500000,21.950001,11.190000,0.350000,73.260002,-2.380000,1.380000,302.529999,61.919998,94645.312500,31.04,107.94,54.274998,PM2.5,10866
9.830000,10.050000,0.410000,0.870000,0.110000,68.919998,-0.620000,6.170000,284.309998,70.779999,62176.171875,31.06,98.88,14.042857,PM2.5,11055
10.160000,10.390000,0.490000,0.920000,0.110000,70.040001,1.790000,6.490000,283.359985,73.690002,61311.199219,31.07,99.04,14.514285,PM2.5,11056
10.370000,10.620000,0.520000,0.930000,0.110000,70.730003,2.840000,5.260000,283.200012,71.339996,60867.820312,31.08,99.2,14.814285,PM2.5,11057
10.870000,11.130000,0.570000,0.950000,0.110000,71.089996,2.610000,3.970000,282.209991,72.919998,59893.121094,31.08,99.36,15.528571,PM2.5,11058
11.580000,11.860000,0.650000,1.050000,0.120000,71.360001,1.550000,3.170000,281.769989,74.730003,59670.371094,31.09,99.52,16.542856,PM2.5,11059
12.400000,12.710000,0.760000,1.130000,0.120000,72.209999,0.570000,3.180000,281.660004,75.699997,59557.089844,31.1,99.68,17.714285,PM2.5,11060
13.170000,13.500000,0.820000,1.110000,0.120000,71.790001,0.580000,2.990000,280.679993,79.160004,58575.960938,31.1,99.83,18.814285,PM2.5,11061
14.160000,14.500000,0.910000,1.100000,0.120000,70.470001,1.250000,3.020000,279.309998,85.620003,57385.589844,31.11,99.99,20.228571,PM2.5,11062
15.060000,15.440000,1.060000,1.280000,0.130000,69.230003,1.270000,2.620000,281.799988,78.309998,59957.960938,31.12,100.15,21.514286,PM2.5,11063
17.610001,18.110001,1.560000,1.500000,0.140000,69.410004,0.380000,1.750000,285.730011,65.930000,64274.718750,31.12,100.31,25.157145,PM2.5,11064
19.889999,20.440001,1.820000,1.270000,0.140000,67.349998,0.430000,3.830000,283.500000,73.360001,61878.468750,31.13,100.47,28.414286,PM2.5,11065
21.600000,22.209999,2.090000,1.020000,0.140000,67.230003,1.350000,4.550000,281.700012,79.669998,59864.929688,31.13,100.63,30.857143,PM2.5,11066
24.360001,25.129999,2.830000,1.370000,0.160000,67.199997,-0.220000,3.990000,285.230011,70.169998,63548.339844,31.14,100.79,34.799999,PM2.5,11067
27.260000,28.190001,3.570000,1.490000,0.170000,69.980003,-2.820000,4.530000,285.730011,71.199997,64715.859375,31.14,100.95,38.942856,PM2.5,11068
29.299999,30.330000,4.010000,1.420000,0.170000,73.269997,-2.050000,4.710000,282.339996,81.550003,61393.039062,31.15,101.1,41.857143,PM2.5,11069
30.959999,32.060001,4.430000,0.990000,0.170000,74.639999,-0.170000,4.670000,280.160004,87.769997,59100.128906,31.15,101.26,44.228569,PM2.5,11070
33.570000,34.830002,5.220000,0.920000,0.180000,76.949997,-0.270000,3.580000,280.859985,87.309998,60093.089844,31.16,101.42,47.957142,PM2.5,11071
37.049999,38.490002,6.200000,0.920000,0.190000,78.830002,-0.210000,3.860000,280.649994,90.750000,60150.179688,31.16,101.58,52.562500,PM2.5,11072
39.400002,42.910000,7.760000,1.180000,0.210000,81.519997,0.710000,4.290000,281.040009,92.599998,60944.800781,31.17,101.74,55.500000,PM2.5,11073
44.619999,49.650002,10.360000,1.550000,0.240000,86.080002,0.700000,4.880000,286.119995,75.120003,66866.187500,31.17,101.9,62.024998,PM2.5,11074
46.410000,52.360001,11.100000,1.530000,0.260000,88.779999,-1.650000,3.750000,288.250000,66.389999,69052.859375,31.18,102.06,64.262497,PM2.5,11075
47.580002,54.020000,9.840000,1.640000,0.270000,90.860001,-3.140000,2.530000,284.290009,78.809998,65059.589844,31.18,102.22,65.725006,PM2.5,11076
47.180000,53.740002,8.150000,1.660000,0.280000,92.660004,-1.900000,1.740000,283.059998,83.660004,64307.109375,31.18,102.38,65.224998,PM2.5,11077
46.900002,53.660000,6.740000,1.600000,0.300000,93.730003,-1.430000,3.140000,282.970001,82.639999,63939.441406,31.19,102.53,64.875000,PM2.5,11078
50.130001,57.869999,6.610000,1.740000,0.320000,93.559998,-0.690000,4.120000,279.859985,90.779999,60311.441406,31.19,102.69,68.912498,PM2.5,11079
55.869999,65.440002,6.890000,1.990000,0.360000,93.449997,0.750000,3.610000,279.070007,96.110001,59912.710938,31.19,102.85,76.087502,PM2.5,11080
59.750000,70.940002,7.040000,2.040000,0.390000,96.129997,1.360000,3.710000,280.769989,97.070000,62309.429688,31.19,103.01,80.937500,PM2.5,11081
64.220001,77.209999,7.410000,2.530000,0.430000,98.070000,0.610000,3.350000,282.750000,98.800003,65213.628906,31.2,103.17,86.525002,PM2.5,11082
66.110001,81.919998,8.450000,3.820000,0.490000,104.010002,-0.960000,1.800000,287.980011,93.050003,73524.906250,31.2,103.33,88.887497,PM2.5,11083
57.389999,74.510002,8.720000,4.880000,0.510000,103.889999,-1.260000,-0.330000,293.880005,77.690002,81932.921875,31.2,103.49,77.987503,PM2.5,11084
56.599998,75.699997,9.580000,6.710000,0.560000,101.410004,-0.900000,0.540000,294.600006,77.489998,82544.531250,31.2,103.65,77.000000,PM2.5,11085
53.930000,76.370003,10.080000,7.720000,0.640000,97.800003,-0.750000,0.330000,296.000000,73.949997,84259.117188,31.2,103.81,73.662498,PM2.5,11086
47.389999,75.220001,12.090000,12.430000,0.770000,88.900002,-0.730000,-1.250000,300.100006,62.869999,89692.078125,31.21,103.97,65.487503,PM2.5,11087
44.580002,78.050003,14.720000,20.730000,0.920000,77.220001,-0.810000,-2.480000,302.429993,58.630001,93453.453125,31.21,104.13,64.025002,PM10,11088
45.410000,80.279999,15.990000,26.389999,1.030000,68.129997,-1.360000,-2.710000,302.720001,59.639999,94394.343750,31.21,104.28,65.139999,PM10,11089
46.709999,80.320000,15.700000,26.990000,1.060000,62.330002,-1.740000,-2.710000,302.079987,64.769997,94004.960938,31.21,104.44,65.160004,PM10,11090
49.299999,80.669998,15.300000,25.900000,1.030000,59.570000,-1.740000,-2.370000,302.149994,66.639999,94143.312500,31.21,104.6,67.875000,PM2.5,11091
50.930000,80.589996,15.020000,23.820000,0.980000,60.180000,-1.740000,-2.010000,302.489990,66.400002,94622.039062,31.21,104.76,69.912498,PM2.5,11092
52.689999,81.519997,15.640000,22.459999,0.930000,62.169998,-1.730000,-1.440000,302.839996,65.099998,94903.546875,31.21,104.92,72.112495,PM2.5,11093
54.770000,83.440002,16.920000,21.590000,0.890000,64.660004,-2.050000,-0.300000,303.130005,62.900002,94953.039062,31.21,105.08,74.712502,PM2.5,11094
55.570000,84.779999,18.219999,21.430000,0.860000,64.800003,-2.570000,1.000000,303.579987,59.779999,95013.226562,31.21,105.24,75.712502,PM2.5,11095
56.099998,85.489998,18.549999,20.559999,0.810000,64.650002,-3.240000,1.450000,303.570007,59.200001,94631.046875,31.21,105.4,76.375000,PM2.5,11096
57.020000,86.470001,18.590000,19.520000,0.770000,64.690002,-3.820000,1.700000,303.070007,60.279999,93913.742188,31.21,105.56,77.525002,PM2.5,11097
57.570000,87.190002,18.629999,19.400000,0.740000,64.010002,-3.890000,1.380000,302.890015,61.200001,94052.000000,31.21,105.72,78.212502,PM2.5,11098
56.520000,85.589996,18.629999,19.370001,0.700000,63.549999,-3.580000,1.230000,303.609985,59.240002,95051.312500,31.21,105.87,76.900002,PM2.5,11099
54.470001,82.120003,18.510000,19.280001,0.650000,63.240002,-3.530000,1.690000,304.440002,56.549999,95948.953125,31.21,106.03,74.337502,PM2.5,11100
52.259998,78.269997,18.190001,18.700001,0.590000,63.470001,-3.890000,2.240000,304.690002,55.220001,96021.921875,31.2,106.19,71.574997,PM2.5,11101
50.860001,75.800003,17.709999,17.510000,0.540000,64.949997,-4.110000,2.540000,304.359985,55.889999,95665.539062,31.2,106.35,69.824997,PM2.5,11102
51.189999,75.930000,17.190001,16.670000,0.500000,66.169998,-3.870000,2.660000,304.100006,56.910000,95592.242188,31.2,106.51,70.237495,PM2.5,11103
49.419998,71.820000,16.160000,15.110000,0.450000,67.889999,-3.770000,2.710000,304.079987,57.360001,95692.031250,31.2,106.67,68.024994,PM2.5,11104
46.580002,65.559998,15.070000,13.510000,0.400000,69.080002,-3.830000,2.600000,303.660004,58.669998,95292.093750,31.2,106.83,64.475006,PM2.5,11105
45.250000,62.369999,14.980000,12.660000,0.390000,70.019997,-3.810000,2.260000,303.480011,59.279999,95288.046875,31.19,106.99,62.812500,PM2.5,11106
43.650002,59.299999,15.470000,12.250000,0.380000,70.610001,-3.700000,2.080000,303.859985,58.020000,95816.242188,31.19,107.15,60.812500,PM2.5,11107
42.590000,56.930000,16.840000,12.860000,0.380000,70.360001,-3.340000,2.360000,303.709991,58.290001,95670.921875,31.19,107.31,59.487499,PM2.5,11108
40.720001,52.990002,19.090000,13.320000,0.370000,70.370003,-3.310000,2.720000,303.730011,57.810001,95558.812500,31.19,107.47,57.150002,PM2.5,11109
39.540001,49.889999,21.000000,13.100000,0.360000,71.010002,-3.820000,3.010000,303.369995,58.130001,95011.992188,31.18,107.62,55.675003,PM2.5,11110
38.610001,46.610001,18.870001,10.110000,0.340000,73.070000,-3.630000,2.210000,302.220001,62.549999,94129.132812,31.18,107.78,54.512501,PM2.5,11111
38.980000,46.080002,21.610001,10.080000,0.340000,73.620003,-3.250000,1.200000,302.109985,62.529999,94023.867188,31.18,107.94,54.974998,PM2.5,11112
9.280000,9.490000,0.360000,0.920000,0.110000,71.089996,-0.540000,4.300000,284.920013,66.660004,62342.000000,31.19,98.71,13.257142,PM2.5,11297
9.870000,10.090000,0.420000,0.920000,0.110000,69.910004,0.870000,6.120000,283.649994,71.360001,61136.679688,31.2,98.87,14.099999,PM2.5,11298
9.980000,10.210000,0.480000,0.930000,0.110000,70.379997,1.880000,6.210000,284.029999,70.610001,61571.800781,31.2,99.03,14.257142,PM2.5,11299
10.390000,10.630000,0.520000,0.950000,0.110000,70.779999,2.170000,5.370000,283.049988,72.800003,60738.640625,31.21,99.19,14.842857,PM2.5,11300
10.980000,11.240000,0.570000,0.990000,0.110000,70.760002,2.610000,4.730000,281.850006,74.949997,59570.328125,31.22,99.35,15.685714,PM2.5,11301
11.600000,11.880000,0.650000,1.080000,0.120000,70.470001,1.950000,4.130000,281.929993,74.040001,59689.929688,31.23,99.51,16.571428,PM2.5,11302
12.330000,12.650000,0.750000,1.150000,0.120000,71.050003,0.690000,3.850000,281.940002,74.720001,59852.390625,31.23,99.67,17.614286,PM2.5,11303
12.940000,13.270000,0.810000,1.090000,0.120000,71.879997,0.900000,3.810000,280.950012,78.599998,58856.468750,31.24,99.83,18.485714,PM2.5,11304
13.810000,14.160000,0.890000,1.050000,0.120000,70.269997,1.840000,4.320000,279.859985,82.550003,57777.261719,31.25,99.99,19.728573,PM2.5,11305
14.830000,15.200000,1.030000,1.160000,0.120000,68.970001,1.310000,4.350000,281.320007,79.309998,59304.421875,31.25,100.14,21.185715,PM2.5,11306
16.920000,17.370001,1.390000,1.480000,0.130000,70.370003,0.600000,2.870000,283.220001,74.680000,61966.160156,31.26,100.3,24.171429,PM2.5,11307
19.530001,20.070000,1.720000,1.320000,0.140000,67.449997,1.480000,4.580000,282.450012,76.589996,61019.359375,31.26,100.46,27.900002,PM2.5,11308
21.389999,22.020000,2.130000,1.150000,0.150000,66.349998,0.790000,4.010000,283.859985,72.129997,61870.699219,31.27,100.62,30.557142,PM2.5,11309
25.010000,25.840000,3.020000,1.510000,0.160000,68.220001,-1.380000,3.180000,286.470001,67.260002,65195.988281,31.28,100.78,35.728573,PM2.5,11310
27.180000,28.110001,3.500000,1.470000,0.170000,70.129997,-1.470000,5.150000,284.880005,73.220001,63740.750000,31.28,100.94,38.828571,PM2.5,11311
28.700001,29.700001,3.870000,1.340000,0.170000,72.900002,-0.150000,5.900000,282.200012,80.139999,60742.148438,31.29,101.1,41.000000,PM2.5,11312
29.840000,30.900000,4.250000,0.950000,0.170000,74.760002,0.010000,5.130000,281.350006,83.339996,60093.519531,31.29,101.26,42.628571,PM2.5,11313
32.259998,33.439999,4.910000,0.850000,0.180000,76.900002,-0.370000,4.330000,280.529999,87.290001,59698.738281,31.3,101.42,46.085712,PM2.5,11314
35.299999,36.639999,5.710000,0.820000,0.190000,78.419998,0.340000,4.580000,279.809998,90.800003,59036.238281,31.3,101.58,50.375000,PM2.5,11315
37.709999,40.900002,7.070000,1.030000,0.200000,80.379997,0.840000,4.620000,280.510010,92.129997,60118.031250,31.3,101.74,53.387497,PM2.5,11316
44.430000,49.250000,9.920000,1.470000,0.240000,84.650002,0.020000,5.390000,284.929993,78.209999,65528.980469,31.31,101.89,61.787498,PM2.5,11317
45.680000,51.380001,10.760000,1.560000,0.250000,88.239998,-1.580000,4.850000,287.799988,67.050003,68570.093750,31.31,102.05,63.349998,PM2.5,11318
46.990002,53.000000,9.470000,1.560000,0.260000,89.739998,-1.990000,5.030000,282.730011,82.690002,63007.710938,31.32,102.21,64.987503,PM2.5,11319
46.610001,52.540001,7.770000,1.490000,0.270000,91.489998,-0.670000,4.010000,280.350006,91.290001,61024.500000,31.32,102.37,64.512497,PM2.5,11320
45.970001,52.290001,6.570000,1.500000,0.290000,93.320000,-0.200000,3.860000,281.339996,86.879997,62217.820312,31.32,102.53,63.712502,PM2.5,11321
47.750000,54.889999,6.430000,1.630000,0.300000,91.529999,0.370000,4.640000,279.649994,88.540001,59873.468750,31.33,102.69,65.937500,PM2.5,11322
53.910000,63.299999,6.960000,1.890000,0.350000,91.480003,1.600000,4.340000,279.779999,91.230003,60181.160156,31.33,102.85,73.637497,PM2.5,11323
58.090000,69.059998,7.080000,2.060000,0.380000,92.930000,1.280000,4.440000,281.660004,90.989998,62742.230469,31.33,103.01,78.862503,PM2.5,11324
63.060001,75.680000,7.400000,2.580000,0.420000,94.430000,-0.960000,4.070000,283.250000,95.040001,65473.210938,31.33,103.17,85.075005,PM2.5,11325
66.080002,80.830002,8.350000,3.360000,0.470000,102.680000,-1.880000,1.720000,286.970001,94.440002,72392.453125,31.34,103.33,88.850006,PM2.5,11326
58.730000,73.540001,8.150000,3.790000,0.480000,102.540001,-1.000000,0.350000,290.700012,85.300003,77624.468750,31.34,103.49,79.662498,PM2.5,11327
63.720001,80.269997,9.180000,5.730000,0.530000,97.760002,-0.620000,3.020000,287.519989,99.529999,73133.101562,31.34,103.65,85.900002,PM2.5,11328
63.599998,82.879997,9.990000,6.840000,0.610000,96.379997,-0.650000,3.720000,287.399994,99.980003,72647.007812,31.34,103.81,85.750000,PM2.5,11329
55.990002,78.059998,11.540000,9.830000,0.690000,93.769997,-0.310000,0.850000,294.940002,77.830002,83280.843750,31.34,103.96,76.237503,PM2.5,11330
46.299999,74.040001,13.960000,17.629999,0.820000,82.860001,0.020000,-1.530000,301.570007,59.779999,92273.093750,31.34,104.12,64.125000,PM2.5,11331
44.439999,74.570000,14.090000,18.200001,0.920000,77.430000,-0.650000,-2.470000,302.540009,59.650002,94067.140625,31.34,104.28,62.285000,PM10,11332
46.150002,76.059998,14.440000,21.290001,0.980000,68.709999,-1.260000,-2.660000,302.190002,62.950001,93989.093750,31.35,104.44,63.937500,PM2.5,11333
48.279999,78.779999,15.570000,28.250000,1.040000,58.610001,-1.670000,-2.310000,302.290009,65.050003,94320.406250,31.35,104.6,66.599998,PM2.5,11334
50.090000,78.730003,15.140000,26.420000,1.000000,57.840000,-1.800000,-2.030000,302.500000,65.790001,94646.093750,31.35,104.76,68.862503,PM2.5,11335
51.799999,79.139999,15.370000,24.350000,0.950000,59.709999,-1.930000,-1.740000,302.579987,66.120003,94703.351562,31.35,104.92,71.000000,PM2.5,11336
53.099998,78.540001,15.530000,19.670000,0.860000,64.410004,-2.340000,-0.950000,302.940002,64.349998,94947.617188,31.35,105.08,72.625000,PM2.5,11337
53.740002,79.769997,16.940001,19.520000,0.840000,64.760002,-2.900000,0.080000,303.279999,61.590000,94810.359375,31.35,105.24,73.425003,PM2.5,11338
54.860001,81.860001,17.820000,19.299999,0.820000,64.570000,-3.300000,0.660000,302.869995,62.000000,94128.257812,31.35,105.4,74.824997,PM2.5,11339
55.000000,82.949997,18.459999,19.120001,0.790000,64.419998,-3.880000,1.460000,302.820007,60.970001,93800.992188,31.35,105.56,75.000000,PM2.5,11340
54.980000,83.489998,18.540001,19.280001,0.770000,63.639999,-4.240000,1.500000,303.029999,60.599998,94242.101562,31.34,105.72,74.974998,PM2.5,11341
54.189999,82.720001,18.430000,19.709999,0.730000,62.740002,-3.830000,1.390000,303.540009,60.009998,95166.390625,31.34,105.88,73.987495,PM2.5,11342
53.119999,81.620003,18.549999,20.610001,0.710000,62.439999,-3.770000,1.560000,304.339996,57.119999,95882.140625,31.34,106.04,72.650002,PM2.5,11343
51.349998,78.010002,17.730000,19.139999,0.650000,63.720001,-3.890000,2.080000,304.350006,56.439999,95773.968750,31.34,106.19,70.437500,PM2.5,11344
49.840000,74.709999,16.760000,16.940001,0.590000,66.199997,-3.860000,2.600000,304.040009,57.130001,95415.906250,31.34,106.35,68.550003,PM2.5,11345
49.099998,72.459999,16.180000,15.420000,0.530000,68.320000,-3.880000,2.800000,303.850006,57.900002,95300.382812,31.34,106.51,67.625000,PM2.5,11346
47.900002,68.730003,15.370000,13.900000,0.470000,69.750000,-3.920000,2.780000,303.470001,59.150002,94971.343750,31.34,106.67,66.125000,PM2.5,11347
45.970001,63.750000,14.890000,12.620000,0.390000,70.690002,-3.910000,2.750000,303.160004,60.009998,94677.226562,31.33,106.83,63.712502,PM2.5,11348
44.599998,60.540001,15.160000,11.910000,0.380000,71.570000,-3.900000,2.800000,303.260010,59.580002,94933.148438,31.33,106.99,62.000000,PM2.5,11349
43.330002,57.680000,15.870000,11.560000,0.370000,72.430000,-3.690000,3.080000,303.190002,59.340000,94802.609375,31.33,107.15,60.412502,PM2.5,11350
42.730000,55.639999,17.320000,12.130000,0.370000,72.519997,-3.430000,2.960000,302.839996,59.520000,94230.343750,31.33,107.31,59.662498,PM2.5,11351
41.349998,52.660000,19.070000,12.200000,0.360000,72.550003,-3.240000,2.630000,303.239990,58.430000,94808.562500,31.32,107.47,57.937500,PM2.5,11352
39.689999,49.349998,19.920000,11.440000,0.350000,73.040001,-3.560000,2.780000,303.630005,56.849998,95107.437500,31.32,107.63,55.862499,PM2.5,11353
37.740002,45.150002,18.180000,9.080000,0.320000,74.160004,-3.930000,2.600000,302.640015,59.470001,93983.531250,31.32,107.79,53.425003,PM2.5,11354
37.939999,44.759998,19.299999,8.880000,0.320000,73.459999,-4.010000,1.690000,301.570007,62.040001,92724.843750,31.31,107.95,53.674999,PM2.5,11355
37.209999,43.720001,20.200001,8.800000,0.310000,72.889999,-4.180000,0.960000,300.980011,63.570000,92148.828125,31.31,108.11,52.762497,PM2.5,11356
9.540000,9.760000,0.430000,1.210000,0.110000,70.610001,0.970000,3.220000,284.720001,67.089996,62204.109375,31.33,98.86,13.628572,PM2.5,11537
9.850000,10.090000,0.470000,1.090000,0.110000,70.220001,1.590000,3.670000,284.720001,67.910004,62301.960938,31.34,99.02,14.071429,PM2.5,11538
10.180000,10.430000,0.500000,1.010000,0.110000,70.099998,2.220000,4.360000,284.209991,69.279999,61711.441406,31.35,99.18,14.542857,PM2.5,11539
10.640000,10.910000,0.560000,0.980000,0.110000,70.349998,2.160000,3.920000,283.609985,70.059998,61078.140625,31.35,99.34,15.200001,PM2.5,11540
11.410000,11.700000,0.640000,1.060000,0.120000,69.910004,1.330000,3.230000,282.899994,72.410004,60748.031250,31.36,99.5,16.299999,PM2.5,11541
12.250000,12.580000,0.730000,1.160000,0.120000,70.769997,1.000000,3.570000,281.910004,76.010002,59990.738281,31.37,99.66,17.500000,PM2.5,11542
12.770000,13.110000,0.790000,1.200000,0.120000,71.129997,2.220000,4.740000,280.739990,79.129997,58549.300781,31.37,99.82,18.242857,PM2.5,11543
13.240000,13.590000,0.860000,1.120000,0.120000,69.879997,2.890000,4.980000,281.010010,76.589996,58518.210938,31.38,99.98,18.914286,PM2.5,11544
14.250000,14.620000,0.990000,1.190000,0.120000,68.480003,1.440000,4.830000,282.200012,75.220001,59866.468750,31.39,100.14,20.357143,PM2.5,11545
16.370001,16.799999,1.240000,1.280000,0.130000,68.550003,1.190000,4.310000,281.540009,80.209999,60276.281250,31.39,100.3,23.385715,PM2.5,11546
18.910000,19.440001,1.650000,1.280000,0.140000,66.400002,1.380000,4.810000,283.170013,74.160004,61454.980469,31.4,100.46,27.014286,PM2.5,11547
22.240000,22.940001,2.380000,1.380000,0.150000,66.660004,-0.870000,3.290000,285.440002,68.730003,63958.949219,31.41,100.62,31.771429,PM2.5,11548
25.280001,26.100000,2.970000,1.460000,0.160000,68.940002,-1.710000,4.070000,284.690002,74.139999,63798.218750,31.41,100.77,36.114288,PM2.5,11549
26.980000,27.889999,3.340000,1.400000,0.170000,69.510002,-0.030000,5.610000,283.369995,77.849998,62192.269531,31.42,100.93,38.542858,PM2.5,11550
28.190001,29.170000,3.730000,1.290000,0.170000,71.699997,0.590000,5.350000,282.880005,77.559998,61401.511719,31.42,101.09,40.271431,PM2.5,11551
29.719999,30.780001,4.180000,0.990000,0.170000,73.430000,-0.020000,4.780000,282.269989,80.629997,61215.519531,31.43,101.25,42.457142,PM2.5,11552
31.680000,32.840000,4.740000,0.870000,0.180000,75.360001,-0.430000,5.000000,281.369995,84.610001,60605.140625,31.43,101.41,45.257145,PM2.5,11553
34.400002,35.669998,5.410000,0.780000,0.180000,77.150002,0.210000,4.900000,280.079987,89.879997,59491.179688,31.44,101.57,49.142860,PM2.5,11554
36.959999,39.950001,6.610000,0.980000,0.200000,78.220001,1.130000,5.160000,280.420013,90.300003,59785.210938,31.44,101.73,52.449997,PM2.5,11555
43.330002,47.799999,9.320000,1.340000,0.230000,83.050003,0.250000,6.490000,284.510010,78.040001,64549.300781,31.44,101.89,60.412502,PM2.5,11556
44.840000,50.299999,10.480000,1.530000,0.250000,87.260002,-0.760000,6.340000,287.820007,66.570000,68359.906250,31.45,102.05,62.299999,PM2.5,11557
45.430000,51.119999,9.160000,1.480000,0.260000,88.470001,-0.650000,6.010000,283.450012,78.260002,63388.808594,31.45,102.21,63.037498,PM2.5,11558
45.540001,51.189999,7.590000,1.430000,0.260000,89.330002,-0.000000,5.370000,280.279999,89.389999,60696.789062,31.45,102.37,63.175003,PM2.5,11559
46.250000,52.580002,6.640000,1.500000,0.290000,90.949997,0.370000,4.480000,280.970001,87.360001,61815.359375,31.46,102.53,64.062500,PM2.5,11560
49.049999,56.650002,7.210000,1.690000,0.320000,93.589996,0.320000,4.270000,280.619995,84.589996,60638.148438,31.46,102.69,67.562500,PM2.5,11561
54.599998,64.370003,7.400000,1.930000,0.350000,90.949997,-0.030000,3.520000,281.200012,86.419998,61540.179688,31.46,102.85,74.500000,PM2.5,11562
57.369999,68.589996,7.460000,2.120000,0.380000,91.820000,-1.230000,1.860000,284.040009,85.800003,66145.476562,31.47,103.01,77.962502,PM2.5,11563
60.919998,73.510002,7.940000,2.310000,0.420000,96.989998,-2.530000,1.420000,286.510010,86.919998,70565.843750,31.47,103.17,82.399994,PM2.5,11564
64.250000,77.839996,8.330000,2.540000,0.450000,103.120003,-1.940000,1.150000,286.350006,94.370003,71488.757812,31.47,103.32,86.562500,PM2.5,11565
59.410000,72.370003,7.680000,2.670000,0.440000,101.559998,0.220000,1.090000,287.109985,93.980003,72678.226562,31.47,103.48,80.512497,PM2.5,11566
63.209999,78.209999,8.530000,4.800000,0.510000,94.279999,0.970000,3.430000,286.489990,98.370003,71533.203125,31.48,103.64,85.262497,PM2.5,11567
64.379997,81.519997,9.770000,5.850000,0.580000,94.480003,-0.580000,3.960000,285.750000,100.000000,69371.046875,31.48,103.8,86.724998,PM2.5,11568
63.790001,84.449997,11.620000,9.640000,0.680000,92.110001,-1.130000,3.190000,289.390015,96.949997,76223.546875,31.48,103.96,85.987503,PM2.5,11569
53.020000,76.690002,14.060000,16.150000,0.770000,86.809998,-0.130000,0.400000,297.440002,71.000000,86784.000000,31.48,104.12,72.525002,PM2.5,11570
46.889999,71.959999,12.860000,13.770000,0.810000,84.330002,-0.180000,-1.750000,301.579987,61.119999,92395.359375,31.48,104.28,64.862503,PM2.5,11571
46.549999,72.389999,13.270000,16.410000,0.890000,74.879997,-0.680000,-2.680000,302.500000,60.830002,94166.187500,31.48,104.44,64.437500,PM2.5,11572
47.849998,74.739998,14.390000,22.410000,0.960000,64.750000,-1.470000,-2.360000,302.489990,63.250000,94394.906250,31.48,104.6,66.062500,PM2.5,11573
49.070000,74.940002,14.640000,23.360001,0.960000,60.669998,-2.090000,-2.140000,302.410004,65.019997,94397.187500,31.48,104.76,67.587502,PM2.5,11574
50.799999,75.839996,14.770000,22.510000,0.930000,60.330002,-2.260000,-1.960000,302.179993,66.930000,94388.968750,31.48,104.92,69.750000,PM2.5,11575
52.020000,75.110001,14.670000,18.770000,0.860000,63.880001,-2.690000,-1.410000,302.410004,66.139999,94543.851562,31.48,105.08,71.275002,PM2.5,11576
52.959999,76.279999,15.770000,18.250000,0.830000,64.900002,-3.200000,-0.480000,302.350006,64.949997,94052.601562,31.48,105.24,72.449997,PM2.5,11577
53.400002,77.930000,16.980000,18.500000,0.810000,64.849998,-3.210000,0.390000,302.029999,65.089996,93645.187500,31.48,105.4,73.000000,PM2.5,11578
52.740002,78.820000,18.030001,18.799999,0.790000,64.660004,-3.750000,1.170000,302.690002,62.060001,94068.453125,31.48,105.56,72.175003,PM2.5,11579
52.119999,79.300003,18.209999,19.170000,0.770000,63.450001,-4.240000,1.610000,303.029999,61.119999,94429.406250,31.48,105.72,71.400002,PM2.5,11580
51.480000,78.500000,18.160000,19.059999,0.740000,64.389999,-4.160000,1.730000,303.570007,59.029999,94920.593750,31.48,105.88,70.599998,PM2.5,11581
50.759998,77.879997,17.680000,19.250000,0.720000,64.690002,-4.060000,1.580000,303.910004,58.669998,95567.812500,31.48,106.04,69.699997,PM2.5,11582
49.410000,75.150002,16.740000,17.639999,0.670000,66.080002,-3.780000,1.660000,303.940002,58.410000,95602.031250,31.48,106.2,68.012497,PM2.5,11583
48.169998,72.050003,15.820000,15.330000,0.600000,68.849998,-3.680000,1.950000,303.700012,58.980000,95327.070312,31.48,106.36,66.462494,PM2.5,11584
47.549999,69.440002,15.370000,13.830000,0.560000,70.779999,-3.770000,2.510000,303.649994,59.060001,95195.953125,31.47,106.52,65.687500,PM2.5,11585
46.570000,65.800003,14.950000,12.400000,0.510000,72.470001,-3.830000,2.950000,303.269989,59.950001,94782.343750,31.47,106.68,64.462502,PM2.5,11586
45.580002,62.349998,14.860000,11.620000,0.380000,72.910004,-3.630000,3.020000,302.899994,60.700001,94412.882812,31.47,106.83,63.225002,PM2.5,11587
43.799999,58.520000,15.320000,10.940000,0.360000,74.169998,-3.300000,3.460000,303.410004,58.779999,94967.492188,31.47,106.99,61.000000,PM2.5,11588
42.430000,55.450001,16.030001,10.620000,0.350000,75.300003,-3.550000,3.820000,303.619995,56.980000,94768.460938,31.46,107.15,59.287498,PM2.5,11589
42.320000,54.070000,16.850000,10.910000,0.350000,74.900002,-3.870000,3.360000,302.670013,59.369999,93756.492188,31.46,107.31,59.150002,PM2.5,11590
41.910000,52.740002,17.650000,10.600000,0.350000,74.849998,-3.310000,2.520000,302.570007,59.759998,93900.273438,31.46,107.47,58.637501,PM2.5,11591
39.799999,49.220001,17.870001,9.590000,0.330000,75.709999,-2.970000,2.350000,303.059998,58.230000,94389.289062,31.45,107.63,56.000000,PM2.5,11592
37.070000,44.500000,17.190001,8.240000,0.310000,76.360001,-3.240000,2.490000,302.220001,60.330002,93177.812500,31.45,107.79,52.587502,PM2.5,11593
36.889999,43.959999,16.870001,7.860000,0.300000,75.180000,-3.500000,2.120000,300.299988,65.820000,91102.656250,31.45,107.95,52.362499,PM2.5,11594
35.150002,42.230000,15.730000,7.590000,0.280000,74.480003,-3.820000,1.810000,300.220001,66.080002,91262.906250,31.44,108.11,50.187500,PM2.5,11595
9.710000,9.950000,0.460000,1.380000,0.110000,75.139999,0.600000,0.670000,283.899994,70.300003,61775.800781,31.47,98.86,13.871428,PM2.5,11780
9.970000,10.220000,0.490000,1.190000,0.110000,73.709999,0.990000,1.080000,284.529999,68.860001,62440.511719,31.48,99.01,14.242858,PM2.5,11781
10.200000,10.450000,0.520000,1.030000,0.110000,72.139999,0.870000,1.940000,284.690002,69.110001,62586.550781,31.48,99.17,14.571428,PM2.5,11782
10.620000,10.890000,0.560000,0.980000,0.110000,71.919998,0.670000,2.060000,284.079987,71.239998,62046.359375,31.49,99.33,15.171429,PM2.5,11783
11.400000,11.690000,0.630000,1.050000,0.120000,71.459999,1.370000,2.880000,281.670013,79.300003,59886.300781,31.5,99.49,16.285713,PM2.5,11784
11.950000,12.270000,0.690000,1.130000,0.120000,71.099998,3.030000,4.410000,281.059998,80.230003,59221.238281,31.5,99.65,17.071428,PM2.5,11785
11.980000,12.310000,0.750000,1.260000,0.120000,70.910004,3.700000,4.880000,282.730011,71.940002,60104.531250,31.51,99.81,17.114285,PM2.5,11786
12.400000,12.740000,0.820000,1.280000,0.120000,68.800003,2.520000,3.810000,283.429993,69.029999,60613.550781,31.52,99.97,17.714285,PM2.5,11787
13.730000,14.090000,0.950000,1.330000,0.120000,67.019997,1.360000,3.930000,283.109985,72.370003,60741.679688,31.52,100.13,19.614285,PM2.5,11788
15.670000,16.080000,1.170000,1.320000,0.130000,66.699997,1.050000,4.260000,282.660004,76.269997,60812.398438,31.53,100.29,22.385714,PM2.5,11789
18.530001,19.070000,1.690000,1.420000,0.140000,66.320000,0.000000,3.020000,284.470001,71.550003,63137.769531,31.54,100.45,26.471430,PM2.5,11790
22.209999,22.910000,2.470000,1.610000,0.150000,68.870003,-1.080000,2.740000,285.250000,71.860001,64484.460938,31.54,100.61,31.728571,PM2.5,11791
24.760000,25.559999,2.830000,1.520000,0.160000,68.720001,-0.510000,5.320000,284.029999,75.430000,62867.199219,31.55,100.77,35.371429,PM2.5,11792
26.200001,27.070000,3.170000,1.450000,0.160000,69.139999,0.690000,5.590000,283.519989,76.160004,62155.140625,31.55,100.93,37.428574,PM2.5,11793
27.840000,28.790001,3.550000,1.240000,0.170000,70.349998,0.880000,4.930000,282.829987,77.940002,61471.679688,31.56,101.09,39.771427,PM2.5,11794
29.510000,30.549999,4.020000,1.040000,0.170000,71.930000,0.590000,4.600000,282.410004,80.309998,61325.601562,31.56,101.25,42.157143,PM2.5,11795
31.139999,32.270000,4.580000,0.930000,0.180000,74.129997,0.120000,4.690000,282.790009,79.059998,61892.218750,31.57,101.41,44.485714,PM2.5,11796
33.889999,35.150002,5.300000,0.900000,0.190000,75.559998,0.270000,5.000000,282.170013,80.610001,61061.199219,31.57,101.57,48.414284,PM2.5,11797
36.680000,39.590000,6.570000,1.050000,0.200000,76.910004,0.510000,4.840000,282.510010,80.860001,61390.230469,31.58,101.73,52.099998,PM2.5,11798
42.730000,47.040001,9.170000,1.360000,0.240000,82.089996,-1.010000,6.080000,286.399994,70.410004,66125.046875,31.58,101.89,59.662498,PM2.5,11799
44.419998,49.590000,10.200000,1.520000,0.250000,85.980003,-1.130000,6.310000,287.649994,66.889999,68196.453125,31.58,102.04,61.774998,PM2.5,11800
44.709999,50.070000,8.860000,1.480000,0.250000,86.419998,0.280000,6.010000,283.000000,78.879997,62873.859375,31.59,102.2,62.137497,PM2.5,11801
45.000000,50.560001,7.660000,1.440000,0.260000,87.580002,0.710000,5.780000,280.980011,83.989998,60812.929688,31.59,102.36,62.500000,PM2.5,11802
47.330002,53.830002,7.020000,1.480000,0.290000,89.989998,0.410000,5.020000,281.149994,86.059998,61514.078125,31.59,102.52,65.412506,PM2.5,11803
50.130001,57.849998,7.450000,1.660000,0.320000,91.070000,-0.400000,3.800000,281.579987,84.080002,62044.339844,31.6,102.68,68.912498,PM2.5,11804
53.250000,62.580002,7.660000,1.870000,0.340000,90.860001,-1.410000,2.580000,282.510010,84.120003,63621.359375,31.6,102.84,72.812500,PM2.5,11805
57.259998,67.800003,7.960000,1.920000,0.370000,94.099998,-1.700000,1.510000,283.089996,88.269997,65171.210938,31.6,103.0,77.824997,PM2.5,11806
59.139999,70.400002,7.910000,1.940000,0.390000,96.949997,-1.140000,1.140000,284.470001,90.190002,67765.242188,31.61,103.16,80.175003,PM2.5,11807
60.689999,72.540001,7.850000,2.040000,0.410000,99.690002,-0.160000,2.460000,284.429993,94.199997,68122.078125,31.61,103.32,82.112495,PM2.5,11808
60.599998,72.570000,7.630000,2.260000,0.420000,98.839996,1.430000,2.990000,284.579987,96.419998,68536.523438,31.61,103.48,82.000000,PM2.5,11809
58.419998,72.150002,8.160000,3.510000,0.480000,94.250000,1.940000,2.730000,287.359985,90.339996,72068.492188,31.61,103.64,79.274994,PM2.5,11810
58.689999,74.320000,9.000000,4.600000,0.550000,91.940002,0.180000,1.620000,289.010010,88.620003,74229.687500,31.61,103.8,79.612495,PM2.5,11811
63.580002,82.860001,11.210000,8.090000,0.670000,90.809998,-1.310000,4.000000,289.559998,94.400002,75887.648438,31.61,103.96,85.725006,PM2.5,11812
60.610001,80.379997,12.990000,11.320000,0.720000,91.470001,-0.880000,2.500000,293.010010,85.699997,81084.296875,31.62,104.12,82.012497,PM2.5,11813
52.270000,72.879997,12.130000,10.610000,0.740000,88.400002,-0.270000,-0.490000,298.029999,70.680000,87765.843750,31.62,104.28,71.587502,PM2.5,11814
48.860001,70.269997,12.220000,12.130000,0.790000,80.589996,-0.370000,-2.290000,301.470001,62.560001,92519.101562,31.62,104.44,67.324997,PM2.5,11815
47.360001,70.629997,13.020000,15.580000,0.860000,72.470001,-1.200000,-2.540000,302.700012,61.360001,94372.867188,31.62,104.6,65.449997,PM2.5,11816
49.020000,72.279999,14.100000,19.520000,0.900000,64.500000,-2.030000,-2.500000,302.279999,64.440002,94199.976562,31.62,104.76,67.525002,PM2.5,11817
50.169998,72.800003,14.490000,20.070000,0.900000,62.509998,-2.380000,-1.980000,301.940002,66.860001,94038.218750,31.62,104.92,68.962494,PM2.5,11818
51.250000,72.160004,14.290000,17.500000,0.840000,65.070000,-2.680000,-1.420000,301.890015,67.580002,93997.296875,31.62,105.08,70.312500,PM2.5,11819
52.380001,72.940002,14.940000,16.500000,0.800000,66.559998,-2.870000,-0.500000,301.700012,67.449997,93559.546875,31.62,105.24,71.724998,PM2.5,11820
52.259998,73.800003,16.049999,16.940001,0.780000,66.459999,-2.800000,0.450000,301.779999,66.480003,93548.546875,31.62,105.4,71.574997,PM2.5,11821
51.169998,74.190002,17.180000,17.650000,0.760000,65.900002,-3.430000,1.070000,302.440002,63.439999,93950.796875,31.62,105.56,70.212494,PM2.5,11822
50.610001,74.919998,17.830000,18.230000,0.750000,65.279999,-4.080000,1.740000,302.790009,61.610001,94059.781250,31.62,105.72,69.512497,PM2.5,11823
49.639999,73.610001,17.540001,17.120001,0.720000,67.209999,-4.320000,1.810000,303.309998,59.599998,94599.437500,31.62,105.88,68.300003,PM2.5,11824
48.520000,71.650002,16.330000,15.170000,0.680000,69.470001,-4.610000,1.890000,303.829987,58.040001,95195.468750,31.61,106.04,66.900002,PM2.5,11825
47.939999,70.320000,15.720000,13.830000,0.640000,70.830002,-4.330000,1.580000,303.459991,59.349998,94958.679688,31.61,106.2,66.174995,PM2.5,11826
47.810001,69.360001,15.290000,12.630000,0.580000,71.970001,-3.640000,1.220000,303.019989,61.540001,94806.757812,31.61,106.36,66.012505,PM2.5,11827
47.410000,67.019997,14.990000,11.440000,0.540000,73.750000,-3.310000,1.970000,303.510010,59.630001,95210.992188,31.61,106.52,65.512497,PM2.5,11828
46.730000,64.129997,14.880000,10.340000,0.500000,75.730003,-3.630000,2.600000,303.739990,57.939999,95145.687500,31.61,106.68,64.662498,PM2.5,11829
46.209999,61.770000,14.930000,9.970000,0.380000,75.709999,-3.380000,2.920000,303.019989,60.389999,94561.226562,31.61,106.84,64.012497,PM2.5,11830
44.360001,57.900002,15.490000,9.630000,0.360000,76.980003,-2.990000,3.280000,303.350006,58.290001,94680.726562,31.6,107.0,61.700001,PM2.5,11831
42.740002,54.700001,15.650000,9.250000,0.350000,77.160004,-3.290000,3.130000,303.220001,58.630001,94504.218750,31.6,107.16,59.675003,PM2.5,11832
41.660000,52.310001,15.620000,8.750000,0.340000,77.400002,-3.880000,3.450000,302.660004,58.700001,93490.796875,31.6,107.32,58.325001,PM2.5,11833
41.349998,51.250000,15.850000,8.230000,0.330000,76.860001,-3.760000,2.820000,301.690002,61.540001,92602.070312,31.59,107.48,57.937500,PM2.5,11834
39.320000,48.009998,15.790000,7.470000,0.310000,77.089996,-3.100000,1.890000,301.619995,61.919998,92672.929688,31.59,107.64,55.400002,PM2.5,11835
36.639999,44.200001,15.880000,7.180000,0.300000,76.489998,-3.030000,2.020000,301.609985,62.070000,92597.648438,31.59,107.8,52.049999,PM2.5,11836
34.689999,41.830002,14.400000,6.310000,0.280000,76.199997,-3.310000,2.600000,300.869995,64.309998,91732.406250,31.58,107.96,49.557140,PM2.5,11837
32.680000,39.869999,11.930000,5.440000,0.260000,74.269997,-4.020000,2.560000,301.049988,62.750000,91930.976562,31.58,108.11,46.685715,PM2.5,11838
32.470001,40.360001,10.510000,5.060000,0.250000,73.160004,-3.870000,2.080000,299.790009,66.430000,90456.062500,31.58,108.27,46.385715,PM2.5,11839
9.630000,9.840000,0.390000,1.260000,0.110000,75.910004,-0.710000,2.220000,279.410004,85.790001,57418.289062,31.6,98.69,13.757143,PM2.5,12021
9.940000,10.160000,0.430000,1.210000,0.110000,75.559998,1.510000,1.920000,279.670013,85.430000,57727.128906,31.6,98.85,14.200000,PM2.5,12022
10.040000,10.280000,0.480000,1.090000,0.110000,75.879997,1.380000,1.980000,282.109985,77.330002,60162.761719,31.61,99.01,14.342857,PM2.5,12023
10.350000,10.600000,0.500000,1.020000,0.110000,74.449997,0.800000,2.630000,282.109985,78.879997,60305.500000,31.62,99.17,14.785715,PM2.5,12024
10.740000,11.010000,0.530000,0.970000,0.110000,72.750000,1.440000,3.390000,281.320007,81.860001,59592.300781,31.63,99.32,15.342856,PM2.5,12025
11.260000,11.540000,0.600000,1.010000,0.110000,71.470001,3.140000,4.710000,280.410004,83.129997,58612.238281,31.63,99.48,16.085714,PM2.5,12026
11.380000,11.680000,0.670000,1.120000,0.120000,71.309998,3.870000,4.800000,281.890015,76.290001,59548.300781,31.64,99.64,16.257143,PM2.5,12027
11.330000,11.650000,0.750000,1.470000,0.120000,70.239998,1.940000,2.400000,284.940002,66.470001,62536.140625,31.65,99.8,16.185715,PM2.5,12028
12.540000,12.900000,0.920000,1.620000,0.130000,71.300003,0.360000,1.790000,284.489990,68.589996,62480.031250,31.65,99.96,17.914286,PM2.5,12029
13.870000,14.240000,0.990000,1.520000,0.130000,67.500000,0.480000,3.140000,283.130005,74.050003,61296.878906,31.66,100.12,19.814285,PM2.5,12030
15.820000,16.250000,1.230000,1.410000,0.130000,67.040001,-0.050000,2.840000,283.399994,75.500000,62147.601562,31.67,100.28,22.600000,PM2.5,12031
17.889999,18.400000,1.660000,1.560000,0.140000,70.099998,-0.840000,1.800000,283.679993,76.949997,63145.128906,31.67,100.44,25.557142,PM2.5,12032
19.450001,20.020000,2.020000,1.730000,0.140000,71.120003,-0.300000,2.990000,283.730011,77.620003,63064.398438,31.68,100.6,27.785715,PM2.5,12033
23.820000,24.570000,2.620000,1.640000,0.160000,68.120003,0.580000,4.830000,283.570007,77.010002,62617.910156,31.68,100.76,34.028572,PM2.5,12034
25.580000,26.420000,2.980000,1.580000,0.160000,68.190002,1.010000,4.780000,283.429993,76.529999,62281.480469,31.69,100.92,36.542858,PM2.5,12035
27.270000,28.190001,3.370000,1.230000,0.170000,69.150002,0.710000,3.870000,283.660004,75.300003,62523.921875,31.69,101.08,38.957142,PM2.5,12036
29.260000,30.280001,3.880000,1.090000,0.170000,70.639999,0.110000,3.710000,283.380005,76.989998,62442.218750,31.7,101.24,41.799999,PM2.5,12037
31.370001,32.490002,4.380000,1.050000,0.180000,71.709999,0.460000,3.530000,282.779999,80.019997,62132.480469,31.7,101.4,44.814285,PM2.5,12038
34.130001,35.430000,5.350000,1.080000,0.190000,73.739998,0.210000,3.040000,284.950012,72.339996,64111.320312,31.71,101.56,48.757145,PM2.5,12039
40.029999,43.450001,7.850000,1.310000,0.220000,78.970001,-1.350000,2.650000,286.220001,70.860001,66005.859375,31.71,101.72,56.287498,PM2.5,12040
42.939999,47.070000,9.100000,1.370000,0.240000,82.150002,-2.610000,5.040000,286.589996,71.500000,66943.539062,31.72,101.88,59.924999,PM2.5,12041
44.590000,49.410000,9.880000,1.480000,0.240000,84.699997,-0.840000,6.320000,285.839996,73.419998,66498.367188,31.72,102.04,61.987499,PM2.5,12042
44.610001,49.740002,8.780000,1.480000,0.250000,84.949997,1.440000,5.900000,283.440002,77.269997,63204.320312,31.72,102.2,62.012501,PM2.5,12043
45.720001,51.380001,8.030000,1.540000,0.270000,85.849998,0.630000,4.390000,283.410004,74.959999,62938.281250,31.73,102.36,63.400002,PM2.5,12044
47.330002,53.900002,7.310000,1.530000,0.300000,88.669998,-1.310000,4.120000,283.600006,77.190002,63895.550781,31.73,102.52,65.412506,PM2.5,12045
49.889999,57.340000,7.580000,1.580000,0.310000,90.720001,-2.040000,3.280000,281.929993,85.760002,62834.929688,31.73,102.68,68.612503,PM2.5,12046
53.049999,61.820000,8.040000,1.730000,0.330000,93.370003,-1.110000,2.260000,281.390015,89.360001,62612.898438,31.74,102.84,72.562500,PM2.5,12047
55.790001,65.410004,8.160000,1.770000,0.350000,94.480003,-0.110000,2.880000,281.500000,90.750000,62951.250000,31.74,103.0,75.987503,PM2.5,12048
58.279999,68.690002,8.050000,1.810000,0.370000,94.919998,0.800000,3.680000,281.959991,92.290001,63874.230469,31.74,103.16,79.099998,PM2.5,12049
59.520000,70.820000,8.020000,2.010000,0.400000,96.169998,1.290000,4.380000,283.529999,91.769997,66127.656250,31.74,103.32,80.650002,PM2.5,12050
59.459999,71.480003,8.040000,2.340000,0.430000,95.190002,0.660000,3.690000,284.839996,91.889999,68254.281250,31.75,103.48,80.574997,PM2.5,12051
59.259998,72.480003,8.410000,3.130000,0.480000,92.389999,0.080000,1.890000,286.609985,91.500000,71101.421875,31.75,103.64,80.324997,PM2.5,12052
56.849998,71.279999,8.860000,3.630000,0.530000,92.889999,0.110000,0.030000,290.140015,83.930000,76136.867188,31.75,103.8,77.312500,PM2.5,12053
57.270000,73.820000,9.990000,5.390000,0.610000,91.190002,-0.380000,1.640000,292.470001,80.480003,79523.031250,31.75,103.96,77.837502,PM2.5,12054
59.430000,76.860001,11.470000,8.100000,0.670000,91.120003,-0.820000,2.320000,293.410004,82.599998,81549.632812,31.75,104.12,80.537498,PM2.5,12055
56.770000,75.019997,11.680000,8.800000,0.700000,89.580002,-0.660000,0.540000,295.470001,78.680000,84795.656250,31.75,104.28,77.212502,PM2.5,12056
52.730000,71.680000,12.070000,10.440000,0.730000,83.599998,-0.660000,-0.930000,298.339996,71.059998,88466.960938,31.75,104.44,72.162498,PM2.5,12057
50.110001,70.849998,12.940000,13.660000,0.800000,76.959999,-1.080000,-1.760000,300.670013,65.620003,91349.617188,31.75,104.6,68.887497,PM2.5,12058
49.900002,71.139999,14.540000,18.920000,0.840000,68.260002,-1.480000,-2.440000,301.750000,64.589996,93301.062500,31.75,104.76,68.625000,PM2.5,12059
49.860001,70.650002,15.280000,20.420000,0.860000,64.760002,-1.910000,-2.040000,302.170013,64.849998,94154.812500,31.75,104.92,68.574997,PM2.5,12060
49.939999,68.910004,14.280000,15.580000,0.810000,68.519997,-2.510000,-1.550000,301.920013,66.339996,93850.359375,31.75,105.08,68.674995,PM2.5,12061
50.970001,69.449997,14.480000,14.330000,0.770000,69.809998,-2.710000,-0.650000,301.660004,67.419998,93581.242188,31.75,105.24,69.962502,PM2.5,12062
50.599998,69.620003,15.200000,14.670000,0.740000,69.750000,-2.770000,0.160000,301.779999,66.690002,93573.343750,31.75,105.4,69.500000,PM2.5,12063
49.959999,70.150002,16.160000,15.500000,0.720000,69.080002,-3.300000,0.830000,301.910004,65.510002,93495.023438,31.75,105.56,68.699997,PM2.5,12064
49.240002,70.699997,17.000000,16.190001,0.720000,68.480003,-3.900000,1.540000,302.170013,63.939999,93602.289062,31.75,105.72,67.800003,PM2.5,12065
47.930000,69.169998,16.670000,14.990000,0.690000,70.160004,-4.200000,1.420000,302.950012,61.520000,94492.593750,31.75,105.88,66.162498,PM2.5,12066
46.939999,67.370003,15.530000,12.920000,0.650000,72.500000,-4.390000,1.510000,303.320007,60.080002,94820.773438,31.75,106.04,64.924995,PM2.5,12067
46.860001,66.720001,15.300000,11.830000,0.610000,74.120003,-4.580000,1.760000,302.799988,60.790001,93969.703125,31.75,106.2,64.824997,PM2.5,12068
47.320000,66.519997,15.130000,10.880000,0.560000,75.080002,-3.910000,1.510000,302.209991,63.590000,93875.078125,31.75,106.36,65.400002,PM2.5,12069
47.320000,64.750000,14.960000,9.830000,0.520000,77.110001,-3.400000,1.320000,303.100006,60.240002,94808.617188,31.75,106.52,65.400002,PM2.5,12070
47.549999,63.360001,14.940000,9.170000,0.490000,77.959999,-3.550000,1.140000,303.570007,58.580002,95314.242188,31.74,106.68,65.687500,PM2.5,12071
46.980000,61.090000,15.130000,8.890000,0.370000,78.379997,-3.100000,1.820000,303.630005,58.180000,95251.656250,31.74,106.84,64.974998,PM2.5,12072
45.189999,57.459999,15.430000,8.610000,0.360000,79.110001,-3.130000,2.250000,303.390015,58.500000,94792.406250,31.74,107.0,62.737499,PM2.5,12073
43.689999,54.759998,15.460000,8.290000,0.350000,78.690002,-3.010000,2.610000,302.630005,60.720001,94015.921875,31.74,107.16,60.862499,PM2.5,12074
41.669998,51.540001,15.020000,7.540000,0.340000,78.809998,-3.280000,3.150000,302.399994,59.689999,93262.843750,31.73,107.32,58.337498,PM2.5,12075
40.869999,50.340000,15.120000,7.060000,0.320000,78.389999,-3.840000,3.140000,301.230011,62.279999,91711.757812,31.73,107.48,57.337498,PM2.5,12076
40.070000,48.770000,15.290000,6.610000,0.310000,78.790001,-3.190000,2.180000,299.839996,67.339996,90426.312500,31.73,107.64,56.337502,PM2.5,12077
37.740002,45.799999,15.170000,6.550000,0.290000,76.699997,-2.300000,1.930000,300.179993,66.570000,91249.156250,31.72,107.8,53.425003,PM2.5,12078
33.619999,41.369999,12.800000,5.370000,0.270000,76.010002,-2.400000,2.570000,301.459991,62.320000,92546.453125,31.72,107.96,48.028568,PM2.5,12079
31.400000,39.560001,10.380000,4.260000,0.250000,75.040001,-3.130000,2.750000,301.089996,62.630001,91724.218750,31.72,108.12,44.857143,PM2.5,12080
32.669998,42.560001,9.290000,3.990000,0.240000,72.099998,-2.990000,2.620000,298.429993,70.260002,88467.546875,31.71,108.28,46.671425,PM2.5,12081
34.360001,46.700001,8.400000,3.750000,0.240000,67.059998,-2.490000,2.760000,296.190002,77.940002,86030.437500,31.71,108.44,49.085716,PM2.5,12082
8.680000,8.890000,0.360000,1.190000,0.110000,78.800003,-1.700000,3.750000,281.970001,73.720001,59395.421875,31.72,98.52,12.400001,PM2.5,12264
9.220000,9.430000,0.370000,1.210000,0.110000,77.540001,0.540000,4.050000,277.899994,88.250000,55616.109375,31.73,98.68,13.171429,PM2.5,12265
9.710000,9.920000,0.390000,1.140000,0.110000,76.440002,3.020000,3.540000,277.109985,92.389999,55044.710938,31.74,98.84,13.871428,PM2.5,12266
9.790000,10.010000,0.450000,1.040000,0.110000,77.750000,3.060000,4.130000,279.799988,83.110001,57537.859375,31.75,99.0,13.985714,PM2.5,12267
10.070000,10.310000,0.470000,0.970000,0.110000,75.559998,2.460000,5.470000,280.850006,81.330002,58732.289062,31.75,99.16,14.385714,PM2.5,12268
10.430000,10.680000,0.510000,0.920000,0.110000,73.709999,2.850000,5.790000,280.829987,81.610001,58801.359375,31.76,99.32,14.900001,PM2.5,12269
10.660000,10.930000,0.570000,0.980000,0.110000,72.540001,3.400000,5.510000,281.720001,77.610001,59501.628906,31.77,99.48,15.228571,PM2.5,12270
10.860000,11.150000,0.650000,1.230000,0.120000,70.410004,1.950000,3.560000,283.440002,72.260002,61080.289062,31.78,99.64,15.514285,PM2.5,12271
11.590000,11.900000,0.770000,1.550000,0.120000,72.360001,-0.000000,1.420000,283.570007,73.169998,61547.371094,31.78,99.8,16.557142,PM2.5,12272
12.570000,12.910000,0.880000,1.590000,0.120000,71.809998,0.500000,2.400000,282.480011,76.809998,60607.390625,31.79,99.96,17.957142,PM2.5,12273
13.950000,14.320000,1.000000,1.510000,0.130000,68.410004,0.720000,3.330000,282.519989,77.739998,60985.679688,31.8,100.12,19.928572,PM2.5,12274
15.760000,16.180000,1.230000,1.460000,0.130000,68.089996,-0.480000,2.910000,282.570007,79.489998,61712.351562,31.8,100.28,22.514286,PM2.5,12275
17.120001,17.580000,1.510000,1.510000,0.140000,70.720001,-0.460000,3.080000,282.390015,81.389999,61568.140625,31.81,100.44,24.457144,PM2.5,12276
18.490000,19.020000,1.800000,1.570000,0.140000,70.820000,0.250000,3.400000,282.589996,81.370003,61909.421875,31.81,100.6,26.414286,PM2.5,12277
21.719999,22.370001,2.260000,1.660000,0.150000,68.410004,0.720000,3.530000,282.820007,79.949997,62222.230469,31.82,100.76,31.028570,PM2.5,12278
23.950001,24.700001,2.640000,1.640000,0.160000,67.919998,0.960000,3.710000,282.850006,79.230003,62168.199219,31.82,100.92,34.214287,PM2.5,12279
25.660000,26.500000,3.110000,1.350000,0.160000,70.629997,0.030000,2.480000,283.589996,77.209999,63191.460938,31.83,101.08,36.657143,PM2.5,12280
28.420000,29.389999,3.680000,1.170000,0.170000,71.480003,-0.730000,2.990000,283.329987,78.370003,62685.421875,31.83,101.24,40.599998,PM2.5,12281
31.139999,32.220001,4.140000,1.130000,0.180000,71.050003,0.210000,3.690000,281.579987,85.680000,61045.511719,31.84,101.4,44.485714,PM2.5,12282
35.299999,36.639999,5.560000,1.330000,0.200000,74.230003,-0.080000,1.930000,284.260010,77.470001,64069.769531,31.84,101.56,50.375000,PM2.5,12283
40.639999,43.980000,8.100000,1.430000,0.220000,81.459999,-1.640000,1.930000,286.410004,72.199997,66909.093750,31.85,101.72,57.049999,PM2.5,12284
43.270000,47.119999,8.900000,1.360000,0.230000,81.820000,-1.690000,5.670000,285.130005,77.400002,65592.062500,31.85,101.88,60.337502,PM2.5,12285
44.820000,49.259998,9.730000,1.400000,0.240000,84.769997,-0.100000,6.950000,284.649994,77.489998,64987.171875,31.86,102.04,62.275002,PM2.5,12286
45.180000,50.220001,8.910000,1.560000,0.250000,83.680000,-0.140000,4.590000,284.440002,74.230003,64460.878906,31.86,102.2,62.724998,PM2.5,12287
46.369999,51.970001,8.490000,1.600000,0.270000,88.290001,-1.890000,1.860000,284.089996,75.400002,64446.488281,31.86,102.36,64.212502,PM2.5,12288
47.189999,53.599998,7.430000,1.610000,0.290000,88.660004,-2.460000,2.390000,284.119995,76.160004,64817.070312,31.87,102.52,65.237495,PM2.5,12289
49.330002,56.509998,7.660000,1.560000,0.310000,90.209999,-1.850000,3.670000,281.910004,84.430000,62441.039062,31.87,102.68,67.912506,PM2.5,12290
52.869999,61.070000,8.300000,1.580000,0.330000,93.860001,-0.080000,3.860000,280.279999,89.930000,60756.558594,31.87,102.84,72.337502,PM2.5,12291
54.880001,64.339996,8.420000,1.640000,0.350000,93.089996,0.900000,3.910000,281.839996,87.980003,62719.308594,31.87,103.0,74.849998,PM2.5,12292
55.029999,65.330002,8.430000,1.810000,0.370000,92.860001,0.480000,3.660000,284.920013,79.919998,66530.148438,31.88,103.16,75.037498,PM2.5,12293
56.060001,67.209999,8.540000,2.170000,0.400000,94.199997,-0.860000,3.580000,287.010010,77.379997,69824.757812,31.88,103.32,76.325005,PM2.5,12294
57.869999,69.760002,8.730000,2.570000,0.420000,94.529999,-1.840000,2.570000,286.250000,86.330002,70132.218750,31.88,103.48,78.587502,PM2.5,12295
60.599998,73.410004,9.100000,3.070000,0.470000,92.879997,-1.100000,1.930000,285.559998,94.019997,69717.890625,31.88,103.64,82.000000,PM2.5,12296
61.020000,74.919998,9.500000,3.400000,0.520000,92.449997,-0.200000,1.120000,287.329987,92.500000,72499.296875,31.89,103.8,82.525002,PM2.5,12297
59.200001,74.099998,10.470000,4.320000,0.580000,94.110001,-0.130000,0.460000,290.890015,86.379997,78050.781250,31.89,103.96,80.250000,PM2.5,12298
57.369999,73.139999,11.070000,6.260000,0.630000,93.070000,-0.430000,0.770000,294.600006,76.830002,83368.992188,31.89,104.12,77.962502,PM2.5,12299
56.610001,72.660004,11.570000,6.820000,0.660000,91.879997,-0.540000,0.240000,295.920013,76.089996,85731.351562,31.89,104.28,77.012497,PM2.5,12300
57.060001,73.599998,12.360000,8.380000,0.680000,88.040001,-0.760000,0.480000,295.940002,78.400002,85454.593750,31.89,104.44,77.575005,PM2.5,12301
55.750000,74.050003,13.590000,12.170000,0.740000,81.389999,-1.050000,-0.030000,296.929993,76.580002,86691.578125,31.89,104.6,75.937500,PM2.5,12302
53.529999,72.290001,15.940000,20.070000,0.780000,71.739998,-1.160000,-1.360000,299.589996,69.930000,90349.812500,31.89,104.76,73.162498,PM2.5,12303
51.830002,70.760002,17.020000,22.389999,0.800000,67.660004,-1.510000,-1.610000,301.260010,65.940002,92472.593750,31.89,104.92,71.037506,PM2.5,12304
50.340000,67.589996,14.500000,13.750000,0.760000,73.480003,-1.910000,-1.700000,301.540009,66.129997,93210.179688,31.89,105.08,69.175003,PM2.5,12305
49.939999,66.779999,14.360000,12.190000,0.730000,74.360001,-2.310000,-1.170000,301.649994,66.680000,93502.062500,31.89,105.24,68.674995,PM2.5,12306
49.490002,66.449997,14.590000,12.050000,0.700000,74.230003,-2.590000,-0.270000,301.549988,67.040001,93334.257812,31.89,105.4,68.112503,PM2.5,12307
48.360001,65.599998,14.880000,12.230000,0.660000,74.019997,-3.000000,0.660000,301.769989,65.970001,93470.156250,31.89,105.56,66.699997,PM2.5,12308
47.270000,65.040001,15.070000,12.000000,0.650000,74.320000,-3.950000,1.570000,302.160004,63.680000,93585.843750,31.89,105.72,65.337502,PM2.5,12309
46.480000,64.129997,14.890000,11.170000,0.630000,75.430000,-4.440000,1.570000,302.299988,62.669998,93537.898438,31.89,105.88,64.349998,PM2.5,12310
46.380001,63.740002,14.590000,10.290000,0.610000,76.470001,-4.110000,1.210000,302.119995,63.090000,93372.820312,31.89,106.04,64.224998,PM2.5,12311
46.000000,62.779999,14.690000,10.020000,0.570000,77.120003,-3.920000,1.530000,302.119995,62.509998,93315.468750,31.89,106.2,63.750000,PM2.5,12312
45.880001,61.990002,14.880000,9.420000,0.520000,78.570000,-3.960000,2.150000,302.399994,61.119999,93500.539062,31.88,106.36,63.600002,PM2.5,12313
47.180000,62.560001,15.220000,8.980000,0.500000,79.610001,-4.160000,1.850000,302.309998,61.029999,93410.539062,31.88,106.52,65.224998,PM2.5,12314
49.799999,64.529999,15.650000,9.020000,0.480000,78.889999,-3.670000,1.100000,301.820007,63.259998,93266.656250,31.88,106.68,68.500000,PM2.5,12315
48.900002,61.799999,15.910000,8.690000,0.380000,79.870003,-2.930000,0.780000,302.500000,60.599998,93908.859375,31.88,106.84,67.375000,PM2.5,12316
46.480000,57.209999,15.210000,7.630000,0.360000,81.120003,-2.840000,1.120000,302.690002,60.369999,94187.507812,31.87,107.0,64.349998,PM2.5,12317
44.110001,53.770000,14.960000,7.070000,0.340000,81.180000,-2.400000,2.160000,302.290009,61.029999,93510.390625,31.87,107.16,61.387501,PM2.5,12318
41.720001,50.709999,14.860000,6.720000,0.330000,80.660004,-2.550000,2.750000,301.850006,61.680000,92770.953125,31.87,107.32,58.400002,PM2.5,12319
39.529999,48.049999,14.400000,5.860000,0.310000,81.089996,-3.010000,2.880000,300.940002,63.830002,91446.390625,31.87,107.48,55.662498,PM2.5,12320
40.070000,48.700001,13.870000,5.650000,0.300000,78.190002,-2.880000,3.040000,299.359985,68.730003,89810.656250,31.86,107.64,56.337502,PM2.5,12321
37.459999,45.720001,13.030000,5.200000,0.280000,76.870003,-2.160000,2.760000,299.220001,68.879997,89821.601562,31.86,107.8,53.074997,PM2.5,12322
33.869999,43.020000,11.140000,4.380000,0.260000,74.779999,-2.020000,2.410000,300.630005,64.459999,91521.320312,31.86,107.96,48.385712,PM2.5,12323
31.969999,43.279999,9.690000,3.870000,0.250000,71.550003,-2.540000,2.790000,300.600006,63.459999,91004.382812,31.85,108.12,45.671429,PM2.5,12324
33.369999,47.340000,8.790000,3.470000,0.240000,68.320000,-2.150000,3.020000,297.359985,73.540001,87056.507812,31.85,108.28,47.671429,PM2.5,12325
8.750000,8.950000,0.340000,1.150000,0.100000,79.360001,-0.100000,4.800000,279.500000,81.680000,57116.789062,31.86,98.51,12.500000,PM2.5,12509
8.960000,9.160000,0.350000,1.150000,0.100000,78.750000,1.800000,5.050000,277.420013,88.019997,54991.960938,31.87,98.67,12.800000,PM2.5,12510
9.210000,9.420000,0.360000,1.100000,0.100000,79.190002,4.050000,4.070000,276.619995,90.089996,54191.308594,31.87,98.83,13.157143,PM2.5,12511
9.110000,9.300000,0.430000,1.090000,0.110000,78.129997,3.930000,4.060000,280.059998,77.870003,57071.019531,31.88,98.99,13.014285,PM2.5,12512
9.250000,9.480000,0.480000,1.110000,0.110000,74.029999,2.400000,4.750000,283.089996,71.160004,60445.101562,31.89,99.15,13.214286,PM2.5,12513
9.720000,9.960000,0.490000,1.060000,0.110000,72.370003,2.010000,5.010000,283.140015,73.129997,60825.929688,31.9,99.31,13.885715,PM2.5,12514
10.210000,10.470000,0.550000,1.120000,0.110000,70.690002,1.720000,3.830000,283.380005,72.989998,61126.308594,31.9,99.47,14.585714,PM2.5,12515
10.640000,10.930000,0.620000,1.250000,0.120000,69.419998,0.390000,2.510000,284.290009,71.120003,62292.308594,31.91,99.63,15.200001,PM2.5,12516
11.430000,11.730000,0.720000,1.390000,0.120000,71.690002,0.430000,3.010000,282.980011,75.080002,60885.468750,31.92,99.79,16.328571,PM2.5,12517
12.180000,12.500000,0.800000,1.400000,0.120000,70.779999,1.480000,3.890000,282.250000,76.940002,60071.371094,31.93,99.95,17.400000,PM2.5,12518
13.470000,13.830000,0.950000,1.400000,0.120000,68.610001,0.760000,3.360000,283.220001,75.800003,61718.921875,31.93,100.11,19.242857,PM2.5,12519
15.290000,15.700000,1.170000,1.470000,0.130000,68.139999,-0.170000,3.940000,282.700012,78.910004,61645.488281,31.94,100.27,21.842857,PM2.5,12520
16.629999,17.080000,1.390000,1.490000,0.130000,69.180000,-0.160000,4.480000,282.109985,81.680000,60856.699219,31.94,100.43,23.757141,PM2.5,12521
17.830000,18.330000,1.620000,1.480000,0.140000,69.449997,0.090000,3.600000,281.910004,83.699997,61128.250000,31.95,100.59,25.471428,PM2.5,12522
19.860001,20.430000,1.940000,1.550000,0.140000,69.209999,0.800000,3.200000,281.929993,83.510002,61186.539062,31.95,100.75,28.371429,PM2.5,12523
21.680000,22.330000,2.250000,1.590000,0.150000,68.389999,0.970000,3.410000,282.760010,80.809998,62079.359375,31.96,100.91,30.971430,PM2.5,12524
23.610001,24.350000,2.680000,1.450000,0.150000,71.059998,0.070000,3.090000,283.070007,79.949997,62602.960938,31.97,101.07,33.728573,PM2.5,12525
27.420000,28.330000,3.390000,1.200000,0.160000,71.410004,0.120000,4.190000,281.880005,83.680000,61288.171875,31.97,101.23,39.171429,PM2.5,12526
30.200001,31.240000,3.940000,1.160000,0.170000,70.699997,0.610000,5.000000,281.660004,84.500000,60809.660156,31.97,101.39,43.142857,PM2.5,12527
34.369999,35.630001,5.130000,1.350000,0.190000,73.139999,-0.150000,4.090000,282.790009,83.199997,62460.859375,31.98,101.55,49.099998,PM2.5,12528
39.660000,42.500000,7.340000,1.430000,0.220000,79.800003,-0.300000,4.100000,283.320007,82.870003,63536.671875,31.98,101.71,55.825001,PM2.5,12529
43.599998,47.169998,8.790000,1.350000,0.230000,81.510002,0.180000,6.180000,284.660004,78.410004,64796.359375,31.99,101.87,60.750000,PM2.5,12530
44.529999,48.740002,9.610000,1.500000,0.240000,82.750000,-0.830000,5.570000,287.070007,68.250000,67016.632812,31.99,102.03,61.912498,PM2.5,12531
45.299999,50.160000,9.060000,1.550000,0.250000,83.790001,-2.550000,3.950000,285.269989,71.529999,65207.871094,32.0,102.19,62.875000,PM2.5,12532
47.240002,52.619999,8.550000,1.510000,0.270000,86.570000,-2.280000,2.940000,281.890015,84.160004,62129.550781,32.0,102.35,65.300003,PM2.5,12533
48.310001,54.439999,7.860000,1.580000,0.280000,88.400002,-0.710000,2.940000,281.529999,86.410004,62248.109375,32.0,102.51,66.637505,PM2.5,12534
49.959999,57.060001,8.070000,1.680000,0.300000,87.870003,-0.320000,3.700000,281.519989,85.849998,62571.050781,32.01,102.67,68.699997,PM2.5,12535
51.750000,60.099998,8.600000,1.690000,0.320000,89.379997,-0.480000,3.600000,282.000000,85.269997,62739.000000,32.01,102.83,70.937500,PM2.5,12536
53.009998,62.419998,8.940000,1.850000,0.340000,90.650002,-0.850000,2.670000,284.059998,82.690002,65394.011719,32.01,102.99,72.512497,PM2.5,12537
54.189999,64.620003,9.450000,2.150000,0.370000,94.330002,-1.750000,1.930000,287.329987,74.680000,69952.953125,32.01,103.15,73.987495,PM2.5,12538
55.270000,66.169998,9.550000,2.170000,0.390000,97.269997,-2.940000,2.490000,287.440002,77.940002,70668.796875,32.02,103.31,75.337502,PM2.5,12539
57.889999,69.120003,9.540000,2.360000,0.400000,95.220001,-2.280000,2.650000,284.410004,91.639999,67374.320312,32.02,103.48,78.612503,PM2.5,12540
61.139999,73.309998,9.960000,2.740000,0.450000,93.239998,-0.400000,2.980000,283.809998,96.529999,66884.968750,32.02,103.64,82.675003,PM2.5,12541
62.410000,75.720001,10.420000,3.070000,0.510000,92.110001,0.040000,2.300000,285.459991,95.820000,69548.523438,32.02,103.8,84.262497,PM2.5,12542
61.270000,75.169998,10.710000,3.630000,0.570000,91.620003,0.010000,1.250000,289.089996,90.099998,75645.273438,32.02,103.96,82.837502,PM2.5,12543
58.639999,72.820000,11.370000,4.600000,0.600000,95.260002,-0.060000,0.520000,293.359985,80.110001,81993.859375,32.02,104.12,79.550003,PM2.5,12544
57.950001,72.230003,11.840000,4.920000,0.620000,96.669998,0.300000,0.320000,294.589996,80.260002,83814.828125,32.02,104.28,78.687500,PM2.5,12545
58.220001,72.889999,12.630000,6.070000,0.650000,92.949997,0.420000,1.240000,295.049988,80.849998,84402.789062,32.03,104.44,79.025002,PM2.5,12546
58.369999,74.059998,13.770000,8.670000,0.680000,87.940002,-0.480000,1.170000,296.070007,79.180000,85901.343750,32.03,104.6,79.212502,PM2.5,12547
58.480000,74.389999,15.290000,12.690000,0.700000,81.230003,-1.290000,0.320000,296.899994,78.000000,86983.007812,32.03,104.76,79.349998,PM2.5,12548
56.759998,72.639999,16.410000,14.450000,0.710000,78.250000,-1.370000,0.100000,297.890015,75.139999,88052.968750,32.03,104.92,77.199997,PM2.5,12549
53.389999,68.959999,15.050000,11.850000,0.710000,78.720001,-1.110000,-0.810000,299.829987,70.050003,90814.281250,32.03,105.08,72.987503,PM2.5,12550
51.340000,66.930000,14.750000,11.000000,0.700000,78.029999,-1.380000,-0.950000,300.839996,68.089996,92412.937500,32.03,105.24,70.425003,PM2.5,12551
50.450001,65.919998,14.700000,10.670000,0.670000,77.870003,-1.950000,-0.290000,300.829987,68.860001,92473.328125,32.03,105.4,69.312500,PM2.5,12552
48.470001,63.830002,14.590000,10.280000,0.630000,78.070000,-2.400000,0.690000,301.359985,66.790001,93031.898438,32.03,105.56,66.837502,PM2.5,12553
46.810001,62.380001,14.580000,10.000000,0.600000,78.199997,-3.460000,1.820000,302.119995,63.180000,93315.406250,32.02,105.72,64.762505,PM2.5,12554
47.029999,62.349998,14.490000,9.400000,0.590000,78.779999,-4.410000,2.110000,301.380005,64.540001,92114.320312,32.02,105.88,65.037498,PM2.5,12555
47.610001,62.709999,14.480000,8.920000,0.570000,79.089996,-4.050000,1.510000,300.579987,67.279999,91456.476562,32.02,106.04,65.762497,PM2.5,12556
46.750000,61.450001,14.730000,8.770000,0.540000,79.349998,-3.350000,1.190000,301.269989,65.339996,92520.906250,32.02,106.2,64.687500,PM2.5,12557
46.450001,60.509998,14.950000,8.310000,0.490000,80.300003,-3.160000,1.690000,301.880005,62.730000,92933.570312,32.02,106.36,64.312500,PM2.5,12558
47.939999,61.150002,15.190000,7.850000,0.470000,81.559998,-3.600000,2.400000,301.489990,62.639999,92061.359375,32.02,106.52,66.174995,PM2.5,12559
49.480000,61.360001,15.120000,7.320000,0.440000,82.150002,-3.630000,2.520000,300.609985,65.019997,91083.203125,32.02,106.69,68.099998,PM2.5,12560
49.070000,59.160000,14.630000,6.650000,0.350000,82.900002,-3.150000,1.340000,300.309998,66.389999,91165.148438,32.01,106.85,67.587502,PM2.5,12561
46.549999,54.880001,14.000000,5.710000,0.330000,83.720001,-2.510000,0.540000,300.799988,65.029999,91949.132812,32.01,107.01,64.437500,PM2.5,12562
43.689999,51.389999,13.730000,5.380000,0.320000,82.910004,-1.900000,0.900000,301.559998,63.000000,92899.539062,32.01,107.17,60.862499,PM2.5,12563
41.169998,48.990002,13.800000,5.470000,0.310000,81.330002,-2.180000,1.910000,301.769989,62.169998,92820.406250,32.01,107.33,57.712498,PM2.5,12564
39.810001,48.070000,13.480000,5.140000,0.300000,80.120003,-2.600000,2.560000,300.570007,64.699997,91051.398438,32.0,107.49,56.012501,PM2.5,12565
39.500000,47.830002,12.880000,4.860000,0.290000,78.330002,-2.310000,3.120000,299.140015,69.459999,89742.726562,32.0,107.65,55.625000,PM2.5,12566
37.139999,46.189999,11.930000,4.530000,0.270000,75.709999,-2.120000,3.030000,299.089996,69.830002,89851.789062,32.0,107.81,52.674999,PM2.5,12567
34.610001,46.230000,10.660000,4.060000,0.260000,72.269997,-2.310000,2.580000,299.579987,67.709999,90262.359375,31.99,107.97,49.442860,PM2.5,12568
33.630001,49.459999,9.830000,3.880000,0.250000,67.529999,-1.790000,3.060000,298.980011,68.190002,89109.828125,31.99,108.13,49.459999,PM10,12569
8.460000,8.670000,0.340000,1.000000,0.100000,80.919998,1.460000,5.450000,280.220001,76.440002,57263.761719,31.99,98.5,12.085714,PM2.5,12759
8.570000,8.780000,0.350000,1.010000,0.100000,80.739998,2.460000,5.380000,278.750000,81.339996,55914.109375,32.0,98.66,12.242857,PM2.5,12760
8.740000,8.920000,0.370000,1.000000,0.100000,82.620003,4.030000,4.290000,277.750000,82.129997,54741.941406,32.01,98.82,12.485714,PM2.5,12761
8.670000,8.850000,0.410000,1.080000,0.110000,79.279999,3.180000,2.810000,279.820007,75.980003,56504.949219,32.02,98.98,12.385715,PM2.5,12762
9.050000,9.260000,0.450000,1.120000,0.110000,73.629997,1.350000,2.440000,282.220001,73.900002,59928.660156,32.03,99.14,12.928572,PM2.5,12763
9.650000,9.890000,0.500000,1.130000,0.110000,71.370003,1.260000,2.470000,282.950012,74.660004,61407.519531,32.03,99.3,13.785714,PM2.5,12764
10.190000,10.460000,0.560000,1.230000,0.110000,70.260002,0.820000,2.160000,283.480011,74.919998,62212.160156,32.04,99.46,14.557142,PM2.5,12765
10.640000,10.910000,0.610000,1.290000,0.120000,69.629997,0.340000,2.480000,283.600006,74.019997,62092.511719,32.05,99.62,15.200001,PM2.5,12766
11.250000,11.540000,0.680000,1.360000,0.120000,69.930000,1.040000,3.510000,283.010010,75.190002,61178.480469,32.05,99.78,16.071428,PM2.5,12767
11.720000,12.030000,0.750000,1.370000,0.120000,68.769997,1.020000,3.090000,283.260010,75.199997,61570.660156,32.06,99.94,16.742857,PM2.5,12768
12.790000,13.130000,0.860000,1.440000,0.120000,67.970001,0.300000,2.340000,283.200012,77.269997,62240.031250,32.07,100.1,18.271429,PM2.5,12769
14.470000,14.860000,1.080000,1.550000,0.130000,67.199997,0.180000,3.180000,283.209991,77.809998,62173.441406,32.07,100.26,20.671429,PM2.5,12770
15.720000,16.150000,1.280000,1.490000,0.130000,67.940002,-0.220000,3.730000,282.890015,79.349998,61773.480469,32.08,100.42,22.457144,PM2.5,12771
16.910000,17.379999,1.460000,1.260000,0.130000,69.150002,-0.100000,3.890000,281.630005,83.820000,60652.378906,32.09,100.58,24.157143,PM2.5,12772
18.660000,19.190001,1.720000,1.300000,0.140000,69.519997,1.350000,4.250000,280.700012,86.489998,59677.929688,32.09,100.74,26.657143,PM2.5,12773
20.270000,20.870001,1.980000,1.390000,0.140000,68.500000,2.110000,4.600000,281.779999,83.540001,60877.921875,32.1,100.9,28.957144,PM2.5,12774
22.030001,22.709999,2.340000,1.320000,0.150000,69.680000,1.610000,4.750000,282.720001,80.839996,62062.140625,32.1,101.06,31.471430,PM2.5,12775
25.430000,26.250000,2.990000,1.180000,0.160000,69.779999,1.100000,5.020000,282.739990,80.489998,61843.839844,32.11,101.22,36.328571,PM2.5,12776
28.559999,29.540001,3.670000,1.160000,0.170000,69.480003,0.530000,4.690000,283.500000,77.750000,62335.179688,32.11,101.38,40.799999,PM2.5,12777
32.950001,34.169998,4.830000,1.330000,0.190000,72.010002,-0.200000,4.930000,283.970001,77.739998,63166.171875,32.12,101.55,47.071430,PM2.5,12778
38.500000,41.000000,6.860000,1.410000,0.210000,77.849998,-0.410000,4.990000,284.049988,79.180000,63757.218750,32.12,101.71,54.375000,PM2.5,12779
43.500000,46.810001,8.580000,1.440000,0.230000,79.730003,-0.760000,4.280000,286.040009,73.809998,66244.070312,32.12,101.87,60.625000,PM2.5,12780
44.630001,48.590000,9.490000,1.610000,0.240000,82.209999,-1.170000,2.840000,288.359985,64.599998,68697.539062,32.13,102.03,62.037502,PM2.5,12781
45.470001,50.029999,9.400000,1.540000,0.250000,83.879997,-1.560000,4.530000,286.100006,68.730003,65800.570312,32.13,102.19,63.087502,PM2.5,12782
47.770000,52.910000,9.390000,1.460000,0.260000,85.959999,-1.400000,5.450000,282.489990,80.459999,62135.781250,32.14,102.35,65.962502,PM2.5,12783
49.209999,55.250000,9.210000,1.570000,0.280000,87.580002,-1.050000,4.170000,281.640015,86.459999,62095.570312,32.14,102.51,67.762497,PM2.5,12784
50.250000,57.310001,9.390000,1.800000,0.290000,87.139999,-1.280000,2.180000,282.019989,88.080002,63260.730469,32.14,102.67,69.062500,PM2.5,12785
50.090000,58.279999,9.590000,1.910000,0.300000,87.550003,-1.230000,1.130000,283.019989,87.239998,64469.148438,32.14,102.83,68.862503,PM2.5,12786
50.110001,59.209999,10.170000,2.180000,0.320000,90.220001,-1.270000,0.780000,285.609985,80.800003,67698.070312,32.15,102.99,68.887497,PM2.5,12787
51.349998,61.470001,10.990000,2.250000,0.350000,94.980003,-1.890000,1.460000,288.279999,73.500000,71375.906250,32.15,103.15,70.437500,PM2.5,12788
54.209999,64.959999,11.140000,1.970000,0.370000,96.459999,-2.300000,3.350000,286.010010,82.059998,68586.750000,32.15,103.31,74.012497,PM2.5,12789
58.040001,69.209999,11.290000,2.100000,0.390000,94.650002,-1.140000,3.980000,282.790009,94.610001,64957.230469,32.15,103.47,78.800003,PM2.5,12790
60.480000,72.489998,11.550000,2.390000,0.430000,91.669998,-0.100000,3.130000,283.209991,97.430000,66140.203125,32.16,103.63,81.849998,PM2.5,12791
60.919998,73.660004,11.630000,2.530000,0.480000,90.620003,0.290000,1.670000,284.670013,96.290001,68462.718750,32.16,103.79,82.399994,PM2.5,12792
59.560001,72.550003,11.720000,2.840000,0.520000,92.250000,0.930000,1.360000,287.859985,90.160004,73376.710938,32.16,103.96,80.700005,PM2.5,12793
59.430000,72.750000,11.600000,3.690000,0.570000,93.070000,1.140000,2.120000,290.549988,87.199997,77975.296875,32.16,104.12,80.537498,PM2.5,12794
60.400002,73.839996,12.180000,4.050000,0.600000,95.599998,1.540000,2.930000,291.209991,90.629997,79251.648438,32.16,104.28,81.750000,PM2.5,12795
59.169998,72.879997,12.560000,4.880000,0.630000,93.589996,1.320000,2.900000,293.809998,84.129997,82631.968750,32.16,104.44,80.212494,PM2.5,12796
58.480000,72.669998,13.460000,6.510000,0.640000,91.690002,0.230000,1.670000,296.299988,77.480003,86304.203125,32.16,104.6,79.349998,PM2.5,12797
59.799999,74.089996,14.250000,8.300000,0.660000,87.180000,-0.800000,1.010000,296.019989,80.970001,86221.101562,32.16,104.76,81.000000,PM2.5,12798
60.279999,74.580002,15.450000,9.910000,0.670000,85.029999,-1.340000,1.910000,295.679993,82.209999,85272.101562,32.16,104.92,81.599998,PM2.5,12799
58.029999,72.290001,15.240000,10.400000,0.670000,83.459999,-0.800000,1.390000,296.989990,77.980003,87042.781250,32.16,105.08,78.787498,PM2.5,12800
53.980000,68.330002,15.310000,10.240000,0.660000,82.830002,-0.540000,0.490000,299.320007,70.750000,90125.992188,32.16,105.24,73.724998,PM2.5,12801
51.549999,65.589996,15.360000,9.750000,0.640000,82.839996,-1.160000,0.060000,300.269989,69.680000,91667.359375,32.16,105.4,70.687500,PM2.5,12802
49.380001,63.330002,14.800000,9.250000,0.600000,81.120003,-1.690000,0.940000,300.750000,68.389999,92277.976562,32.16,105.56,67.974998,PM2.5,12803
47.080002,60.779999,14.610000,8.810000,0.580000,81.389999,-2.760000,2.100000,301.540009,64.739998,92688.617188,32.16,105.72,65.100006,PM2.5,12804
47.070000,60.410000,14.510000,8.170000,0.550000,82.059998,-3.990000,2.710000,300.739990,66.440002,91459.007812,32.16,105.88,65.087502,PM2.5,12805
47.560001,60.520000,14.650000,7.700000,0.530000,82.570000,-4.140000,2.090000,299.980011,68.809998,90787.289062,32.16,106.04,65.700005,PM2.5,12806
46.720001,59.209999,15.010000,7.440000,0.500000,83.230003,-3.630000,1.210000,300.600006,66.290001,91539.726562,32.16,106.21,64.650002,PM2.5,12807
47.349998,59.090000,15.210000,7.010000,0.450000,84.400002,-2.900000,0.730000,300.630005,65.519997,91517.468750,32.16,106.37,65.437500,PM2.5,12808
47.730000,58.330002,14.830000,6.380000,0.420000,85.160004,-2.370000,1.160000,300.980011,64.500000,91923.726562,32.15,106.53,65.912498,PM2.5,12809
47.070000,56.119999,14.120000,5.690000,0.390000,85.019997,-2.850000,2.170000,301.359985,62.799999,91968.718750,32.15,106.69,65.087502,PM2.5,12810
47.000000,54.520000,13.310000,4.880000,0.310000,85.199997,-3.470000,2.530000,299.880005,66.730003,90230.976562,32.15,106.85,65.000000,PM2.5,12811
46.029999,52.209999,12.630000,4.000000,0.300000,85.360001,-2.930000,1.300000,299.059998,69.580002,89778.890625,32.15,107.01,63.787498,PM2.5,12812
42.939999,48.990002,12.370000,3.750000,0.290000,85.089996,-2.460000,0.230000,300.440002,65.779999,91721.679688,32.14,107.17,59.924999,PM2.5,12813
40.980000,47.549999,12.360000,3.930000,0.280000,83.379997,-2.280000,0.630000,300.980011,64.190002,92272.343750,32.14,107.33,57.474998,PM2.5,12814
40.279999,47.779999,12.340000,4.030000,0.280000,81.050003,-1.890000,1.340000,299.839996,67.540001,90702.812500,32.14,107.49,56.599998,PM2.5,12815
39.250000,47.169998,12.130000,4.130000,0.280000,79.279999,-1.530000,2.160000,298.970001,71.040001,89773.882812,32.14,107.65,55.312500,PM2.5,12816
36.730000,46.880001,11.570000,4.120000,0.260000,75.309998,-1.610000,2.670000,299.220001,70.010002,90028.117188,32.13,107.81,52.162498,PM2.5,12817
35.220001,49.680000,11.110000,4.030000,0.250000,71.019997,-1.600000,3.340000,298.540009,70.820000,88665.250000,32.13,107.97,50.275002,PM2.5,12818
35.189999,55.599998,10.590000,4.090000,0.250000,64.940002,-0.640000,3.950000,297.010010,74.940002,86630.523438,32.12,108.13,52.799999,PM10,12819
33.959999,58.369999,8.510000,3.110000,0.240000,61.830002,-0.550000,3.680000,297.459991,72.970001,87241.023438,32.12,108.29,54.184998,PM10,12820
8.010000,8.210000,0.320000,0.860000,0.100000,81.360001,2.330000,3.730000,282.980011,66.279999,59533.410156,32.12,98.33,11.442858,PM2.5,13008
8.180000,8.390000,0.340000,0.930000,0.100000,81.040001,1.940000,3.750000,282.149994,69.070000,58869.140625,32.13,98.49,11.685715,PM2.5,13009
8.240000,8.450000,0.350000,1.010000,0.100000,79.900002,2.860000,3.990000,281.309998,72.010002,58034.011719,32.14,98.65,11.771428,PM2.5,13010
8.250000,8.450000,0.360000,1.070000,0.100000,80.230003,3.490000,3.320000,281.220001,70.510002,57753.050781,32.15,98.81,11.785714,PM2.5,13011
8.510000,8.710000,0.390000,1.120000,0.110000,77.320000,2.300000,2.080000,280.820007,73.650002,57526.050781,32.15,98.97,12.157144,PM2.5,13012
9.140000,9.350000,0.430000,1.110000,0.110000,72.820000,0.470000,1.980000,281.149994,78.730003,59012.140625,32.16,99.13,13.057143,PM2.5,13013
9.770000,10.010000,0.520000,1.170000,0.110000,71.589996,0.220000,1.430000,282.309998,78.459999,61399.671875,32.17,99.29,13.957144,PM2.5,13014
10.140000,10.400000,0.550000,1.240000,0.110000,69.389999,-0.030000,1.490000,283.000000,77.489998,62605.050781,32.18,99.45,14.485715,PM2.5,13015
10.540000,10.800000,0.580000,1.280000,0.120000,67.980003,0.070000,2.390000,282.589996,78.480003,61838.218750,32.18,99.61,15.057143,PM2.5,13016
10.960000,11.240000,0.630000,1.300000,0.120000,67.400002,0.800000,2.610000,282.290009,79.339996,61402.558594,32.19,99.77,15.657143,PM2.5,13017
11.370000,11.670000,0.700000,1.330000,0.120000,67.690002,0.430000,1.770000,282.679993,79.290001,61924.359375,32.2,99.93,16.242857,PM2.5,13018
12.250000,12.560000,0.810000,1.430000,0.120000,68.410004,-0.400000,1.570000,282.970001,79.519997,62266.750000,32.2,100.09,17.500000,PM2.5,13019
13.410000,13.760000,0.960000,1.550000,0.130000,67.970001,-0.600000,1.860000,283.040009,79.910004,62370.320312,32.21,100.25,19.157143,PM2.5,13020
14.600000,14.990000,1.110000,1.530000,0.130000,67.720001,-0.240000,2.510000,282.529999,81.500000,61719.148438,32.22,100.41,20.857143,PM2.5,13021
15.830000,16.260000,1.290000,1.190000,0.130000,68.580002,1.160000,4.170000,281.320007,84.269997,60218.699219,32.22,100.58,22.614286,PM2.5,13022
17.299999,17.790001,1.520000,1.180000,0.130000,69.470001,2.500000,5.130000,281.239990,83.349998,59847.851562,32.23,100.74,24.714285,PM2.5,13023
18.730000,19.270000,1.760000,1.270000,0.140000,67.989998,2.230000,4.850000,282.649994,79.080002,61161.820312,32.23,100.9,26.757143,PM2.5,13024
20.049999,20.650000,2.010000,1.280000,0.140000,67.760002,1.300000,4.420000,283.869995,76.370003,62847.000000,32.24,101.06,28.642857,PM2.5,13025
22.920000,23.639999,2.540000,1.210000,0.150000,67.870003,0.700000,3.930000,283.880005,76.930000,63152.300781,32.24,101.22,32.742859,PM2.5,13026
26.680000,27.559999,3.300000,1.170000,0.160000,68.400002,0.370000,3.500000,283.549988,78.790001,63013.148438,32.25,101.38,38.114285,PM2.5,13027
32.130001,33.290001,4.650000,1.340000,0.180000,70.970001,-0.460000,3.940000,284.140015,77.870003,63722.281250,32.25,101.54,45.900002,PM2.5,13028
38.490002,40.770000,6.700000,1.380000,0.210000,76.940002,-1.480000,4.250000,284.119995,80.180000,64186.339844,32.26,101.7,54.362503,PM2.5,13029
43.830002,46.810001,8.430000,1.450000,0.230000,80.290001,-1.610000,3.210000,284.829987,79.519997,65604.992188,32.26,101.86,61.037502,PM2.5,13030
45.380001,48.950001,9.440000,1.640000,0.240000,83.959999,-0.720000,2.820000,285.959991,73.489998,66697.140625,32.26,102.02,62.975002,PM2.5,13031
46.580002,50.799999,9.730000,1.560000,0.250000,83.309998,-0.190000,4.810000,285.339996,72.470001,65357.851562,32.27,102.18,64.475006,PM2.5,13032
47.540001,52.259998,10.070000,1.470000,0.260000,85.110001,-1.190000,5.280000,284.609985,73.589996,64264.199219,32.27,102.34,65.675003,PM2.5,13033
48.110001,53.700001,10.230000,1.490000,0.260000,88.300003,-2.500000,4.380000,282.790009,82.570000,63210.261719,32.27,102.51,66.387497,PM2.5,13034
48.450001,54.750000,10.710000,1.520000,0.270000,93.199997,-2.360000,2.350000,281.290009,89.059998,62002.171875,32.28,102.67,66.812500,PM2.5,13035
48.060001,55.630001,10.630000,1.600000,0.280000,91.769997,-1.120000,1.860000,281.019989,91.980003,61880.128906,32.28,102.83,66.325005,PM2.5,13036
48.389999,56.820000,11.120000,1.830000,0.300000,92.580002,-0.840000,1.610000,283.290009,88.879997,64961.289062,32.28,102.99,66.737503,PM2.5,13037
49.869999,59.509998,12.000000,2.030000,0.330000,94.570000,-0.980000,1.430000,287.230011,77.919998,70245.023438,32.29,103.15,68.587502,PM2.5,13038
51.790001,62.180000,12.140000,1.840000,0.350000,93.820000,-1.320000,2.760000,286.739990,79.029999,69314.382812,32.29,103.31,70.987503,PM2.5,13039
55.180000,66.190002,12.460000,1.990000,0.380000,92.389999,-1.820000,3.690000,284.149994,89.190002,66546.203125,32.29,103.47,75.224998,PM2.5,13040
57.970001,69.320000,12.710000,2.010000,0.400000,92.339996,-1.410000,2.470000,283.019989,96.839996,66168.859375,32.29,103.63,78.712502,PM2.5,13041
58.910000,70.699997,12.700000,2.040000,0.440000,92.370003,0.470000,1.810000,282.970001,97.699997,65796.070312,32.29,103.79,79.887497,PM2.5,13042
59.180000,71.650002,12.650000,2.370000,0.490000,91.360001,2.310000,2.560000,285.130005,93.970001,68746.906250,32.29,103.95,80.224998,PM2.5,13043
58.959999,71.680000,12.780000,3.150000,0.550000,93.290001,2.230000,3.240000,288.579987,88.230003,74049.820312,32.3,104.11,79.949997,PM2.5,13044
58.869999,71.709999,12.990000,3.630000,0.590000,95.330002,1.290000,3.550000,291.359985,84.379997,78439.609375,32.3,104.28,79.837502,PM2.5,13045
59.410000,72.599998,13.030000,4.500000,0.620000,95.330002,0.480000,2.920000,293.309998,84.360001,82037.023438,32.3,104.44,80.512497,PM2.5,13046
59.259998,72.769997,13.630000,5.830000,0.630000,94.239998,0.460000,1.140000,295.429993,79.739998,85378.953125,32.3,104.6,80.324997,PM2.5,13047
59.310001,72.769997,14.110000,6.820000,0.640000,92.120003,0.470000,0.310000,296.420013,78.419998,86846.343750,32.3,104.76,80.387505,PM2.5,13048
60.730000,74.190002,15.030000,7.980000,0.650000,88.709999,-0.060000,2.020000,295.359985,83.239998,85265.171875,32.3,104.92,82.162498,PM2.5,13049
60.169998,73.510002,15.510000,9.320000,0.650000,86.230003,-0.280000,3.180000,295.649994,81.989998,85148.203125,32.3,105.08,81.462494,PM2.5,13050
56.419998,69.419998,15.790000,9.170000,0.640000,85.970001,-0.420000,2.260000,297.839996,75.459999,88236.218750,32.3,105.24,76.774994,PM2.5,13051
53.000000,65.660004,15.860000,8.830000,0.610000,85.290001,-0.700000,1.090000,299.269989,72.190002,90460.906250,32.3,105.4,72.500000,PM2.5,13052
49.799999,62.310001,16.230000,8.990000,0.590000,85.129997,-0.910000,1.290000,300.329987,68.889999,91600.531250,32.3,105.56,68.500000,PM2.5,13053
46.680000,59.029999,16.170000,8.970000,0.570000,83.629997,-1.950000,2.280000,301.369995,65.300003,92578.867188,32.3,105.72,64.599998,PM2.5,13054
45.430000,56.900002,15.790000,7.810000,0.530000,85.470001,-3.660000,3.180000,301.390015,63.049999,91926.226562,32.3,105.89,63.037498,PM2.5,13055
45.900002,56.320000,15.080000,6.350000,0.490000,87.190002,-4.480000,2.650000,300.329987,65.190002,90541.976562,32.29,106.05,63.625000,PM2.5,13056
46.439999,56.279999,15.020000,5.900000,0.450000,87.760002,-4.080000,1.580000,299.700012,66.820000,89952.867188,32.29,106.21,64.299995,PM2.5,13057
47.759998,56.810001,15.050000,5.630000,0.410000,88.309998,-3.170000,0.690000,299.179993,69.040001,89747.546875,32.29,106.37,65.949997,PM2.5,13058
47.709999,56.070000,14.370000,5.170000,0.380000,89.010002,-2.280000,0.080000,299.950012,66.779999,90798.968750,32.29,106.53,65.887497,PM2.5,13059
46.500000,53.680000,13.360000,4.510000,0.350000,88.910004,-1.910000,0.400000,301.179993,63.080002,92222.476562,32.29,106.69,64.375000,PM2.5,13060
46.459999,52.889999,12.580000,4.070000,0.300000,87.680000,-2.460000,2.000000,299.970001,66.300003,90374.257812,32.29,106.85,64.324997,PM2.5,13061
45.930000,51.360001,12.080000,3.330000,0.280000,87.570000,-2.960000,2.180000,298.609985,70.559998,88929.687500,32.28,107.01,63.662498,PM2.5,13062
43.250000,48.740002,11.720000,2.870000,0.270000,88.199997,-2.730000,1.030000,299.209991,68.760002,89878.562500,32.28,107.17,60.312500,PM2.5,13063
42.220001,48.349998,11.400000,2.880000,0.270000,86.070000,-2.160000,0.610000,299.279999,67.900002,89898.523438,32.28,107.33,59.025002,PM2.5,13064
41.380001,48.400002,11.260000,2.890000,0.270000,84.430000,-1.230000,0.060000,299.149994,69.400002,90157.460938,32.27,107.49,57.975002,PM2.5,13065
40.040001,48.459999,11.470000,3.240000,0.260000,82.239998,-0.620000,0.280000,299.500000,68.940002,90844.289062,32.27,107.66,56.300003,PM2.5,13066
33.869999,66.050003,7.850000,2.770000,0.240000,58.730000,-0.310000,4.270000,297.179993,74.019997,86817.273438,32.25,108.46,58.025002,PM10,13071
8.250000,8.460000,0.320000,0.900000,0.100000,79.010002,1.030000,1.610000,281.790009,73.459999,59056.718750,32.26,98.32,11.785714,PM2.5,13259
8.520000,8.730000,0.340000,1.010000,0.100000,78.269997,2.140000,2.280000,280.429993,77.040001,57823.238281,32.27,98.48,12.171430,PM2.5,13260
8.380000,8.590000,0.350000,1.100000,0.100000,77.849998,2.610000,1.790000,281.089996,74.080002,58516.839844,32.27,98.64,11.971429,PM2.5,13261
8.400000,8.610000,0.370000,1.190000,0.100000,77.389999,2.240000,1.210000,281.480011,73.360001,59067.121094,32.28,98.8,11.999999,PM2.5,13262
8.580000,8.790000,0.400000,1.170000,0.110000,74.919998,1.270000,1.220000,282.239990,73.290001,60112.929688,32.29,98.96,12.257143,PM2.5,13263
9.170000,9.400000,0.440000,1.120000,0.110000,71.940002,-0.770000,1.800000,282.380005,76.559998,60977.679688,32.3,99.12,13.100000,PM2.5,13264
9.830000,10.080000,0.500000,1.080000,0.110000,71.550003,-1.810000,1.600000,281.959991,81.430000,61434.570312,32.31,99.28,14.042857,PM2.5,13265
9.970000,10.220000,0.520000,1.090000,0.110000,70.220001,-1.360000,1.530000,282.140015,81.970001,61599.449219,32.31,99.44,14.242858,PM2.5,13266
10.270000,10.530000,0.550000,1.170000,0.110000,69.629997,-0.360000,2.010000,281.910004,82.180000,61226.449219,32.32,99.6,14.671430,PM2.5,13267
10.640000,10.910000,0.600000,1.190000,0.110000,69.580002,0.250000,2.130000,281.790009,82.570000,60985.070312,32.33,99.76,15.200001,PM2.5,13268
11.050000,11.340000,0.680000,1.170000,0.120000,70.290001,-0.060000,1.720000,282.269989,82.000000,61297.011719,32.33,99.92,15.785714,PM2.5,13269
11.640000,11.950000,0.770000,1.180000,0.120000,71.260002,-0.600000,1.400000,282.709991,81.029999,61835.121094,32.34,100.09,16.628572,PM2.5,13270
12.390000,12.710000,0.880000,1.330000,0.120000,70.510002,-0.420000,1.650000,282.250000,82.610001,61373.230469,32.35,100.25,17.700001,PM2.5,13271
13.600000,13.960000,1.010000,1.370000,0.120000,68.970001,1.090000,2.840000,281.100006,85.760002,60138.960938,32.35,100.41,19.428572,PM2.5,13272
14.630000,15.030000,1.130000,1.100000,0.130000,68.879997,2.850000,4.200000,281.420013,83.599998,60259.011719,32.36,100.57,20.900000,PM2.5,13273
15.570000,16.010000,1.300000,1.200000,0.130000,68.309998,2.680000,3.760000,282.970001,78.160004,61650.140625,32.36,100.73,22.242857,PM2.5,13274
16.219999,16.680000,1.400000,1.380000,0.130000,66.959999,1.140000,2.600000,284.160004,74.870003,63065.679688,32.37,100.89,23.171427,PM2.5,13275
17.639999,18.160000,1.620000,1.410000,0.140000,67.300003,0.030000,2.650000,284.540009,74.830002,64106.769531,32.37,101.05,25.199999,PM2.5,13276
20.870001,21.490000,2.140000,1.290000,0.150000,67.629997,0.080000,3.160000,283.140015,80.059998,62913.761719,32.38,101.21,29.814287,PM2.5,13277
24.690001,25.469999,2.900000,1.220000,0.160000,67.930000,0.640000,3.250000,282.890015,81.660004,62663.878906,32.38,101.37,35.271431,PM2.5,13278
30.610001,31.690001,4.380000,1.270000,0.180000,70.459999,-0.340000,3.230000,284.459991,77.599998,64396.730469,32.39,101.53,43.728573,PM2.5,13279
38.250000,40.400002,6.530000,1.320000,0.210000,76.050003,-1.750000,4.490000,284.019989,80.879997,64148.308594,32.39,101.7,54.062500,PM2.5,13280
43.680000,46.439999,8.180000,1.390000,0.230000,79.750000,-1.430000,4.780000,283.660004,83.139999,64195.878906,32.4,101.86,60.849998,PM2.5,13281
45.790001,49.130001,9.190000,1.580000,0.240000,82.800003,-0.380000,4.660000,284.260010,79.779999,64898.878906,32.4,102.02,63.487503,PM2.5,13282
47.139999,51.110001,9.820000,1.570000,0.250000,82.550003,-0.270000,4.790000,284.700012,75.930000,64995.171875,32.4,102.18,65.175003,PM2.5,13283
46.939999,51.320000,10.300000,1.470000,0.250000,84.949997,-1.610000,4.390000,285.190002,72.769997,65289.628906,32.41,102.34,64.924995,PM2.5,13284
46.849998,52.169998,10.650000,1.420000,0.260000,87.470001,-2.830000,4.710000,283.589996,77.989998,63742.601562,32.41,102.5,64.812500,PM2.5,13285
47.680000,53.840000,11.070000,1.390000,0.260000,90.430000,-2.240000,4.400000,280.829987,87.480003,60935.621094,32.41,102.66,65.849998,PM2.5,13286
48.209999,55.310001,11.310000,1.500000,0.270000,90.500000,-0.600000,4.350000,279.850006,92.570000,60034.179688,32.42,102.82,66.512497,PM2.5,13287
48.619999,56.389999,11.990000,1.640000,0.290000,92.709999,-0.490000,3.970000,281.869995,90.919998,62841.539062,32.42,102.98,67.025002,PM2.5,13288
48.450001,57.160000,12.090000,1.510000,0.310000,92.970001,-1.050000,2.410000,284.679993,87.339996,67052.859375,32.42,103.15,66.812500,PM2.5,13289
50.830002,60.400002,12.440000,1.680000,0.340000,90.720001,-1.040000,1.580000,285.299988,86.220001,68017.070312,32.42,103.31,69.787506,PM2.5,13290
52.360001,62.570000,12.810000,1.880000,0.370000,90.300003,-1.670000,2.300000,284.910004,86.610001,67476.726562,32.43,103.47,71.699997,PM2.5,13291
55.160000,65.830002,13.280000,2.020000,0.400000,91.320000,-1.610000,3.110000,283.010010,92.419998,65448.390625,32.43,103.63,75.199997,PM2.5,13292
58.990002,70.470001,13.960000,1.910000,0.480000,92.199997,0.530000,3.270000,281.149994,97.230003,62916.640625,32.43,103.79,79.987503,PM2.5,13293
60.029999,72.349998,14.060000,2.260000,0.530000,89.309998,1.390000,3.360000,283.940002,93.699997,66445.398438,32.43,103.95,81.287498,PM2.5,13294
59.480000,71.919998,13.990000,2.960000,0.570000,91.190002,-0.170000,1.840000,288.880005,86.190002,74375.320312,32.43,104.11,80.599998,PM2.5,13295
60.540001,73.110001,14.530000,3.390000,0.600000,100.860001,-1.290000,0.990000,292.000000,82.599998,79980.843750,32.43,104.27,81.925003,PM2.5,13296
61.270000,74.089996,14.870000,4.130000,0.620000,99.550003,-0.980000,0.970000,293.250000,85.129997,82497.671875,32.43,104.44,82.837502,PM2.5,13297
61.250000,74.360001,15.570000,5.810000,0.620000,98.269997,0.310000,0.600000,294.250000,83.830002,83999.093750,32.43,104.6,82.812500,PM2.5,13298
60.470001,73.239998,15.340000,5.970000,0.620000,96.639999,1.550000,0.790000,294.829987,83.040001,84695.781250,32.43,104.76,81.837502,PM2.5,13299
60.040001,72.790001,15.400000,6.570000,0.630000,91.169998,1.940000,2.310000,295.070007,83.029999,84822.796875,32.44,104.92,81.300003,PM2.5,13300
58.770000,71.320000,15.790000,7.840000,0.620000,87.129997,1.030000,3.140000,296.600006,78.440002,86502.023438,32.44,105.08,79.712502,PM2.5,13301
56.849998,68.860001,16.350000,7.740000,0.610000,87.830002,0.000000,2.730000,298.040009,74.879997,88602.937500,32.43,105.24,77.312500,PM2.5,13302
54.959999,66.000000,16.959999,7.040000,0.580000,91.209999,-0.220000,1.870000,298.690002,73.489998,89577.093750,32.43,105.4,74.949997,PM2.5,13303
51.029999,62.560001,17.690001,8.340000,0.580000,89.959999,-0.320000,1.550000,300.010010,69.349998,91090.546875,32.43,105.56,70.037498,PM2.5,13304
46.369999,57.759998,18.190001,9.290000,0.560000,86.389999,-1.050000,2.100000,301.350006,65.099998,92696.039062,32.43,105.73,64.212502,PM2.5,13305
44.349998,54.549999,17.340000,7.790000,0.520000,88.160004,-2.480000,3.340000,301.730011,61.799999,92193.093750,32.43,105.89,61.687500,PM2.5,13306
45.470001,53.709999,15.470000,5.150000,0.440000,91.870003,-3.670000,3.270000,299.549988,66.269997,89107.773438,32.43,106.05,63.087502,PM2.5,13307
48.139999,56.099998,14.510000,4.650000,0.400000,90.169998,-3.690000,2.970000,297.510010,72.190002,86930.476562,32.43,106.21,66.425003,PM2.5,13308
48.459999,55.360001,14.260000,4.290000,0.360000,91.629997,-3.070000,2.040000,297.529999,72.980003,87407.296875,32.43,106.37,66.824997,PM2.5,13309
48.279999,54.669998,13.460000,4.070000,0.340000,91.599998,-2.430000,1.000000,297.820007,72.849998,88024.023438,32.43,106.53,66.599998,PM2.5,13310
47.430000,53.009998,12.880000,3.800000,0.310000,92.269997,-1.700000,0.240000,298.829987,69.019997,89196.929688,32.42,106.69,65.537498,PM2.5,13311
46.200001,51.680000,12.100000,3.470000,0.280000,91.279999,-1.730000,0.630000,299.459991,67.720001,90178.226562,32.42,106.85,64.000000,PM2.5,13312
44.810001,49.520000,11.620000,2.850000,0.270000,90.410004,-2.410000,1.640000,298.880005,69.440002,89355.929688,32.42,107.02,62.262501,PM2.5,13313
42.980000,48.139999,11.280000,2.420000,0.260000,89.860001,-2.460000,1.760000,298.070007,71.760002,88135.906250,32.42,107.18,59.974998,PM2.5,13314
43.299999,49.150002,10.920000,2.330000,0.260000,87.629997,-1.760000,1.740000,297.239990,73.570000,87125.796875,32.41,107.34,60.375000,PM2.5,13315
7.820000,8.020000,0.300000,0.960000,0.100000,79.099998,-0.400000,0.840000,283.679993,69.010002,60943.300781,32.38,98.15,11.171429,PM2.5,13510
8.430000,8.650000,0.330000,1.060000,0.100000,77.830002,0.900000,2.520000,280.250000,79.080002,57695.289062,32.39,98.31,12.042857,PM2.5,13511
8.580000,8.800000,0.340000,1.130000,0.100000,77.800003,2.280000,3.030000,279.600006,80.000000,57082.679688,32.4,98.47,12.257143,PM2.5,13512
8.530000,8.750000,0.350000,1.170000,0.100000,77.410004,1.960000,1.460000,280.040009,78.669998,57769.800781,32.41,98.63,12.185714,PM2.5,13513
8.630000,8.840000,0.370000,1.160000,0.100000,77.830002,2.080000,0.800000,280.140015,79.389999,58000.109375,32.42,98.79,12.328571,PM2.5,13514
8.640000,8.860000,0.390000,1.120000,0.110000,74.959999,1.520000,0.900000,281.820007,76.870003,60279.300781,32.43,98.95,12.342857,PM2.5,13515
9.120000,9.350000,0.440000,1.110000,0.110000,72.190002,-0.700000,1.590000,282.600006,77.360001,61643.589844,32.43,99.11,13.028571,PM2.5,13516
9.560000,9.800000,0.470000,0.950000,0.110000,72.260002,-1.940000,2.120000,281.929993,81.489998,60814.210938,32.44,99.27,13.657144,PM2.5,13517
9.850000,10.100000,0.490000,0.920000,0.110000,71.379997,-1.160000,2.520000,280.970001,85.809998,59935.820312,32.45,99.43,14.071429,PM2.5,13518
10.250000,10.500000,0.530000,1.060000,0.110000,70.849998,0.250000,2.950000,280.679993,86.839996,59525.980469,32.46,99.6,14.642858,PM2.5,13519
10.550000,10.810000,0.580000,1.100000,0.110000,70.519997,0.630000,3.140000,281.029999,85.250000,59806.460938,32.46,99.76,15.071429,PM2.5,13520
10.870000,11.150000,0.650000,1.100000,0.110000,71.110001,0.040000,2.850000,281.329987,84.510002,60175.691406,32.47,99.92,15.528571,PM2.5,13521
11.330000,11.620000,0.700000,1.080000,0.120000,71.209999,-0.010000,2.620000,280.869995,86.180000,59743.839844,32.48,100.08,16.185715,PM2.5,13522
11.870000,12.180000,0.800000,1.190000,0.120000,71.080002,1.190000,3.230000,280.230011,87.669998,59127.839844,32.48,100.24,16.957142,PM2.5,13523
12.710000,13.050000,0.900000,1.260000,0.120000,69.980003,2.830000,4.130000,280.579987,85.160004,59233.949219,32.49,100.4,18.157143,PM2.5,13524
13.320000,13.680000,0.990000,1.140000,0.120000,69.400002,2.600000,3.300000,282.230011,80.739998,60984.609375,32.49,100.56,19.028570,PM2.5,13525
14.300000,14.690000,1.110000,1.200000,0.130000,67.959999,1.180000,2.090000,283.239990,79.580002,62311.800781,32.5,100.72,20.428572,PM2.5,13526
15.500000,15.940000,1.260000,1.280000,0.130000,67.599998,0.210000,1.350000,283.660004,79.870003,63168.171875,32.5,100.88,22.142857,PM2.5,13527
17.100000,17.590000,1.490000,1.370000,0.140000,67.820000,-0.560000,1.950000,284.079987,78.519997,64049.480469,32.51,101.05,24.428572,PM2.5,13528
19.990000,20.580000,1.950000,1.300000,0.140000,67.080002,-0.420000,3.050000,282.790009,81.889999,62675.558594,32.51,101.21,28.557142,PM2.5,13529
22.799999,23.500000,2.560000,1.280000,0.150000,67.639999,0.260000,2.610000,283.279999,81.269997,63361.750000,32.52,101.37,32.571426,PM2.5,13530
25.959999,26.830000,3.500000,1.380000,0.160000,70.220001,0.110000,2.200000,285.209991,76.070000,65653.789062,32.52,101.53,37.085712,PM2.5,13531
34.820000,36.630001,5.700000,1.380000,0.200000,73.839996,-0.690000,4.070000,284.820007,77.820000,65162.890625,32.53,101.69,49.742855,PM2.5,13532
42.340000,44.869999,7.750000,1.430000,0.230000,77.650002,-0.930000,5.260000,284.619995,78.529999,64877.808594,32.53,101.85,59.174999,PM2.5,13533
45.369999,48.490002,8.900000,1.590000,0.240000,80.800003,-0.860000,5.020000,284.700012,78.320000,65123.878906,32.54,102.01,62.962498,PM2.5,13534
47.090000,50.820000,9.620000,1.620000,0.250000,81.589996,-0.980000,4.250000,284.649994,77.389999,65273.601562,32.54,102.17,65.112503,PM2.5,13535
46.669998,50.750000,10.060000,1.550000,0.250000,84.290001,-1.380000,4.100000,285.160004,73.430000,65612.007812,32.54,102.34,64.587494,PM2.5,13536
46.060001,51.130001,10.370000,1.430000,0.250000,86.199997,-1.650000,5.210000,284.579987,72.940002,64365.269531,32.55,102.5,63.825001,PM2.5,13537
46.700001,52.610001,10.810000,1.340000,0.260000,88.489998,-1.320000,5.520000,282.619995,78.589996,62113.210938,32.55,102.66,64.625000,PM2.5,13538
47.720001,54.099998,11.100000,1.410000,0.270000,88.540001,-0.780000,4.990000,281.839996,83.510002,61618.480469,32.55,102.82,65.900002,PM2.5,13539
49.349998,56.230000,11.770000,1.560000,0.280000,89.720001,-1.130000,4.590000,282.730011,86.309998,63581.878906,32.56,102.98,67.937500,PM2.5,13540
50.490002,57.759998,12.120000,1.400000,0.300000,91.879997,-1.370000,3.390000,282.910004,93.059998,65006.921875,32.56,103.14,69.362503,PM2.5,13541
53.099998,61.119999,12.540000,1.560000,0.330000,89.820000,-0.950000,2.380000,282.779999,93.470001,65201.820312,32.56,103.3,72.625000,PM2.5,13542
53.720001,62.299999,12.890000,1.950000,0.360000,90.199997,-0.860000,1.740000,283.850006,89.589996,66666.117188,32.56,103.47,73.400002,PM2.5,13543
54.900002,64.099998,13.560000,2.150000,0.400000,90.610001,-1.050000,3.050000,283.890015,86.959999,66021.078125,32.56,103.63,74.875000,PM2.5,13544
60.689999,70.779999,14.760000,1.920000,0.490000,90.919998,-0.050000,3.530000,281.250000,96.580002,63027.691406,32.57,103.79,82.112495,PM2.5,13545
62.000000,72.790001,15.180000,2.180000,0.540000,88.849998,0.110000,2.490000,284.399994,91.599998,67248.453125,32.57,103.95,83.750000,PM2.5,13546
62.700001,73.699997,16.010000,2.630000,0.570000,95.410004,-1.060000,0.840000,289.000000,86.180000,75168.289062,32.57,104.11,84.625000,PM2.5,13547
62.730000,73.599998,16.420000,2.480000,0.590000,103.900002,-1.210000,0.330000,290.130005,89.629997,77643.632812,32.57,104.27,84.662498,PM2.5,13548
62.950001,73.629997,16.430000,2.840000,0.590000,100.339996,-0.190000,1.130000,290.079987,95.120003,78218.218750,32.57,104.43,84.937500,PM2.5,13549
63.770000,74.589996,16.360001,3.520000,0.580000,97.839996,1.760000,2.500000,290.239990,97.480003,78640.976562,32.57,104.6,85.962502,PM2.5,13550
62.680000,73.680000,16.809999,4.010000,0.590000,98.320000,2.980000,4.410000,291.750000,93.199997,80412.000000,32.57,104.76,84.599998,PM2.5,13551
59.950001,71.279999,16.809999,4.910000,0.600000,93.070000,2.450000,4.390000,294.730011,83.139999,83941.343750,32.57,104.92,81.187500,PM2.5,13552
58.459999,69.949997,17.170000,6.010000,0.600000,89.860001,0.850000,2.790000,297.100006,76.809998,87503.726562,32.57,105.08,79.324997,PM2.5,13553
57.799999,68.959999,17.809999,5.770000,0.580000,91.709999,0.020000,1.780000,298.119995,75.129997,89179.570312,32.57,105.24,78.500000,PM2.5,13554
56.130001,66.440002,18.290001,5.340000,0.560000,95.919998,0.030000,1.600000,298.779999,72.660004,89680.382812,32.57,105.4,76.412498,PM2.5,13555
53.299999,62.980000,17.950001,4.830000,0.530000,97.769997,-0.120000,1.400000,299.829987,69.550003,90994.226562,32.57,105.57,72.875000,PM2.5,13556
47.610001,57.040001,17.520000,5.830000,0.510000,94.089996,-0.260000,1.960000,300.700012,66.050003,91792.632812,32.57,105.73,65.762497,PM2.5,13557
44.869999,53.439999,16.809999,5.590000,0.470000,92.849998,-0.870000,3.540000,301.179993,62.060001,91295.273438,32.57,105.89,62.337498,PM2.5,13558
45.740002,52.830002,15.790000,4.410000,0.410000,94.599998,-2.190000,4.360000,298.970001,67.099998,88064.671875,32.57,106.05,63.425003,PM2.5,13559
48.770000,55.369999,14.660000,3.980000,0.370000,91.830002,-2.520000,5.200000,295.950012,76.839996,84759.171875,32.57,106.21,67.212502,PM2.5,13560
48.910000,54.290001,14.600000,3.520000,0.320000,95.239998,-2.350000,4.230000,296.010010,77.339996,85149.570312,32.56,106.37,67.387497,PM2.5,13561
49.230000,54.169998,13.730000,3.370000,0.310000,94.320000,-2.020000,3.140000,295.660004,79.010002,84971.562500,32.56,106.53,67.787498,PM2.5,13562
48.970001,52.939999,12.930000,3.210000,0.290000,93.459999,-1.160000,2.640000,295.369995,79.900002,84787.406250,32.56,106.7,67.462502,PM2.5,13563
47.660000,50.490002,12.510000,3.000000,0.270000,93.709999,-1.070000,2.110000,297.130005,74.570000,87148.953125,32.56,106.86,65.824997,PM2.5,13564
45.889999,48.570000,11.870000,2.510000,0.260000,92.589996,-1.350000,2.640000,297.049988,75.059998,86928.109375,32.56,107.02,63.612499,PM2.5,13565
7.490000,7.700000,0.290000,0.900000,0.100000,82.769997,-0.820000,-0.630000,285.059998,63.650002,62135.851562,32.51,97.98,10.700000,PM2.5,13763
7.910000,8.120000,0.290000,0.980000,0.100000,80.410004,1.070000,1.470000,281.290009,75.379997,58610.480469,32.52,98.14,11.300000,PM2.5,13764
8.270000,8.480000,0.320000,1.080000,0.100000,78.610001,2.890000,3.730000,280.609985,76.839996,57915.558594,32.53,98.3,11.814286,PM2.5,13765
8.120000,8.340000,0.330000,1.120000,0.100000,77.790001,2.060000,3.540000,282.049988,71.300003,59164.039062,32.54,98.46,11.599999,PM2.5,13766
8.410000,8.630000,0.340000,1.050000,0.100000,77.279999,1.030000,2.640000,280.619995,77.540001,58290.460938,32.55,98.62,12.014285,PM2.5,13767
8.720000,8.930000,0.350000,1.040000,0.100000,77.709999,2.010000,2.000000,279.529999,83.089996,57525.261719,32.55,98.78,12.457143,PM2.5,13768
8.710000,8.930000,0.370000,0.980000,0.100000,75.470001,1.880000,1.450000,281.019989,80.250000,59370.890625,32.56,98.94,12.442857,PM2.5,13769
9.040000,9.270000,0.420000,0.940000,0.110000,72.870003,0.130000,1.820000,282.000000,79.639999,60908.648438,32.57,99.1,12.914286,PM2.5,13770
9.310000,9.550000,0.440000,0.870000,0.110000,73.440002,-0.440000,2.460000,281.660004,80.879997,60332.261719,32.58,99.26,13.300000,PM2.5,13771
9.580000,9.830000,0.470000,0.860000,0.110000,73.580002,0.370000,3.310000,280.859985,84.019997,59433.511719,32.58,99.43,13.685714,PM2.5,13772
9.940000,10.190000,0.510000,0.980000,0.110000,72.879997,1.080000,3.860000,280.929993,84.879997,59355.121094,32.59,99.59,14.200000,PM2.5,13773
10.180000,10.450000,0.570000,1.000000,0.110000,72.199997,0.890000,3.980000,281.640015,82.809998,60082.269531,32.6,99.75,14.542857,PM2.5,13774
10.560000,10.830000,0.630000,1.010000,0.110000,72.250000,0.540000,4.140000,281.109985,84.820000,59809.878906,32.6,99.91,15.085715,PM2.5,13775
11.010000,11.290000,0.660000,0.970000,0.110000,71.760002,1.290000,4.590000,280.049988,87.199997,58730.839844,32.61,100.07,15.728572,PM2.5,13776
11.450000,11.740000,0.720000,1.150000,0.120000,70.440002,2.460000,4.840000,280.149994,84.660004,58849.890625,32.62,100.23,16.357143,PM2.5,13777
12.000000,12.310000,0.810000,1.240000,0.120000,69.220001,2.280000,4.060000,281.399994,81.580002,59949.910156,32.62,100.39,17.142857,PM2.5,13778
14.480000,14.870000,1.100000,1.200000,0.130000,69.120003,0.340000,2.440000,282.390015,82.820000,61432.019531,32.63,100.72,20.685713,PM2.5,13780
17.590000,18.090000,1.540000,1.400000,0.140000,67.529999,-1.450000,1.750000,283.239990,82.410004,63340.960938,32.65,101.04,25.128572,PM2.5,13782
19.930000,20.500000,1.920000,1.410000,0.140000,66.720001,-1.480000,2.520000,282.529999,84.360001,62668.750000,32.65,101.2,28.471430,PM2.5,13783
22.360001,23.040001,2.470000,1.370000,0.150000,67.989998,-1.070000,2.110000,282.880005,85.190002,63114.980469,32.65,101.36,31.942858,PM2.5,13784
25.150000,25.969999,3.280000,1.540000,0.160000,71.360001,-0.620000,1.740000,284.209991,81.559998,64679.941406,32.66,101.52,35.928570,PM2.5,13785
32.860001,34.080002,5.100000,1.540000,0.190000,73.099998,-0.690000,2.880000,284.589996,80.120003,65102.269531,32.66,101.69,46.942860,PM2.5,13786
41.750000,43.490002,7.370000,1.530000,0.220000,75.949997,-1.170000,3.940000,285.399994,76.750000,65966.156250,32.67,101.85,58.437500,PM2.5,13787
45.900002,47.970001,8.630000,1.630000,0.240000,79.339996,-1.780000,4.220000,285.019989,77.760002,65664.843750,32.67,102.01,63.625000,PM2.5,13788
48.860001,51.139999,9.460000,1.660000,0.250000,80.730003,-1.420000,4.150000,283.859985,80.989998,64644.800781,32.68,102.17,67.324997,PM2.5,13789
49.189999,51.509998,9.900000,1.640000,0.250000,82.919998,-0.430000,4.070000,284.260010,77.620003,65057.371094,32.68,102.33,67.737495,PM2.5,13790
45.660000,51.009998,10.110000,1.480000,0.260000,84.089996,-0.340000,4.740000,284.920013,72.080002,64891.910156,32.68,102.49,63.325001,PM2.5,13791
46.139999,51.860001,10.580000,1.350000,0.260000,86.309998,-0.800000,4.950000,284.350006,72.639999,63888.289062,32.69,102.66,63.924999,PM2.5,13792
47.869999,53.189999,10.950000,1.360000,0.260000,87.430000,-1.290000,4.380000,283.480011,77.720001,63416.359375,32.69,102.82,66.087502,PM2.5,13793
50.480000,56.160000,11.740000,1.480000,0.280000,88.790001,-1.720000,4.280000,282.869995,85.860001,63951.679688,32.69,102.98,69.349998,PM2.5,13794
52.029999,58.040001,12.300000,1.340000,0.290000,91.040001,-1.490000,3.660000,282.959991,91.910004,65177.710938,32.69,103.14,71.287498,PM2.5,13795
54.709999,61.490002,12.730000,1.540000,0.320000,88.760002,-1.360000,3.050000,282.769989,92.500000,65199.328125,32.7,103.3,74.637497,PM2.5,13796
54.439999,61.529999,12.790000,1.850000,0.340000,89.519997,-1.170000,2.010000,283.109985,90.879997,65928.500000,32.7,103.46,74.299995,PM2.5,13797
54.560001,62.099998,13.150000,2.220000,0.380000,89.800003,-1.030000,1.870000,283.799988,86.680000,66177.476562,32.7,103.63,74.450005,PM2.5,13798
58.810001,66.940002,14.120000,1.800000,0.450000,90.730003,-0.340000,2.580000,281.720001,92.910004,63517.000000,32.7,103.79,79.762505,PM2.5,13799
61.619999,70.540001,14.920000,1.980000,0.520000,88.300003,0.860000,2.260000,283.299988,92.419998,65749.539062,32.7,103.95,83.275002,PM2.5,13800
62.619999,71.940002,15.550000,2.340000,0.550000,91.169998,1.190000,2.370000,286.049988,90.669998,70632.109375,32.7,104.11,84.525002,PM2.5,13801
63.590000,73.019997,16.469999,2.180000,0.560000,96.169998,1.470000,3.160000,286.769989,95.610001,72531.859375,32.71,104.27,85.737503,PM2.5,13802
65.320000,74.839996,17.129999,2.370000,0.570000,96.690002,2.700000,5.160000,287.209991,99.250000,73471.703125,32.71,104.43,87.900002,PM2.5,13803
58.250000,68.000000,19.120001,4.700000,0.530000,98.320000,0.230000,1.850000,297.859985,74.839996,88331.617188,32.71,105.4,79.062500,PM2.5,13809
55.480000,64.349998,18.549999,3.900000,0.490000,101.410004,0.090000,1.220000,299.440002,70.120003,90443.960938,32.71,105.57,75.599998,PM2.5,13810
52.610001,61.720001,18.330000,4.600000,0.470000,100.489998,0.110000,1.940000,299.809998,68.019997,90629.757812,32.71,105.73,72.012497,PM2.5,13811
48.660000,57.000000,16.860001,4.920000,0.430000,94.309998,0.430000,3.170000,299.790009,66.809998,90114.906250,32.7,105.89,67.074997,PM2.5,13812
46.910000,53.750000,15.590000,4.260000,0.380000,93.320000,0.010000,4.910000,299.209991,66.449997,88320.523438,32.7,106.05,64.887497,PM2.5,13813
50.700001,53.830002,12.890000,2.970000,0.290000,92.690002,-0.050000,6.050000,294.149994,81.660004,82621.976562,32.7,106.7,69.625000,PM2.5,13817
49.230000,51.630001,12.340000,2.920000,0.280000,92.889999,0.150000,5.870000,295.619995,77.809998,84593.203125,32.69,106.86,67.787498,PM2.5,13818
46.860001,49.480000,11.740000,2.430000,0.270000,92.089996,0.160000,5.880000,295.690002,77.269997,84516.156250,32.69,107.02,64.824997,PM2.5,13819
7.840000,8.050000,0.280000,0.920000,0.100000,78.099998,-1.060000,-0.090000,283.679993,70.290001,61420.550781,32.63,97.64,11.200000,PM2.5,14018
7.710000,7.910000,0.280000,0.800000,0.100000,79.720001,-0.700000,0.380000,282.959991,70.889999,60360.699219,32.64,97.8,11.014286,PM2.5,14019
7.980000,8.190000,0.280000,0.870000,0.100000,79.919998,0.960000,1.550000,280.670013,77.820000,58222.750000,32.65,97.96,11.400000,PM2.5,14020
8.260000,8.470000,0.290000,0.990000,0.100000,79.089996,3.530000,3.040000,279.239990,81.220001,56724.699219,32.66,98.13,11.800000,PM2.5,14021
8.060000,8.270000,0.310000,1.100000,0.100000,76.750000,3.800000,2.740000,281.890015,71.080002,58820.539062,32.67,98.29,11.514286,PM2.5,14022
7.950000,8.160000,0.330000,1.160000,0.100000,74.900002,1.710000,1.910000,283.890015,66.730003,61306.050781,32.67,98.45,11.357142,PM2.5,14023
8.140000,8.350000,0.330000,1.000000,0.100000,75.970001,0.960000,2.920000,282.750000,71.089996,60203.058594,32.68,98.61,11.628572,PM2.5,14024
8.560000,8.790000,0.350000,0.980000,0.100000,76.330002,1.670000,2.770000,281.070007,77.519997,58716.210938,32.69,98.77,12.228572,PM2.5,14025
8.780000,9.010000,0.380000,0.900000,0.100000,74.800003,1.380000,1.790000,281.459991,79.410004,59744.628906,32.7,98.93,12.542857,PM2.5,14026
8.990000,9.220000,0.400000,0.860000,0.110000,73.160004,0.280000,1.730000,281.899994,80.169998,60690.960938,32.71,99.09,12.842856,PM2.5,14027
9.210000,9.450000,0.420000,0.820000,0.110000,73.559998,0.770000,2.090000,281.029999,82.790001,59729.089844,32.71,99.26,13.157143,PM2.5,14028
9.350000,9.590000,0.440000,0.840000,0.110000,73.089996,1.780000,2.750000,281.070007,82.389999,59573.531250,32.72,99.42,13.357143,PM2.5,14029
9.530000,9.790000,0.490000,0.940000,0.110000,72.769997,1.710000,3.010000,281.890015,80.769997,60304.859375,32.73,99.58,13.614285,PM2.5,14030
9.820000,10.090000,0.540000,0.970000,0.110000,72.680000,1.130000,3.190000,282.209991,80.699997,60768.550781,32.73,99.74,14.028571,PM2.5,14031
10.220000,10.490000,0.590000,1.000000,0.110000,72.110001,1.210000,3.940000,281.600006,83.180000,60339.289062,32.74,99.9,14.600000,PM2.5,14032
10.560000,10.840000,0.610000,0.980000,0.110000,71.000000,2.020000,4.490000,281.109985,83.129997,59854.210938,32.75,100.06,15.085715,PM2.5,14033
22.629999,23.330000,2.470000,1.290000,0.150000,67.720001,-1.300000,2.600000,282.149994,88.750000,62153.140625,32.79,101.36,32.328571,PM2.5,14041
26.610001,27.520000,3.550000,1.570000,0.170000,71.550003,-0.840000,2.200000,283.269989,86.169998,63629.910156,32.8,101.52,38.014286,PM2.5,14042
33.720001,35.020000,5.280000,1.670000,0.190000,73.309998,-1.170000,2.260000,284.820007,81.489998,65658.406250,32.8,101.68,48.171429,PM2.5,14043
40.660000,42.360001,7.000000,1.610000,0.220000,75.370003,-1.980000,3.220000,285.200012,79.279999,66042.382812,32.8,101.84,57.075001,PM2.5,14044
44.959999,46.950001,8.210000,1.630000,0.230000,78.199997,-1.850000,4.270000,284.179993,81.720001,64943.230469,32.81,102.0,62.449997,PM2.5,14045
48.470001,50.689999,9.160000,1.640000,0.250000,79.570000,-0.890000,4.900000,283.429993,82.760002,64030.179688,32.81,102.17,66.837502,PM2.5,14046
48.970001,51.250000,9.560000,1.640000,0.250000,81.129997,0.130000,4.430000,283.869995,79.559998,64526.300781,32.82,102.33,67.462502,PM2.5,14047
49.090000,51.410000,9.960000,1.530000,0.250000,82.940002,0.070000,3.860000,284.880005,73.830002,65362.531250,32.82,102.49,67.612503,PM2.5,14048
49.610001,51.990002,10.460000,1.400000,0.250000,85.470001,-1.000000,4.000000,284.850006,72.709999,65060.699219,32.82,102.65,68.262497,PM2.5,14049
49.330002,52.970001,10.770000,1.390000,0.250000,86.589996,-1.720000,3.950000,283.600006,78.820000,64126.609375,32.82,102.81,67.912506,PM2.5,14050
51.320000,55.439999,11.570000,1.420000,0.270000,88.169998,-2.010000,4.280000,282.950012,86.269997,64174.410156,32.83,102.98,70.400002,PM2.5,14051
52.689999,57.230000,12.230000,1.270000,0.270000,91.540001,-1.930000,3.450000,283.269989,90.050003,65389.269531,32.83,103.14,72.112495,PM2.5,14052
54.360001,59.459999,12.600000,1.460000,0.290000,90.510002,-1.780000,2.700000,283.359985,89.690002,65530.578125,32.83,103.3,74.199997,PM2.5,14053
53.880001,59.180000,12.490000,1.770000,0.300000,90.660004,-1.680000,2.200000,283.049988,90.300003,65393.480469,32.83,103.46,73.599998,PM2.5,14054
52.950001,58.369999,12.430000,2.380000,0.320000,91.599998,-1.360000,1.730000,282.670013,89.809998,64886.550781,32.84,103.62,72.437500,PM2.5,14055
56.049999,61.919998,13.240000,1.670000,0.380000,93.040001,-0.120000,2.350000,281.220001,91.930000,62891.410156,32.84,103.79,76.312500,PM2.5,14056
59.910000,66.519997,14.260000,1.740000,0.440000,90.040001,1.740000,3.200000,282.010010,91.750000,63607.671875,32.84,103.95,81.137497,PM2.5,14057
62.619999,69.910004,15.330000,2.050000,0.490000,90.419998,2.650000,4.190000,284.290009,89.989998,66838.960938,32.84,104.11,84.525002,PM2.5,14058
62.830002,70.519997,16.360001,2.020000,0.510000,93.879997,3.200000,4.950000,286.359985,89.470001,70126.382812,32.84,104.27,84.787506,PM2.5,14059
61.520000,70.050003,19.879999,3.670000,0.460000,101.680000,-0.020000,2.460000,296.589996,79.360001,86944.593750,32.84,105.4,83.150002,PM2.5,14066
56.049999,64.239998,17.799999,4.320000,0.410000,98.370003,1.130000,2.790000,298.829987,70.339996,89254.132812,32.84,105.89,76.312500,PM2.5,14069
51.820000,59.090000,16.219999,4.550000,0.380000,93.290001,1.180000,3.380000,299.359985,66.639999,88996.882812,32.84,106.05,71.025002,PM2.5,14070
8.130000,8.330000,0.260000,0.770000,0.100000,74.199997,-0.610000,1.700000,281.109985,78.580002,59124.738281,32.76,97.47,11.614285,PM2.5,14274
8.280000,8.480000,0.280000,0.890000,0.100000,76.190002,0.120000,1.860000,280.500000,79.940002,58420.808594,32.76,97.63,11.828571,PM2.5,14275
8.050000,8.250000,0.280000,0.730000,0.100000,78.800003,1.830000,3.490000,280.350006,78.980003,57951.441406,32.77,97.79,11.500000,PM2.5,14276
8.010000,8.210000,0.280000,0.790000,0.100000,78.180000,3.180000,4.650000,280.500000,76.970001,57881.218750,32.78,97.95,11.442858,PM2.5,14277
7.990000,8.200000,0.300000,0.980000,0.100000,76.830002,3.600000,3.840000,281.179993,73.570000,58234.421875,32.79,98.12,11.414286,PM2.5,14278
8.120000,8.340000,0.330000,1.160000,0.100000,73.269997,2.170000,1.280000,282.579987,70.919998,60034.960938,32.8,98.28,11.599999,PM2.5,14279
8.100000,8.320000,0.340000,1.150000,0.100000,73.650002,0.700000,-0.010000,283.519989,71.169998,61804.808594,32.81,98.44,11.571429,PM2.5,14280
8.080000,8.310000,0.340000,1.050000,0.100000,73.300003,0.400000,1.310000,283.920013,69.580002,61854.410156,32.82,98.6,11.542857,PM2.5,14281
8.300000,8.530000,0.360000,0.960000,0.100000,73.820000,0.450000,1.720000,283.670013,71.150002,61643.000000,32.83,98.76,11.857143,PM2.5,14282
8.580000,8.810000,0.380000,0.850000,0.100000,74.120003,0.120000,1.360000,283.049988,75.690002,61573.378906,32.83,98.92,12.257143,PM2.5,14283
8.840000,9.080000,0.390000,0.770000,0.100000,73.290001,0.130000,1.470000,281.559998,81.459999,60233.121094,32.84,99.09,12.628572,PM2.5,14284
9.140000,9.380000,0.400000,0.790000,0.110000,72.300003,1.420000,1.990000,280.260010,85.529999,58869.570312,32.85,99.25,13.057143,PM2.5,14285
9.120000,9.360000,0.420000,0.800000,0.110000,72.120003,1.960000,1.900000,281.100006,81.680000,59521.429688,32.86,99.41,13.028571,PM2.5,14286
9.900000,10.160000,0.530000,0.910000,0.110000,71.470001,1.690000,2.990000,281.690002,82.580002,60575.609375,32.88,99.89,14.142857,PM2.5,14289
10.200000,10.470000,0.560000,0.960000,0.110000,69.879997,1.820000,3.040000,281.920013,81.660004,60928.089844,32.88,100.06,14.571428,PM2.5,14290
20.080000,20.670000,1.880000,1.070000,0.140000,65.809998,-1.140000,2.460000,281.329987,90.610001,61180.011719,32.92,101.19,28.685715,PM2.5,14297
22.980000,23.709999,2.560000,1.220000,0.150000,67.779999,-1.220000,2.290000,282.429993,89.360001,62601.839844,32.93,101.35,32.828571,PM2.5,14298
26.799999,27.740000,3.650000,1.560000,0.170000,72.050003,-1.540000,2.070000,283.700012,86.099998,64378.761719,32.93,101.51,38.285713,PM2.5,14299
31.990000,33.209999,4.940000,1.750000,0.190000,74.589996,-1.820000,2.320000,284.549988,82.900002,65468.050781,32.94,101.68,45.700001,PM2.5,14300
38.980000,40.570000,6.490000,1.650000,0.210000,74.870003,-1.540000,3.590000,283.920013,84.300003,64711.429688,32.94,101.84,54.974998,PM2.5,14301
43.950001,45.860001,7.770000,1.640000,0.230000,76.529999,-0.800000,4.780000,283.850006,83.169998,64449.160156,32.94,102.0,61.187500,PM2.5,14302
47.060001,49.209999,8.800000,1.590000,0.240000,78.650002,-0.500000,4.850000,284.559998,78.519997,64797.148438,32.95,102.16,65.075005,PM2.5,14303
48.349998,50.590000,9.250000,1.590000,0.250000,79.519997,-0.310000,4.330000,284.470001,77.879997,64842.320312,32.95,102.32,66.687500,PM2.5,14304
48.939999,51.240002,9.700000,1.560000,0.250000,81.400002,-0.310000,3.540000,284.799988,75.809998,65559.078125,32.95,102.49,67.424995,PM2.5,14305
49.459999,51.830002,10.220000,1.490000,0.250000,84.110001,-1.190000,3.550000,284.760010,74.750000,65578.656250,32.96,102.65,68.074997,PM2.5,14306
49.049999,52.430000,10.610000,1.420000,0.250000,85.940002,-1.970000,3.950000,284.119995,77.900002,64890.558594,32.96,102.81,67.562500,PM2.5,14307
50.630001,54.419998,11.340000,1.360000,0.260000,87.699997,-2.580000,4.090000,283.799988,84.209999,65250.371094,32.96,102.97,69.537498,PM2.5,14308
52.389999,56.540001,11.920000,1.220000,0.270000,90.250000,-2.760000,3.360000,283.399994,88.769997,65531.558594,32.97,103.13,71.737503,PM2.5,14309
53.500000,58.070000,12.250000,1.310000,0.280000,90.750000,-2.290000,2.800000,282.790009,90.290001,64925.640625,32.97,103.3,73.125000,PM2.5,14310
52.150002,56.830002,12.050000,1.400000,0.280000,91.949997,-1.810000,2.370000,282.309998,91.220001,64460.750000,32.97,103.46,71.437500,PM2.5,14311
51.500000,56.310001,11.880000,1.740000,0.300000,91.330002,-1.100000,2.510000,281.470001,91.949997,63499.929688,32.97,103.62,70.625000,PM2.5,14312
54.709999,60.040001,12.640000,1.610000,0.350000,90.839996,0.300000,2.950000,281.000000,91.540001,62468.269531,32.97,103.78,74.637497,PM2.5,14313
57.610001,63.590000,13.610000,1.710000,0.400000,88.500000,1.260000,2.810000,283.290009,86.690002,64790.441406,32.98,103.95,78.262497,PM2.5,14314
58.630001,65.099998,14.410000,1.960000,0.450000,87.989998,0.950000,1.870000,286.649994,82.610001,69549.257812,32.98,104.11,79.537498,PM2.5,14315
59.750000,66.809998,15.920000,2.230000,0.490000,90.389999,0.420000,1.490000,289.019989,80.209999,73356.882812,32.98,104.27,80.937500,PM2.5,14316
8.090000,8.300000,0.260000,0.650000,0.100000,76.720001,0.170000,3.170000,280.970001,78.570000,58735.781250,32.89,97.46,11.557143,PM2.5,14536
8.270000,8.470000,0.270000,0.700000,0.100000,77.239998,2.310000,4.010000,279.739990,81.470001,57406.789062,32.9,97.62,11.814286,PM2.5,14537
7.880000,8.080000,0.270000,0.670000,0.100000,78.019997,3.630000,4.270000,281.799988,72.129997,58884.789062,32.91,97.78,11.257143,PM2.5,14538
7.630000,7.840000,0.280000,0.810000,0.100000,76.000000,3.080000,3.870000,283.640015,65.980003,60343.039062,32.92,97.94,10.900001,PM2.5,14539
7.790000,8.010000,0.310000,1.060000,0.100000,72.970001,1.240000,2.420000,283.839996,66.889999,60970.300781,32.93,98.1,11.128572,PM2.5,14540
8.130000,8.350000,0.330000,1.140000,0.100000,71.400002,-0.540000,0.920000,282.890015,73.949997,61100.769531,32.94,98.27,11.614285,PM2.5,14541
8.130000,8.340000,0.330000,1.040000,0.100000,71.620003,-0.990000,-0.020000,282.239990,77.849998,60754.320312,32.95,98.43,11.614285,PM2.5,14542
8.180000,8.390000,0.330000,0.960000,0.100000,71.419998,-0.670000,-0.050000,282.190002,78.389999,60814.070312,32.95,98.59,11.685715,PM2.5,14543
8.210000,8.420000,0.340000,0.840000,0.100000,71.320000,-0.490000,-0.030000,282.649994,76.459999,61218.199219,32.96,98.75,11.728572,PM2.5,14544
8.330000,8.550000,0.350000,0.780000,0.100000,72.290001,-0.330000,0.640000,282.059998,78.620003,60635.761719,32.97,98.91,11.900000,PM2.5,14545
8.690000,8.910000,0.370000,0.720000,0.100000,71.830002,0.640000,1.670000,280.390015,83.989998,58941.839844,32.98,99.08,12.414285,PM2.5,14546
9.750000,10.010000,0.500000,0.780000,0.110000,70.889999,1.450000,2.350000,281.380005,82.910004,60227.480469,33.01,99.89,13.928572,PM2.5,14551
20.559999,21.160000,1.950000,0.960000,0.140000,65.930000,-1.260000,2.850000,280.230011,95.099998,60022.691406,33.06,101.18,29.371428,PM2.5,14559
22.950001,23.670000,2.520000,1.230000,0.150000,67.449997,-1.280000,1.850000,282.010010,92.010002,62407.828125,33.06,101.35,32.785717,PM2.5,14560
25.110001,25.959999,3.220000,1.280000,0.160000,71.570000,-1.510000,1.850000,283.390015,86.699997,64101.851562,33.07,101.51,35.871429,PM2.5,14561
29.540001,30.620001,4.300000,1.330000,0.180000,73.930000,-1.380000,2.870000,283.089996,87.279999,63669.218750,33.07,101.67,42.200001,PM2.5,14562
36.209999,37.639999,5.800000,1.390000,0.200000,74.059998,-0.700000,3.630000,283.089996,87.070000,63739.640625,33.08,101.83,51.512497,PM2.5,14563
41.070000,42.840000,7.100000,1.560000,0.220000,74.750000,-0.560000,3.840000,284.809998,80.239998,65286.628906,33.08,102.0,57.587502,PM2.5,14564
45.119999,47.169998,8.260000,1.640000,0.240000,76.599998,-0.890000,3.770000,285.450012,76.690002,65738.687500,33.08,102.16,62.649998,PM2.5,14565
47.630001,49.830002,8.910000,1.640000,0.240000,77.709999,-0.720000,3.800000,284.730011,78.110001,65179.750000,33.09,102.32,65.787498,PM2.5,14566
48.730000,51.020000,9.480000,1.630000,0.250000,79.879997,-0.660000,3.440000,285.100006,75.970001,65905.437500,33.09,102.48,67.162498,PM2.5,14567
49.250000,51.619999,10.010000,1.570000,0.250000,82.669998,-1.420000,3.180000,285.100006,74.959999,66321.546875,33.09,102.64,67.812500,PM2.5,14568
49.169998,52.180000,10.530000,1.410000,0.250000,85.239998,-2.410000,3.690000,284.929993,76.309998,66053.257812,33.1,102.81,67.712494,PM2.5,14569
50.820000,54.119999,11.200000,1.300000,0.260000,87.139999,-3.140000,3.820000,284.410004,83.050003,66117.437500,33.1,102.97,69.775002,PM2.5,14570
52.610001,56.160000,11.780000,1.140000,0.260000,89.900002,-3.090000,3.490000,283.640015,87.349998,65686.773438,33.1,103.13,72.012497,PM2.5,14571
53.889999,57.770000,12.040000,1.200000,0.270000,89.870003,-2.470000,3.050000,282.549988,89.949997,64418.011719,33.1,103.29,73.612503,PM2.5,14572
53.279999,57.340000,11.940000,1.270000,0.260000,90.230003,-1.490000,2.730000,281.549988,92.379997,63497.660156,33.11,103.46,72.849998,PM2.5,14573
53.330002,57.630001,11.960000,1.570000,0.270000,88.860001,-0.380000,3.060000,281.410004,92.639999,63510.769531,33.11,103.62,72.912506,PM2.5,14574
55.150002,59.910000,12.790000,1.640000,0.270000,88.989998,0.180000,3.060000,282.950012,87.059998,64503.710938,33.11,103.78,75.187500,PM2.5,14575
56.939999,62.250000,13.990000,1.730000,0.290000,89.690002,-0.490000,1.840000,285.920013,83.160004,68527.859375,33.11,103.94,77.424995,PM2.5,14576
61.529999,67.739998,16.500000,2.140000,0.310000,92.830002,-1.470000,-0.180000,289.149994,80.940002,74389.320312,33.11,104.11,83.162498,PM2.5,14577
65.540001,72.839996,18.990000,2.700000,0.340000,97.010002,-2.230000,-0.570000,291.640015,80.430000,78919.453125,33.11,104.27,88.175003,PM2.5,14578
7.920000,8.130000,0.270000,0.730000,0.100000,76.070000,2.890000,3.460000,281.630005,72.870003,58518.078125,33.04,97.61,11.314286,PM2.5,14798
7.730000,7.940000,0.290000,0.880000,0.100000,73.510002,2.740000,2.150000,283.250000,67.540001,60079.109375,33.05,97.77,11.042857,PM2.5,14799
7.670000,7.890000,0.300000,1.060000,0.100000,70.959999,1.110000,0.850000,284.190002,66.389999,61585.191406,33.05,97.93,10.957143,PM2.5,14800
7.720000,7.930000,0.320000,1.120000,0.100000,70.419998,-0.760000,1.210000,284.450012,68.250000,62333.109375,33.06,98.09,11.028571,PM2.5,14801
7.870000,8.080000,0.320000,1.020000,0.100000,70.449997,-1.430000,1.630000,283.350006,72.980003,61453.648438,33.07,98.26,11.242857,PM2.5,14802
7.990000,8.200000,0.320000,0.890000,0.100000,70.709999,-1.140000,1.600000,281.899994,78.199997,60059.839844,33.08,98.42,11.414286,PM2.5,14803
8.100000,8.300000,0.320000,0.730000,0.100000,70.550003,-0.830000,1.170000,281.029999,81.620003,59386.191406,33.09,98.58,11.571429,PM2.5,14804
8.260000,8.470000,0.320000,0.700000,0.100000,69.870003,0.020000,0.770000,280.109985,84.349998,58479.941406,33.1,98.74,11.800000,PM2.5,14805
8.410000,8.610000,0.330000,0.680000,0.100000,70.070000,1.100000,1.100000,279.549988,85.790001,57977.250000,33.11,98.9,12.014285,PM2.5,14806
21.040001,21.650000,2.100000,0.900000,0.140000,66.519997,-1.330000,3.540000,279.739990,95.879997,59424.769531,33.19,101.18,30.057144,PM2.5,14820
22.920000,23.629999,2.540000,1.130000,0.150000,67.199997,-1.250000,2.330000,280.880005,94.709999,61173.710938,33.2,101.34,32.742859,PM2.5,14821
24.400000,25.200001,3.050000,1.160000,0.160000,70.699997,-1.200000,1.910000,282.339996,90.370003,62976.960938,33.2,101.5,34.857143,PM2.5,14822
41.820000,43.669998,7.410000,1.660000,0.230000,75.019997,-1.280000,2.630000,285.320007,78.589996,66083.828125,33.22,102.15,58.525002,PM2.5,14826
45.799999,47.889999,8.380000,1.660000,0.240000,76.129997,-1.070000,3.270000,284.869995,78.860001,65499.878906,33.22,102.32,63.500000,PM2.5,14827
47.880001,50.119999,9.120000,1.690000,0.250000,78.089996,-1.250000,3.020000,285.359985,76.529999,66315.890625,33.23,102.48,66.099998,PM2.5,14828
48.799999,51.150002,9.780000,1.620000,0.250000,81.320000,-1.930000,2.810000,285.179993,76.050003,66788.679688,33.23,102.64,67.250000,PM2.5,14829
49.630001,52.099998,10.330000,1.410000,0.250000,83.470001,-2.630000,3.290000,285.149994,77.779999,66736.789062,33.23,102.8,68.287498,PM2.5,14830
51.439999,54.040001,10.960000,1.270000,0.260000,85.339996,-3.190000,3.710000,284.630005,83.330002,66595.468750,33.24,102.97,70.549995,PM2.5,14831
52.810001,55.500000,11.460000,1.100000,0.260000,88.169998,-3.070000,3.640000,283.730011,86.269997,65681.437500,33.24,103.13,72.262505,PM2.5,14832
54.150002,56.900002,11.770000,1.120000,0.260000,88.910004,-2.290000,3.260000,282.350006,89.470001,64052.800781,33.24,103.29,73.937500,PM2.5,14833
54.660000,57.419998,11.780000,1.210000,0.260000,87.940002,-0.860000,3.150000,281.779999,91.480003,63534.839844,33.24,103.45,74.574997,PM2.5,14834
54.680000,57.459999,11.970000,1.410000,0.270000,87.510002,0.200000,3.040000,283.049988,88.669998,65065.000000,33.24,103.62,74.599998,PM2.5,14835
55.650002,58.520000,12.680000,1.530000,0.270000,88.510002,0.060000,2.440000,285.250000,83.379997,67653.617188,33.25,103.78,75.812500,PM2.5,14836
56.820000,59.810001,13.600000,1.640000,0.280000,89.160004,-0.650000,1.720000,287.320007,81.019997,70964.359375,33.25,103.94,77.275002,PM2.5,14837
58.709999,61.790001,14.740000,1.840000,0.290000,91.400002,-1.170000,0.570000,288.910004,81.279999,74313.789062,33.25,104.11,79.637497,PM2.5,14838
63.639999,67.059998,17.549999,2.300000,0.310000,97.440002,-1.510000,0.510000,291.160004,80.019997,78121.492188,33.25,104.27,85.800003,PM2.5,14839
7.710000,7.910000,0.280000,0.930000,0.100000,70.720001,1.030000,0.980000,283.299988,69.330002,60531.570312,33.17,97.6,11.014286,PM2.5,15056
7.780000,7.990000,0.300000,1.080000,0.100000,69.839996,0.160000,0.350000,283.350006,70.459999,61218.988281,33.18,97.76,11.114286,PM2.5,15057
7.790000,7.990000,0.310000,1.150000,0.100000,69.519997,-0.430000,0.210000,283.519989,71.000000,61708.988281,33.19,97.92,11.128572,PM2.5,15058
7.750000,7.960000,0.320000,1.110000,0.100000,69.519997,-0.870000,1.400000,283.679993,70.849998,61701.941406,33.2,98.08,11.071428,PM2.5,15059
7.780000,7.980000,0.320000,0.950000,0.100000,69.639999,-0.810000,2.290000,282.880005,73.570000,60905.859375,33.21,98.25,11.114286,PM2.5,15060
7.790000,7.990000,0.320000,0.810000,0.100000,70.169998,-0.540000,2.710000,282.350006,75.389999,60346.460938,33.22,98.41,11.128572,PM2.5,15061
7.900000,8.090000,0.320000,0.660000,0.100000,70.480003,-0.310000,2.780000,281.450012,78.389999,59489.320312,33.23,98.57,11.285714,PM2.5,15062
8.120000,8.290000,0.330000,0.610000,0.100000,72.080002,0.510000,2.640000,279.839996,83.930000,58066.230469,33.23,98.73,11.599999,PM2.5,15063
25.430000,26.309999,3.520000,1.240000,0.160000,72.559998,-2.100000,1.020000,283.019989,88.980003,63944.039062,33.34,101.66,36.328571,PM2.5,15081
28.320000,29.370001,4.200000,1.410000,0.170000,72.589996,-1.790000,0.950000,283.390015,87.839996,64465.671875,33.35,101.82,40.457142,PM2.5,15082
41.369999,43.220001,7.410000,1.740000,0.220000,74.720001,-1.530000,2.320000,285.440002,78.440002,66620.351562,33.36,102.31,57.962498,PM2.5,15085
45.939999,48.080002,8.620000,1.720000,0.240000,77.110001,-2.020000,2.510000,285.369995,77.660004,66770.000000,33.36,102.47,63.674999,PM2.5,15086
47.980000,50.299999,9.420000,1.550000,0.250000,80.089996,-2.450000,2.800000,285.019989,78.150002,66798.351562,33.37,102.64,66.224998,PM2.5,15087
49.279999,51.730000,9.950000,1.350000,0.250000,81.370003,-2.560000,3.290000,285.010010,79.790001,66894.187500,33.37,102.8,67.849998,PM2.5,15088
50.830002,53.400002,10.480000,1.260000,0.250000,82.809998,-2.560000,3.600000,284.869995,82.400002,66886.890625,33.37,102.96,69.787506,PM2.5,15089
51.830002,54.470001,10.900000,1.160000,0.260000,84.690002,-2.420000,3.670000,284.279999,83.519997,66077.906250,33.37,103.13,71.037506,PM2.5,15090
52.810001,55.500000,11.240000,1.110000,0.260000,85.949997,-1.750000,3.750000,283.440002,83.959999,64738.460938,33.38,103.29,72.262505,PM2.5,15091
53.040001,55.730000,11.350000,1.160000,0.260000,86.559998,-0.660000,3.300000,283.410004,84.730003,64826.468750,33.38,103.45,72.550003,PM2.5,15092
53.540001,56.259998,11.460000,1.340000,0.260000,86.110001,0.130000,2.410000,283.670013,86.790001,65766.531250,33.38,103.61,73.175003,PM2.5,15093
54.360001,57.139999,11.960000,1.430000,0.270000,86.779999,0.780000,1.840000,284.649994,85.779999,67324.093750,33.38,103.78,74.199997,PM2.5,15094
55.290001,58.160000,12.630000,1.580000,0.270000,86.800003,1.040000,1.410000,286.660004,82.000000,70208.781250,33.38,103.94,75.362503,PM2.5,15095
56.330002,59.240002,13.220000,1.740000,0.280000,87.510002,0.760000,0.940000,286.890015,83.860001,70905.531250,33.38,104.1,76.662506,PM2.5,15096
7.590000,7.780000,0.290000,1.020000,0.100000,69.309998,-0.840000,0.490000,282.910004,71.349998,61032.281250,33.32,97.75,10.842857,PM2.5,15316
7.610000,7.810000,0.300000,1.020000,0.100000,69.339996,-0.630000,1.180000,282.869995,71.959999,61028.410156,33.33,97.91,10.871428,PM2.5,15317
7.640000,7.830000,0.310000,0.890000,0.100000,69.389999,-0.580000,2.030000,282.869995,72.410004,60923.828125,33.34,98.07,10.914286,PM2.5,15318
7.710000,7.900000,0.320000,0.780000,0.100000,69.279999,-0.410000,2.310000,282.299988,74.169998,60312.808594,33.34,98.24,11.014286,PM2.5,15319
7.770000,7.960000,0.320000,0.690000,0.100000,69.360001,-0.160000,2.520000,281.769989,75.949997,59805.820312,33.35,98.4,11.100000,PM2.5,15320
7.860000,8.050000,0.320000,0.620000,0.100000,69.580002,0.320000,2.820000,281.070007,78.370003,59143.250000,33.36,98.56,11.228572,PM2.5,15321
7.950000,8.120000,0.340000,0.590000,0.100000,72.010002,0.990000,2.850000,280.290009,80.910004,58406.160156,33.37,98.72,11.357142,PM2.5,15322
26.309999,27.270000,3.830000,1.470000,0.170000,72.389999,-2.070000,0.560000,283.200012,88.820000,64403.328125,33.48,101.82,37.585712,PM2.5,15341
43.750000,45.770000,8.040000,1.700000,0.230000,76.190002,-2.410000,2.430000,285.369995,78.589996,67049.609375,33.5,102.47,60.937500,PM2.5,15345
46.660000,48.900002,8.890000,1.510000,0.240000,78.260002,-2.510000,3.040000,285.119995,78.989998,66910.210938,33.5,102.63,64.574997,PM2.5,15346
48.290001,50.660000,9.400000,1.390000,0.250000,79.209999,-2.510000,3.280000,285.070007,80.440002,67017.539062,33.5,102.8,66.612503,PM2.5,15347
50.020000,52.520000,9.940000,1.330000,0.250000,80.570000,-2.290000,3.190000,284.709991,83.230003,66801.171875,33.51,102.96,68.775002,PM2.5,15348
50.939999,53.500000,10.330000,1.250000,0.250000,82.040001,-1.770000,3.090000,284.399994,83.339996,66396.687500,33.51,103.12,69.924995,PM2.5,15349
51.509998,54.119999,10.690000,1.180000,0.260000,83.599998,-1.290000,3.350000,284.609985,80.599998,66282.203125,33.51,103.29,70.637497,PM2.5,15350
51.790001,54.389999,10.760000,1.200000,0.260000,84.580002,-1.080000,2.810000,283.929993,84.040001,66053.406250,33.51,103.45,70.987503,PM2.5,15351
52.419998,55.029999,10.770000,1.420000,0.260000,84.300003,-0.370000,2.110000,282.910004,87.720001,65359.289062,33.52,103.61,71.774994,PM2.5,15352
52.480000,55.110001,11.060000,1.480000,0.260000,85.099998,0.740000,2.070000,284.040009,84.110001,66307.718750,33.52,103.78,71.849998,PM2.5,15353
52.930000,55.619999,11.490000,1.570000,0.260000,85.690002,1.150000,1.530000,285.779999,80.410004,68462.406250,33.52,103.94,72.412498,PM2.5,15354
54.910000,57.680000,12.270000,1.670000,0.270000,86.269997,1.310000,1.780000,285.649994,82.610001,68448.476562,33.52,104.1,74.887497,PM2.5,15355
7.460000,7.650000,0.280000,0.900000,0.100000,69.690002,-0.370000,0.690000,282.100006,73.099998,60241.421875,33.45,97.74,10.657143,PM2.5,15577
7.430000,7.620000,0.290000,0.870000,0.100000,69.220001,-0.320000,1.350000,282.670013,70.919998,60669.761719,33.46,97.9,10.614285,PM2.5,15578
7.520000,7.710000,0.310000,0.770000,0.100000,68.730003,-0.500000,1.910000,282.769989,71.000000,60623.218750,33.47,98.06,10.742857,PM2.5,15579
7.650000,7.840000,0.320000,0.700000,0.100000,68.489998,-0.610000,2.150000,282.170013,72.879997,59982.019531,33.48,98.23,10.928572,PM2.5,15580
7.740000,7.930000,0.320000,0.640000,0.100000,68.500000,-0.320000,2.330000,281.489990,75.419998,59363.148438,33.49,98.39,11.057142,PM2.5,15581
7.850000,8.030000,0.320000,0.600000,0.100000,68.779999,0.340000,2.500000,280.559998,79.180000,58638.058594,33.5,98.55,11.214286,PM2.5,15582
7.980000,8.160000,0.330000,0.590000,0.100000,68.830002,1.160000,2.690000,280.010010,82.099998,58334.589844,33.5,98.71,11.400000,PM2.5,15583
41.240002,43.119999,7.290000,1.660000,0.220000,74.489998,-2.340000,2.310000,285.290009,79.980003,67150.656250,33.63,102.47,57.800003,PM2.5,15606
44.869999,47.009998,8.280000,1.480000,0.240000,76.290001,-2.500000,2.920000,285.309998,79.360001,67090.851562,33.64,102.63,62.337498,PM2.5,15607
47.020000,49.330002,8.960000,1.480000,0.240000,77.629997,-2.750000,3.210000,285.160004,80.959999,67157.882812,33.64,102.79,65.025002,PM2.5,15608
48.959999,51.369999,9.440000,1.400000,0.250000,79.029999,-2.510000,3.130000,284.359985,84.940002,66586.031250,33.64,102.96,67.449997,PM2.5,15609
50.369999,52.840000,9.740000,1.350000,0.250000,79.959999,-1.460000,2.530000,283.700012,87.370003,66157.023438,33.65,103.12,69.212502,PM2.5,15610
50.730000,53.250000,10.000000,1.320000,0.250000,80.820000,-0.830000,2.160000,283.989990,85.180000,66629.921875,33.65,103.28,69.662498,PM2.5,15611
50.830002,53.360001,10.150000,1.340000,0.250000,82.000000,-0.660000,2.440000,283.660004,85.269997,66194.476562,33.65,103.45,69.787506,PM2.5,15612
50.970001,53.509998,10.300000,1.530000,0.250000,82.599998,0.050000,2.720000,283.970001,82.430000,66027.078125,33.65,103.61,69.962502,PM2.5,15613
51.259998,53.820000,10.570000,1.530000,0.250000,83.610001,0.440000,2.810000,284.910004,79.900002,66989.179688,33.65,103.77,70.324997,PM2.5,15614
52.939999,55.570000,11.090000,1.610000,0.260000,84.239998,0.560000,2.270000,284.899994,81.870003,67118.140625,33.66,103.94,72.424995,PM2.5,15615
53.799999,56.520000,11.890000,1.680000,0.270000,85.410004,0.500000,2.300000,286.679993,79.440002,69305.921875,33.66,104.1,73.500000,PM2.5,15616
7.570000,7.750000,0.260000,0.760000,0.100000,68.300003,-0.680000,0.690000,280.250000,77.739998,58333.300781,33.58,97.56,10.814286,PM2.5,15836
7.440000,7.620000,0.280000,0.770000,0.100000,68.400002,-0.260000,0.260000,281.739990,73.309998,59932.531250,33.59,97.73,10.628572,PM2.5,15837
7.370000,7.550000,0.290000,0.730000,0.100000,67.919998,-0.450000,0.460000,282.619995,69.919998,60597.500000,33.6,97.89,10.528571,PM2.5,15838
7.420000,7.600000,0.310000,0.680000,0.100000,67.589996,-0.650000,1.050000,282.890015,68.879997,60526.429688,33.61,98.05,10.600000,PM2.5,15839
7.500000,7.690000,0.320000,0.630000,0.100000,67.730003,-0.610000,1.760000,282.750000,69.370003,60315.121094,33.62,98.21,10.714286,PM2.5,15840
7.610000,7.790000,0.330000,0.600000,0.100000,67.820000,-0.350000,2.220000,282.329987,70.980003,59988.921875,33.62,98.38,10.871428,PM2.5,15841
7.780000,7.970000,0.330000,0.580000,0.100000,67.980003,0.380000,2.430000,281.140015,75.589996,59036.238281,33.63,98.54,11.114286,PM2.5,15842
39.419998,41.209999,6.710000,1.610000,0.220000,73.239998,-2.720000,1.410000,285.119995,81.129997,67414.882812,33.77,102.46,55.524998,PM2.5,15866
43.060001,45.099998,7.640000,1.500000,0.230000,74.570000,-2.670000,2.000000,285.230011,80.730003,67397.726562,33.77,102.63,60.075001,PM2.5,15867
45.459999,47.669998,8.370000,1.520000,0.240000,75.910004,-2.790000,2.600000,285.200012,81.320000,67384.796875,33.78,102.79,63.074997,PM2.5,15868
47.330002,49.639999,8.870000,1.440000,0.240000,77.230003,-2.620000,3.080000,284.570007,83.379997,66567.929688,33.78,102.95,65.412506,PM2.5,15869
49.110001,51.480000,9.220000,1.370000,0.250000,78.370003,-1.390000,2.850000,283.549988,86.730003,65521.378906,33.78,103.12,67.637497,PM2.5,15870
7.420000,7.600000,0.270000,0.670000,0.100000,67.830002,-1.490000,1.160000,281.359985,73.959999,59344.300781,33.72,97.55,10.600000,PM2.5,16096
7.420000,7.600000,0.280000,0.660000,0.100000,67.180000,-1.380000,-0.070000,281.559998,73.790001,59790.199219,33.72,97.71,10.600000,PM2.5,16097
7.460000,7.640000,0.290000,0.640000,0.100000,66.669998,-1.330000,-0.800000,281.720001,73.330002,59767.820312,33.73,97.88,10.657143,PM2.5,16098
7.460000,7.640000,0.310000,0.610000,0.100000,66.489998,-0.840000,-0.470000,282.459991,71.220001,60399.039062,33.74,98.04,10.657143,PM2.5,16099
7.530000,7.710000,0.330000,0.590000,0.100000,66.000000,-0.760000,0.400000,283.079987,68.910004,60865.949219,33.75,98.2,10.757143,PM2.5,16100
7.710000,7.890000,0.340000,0.580000,0.100000,65.370003,-0.820000,1.110000,282.589996,70.510002,60392.941406,33.76,98.37,11.014286,PM2.5,16101
33.779999,35.230000,5.420000,1.320000,0.190000,72.309998,-3.110000,0.310000,284.299988,84.680000,66841.617188,33.9,102.3,48.257141,PM2.5,16125
37.070000,38.720001,6.120000,1.430000,0.210000,72.820000,-3.150000,0.690000,284.299988,85.139999,66768.257812,33.91,102.46,52.587502,PM2.5,16126
40.590000,42.459999,6.970000,1.490000,0.220000,74.190002,-2.950000,1.020000,284.440002,85.099998,66911.382812,33.91,102.62,56.987499,PM2.5,16127
43.490002,45.549999,7.740000,1.470000,0.230000,75.430000,-2.580000,1.640000,284.390015,85.559998,66781.046875,33.91,102.79,60.612503,PM2.5,16128
45.720001,47.919998,8.320000,1.410000,0.240000,75.970001,-1.730000,2.550000,284.399994,85.410004,66512.726562,33.92,102.95,63.400002,PM2.5,16129
47.060001,49.349998,8.780000,1.330000,0.240000,77.190002,-0.970000,3.190000,285.350006,80.400002,66903.726562,33.92,103.11,65.075005,PM2.5,16130
7.280000,7.450000,0.260000,0.610000,0.100000,68.040001,-1.990000,1.140000,282.000000,70.730003,59450.730469,33.84,97.38,10.400001,PM2.5,16356
7.360000,7.530000,0.270000,0.590000,0.100000,67.489998,-2.250000,0.640000,281.769989,72.000000,59574.601562,33.85,97.54,10.514286,PM2.5,16357
7.420000,7.590000,0.280000,0.580000,0.100000,67.010002,-2.510000,-0.240000,281.019989,74.529999,58968.730469,33.86,97.7,10.600000,PM2.5,16358
7.530000,7.700000,0.290000,0.580000,0.100000,66.709999,-2.120000,-1.230000,280.559998,76.669998,58735.500000,33.87,97.87,10.757143,PM2.5,16359
7.530000,7.700000,0.310000,0.570000,0.100000,66.879997,-1.790000,-1.600000,281.679993,73.489998,59885.480469,33.88,98.03,10.757143,PM2.5,16360
7.680000,7.870000,0.340000,0.580000,0.100000,65.430000,-2.240000,-1.090000,282.239990,71.720001,60472.359375,33.89,98.19,10.971428,PM2.5,16361
7.960000,8.150000,0.360000,0.590000,0.110000,63.930000,-2.430000,-0.360000,281.690002,73.919998,60046.878906,33.9,98.36,11.371428,PM2.5,16362
35.150002,36.700001,5.800000,1.530000,0.200000,73.000000,-2.880000,1.170000,283.649994,86.970001,65899.632812,34.04,102.45,50.187500,PM2.5,16387
38.130001,39.849998,6.490000,1.540000,0.210000,74.370003,-2.640000,1.080000,283.649994,88.040001,66130.703125,34.05,102.62,53.912502,PM2.5,16388
40.970001,42.860001,7.200000,1.520000,0.220000,75.500000,-2.070000,1.420000,283.720001,88.669998,66312.132812,34.05,102.78,57.462502,PM2.5,16389
43.509998,45.560001,7.770000,1.540000,0.230000,75.290001,-0.690000,1.830000,284.190002,88.120003,66919.742188,34.05,102.95,60.637497,PM2.5,16390
44.189999,46.349998,8.300000,1.560000,0.230000,76.849998,-0.130000,1.810000,286.799988,78.110001,69391.906250,34.05,103.11,61.487499,PM2.5,16391
7.370000,7.540000,0.270000,0.550000,0.100000,68.889999,-2.790000,-0.120000,279.859985,77.019997,57601.750000,34.0,97.69,10.528571,PM2.5,16618
7.490000,7.660000,0.280000,0.550000,0.100000,68.169998,-2.610000,-0.960000,279.799988,77.750000,57878.140625,34.01,97.86,10.700000,PM2.5,16619
7.590000,7.760000,0.300000,0.560000,0.100000,68.010002,-2.420000,-1.480000,280.440002,76.400002,58681.730469,34.01,98.02,10.842857,PM2.5,16620
7.840000,8.020000,0.330000,0.580000,0.100000,66.209999,-2.690000,-1.160000,280.799988,75.820000,59287.531250,34.02,98.18,11.200000,PM2.5,16621
8.110000,8.300000,0.360000,0.600000,0.110000,64.370003,-2.810000,-0.410000,280.970001,76.330002,59736.679688,34.03,98.35,11.585713,PM2.5,16622
38.630001,40.400002,6.780000,1.410000,0.210000,76.080002,-1.760000,1.510000,283.820007,89.349998,66145.109375,34.18,102.78,54.537502,PM2.5,16649
40.610001,42.500000,7.220000,1.540000,0.220000,75.790001,-0.590000,1.400000,284.260010,88.379997,66702.601562,34.19,102.94,57.012501,PM2.5,16650
7.350000,7.510000,0.270000,0.530000,0.100000,72.040001,-2.950000,0.280000,279.299988,76.980003,56857.468750,34.13,97.68,10.500000,PM2.5,16876
7.520000,7.690000,0.280000,0.540000,0.100000,69.440002,-2.770000,-0.130000,279.260010,78.879997,57415.648438,34.14,97.84,10.742857,PM2.5,16877
