PM2.5(微克每立方米),PM10(微克每立方米),SO2(微克每立方米),NO2(微克每立方米),CO(毫克每立方米),O3(微克每立方米),U(m/s),V(m/s),TEMP(K),RH(%),PSFC(Pa),lat,lon,AQI,Major pollutants,id
102.529999,164.000000,28.110001,46.250000,1.230000,39.009998,3.930000,2.080000,283.790009,40.750000,101251.750000,34.59,115.51,134.412506,PM2.5,18271
106.739998,171.449997,27.750000,46.189999,1.210000,39.540001,3.850000,2.400000,283.679993,42.380001,101359.039062,34.58,115.67,139.675003,PM2.5,18272
110.230003,178.570007,27.559999,46.389999,1.210000,41.270000,3.770000,2.630000,283.510010,44.209999,101382.226562,34.57,115.84,144.037506,PM2.5,18273
105.410004,169.250000,29.120001,47.540001,1.290000,37.540001,3.560000,1.890000,283.760010,40.110001,101240.500000,34.73,115.52,138.012512,PM2.5,18524
108.529999,176.100006,28.719999,47.279999,1.270000,38.330002,3.450000,2.170000,283.640015,41.480000,101346.023438,34.71,115.69,141.912506,PM2.5,18525
111.010002,182.860001,28.670000,47.580002,1.270000,39.720001,3.370000,2.450000,283.470001,43.389999,101356.500000,34.7,115.85,145.012497,PM2.5,18526
112.120003,187.899994,28.719999,48.189999,1.280000,41.139999,3.420000,2.680000,283.269989,45.560001,101313.593750,34.69,116.02,146.400009,PM2.5,18527
112.349998,191.679993,28.910000,49.349998,1.310000,42.119999,3.560000,2.810000,283.149994,47.520000,101331.507812,34.67,116.18,146.687500,PM2.5,18528
113.410004,196.470001,29.360001,51.169998,1.340000,41.880001,3.640000,2.850000,283.089996,49.160000,101373.539062,34.66,116.35,148.012512,PM2.5,18529
128.720001,217.830002,38.700001,67.500000,1.350000,37.439999,4.650000,2.800000,283.829987,58.209999,101684.843750,34.58,117.17,169.600006,PM2.5,18534
137.509995,228.929993,46.180000,72.209999,1.430000,31.250000,4.690000,2.500000,282.829987,58.470001,101302.632812,34.55,117.5,182.157135,PM2.5,18536
140.779999,229.289993,46.279999,73.389999,1.450000,30.400000,4.800000,2.510000,282.820007,58.779999,101447.257812,34.54,117.66,186.828568,PM2.5,18537
137.589996,211.309998,41.279999,73.050003,1.530000,28.930000,4.740000,2.810000,282.649994,62.330002,101425.273438,34.49,118.15,182.271423,PM2.5,18540
133.699997,204.309998,39.799999,71.930000,1.560000,28.150000,4.870000,2.800000,282.640015,63.400002,101334.609375,34.47,118.32,176.714279,PM2.5,18541
105.050003,168.940002,29.830000,48.770000,1.390000,37.080002,3.210000,1.540000,283.760010,38.419998,101166.789062,34.88,115.38,137.562500,PM2.5,18775
110.570000,179.639999,30.110001,48.740002,1.380000,36.540001,3.110000,1.750000,283.619995,39.599998,101254.750000,34.86,115.54,144.462494,PM2.5,18776
112.849998,186.169998,30.290001,49.080002,1.370000,36.599998,3.020000,1.960000,283.500000,40.849998,101323.148438,34.85,115.71,147.312500,PM2.5,18777
113.500000,190.600006,30.480000,49.480000,1.370000,37.610001,3.000000,2.150000,283.359985,42.610001,101353.828125,34.84,115.87,148.125000,PM2.5,18778
113.330002,194.229996,30.770000,50.259998,1.380000,38.540001,3.110000,2.330000,283.209991,44.740002,101354.609375,34.82,116.04,147.912506,PM2.5,18779
112.330002,195.789993,30.740000,50.919998,1.390000,39.689999,3.270000,2.470000,283.109985,46.849998,101392.257812,34.81,116.2,146.662506,PM2.5,18780
111.989998,197.220001,30.760000,51.720001,1.390000,39.939999,3.370000,2.530000,283.010010,48.709999,101449.593750,34.79,116.36,146.237503,PM2.5,18781
134.720001,226.220001,41.529999,63.750000,1.390000,34.430000,3.720000,2.120000,283.100006,55.520000,101645.382812,34.72,117.19,178.171432,PM2.5,18786
142.119995,236.050003,46.130001,66.290001,1.430000,31.190001,3.790000,1.990000,282.880005,57.459999,101374.312500,34.7,117.35,188.742844,PM2.5,18787
147.820007,243.539993,48.790001,68.209999,1.480000,29.459999,4.210000,1.930000,282.640015,58.130001,101186.562500,34.69,117.52,196.885727,PM2.5,18788
150.210007,244.820007,48.720001,70.050003,1.500000,29.129999,4.520000,2.020000,282.660004,58.450001,101372.476562,34.67,117.68,200.210007,PM2.5,18789
146.559998,230.660004,43.430000,72.809998,1.580000,28.540001,4.430000,2.680000,282.470001,62.650002,101368.328125,34.62,118.17,195.085709,PM2.5,18792
142.880005,224.350006,42.490002,72.440002,1.620000,27.219999,4.570000,2.720000,282.410004,63.919998,101224.906250,34.6,118.34,189.828583,PM2.5,18793
94.209999,157.190002,32.220001,55.049999,1.560000,31.180000,3.170000,1.010000,284.220001,34.560001,101021.718750,35.05,114.9,124.012497,PM2.5,19021
100.839996,165.080002,31.320000,53.060001,1.550000,33.450001,3.040000,1.070000,284.000000,35.660000,101060.546875,35.04,115.06,132.299988,PM2.5,19022
106.739998,173.600006,31.139999,51.299999,1.510000,35.020000,2.870000,1.300000,283.769989,37.070000,101119.890625,35.03,115.23,139.675003,PM2.5,19023
111.559998,182.000000,31.490000,50.349998,1.490000,35.720001,2.760000,1.440000,283.570007,38.480000,101198.859375,35.01,115.39,145.699997,PM2.5,19024
115.559998,190.779999,32.080002,51.029999,1.490000,34.160000,2.680000,1.570000,283.450012,39.360001,101261.937500,35.0,115.56,150.800003,PM2.5,19025
115.779999,193.869995,31.920000,50.950001,1.480000,34.599998,2.610000,1.680000,283.339996,40.419998,101307.750000,34.99,115.72,151.114288,PM2.5,19026
115.339996,196.300003,31.940001,51.070000,1.490000,35.669998,2.640000,1.780000,283.190002,42.360001,101340.000000,34.97,115.89,150.485703,PM2.5,19027
114.150002,198.259995,32.310001,51.869999,1.500000,36.040001,2.810000,1.880000,283.079987,44.480000,101399.218750,34.96,116.05,148.937500,PM2.5,19028
112.010002,197.229996,32.270000,52.139999,1.490000,37.119999,3.000000,1.970000,283.000000,46.169998,101472.406250,34.94,116.22,146.262497,PM2.5,19029
111.220001,196.649994,32.259998,52.410000,1.460000,37.439999,3.070000,2.080000,282.890015,48.020000,101513.406250,34.93,116.38,145.274994,PM2.5,19030
113.959999,200.009995,33.750000,54.080002,1.440000,36.340000,3.050000,2.180000,282.739990,50.099998,101529.062500,34.91,116.55,148.699997,PM2.5,19031
143.910004,247.229996,46.490002,63.880001,1.550000,26.620001,3.110000,2.000000,282.399994,54.020000,101432.250000,34.87,117.04,191.300003,PM2.5,19034
151.929993,257.190002,50.220001,64.779999,1.560000,24.690001,2.910000,1.660000,282.399994,55.919998,101416.726562,34.85,117.21,201.929993,PM2.5,19035
155.089996,259.500000,51.459999,65.389999,1.540000,24.209999,3.130000,1.430000,282.209991,58.029999,101039.148438,34.84,117.37,205.089996,PM2.5,19036
158.639999,263.309998,55.509998,66.739998,1.560000,22.350000,4.000000,1.290000,282.029999,59.189999,100635.343750,34.82,117.54,208.639999,PM2.5,19037
159.160004,261.809998,54.490002,68.000000,1.560000,22.430000,4.740000,1.480000,282.170013,59.299999,100806.007812,34.81,117.7,209.160004,PM2.5,19038
157.610001,256.299988,50.720001,69.410004,1.550000,23.930000,4.780000,1.870000,282.359985,59.660000,101234.796875,34.79,117.86,207.610001,PM2.5,19039
156.679993,252.130005,47.860001,70.980003,1.570000,24.770000,4.570000,2.300000,282.369995,60.900002,101378.796875,34.77,118.03,206.679993,PM2.5,19040
154.449997,246.839996,46.009998,72.120003,1.620000,24.830000,4.500000,2.600000,282.359985,62.160000,101363.710938,34.76,118.19,204.449997,PM2.5,19041
151.050003,240.929993,44.700001,72.629997,1.670000,24.180000,4.570000,2.840000,282.299988,63.520000,101234.570312,34.74,118.36,201.050003,PM2.5,19042
142.639999,226.089996,41.770000,72.139999,1.640000,25.540001,4.730000,2.770000,282.380005,64.139999,101080.968750,34.72,118.52,189.485718,PM2.5,19043
135.990005,215.360001,38.930000,71.129997,1.610000,26.780001,4.870000,2.640000,282.619995,64.529999,101273.609375,34.71,118.69,179.985718,PM2.5,19044
97.970001,165.110001,33.049999,55.750000,1.680000,31.209999,2.750000,0.880000,284.100006,34.220001,101072.062500,35.19,114.91,128.712494,PM2.5,19266
104.639999,173.910004,32.119999,53.919998,1.660000,33.130001,2.710000,0.870000,283.839996,35.439999,101091.476562,35.17,115.08,137.050003,PM2.5,19267
111.199997,184.770004,32.630001,52.680000,1.620000,33.669998,2.510000,1.080000,283.559998,37.099998,101154.539062,35.16,115.24,145.250000,PM2.5,19268
116.690002,194.690002,33.520000,52.290001,1.600000,33.740002,2.340000,1.230000,283.410004,38.160000,101230.632812,35.15,115.41,152.414291,PM2.5,19269
119.250000,200.039993,34.049999,53.529999,1.590000,31.650000,2.220000,1.290000,283.279999,39.200001,101284.460938,35.13,115.57,156.071426,PM2.5,19270
118.550003,200.169998,33.080002,52.590000,1.570000,33.279999,2.190000,1.300000,283.130005,40.560001,101307.093750,35.12,115.74,155.071426,PM2.5,19271
115.690002,197.070007,32.380001,51.660000,1.540000,34.439999,2.290000,1.300000,283.000000,41.849998,101322.843750,35.11,115.9,150.985718,PM2.5,19272
113.480003,195.929993,32.400002,51.970001,1.540000,34.740002,2.490000,1.290000,282.910004,43.480000,101404.273438,35.09,116.07,148.100006,PM2.5,19273
111.889999,194.759995,33.360001,53.029999,1.530000,34.509998,2.670000,1.330000,282.829987,45.240002,101508.789062,35.08,116.23,146.112503,PM2.5,19274
112.129997,194.919998,34.580002,54.299999,1.500000,33.709999,2.730000,1.520000,282.730011,47.240002,101564.429688,35.06,116.4,146.412491,PM2.5,19275
115.440002,197.029999,35.900002,55.369999,1.460000,33.139999,2.720000,1.700000,282.529999,49.480000,101490.351562,35.05,116.57,150.628571,PM2.5,19276
123.629997,208.039993,39.029999,58.759998,1.470000,30.459999,2.760000,1.860000,282.329987,51.810001,101397.351562,35.03,116.73,162.328568,PM2.5,19277
133.929993,223.139999,42.049999,61.660000,1.500000,27.930000,2.690000,1.930000,282.220001,53.759998,101413.601562,35.02,116.9,177.042847,PM2.5,19278
150.619995,252.610001,50.650002,64.070000,1.620000,21.650000,2.440000,1.790000,282.040009,55.240002,101324.546875,35.0,117.06,200.619995,PM2.5,19279
156.089996,260.179993,52.110001,64.629997,1.590000,21.309999,2.140000,1.530000,281.880005,57.450001,101193.000000,34.99,117.23,206.089996,PM2.5,19280
158.149994,261.600006,52.169998,65.019997,1.560000,21.770000,2.520000,1.500000,281.529999,59.709999,100441.523438,34.97,117.39,208.149994,PM2.5,19281
161.660004,266.230011,57.020000,66.470001,1.580000,19.740000,3.980000,1.440000,281.179993,60.889999,99452.710938,34.96,117.55,211.660004,PM2.5,19282
161.619995,264.500000,56.049999,67.589996,1.570000,20.010000,4.950000,1.550000,281.640015,59.660000,99777.359375,34.94,117.72,211.619995,PM2.5,19283
159.770004,258.910004,51.930000,68.610001,1.540000,21.690001,4.580000,1.620000,282.100006,59.480000,100658.843750,34.92,117.88,209.770004,PM2.5,19284
161.169998,259.440002,49.209999,70.349998,1.590000,21.910000,4.130000,1.980000,282.119995,61.320000,101121.640625,34.91,118.05,211.169998,PM2.5,19285
159.929993,256.329987,48.299999,71.820000,1.650000,21.570000,4.170000,2.480000,282.149994,62.700001,101283.781250,34.89,118.21,209.929993,PM2.5,19286
156.889999,251.270004,47.540001,72.900002,1.710000,21.040001,4.450000,2.940000,282.179993,63.799999,101251.031250,34.87,118.38,206.889999,PM2.5,19287
150.550003,240.220001,44.250000,72.970001,1.710000,22.100000,4.830000,3.030000,282.230011,64.559998,101128.921875,34.86,118.54,200.550003,PM2.5,19288
144.809998,230.660004,41.020000,72.470001,1.690000,23.389999,5.130000,2.760000,282.299988,65.279999,101150.398438,34.84,118.71,192.585709,PM2.5,19289
107.239998,182.460007,33.630001,54.700001,1.760000,32.750000,2.200000,0.720000,283.600006,35.360001,101126.320312,35.31,115.09,140.300003,PM2.5,19512
114.680000,196.130005,34.360001,53.639999,1.710000,32.439999,1.990000,0.800000,283.380005,36.939999,101177.062500,35.3,115.26,149.600006,PM2.5,19513
119.459999,203.710007,34.869999,53.689999,1.690000,32.189999,1.760000,0.830000,283.220001,38.169998,101245.046875,35.28,115.42,156.371429,PM2.5,19514
121.230003,205.520004,34.700001,54.549999,1.660000,30.740000,1.660000,0.810000,283.079987,39.400002,101292.148438,35.27,115.59,158.900009,PM2.5,19515
120.309998,203.490005,33.560001,53.349998,1.630000,32.430000,1.740000,0.780000,282.920013,40.660000,101316.398438,35.26,115.76,157.585709,PM2.5,19516
118.180000,200.169998,33.220001,52.810001,1.590000,32.980000,1.950000,0.740000,282.809998,41.790001,101326.093750,35.24,115.92,154.542862,PM2.5,19517
116.410004,198.070007,33.439999,53.369999,1.580000,32.779999,2.200000,0.720000,282.739990,43.180000,101384.726562,35.23,116.09,152.014297,PM2.5,19518
114.879997,195.669998,34.980000,55.080002,1.570000,31.570000,2.400000,0.810000,282.670013,44.759998,101465.843750,35.21,116.25,149.849991,PM2.5,19519
116.010002,195.839996,36.880001,57.070000,1.540000,30.010000,2.400000,1.090000,282.570007,46.910000,101563.656250,35.2,116.42,151.442856,PM2.5,19520
122.010002,201.179993,39.810001,59.849998,1.530000,28.459999,2.370000,1.450000,282.299988,49.560001,101435.632812,35.18,116.58,160.014282,PM2.5,19521
131.449997,213.580002,43.540001,63.000000,1.560000,24.270000,2.480000,1.700000,282.070007,52.020000,101226.820312,35.17,116.75,173.500000,PM2.5,19522
140.729996,227.130005,46.020000,64.110001,1.580000,22.350000,2.260000,1.710000,281.910004,54.480000,101302.468750,35.15,116.91,186.757141,PM2.5,19523
156.660004,256.309998,54.750000,64.980003,1.710000,17.139999,1.780000,1.650000,281.679993,56.650002,101175.898438,35.14,117.08,206.660004,PM2.5,19524
158.149994,257.260010,53.130001,64.970001,1.620000,18.719999,1.700000,1.660000,281.380005,59.160000,100748.523438,35.12,117.24,208.149994,PM2.5,19525
158.270004,255.990005,51.090000,64.940002,1.560000,20.719999,2.510000,2.190000,280.989990,61.119999,99796.578125,35.11,117.41,208.270004,PM2.5,19526
155.960007,251.039993,50.720001,65.139999,1.500000,22.049999,4.180000,2.220000,280.959991,60.009998,98857.312500,35.09,117.57,205.960007,PM2.5,19527
157.419998,252.720001,49.849998,66.400002,1.500000,22.490000,5.380000,1.840000,281.290009,59.180000,99063.187500,35.08,117.74,207.419998,PM2.5,19528
157.929993,252.009995,48.209999,68.110001,1.500000,22.980000,5.140000,1.600000,281.690002,59.369999,99864.242188,35.06,117.9,207.929993,PM2.5,19529
159.410004,252.740005,46.840000,69.790001,1.540000,22.889999,4.280000,1.700000,281.929993,60.869999,100691.273438,35.04,118.07,209.410004,PM2.5,19530
163.580002,260.179993,49.680000,72.099998,1.690000,19.299999,3.940000,2.070000,281.929993,62.959999,101101.226562,35.03,118.23,213.580002,PM2.5,19531
163.600006,261.440002,50.700001,73.849998,1.810000,17.240000,4.170000,2.650000,281.929993,64.430000,101114.078125,35.01,118.4,213.600006,PM2.5,19532
157.429993,250.149994,46.119999,73.660004,1.780000,19.150000,4.590000,3.010000,281.920013,65.529999,100941.031250,34.99,118.56,207.429993,PM2.5,19533
152.309998,241.110001,42.669998,73.400002,1.760000,20.920000,5.090000,2.930000,281.850006,66.400002,100714.312500,34.97,118.73,202.309998,PM2.5,19534
117.690002,206.679993,36.049999,55.020000,1.820000,31.090000,1.230000,0.450000,283.109985,37.520000,101148.218750,35.43,115.27,153.842865,PM2.5,19756
120.449997,208.690002,35.540001,54.790001,1.760000,31.059999,1.220000,0.380000,283.040009,38.279999,101190.148438,35.42,115.44,157.785706,PM2.5,19757
121.370003,206.539993,34.240002,54.560001,1.710000,30.889999,1.310000,0.350000,282.910004,39.540001,101259.812500,35.4,115.61,159.100006,PM2.5,19758
121.180000,204.550003,33.869999,54.320000,1.660000,30.790001,1.530000,0.330000,282.790009,40.580002,101310.648438,35.39,115.77,158.828568,PM2.5,19759
120.410004,202.490005,34.270000,54.680000,1.630000,30.059999,1.810000,0.250000,282.739990,41.090000,101331.968750,35.38,115.94,157.728577,PM2.5,19760
119.769997,201.059998,35.439999,55.830002,1.610000,28.719999,2.030000,0.250000,282.679993,42.340000,101395.710938,35.36,116.1,156.814285,PM2.5,19761
120.610001,201.529999,38.790001,58.560001,1.630000,25.809999,2.130000,0.420000,282.540009,44.610001,101447.351562,35.35,116.27,158.014282,PM2.5,19762
124.430000,203.779999,42.799999,60.880001,1.650000,23.320000,2.080000,0.760000,282.309998,47.439999,101518.406250,35.33,116.44,163.471436,PM2.5,19763
132.389999,212.300003,50.840000,63.910000,1.720000,18.910000,2.060000,1.270000,282.089996,50.540001,101517.820312,35.32,116.6,174.842850,PM2.5,19764
142.559998,227.800003,54.470001,66.400002,1.760000,15.500000,2.010000,1.620000,281.920013,52.990002,101436.937500,35.3,116.77,189.371429,PM2.5,19765
151.679993,241.259995,56.189999,67.150002,1.760000,14.080000,1.600000,1.660000,281.640015,55.700001,101264.273438,35.29,116.93,201.679993,PM2.5,19766
161.610001,258.359985,58.849998,66.449997,1.790000,13.360000,1.360000,1.770000,281.220001,58.250000,100691.976562,35.27,117.1,211.610001,PM2.5,19767
160.320007,254.699997,54.759998,65.889999,1.680000,15.980000,1.840000,2.030000,280.880005,60.439999,99988.117188,35.26,117.26,210.320007,PM2.5,19768
159.809998,252.929993,52.020000,65.550003,1.610000,18.080000,3.010000,2.600000,280.720001,61.369999,99339.031250,35.24,117.43,209.809998,PM2.5,19769
160.029999,252.910004,50.759998,65.739998,1.570000,19.450001,4.510000,2.760000,280.779999,60.560001,98803.343750,35.23,117.59,210.029999,PM2.5,19770
160.449997,252.720001,49.830002,66.629997,1.550000,20.430000,5.320000,2.230000,281.239990,58.470001,98803.281250,35.21,117.76,210.449997,PM2.5,19771
161.270004,252.949997,48.290001,68.070000,1.560000,21.000000,4.940000,1.710000,281.739990,57.869999,99552.601562,35.19,117.92,211.270004,PM2.5,19772
165.139999,258.000000,46.660000,70.000000,1.620000,20.830000,4.070000,1.420000,281.799988,60.369999,100489.679688,35.18,118.09,215.139999,PM2.5,19773
170.880005,269.519989,52.369999,73.190002,1.830000,16.110001,3.720000,1.620000,281.549988,63.860001,100807.437500,35.16,118.25,220.880005,PM2.5,19774
171.940002,274.000000,54.439999,75.610001,1.980000,13.760000,3.960000,2.160000,281.519989,65.650002,100839.476562,35.14,118.42,221.940002,PM2.5,19775
164.250000,258.489990,47.720001,74.580002,1.870000,16.639999,4.320000,2.610000,281.600006,66.629997,100765.351562,35.13,118.58,214.250000,PM2.5,19776
159.669998,249.720001,44.070000,74.449997,1.840000,18.610001,4.770000,2.840000,281.579987,67.139999,100490.453125,35.11,118.75,209.669998,PM2.5,19777
155.119995,241.429993,41.590000,74.120003,1.810000,20.459999,5.010000,2.500000,281.850006,67.779999,100686.953125,35.09,118.91,205.119995,PM2.5,19778
151.710007,235.479996,41.389999,72.459999,1.810000,20.620001,5.210000,2.360000,281.910004,66.570000,101293.921875,35.07,119.08,201.710007,PM2.5,19779
120.370003,211.119995,35.410000,55.700001,1.820000,30.410000,1.110000,-0.010000,282.920013,38.180000,101155.398438,35.55,115.46,157.671432,PM2.5,20000
122.230003,209.570007,34.560001,55.540001,1.750000,30.020000,1.340000,0.040000,282.829987,39.119999,101242.859375,35.54,115.62,160.328583,PM2.5,20001
123.269997,208.889999,34.810001,55.910000,1.700000,29.090000,1.550000,0.100000,282.739990,40.009998,101290.828125,35.53,115.79,161.814285,PM2.5,20002
124.889999,209.839996,35.560001,56.660000,1.670000,28.299999,1.790000,0.020000,282.640015,41.070000,101337.859375,35.51,115.96,164.128571,PM2.5,20003
125.540001,208.380005,36.639999,57.509998,1.640000,27.400000,1.970000,-0.050000,282.570007,42.450001,101440.468750,35.5,116.12,165.057144,PM2.5,20004
126.650002,206.789993,39.680000,59.430000,1.640000,24.990000,1.970000,0.100000,282.390015,45.119999,101486.210938,35.48,116.29,166.642853,PM2.5,20005
131.160004,208.889999,43.840000,61.250000,1.680000,22.520000,1.880000,0.500000,282.089996,48.730000,101512.226562,35.47,116.45,173.085724,PM2.5,20006
138.210007,217.240005,52.680000,63.810001,1.780000,17.840000,1.820000,1.020000,281.850006,51.980000,101535.781250,35.45,116.62,183.157150,PM2.5,20007
150.330002,236.729996,59.169998,67.029999,1.890000,12.930000,1.630000,1.460000,281.679993,54.599998,101485.093750,35.44,116.79,200.330002,PM2.5,20008
160.539993,251.470001,62.200001,68.239998,1.920000,11.280000,1.310000,1.940000,281.380005,57.040001,101147.281250,35.42,116.95,210.539993,PM2.5,20009
161.169998,250.830002,57.169998,66.389999,1.790000,13.580000,1.470000,2.400000,281.010010,58.590000,100233.382812,35.41,117.12,211.169998,PM2.5,20010
161.919998,250.869995,53.610001,66.220001,1.700000,16.260000,2.430000,2.570000,280.609985,60.279999,99257.023438,35.39,117.28,211.919998,PM2.5,20011
161.589996,249.470001,51.380001,66.180000,1.650000,18.320000,3.630000,2.660000,280.690002,60.049999,98820.093750,35.38,117.45,211.589996,PM2.5,20012
162.679993,250.710007,50.189999,66.480003,1.630000,19.500000,4.600000,2.570000,281.109985,58.549999,98904.570312,35.36,117.61,212.679993,PM2.5,20013
168.529999,259.649994,50.119999,67.589996,1.690000,18.639999,4.980000,1.970000,281.470001,57.799999,99318.500000,35.35,117.78,218.529999,PM2.5,20014
171.729996,263.869995,49.080002,69.269997,1.730000,18.400000,4.610000,1.280000,281.489990,58.980000,99669.750000,35.33,117.94,221.729996,PM2.5,20015
172.369995,263.570007,47.220001,70.769997,1.750000,19.219999,4.140000,1.100000,281.170013,62.070000,99909.062500,35.31,118.11,222.369995,PM2.5,20016
175.809998,271.369995,50.860001,73.190002,1.890000,16.520000,4.010000,1.370000,281.029999,64.949997,100285.882812,35.3,118.28,225.809998,PM2.5,20017
175.970001,274.709991,52.040001,75.360001,2.010000,14.870000,4.010000,1.770000,281.089996,66.739998,100631.632812,35.28,118.44,225.970001,PM2.5,20018
169.520004,261.660004,46.750000,74.919998,1.910000,17.020000,4.120000,2.100000,281.179993,67.849998,100697.593750,35.26,118.61,219.520004,PM2.5,20019
165.009995,252.889999,43.540001,74.959999,1.870000,18.559999,4.430000,2.500000,281.239990,68.430000,100461.109375,35.24,118.77,215.009995,PM2.5,20020
160.500000,244.289993,41.320000,74.669998,1.840000,20.240000,4.790000,2.150000,281.380005,68.629997,100290.796875,35.23,118.94,210.500000,PM2.5,20021
158.380005,240.009995,40.060001,73.879997,1.840000,21.010000,5.220000,2.060000,281.579987,68.489998,100572.460938,35.21,119.1,208.380005,PM2.5,20022
154.330002,231.929993,40.490002,73.029999,1.780000,21.110001,5.680000,2.480000,282.230011,67.269997,101188.976562,35.19,119.27,204.330002,PM2.5,20023
123.800003,217.199997,36.650002,58.070000,1.920000,28.980000,1.270000,-0.370000,282.839996,38.290001,101239.976562,35.69,115.47,162.571426,PM2.5,20245
126.760002,218.130005,35.750000,57.770000,1.840000,29.030001,1.510000,-0.240000,282.679993,39.599998,101320.343750,35.68,115.64,166.800003,PM2.5,20246
128.830002,218.830002,35.980000,58.090000,1.770000,28.299999,1.650000,-0.140000,282.559998,40.470001,101322.039062,35.66,115.81,169.757141,PM2.5,20247
131.110001,219.839996,36.470001,58.610001,1.710000,27.910000,1.730000,-0.150000,282.450012,41.130001,101366.562500,35.65,115.97,173.014282,PM2.5,20248
132.830002,218.070007,37.060001,59.250000,1.660000,27.600000,1.800000,-0.190000,282.339996,43.060001,101466.453125,35.63,116.14,175.471436,PM2.5,20249
133.179993,213.199997,38.660000,60.150002,1.630000,26.940001,1.770000,-0.050000,282.119995,46.540001,101504.921875,35.62,116.31,175.971420,PM2.5,20250
135.679993,212.279999,40.840000,61.029999,1.620000,25.950001,1.700000,0.350000,281.839996,50.380001,101490.039062,35.6,116.47,179.542847,PM2.5,20251
140.669998,217.009995,45.169998,62.139999,1.670000,23.070000,1.640000,0.880000,281.600006,53.509998,101435.039062,35.59,116.64,186.671432,PM2.5,20252
153.970001,236.169998,53.400002,64.480003,1.840000,16.840000,1.590000,1.380000,281.420013,56.049999,101304.468750,35.58,116.8,203.970001,PM2.5,20253
164.470001,250.229996,56.580002,65.959999,1.910000,15.340000,1.590000,2.110000,281.230011,57.880001,101097.171875,35.56,116.97,214.470001,PM2.5,20254
168.300003,254.889999,54.610001,65.940002,1.850000,17.080000,1.980000,2.900000,281.130005,58.349998,100455.531250,35.54,117.14,218.300003,PM2.5,20255
169.899994,256.609985,52.759998,66.290001,1.800000,18.900000,3.100000,3.120000,280.910004,58.470001,99406.273438,35.53,117.3,219.899994,PM2.5,20256
171.789993,258.829987,51.419998,66.610001,1.780000,19.889999,4.200000,2.770000,281.000000,58.080002,99074.750000,35.51,117.47,221.789993,PM2.5,20257
174.610001,262.380005,50.669998,67.110001,1.790000,20.139999,4.470000,1.870000,281.149994,58.419998,99332.507812,35.5,117.63,224.610001,PM2.5,20258
178.169998,267.059998,50.509998,68.180000,1.840000,19.299999,4.360000,1.150000,280.850006,60.410000,99170.062500,35.48,117.8,228.169998,PM2.5,20259
178.850006,267.359985,49.709999,69.599998,1.860000,19.200001,4.410000,1.120000,280.589996,62.139999,98862.859375,35.46,117.96,228.850006,PM2.5,20260
177.500000,264.480011,47.820000,70.820000,1.840000,20.180000,4.440000,1.320000,280.670013,62.889999,99050.890625,35.45,118.13,227.500000,PM2.5,20261
177.270004,264.589996,47.439999,71.970001,1.870000,20.000000,4.120000,1.270000,280.829987,64.389999,99892.226562,35.43,118.3,227.270004,PM2.5,20262
177.190002,266.470001,47.150002,73.449997,1.950000,19.309999,3.750000,1.530000,280.750000,66.930000,100504.953125,35.41,118.46,227.190002,PM2.5,20263
173.820007,260.480011,44.570000,74.089996,1.940000,19.969999,3.780000,1.880000,280.739990,69.040001,100481.359375,35.4,118.63,223.820007,PM2.5,20264
167.740005,250.380005,42.049999,74.230003,1.860000,21.240000,4.050000,2.290000,280.820007,70.050003,100209.453125,35.38,118.79,217.740005,PM2.5,20265
162.740005,241.660004,40.230000,74.050003,1.810000,22.620001,4.590000,2.130000,280.859985,70.419998,99791.976562,35.36,118.96,212.740005,PM2.5,20266
159.710007,236.490005,38.730000,73.949997,1.790000,23.530001,5.270000,2.200000,281.420013,68.959999,99990.101562,35.34,119.12,209.710007,PM2.5,20267
158.320007,234.460007,38.310001,74.190002,1.810000,22.100000,5.560000,2.250000,281.950012,65.879997,100998.617188,35.33,119.29,208.320007,PM2.5,20268
141.110001,236.919998,37.820000,61.619999,1.870000,27.250000,1.580000,-0.420000,282.350006,41.480000,101413.593750,35.8,115.82,187.300003,PM2.5,20492
143.610001,237.779999,38.320000,62.139999,1.790000,27.090000,1.580000,-0.430000,282.170013,41.820000,101422.328125,35.78,115.99,190.871429,PM2.5,20493
144.910004,234.479996,38.959999,62.470001,1.700000,27.129999,1.540000,-0.380000,282.059998,44.599998,101472.656250,35.77,116.16,192.728577,PM2.5,20494
144.770004,228.839996,40.560001,62.720001,1.650000,26.910000,1.490000,-0.080000,281.790009,49.049999,101482.156250,35.75,116.32,192.528580,PM2.5,20495
144.639999,223.139999,42.630001,62.680000,1.630000,26.610001,1.480000,0.370000,281.500000,52.610001,101400.687500,35.74,116.49,192.342850,PM2.5,20496
148.699997,225.759995,47.110001,63.090000,1.670000,23.379999,1.440000,0.950000,281.269989,55.430000,101313.687500,35.73,116.66,198.142853,PM2.5,20497
162.139999,243.289993,55.150002,64.739998,1.860000,16.500000,1.500000,1.520000,281.070007,57.650002,101026.273438,35.71,116.82,212.139999,PM2.5,20498
171.389999,254.679993,57.230000,65.750000,1.930000,15.600000,1.940000,2.110000,280.839996,59.349998,100614.617188,35.69,116.99,221.389999,PM2.5,20499
175.970001,260.299988,55.500000,66.180000,1.910000,17.420000,2.660000,2.850000,280.959991,59.119999,100401.242188,35.68,117.15,225.970001,PM2.5,20500
179.330002,264.660004,54.330002,66.839996,1.890000,18.980000,3.440000,3.100000,281.200012,57.860001,100090.570312,35.66,117.32,229.330002,PM2.5,20501
182.679993,268.790009,53.419998,67.239998,1.910000,19.600000,3.730000,2.600000,281.100006,58.450001,99780.898438,35.65,117.49,232.679993,PM2.5,20502
182.779999,267.769989,52.529999,67.430000,1.930000,20.010000,3.740000,1.750000,280.519989,61.110001,98985.960938,35.63,117.65,232.779999,PM2.5,20503
184.899994,270.420013,51.820000,68.320000,1.950000,19.670000,4.510000,1.590000,280.070007,62.520000,98055.421875,35.62,117.82,234.899994,PM2.5,20504
184.119995,268.670013,50.320000,69.480003,1.940000,20.080000,4.940000,1.580000,280.480011,61.619999,98410.718750,35.6,117.99,234.119995,PM2.5,20505
181.029999,263.220001,48.020000,70.239998,1.900000,21.120001,4.480000,1.280000,280.649994,62.520000,98975.320312,35.58,118.15,231.029999,PM2.5,20506
179.279999,260.540009,47.189999,70.860001,1.920000,21.150000,4.160000,1.010000,280.529999,64.739998,99358.617188,35.57,118.32,229.279999,PM2.5,20507
179.289993,261.839996,46.220001,71.870003,1.980000,20.660000,3.790000,1.380000,280.380005,67.639999,100051.320312,35.55,118.48,229.289993,PM2.5,20508
176.710007,257.570007,43.810001,72.709999,1.980000,21.330000,3.450000,1.640000,280.269989,70.150002,100336.789062,35.53,118.65,226.710007,PM2.5,20509
172.169998,251.039993,41.500000,73.320000,1.930000,21.930000,3.580000,2.090000,280.410004,71.550003,100087.859375,35.51,118.81,222.169998,PM2.5,20510
166.190002,241.720001,39.660000,73.059998,1.850000,23.350000,4.420000,2.150000,280.540009,71.680000,99465.031250,35.5,118.98,216.190002,PM2.5,20511
162.570007,236.399994,38.020000,73.230003,1.810000,24.200001,5.550000,2.020000,281.059998,70.010002,99630.320312,35.48,119.14,212.570007,PM2.5,20512
160.179993,233.550003,36.840000,73.919998,1.800000,23.090000,5.640000,1.860000,281.859985,67.349998,100838.687500,35.46,119.31,210.179993,PM2.5,20513
158.470001,231.690002,38.410000,74.750000,1.800000,21.410000,5.230000,1.790000,282.369995,66.849998,101619.976562,35.44,119.48,208.470001,PM2.5,20514
152.679993,250.839996,40.650002,65.089996,2.170000,24.850000,1.280000,-1.200000,282.630005,37.820000,101451.726562,35.96,115.51,202.679993,PM2.5,20736
154.029999,251.789993,39.380001,64.889999,2.020000,25.730000,1.430000,-1.000000,282.440002,39.630001,101480.890625,35.95,115.67,204.029999,PM2.5,20737
157.479996,254.110001,40.080002,65.820000,1.800000,25.879999,1.510000,-0.760000,282.010010,42.020000,101444.000000,35.92,116.01,207.479996,PM2.5,20739
157.039993,250.039993,40.930000,65.510002,1.700000,26.010000,1.350000,-0.560000,281.850006,46.189999,101467.531250,35.9,116.17,207.039993,PM2.5,20740
156.110001,244.889999,42.669998,64.309998,1.650000,25.559999,1.200000,-0.080000,281.489990,50.700001,101390.453125,35.89,116.34,206.110001,PM2.5,20741
153.389999,234.229996,44.240002,63.779999,1.600000,27.230000,1.220000,0.510000,281.119995,54.139999,101114.578125,35.87,116.51,203.389999,PM2.5,20742
156.770004,234.309998,47.220001,63.820000,1.610000,25.850000,1.350000,1.080000,280.839996,57.070000,100977.039062,35.86,116.67,206.770004,PM2.5,20743
168.070007,246.699997,52.660000,64.599998,1.750000,19.420000,1.610000,1.780000,280.709991,58.770000,100706.117188,35.85,116.84,218.070007,PM2.5,20744
176.279999,256.089996,54.740002,65.570000,1.850000,18.420000,2.290000,2.350000,280.619995,59.299999,100120.203125,35.83,117.01,226.279999,PM2.5,20745
182.190002,263.239990,54.709999,66.239998,1.890000,19.120001,3.010000,2.540000,280.660004,59.709999,100041.882812,35.81,117.17,232.190002,PM2.5,20746
185.500000,267.070007,54.259998,66.830002,1.920000,19.969999,3.220000,2.350000,280.929993,59.270000,100236.156250,35.8,117.34,235.500000,PM2.5,20747
189.669998,272.350006,55.090000,67.309998,2.010000,19.559999,3.190000,2.170000,280.730011,60.340000,99825.046875,35.78,117.51,239.669998,PM2.5,20748
191.789993,274.880005,55.360001,67.879997,2.080000,19.090000,3.670000,2.110000,280.230011,62.310001,98847.250000,35.77,117.67,241.789993,PM2.5,20749
192.509995,275.589996,54.290001,68.669998,2.090000,18.879999,4.590000,1.980000,280.109985,62.689999,98329.328125,35.75,117.84,242.509995,PM2.5,20750
190.240005,271.500000,51.900002,69.360001,2.050000,19.500000,4.660000,1.180000,280.350006,62.770000,98751.453125,35.73,118.01,240.240005,PM2.5,20751
185.720001,263.989990,49.290001,69.730003,2.000000,20.750000,4.410000,0.850000,280.029999,65.139999,98633.453125,35.72,118.17,235.720001,PM2.5,20752
183.759995,261.160004,48.029999,70.230003,1.990000,21.000000,4.840000,1.160000,280.049988,65.760002,98389.570312,35.7,118.34,233.759995,PM2.5,20753
183.570007,261.660004,46.459999,70.989998,2.030000,20.790001,4.440000,1.400000,280.239990,67.120003,99383.617188,35.68,118.5,233.570007,PM2.5,20754
180.639999,256.790009,43.910000,71.760002,2.040000,21.490000,3.270000,1.370000,279.880005,70.860001,100130.921875,35.67,118.67,230.639999,PM2.5,20755
176.449997,251.300003,41.400002,72.629997,2.010000,21.820000,3.180000,1.940000,279.750000,73.279999,99910.273438,35.65,118.84,226.449997,PM2.5,20756
170.169998,242.910004,39.349998,72.540001,1.900000,23.410000,4.240000,2.550000,280.059998,73.449997,99086.851562,35.63,119.0,220.169998,PM2.5,20757
164.210007,234.990005,38.029999,72.510002,1.800000,25.139999,5.280000,2.200000,280.690002,70.349998,98847.382812,35.61,119.17,214.210007,PM2.5,20758
158.990005,227.990005,36.349998,72.639999,1.740000,26.020000,5.200000,1.570000,281.600006,67.800003,99936.109375,35.59,119.33,208.990005,PM2.5,20759
153.929993,221.770004,35.849998,72.500000,1.690000,25.740000,4.680000,1.270000,281.980011,65.610001,101144.117188,35.58,119.5,203.929993,PM2.5,20760
171.889999,272.290009,41.430000,69.099998,2.280000,24.270000,1.000000,-1.420000,282.260010,38.720001,101368.656250,36.09,115.52,221.889999,PM2.5,20982
173.740005,275.290009,41.830002,69.779999,2.110000,23.450001,1.300000,-1.370000,282.149994,39.660000,101390.710938,36.08,115.69,223.740005,PM2.5,20983
173.820007,276.390015,42.660000,70.370003,1.950000,22.660000,1.550000,-1.280000,282.100006,40.509998,101384.789062,36.07,115.86,223.820007,PM2.5,20984
170.660004,267.350006,41.330002,69.459999,1.690000,27.049999,1.040000,-0.560000,281.570007,49.540001,101266.953125,36.04,116.19,220.660004,PM2.5,20986
162.899994,251.860001,42.619999,65.809998,1.590000,27.750000,1.040000,-0.070000,281.140015,50.209999,100931.296875,36.02,116.36,212.899994,PM2.5,20987
160.470001,242.309998,46.790001,63.970001,1.560000,27.990000,1.050000,0.580000,280.750000,54.189999,100673.976562,36.01,116.53,210.470001,PM2.5,20988
164.509995,242.320007,51.410000,64.110001,1.600000,25.680000,1.080000,0.930000,280.359985,58.230000,100525.273438,36.0,116.69,214.509995,PM2.5,20989
172.649994,248.970001,55.349998,65.279999,1.700000,19.320000,1.310000,1.130000,280.220001,60.660000,100681.421875,35.98,116.86,222.649994,PM2.5,20990
182.740005,260.359985,58.009998,66.230003,1.850000,17.809999,1.790000,1.630000,280.220001,61.380001,100635.406250,35.96,117.03,232.740005,PM2.5,20991
188.419998,266.970001,57.500000,66.680000,1.930000,18.580000,2.410000,1.940000,280.140015,62.009998,100108.101562,35.95,117.19,238.419998,PM2.5,20992
192.240005,271.790009,56.740002,67.269997,1.990000,19.540001,2.830000,1.810000,280.109985,62.340000,99743.523438,35.93,117.36,242.240005,PM2.5,20993
199.419998,282.209991,61.119999,68.160004,2.200000,17.580000,2.920000,1.880000,280.079987,62.980000,99551.757812,35.92,117.53,249.419998,PM2.5,20994
202.160004,286.040009,62.880001,68.989998,2.340000,16.570000,3.020000,1.980000,279.859985,64.389999,99102.062500,35.9,117.69,252.160004,PM2.5,20995
199.339996,281.290009,60.230000,69.470001,2.310000,17.040001,3.500000,1.510000,279.510010,65.900002,98311.976562,35.89,117.86,249.339996,PM2.5,20996
194.910004,273.929993,56.020000,69.760002,2.220000,18.219999,4.250000,1.000000,279.290009,67.099998,97794.726562,35.87,118.03,244.910004,PM2.5,20997
189.639999,265.790009,52.130001,69.919998,2.100000,19.740000,5.080000,1.330000,279.410004,66.919998,97683.523438,35.85,118.19,239.639999,PM2.5,20998
186.460007,261.559998,49.279999,70.160004,2.040000,20.459999,5.510000,1.670000,280.000000,65.050003,98067.281250,35.84,118.36,236.460007,PM2.5,20999
184.009995,258.619995,47.580002,70.389999,2.040000,20.670000,4.490000,1.280000,280.399994,65.559998,99182.921875,35.82,118.52,234.009995,PM2.5,21000
180.940002,253.610001,44.709999,70.680000,2.040000,21.629999,3.230000,1.340000,279.829987,70.489998,99707.281250,35.8,118.69,230.940002,PM2.5,21001
175.869995,246.720001,42.250000,71.029999,1.970000,22.600000,3.420000,2.050000,279.709991,73.190002,99517.898438,35.78,118.86,225.869995,PM2.5,21002
170.250000,240.139999,40.029999,71.379997,1.870000,23.940001,4.360000,3.030000,280.200012,72.620003,99335.328125,35.77,119.02,220.250000,PM2.5,21003
165.289993,234.210007,38.349998,71.720001,1.790000,25.520000,4.890000,2.850000,280.839996,69.610001,99237.156250,35.75,119.19,215.289993,PM2.5,21004
159.750000,227.270004,36.540001,71.760002,1.720000,27.049999,4.780000,1.850000,281.369995,68.010002,99440.117188,35.73,119.35,209.750000,PM2.5,21005
153.240005,218.820007,35.080002,71.169998,1.650000,27.910000,4.560000,1.270000,281.790009,66.070000,100273.953125,35.71,119.52,203.240005,PM2.5,21006
147.039993,211.979996,33.740002,70.309998,1.580000,29.969999,4.610000,1.560000,282.459991,67.419998,101286.476562,35.69,119.69,195.771423,PM2.5,21007
140.330002,203.399994,33.490002,66.620003,1.490000,34.910000,5.070000,1.950000,282.809998,68.730003,101684.179688,35.67,119.85,186.185715,PM2.5,21008
188.279999,291.100006,42.500000,73.570000,2.360000,23.049999,0.950000,-1.690000,282.019989,37.959999,101279.460938,36.23,115.54,238.279999,PM2.5,21229
187.110001,290.559998,43.389999,73.519997,2.150000,21.280001,1.380000,-1.770000,282.019989,38.290001,101269.648438,36.22,115.71,237.110001,PM2.5,21230
181.179993,283.679993,43.919998,72.739998,1.940000,20.219999,1.630000,-1.760000,282.000000,38.299999,101286.226562,36.2,115.87,231.179993,PM2.5,21231
173.610001,271.769989,41.630001,71.430000,1.760000,22.719999,1.450000,-1.420000,281.790009,40.180000,101433.726562,36.19,116.04,223.610001,PM2.5,21232
167.940002,262.070007,41.230000,69.150002,1.610000,26.180000,1.110000,-0.620000,281.380005,43.959999,101139.203125,36.17,116.21,217.940002,PM2.5,21233
164.729996,253.699997,42.759998,66.349998,1.540000,28.780001,0.990000,0.100000,280.890015,48.209999,100563.656250,36.16,116.38,214.729996,PM2.5,21234
166.919998,251.149994,49.029999,63.750000,1.540000,27.780001,0.690000,0.690000,280.350006,54.400002,100352.796875,36.15,116.54,216.919998,PM2.5,21235
166.830002,244.889999,53.619999,64.089996,1.580000,24.629999,0.410000,0.770000,279.920013,59.169998,100005.851562,36.13,116.71,216.830002,PM2.5,21236
169.429993,244.720001,56.130001,65.080002,1.640000,19.049999,0.930000,0.040000,279.609985,61.340000,99440.398438,36.12,116.88,219.429993,PM2.5,21237
179.889999,257.970001,62.950001,67.300003,1.870000,16.309999,1.730000,0.120000,279.570007,62.590000,99440.968750,36.1,117.05,229.889999,PM2.5,21238
188.320007,265.910004,61.759998,67.669998,1.990000,16.690001,2.090000,0.940000,279.519989,64.010002,99646.296875,36.08,117.21,238.320007,PM2.5,21239
193.880005,270.809998,57.830002,68.160004,2.040000,18.610001,2.260000,1.490000,279.519989,64.599998,99341.531250,36.07,117.38,243.880005,PM2.5,21240
198.039993,278.589996,66.120003,69.269997,2.280000,16.120001,2.110000,1.680000,279.559998,65.260002,99204.796875,36.05,117.55,248.039993,PM2.5,21241
198.149994,278.260010,66.660004,69.769997,2.380000,15.950000,1.980000,1.760000,279.329987,66.889999,98642.289062,36.04,117.71,248.149994,PM2.5,21242
196.369995,274.420013,62.680000,69.860001,2.360000,16.889999,3.040000,1.590000,278.820007,68.750000,97300.796875,36.02,117.88,246.369995,PM2.5,21243
192.660004,268.250000,58.599998,69.940002,2.280000,18.100000,4.730000,1.660000,278.959991,67.540001,96793.523438,36.0,118.05,242.660004,PM2.5,21244
189.279999,262.820007,54.070000,69.760002,2.180000,19.270000,5.680000,1.750000,279.450012,66.019997,97290.242188,35.99,118.21,239.279999,PM2.5,21245
184.660004,256.420013,50.119999,69.629997,2.070000,20.450001,5.490000,1.300000,279.980011,65.199997,98014.382812,35.97,118.38,234.660004,PM2.5,21246
181.889999,252.990005,47.990002,69.559998,2.050000,20.700001,4.510000,0.710000,280.220001,66.070000,98897.273438,35.95,118.55,231.889999,PM2.5,21247
179.009995,248.660004,45.290001,69.489998,2.010000,21.820000,3.920000,1.220000,279.799988,69.959999,99299.046875,35.94,118.71,229.009995,PM2.5,21248
175.149994,243.429993,42.930000,69.629997,1.920000,23.129999,4.320000,2.060000,279.730011,72.260002,99350.742188,35.92,118.88,225.149994,PM2.5,21249
170.169998,237.929993,41.020000,70.190002,1.840000,24.370001,4.640000,2.660000,280.500000,70.650002,99961.867188,35.9,119.05,220.169998,PM2.5,21250
166.199997,234.080002,39.180000,71.059998,1.780000,25.150000,4.400000,2.660000,281.269989,68.309998,100401.796875,35.88,119.21,216.199997,PM2.5,21251
160.899994,228.509995,36.759998,71.599998,1.720000,26.209999,4.340000,2.200000,281.369995,68.330002,99977.093750,35.86,119.38,210.899994,PM2.5,21252
153.919998,219.029999,35.020000,71.010002,1.640000,28.639999,4.580000,1.730000,281.570007,67.419998,99810.546875,35.85,119.54,203.919998,PM2.5,21253
146.649994,209.479996,33.000000,69.730003,1.550000,31.350000,4.500000,1.650000,282.170013,67.260002,100551.523438,35.83,119.71,195.214279,PM2.5,21254
138.110001,199.130005,31.570000,66.370003,1.470000,35.590000,4.450000,1.450000,282.299988,67.629997,101263.531250,35.81,119.88,183.014282,PM2.5,21255
204.050003,310.239990,44.880001,79.599998,2.720000,21.760000,0.480000,-2.300000,282.089996,34.660000,101209.812500,36.38,115.39,254.050003,PM2.5,21475
195.899994,297.829987,42.340000,76.629997,2.430000,21.700001,0.990000,-2.370000,282.070007,35.310001,101209.289062,36.36,115.56,245.899994,PM2.5,21476
188.990005,290.570007,44.259998,75.760002,2.200000,19.110001,1.540000,-2.510000,282.000000,35.889999,101178.406250,36.35,115.72,238.990005,PM2.5,21477
183.460007,286.119995,45.070000,74.500000,2.000000,18.160000,1.850000,-2.380000,281.809998,37.369999,101232.718750,36.34,115.89,233.460007,PM2.5,21478
178.309998,278.850006,41.830002,72.779999,1.830000,21.570000,1.710000,-1.800000,281.579987,39.570000,101427.117188,36.32,116.06,228.309998,PM2.5,21479
174.270004,273.540009,42.369999,70.279999,1.680000,25.690001,1.290000,-0.700000,281.190002,44.320000,101388.742188,36.31,116.23,224.270004,PM2.5,21480
171.970001,266.429993,44.340000,67.540001,1.600000,29.440001,0.920000,0.570000,280.730011,49.590000,101002.843750,36.29,116.39,221.970001,PM2.5,21481
172.009995,258.850006,48.139999,64.900002,1.560000,30.020000,0.520000,1.360000,280.200012,55.169998,100463.421875,36.28,116.56,222.009995,PM2.5,21482
168.399994,247.429993,51.570000,64.000000,1.550000,26.309999,0.150000,1.600000,279.790009,58.889999,99780.351562,36.27,116.73,218.399994,PM2.5,21483
164.759995,238.149994,52.919998,64.260002,1.550000,21.020000,1.010000,0.830000,279.149994,59.799999,97910.960938,36.25,116.9,214.759995,PM2.5,21484
169.770004,244.559998,58.880001,65.839996,1.710000,18.330000,2.770000,0.160000,278.920013,60.000000,96768.593750,36.23,117.06,219.770004,PM2.5,21485
179.029999,253.119995,58.240002,67.769997,1.850000,17.870001,2.770000,0.170000,279.329987,62.360001,98484.437500,36.22,117.23,229.029999,PM2.5,21486
188.059998,260.250000,55.349998,68.889999,1.970000,18.770000,1.640000,0.380000,279.260010,65.400002,99703.750000,36.2,117.4,238.059998,PM2.5,21487
193.169998,272.980011,69.559998,70.830002,2.310000,15.500000,1.210000,1.130000,279.269989,66.760002,99488.039062,36.19,117.57,243.169998,PM2.5,21488
193.630005,271.989990,67.900002,70.599998,2.370000,15.900000,1.440000,1.670000,279.019989,68.500000,98546.953125,36.17,117.73,243.630005,PM2.5,21489
191.490005,267.200012,63.380001,69.849998,2.350000,17.040001,3.210000,1.860000,278.549988,69.459999,96857.937500,36.16,117.9,241.490005,PM2.5,21490
190.880005,265.690002,60.500000,70.000000,2.340000,17.709999,5.280000,1.830000,278.720001,68.120003,96474.890625,36.14,118.07,240.880005,PM2.5,21491
186.139999,258.089996,55.849998,69.480003,2.210000,19.420000,5.370000,1.610000,279.470001,65.660004,97221.039062,36.12,118.23,236.139999,PM2.5,21492
180.399994,249.050003,51.209999,68.559998,2.070000,20.870001,4.720000,1.060000,279.459991,66.370003,97337.773438,36.11,118.4,230.399994,PM2.5,21493
177.750000,245.119995,48.180000,67.980003,2.000000,21.620001,4.900000,0.740000,279.519989,67.169998,97446.203125,36.09,118.57,227.750000,PM2.5,21494
175.460007,242.419998,45.740002,67.910004,1.940000,22.540001,5.220000,1.270000,279.769989,68.239998,98262.992188,36.07,118.73,225.460007,PM2.5,21495
172.789993,239.529999,44.049999,68.180000,1.870000,23.559999,5.230000,1.920000,280.179993,68.650002,99185.242188,36.05,118.9,222.789993,PM2.5,21496
169.509995,236.250000,42.439999,68.870003,1.810000,24.520000,4.890000,2.070000,280.660004,68.790001,100195.101562,36.04,119.07,219.509995,PM2.5,21497
166.100006,233.380005,40.759998,69.940002,1.760000,24.930000,4.350000,2.090000,281.170013,68.690002,100863.507812,36.02,119.23,216.100006,PM2.5,21498
160.440002,227.649994,38.169998,70.760002,1.700000,25.889999,4.270000,2.360000,281.390015,69.070000,100727.281250,36.0,119.4,210.440002,PM2.5,21499
154.690002,219.789993,35.860001,70.589996,1.630000,28.530001,4.710000,2.340000,281.500000,68.800003,100286.648438,35.98,119.57,204.690002,PM2.5,21500
148.619995,211.830002,33.570000,69.809998,1.570000,30.959999,4.960000,2.040000,281.859985,68.580002,100396.062500,35.96,119.73,198.028564,PM2.5,21501
140.770004,202.679993,31.559999,67.589996,1.500000,34.270000,4.650000,1.660000,282.010010,68.379997,100853.132812,35.94,119.9,186.814285,PM2.5,21502
128.520004,189.460007,29.740000,62.930000,1.390000,41.360001,4.580000,1.430000,282.369995,69.639999,101197.476562,35.92,120.07,169.314285,PM2.5,21503
215.240005,319.410004,44.320000,83.570000,2.880000,21.020000,0.600000,-3.000000,282.059998,33.070000,101242.109375,36.51,115.41,265.239990,PM2.5,21721
204.669998,306.500000,41.529999,80.089996,2.590000,21.379999,1.160000,-3.040000,281.890015,34.220001,101234.562500,36.5,115.57,254.669998,PM2.5,21722
195.600006,297.059998,41.490002,77.610001,2.340000,20.459999,1.740000,-2.890000,281.660004,35.730000,101244.000000,36.49,115.74,245.600006,PM2.5,21723
190.839996,294.570007,42.060001,75.889999,2.150000,19.520000,2.070000,-2.450000,281.440002,37.660000,101306.109375,36.47,115.91,240.839996,PM2.5,21724
186.539993,290.790009,40.599998,73.860001,1.970000,21.430000,1.960000,-1.810000,281.269989,39.939999,101445.742188,36.46,116.08,236.539993,PM2.5,21725
181.059998,285.410004,41.799999,71.300003,1.780000,25.290001,1.510000,-0.780000,281.040009,43.849998,101539.382812,36.44,116.24,231.059998,PM2.5,21726
178.300003,278.929993,44.000000,68.570000,1.690000,29.889999,1.000000,0.640000,280.660004,49.990002,101493.078125,36.43,116.41,228.300003,PM2.5,21727
174.830002,263.070007,44.779999,67.190002,1.640000,34.840000,0.680000,1.920000,280.250000,55.820000,101033.468750,36.42,116.58,224.830002,PM2.5,21728
169.750000,247.809998,48.580002,65.870003,1.600000,32.639999,0.520000,2.810000,280.109985,58.240002,100394.281250,36.4,116.75,219.750000,PM2.5,21729
162.539993,232.970001,48.570000,65.459999,1.540000,26.389999,1.120000,2.830000,279.589996,59.000000,98639.320312,36.39,116.92,212.539993,PM2.5,21730
163.770004,232.750000,50.150002,65.150002,1.570000,22.469999,3.080000,1.690000,278.690002,59.529999,96409.820312,36.37,117.08,213.770004,PM2.5,21731
168.179993,236.860001,51.340000,65.769997,1.660000,20.570000,3.560000,0.610000,278.730011,61.740002,96920.882812,36.35,117.25,218.179993,PM2.5,21732
177.660004,247.309998,54.000000,68.599998,1.870000,19.350000,1.820000,-0.210000,278.690002,66.160004,98731.828125,36.34,117.42,227.660004,PM2.5,21733
182.339996,259.850006,67.040001,70.879997,2.180000,15.760000,0.830000,0.490000,278.619995,68.989998,98968.929688,36.32,117.59,232.339996,PM2.5,21734
183.300003,259.230011,65.129997,69.800003,2.240000,16.240000,1.430000,1.530000,278.369995,71.150002,97937.132812,36.31,117.75,233.300003,PM2.5,21735
183.350006,257.700012,62.500000,69.059998,2.270000,17.379999,3.510000,2.350000,278.119995,70.940002,96279.562500,36.29,117.92,233.350006,PM2.5,21736
183.580002,256.910004,60.419998,69.120003,2.260000,18.139999,5.880000,2.020000,278.260010,68.470001,95536.132812,36.27,118.09,233.580002,PM2.5,21737
182.100006,253.470001,56.419998,68.779999,2.190000,19.129999,6.130000,1.670000,279.170013,65.489998,96613.398438,36.26,118.25,232.100006,PM2.5,21738
177.139999,245.309998,52.320000,67.989998,2.060000,20.860001,5.130000,1.860000,279.500000,65.419998,97166.640625,36.24,118.42,227.139999,PM2.5,21739
176.889999,244.440002,50.009998,67.870003,2.010000,21.400000,5.500000,1.990000,279.480011,65.739998,96892.203125,36.22,118.59,226.889999,PM2.5,21740
173.809998,240.860001,47.750000,67.879997,1.920000,22.830000,6.050000,1.870000,280.320007,63.939999,97824.687500,36.21,118.76,223.809998,PM2.5,21741
171.110001,237.820007,46.110001,67.959999,1.850000,23.809999,5.440000,1.710000,281.079987,63.419998,99261.523438,36.19,118.92,221.110001,PM2.5,21742
168.649994,235.360001,44.180000,68.330002,1.790000,24.670000,4.550000,1.540000,281.140015,66.209999,100260.710938,36.17,119.09,218.649994,PM2.5,21743
165.139999,232.470001,42.299999,69.220001,1.730000,24.860001,4.090000,1.680000,281.089996,68.720001,100918.593750,36.15,119.26,215.139999,PM2.5,21744
159.070007,225.990005,39.680000,69.849998,1.660000,25.920000,4.140000,2.090000,281.320007,69.959999,101126.156250,36.13,119.42,209.070007,PM2.5,21745
154.110001,218.759995,37.080002,69.730003,1.610000,28.709999,4.400000,2.340000,281.619995,70.070000,100956.656250,36.11,119.59,204.110001,PM2.5,21746
148.729996,211.550003,34.610001,69.010002,1.550000,31.250000,4.600000,2.130000,281.829987,69.769997,100798.117188,36.1,119.76,198.185715,PM2.5,21747
142.199997,204.220001,32.509998,67.389999,1.510000,34.330002,4.570000,1.990000,281.880005,70.320000,100800.726562,36.08,119.92,188.857132,PM2.5,21748
129.309998,191.440002,30.660000,64.860001,1.420000,37.430000,4.530000,1.650000,281.899994,68.889999,101113.000000,36.06,120.09,170.442856,PM2.5,21749
231.600006,336.399994,43.939999,87.620003,3.120000,20.959999,0.990000,-3.450000,281.709991,32.930000,101338.171875,36.65,115.42,281.600006,PM2.5,21968
219.580002,325.140015,41.380001,83.750000,2.810000,21.110001,1.500000,-3.120000,281.429993,34.630001,101366.882812,36.63,115.59,269.580017,PM2.5,21969
208.880005,312.690002,38.419998,80.139999,2.560000,21.760000,1.920000,-2.630000,281.220001,36.410000,101386.593750,36.62,115.76,258.880005,PM2.5,21970
202.500000,307.989990,37.520000,77.260002,2.350000,21.709999,2.110000,-2.150000,281.070007,38.389999,101407.390625,36.61,115.93,252.500000,PM2.5,21971
196.309998,305.570007,39.410000,75.180000,2.120000,20.920000,1.970000,-1.670000,280.980011,40.570000,101470.109375,36.59,116.09,246.309998,PM2.5,21972
187.899994,296.149994,39.700001,72.389999,1.910000,24.740000,1.640000,-0.990000,280.799988,44.150002,101498.117188,36.58,116.26,237.899994,PM2.5,21973
183.339996,287.019989,40.680000,69.150002,1.810000,30.010000,1.280000,0.110000,280.529999,49.430000,101515.046875,36.56,116.43,233.339996,PM2.5,21974
181.419998,275.320007,42.110001,67.080002,1.760000,35.580002,1.170000,1.600000,280.269989,55.430000,101389.250000,36.55,116.6,231.419998,PM2.5,21975
173.809998,265.239990,54.180000,63.549999,1.700000,28.299999,1.170000,3.000000,280.329987,58.220001,101077.390625,36.54,116.77,223.809998,PM2.5,21976
167.500000,252.949997,58.849998,63.880001,1.690000,22.150000,1.500000,3.600000,280.209991,58.730000,100049.843750,36.52,116.93,217.500000,PM2.5,21977
163.889999,244.410004,61.869999,64.430000,1.720000,20.820000,2.770000,3.050000,279.510010,58.400002,97814.179688,36.5,117.1,213.889999,PM2.5,21978
167.589996,245.320007,58.130001,65.089996,1.750000,18.530001,3.420000,2.450000,278.700012,61.099998,96700.117188,36.49,117.27,217.589996,PM2.5,21979
171.389999,245.699997,56.500000,67.779999,1.870000,18.889999,2.240000,1.490000,278.250000,66.029999,97332.156250,36.47,117.44,221.389999,PM2.5,21980
173.639999,253.259995,65.699997,70.190002,2.110000,15.950000,1.800000,1.300000,277.750000,70.690002,97025.460938,36.46,117.61,223.639999,PM2.5,21981
174.270004,253.229996,65.339996,69.500000,2.190000,17.760000,3.140000,2.220000,277.869995,71.040001,96483.179688,36.44,117.77,224.270004,PM2.5,21982
176.490005,254.500000,63.849998,69.019997,2.250000,18.920000,4.540000,3.290000,278.380005,69.180000,96480.203125,36.42,117.94,226.490005,PM2.5,21983
176.910004,252.649994,60.820000,68.769997,2.210000,19.809999,5.770000,2.710000,278.510010,67.260002,95793.570312,36.41,118.11,226.910004,PM2.5,21984
175.389999,248.559998,57.880001,68.400002,2.150000,21.129999,6.170000,1.660000,279.269989,63.990002,96261.750000,36.39,118.28,225.389999,PM2.5,21985
174.339996,245.429993,54.730000,68.139999,2.090000,20.930000,5.580000,2.160000,280.339996,61.669998,97877.453125,36.37,118.44,224.339996,PM2.5,21986
175.100006,245.500000,52.790001,68.199997,2.040000,21.170000,5.480000,2.460000,280.700012,61.490002,98449.171875,36.36,118.61,225.100006,PM2.5,21987
172.770004,241.539993,50.500000,68.160004,1.940000,22.740000,5.590000,1.720000,281.140015,61.009998,98924.968750,36.34,118.78,222.770004,PM2.5,21988
171.199997,239.490005,48.770000,68.220001,1.860000,23.670000,4.910000,1.110000,281.519989,62.020000,99828.726562,36.32,118.94,221.199997,PM2.5,21989
168.529999,236.520004,46.669998,68.430000,1.780000,24.580000,4.060000,0.970000,281.359985,65.550003,100461.820312,36.3,119.11,218.529999,PM2.5,21990
164.649994,232.339996,44.290001,68.750000,1.710000,25.250000,3.750000,1.320000,281.130005,68.830002,100967.031250,36.29,119.28,214.649994,PM2.5,21991
157.509995,223.740005,41.250000,68.849998,1.630000,26.770000,3.810000,1.580000,281.049988,70.690002,101331.460938,36.27,119.45,207.509995,PM2.5,21992
152.839996,216.940002,38.430000,68.440002,1.580000,29.350000,3.980000,1.730000,281.359985,71.050003,101434.812500,36.25,119.61,202.839996,PM2.5,21993
147.550003,210.339996,35.759998,67.930000,1.540000,31.459999,4.080000,1.800000,281.600006,71.000000,101236.117188,36.23,119.78,196.500000,PM2.5,21994
140.520004,202.949997,33.820000,66.669998,1.500000,34.110001,4.290000,1.800000,281.760010,70.320000,101097.328125,36.21,119.95,186.457153,PM2.5,21995
126.989998,189.279999,32.000000,64.510002,1.380000,41.490002,4.620000,1.710000,282.859985,71.620003,101483.898438,36.19,120.11,167.128571,PM2.5,21996
102.269997,180.869995,28.990000,69.000000,1.470000,31.459999,4.560000,1.600000,283.040009,74.150002,100983.046875,36.15,120.45,134.087494,PM2.5,21997
98.779999,169.789993,27.370001,56.070000,1.330000,47.240002,4.920000,1.870000,282.700012,73.580002,100460.617188,36.13,120.61,129.725006,PM2.5,21998
239.820007,352.489990,42.009998,87.400002,3.050000,19.490000,1.650000,-2.900000,280.959991,35.299999,101447.890625,36.77,115.61,289.820007,PM2.5,22219
222.119995,331.040009,37.590000,82.089996,2.740000,20.549999,1.850000,-2.440000,280.850006,37.060001,101411.898438,36.76,115.78,272.119995,PM2.5,22220
210.889999,320.329987,36.380001,78.320000,2.490000,20.410000,1.940000,-2.040000,280.769989,39.169998,101401.132812,36.74,115.94,260.890015,PM2.5,22221
202.259995,314.160004,37.529999,75.720001,2.260000,19.870001,1.860000,-1.630000,280.700012,41.700001,101472.476562,36.73,116.11,252.259995,PM2.5,22222
193.309998,303.470001,36.959999,72.860001,2.060000,23.700001,1.720000,-1.120000,280.529999,45.270000,101508.453125,36.71,116.28,243.309998,PM2.5,22223
188.479996,294.089996,37.090000,69.879997,1.960000,29.100000,1.590000,-0.260000,280.320007,49.660000,101493.460938,36.7,116.45,238.479996,PM2.5,22224
185.289993,282.670013,37.980000,67.500000,1.910000,34.500000,1.630000,0.860000,280.179993,54.520000,101475.812500,36.68,116.62,235.289993,PM2.5,22225
171.350006,272.480011,48.389999,63.799999,1.800000,25.920000,1.690000,2.490000,280.260010,58.919998,101456.273438,36.67,116.79,221.350006,PM2.5,22226
157.029999,249.520004,46.500000,64.150002,1.710000,30.400000,1.930000,2.760000,280.899994,56.240002,100986.117188,36.65,116.95,207.029999,PM2.5,22227
154.729996,249.630005,57.520000,65.000000,1.770000,19.330000,2.940000,3.220000,280.600006,56.380001,99758.742188,36.64,117.12,204.729996,PM2.5,22228
156.970001,244.470001,53.020000,66.440002,1.750000,19.830000,3.400000,3.510000,280.239990,57.520000,99084.523438,36.62,117.29,206.970001,PM2.5,22229
161.330002,242.990005,54.400002,68.260002,1.850000,21.719999,2.550000,3.530000,279.380005,62.430000,98642.367188,36.61,117.46,211.330002,PM2.5,22230
161.869995,247.399994,65.120003,69.029999,2.050000,20.330000,3.040000,3.210000,278.709991,65.529999,97240.656250,36.59,117.63,211.869995,PM2.5,22231
167.559998,257.440002,69.930000,69.599998,2.280000,19.100000,4.770000,3.580000,278.980011,65.019997,97204.640625,36.58,117.79,217.559998,PM2.5,22232
170.789993,259.040009,70.199997,69.489998,2.360000,20.719999,5.120000,3.630000,279.950012,62.860001,98409.632812,36.56,117.96,220.789993,PM2.5,22233
171.910004,255.139999,66.690002,69.050003,2.310000,21.020000,5.180000,3.010000,279.549988,64.360001,97533.726562,36.54,118.13,221.910004,PM2.5,22234
171.630005,250.410004,63.220001,68.760002,2.220000,22.150000,6.070000,1.780000,279.609985,63.139999,96830.750000,36.53,118.3,221.630005,PM2.5,22235
173.289993,250.259995,60.529999,69.050003,2.190000,20.510000,6.070000,1.640000,280.989990,59.450001,98701.093750,36.51,118.46,223.289993,PM2.5,22236
174.949997,250.250000,58.290001,69.169998,2.140000,20.180000,5.120000,1.620000,281.390015,60.169998,99861.132812,36.49,118.63,224.949997,PM2.5,22237
172.000000,243.009995,54.950001,68.570000,1.980000,22.020000,4.670000,1.000000,281.190002,62.349998,99752.796875,36.47,118.8,222.000000,PM2.5,22238
171.149994,241.490005,52.709999,68.709999,1.890000,22.620001,4.390000,0.670000,281.269989,63.849998,100174.406250,36.46,118.97,221.149994,PM2.5,22239
168.139999,237.940002,50.259998,68.800003,1.790000,23.160000,3.960000,0.820000,281.260010,66.470001,100727.773438,36.44,119.13,218.139999,PM2.5,22240
163.539993,231.100006,47.110001,68.169998,1.700000,24.820000,3.850000,1.140000,281.019989,68.180000,101129.468750,36.42,119.3,213.539993,PM2.5,22241
153.789993,218.850006,42.860001,68.750000,1.570000,31.030001,3.990000,1.440000,281.700012,73.239998,101463.718750,36.4,119.47,203.789993,PM2.5,22242
150.389999,214.399994,40.189999,67.449997,1.550000,30.049999,4.010000,1.510000,281.410004,72.389999,101669.632812,36.38,119.64,200.389999,PM2.5,22243
143.639999,207.960007,37.299999,67.559998,1.530000,29.510000,4.010000,1.710000,281.320007,71.790001,101582.023438,36.37,119.8,190.914291,PM2.5,22244
136.100006,200.860001,35.040001,66.889999,1.510000,30.549999,4.090000,1.670000,281.500000,71.150002,101512.453125,36.35,119.97,180.142868,PM2.5,22245
126.360001,192.600006,32.990002,65.449997,1.480000,33.070000,4.030000,1.510000,282.070007,71.930000,101711.382812,36.33,120.14,166.228577,PM2.5,22246
114.680000,186.669998,32.680000,67.430000,1.520000,29.549999,4.000000,1.600000,282.470001,72.440002,101657.976562,36.31,120.3,149.600006,PM2.5,22247
104.610001,179.910004,33.279999,68.139999,1.540000,27.440001,4.190000,1.750000,282.470001,74.150002,100975.851562,36.29,120.47,137.012497,PM2.5,22248
98.690002,169.669998,31.070000,59.400002,1.430000,37.240002,4.710000,1.630000,282.299988,74.139999,100722.757812,36.27,120.64,129.612503,PM2.5,22249
222.960007,334.429993,34.720001,79.779999,2.790000,18.219999,1.510000,-2.620000,280.630005,37.599998,101376.843750,36.89,115.79,272.960022,PM2.5,22472
209.429993,319.510010,33.840000,76.150002,2.540000,18.180000,1.610000,-2.190000,280.510010,40.360001,101376.687500,36.88,115.96,259.429993,PM2.5,22473
201.899994,313.130005,34.540001,74.260002,2.350000,18.240000,1.660000,-1.750000,280.399994,43.590000,101509.046875,36.86,116.13,251.899994,PM2.5,22474
196.520004,306.089996,33.549999,72.260002,2.210000,21.950001,1.740000,-1.330000,280.220001,46.830002,101566.343750,36.85,116.3,246.520004,PM2.5,22475
193.080002,299.350006,33.750000,70.070000,2.140000,27.469999,1.870000,-0.650000,280.089996,50.310001,101555.406250,36.83,116.47,243.080002,PM2.5,22476
189.830002,290.730011,35.020000,67.930000,2.100000,32.279999,2.010000,0.160000,280.029999,54.169998,101594.726562,36.82,116.64,239.830002,PM2.5,22477
179.389999,281.049988,39.470001,66.220001,2.030000,26.730000,2.290000,1.610000,280.089996,58.439999,101656.703125,36.8,116.8,229.389999,PM2.5,22478
168.350006,270.899994,42.869999,65.919998,1.970000,24.320000,2.840000,1.800000,280.510010,59.160000,101611.953125,36.79,116.97,218.350006,PM2.5,22479
161.119995,265.029999,48.410000,66.690002,1.970000,19.620001,3.500000,2.400000,281.000000,57.799999,101419.921875,36.77,117.14,211.119995,PM2.5,22480
160.850006,257.489990,47.990002,69.309998,1.940000,20.389999,3.600000,2.710000,281.220001,57.009998,101330.898438,36.76,117.31,210.850006,PM2.5,22481
161.899994,252.240005,51.110001,70.000000,1.990000,23.570000,3.320000,3.700000,280.549988,59.900002,100643.523438,36.74,117.48,211.899994,PM2.5,22482
161.800003,255.729996,60.310001,69.769997,2.140000,22.000000,4.230000,3.950000,280.250000,60.939999,99500.492188,36.73,117.65,211.800003,PM2.5,22483
164.360001,261.640015,66.139999,69.769997,2.300000,21.190001,5.460000,3.800000,280.890015,58.840000,99832.039062,36.71,117.81,214.360001,PM2.5,22484
166.729996,262.070007,68.900002,69.830002,2.380000,20.629999,5.200000,3.150000,281.200012,59.230000,100433.273438,36.69,117.98,216.729996,PM2.5,22485
168.639999,257.959991,67.589996,69.250000,2.340000,21.450001,5.130000,2.920000,280.309998,63.220001,99131.273438,36.68,118.15,218.639999,PM2.5,22486
170.699997,255.559998,65.599998,69.000000,2.290000,21.420000,6.380000,2.250000,280.299988,62.410000,98367.898438,36.66,118.32,220.699997,PM2.5,22487
172.179993,254.470001,64.290001,69.440002,2.260000,19.490000,6.460000,1.200000,281.459991,59.160000,99715.789062,36.64,118.49,222.179993,PM2.5,22488
173.679993,253.389999,62.639999,69.720001,2.210000,18.430000,4.940000,0.720000,281.589996,60.430000,100588.937500,36.63,118.65,223.679993,PM2.5,22489
171.929993,246.179993,58.910000,69.360001,2.040000,19.820000,4.170000,0.700000,281.170013,63.889999,100426.976562,36.61,118.82,221.929993,PM2.5,22490
169.830002,243.880005,56.919998,69.669998,1.920000,19.389999,4.180000,0.700000,281.040009,65.360001,100537.820312,36.59,118.99,219.830002,PM2.5,22491
164.880005,238.960007,54.369999,70.050003,1.780000,19.030001,3.920000,0.870000,281.059998,67.510002,100837.953125,36.57,119.16,214.880005,PM2.5,22492
159.699997,229.669998,49.939999,69.080002,1.680000,21.000000,3.800000,1.100000,280.839996,69.120003,101143.953125,36.56,119.32,209.699997,PM2.5,22493
152.919998,219.279999,45.919998,68.059998,1.590000,24.610001,3.900000,1.380000,281.339996,70.870003,101443.546875,36.54,119.49,202.919998,PM2.5,22494
146.440002,210.169998,42.099998,66.519997,1.540000,27.389999,3.780000,1.510000,281.320007,72.010002,101685.703125,36.52,119.66,194.914291,PM2.5,22495
138.199997,201.339996,38.869999,65.820000,1.500000,28.430000,3.600000,1.620000,281.149994,73.040001,101750.257812,36.5,119.83,183.142853,PM2.5,22496
129.559998,193.279999,36.459999,64.959999,1.500000,29.709999,3.500000,1.580000,281.149994,73.190002,101729.906250,36.48,119.99,170.800003,PM2.5,22497
121.349998,186.820007,34.919998,64.330002,1.510000,30.469999,3.490000,1.410000,281.359985,73.720001,101679.273438,36.46,120.16,159.071426,PM2.5,22498
113.129997,182.320007,35.230000,65.879997,1.560000,27.469999,3.810000,1.470000,281.619995,74.239998,101458.179688,36.44,120.33,147.662491,PM2.5,22499
104.309998,175.080002,35.320000,65.500000,1.550000,27.440001,4.160000,1.540000,282.000000,75.050003,101260.343750,36.42,120.49,136.637497,PM2.5,22500
98.199997,167.470001,33.299999,60.950001,1.480000,33.009998,4.390000,1.170000,281.959991,74.169998,101367.921875,36.4,120.66,129.000000,PM2.5,22501
210.139999,321.269989,31.410000,74.389999,2.630000,15.790000,1.330000,-2.440000,280.140015,42.099998,101411.343750,37.01,115.98,260.140015,PM2.5,22726
204.029999,314.260010,31.740000,72.900002,2.500000,15.890000,1.500000,-2.030000,280.029999,45.110001,101526.890625,37.0,116.15,254.029999,PM2.5,22727
200.449997,309.640015,31.440001,71.449997,2.400000,19.129999,1.740000,-1.620000,279.910004,48.009998,101593.296875,36.98,116.32,250.449997,PM2.5,22728
197.300003,303.549988,31.549999,69.879997,2.350000,24.770000,2.000000,-1.090000,279.839996,51.119999,101596.437500,36.97,116.49,247.300003,PM2.5,22729
196.070007,298.420013,32.750000,68.349998,2.340000,29.590000,2.210000,-0.460000,279.809998,54.580002,101617.023438,36.95,116.65,246.070007,PM2.5,22730
191.070007,291.730011,34.439999,67.550003,2.320000,27.400000,2.550000,0.550000,279.829987,58.119999,101635.796875,36.94,116.82,241.070007,PM2.5,22731
183.320007,283.290009,35.779999,67.730003,2.270000,25.740000,3.100000,1.140000,280.100006,60.150002,101661.203125,36.92,116.99,233.320007,PM2.5,22732
176.740005,277.750000,38.740002,68.779999,2.240000,21.410000,3.480000,1.350000,280.589996,60.259998,101736.367188,36.91,117.16,226.740005,PM2.5,22733
173.360001,272.109985,41.639999,69.510002,2.200000,20.459999,3.520000,1.440000,280.920013,59.980000,101674.820312,36.89,117.33,223.360001,PM2.5,22734
170.559998,265.440002,45.540001,69.949997,2.210000,23.150000,3.710000,2.450000,280.730011,61.270000,101377.546875,36.88,117.5,220.559998,PM2.5,22735
167.750000,264.489990,52.970001,69.599998,2.290000,23.100000,4.680000,3.000000,280.809998,61.020000,100896.023438,36.86,117.67,217.750000,PM2.5,22736
166.899994,267.839996,61.860001,69.750000,2.440000,20.090000,5.250000,2.450000,281.519989,58.830002,101341.710938,36.85,117.83,216.899994,PM2.5,22737
167.110001,268.980011,69.529999,70.349998,2.540000,17.570000,4.830000,1.850000,281.489990,60.189999,101387.148438,36.83,118.0,217.110001,PM2.5,22738
169.139999,267.040009,72.099998,70.309998,2.550000,17.299999,5.110000,2.220000,280.859985,63.480000,100589.656250,36.81,118.17,219.139999,PM2.5,22739
171.220001,263.480011,70.279999,70.099998,2.480000,17.780001,6.040000,1.990000,281.140015,62.380001,100387.492188,36.8,118.34,221.220001,PM2.5,22740
172.300003,260.019989,68.459999,70.379997,2.400000,16.480000,5.600000,0.370000,281.540009,61.080002,100825.476562,36.78,118.51,222.300003,PM2.5,22741
172.300003,254.759995,65.599998,70.599998,2.270000,16.280001,4.230000,-0.120000,281.290009,62.930000,101121.148438,36.76,118.68,222.300003,PM2.5,22742
170.800003,246.610001,61.080002,70.389999,2.080000,17.709999,3.790000,0.470000,281.040009,65.120003,101145.507812,36.74,118.84,220.800003,PM2.5,22743
167.729996,242.639999,58.650002,70.639999,1.940000,17.290001,3.930000,0.790000,280.940002,66.360001,101102.429688,36.73,119.01,217.729996,PM2.5,22744
162.639999,236.830002,55.340000,70.379997,1.810000,17.160000,3.850000,0.950000,280.890015,68.220001,101072.921875,36.71,119.18,212.639999,PM2.5,22745
156.559998,226.619995,50.869999,69.070000,1.700000,19.379999,3.800000,1.230000,280.739990,69.599998,101201.031250,36.69,119.35,206.559998,PM2.5,22746
149.679993,216.139999,46.720001,67.419998,1.620000,23.219999,3.700000,1.320000,280.989990,71.129997,101480.593750,36.67,119.51,199.542847,PM2.5,22747
141.789993,205.270004,42.810001,65.129997,1.550000,27.080000,3.320000,1.360000,281.019989,73.370003,101673.039062,36.65,119.68,188.271423,PM2.5,22748
132.589996,194.729996,39.610001,63.310001,1.500000,29.530001,3.010000,1.320000,280.779999,75.349998,101673.960938,36.63,119.85,175.128571,PM2.5,22749
124.879997,186.639999,37.130001,61.570000,1.490000,31.930000,3.050000,1.310000,280.679993,75.639999,101605.398438,36.62,120.02,164.114288,PM2.5,22750
118.180000,180.160004,35.410000,59.840000,1.490000,34.189999,3.250000,1.240000,280.760010,75.330002,101524.156250,36.6,120.18,154.542862,PM2.5,22751
110.959999,174.619995,34.750000,59.389999,1.500000,34.480000,3.630000,1.290000,280.910004,75.519997,101344.523438,36.58,120.35,144.949997,PM2.5,22752
103.540001,169.100006,34.450001,59.750000,1.510000,33.849998,4.010000,1.260000,281.250000,75.540001,101284.546875,36.56,120.52,135.675003,PM2.5,22753
97.309998,163.479996,33.950001,58.230000,1.490000,35.419998,4.030000,0.760000,281.470001,75.680000,101468.101562,36.54,120.69,127.887497,PM2.5,22754
92.400002,157.009995,35.060001,52.880001,1.410000,40.270000,4.310000,0.660000,281.779999,74.599998,101640.929688,36.52,120.85,121.750000,PM2.5,22755
208.449997,320.779999,29.510000,73.129997,2.710000,13.840000,1.150000,-2.720000,279.850006,43.310001,101509.093750,37.15,116.0,258.450012,PM2.5,22980
206.699997,317.850006,30.139999,72.300003,2.660000,13.680000,1.330000,-2.350000,279.709991,46.410000,101560.726562,37.13,116.17,256.700012,PM2.5,22981
205.740005,316.299988,30.530001,71.250000,2.620000,16.330000,1.660000,-1.900000,279.619995,49.799999,101587.546875,37.12,116.33,255.740005,PM2.5,22982
203.119995,309.910004,30.330000,70.000000,2.590000,21.959999,1.970000,-1.440000,279.600006,52.930000,101625.250000,37.1,116.5,253.119995,PM2.5,22983
203.770004,307.269989,31.600000,68.860001,2.610000,26.980000,2.260000,-0.960000,279.579987,56.169998,101637.359375,37.09,116.67,253.770004,PM2.5,22984
202.580002,305.519989,33.799999,68.519997,2.630000,25.700001,2.590000,-0.240000,279.600006,59.139999,101650.539062,37.07,116.84,252.580002,PM2.5,22985
196.600006,298.390015,35.020000,68.809998,2.600000,24.459999,2.980000,0.370000,279.730011,61.200001,101636.976562,37.06,117.01,246.600006,PM2.5,22986
189.050003,290.119995,36.759998,69.599998,2.540000,20.520000,3.320000,0.600000,279.970001,62.689999,101597.273438,37.04,117.18,239.050003,PM2.5,22987
183.789993,283.089996,39.299999,70.129997,2.470000,18.980000,3.480000,0.630000,280.359985,62.889999,101651.203125,37.03,117.35,233.789993,PM2.5,22988
179.259995,275.649994,42.730000,70.230003,2.430000,20.760000,3.790000,1.190000,280.510010,63.720001,101599.273438,37.01,117.52,229.259995,PM2.5,22989
175.020004,271.720001,48.599998,69.889999,2.450000,21.389999,4.480000,1.540000,280.750000,63.389999,101515.937500,37.0,117.69,225.020004,PM2.5,22990
173.210007,273.579987,56.790001,70.250000,2.570000,18.320000,4.670000,0.910000,281.070007,62.860001,101616.562500,36.98,117.85,223.210007,PM2.5,22991
172.529999,275.910004,67.180000,71.459999,2.690000,15.660000,4.350000,0.370000,281.029999,63.529999,101514.546875,36.96,118.02,222.529999,PM2.5,22992
173.720001,276.079987,72.870003,72.129997,2.720000,14.570000,4.710000,0.780000,280.899994,64.860001,101355.468750,36.95,118.19,223.720001,PM2.5,22993
174.940002,272.470001,72.930000,72.239998,2.640000,14.300000,5.090000,0.630000,281.070007,64.760002,101380.242188,36.93,118.36,224.940002,PM2.5,22994
175.009995,266.730011,70.989998,72.779999,2.520000,13.800000,4.410000,-0.610000,280.869995,65.370003,101392.460938,36.91,118.53,225.009995,PM2.5,22995
172.149994,255.559998,66.580002,72.779999,2.310000,14.690000,3.700000,-0.500000,280.739990,65.849998,101392.617188,36.9,118.7,222.149994,PM2.5,22996
168.270004,244.039993,61.849998,72.099998,2.100000,16.340000,3.650000,0.310000,280.790009,66.680000,101402.523438,36.88,118.87,218.270004,PM2.5,22997
164.350006,236.190002,57.330002,71.349998,1.950000,17.530001,3.720000,0.820000,280.809998,67.339996,101395.523438,36.86,119.03,214.350006,PM2.5,22998
159.740005,230.029999,53.459999,70.279999,1.840000,18.400000,3.680000,1.100000,280.799988,68.599998,101356.546875,36.84,119.2,209.740005,PM2.5,22999
153.809998,221.929993,50.070000,68.559998,1.740000,20.350000,3.550000,1.460000,280.709991,69.790001,101400.929688,36.82,119.37,203.809998,PM2.5,23000
146.139999,211.440002,46.389999,66.220001,1.650000,24.260000,3.140000,1.570000,280.679993,71.739998,101585.132812,36.81,119.54,194.485718,PM2.5,23001
137.110001,200.339996,42.930000,63.720001,1.580000,27.879999,2.570000,1.490000,280.500000,75.169998,101560.351562,36.79,119.71,181.585709,PM2.5,23002
129.220001,191.339996,40.250000,61.980000,1.550000,29.910000,2.520000,1.200000,280.190002,77.690002,101284.882812,36.77,119.87,170.314285,PM2.5,23003
122.839996,183.919998,37.650002,59.880001,1.530000,32.770000,2.950000,1.080000,280.130005,77.930000,101164.421875,36.75,120.04,161.199997,PM2.5,23004
116.980003,177.869995,35.669998,58.000000,1.520000,35.369999,3.230000,1.140000,280.190002,77.389999,101224.742188,36.73,120.21,152.828583,PM2.5,23005
110.040001,171.130005,34.689999,56.700001,1.510000,37.150002,3.420000,1.170000,280.459991,76.559998,101177.203125,36.71,120.38,143.800003,PM2.5,23006
103.540001,166.240005,33.970001,57.060001,1.520000,36.740002,3.600000,1.090000,280.739990,76.699997,101174.109375,36.69,120.54,135.675003,PM2.5,23007
95.889999,159.559998,33.349998,56.049999,1.500000,38.099998,3.800000,0.640000,280.700012,76.000000,101326.140625,36.67,120.71,126.112503,PM2.5,23008
206.330002,319.670013,28.610001,72.720001,2.780000,12.250000,1.070000,-3.080000,279.609985,44.450001,101620.453125,37.28,116.01,256.330017,PM2.5,23233
210.389999,324.429993,30.080000,72.540001,2.800000,11.390000,1.190000,-2.660000,279.440002,48.259998,101655.070312,37.27,116.18,260.390015,PM2.5,23234
210.039993,322.660004,30.770000,71.370003,2.780000,12.890000,1.480000,-2.180000,279.420013,51.730000,101611.593750,37.25,116.35,260.039978,PM2.5,23235
209.399994,317.380005,30.129999,70.360001,2.790000,17.139999,1.770000,-1.750000,279.390015,55.279999,101638.062500,37.24,116.52,259.399994,PM2.5,23236
211.199997,315.670013,31.160000,69.750000,2.830000,21.170000,2.070000,-1.350000,279.390015,58.220001,101658.406250,37.22,116.69,261.200012,PM2.5,23237
211.389999,314.279999,33.230000,69.910004,2.880000,20.680000,2.400000,-0.860000,279.429993,60.320000,101653.476562,37.21,116.86,261.390015,PM2.5,23238
208.389999,309.750000,34.700001,70.360001,2.890000,20.860001,2.730000,-0.300000,279.500000,62.169998,101638.593750,37.19,117.03,258.390015,PM2.5,23239
201.559998,301.440002,36.060001,71.040001,2.820000,18.750000,3.030000,0.120000,279.630005,64.129997,101597.429688,37.18,117.2,251.559998,PM2.5,23240
194.690002,292.209991,38.200001,71.389999,2.730000,17.680000,3.270000,0.210000,279.829987,65.489998,101545.687500,37.16,117.37,244.690002,PM2.5,23241
188.600006,282.970001,40.830002,71.279999,2.640000,18.680000,3.600000,0.450000,280.109985,66.089996,101567.570312,37.15,117.54,238.600006,PM2.5,23242
183.550003,276.450012,44.669998,71.029999,2.590000,19.459999,3.940000,0.470000,280.399994,66.129997,101676.273438,37.13,117.71,233.550003,PM2.5,23243
181.919998,275.529999,49.619999,71.349998,2.630000,17.930000,3.950000,0.080000,280.500000,66.610001,101649.796875,37.11,117.88,231.919998,PM2.5,23244
182.429993,276.700012,56.490002,71.919998,2.680000,16.520000,3.820000,-0.340000,280.410004,67.290001,101511.171875,37.1,118.04,232.429993,PM2.5,23245
183.630005,277.850006,62.070000,72.120003,2.700000,15.680000,3.970000,-0.290000,280.440002,67.720001,101479.406250,37.08,118.21,233.630005,PM2.5,23246
183.240005,275.070007,64.910004,72.440002,2.640000,15.210000,4.050000,-0.400000,280.500000,68.150002,101516.843750,37.06,118.38,233.240005,PM2.5,23247
180.320007,266.209991,64.239998,73.470001,2.480000,15.130000,3.690000,-0.730000,280.369995,68.339996,101556.437500,37.05,118.55,230.320007,PM2.5,23248
173.000000,250.460007,60.250000,73.150002,2.260000,16.150000,3.370000,-0.350000,280.420013,67.680000,101576.578125,37.03,118.72,223.000000,PM2.5,23249
166.589996,237.429993,56.320000,71.480003,2.070000,17.770000,3.360000,0.320000,280.540009,67.800003,101538.843750,37.01,118.89,216.589996,PM2.5,23250
160.570007,227.679993,52.619999,69.449997,1.930000,19.400000,3.420000,0.840000,280.700012,68.410004,101497.109375,37.0,119.06,210.570007,PM2.5,23251
155.149994,220.509995,49.560001,67.349998,1.830000,20.719999,3.300000,1.160000,280.769989,69.410004,101487.343750,36.98,119.22,205.149994,PM2.5,23252
148.740005,212.699997,47.060001,65.379997,1.760000,22.750000,2.900000,1.540000,280.660004,70.739998,101528.437500,36.96,119.39,198.200012,PM2.5,23253
140.589996,202.410004,43.980000,63.169998,1.670000,26.290001,2.300000,1.620000,280.480011,73.360001,101640.023438,36.94,119.56,186.557144,PM2.5,23254
133.570007,195.139999,41.279999,62.189999,1.630000,28.129999,1.890000,1.550000,280.179993,77.120003,101432.617188,36.92,119.73,176.528580,PM2.5,23255
128.419998,189.789993,39.259998,61.160000,1.630000,28.920000,2.220000,1.260000,279.679993,80.089996,100751.593750,36.9,119.9,169.171432,PM2.5,23256
122.180000,181.699997,37.099998,58.360001,1.590000,33.080002,3.010000,1.040000,279.549988,80.790001,100420.523438,36.88,120.06,160.257141,PM2.5,23257
116.580002,175.809998,35.470001,56.480000,1.560000,36.000000,3.440000,1.150000,279.670013,79.730003,100758.523438,36.86,120.23,152.257141,PM2.5,23258
110.169998,169.669998,34.169998,55.299999,1.540000,37.980000,3.520000,1.170000,279.920013,78.309998,100984.343750,36.85,120.4,143.962494,PM2.5,23259
105.110001,165.520004,34.369999,56.860001,1.580000,36.040001,3.490000,1.030000,280.209991,77.769997,101052.140625,36.83,120.57,137.637497,PM2.5,23260
96.300003,157.190002,33.630001,55.389999,1.540000,38.340000,3.320000,0.720000,280.290009,77.370003,101114.500000,36.81,120.74,126.625000,PM2.5,23261
86.000000,146.940002,32.480000,51.880001,1.440000,44.240002,3.490000,0.560000,280.579987,78.120003,100811.703125,36.79,120.9,113.750000,PM2.5,23262
75.660004,136.380005,30.980000,46.700001,1.320000,51.230000,4.200000,0.730000,281.190002,77.730003,100735.109375,36.77,121.07,100.825005,PM2.5,23263
63.200001,123.000000,29.010000,41.419998,1.190000,56.900002,4.820000,1.040000,281.829987,75.750000,101241.453125,36.74,121.24,86.500000,PM10,23264
214.880005,331.049988,31.629999,72.089996,2.920000,9.670000,1.190000,-2.530000,279.170013,54.160000,101583.429688,37.39,116.37,264.880005,PM2.5,23491
214.539993,324.329987,30.469999,71.110001,2.950000,12.160000,1.450000,-2.090000,279.149994,57.580002,101566.148438,37.37,116.54,264.539978,PM2.5,23492
216.830002,322.119995,30.809999,71.120003,3.010000,15.160000,1.660000,-1.710000,279.179993,59.970001,101563.117188,37.36,116.71,266.830017,PM2.5,23493
218.210007,320.619995,32.290001,71.809998,3.080000,15.630000,1.990000,-1.340000,279.209991,61.779999,101529.921875,37.34,116.88,268.210022,PM2.5,23494
218.119995,319.140015,34.400002,72.540001,3.130000,16.790001,2.370000,-0.850000,279.269989,63.549999,101546.992188,37.33,117.05,268.119995,PM2.5,23495
212.610001,311.109985,35.799999,73.309998,3.080000,16.590000,2.660000,-0.360000,279.410004,65.489998,101590.453125,37.31,117.22,262.609985,PM2.5,23496
205.509995,301.100006,37.349998,73.389999,2.970000,16.379999,2.900000,-0.170000,279.540009,67.500000,101571.109375,37.3,117.39,255.509995,PM2.5,23497
197.509995,289.230011,39.830002,72.919998,2.830000,16.760000,3.170000,0.000000,279.730011,68.430000,101513.179688,37.28,117.56,247.509995,PM2.5,23498
191.809998,280.769989,43.220001,72.809998,2.740000,16.959999,3.350000,-0.170000,279.959991,68.940002,101549.203125,37.27,117.73,241.809998,PM2.5,23499
189.929993,277.920013,47.529999,73.089996,2.720000,16.190001,3.320000,-0.390000,280.100006,69.459999,101618.500000,37.25,117.9,239.929993,PM2.5,23500
190.550003,278.600006,54.490002,73.449997,2.730000,15.230000,3.200000,-0.610000,280.059998,70.029999,101606.593750,37.23,118.06,240.550003,PM2.5,23501
191.949997,280.559998,60.619999,73.699997,2.720000,14.500000,3.170000,-0.690000,280.010010,70.269997,101602.156250,37.22,118.23,241.949997,PM2.5,23502
189.429993,276.079987,63.840000,74.239998,2.620000,14.330000,3.160000,-0.610000,280.089996,70.300003,101637.226562,37.2,118.4,239.429993,PM2.5,23503
182.179993,262.730011,62.950001,74.239998,2.420000,14.790000,3.040000,-0.450000,280.109985,70.000000,101674.546875,37.18,118.57,232.179993,PM2.5,23504
170.690002,242.059998,58.110001,71.000000,2.160000,16.700001,2.890000,-0.220000,280.230011,68.800003,101679.992188,37.16,118.74,220.690002,PM2.5,23505
162.470001,227.220001,54.490002,67.940002,1.970000,18.709999,2.900000,0.270000,280.410004,68.690002,101646.726562,37.15,118.91,212.470001,PM2.5,23506
155.160004,216.300003,52.169998,65.250000,1.830000,20.809999,2.850000,0.760000,280.500000,68.580002,101637.343750,37.13,119.08,205.160004,PM2.5,23507
147.899994,208.149994,49.639999,61.880001,1.760000,23.100000,2.520000,1.140000,280.410004,70.000000,101652.476562,37.11,119.25,196.999985,PM2.5,23508
140.179993,199.789993,46.770000,58.480000,1.700000,25.670000,2.130000,1.460000,280.209991,71.769997,101662.257812,37.09,119.42,185.971420,PM2.5,23509
133.630005,192.889999,43.299999,57.040001,1.670000,27.930000,1.870000,1.580000,279.970001,74.389999,101702.500000,37.07,119.58,176.614288,PM2.5,23510
131.020004,191.669998,40.070000,59.049999,1.700000,27.160000,1.730000,1.680000,279.839996,77.870003,101495.187500,37.06,119.75,172.885727,PM2.5,23511
128.369995,188.850006,37.970001,59.700001,1.710000,27.709999,2.080000,1.720000,279.410004,81.139999,100557.328125,37.04,119.92,169.099991,PM2.5,23512
122.690002,180.270004,36.430000,56.959999,1.640000,33.689999,3.020000,1.430000,279.170013,82.360001,99721.023438,37.02,120.09,160.985718,PM2.5,23513
118.209999,174.649994,35.410000,54.840000,1.620000,36.480000,3.510000,1.340000,279.519989,80.830002,100105.367188,37.0,120.26,154.585709,PM2.5,23514
112.059998,168.770004,33.950001,53.889999,1.600000,38.389999,3.370000,1.270000,279.589996,80.019997,100686.593750,36.98,120.43,146.324997,PM2.5,23515
106.919998,163.830002,34.389999,55.990002,1.640000,36.009998,3.290000,1.230000,279.690002,79.720001,100786.296875,36.96,120.59,139.899994,PM2.5,23516
96.559998,153.580002,32.680000,54.400002,1.570000,39.680000,3.170000,1.070000,279.750000,79.279999,100924.039062,36.94,120.76,126.949997,PM2.5,23517
85.089996,142.080002,30.280001,51.509998,1.470000,45.759998,3.370000,1.120000,279.779999,80.019997,100377.109375,36.92,120.93,112.612495,PM2.5,23518
74.769997,131.679993,27.790001,47.430000,1.360000,52.860001,4.340000,1.270000,280.279999,78.419998,99841.640625,36.9,121.1,99.712494,PM2.5,23519
63.790001,121.239998,25.260000,42.889999,1.250000,58.259998,5.030000,1.390000,281.329987,74.720001,100698.562500,36.88,121.26,85.987503,PM2.5,23520
52.480000,109.309998,23.250000,38.869999,1.140000,61.150002,4.760000,1.200000,281.959991,74.860001,101509.710938,36.86,121.43,79.654999,PM10,23521
215.539993,322.109985,29.190001,72.290001,3.050000,9.500000,1.010000,-2.390000,278.970001,59.180000,101527.390625,37.51,116.56,265.539978,PM2.5,23749
220.850006,325.940002,30.530001,73.269997,3.130000,10.340000,1.200000,-2.010000,278.950012,61.549999,101500.546875,37.49,116.73,270.850006,PM2.5,23750
224.100006,327.279999,32.110001,74.519997,3.220000,10.630000,1.580000,-1.600000,278.970001,63.340000,101458.617188,37.48,116.9,274.100006,PM2.5,23751
225.860001,327.380005,34.310001,75.430000,3.320000,12.370000,1.980000,-1.170000,279.059998,64.980003,101510.812500,37.46,117.07,275.859985,PM2.5,23752
221.850006,319.559998,35.509998,76.040001,3.290000,13.650000,2.260000,-0.750000,279.209991,66.830002,101578.921875,37.45,117.24,271.850006,PM2.5,23753
214.330002,307.429993,36.669998,75.669998,3.160000,14.700000,2.440000,-0.510000,279.320007,68.879997,101582.929688,37.43,117.41,264.330017,PM2.5,23754
204.100006,291.470001,39.180000,74.989998,2.960000,14.660000,2.480000,-0.430000,279.589996,69.980003,101578.312500,37.42,117.58,254.100006,PM2.5,23755
196.960007,279.420013,42.020000,74.650002,2.810000,14.690000,2.560000,-0.660000,279.700012,71.000000,101591.156250,37.4,117.75,246.960007,PM2.5,23756
193.240005,272.890015,45.459999,74.589996,2.710000,14.370000,2.710000,-0.720000,279.779999,71.760002,101587.546875,37.38,117.92,243.240005,PM2.5,23757
192.630005,271.989990,53.349998,75.120003,2.680000,13.560000,2.730000,-0.720000,279.809998,72.139999,101583.656250,37.37,118.09,242.630005,PM2.5,23758
195.199997,278.600006,63.220001,76.300003,2.680000,12.780000,2.600000,-0.800000,279.769989,72.139999,101625.632812,37.35,118.26,245.199997,PM2.5,23759
192.619995,276.820007,68.250000,77.269997,2.570000,12.820000,2.550000,-0.680000,279.820007,71.720001,101686.929688,37.33,118.42,242.619995,PM2.5,23760
183.679993,263.690002,68.769997,76.570000,2.360000,13.100000,2.530000,-0.410000,279.910004,71.050003,101722.640625,37.32,118.59,233.679993,PM2.5,23761
167.699997,236.210007,61.730000,69.389999,2.070000,16.580000,2.540000,-0.260000,279.980011,70.139999,101723.640625,37.3,118.76,217.699997,PM2.5,23762
126.260002,185.679993,36.389999,57.299999,1.760000,27.559999,2.330000,2.430000,279.579987,81.519997,100912.437500,37.17,119.94,166.085724,PM2.5,23763
123.209999,179.199997,35.790001,56.000000,1.700000,33.770000,3.150000,2.150000,279.390015,80.720001,99847.406250,37.15,120.11,161.728577,PM2.5,23764
121.059998,175.919998,35.270000,54.439999,1.700000,35.540001,3.680000,1.780000,279.429993,80.519997,99738.593750,37.13,120.28,158.657135,PM2.5,23765
114.900002,167.919998,34.169998,52.750000,1.660000,38.310001,3.380000,1.520000,279.480011,80.500000,100206.726562,37.11,120.45,149.875000,PM2.5,23766
106.889999,158.820007,33.459999,52.299999,1.630000,39.410000,3.150000,1.550000,279.470001,80.629997,100305.703125,37.09,120.62,139.862503,PM2.5,23767
96.510002,148.929993,31.559999,51.049999,1.570000,42.689999,3.210000,1.550000,279.359985,80.879997,100336.273438,37.07,120.79,126.887505,PM2.5,23768
85.489998,138.070007,29.730000,49.099998,1.470000,47.630001,3.520000,1.820000,279.450012,80.690002,100123.437500,37.05,120.95,113.112495,PM2.5,23769
75.400002,128.039993,27.700001,46.349998,1.370000,53.139999,4.250000,2.090000,280.100006,77.599998,99790.679688,37.03,121.12,100.500000,PM2.5,23770
66.050003,118.809998,25.040001,42.470001,1.270000,58.779999,4.630000,1.790000,281.109985,73.370003,100307.750000,37.01,121.29,88.812500,PM2.5,23771
56.889999,108.830002,22.490000,38.720001,1.170000,62.250000,4.340000,1.420000,281.500000,72.820000,100906.187500,36.99,121.46,79.415001,PM10,23772
50.380001,99.970001,20.750000,36.230000,1.100000,63.220001,4.190000,1.260000,281.500000,74.900002,100956.171875,36.97,121.63,74.985001,PM10,23773
45.119999,92.610001,19.299999,31.530001,1.000000,66.900002,4.200000,1.390000,281.660004,76.370003,101367.179688,36.95,121.79,71.305000,PM10,23774
40.590000,77.709999,16.299999,21.910000,0.750000,80.839996,3.900000,1.800000,282.700012,80.519997,101559.703125,36.88,122.3,63.855000,PM10,23775
222.960007,327.440002,30.540001,76.360001,3.230000,8.290000,0.860000,-2.250000,278.779999,62.669998,101534.882812,37.63,116.75,272.960022,PM2.5,24004
227.690002,331.209991,32.009998,77.830002,3.330000,8.230000,1.220000,-1.820000,278.820007,64.709999,101536.507812,37.61,116.92,277.690002,PM2.5,24005
230.740005,332.369995,33.810001,78.559998,3.440000,9.680000,1.550000,-1.440000,278.910004,66.440002,101590.898438,37.6,117.09,280.739990,PM2.5,24006
228.669998,326.339996,35.150002,78.820000,3.430000,11.060000,1.790000,-1.100000,279.029999,68.199997,101609.210938,37.58,117.26,278.669983,PM2.5,24007
222.380005,314.359985,36.759998,78.099998,3.330000,12.410000,1.980000,-0.860000,279.170013,70.290001,101590.101562,37.57,117.43,272.380005,PM2.5,24008
214.050003,299.279999,37.900002,76.709999,3.140000,12.640000,2.070000,-0.840000,279.290009,72.250000,101610.296875,37.55,117.6,264.049988,PM2.5,24009
202.850006,279.750000,39.560001,75.129997,2.900000,13.170000,2.100000,-0.990000,279.410004,73.110001,101638.351562,37.54,117.77,252.850006,PM2.5,24010
195.740005,267.859985,42.160000,73.980003,2.720000,13.360000,2.210000,-0.930000,279.519989,73.529999,101610.476562,37.52,117.94,245.740005,PM2.5,24011
191.410004,261.130005,47.480000,73.919998,2.600000,13.230000,2.280000,-0.810000,279.630005,73.739998,101589.609375,37.5,118.11,241.410004,PM2.5,24012
191.259995,263.829987,55.360001,75.070000,2.540000,13.120000,2.200000,-0.860000,279.600006,73.690002,101629.312500,37.49,118.28,241.259995,PM2.5,24013
189.149994,264.209991,62.150002,75.879997,2.420000,13.590000,2.100000,-0.790000,279.619995,72.820000,101692.617188,37.47,118.45,239.149994,PM2.5,24014
182.710007,257.059998,65.860001,75.139999,2.240000,13.930000,2.120000,-0.530000,279.709991,71.860001,101710.492188,37.45,118.62,232.710007,PM2.5,24015
164.130005,227.169998,60.290001,65.320000,1.960000,18.240000,2.210000,-0.370000,279.760010,70.580002,101696.046875,37.43,118.78,214.130005,PM2.5,24016
120.400002,175.130005,35.669998,51.070000,1.690000,28.620001,2.600000,2.750000,279.869995,80.190002,101432.570312,37.31,119.97,157.714294,PM2.5,24017
122.639999,175.470001,35.020000,53.570000,1.740000,32.099998,3.120000,2.560000,279.720001,79.129997,100609.898438,37.29,120.14,160.914291,PM2.5,24018
122.449997,173.639999,35.349998,53.490002,1.760000,34.709999,3.390000,2.120000,279.630005,79.180000,99991.882812,37.27,120.31,160.642853,PM2.5,24019
116.900002,165.660004,33.889999,51.910000,1.710000,37.430000,3.200000,1.820000,279.410004,80.510002,99945.476562,37.25,120.47,152.714294,PM2.5,24020
108.459999,155.509995,32.779999,50.540001,1.650000,39.930000,3.150000,1.880000,279.279999,81.529999,99950.046875,37.23,120.64,141.824997,PM2.5,24021
98.730003,145.830002,31.250000,48.810001,1.570000,44.070000,3.440000,2.130000,279.279999,81.029999,99746.546875,37.21,120.81,129.662506,PM2.5,24022
88.339996,135.580002,29.540001,46.930000,1.480000,48.900002,3.890000,2.330000,279.540009,79.580002,99694.273438,37.19,120.98,116.674995,PM2.5,24023
78.930000,126.620003,27.580000,45.520000,1.390000,52.730000,4.360000,2.620000,279.809998,78.379997,99735.953125,37.17,121.15,104.912498,PM2.5,24024
70.449997,117.900002,25.490000,42.189999,1.280000,58.570000,4.530000,2.380000,280.579987,74.570000,99862.492188,37.15,121.32,94.312500,PM2.5,24025
62.860001,108.790001,23.000000,38.709999,1.190000,62.169998,4.330000,1.970000,281.070007,72.690002,100224.648438,37.13,121.48,84.824997,PM2.5,24026
56.470001,100.400002,20.629999,34.939999,1.110000,65.519997,4.280000,1.630000,281.250000,73.019997,100431.382812,37.1,121.65,76.837502,PM2.5,24027
50.410000,92.889999,18.420000,30.910000,1.030000,68.230003,4.320000,1.620000,281.510010,73.699997,100958.578125,37.08,121.82,71.445000,PM10,24028
48.070000,87.669998,16.600000,29.250000,0.960000,69.089996,3.930000,1.580000,281.600006,76.300003,101529.492188,37.06,121.99,68.834999,PM10,24029
47.810001,84.129997,14.410000,29.059999,0.890000,69.839996,3.570000,1.440000,281.510010,80.059998,101557.789062,37.04,122.16,67.065002,PM10,24030
46.049999,79.480003,13.240000,25.190001,0.810000,75.139999,3.740000,1.690000,281.720001,80.849998,101485.382812,37.02,122.32,64.740005,PM10,24031
44.180000,75.860001,14.300000,21.219999,0.740000,82.279999,4.050000,2.310000,282.239990,78.860001,101547.453125,37.0,122.49,62.930000,PM10,24032
220.470001,322.299988,30.340000,79.699997,3.260000,7.410000,0.540000,-2.480000,278.619995,63.419998,101586.656250,37.76,116.77,270.470001,PM2.5,24261
225.360001,326.029999,31.320000,80.889999,3.340000,7.250000,0.840000,-2.130000,278.679993,65.739998,101604.023438,37.75,116.94,275.359985,PM2.5,24262
229.589996,328.890015,32.820000,80.919998,3.440000,8.320000,1.090000,-1.810000,278.769989,67.669998,101646.320312,37.73,117.11,279.589996,PM2.5,24263
229.750000,325.380005,33.849998,80.599998,3.440000,9.670000,1.280000,-1.470000,278.880005,69.470001,101652.632812,37.72,117.28,279.750000,PM2.5,24264
225.229996,314.709991,35.430000,79.720001,3.360000,10.970000,1.480000,-1.180000,279.019989,71.720001,101641.421875,37.7,117.45,275.229980,PM2.5,24265
216.039993,296.399994,36.320000,77.540001,3.160000,11.540000,1.600000,-1.070000,279.170013,73.820000,101659.992188,37.69,117.62,266.039978,PM2.5,24266
202.380005,272.679993,37.220001,74.750000,2.870000,12.700000,1.590000,-1.140000,279.290009,74.589996,101692.992188,37.67,117.79,252.380005,PM2.5,24267
193.800003,258.489990,39.020000,72.570000,2.660000,13.450000,1.610000,-1.150000,279.399994,74.779999,101692.070312,37.65,117.96,243.800003,PM2.5,24268
187.160004,248.210007,41.939999,70.809998,2.490000,14.120000,1.680000,-1.040000,279.459991,74.900002,101675.523438,37.64,118.13,237.160004,PM2.5,24269
181.979996,242.839996,44.939999,69.150002,2.360000,15.120000,1.760000,-0.970000,279.440002,74.930000,101664.828125,37.62,118.3,231.979996,PM2.5,24270
176.720001,238.649994,48.419998,67.750000,2.230000,16.350000,1.760000,-0.860000,279.440002,73.949997,101668.156250,37.6,118.47,226.720001,PM2.5,24271
169.580002,231.330002,50.779999,65.580002,2.060000,17.860001,1.800000,-0.690000,279.519989,73.430000,101641.617188,37.59,118.64,219.580002,PM2.5,24272
157.470001,213.940002,51.470001,60.209999,1.850000,19.850000,2.010000,-0.490000,279.529999,71.459999,101619.726562,37.57,118.81,207.470001,PM2.5,24273
117.349998,167.020004,33.590000,50.459999,1.680000,31.400000,2.880000,2.560000,279.880005,79.480003,101180.031250,37.42,120.16,153.357147,PM2.5,24274
120.669998,168.910004,33.410000,53.599998,1.780000,31.610001,2.950000,2.300000,279.519989,79.470001,100329.320312,37.4,120.33,158.099991,PM2.5,24275
115.809998,160.990005,31.950001,52.150002,1.720000,35.820000,3.070000,2.050000,279.059998,81.470001,99563.109375,37.38,120.5,151.157135,PM2.5,24276
108.690002,152.309998,30.969999,49.919998,1.640000,40.080002,3.460000,2.180000,279.029999,81.860001,99403.218750,37.36,120.67,142.112503,PM2.5,24277
100.010002,143.309998,30.139999,48.360001,1.560000,44.619999,3.880000,2.550000,279.529999,79.750000,99708.578125,37.34,120.84,131.262497,PM2.5,24278
90.870003,134.029999,28.959999,46.610001,1.470000,49.560001,4.080000,2.740000,280.010010,77.070000,99824.632812,37.32,121.01,119.837502,PM2.5,24279
83.570000,126.339996,28.010000,45.480000,1.390000,53.790001,4.230000,2.900000,280.380005,75.029999,99885.523438,37.3,121.17,110.712502,PM2.5,24280
78.150002,118.660004,26.760000,44.689999,1.310000,55.900002,4.080000,2.700000,281.059998,72.129997,100309.992188,37.28,121.34,103.937500,PM2.5,24281
71.050003,109.550003,24.299999,41.389999,1.210000,58.930000,3.710000,2.260000,281.239990,71.919998,100357.937500,37.26,121.51,95.062500,PM2.5,24282
63.160000,101.019997,21.410000,36.860001,1.130000,63.240002,3.880000,1.990000,280.899994,74.050003,99900.992188,37.24,121.68,85.199997,PM2.5,24283
55.849998,92.940002,19.170000,32.290001,1.040000,67.550003,4.070000,1.710000,281.369995,73.300003,100345.656250,37.22,121.85,76.062500,PM2.5,24284
54.509998,87.300003,17.379999,31.700001,0.970000,66.760002,3.660000,1.590000,281.489990,73.940002,101012.046875,37.2,122.02,74.387497,PM2.5,24285
55.700001,84.889999,15.110000,32.959999,0.910000,63.369999,3.490000,1.760000,281.130005,78.080002,100883.257812,37.17,122.18,75.875000,PM2.5,24286
55.150002,83.029999,13.290000,31.150000,0.860000,64.629997,3.950000,2.040000,281.100006,79.839996,100929.843750,37.15,122.35,75.187500,PM2.5,24287
223.600006,315.320007,32.110001,81.190002,3.300000,9.800000,0.850000,-1.830000,278.720001,70.400002,101644.359375,37.85,117.3,273.600006,PM2.5,24523
219.600006,305.100006,33.540001,80.470001,3.220000,10.960000,1.040000,-1.480000,278.890015,72.959999,101678.398438,37.84,117.47,269.600006,PM2.5,24524
209.279999,284.709991,34.639999,77.860001,3.000000,11.630000,1.160000,-1.290000,279.059998,75.230003,101733.320312,37.82,117.64,259.279999,PM2.5,24525
196.979996,262.420013,34.880001,74.370003,2.730000,13.200000,1.160000,-1.280000,279.170013,76.139999,101736.398438,37.8,117.81,246.979996,PM2.5,24526
188.570007,247.860001,36.180000,71.510002,2.540000,14.340000,1.130000,-1.300000,279.220001,76.440002,101704.250000,37.79,117.98,238.570007,PM2.5,24527
181.880005,237.190002,38.549999,69.279999,2.380000,15.220000,1.190000,-1.270000,279.260010,76.080002,101672.382812,37.77,118.15,231.880005,PM2.5,24528
176.600006,231.279999,40.709999,67.260002,2.270000,15.960000,1.390000,-1.080000,279.260010,75.599998,101630.101562,37.75,118.32,226.600006,PM2.5,24529
170.899994,226.020004,43.599998,65.570000,2.150000,17.020000,1.450000,-0.900000,279.320007,74.760002,101607.882812,37.74,118.49,220.899994,PM2.5,24530
164.220001,219.940002,45.720001,63.240002,2.010000,18.350000,1.540000,-0.840000,279.269989,73.790001,101589.437500,37.72,118.66,214.220001,PM2.5,24531
152.160004,204.080002,47.950001,58.110001,1.800000,19.930000,1.760000,-0.490000,279.380005,71.779999,101596.742188,37.7,118.83,202.160004,PM2.5,24532
115.279999,160.940002,31.350000,53.750000,1.730000,28.600000,2.910000,2.660000,279.640015,80.500000,100711.070312,37.54,120.35,150.399994,PM2.5,24533
111.930000,154.520004,29.000000,53.230000,1.690000,33.349998,3.230000,2.510000,279.260010,80.389999,99606.726562,37.52,120.52,146.162506,PM2.5,24534
106.360001,147.199997,28.500000,50.880001,1.610000,38.369999,3.710000,2.520000,279.489990,78.580002,99474.132812,37.5,120.69,139.199997,PM2.5,24535
99.139999,139.320007,28.030001,48.930000,1.530000,43.400002,4.010000,2.440000,280.029999,76.269997,100093.046875,37.48,120.86,130.175003,PM2.5,24536
91.650002,131.600006,27.090000,47.849998,1.470000,46.980000,4.380000,2.670000,280.450012,74.919998,100500.250000,37.46,121.03,120.812500,PM2.5,24537
89.209999,127.410004,27.959999,49.650002,1.430000,48.900002,4.410000,2.640000,280.980011,72.290001,100866.476562,37.44,121.2,117.762497,PM2.5,24538
88.150002,122.739998,28.969999,51.959999,1.390000,46.169998,3.800000,2.210000,281.380005,70.980003,101375.898438,37.41,121.37,116.437500,PM2.5,24539
79.580002,114.360001,26.450001,48.299999,1.290000,52.290001,3.440000,1.970000,281.190002,72.440002,101157.726562,37.39,121.54,105.725006,PM2.5,24540
70.570000,105.919998,23.530001,42.180000,1.180000,58.790001,3.760000,2.150000,280.880005,74.019997,100481.093750,37.37,121.71,94.462502,PM2.5,24541
61.759998,97.230003,20.740000,35.880001,1.070000,65.470001,4.010000,1.750000,281.279999,72.739998,100449.578125,37.35,121.87,83.449997,PM2.5,24542
58.439999,89.150002,18.620001,34.580002,0.990000,64.339996,3.750000,1.550000,281.209991,73.559998,100506.226562,37.33,122.04,79.299995,PM2.5,24543
57.009998,84.879997,16.440001,33.389999,0.920000,63.619999,3.640000,1.980000,280.940002,76.139999,100266.210938,37.31,122.21,77.512497,PM2.5,24544
56.799999,83.470001,14.590000,31.629999,0.860000,64.510002,3.950000,2.280000,281.220001,75.970001,100482.843750,37.29,122.38,77.250000,PM2.5,24545
53.110001,81.510002,14.900000,26.280001,0.810000,70.699997,4.150000,2.500000,281.799988,75.480003,101308.546875,37.26,122.55,72.637497,PM2.5,24546
193.539993,263.920013,32.360001,77.239998,2.750000,12.750000,0.720000,-1.560000,278.970001,76.459999,101741.289062,37.96,117.66,243.539993,PM2.5,24785
185.369995,247.610001,32.480000,73.489998,2.560000,14.390000,0.750000,-1.380000,279.100006,77.000000,101728.273438,37.94,117.83,235.369995,PM2.5,24786
178.009995,233.600006,33.400002,69.910004,2.390000,15.980000,0.780000,-1.330000,279.179993,77.570000,101679.398438,37.92,118.0,228.009995,PM2.5,24787
173.589996,225.490005,35.000000,67.139999,2.270000,16.790001,0.880000,-1.370000,279.119995,77.620003,101644.210938,37.91,118.17,223.589996,PM2.5,24788
165.490005,215.199997,37.759998,63.470001,2.100000,17.410000,0.980000,-1.190000,279.190002,77.080002,101632.757812,37.89,118.34,215.490005,PM2.5,24789
160.330002,210.020004,41.090000,61.830002,2.000000,18.080000,1.060000,-1.070000,279.209991,75.489998,101641.453125,37.87,118.51,210.330002,PM2.5,24790
157.660004,210.160004,42.250000,61.240002,1.940000,19.129999,1.340000,-0.890000,279.579987,78.480003,101642.312500,37.85,118.68,207.660004,PM2.5,24791
147.619995,197.000000,46.099998,57.139999,1.770000,19.719999,1.370000,-0.580000,279.529999,73.809998,101656.382812,37.84,118.85,196.599991,PM2.5,24792
106.570000,149.690002,31.450001,49.570000,1.610000,25.639999,3.110000,2.730000,280.170013,79.629997,101462.281250,37.67,120.38,139.462494,PM2.5,24793
105.989998,147.130005,26.680000,50.459999,1.640000,29.070000,3.560000,2.720000,279.940002,76.389999,100873.476562,37.65,120.55,138.737503,PM2.5,24794
102.260002,141.639999,25.459999,49.380001,1.590000,33.919998,4.040000,2.460000,280.029999,75.019997,100470.343750,37.63,120.72,134.074997,PM2.5,24795
96.470001,134.820007,25.280001,48.090000,1.510000,39.970001,4.070000,2.030000,280.279999,75.120003,100474.882812,37.61,120.89,126.837502,PM2.5,24796
90.660004,128.039993,25.290001,47.560001,1.430000,44.000000,4.100000,1.990000,280.600006,73.120003,100879.976562,37.59,121.06,119.575005,PM2.5,24797
96.440002,131.259995,31.969999,57.660000,1.430000,41.369999,4.180000,1.970000,281.510010,74.220001,101509.898438,37.57,121.23,126.800003,PM2.5,24798
99.900002,131.100006,37.490002,62.389999,1.420000,36.549999,4.110000,1.820000,281.690002,75.849998,101627.976562,37.55,121.39,131.125000,PM2.5,24799
60.310001,93.620003,19.389999,37.599998,0.980000,62.299999,4.430000,1.830000,281.339996,74.059998,100725.562500,37.46,122.07,81.637505,PM2.5,24800
56.459999,89.470001,16.950001,34.070000,0.900000,67.190002,4.330000,1.920000,281.779999,74.849998,100912.898438,37.44,122.24,76.824997,PM2.5,24801
53.130001,83.610001,18.340000,26.660000,0.790000,67.849998,3.760000,1.960000,281.940002,74.300003,101521.429688,37.4,122.58,72.662498,PM2.5,24802
161.229996,216.559998,34.790001,67.019997,2.320000,16.129999,0.330000,-1.620000,279.140015,78.589996,101706.093750,38.07,117.85,211.229996,PM2.5,25044
154.419998,202.270004,36.680000,60.939999,2.090000,17.980000,0.340000,-1.460000,279.070007,79.650002,101691.460938,38.06,118.02,204.419998,PM2.5,25045
152.410004,197.179993,37.660000,58.630001,1.980000,18.860001,0.470000,-1.390000,278.980011,78.580002,101686.296875,38.04,118.19,202.410004,PM2.5,25046
145.979996,188.320007,40.400002,54.889999,1.810000,19.469999,0.510000,-1.350000,279.019989,77.809998,101709.757812,38.02,118.36,194.257141,PM2.5,25047
139.130005,181.899994,44.340000,52.709999,1.680000,19.580000,0.930000,-1.010000,279.399994,75.879997,101675.117188,37.99,118.7,184.471436,PM2.5,25048
135.149994,177.740005,47.810001,50.529999,1.580000,20.230000,0.810000,-1.020000,279.410004,73.860001,101699.359375,37.97,118.87,178.785706,PM2.5,25049
94.760002,134.130005,23.530001,44.689999,1.500000,32.770000,3.880000,2.220000,280.260010,75.660004,101109.148438,37.76,120.74,124.700005,PM2.5,25050
91.809998,129.559998,23.809999,44.759998,1.450000,36.669998,4.050000,1.780000,280.250000,72.820000,100936.820312,37.74,120.91,121.012497,PM2.5,25051
