PM2.5(微克每立方米),PM10(微克每立方米),SO2(微克每立方米),NO2(微克每立方米),CO(毫克每立方米),O3(微克每立方米),U(m/s),V(m/s),TEMP(K),RH(%),PSFC(Pa),lat,lon,AQI,Major pollutants,id
8.410000,9.890000,5.420000,3.420000,0.280000,57.669998,4.330000,2.030000,300.089996,60.310001,88363.742188,24.7,104.63,12.014285,PM2.5,2423
8.770000,10.180000,4.940000,3.270000,0.240000,57.160000,5.730000,2.770000,299.559998,62.459999,87942.000000,24.7,104.78,12.528572,PM2.5,2424
12.000000,13.300000,3.900000,2.340000,0.200000,68.660004,0.840000,5.270000,301.299988,66.570000,91642.093750,24.7,105.96,17.142857,PM2.5,2432
10.650000,12.990000,7.590000,4.290000,0.410000,57.220001,5.110000,1.500000,296.790009,68.879997,84130.890625,24.84,104.63,15.214285,PM2.5,2568
10.420000,12.520000,6.640000,3.900000,0.320000,57.590000,6.830000,2.630000,297.290009,67.440002,84588.453125,24.84,104.78,14.885715,PM2.5,2569
9.630000,11.430000,5.890000,3.630000,0.250000,58.119999,6.710000,3.940000,299.839996,61.110001,87622.492188,24.84,104.93,13.757143,PM2.5,2570
10.920000,12.360000,4.840000,3.530000,0.200000,60.840000,3.870000,2.220000,301.450012,60.290001,90386.593750,24.84,105.52,15.600000,PM2.5,2574
11.360000,12.760000,4.240000,3.090000,0.200000,62.470001,2.550000,3.220000,300.690002,64.410004,90144.429688,24.84,105.67,16.228571,PM2.5,2575
12.070000,13.540000,4.220000,2.670000,0.200000,66.500000,2.030000,4.660000,300.230011,68.650002,90173.289062,24.84,105.82,17.242857,PM2.5,2576
11.630000,13.150000,4.140000,2.370000,0.200000,68.980003,1.940000,5.300000,300.859985,67.150002,90916.046875,24.83,105.97,16.614286,PM2.5,2577
10.590000,12.090000,3.930000,2.140000,0.200000,69.669998,2.010000,5.880000,301.929993,63.040001,91871.703125,24.83,106.11,15.128572,PM2.5,2578
11.980000,14.810000,9.160000,4.810000,0.430000,58.950001,7.980000,2.490000,295.910004,69.250000,82224.273438,24.97,104.78,17.114285,PM2.5,2714
11.480000,14.190000,9.430000,4.860000,0.330000,58.349998,6.590000,2.830000,298.970001,61.389999,85778.187500,24.97,104.93,16.400000,PM2.5,2715
11.340000,13.720000,7.670000,4.430000,0.260000,58.689999,4.320000,3.260000,300.649994,59.540001,88560.492188,24.97,105.07,16.200001,PM2.5,2716
12.290000,14.330000,6.620000,4.410000,0.220000,60.360001,2.680000,2.780000,300.489990,63.220001,89482.742188,24.97,105.37,17.557142,PM2.5,2718
12.810000,14.640000,5.960000,3.930000,0.210000,62.320000,3.170000,2.680000,298.519989,69.629997,87210.148438,24.97,105.52,18.300001,PM2.5,2719
12.130000,13.740000,5.070000,3.260000,0.200000,63.959999,3.730000,3.930000,298.760010,69.220001,87436.976562,24.97,105.67,17.328571,PM2.5,2720
11.590000,13.310000,4.620000,2.890000,0.200000,64.599998,3.080000,5.030000,300.359985,66.360001,89699.117188,24.97,105.82,16.557142,PM2.5,2721
11.110000,12.860000,4.460000,2.580000,0.200000,68.050003,2.170000,4.760000,301.470001,64.639999,91323.203125,24.97,105.97,15.871428,PM2.5,2722
10.690000,12.540000,4.220000,2.420000,0.200000,68.809998,1.910000,4.300000,302.390015,62.709999,92678.523438,24.97,106.12,15.271428,PM2.5,2723
12.990000,16.670000,12.150000,6.000000,0.570000,59.930000,7.760000,2.260000,297.220001,64.000000,83227.156250,25.11,104.78,18.557142,PM2.5,2859
14.040000,18.120001,14.910000,6.830000,0.450000,58.689999,5.390000,1.620000,299.160004,59.820000,85726.023438,25.11,104.93,20.057142,PM2.5,2860
14.460000,18.120001,11.900000,5.880000,0.320000,59.240002,3.180000,2.300000,298.989990,63.799999,86435.882812,25.11,105.07,20.657143,PM2.5,2861
13.850000,16.870001,8.980000,5.090000,0.250000,59.790001,2.470000,3.360000,298.839996,66.949997,87068.953125,25.11,105.22,19.785715,PM2.5,2862
13.740000,16.370001,7.440000,4.720000,0.230000,59.650002,2.770000,4.220000,298.250000,70.010002,86779.656250,25.11,105.37,19.628571,PM2.5,2863
13.320000,15.670000,6.450000,4.070000,0.220000,61.139999,4.440000,4.920000,297.440002,71.070000,85410.210938,25.11,105.52,19.028570,PM2.5,2864
11.810000,13.780000,5.630000,3.450000,0.210000,63.500000,4.120000,4.200000,299.119995,66.129997,87123.156250,25.11,105.67,16.871429,PM2.5,2865
10.820000,12.870000,4.940000,3.170000,0.210000,64.250000,1.630000,3.980000,301.230011,63.220001,90426.000000,25.1,105.82,15.457143,PM2.5,2866
10.960000,13.360000,4.700000,2.960000,0.210000,66.489998,0.250000,3.440000,301.730011,64.879997,92043.843750,25.1,105.97,15.657143,PM2.5,2867
11.280000,14.020000,4.670000,2.890000,0.220000,66.269997,0.520000,2.560000,301.359985,66.680000,91952.929688,25.1,106.12,16.114285,PM2.5,2868
11.140000,13.870000,4.150000,2.580000,0.210000,66.150002,2.190000,2.690000,300.779999,68.300003,91244.343750,25.1,106.27,15.914287,PM2.5,2869
10.600000,13.390000,3.980000,2.490000,0.210000,66.199997,3.320000,2.810000,301.429993,65.660004,91849.226562,25.1,106.42,15.142858,PM2.5,2870
10.280000,13.200000,4.060000,2.700000,0.220000,66.320000,2.300000,2.020000,302.540009,62.709999,93273.046875,25.1,106.56,14.685714,PM2.5,2871
16.290001,21.320000,16.639999,8.350000,0.540000,58.689999,3.500000,1.200000,299.010010,60.669998,85818.859375,25.24,104.93,23.271429,PM2.5,3005
16.379999,20.629999,12.840000,6.760000,0.370000,59.369999,2.860000,2.570000,297.779999,66.379997,84929.843750,25.24,105.07,23.400000,PM2.5,3006
15.310000,18.860001,9.870000,5.730000,0.270000,58.900002,3.220000,3.980000,297.500000,68.970001,84928.953125,25.24,105.22,21.871429,PM2.5,3007
14.170000,17.170000,7.910000,5.010000,0.240000,58.970001,3.620000,4.870000,297.920013,68.830002,85690.640625,25.24,105.37,20.242857,PM2.5,3008
13.060000,15.720000,6.730000,4.280000,0.230000,60.410000,4.240000,4.860000,298.600006,66.339996,86235.460938,25.24,105.52,18.657143,PM2.5,3009
12.100000,14.640000,5.920000,3.880000,0.220000,61.290001,2.680000,3.540000,300.250000,63.410000,88564.453125,25.24,105.67,17.285715,PM2.5,3010
11.190000,13.840000,4.990000,3.480000,0.220000,62.919998,-0.250000,3.490000,301.440002,63.470001,90998.593750,25.24,105.82,15.985714,PM2.5,3011
11.430000,14.380000,4.790000,3.200000,0.220000,65.760002,-1.080000,3.540000,300.640015,67.989998,90610.640625,25.24,105.97,16.328571,PM2.5,3012
12.200000,15.510000,4.840000,3.140000,0.230000,65.180000,0.310000,3.190000,298.989990,73.610001,88781.210938,25.24,106.12,17.428572,PM2.5,3013
12.100000,15.310000,4.210000,2.780000,0.220000,64.389999,2.490000,3.480000,298.269989,75.980003,87935.156250,25.24,106.27,17.285715,PM2.5,3014
11.300000,14.550000,4.010000,2.700000,0.220000,64.769997,3.090000,2.910000,299.679993,71.510002,89687.867188,25.23,106.42,16.142857,PM2.5,3015
10.750000,14.310000,4.090000,2.990000,0.230000,65.059998,1.530000,1.380000,301.750000,67.349998,92872.906250,25.23,106.57,15.357142,PM2.5,3016
10.710000,14.480000,4.070000,3.140000,0.230000,64.050003,0.510000,2.510000,302.209991,66.500000,93635.273438,25.23,106.72,15.300000,PM2.5,3017
11.410000,15.530000,4.030000,3.310000,0.240000,62.570000,0.510000,3.620000,301.429993,68.680000,92557.906250,25.23,106.87,16.299999,PM2.5,3018
15.120000,19.219999,4.260000,2.970000,0.250000,67.120003,1.860000,4.800000,298.839996,81.629997,90961.093750,25.21,107.76,21.600000,PM2.5,3024
16.040001,20.520000,4.480000,3.160000,0.260000,67.089996,1.200000,4.620000,298.640015,84.250000,91383.726562,25.21,107.91,22.914288,PM2.5,3025
13.320000,17.670000,13.460000,9.150000,0.710000,57.939999,6.690000,0.150000,296.670013,64.320000,82255.820312,25.38,104.63,19.028570,PM2.5,3148
14.130000,18.389999,12.330000,8.060000,0.650000,60.060001,4.320000,-0.050000,298.029999,61.630001,84124.937500,25.38,104.78,20.185715,PM2.5,3149
15.980000,20.389999,12.680000,7.940000,0.520000,60.840000,2.900000,1.160000,297.760010,64.389999,84439.406250,25.38,104.93,22.828571,PM2.5,3150
16.480000,20.680000,12.100000,7.380000,0.380000,59.279999,3.180000,2.820000,296.970001,67.889999,83794.203125,25.38,105.07,23.542856,PM2.5,3151
15.480000,19.250000,10.200000,6.420000,0.280000,58.080002,3.390000,3.930000,297.390015,67.889999,84510.257812,25.38,105.22,22.114285,PM2.5,3152
14.560000,17.889999,8.690000,5.660000,0.250000,58.500000,3.250000,4.190000,298.109985,66.809998,85587.406250,25.38,105.37,20.800001,PM2.5,3153
13.980000,17.129999,7.800000,5.120000,0.240000,59.189999,3.380000,3.550000,298.420013,66.519997,85988.500000,25.38,105.52,19.971428,PM2.5,3154
12.890000,16.030001,6.820000,4.610000,0.240000,59.849998,1.680000,3.170000,300.250000,63.220001,88613.007812,25.38,105.67,18.414286,PM2.5,3155
11.440000,14.580000,5.170000,3.610000,0.230000,62.160000,-0.700000,4.110000,301.570007,63.259998,91211.218750,25.37,105.82,16.342857,PM2.5,3156
11.360000,14.670000,4.680000,3.190000,0.230000,63.669998,-0.560000,4.880000,300.220001,67.779999,89705.906250,25.37,105.97,16.228571,PM2.5,3157
11.740000,15.020000,4.580000,2.990000,0.220000,64.949997,1.380000,4.450000,298.119995,73.839996,87045.859375,25.37,106.12,16.771429,PM2.5,3158
11.910000,15.310000,4.180000,2.720000,0.220000,63.209999,2.800000,4.270000,297.709991,75.860001,86813.843750,25.37,106.27,17.014286,PM2.5,3159
11.450000,15.040000,4.150000,2.780000,0.230000,63.869999,1.930000,2.810000,299.119995,73.000000,88930.406250,25.37,106.42,16.357143,PM2.5,3160
11.620000,15.970000,4.390000,3.400000,0.240000,63.299999,0.150000,1.250000,300.549988,72.379997,91758.429688,25.37,106.57,16.600000,PM2.5,3161
11.660000,16.389999,4.830000,3.690000,0.250000,63.230000,-0.280000,1.480000,301.600006,70.660004,93525.656250,25.37,106.72,16.657143,PM2.5,3162
11.630000,16.459999,4.560000,3.730000,0.250000,61.340000,-0.290000,2.770000,301.739990,69.769997,93593.406250,25.36,106.87,16.614286,PM2.5,3163
14.230000,18.840000,4.050000,3.230000,0.250000,64.739998,1.950000,5.130000,297.869995,83.050003,89081.921875,25.35,107.47,20.328571,PM2.5,3167
14.720000,19.180000,4.250000,3.280000,0.250000,64.879997,2.250000,5.010000,298.119995,82.669998,89564.968750,25.35,107.61,21.028572,PM2.5,3168
14.940000,19.370001,4.530000,3.110000,0.250000,65.970001,1.780000,4.800000,298.540009,82.389999,90562.320312,25.35,107.76,21.342857,PM2.5,3169
15.860000,20.690001,4.850000,3.280000,0.260000,66.529999,0.770000,4.760000,298.540009,84.440002,91146.476562,25.34,107.91,22.657143,PM2.5,3170
17.610001,23.620001,5.230000,4.020000,0.290000,66.610001,-0.180000,4.060000,298.839996,86.470001,92672.437500,25.34,108.06,25.157145,PM2.5,3171
14.740000,20.350000,17.680000,11.640000,0.810000,56.919998,7.240000,0.460000,295.630005,66.510002,80792.796875,25.51,104.48,21.057142,PM2.5,3291
15.340000,20.150000,15.760000,10.550000,0.790000,59.730000,5.750000,-0.010000,296.190002,65.709999,81604.570312,25.51,104.63,21.914286,PM2.5,3292
16.209999,20.740000,13.870000,9.350000,0.720000,61.040001,4.130000,-0.130000,296.720001,65.110001,82572.390625,25.51,104.78,23.157141,PM2.5,3293
17.209999,21.650000,13.100000,8.660000,0.560000,61.130001,3.150000,0.880000,296.750000,66.680000,83144.156250,25.51,104.93,24.585712,PM2.5,3294
17.230000,21.440001,12.320000,7.960000,0.400000,60.520000,3.170000,2.290000,296.820007,67.419998,83384.343750,25.51,105.07,24.614285,PM2.5,3295
16.160000,20.020000,10.760000,7.100000,0.290000,58.330002,2.860000,3.150000,297.679993,66.279999,84580.078125,25.51,105.22,23.085714,PM2.5,3296
15.440000,18.959999,9.470000,6.320000,0.260000,58.299999,2.480000,3.230000,298.200012,66.019997,85474.867188,25.51,105.37,22.057142,PM2.5,3297
15.360000,18.950001,8.810000,6.020000,0.260000,57.840000,2.340000,2.850000,298.500000,66.279999,86073.367188,25.51,105.52,21.942856,PM2.5,3298
14.180000,17.840000,7.610000,5.360000,0.250000,58.189999,0.930000,2.920000,300.269989,63.389999,88707.390625,25.51,105.67,20.257143,PM2.5,3299
12.050000,15.420000,5.590000,3.870000,0.230000,62.590000,-0.530000,3.840000,301.440002,63.810001,90966.117188,25.51,105.82,17.214287,PM2.5,3300
11.370000,14.940000,4.790000,3.340000,0.230000,62.730000,-0.100000,4.820000,300.760010,65.660004,90238.531250,25.51,105.97,16.242857,PM2.5,3301
11.390000,14.880000,4.680000,3.110000,0.230000,64.279999,1.390000,4.000000,299.220001,69.220001,88167.921875,25.51,106.12,16.271429,PM2.5,3302
11.760000,15.500000,4.310000,2.920000,0.230000,62.299999,1.960000,3.550000,298.450012,72.250000,87567.679688,25.51,106.27,16.800001,PM2.5,3303
12.020000,16.299999,4.290000,3.140000,0.240000,62.110001,0.670000,2.030000,299.179993,73.040001,89302.148438,25.5,106.42,17.171429,PM2.5,3304
12.540000,17.520000,4.500000,3.700000,0.260000,63.099998,-0.840000,1.470000,299.769989,75.419998,90866.140625,25.5,106.57,17.914286,PM2.5,3305
12.990000,18.370001,4.620000,4.050000,0.270000,62.330002,-0.990000,1.470000,300.000000,76.430000,91695.296875,25.5,106.72,18.557142,PM2.5,3306
12.540000,17.840000,4.490000,3.990000,0.260000,60.900002,-0.490000,2.330000,300.140015,76.720001,92130.523438,25.5,106.87,17.914286,PM2.5,3307
12.740000,17.580000,3.950000,3.370000,0.250000,64.639999,1.330000,5.270000,298.709991,79.459999,89808.406250,25.49,107.32,18.199999,PM2.5,3310
13.710000,18.459999,4.010000,3.290000,0.250000,64.209999,2.120000,5.100000,297.899994,81.989998,88947.242188,25.49,107.47,19.585714,PM2.5,3311
14.410000,19.000000,4.180000,3.230000,0.250000,64.500000,2.310000,4.970000,297.959991,82.370003,89219.750000,25.48,107.62,20.585714,PM2.5,3312
14.720000,19.370001,4.650000,3.220000,0.250000,65.510002,1.690000,4.930000,298.630005,81.500000,90517.609375,25.48,107.77,21.028572,PM2.5,3313
15.620000,20.639999,5.020000,3.360000,0.260000,66.269997,0.370000,5.070000,298.820007,83.519997,91492.851562,25.48,107.92,22.314285,PM2.5,3314
17.670000,23.510000,5.240000,3.590000,0.280000,68.269997,-0.630000,5.200000,298.149994,87.900002,91580.703125,25.47,108.07,25.242857,PM2.5,3315
18.660000,24.260000,5.530000,3.590000,0.280000,68.769997,-0.480000,5.060000,297.899994,89.529999,91711.117188,25.47,108.22,26.657143,PM2.5,3316
17.690001,21.629999,5.380000,2.740000,0.270000,72.760002,1.410000,6.480000,297.119995,91.000000,90257.312500,25.46,108.52,25.271429,PM2.5,3318
16.690001,24.059999,25.719999,17.469999,0.850000,52.200001,8.080000,0.680000,293.640015,72.660004,78655.718750,25.65,104.33,25.719999,SO2,3436
16.940001,23.160000,21.590000,14.910000,0.890000,57.330002,7.020000,0.710000,295.179993,67.870003,80250.296875,25.65,104.48,24.200001,PM2.5,3437
17.160000,22.330000,17.570000,12.300000,0.840000,60.860001,5.210000,0.530000,296.029999,66.139999,81424.921875,25.65,104.63,24.514286,PM2.5,3438
17.680000,22.400000,15.190000,10.700000,0.740000,62.630001,4.000000,0.120000,296.179993,66.419998,81881.648438,25.65,104.78,25.257143,PM2.5,3439
18.120001,22.540001,13.770000,9.810000,0.570000,62.119999,3.360000,0.690000,296.600006,66.339996,82726.718750,25.65,104.93,25.885715,PM2.5,3440
18.110001,22.250000,12.680000,8.920000,0.420000,61.080002,2.560000,1.520000,298.059998,63.520000,84667.742188,25.65,105.07,25.871429,PM2.5,3441
17.049999,20.969999,10.940000,7.770000,0.290000,59.000000,1.370000,2.310000,299.119995,62.119999,86133.656250,25.65,105.22,24.357141,PM2.5,3442
16.860001,20.690001,9.790000,6.890000,0.280000,58.220001,0.960000,2.460000,298.690002,64.760002,86040.656250,25.65,105.37,24.085714,PM2.5,3443
16.809999,20.940001,9.280000,6.790000,0.270000,56.660000,0.840000,2.340000,298.850006,65.860001,86652.867188,25.65,105.52,24.014284,PM2.5,3444
15.380000,19.639999,7.780000,6.010000,0.270000,56.970001,-0.480000,2.280000,300.540009,64.000000,89435.937500,25.65,105.67,21.971428,PM2.5,3445
12.970000,16.830000,5.620000,4.310000,0.250000,60.349998,-1.210000,2.820000,301.170013,65.379997,90999.789062,25.64,105.82,18.528572,PM2.5,3446
12.120000,16.010000,5.100000,3.730000,0.240000,62.330002,-0.340000,3.220000,300.399994,67.440002,90045.000000,25.64,105.97,17.314285,PM2.5,3447
12.240000,16.370001,4.770000,3.530000,0.240000,61.419998,0.910000,2.930000,299.089996,70.379997,88408.023438,25.64,106.12,17.485714,PM2.5,3448
12.480000,16.809999,4.520000,3.310000,0.240000,60.889999,1.230000,2.720000,298.399994,72.760002,87766.640625,25.64,106.27,17.828571,PM2.5,3449
13.010000,17.940001,4.420000,3.510000,0.250000,60.720001,0.190000,1.920000,298.679993,75.489998,88989.507812,25.64,106.42,18.585714,PM2.5,3450
13.400000,18.889999,4.410000,3.950000,0.270000,61.599998,-0.870000,2.270000,298.850006,78.059998,89746.929688,25.64,106.57,19.142857,PM2.5,3451
14.060000,19.750000,4.340000,4.230000,0.270000,61.369999,-0.560000,2.530000,298.290009,81.000000,89451.312500,25.64,106.72,20.085714,PM2.5,3452
13.780000,19.290001,4.240000,4.110000,0.270000,61.070000,0.340000,3.030000,298.149994,82.480003,89390.437500,25.63,106.87,19.685715,PM2.5,3453
13.670000,19.010000,4.070000,3.710000,0.260000,60.900002,0.930000,3.700000,298.290009,82.599998,89787.828125,25.63,107.02,19.528572,PM2.5,3454
12.780000,17.940001,4.000000,3.560000,0.250000,61.759998,1.240000,4.260000,299.059998,79.809998,90657.726562,25.63,107.17,18.257143,PM2.5,3455
12.400000,17.360001,3.870000,3.480000,0.250000,62.869999,1.630000,4.670000,298.950012,78.779999,90237.406250,25.62,107.32,17.714285,PM2.5,3456
12.920000,17.740000,3.950000,3.300000,0.250000,63.700001,2.350000,4.710000,298.230011,80.190002,89146.343750,25.62,107.47,18.457144,PM2.5,3457
13.770000,18.559999,4.180000,3.240000,0.250000,64.089996,2.440000,4.640000,298.269989,80.589996,89383.320312,25.62,107.62,19.671429,PM2.5,3458
14.330000,19.170000,4.480000,3.200000,0.250000,64.910004,1.620000,4.840000,298.790009,80.709999,90623.078125,25.62,107.77,20.471428,PM2.5,3459
15.260000,20.410000,4.840000,3.270000,0.260000,66.089996,0.680000,5.350000,298.910004,83.150002,91639.453125,25.61,107.92,21.800001,PM2.5,3460
16.700001,22.379999,5.150000,3.160000,0.270000,68.919998,0.180000,6.380000,298.380005,86.279999,91429.929688,25.61,108.07,23.857143,PM2.5,3461
17.830000,23.059999,5.400000,3.020000,0.270000,70.620003,0.650000,6.870000,297.540009,89.160004,90602.476562,25.6,108.22,25.471428,PM2.5,3462
17.709999,22.040001,5.390000,2.650000,0.260000,72.580002,1.890000,7.390000,297.250000,89.949997,90132.523438,25.6,108.37,25.299999,PM2.5,3463
16.840000,20.590000,5.470000,2.490000,0.260000,73.570000,2.670000,7.540000,297.920013,86.889999,90682.640625,25.6,108.52,24.057142,PM2.5,3464
18.160000,22.549999,7.250000,3.260000,0.320000,70.489998,2.680000,6.090000,298.570007,82.620003,90818.593750,25.59,108.82,25.942858,PM2.5,3466
20.120001,25.590000,8.500000,3.980000,0.380000,68.160004,1.200000,5.750000,299.609985,82.379997,93238.343750,25.58,108.97,28.742859,PM2.5,3467
17.200001,23.209999,18.260000,14.320000,0.840000,60.290001,6.590000,0.870000,295.109985,67.849998,80097.226562,25.78,104.47,24.571430,PM2.5,3580
17.959999,23.440001,16.620001,13.030000,0.830000,63.400002,4.240000,0.430000,296.709991,63.590000,82051.226562,25.78,104.62,25.657141,PM2.5,3581
18.240000,23.000000,14.380000,11.410000,0.690000,65.339996,3.560000,0.190000,296.179993,66.169998,81784.859375,25.78,104.77,26.057142,PM2.5,3582
18.500000,22.900000,13.220000,10.560000,0.540000,64.699997,3.360000,0.430000,296.869995,65.180000,82810.359375,25.78,104.92,26.428572,PM2.5,3583
18.959999,23.209999,12.210000,9.750000,0.420000,62.720001,1.430000,0.610000,299.279999,60.580002,86070.023438,25.78,105.08,27.085712,PM2.5,3584
18.280001,22.510000,10.450000,8.490000,0.310000,60.509998,-0.370000,1.300000,300.649994,59.500000,88307.273438,25.78,105.23,26.114286,PM2.5,3585
17.670000,21.820000,9.260000,7.360000,0.290000,59.220001,-0.250000,1.940000,299.910004,62.200001,87623.156250,25.78,105.38,25.242857,PM2.5,3586
18.010000,22.590000,8.720000,7.220000,0.290000,57.049999,-0.410000,2.120000,298.929993,66.599998,86874.867188,25.78,105.53,25.728571,PM2.5,3587
16.549999,21.350000,7.240000,6.380000,0.280000,56.470001,-1.730000,1.830000,299.929993,68.430000,89275.203125,25.78,105.68,23.642857,PM2.5,3588
14.230000,18.629999,5.530000,4.860000,0.260000,58.430000,-1.850000,2.320000,300.260010,69.139999,90280.000000,25.78,105.83,20.328571,PM2.5,3589
13.850000,18.490000,5.100000,4.440000,0.260000,58.990002,-0.580000,2.440000,298.779999,72.839996,88390.226562,25.78,105.98,19.785715,PM2.5,3590
13.850000,18.730000,4.840000,4.180000,0.260000,58.889999,0.710000,2.610000,297.809998,75.480003,87216.156250,25.78,106.13,19.785715,PM2.5,3591
13.770000,18.770000,4.590000,3.910000,0.260000,58.910000,1.080000,2.500000,297.760010,76.180000,87248.601562,25.78,106.28,19.671429,PM2.5,3592
14.100000,19.590000,4.510000,4.000000,0.270000,59.500000,0.510000,2.260000,297.980011,78.150002,88136.117188,25.77,106.43,20.142859,PM2.5,3593
14.210000,20.040001,4.450000,4.110000,0.270000,61.220001,-0.030000,3.100000,298.089996,79.680000,88603.906250,25.77,106.58,20.299999,PM2.5,3594
14.260000,20.040001,4.310000,4.140000,0.270000,61.590000,0.530000,3.550000,297.459991,81.940002,88043.601562,25.77,106.73,20.371429,PM2.5,3595
14.110000,19.660000,4.220000,3.960000,0.270000,62.380001,1.370000,3.730000,297.320007,83.500000,88006.343750,25.77,106.88,20.157143,PM2.5,3596
14.130000,19.639999,4.110000,3.710000,0.260000,62.169998,1.430000,3.640000,297.720001,83.449997,88880.476562,25.77,107.03,20.185715,PM2.5,3597
13.760000,19.219999,4.030000,3.720000,0.260000,61.740002,1.530000,3.870000,298.170013,82.790001,89705.687500,25.76,107.18,19.657143,PM2.5,3598
12.820000,18.030001,3.900000,3.650000,0.260000,62.320000,1.940000,4.370000,298.559998,80.559998,89915.273438,25.76,107.33,18.314285,PM2.5,3599
12.950000,17.950001,3.950000,3.420000,0.250000,63.020000,2.460000,4.540000,298.119995,81.059998,89066.437500,25.76,107.48,18.500000,PM2.5,3600
13.710000,18.730000,4.200000,3.420000,0.250000,63.150002,2.570000,4.430000,298.119995,81.300003,89219.773438,25.75,107.63,19.585714,PM2.5,3601
14.120000,19.110001,4.400000,3.260000,0.250000,64.150002,1.800000,4.760000,298.809998,80.489998,90562.312500,25.75,107.78,20.171429,PM2.5,3602
15.030000,20.219999,4.730000,3.260000,0.260000,65.629997,1.180000,5.230000,298.989990,82.449997,91573.640625,25.75,107.93,21.471428,PM2.5,3603
15.630000,21.219999,5.100000,3.050000,0.270000,67.919998,1.250000,5.940000,299.269989,82.599998,92325.992188,25.74,108.08,22.328571,PM2.5,3604
15.780000,20.400000,5.460000,2.750000,0.260000,72.070000,1.830000,6.180000,299.250000,81.660004,92036.023438,25.74,108.23,22.542856,PM2.5,3605
16.230000,20.320000,5.450000,2.550000,0.260000,71.760002,2.390000,6.420000,299.190002,81.440002,91781.453125,25.73,108.38,23.185713,PM2.5,3606
16.160000,19.750000,5.620000,2.540000,0.260000,71.639999,2.310000,5.680000,299.619995,80.139999,92488.296875,25.73,108.53,23.085714,PM2.5,3607
16.930000,20.610001,6.570000,2.930000,0.280000,69.989998,1.910000,4.470000,299.829987,78.709999,92721.343750,25.73,108.68,24.185715,PM2.5,3608
19.299999,24.150000,9.090000,3.910000,0.330000,67.489998,0.640000,3.110000,299.940002,79.180000,93303.570312,25.72,108.83,27.571428,PM2.5,3609
20.799999,26.280001,9.660000,4.270000,0.380000,66.570000,-0.570000,3.540000,300.350006,80.760002,94766.406250,25.72,108.98,29.714285,PM2.5,3610
16.090000,21.400000,12.340000,11.340000,0.700000,63.459999,5.330000,0.380000,295.290009,66.900002,80285.656250,25.92,104.47,22.985714,PM2.5,3724
19.120001,24.900000,13.810000,12.570000,0.810000,66.150002,3.500000,-0.270000,295.899994,65.669998,81176.859375,25.92,104.62,27.314287,PM2.5,3725
19.209999,24.090000,12.460000,11.310000,0.650000,67.690002,3.210000,0.240000,295.440002,68.309998,81036.679688,25.92,104.77,27.442856,PM2.5,3726
19.350000,23.900000,11.990000,10.900000,0.520000,67.070000,2.750000,0.110000,296.690002,65.559998,82543.929688,25.92,104.92,27.642859,PM2.5,3727
20.580000,25.010000,11.160000,10.390000,0.420000,64.809998,0.230000,-0.240000,299.100006,61.419998,85978.156250,25.92,105.08,29.400000,PM2.5,3728
20.000000,24.700001,9.300000,8.920000,0.340000,61.529999,-1.550000,0.760000,300.750000,60.900002,88977.242188,25.92,105.23,28.571428,PM2.5,3729
18.870001,23.660000,8.210000,7.930000,0.320000,59.299999,-1.360000,1.690000,300.190002,63.250000,88471.273438,25.92,105.38,26.957144,PM2.5,3730
19.790001,25.340000,7.780000,8.090000,0.320000,56.160000,-1.590000,2.040000,298.549988,70.739998,87203.101562,25.92,105.53,28.271429,PM2.5,3731
18.370001,24.240000,6.710000,7.450000,0.310000,54.470001,-2.250000,1.910000,298.809998,74.139999,88549.140625,25.92,105.68,26.242859,PM2.5,3732
16.250000,21.520000,5.720000,6.040000,0.290000,56.130001,-1.640000,2.410000,298.440002,74.980003,88172.382812,25.92,105.83,23.214285,PM2.5,3733
16.020000,21.610001,5.380000,5.660000,0.280000,56.389999,-0.120000,2.630000,297.140015,78.150002,86506.406250,25.91,105.98,22.885715,PM2.5,3734
15.730000,21.730000,5.060000,5.330000,0.290000,56.700001,0.920000,2.610000,297.209991,77.949997,86541.296875,25.91,106.13,22.471428,PM2.5,3735
15.540000,21.600000,4.840000,5.120000,0.280000,57.299999,1.220000,2.500000,297.339996,77.519997,86717.976562,25.91,106.28,22.200001,PM2.5,3736
15.300000,21.510000,4.760000,4.810000,0.280000,58.919998,1.080000,2.600000,297.529999,79.050003,87364.671875,25.91,106.43,21.857143,PM2.5,3737
14.850000,21.240000,4.640000,4.620000,0.290000,60.299999,0.830000,3.370000,297.880005,79.260002,88100.187500,25.91,106.58,21.240000,PM10,3738
14.780000,20.930000,4.460000,4.330000,0.280000,61.529999,1.360000,3.800000,297.220001,81.309998,87306.046875,25.91,106.73,21.114285,PM2.5,3739
14.680000,20.629999,4.340000,4.160000,0.270000,62.680000,1.870000,3.710000,297.059998,82.930000,87378.101562,25.9,106.88,20.971430,PM2.5,3740
14.300000,19.940001,4.330000,3.790000,0.270000,64.209999,1.540000,3.310000,297.640015,82.639999,88564.312500,25.9,107.03,20.428572,PM2.5,3741
14.440000,20.070000,4.200000,3.820000,0.270000,63.040001,1.820000,3.730000,297.579987,83.870003,88711.429688,25.9,107.18,20.628571,PM2.5,3742
13.540000,19.040001,4.130000,3.810000,0.260000,62.779999,2.350000,4.030000,298.220001,81.930000,89462.828125,25.9,107.33,19.342857,PM2.5,3743
13.400000,18.709999,4.210000,3.710000,0.260000,63.009998,2.690000,4.630000,297.980011,81.410004,88859.046875,25.89,107.48,19.142857,PM2.5,3744
14.090000,19.410000,4.470000,3.770000,0.260000,62.700001,2.730000,4.540000,297.579987,82.860001,88416.210938,25.89,107.63,20.128572,PM2.5,3745
14.220000,19.450001,4.590000,3.590000,0.260000,63.009998,1.660000,4.380000,298.980011,79.820000,90773.398438,25.89,107.78,20.314285,PM2.5,3746
15.230000,20.500000,4.960000,3.490000,0.270000,64.940002,0.780000,4.500000,299.200012,81.699997,91813.289062,25.88,107.93,21.757143,PM2.5,3747
16.139999,21.360001,5.210000,3.120000,0.270000,68.290001,1.140000,4.390000,299.040009,83.570000,92116.406250,25.88,108.08,23.057142,PM2.5,3748
17.490000,22.290001,5.450000,2.910000,0.270000,68.739998,1.590000,3.400000,299.440002,81.809998,92790.132812,25.87,108.23,24.985714,PM2.5,3749
18.100000,22.340000,5.970000,2.810000,0.260000,69.190002,1.170000,2.900000,300.100006,79.250000,93658.171875,25.87,108.38,25.857143,PM2.5,3750
18.780001,22.760000,7.410000,2.960000,0.270000,69.949997,0.400000,3.090000,300.010010,79.449997,93561.109375,25.87,108.53,26.828573,PM2.5,3751
20.889999,25.180000,8.940000,3.300000,0.300000,69.309998,-0.080000,2.680000,299.040009,83.050003,92552.500000,25.86,108.68,29.842855,PM2.5,3752
22.500000,27.500000,10.340000,3.740000,0.330000,69.199997,-0.870000,2.190000,298.940002,85.050003,92972.687500,25.86,108.83,32.142857,PM2.5,3753
23.410000,28.719999,10.110000,4.060000,0.370000,66.169998,-1.110000,3.480000,298.720001,87.440002,93046.242188,25.85,108.98,33.442856,PM2.5,3754
23.889999,29.900000,10.310000,4.680000,0.440000,63.910000,-0.340000,4.400000,298.730011,88.790001,93487.906250,25.85,109.13,34.128571,PM2.5,3755
24.160000,31.490000,12.640000,5.850000,0.580000,60.070000,-0.150000,4.570000,299.510010,87.339996,94884.250000,25.84,109.28,34.514286,PM2.5,3756
16.780001,21.650000,10.190000,12.030000,0.600000,65.610001,4.100000,0.420000,295.019989,67.580002,80180.906250,26.05,104.47,23.971430,PM2.5,3866
18.600000,23.650000,11.140000,13.060000,0.650000,68.080002,3.770000,0.060000,294.519989,69.879997,79819.906250,26.05,104.62,26.571428,PM2.5,3867
19.040001,23.930000,10.820000,12.080000,0.580000,69.129997,3.250000,0.050000,295.910004,66.379997,81479.242188,26.05,104.77,27.200001,PM2.5,3868
19.709999,24.250000,10.220000,11.000000,0.470000,68.839996,1.450000,-0.680000,297.609985,63.330002,83803.062500,26.05,104.92,28.157141,PM2.5,3869
20.260000,24.600000,8.640000,8.960000,0.390000,67.680000,-0.730000,-0.790000,298.980011,64.199997,86498.562500,26.05,105.08,28.942858,PM2.5,3870
21.940001,27.280001,8.210000,9.030000,0.370000,63.060001,-1.870000,0.440000,299.880005,64.230003,88093.148438,26.05,105.23,31.342857,PM2.5,3871
21.469999,27.350000,7.990000,8.890000,0.360000,59.430000,-1.450000,1.740000,298.640015,68.139999,86657.710938,26.05,105.38,30.671427,PM2.5,3872
22.030001,28.799999,7.860000,9.370000,0.370000,55.330002,-1.380000,2.220000,297.570007,74.750000,86228.476562,26.05,105.53,31.471430,PM2.5,3873
20.990000,28.270000,8.550000,10.500000,0.360000,52.209999,-1.810000,2.440000,297.679993,77.800003,87098.656250,26.05,105.68,29.985714,PM2.5,3874
20.070000,27.450001,9.840000,11.890000,0.340000,50.369999,-0.910000,2.850000,296.970001,79.230003,86238.828125,26.05,105.83,28.671429,PM2.5,3875
19.299999,26.770000,8.400000,10.420000,0.330000,50.490002,0.420000,2.830000,296.450012,80.000000,85559.203125,26.05,105.98,27.571428,PM2.5,3876
18.110001,25.469999,6.140000,7.500000,0.320000,51.779999,0.980000,2.510000,296.890015,78.830002,86069.062500,26.05,106.13,25.871429,PM2.5,3877
17.900000,25.360001,5.610000,7.210000,0.320000,51.810001,1.220000,2.470000,296.760010,79.660004,86036.703125,26.05,106.28,25.571428,PM2.5,3878
17.750000,25.700001,5.550000,7.170000,0.330000,53.430000,1.230000,2.630000,297.140015,79.559998,86741.812500,26.04,106.43,25.700001,PM10,3879
17.000000,25.410000,5.480000,7.010000,0.340000,55.410000,1.010000,2.980000,297.899994,78.629997,88012.296875,26.04,106.58,25.410000,PM10,3880
16.559999,24.160000,5.050000,5.780000,0.310000,58.240002,1.520000,3.410000,297.260010,80.320000,87150.726562,26.04,106.73,24.160000,PM10,3881
16.290001,23.240000,4.770000,5.090000,0.290000,60.410000,2.060000,3.390000,296.760010,82.430000,86799.507812,26.04,106.88,23.271429,PM2.5,3882
15.690000,22.040001,4.550000,4.300000,0.280000,62.139999,1.900000,3.350000,297.290009,82.489998,87995.671875,26.04,107.03,22.414286,PM2.5,3883
15.430000,21.280001,4.530000,4.020000,0.270000,63.980000,1.870000,3.460000,297.179993,83.980003,87981.710938,26.03,107.18,22.042858,PM2.5,3884
14.590000,20.270000,4.460000,4.160000,0.270000,63.970001,2.400000,3.490000,297.540009,83.769997,88633.039062,26.03,107.33,20.842857,PM2.5,3885
13.950000,19.629999,4.430000,4.090000,0.270000,63.090000,2.980000,4.350000,298.160004,80.669998,89102.968750,26.03,107.48,19.928572,PM2.5,3886
14.210000,19.850000,4.590000,4.020000,0.270000,62.270000,2.280000,4.280000,298.109985,80.500000,88958.687500,26.02,107.63,20.299999,PM2.5,3887
14.790000,20.240000,4.600000,3.780000,0.270000,62.549999,0.710000,3.830000,298.959991,79.989998,90884.492188,26.02,107.78,21.128571,PM2.5,3888
16.290001,21.670000,4.970000,3.590000,0.270000,64.480003,0.080000,3.980000,298.809998,83.139999,91485.976562,26.02,107.93,23.271429,PM2.5,3889
19.010000,24.370001,5.300000,3.190000,0.280000,66.699997,0.480000,3.350000,298.000000,87.120003,91005.656250,26.01,108.08,27.157143,PM2.5,3890
22.520000,27.430000,6.420000,3.020000,0.280000,70.050003,0.540000,1.970000,298.570007,85.290001,92147.320312,26.01,108.23,32.171429,PM2.5,3891
23.440001,27.660000,7.720000,3.040000,0.280000,72.459999,-0.100000,1.480000,299.529999,82.379997,93688.742188,26.0,108.39,33.485714,PM2.5,3892
22.250000,26.240000,8.650000,3.080000,0.280000,71.550003,-0.440000,2.900000,299.440002,82.150002,93238.218750,26.0,108.54,31.785715,PM2.5,3893
23.700001,27.930000,9.540000,3.250000,0.300000,69.480003,-0.440000,3.680000,298.220001,86.529999,91671.140625,26.0,108.69,33.857143,PM2.5,3894
24.910000,29.950001,10.540000,3.530000,0.330000,68.540001,-0.450000,3.830000,297.799988,89.269997,91556.609375,25.99,108.84,35.585712,PM2.5,3895
24.770000,29.930000,10.480000,3.780000,0.350000,66.620003,-0.240000,5.030000,297.850006,89.629997,91563.226562,25.99,108.99,35.385715,PM2.5,3896
25.190001,31.040001,10.940000,4.360000,0.410000,64.669998,-0.410000,5.270000,298.309998,89.589996,92675.523438,25.98,109.14,35.985714,PM2.5,3897
25.990000,32.799999,12.660000,5.170000,0.530000,61.430000,-0.860000,4.750000,298.589996,90.599998,93835.601562,25.98,109.29,37.128571,PM2.5,3898
19.670000,24.930000,10.150000,13.880000,0.600000,68.639999,3.500000,0.600000,294.700012,68.779999,79941.117188,26.19,104.62,28.100000,PM2.5,4008
20.680000,25.889999,9.710000,12.140000,0.540000,71.019997,1.470000,-0.780000,297.279999,63.830002,83443.046875,26.19,104.77,29.542858,PM2.5,4009
22.540001,27.280001,9.240000,10.170000,0.460000,71.699997,-0.610000,-1.380000,297.670013,67.220001,84741.710938,26.19,104.92,32.200001,PM2.5,4010
22.150000,26.620001,7.980000,8.750000,0.390000,68.809998,-1.160000,-0.890000,297.720001,68.459999,85147.242188,26.19,105.08,31.642857,PM2.5,4011
23.150000,28.520000,7.220000,8.770000,0.390000,64.029999,-1.030000,0.360000,297.619995,69.980003,85315.273438,26.19,105.23,33.071426,PM2.5,4012
22.830000,28.940001,7.130000,8.760000,0.390000,60.310001,-0.460000,1.670000,297.290009,71.500000,84976.656250,26.19,105.38,32.614285,PM2.5,4013
22.620001,29.549999,6.920000,9.020000,0.390000,56.570000,-0.640000,1.960000,297.429993,74.339996,85854.460938,26.19,105.53,32.314285,PM2.5,4014
21.830000,29.440001,8.010000,10.470000,0.380000,53.279999,-0.840000,2.360000,297.279999,77.099998,86148.960938,26.19,105.68,31.185715,PM2.5,4015
21.450001,29.430000,9.910000,12.950000,0.370000,50.049999,-0.030000,2.760000,296.649994,78.489998,85364.726562,26.19,105.83,30.642859,PM2.5,4016
20.740000,28.930000,8.960000,12.020000,0.360000,48.889999,0.790000,2.530000,296.410004,79.150002,85188.796875,26.18,105.98,29.628571,PM2.5,4017
19.440001,27.730000,6.560000,9.200000,0.350000,48.470001,1.070000,2.330000,296.720001,78.809998,85812.757812,26.18,106.13,27.771429,PM2.5,4018
18.990000,27.639999,5.980000,9.320000,0.350000,47.369999,1.230000,2.390000,296.609985,79.660004,85827.843750,26.18,106.28,27.639999,PM10,4019
18.780001,28.000000,5.930000,9.350000,0.360000,48.090000,1.170000,2.400000,296.700012,80.279999,86103.851562,26.18,106.43,28.000000,PM10,4020
18.299999,28.520000,5.960000,9.710000,0.390000,49.570000,0.960000,2.530000,297.320007,80.139999,87269.687500,26.18,106.58,28.520000,PM10,4021
17.230000,26.020000,5.270000,7.250000,0.340000,53.720001,1.420000,3.040000,297.190002,79.550003,86993.078125,26.18,106.73,26.020000,PM10,4022
17.110001,25.080000,4.870000,6.020000,0.320000,56.490002,2.000000,2.980000,296.519989,82.129997,86262.476562,26.17,106.88,25.080000,PM10,4023
16.680000,23.910000,4.660000,4.860000,0.300000,59.220001,1.930000,3.360000,296.940002,82.599998,87330.398438,26.17,107.03,23.910000,PM10,4024
16.080000,22.490000,4.710000,4.350000,0.290000,62.900002,2.030000,3.160000,297.059998,82.989998,87549.023438,26.17,107.19,22.971428,PM2.5,4025
15.910000,22.040001,4.700000,4.540000,0.280000,63.939999,2.510000,3.190000,296.959991,84.000000,87446.539062,26.17,107.34,22.728571,PM2.5,4026
14.840000,20.870001,4.720000,4.480000,0.280000,63.369999,2.560000,3.500000,298.209991,80.610001,89294.460938,26.16,107.49,21.200001,PM2.5,4027
14.860000,21.040001,4.800000,4.320000,0.280000,61.970001,1.350000,3.700000,299.140015,77.279999,90430.539062,26.16,107.64,21.228571,PM2.5,4028
15.830000,21.430000,4.590000,3.710000,0.270000,62.939999,-0.180000,3.930000,298.649994,81.519997,90682.289062,26.16,107.79,22.614286,PM2.5,4029
17.639999,22.969999,4.860000,3.410000,0.270000,65.120003,-0.610000,4.040000,297.839996,86.510002,90351.398438,26.15,107.94,25.199999,PM2.5,4030
20.790001,26.090000,5.260000,3.020000,0.280000,66.940002,-0.100000,3.440000,296.709991,90.570000,89328.328125,26.15,108.09,29.700001,PM2.5,4031
24.780001,29.510000,6.220000,3.000000,0.280000,70.010002,0.640000,2.790000,296.820007,90.820000,89894.882812,26.14,108.24,35.400002,PM2.5,4032
26.540001,30.450001,7.510000,2.950000,0.280000,72.580002,0.520000,2.860000,297.859985,88.209999,91630.117188,26.14,108.39,37.914288,PM2.5,4033
24.670000,28.410000,8.310000,2.940000,0.280000,70.760002,0.280000,4.220000,298.429993,85.900002,92012.523438,26.14,108.54,35.242859,PM2.5,4034
24.510000,28.420000,9.050000,2.990000,0.290000,69.900002,0.490000,5.000000,297.920013,87.050003,90988.812500,26.13,108.69,35.014286,PM2.5,4035
25.200001,30.000000,10.110000,3.180000,0.310000,69.430000,0.680000,5.240000,297.459991,89.269997,90608.226562,26.13,108.84,36.000000,PM2.5,4036
25.170000,30.280001,10.720000,3.540000,0.340000,67.680000,0.360000,5.630000,297.910004,88.529999,91392.328125,26.12,108.99,35.957142,PM2.5,4037
25.809999,31.639999,11.380000,4.120000,0.390000,65.839996,-0.580000,5.560000,298.429993,88.849998,92789.898438,26.12,109.14,36.871429,PM2.5,4038
26.900000,33.320000,12.390000,4.590000,0.470000,63.910000,-0.860000,5.600000,298.089996,91.699997,92995.203125,26.11,109.29,38.428570,PM2.5,4039
26.910000,33.180000,12.930000,4.690000,0.560000,65.559998,-0.240000,5.580000,297.970001,91.500000,92763.593750,26.11,109.44,38.442856,PM2.5,4040
20.910000,26.469999,9.630000,12.900000,0.570000,70.190002,2.320000,-0.280000,295.609985,66.449997,81078.070312,26.32,104.62,29.871428,PM2.5,4150
24.280001,30.170000,10.360000,12.700000,0.560000,73.750000,0.090000,-1.540000,296.589996,67.870003,83128.796875,26.32,104.77,34.685715,PM2.5,4151
25.180000,30.480000,10.190000,11.430000,0.470000,72.389999,-0.300000,-1.000000,295.829987,71.320000,82444.523438,26.32,104.92,35.971428,PM2.5,4152
24.559999,29.120001,8.350000,9.400000,0.390000,69.459999,0.290000,-0.310000,295.269989,74.830002,82097.718750,26.32,105.08,35.085712,PM2.5,4153
24.370001,29.600000,6.940000,8.470000,0.390000,64.709999,0.360000,0.660000,295.959991,74.129997,83199.453125,26.32,105.23,34.814285,PM2.5,4154
23.549999,29.410000,6.580000,8.010000,0.390000,61.779999,-0.050000,1.100000,297.209991,71.459999,84885.156250,26.32,105.38,33.642857,PM2.5,4155
23.290001,30.090000,6.310000,8.150000,0.390000,57.980000,-0.620000,1.190000,297.500000,74.000000,86020.093750,26.32,105.53,33.271431,PM2.5,4156
22.500000,30.299999,7.020000,9.560000,0.400000,54.509998,-0.390000,1.830000,297.209991,76.379997,86065.687500,26.32,105.68,32.142857,PM2.5,4157
22.190001,30.629999,8.310000,11.600000,0.400000,51.590000,0.480000,2.150000,296.690002,77.589996,85358.726562,26.32,105.83,31.700001,PM2.5,4158
21.540001,30.340000,7.810000,11.370000,0.390000,49.360001,1.150000,2.010000,296.260010,78.970001,84954.226562,26.32,105.98,30.771429,PM2.5,4159
20.209999,29.150000,6.400000,10.020000,0.370000,47.970001,1.220000,2.060000,296.630005,78.580002,85649.796875,26.32,106.13,29.150000,PM10,4160
19.730000,29.650000,6.210000,11.270000,0.390000,45.889999,1.120000,2.210000,296.809998,78.870003,86112.406250,26.32,106.28,29.650000,PM10,4161
19.500000,30.290001,6.290000,11.920000,0.410000,45.349998,1.180000,2.220000,296.760010,79.809998,86135.507812,26.32,106.43,30.290001,PM10,4162
19.469999,32.099998,6.560000,13.400000,0.450000,45.259998,1.100000,2.370000,297.140015,79.730003,86864.070312,26.31,106.58,32.099998,PM10,4163
17.770000,27.920000,5.470000,9.190000,0.380000,49.919998,1.260000,2.780000,297.239990,79.489998,87012.523438,26.31,106.74,27.920000,PM10,4164
17.250000,25.990000,5.060000,7.350000,0.340000,53.950001,1.610000,2.510000,296.589996,81.169998,86100.546875,26.31,106.89,25.990000,PM10,4165
17.219999,25.430000,4.640000,5.950000,0.330000,55.209999,1.570000,2.840000,296.790009,82.129997,86928.398438,26.31,107.04,25.430000,PM10,4166
16.750000,24.090000,4.690000,5.080000,0.310000,59.650002,1.900000,2.830000,296.829987,82.839996,87151.453125,26.3,107.19,24.090000,PM10,4167
17.250000,24.410000,4.720000,5.070000,0.300000,60.680000,2.600000,3.100000,296.390015,84.300003,86509.593750,26.3,107.34,24.642857,PM2.5,4168
16.950001,24.490000,5.120000,5.570000,0.320000,60.009998,2.190000,2.920000,297.910004,80.589996,88752.468750,26.3,107.49,24.490000,PM10,4169
16.870001,24.340000,5.570000,5.350000,0.320000,60.040001,0.810000,3.290000,299.290009,77.680000,90910.156250,26.29,107.64,24.340000,PM10,4170
16.330000,22.120001,4.720000,3.670000,0.280000,63.340000,-0.250000,4.590000,298.750000,80.680000,90711.632812,26.29,107.79,23.328571,PM2.5,4171
17.610001,22.700001,4.870000,3.130000,0.270000,67.129997,-0.470000,4.650000,297.329987,86.800003,89300.289062,26.29,107.94,25.157145,PM2.5,4172
21.950001,27.260000,5.180000,3.160000,0.280000,65.589996,0.580000,4.600000,295.470001,92.430000,87096.570312,26.28,108.09,31.357143,PM2.5,4173
23.850000,28.379999,5.680000,2.780000,0.270000,69.449997,1.950000,4.530000,295.239990,93.489998,86789.218750,26.28,108.24,34.071430,PM2.5,4174
26.299999,29.889999,6.750000,2.730000,0.270000,71.699997,1.740000,4.630000,296.760010,91.000000,89600.367188,26.28,108.39,37.571426,PM2.5,4175
25.260000,28.690001,7.830000,2.700000,0.270000,71.180000,1.000000,5.150000,298.140015,86.459999,91459.546875,26.27,108.55,36.085716,PM2.5,4176
24.830000,28.379999,8.620000,2.760000,0.290000,70.480003,1.170000,5.430000,297.959991,86.309998,90864.171875,26.27,108.7,35.471428,PM2.5,4177
24.850000,29.350000,9.720000,2.970000,0.300000,70.029999,1.270000,5.450000,297.809998,86.949997,90695.296875,26.26,108.85,35.500000,PM2.5,4178
24.799999,29.370001,11.130000,3.340000,0.320000,70.400002,0.360000,5.080000,298.459991,85.879997,92019.468750,26.26,109.0,35.428570,PM2.5,4179
26.250000,31.920000,11.610000,3.860000,0.360000,67.379997,-0.490000,5.740000,298.500000,88.070000,92800.601562,26.25,109.15,37.500000,PM2.5,4180
27.340000,33.380001,12.130000,4.080000,0.400000,66.739998,-0.110000,6.200000,297.720001,91.769997,92139.281250,26.25,109.3,39.057144,PM2.5,4181
29.379999,36.630001,12.450000,16.559999,0.620000,75.339996,0.660000,-1.500000,294.250000,73.949997,80529.062500,26.46,104.77,41.971428,PM2.5,4293
30.250000,36.930000,13.540000,15.670000,0.540000,72.050003,1.050000,-0.520000,294.140015,76.019997,80620.023438,26.46,104.92,43.214287,PM2.5,4294
27.350000,32.270000,10.270000,12.230000,0.410000,69.089996,1.180000,-0.070000,294.779999,75.260002,81470.242188,26.46,105.08,39.071430,PM2.5,4295
25.780001,30.920000,7.820000,9.320000,0.400000,65.690002,0.620000,0.080000,296.089996,72.839996,83236.281250,26.46,105.23,36.828571,PM2.5,4296
24.959999,30.600000,6.890000,7.730000,0.390000,63.459999,-0.030000,0.200000,296.480011,74.080002,84109.796875,26.46,105.38,35.657143,PM2.5,4297
24.010000,30.309999,6.410000,7.540000,0.390000,60.130001,0.010000,0.590000,295.769989,78.139999,83778.289062,26.46,105.53,34.299999,PM2.5,4298
23.000000,30.180000,6.700000,8.480000,0.390000,57.009998,0.420000,1.320000,295.989990,79.290001,84481.640625,26.46,105.68,32.857143,PM2.5,4299
22.840000,30.930000,7.510000,10.400000,0.410000,53.520000,0.890000,1.800000,296.109985,79.379997,84739.250000,26.46,105.83,32.628571,PM2.5,4300
22.250000,30.959999,7.310000,10.830000,0.400000,50.790001,1.340000,1.760000,296.100006,79.320000,84810.507812,26.46,105.98,31.785715,PM2.5,4301
21.139999,30.030001,6.500000,10.400000,0.390000,49.110001,1.320000,1.590000,296.660004,77.809998,85536.203125,26.45,106.13,30.199999,PM2.5,4302
20.900000,31.290001,6.530000,13.100000,0.410000,45.980000,1.130000,1.680000,296.790009,78.550003,85971.812500,26.45,106.28,31.290001,PM10,4303
20.740000,32.709999,6.730000,14.940000,0.450000,43.520000,1.120000,1.910000,296.910004,79.160004,86338.843750,26.45,106.44,32.709999,PM10,4304
21.750000,37.959999,7.560000,19.709999,0.560000,39.720001,1.060000,2.140000,297.290009,79.010002,87003.328125,26.45,106.59,37.959999,PM10,4305
19.299999,31.469999,5.860000,12.660000,0.440000,45.470001,1.250000,2.440000,297.359985,79.529999,87280.726562,26.45,106.74,31.469999,PM10,4306
18.410000,28.570000,5.200000,9.560000,0.390000,49.490002,1.680000,2.320000,296.640015,81.190002,86236.382812,26.44,106.89,28.570000,PM10,4307
18.080000,27.010000,4.710000,6.990000,0.350000,52.689999,1.800000,2.460000,296.410004,83.050003,86275.882812,26.44,107.04,27.010000,PM10,4308
17.230000,25.090000,4.630000,5.760000,0.320000,56.880001,1.960000,2.670000,296.670013,82.750000,86790.781250,26.44,107.19,25.090000,PM10,4309
17.709999,25.450001,4.680000,5.550000,0.320000,57.759998,2.210000,2.980000,296.459991,83.410004,86436.953125,26.44,107.34,25.450001,PM10,4310
18.670000,27.180000,5.470000,6.630000,0.350000,57.470001,1.410000,2.740000,297.450012,81.690002,88056.406250,26.43,107.49,27.180000,PM10,4311
19.660000,28.400000,6.710000,6.890000,0.360000,59.959999,0.560000,2.930000,298.859985,79.269997,90511.289062,26.43,107.64,28.400000,PM10,4312
17.629999,24.070000,5.180000,4.120000,0.290000,62.900002,0.490000,4.540000,299.279999,78.750000,91210.921875,26.43,107.8,25.185713,PM2.5,4313
17.120001,22.379999,5.170000,3.270000,0.270000,67.139999,0.400000,4.930000,298.470001,80.559998,90015.476562,26.42,107.95,24.457144,PM2.5,4314
19.600000,24.400000,5.160000,2.910000,0.270000,68.000000,1.370000,5.510000,296.140015,87.870003,87143.578125,26.42,108.1,28.000000,PM2.5,4315
22.480000,26.740000,5.490000,2.550000,0.260000,69.720001,2.770000,5.470000,295.029999,91.599998,85780.226562,26.41,108.25,32.114285,PM2.5,4316
24.889999,28.250000,6.280000,2.490000,0.260000,71.050003,2.130000,5.150000,296.890015,88.000000,88974.406250,26.41,108.4,35.557140,PM2.5,4317
25.340000,28.600000,7.510000,2.530000,0.270000,70.680000,0.920000,4.970000,298.440002,84.709999,91668.476562,26.41,108.55,36.200001,PM2.5,4318
25.260000,28.629999,8.380000,2.640000,0.280000,70.570000,1.180000,5.170000,297.929993,86.190002,90850.773438,26.4,108.7,36.085716,PM2.5,4319
25.500000,29.809999,9.570000,2.880000,0.300000,70.269997,1.250000,4.920000,297.839996,86.639999,90856.062500,26.4,108.85,36.428570,PM2.5,4320
26.180000,30.860001,11.360000,3.330000,0.320000,69.750000,0.340000,4.500000,298.779999,84.680000,92577.242188,26.39,109.0,37.400002,PM2.5,4321
26.870001,32.380001,12.050000,3.710000,0.340000,68.760002,-0.110000,5.760000,298.739990,86.660004,93027.382812,26.39,109.15,38.385715,PM2.5,4322
18.530001,21.900000,6.410000,4.070000,0.360000,66.349998,2.170000,0.460000,293.230011,69.339996,77822.773438,26.59,103.86,26.471430,PM2.5,4425
19.610001,23.270000,7.000000,4.620000,0.390000,68.309998,2.720000,0.280000,292.670013,71.940002,77426.976562,26.59,104.02,28.014286,PM2.5,4426
24.680000,29.959999,9.290000,9.390000,0.480000,76.440002,1.420000,-1.360000,293.420013,74.610001,79512.890625,26.59,104.62,35.257145,PM2.5,4430
36.270000,45.369999,14.480000,22.150000,0.650000,77.139999,1.840000,-0.830000,293.109985,76.739998,79292.601562,26.59,104.77,51.587502,PM2.5,4431
39.209999,48.189999,19.170000,23.530001,0.620000,73.750000,2.010000,-0.460000,293.809998,76.209999,80290.328125,26.59,104.92,55.262497,PM2.5,4432
32.250000,37.770000,13.800000,17.240000,0.430000,70.900002,1.560000,-0.620000,294.250000,76.580002,80976.203125,26.59,105.08,46.071430,PM2.5,4433
29.090000,34.330002,9.810000,11.700000,0.410000,66.279999,0.920000,-0.590000,295.010010,76.279999,82185.453125,26.59,105.23,41.557144,PM2.5,4434
27.080000,32.459999,8.010000,8.150000,0.390000,64.730003,0.630000,0.070000,295.049988,78.169998,82520.429688,26.59,105.38,38.685715,PM2.5,4435
25.670000,31.240000,7.240000,7.450000,0.380000,61.910000,1.170000,0.580000,294.440002,80.199997,81758.203125,26.59,105.53,36.671429,PM2.5,4436
24.639999,30.950001,7.100000,8.130000,0.380000,58.590000,1.730000,0.940000,294.739990,80.540001,82415.507812,26.59,105.68,35.200001,PM2.5,4437
23.420000,30.490000,7.430000,9.540000,0.390000,55.529999,1.730000,1.510000,295.630005,79.110001,83732.820312,26.59,105.83,33.457142,PM2.5,4438
22.770000,30.530001,7.240000,10.330000,0.390000,52.320000,1.410000,1.410000,296.450012,77.160004,84969.757812,26.59,105.98,32.528572,PM2.5,4439
21.969999,30.410000,6.560000,10.380000,0.390000,50.259998,1.130000,1.130000,296.980011,76.260002,85830.523438,26.59,106.14,31.385714,PM2.5,4440
22.190001,32.360001,6.750000,14.730000,0.410000,46.160000,1.240000,1.130000,296.839996,77.559998,85810.460938,26.59,106.29,32.360001,PM10,4441
22.559999,35.130001,7.110000,17.850000,0.470000,42.330002,1.380000,1.330000,296.730011,79.110001,85949.781250,26.59,106.44,35.130001,PM10,4442
28.559999,52.549999,9.450000,32.349998,0.810000,30.820000,1.170000,1.740000,296.950012,80.010002,86621.960938,26.58,106.59,51.275002,PM10,4443
23.590000,40.340000,6.630000,19.820000,0.580000,39.049999,1.230000,2.020000,297.269989,80.120003,87313.257812,26.58,106.74,40.340000,PM10,4444
21.170000,34.340000,5.590000,13.920000,0.470000,44.150002,1.750000,2.220000,296.809998,80.959999,86620.156250,26.58,106.89,34.340000,PM10,4445
19.700001,30.200001,4.850000,9.070000,0.390000,48.900002,2.200000,2.380000,296.309998,83.160004,86099.117188,26.58,107.04,30.200001,PM10,4446
18.299999,27.250000,4.560000,7.070000,0.350000,52.820000,2.260000,2.490000,296.790009,81.849998,86853.953125,26.57,107.19,27.250000,PM10,4447
18.090000,26.379999,4.600000,6.420000,0.330000,54.549999,1.990000,2.680000,296.989990,81.440002,87124.406250,26.57,107.35,26.379999,PM10,4448
19.309999,27.980000,5.460000,7.480000,0.350000,54.689999,1.030000,2.500000,297.600006,81.019997,88274.843750,26.57,107.5,27.980000,PM10,4449
21.270000,30.250000,7.270000,8.160000,0.370000,58.080002,0.290000,2.550000,298.450012,80.540001,90052.289062,26.56,107.65,30.385715,PM2.5,4450
20.719999,28.900000,6.950000,6.100000,0.350000,62.080002,0.700000,3.640000,299.109985,79.370003,91151.109375,26.56,107.8,29.599998,PM2.5,4451
19.730000,26.760000,7.240000,5.040000,0.320000,65.930000,1.150000,4.070000,299.380005,77.589996,91324.609375,26.56,107.95,28.185713,PM2.5,4452
20.280001,26.240000,6.410000,3.800000,0.290000,68.050003,2.090000,4.990000,297.959991,80.260002,89121.718750,26.55,108.1,28.971430,PM2.5,4453
21.830000,26.490000,6.420000,3.020000,0.270000,70.879997,2.710000,4.760000,296.529999,84.070000,87025.906250,26.55,108.25,31.185715,PM2.5,4454
24.730000,28.230000,6.980000,2.850000,0.270000,71.139999,1.190000,4.120000,297.410004,83.779999,89095.703125,26.55,108.4,35.328571,PM2.5,4455
26.540001,29.780001,7.990000,2.720000,0.280000,70.480003,0.150000,4.300000,298.359985,84.440002,91641.750000,26.54,108.56,37.914288,PM2.5,4456
26.110001,29.340000,8.460000,2.670000,0.280000,70.760002,0.810000,4.750000,297.869995,86.260002,90885.593750,26.54,108.71,37.299999,PM2.5,4457
26.600000,30.610001,9.350000,2.800000,0.290000,70.919998,1.040000,4.760000,297.339996,88.570000,90392.703125,26.53,108.86,38.000000,PM2.5,4458
27.840000,32.330002,11.250000,3.220000,0.320000,70.449997,0.480000,4.540000,298.170013,87.050003,91974.906250,26.53,109.01,39.771427,PM2.5,4459
27.980000,33.230000,12.140000,3.560000,0.330000,70.050003,0.220000,5.450000,298.730011,86.480003,93094.843750,26.52,109.16,39.971428,PM2.5,4460
27.719999,33.250000,11.900000,3.540000,0.340000,70.720001,0.010000,5.750000,298.399994,87.419998,92578.539062,26.52,109.31,39.599998,PM2.5,4461
20.510000,23.900000,6.820000,3.890000,0.370000,69.430000,1.530000,0.220000,293.209991,69.459999,77970.031250,26.72,103.86,29.300001,PM2.5,4563
21.709999,25.350000,7.220000,4.240000,0.400000,70.900002,2.420000,0.020000,291.750000,75.220001,76626.968750,26.73,104.01,31.014284,PM2.5,4564
22.260000,26.110001,7.520000,4.700000,0.410000,72.379997,3.170000,-0.430000,291.769989,75.940002,76786.601562,26.73,104.17,31.800001,PM2.5,4565
23.000000,27.150000,7.960000,5.500000,0.420000,74.050003,2.570000,-0.960000,292.940002,73.029999,78330.367188,26.73,104.32,32.857143,PM2.5,4566
24.639999,29.129999,8.460000,6.310000,0.430000,76.900002,1.700000,-1.510000,292.739990,75.459999,78641.507812,26.73,104.47,35.200001,PM2.5,4567
26.219999,30.980000,8.910000,7.160000,0.440000,79.019997,2.190000,-1.190000,292.089996,79.000000,78136.156250,26.73,104.62,37.457142,PM2.5,4568
34.930000,42.750000,12.340000,17.959999,0.580000,81.800003,2.830000,-0.700000,292.980011,76.919998,79223.812500,26.73,104.77,49.900002,PM2.5,4569
38.419998,46.330002,17.020000,20.830000,0.570000,79.709999,2.310000,-0.510000,294.000000,75.080002,80555.593750,26.73,104.92,54.274998,PM2.5,4570
32.709999,38.049999,13.400000,16.170000,0.430000,76.400002,1.960000,-0.470000,293.730011,77.839996,80474.703125,26.73,105.08,46.728569,PM2.5,4571
29.959999,35.000000,10.200000,11.570000,0.410000,70.410004,2.100000,-0.220000,293.950012,78.860001,80911.046875,26.73,105.23,42.799999,PM2.5,4572
27.809999,33.029999,8.650000,8.540000,0.390000,67.199997,1.750000,0.540000,295.029999,77.059998,82448.796875,26.73,105.38,39.728569,PM2.5,4573
26.139999,31.480000,7.680000,7.410000,0.380000,64.029999,1.850000,1.050000,295.179993,76.779999,82669.578125,26.73,105.53,37.342857,PM2.5,4574
25.299999,31.100000,7.340000,7.590000,0.380000,61.029999,2.510000,1.110000,295.230011,76.919998,82701.093750,26.73,105.68,36.142857,PM2.5,4575
24.480000,31.090000,7.420000,9.030000,0.390000,57.299999,2.230000,1.160000,296.299988,74.750000,84163.617188,26.73,105.83,34.971428,PM2.5,4576
23.969999,31.389999,7.220000,10.160000,0.400000,53.709999,1.370000,0.900000,296.920013,74.680000,85325.109375,26.73,105.99,34.242855,PM2.5,4577
23.350000,31.540001,6.660000,10.550000,0.390000,51.529999,1.000000,0.910000,297.290009,74.930000,86136.039062,26.72,106.14,33.357143,PM2.5,4578
23.559999,33.430000,6.720000,14.950000,0.420000,47.130001,1.170000,1.160000,297.190002,76.290001,86358.851562,26.72,106.29,33.657143,PM2.5,4579
23.690001,35.410000,6.850000,17.290001,0.450000,43.700001,1.520000,1.100000,296.869995,78.080002,86046.710938,26.72,106.44,35.410000,PM10,4580
31.070000,54.270000,8.430000,31.120001,0.790000,32.160000,1.470000,1.320000,296.670013,80.389999,86171.640625,26.72,106.59,52.135002,PM10,4581
26.559999,44.500000,6.400000,21.080000,0.610000,36.939999,1.400000,1.670000,296.760010,81.650002,86790.773438,26.72,106.74,44.500000,PM10,4582
22.500000,35.799999,5.540000,14.770000,0.490000,42.650002,1.770000,1.910000,296.910004,81.389999,86950.093750,26.71,106.89,35.799999,PM10,4583
20.450001,31.299999,4.790000,9.740000,0.400000,47.020000,2.130000,2.290000,296.709991,82.040001,86688.843750,26.71,107.05,31.299999,PM10,4584
18.990000,28.180000,4.450000,7.480000,0.360000,51.000000,2.230000,2.220000,296.720001,81.790001,86676.296875,26.71,107.2,28.180000,PM10,4585
18.650000,27.110001,4.450000,6.800000,0.340000,52.720001,1.840000,2.250000,296.970001,80.910004,87067.632812,26.71,107.35,27.110001,PM10,4586
19.520000,28.190001,5.140000,7.580000,0.350000,53.029999,0.790000,2.150000,298.019989,79.500000,88777.953125,26.7,107.5,28.190001,PM10,4587
21.620001,30.330000,6.870000,7.970000,0.360000,57.220001,0.030000,2.280000,298.500000,80.500000,90058.546875,26.7,107.65,30.885715,PM2.5,4588
22.430000,30.820000,6.990000,6.320000,0.360000,61.090000,0.230000,3.120000,298.339996,82.330002,90280.437500,26.7,107.8,32.042858,PM2.5,4589
22.160000,29.660000,7.550000,5.400000,0.340000,64.889999,0.840000,3.310000,298.459991,81.959999,90577.296875,26.69,107.96,31.657143,PM2.5,4590
21.920000,28.320000,7.000000,4.190000,0.310000,68.050003,1.550000,3.600000,298.540009,80.260002,90371.992188,26.69,108.11,31.314285,PM2.5,4591
23.100000,27.920000,7.310000,3.480000,0.290000,72.029999,1.100000,2.130000,298.519989,79.459999,90120.070312,26.69,108.26,33.000000,PM2.5,4592
26.540001,30.250000,7.890000,3.190000,0.280000,73.190002,-0.510000,2.570000,298.410004,81.480003,90742.210938,26.68,108.41,37.914288,PM2.5,4593
27.910000,31.080000,8.440000,2.750000,0.280000,72.540001,-0.560000,3.960000,297.869995,86.139999,91136.226562,26.68,108.56,39.871429,PM2.5,4594
26.680000,29.440001,8.680000,2.550000,0.280000,74.330002,0.690000,4.480000,297.429993,87.839996,90381.023438,26.67,108.71,38.114285,PM2.5,4595
27.389999,30.940001,9.190000,2.670000,0.290000,72.379997,1.000000,4.910000,297.279999,88.300003,90236.140625,26.67,108.86,39.128571,PM2.5,4596
29.330000,33.419998,11.120000,3.070000,0.310000,71.839996,0.380000,4.720000,297.920013,87.610001,91620.296875,26.66,109.02,41.900002,PM2.5,4597
29.480000,34.279999,12.090000,3.400000,0.330000,71.790001,0.270000,5.190000,298.679993,86.480003,93052.140625,26.66,109.17,42.114285,PM2.5,4598
28.780001,33.910000,11.880000,3.400000,0.340000,72.940002,0.290000,5.510000,298.820007,85.430000,93032.703125,26.65,109.32,41.114288,PM2.5,4599
22.790001,26.250000,7.310000,3.820000,0.370000,71.260002,0.760000,0.130000,293.380005,70.239998,78556.609375,26.86,103.86,32.557144,PM2.5,4701
24.049999,27.760000,7.610000,4.140000,0.400000,72.750000,1.920000,0.120000,292.160004,74.930000,77439.359375,26.86,104.01,34.357143,PM2.5,4702
24.670000,28.580000,7.770000,4.590000,0.410000,74.269997,2.610000,-0.230000,291.600006,77.349998,76942.046875,26.86,104.17,35.242859,PM2.5,4703
25.950001,30.129999,8.160000,5.280000,0.430000,76.239998,2.400000,-0.740000,291.519989,78.529999,77053.343750,26.86,104.32,37.071430,PM2.5,4704
27.809999,32.290001,8.650000,5.870000,0.440000,78.900002,2.260000,-0.720000,290.940002,82.290001,76843.593750,26.86,104.47,39.728569,PM2.5,4705
28.379999,32.950001,8.950000,6.010000,0.440000,81.279999,3.130000,-0.550000,290.899994,83.019997,76862.046875,26.86,104.62,40.542854,PM2.5,4706
29.629999,34.709999,9.400000,8.800000,0.460000,84.910004,3.760000,-0.830000,292.260010,79.080002,78374.429688,26.86,104.77,42.328571,PM2.5,4707
30.400000,35.330002,10.640000,10.860000,0.450000,84.500000,3.230000,-0.600000,293.899994,74.940002,80386.867188,26.87,104.92,43.428570,PM2.5,4708
29.610001,34.189999,10.220000,10.630000,0.420000,80.089996,2.700000,0.060000,294.640015,73.949997,81479.656250,26.87,105.08,42.299999,PM2.5,4709
28.980000,33.750000,9.030000,9.640000,0.410000,72.809998,2.620000,0.170000,295.100006,73.529999,82114.531250,26.86,105.23,41.399998,PM2.5,4710
28.320000,33.509998,8.420000,8.500000,0.400000,68.769997,2.350000,0.110000,296.059998,72.320000,83466.468750,26.86,105.38,40.457142,PM2.5,4711
27.049999,32.470001,7.710000,7.510000,0.390000,65.550003,2.200000,0.500000,296.529999,71.860001,84221.031250,26.86,105.53,38.642857,PM2.5,4712
26.040001,31.780001,7.310000,7.320000,0.380000,62.540001,2.440000,0.540000,296.720001,71.559998,84481.976562,26.86,105.68,37.200001,PM2.5,4713
25.690001,32.110001,7.250000,8.300000,0.390000,58.939999,2.050000,0.450000,297.089996,71.610001,85128.523438,26.86,105.83,36.700001,PM2.5,4714
25.650000,32.990002,7.170000,9.780000,0.400000,55.380001,1.370000,0.580000,296.920013,74.279999,85405.273438,26.86,105.99,36.642857,PM2.5,4715
25.219999,33.470001,6.850000,10.940000,0.400000,52.630001,1.250000,0.700000,297.230011,74.930000,86159.906250,26.86,106.14,36.028572,PM2.5,4716
24.870001,33.980000,6.720000,14.400000,0.400000,48.450001,1.180000,1.170000,297.600006,75.199997,86996.476562,26.86,106.29,35.528572,PM2.5,4717
24.250000,34.430000,6.710000,15.960000,0.420000,45.310001,1.230000,1.210000,297.420013,76.449997,86895.906250,26.86,106.44,34.642857,PM2.5,4718
27.790001,43.740002,7.050000,21.540001,0.580000,39.240002,1.570000,1.190000,296.709991,79.769997,86161.226562,26.85,106.59,43.740002,PM10,4719
25.010000,38.799999,6.080000,16.820000,0.500000,40.160000,1.940000,1.510000,296.190002,83.019997,85900.039062,26.85,106.75,38.799999,PM10,4720
22.709999,34.930000,5.400000,14.110000,0.450000,41.240002,2.280000,1.970000,296.470001,82.889999,86541.210938,26.85,106.9,34.930000,PM10,4721
20.410000,30.590000,4.810000,9.510000,0.390000,45.919998,2.160000,2.390000,297.000000,81.019997,87163.929688,26.85,107.05,30.590000,PM10,4722
19.240000,28.110001,4.440000,7.390000,0.350000,49.980000,1.830000,2.340000,296.760010,81.639999,86833.773438,26.84,107.2,28.110001,PM10,4723
19.340000,27.540001,4.430000,6.750000,0.340000,52.730000,1.490000,1.960000,296.429993,83.070000,86441.953125,26.84,107.35,27.628572,PM2.5,4724
20.430000,28.790001,4.690000,6.970000,0.340000,52.369999,0.800000,1.920000,297.119995,82.529999,87813.148438,26.84,107.5,29.185715,PM2.5,4725
22.030001,30.250000,5.800000,6.860000,0.350000,56.130001,0.180000,2.110000,298.070007,82.099998,89615.703125,26.84,107.66,31.471430,PM2.5,4726
22.610001,30.270000,6.100000,5.500000,0.340000,60.919998,0.070000,2.930000,298.089996,83.330002,89994.218750,26.83,107.81,32.299999,PM2.5,4727
23.490000,30.660000,6.940000,5.000000,0.330000,64.970001,0.420000,3.010000,297.829987,84.669998,89946.140625,26.83,107.96,33.557144,PM2.5,4728
24.490000,31.020000,7.080000,4.330000,0.320000,67.480003,0.340000,2.260000,298.399994,82.480003,90832.312500,26.82,108.11,34.985714,PM2.5,4729
27.680000,32.709999,7.810000,3.730000,0.300000,72.629997,-0.420000,0.130000,298.829987,81.029999,91824.898438,26.82,108.26,39.542858,PM2.5,4730
28.129999,31.870001,8.160000,3.260000,0.290000,73.809998,-0.930000,1.690000,298.799988,81.769997,91822.492188,26.82,108.41,40.185715,PM2.5,4731
29.760000,33.049999,9.040000,3.030000,0.290000,73.889999,-0.270000,3.800000,297.609985,86.559998,90606.617188,26.81,108.57,42.514286,PM2.5,4732
28.580000,31.330000,8.870000,2.670000,0.290000,74.580002,0.680000,4.340000,297.179993,87.739998,89939.320312,26.81,108.72,40.828571,PM2.5,4733
27.660000,30.780001,9.510000,2.660000,0.290000,74.680000,0.470000,4.080000,298.059998,85.070000,91191.851562,26.8,108.87,39.514286,PM2.5,4734
30.440001,34.360001,11.520000,3.120000,0.320000,72.610001,-0.160000,4.200000,298.459991,85.150002,92259.750000,26.8,109.02,43.485714,PM2.5,4735
31.020000,35.590000,12.420000,3.360000,0.330000,73.220001,0.050000,4.630000,298.720001,85.690002,92993.882812,26.79,109.17,44.314285,PM2.5,4736
30.020000,34.880001,11.800000,3.360000,0.340000,73.480003,0.300000,4.490000,299.549988,82.809998,93966.382812,26.79,109.32,42.885715,PM2.5,4737
30.299999,35.049999,12.440000,3.670000,0.350000,75.739998,-0.340000,4.350000,300.260010,80.580002,94895.023438,26.78,109.48,43.285713,PM2.5,4738
25.900000,29.370001,7.990000,3.970000,0.380000,73.019997,0.630000,-0.060000,292.690002,73.730003,78152.781250,27.0,103.86,37.000000,PM2.5,4839
27.299999,31.100000,8.300000,4.180000,0.410000,75.110001,1.870000,-0.010000,291.940002,76.919998,77543.523438,27.0,104.01,39.000000,PM2.5,4840
27.629999,31.650000,8.380000,4.520000,0.430000,76.830002,2.470000,0.310000,291.880005,77.480003,77584.773438,27.0,104.16,39.471428,PM2.5,4841
28.400000,32.619999,8.700000,4.970000,0.440000,78.919998,2.540000,0.240000,291.929993,77.889999,77825.632812,27.0,104.32,40.571426,PM2.5,4842
29.910000,34.459999,9.240000,5.560000,0.460000,81.279999,2.730000,0.340000,291.910004,79.129997,78070.523438,27.0,104.47,42.728573,PM2.5,4843
30.320000,35.029999,9.610000,5.850000,0.460000,83.709999,3.220000,0.180000,292.109985,79.099998,78342.781250,27.0,104.62,43.314285,PM2.5,4844
30.610001,35.590000,9.670000,7.450000,0.470000,85.720001,3.930000,-0.420000,292.790009,77.290001,79061.789062,27.0,104.77,43.728573,PM2.5,4845
30.469999,35.200001,10.050000,8.970000,0.460000,84.250000,3.960000,-0.650000,294.329987,73.050003,80849.773438,27.0,104.92,43.528572,PM2.5,4846
30.129999,34.750000,9.900000,9.680000,0.430000,80.040001,2.920000,-0.590000,296.130005,68.589996,83111.382812,27.0,105.08,43.042854,PM2.5,4847
29.990000,34.740002,9.140000,9.260000,0.410000,73.470001,1.990000,-0.340000,296.339996,69.339996,83685.296875,27.0,105.23,42.842857,PM2.5,4848
30.219999,35.360001,8.730000,8.440000,0.400000,69.860001,2.050000,-0.500000,295.750000,72.980003,83328.343750,27.0,105.38,43.171429,PM2.5,4849
29.350000,34.830002,8.140000,7.840000,0.400000,66.639999,2.370000,-0.590000,296.290009,72.320000,84087.851562,27.0,105.53,41.928574,PM2.5,4850
28.410000,34.369999,7.620000,7.710000,0.400000,63.369999,2.300000,-0.800000,296.920013,71.199997,84978.531250,27.0,105.68,40.585712,PM2.5,4851
28.120001,34.740002,7.410000,8.200000,0.400000,60.150002,2.060000,-0.540000,296.940002,72.169998,85208.437500,27.0,105.84,40.171429,PM2.5,4852
27.820000,35.310001,7.390000,10.090000,0.410000,56.910000,1.680000,0.240000,297.010010,73.720001,85627.359375,27.0,105.99,39.742855,PM2.5,4853
27.500000,36.040001,7.200000,12.200000,0.410000,53.090000,1.550000,0.470000,297.269989,74.540001,86283.671875,27.0,106.14,39.285713,PM2.5,4854
26.400000,35.250000,6.900000,13.290000,0.400000,50.349998,1.430000,0.810000,297.700012,74.690002,87133.906250,26.99,106.29,37.714287,PM2.5,4855
25.400000,35.220001,6.830000,15.150000,0.410000,46.209999,1.190000,1.310000,297.709991,75.849998,87480.546875,26.99,106.44,36.285713,PM2.5,4856
27.170000,40.689999,6.910000,18.620001,0.510000,41.389999,1.670000,1.820000,296.600006,80.379997,86291.203125,26.99,106.6,40.689999,PM10,4857
25.389999,38.400002,6.390000,16.760000,0.480000,40.299999,2.800000,2.230000,295.869995,82.870003,85376.523438,26.99,106.75,38.400002,PM10,4858
23.410000,35.660000,5.720000,15.270000,0.460000,40.180000,2.880000,2.390000,296.690002,81.040001,86590.429688,26.99,106.9,35.660000,PM10,4859
20.420000,30.410000,4.890000,9.770000,0.390000,44.580002,1.860000,2.330000,298.029999,77.660004,88435.156250,26.98,107.05,30.410000,PM10,4860
19.180000,27.639999,4.560000,7.450000,0.350000,49.480000,1.230000,2.430000,297.730011,78.739998,88070.507812,26.98,107.2,27.639999,PM10,4861
20.360001,28.680000,4.450000,6.940000,0.340000,50.639999,1.260000,2.440000,296.290009,83.480003,86376.562500,26.98,107.36,29.085714,PM2.5,4862
21.549999,29.700001,4.600000,6.490000,0.340000,52.119999,0.970000,2.260000,296.179993,85.720001,86702.343750,26.97,107.51,30.785713,PM2.5,4863
22.840000,30.719999,5.420000,6.240000,0.340000,55.830002,0.270000,2.100000,297.420013,84.150002,88903.523438,26.97,107.66,32.628571,PM2.5,4864
23.240000,30.510000,5.790000,5.110000,0.330000,60.970001,-0.130000,2.640000,298.100006,83.360001,90150.898438,26.97,107.81,33.200001,PM2.5,4865
24.660000,31.270000,6.770000,4.690000,0.330000,66.459999,-0.370000,2.440000,298.130005,83.930000,90463.796875,26.96,107.96,35.228573,PM2.5,4866
28.070000,34.330002,7.390000,4.360000,0.330000,69.220001,-0.820000,1.420000,298.049988,84.370003,90857.640625,26.96,108.12,40.099998,PM2.5,4867
31.320000,36.230000,7.930000,3.770000,0.310000,73.389999,-1.170000,0.450000,297.799988,85.110001,90799.609375,26.96,108.27,44.742855,PM2.5,4868
31.629999,35.439999,8.190000,3.450000,0.310000,72.099998,-0.890000,1.230000,297.970001,85.620003,91348.867188,26.95,108.42,45.185715,PM2.5,4869
32.130001,35.560001,9.550000,3.470000,0.310000,73.239998,-0.280000,2.300000,298.549988,83.820000,92053.742188,26.95,108.57,45.900002,PM2.5,4870
31.410000,34.220001,9.810000,3.160000,0.300000,74.099998,-0.450000,2.720000,298.660004,82.809998,91970.093750,26.94,108.72,44.871429,PM2.5,4871
30.900000,34.020000,10.260000,2.960000,0.300000,74.120003,-1.080000,2.830000,298.489990,84.080002,92070.179688,26.94,108.87,44.142857,PM2.5,4872
33.759998,37.529999,12.650000,3.360000,0.320000,74.110001,-1.090000,3.270000,298.529999,85.430000,92545.367188,26.93,109.03,48.228569,PM2.5,4873
34.189999,38.490002,13.280000,3.510000,0.320000,75.010002,-0.670000,3.510000,298.899994,85.169998,93352.976562,26.93,109.18,48.842854,PM2.5,4874
33.490002,37.919998,12.420000,3.370000,0.320000,77.230003,-0.650000,2.990000,299.549988,83.669998,94394.906250,26.92,109.33,47.842861,PM2.5,4875
33.619999,37.980000,12.060000,3.610000,0.320000,77.529999,-1.260000,3.190000,300.089996,81.940002,95274.703125,26.92,109.48,48.028568,PM2.5,4876
27.100000,30.629999,8.790000,4.500000,0.350000,73.120003,-0.380000,-0.300000,294.130005,69.290001,79962.312500,27.13,103.71,38.714287,PM2.5,4976
29.000000,32.709999,8.820000,4.310000,0.380000,74.269997,0.450000,-0.410000,292.750000,75.209999,78833.656250,27.13,103.86,41.428570,PM2.5,4977
30.139999,34.200001,9.020000,4.340000,0.410000,76.620003,2.190000,-0.210000,292.329987,77.199997,78448.023438,27.13,104.01,43.057140,PM2.5,4978
29.770000,34.020000,8.960000,4.530000,0.430000,78.400002,2.920000,0.190000,292.739990,75.559998,78760.203125,27.13,104.16,42.528572,PM2.5,4979
30.090000,34.459999,9.130000,4.770000,0.440000,80.440002,2.700000,0.150000,293.260010,73.820000,79420.203125,27.13,104.31,42.985714,PM2.5,4980
31.219999,35.840000,9.610000,5.250000,0.450000,82.599998,2.710000,-0.200000,293.739990,73.500000,80225.046875,27.13,104.47,44.599998,PM2.5,4981
31.750000,36.610001,10.030000,5.710000,0.460000,84.860001,3.080000,-0.340000,294.070007,73.489998,80788.843750,27.14,104.62,45.357143,PM2.5,4982
31.510000,36.660000,9.960000,6.850000,0.480000,85.930000,3.500000,-0.600000,294.980011,71.059998,81831.210938,27.14,104.77,45.014286,PM2.5,4983
31.549999,36.580002,10.010000,8.190000,0.470000,83.680000,3.050000,-1.240000,295.739990,69.150002,82791.703125,27.14,104.92,45.071426,PM2.5,4984
33.110001,38.200001,10.320000,9.380000,0.440000,80.040001,2.070000,-1.650000,295.760010,70.110001,83158.343750,27.14,105.08,47.299999,PM2.5,4985
32.750000,37.880001,9.790000,9.240000,0.420000,74.050003,1.660000,-0.910000,295.720001,71.570000,83341.296875,27.14,105.23,46.785713,PM2.5,4986
32.310001,37.759998,9.410000,8.580000,0.410000,70.599998,1.880000,-0.480000,295.609985,73.379997,83412.437500,27.14,105.38,46.157146,PM2.5,4987
32.029999,37.880001,8.760000,8.290000,0.410000,67.059998,1.990000,-0.790000,295.929993,73.809998,84026.093750,27.13,105.53,45.757141,PM2.5,4988
31.730000,38.099998,8.080000,8.140000,0.410000,64.230003,1.910000,-1.240000,295.750000,75.570000,84041.953125,27.13,105.69,45.328571,PM2.5,4989
31.280001,38.139999,7.710000,8.090000,0.410000,61.700001,2.410000,-1.060000,295.320007,77.750000,83583.648438,27.13,105.84,44.685715,PM2.5,4990
30.410000,38.009998,7.720000,10.200000,0.410000,58.590000,2.620000,-0.290000,296.329987,75.440002,84870.726562,27.13,105.99,43.442856,PM2.5,4991
29.580000,38.180000,7.600000,12.860000,0.420000,54.330002,2.170000,0.120000,297.390015,73.860001,86519.757812,27.13,106.14,42.257141,PM2.5,4992
28.000000,36.709999,7.240000,12.760000,0.400000,52.209999,1.920000,0.520000,297.690002,74.589996,87210.570312,27.13,106.29,40.000000,PM2.5,4993
26.629999,36.049999,7.140000,14.390000,0.400000,47.660000,1.950000,1.450000,297.750000,75.730003,87637.851562,27.13,106.45,38.042854,PM2.5,4994
26.870001,39.270000,7.110000,17.410000,0.470000,42.549999,2.440000,2.460000,297.399994,77.139999,87277.023438,27.13,106.6,39.270000,PM10,4995
26.049999,39.330002,6.810000,18.049999,0.490000,39.279999,3.010000,2.710000,297.029999,78.480003,86761.382812,27.12,106.75,39.330002,PM10,4996
24.469999,37.490002,6.080000,17.049999,0.480000,38.450001,2.340000,1.740000,297.920013,76.529999,87937.546875,27.12,106.9,37.490002,PM10,4997
21.020000,31.190001,5.030000,10.390000,0.400000,42.980000,1.210000,1.560000,299.130005,74.050003,89773.421875,27.12,107.05,31.190001,PM10,4998
20.290001,29.240000,4.610000,7.940000,0.360000,46.480000,0.860000,2.010000,298.859985,75.629997,89609.031250,27.12,107.21,29.240000,PM10,4999
21.030001,29.410000,4.560000,6.950000,0.350000,48.840000,0.880000,2.620000,297.459991,80.260002,87919.750000,27.11,107.36,30.042858,PM2.5,5000
22.500000,30.590000,4.770000,6.530000,0.340000,51.070000,0.600000,2.460000,296.829987,83.389999,87518.000000,27.11,107.51,32.142857,PM2.5,5001
24.240000,31.950001,5.490000,6.060000,0.340000,55.470001,-0.120000,2.270000,297.290009,84.529999,88830.203125,27.11,107.66,34.628571,PM2.5,5002
25.209999,32.259998,5.890000,4.960000,0.330000,60.790001,-0.860000,2.520000,297.820007,84.239998,89957.093750,27.1,107.82,36.014286,PM2.5,5003
27.940001,34.320000,6.790000,4.640000,0.330000,65.320000,-1.520000,2.010000,297.739990,85.209999,90351.406250,27.1,107.97,39.914288,PM2.5,5004
31.219999,36.880001,7.660000,4.260000,0.330000,70.000000,-1.690000,1.290000,297.329987,86.839996,90211.656250,27.1,108.12,44.599998,PM2.5,5005
34.279999,38.889999,8.150000,3.730000,0.320000,73.169998,-1.720000,1.050000,297.059998,88.339996,90184.937500,27.09,108.27,48.971428,PM2.5,5006
35.259998,38.980000,8.600000,3.550000,0.320000,72.099998,-1.740000,0.680000,297.540009,87.809998,91418.960938,27.09,108.42,50.324997,PM2.5,5007
36.619999,40.139999,9.960000,3.800000,0.320000,72.860001,-1.410000,0.150000,298.859985,83.790001,93327.976562,27.08,108.58,52.024998,PM2.5,5008
37.770000,40.910000,12.730000,4.420000,0.330000,75.250000,-1.380000,0.340000,299.579987,81.059998,93992.843750,27.08,108.73,53.462502,PM2.5,5009
39.740002,42.480000,13.040000,3.760000,0.330000,77.699997,-1.840000,2.930000,297.940002,88.000000,91970.468750,27.07,109.03,55.925003,PM2.5,5011
41.060001,43.939999,13.010000,3.770000,0.330000,78.680000,-1.520000,2.690000,298.390015,87.830002,93066.140625,27.06,109.18,57.575001,PM2.5,5012
41.580002,44.470001,12.680000,3.770000,0.340000,80.959999,-1.470000,2.280000,299.230011,85.470001,94400.523438,27.06,109.34,58.225002,PM2.5,5013
40.869999,43.639999,12.060000,3.800000,0.330000,82.459999,-1.540000,3.000000,299.859985,82.879997,95071.687500,27.05,109.49,57.337498,PM2.5,5014
31.889999,36.250000,9.730000,4.540000,0.380000,75.430000,0.940000,-0.720000,291.950012,79.220001,78511.679688,27.27,103.86,45.557140,PM2.5,5115
31.690001,36.279999,9.620000,4.440000,0.410000,77.760002,2.600000,-0.450000,293.619995,74.570000,80533.117188,27.27,104.01,45.271431,PM2.5,5116
30.719999,35.430000,9.240000,4.560000,0.420000,78.699997,2.700000,-0.490000,294.359985,71.300003,81044.898438,27.27,104.16,43.885712,PM2.5,5117
31.740000,36.619999,9.210000,4.680000,0.440000,80.209999,2.460000,-0.730000,293.299988,73.910004,79732.226562,27.27,104.31,45.342857,PM2.5,5118
33.169998,38.320000,9.490000,5.090000,0.460000,81.389999,2.750000,-1.130000,293.350006,75.190002,80150.929688,27.27,104.47,47.385712,PM2.5,5119
33.209999,38.560001,9.760000,5.610000,0.470000,83.099998,3.340000,-1.200000,294.179993,73.529999,81230.796875,27.27,104.62,47.442856,PM2.5,5120
32.830002,38.509998,9.680000,6.690000,0.490000,83.480003,3.060000,-1.690000,295.839996,68.709999,83148.601562,27.27,104.77,46.900002,PM2.5,5121
33.680000,39.349998,10.010000,8.230000,0.480000,82.070000,1.800000,-1.960000,295.880005,69.339996,83532.179688,27.27,104.92,48.114285,PM2.5,5122
35.509998,41.070000,10.450000,9.210000,0.440000,79.300003,1.690000,-1.610000,294.529999,74.550003,82106.921875,27.27,105.08,50.637497,PM2.5,5123
35.389999,41.290001,10.740000,9.570000,0.430000,73.889999,2.300000,-0.930000,295.019989,74.080002,82762.101562,27.27,105.23,50.487499,PM2.5,5124
34.810001,41.180000,10.610000,9.380000,0.430000,70.339996,2.050000,-0.530000,295.980011,72.330002,84065.273438,27.27,105.38,49.728573,PM2.5,5125
34.389999,40.919998,9.460000,8.600000,0.420000,67.199997,1.480000,-0.580000,295.910004,74.389999,84319.539062,27.27,105.53,49.128571,PM2.5,5126
33.970001,40.810001,8.490000,8.000000,0.410000,65.059998,1.560000,-0.590000,294.869995,79.290001,83378.382812,27.27,105.69,48.528572,PM2.5,5127
33.430000,40.560001,8.020000,7.710000,0.400000,62.970001,2.640000,-0.410000,293.709991,83.680000,82022.632812,27.27,105.84,47.757145,PM2.5,5128
31.920000,39.020000,8.140000,9.170000,0.400000,62.080002,3.330000,-0.260000,294.970001,79.720001,83380.187500,27.27,105.99,45.599998,PM2.5,5129
31.209999,39.880001,7.820000,11.880000,0.410000,56.520000,2.960000,-0.010000,296.980011,74.870003,86079.046875,27.27,106.14,44.585712,PM2.5,5130
29.760000,38.779999,7.620000,13.750000,0.400000,52.700001,2.680000,0.500000,297.570007,74.879997,87152.460938,27.26,106.3,42.514286,PM2.5,5131
28.010000,37.570000,7.520000,15.630000,0.400000,47.529999,2.590000,1.200000,298.100006,74.550003,88083.492188,27.26,106.45,40.014286,PM2.5,5132
26.950001,38.930000,7.270000,17.469999,0.460000,41.740002,2.510000,1.730000,298.859985,72.889999,89177.867188,27.26,106.6,38.930000,PM10,5133
26.730000,40.570000,7.010000,18.980000,0.500000,37.169998,2.020000,1.260000,299.040009,72.820000,89414.320312,27.26,106.75,40.570000,PM10,5134
26.450001,40.110001,6.230000,17.570000,0.490000,37.070000,0.980000,0.560000,299.010010,73.790001,89613.007812,27.26,106.91,40.110001,PM10,5135
22.910000,33.259998,5.100000,10.560000,0.400000,41.880001,0.390000,0.940000,299.250000,74.250000,90207.812500,27.25,107.06,33.259998,PM10,5136
22.070000,31.219999,4.740000,8.280000,0.370000,45.110001,0.260000,1.350000,299.519989,74.349998,90782.726562,27.25,107.21,31.528570,PM2.5,5137
22.790001,31.440001,4.720000,7.380000,0.360000,47.340000,0.240000,1.560000,298.950012,76.300003,90200.968750,27.25,107.36,32.557144,PM2.5,5138
24.100000,32.200001,4.990000,6.690000,0.350000,50.209999,0.030000,1.780000,298.179993,79.360001,89417.351562,27.25,107.52,34.428574,PM2.5,5139
26.020000,33.490002,5.700000,5.930000,0.350000,55.400002,-0.620000,2.000000,298.200012,81.580002,90086.093750,27.24,107.67,37.171429,PM2.5,5140
27.570000,34.240002,6.190000,4.880000,0.340000,61.250000,-1.590000,2.560000,298.329987,82.449997,90722.343750,27.24,107.82,39.385715,PM2.5,5141
30.750000,36.660000,6.910000,4.470000,0.330000,65.169998,-2.430000,2.450000,297.329987,86.370003,89872.789062,27.23,107.97,43.928570,PM2.5,5142
35.130001,40.349998,7.740000,4.200000,0.330000,68.529999,-2.430000,2.110000,296.230011,90.830002,88946.820312,27.23,108.12,50.162502,PM2.5,5143
38.680000,43.060001,8.550000,3.780000,0.330000,71.889999,-2.410000,1.280000,296.369995,91.660004,89908.273438,27.23,108.28,54.599998,PM2.5,5144
39.680000,43.360001,9.780000,3.680000,0.330000,74.709999,-2.720000,0.530000,297.230011,89.629997,91306.429688,27.22,108.43,55.849998,PM2.5,5145
42.060001,45.660000,11.040000,3.970000,0.330000,75.220001,-2.430000,-0.300000,297.890015,87.330002,92168.093750,27.22,108.58,58.825001,PM2.5,5146
45.900002,49.639999,15.880000,5.390000,0.360000,77.760002,-1.860000,-0.590000,298.750000,84.750000,93500.882812,27.21,108.73,63.625000,PM2.5,5147
41.799999,44.689999,16.290001,4.770000,0.350000,79.449997,-1.940000,1.200000,299.190002,83.360001,93718.093750,27.21,108.89,58.500000,PM2.5,5148
32.750000,38.330002,10.200000,4.710000,0.390000,78.339996,2.520000,-1.030000,294.529999,72.620003,82010.289062,27.4,104.01,46.785713,PM2.5,5255
34.259998,40.189999,9.300000,4.920000,0.440000,78.699997,1.800000,-1.130000,292.290009,78.379997,79248.296875,27.41,104.31,48.942856,PM2.5,5257
34.660000,40.820000,9.230000,5.160000,0.460000,79.519997,3.030000,-1.430000,293.160004,76.480003,80327.921875,27.41,104.47,49.514286,PM2.5,5258
36.919998,43.200001,10.400000,9.070000,0.450000,77.540001,1.970000,-0.930000,294.570007,75.070000,82524.320312,27.41,105.08,52.399998,PM2.5,5262
37.900002,44.799999,11.960000,10.160000,0.450000,73.250000,2.670000,-0.720000,295.079987,74.250000,83099.953125,27.41,105.23,53.625000,PM2.5,5263
38.540001,46.070000,12.340000,10.530000,0.460000,69.699997,2.290000,-0.550000,296.010010,72.790001,84399.710938,27.41,105.38,54.425003,PM2.5,5264
36.680000,44.009998,10.270000,8.830000,0.430000,67.470001,1.600000,-0.010000,295.959991,74.910004,84702.421875,27.41,105.53,52.099998,PM2.5,5265
35.110001,42.330002,8.990000,7.650000,0.410000,65.970001,1.900000,0.630000,294.700012,80.279999,83387.656250,27.41,105.69,50.137501,PM2.5,5266
34.189999,41.619999,8.450000,7.530000,0.400000,63.779999,3.260000,1.140000,294.079987,82.129997,82510.656250,27.4,105.84,48.842854,PM2.5,5267
33.639999,41.849998,8.240000,8.770000,0.410000,61.189999,4.080000,1.080000,295.399994,78.190002,84042.656250,27.4,105.99,48.057140,PM2.5,5268
33.200001,42.380001,8.000000,10.850000,0.420000,57.200001,3.530000,0.540000,296.799988,75.430000,86020.609375,27.4,106.14,47.428574,PM2.5,5269
31.889999,41.660000,7.890000,15.330000,0.410000,51.570000,2.830000,0.360000,297.760010,74.339996,87494.703125,27.4,106.3,45.557140,PM2.5,5270
29.870001,40.459999,7.760000,18.129999,0.420000,45.360001,2.100000,0.260000,299.019989,71.779999,89241.203125,27.4,106.45,42.671429,PM2.5,5271
28.610001,41.349998,7.370000,18.680000,0.470000,39.639999,1.070000,0.160000,299.600006,71.300003,90380.468750,27.4,106.6,41.349998,PM10,5272
29.110001,43.669998,7.110000,19.040001,0.510000,35.959999,0.180000,-0.120000,299.359985,73.019997,90333.312500,27.39,106.76,43.669998,PM10,5273
28.750000,42.410000,6.320000,16.379999,0.490000,37.169998,-0.370000,0.330000,298.959991,74.989998,90026.031250,27.39,106.91,42.410000,PM10,5274
25.780001,36.400002,5.120000,10.100000,0.410000,41.700001,-0.560000,0.990000,298.869995,76.370003,90162.968750,27.39,107.06,36.828571,PM2.5,5275
25.260000,34.360001,4.910000,8.100000,0.380000,45.930000,-0.800000,0.930000,298.859985,77.430000,90362.539062,27.39,107.21,36.085716,PM2.5,5276
26.040001,34.450001,4.880000,7.260000,0.370000,47.580002,-0.990000,0.770000,298.450012,78.879997,90055.492188,27.38,107.37,37.200001,PM2.5,5277
26.840000,34.599998,5.160000,6.430000,0.360000,50.820000,-1.170000,1.000000,298.420013,79.949997,90318.023438,27.38,107.52,38.342857,PM2.5,5278
28.160000,35.169998,5.820000,5.650000,0.350000,56.049999,-1.510000,1.370000,298.980011,79.699997,91466.703125,27.38,107.67,40.228573,PM2.5,5279
29.520000,35.630001,6.390000,4.730000,0.340000,61.889999,-1.850000,2.320000,298.869995,80.440002,91512.882812,27.37,107.82,42.171429,PM2.5,5280
32.480000,37.810001,7.030000,4.060000,0.330000,66.410004,-2.130000,3.270000,297.179993,86.150002,89463.351562,27.37,107.98,46.399998,PM2.5,5281
37.900002,42.669998,7.980000,3.790000,0.330000,69.930000,-2.280000,3.330000,295.880005,91.860001,88358.382812,27.37,108.13,53.625000,PM2.5,5282
42.650002,46.720001,9.450000,3.670000,0.340000,74.360001,-2.620000,1.800000,296.209991,92.300003,89778.046875,27.36,108.28,59.562500,PM2.5,5283
45.040001,48.730000,10.900000,3.710000,0.340000,76.540001,-3.110000,0.970000,296.760010,90.790001,90609.578125,27.36,108.43,62.550003,PM2.5,5284
49.639999,53.500000,12.770000,4.210000,0.360000,76.930000,-2.800000,0.170000,296.670013,91.769997,90839.609375,27.35,108.59,68.300003,PM2.5,5285
53.160000,57.119999,16.530001,5.240000,0.380000,80.720001,-2.170000,-0.530000,297.500000,89.800003,92381.656250,27.35,108.74,72.699997,PM2.5,5286
48.060001,51.240002,18.240000,5.310000,0.370000,80.699997,-2.390000,0.320000,298.670013,86.510002,93868.718750,27.34,108.89,66.325005,PM2.5,5287
47.070000,50.250000,18.420000,5.640000,0.360000,79.430000,-3.030000,1.430000,299.049988,85.660004,94211.546875,27.34,109.04,65.087502,PM2.5,5288
39.490002,47.250000,11.790000,9.890000,0.460000,70.080002,2.840000,-0.500000,295.730011,74.199997,84360.687500,27.54,105.38,55.612503,PM2.5,5409
37.730000,45.459999,10.500000,8.890000,0.440000,68.019997,2.610000,0.350000,296.500000,73.589996,85516.039062,27.54,105.54,53.412498,PM2.5,5410
35.980000,43.740002,9.600000,8.170000,0.420000,66.269997,3.090000,1.650000,296.269989,74.989998,85195.421875,27.54,105.69,51.224998,PM2.5,5411
35.240002,43.439999,9.150000,8.420000,0.420000,63.820000,4.050000,2.110000,296.809998,72.650002,85532.632812,27.54,105.84,50.300003,PM2.5,5412
35.130001,44.279999,8.770000,9.500000,0.430000,60.220001,3.610000,1.270000,298.070007,69.870003,87271.773438,27.54,105.99,50.162502,PM2.5,5413
35.130001,45.290001,8.340000,10.900000,0.430000,56.669998,2.250000,0.490000,298.119995,71.720001,87832.273438,27.54,106.15,50.162502,PM2.5,5414
34.299999,45.400002,7.830000,13.970000,0.430000,51.560001,1.430000,0.130000,298.140015,73.930000,88299.757812,27.54,106.3,49.000000,PM2.5,5415
33.860001,46.340000,7.530000,17.480000,0.450000,45.500000,0.690000,-0.480000,298.660004,73.779999,89178.867188,27.53,106.45,48.371429,PM2.5,5416
34.759998,49.580002,7.810000,23.000000,0.500000,37.200001,-0.190000,-0.600000,298.760010,74.269997,89566.000000,27.53,106.61,49.657139,PM2.5,5417
41.639999,62.540001,9.020000,26.950001,0.650000,31.070000,-0.730000,-0.130000,298.649994,75.820000,89716.703125,27.53,106.76,58.299999,PM2.5,5418
40.349998,59.980000,8.490000,22.980000,0.630000,32.730000,-0.880000,0.620000,298.570007,77.230003,89874.289062,27.53,106.91,56.687500,PM2.5,5419
29.459999,40.930000,5.510000,10.350000,0.430000,41.799999,-1.100000,1.170000,298.649994,77.650002,90099.898438,27.52,107.06,42.085712,PM2.5,5420
28.340000,37.560001,5.090000,8.010000,0.380000,45.680000,-1.300000,1.160000,298.239990,79.339996,89638.281250,27.52,107.22,40.485714,PM2.5,5421
29.129999,37.369999,5.160000,7.100000,0.370000,48.270000,-1.610000,1.110000,297.690002,82.120003,89235.687500,27.52,107.37,41.614285,PM2.5,5422
30.490000,38.250000,5.620000,6.530000,0.370000,51.779999,-2.050000,1.060000,297.829987,82.970001,89943.382812,27.52,107.52,43.557144,PM2.5,5423
31.520000,38.400002,6.130000,5.670000,0.360000,56.639999,-2.100000,1.430000,297.989990,84.070000,90556.523438,27.51,107.68,45.028572,PM2.5,5424
32.259998,38.049999,6.580000,4.650000,0.340000,62.119999,-1.600000,2.200000,297.959991,84.120003,90662.031250,27.51,107.83,46.085712,PM2.5,5425
34.889999,40.029999,7.480000,4.120000,0.340000,67.120003,-1.590000,3.060000,297.630005,84.559998,90030.773438,27.51,107.98,49.842857,PM2.5,5426
40.619999,45.240002,8.710000,3.930000,0.340000,70.400002,-2.720000,3.480000,297.079987,86.989998,89776.453125,27.5,108.13,57.024998,PM2.5,5427
46.020000,50.060001,10.040000,3.770000,0.350000,73.949997,-3.650000,2.320000,296.790009,89.699997,90327.851562,27.5,108.29,63.775002,PM2.5,5428
51.029999,54.860001,12.260000,3.960000,0.360000,77.330002,-3.760000,1.010000,296.339996,91.760002,90162.406250,27.49,108.44,70.037498,PM2.5,5429
58.020000,62.279999,14.710000,4.590000,0.380000,76.849998,-3.190000,-0.380000,296.010010,93.769997,90650.117188,27.49,108.59,78.775002,PM2.5,5430
60.209999,64.620003,18.129999,5.320000,0.400000,79.889999,-2.610000,-0.990000,297.010010,91.339996,92274.406250,27.48,108.74,81.512497,PM2.5,5431
54.490002,58.110001,20.700001,5.680000,0.390000,81.180000,-2.980000,-0.240000,298.070007,88.709999,93333.437500,27.48,108.9,74.362503,PM2.5,5432
52.509998,56.150002,21.799999,6.370000,0.380000,79.389999,-3.470000,1.020000,298.119995,88.800003,93132.843750,27.47,109.05,71.887497,PM2.5,5433
52.340000,55.720001,17.150000,5.410000,0.370000,79.570000,-3.090000,1.150000,297.820007,90.389999,93123.382812,27.47,109.2,71.675003,PM2.5,5434
41.480000,49.689999,11.940000,10.000000,0.480000,70.589996,3.150000,-0.330000,295.149994,77.610001,84161.109375,27.68,105.38,58.099998,PM2.5,5560
39.619999,47.720001,11.030000,9.250000,0.460000,68.949997,3.830000,-0.080000,296.690002,73.739998,85948.156250,27.68,105.54,55.774998,PM2.5,5561
37.500000,45.759998,10.340000,8.910000,0.450000,66.870003,4.160000,0.830000,298.609985,67.989998,88046.148438,27.68,105.69,53.125000,PM2.5,5562
36.970001,45.759998,9.910000,9.260000,0.450000,63.540001,3.430000,0.470000,299.429993,65.190002,88707.539062,27.68,105.84,52.462502,PM2.5,5563
38.060001,48.259998,9.340000,10.520000,0.460000,59.549999,1.520000,-1.150000,299.769989,66.339996,89793.617188,27.67,106.0,53.825001,PM2.5,5564
37.500000,48.700001,8.820000,11.910000,0.460000,55.990002,0.250000,-0.200000,299.640015,68.650002,90138.507812,27.67,106.15,53.125000,PM2.5,5565
36.790001,48.910000,8.330000,14.660000,0.460000,51.330002,-0.050000,0.390000,298.739990,72.919998,89323.937500,27.67,106.3,52.237503,PM2.5,5566
37.099998,50.330002,7.800000,17.750000,0.460000,45.849998,-0.020000,0.070000,297.420013,78.309998,87899.906250,27.67,106.45,52.625000,PM2.5,5567
40.299999,55.880001,8.120000,23.969999,0.520000,37.480000,-0.020000,-0.060000,296.929993,80.470001,87318.601562,27.67,106.61,56.625000,PM2.5,5568
53.580002,78.220001,10.770000,31.049999,0.730000,28.610001,-0.660000,0.170000,297.440002,80.250000,88502.531250,27.67,106.76,73.225006,PM2.5,5569
49.840000,72.120003,10.440000,25.840000,0.690000,31.110001,-1.170000,0.720000,298.260010,78.599998,89786.320312,27.66,106.91,68.550003,PM2.5,5570
32.990002,44.680000,5.930000,10.360000,0.430000,42.590000,-1.440000,1.150000,298.649994,78.089996,90343.109375,27.66,107.07,47.128574,PM2.5,5571
31.000000,40.099998,5.370000,7.910000,0.390000,46.669998,-1.780000,1.230000,298.510010,78.769997,90237.546875,27.66,107.22,44.285713,PM2.5,5572
31.570000,39.580002,5.390000,6.910000,0.370000,49.400002,-2.140000,1.030000,298.100006,81.580002,90093.648438,27.65,107.37,45.099998,PM2.5,5573
33.189999,40.770000,5.910000,6.420000,0.370000,53.029999,-2.330000,1.180000,297.839996,83.820000,90186.367188,27.65,107.53,47.414284,PM2.5,5574
34.340000,41.009998,6.350000,5.590000,0.360000,57.400002,-2.150000,1.780000,297.339996,86.400002,89852.031250,27.65,107.68,49.057144,PM2.5,5575
35.349998,40.910000,6.730000,4.670000,0.340000,62.000000,-1.640000,2.070000,297.579987,85.739998,90386.453125,27.64,107.83,50.437500,PM2.5,5576
38.840000,43.840000,7.990000,4.380000,0.350000,66.540001,-1.770000,1.830000,298.690002,81.389999,91851.093750,27.64,107.98,54.799999,PM2.5,5577
43.369999,47.900002,9.360000,4.160000,0.360000,70.419998,-3.250000,2.590000,298.940002,80.739998,92455.773438,27.64,108.14,60.462498,PM2.5,5578
48.380001,52.470001,10.530000,3.880000,0.360000,73.820000,-4.780000,2.330000,297.679993,85.769997,91431.640625,27.63,108.29,66.724998,PM2.5,5579
55.759998,59.880001,12.700000,4.140000,0.370000,75.080002,-4.860000,0.680000,296.160004,91.660004,90272.820312,27.63,108.44,75.949997,PM2.5,5580
61.080002,65.709999,15.570000,4.490000,0.390000,76.809998,-3.650000,-1.310000,296.200012,91.760002,91212.179688,27.62,108.6,82.600006,PM2.5,5581
61.439999,66.940002,19.549999,4.970000,0.420000,80.419998,-2.760000,-1.900000,297.019989,89.239998,92633.882812,27.62,108.75,83.049995,PM2.5,5582
57.169998,64.320000,23.219999,5.500000,0.430000,82.260002,-2.670000,-1.070000,297.589996,88.910004,93393.859375,27.61,108.9,77.712494,PM2.5,5583
52.750000,60.310001,23.620001,6.310000,0.430000,77.540001,-3.080000,0.610000,298.089996,88.459999,93668.843750,27.61,109.06,72.187500,PM2.5,5584
50.959999,58.040001,17.730000,5.180000,0.410000,78.279999,-3.370000,0.810000,297.989990,89.160004,93755.289062,27.6,109.21,69.949997,PM2.5,5585
50.480000,57.439999,13.970000,4.690000,0.410000,79.279999,-3.190000,-0.020000,298.299988,88.370003,94572.718750,27.6,109.36,69.349998,PM2.5,5586
39.310001,52.910000,8.420000,18.790001,0.480000,45.980000,-0.040000,1.390000,297.239990,78.709999,87729.617188,27.81,106.46,55.387501,PM2.5,5722
41.450001,56.009998,7.760000,20.639999,0.500000,41.209999,0.110000,1.240000,296.290009,82.699997,86698.523438,27.8,106.61,58.062500,PM2.5,5723
54.060001,75.169998,9.610000,25.040001,0.670000,33.709999,-0.810000,0.560000,296.519989,83.849998,87570.648438,27.8,106.76,73.825005,PM2.5,5724
49.560001,68.320000,9.400000,20.370001,0.610000,35.950001,-1.660000,0.510000,297.500000,81.809998,89197.210938,27.8,106.92,68.200005,PM2.5,5725
35.380001,46.020000,5.990000,9.160000,0.420000,45.970001,-2.040000,0.810000,298.329987,79.589996,90240.273438,27.8,107.07,50.475002,PM2.5,5726
34.230000,42.959999,5.660000,7.410000,0.390000,49.160000,-2.660000,1.090000,298.059998,81.199997,90090.937500,27.79,107.22,48.899998,PM2.5,5727
35.599998,43.389999,5.800000,6.650000,0.380000,51.869999,-2.920000,0.820000,297.350006,84.900002,89602.070312,27.79,107.38,50.750000,PM2.5,5728
37.669998,45.000000,6.460000,6.340000,0.380000,55.430000,-2.610000,0.820000,297.369995,85.699997,89967.179688,27.79,107.53,53.337498,PM2.5,5729
38.270000,44.480000,6.890000,5.480000,0.370000,59.439999,-2.460000,1.260000,297.769989,84.769997,90674.070312,27.78,107.68,54.087502,PM2.5,5730
39.910000,45.000000,7.370000,4.630000,0.350000,63.509998,-2.600000,1.560000,298.160004,83.620003,91491.960938,27.78,107.84,56.137501,PM2.5,5731
43.840000,48.639999,8.830000,4.530000,0.360000,67.269997,-2.830000,1.240000,298.910004,81.050003,92735.093750,27.78,107.99,61.049999,PM2.5,5732
45.209999,49.639999,9.940000,4.240000,0.360000,70.779999,-3.390000,2.000000,299.459991,78.760002,93419.046875,27.77,108.14,62.762497,PM2.5,5733
48.070000,52.150002,10.780000,3.870000,0.350000,73.379997,-4.620000,2.310000,298.230011,82.290001,91855.453125,27.77,108.3,66.337502,PM2.5,5734
53.750000,57.730000,12.230000,3.830000,0.360000,74.720001,-5.070000,1.430000,295.980011,90.629997,89512.468750,27.76,108.45,73.437500,PM2.5,5735
57.860001,62.549999,14.600000,4.110000,0.380000,75.559998,-3.730000,-0.740000,295.660004,92.320000,90001.156250,27.76,108.6,78.574997,PM2.5,5736
58.549999,64.669998,18.980000,4.640000,0.410000,80.050003,-2.500000,-1.910000,296.820007,88.389999,92229.757812,27.76,108.76,79.437500,PM2.5,5737
55.160000,63.150002,22.290001,5.200000,0.430000,82.029999,-2.390000,-1.450000,297.890015,85.529999,94146.046875,27.75,108.91,75.199997,PM2.5,5738
51.910000,60.630001,23.200001,5.710000,0.440000,79.720001,-3.170000,-0.320000,298.779999,83.440002,95165.429688,27.75,109.06,71.137497,PM2.5,5739
49.990002,58.200001,17.570000,4.790000,0.420000,79.980003,-3.920000,-0.390000,298.619995,83.809998,94867.656250,27.74,109.21,68.737503,PM2.5,5740
42.889999,56.470001,9.970000,17.660000,0.520000,51.330002,0.430000,1.050000,298.489990,74.290001,89215.617188,27.94,106.31,59.862499,PM2.5,5878
42.150002,56.230000,8.970000,19.209999,0.530000,46.509998,0.150000,1.740000,298.070007,76.199997,88856.296875,27.94,106.46,58.937500,PM2.5,5879
41.740002,55.509998,7.380000,16.860001,0.520000,45.060001,-0.690000,1.710000,297.709991,78.489998,88765.882812,27.94,106.61,58.425003,PM2.5,5880
47.619999,63.720001,7.550000,17.129999,0.590000,41.650002,-1.750000,1.080000,296.690002,83.550003,87935.187500,27.94,106.77,65.775002,PM2.5,5881
44.490002,58.509998,6.970000,13.170000,0.530000,43.669998,-2.230000,0.510000,296.450012,85.559998,88111.820312,27.93,106.92,61.862503,PM2.5,5882
37.630001,47.930000,6.230000,8.060000,0.430000,49.860001,-2.310000,0.610000,297.450012,82.669998,89414.117188,27.93,107.07,53.287502,PM2.5,5883
36.320000,45.169998,6.200000,6.660000,0.400000,53.060001,-2.810000,1.280000,297.559998,82.370003,89454.976562,27.93,107.23,51.650002,PM2.5,5884
39.000000,47.169998,6.470000,6.130000,0.400000,55.500000,-3.220000,1.430000,296.540009,87.430000,88635.539062,27.93,107.38,55.000000,PM2.5,5885
42.779999,50.549999,7.290000,6.200000,0.410000,58.119999,-2.940000,1.000000,296.339996,89.239998,89051.320312,27.92,107.53,59.724998,PM2.5,5886
43.750000,50.259998,7.770000,5.330000,0.390000,61.689999,-2.780000,0.820000,297.440002,86.019997,90857.796875,27.92,107.69,60.937500,PM2.5,5887
44.160000,49.639999,8.240000,4.550000,0.370000,65.580002,-3.190000,1.270000,298.339996,82.459999,91956.281250,27.92,107.84,61.450001,PM2.5,5888
47.459999,52.740002,9.540000,4.540000,0.370000,68.610001,-3.290000,1.370000,298.200012,82.709999,91847.179688,27.91,107.99,65.574997,PM2.5,5889
49.070000,53.930000,10.810000,4.370000,0.370000,71.889999,-2.880000,1.810000,298.359985,81.730003,91972.171875,27.91,108.15,67.587502,PM2.5,5890
49.630001,53.980000,11.660000,3.990000,0.360000,74.349998,-3.380000,2.460000,298.309998,80.940002,91625.960938,27.9,108.3,68.287498,PM2.5,5891
52.450001,56.310001,12.100000,3.560000,0.360000,75.860001,-4.490000,2.790000,296.359985,87.230003,89175.750000,27.9,108.45,71.812500,PM2.5,5892
55.639999,60.099998,12.840000,3.400000,0.360000,76.720001,-3.880000,1.620000,294.160004,95.879997,87171.617188,27.9,108.61,75.800003,PM2.5,5893
57.680000,63.759998,15.340000,3.890000,0.390000,80.250000,-2.360000,-0.110000,295.000000,93.769997,89182.320312,27.89,108.76,78.349998,PM2.5,5894
54.259998,62.080002,16.450001,4.150000,0.410000,82.760002,-2.410000,-0.470000,297.059998,87.129997,92717.593750,27.89,108.91,74.074997,PM2.5,5895
50.970001,59.520000,16.309999,4.210000,0.420000,81.680000,-3.740000,-0.050000,297.959991,84.309998,93646.687500,27.88,109.07,69.962502,PM2.5,5896
50.500000,59.529999,15.180000,4.350000,0.440000,80.820000,-4.260000,-0.610000,297.649994,85.250000,93388.859375,27.88,109.22,69.375000,PM2.5,5897
43.230000,55.669998,9.520000,15.350000,0.550000,54.669998,-0.010000,0.940000,299.079987,72.930000,90207.023438,28.08,106.31,60.287498,PM2.5,6040
42.000000,54.990002,8.400000,15.490000,0.550000,50.660000,-0.840000,0.940000,299.220001,73.430000,90536.953125,28.08,106.46,58.750000,PM2.5,6041
42.180000,55.580002,7.730000,14.630000,0.560000,48.720001,-1.860000,1.110000,298.279999,77.199997,89591.898438,28.07,106.61,58.974998,PM2.5,6042
45.320000,60.099998,7.610000,14.310000,0.600000,45.919998,-2.520000,1.270000,296.559998,83.690002,87747.273438,28.07,106.77,62.900002,PM2.5,6043
43.180000,56.349998,7.090000,10.960000,0.540000,48.660000,-2.550000,1.020000,295.549988,88.239998,87028.156250,28.07,106.92,60.224998,PM2.5,6044
38.130001,48.090000,6.310000,6.590000,0.440000,54.509998,-2.420000,0.860000,296.339996,86.449997,88221.921875,28.07,107.08,53.912502,PM2.5,6045
37.820000,47.029999,6.510000,5.760000,0.420000,56.900002,-2.840000,1.310000,297.290009,83.300003,89321.656250,28.06,107.23,53.525002,PM2.5,6046
40.799999,49.790001,6.910000,5.470000,0.420000,59.389999,-3.390000,1.770000,296.920013,85.510002,89178.039062,28.06,107.38,57.250000,PM2.5,6047
45.279999,54.150002,7.580000,5.550000,0.430000,60.910000,-3.420000,1.530000,296.260010,88.879997,88999.226562,28.06,107.54,62.849998,PM2.5,6048
46.610001,54.480000,8.210000,5.170000,0.410000,63.830002,-3.300000,1.180000,296.779999,87.599998,90107.609375,28.06,107.69,64.512497,PM2.5,6049
47.480000,54.439999,8.880000,4.700000,0.390000,66.660004,-3.650000,1.220000,297.450012,85.220001,90955.656250,28.05,107.84,65.599998,PM2.5,6050
50.380001,56.930000,9.970000,4.560000,0.390000,69.209999,-3.630000,1.170000,297.119995,86.260002,90515.546875,28.05,108.0,69.224998,PM2.5,6051
52.869999,58.590000,11.230000,4.430000,0.390000,72.440002,-2.770000,1.250000,297.279999,85.370003,90710.789062,28.04,108.15,72.337502,PM2.5,6052
51.810001,56.520000,11.940000,4.070000,0.370000,75.790001,-2.530000,2.120000,298.179993,80.860001,91434.953125,28.04,108.31,71.012505,PM2.5,6053
51.400002,55.230000,12.070000,3.570000,0.360000,77.989998,-3.250000,3.250000,297.320007,82.440002,89917.851562,28.04,108.46,70.500000,PM2.5,6054
54.669998,59.330002,12.980000,3.310000,0.360000,79.970001,-3.290000,3.650000,294.500000,93.019997,86795.171875,28.03,108.61,74.587494,PM2.5,6055
59.290001,66.180000,15.440000,3.910000,0.400000,81.320000,-2.590000,2.350000,293.929993,96.589996,87209.171875,28.03,108.77,80.362503,PM2.5,6056
56.880001,66.419998,17.040001,4.520000,0.440000,81.830002,-2.530000,0.990000,295.700012,90.910004,90454.851562,28.02,108.92,77.349998,PM2.5,6057
53.090000,63.520000,16.820000,4.640000,0.460000,80.419998,-3.560000,1.130000,296.700012,87.559998,91627.156250,28.02,109.07,72.612503,PM2.5,6058
51.500000,62.200001,15.740000,4.780000,0.480000,79.360001,-4.230000,0.880000,296.420013,88.339996,91490.226562,28.01,109.23,70.625000,PM2.5,6059
45.750000,56.490002,11.400000,13.620000,0.600000,64.870003,0.280000,-0.750000,299.890015,69.160004,91212.718750,28.22,106.0,63.437500,PM2.5,6210
45.090000,56.470001,10.910000,14.770000,0.600000,60.680000,-0.660000,-0.060000,299.269989,72.120003,90503.382812,28.22,106.15,62.612499,PM2.5,6211
44.349998,56.700001,9.950000,14.490000,0.590000,56.770000,-1.210000,0.160000,298.769989,74.540001,90025.156250,28.21,106.31,61.687500,PM2.5,6212
42.889999,55.740002,9.000000,13.920000,0.590000,53.389999,-1.960000,0.490000,298.519989,76.250000,89870.929688,28.21,106.46,59.862499,PM2.5,6213
43.139999,56.500000,8.350000,13.100000,0.590000,52.029999,-2.290000,1.110000,296.799988,82.339996,87863.648438,28.21,106.62,60.174999,PM2.5,6214
44.490002,58.889999,7.760000,12.540000,0.620000,49.799999,-2.300000,1.490000,295.549988,87.309998,86705.398438,28.21,106.77,61.862503,PM2.5,6215
42.060001,55.020000,7.170000,9.470000,0.550000,53.250000,-2.320000,1.450000,295.459991,88.389999,86984.578125,28.21,106.92,58.825001,PM2.5,6216
39.220001,49.880001,6.690000,5.910000,0.460000,58.200001,-2.550000,1.140000,296.049988,87.099998,87959.187500,28.2,107.08,55.275002,PM2.5,6217
40.810001,51.349998,6.910000,5.380000,0.450000,59.459999,-3.000000,1.170000,296.549988,86.160004,88784.007812,28.2,107.23,57.262501,PM2.5,6218
43.220001,53.639999,7.350000,5.200000,0.450000,61.240002,-3.510000,1.620000,296.779999,86.000000,89274.156250,28.2,107.39,60.275002,PM2.5,6219
46.709999,57.139999,8.010000,5.300000,0.460000,62.950001,-3.720000,1.740000,296.279999,88.269997,89052.882812,28.19,107.54,64.637497,PM2.5,6220
48.869999,58.540001,8.700000,5.170000,0.440000,64.870003,-3.700000,1.390000,296.299988,88.489998,89411.773438,28.19,107.69,67.337502,PM2.5,6221
50.240002,59.040001,9.460000,4.890000,0.430000,67.080002,-3.920000,1.140000,296.670013,87.180000,90022.687500,28.19,107.85,69.050003,PM2.5,6222
53.240002,61.490002,10.580000,4.910000,0.420000,68.730003,-3.640000,0.440000,296.559998,87.570000,90043.671875,28.18,108.0,72.800003,PM2.5,6223
56.330002,63.230000,12.080000,4.850000,0.410000,71.970001,-2.690000,-0.180000,297.089996,85.690002,90945.328125,28.18,108.16,76.662506,PM2.5,6224
56.610001,61.990002,12.880000,4.420000,0.390000,75.720001,-2.300000,0.600000,297.739990,82.779999,91296.718750,28.18,108.31,77.012497,PM2.5,6225
54.500000,58.560001,12.760000,3.790000,0.370000,78.730003,-2.790000,2.680000,297.100006,83.650002,89913.406250,28.17,108.46,74.375000,PM2.5,6226
55.439999,60.540001,13.760000,3.570000,0.380000,80.849998,-3.370000,3.230000,296.100006,87.300003,88863.281250,28.17,108.62,75.549995,PM2.5,6227
58.279999,65.820000,15.890000,4.030000,0.420000,81.519997,-3.390000,2.540000,295.410004,90.940002,89217.140625,28.16,108.77,79.099998,PM2.5,6228
56.779999,67.570000,17.730000,4.870000,0.480000,80.089996,-2.870000,1.250000,295.769989,89.779999,90667.101562,28.16,108.93,77.224998,PM2.5,6229
53.080002,64.870003,17.910000,5.010000,0.510000,79.699997,-3.130000,1.130000,296.950012,86.129997,92048.320312,28.15,109.08,72.600006,PM2.5,6230
51.060001,62.630001,16.420000,4.970000,0.530000,79.080002,-4.250000,1.900000,296.739990,86.750000,91439.101562,28.15,109.23,70.075005,PM2.5,6231
48.270000,58.040001,12.980000,12.890000,0.620000,71.849998,1.620000,1.350000,298.859985,70.239998,89891.132812,28.35,105.69,66.587502,PM2.5,6382
48.660000,58.770000,12.430000,13.310000,0.620000,68.620003,0.890000,0.660000,298.010010,74.320000,89167.562500,28.35,105.85,67.074997,PM2.5,6383
47.169998,57.830002,11.970000,14.440000,0.620000,65.629997,-0.290000,0.340000,298.570007,73.599998,89915.757812,28.35,106.0,65.212494,PM2.5,6384
46.560001,57.750000,11.440000,15.560000,0.620000,61.650002,-1.040000,0.520000,297.480011,78.529999,88595.437500,28.35,106.16,64.450005,PM2.5,6385
45.709999,57.369999,10.390000,13.530000,0.610000,58.660000,-1.110000,0.550000,296.450012,83.269997,87507.703125,28.35,106.31,63.387497,PM2.5,6386
44.020000,56.389999,9.600000,12.990000,0.610000,54.980000,-1.200000,1.250000,296.640015,83.220001,87793.031250,28.35,106.47,61.275002,PM2.5,6387
43.150002,56.310001,8.880000,12.390000,0.620000,54.240002,-1.490000,2.240000,296.290009,84.389999,87366.523438,28.35,106.62,60.187500,PM2.5,6388
42.830002,56.250000,7.940000,11.000000,0.610000,53.759998,-1.960000,2.550000,295.160004,88.570000,86338.421875,28.34,106.77,59.787502,PM2.5,6389
41.200001,53.520000,7.300000,8.240000,0.540000,56.619999,-2.430000,2.080000,294.940002,90.010002,86480.742188,28.34,106.93,57.750000,PM2.5,6390
40.529999,51.700001,7.020000,5.700000,0.480000,60.000000,-2.780000,1.290000,295.579987,88.529999,87510.351562,28.34,107.08,56.912498,PM2.5,6391
42.470001,53.810001,7.320000,5.360000,0.480000,61.320000,-2.960000,1.090000,296.230011,87.070000,88595.921875,28.34,107.24,59.337502,PM2.5,6392
43.860001,54.990002,7.780000,5.040000,0.470000,63.400002,-3.240000,1.540000,296.869995,85.440002,89593.328125,28.33,107.39,61.075001,PM2.5,6393
46.049999,56.990002,8.330000,4.900000,0.460000,65.410004,-3.680000,1.930000,296.510010,86.970001,89317.843750,28.33,107.54,63.812500,PM2.5,6394
48.099998,58.439999,9.020000,4.780000,0.450000,67.120003,-3.820000,1.600000,296.420013,87.150002,89485.953125,28.33,107.7,66.375000,PM2.5,6395
50.130001,59.990002,9.870000,4.830000,0.440000,68.279999,-4.090000,1.140000,296.589996,86.139999,89884.937500,28.32,107.85,68.912498,PM2.5,6396
54.970001,64.800003,11.290000,5.520000,0.460000,68.220001,-3.730000,-0.100000,296.019989,87.739998,89731.578125,28.32,108.01,74.962502,PM2.5,6397
58.029999,66.150002,13.250000,5.470000,0.430000,72.930000,-2.590000,-1.680000,296.989990,84.290001,91490.820312,28.32,108.16,78.787498,PM2.5,6398
58.820000,64.699997,14.100000,4.860000,0.400000,76.970001,-2.070000,-1.490000,297.970001,81.230003,92704.843750,28.31,108.31,79.775002,PM2.5,6399
57.490002,61.799999,14.100000,4.240000,0.380000,78.889999,-3.240000,1.290000,297.760010,81.830002,91380.906250,28.31,108.47,78.112503,PM2.5,6400
56.869999,62.540001,15.310000,4.190000,0.400000,80.809998,-4.570000,1.880000,297.000000,83.940002,90890.593750,28.3,108.62,77.337502,PM2.5,6401
49.709999,62.270000,17.540001,5.360000,0.590000,78.230003,-3.890000,1.130000,297.690002,82.489998,92833.539062,28.28,109.24,68.387497,PM2.5,6405
48.660000,59.380001,12.910000,14.630000,0.670000,70.059998,0.960000,1.660000,301.299988,63.389999,93144.929688,28.49,105.7,67.074997,PM2.5,6563
47.730000,58.099998,12.240000,14.140000,0.650000,67.489998,0.080000,2.150000,299.890015,69.470001,91707.226562,28.49,105.85,65.912498,PM2.5,6564
46.610001,57.169998,11.700000,14.640000,0.640000,64.550003,-0.610000,2.290000,298.890015,73.760002,90578.226562,28.49,106.0,64.512497,PM2.5,6565
45.869999,56.709999,11.130000,15.300000,0.630000,60.689999,-0.960000,2.490000,297.510010,78.889999,88780.906250,28.49,106.16,63.587498,PM2.5,6566
45.450001,56.740002,10.330000,14.000000,0.630000,57.410000,-0.570000,2.540000,295.910004,85.250000,87016.796875,28.49,106.31,63.062500,PM2.5,6567
43.799999,56.000000,9.660000,13.580000,0.640000,53.919998,0.030000,2.660000,296.350006,84.150002,87543.046875,28.48,106.47,61.000000,PM2.5,6568
43.299999,56.970001,8.990000,13.350000,0.680000,53.470001,-0.330000,3.380000,296.959991,81.980003,88274.171875,28.48,106.62,60.375000,PM2.5,6569
40.680000,53.439999,8.030000,10.990000,0.610000,56.419998,-1.630000,3.790000,296.529999,83.029999,87778.562500,28.48,106.78,57.099998,PM2.5,6570
40.049999,52.060001,7.480000,7.710000,0.550000,59.150002,-2.950000,3.400000,295.450012,87.339996,86819.296875,28.48,106.93,56.312500,PM2.5,6571
42.470001,54.279999,7.230000,5.500000,0.510000,61.220001,-3.390000,2.060000,294.529999,91.620003,86120.640625,28.47,107.08,59.337502,PM2.5,6572
45.130001,57.660000,7.700000,5.560000,0.520000,62.330002,-3.040000,1.030000,295.600006,89.370003,88081.531250,28.47,107.24,62.662502,PM2.5,6573
45.419998,57.660000,8.260000,5.090000,0.500000,65.080002,-3.100000,1.180000,297.540009,82.879997,90560.398438,28.47,107.39,63.024998,PM2.5,6574
47.000000,58.509998,8.810000,4.810000,0.480000,66.970001,-3.750000,1.770000,297.079987,84.279999,90041.421875,28.47,107.55,65.000000,PM2.5,6575
49.830002,60.970001,9.650000,4.860000,0.470000,68.139999,-4.070000,1.330000,296.519989,86.089996,89520.906250,28.46,107.7,68.537506,PM2.5,6576
53.250000,64.330002,10.770000,5.200000,0.480000,68.830002,-4.320000,0.850000,296.399994,85.820000,89598.273438,28.46,107.86,72.812500,PM2.5,6577
58.389999,69.430000,12.330000,5.950000,0.490000,68.959999,-4.290000,0.210000,295.359985,88.680000,88952.960938,28.45,108.01,79.237503,PM2.5,6578
60.610001,69.419998,13.970000,5.810000,0.450000,72.559998,-3.550000,-1.370000,295.920013,86.220001,90415.203125,28.45,108.17,82.012497,PM2.5,6579
59.660000,65.910004,14.860000,5.170000,0.410000,76.720001,-3.230000,-1.880000,298.019989,79.080002,93412.976562,28.45,108.32,80.824997,PM2.5,6580
61.020000,65.790001,16.360001,5.110000,0.390000,79.570000,-4.660000,-0.110000,299.160004,75.639999,94307.500000,28.44,108.47,82.525002,PM2.5,6581
48.419998,62.400002,19.100000,5.820000,0.670000,77.419998,-3.690000,-0.070000,298.130005,78.709999,94164.296875,28.42,109.24,66.774994,PM2.5,6586
45.619999,56.250000,11.510000,14.890000,0.660000,63.060001,-0.280000,3.120000,299.429993,71.779999,91058.500000,28.62,106.01,63.274998,PM2.5,6754
44.220001,54.990002,10.980000,15.460000,0.650000,59.340000,-0.320000,3.710000,298.809998,73.879997,90146.687500,28.62,106.16,61.525002,PM2.5,6755
42.119999,56.560001,8.930000,14.580000,0.740000,51.930000,0.060000,3.050000,298.390015,76.889999,89904.562500,28.62,106.62,58.899998,PM2.5,6758
38.720001,51.779999,8.050000,12.050000,0.640000,56.820000,-1.510000,3.420000,299.420013,73.389999,91235.617188,28.61,106.78,54.650002,PM2.5,6759
37.900002,50.189999,7.710000,8.110000,0.560000,60.799999,-3.440000,3.620000,298.320007,76.779999,89969.781250,28.61,106.93,53.625000,PM2.5,6760
43.299999,56.080002,7.700000,5.280000,0.550000,62.759998,-4.450000,2.710000,295.369995,88.080002,86979.171875,28.61,107.09,60.375000,PM2.5,6761
48.759998,63.160000,8.330000,6.080000,0.600000,61.990002,-3.750000,1.180000,294.890015,91.180000,87266.289062,28.61,107.24,67.199997,PM2.5,6762
48.759998,62.720001,8.960000,5.810000,0.560000,64.610001,-3.300000,0.820000,297.079987,84.220001,90240.421875,28.6,107.4,67.199997,PM2.5,6763
49.700001,62.250000,9.470000,5.110000,0.510000,67.410004,-4.110000,1.270000,297.109985,83.040001,90113.000000,28.6,107.55,68.375000,PM2.5,6764
53.919998,66.480003,10.580000,5.450000,0.510000,68.199997,-4.550000,0.800000,295.989990,86.699997,89188.046875,28.6,107.71,73.649994,PM2.5,6765
57.470001,70.089996,11.850000,5.840000,0.520000,69.129997,-4.420000,0.220000,296.220001,85.279999,89986.421875,28.59,107.86,78.087502,PM2.5,6766
60.220001,71.900002,12.820000,5.770000,0.500000,71.199997,-4.600000,0.420000,295.730011,86.290001,89669.070312,28.59,108.02,81.525002,PM2.5,6767
62.720001,72.029999,14.170000,5.750000,0.460000,73.360001,-4.380000,0.430000,295.320007,87.330002,89780.789062,28.59,108.17,84.650002,PM2.5,6768
61.939999,68.800003,15.710000,5.590000,0.430000,76.930000,-4.250000,-0.080000,297.029999,80.930000,92290.523438,28.58,108.32,83.674995,PM2.5,6769
62.070000,67.150002,17.209999,5.310000,0.400000,80.269997,-5.240000,-0.530000,298.869995,73.980003,94371.609375,28.58,108.48,83.837502,PM2.5,6770
37.970001,50.910000,8.180000,8.100000,0.590000,61.509998,-4.440000,2.940000,299.750000,72.190002,91857.906250,28.75,106.94,53.712502,PM2.5,6953
43.209999,56.430000,8.170000,5.220000,0.570000,63.330002,-5.540000,2.230000,296.619995,83.339996,88731.078125,28.75,107.09,60.262497,PM2.5,6954
49.930000,65.040001,8.830000,6.150000,0.620000,62.650002,-4.610000,0.890000,295.339996,89.120003,88058.476562,28.74,107.25,68.662498,PM2.5,6955
51.240002,66.010002,9.460000,6.020000,0.590000,65.029999,-3.820000,0.450000,296.660004,84.669998,89876.546875,28.74,107.4,70.300003,PM2.5,6956
52.259998,65.639999,10.010000,5.370000,0.540000,67.989998,-4.450000,0.900000,296.910004,82.639999,90095.031250,28.74,107.56,71.574997,PM2.5,6957
55.459999,68.699997,11.030000,5.480000,0.530000,69.720001,-5.040000,0.830000,296.000000,85.269997,89444.992188,28.73,107.71,75.574997,PM2.5,6958
58.730000,71.910004,12.170000,5.830000,0.530000,70.650002,-4.740000,-0.020000,295.630005,86.120003,89559.296875,28.73,107.86,79.662498,PM2.5,6959
60.680000,72.860001,13.110000,5.820000,0.510000,72.519997,-4.010000,-0.010000,295.679993,85.959999,90014.843750,28.73,108.02,82.099998,PM2.5,6960
60.500000,69.889999,14.390000,5.400000,0.460000,77.089996,-3.790000,0.980000,296.579987,82.419998,91256.156250,28.72,108.17,81.875000,PM2.5,6961
59.439999,66.190002,15.610000,5.080000,0.420000,79.760002,-4.870000,1.440000,297.399994,78.540001,92004.960938,28.72,108.33,80.549995,PM2.5,6962
43.889999,56.720001,8.490000,5.670000,0.570000,62.900002,-6.190000,2.080000,295.679993,85.480003,87548.703125,28.88,107.09,61.112499,PM2.5,7153
52.119999,66.739998,9.560000,6.250000,0.590000,65.250000,-3.950000,0.290000,296.160004,84.980003,89579.093750,28.88,107.4,71.400002,PM2.5,7155
53.040001,66.900002,10.300000,5.800000,0.550000,68.120003,-4.470000,0.260000,297.040009,80.699997,90483.796875,28.87,107.56,72.550003,PM2.5,7156
56.180000,69.269997,11.020000,5.250000,0.530000,70.919998,-5.100000,0.120000,296.130005,83.389999,89469.023438,28.87,107.71,76.474998,PM2.5,7157
60.349998,73.160004,11.850000,5.310000,0.520000,71.940002,-4.750000,0.300000,294.679993,88.529999,88154.406250,28.87,107.87,81.687500,PM2.5,7158
61.450001,73.730003,12.870000,5.610000,0.510000,72.809998,-3.420000,0.380000,295.010010,87.250000,89092.562500,28.86,108.02,83.062500,PM2.5,7159
61.840000,71.639999,14.900000,5.820000,0.470000,78.360001,-2.440000,0.480000,297.230011,79.250000,92020.218750,28.86,108.18,83.550003,PM2.5,7160
60.849998,67.779999,16.320000,5.540000,0.430000,81.510002,-3.840000,1.400000,298.040009,75.550003,92377.328125,28.85,108.33,82.312500,PM2.5,7161
52.180000,65.510002,9.660000,6.310000,0.560000,65.739998,-4.630000,1.830000,294.559998,88.699997,87355.468750,29.01,107.41,71.474998,PM2.5,7357
54.740002,67.980003,10.390000,5.850000,0.540000,68.279999,-4.910000,0.160000,295.260010,85.129997,88238.710938,29.01,107.56,74.675003,PM2.5,7358
60.689999,74.160004,11.360000,6.060000,0.550000,69.000000,-4.400000,-0.390000,294.279999,89.019997,87699.257812,29.0,107.72,82.112495,PM2.5,7359
62.779999,75.000000,13.290000,6.020000,0.510000,74.489998,-3.580000,1.150000,295.420013,85.050003,89602.382812,29.0,108.03,84.724998,PM2.5,7361
62.939999,72.570000,14.880000,5.910000,0.460000,78.500000,-3.010000,0.500000,296.380005,81.040001,90720.890625,28.99,108.18,84.924995,PM2.5,7362
51.230000,63.849998,10.350000,5.640000,0.540000,68.139999,-5.980000,3.830000,295.239990,83.629997,86997.546875,29.15,107.41,70.287498,PM2.5,7575
57.860001,70.809998,10.920000,5.980000,0.540000,68.349998,-5.450000,1.620000,293.260010,91.250000,85452.898438,29.14,107.57,78.574997,PM2.5,7576
63.660000,77.470001,11.800000,7.480000,0.550000,66.309998,-3.560000,0.380000,293.489990,91.370003,87230.703125,29.14,107.72,85.824997,PM2.5,7577
