PM2.5(微克每立方米),PM10(微克每立方米),SO2(微克每立方米),NO2(微克每立方米),CO(毫克每立方米),O3(微克每立方米),U(m/s),V(m/s),TEMP(K),RH(%),PSFC(Pa),lat,lon,AQI,Major pollutants,id
14.960000,19.870001,7.530000,12.290000,0.300000,81.150002,-3.400000,-7.640000,290.049988,73.650002,94713.851562,27.31,119.77,21.371429,PM2.5,6300
14.880000,18.450001,9.230000,9.250000,0.260000,87.849998,-6.080000,-4.490000,289.500000,64.820000,92794.960938,27.54,119.03,21.257143,PM2.5,6469
16.129999,19.780001,9.100000,9.320000,0.260000,88.000000,-5.930000,-5.970000,287.250000,75.809998,90568.882812,27.52,119.18,23.042856,PM2.5,6470
17.750000,22.010000,9.290000,10.290000,0.280000,85.019997,-3.510000,-6.770000,287.070007,79.870003,90570.953125,27.5,119.33,25.357143,PM2.5,6471
16.580000,22.049999,8.200000,13.700000,0.310000,79.879997,-3.110000,-7.310000,289.850006,74.720001,94762.656250,27.44,119.79,23.685715,PM2.5,6474
15.690000,20.650000,7.600000,13.410000,0.310000,82.500000,-2.820000,-6.990000,289.369995,76.790001,93870.906250,27.43,119.94,22.414286,PM2.5,6475
14.490000,19.129999,7.570000,13.420000,0.310000,83.599998,-2.310000,-8.040000,290.100006,73.839996,94456.968750,27.41,120.09,20.699999,PM2.5,6476
15.380000,22.080000,8.220000,17.740000,0.330000,76.379997,-0.970000,-9.630000,293.450012,67.410004,99630.273438,27.37,120.39,22.174999,NO2,6478
17.129999,21.260000,10.640000,10.480000,0.260000,87.269997,-4.720000,-5.650000,291.220001,61.840000,95334.453125,27.69,118.9,24.471428,PM2.5,6649
17.150000,21.150000,10.230000,10.060000,0.260000,90.070000,-6.680000,-5.520000,288.880005,66.620003,91911.703125,27.67,119.05,24.500000,PM2.5,6650
18.620001,22.670000,10.070000,10.130000,0.270000,89.620003,-6.240000,-6.630000,286.779999,78.879997,90367.242188,27.65,119.2,26.600000,PM2.5,6651
21.790001,26.629999,10.500000,11.930000,0.290000,84.870003,-3.570000,-6.360000,286.440002,86.879997,90733.890625,27.63,119.35,31.128572,PM2.5,6652
19.500000,25.040001,10.050000,13.550000,0.310000,83.980003,-1.740000,-6.890000,288.829987,76.059998,92883.398438,27.6,119.66,27.857143,PM2.5,6654
17.490000,22.950001,9.070000,14.230000,0.320000,82.910004,-2.250000,-6.550000,290.869995,70.660004,95791.992188,27.58,119.81,24.985714,PM2.5,6655
17.209999,22.730000,8.140000,14.530000,0.330000,82.360001,-2.900000,-6.370000,289.820007,75.889999,94715.632812,27.56,119.96,24.585712,PM2.5,6656
16.290001,21.459999,7.550000,14.950000,0.340000,83.180000,-2.390000,-7.200000,289.269989,78.040001,93783.726562,27.54,120.11,23.271429,PM2.5,6657
17.490000,23.719999,7.990000,18.660000,0.380000,80.940002,-0.900000,-7.700000,291.380005,72.449997,96746.617188,27.52,120.26,24.985714,PM2.5,6658
19.230000,28.090000,9.120000,23.530001,0.420000,76.760002,-0.280000,-8.390000,293.609985,66.919998,99936.687500,27.5,120.41,29.412500,NO2,6659
17.840000,24.650000,9.850000,23.430000,0.380000,77.029999,-0.650000,-8.870000,294.519989,65.339996,101059.953125,27.48,120.56,29.287500,NO2,6660
20.080000,24.190001,11.720000,11.280000,0.270000,89.669998,-5.840000,-6.890000,289.940002,70.769997,94900.250000,27.82,118.92,28.685715,PM2.5,6838
20.660000,25.190001,11.380000,11.210000,0.280000,89.919998,-6.820000,-6.260000,287.809998,74.019997,91186.468750,27.81,119.07,29.514286,PM2.5,6839
21.980000,26.580000,11.220000,11.270000,0.290000,89.349998,-5.660000,-5.990000,285.809998,84.110001,89228.726562,27.79,119.22,31.400000,PM2.5,6840
24.809999,30.879999,11.700000,13.640000,0.310000,84.489998,-2.570000,-5.690000,287.440002,85.139999,92490.820312,27.77,119.37,35.442856,PM2.5,6841
24.570000,31.820000,11.970000,15.040000,0.330000,83.949997,-1.600000,-5.240000,288.149994,82.720001,93299.203125,27.75,119.53,35.099998,PM2.5,6842
23.650000,30.610001,11.290000,15.310000,0.340000,83.589996,-1.620000,-6.390000,288.070007,80.989998,92311.351562,27.73,119.68,33.785713,PM2.5,6843
20.150000,26.549999,9.980000,14.980000,0.340000,83.400002,-1.660000,-6.920000,290.209991,73.220001,94886.796875,27.71,119.83,28.785713,PM2.5,6844
18.570000,24.730000,8.740000,15.330000,0.350000,82.550003,-2.130000,-6.260000,291.089996,71.500000,96244.890625,27.69,119.98,26.528570,PM2.5,6845
17.680000,23.650000,8.050000,16.430000,0.370000,82.550003,-1.840000,-5.930000,291.140015,71.489998,96311.867188,27.68,120.13,25.257143,PM2.5,6846
19.059999,27.180000,8.380000,20.590000,0.430000,79.699997,-0.770000,-6.680000,292.920013,66.820000,98915.703125,27.66,120.28,27.228571,PM2.5,6847
21.120001,31.870001,9.840000,26.420000,0.490000,78.550003,-0.770000,-7.850000,294.450012,63.860001,100781.367188,27.64,120.43,33.025002,NO2,6848
21.430000,32.430000,10.730000,29.020000,0.470000,76.230003,-1.280000,-8.750000,294.579987,65.529999,100978.273438,27.62,120.59,36.275002,NO2,6849
22.389999,27.020000,12.700000,12.070000,0.280000,89.910004,-6.600000,-5.940000,289.190002,72.010002,93849.101562,27.98,118.79,31.985714,PM2.5,7030
24.450001,29.719999,12.940000,13.450000,0.290000,87.239998,-5.720000,-6.190000,289.399994,77.480003,95312.890625,27.96,118.94,34.928574,PM2.5,7031
25.500000,32.619999,12.800000,13.740000,0.310000,85.629997,-5.890000,-5.880000,288.820007,78.169998,94190.523438,27.94,119.09,36.428570,PM2.5,7032
26.889999,33.470001,12.780000,14.020000,0.320000,86.839996,-5.090000,-4.870000,286.390015,86.540001,90536.093750,27.92,119.24,38.414284,PM2.5,7033
28.420000,37.169998,12.680000,15.330000,0.340000,82.650002,-2.770000,-5.900000,287.119995,86.029999,92041.921875,27.9,119.39,40.599998,PM2.5,7034
27.540001,36.689999,12.700000,16.680000,0.350000,82.970001,-2.200000,-5.810000,288.359985,82.680000,93745.859375,27.89,119.55,39.342857,PM2.5,7035
27.930000,37.119999,12.340000,17.370001,0.370000,81.800003,-2.080000,-6.050000,287.459991,85.720001,92221.359375,27.87,119.7,39.900002,PM2.5,7036
24.730000,33.160000,11.010000,16.670000,0.370000,81.849998,-1.200000,-6.600000,288.309998,82.320000,93032.328125,27.85,119.85,35.328571,PM2.5,7037
21.219999,28.799999,9.320000,16.290001,0.370000,81.980003,-0.910000,-6.690000,290.059998,75.470001,94973.343750,27.83,120.0,30.314285,PM2.5,7038
18.570000,25.559999,8.270000,16.700001,0.390000,83.419998,-1.150000,-6.620000,291.809998,68.550003,96770.210938,27.81,120.15,26.528570,PM2.5,7039
18.830000,27.430000,8.220000,19.580000,0.440000,82.470001,-1.410000,-7.290000,293.630005,63.840000,99263.843750,27.79,120.31,27.430000,PM10,7040
22.309999,34.939999,10.360000,27.920000,0.520000,80.110001,-1.600000,-8.750000,294.279999,63.820000,100224.703125,27.77,120.46,34.939999,PM10,7041
23.799999,38.139999,11.520000,32.650002,0.540000,77.709999,-1.520000,-8.990000,294.399994,65.059998,100633.062500,27.75,120.61,40.812500,NO2,7042
25.059999,30.590000,13.560000,12.960000,0.290000,89.949997,-6.620000,-5.710000,287.809998,74.989998,91518.500000,28.11,118.81,35.799999,PM2.5,7229
27.240000,33.810001,14.040000,14.630000,0.310000,87.250000,-5.150000,-5.520000,288.679993,77.750000,93835.601562,28.09,118.96,38.914284,PM2.5,7230
28.270000,36.820000,14.120000,16.000000,0.330000,84.720001,-5.060000,-5.280000,290.170013,75.099998,96446.898438,28.07,119.11,40.385715,PM2.5,7231
29.530001,38.200001,14.110000,16.030001,0.340000,85.980003,-4.870000,-4.780000,288.220001,83.400002,93942.531250,28.06,119.26,42.185715,PM2.5,7232
32.580002,42.619999,14.110000,17.559999,0.360000,82.180000,-2.880000,-5.050000,286.929993,89.269997,92429.476562,28.04,119.41,46.542858,PM2.5,7233
33.680000,45.750000,13.950000,20.090000,0.390000,78.739998,-1.470000,-5.010000,287.450012,87.930000,93346.500000,28.02,119.57,48.114285,PM2.5,7234
32.810001,45.599998,13.720000,21.010000,0.410000,78.300003,-1.120000,-5.200000,287.799988,86.889999,93506.789062,28.0,119.72,46.871429,PM2.5,7235
29.160000,40.869999,12.230000,20.100000,0.410000,78.300003,-0.810000,-5.360000,288.670013,83.510002,94309.523438,27.98,119.87,41.657143,PM2.5,7236
24.410000,33.950001,9.930000,17.889999,0.400000,79.870003,-0.760000,-6.000000,289.109985,80.730003,94359.476562,27.96,120.02,34.871429,PM2.5,7237
20.330000,28.370001,8.430000,16.940001,0.400000,83.260002,-0.770000,-6.650000,289.720001,76.540001,94429.273438,27.94,120.18,29.042856,PM2.5,7238
18.570000,27.030001,8.080000,17.980000,0.430000,85.820000,-1.180000,-7.670000,291.540009,70.279999,96436.117188,27.92,120.33,27.030001,PM10,7239
23.580000,38.200001,10.850000,29.059999,0.560000,81.269997,-1.230000,-8.990000,292.859985,68.160004,98449.500000,27.9,120.48,38.200001,PM10,7240
25.549999,43.430000,12.090000,34.930000,0.610000,79.320000,-0.840000,-8.520000,294.190002,65.059998,100280.000000,27.89,120.63,43.662498,NO2,7241
17.910000,28.990000,8.890000,24.430000,0.420000,80.639999,-1.470000,-8.680000,295.140015,63.970001,101348.453125,27.87,120.78,30.537500,NO2,7242
28.520000,36.580002,15.090000,15.440000,0.290000,85.080002,-5.080000,-4.450000,290.660004,65.779999,95061.062500,28.28,118.52,40.742859,PM2.5,7429
29.209999,36.200001,14.770000,14.670000,0.300000,88.599998,-6.240000,-5.150000,287.119995,79.980003,90924.500000,28.24,118.83,41.728569,PM2.5,7431
30.780001,39.169998,15.070000,16.200001,0.320000,86.879997,-4.530000,-5.020000,287.619995,80.800003,91984.796875,28.23,118.98,43.971428,PM2.5,7432
30.360001,39.700001,15.150000,16.940001,0.330000,87.139999,-4.550000,-5.180000,289.209991,77.029999,94407.539062,28.21,119.13,43.371429,PM2.5,7433
32.279999,43.380001,15.210000,18.110001,0.360000,84.820000,-4.350000,-5.230000,288.950012,81.779999,95089.656250,28.19,119.28,46.114285,PM2.5,7434
35.270000,49.369999,15.320000,20.969999,0.390000,79.500000,-2.150000,-3.660000,288.970001,83.879997,95838.406250,28.17,119.44,50.337502,PM2.5,7435
36.810001,52.950001,15.130000,23.559999,0.430000,75.900002,-0.970000,-3.470000,289.119995,83.150002,96058.187500,28.15,119.59,52.262501,PM2.5,7436
35.820000,52.029999,14.690000,23.549999,0.440000,77.320000,-0.850000,-4.430000,288.589996,84.500000,94809.156250,28.14,119.74,51.025002,PM2.5,7437
31.070000,45.700001,12.890000,21.650000,0.430000,77.620003,-0.490000,-4.890000,289.250000,81.510002,95162.632812,28.12,119.89,45.700001,PM10,7438
25.879999,38.360001,10.300000,18.969999,0.410000,77.709999,-0.430000,-5.020000,289.790009,78.919998,95639.273438,28.1,120.05,38.360001,PM10,7439
22.360001,32.560001,8.830000,18.209999,0.420000,81.459999,-0.540000,-4.600000,289.720001,77.839996,95155.343750,28.08,120.2,32.560001,PM10,7440
19.820000,29.570000,8.380000,19.139999,0.450000,84.300003,-0.890000,-6.110000,290.809998,73.410004,95823.343750,28.06,120.35,29.570000,PM10,7441
24.450001,40.150002,11.350000,30.240000,0.570000,81.839996,-0.750000,-7.580000,292.790009,68.599998,98422.890625,28.04,120.5,40.150002,PM10,7442
24.790001,43.209999,11.690000,33.090000,0.600000,81.800003,-0.690000,-7.830000,294.570007,63.130001,100563.210938,28.02,120.65,43.209999,PM10,7443
18.120001,30.320000,8.600000,23.250000,0.450000,84.110001,-1.820000,-8.150000,295.079987,63.779999,100869.171875,28.0,120.81,30.320000,PM10,7444
12.990000,23.600000,7.170000,20.700001,0.290000,90.970001,-2.580000,-12.470000,295.940002,70.290001,101156.171875,27.96,121.11,25.875000,NO2,7445
33.410000,44.680000,17.000000,18.360001,0.310000,83.089996,-6.310000,-4.650000,290.989990,67.820000,96018.562500,28.41,118.54,47.728573,PM2.5,7647
33.389999,44.299999,16.389999,17.190001,0.310000,85.089996,-7.370000,-4.700000,288.540009,76.260002,93020.226562,28.4,118.69,47.700001,PM2.5,7648
34.740002,44.110001,16.280001,17.920000,0.320000,84.940002,-5.690000,-4.150000,287.679993,80.910004,92277.937500,28.38,118.85,49.628574,PM2.5,7649
34.720001,46.580002,16.020000,18.480000,0.340000,84.029999,-4.580000,-4.350000,288.290009,78.980003,93089.093750,28.36,119.0,49.600002,PM2.5,7650
33.459999,44.180000,16.020000,18.170000,0.350000,87.029999,-4.850000,-5.340000,288.149994,80.099998,92647.296875,28.34,119.15,47.799999,PM2.5,7651
34.790001,47.389999,15.900000,19.330000,0.370000,84.589996,-3.760000,-5.440000,288.519989,81.809998,93870.960938,28.33,119.3,49.700001,PM2.5,7652
35.880001,51.650002,16.260000,21.940001,0.400000,81.419998,-1.960000,-3.850000,290.369995,77.500000,97409.453125,28.31,119.46,51.100002,PM2.5,7653
36.779999,54.160000,16.350000,24.290001,0.440000,78.790001,-1.520000,-3.880000,290.750000,76.870003,98004.140625,28.29,119.61,52.224998,PM2.5,7654
38.470001,57.669998,16.209999,27.190001,0.480000,75.669998,-1.210000,-3.910000,290.019989,79.790001,96936.500000,28.27,119.76,54.337502,PM2.5,7655
34.349998,52.110001,14.390000,25.010000,0.470000,75.599998,-0.370000,-4.260000,289.850006,80.320000,96419.429688,28.25,119.91,51.055000,PM10,7656
25.299999,38.250000,10.570000,19.270000,0.410000,78.910004,-0.140000,-4.710000,290.700012,75.480003,96681.187500,28.23,120.07,38.250000,PM10,7657
19.530001,29.070000,8.180000,16.330000,0.380000,82.900002,-1.030000,-4.050000,291.820007,69.199997,97379.906250,28.21,120.22,29.070000,PM10,7658
17.980000,27.370001,7.610000,16.590000,0.400000,85.489998,-1.890000,-5.760000,292.089996,68.339996,97138.117188,28.19,120.37,27.370001,PM10,7659
21.610001,34.509998,10.020000,25.139999,0.500000,84.809998,-1.520000,-7.000000,293.230011,67.129997,98749.273438,28.17,120.52,34.509998,PM10,7660
22.000000,37.720001,10.030000,27.180000,0.540000,84.150002,-1.550000,-7.300000,294.140015,64.790001,99897.000000,28.15,120.68,37.720001,PM10,7661
17.610001,28.969999,8.200000,20.850000,0.450000,87.660004,-2.350000,-8.340000,294.140015,65.370003,99389.000000,28.13,120.83,28.969999,PM10,7662
17.320000,29.330000,9.340000,24.959999,0.420000,85.449997,-2.430000,-10.070000,294.929993,66.120003,100598.890625,28.11,120.98,31.199999,NO2,7663
9.960000,18.790001,4.150000,9.110000,0.260000,96.220001,-2.980000,-10.990000,296.380005,67.879997,101319.296875,28.07,121.28,18.790001,PM10,7664
40.450001,54.290001,19.549999,23.290001,0.340000,78.440002,-4.640000,-5.340000,292.609985,66.519997,99866.546875,28.57,118.41,56.812500,PM2.5,7868
38.520000,52.860001,19.180000,22.440001,0.340000,80.760002,-6.120000,-4.970000,291.649994,68.169998,97673.757812,28.55,118.56,54.400002,PM2.5,7869
38.279999,52.720001,18.230000,20.830000,0.330000,82.300003,-6.820000,-4.210000,289.239990,76.059998,94361.093750,28.53,118.71,54.099998,PM2.5,7870
38.230000,52.740002,17.580000,20.809999,0.350000,81.860001,-5.480000,-3.650000,289.160004,76.970001,94541.031250,28.51,118.87,54.037498,PM2.5,7871
37.279999,51.680000,17.389999,20.850000,0.360000,83.160004,-5.140000,-4.460000,289.660004,75.180000,94904.703125,28.5,119.02,52.849998,PM2.5,7872
37.430000,50.820000,17.350000,20.760000,0.370000,84.989998,-4.990000,-5.040000,288.250000,81.190002,93145.593750,28.48,119.17,53.037498,PM2.5,7873
38.090000,54.840000,16.980000,21.730000,0.390000,82.129997,-3.630000,-5.040000,289.010010,79.980003,94418.828125,28.46,119.32,53.862499,PM2.5,7874
36.180000,53.330002,16.680000,21.920000,0.410000,81.739998,-2.930000,-5.440000,290.929993,74.529999,97117.867188,28.44,119.48,51.665001,PM10,7875
37.119999,55.540001,16.709999,24.309999,0.440000,78.739998,-2.290000,-5.760000,291.350006,74.800003,98057.992188,28.42,119.63,52.770000,PM10,7876
38.630001,58.779999,17.160000,28.120001,0.490000,76.300003,-1.470000,-4.710000,291.649994,73.919998,98831.273438,28.4,119.78,54.537502,PM2.5,7877
35.250000,54.680000,15.570000,27.150000,0.490000,75.150002,-1.150000,-4.750000,291.350006,74.980003,98314.656250,28.39,119.94,52.340000,PM10,7878
24.809999,37.549999,10.220000,18.730000,0.400000,78.919998,-1.270000,-5.490000,290.940002,74.750000,96849.593750,28.37,120.09,37.549999,PM10,7879
17.760000,25.910000,7.550000,13.740000,0.340000,85.120003,-2.630000,-6.140000,291.299988,69.900002,95743.343750,28.35,120.24,25.910000,PM10,7880
16.680000,24.809999,6.880000,13.510000,0.350000,85.839996,-2.990000,-7.710000,291.220001,70.580002,95591.382812,28.33,120.39,24.809999,PM10,7881
17.990000,28.600000,7.670000,17.760000,0.410000,84.209999,-1.900000,-7.860000,292.579987,69.089996,97834.093750,28.31,120.55,28.600000,PM10,7882
16.900000,26.980000,7.460000,17.799999,0.420000,87.190002,-2.260000,-7.510000,293.609985,66.150002,98966.492188,28.29,120.7,26.980000,PM10,7883
16.040001,27.040001,7.020000,17.120001,0.410000,86.930000,-2.900000,-8.790000,293.279999,68.120003,98368.406250,28.27,120.85,27.040001,PM10,7884
16.010000,26.860001,7.950000,20.080000,0.400000,87.730003,-2.360000,-9.960000,294.299988,67.970001,99714.640625,28.25,121.0,26.860001,PM10,7885
16.840000,32.020000,7.870000,23.129999,0.410000,93.930000,-2.110000,-12.040000,295.679993,68.690002,101004.703125,28.23,121.16,32.020000,PM10,7886
12.390000,22.639999,5.680000,12.740000,0.310000,92.680000,-2.710000,-10.150000,295.750000,66.629997,100843.523438,28.21,121.31,22.639999,PM10,7887
43.380001,58.650002,20.100000,24.900000,0.350000,77.519997,-5.040000,-4.700000,292.429993,67.570000,100371.507812,28.7,118.42,60.475002,PM2.5,8095
42.580002,58.740002,20.379999,25.629999,0.360000,78.519997,-5.630000,-4.870000,291.920013,69.150002,99163.476562,28.68,118.58,59.475002,PM2.5,8096
41.790001,58.139999,19.830000,24.540001,0.360000,80.160004,-5.630000,-3.940000,290.750000,72.430000,97008.351562,28.67,118.73,58.487503,PM2.5,8097
40.660000,57.060001,19.120001,23.559999,0.360000,81.199997,-5.470000,-4.150000,290.459991,73.190002,96260.531250,28.65,118.89,57.075001,PM2.5,8098
39.869999,56.139999,18.620001,22.790001,0.370000,82.709999,-5.510000,-5.150000,289.510010,76.900002,94891.609375,28.63,119.04,56.087498,PM2.5,8099
40.779999,58.590000,18.400000,23.510000,0.390000,81.839996,-4.680000,-5.110000,289.049988,79.379997,94450.960938,28.61,119.19,57.224998,PM2.5,8100
39.040001,57.029999,18.180000,23.100000,0.400000,82.720001,-4.160000,-5.600000,289.970001,75.879997,95295.468750,28.59,119.35,55.050003,PM2.5,8101
37.630001,55.580002,17.530001,22.150000,0.410000,82.830002,-3.740000,-7.120000,289.959991,77.230003,95465.367188,28.58,119.5,53.287502,PM2.5,8102
38.919998,58.240002,17.440001,24.719999,0.450000,78.889999,-2.190000,-7.140000,290.589996,77.580002,96943.406250,28.56,119.65,54.899998,PM2.5,8103
39.150002,59.500000,17.420000,26.950001,0.480000,76.339996,-1.680000,-6.430000,291.179993,75.230003,97850.406250,28.54,119.8,55.187500,PM2.5,8104
36.049999,55.869999,16.150000,26.920000,0.480000,74.989998,-2.030000,-6.500000,291.070007,75.769997,97496.367188,28.52,119.96,52.934998,PM10,8105
27.540001,41.740002,11.310000,20.580000,0.420000,77.699997,-2.570000,-6.180000,290.140015,78.660004,96162.429688,28.5,120.11,41.740002,PM10,8106
20.160000,28.830000,8.190000,14.480000,0.350000,83.559998,-3.530000,-6.900000,288.899994,80.599998,93314.328125,28.48,120.26,28.830000,PM10,8107
18.700001,27.760000,7.040000,13.850000,0.350000,82.029999,-2.710000,-8.020000,288.910004,80.889999,93247.281250,28.46,120.42,27.760000,PM10,8108
16.410000,24.719999,6.730000,14.270000,0.360000,83.550003,-1.460000,-7.990000,291.209991,73.980003,96212.250000,28.44,120.57,24.719999,PM10,8109
14.920000,23.129999,6.370000,14.170000,0.360000,85.199997,-2.410000,-8.170000,292.440002,70.059998,97462.679688,28.42,120.72,23.129999,PM10,8110
14.380000,22.910000,6.240000,14.230000,0.360000,85.989998,-3.250000,-9.160000,292.299988,71.320000,97144.351562,28.4,120.87,22.910000,PM10,8111
14.890000,23.770000,6.780000,16.280001,0.390000,87.660004,-2.360000,-9.630000,293.130005,71.339996,98407.648438,28.38,121.03,23.770000,PM10,8112
18.430000,33.240002,8.220000,23.240000,0.450000,91.959999,-1.870000,-11.070000,294.640015,70.500000,99927.007812,28.36,121.18,33.240002,PM10,8113
15.590000,27.629999,7.270000,17.629999,0.370000,91.809998,-2.350000,-9.830000,295.160004,68.769997,100261.859375,28.34,121.33,27.629999,PM10,8114
41.220001,56.160000,18.840000,23.600000,0.350000,78.930000,-4.970000,-3.490000,292.299988,66.860001,100036.367188,28.83,118.44,57.775002,PM2.5,8325
42.709999,59.220001,20.090000,26.170000,0.360000,78.690002,-5.230000,-3.850000,292.329987,67.790001,100199.226562,28.82,118.6,59.637497,PM2.5,8326
43.669998,60.450001,20.980000,27.799999,0.380000,79.389999,-5.120000,-3.900000,292.239990,68.400002,99858.937500,28.8,118.75,60.837498,PM2.5,8327
44.330002,61.980000,20.440001,27.400000,0.390000,79.089996,-5.560000,-4.340000,290.769989,73.190002,97382.960938,28.78,118.91,61.662502,PM2.5,8328
42.419998,57.599998,19.570000,25.250000,0.390000,82.000000,-5.090000,-4.460000,289.079987,79.650002,94964.562500,28.76,119.06,59.274998,PM2.5,8329
42.959999,61.759998,19.059999,25.610001,0.400000,80.370003,-4.460000,-4.840000,289.350006,79.360001,95386.703125,28.75,119.21,59.949997,PM2.5,8330
41.490002,60.290001,18.750000,24.430000,0.410000,81.889999,-4.830000,-6.200000,288.910004,81.150002,94291.218750,28.73,119.37,58.112503,PM2.5,8331
41.470001,60.619999,18.080000,23.990000,0.430000,80.599998,-3.470000,-6.880000,288.279999,84.669998,93873.750000,28.71,119.52,58.087502,PM2.5,8332
42.389999,62.880001,17.920000,27.110001,0.470000,76.339996,-1.330000,-6.340000,289.839996,80.470001,96547.796875,28.69,119.67,59.237499,PM2.5,8333
42.169998,63.360001,18.139999,28.490000,0.500000,74.570000,-1.330000,-6.180000,290.040009,79.769997,96806.062500,28.67,119.83,58.962498,PM2.5,8334
40.340000,62.000000,17.850000,29.760000,0.510000,72.370003,-1.540000,-6.490000,290.140015,79.449997,96630.007812,28.65,119.98,56.674999,PM2.5,8335
32.560001,49.849998,13.650000,25.570000,0.460000,73.000000,-1.660000,-5.510000,290.200012,79.580002,96939.046875,28.63,120.13,49.849998,PM10,8336
23.520000,34.810001,9.250000,18.080000,0.380000,76.769997,-2.740000,-5.420000,289.670013,79.940002,95121.843750,28.62,120.29,34.810001,PM10,8337
20.209999,29.760000,7.740000,16.500000,0.370000,78.449997,-2.660000,-6.040000,289.630005,79.430000,94601.382812,28.6,120.44,29.760000,PM10,8338
17.280001,24.910000,7.270000,15.760000,0.360000,82.199997,-1.880000,-6.530000,290.559998,76.910004,95671.796875,28.58,120.59,24.910000,PM10,8339
15.720000,22.920000,6.780000,15.300000,0.350000,83.970001,-2.520000,-7.750000,290.670013,76.879997,95349.742188,28.56,120.74,22.920000,PM10,8340
15.190000,23.200001,6.630000,15.720000,0.360000,83.010002,-2.970000,-8.870000,290.980011,76.559998,95661.101562,28.54,120.9,23.200001,PM10,8341
15.070000,22.379999,7.210000,17.670000,0.370000,85.769997,-1.990000,-8.770000,292.929993,71.879997,98298.312500,28.52,121.05,22.379999,PM10,8342
20.400000,33.919998,10.160000,27.090000,0.460000,84.370003,-1.400000,-9.250000,294.559998,67.879997,100223.328125,28.5,121.2,33.919998,PM10,8343
16.770000,28.340000,8.120000,20.209999,0.370000,89.820000,-1.850000,-9.170000,295.600006,66.809998,100862.898438,28.47,121.36,28.340000,PM10,8344
7.600000,13.670000,2.630000,4.560000,0.210000,98.199997,-3.120000,-10.910000,296.670013,66.720001,101314.406250,28.45,121.51,13.670000,PM10,8345
5.080000,10.280000,1.120000,0.770000,0.170000,102.580002,-4.590000,-12.600000,297.200012,68.550003,101350.843750,28.43,121.66,10.280000,PM10,8346
34.950001,44.759998,14.870000,15.710000,0.310000,80.099998,-5.380000,-3.660000,290.010010,72.209999,96484.210938,29.0,118.16,49.928574,PM2.5,8555
36.230000,48.119999,15.800000,18.040001,0.330000,80.190002,-4.100000,-3.830000,291.239990,68.559998,98085.789062,28.99,118.31,51.537498,PM2.5,8556
35.869999,49.639999,16.590000,19.940001,0.340000,80.639999,-4.750000,-3.010000,292.649994,64.239998,99707.632812,28.97,118.46,51.087498,PM2.5,8557
37.959999,53.639999,17.760000,22.660000,0.350000,80.099998,-5.950000,-3.630000,292.869995,64.400002,100152.023438,28.95,118.62,53.699997,PM2.5,8558
42.860001,60.799999,19.400000,26.889999,0.380000,77.820000,-5.890000,-4.440000,292.489990,67.370003,100467.507812,28.93,118.77,59.825001,PM2.5,8559
47.310001,67.059998,20.559999,30.020000,0.420000,75.650002,-5.120000,-3.930000,291.709991,71.050003,99847.156250,28.92,118.93,65.387505,PM2.5,8560
47.310001,67.379997,20.290001,29.920000,0.420000,76.660004,-4.320000,-2.740000,290.989990,73.680000,98526.507812,28.9,119.08,65.387505,PM2.5,8561
46.389999,66.510002,19.959999,29.389999,0.430000,77.430000,-4.350000,-3.450000,290.359985,76.309998,97512.867188,28.88,119.23,64.237503,PM2.5,8562
45.970001,66.139999,19.250000,28.209999,0.440000,77.830002,-4.370000,-4.540000,289.029999,82.000000,95438.406250,28.86,119.39,63.712502,PM2.5,8563
45.680000,66.190002,18.700001,28.059999,0.470000,76.879997,-2.310000,-4.580000,289.010010,82.779999,95388.210938,28.84,119.54,63.349998,PM2.5,8564
45.139999,66.769997,18.670000,30.070000,0.500000,74.220001,-0.470000,-4.480000,290.700012,77.169998,98081.523438,28.83,119.69,62.674999,PM2.5,8565
44.259998,66.519997,19.110001,31.440001,0.530000,71.989998,-0.870000,-4.920000,291.010010,76.540001,98437.281250,28.81,119.85,61.574997,PM2.5,8566
42.990002,66.040001,19.209999,32.779999,0.550000,70.080002,-1.230000,-5.580000,291.040009,76.449997,98057.421875,28.79,120.0,59.987503,PM2.5,8567
34.279999,52.889999,15.420000,28.420000,0.490000,71.769997,-1.030000,-5.090000,291.010010,76.430000,98025.382812,28.77,120.15,51.445000,PM10,8568
23.139999,34.540001,10.020000,19.809999,0.390000,75.900002,-1.980000,-5.150000,291.250000,73.529999,96826.726562,28.75,120.31,34.540001,PM10,8569
19.200001,28.690001,8.260000,17.629999,0.360000,78.309998,-2.980000,-5.430000,291.730011,70.940002,96759.312500,28.73,120.46,28.690001,PM10,8570
17.780001,26.760000,7.620000,17.530001,0.360000,78.800003,-2.990000,-5.790000,292.279999,70.669998,97787.867188,28.71,120.61,26.760000,PM10,8571
17.120001,25.709999,7.210000,17.570000,0.360000,79.110001,-3.230000,-7.050000,291.260010,75.529999,96397.070312,28.69,120.77,25.709999,PM10,8572
16.320000,24.400000,7.130000,17.790001,0.360000,79.589996,-2.860000,-8.090000,290.600006,78.400002,95366.757812,28.67,120.92,24.400000,PM10,8573
15.800000,24.139999,7.590000,19.760000,0.380000,80.940002,-1.740000,-8.190000,293.279999,70.690002,98763.851562,28.65,121.07,24.700001,NO2,8574
19.309999,31.250000,9.820000,26.370001,0.420000,82.059998,-1.390000,-8.380000,295.559998,65.269997,101348.179688,28.63,121.23,32.962502,NO2,8575
16.020000,26.379999,7.840000,19.860001,0.350000,88.449997,-2.090000,-8.650000,296.100006,65.089996,101392.406250,28.61,121.38,26.379999,PM10,8576
32.169998,41.060001,13.980000,14.290000,0.300000,81.919998,-5.710000,-4.270000,290.760010,69.250000,97615.023438,29.14,118.18,45.957142,PM2.5,8785
32.590000,43.299999,14.280000,15.660000,0.320000,81.410004,-4.220000,-4.460000,291.510010,67.290001,98396.968750,29.12,118.33,46.557144,PM2.5,8786
30.820000,42.919998,14.420000,16.090000,0.320000,82.800003,-4.860000,-4.500000,292.320007,63.320000,98307.882812,29.1,118.48,44.028572,PM2.5,8787
32.009998,45.570000,15.050000,17.250000,0.330000,83.820000,-6.210000,-5.290000,291.609985,65.629997,97149.929688,29.09,118.64,45.728569,PM2.5,8788
36.340000,51.810001,16.180000,20.770000,0.360000,81.500000,-5.740000,-5.800000,291.359985,68.660004,97763.031250,29.07,118.79,51.674999,PM2.5,8789
42.650002,61.090000,18.200001,26.879999,0.410000,76.419998,-4.280000,-4.800000,292.170013,68.389999,100159.617188,29.05,118.95,59.562500,PM2.5,8790
47.820000,69.150002,20.690001,32.029999,0.450000,74.059998,-3.430000,-2.970000,292.600006,68.110001,101319.640625,29.03,119.1,66.025002,PM2.5,8791
49.770000,72.480003,22.389999,34.730000,0.470000,72.839996,-3.420000,-2.590000,292.149994,69.940002,100470.789062,29.02,119.25,68.462502,PM2.5,8792
48.709999,71.410004,21.780001,33.580002,0.480000,74.000000,-3.250000,-2.730000,291.589996,71.989998,99335.226562,29.0,119.41,67.137497,PM2.5,8793
47.740002,70.839996,21.100000,32.619999,0.510000,74.269997,-2.080000,-3.110000,291.480011,73.040001,99170.390625,28.98,119.56,65.925003,PM2.5,8794
43.900002,65.919998,19.270000,30.870001,0.510000,73.349998,-1.320000,-4.050000,291.839996,72.720001,99605.882812,28.96,119.72,61.125000,PM2.5,8795
42.830002,65.389999,19.209999,31.969999,0.530000,70.459999,-1.770000,-5.190000,291.980011,72.779999,99356.437500,28.94,119.87,59.787502,PM2.5,8796
42.290001,65.779999,19.709999,33.970001,0.560000,68.290001,-1.930000,-5.800000,292.130005,72.519997,99137.156250,28.92,120.02,59.112503,PM2.5,8797
33.160000,51.400002,15.830000,29.260000,0.490000,71.059998,-1.640000,-5.460000,291.790009,74.070000,98834.757812,28.9,120.18,50.700001,PM10,8798
23.160000,34.639999,10.480000,21.030001,0.390000,75.220001,-2.300000,-5.810000,291.320007,73.730003,96721.312500,28.88,120.33,34.639999,PM10,8799
19.690001,29.340000,8.690000,18.490000,0.360000,77.989998,-3.340000,-6.550000,291.029999,73.180000,95348.210938,28.86,120.48,29.340000,PM10,8800
18.170000,27.270000,8.010000,18.410000,0.360000,78.519997,-3.660000,-7.130000,292.170013,70.250000,97004.242188,28.84,120.64,27.270000,PM10,8801
17.719999,26.490000,7.640000,18.889999,0.370000,77.970001,-3.640000,-7.590000,291.880005,73.300003,97074.703125,28.82,120.79,26.490000,PM10,8802
17.350000,25.719999,7.700000,20.000000,0.370000,77.309998,-2.720000,-7.240000,290.989990,77.349998,96083.703125,28.8,120.94,25.719999,PM10,8803
15.820000,23.809999,7.870000,20.549999,0.370000,79.699997,-1.760000,-7.490000,293.359985,70.180000,98748.343750,28.78,121.1,25.687500,NO2,8804
15.480000,24.900000,7.760000,20.750000,0.350000,81.680000,-1.840000,-8.520000,295.450012,65.400002,101055.921875,28.76,121.25,25.937500,NO2,8805
12.560000,20.590000,5.840000,14.860000,0.290000,87.809998,-2.280000,-8.660000,295.820007,65.570000,101024.156250,28.74,121.4,20.590000,PM10,8806
6.910000,11.910000,2.290000,3.840000,0.200000,94.680000,-3.310000,-9.860000,296.420013,65.519997,101274.257812,28.72,121.56,11.910000,PM10,8807
31.459999,39.529999,13.650000,13.640000,0.300000,83.260002,-6.300000,-4.590000,290.010010,69.919998,96323.531250,29.27,118.19,44.942856,PM2.5,9020
32.360001,42.610001,13.620000,14.700000,0.320000,81.839996,-5.070000,-5.220000,290.820007,69.860001,97913.437500,29.26,118.35,46.228573,PM2.5,9021
31.980000,43.520000,13.630000,15.120000,0.330000,82.699997,-5.570000,-5.460000,290.529999,70.379997,97068.476562,29.24,118.5,45.685715,PM2.5,9022
33.619999,46.549999,14.150000,16.320000,0.340000,83.070000,-6.190000,-5.490000,289.130005,74.940002,94622.296875,29.22,118.66,48.028568,PM2.5,9023
36.630001,51.439999,14.990000,19.389999,0.360000,80.709999,-5.070000,-5.680000,289.329987,75.459999,95067.210938,29.2,118.81,52.037502,PM2.5,9024
39.630001,57.040001,16.639999,24.170000,0.400000,77.690002,-3.640000,-5.590000,291.299988,70.040001,98090.679688,29.19,118.97,55.787502,PM2.5,9025
43.270000,63.419998,18.639999,29.020000,0.440000,74.949997,-3.150000,-4.790000,292.850006,66.150002,100732.226562,29.17,119.12,60.337502,PM2.5,9026
45.509998,67.760002,20.600000,32.459999,0.470000,72.959999,-3.140000,-3.810000,293.309998,65.449997,101619.789062,29.15,119.27,63.137497,PM2.5,9027
45.930000,69.339996,20.940001,32.970001,0.490000,72.839996,-3.210000,-3.440000,293.160004,66.040001,101247.976562,29.13,119.43,63.662498,PM2.5,9028
45.080002,68.769997,20.629999,32.590000,0.510000,72.769997,-3.190000,-4.020000,292.790009,67.839996,100625.031250,29.11,119.58,62.600002,PM2.5,9029
41.330002,63.599998,18.670000,30.340000,0.510000,71.889999,-2.950000,-5.210000,292.390015,70.440002,100054.796875,29.1,119.74,57.912502,PM2.5,9030
40.590000,62.779999,18.830000,31.139999,0.530000,69.779999,-2.680000,-6.030000,291.940002,72.720001,98994.156250,29.08,119.89,56.987499,PM2.5,9031
41.189999,64.559998,19.670000,33.320000,0.550000,67.419998,-2.130000,-6.120000,291.859985,73.540001,98645.703125,29.06,120.04,57.737499,PM2.5,9032
32.209999,50.310001,16.330000,29.540001,0.490000,69.169998,-1.860000,-5.680000,292.390015,72.199997,99359.882812,29.04,120.2,50.154999,PM10,9033
24.240000,36.740002,11.720000,23.080000,0.410000,73.389999,-2.710000,-5.730000,291.730011,73.309998,97665.968750,29.02,120.35,36.740002,PM10,9034
21.200001,31.510000,9.450000,19.650000,0.380000,76.559998,-3.800000,-6.950000,290.040009,77.949997,94497.828125,29.0,120.51,31.510000,PM10,9035
20.410000,30.150000,8.680000,19.600000,0.380000,77.139999,-3.700000,-7.920000,289.739990,79.589996,94068.710938,28.98,120.66,30.150000,PM10,9036
19.480000,28.910000,8.340000,20.809999,0.390000,75.680000,-2.560000,-7.520000,290.829987,77.370003,95930.882812,28.96,120.81,28.910000,PM10,9037
17.459999,26.049999,8.310000,21.510000,0.400000,76.349998,-2.000000,-6.510000,292.279999,72.769997,97742.273438,28.94,120.97,26.887501,NO2,9038
15.260000,22.570000,8.040000,20.270000,0.370000,80.269997,-2.360000,-7.220000,293.579987,69.269997,98833.351562,28.92,121.12,25.337502,NO2,9039
12.520000,20.139999,6.110000,16.320000,0.320000,81.570000,-2.450000,-8.810000,294.380005,69.169998,99712.242188,28.9,121.27,20.400000,NO2,9040
9.110000,15.280000,3.850000,10.140000,0.250000,88.830002,-2.580000,-8.980000,295.290009,67.769997,100344.671875,28.88,121.43,15.280000,PM10,9041
6.870000,11.870000,2.310000,4.160000,0.210000,94.470001,-3.480000,-9.430000,296.290009,66.080002,100993.812500,28.86,121.58,11.870000,PM10,9042
31.730000,37.790001,13.730000,13.660000,0.310000,84.459999,-6.240000,-3.760000,288.890015,71.870003,94463.773438,29.41,118.21,45.328571,PM2.5,9255
33.310001,43.310001,13.130000,14.470000,0.320000,80.830002,-5.170000,-4.500000,289.329987,73.849998,95915.593750,29.39,118.37,47.585716,PM2.5,9256
32.869999,44.349998,12.960000,15.100000,0.340000,80.489998,-4.590000,-4.500000,290.140015,73.120003,97695.742188,29.37,118.52,46.957142,PM2.5,9257
34.490002,47.639999,13.640000,16.730000,0.350000,80.320000,-4.610000,-3.590000,289.869995,74.720001,97086.726562,29.36,118.68,49.271431,PM2.5,9258
36.040001,50.919998,14.350000,18.799999,0.370000,79.510002,-4.080000,-3.840000,289.600006,75.699997,96362.453125,29.34,118.83,51.300003,PM2.5,9259
37.630001,54.580002,15.510000,22.240000,0.400000,77.809998,-3.340000,-4.820000,290.579987,72.570000,97517.406250,29.32,118.99,53.287502,PM2.5,9260
38.520000,57.459999,16.610001,25.190001,0.430000,76.400002,-3.240000,-5.530000,292.119995,67.870003,99274.460938,29.3,119.14,54.400002,PM2.5,9261
39.189999,59.790001,17.490000,27.280001,0.450000,74.739998,-3.420000,-5.600000,293.079987,65.510002,100513.328125,29.29,119.3,55.237499,PM2.5,9262
39.450001,61.160000,18.020000,28.320000,0.470000,73.809998,-3.770000,-5.310000,293.079987,65.389999,100171.000000,29.27,119.45,55.580002,PM10,9263
38.770000,60.810001,18.219999,28.790001,0.480000,73.470001,-4.130000,-5.380000,292.559998,67.040001,99095.312500,29.25,119.6,55.404999,PM10,9264
37.970001,60.099998,17.920000,29.270000,0.500000,71.389999,-3.800000,-6.090000,292.489990,69.169998,99547.968750,29.23,119.76,55.049999,PM10,9265
39.840000,63.060001,19.209999,32.200001,0.540000,68.110001,-2.880000,-6.410000,292.329987,71.379997,99776.546875,29.21,119.91,56.529999,PM10,9266
41.990002,67.000000,20.760000,35.360001,0.570000,65.550003,-1.980000,-6.120000,292.320007,72.230003,99567.796875,29.19,120.07,58.737503,PM2.5,9267
32.080002,51.110001,17.709999,31.110001,0.500000,67.190002,-1.980000,-5.920000,293.160004,69.779999,100040.953125,29.17,120.22,50.555000,PM10,9268
25.290001,39.349998,13.680000,25.910000,0.440000,70.629997,-3.070000,-5.790000,292.839996,70.279999,99101.757812,29.15,120.37,39.349998,PM10,9269
22.500000,33.919998,10.710000,21.920000,0.410000,73.589996,-4.050000,-6.570000,290.790009,76.669998,95877.687500,29.13,120.53,33.919998,PM10,9270
22.820000,33.740002,9.850000,22.600000,0.420000,73.309998,-3.190000,-7.140000,289.660004,81.290001,94380.992188,29.11,120.68,33.740002,PM10,9271
20.570000,30.639999,9.220000,23.110001,0.440000,73.000000,-1.500000,-6.540000,291.190002,76.330002,96730.218750,29.09,120.84,30.639999,PM10,9272
16.930000,25.559999,8.680000,21.760000,0.410000,75.720001,-2.100000,-6.660000,292.880005,70.500000,98137.921875,29.07,120.99,27.200001,NO2,9273
15.250000,23.330000,8.250000,20.650000,0.400000,78.120003,-3.360000,-7.910000,292.970001,71.000000,97859.226562,29.05,121.14,25.812500,NO2,9274
13.320000,21.299999,7.070000,18.719999,0.360000,79.519997,-2.880000,-8.850000,293.779999,71.250000,99035.609375,29.03,121.3,23.400000,NO2,9275
9.250000,15.530000,4.440000,11.820000,0.260000,88.320000,-2.690000,-9.570000,295.290009,68.459999,100296.148438,29.01,121.45,15.530000,PM10,9276
6.740000,11.600000,2.540000,4.760000,0.200000,94.360001,-3.530000,-9.950000,296.279999,66.180000,100971.367188,28.99,121.6,11.600000,PM10,9277
30.559999,41.759998,12.400000,14.480000,0.340000,80.730003,-4.330000,-3.520000,290.160004,71.040001,97174.226562,29.51,118.54,43.657143,PM2.5,9492
30.650000,43.540001,13.010000,15.990000,0.350000,80.779999,-3.700000,-2.920000,291.399994,69.000000,99430.796875,29.49,118.7,43.785713,PM2.5,9493
31.799999,46.459999,13.710000,18.110001,0.380000,79.540001,-3.880000,-3.330000,291.630005,69.150002,99419.007812,29.47,118.85,46.459999,PM10,9494
34.040001,50.549999,14.600000,20.870001,0.400000,77.889999,-4.060000,-4.370000,291.369995,70.230003,98609.257812,29.46,119.01,50.275002,PM10,9495
35.330002,53.430000,15.150000,22.799999,0.420000,76.779999,-3.900000,-5.060000,291.420013,70.180000,98437.882812,29.44,119.16,51.715000,PM10,9496
35.290001,54.669998,15.470000,23.920000,0.440000,75.760002,-3.620000,-5.770000,292.049988,68.839996,99229.773438,29.42,119.32,52.334999,PM10,9497
35.549999,56.090000,15.930000,25.110001,0.450000,74.199997,-3.590000,-5.830000,292.299988,68.290001,99489.781250,29.4,119.47,53.044998,PM10,9498
34.630001,55.680000,16.250000,26.020000,0.460000,73.269997,-4.040000,-5.930000,292.320007,67.489998,98781.203125,29.38,119.63,52.840000,PM10,9499
35.160000,57.230000,17.219999,28.530001,0.480000,71.099998,-4.100000,-6.570000,292.549988,67.709999,99016.226562,29.36,119.78,53.614998,PM10,9500
37.779999,61.529999,19.299999,32.779999,0.530000,67.150002,-3.070000,-6.950000,292.950012,68.500000,100135.218750,29.35,119.93,55.764999,PM10,9501
42.060001,68.790001,21.760000,37.580002,0.600000,63.700001,-2.150000,-6.620000,292.920013,70.160004,100397.210938,29.33,120.09,59.395000,PM10,9502
33.119999,53.549999,19.230000,32.880001,0.530000,65.330002,-2.450000,-6.750000,292.980011,70.400002,99599.726562,29.31,120.24,51.775002,PM10,9503
27.020000,42.759998,15.780000,28.730000,0.470000,67.750000,-3.500000,-6.740000,292.660004,71.440002,98788.906250,29.29,120.4,42.759998,PM10,9504
23.629999,36.200001,12.080000,24.260000,0.440000,70.680000,-3.890000,-6.490000,291.299988,75.980003,96953.210938,29.27,120.55,36.200001,PM10,9505
24.549999,36.740002,11.220000,26.170000,0.480000,69.599998,-2.580000,-6.190000,290.549988,78.790001,95977.578125,29.25,120.71,36.740002,PM10,9506
20.709999,31.160000,10.070000,24.660000,0.470000,71.559998,-1.620000,-5.900000,291.510010,75.529999,97346.289062,29.23,120.86,31.160000,PM10,9507
17.160000,25.930000,9.270000,22.459999,0.440000,74.669998,-2.860000,-7.020000,291.850006,74.389999,96718.687500,29.21,121.01,28.074999,NO2,9508
16.080000,24.160000,9.150000,22.250000,0.440000,76.610001,-3.560000,-8.090000,291.600006,76.050003,96153.906250,29.19,121.17,27.812500,NO2,9509
14.590000,23.360001,8.290000,21.840000,0.410000,76.370003,-2.660000,-8.540000,293.709991,71.360001,98978.101562,29.17,121.32,27.299999,NO2,9510
5.180000,9.520000,1.340000,0.990000,0.180000,100.629997,-5.380000,-11.480000,297.000000,67.620003,101252.921875,29.08,121.94,9.520000,PM10,9511
27.700001,40.310001,12.310000,15.450000,0.350000,80.709999,-4.820000,-3.300000,291.279999,66.900002,97999.671875,29.63,118.72,40.310001,PM10,9730
28.330000,42.560001,12.910000,17.280001,0.370000,79.809998,-4.730000,-4.340000,292.070007,66.169998,99160.343750,29.61,118.87,42.560001,PM10,9731
31.020000,47.250000,13.820000,20.190001,0.400000,77.589996,-4.380000,-5.040000,291.989990,68.220001,99283.406250,29.59,119.03,47.250000,PM10,9732
32.820000,50.669998,14.420000,22.320000,0.420000,76.570000,-4.230000,-5.030000,291.739990,69.199997,98809.703125,29.57,119.18,50.334999,PM10,9733
33.380001,52.599998,14.820000,23.910000,0.440000,75.330002,-4.000000,-5.730000,291.899994,69.290001,98898.421875,29.55,119.34,51.299999,PM10,9734
34.509998,55.419998,15.510000,25.740000,0.460000,73.110001,-3.750000,-5.950000,292.220001,68.839996,99534.343750,29.54,119.49,52.709999,PM10,9735
34.720001,56.619999,15.930000,26.700001,0.470000,71.839996,-4.170000,-6.350000,291.839996,69.400002,98405.656250,29.52,119.65,53.309998,PM10,9736
34.360001,56.669998,16.620001,28.379999,0.480000,70.250000,-4.190000,-7.070000,291.709991,69.849998,97805.773438,29.5,119.8,53.334999,PM10,9737
36.520000,60.709999,18.790001,33.020000,0.540000,65.559998,-3.180000,-7.480000,292.739990,68.419998,99707.046875,29.48,119.96,55.355000,PM10,9738
40.040001,67.379997,21.469999,36.889999,0.590000,62.790001,-2.520000,-7.200000,292.679993,70.629997,100112.953125,29.46,120.11,58.689999,PM10,9739
35.270000,57.619999,21.059999,34.439999,0.550000,63.470001,-2.630000,-6.890000,291.399994,76.260002,97957.390625,29.44,120.27,53.809998,PM10,9740
29.219999,46.750000,18.250000,31.320000,0.500000,65.160004,-2.920000,-7.090000,291.519989,76.000000,97428.773438,29.42,120.42,46.750000,PM10,9741
24.020000,37.639999,13.470000,26.209999,0.470000,68.019997,-3.000000,-6.440000,292.089996,74.199997,98146.867188,29.4,120.57,37.639999,PM10,9742
24.540001,37.689999,12.740000,28.639999,0.520000,67.300003,-2.240000,-5.560000,291.950012,74.410004,98116.453125,29.38,120.73,37.689999,PM10,9743
20.510000,31.580000,11.180000,26.379999,0.510000,69.720001,-2.100000,-5.290000,292.269989,73.430000,98286.273438,29.36,120.88,32.974998,NO2,9744
17.459999,26.540001,10.070000,23.740000,0.490000,72.489998,-3.370000,-6.410000,291.809998,75.370003,96833.492188,29.34,121.04,29.674999,NO2,9745
17.059999,24.670000,10.450000,24.450001,0.500000,74.980003,-3.420000,-7.290000,291.070007,78.849998,95667.992188,29.32,121.19,30.562500,NO2,9746
16.260000,25.920000,9.810000,25.250000,0.500000,72.650002,-2.160000,-8.010000,293.309998,72.739998,98543.390625,29.3,121.34,31.562500,NO2,9747
11.190000,18.950001,6.840000,19.120001,0.350000,80.360001,-2.150000,-8.960000,295.660004,66.279999,100989.218750,29.28,121.5,23.900002,NO2,9748
7.950000,13.780000,3.830000,9.640000,0.280000,90.449997,-3.210000,-9.410000,296.190002,66.290001,101039.546875,29.26,121.65,13.780000,PM10,9749
6.190000,11.080000,2.020000,2.690000,0.230000,97.190002,-4.490000,-10.100000,296.630005,66.470001,101178.156250,29.24,121.81,11.080000,PM10,9750
27.459999,41.470001,12.330000,16.790001,0.370000,80.220001,-5.680000,-5.160000,290.839996,68.220001,97099.570312,29.74,118.89,41.470001,PM10,9971
29.930000,46.070000,13.280000,19.950001,0.400000,77.580002,-4.480000,-5.840000,291.649994,68.320000,98568.210938,29.73,119.05,46.070000,PM10,9972
32.060001,50.130001,14.010000,22.709999,0.430000,75.980003,-4.300000,-5.610000,291.679993,69.099998,98720.093750,29.71,119.2,50.065002,PM10,9973
33.220001,52.650002,14.500000,24.650000,0.450000,74.820000,-4.280000,-5.930000,291.190002,71.599998,97939.460938,29.69,119.36,51.325001,PM10,9974
34.660000,55.959999,15.240000,27.040001,0.480000,72.089996,-3.940000,-6.000000,291.480011,71.570000,98697.398438,29.67,119.51,52.980000,PM10,9975
36.540001,60.080002,15.720000,28.330000,0.500000,69.459999,-4.210000,-6.100000,290.850006,74.150002,97911.648438,29.65,119.67,55.040001,PM10,9976
36.380001,60.240002,16.260000,29.530001,0.510000,67.760002,-3.930000,-6.730000,290.260010,75.730003,96438.296875,29.63,119.82,55.120003,PM10,9977
36.470001,60.639999,18.190001,33.169998,0.550000,64.540001,-2.820000,-7.240000,291.790009,71.000000,98377.976562,29.61,119.98,55.320000,PM10,9978
38.650002,66.980003,20.700001,36.770000,0.600000,60.959999,-2.180000,-7.230000,292.859985,69.949997,100529.546875,29.6,120.13,58.490002,PM10,9979
36.090000,60.610001,22.709999,36.849998,0.580000,60.919998,-2.290000,-6.120000,292.010010,74.410004,99315.007812,29.58,120.29,55.305000,PM10,9980
30.389999,49.630001,20.430000,34.110001,0.530000,62.080002,-2.440000,-6.640000,291.660004,76.110001,97931.203125,29.56,120.44,49.630001,PM10,9981
23.840000,38.270000,14.660000,27.270000,0.480000,66.519997,-2.410000,-6.620000,292.660004,72.500000,98677.593750,29.54,120.6,38.270000,PM10,9982
23.750000,37.660000,14.090000,29.790001,0.540000,65.919998,-2.140000,-5.790000,293.429993,69.320000,99806.820312,29.52,120.75,37.660000,PM10,9983
20.080000,31.950001,12.210000,27.379999,0.540000,68.379997,-2.630000,-5.240000,293.980011,67.889999,99996.593750,29.5,120.91,34.224998,NO2,9984
17.290001,27.059999,10.730000,24.530001,0.510000,71.300003,-4.060000,-6.020000,293.040009,71.459999,98288.437500,29.48,121.06,30.662500,NO2,9985
18.320000,27.139999,11.760000,27.430000,0.560000,71.519997,-3.750000,-6.630000,291.730011,77.300003,96668.960938,29.46,121.21,34.287498,NO2,9986
17.629999,27.790001,10.970000,27.770000,0.580000,71.099998,-2.340000,-7.350000,293.190002,73.959999,98544.750000,29.43,121.37,34.712502,NO2,9987
12.190000,21.340000,7.350000,21.129999,0.420000,80.660004,-2.420000,-8.620000,295.420013,68.790001,100521.429688,29.41,121.52,26.412498,NO2,9988
9.050000,15.610000,4.670000,12.210000,0.340000,84.269997,-3.020000,-8.260000,295.130005,67.419998,100228.226562,29.39,121.68,15.610000,PM10,9989
6.780000,11.820000,2.510000,3.850000,0.270000,93.029999,-3.870000,-9.010000,295.799988,67.110001,100508.382812,29.37,121.83,11.820000,PM10,9990
28.100000,42.169998,12.000000,16.889999,0.380000,79.629997,-6.480000,-5.370000,289.339996,72.370003,95197.773438,29.88,118.91,42.169998,PM10,10212
30.160000,46.439999,12.800000,19.879999,0.410000,76.839996,-4.520000,-5.860000,290.390015,71.489998,96973.218750,29.86,119.07,46.439999,PM10,10213
31.959999,50.459999,13.770000,23.260000,0.440000,75.080002,-3.990000,-5.790000,291.130005,70.300003,98164.156250,29.84,119.22,50.230000,PM10,10214
33.529999,53.689999,14.490000,25.990000,0.470000,73.699997,-4.000000,-5.590000,290.769989,73.000000,97666.640625,29.82,119.38,51.845001,PM10,10215
34.549999,55.830002,15.480000,28.950001,0.500000,71.709999,-3.510000,-5.420000,291.239990,72.360001,98379.101562,29.81,119.53,52.915001,PM10,10216
37.480000,63.290001,15.870000,30.860001,0.530000,67.000000,-3.670000,-5.130000,291.390015,73.010002,99188.390625,29.79,119.69,56.645000,PM10,10217
38.680000,65.889999,16.440001,32.029999,0.550000,64.650002,-3.670000,-5.510000,290.540009,76.040001,97609.757812,29.77,119.85,57.945000,PM10,10218
38.730000,63.299999,18.420000,34.930000,0.580000,63.020000,-2.480000,-6.300000,290.989990,74.309998,97697.117188,29.75,120.0,56.650002,PM10,10219
37.990002,67.599998,20.500000,37.299999,0.600000,59.880001,-1.650000,-6.860000,293.070007,68.860001,100668.421875,29.73,120.16,58.799999,PM10,10220
34.480000,59.980000,22.620001,37.700001,0.580000,59.840000,-2.230000,-6.230000,293.500000,68.989998,101065.789062,29.71,120.31,54.989998,PM10,10221
29.670000,49.669998,21.030001,35.270000,0.530000,60.610001,-2.710000,-6.580000,292.329987,73.910004,98834.070312,29.69,120.46,49.669998,PM10,10222
23.680000,38.709999,15.460000,27.860001,0.480000,65.660004,-2.380000,-6.650000,292.519989,73.720001,98580.460938,29.67,120.62,38.709999,PM10,10223
22.500000,36.480000,14.050000,28.730000,0.530000,66.010002,-2.310000,-6.140000,293.809998,67.870003,99971.718750,29.65,120.77,36.480000,PM10,10224
19.290001,31.450001,12.170000,26.340000,0.520000,68.699997,-3.430000,-6.120000,293.970001,67.529999,99336.617188,29.63,120.93,32.924999,NO2,10225
17.080000,27.490000,10.880000,24.170000,0.510000,71.510002,-4.680000,-6.690000,292.619995,73.080002,97530.898438,29.61,121.08,30.212500,NO2,10226
19.120001,29.360001,12.690000,29.629999,0.600000,69.230003,-3.970000,-6.560000,292.670013,74.699997,97895.656250,29.59,121.24,37.037498,NO2,10227
19.030001,33.119999,11.690000,30.000000,0.640000,67.050003,-2.430000,-6.930000,294.130005,70.809998,99880.453125,29.57,121.39,37.500000,NO2,10228
13.880000,24.389999,8.090000,20.799999,0.510000,75.070000,-2.350000,-7.480000,295.160004,67.010002,100810.226562,29.55,121.55,26.000000,NO2,10229
8.350000,14.510000,3.780000,8.460000,0.330000,86.720001,-3.360000,-7.960000,295.410004,67.849998,100551.437500,29.53,121.7,14.510000,PM10,10230
6.500000,11.420000,2.280000,3.270000,0.250000,93.980003,-4.250000,-9.140000,295.929993,67.739998,100648.171875,29.51,121.86,11.420000,PM10,10231
29.049999,43.740002,11.900000,17.620001,0.400000,78.320000,-6.250000,-4.780000,288.299988,76.250000,93836.007812,30.01,118.93,43.740002,PM10,10453
30.040001,46.740002,12.520000,20.530001,0.430000,75.489998,-4.360000,-5.040000,289.880005,72.349998,96282.062500,29.99,119.09,46.740002,PM10,10454
30.680000,49.419998,13.370000,23.620001,0.460000,74.180000,-3.760000,-5.280000,291.160004,69.029999,98123.500000,29.98,119.25,49.419998,PM10,10455
31.889999,52.759998,14.290000,26.760000,0.480000,72.669998,-3.790000,-5.040000,291.470001,69.540001,98607.117188,29.96,119.4,51.379997,PM10,10456
34.110001,58.119999,15.470000,30.440001,0.520000,69.519997,-3.440000,-5.190000,291.880005,69.779999,99148.750000,29.94,119.56,54.059998,PM10,10457
36.310001,63.740002,16.360001,33.029999,0.550000,65.629997,-3.270000,-5.020000,292.570007,68.820000,100378.726562,29.92,119.71,56.870003,PM10,10458
38.810001,69.260002,17.090000,34.580002,0.590000,62.259998,-3.410000,-4.960000,292.179993,70.820000,100092.398438,29.9,119.87,59.630001,PM10,10459
41.230000,75.059998,18.540001,36.970001,0.630000,59.730000,-2.700000,-5.530000,291.700012,72.480003,99093.320312,29.88,120.02,62.529999,PM10,10460
38.049999,69.160004,20.570000,38.209999,0.610000,59.189999,-1.990000,-6.340000,292.839996,69.459999,100346.906250,29.86,120.18,59.580002,PM10,10461
34.570000,61.349998,22.410000,38.990002,0.590000,59.070000,-2.570000,-6.650000,293.440002,68.800003,100767.039062,29.84,120.33,55.674999,PM10,10462
29.420000,50.419998,21.270000,36.779999,0.540000,59.630001,-2.780000,-6.780000,292.750000,72.500000,99528.453125,29.83,120.49,50.209999,PM10,10463
22.879999,38.590000,15.830000,28.610001,0.480000,65.510002,-2.340000,-6.390000,293.350006,71.559998,99678.757812,29.81,120.64,38.590000,PM10,10464
20.389999,33.779999,12.560000,25.910000,0.480000,67.820000,-2.760000,-5.970000,294.309998,66.980003,100564.312500,29.79,120.8,33.779999,PM10,10465
18.600000,30.770000,11.180000,24.469999,0.490000,69.720001,-4.090000,-6.610000,293.100006,70.790001,98425.750000,29.77,120.95,30.770000,PM10,10466
17.420000,28.629999,10.670000,23.950001,0.500000,71.660004,-4.670000,-7.010000,291.160004,79.040001,95798.867188,29.74,121.11,29.937500,NO2,10467
19.650000,31.290001,13.140000,31.450001,0.600000,68.220001,-3.770000,-6.480000,292.760010,74.720001,97872.453125,29.72,121.26,39.312500,NO2,10468
19.920000,35.459999,12.880000,33.410000,0.660000,66.000000,-2.960000,-6.850000,295.190002,67.870003,100948.890625,29.7,121.42,41.762501,NO2,10469
16.510000,29.500000,10.440000,26.680000,0.590000,72.080002,-3.070000,-6.980000,295.529999,66.870003,101033.593750,29.68,121.57,33.349998,NO2,10470
8.510000,14.880000,4.080000,9.030000,0.320000,86.610001,-3.870000,-7.560000,295.549988,67.180000,100711.046875,29.66,121.73,14.880000,PM10,10471
5.660000,9.920000,1.690000,1.560000,0.200000,97.970001,-5.300000,-9.860000,296.850006,66.500000,101471.453125,29.62,122.03,9.920000,PM10,10472
29.580000,45.119999,11.900000,18.590000,0.430000,76.559998,-5.480000,-4.110000,288.630005,76.589996,94360.750000,30.15,118.95,45.119999,PM10,10694
29.420000,46.310001,12.310000,20.809999,0.450000,75.220001,-4.400000,-4.620000,289.890015,72.230003,96090.062500,30.13,119.11,46.310001,PM10,10695
28.850000,47.299999,12.920000,23.459999,0.460000,73.989998,-3.970000,-4.770000,291.420013,67.290001,98140.703125,30.11,119.27,47.299999,PM10,10696
28.330000,48.619999,13.820000,26.400000,0.480000,72.620003,-4.080000,-4.860000,292.730011,63.669998,99711.882812,30.09,119.42,48.619999,PM10,10697
30.629999,54.020000,15.320000,30.430000,0.510000,69.680000,-3.870000,-5.620000,292.950012,64.680000,100082.406250,30.07,119.58,52.010002,PM10,10698
34.970001,63.049999,17.000000,34.560001,0.560000,65.010002,-3.260000,-5.760000,292.970001,66.639999,100379.210938,30.06,119.73,56.525002,PM10,10699
38.880001,71.570000,18.410000,37.040001,0.610000,61.020000,-3.110000,-5.330000,292.899994,68.110001,100580.140625,30.04,119.89,60.785000,PM10,10700
42.560001,80.440002,20.040001,40.220001,0.670000,57.930000,-2.880000,-5.400000,292.790009,68.930000,100478.671875,30.02,120.04,65.220001,PM10,10701
39.470001,73.449997,22.010000,41.180000,0.650000,58.180000,-2.570000,-5.920000,293.079987,68.540001,100571.140625,30.0,120.2,61.724998,PM10,10702
35.130001,63.529999,23.379999,41.660000,0.600000,58.889999,-2.840000,-6.280000,293.450012,68.199997,100535.078125,29.98,120.36,56.764999,PM10,10703
29.080000,51.150002,21.639999,39.070000,0.550000,59.099998,-2.820000,-6.720000,293.670013,69.269997,100772.328125,29.96,120.51,50.575001,PM10,10704
21.620001,37.549999,15.480000,28.540001,0.460000,67.099998,-2.760000,-6.620000,294.670013,67.449997,101138.453125,29.94,120.67,37.549999,PM10,10705
19.150000,32.450001,11.650000,24.440001,0.450000,70.050003,-3.510000,-6.090000,295.089996,64.839996,101190.343750,29.92,120.82,32.450001,PM10,10706
18.570000,31.290001,10.430000,24.049999,0.470000,69.940002,-4.460000,-6.180000,293.839996,68.830002,99555.937500,29.9,120.98,31.290001,PM10,10707
18.150000,30.799999,10.220000,24.870001,0.500000,70.309998,-4.410000,-6.450000,292.269989,75.839996,97457.609375,29.88,121.13,31.087502,NO2,10708
19.340000,32.619999,12.350000,30.990000,0.580000,68.760002,-3.670000,-6.090000,293.420013,72.860001,98737.406250,29.86,121.29,38.737499,NO2,10709
19.840000,36.029999,13.080000,34.110001,0.630000,67.089996,-3.540000,-6.830000,295.570007,66.809998,101214.882812,29.84,121.44,42.637501,NO2,10710
19.850000,36.040001,13.660000,35.200001,0.680000,67.699997,-3.780000,-7.270000,295.760010,66.830002,101291.062500,29.82,121.6,44.000000,NO2,10711
9.010000,15.720000,4.910000,11.430000,0.320000,84.900002,-4.060000,-7.140000,295.500000,67.699997,100743.062500,29.8,121.75,15.720000,PM10,10712
6.650000,11.550000,2.670000,4.210000,0.240000,93.839996,-4.420000,-8.530000,296.149994,67.540001,101113.421875,29.77,121.9,11.550000,PM10,10713
29.990000,46.389999,11.970000,19.209999,0.460000,75.320000,-5.330000,-3.700000,288.970001,76.260002,94968.843750,30.28,118.98,46.389999,PM10,10936
30.110001,47.349998,12.270000,21.120001,0.470000,74.500000,-4.360000,-4.050000,288.959991,76.820000,95051.421875,30.26,119.13,47.349998,PM10,10937
28.650000,46.970001,12.670000,23.420000,0.480000,73.220001,-4.080000,-4.580000,290.730011,69.830002,97072.476562,30.25,119.29,46.970001,PM10,10938
27.580000,47.110001,13.260000,25.610001,0.480000,72.389999,-4.670000,-5.520000,292.049988,64.919998,98346.656250,30.23,119.44,47.110001,PM10,10939
29.080000,51.099998,14.380000,29.360001,0.510000,69.930000,-4.250000,-6.330000,292.489990,64.860001,99233.242188,30.21,119.6,50.549999,PM10,10940
33.189999,60.150002,16.320000,34.660000,0.560000,65.190002,-3.080000,-6.280000,292.899994,65.989998,100308.953125,30.19,119.76,55.075001,PM10,10941
37.730000,70.480003,18.520000,38.110001,0.620000,60.939999,-2.750000,-5.700000,293.059998,67.089996,100684.718750,30.17,119.91,60.240002,PM10,10942
42.529999,82.260002,20.860001,42.230000,0.690000,56.990002,-2.890000,-5.600000,293.510010,66.309998,101191.687500,30.15,120.07,66.130005,PM10,10943
38.119999,72.239998,22.150000,42.599998,0.650000,58.930000,-2.850000,-5.750000,293.790009,65.980003,101286.132812,30.13,120.22,61.119999,PM10,10944
33.980000,62.209999,23.500000,43.669998,0.600000,59.889999,-3.030000,-5.670000,294.070007,65.980003,101098.937500,30.11,120.38,56.105000,PM10,10945
28.299999,50.090000,22.150000,40.189999,0.540000,60.310001,-3.200000,-6.330000,294.420013,66.089996,101494.523438,30.09,120.53,50.237499,NO2,10946
20.850000,36.660000,15.930000,28.490000,0.440000,69.000000,-3.500000,-7.610000,295.200012,66.519997,101683.992188,30.07,120.69,36.660000,PM10,10947
18.490000,31.870001,11.960000,23.930000,0.420000,73.190002,-4.100000,-6.940000,295.420013,65.029999,101425.359375,30.05,120.84,31.870001,PM10,10948
18.700001,31.920000,10.510000,24.160000,0.450000,71.779999,-4.560000,-5.580000,295.130005,64.510002,101044.882812,30.03,121.0,31.920000,PM10,10949
17.270000,30.209999,8.870000,22.180000,0.460000,72.720001,-4.320000,-6.070000,294.790009,67.089996,100637.437500,30.01,121.15,30.209999,PM10,10950
14.590000,26.000000,7.390000,18.799999,0.440000,76.900002,-4.100000,-6.090000,295.100006,67.290001,100741.539062,29.99,121.31,26.000000,PM10,10951
14.340000,25.750000,8.190000,20.030001,0.450000,78.150002,-4.520000,-7.030000,295.850006,66.169998,101337.226562,29.97,121.46,25.750000,PM10,10952
14.220000,25.549999,8.950000,21.350000,0.470000,79.239998,-4.760000,-7.960000,296.160004,66.459999,101508.921875,29.95,121.62,26.687500,NO2,10953
7.720000,13.240000,3.850000,7.880000,0.270000,88.470001,-4.710000,-7.790000,296.029999,66.910004,101300.968750,29.93,121.77,13.240000,PM10,10954
6.370000,10.800000,2.550000,3.140000,0.230000,91.910004,-4.710000,-7.860000,296.029999,66.750000,101134.523438,29.89,122.08,10.800000,PM10,10955
5.340000,9.420000,1.430000,0.980000,0.190000,100.339996,-6.530000,-10.040000,296.859985,67.150002,101312.429688,29.84,122.39,9.420000,PM10,10956
29.980000,49.220001,13.010000,25.320000,0.500000,70.900002,-5.070000,-5.400000,289.329987,75.699997,95174.750000,30.36,119.46,49.220001,PM10,11185
30.320000,51.410000,13.690000,28.799999,0.510000,68.800003,-3.790000,-5.830000,290.410004,72.250000,96681.421875,30.34,119.62,50.705002,PM10,11186
31.459999,56.770000,15.410000,34.389999,0.550000,65.300003,-2.520000,-5.970000,292.769989,65.900002,100197.023438,30.33,119.78,53.385002,PM10,11187
35.439999,66.760002,18.160000,38.830002,0.610000,61.369999,-2.520000,-6.010000,293.720001,64.089996,101436.093750,30.31,119.93,58.380001,PM10,11188
41.610001,80.970001,21.660000,43.700001,0.690000,56.709999,-2.910000,-5.910000,293.940002,64.190002,101506.062500,30.29,120.09,65.485001,PM10,11189
33.669998,63.160000,19.910000,41.380001,0.610000,61.779999,-3.000000,-5.860000,294.220001,64.110001,101669.296875,30.27,120.24,56.580002,PM10,11190
28.990000,51.360001,20.590000,41.759998,0.550000,63.630001,-3.110000,-5.990000,294.779999,63.910000,101654.343750,30.25,120.4,52.199997,NO2,11191
25.410000,43.189999,21.010000,38.049999,0.500000,63.919998,-3.450000,-6.320000,294.720001,64.800003,101672.273438,30.23,120.56,47.562500,NO2,11192
14.790000,24.420000,8.870000,17.760000,0.360000,80.349998,-4.870000,-6.260000,295.910004,62.669998,101642.312500,30.17,121.02,24.420000,PM10,11193
13.870000,24.010000,6.640000,15.390000,0.370000,79.099998,-4.770000,-6.190000,295.700012,63.910000,101592.781250,30.15,121.18,24.010000,PM10,11194
10.030000,17.139999,3.850000,8.380000,0.310000,85.269997,-4.740000,-6.640000,295.750000,65.209999,101316.250000,30.13,121.33,17.139999,PM10,11195
7.710000,12.880000,2.640000,4.230000,0.240000,90.400002,-5.360000,-7.650000,296.059998,65.629997,101373.921875,30.11,121.49,12.880000,PM10,11196
6.600000,11.140000,2.760000,3.630000,0.230000,92.190002,-5.480000,-8.250000,296.019989,68.099998,101145.671875,30.02,122.11,11.140000,PM10,11197
5.650000,9.710000,1.630000,1.190000,0.200000,95.900002,-5.750000,-8.990000,296.239990,67.849998,101129.609375,30.0,122.26,9.710000,PM10,11198
30.000000,49.450001,13.430000,25.230000,0.530000,70.099998,-4.600000,-3.740000,290.470001,73.370003,97681.710938,30.52,119.33,49.450001,PM10,11427
30.990000,51.099998,13.570000,27.059999,0.530000,68.900002,-4.140000,-3.720000,289.679993,76.519997,96498.382812,30.5,119.49,50.549999,PM10,11428
30.860001,52.250000,13.980000,29.950001,0.530000,67.309998,-2.900000,-3.890000,290.440002,73.480003,97276.273438,30.48,119.64,51.125000,PM10,11429
29.910000,53.320000,14.790000,33.980000,0.540000,65.540001,-2.500000,-5.090000,292.350006,67.150002,99619.226562,30.46,119.8,51.660000,PM10,11430
32.360001,60.439999,17.209999,38.869999,0.590000,62.410000,-2.740000,-5.900000,293.690002,63.650002,101190.726562,30.44,119.95,55.220001,PM10,11431
38.150002,73.129997,20.709999,42.990002,0.660000,58.480000,-2.860000,-6.060000,293.989990,63.509998,101558.289062,30.42,120.11,61.564999,PM10,11432
30.160000,55.490002,17.629999,39.720001,0.580000,63.560001,-3.160000,-5.970000,294.200012,63.400002,101683.953125,30.4,120.27,52.745003,PM10,11433
27.049999,48.980000,17.860001,39.630001,0.540000,66.250000,-3.560000,-6.380000,294.709991,65.010002,101692.796875,30.38,120.42,49.537502,NO2,11434
25.860001,44.970001,20.219999,38.950001,0.520000,65.169998,-3.620000,-6.210000,294.630005,65.279999,101688.226562,30.36,120.58,48.687500,NO2,11435
9.850000,16.110001,5.030000,8.510000,0.270000,86.449997,-5.710000,-6.900000,295.859985,63.549999,101575.570312,30.28,121.2,16.110001,PM10,11436
8.190000,13.230000,3.140000,4.980000,0.240000,89.250000,-5.620000,-7.360000,295.890015,65.349998,101454.953125,30.26,121.36,13.230000,PM10,11437
30.129999,50.790001,14.290000,27.379999,0.570000,68.220001,-4.140000,-3.060000,290.660004,73.160004,98220.546875,30.65,119.35,50.395000,PM10,11666
29.870001,51.130001,14.710000,30.090000,0.560000,66.970001,-2.790000,-2.570000,291.480011,71.330002,99666.492188,30.63,119.51,50.565002,PM10,11667
28.959999,50.369999,14.600000,31.930000,0.550000,66.209999,-2.610000,-2.810000,292.130005,68.910004,100194.710938,30.61,119.66,50.184998,PM10,11668
27.059999,47.840000,14.070000,32.580002,0.520000,66.430000,-3.270000,-4.450000,292.359985,67.180000,99488.609375,30.59,119.82,47.840000,PM10,11669
26.879999,48.270000,14.390000,34.570000,0.530000,65.510002,-3.280000,-5.340000,293.290009,64.790001,100511.218750,30.58,119.98,48.270000,PM10,11670
28.190001,51.380001,15.720000,38.110001,0.550000,63.750000,-3.050000,-5.800000,294.140015,62.820000,101625.343750,30.56,120.13,50.690002,PM10,11671
29.680000,53.840000,17.440001,39.639999,0.590000,63.560001,-3.040000,-5.930000,294.160004,62.490002,101698.773438,30.54,120.29,51.919998,PM10,11672
31.090000,55.720001,20.059999,40.049999,0.620000,63.619999,-2.820000,-6.000000,293.929993,61.610001,101660.531250,30.52,120.45,52.860001,PM10,11673
30.770000,52.209999,23.629999,40.360001,0.620000,63.919998,-2.680000,-5.550000,294.100006,61.200001,101656.437500,30.5,120.6,51.105000,PM10,11674
28.340000,49.230000,23.309999,39.029999,0.600000,62.020000,-2.750000,-5.940000,293.809998,63.450001,101630.046875,30.48,120.76,49.230000,PM10,11675
21.340000,35.410000,18.530001,33.200001,0.450000,65.940002,-3.460000,-6.420000,294.290009,64.529999,101641.179688,30.46,120.91,41.500000,NO2,11676
6.130000,9.960000,2.240000,1.770000,0.190000,94.059998,-5.970000,-8.370000,296.200012,67.099998,101468.703125,30.29,122.16,9.960000,PM10,11677
5.630000,9.500000,1.500000,0.690000,0.180000,98.639999,-6.490000,-9.550000,296.540009,68.660004,101476.898438,30.27,122.32,9.500000,PM10,11678
28.530001,50.400002,15.380000,32.330002,0.580000,65.540001,-3.000000,-2.820000,292.440002,68.180000,100617.296875,30.77,119.53,50.200001,PM10,11910
26.549999,47.639999,15.010000,33.400002,0.550000,65.400002,-3.300000,-3.150000,293.269989,65.540001,101428.117188,30.75,119.69,47.639999,PM10,11911
25.139999,45.459999,14.350000,33.299999,0.520000,66.320000,-3.990000,-4.220000,293.140015,65.230003,100312.382812,30.73,119.84,45.459999,PM10,11912
25.260000,45.730000,14.280000,34.189999,0.520000,66.459999,-3.900000,-4.910000,293.440002,64.360001,100460.273438,30.71,120.0,45.730000,PM10,11913
26.209999,47.669998,15.090000,36.590000,0.540000,65.360001,-3.610000,-5.440000,294.329987,62.230000,101552.226562,30.69,120.16,47.669998,PM10,11914
28.570000,51.689999,17.059999,39.700001,0.580000,64.260002,-3.590000,-5.770000,294.450012,62.270000,101738.781250,30.67,120.31,50.845001,PM10,11915
30.670000,54.930000,19.770000,40.779999,0.620000,64.790001,-3.460000,-5.820000,294.299988,62.410000,101652.187500,30.65,120.47,52.465000,PM10,11916
31.410000,54.549999,23.120001,41.349998,0.650000,65.400002,-3.090000,-5.660000,294.359985,61.619999,101643.882812,30.63,120.63,52.275002,PM10,11917
30.049999,52.889999,24.219999,40.169998,0.660000,64.330002,-2.920000,-5.770000,294.149994,63.000000,101631.593750,30.61,120.78,51.445000,PM10,11918
26.360001,45.040001,23.110001,40.480000,0.590000,64.580002,-3.340000,-5.790000,294.320007,63.580002,101637.390625,30.59,120.94,50.599998,NO2,11919
24.900000,45.959999,15.520000,34.250000,0.560000,64.669998,-4.190000,-4.010000,293.799988,63.869999,101224.687500,30.88,119.71,45.959999,PM10,12153
23.299999,43.360001,14.860000,33.810001,0.530000,66.160004,-4.460000,-4.340000,294.100006,62.660000,101278.390625,30.86,119.86,43.360001,PM10,12154
23.490000,43.459999,14.450000,33.540001,0.520000,67.769997,-4.490000,-4.810000,294.299988,61.970001,101256.171875,30.85,120.02,43.459999,PM10,12155
24.629999,45.310001,14.780000,34.730000,0.530000,67.989998,-4.260000,-5.590000,294.649994,61.619999,101580.500000,30.83,120.18,45.310001,PM10,12156
27.100000,49.340000,16.510000,38.650002,0.570000,65.570000,-4.000000,-5.890000,294.720001,61.430000,101758.132812,30.81,120.34,49.340000,PM10,12157
30.730000,54.860001,21.850000,41.150002,0.650000,65.820000,-3.650000,-5.940000,294.320007,61.040001,101665.890625,30.77,120.65,52.430000,PM10,12159
30.219999,53.349998,24.510000,40.349998,0.680000,65.540001,-3.240000,-5.950000,294.250000,61.470001,101652.101562,30.75,120.8,51.674999,PM10,12160
30.000000,52.169998,26.940001,41.869999,0.700000,64.120003,-3.100000,-5.810000,294.220001,61.990002,101646.921875,30.73,120.96,52.337498,NO2,12161
23.180000,39.119999,21.889999,37.639999,0.540000,66.320000,-3.780000,-5.980000,294.730011,62.180000,101667.023438,30.71,121.12,47.049999,NO2,12162
24.930000,46.459999,16.290001,34.360001,0.580000,64.220001,-4.330000,-4.600000,293.170013,66.290001,100263.390625,31.02,119.73,46.459999,PM10,12397
22.110001,41.880001,15.240000,32.709999,0.540000,66.599998,-4.470000,-4.780000,294.369995,62.480000,101304.851562,31.0,119.89,41.880001,PM10,12398
21.350000,40.320000,14.350000,30.670000,0.510000,70.410004,-4.840000,-5.050000,294.790009,61.259998,101538.531250,30.98,120.04,40.320000,PM10,12399
25.290001,46.389999,15.630000,35.279999,0.550000,69.190002,-4.430000,-5.910000,294.549988,64.230003,101626.703125,30.94,120.36,46.389999,PM10,12401
29.530001,52.439999,24.020000,40.040001,0.670000,67.610001,-3.760000,-5.990000,294.440002,61.220001,101657.406250,30.88,120.83,51.220001,PM10,12404
31.920000,56.590000,29.230000,42.930000,0.770000,64.000000,-3.630000,-6.010000,294.390015,61.320000,101650.500000,30.86,120.99,53.662498,NO2,12405
26.610001,50.220001,18.180000,35.770000,0.640000,62.470001,-4.250000,-4.340000,292.769989,67.980003,100097.773438,31.15,119.75,50.110001,PM10,12642
22.500000,43.590000,16.740000,34.060001,0.570000,65.099998,-4.410000,-5.120000,294.309998,63.880001,101186.312500,31.13,119.91,43.590000,PM10,12643
