PM2.5(微克每立方米),PM10(微克每立方米),SO2(微克每立方米),NO2(微克每立方米),CO(毫克每立方米),O3(微克每立方米),U(m/s),V(m/s),TEMP(K),RH(%),PSFC(Pa),lat,lon,AQI,Major pollutants,id
26.700001,42.180000,13.900000,4.370000,0.480000,54.680000,-1.190000,1.970000,284.070007,100.000000,75539.250000,32.71,104.6,42.180000,PM10,13804
21.000000,37.040001,13.570000,5.330000,0.490000,52.470001,-0.950000,0.220000,286.369995,99.769997,80995.656250,32.71,104.76,37.040001,PM10,13805
16.180000,32.419998,14.390000,6.600000,0.510000,56.189999,-0.620000,-0.630000,288.640015,97.730003,85978.062500,32.71,104.92,32.419998,PM10,13806
14.390000,30.059999,14.540000,8.050000,0.530000,56.930000,-1.970000,-0.420000,289.440002,97.889999,87468.406250,32.71,105.08,30.059999,PM10,13807
14.420000,29.430000,13.880000,8.440000,0.550000,54.689999,-3.570000,-1.740000,289.480011,98.230003,87713.726562,32.71,105.24,29.430000,PM10,13808
29.379999,46.450001,14.690000,4.660000,0.470000,54.349998,-1.070000,3.460000,283.779999,99.489998,74798.273438,32.84,104.43,46.450001,PM10,14060
23.920000,41.419998,14.160000,6.390000,0.490000,50.939999,-2.160000,1.840000,285.619995,99.980003,79368.750000,32.84,104.6,41.419998,PM10,14061
18.920000,35.950001,13.730000,7.210000,0.490000,50.970001,-1.600000,0.050000,287.540009,97.769997,83717.117188,32.84,104.76,35.950001,PM10,14062
14.860000,31.540001,13.950000,8.340000,0.500000,53.619999,-0.800000,-0.610000,289.320007,95.220001,87015.492188,32.84,104.92,31.540001,PM10,14063
14.300000,30.309999,14.460000,8.820000,0.510000,55.689999,-2.550000,0.080000,289.329987,96.250000,86713.617188,32.84,105.08,30.309999,PM10,14064
15.620000,31.010000,13.760000,8.900000,0.540000,51.279999,-4.040000,-0.750000,288.390015,99.250000,85616.117188,32.84,105.24,31.010000,PM10,14065
25.700001,45.070000,14.930000,5.480000,0.470000,54.869999,-3.190000,2.200000,285.630005,98.139999,79076.273438,32.98,104.43,45.070000,PM10,14317
21.400000,40.270000,14.230000,7.290000,0.490000,51.560001,-3.110000,0.690000,286.989990,97.190002,82205.882812,32.98,104.59,40.270000,PM10,14318
18.350000,35.639999,13.950000,8.310000,0.490000,51.400002,-2.250000,-0.250000,287.299988,96.750000,82995.906250,32.98,104.76,35.639999,PM10,14319
15.250000,32.009998,14.230000,9.060000,0.500000,54.490002,-1.620000,-0.640000,288.890015,94.930000,85985.906250,32.98,104.92,32.009998,PM10,14320
15.050000,31.320000,14.770000,9.040000,0.510000,56.990002,-3.090000,0.140000,288.769989,95.830002,85464.078125,32.98,105.08,31.320000,PM10,14321
16.570000,32.380001,14.260000,8.740000,0.540000,51.810001,-4.340000,-0.160000,287.950012,98.750000,84602.773438,32.98,105.24,32.380001,PM10,14322
17.500000,31.959999,14.900000,7.920000,0.560000,53.330002,-4.220000,-1.170000,288.690002,97.919998,86309.421875,32.98,105.41,31.959999,PM10,14323
18.139999,31.680000,15.400000,7.730000,0.590000,55.389999,-3.710000,-2.070000,289.119995,97.680000,87361.468750,32.98,105.57,31.680000,PM10,14324
18.059999,30.799999,15.780000,9.150000,0.630000,58.020000,-3.150000,-1.960000,289.450012,98.919998,88579.023438,32.98,105.73,30.799999,PM10,14325
17.530001,29.580000,14.890000,10.670000,0.690000,56.410000,-3.330000,-1.790000,290.250000,98.599998,90178.023438,32.98,105.89,29.580000,PM10,14326
23.270000,43.919998,15.480000,5.640000,0.460000,58.549999,-3.920000,2.000000,286.869995,94.680000,81169.023438,33.11,104.43,43.919998,PM10,14579
21.180000,40.480000,14.290000,7.650000,0.480000,51.529999,-3.510000,1.140000,285.779999,97.650002,79677.156250,33.11,104.59,40.480000,PM10,14580
18.219999,35.660000,13.950000,9.240000,0.500000,50.680000,-2.290000,0.450000,286.130005,98.029999,80789.226562,33.12,104.76,35.660000,PM10,14581
15.620000,32.520000,14.100000,9.990000,0.500000,52.599998,-2.000000,0.170000,287.510010,96.800003,83494.953125,33.12,104.92,32.520000,PM10,14582
15.660000,32.150002,14.360000,9.920000,0.510000,53.389999,-3.270000,0.720000,287.399994,98.040001,83042.187500,33.12,105.08,32.150002,PM10,14583
17.090000,32.970001,14.680000,8.500000,0.530000,53.790001,-4.110000,0.670000,287.299988,98.620003,83052.843750,33.12,105.24,32.970001,PM10,14584
18.620001,32.910000,15.400000,7.250000,0.550000,56.810001,-3.760000,-0.050000,287.470001,98.699997,83688.718750,33.11,105.41,32.910000,PM10,14585
19.780001,33.110001,15.410000,6.920000,0.570000,55.740002,-3.050000,-0.620000,287.750000,99.220001,84796.679688,33.11,105.57,33.110001,PM10,14586
19.639999,32.169998,16.100000,7.940000,0.590000,60.290001,-2.570000,-0.670000,288.730011,99.169998,87277.367188,33.11,105.73,32.169998,PM10,14587
18.760000,30.709999,16.010000,8.560000,0.630000,62.070000,-2.910000,-0.610000,289.910004,98.099998,89485.632812,33.11,105.89,30.709999,PM10,14588
32.610001,36.290001,9.130000,1.310000,0.290000,84.919998,2.390000,7.590000,283.390015,83.470001,64388.628906,33.21,101.83,46.585716,PM2.5,14824
32.740002,36.790001,9.900000,1.410000,0.300000,82.379997,2.310000,7.440000,285.130005,76.599998,66110.351562,33.22,101.99,46.771431,PM2.5,14825
24.270000,45.110001,14.950000,6.200000,0.470000,55.259998,-2.860000,1.990000,285.619995,96.589996,79012.671875,33.25,104.43,45.110001,PM10,14840
22.230000,41.570000,14.140000,7.810000,0.490000,50.740002,-2.840000,2.390000,284.390015,99.779999,77150.437500,33.25,104.59,41.570000,PM10,14841
18.809999,36.430000,13.760000,9.740000,0.500000,49.820000,-1.990000,1.810000,285.239990,99.750000,79332.382812,33.25,104.76,36.430000,PM10,14842
16.080000,33.029999,14.090000,10.600000,0.510000,51.279999,-1.950000,1.530000,286.510010,98.610001,81793.406250,33.25,104.92,33.029999,PM10,14843
15.690000,32.209999,14.150000,10.300000,0.520000,52.180000,-3.100000,1.630000,286.869995,98.540001,82150.601562,33.25,105.08,32.209999,PM10,14844
17.250000,33.060001,14.440000,8.690000,0.530000,52.910000,-4.030000,1.560000,286.589996,99.150002,81764.007812,33.25,105.24,33.060001,PM10,14845
19.230000,33.630001,14.850000,7.280000,0.540000,54.820000,-3.350000,0.990000,286.429993,99.970001,81909.562500,33.25,105.41,33.630001,PM10,14846
20.020000,33.169998,15.550000,6.830000,0.560000,58.180000,-2.220000,0.370000,287.160004,99.930000,83942.179688,33.25,105.57,33.169998,PM10,14847
19.870001,32.180000,15.530000,7.610000,0.570000,60.009998,-1.910000,-0.120000,288.190002,99.629997,86401.492188,33.25,105.73,32.180000,PM10,14848
32.310001,35.250000,9.110000,1.430000,0.280000,90.940002,1.900000,6.070000,284.859985,78.480003,65966.960938,33.35,101.99,46.157146,PM2.5,15083
33.889999,37.049999,10.180000,1.530000,0.300000,90.589996,1.910000,6.500000,285.630005,75.290001,66723.750000,33.36,102.15,48.414284,PM2.5,15084
30.389999,51.189999,15.140000,4.890000,0.450000,55.500000,-2.160000,4.140000,282.179993,100.000000,72476.656250,33.39,104.27,50.595001,PM10,15097
25.990000,46.860001,14.770000,6.140000,0.470000,53.689999,-1.470000,3.560000,283.609985,99.910004,75565.187500,33.39,104.43,46.860001,PM10,15098
22.200001,41.830002,14.160000,8.040000,0.490000,50.509998,-2.100000,3.200000,284.329987,99.980003,77206.281250,33.39,104.59,41.830002,PM10,15099
18.570000,36.580002,14.400000,10.720000,0.510000,51.279999,-2.000000,1.990000,285.549988,98.980003,79950.218750,33.39,104.76,36.580002,PM10,15100
15.300000,32.279999,14.760000,10.450000,0.510000,55.950001,-2.010000,1.440000,287.350006,94.790001,82842.976562,33.39,104.92,32.279999,PM10,15101
14.930000,31.490000,14.470000,10.130000,0.520000,55.259998,-3.060000,1.700000,287.160004,95.410004,82227.828125,33.39,105.08,31.490000,PM10,15102
17.219999,32.860001,14.100000,9.450000,0.530000,50.900002,-3.510000,1.740000,285.869995,100.000000,80689.421875,33.39,105.24,32.860001,PM10,15103
18.629999,33.139999,14.300000,7.950000,0.540000,52.490002,-2.800000,1.040000,286.239990,100.000000,81963.906250,33.39,105.41,33.139999,PM10,15104
19.150000,32.380001,14.410000,7.790000,0.550000,53.240002,-2.170000,0.390000,287.200012,100.000000,84558.601562,33.39,105.57,32.380001,PM10,15105
32.759998,35.009998,8.710000,1.570000,0.270000,91.589996,1.050000,4.990000,284.630005,80.750000,65942.406250,33.49,101.98,46.799999,PM2.5,15342
34.580002,37.110001,10.020000,1.610000,0.290000,92.449997,0.970000,5.500000,285.630005,76.489998,66997.046875,33.49,102.14,49.400002,PM2.5,15343
37.560001,40.389999,11.550000,1.780000,0.310000,91.110001,0.300000,5.340000,285.899994,75.379997,67390.109375,33.5,102.31,53.200001,PM2.5,15344
30.930000,51.919998,15.010000,4.750000,0.450000,55.189999,-1.740000,7.120000,281.420013,100.000000,70643.492188,33.52,104.27,50.959999,PM10,15356
25.889999,47.180000,14.360000,6.400000,0.470000,51.369999,-2.450000,4.950000,283.489990,100.000000,75562.476562,33.52,104.43,47.180000,PM10,15357
22.150000,42.230000,14.190000,8.150000,0.490000,50.730000,-3.080000,3.310000,284.589996,99.480003,77876.937500,33.52,104.59,42.230000,PM10,15358
19.309999,37.709999,14.160000,9.840000,0.500000,51.480000,-2.790000,1.980000,285.000000,98.870003,78891.109375,33.52,104.76,37.709999,PM10,15359
16.700001,33.680000,14.150000,10.460000,0.510000,53.369999,-2.050000,1.110000,285.959991,97.750000,80774.250000,33.52,104.92,33.680000,PM10,15360
15.830000,32.180000,13.740000,10.770000,0.520000,52.080002,-2.280000,1.180000,286.059998,98.949997,81104.273438,33.52,105.08,32.180000,PM10,15361
16.570000,32.040001,13.600000,10.260000,0.530000,48.930000,-2.670000,1.260000,285.910004,100.000000,81372.492188,33.52,105.24,32.040001,PM10,15362
17.840000,32.200001,13.790000,8.770000,0.530000,50.470001,-2.340000,0.620000,286.910004,100.000000,84059.953125,33.52,105.41,32.200001,PM10,15363
18.780001,31.780001,14.140000,8.130000,0.530000,53.000000,-2.210000,0.140000,287.670013,99.949997,85888.960938,33.52,105.57,31.780001,PM10,15364
19.049999,31.129999,13.640000,7.300000,0.520000,55.520000,-1.960000,-0.510000,288.140015,99.989998,87211.601562,33.52,105.73,31.129999,PM10,15365
32.029999,33.740002,7.370000,1.600000,0.250000,86.209999,0.880000,3.520000,283.420013,84.489998,64214.089844,33.62,101.65,45.757141,PM2.5,15601
34.340000,36.320000,8.550000,1.820000,0.270000,85.790001,0.190000,3.460000,284.390015,82.839996,65464.250000,33.62,101.81,49.057144,PM2.5,15602
34.860001,36.900002,9.230000,1.730000,0.280000,88.379997,-0.210000,4.000000,284.609985,82.459999,66105.906250,33.62,101.98,49.799999,PM2.5,15603
36.110001,38.400002,10.300000,1.690000,0.290000,89.730003,-0.220000,4.680000,285.420013,78.459999,67007.898438,33.63,102.14,51.387501,PM2.5,15604
38.419998,41.049999,11.710000,1.810000,0.300000,90.529999,-0.560000,5.090000,285.670013,77.209999,67452.351562,33.63,102.3,54.274998,PM2.5,15605
29.330000,50.279999,15.230000,4.360000,0.440000,58.400002,-3.450000,4.720000,283.660004,97.070000,74855.578125,33.66,104.26,50.139999,PM10,15617
25.459999,46.990002,15.000000,5.690000,0.460000,56.830002,-3.630000,4.150000,284.709991,97.730003,77673.406250,33.66,104.43,46.990002,PM10,15618
22.870001,43.490002,14.130000,7.750000,0.490000,50.930000,-3.540000,3.510000,284.179993,99.639999,77078.296875,33.66,104.59,43.490002,PM10,15619
20.250000,39.279999,13.840000,8.840000,0.490000,50.950001,-2.840000,2.830000,283.799988,100.000000,76597.843750,33.66,104.75,39.279999,PM10,15620
17.440001,34.740002,13.930000,9.740000,0.500000,53.220001,-1.720000,1.530000,284.769989,100.000000,78895.906250,33.66,104.92,34.740002,PM10,15621
15.680000,32.410000,13.260000,11.020000,0.510000,49.849998,-1.960000,1.020000,285.869995,99.370003,81481.773438,33.66,105.08,32.410000,PM10,15622
16.379999,31.940001,13.340000,10.130000,0.510000,49.470001,-2.520000,1.030000,286.489990,99.410004,83135.093750,33.66,105.25,31.940001,PM10,15623
17.480000,31.850000,13.570000,8.600000,0.510000,51.580002,-2.490000,0.480000,287.459991,98.839996,85243.046875,33.66,105.41,31.850000,PM10,15624
18.370001,31.410000,13.480000,8.050000,0.510000,52.200001,-2.470000,-0.190000,287.730011,99.589996,86046.210938,33.66,105.57,31.410000,PM10,15625
18.379999,30.709999,12.510000,7.110000,0.510000,53.410000,-2.060000,-0.860000,288.149994,99.930000,87317.406250,33.66,105.74,30.709999,PM10,15626
17.850000,29.860001,11.170000,6.060000,0.500000,55.939999,-1.040000,-1.720000,289.200012,98.410004,89350.320312,33.66,105.9,29.860001,PM10,15627
17.580000,29.580000,10.100000,4.680000,0.490000,61.090000,-0.500000,-2.190000,290.299988,93.870003,90488.148438,33.66,106.06,29.580000,PM10,15628
18.719999,30.129999,9.930000,3.720000,0.500000,68.190002,-1.180000,0.140000,289.720001,92.970001,87555.617188,33.65,106.23,30.129999,PM10,15629
20.740000,31.510000,9.700000,3.000000,0.510000,74.099998,-3.720000,4.730000,287.970001,94.110001,82272.242188,33.65,106.39,31.510000,PM10,15630
24.139999,34.900002,9.470000,2.860000,0.520000,75.919998,-5.100000,4.960000,286.459991,99.419998,80882.398438,33.65,106.55,34.900002,PM10,15631
22.850000,24.190001,4.300000,1.330000,0.210000,90.620003,0.270000,2.330000,281.890015,85.660004,62102.890625,33.74,101.32,32.642857,PM2.5,15859
29.570000,31.340000,6.340000,1.630000,0.240000,84.620003,-0.040000,2.940000,282.540009,85.940002,63117.570312,33.75,101.48,42.242855,PM2.5,15860
33.009998,35.110001,7.920000,1.880000,0.260000,83.879997,-0.410000,2.170000,283.820007,84.169998,64944.500000,33.75,101.64,47.157139,PM2.5,15861
35.689999,38.139999,8.900000,2.080000,0.280000,81.110001,-0.990000,2.340000,284.170013,84.720001,65711.859375,33.76,101.81,50.862499,PM2.5,15862
37.490002,40.090000,9.950000,2.030000,0.290000,82.599998,-1.280000,3.030000,284.140015,85.610001,65952.250000,33.76,101.97,53.112503,PM2.5,15863
37.750000,40.549999,10.750000,1.900000,0.300000,84.809998,-1.380000,3.560000,285.089996,81.669998,67132.296875,33.76,102.14,53.437500,PM2.5,15864
38.590000,41.860001,11.800000,1.890000,0.310000,87.540001,-1.410000,4.560000,285.519989,78.980003,67679.039062,33.77,102.3,54.487499,PM2.5,15865
47.110001,54.919998,16.450001,1.690000,0.370000,82.639999,-1.090000,4.420000,281.769989,92.330002,66028.093750,33.78,103.28,65.137497,PM2.5,15871
47.439999,57.619999,16.200001,2.090000,0.390000,71.029999,-1.360000,3.210000,282.079987,92.370003,67529.179688,33.79,103.44,65.549995,PM2.5,15872
44.470001,58.349998,16.020000,2.550000,0.400000,63.930000,-1.360000,3.250000,283.029999,89.029999,69494.898438,33.79,103.61,61.837502,PM2.5,15873
41.290001,57.930000,16.030001,2.670000,0.410000,61.959999,-2.290000,5.750000,283.140015,88.570000,70283.000000,33.79,103.77,57.862503,PM2.5,15874
38.169998,56.770000,16.070000,2.820000,0.410000,62.880001,-4.190000,6.620000,282.010010,95.980003,70328.843750,33.79,103.94,53.962498,PM2.5,15875
34.900002,54.830002,15.760000,3.430000,0.430000,61.049999,-5.250000,3.950000,282.540009,99.169998,73038.226562,33.79,104.1,52.415001,PM10,15876
30.799999,51.830002,15.540000,4.240000,0.450000,60.570000,-4.250000,2.720000,283.779999,99.400002,76165.898438,33.79,104.26,50.915001,PM10,15877
26.680000,48.470001,14.430000,5.760000,0.470000,53.549999,-3.290000,3.310000,283.929993,99.879997,76516.671875,33.79,104.43,48.470001,PM10,15878
23.250000,44.410000,13.890000,7.340000,0.480000,50.740002,-3.450000,2.930000,283.799988,100.000000,76551.703125,33.8,104.59,44.410000,PM10,15879
20.160000,39.639999,13.460000,8.380000,0.490000,51.130001,-3.130000,1.840000,284.269989,100.000000,77917.023438,33.8,104.75,39.639999,PM10,15880
17.020000,34.439999,13.070000,9.450000,0.490000,52.590000,-2.290000,0.500000,285.640015,98.550003,81035.726562,33.8,104.92,34.439999,PM10,15881
14.890000,31.549999,13.090000,10.830000,0.510000,52.009998,-2.310000,0.760000,286.880005,96.449997,83455.023438,33.8,105.08,31.549999,PM10,15882
15.920000,31.440001,13.170000,10.080000,0.500000,50.889999,-3.130000,1.490000,286.769989,98.150002,83569.031250,33.8,105.25,31.440001,PM10,15883
17.379999,31.969999,13.140000,8.300000,0.490000,52.480000,-3.290000,0.940000,286.709991,98.900002,83493.617188,33.8,105.41,31.969999,PM10,15884
18.299999,31.709999,12.620000,7.250000,0.490000,53.320000,-2.520000,0.000000,287.119995,99.599998,84691.093750,33.79,105.57,31.709999,PM10,15885
17.320000,30.490000,11.860000,6.790000,0.490000,54.849998,-1.910000,-0.800000,288.190002,99.239998,87230.742188,33.79,105.74,30.490000,PM10,15886
16.530001,29.660000,10.680000,5.780000,0.490000,58.040001,-2.090000,-1.780000,289.279999,96.610001,89017.093750,33.79,105.9,29.660000,PM10,15887
16.500000,29.340000,9.520000,4.540000,0.480000,61.330002,-2.580000,-2.780000,290.239990,91.900002,89914.796875,33.79,106.06,29.340000,PM10,15888
17.049999,29.350000,8.750000,4.050000,0.480000,63.990002,-1.810000,-2.850000,289.989990,91.940002,88905.453125,33.79,106.23,29.350000,PM10,15889
17.660000,28.870001,8.890000,3.300000,0.490000,71.540001,-2.070000,0.680000,289.640015,90.180000,86269.140625,33.79,106.39,28.870001,PM10,15890
22.430000,24.410000,4.460000,1.150000,0.210000,88.720001,0.590000,1.890000,281.679993,85.190002,62007.199219,33.87,101.15,32.042858,PM2.5,16118
25.770000,27.770000,5.220000,1.390000,0.220000,86.760002,0.300000,2.710000,281.230011,87.480003,61574.699219,33.88,101.31,36.814285,PM2.5,16119
31.490000,33.790001,6.840000,1.750000,0.250000,80.169998,-0.650000,2.570000,281.579987,88.930000,62491.699219,33.88,101.48,44.985714,PM2.5,16120
34.580002,37.240002,8.140000,2.070000,0.270000,78.370003,-1.490000,1.840000,282.429993,88.809998,64064.351562,33.89,101.64,49.400002,PM2.5,16121
36.910000,39.959999,9.450000,2.270000,0.290000,78.089996,-2.100000,1.960000,283.390015,87.330002,65509.710938,33.89,101.8,52.387501,PM2.5,16122
38.759998,42.110001,10.690000,2.300000,0.300000,79.440002,-2.680000,1.980000,284.070007,86.209999,66448.281250,33.9,101.97,54.699997,PM2.5,16123
39.689999,43.369999,11.520000,2.280000,0.310000,80.730003,-2.880000,2.530000,284.440002,84.879997,66966.382812,33.9,102.13,55.862499,PM2.5,16124
50.470001,61.990002,15.840000,2.080000,0.410000,66.769997,-5.060000,1.640000,281.369995,99.169998,68485.851562,33.92,103.28,69.337502,PM2.5,16131
49.810001,62.400002,15.970000,2.390000,0.410000,63.590000,-5.540000,-1.330000,282.089996,98.379997,70896.937500,33.92,103.44,68.512505,PM2.5,16132
45.180000,59.849998,16.070000,2.540000,0.410000,64.010002,-5.410000,-2.380000,283.410004,95.239998,72975.882812,33.92,103.61,62.724998,PM2.5,16133
40.320000,57.000000,16.170000,2.600000,0.410000,64.529999,-5.490000,0.190000,284.489990,89.790001,74075.046875,33.93,103.77,56.650002,PM2.5,16134
37.520000,56.000000,16.230000,2.820000,0.420000,64.389999,-6.360000,2.710000,284.170013,91.709999,74409.820312,33.93,103.93,53.150002,PM2.5,16135
36.349998,55.930000,15.650000,3.530000,0.430000,60.360001,-6.140000,3.860000,282.510010,99.870003,73403.000000,33.93,104.1,52.965000,PM10,16136
32.080002,53.060001,15.120000,4.200000,0.440000,58.529999,-4.200000,4.170000,282.480011,100.000000,73584.250000,33.93,104.26,51.529999,PM10,16137
27.209999,49.180000,14.180000,5.440000,0.460000,53.950001,-3.500000,3.290000,283.619995,99.970001,76140.226562,33.93,104.43,49.180000,PM10,16138
23.090000,44.290001,13.810000,6.730000,0.470000,53.990002,-4.160000,1.760000,284.489990,98.599998,78028.257812,33.93,104.59,44.290001,PM10,16139
20.260000,39.540001,13.370000,7.310000,0.470000,54.320000,-3.800000,0.230000,284.519989,98.550003,78488.578125,33.93,104.75,39.540001,PM10,16140
17.059999,34.000000,12.730000,8.420000,0.480000,53.439999,-2.320000,-0.260000,285.369995,97.860001,80585.632812,33.93,104.92,34.000000,PM10,16141
14.530000,30.870001,12.980000,9.840000,0.500000,52.810001,-1.690000,0.400000,286.920013,95.580002,83579.187500,33.93,105.08,30.870001,PM10,16142
15.570000,31.020000,13.190000,9.040000,0.490000,53.410000,-2.820000,1.870000,286.670013,97.029999,82958.328125,33.93,105.25,31.020000,PM10,16143
17.340000,32.220001,13.090000,7.840000,0.490000,54.029999,-3.300000,2.060000,285.739990,99.680000,81501.156250,33.93,105.41,32.220001,PM10,16144
18.420000,32.369999,12.850000,6.280000,0.470000,58.500000,-2.460000,1.120000,286.410004,99.720001,83040.507812,33.93,105.57,32.369999,PM10,16145
16.420000,30.440001,11.450000,6.450000,0.480000,57.419998,-2.310000,-0.000000,287.679993,98.879997,85787.289062,33.93,105.74,30.440001,PM10,16146
15.560000,29.350000,10.470000,5.530000,0.470000,60.389999,-2.850000,-1.080000,288.609985,96.849998,87240.273438,33.93,105.9,29.350000,PM10,16147
16.000000,29.219999,9.470000,4.340000,0.470000,64.139999,-3.610000,-1.670000,289.089996,94.360001,87602.062500,33.93,106.07,29.219999,PM10,16148
16.129999,28.840000,8.290000,4.260000,0.470000,62.970001,-4.110000,-2.450000,289.559998,92.029999,88101.476562,33.93,106.23,28.840000,PM10,16149
15.970000,27.910000,7.840000,4.090000,0.480000,66.739998,-3.850000,-1.960000,290.160004,88.910004,88434.296875,33.92,106.39,27.910000,PM10,16150
23.969999,26.680000,4.830000,1.360000,0.220000,81.589996,0.350000,1.300000,281.339996,87.739998,61854.109375,34.01,100.98,34.242855,PM2.5,16378
25.430000,28.620001,5.360000,1.480000,0.230000,82.199997,0.930000,1.970000,280.820007,87.970001,61125.300781,34.01,101.14,36.328571,PM2.5,16379
27.650000,30.360001,5.870000,1.620000,0.240000,82.199997,0.280000,2.650000,280.779999,88.010002,61255.269531,34.01,101.31,39.500000,PM2.5,16380
32.810001,35.810001,7.490000,2.020000,0.260000,76.120003,-1.240000,2.550000,281.399994,89.339996,62692.558594,34.02,101.47,46.871429,PM2.5,16381
36.080002,39.320000,8.910000,2.290000,0.280000,75.309998,-2.650000,2.240000,282.250000,89.690002,64512.300781,34.02,101.63,51.350002,PM2.5,16382
38.180000,41.540001,9.970000,2.370000,0.290000,75.739998,-3.520000,1.890000,282.989990,88.430000,65679.976562,34.03,101.8,53.974998,PM2.5,16383
39.930000,43.660000,10.970000,2.410000,0.310000,76.120003,-3.530000,1.630000,282.980011,89.199997,65763.796875,34.03,101.96,56.162498,PM2.5,16384
41.119999,45.610001,11.800000,2.440000,0.320000,76.730003,-3.080000,2.320000,282.850006,90.449997,65670.593750,34.04,102.13,57.649998,PM2.5,16385
41.040001,46.160000,12.370000,2.080000,0.330000,80.209999,-3.030000,3.560000,283.029999,90.620003,65941.132812,34.04,102.29,57.550003,PM2.5,16386
47.020000,58.459999,16.200001,1.710000,0.400000,75.680000,-7.130000,0.800000,282.839996,93.580002,71022.609375,34.06,103.28,65.025002,PM2.5,16392
48.509998,60.290001,15.650000,2.050000,0.390000,67.690002,-7.430000,-0.890000,281.519989,99.050003,70122.710938,34.06,103.44,66.887497,PM2.5,16393
47.529999,61.259998,15.630000,2.490000,0.400000,62.310001,-6.140000,-1.040000,281.390015,99.980003,70642.476562,34.06,103.6,65.662498,PM2.5,16394
44.919998,60.669998,15.950000,2.830000,0.420000,62.119999,-5.350000,0.270000,282.329987,99.330002,72523.093750,34.06,103.77,62.399998,PM2.5,16395
41.540001,58.930000,15.930000,3.010000,0.420000,61.900002,-4.700000,2.450000,282.440002,99.550003,72907.570312,34.06,103.93,58.175003,PM2.5,16396
37.980000,56.689999,15.500000,3.480000,0.430000,59.709999,-4.050000,4.300000,282.179993,100.000000,72756.960938,34.06,104.1,53.724998,PM2.5,16397
33.529999,53.520000,15.210000,4.100000,0.440000,59.080002,-4.030000,4.370000,283.079987,99.879997,74877.703125,34.07,104.26,51.760002,PM10,16398
28.990000,49.630001,14.920000,4.580000,0.450000,59.340000,-4.360000,3.130000,283.929993,98.879997,76787.351562,34.07,104.43,49.630001,PM10,16399
25.080000,45.169998,14.460000,5.210000,0.450000,58.580002,-4.170000,1.530000,283.720001,97.970001,76159.109375,34.07,104.59,45.169998,PM10,16400
21.940001,40.830002,14.250000,5.780000,0.450000,58.930000,-2.720000,1.140000,283.130005,99.510002,75677.921875,34.07,104.75,40.830002,PM10,16401
18.110001,35.259998,13.530000,6.790000,0.470000,57.160000,-1.160000,0.740000,284.399994,98.900002,78768.921875,34.07,104.92,35.259998,PM10,16402
14.710000,31.190001,13.080000,9.870000,0.500000,53.009998,-0.570000,0.430000,286.600006,95.550003,83061.148438,34.07,105.08,31.190001,PM10,16403
14.810000,30.170000,13.100000,9.180000,0.490000,54.270000,-1.420000,1.310000,286.839996,95.709999,83177.578125,34.07,105.25,30.170000,PM10,16404
16.799999,31.950001,12.880000,7.720000,0.480000,55.400002,-2.840000,2.470000,286.029999,99.099998,82028.523438,34.07,105.41,31.950001,PM10,16405
18.420000,32.750000,12.300000,5.640000,0.460000,58.980000,-3.060000,2.290000,286.230011,99.639999,82667.000000,34.07,105.57,32.750000,PM10,16406
18.020000,32.000000,11.670000,4.580000,0.440000,64.790001,-2.800000,1.270000,286.859985,99.169998,83774.609375,34.07,105.74,32.000000,PM10,16407
17.500000,30.959999,10.520000,3.680000,0.430000,67.139999,-2.960000,0.370000,287.489990,98.500000,85042.617188,34.06,105.9,30.959999,PM10,16408
16.830000,29.860001,9.390000,3.040000,0.430000,68.570000,-3.640000,0.050000,288.019989,96.690002,85714.828125,34.06,106.07,29.860001,PM10,16409
16.059999,28.549999,8.300000,3.150000,0.440000,68.220001,-4.400000,-0.210000,288.309998,94.339996,85792.328125,34.06,106.23,28.549999,PM10,16410
15.580000,27.790001,7.270000,3.540000,0.460000,65.730003,-4.420000,-0.650000,288.450012,92.849998,85805.273438,34.06,106.4,27.790001,PM10,16411
28.129999,31.870001,6.100000,1.880000,0.240000,76.019997,0.260000,0.540000,281.450012,88.110001,62146.679688,34.14,100.97,40.185715,PM2.5,16638
28.740000,32.860001,6.470000,1.990000,0.250000,76.379997,0.340000,1.000000,281.609985,87.169998,62240.640625,34.15,101.14,41.057144,PM2.5,16639
30.490000,33.580002,6.910000,1.900000,0.250000,76.379997,-0.970000,1.800000,282.010010,85.879997,63037.699219,34.15,101.3,43.557144,PM2.5,16640
34.490002,37.520000,8.340000,2.150000,0.270000,74.059998,-2.790000,2.410000,282.760010,86.169998,64825.230469,34.16,101.46,49.271431,PM2.5,16641
37.189999,40.279999,9.470000,2.350000,0.280000,74.279999,-3.910000,2.160000,282.980011,86.800003,65766.562500,34.16,101.63,52.737499,PM2.5,16642
42.590000,47.369999,12.090000,2.670000,0.330000,73.089996,-2.570000,2.490000,281.640015,93.629997,64758.589844,34.17,102.12,59.487499,PM2.5,16645
42.279999,48.360001,12.770000,2.380000,0.340000,75.720001,-3.160000,3.030000,282.660004,92.029999,65965.218750,34.18,102.29,59.099998,PM2.5,16646
42.980000,50.139999,13.140000,2.120000,0.360000,76.029999,-3.990000,3.520000,282.260010,94.739998,65966.406250,34.18,102.45,59.974998,PM2.5,16647
44.830002,53.810001,13.880000,2.160000,0.380000,73.099998,-4.530000,2.940000,281.230011,98.610001,65878.906250,34.18,102.62,62.287502,PM2.5,16648
46.700001,57.250000,15.390000,1.910000,0.390000,74.070000,-5.150000,2.610000,281.450012,98.489998,68701.421875,34.19,103.11,64.625000,PM2.5,16651
45.220001,55.869999,15.360000,1.650000,0.380000,74.419998,-5.830000,3.220000,281.850006,94.110001,68465.648438,34.19,103.27,62.775002,PM2.5,16652
48.389999,60.070000,15.040000,2.040000,0.390000,64.250000,-4.890000,4.040000,279.589996,99.989998,65953.828125,34.19,103.44,66.737503,PM2.5,16653
47.900002,61.340000,15.330000,2.320000,0.410000,61.380001,-3.840000,4.600000,279.420013,100.000000,66494.906250,34.2,103.6,66.125000,PM2.5,16654
46.240002,61.320000,15.670000,2.740000,0.420000,60.900002,-3.730000,5.110000,280.450012,100.000000,68917.976562,34.2,103.77,64.050003,PM2.5,16655
43.250000,59.680000,15.690000,2.980000,0.420000,60.950001,-3.360000,4.950000,281.250000,100.000000,70725.539062,34.2,103.93,60.312500,PM2.5,16656
39.230000,56.700001,15.640000,3.270000,0.430000,61.750000,-3.520000,4.160000,282.399994,99.980003,73511.359375,34.2,104.1,55.287498,PM2.5,16657
34.490002,52.840000,15.850000,3.580000,0.430000,64.629997,-4.310000,3.790000,283.739990,97.290001,75815.367188,34.2,104.26,51.419998,PM10,16658
31.290001,49.990002,15.200000,3.940000,0.430000,62.029999,-4.660000,4.530000,283.010010,98.510002,74317.828125,34.2,104.42,49.990002,PM10,16659
28.080000,46.709999,14.460000,4.370000,0.430000,58.470001,-3.270000,4.400000,281.709991,99.989998,72171.398438,34.2,104.59,46.709999,PM10,16660
23.910000,42.570000,14.590000,4.630000,0.440000,60.860001,-1.430000,2.930000,282.220001,100.000000,73930.421875,34.2,104.75,42.570000,PM10,16661
18.900000,36.779999,13.790000,5.760000,0.450000,58.869999,-0.850000,1.420000,284.489990,98.419998,79030.460938,34.2,104.92,36.779999,PM10,16662
15.120000,32.070000,13.240000,8.220000,0.480000,55.250000,-0.660000,0.630000,286.589996,95.220001,83058.453125,34.2,105.08,32.070000,PM10,16663
14.100000,29.610001,12.980000,8.680000,0.480000,56.580002,-1.000000,0.290000,287.260010,93.800003,83848.531250,34.2,105.25,29.610001,PM10,16664
15.760000,31.030001,12.570000,7.350000,0.470000,57.560001,-2.030000,1.350000,287.010010,95.589996,83540.820312,34.2,105.41,31.030001,PM10,16665
17.820000,32.439999,11.820000,5.630000,0.450000,60.130001,-2.830000,2.520000,286.640015,98.080002,83125.843750,34.2,105.58,32.439999,PM10,16666
18.250000,32.500000,11.160000,4.390000,0.430000,65.160004,-3.080000,2.710000,286.320007,99.349998,82492.117188,34.2,105.74,32.500000,PM10,16667
18.430000,32.080002,10.660000,3.150000,0.420000,72.599998,-3.110000,2.350000,286.500000,99.209999,82850.328125,34.2,105.9,32.080002,PM10,16668
17.600000,30.780001,9.390000,2.800000,0.420000,72.809998,-3.460000,1.780000,286.760010,98.550003,83423.640625,34.2,106.07,30.780001,PM10,16669
16.500000,29.330000,8.140000,3.250000,0.440000,70.709999,-3.640000,1.180000,286.760010,97.879997,83485.093750,34.2,106.23,29.330000,PM10,16670
16.090000,28.620001,7.210000,3.840000,0.450000,69.050003,-3.380000,0.970000,286.500000,97.910004,83223.960938,34.2,106.4,28.620001,PM10,16671
15.950000,28.450001,6.400000,4.820000,0.470000,65.559998,-2.650000,1.260000,286.179993,98.699997,82819.820312,34.19,106.56,28.450001,PM10,16672
32.180000,35.580002,7.380000,2.150000,0.260000,71.550003,-0.860000,-0.780000,282.619995,86.110001,64074.058594,34.28,100.97,45.971428,PM2.5,16896
32.470001,36.200001,7.800000,2.240000,0.260000,72.139999,-1.280000,-0.360000,283.209991,84.400002,64794.140625,34.28,101.13,46.385715,PM2.5,16897
41.700001,48.779999,12.840000,2.700000,0.350000,69.440002,-3.610000,2.450000,282.480011,91.510002,66328.476562,34.31,102.28,58.375000,PM2.5,16904
42.320000,51.590000,13.410000,2.600000,0.380000,67.370003,-4.150000,3.100000,281.579987,95.760002,65681.296875,34.31,102.45,59.150002,PM2.5,16905
44.189999,54.849998,14.040000,2.520000,0.410000,65.889999,-4.200000,3.230000,280.640015,99.080002,65601.578125,34.32,102.61,61.487499,PM2.5,16906
45.490002,56.619999,14.440000,2.420000,0.410000,66.320000,-4.140000,3.590000,279.980011,99.839996,65642.273438,34.32,102.78,63.112503,PM2.5,16907
45.950001,57.119999,14.730000,2.300000,0.410000,67.779999,-3.770000,3.950000,279.910004,100.000000,65980.156250,34.32,102.94,63.687500,PM2.5,16908
45.430000,56.389999,15.020000,2.160000,0.400000,70.199997,-3.500000,4.630000,280.779999,98.430000,67083.859375,34.33,103.11,63.037498,PM2.5,16909
44.419998,55.730000,15.140000,1.930000,0.400000,71.500000,-2.900000,6.040000,281.049988,94.849998,66477.210938,34.33,103.27,61.774998,PM2.5,16910
44.950001,57.639999,15.100000,2.360000,0.410000,64.440002,-2.350000,6.390000,280.339996,96.879997,65932.296875,34.33,103.44,62.437500,PM2.5,16911
45.209999,59.290001,15.380000,2.810000,0.420000,60.240002,-2.830000,5.830000,280.649994,98.449997,67818.546875,34.33,103.6,62.762497,PM2.5,16912
45.869999,60.939999,15.650000,3.060000,0.430000,60.049999,-3.380000,5.510000,281.239990,99.900002,70136.343750,34.33,103.76,63.587498,PM2.5,16913
43.279999,59.330002,15.690000,3.370000,0.430000,60.549999,-3.790000,4.450000,282.200012,99.699997,72695.031250,34.34,103.93,60.349998,PM2.5,16914
39.450001,56.139999,15.790000,3.700000,0.430000,62.139999,-4.220000,4.170000,282.899994,98.589996,74421.671875,34.34,104.09,55.562500,PM2.5,16915
36.580002,53.459999,15.370000,3.920000,0.430000,60.630001,-3.640000,4.490000,282.600006,99.220001,73808.031250,34.34,104.26,51.975002,PM2.5,16916
33.259998,50.549999,14.870000,4.070000,0.430000,59.020000,-2.790000,5.540000,282.130005,99.570000,72621.296875,34.34,104.42,50.275002,PM10,16917
29.620001,47.639999,14.480000,4.080000,0.430000,58.560001,-2.460000,5.660000,281.619995,100.000000,71957.906250,34.34,104.59,47.639999,PM10,16918
24.850000,43.689999,14.510000,4.490000,0.440000,60.750000,-2.040000,3.600000,282.260010,100.000000,74167.703125,34.34,104.75,43.689999,PM10,16919
19.540001,38.349998,13.150000,5.660000,0.450000,56.230000,-1.600000,2.100000,284.269989,98.440002,78813.757812,34.34,104.92,38.349998,PM10,16920
16.200001,33.689999,12.730000,7.230000,0.470000,56.490002,-1.300000,1.410000,285.630005,96.800003,81249.843750,34.34,105.08,33.689999,PM10,16921
14.690000,30.690001,12.560000,8.320000,0.480000,56.959999,-1.200000,0.770000,286.089996,96.260002,81913.257812,34.34,105.25,30.690001,PM10,16922
15.470000,30.990000,12.110000,7.800000,0.470000,56.930000,-1.310000,0.990000,286.390015,97.220001,82721.289062,34.34,105.41,30.990000,PM10,16923
16.670000,31.570000,11.440000,6.910000,0.460000,59.209999,-1.630000,1.840000,286.519989,97.849998,82850.867188,34.34,105.58,31.570000,PM10,16924
16.900000,31.530001,10.840000,5.240000,0.440000,65.250000,-2.000000,2.700000,286.609985,97.870003,82701.156250,34.34,105.74,31.530001,PM10,16925
17.190001,31.230000,10.490000,3.250000,0.420000,74.029999,-2.800000,3.340000,286.869995,96.750000,82925.226562,34.34,105.91,31.230000,PM10,16926
17.290001,30.809999,9.130000,2.840000,0.420000,73.169998,-3.890000,3.300000,286.420013,97.650002,82525.687500,34.34,106.07,30.809999,PM10,16927
17.110001,29.969999,8.210000,3.140000,0.430000,73.500000,-3.680000,2.020000,285.760010,99.320000,82123.750000,34.33,106.24,29.969999,PM10,16928
15.360000,28.080000,6.990000,3.850000,0.440000,68.190002,-2.570000,1.800000,286.250000,97.519997,83447.546875,34.33,106.4,28.080000,PM10,16929
13.340000,25.540001,6.530000,5.090000,0.470000,68.910004,-1.930000,1.590000,287.470001,93.930000,85601.617188,34.33,106.56,25.540001,PM10,16930
40.110001,48.009998,12.780000,2.820000,0.360000,66.480003,-3.730000,1.290000,282.350006,90.669998,66983.562500,34.45,102.28,56.387501,PM2.5,17162
39.500000,50.090000,13.410000,2.870000,0.400000,64.230003,-3.820000,2.150000,281.579987,93.820000,66361.828125,34.45,102.44,55.625000,PM2.5,17163
39.980000,52.389999,14.030000,2.920000,0.420000,62.330002,-3.810000,2.430000,281.260010,95.440002,66716.117188,34.45,102.61,56.224998,PM2.5,17164
40.669998,53.930000,14.240000,3.010000,0.440000,60.660000,-3.860000,2.690000,280.570007,97.959999,66576.960938,34.46,102.77,57.087498,PM2.5,17165
40.509998,53.950001,14.350000,3.040000,0.440000,60.669998,-3.600000,2.510000,280.679993,97.760002,67021.312500,34.46,102.94,56.887497,PM2.5,17166
39.259998,52.549999,14.530000,3.110000,0.430000,61.450001,-3.210000,2.190000,281.929993,93.290001,68349.632812,34.46,103.1,55.324997,PM2.5,17167
38.200001,51.689999,14.630000,3.180000,0.430000,60.720001,-3.480000,2.310000,282.299988,90.720001,68538.148438,34.46,103.27,54.000000,PM2.5,17168
38.439999,52.540001,14.880000,3.480000,0.430000,58.270000,-4.260000,1.710000,282.100006,92.790001,69563.429688,34.47,103.43,54.299999,PM2.5,17169
39.799999,54.549999,15.230000,3.880000,0.440000,57.020000,-4.670000,1.440000,282.190002,95.730003,71429.703125,34.47,103.6,56.000000,PM2.5,17170
41.869999,57.090000,15.560000,4.030000,0.450000,57.250000,-4.590000,1.720000,282.329987,98.559998,72860.820312,34.47,103.76,58.587498,PM2.5,17171
41.070000,56.770000,15.890000,3.910000,0.440000,60.520000,-4.300000,2.140000,283.399994,95.589996,74754.070312,34.47,103.93,57.587502,PM2.5,17172
38.119999,54.270000,15.630000,4.280000,0.440000,59.389999,-3.780000,2.840000,283.380005,95.209999,74625.359375,34.47,104.09,53.899998,PM2.5,17173
35.299999,51.480000,14.720000,4.920000,0.440000,53.430000,-2.780000,2.840000,282.209991,99.290001,72914.781250,34.47,104.26,50.739998,PM10,17174
31.530001,47.939999,14.380000,5.040000,0.440000,53.180000,-1.960000,2.300000,282.579987,97.910004,73442.023438,34.47,104.42,47.939999,PM10,17175
28.040001,45.540001,13.720000,5.220000,0.450000,53.599998,-1.950000,1.960000,282.820007,98.400002,74410.937500,34.48,104.59,45.540001,PM10,17176
25.049999,43.259998,13.680000,5.360000,0.450000,55.820000,-2.100000,2.940000,282.890015,99.900002,75580.062500,34.48,104.75,43.259998,PM10,17177
20.730000,39.080002,13.270000,6.150000,0.460000,56.070000,-1.900000,3.370000,283.799988,99.099998,77824.171875,34.48,104.92,39.080002,PM10,17178
17.500000,35.060001,13.400000,7.310000,0.470000,58.450001,-1.500000,2.910000,284.130005,99.040001,78292.328125,34.48,105.08,35.060001,PM10,17179
14.970000,31.580000,13.190000,9.220000,0.490000,57.259998,-1.070000,2.350000,284.570007,99.099998,79174.296875,34.48,105.25,31.580000,PM10,17180
14.010000,30.219999,12.210000,10.030000,0.490000,54.799999,-0.940000,1.460000,285.820007,98.000000,81779.710938,34.48,105.41,30.219999,PM10,17181
13.050000,28.940001,11.780000,11.960000,0.500000,55.599998,-1.110000,0.720000,286.670013,96.739998,83246.742188,34.47,105.58,28.940001,PM10,17182
12.820000,28.030001,10.530000,9.730000,0.470000,59.439999,-1.250000,0.730000,287.750000,93.160004,84681.046875,34.47,105.74,28.030001,PM10,17183
13.860000,28.209999,9.760000,5.140000,0.430000,68.540001,-2.280000,1.940000,288.880005,87.900002,85829.742188,34.47,105.91,28.209999,PM10,17184
15.000000,28.670000,9.000000,3.250000,0.420000,72.370003,-4.000000,3.110000,287.859985,90.309998,84364.390625,34.47,106.07,28.670000,PM10,17185
16.010000,28.980000,8.260000,3.210000,0.420000,73.650002,-4.100000,2.670000,286.100006,97.550003,82691.851562,34.47,106.24,28.980000,PM10,17186
14.520000,27.379999,6.820000,3.870000,0.440000,65.300003,-2.750000,1.860000,286.579987,97.870003,84485.796875,34.47,106.4,27.379999,PM10,17187
12.140000,24.719999,6.130000,5.600000,0.470000,63.570000,-1.880000,-0.050000,288.279999,92.279999,87170.046875,34.47,106.57,24.719999,PM10,17188
41.770000,48.549999,12.550000,2.780000,0.350000,63.810001,-3.910000,-0.450000,281.170013,94.519997,66314.281250,34.58,102.11,58.462502,PM2.5,17419
39.439999,48.380001,12.940000,2.950000,0.380000,63.919998,-3.630000,-0.380000,281.739990,92.940002,67293.890625,34.58,102.27,55.549999,PM2.5,17420
38.740002,49.759998,13.510000,3.010000,0.410000,62.509998,-3.850000,0.060000,281.690002,93.370003,67574.648438,34.59,102.44,54.675003,PM2.5,17421
38.660000,51.459999,14.060000,3.140000,0.430000,61.369999,-4.290000,0.450000,281.549988,94.629997,67921.898438,34.59,102.6,54.575001,PM2.5,17422
38.470001,52.400002,14.420000,3.320000,0.450000,61.290001,-4.630000,0.760000,281.390015,95.540001,68330.453125,34.59,102.77,54.337502,PM2.5,17423
38.369999,52.910000,14.750000,3.500000,0.460000,61.410000,-5.060000,0.740000,281.380005,96.410004,69083.812500,34.6,102.93,54.212498,PM2.5,17424
37.770000,52.580002,14.990000,3.780000,0.460000,61.209999,-5.650000,-0.070000,281.630005,96.300003,70167.976562,34.6,103.1,53.462502,PM2.5,17425
37.340000,52.299999,15.150000,3.940000,0.460000,61.169998,-6.240000,-0.950000,281.799988,96.139999,71080.226562,34.6,103.27,52.924999,PM2.5,17426
37.110001,51.860001,15.020000,4.240000,0.450000,58.930000,-6.090000,-1.330000,281.869995,96.589996,71925.648438,34.6,103.43,52.637501,PM2.5,17427
37.389999,52.110001,14.750000,4.700000,0.450000,55.279999,-5.260000,-0.700000,281.720001,98.330002,72478.031250,34.6,103.6,52.987499,PM2.5,17428
38.470001,53.220001,14.770000,4.590000,0.450000,54.330002,-4.720000,0.620000,281.929993,99.290001,73052.882812,34.61,103.76,54.337502,PM2.5,17429
38.720001,53.599998,14.880000,4.470000,0.450000,55.189999,-4.460000,1.980000,282.429993,98.070000,73427.421875,34.61,103.93,54.650002,PM2.5,17430
36.520000,51.770000,14.370000,4.930000,0.450000,52.270000,-3.510000,1.580000,282.010010,99.239998,72773.210938,34.61,104.09,51.900002,PM2.5,17431
32.049999,47.560001,13.740000,5.780000,0.450000,48.590000,-2.460000,0.100000,281.700012,100.000000,72808.226562,34.61,104.26,47.560001,PM10,17432
28.860001,45.049999,13.640000,6.450000,0.450000,48.610001,-1.750000,-0.880000,282.570007,99.709999,75097.226562,34.61,104.42,45.049999,PM10,17433
25.879999,43.500000,13.540000,7.160000,0.470000,51.709999,-1.410000,-0.810000,284.109985,97.010002,77816.093750,34.61,104.59,43.500000,PM10,17434
22.660000,41.070000,13.310000,7.760000,0.490000,52.980000,-1.590000,0.570000,284.959991,95.540001,79268.101562,34.61,104.75,41.070000,PM10,17435
19.760000,38.220001,13.350000,8.200000,0.490000,54.500000,-1.480000,1.700000,285.170013,95.790001,79801.390625,34.61,104.92,38.220001,PM10,17436
16.170000,34.450001,13.660000,9.560000,0.500000,55.660000,-1.250000,1.500000,284.959991,97.730003,79686.968750,34.61,105.08,34.450001,PM10,17437
12.490000,30.260000,14.390000,12.650000,0.530000,56.619999,-1.470000,1.560000,285.690002,96.599998,81112.679688,34.61,105.25,30.260000,PM10,17438
9.900000,27.490000,13.690000,15.560000,0.550000,53.259998,-1.740000,1.090000,287.029999,93.970001,83718.992188,34.61,105.41,27.490000,PM10,17439
7.690000,25.389999,13.520000,19.809999,0.560000,52.639999,-1.970000,0.180000,287.489990,93.900002,84781.296875,34.61,105.58,25.389999,PM10,17440
8.250000,24.840000,11.360000,16.340000,0.530000,56.660000,-2.320000,0.060000,288.089996,92.739998,85846.039062,34.61,105.74,24.840000,PM10,17441
10.010000,25.129999,9.770000,10.930000,0.480000,62.610001,-2.750000,0.760000,288.839996,89.169998,86504.687500,34.61,105.91,25.129999,PM10,17442
13.600000,27.379999,8.850000,4.810000,0.430000,69.449997,-3.610000,2.040000,288.119995,90.139999,85034.320312,34.61,106.07,27.379999,PM10,17443
14.370000,27.610001,8.250000,3.920000,0.420000,71.669998,-4.160000,2.610000,286.910004,94.690002,83576.703125,34.61,106.24,27.610001,PM10,17444
42.389999,49.060001,12.300000,2.740000,0.350000,62.509998,-4.980000,0.970000,279.649994,96.970001,64164.429688,34.71,101.94,59.237499,PM2.5,17675
41.070000,49.459999,12.760000,2.870000,0.370000,62.150002,-4.400000,0.020000,279.649994,97.559998,64892.140625,34.72,102.1,57.587502,PM2.5,17676
40.250000,50.090000,13.200000,3.120000,0.400000,60.980000,-4.200000,-0.790000,280.000000,97.849998,66063.656250,34.72,102.27,56.562500,PM2.5,17677
39.840000,51.110001,13.660000,3.290000,0.420000,59.590000,-4.330000,-1.320000,280.200012,98.459999,67229.000000,34.72,102.44,56.049999,PM2.5,17678
38.720001,51.259998,13.800000,3.420000,0.440000,59.580002,-4.400000,-1.010000,280.500000,98.050003,68111.078125,34.73,102.6,54.650002,PM2.5,17679
37.580002,51.200001,13.850000,3.720000,0.460000,60.090000,-4.080000,-0.540000,280.720001,97.989998,68888.687500,34.73,102.77,53.225002,PM2.5,17680
37.230000,51.419998,14.120000,3.580000,0.460000,62.090000,-4.640000,0.490000,281.179993,97.320000,69804.101562,34.73,102.93,52.787498,PM2.5,17681
37.000000,51.400002,14.300000,3.620000,0.460000,62.900002,-6.300000,0.340000,281.190002,96.610001,70181.531250,34.73,103.1,52.500000,PM2.5,17682
37.189999,51.529999,14.340000,3.850000,0.460000,62.310001,-6.890000,-1.050000,280.929993,96.919998,70281.476562,34.74,103.26,52.737499,PM2.5,17683
36.720001,51.029999,13.860000,4.430000,0.460000,57.520000,-5.550000,-1.380000,280.480011,98.830002,70354.390625,34.74,103.43,52.150002,PM2.5,17684
35.810001,50.250000,13.350000,5.070000,0.470000,53.220001,-3.750000,-0.650000,280.760010,99.790001,71425.960938,34.74,103.59,51.012501,PM2.5,17685
35.340000,49.840000,13.510000,4.760000,0.460000,54.130001,-3.270000,0.640000,281.739990,98.160004,72932.156250,34.74,103.76,50.424999,PM2.5,17686
35.509998,49.820000,13.450000,4.780000,0.460000,53.230000,-3.720000,2.430000,281.299988,99.529999,71704.921875,34.74,103.92,50.637497,PM2.5,17687
34.259998,48.799999,13.300000,5.290000,0.460000,51.410000,-3.000000,1.940000,280.510010,100.000000,70403.023438,34.74,104.09,48.942856,PM2.5,17688
30.070000,45.500000,13.220000,6.420000,0.460000,49.150002,-1.560000,-0.570000,281.250000,100.000000,73059.070312,34.75,104.26,45.500000,PM10,17689
27.650000,43.939999,13.820000,7.120000,0.460000,51.680000,-1.060000,-1.150000,283.059998,98.190002,76628.609375,34.75,104.42,43.939999,PM10,17690
25.240000,42.889999,14.080000,8.250000,0.490000,55.080002,-1.650000,-0.770000,284.660004,96.339996,79404.976562,34.75,104.59,42.889999,PM10,17691
21.600000,39.799999,14.080000,9.110000,0.500000,56.439999,-2.550000,-0.620000,285.839996,95.199997,81592.703125,34.75,104.75,39.799999,PM10,17692
17.860001,36.430000,14.150000,10.380000,0.510000,55.549999,-2.540000,-0.620000,286.220001,95.360001,82509.843750,34.75,104.92,36.430000,PM10,17693
13.820000,32.630001,14.620000,11.920000,0.520000,56.869999,-2.200000,-0.800000,286.950012,94.129997,83863.382812,34.75,105.08,32.630001,PM10,17694
10.690000,28.990000,14.770000,13.520000,0.540000,58.119999,-2.440000,-0.110000,288.109985,89.830002,85404.960938,34.75,105.25,28.990000,PM10,17695
9.100000,26.660000,14.210000,15.350000,0.550000,57.290001,-2.460000,0.460000,288.160004,90.769997,85619.156250,34.75,105.41,26.660000,PM10,17696
7.740000,25.020000,13.490000,18.490000,0.550000,56.220001,-2.500000,0.460000,287.839996,93.070000,85315.718750,34.75,105.58,25.020000,PM10,17697
8.870000,25.219999,11.490000,15.300000,0.520000,59.720001,-2.930000,1.040000,287.790009,93.339996,85164.906250,34.75,105.74,25.219999,PM10,17698
10.380000,25.610001,9.970000,11.930000,0.490000,63.369999,-2.830000,1.400000,287.480011,94.610001,84564.000000,34.74,105.91,25.610001,PM10,17699
14.030000,27.780001,8.950000,5.830000,0.430000,69.709999,-2.660000,1.920000,287.399994,93.629997,84190.296875,34.74,106.08,27.780001,PM10,17700
14.170000,27.430000,8.460000,4.670000,0.420000,72.360001,-3.400000,2.270000,287.459991,90.860001,83747.171875,34.74,106.24,27.430000,PM10,17701
15.040000,27.780001,8.200000,4.720000,0.420000,75.550003,-3.630000,1.470000,286.019989,94.080002,81385.867188,34.74,106.41,27.780001,PM10,17702
41.950001,50.419998,13.110000,3.600000,0.380000,58.880001,-4.210000,0.710000,278.820007,98.589996,64406.781250,34.85,102.1,58.687500,PM2.5,17933
40.790001,50.820000,13.250000,3.800000,0.410000,57.529999,-4.160000,-0.140000,278.750000,99.820000,65065.199219,34.86,102.27,57.237503,PM2.5,17934
39.169998,50.840000,13.140000,3.930000,0.440000,56.939999,-4.250000,-0.640000,278.859985,100.000000,66115.750000,34.86,102.43,55.212498,PM2.5,17935
37.680000,50.560001,12.950000,4.160000,0.460000,57.209999,-4.010000,-1.150000,279.200012,99.959999,67282.351562,34.86,102.6,53.349998,PM2.5,17936
35.509998,49.660000,12.780000,4.330000,0.470000,58.880001,-3.230000,-1.000000,279.899994,99.029999,68574.296875,34.86,102.76,50.637497,PM2.5,17937
33.720001,48.669998,12.800000,3.680000,0.470000,61.599998,-4.210000,0.740000,281.200012,94.870003,69762.343750,34.87,102.93,48.669998,PM10,17938
33.860001,48.639999,12.600000,3.370000,0.460000,61.549999,-6.490000,1.240000,280.739990,95.250000,68961.843750,34.87,103.09,48.639999,PM10,17939
34.570000,49.459999,11.900000,3.920000,0.470000,55.340000,-6.190000,0.210000,279.220001,99.570000,67788.617188,34.87,103.26,49.459999,PM10,17940
34.279999,49.290001,11.560000,4.370000,0.480000,52.720001,-3.880000,-0.150000,279.070007,100.000000,68158.656250,34.87,103.43,49.290001,PM10,17941
32.740002,48.110001,11.130000,5.780000,0.490000,49.860001,-1.780000,-0.850000,280.359985,100.000000,70998.187500,34.88,103.59,48.110001,PM10,17942
31.190001,46.790001,11.320000,5.680000,0.480000,51.840000,-0.800000,-1.160000,282.109985,96.860001,73928.257812,34.88,103.76,46.790001,PM10,17943
32.160000,47.240002,11.830000,5.130000,0.470000,53.570000,-1.910000,1.240000,281.519989,97.129997,72153.640625,34.88,103.92,47.240002,PM10,17944
31.100000,46.360001,11.850000,5.850000,0.470000,51.310001,-2.560000,1.500000,280.230011,100.000000,70902.453125,34.88,104.09,46.360001,PM10,17945
27.639999,43.900002,12.240000,7.380000,0.470000,49.849998,-1.260000,-0.270000,281.809998,99.709999,74846.968750,34.88,104.25,43.900002,PM10,17946
25.379999,42.259998,13.210000,8.140000,0.470000,52.549999,-0.710000,-0.580000,283.920013,96.150002,78283.359375,34.88,104.42,42.259998,PM10,17947
23.930000,41.980000,14.260000,9.740000,0.490000,56.740002,-1.750000,0.030000,285.010010,95.639999,79945.367188,34.88,104.59,41.980000,PM10,17948
22.180000,40.169998,14.300000,9.890000,0.500000,59.669998,-3.130000,0.660000,285.600006,95.839996,81080.531250,34.88,104.75,40.169998,PM10,17949
19.070000,37.209999,14.560000,11.540000,0.500000,58.849998,-3.420000,0.330000,285.630005,97.000000,81558.367188,34.88,104.92,37.209999,PM10,17950
14.400000,33.080002,15.600000,14.470000,0.530000,58.220001,-2.760000,0.000000,286.790009,95.089996,83766.671875,34.88,105.08,33.080002,PM10,17951
12.010000,29.820000,13.900000,12.750000,0.530000,58.689999,-2.410000,0.280000,287.769989,92.239998,85099.062500,34.88,105.25,29.820000,PM10,17952
11.500000,28.139999,13.040000,12.180000,0.520000,59.840000,-2.180000,0.480000,287.380005,94.110001,84455.359375,34.88,105.41,28.139999,PM10,17953
11.150000,26.780001,11.940000,12.230000,0.510000,60.509998,-2.150000,0.710000,287.510010,93.989998,84636.960938,34.88,105.58,26.780001,PM10,17954
12.610000,27.600000,10.770000,9.870000,0.480000,63.430000,-2.440000,1.580000,287.470001,93.629997,84319.453125,34.88,105.75,27.600000,PM10,17955
14.230000,28.559999,9.850000,7.840000,0.450000,67.000000,-2.450000,2.110000,286.829987,95.589996,83275.390625,34.88,105.91,28.559999,PM10,17956
14.980000,28.740000,9.290000,6.260000,0.430000,71.059998,-2.780000,2.300000,287.070007,93.190002,83380.953125,34.88,106.08,28.740000,PM10,17957
15.060000,28.440001,8.840000,5.500000,0.430000,73.750000,-3.720000,1.950000,286.959991,89.940002,82483.296875,34.88,106.24,28.440001,PM10,17958
16.180000,29.059999,8.550000,6.070000,0.440000,74.650002,-2.670000,1.300000,284.720001,97.699997,79661.140625,34.88,106.41,29.059999,PM10,17959
42.240002,51.689999,13.800000,5.020000,0.420000,54.220001,-3.330000,-0.260000,278.299988,100.000000,65674.000000,34.99,102.26,59.050003,PM2.5,18191
38.250000,49.779999,12.790000,5.240000,0.460000,54.360001,-3.740000,-0.110000,278.570007,99.989998,66618.273438,34.99,102.43,54.062500,PM2.5,18192
35.770000,48.630001,11.920000,5.540000,0.490000,54.180000,-3.590000,-0.770000,278.320007,100.000000,66712.468750,35.0,102.59,50.962502,PM2.5,18193
33.310001,47.560001,11.370000,6.000000,0.510000,54.810001,-2.070000,-1.470000,279.309998,99.760002,68442.773438,35.0,102.76,47.585716,PM2.5,18194
30.889999,46.730000,11.420000,4.800000,0.500000,58.669998,-3.160000,-0.060000,281.290009,92.870003,69902.843750,35.0,102.93,46.730000,PM10,18195
31.799999,47.889999,11.410000,3.840000,0.490000,59.599998,-5.560000,1.490000,280.059998,96.010002,67979.093750,35.01,103.09,47.889999,PM10,18196
32.700001,48.730000,10.700000,4.260000,0.500000,54.459999,-4.760000,1.410000,278.260010,100.000000,66320.617188,35.01,103.26,48.730000,PM10,18197
31.549999,47.840000,10.140000,4.990000,0.500000,51.740002,-2.370000,0.500000,278.390015,100.000000,67415.742188,35.01,103.42,47.840000,PM10,18198
28.620001,45.750000,9.440000,6.830000,0.530000,48.660000,-0.690000,-1.500000,280.200012,100.000000,71545.289062,35.01,103.59,45.750000,PM10,18199
27.500000,44.700001,9.850000,6.760000,0.520000,52.009998,-0.450000,-2.620000,282.279999,97.669998,75436.406250,35.01,103.75,44.700001,PM10,18200
27.650000,44.680000,10.030000,6.580000,0.500000,51.939999,-1.890000,-0.740000,282.250000,96.809998,74787.476562,35.02,103.92,44.680000,PM10,18201
27.350000,44.200001,10.350000,6.800000,0.490000,51.720001,-2.330000,0.340000,281.790009,99.050003,74822.226562,35.02,104.09,44.200001,PM10,18202
24.910000,42.180000,10.960000,7.460000,0.480000,52.270000,-1.110000,-0.110000,283.399994,96.820000,77855.546875,35.02,104.25,42.180000,PM10,18203
23.180000,40.689999,11.940000,8.030000,0.470000,54.029999,-1.000000,-0.510000,284.839996,94.330002,79803.687500,35.02,104.42,40.689999,PM10,18204
22.990000,40.830002,12.990000,8.710000,0.470000,57.490002,-2.010000,-0.180000,285.630005,94.080002,80750.296875,35.02,104.58,40.830002,PM10,18205
22.910000,40.529999,13.460000,8.750000,0.480000,61.310001,-2.980000,1.140000,285.660004,95.230003,80831.726562,35.02,104.75,40.529999,PM10,18206
20.360001,37.990002,13.720000,9.930000,0.490000,60.650002,-3.350000,1.540000,285.260010,97.300003,80600.531250,35.02,104.92,37.990002,PM10,18207
16.680000,34.509998,14.080000,11.410000,0.500000,60.459999,-2.960000,1.280000,285.890015,96.629997,81855.250000,35.02,105.08,34.509998,PM10,18208
15.130000,32.020000,13.250000,10.490000,0.500000,61.240002,-2.530000,1.130000,286.350006,95.669998,82508.617188,35.02,105.25,32.020000,PM10,18209
14.120000,30.090000,12.520000,10.590000,0.500000,61.139999,-2.050000,0.880000,286.369995,96.010002,82574.976562,35.02,105.42,30.090000,PM10,18210
13.460000,28.440001,11.640000,10.460000,0.500000,62.220001,-1.600000,0.690000,286.989990,94.919998,83659.437500,35.02,105.58,28.440001,PM10,18211
13.050000,27.709999,10.810000,9.280000,0.480000,64.599998,-1.550000,1.360000,287.390015,93.279999,84046.796875,35.02,105.75,27.709999,PM10,18212
13.560000,27.799999,10.040000,8.260000,0.460000,67.220001,-1.860000,2.010000,287.369995,92.180000,83722.820312,35.02,105.91,27.799999,PM10,18213
14.110000,27.990000,9.510000,7.680000,0.450000,69.660004,-2.910000,2.460000,287.459991,89.209999,83237.242188,35.02,106.08,27.990000,PM10,18214
15.740000,29.240000,8.810000,7.300000,0.450000,69.250000,-3.560000,1.850000,285.750000,92.660004,80425.453125,35.01,106.25,29.240000,PM10,18215
16.070000,29.150000,8.330000,9.010000,0.470000,67.589996,-1.670000,1.350000,283.869995,99.680000,78377.859375,35.01,106.41,29.150000,PM10,18216
21.219999,32.900002,7.230000,7.430000,0.620000,61.520000,-0.480000,-0.490000,288.899994,91.750000,87725.656250,35.0,107.24,32.900002,PM10,18221
24.160000,35.660000,6.750000,8.600000,0.680000,56.549999,-0.450000,-0.490000,289.179993,91.970001,88046.132812,35.0,107.41,35.660000,PM10,18222
27.570000,39.360001,6.380000,10.930000,0.750000,49.709999,-0.580000,-0.390000,289.540009,91.750000,88354.406250,34.99,107.57,39.385715,PM2.5,18223
30.500000,43.110001,5.990000,15.420000,0.870000,41.930000,-0.800000,0.540000,289.910004,91.019997,88596.351562,34.99,107.74,43.571430,PM2.5,18224
38.299999,49.130001,12.840000,5.970000,0.460000,53.779999,-3.760000,-0.560000,278.660004,99.540001,67897.843750,35.13,102.42,54.125000,PM2.5,18445
34.320000,46.540001,11.220000,6.550000,0.500000,53.160000,-3.920000,-0.940000,278.000000,100.000000,67524.867188,35.13,102.59,49.028572,PM2.5,18446
31.410000,44.759998,10.200000,7.840000,0.530000,51.340000,-2.800000,-2.880000,278.720001,99.959999,69128.882812,35.14,102.76,44.871429,PM2.5,18447
29.260000,44.209999,9.470000,8.370000,0.560000,50.599998,-3.210000,-2.900000,279.450012,98.839996,69264.062500,35.14,102.92,44.209999,PM10,18448
29.270000,45.520000,9.390000,7.080000,0.550000,51.840000,-3.960000,-0.310000,278.410004,100.000000,66670.179688,35.14,103.09,45.520000,PM10,18449
28.620001,45.610001,9.040000,6.560000,0.550000,50.400002,-2.820000,-0.010000,277.950012,100.000000,66843.296875,35.14,103.25,45.610001,PM10,18450
27.200001,44.840000,8.840000,6.840000,0.540000,50.180000,-1.430000,-0.250000,278.989990,100.000000,69466.171875,35.15,103.42,44.840000,PM10,18451
25.350000,43.759998,8.810000,7.520000,0.560000,50.529999,-0.680000,-1.160000,280.660004,99.989998,73262.398438,35.15,103.59,43.759998,PM10,18452
24.370001,42.939999,9.120000,7.420000,0.540000,53.349998,-0.920000,-1.720000,282.589996,97.459999,76631.156250,35.15,103.75,42.939999,PM10,18453
24.180000,42.700001,9.210000,7.340000,0.530000,53.320000,-2.070000,-1.050000,283.040009,96.760002,77313.117188,35.15,103.92,42.700001,PM10,18454
23.740000,41.959999,9.300000,7.130000,0.500000,52.959999,-2.080000,-0.040000,283.220001,97.559998,77727.703125,35.15,104.09,41.959999,PM10,18455
22.400000,40.599998,9.810000,7.260000,0.470000,54.040001,-1.930000,-0.440000,284.179993,95.419998,78931.132812,35.15,104.25,40.599998,PM10,18456
22.000000,39.930000,10.580000,7.420000,0.460000,55.919998,-2.610000,-1.390000,284.700012,94.389999,79365.843750,35.15,104.42,39.930000,PM10,18457
22.139999,39.700001,11.320000,7.650000,0.460000,57.230000,-2.570000,-1.290000,285.010010,95.160004,79740.640625,35.16,104.58,39.700001,PM10,18458
23.030001,40.110001,12.200000,7.340000,0.460000,60.750000,-2.490000,0.200000,285.440002,95.160004,80321.226562,35.16,104.75,40.110001,PM10,18459
21.920000,38.950001,12.740000,7.960000,0.470000,63.340000,-2.960000,1.630000,285.350006,95.940002,80316.539062,35.16,104.92,38.950001,PM10,18460
19.129999,36.180000,13.020000,8.980000,0.480000,63.189999,-2.970000,1.640000,285.369995,96.419998,80511.093750,35.16,105.08,36.180000,PM10,18461
17.660000,33.889999,12.780000,9.310000,0.490000,62.389999,-2.520000,1.530000,285.489990,96.620003,80804.976562,35.16,105.25,33.889999,PM10,18462
16.340000,31.820000,12.410000,9.890000,0.490000,61.529999,-2.020000,1.070000,285.839996,96.570000,81534.796875,35.16,105.42,31.820000,PM10,18463
15.380000,29.980000,11.650000,9.710000,0.490000,62.939999,-1.510000,0.590000,286.690002,94.919998,83064.242188,35.15,105.58,29.980000,PM10,18464
13.110000,27.799999,11.100000,9.670000,0.490000,65.169998,-1.320000,0.990000,287.369995,92.379997,83959.367188,35.15,105.75,27.799999,PM10,18465
12.640000,27.049999,10.440000,9.570000,0.490000,66.709999,-1.570000,1.770000,287.609985,89.989998,83921.710938,35.15,105.91,27.049999,PM10,18466
13.860000,27.980000,10.010000,9.350000,0.480000,69.300003,-2.640000,2.150000,287.290009,88.019997,82657.343750,35.15,106.08,27.980000,PM10,18467
16.510000,30.160000,9.340000,8.900000,0.470000,68.750000,-2.740000,1.750000,284.899994,94.940002,79250.898438,35.15,106.25,30.160000,PM10,18468
16.299999,29.690001,8.440000,10.880000,0.500000,64.690002,-1.120000,1.560000,283.970001,98.839996,78440.851562,35.15,106.41,29.690001,PM10,18469
11.270000,24.469999,6.830000,17.860001,0.590000,55.380001,-0.650000,0.610000,286.279999,94.139999,82635.828125,35.15,106.58,24.469999,PM10,18470
11.600000,24.080000,7.000000,12.580000,0.600000,57.400002,-0.710000,0.140000,287.950012,91.769997,85858.820312,35.14,106.75,24.080000,PM10,18471
13.280000,25.670000,7.470000,9.570000,0.600000,60.669998,-0.270000,0.550000,288.420013,90.900002,86553.242188,35.14,106.91,25.670000,PM10,18472
17.110001,28.959999,7.720000,7.340000,0.590000,63.020000,-0.170000,0.450000,288.559998,91.629997,86893.851562,35.14,107.08,28.959999,PM10,18473
19.740000,31.139999,7.670000,7.290000,0.610000,62.009998,-0.210000,-0.030000,288.739990,91.669998,87267.109375,35.14,107.24,31.139999,PM10,18474
21.799999,32.930000,7.160000,8.310000,0.650000,58.209999,-0.170000,-0.320000,288.929993,91.750000,87596.257812,35.13,107.41,32.930000,PM10,18475
23.469999,35.009998,6.460000,11.100000,0.730000,51.500000,-0.220000,-0.480000,289.309998,91.599998,88098.601562,35.13,107.58,35.009998,PM10,18476
39.209999,48.880001,13.240000,6.100000,0.450000,55.810001,-3.610000,-0.060000,278.660004,99.760002,68414.726562,35.27,102.42,55.262497,PM2.5,18697
33.880001,45.160000,11.170000,6.570000,0.490000,55.700001,-4.600000,-1.380000,278.399994,99.889999,68650.867188,35.27,102.59,48.400002,PM2.5,18698
31.139999,43.320000,10.010000,7.800000,0.520000,53.340000,-3.970000,-4.070000,278.299988,99.900002,69458.203125,35.27,102.75,44.485714,PM2.5,18699
28.260000,42.080002,8.960000,10.100000,0.580000,52.070000,-2.620000,-4.300000,278.130005,100.000000,69684.406250,35.28,102.92,42.080002,PM10,18700
26.020000,42.009998,8.600000,11.800000,0.640000,51.799999,-1.650000,-2.130000,278.269989,100.000000,68913.882812,35.28,103.08,42.009998,PM10,18701
25.080000,42.320000,8.130000,10.330000,0.620000,49.070000,-1.060000,-1.640000,279.529999,100.000000,71427.242188,35.28,103.25,42.320000,PM10,18702
23.930000,42.029999,8.100000,9.280000,0.590000,49.509998,-0.720000,-1.170000,281.320007,99.419998,74873.828125,35.28,103.42,42.029999,PM10,18703
22.430000,41.110001,8.280000,9.100000,0.580000,52.040001,-0.380000,-0.860000,282.429993,98.459999,76774.828125,35.28,103.58,41.110001,PM10,18704
21.799999,40.650002,8.390000,8.510000,0.560000,53.919998,-0.710000,-0.550000,283.470001,96.120003,78221.296875,35.29,103.75,40.650002,PM10,18705
21.600000,40.560001,8.470000,7.930000,0.540000,53.849998,-1.600000,-0.080000,283.760010,95.480003,78480.656250,35.29,103.92,40.560001,PM10,18706
21.570000,40.139999,8.430000,6.810000,0.480000,54.020000,-2.500000,-0.060000,283.549988,96.440002,77926.296875,35.29,104.08,40.139999,PM10,18707
21.299999,39.730000,8.780000,6.970000,0.460000,54.790001,-3.350000,-1.380000,283.510010,96.279999,77638.179688,35.29,104.25,39.730000,PM10,18708
21.299999,39.400002,9.270000,7.230000,0.450000,55.610001,-3.130000,-2.040000,283.420013,97.879997,77671.976562,35.29,104.42,39.400002,PM10,18709
20.969999,38.700001,9.900000,7.710000,0.450000,56.259998,-2.170000,-1.740000,284.019989,97.879997,78645.171875,35.29,104.58,38.700001,PM10,18710
21.520000,38.750000,10.900000,7.450000,0.450000,58.119999,-2.000000,-0.810000,284.989990,95.339996,79618.609375,35.29,104.75,38.750000,PM10,18711
22.480000,39.630001,11.760000,7.530000,0.470000,61.330002,-2.580000,1.160000,284.750000,96.690002,79139.882812,35.29,104.92,39.630001,PM10,18712
20.500000,37.500000,12.170000,8.460000,0.480000,62.220001,-2.730000,1.710000,284.559998,97.820000,79100.656250,35.29,105.08,37.500000,PM10,18713
19.059999,35.220001,12.290000,8.880000,0.480000,61.830002,-2.370000,1.710000,284.989990,97.389999,79909.953125,35.29,105.25,35.220001,PM10,18714
17.480000,32.930000,12.100000,9.510000,0.490000,60.779999,-2.040000,1.090000,285.630005,96.559998,81097.726562,35.29,105.42,32.930000,PM10,18715
16.290001,30.990000,11.940000,9.720000,0.490000,61.950001,-1.630000,0.640000,286.529999,94.769997,82717.453125,35.29,105.58,30.990000,PM10,18716
14.470000,29.139999,11.340000,10.050000,0.500000,63.709999,-1.580000,1.130000,287.029999,92.430000,83272.703125,35.29,105.75,29.139999,PM10,18717
14.370000,28.770000,10.830000,10.180000,0.490000,65.239998,-2.450000,2.020000,287.119995,90.089996,82894.906250,35.29,105.92,28.770000,PM10,18718
15.330000,29.590000,10.180000,10.680000,0.500000,65.120003,-3.460000,1.790000,286.140015,91.040001,81064.140625,35.29,106.08,29.590000,PM10,18719
17.049999,31.110001,9.130000,11.390000,0.510000,60.889999,-2.340000,1.440000,284.230011,98.120003,78790.203125,35.29,106.25,31.110001,PM10,18720
16.389999,30.040001,8.480000,12.410000,0.530000,60.040001,-0.880000,1.320000,284.859985,96.379997,79835.882812,35.28,106.42,30.040001,PM10,18721
12.320000,25.600000,7.320000,18.160000,0.610000,53.790001,-0.990000,0.510000,286.440002,94.389999,82868.773438,35.28,106.58,25.600000,PM10,18722
12.020000,24.660000,7.530000,14.430000,0.620000,55.930000,-0.740000,0.100000,287.670013,92.519997,85346.359375,35.28,106.75,24.660000,PM10,18723
12.460000,24.990000,7.880000,11.250000,0.620000,58.830002,-0.240000,0.270000,288.739990,89.400002,87002.593750,35.28,106.92,24.990000,PM10,18724
15.340000,27.360001,8.280000,8.250000,0.610000,61.459999,-0.170000,0.390000,288.899994,89.919998,87293.656250,35.28,107.08,27.360001,PM10,18725
17.660000,29.120001,8.360000,7.860000,0.610000,61.849998,-0.120000,0.220000,288.809998,90.910004,87222.546875,35.27,107.25,29.120001,PM10,18726
19.330000,30.440001,7.830000,8.350000,0.650000,58.900002,-0.010000,-0.060000,288.989990,91.220001,87574.250000,35.27,107.41,30.440001,PM10,18727
20.940001,32.259998,7.290000,10.030000,0.710000,54.639999,-0.110000,-0.220000,289.320007,91.239998,88091.000000,35.27,107.58,32.259998,PM10,18728
24.090000,37.590000,5.740000,19.770000,0.920000,39.000000,-0.480000,0.370000,290.589996,90.089996,89848.976562,35.26,107.91,37.590000,PM10,18730
40.610001,48.930000,14.390000,5.160000,0.400000,60.450001,-4.200000,0.830000,278.940002,98.029999,68229.203125,35.4,102.42,57.012501,PM2.5,18946
35.369999,45.279999,12.310000,5.190000,0.440000,60.669998,-5.700000,-1.370000,278.429993,97.970001,67690.140625,35.41,102.58,50.462498,PM2.5,18947
32.099998,42.919998,10.320000,6.250000,0.470000,55.110001,-3.860000,-3.560000,277.570007,100.000000,67839.757812,35.41,102.75,45.857140,PM2.5,18948
27.410000,40.240002,8.550000,10.600000,0.560000,53.630001,-0.390000,-3.800000,279.200012,100.000000,72198.382812,35.41,102.92,40.240002,PM10,18949
24.430000,39.840000,7.880000,15.100000,0.680000,50.980000,0.750000,-2.600000,281.100006,99.980003,75771.867188,35.41,103.08,39.840000,PM10,18950
23.350000,40.009998,7.780000,14.300000,0.670000,49.700001,0.520000,-1.550000,282.140015,99.690002,77185.062500,35.42,103.25,40.009998,PM10,18951
21.990000,39.310001,7.760000,12.420000,0.640000,51.660000,0.170000,-0.980000,283.140015,97.089996,78228.273438,35.42,103.42,39.310001,PM10,18952
20.049999,38.099998,7.740000,11.410000,0.610000,52.930000,0.120000,-1.170000,283.899994,95.360001,79033.148438,35.42,103.58,38.099998,PM10,18953
18.830000,37.549999,7.800000,10.050000,0.580000,54.000000,-0.320000,-0.120000,284.769989,92.449997,79939.312500,35.42,103.75,37.549999,PM10,18954
18.860001,37.689999,7.710000,8.400000,0.530000,54.080002,-1.800000,0.580000,284.649994,92.070000,79370.101562,35.42,103.92,37.689999,PM10,18955
20.209999,38.439999,7.640000,6.840000,0.470000,54.630001,-3.620000,-1.290000,283.649994,93.910004,77588.382812,35.42,104.08,38.439999,PM10,18956
20.150000,38.520000,7.610000,7.260000,0.460000,52.889999,-3.730000,-2.110000,282.619995,99.199997,76594.421875,35.43,104.25,38.520000,PM10,18957
19.889999,38.220001,7.970000,7.780000,0.450000,53.250000,-2.360000,-1.830000,282.989990,99.660004,77374.187500,35.43,104.42,38.220001,PM10,18958
19.299999,37.610001,8.690000,8.500000,0.450000,55.060001,-1.610000,-1.660000,284.250000,97.419998,79251.789062,35.43,104.58,37.610001,PM10,18959
19.110001,37.150002,9.500000,8.540000,0.450000,55.029999,-1.800000,-1.430000,284.980011,94.930000,79840.343750,35.43,104.75,37.150002,PM10,18960
19.870001,38.009998,10.470000,8.500000,0.460000,55.500000,-2.100000,-0.140000,284.660004,96.830002,79094.593750,35.43,104.92,38.009998,PM10,18961
20.350000,37.970001,11.210000,8.750000,0.480000,58.090000,-2.200000,1.090000,284.750000,97.430000,79271.226562,35.43,105.08,37.970001,PM10,18962
19.620001,36.130001,11.920000,8.760000,0.480000,60.189999,-2.400000,1.670000,285.200012,96.389999,80036.843750,35.43,105.25,36.130001,PM10,18963
18.320000,34.090000,12.220000,9.450000,0.480000,58.820000,-2.140000,1.120000,285.549988,96.660004,80851.398438,35.43,105.42,34.090000,PM10,18964
16.900000,32.130001,12.440000,10.060000,0.490000,59.619999,-1.490000,0.820000,286.320007,95.029999,82244.140625,35.43,105.58,32.130001,PM10,18965
16.139999,30.910000,11.810000,10.250000,0.490000,62.099998,-1.370000,1.390000,286.820007,92.330002,82742.000000,35.43,105.75,30.910000,PM10,18966
16.230000,30.540001,11.150000,10.290000,0.490000,64.099998,-2.480000,2.300000,286.799988,89.400002,81926.179688,35.42,105.92,30.540001,PM10,18967
14.160000,27.600000,8.130000,17.110001,0.610000,52.860001,-1.150000,0.150000,286.730011,94.309998,83277.132812,35.42,106.58,27.600000,PM10,18971
12.210000,25.139999,8.020000,17.559999,0.650000,52.770000,-0.780000,0.210000,287.359985,94.220001,84809.390625,35.42,106.75,25.139999,PM10,18972
11.830000,24.629999,8.360000,14.510000,0.660000,55.139999,-0.340000,0.110000,288.399994,91.769997,86683.257812,35.41,106.92,24.629999,PM10,18973
14.230000,26.379999,9.050000,9.310000,0.620000,60.970001,-0.080000,0.140000,288.950012,90.230003,87462.617188,35.41,107.08,26.379999,PM10,18974
14.910000,26.780001,9.130000,9.170000,0.640000,60.160000,0.030000,0.110000,288.950012,90.860001,87444.226562,35.41,107.25,26.780001,PM10,18975
15.700000,27.230000,8.690000,9.250000,0.670000,58.590000,-0.010000,-0.080000,289.230011,90.419998,87880.976562,35.41,107.42,27.230000,PM10,18976
17.260000,28.799999,8.260000,9.170000,0.710000,56.970001,-0.090000,-0.220000,289.609985,90.379997,88510.046875,35.4,107.58,28.799999,PM10,18977
19.639999,31.350000,7.760000,9.930000,0.750000,53.439999,-0.100000,-0.070000,289.750000,91.389999,88764.789062,35.4,107.75,31.350000,PM10,18978
24.270000,36.459999,7.330000,12.170000,0.830000,48.040001,-0.060000,0.400000,289.980011,91.949997,89061.968750,35.4,107.92,36.459999,PM10,18979
29.010000,41.689999,7.120000,14.740000,0.910000,45.029999,-0.160000,1.190000,290.049988,91.410004,88752.578125,35.39,108.08,41.689999,PM10,18980
37.259998,49.119999,7.520000,14.110000,0.920000,44.950001,-0.300000,2.150000,289.519989,92.870003,87716.093750,35.39,108.25,52.824997,PM2.5,18981
43.709999,55.330002,8.120000,13.550000,0.920000,47.230000,-0.600000,2.880000,288.799988,94.559998,86220.101562,35.38,108.42,60.887497,PM2.5,18982
46.700001,58.369999,8.660000,14.450000,0.910000,49.310001,-0.690000,2.970000,288.109985,95.830002,84982.320312,35.38,108.58,64.625000,PM2.5,18983
36.610001,46.380001,13.380000,6.870000,0.440000,54.540001,-5.930000,0.540000,277.079987,99.699997,65581.406250,35.54,102.58,52.012501,PM2.5,19192
31.549999,42.630001,10.810000,7.920000,0.490000,53.849998,-3.870000,-0.460000,276.709991,100.000000,66408.796875,35.54,102.74,45.071426,PM2.5,19193
25.450001,38.080002,8.080000,12.540000,0.580000,53.509998,-0.360000,-2.520000,280.260010,99.910004,73994.171875,35.55,102.91,38.080002,PM10,19194
21.840000,36.830002,7.650000,18.250000,0.710000,52.860001,1.400000,-2.390000,283.970001,93.739998,80149.070312,35.55,103.08,36.830002,PM10,19195
21.809999,36.380001,7.610000,17.980000,0.690000,52.910000,1.160000,-1.270000,283.929993,96.650002,79892.742188,35.55,103.25,36.380001,PM10,19196
21.650000,36.090000,7.830000,15.940000,0.650000,56.680000,-0.380000,-1.090000,283.600006,96.820000,78642.828125,35.55,103.41,36.090000,PM10,19197
19.940001,35.720001,7.420000,13.090000,0.610000,55.779999,-0.540000,-1.480000,284.269989,94.050003,79447.851562,35.56,103.58,35.720001,PM10,19198
18.540001,35.820000,7.480000,9.280000,0.550000,57.259998,-1.020000,-0.040000,285.390015,88.709999,80281.406250,35.56,103.75,35.820000,PM10,19199
19.120001,36.750000,7.440000,8.080000,0.520000,57.279999,-3.690000,-0.360000,284.350006,89.470001,78155.273438,35.56,103.91,36.750000,PM10,19200
19.980000,37.939999,7.320000,7.980000,0.490000,55.000000,-4.310000,-2.620000,282.480011,97.360001,76161.937500,35.56,104.08,37.939999,PM10,19201
18.860001,37.330002,7.110000,8.830000,0.480000,52.310001,-2.610000,-2.080000,282.640015,99.940002,76965.820312,35.56,104.25,37.330002,PM10,19202
18.620001,37.340000,7.520000,9.260000,0.470000,54.529999,-1.620000,-1.550000,283.899994,98.540001,78935.703125,35.56,104.42,37.340000,PM10,19203
18.020000,36.790001,8.040000,9.630000,0.460000,55.720001,-1.770000,-1.910000,284.790009,95.879997,80126.117188,35.56,104.58,36.790001,PM10,19204
18.370001,36.799999,8.600000,9.520000,0.450000,54.189999,-2.080000,-2.350000,284.859985,96.260002,80122.382812,35.56,104.75,36.799999,PM10,19205
18.799999,37.650002,9.700000,9.510000,0.460000,53.560001,-1.900000,-1.760000,285.029999,96.820000,80269.343750,35.56,104.92,37.650002,PM10,19206
18.760000,37.389999,10.470000,9.710000,0.480000,53.209999,-1.830000,-0.350000,285.619995,95.190002,80674.117188,35.56,105.08,37.389999,PM10,19207
19.610001,36.880001,11.690000,9.760000,0.490000,56.209999,-2.210000,1.280000,285.559998,95.269997,80338.296875,35.56,105.25,36.880001,PM10,19208
18.850000,35.270000,12.550000,10.600000,0.490000,56.020000,-2.190000,1.190000,285.440002,96.910004,80500.421875,35.56,105.42,35.270000,PM10,19209
17.170000,33.180000,13.350000,11.820000,0.500000,56.950001,-1.680000,0.840000,286.140015,95.220001,81744.000000,35.56,105.58,33.180000,PM10,19210
17.030001,32.209999,12.660000,11.290000,0.490000,60.180000,-1.680000,1.130000,286.829987,91.320000,82405.148438,35.56,105.75,32.209999,PM10,19211
11.390000,25.520000,8.770000,25.910000,0.690000,47.009998,-1.070000,-0.140000,287.329987,93.440002,84278.023438,35.55,106.59,32.387501,NO2,19216
12.420000,25.870001,8.750000,28.900000,0.660000,45.919998,-0.680000,0.450000,287.799988,93.150002,85294.843750,35.55,106.75,36.125000,NO2,19217
12.780000,26.020000,9.190000,23.590000,0.650000,49.049999,-0.390000,0.610000,288.029999,93.309998,86049.093750,35.55,106.92,29.487499,NO2,19218
14.550000,27.000000,9.780000,10.560000,0.630000,57.939999,-0.070000,0.510000,288.540009,92.320000,86982.367188,35.55,107.09,27.000000,PM10,19219
14.860000,26.940001,9.970000,9.050000,0.640000,58.869999,0.210000,0.210000,288.869995,91.849998,87445.898438,35.54,107.26,26.940001,PM10,19220
14.690000,26.570000,9.730000,9.250000,0.670000,58.500000,0.230000,0.040000,289.140015,91.389999,87796.203125,35.54,107.42,26.570000,PM10,19221
11.300000,24.549999,9.440000,12.490000,0.750000,55.029999,0.190000,-0.090000,289.329987,91.370003,88103.656250,35.54,107.59,24.549999,PM10,19222
16.230000,28.549999,8.860000,9.710000,0.740000,55.290001,0.280000,0.190000,289.519989,91.779999,88413.679688,35.53,107.76,28.549999,PM10,19223
21.750000,33.750000,8.320000,9.650000,0.780000,52.130001,0.270000,0.430000,289.890015,92.199997,89014.882812,35.53,107.92,33.750000,PM10,19224
28.910000,40.660000,8.210000,10.730000,0.820000,50.220001,0.220000,0.880000,289.829987,91.889999,88599.726562,35.53,108.09,41.299999,PM2.5,19225
35.119999,46.330002,8.280000,10.570000,0.840000,50.700001,0.290000,1.750000,289.339996,93.000000,87434.328125,35.52,108.26,50.149998,PM2.5,19226
40.090000,51.220001,8.440000,11.040000,0.860000,50.290001,0.230000,2.750000,288.720001,94.570000,85949.296875,35.52,108.42,56.362499,PM2.5,19227
43.259998,54.139999,9.070000,12.710000,0.880000,50.900002,0.090000,3.030000,288.190002,95.040001,84762.156250,35.51,108.59,60.324997,PM2.5,19228
29.900000,42.250000,12.520000,12.720000,0.540000,53.509998,-4.500000,0.750000,279.170013,99.959999,71258.062500,35.68,102.74,42.714287,PM2.5,19438
24.340000,36.880001,7.840000,16.760000,0.640000,55.139999,-1.070000,-1.240000,281.640015,99.800003,76447.382812,35.68,102.91,36.880001,PM10,19439
21.230000,34.830002,7.690000,20.990000,0.730000,54.759998,0.920000,-2.300000,284.700012,93.269997,80896.750000,35.69,103.08,34.830002,PM10,19440
21.080000,32.970001,7.440000,21.610001,0.710000,55.610001,-0.360000,-1.870000,284.709991,94.190002,80430.148438,35.69,103.24,32.970001,PM10,19441
21.620001,32.900002,7.300000,20.820000,0.680000,57.400002,-1.730000,-2.100000,283.839996,95.980003,78959.617188,35.69,103.41,32.900002,PM10,19442
19.980000,32.680000,7.070000,18.110001,0.650000,56.540001,-1.130000,-2.450000,284.660004,92.370003,79923.726562,35.69,103.58,32.680000,PM10,19443
18.799999,33.880001,7.220000,11.700000,0.570000,57.270000,-2.420000,-1.480000,284.910004,88.199997,79127.656250,35.69,103.75,33.880001,PM10,19444
19.700001,35.939999,7.210000,9.060000,0.540000,56.330002,-4.810000,-1.360000,282.019989,96.629997,75017.328125,35.7,103.91,35.939999,PM10,19445
19.180000,36.290001,7.000000,8.550000,0.510000,52.790001,-3.470000,-1.650000,281.450012,100.000000,74929.507812,35.7,104.08,36.290001,PM10,19446
18.870001,36.779999,7.240000,8.720000,0.490000,54.730000,-1.460000,-1.190000,283.450012,98.849998,78444.046875,35.7,104.25,36.779999,PM10,19447
18.620001,36.810001,7.670000,8.950000,0.470000,57.830002,-1.900000,-1.520000,284.890015,94.800003,80363.718750,35.7,104.41,36.810001,PM10,19448
18.370001,36.599998,7.980000,9.370000,0.460000,58.380001,-2.770000,-2.790000,284.970001,94.750000,80453.000000,35.7,104.58,36.599998,PM10,19449
18.530001,36.450001,8.330000,9.700000,0.450000,56.020000,-2.650000,-3.550000,284.940002,96.169998,80563.039062,35.7,104.75,36.450001,PM10,19450
18.940001,37.490002,9.480000,9.850000,0.460000,55.290001,-2.040000,-3.170000,285.630005,94.949997,81404.898438,35.7,104.92,37.490002,PM10,19451
18.940001,37.540001,10.360000,9.920000,0.470000,54.459999,-1.850000,-1.780000,286.109985,94.070000,81595.359375,35.7,105.08,37.540001,PM10,19452
20.070000,37.490002,11.630000,10.090000,0.490000,54.849998,-2.390000,0.480000,285.910004,94.769997,80876.648438,35.7,105.25,37.490002,PM10,19453
19.360001,35.919998,12.840000,10.760000,0.490000,55.689999,-2.890000,0.740000,285.709991,95.680000,80810.343750,35.7,105.42,35.919998,PM10,19454
17.809999,33.889999,13.790000,11.570000,0.500000,56.439999,-2.860000,0.270000,286.040009,94.379997,81374.460938,35.7,105.59,33.889999,PM10,19455
12.100000,26.320000,9.810000,24.400000,0.660000,49.230000,-0.790000,-0.160000,287.369995,93.199997,84228.218750,35.69,106.59,30.500000,NO2,19461
13.420000,27.129999,9.740000,28.610001,0.640000,46.360001,-0.480000,0.580000,288.000000,92.529999,85436.351562,35.69,106.76,35.762501,NO2,19462
13.870000,27.459999,10.360000,24.670000,0.640000,48.660000,-0.320000,1.050000,288.290009,92.300003,86178.851562,35.69,106.92,30.837500,NO2,19463
15.460000,28.350000,10.860000,10.960000,0.630000,57.000000,-0.050000,1.010000,288.559998,92.290001,86814.953125,35.68,107.09,28.350000,PM10,19464
15.620000,28.240000,11.070000,9.030000,0.640000,57.880001,0.320000,0.820000,288.739990,92.269997,87184.476562,35.68,107.26,28.240000,PM10,19465
14.890000,27.450001,10.890000,9.360000,0.670000,57.630001,0.520000,0.530000,288.899994,92.199997,87383.046875,35.68,107.43,27.450001,PM10,19466
10.280000,24.520000,10.890000,13.390000,0.760000,54.500000,0.570000,0.340000,288.820007,92.879997,87269.648438,35.67,107.59,24.520000,PM10,19467
14.240000,27.240000,10.030000,10.060000,0.730000,55.560001,0.580000,0.420000,289.359985,91.440002,88032.406250,35.67,107.76,27.240000,PM10,19468
19.000000,31.280001,9.310000,8.990000,0.750000,54.080002,0.450000,0.680000,289.910004,91.669998,89007.320312,35.67,107.93,31.280001,PM10,19469
27.850000,39.080002,9.050000,8.610000,0.760000,52.840000,0.460000,0.790000,289.600006,93.370003,88438.250000,35.66,108.09,39.785713,PM2.5,19470
33.529999,43.930000,9.260000,8.080000,0.760000,56.169998,0.700000,1.530000,289.170013,93.169998,87222.171875,35.66,108.26,47.899998,PM2.5,19471
37.200001,47.599998,9.130000,8.740000,0.790000,54.259998,0.980000,2.210000,288.799988,93.800003,86156.898438,35.65,108.43,52.750000,PM2.5,19472
30.980000,43.630001,17.100000,14.350000,0.510000,55.520000,-4.120000,-1.600000,282.700012,97.160004,77864.460938,35.82,102.74,44.257141,PM2.5,19681
25.090000,37.830002,11.490000,17.070000,0.610000,57.209999,-1.930000,-2.220000,283.470001,96.910004,79248.781250,35.82,102.91,37.830002,PM10,19682
21.580000,33.950001,9.360000,21.570000,0.690000,56.189999,-0.980000,-2.910000,284.730011,93.580002,80833.859375,35.82,103.07,33.950001,PM10,19683
20.879999,31.379999,7.610000,23.469999,0.710000,58.169998,-2.170000,-2.730000,284.829987,93.269997,80671.679688,35.82,103.24,31.379999,PM10,19684
21.420000,31.360001,7.430000,23.860001,0.700000,58.650002,-3.390000,-3.110000,283.980011,95.620003,79365.867188,35.83,103.41,31.360001,PM10,19685
20.950001,30.889999,7.190000,22.820000,0.700000,57.590000,-3.630000,-3.890000,284.230011,94.510002,79582.648438,35.83,103.58,30.889999,PM10,19686
20.639999,31.549999,6.820000,18.660000,0.650000,56.279999,-3.930000,-3.530000,283.500000,96.260002,78172.343750,35.83,103.74,31.549999,PM10,19687
19.830000,33.209999,6.760000,13.640000,0.600000,54.970001,-3.670000,-1.550000,281.970001,99.529999,75735.203125,35.83,103.91,33.209999,PM10,19688
18.209999,34.790001,7.070000,9.270000,0.540000,54.369999,-2.050000,-0.440000,282.940002,99.589996,77793.351562,35.83,104.08,34.790001,PM10,19689
19.110001,36.020000,7.620000,7.850000,0.490000,58.070000,-1.790000,-0.230000,284.750000,94.550003,80224.960938,35.83,104.25,36.020000,PM10,19690
19.389999,36.380001,7.990000,7.820000,0.470000,60.669998,-3.300000,-2.090000,284.910004,93.160004,80131.773438,35.83,104.41,36.380001,PM10,19691
19.100000,36.080002,8.030000,8.490000,0.450000,60.279999,-3.520000,-3.740000,284.820007,94.750000,80369.140625,35.83,104.58,36.080002,PM10,19692
18.639999,35.529999,8.190000,9.550000,0.450000,57.779999,-2.680000,-4.120000,285.059998,95.459999,80909.882812,35.84,104.75,35.529999,PM10,19693
19.430000,37.099998,9.410000,9.640000,0.470000,57.560001,-2.010000,-3.840000,285.559998,94.650002,81517.539062,35.84,104.92,37.099998,PM10,19694
19.910000,37.709999,10.450000,9.350000,0.470000,58.080002,-2.080000,-2.570000,285.989990,94.010002,81704.617188,35.84,105.08,37.709999,PM10,19695
20.219999,37.480000,11.500000,9.700000,0.480000,58.410000,-3.060000,-0.070000,286.109985,93.580002,81319.718750,35.84,105.25,37.480000,PM10,19696
16.549999,28.040001,9.390000,15.300000,0.590000,56.279999,-0.390000,1.040000,288.260010,92.029999,85807.476562,35.82,106.93,28.040001,PM10,19706
17.670000,28.879999,10.080000,9.440000,0.600000,59.400002,-0.060000,1.150000,288.500000,91.739998,86377.500000,35.82,107.09,28.879999,PM10,19707
17.639999,28.980000,10.530000,8.160000,0.620000,59.110001,0.380000,1.160000,288.779999,91.410004,86916.632812,35.82,107.26,28.980000,PM10,19708
16.920000,28.600000,10.720000,8.200000,0.660000,58.599998,0.690000,0.950000,288.880005,91.769997,87094.023438,35.81,107.43,28.600000,PM10,19709
12.410000,25.780001,10.870000,11.210000,0.740000,56.230000,0.900000,0.840000,288.649994,92.839996,86756.437500,35.81,107.6,25.780001,PM10,19710
12.690000,26.139999,10.560000,11.120000,0.750000,55.470001,0.850000,0.860000,289.299988,90.989998,87767.976562,35.81,107.76,26.139999,PM10,19711
16.080000,29.110001,10.190000,10.320000,0.770000,55.730000,0.480000,1.040000,290.059998,90.120003,88948.500000,35.8,107.93,29.110001,PM10,19712
26.049999,37.110001,9.530000,8.300000,0.760000,55.130001,0.490000,0.990000,289.519989,93.160004,88262.000000,35.8,108.1,37.214283,PM2.5,19713
31.770000,41.860001,9.540000,7.480000,0.750000,58.450001,0.930000,1.610000,288.910004,93.930000,86804.406250,35.79,108.27,45.385715,PM2.5,19714
34.889999,44.450001,9.810000,7.940000,0.780000,59.720001,1.110000,2.030000,288.619995,94.120003,85845.671875,35.79,108.43,49.842857,PM2.5,19715
21.510000,33.349998,10.080000,21.889999,0.670000,57.150002,-1.570000,-3.030000,284.420013,94.050003,80604.296875,35.96,103.07,33.349998,PM10,19926
20.200001,30.100000,7.960000,25.700001,0.730000,59.520000,-2.560000,-2.800000,285.019989,92.680000,81302.273438,35.96,103.24,32.125000,NO2,19927
21.209999,29.830000,7.820000,28.580000,0.760000,59.779999,-3.940000,-3.010000,284.029999,95.790001,79915.523438,35.96,103.41,35.724998,NO2,19928
22.540001,29.520000,7.560000,31.389999,0.800000,56.910000,-3.810000,-3.330000,283.480011,99.290001,79509.281250,35.96,103.57,39.237499,NO2,19929
22.150000,28.280001,6.780000,28.580000,0.770000,56.040001,-2.780000,-3.110000,283.779999,99.580002,80088.523438,35.97,103.74,35.724998,NO2,19930
19.959999,28.580000,6.480000,22.030001,0.690000,57.119999,-1.450000,-1.760000,284.329987,98.199997,80619.156250,35.97,103.91,28.580000,PM10,19931
17.639999,32.270000,7.400000,9.240000,0.540000,57.060001,-0.980000,-0.520000,285.489990,92.730003,81636.023438,35.97,104.08,32.270000,PM10,19932
19.110001,34.820000,7.900000,7.290000,0.500000,59.750000,-3.200000,-0.920000,285.230011,90.570000,80321.937500,35.97,104.24,34.820000,PM10,19933
20.270000,36.060001,8.250000,7.340000,0.480000,62.240002,-4.670000,-3.040000,283.959991,95.279999,78772.773438,35.97,104.41,36.060001,PM10,19934
19.540001,35.279999,8.060000,8.290000,0.460000,60.349998,-3.190000,-3.950000,284.359985,96.370003,79847.281250,35.97,104.58,35.279999,PM10,19935
18.340000,34.430000,7.980000,10.290000,0.470000,57.549999,-1.830000,-4.180000,284.890015,96.290001,80900.132812,35.97,104.75,34.430000,PM10,19936
19.590000,36.529999,9.290000,10.190000,0.480000,58.070000,-1.080000,-3.570000,285.260010,96.389999,81482.226562,35.97,104.92,36.529999,PM10,19937
20.350000,37.360001,10.590000,9.250000,0.470000,60.590000,-1.340000,-2.410000,285.899994,93.900002,81819.718750,35.97,105.08,37.360001,PM10,19938
19.770000,36.630001,11.470000,9.590000,0.470000,62.459999,-3.020000,-0.190000,286.119995,92.250000,81317.117188,35.97,105.25,36.630001,PM10,19939
17.990000,27.670000,8.250000,9.010000,0.550000,62.689999,-0.370000,0.760000,288.059998,91.739998,85138.617188,35.96,106.93,27.670000,PM10,19949
19.059999,28.650000,8.940000,7.630000,0.570000,61.599998,0.010000,1.160000,288.529999,90.690002,86046.476562,35.95,107.1,28.650000,PM10,19950
19.389999,29.309999,9.670000,7.050000,0.600000,60.689999,0.360000,1.210000,288.920013,90.080002,86812.726562,35.95,107.27,29.309999,PM10,19951
19.190001,29.900000,10.330000,6.940000,0.630000,59.570000,0.840000,1.150000,288.869995,91.080002,86863.117188,35.95,107.43,29.900000,PM10,19952
15.250000,27.780001,10.630000,8.720000,0.700000,57.790001,1.230000,1.210000,288.739990,92.080002,86631.953125,35.95,107.6,27.780001,PM10,19953
11.970000,26.070000,10.950000,11.620000,0.760000,55.599998,0.990000,1.180000,289.540009,89.809998,87742.523438,35.94,107.77,26.070000,PM10,19954
13.810000,27.969999,10.810000,11.790000,0.790000,55.810001,0.490000,1.340000,290.049988,89.620003,88650.617188,35.94,107.94,27.969999,PM10,19955
23.950001,35.369999,9.860000,8.310000,0.760000,57.230000,0.620000,1.400000,289.440002,92.550003,87913.187500,35.93,108.1,35.369999,PM10,19956
29.520000,39.799999,9.740000,7.380000,0.760000,59.669998,1.280000,1.850000,288.790009,93.599998,86476.976562,35.93,108.27,42.171429,PM2.5,19957
32.369999,42.119999,9.510000,7.660000,0.790000,58.840000,1.490000,2.100000,288.450012,93.989998,85548.968750,35.93,108.44,46.242855,PM2.5,19958
22.360001,34.299999,11.740000,20.290001,0.630000,56.980000,-1.450000,-2.020000,284.450012,93.889999,80768.406250,36.09,103.07,34.299999,PM10,20171
19.240000,29.540001,8.480000,25.120001,0.720000,60.049999,-2.170000,-2.320000,285.200012,92.510002,81771.148438,36.1,103.23,31.400002,NO2,20172
19.620001,28.370001,8.400000,31.299999,0.790000,58.130001,-3.130000,-2.000000,284.609985,95.309998,81136.843750,36.1,103.4,39.125000,NO2,20173
20.520000,26.830000,8.560000,39.779999,0.930000,47.590000,-2.940000,-1.750000,284.760010,95.930000,81591.281250,36.1,103.57,49.724998,NO2,20174
20.219999,24.670000,6.890000,33.439999,0.830000,54.810001,-2.060000,-1.950000,285.700012,93.019997,82905.953125,36.1,103.74,41.799999,NO2,20175
18.110001,25.389999,6.530000,23.620001,0.690000,59.880001,-1.350000,-2.340000,286.489990,90.070000,83722.468750,36.1,103.91,29.525002,NO2,20176
17.010000,29.350000,7.480000,9.380000,0.520000,58.169998,-2.490000,-2.600000,286.359985,88.040001,82511.531250,36.1,104.08,29.350000,PM10,20177
19.059999,32.820000,7.860000,7.920000,0.500000,59.279999,-4.900000,-2.750000,284.279999,93.050003,79009.507812,36.11,104.24,32.820000,PM10,20178
20.309999,34.709999,8.010000,7.980000,0.490000,59.349998,-4.780000,-2.900000,282.850006,99.410004,77581.367188,36.11,104.41,34.709999,PM10,20179
19.850000,34.410000,7.920000,8.860000,0.470000,59.040001,-2.440000,-3.610000,283.850006,98.550003,79393.468750,36.11,104.58,34.410000,PM10,20180
17.910000,33.380001,7.850000,11.500000,0.490000,56.380001,-0.710000,-4.080000,285.149994,95.940002,81550.882812,36.11,104.75,33.380001,PM10,20181
19.100000,35.540001,9.330000,10.920000,0.500000,58.299999,0.020000,-3.000000,285.880005,94.940002,82608.710938,36.11,104.92,35.540001,PM10,20182
20.150000,36.220001,10.870000,9.330000,0.480000,62.340000,-0.990000,-1.890000,286.250000,91.680000,82232.109375,36.11,105.08,36.220001,PM10,20183
19.440001,35.410000,11.580000,9.570000,0.470000,65.820000,-3.150000,-0.790000,286.130005,89.559998,81203.851562,36.11,105.25,35.410000,PM10,20184
18.799999,33.900002,11.280000,9.920000,0.470000,68.129997,-4.720000,-1.060000,285.489990,90.220001,80038.367188,36.11,105.42,33.900002,PM10,20185
19.870001,28.180000,7.920000,6.250000,0.540000,64.349998,-0.030000,0.750000,288.549988,90.540001,85762.976562,36.09,107.1,28.385715,PM2.5,20195
21.299999,30.110001,9.030000,6.100000,0.570000,62.720001,0.440000,1.060000,288.670013,90.790001,86126.867188,36.09,107.27,30.428570,PM2.5,20196
20.990000,31.020000,10.130000,6.170000,0.610000,60.619999,1.060000,1.210000,288.739990,91.050003,86367.062500,36.08,107.44,31.020000,PM10,20197
16.830000,29.070000,10.600000,7.330000,0.670000,58.560001,1.310000,1.230000,289.230011,89.720001,87039.453125,36.08,107.61,29.070000,PM10,20198
11.490000,26.660000,11.340000,11.710000,0.760000,54.869999,1.010000,1.230000,289.869995,88.440002,87979.523438,36.08,107.77,26.660000,PM10,20199
12.470000,28.139999,11.400000,12.570000,0.790000,54.790001,0.740000,1.510000,289.799988,90.320000,87976.710938,36.07,107.94,28.139999,PM10,20200
21.180000,33.900002,10.170000,8.520000,0.760000,57.349998,0.900000,1.800000,289.140015,92.720001,87051.382812,36.07,108.11,33.900002,PM10,20201
26.240000,37.680000,9.730000,8.030000,0.790000,58.240002,1.460000,2.130000,288.769989,92.849998,86191.539062,36.07,108.28,37.680000,PM10,20202
28.450001,39.330002,9.180000,8.710000,0.840000,56.340000,1.580000,2.240000,288.869995,91.589996,86108.968750,36.06,108.45,40.642857,PM2.5,20203
31.520000,41.900002,8.300000,11.600000,0.960000,51.470001,0.440000,1.980000,289.269989,91.720001,86796.000000,36.06,108.61,45.028572,PM2.5,20204
22.790001,33.840000,10.170000,13.300000,0.550000,58.619999,-1.630000,-0.990000,284.829987,92.709999,81153.226562,36.23,103.06,33.840000,PM10,20416
19.620001,30.379999,8.770000,15.480000,0.570000,60.279999,-2.000000,-1.600000,285.329987,91.419998,81890.953125,36.23,103.23,30.379999,PM10,20417
18.340000,28.540001,8.530000,20.190001,0.620000,60.700001,-2.430000,-1.530000,285.640015,90.730003,82394.023438,36.23,103.4,28.540001,PM10,20418
17.590000,26.389999,8.460000,26.410000,0.700000,61.400002,-2.880000,-1.720000,285.959991,88.610001,82633.156250,36.24,103.57,33.012501,NO2,20419
17.650000,25.719999,7.570000,21.660000,0.650000,61.900002,-3.240000,-2.410000,285.940002,88.629997,82614.117188,36.24,103.74,27.075001,NO2,20420
17.030001,26.040001,7.400000,16.980000,0.610000,61.400002,-3.790000,-3.680000,286.279999,87.589996,83100.093750,36.24,103.91,26.040001,PM10,20421
17.690001,28.700001,7.720000,9.920000,0.530000,60.360001,-4.380000,-5.000000,285.540009,91.430000,82199.226562,36.24,104.07,28.700001,PM10,20422
19.290001,31.190001,7.810000,8.790000,0.500000,59.130001,-4.120000,-4.000000,284.100006,97.610001,80114.796875,36.24,104.24,31.190001,PM10,20423
20.290001,32.779999,7.870000,9.130000,0.490000,58.439999,-3.380000,-2.900000,283.380005,99.389999,78817.562500,36.24,104.41,32.779999,PM10,20424
20.420000,33.439999,7.820000,10.230000,0.490000,57.220001,-1.720000,-3.150000,283.769989,99.540001,79674.976562,36.24,104.58,33.439999,PM10,20425
18.559999,32.799999,7.840000,12.500000,0.510000,55.189999,0.450000,-3.610000,285.649994,94.870003,82564.882812,36.24,104.75,32.799999,PM10,20426
19.530001,34.910000,9.590000,10.680000,0.510000,59.139999,0.680000,-2.420000,286.790009,91.360001,83822.031250,36.24,104.92,34.910000,PM10,20427
21.000000,35.639999,11.240000,8.940000,0.480000,64.500000,-1.750000,-1.670000,286.589996,87.849998,82316.812500,36.24,105.08,35.639999,PM10,20428
20.959999,35.349998,11.880000,9.190000,0.470000,67.639999,-4.130000,-2.030000,285.809998,88.260002,80767.343750,36.24,105.25,35.349998,PM10,20429
20.740000,34.580002,11.510000,9.480000,0.470000,69.620003,-4.920000,-2.040000,284.730011,91.629997,79229.109375,36.24,105.42,34.580002,PM10,20430
18.840000,27.030001,8.220000,5.300000,0.490000,70.379997,-1.080000,-1.540000,287.489990,91.290001,83709.328125,36.23,106.77,27.030001,PM10,20438
19.230000,27.690001,7.960000,5.570000,0.500000,67.790001,-0.600000,-1.110000,287.970001,91.169998,84495.726562,36.23,106.94,27.690001,PM10,20439
21.450001,30.379999,9.090000,5.500000,0.520000,64.900002,-0.110000,-0.370000,288.119995,92.010002,84893.281250,36.23,107.1,30.642859,PM2.5,20440
23.010000,32.709999,10.440000,5.530000,0.540000,62.759998,0.530000,0.380000,288.500000,91.389999,85575.328125,36.22,107.27,32.871429,PM2.5,20441
22.959999,34.070000,12.010000,5.520000,0.580000,60.709999,1.120000,0.930000,289.070007,89.760002,86511.757812,36.22,107.44,34.070000,PM10,20442
19.020000,32.369999,12.300000,6.430000,0.630000,57.980000,1.240000,1.190000,289.559998,88.680000,87327.281250,36.22,107.61,32.369999,PM10,20443
14.210000,30.700001,13.440000,10.960000,0.720000,54.529999,1.220000,1.430000,289.779999,88.610001,87714.273438,36.21,107.78,30.700001,PM10,20444
14.740000,31.540001,13.250000,11.830000,0.760000,55.099998,1.420000,1.730000,289.570007,90.339996,87343.171875,36.21,107.95,31.540001,PM10,20445
20.879999,34.939999,11.720000,8.270000,0.740000,58.599998,1.490000,1.870000,289.100006,92.139999,86299.687500,36.21,108.11,34.939999,PM10,20446
24.309999,37.000000,10.570000,7.840000,0.780000,58.330002,1.470000,2.080000,288.980011,91.809998,85904.992188,36.2,108.28,37.000000,PM10,20447
26.209999,37.599998,9.510000,8.660000,0.840000,56.619999,1.050000,2.390000,289.440002,89.769997,86499.718750,36.2,108.45,37.599998,PM10,20448
29.760000,39.919998,8.380000,11.290000,0.960000,51.779999,-0.010000,2.810000,289.369995,91.389999,86908.539062,36.19,108.62,42.514286,PM2.5,20449
29.230000,40.490002,15.290000,15.000000,0.550000,53.209999,-0.800000,0.020000,284.760010,91.339996,80871.273438,36.36,102.89,41.757141,PM2.5,20661
23.790001,33.560001,9.840000,8.170000,0.490000,58.610001,-1.340000,-0.620000,284.489990,92.529999,80289.156250,36.36,103.06,33.985714,PM2.5,20662
22.030001,31.389999,8.800000,6.120000,0.430000,60.459999,-1.850000,-1.190000,284.579987,92.180000,80532.156250,36.37,103.23,31.471430,PM2.5,20663
20.180000,29.889999,8.570000,6.800000,0.440000,61.669998,-2.310000,-1.400000,285.679993,87.690002,82004.000000,36.37,103.4,29.889999,PM10,20664
19.129999,29.059999,8.440000,7.350000,0.460000,62.919998,-3.280000,-2.160000,285.750000,85.589996,81778.726562,36.37,103.57,29.059999,PM10,20665
18.600000,28.639999,8.300000,8.180000,0.490000,63.310001,-3.920000,-3.200000,285.260010,88.309998,81450.250000,36.37,103.74,28.639999,PM10,20666
17.910000,28.030001,8.030000,9.410000,0.520000,62.610001,-4.180000,-4.350000,285.339996,89.650002,81909.781250,36.37,103.9,28.030001,PM10,20667
17.879999,28.209999,7.780000,10.650000,0.550000,61.020000,-3.750000,-5.010000,285.119995,93.500000,82186.406250,36.38,104.07,28.209999,PM10,20668
19.059999,29.950001,8.100000,8.680000,0.510000,61.029999,-2.770000,-4.240000,285.630005,93.919998,83149.359375,36.38,104.24,29.950001,PM10,20669
20.420000,31.799999,8.360000,8.880000,0.490000,60.430000,-2.080000,-3.710000,285.179993,96.720001,82472.546875,36.38,104.41,31.799999,PM10,20670
20.719999,32.779999,8.380000,11.290000,0.500000,57.290001,-0.810000,-3.040000,284.880005,98.040001,81905.156250,36.38,104.58,32.779999,PM10,20671
19.959999,32.810001,8.670000,13.270000,0.510000,55.279999,0.940000,-2.920000,286.230011,93.889999,83688.890625,36.38,104.75,32.810001,PM10,20672
21.370001,35.020000,10.500000,10.090000,0.510000,59.459999,0.100000,-1.870000,286.820007,89.860001,83590.601562,36.38,104.92,35.020000,PM10,20673
22.870001,36.049999,11.920000,8.630000,0.490000,64.459999,-3.240000,-1.890000,285.760010,88.330002,81055.718750,36.38,105.08,36.049999,PM10,20674
23.360001,36.500000,12.330000,8.980000,0.480000,65.650002,-4.670000,-2.930000,284.549988,93.279999,79821.078125,36.38,105.25,36.500000,PM10,20675
19.190001,28.719999,9.370000,5.280000,0.480000,72.169998,-1.460000,-1.570000,286.600006,92.070000,82340.820312,36.37,106.6,28.719999,PM10,20683
20.240000,29.930000,9.920000,4.600000,0.470000,70.559998,-1.200000,-2.100000,287.350006,90.739998,83524.476562,36.37,106.77,29.930000,PM10,20684
20.740000,30.969999,10.180000,4.780000,0.480000,67.150002,-0.670000,-2.190000,287.839996,90.820000,84401.953125,36.36,106.94,30.969999,PM10,20685
22.860001,33.860001,11.630000,4.970000,0.490000,63.759998,0.040000,-1.630000,288.130005,91.540001,84905.343750,36.36,107.11,33.860001,PM10,20686
24.059999,35.970001,13.190000,5.470000,0.520000,61.330002,0.730000,-0.690000,288.880005,90.080002,85974.187500,36.36,107.28,35.970001,PM10,20687
24.719999,37.619999,14.770000,5.330000,0.540000,60.599998,1.120000,0.360000,289.399994,89.120003,86724.203125,36.36,107.45,37.619999,PM10,20688
23.420000,37.430000,14.750000,5.320000,0.590000,58.529999,1.190000,1.250000,289.369995,89.790001,86750.953125,36.35,107.61,37.430000,PM10,20689
20.490000,36.299999,15.380000,7.910000,0.660000,55.509998,1.370000,1.740000,289.429993,89.790001,86945.976562,36.35,107.78,36.299999,PM10,20690
20.320000,36.320000,14.750000,8.710000,0.710000,56.360001,1.770000,1.880000,289.339996,90.550003,86643.000000,36.35,107.95,36.320000,PM10,20691
22.360001,37.389999,13.120000,7.850000,0.730000,57.270000,1.910000,1.720000,288.950012,91.919998,85727.117188,36.34,108.12,37.389999,PM10,20692
23.980000,38.220001,11.500000,7.820000,0.790000,56.439999,1.600000,1.700000,288.899994,92.080002,85479.562500,36.34,108.29,38.220001,PM10,20693
25.969999,38.610001,10.070000,8.360000,0.840000,56.020000,1.080000,2.350000,288.950012,91.970001,85595.476562,36.33,108.46,38.610001,PM10,20694
28.299999,39.240002,8.620000,10.850000,0.960000,52.570000,0.520000,3.550000,288.920013,92.230003,85762.171875,36.33,108.62,40.428570,PM2.5,20695
25.820000,35.310001,11.610000,14.210000,0.550000,55.810001,-1.110000,-0.180000,284.290009,90.320000,79887.796875,36.5,102.89,36.885715,PM2.5,20907
24.000000,31.889999,9.130000,5.850000,0.440000,60.950001,-1.990000,-0.880000,283.709991,91.949997,78799.890625,36.5,103.06,34.285713,PM2.5,20908
23.100000,31.520000,8.810000,5.540000,0.430000,60.610001,-2.240000,-1.290000,283.230011,94.360001,78506.093750,36.5,103.23,33.000000,PM2.5,20909
21.340000,30.230000,8.610000,6.030000,0.440000,61.799999,-2.170000,-1.150000,284.809998,88.459999,80574.390625,36.5,103.4,30.485714,PM2.5,20910
20.160000,29.340000,8.490000,6.410000,0.450000,63.200001,-3.340000,-2.140000,285.329987,85.500000,81053.953125,36.51,103.56,29.340000,PM10,20911
19.420000,28.719999,8.340000,6.970000,0.470000,63.660000,-4.350000,-3.590000,284.950012,88.010002,80884.656250,36.51,103.73,28.719999,PM10,20912
18.420000,27.920000,8.030000,8.800000,0.510000,62.759998,-4.210000,-4.600000,284.779999,90.540001,81085.187500,36.51,103.9,27.920000,PM10,20913
17.320000,27.270000,7.630000,12.630000,0.590000,60.740002,-3.260000,-4.860000,284.929993,92.540001,81684.726562,36.51,104.07,27.270000,PM10,20914
19.260000,29.180000,8.230000,8.630000,0.520000,61.240002,-2.330000,-4.700000,285.929993,90.879997,83216.757812,36.51,104.24,29.180000,PM10,20915
20.830000,31.070000,8.810000,8.390000,0.490000,61.590000,-1.510000,-4.040000,286.359985,91.559998,84079.421875,36.51,104.41,31.070000,PM10,20916
20.530001,31.950001,9.090000,12.310000,0.530000,58.380001,-0.240000,-2.780000,286.619995,92.110001,84537.460938,36.51,104.58,31.950001,PM10,20917
20.150000,32.259998,9.650000,16.740000,0.540000,54.220001,0.560000,-2.300000,287.149994,89.959999,84840.179688,36.51,104.75,32.259998,PM10,20918
21.809999,34.369999,11.250000,13.100000,0.540000,56.480000,-1.440000,-1.630000,286.829987,87.230003,83200.039062,36.51,104.92,34.369999,PM10,20919
24.450001,36.590000,12.230000,8.950000,0.510000,61.590000,-4.360000,-1.910000,284.809998,91.589996,80208.796875,36.51,105.08,36.590000,PM10,20920
25.809999,37.900002,12.430000,9.360000,0.500000,61.139999,-4.480000,-2.680000,283.739990,97.870003,79478.789062,36.51,105.25,37.900002,PM10,20921
20.620001,31.700001,10.260000,5.770000,0.470000,72.300003,-1.080000,-1.830000,286.079987,93.500000,81840.812500,36.51,106.44,31.700001,PM10,20928
21.379999,32.669998,10.990000,4.810000,0.470000,71.559998,-1.440000,-1.910000,286.170013,92.879997,81835.906250,36.5,106.6,32.669998,PM10,20929
22.040001,33.529999,11.670000,4.530000,0.460000,68.980003,-1.150000,-2.570000,286.880005,91.220001,83010.890625,36.5,106.77,33.529999,PM10,20930
22.490000,34.540001,12.420000,4.600000,0.470000,65.320000,-0.430000,-2.970000,287.790009,89.760002,84457.117188,36.5,106.94,34.540001,PM10,20931
24.540001,37.279999,14.130000,4.560000,0.480000,62.209999,0.380000,-2.520000,288.510010,89.500000,85546.593750,36.5,107.11,37.279999,PM10,20932
26.760000,40.200001,15.810000,4.660000,0.490000,60.509998,1.000000,-1.630000,289.149994,89.070000,86346.601562,36.49,107.28,40.200001,PM10,20933
28.010000,41.900002,17.080000,4.550000,0.510000,60.639999,1.170000,-0.320000,289.290009,89.769997,86387.117188,36.49,107.45,41.900002,PM10,20934
27.440001,41.639999,17.110001,4.530000,0.550000,60.060001,1.090000,0.960000,289.200012,90.550003,86146.531250,36.49,107.62,41.639999,PM10,20935
25.719999,40.549999,17.080000,5.780000,0.610000,57.770000,1.170000,1.650000,289.359985,90.459999,86445.539062,36.49,107.79,40.549999,PM10,20936
25.320000,40.250000,16.170000,6.600000,0.660000,57.340000,1.630000,1.750000,289.019989,91.820000,85952.742188,36.48,107.96,40.250000,PM10,20937
25.850000,40.619999,14.480000,6.980000,0.720000,56.790001,2.120000,1.720000,288.570007,93.089996,85088.421875,36.48,108.12,40.619999,PM10,20938
26.049999,40.750000,12.380000,7.460000,0.790000,55.189999,2.060000,1.630000,288.589996,93.190002,84947.890625,36.47,108.29,40.750000,PM10,20939
31.420000,37.639999,11.740000,11.160000,0.410000,53.320000,-2.600000,0.260000,280.989990,97.870003,75080.312500,36.63,102.72,44.885715,PM2.5,21153
27.110001,33.240002,9.880000,7.690000,0.440000,59.549999,-2.420000,-0.330000,282.880005,90.769997,77394.382812,36.63,102.89,38.728573,PM2.5,21154
25.040001,31.850000,9.100000,4.970000,0.440000,61.349998,-2.960000,-1.610000,282.480011,91.779999,76820.429688,36.64,103.05,35.771431,PM2.5,21155
23.910000,31.490000,8.790000,5.070000,0.440000,60.389999,-2.120000,-1.350000,282.720001,93.370003,77638.156250,36.64,103.22,34.157143,PM2.5,21156
22.580000,30.559999,8.700000,5.230000,0.430000,62.830002,-2.040000,-1.140000,284.279999,87.510002,79506.156250,36.64,103.39,32.257141,PM2.5,21157
21.809999,30.070000,8.590000,5.190000,0.440000,64.290001,-3.440000,-2.470000,284.660004,85.489998,79852.351562,36.64,103.56,31.157143,PM2.5,21158
21.100000,29.480000,8.400000,5.160000,0.450000,64.330002,-4.220000,-3.870000,284.040009,89.660004,79578.710938,36.64,103.73,30.142859,PM2.5,21159
20.010000,28.660000,8.060000,6.850000,0.490000,62.900002,-3.670000,-4.740000,283.769989,93.610001,79851.593750,36.65,103.9,28.660000,PM10,21160
18.030001,27.559999,7.600000,12.160000,0.590000,59.820000,-2.580000,-4.930000,284.209991,94.849998,80920.046875,36.65,104.07,27.559999,PM10,21161
20.730000,29.580000,8.360000,7.510000,0.510000,61.029999,-1.420000,-4.830000,285.010010,94.239998,82209.312500,36.65,104.24,29.614285,PM2.5,21162
22.160000,31.100000,9.120000,7.440000,0.490000,61.709999,-0.590000,-3.690000,286.320007,90.959999,83869.453125,36.65,104.41,31.657143,PM2.5,21163
21.389999,31.500000,9.760000,11.840000,0.530000,59.410000,-0.320000,-2.310000,287.709991,85.889999,85507.578125,36.65,104.58,31.500000,PM10,21164
21.150000,31.530001,10.530000,15.220000,0.540000,56.740002,-1.010000,-2.480000,288.089996,82.879997,85377.523438,36.65,104.75,31.530001,PM10,21165
22.900000,33.639999,11.470000,12.940000,0.550000,56.759998,-2.980000,-2.330000,286.820007,85.669998,83122.218750,36.65,104.92,33.639999,PM10,21166
25.850000,36.560001,12.030000,8.410000,0.530000,60.200001,-4.530000,-2.000000,284.649994,93.779999,80462.062500,36.65,105.08,36.928574,PM2.5,21167
24.230000,36.779999,12.550000,4.340000,0.460000,70.099998,-1.400000,-2.350000,286.140015,92.559998,81971.531250,36.64,106.61,36.779999,PM10,21176
24.879999,37.700001,13.500000,4.360000,0.460000,67.040001,-0.990000,-2.930000,286.529999,91.669998,82651.156250,36.64,106.78,37.700001,PM10,21177
25.440001,38.799999,14.740000,4.540000,0.460000,63.070000,0.030000,-3.510000,287.529999,89.730003,84196.906250,36.64,106.95,38.799999,PM10,21178
27.430000,41.220001,16.420000,4.260000,0.470000,61.189999,0.800000,-3.240000,288.489990,88.860001,85544.382812,36.63,107.11,41.220001,PM10,21179
30.490000,44.689999,17.920000,3.920000,0.470000,60.740002,1.060000,-2.530000,288.920013,89.430000,85990.328125,36.63,107.28,44.689999,PM10,21180
31.700001,45.930000,18.700001,3.910000,0.490000,61.080002,0.970000,-1.090000,289.019989,90.320000,85829.031250,36.63,107.45,45.930000,PM10,21181
30.860001,44.900002,18.540001,4.200000,0.530000,60.320000,0.760000,0.330000,289.059998,90.290001,85677.773438,36.62,107.62,44.900002,PM10,21182
29.430000,43.360001,18.110001,5.010000,0.580000,58.360001,0.790000,1.200000,289.070007,90.809998,85731.398438,36.62,107.79,43.360001,PM10,21183
29.190001,43.040001,17.020000,5.660000,0.640000,57.389999,1.280000,1.500000,288.690002,92.360001,85186.773438,36.62,107.96,43.040001,PM10,21184
27.190001,32.740002,9.590000,6.400000,0.490000,60.400002,-3.130000,-1.360000,280.950012,92.389999,74022.796875,36.77,102.88,38.842857,PM2.5,21401
25.750000,31.910000,9.020000,4.760000,0.480000,60.689999,-2.780000,-1.800000,280.529999,96.349998,74169.906250,36.77,103.05,36.785713,PM2.5,21402
24.719999,31.469999,8.930000,4.330000,0.460000,61.770000,-1.650000,-1.070000,282.279999,91.709999,76646.132812,36.77,103.22,35.314285,PM2.5,21403
24.040001,31.070000,8.890000,4.120000,0.430000,64.190002,-2.250000,-1.620000,283.109985,88.919998,77544.937500,36.78,103.39,34.342857,PM2.5,21404
23.730000,30.969999,8.780000,3.940000,0.420000,65.690002,-3.420000,-2.880000,282.959991,89.510002,77400.539062,36.78,103.56,33.899998,PM2.5,21405
23.020000,30.280001,8.470000,3.660000,0.420000,64.800003,-3.640000,-3.810000,282.970001,92.120003,78039.742188,36.78,103.73,32.885715,PM2.5,21406
22.030001,29.400000,8.110000,4.300000,0.440000,63.389999,-2.860000,-4.550000,283.339996,94.430000,79311.031250,36.78,103.9,31.471430,PM2.5,21407
20.330000,28.450001,7.910000,7.840000,0.530000,60.360001,-1.790000,-4.770000,284.299988,94.300003,81189.476562,36.78,104.07,29.042856,PM2.5,21408
22.350000,29.900000,8.650000,5.260000,0.490000,62.459999,-0.680000,-4.580000,285.529999,92.370003,83090.617188,36.78,104.24,31.928572,PM2.5,21409
23.430000,31.049999,9.380000,5.610000,0.490000,63.570000,-0.420000,-3.370000,286.760010,88.070000,84250.351562,36.78,104.41,33.471428,PM2.5,21410
23.350000,31.520000,10.020000,8.030000,0.510000,62.880001,-1.480000,-2.880000,287.549988,82.889999,84657.843750,36.79,104.58,33.357143,PM2.5,21411
23.690001,32.070000,10.450000,9.740000,0.520000,61.689999,-2.610000,-3.930000,287.209991,83.980003,84146.882812,36.79,104.75,33.842857,PM2.5,21412
25.230000,34.029999,10.890000,9.650000,0.540000,60.549999,-3.340000,-3.380000,285.670013,90.559998,82137.296875,36.79,104.92,36.042858,PM2.5,21413
27.000000,36.180000,11.220000,7.520000,0.550000,60.869999,-3.690000,-2.130000,284.459991,95.519997,80551.328125,36.79,105.08,38.571430,PM2.5,21414
27.389999,37.080002,11.370000,8.160000,0.550000,59.540001,-3.430000,-1.870000,284.470001,97.029999,81058.492188,36.79,105.25,39.128571,PM2.5,21415
27.480000,40.270000,13.820000,4.530000,0.460000,63.770000,-0.630000,-3.230000,286.200012,92.720001,82459.343750,36.77,106.78,40.270000,PM10,21424
28.260000,41.500000,15.430000,4.620000,0.460000,60.660000,0.570000,-3.730000,287.359985,90.529999,84184.796875,36.77,106.95,41.500000,PM10,21425
30.709999,44.230000,17.240000,4.230000,0.460000,60.110001,1.150000,-3.590000,288.250000,89.660004,85348.218750,36.77,107.12,44.230000,PM10,21426
34.250000,48.160000,18.900000,4.000000,0.470000,60.799999,1.050000,-3.220000,288.540009,90.290001,85463.679688,36.77,107.29,48.928570,PM2.5,21427
35.520000,49.470001,19.680000,3.930000,0.480000,61.480000,0.660000,-2.010000,288.510010,91.580002,85035.546875,36.76,107.46,50.650002,PM2.5,21428
34.549999,48.389999,19.459999,4.210000,0.520000,60.580002,0.350000,-0.670000,288.459991,92.129997,84705.046875,36.76,107.63,49.357143,PM2.5,21429
32.689999,46.490002,18.959999,4.850000,0.570000,58.549999,0.420000,0.260000,288.589996,91.839996,84757.046875,36.76,107.8,46.699997,PM2.5,21430
29.240000,34.029999,9.990000,5.050000,0.560000,59.180000,-2.480000,-0.690000,280.140015,92.190002,72381.882812,36.9,102.71,41.771427,PM2.5,21646
27.690001,32.820000,9.480000,4.530000,0.570000,60.660000,-2.970000,-2.240000,278.579987,98.410004,70892.632812,36.9,102.88,39.557144,PM2.5,21647
25.650000,31.540001,9.170000,4.720000,0.560000,60.509998,-1.520000,-1.560000,280.179993,95.879997,73463.359375,36.91,103.05,36.642857,PM2.5,21648
25.260000,31.430000,9.130000,3.760000,0.500000,63.060001,-1.270000,-1.130000,281.640015,91.739998,75327.601562,36.91,103.22,36.085716,PM2.5,21649
25.299999,31.510000,9.070000,3.090000,0.450000,65.089996,-2.110000,-2.020000,281.329987,93.639999,74915.210938,36.91,103.39,36.142857,PM2.5,21650
25.240000,31.430000,8.790000,2.860000,0.430000,65.309998,-2.750000,-2.340000,281.079987,95.470001,74843.101562,36.91,103.56,36.057144,PM2.5,21651
24.930000,30.980000,8.400000,2.630000,0.410000,64.190002,-2.750000,-3.030000,281.359985,97.129997,75762.968750,36.92,103.73,35.614285,PM2.5,21652
23.980000,30.070000,8.070000,2.830000,0.420000,62.689999,-1.980000,-3.890000,282.510010,97.169998,78250.601562,36.92,103.9,34.257141,PM2.5,21653
23.100000,29.559999,8.230000,4.150000,0.460000,61.279999,-0.900000,-4.370000,284.140015,95.120003,81206.898438,36.92,104.07,33.000000,PM2.5,21654
23.900000,30.170000,9.040000,3.670000,0.460000,64.139999,-0.250000,-4.450000,285.579987,92.139999,83329.843750,36.92,104.24,34.142857,PM2.5,21655
24.770000,31.010000,9.620000,3.860000,0.470000,65.529999,-0.970000,-3.930000,286.010010,89.389999,83135.890625,36.92,104.41,35.385715,PM2.5,21656
25.719999,32.150002,10.000000,4.460000,0.480000,65.459999,-2.410000,-3.730000,285.200012,90.349998,81675.843750,36.92,104.58,36.742855,PM2.5,21657
26.330000,33.020000,10.110000,5.260000,0.500000,64.470001,-2.550000,-4.340000,285.149994,92.580002,82087.296875,36.92,104.75,37.614285,PM2.5,21658
26.820000,33.849998,10.310000,5.930000,0.530000,63.660000,-2.260000,-3.260000,285.470001,92.769997,82530.359375,36.92,104.92,38.314285,PM2.5,21659
27.430000,35.099998,10.610000,6.690000,0.550000,62.570000,-2.710000,-1.900000,285.230011,93.209999,81867.343750,36.92,105.08,39.185715,PM2.5,21660
30.430000,42.610001,12.580000,4.590000,0.490000,62.580002,-1.030000,-3.000000,285.429993,95.550003,81800.171875,36.91,106.61,43.471428,PM2.5,21669
30.889999,43.549999,13.880000,4.910000,0.480000,59.099998,0.040000,-3.200000,285.890015,94.959999,82468.906250,36.91,106.78,44.128571,PM2.5,21670
31.770000,44.900002,15.880000,4.830000,0.480000,57.610001,1.080000,-3.620000,287.299988,91.690002,84335.859375,36.91,106.95,45.385715,PM2.5,21671
34.660000,48.009998,17.900000,4.240000,0.470000,58.669998,1.160000,-3.510000,288.170013,90.360001,85279.617188,36.9,107.12,49.514286,PM2.5,21672
38.580002,52.570000,20.010000,4.180000,0.470000,60.810001,0.670000,-3.370000,288.399994,90.720001,85305.851562,36.9,107.29,54.475002,PM2.5,21673
39.880001,54.189999,21.150000,4.270000,0.490000,61.500000,0.290000,-2.700000,288.149994,92.000000,84561.968750,36.9,107.46,56.100002,PM2.5,21674
30.930000,35.230000,10.070000,4.130000,0.530000,56.790001,-1.970000,0.600000,279.279999,94.269997,71091.156250,37.03,102.54,44.185715,PM2.5,21892
28.620001,33.310001,9.500000,4.250000,0.690000,56.970001,-2.780000,-1.430000,277.450012,99.019997,68689.218750,37.04,102.71,40.885715,PM2.5,21893
26.850000,31.959999,9.160000,4.230000,0.730000,58.180000,-1.810000,-1.540000,277.690002,100.000000,69832.726562,37.04,102.88,38.357143,PM2.5,21894
25.990000,31.410000,9.480000,4.060000,0.650000,61.180000,-0.990000,-1.330000,279.510010,96.459999,72418.109375,37.04,103.05,37.128571,PM2.5,21895
25.889999,31.410000,9.330000,3.470000,0.580000,62.840000,-1.400000,-1.340000,279.820007,96.389999,72666.203125,37.05,103.22,36.985714,PM2.5,21896
25.889999,31.469999,9.140000,3.060000,0.520000,62.820000,-1.600000,-1.350000,279.869995,98.320000,72988.531250,37.05,103.39,36.985714,PM2.5,21897
25.650000,31.260000,8.920000,3.100000,0.490000,62.669998,-1.750000,-1.380000,280.279999,98.500000,73774.953125,37.05,103.56,36.642857,PM2.5,21898
25.600000,30.990000,8.440000,2.910000,0.460000,61.360001,-1.970000,-1.930000,280.500000,99.970001,74633.359375,37.05,103.73,36.571430,PM2.5,21899
24.959999,30.299999,8.200000,3.150000,0.450000,60.430000,-1.260000,-2.740000,282.059998,99.910004,77989.476562,37.05,103.9,35.657143,PM2.5,21900
23.950001,29.790001,8.760000,4.960000,0.500000,61.240002,-0.350000,-3.420000,284.380005,95.389999,81895.671875,37.05,104.07,34.214287,PM2.5,21901
24.639999,29.940001,9.180000,3.650000,0.470000,63.439999,-0.320000,-3.730000,285.670013,92.540001,83743.679688,37.06,104.24,35.200001,PM2.5,21902
25.809999,30.860001,9.430000,3.360000,0.460000,64.349998,-1.300000,-3.910000,285.149994,94.580002,82780.007812,37.06,104.4,36.871429,PM2.5,21903
27.150000,32.220001,9.660000,3.790000,0.460000,64.260002,-1.920000,-3.590000,283.920013,97.620003,80800.062500,37.06,104.58,38.785713,PM2.5,21904
27.740000,33.080002,9.770000,4.630000,0.500000,64.000000,-1.340000,-3.490000,284.589996,96.230003,81815.523438,37.06,104.74,39.628571,PM2.5,21905
27.469999,33.150002,9.980000,5.460000,0.530000,64.120003,-1.050000,-2.940000,286.130005,90.489998,83521.710938,37.06,104.92,39.242855,PM2.5,21906
34.330002,47.130001,13.510000,5.400000,0.510000,55.240002,0.880000,-2.900000,286.019989,96.800003,83163.148438,37.05,106.78,49.042858,PM2.5,21917
35.619999,48.880001,15.940000,4.980000,0.490000,55.450001,1.430000,-3.190000,287.130005,93.870003,84306.140625,37.04,106.95,50.774998,PM2.5,21918
38.770000,52.189999,18.440001,4.360000,0.480000,57.580002,0.910000,-3.340000,287.920013,91.320000,84880.296875,37.04,107.12,54.712502,PM2.5,21919
27.320000,32.310001,9.430000,4.240000,0.900000,56.189999,-1.840000,-0.660000,276.420013,99.879997,67256.023438,37.17,102.7,39.028572,PM2.5,22143
25.910000,31.260000,9.460000,4.260000,0.900000,58.020000,-1.060000,-0.610000,278.329987,97.690002,70584.359375,37.18,102.87,37.014286,PM2.5,22144
25.670000,31.080000,9.530000,4.040000,0.810000,58.590000,-0.890000,-0.590000,278.359985,98.639999,70564.632812,37.18,103.04,36.671429,PM2.5,22145
25.840000,31.180000,9.370000,3.550000,0.710000,59.310001,-0.880000,-0.430000,278.220001,99.260002,70071.250000,37.18,103.21,36.914288,PM2.5,22146
25.750000,31.010000,9.340000,3.110000,0.620000,60.880001,-0.910000,-0.390000,279.619995,98.250000,72370.578125,37.18,103.38,36.785713,PM2.5,22147
25.610001,30.870001,9.350000,3.210000,0.570000,61.119999,-1.490000,-0.790000,280.769989,98.449997,74750.468750,37.19,103.55,36.585716,PM2.5,22148
25.730000,30.730000,9.060000,3.040000,0.510000,60.590000,-1.630000,-1.090000,281.600006,99.589996,76980.156250,37.19,103.72,36.757141,PM2.5,22149
25.090000,29.940001,9.110000,3.120000,0.490000,62.450001,-0.990000,-1.780000,283.510010,96.610001,80476.078125,37.19,103.89,35.842857,PM2.5,22150
24.389999,29.490000,9.830000,4.990000,0.510000,63.310001,-0.380000,-2.310000,285.489990,91.650002,83553.101562,37.19,104.06,34.842857,PM2.5,22151
24.870001,29.309999,9.720000,3.500000,0.470000,65.599998,-0.550000,-2.770000,286.470001,89.279999,84840.656250,37.19,104.23,35.528572,PM2.5,22152
25.670000,29.840000,9.590000,3.120000,0.460000,65.860001,-1.300000,-3.030000,286.279999,90.480003,84624.531250,37.19,104.4,36.671429,PM2.5,22153
26.969999,31.190001,9.660000,3.650000,0.460000,65.110001,-1.450000,-3.050000,285.320007,95.190002,83579.789062,37.19,104.57,38.528572,PM2.5,22154
28.040001,32.540001,9.650000,4.570000,0.500000,64.410004,-1.100000,-3.250000,285.420013,94.760002,83502.218750,37.19,104.74,40.057144,PM2.5,22155
27.120001,32.490002,9.440000,4.030000,1.060000,54.139999,-2.000000,-0.590000,276.049988,99.900002,66262.882812,37.31,102.53,38.742859,PM2.5,22394
25.530001,31.500000,9.600000,5.010000,1.230000,53.419998,-1.770000,-1.150000,277.649994,99.419998,69382.796875,37.31,102.7,36.471428,PM2.5,22395
24.600000,30.580000,9.650000,5.070000,1.180000,55.369999,-0.750000,-1.340000,279.799988,97.309998,73056.351562,37.31,102.87,35.142857,PM2.5,22396
24.820000,30.389999,9.730000,4.200000,0.990000,57.459999,-0.400000,-1.240000,279.760010,97.379997,72643.046875,37.31,103.04,35.457142,PM2.5,22397
25.170000,30.440001,9.700000,3.540000,0.840000,58.740002,-1.170000,-0.820000,279.880005,97.070000,72579.953125,37.32,103.21,35.957142,PM2.5,22398
25.250000,30.260000,9.760000,3.120000,0.720000,60.500000,-1.650000,-0.670000,281.359985,96.160004,75476.796875,37.32,103.38,36.071430,PM2.5,22399
25.440001,30.250000,9.970000,3.140000,0.640000,61.650002,-1.690000,-0.470000,282.179993,96.610001,77532.953125,37.32,103.55,36.342857,PM2.5,22400
25.799999,30.240000,10.100000,3.180000,0.560000,62.520000,-1.440000,-0.590000,282.510010,98.580002,78673.273438,37.32,103.72,36.857143,PM2.5,22401
25.120001,29.290001,10.620000,3.780000,0.510000,64.139999,-0.900000,-1.530000,284.119995,95.070000,81305.421875,37.32,103.89,35.885715,PM2.5,22402
24.809999,28.889999,11.760000,5.850000,0.510000,64.900002,-0.540000,-1.830000,285.850006,90.180000,83871.179688,37.33,104.06,35.442856,PM2.5,22403
25.230000,28.790001,10.600000,3.630000,0.470000,68.949997,-0.930000,-2.190000,286.230011,89.000000,84228.140625,37.33,104.23,36.042858,PM2.5,22404
25.910000,29.270000,9.700000,2.900000,0.460000,68.330002,-1.490000,-2.620000,286.230011,89.260002,84313.078125,37.33,104.4,37.014286,PM2.5,22405
26.719999,30.200001,9.570000,3.400000,0.460000,67.500000,-1.500000,-2.780000,286.429993,89.739998,84887.937500,37.33,104.57,38.171429,PM2.5,22406
26.540001,32.490002,9.450000,3.930000,1.270000,57.290001,-1.400000,0.910000,275.170013,99.839996,64528.101562,37.44,102.35,37.914288,PM2.5,22646
24.010000,31.110001,9.790000,5.300000,1.580000,53.389999,-2.080000,-1.140000,277.380005,99.690002,69337.796875,37.44,102.52,39.500000,CO,22647
23.270000,30.709999,10.390000,6.360000,1.680000,53.889999,-1.410000,-2.240000,280.079987,99.820000,74446.976562,37.44,102.69,42.000000,CO,22648
23.510000,30.290001,10.440000,5.800000,1.470000,56.490002,-0.790000,-2.630000,281.649994,99.410004,77141.156250,37.45,102.87,36.750000,CO,22649
24.180000,30.080000,10.300000,4.340000,1.170000,58.820000,-1.300000,-2.330000,281.980011,98.129997,77317.953125,37.45,103.04,34.542858,PM2.5,22650
24.580000,29.969999,10.230000,3.520000,0.980000,60.099998,-1.980000,-1.910000,282.279999,97.500000,77806.703125,37.45,103.21,35.114285,PM2.5,22651
24.540001,29.469999,10.290000,2.970000,0.810000,62.340000,-1.980000,-1.340000,283.679993,94.360001,80059.960938,37.45,103.38,35.057144,PM2.5,22652
24.750000,29.299999,10.620000,2.810000,0.690000,64.430000,-1.830000,-0.810000,284.100006,93.209999,80686.648438,37.46,103.55,35.357143,PM2.5,22653
25.360001,29.480000,11.030000,2.970000,0.610000,65.150002,-1.640000,-0.800000,283.200012,97.190002,79760.679688,37.46,103.72,36.228573,PM2.5,22654
25.389999,29.120001,11.920000,3.480000,0.560000,67.459999,-1.040000,-1.560000,284.059998,96.370003,81441.359375,37.46,103.89,36.271427,PM2.5,22655
24.959999,28.360001,12.520000,4.600000,0.520000,68.389999,-0.660000,-1.950000,285.790009,90.199997,83781.429688,37.46,104.06,35.657143,PM2.5,22656
27.320000,33.230000,9.400000,3.780000,1.220000,58.380001,-0.600000,2.200000,274.380005,99.239998,62821.531250,37.57,102.18,39.028572,PM2.5,22899
23.719999,31.280001,9.430000,5.110000,1.680000,54.830002,-2.350000,0.400000,275.890015,99.550003,66135.992188,37.57,102.35,42.000000,CO,22900
22.000000,30.540001,10.270000,6.730000,1.940000,54.680000,-2.260000,-1.300000,279.049988,100.000000,72825.398438,37.58,102.52,48.500000,CO,22901
21.670000,30.299999,10.940000,7.650000,2.020000,56.450001,-1.070000,-2.300000,281.839996,99.959999,78298.156250,37.58,102.69,50.500000,CO,22902
22.139999,29.700001,10.940000,6.530000,1.740000,59.430000,-0.690000,-2.570000,283.480011,97.150002,80888.023438,37.58,102.86,43.500000,CO,22903
23.010000,29.260000,10.590000,4.440000,1.340000,62.549999,-1.280000,-2.090000,284.220001,94.370003,81589.968750,37.59,103.03,33.500000,CO,22904
23.610001,28.990000,10.360000,3.160000,1.070000,64.269997,-1.820000,-1.770000,284.329987,93.989998,81656.031250,37.59,103.2,33.728573,PM2.5,22905
23.870001,28.500000,10.250000,2.230000,0.850000,66.529999,-1.990000,-1.750000,284.910004,92.019997,82312.546875,37.59,103.37,34.100002,PM2.5,22906
24.250000,28.450001,10.460000,1.990000,0.740000,68.260002,-2.090000,-1.680000,285.230011,90.970001,82715.343750,37.59,103.55,34.642857,PM2.5,22907
24.770000,28.490000,10.650000,1.990000,0.670000,68.400002,-1.770000,-1.480000,285.010010,92.529999,82662.507812,37.59,103.72,35.385715,PM2.5,22908
24.510000,31.809999,8.450000,5.160000,1.220000,55.240002,-1.230000,-1.490000,276.529999,98.809998,67402.406250,37.7,101.83,35.014286,PM2.5,23150
22.959999,31.219999,9.050000,5.520000,1.610000,54.869999,-2.920000,-0.620000,277.190002,99.279999,68538.890625,37.71,102.17,40.250000,CO,23152
21.660000,30.559999,9.410000,6.020000,1.840000,56.169998,-3.080000,-0.890000,278.470001,100.000000,71707.710938,37.71,102.34,46.000000,CO,23153
20.160000,30.190001,10.560000,8.650000,2.230000,56.070000,-1.840000,-1.540000,280.959991,100.000000,76835.882812,37.71,102.52,55.750000,CO,23154
20.260000,29.719999,11.110000,8.340000,2.190000,59.689999,-0.570000,-2.000000,283.510010,97.309998,81379.640625,37.72,102.69,54.750000,CO,23155
21.100000,28.920000,10.900000,6.260000,1.790000,62.799999,-0.360000,-1.910000,285.269989,91.519997,83689.656250,37.72,102.86,44.750000,CO,23156
22.030001,28.290001,10.590000,4.130000,1.360000,65.559998,-1.110000,-1.880000,285.809998,88.919998,84043.929688,37.72,103.03,34.000000,CO,23157
22.870001,28.010000,10.260000,2.580000,1.050000,67.050003,-1.830000,-1.910000,285.630005,89.070000,83580.117188,37.72,103.2,32.671429,PM2.5,23158
23.590000,27.980000,10.150000,1.710000,0.840000,68.790001,-2.170000,-2.020000,285.390015,89.940002,83234.046875,37.73,103.37,33.700001,PM2.5,23159
24.090000,28.120001,10.400000,1.620000,0.770000,69.989998,-2.040000,-2.150000,285.559998,89.900002,83571.796875,37.73,103.54,34.414288,PM2.5,23160
24.440001,27.950001,10.610000,1.630000,0.720000,69.879997,-1.610000,-2.070000,286.010010,89.089996,84296.140625,37.73,103.71,34.914288,PM2.5,23161
28.650000,33.709999,7.820000,4.140000,0.610000,57.910000,-1.640000,0.250000,274.500000,100.000000,64529.210938,37.82,101.31,40.928570,PM2.5,23403
23.260000,31.219999,8.040000,5.610000,1.160000,56.990002,-1.690000,-0.660000,276.769989,98.919998,68832.296875,37.83,101.65,33.228573,PM2.5,23405
21.000000,30.450001,8.390000,7.150000,1.440000,55.919998,-1.590000,-1.590000,278.380005,99.620003,72004.500000,37.83,101.83,36.000000,CO,23406
20.490000,30.320000,8.640000,7.040000,1.590000,55.380001,-2.130000,-2.090000,279.049988,99.900002,73115.546875,37.84,102.0,39.750000,CO,23407
20.049999,30.230000,8.990000,7.220000,1.760000,56.810001,-2.880000,-1.870000,279.459991,100.000000,73902.679688,37.84,102.17,44.000000,CO,23408
19.280001,29.850000,9.370000,7.800000,1.960000,57.259998,-2.510000,-1.480000,280.670013,100.000000,76391.929688,37.84,102.34,49.000000,CO,23409
16.969999,29.709999,11.320000,12.130000,2.710000,57.779999,-1.110000,-1.500000,282.820007,98.449997,80442.343750,37.85,102.51,67.750000,CO,23410
17.520000,28.959999,11.450000,11.070000,2.600000,60.270000,-0.030000,-1.620000,285.290009,91.830002,84157.132812,37.85,102.68,65.000000,CO,23411
19.969999,27.629999,10.410000,5.760000,1.700000,64.339996,-0.400000,-1.680000,286.399994,87.389999,85288.796875,37.85,102.85,42.500000,CO,23412
21.600000,27.280001,10.300000,3.100000,1.190000,68.529999,-1.390000,-2.040000,286.200012,87.239998,84651.421875,37.86,103.03,30.857143,PM2.5,23413
22.629999,27.180000,10.020000,1.720000,0.900000,69.230003,-1.900000,-2.160000,285.880005,88.120003,84147.328125,37.86,103.2,32.328571,PM2.5,23414
23.400000,27.420000,10.120000,1.330000,0.780000,70.279999,-2.000000,-2.130000,285.779999,88.830002,84086.421875,37.86,103.37,33.428570,PM2.5,23415
26.730000,31.790001,7.010000,3.890000,0.540000,57.860001,-1.580000,-0.200000,274.109985,100.000000,65032.859375,37.95,101.13,38.185715,PM2.5,23659
23.629999,30.299999,7.080000,4.340000,0.760000,58.680000,-0.990000,-1.000000,275.450012,99.080002,66856.937500,37.96,101.31,33.757141,PM2.5,23660
22.010000,29.750000,7.280000,5.070000,0.960000,58.590000,-1.240000,-0.940000,276.660004,98.980003,68875.609375,37.96,101.48,31.442858,PM2.5,23661
20.990000,29.680000,7.730000,6.160000,1.120000,58.549999,-1.390000,-0.660000,277.339996,99.830002,70283.812500,37.96,101.65,29.985714,PM2.5,23662
19.860001,29.490000,8.080000,7.290000,1.290000,57.389999,-1.570000,-1.200000,278.750000,99.570000,72815.343750,37.97,101.82,32.250000,CO,23663
19.309999,29.379999,8.300000,7.330000,1.430000,56.110001,-2.120000,-1.670000,279.760010,99.889999,74722.476562,37.97,101.99,35.750000,CO,23664
18.580000,29.200001,8.780000,8.200000,1.600000,57.029999,-2.140000,-1.550000,280.679993,100.000000,76542.671875,37.98,102.16,40.000000,CO,23665
17.940001,28.309999,8.890000,7.460000,1.680000,59.860001,-1.290000,-1.380000,282.660004,98.440002,80313.203125,37.98,102.34,42.000000,CO,23666
16.770000,28.209999,9.850000,8.970000,2.080000,61.660000,-0.290000,-1.130000,284.929993,92.570000,83766.062500,37.98,102.51,52.000000,CO,23667
17.690001,27.680000,10.100000,7.830000,1.990000,63.020000,0.020000,-1.110000,286.209991,88.930000,85494.250000,37.99,102.68,49.750000,CO,23668
20.190001,26.690001,9.630000,3.630000,1.290000,67.290001,-0.680000,-1.590000,286.690002,86.220001,85690.343750,37.99,102.85,32.250000,CO,23669
21.620001,26.790001,9.940000,2.090000,1.000000,70.449997,-1.550000,-1.960000,286.369995,86.769997,85077.953125,37.99,103.02,30.885715,PM2.5,23670
22.639999,26.969999,10.140000,1.440000,0.850000,71.629997,-1.900000,-1.970000,286.220001,87.309998,84864.820312,37.99,103.19,32.342857,PM2.5,23671
24.930000,29.510000,6.230000,3.960000,0.460000,56.700001,-1.350000,-0.690000,274.269989,99.750000,65967.078125,38.08,100.96,35.614285,PM2.5,23912
23.080000,28.570000,6.190000,4.120000,0.590000,56.830002,-0.640000,-1.050000,275.779999,98.580002,68010.820312,38.09,101.13,32.971428,PM2.5,23913
21.510000,28.450001,6.590000,4.400000,0.760000,59.919998,-0.190000,-1.640000,277.579987,98.300003,70959.273438,38.09,101.3,30.728571,PM2.5,23914
20.930000,29.000000,7.060000,5.040000,0.910000,61.590000,-0.670000,-1.290000,278.160004,98.570000,71690.046875,38.1,101.47,29.900000,PM2.5,23915
20.100000,29.139999,7.270000,5.940000,1.040000,60.950001,-1.310000,-0.480000,278.029999,99.709999,71540.250000,38.1,101.64,29.139999,PM10,23916
19.040001,28.920000,7.390000,6.710000,1.160000,59.980000,-1.680000,-0.770000,279.170013,99.540001,73844.148438,38.1,101.82,29.000000,CO,23917
18.059999,28.590000,7.660000,7.510000,1.290000,58.080002,-1.700000,-1.040000,280.970001,99.279999,77335.773438,38.11,101.99,32.250000,CO,23918
16.000000,27.980000,8.410000,9.640000,1.520000,59.360001,-1.350000,-0.850000,282.760010,96.820000,80433.406250,38.11,102.16,38.000000,CO,23919
15.930000,26.709999,8.080000,7.140000,1.420000,63.880001,-0.630000,-1.140000,284.760010,91.779999,83463.156250,38.12,102.33,35.500000,CO,23920
16.120001,26.379999,8.290000,6.410000,1.460000,65.830002,-0.060000,-1.210000,286.130005,88.360001,85457.382812,38.12,102.5,36.500000,CO,23921
17.889999,26.250000,8.540000,4.410000,1.280000,67.959999,-0.320000,-1.030000,286.709991,86.550003,86000.992188,38.12,102.68,32.000000,CO,23922
19.879999,25.959999,8.960000,2.290000,0.920000,71.110001,-0.990000,-1.520000,286.920013,84.699997,85868.718750,38.12,102.85,28.400000,PM2.5,23923
21.190001,26.469999,9.510000,1.670000,0.840000,71.989998,-1.470000,-1.580000,286.730011,85.449997,85554.343750,38.13,103.02,30.271429,PM2.5,23924
22.400000,26.889999,10.030000,1.350000,0.780000,72.989998,-1.670000,-1.710000,286.799988,84.970001,85562.523438,38.13,103.19,32.000000,PM2.5,23925
23.440001,27.240000,10.360000,1.170000,0.740000,73.360001,-1.810000,-1.820000,286.929993,84.510002,85666.750000,38.13,103.36,33.485714,PM2.5,23926
22.490000,25.969999,5.540000,3.830000,0.350000,55.450001,-0.180000,-0.830000,274.760010,99.160004,66791.148438,38.21,100.78,32.128571,PM2.5,24168
20.549999,24.680000,5.230000,4.400000,0.440000,55.169998,0.090000,-1.170000,277.190002,97.349998,70970.296875,38.22,100.95,29.357141,PM2.5,24169
19.480000,24.090000,5.140000,4.190000,0.500000,56.740002,0.550000,-1.490000,277.959991,97.290001,72255.000000,38.22,101.12,27.828571,PM2.5,24170
19.520000,25.559999,5.750000,4.090000,0.630000,60.520000,0.460000,-1.380000,278.220001,98.540001,72501.617188,38.23,101.29,27.885715,PM2.5,24171
19.620001,27.120001,6.440000,4.670000,0.790000,63.200001,-0.350000,-1.160000,279.119995,98.029999,73826.718750,38.23,101.47,28.028572,PM2.5,24172
18.590000,27.520000,6.770000,5.620000,0.940000,63.000000,-1.030000,-0.350000,280.640015,95.849998,76055.742188,38.24,101.64,27.520000,PM10,24173
17.219999,27.250000,6.950000,6.340000,1.050000,63.540001,-1.690000,0.280000,281.809998,94.970001,78160.156250,38.24,101.81,27.250000,PM10,24174
15.040000,26.270000,7.110000,7.950000,1.150000,62.759998,-1.730000,-0.040000,282.989990,94.160004,80392.726562,38.24,101.98,28.750000,CO,24175
12.670000,26.639999,7.630000,11.390000,1.460000,61.900002,-1.400000,-0.860000,284.140015,92.230003,82362.406250,38.25,102.15,36.500000,CO,24176
14.550000,25.940001,7.300000,7.060000,1.210000,66.559998,-0.820000,-1.260000,285.029999,90.370003,83765.250000,38.25,102.33,30.250000,CO,24177
15.450000,25.809999,7.200000,5.530000,1.170000,65.739998,-0.290000,-1.530000,285.910004,88.370003,84996.546875,38.25,102.5,29.249998,CO,24178
17.180000,25.650000,7.550000,3.790000,1.000000,67.919998,-0.490000,-1.330000,286.700012,85.750000,85829.882812,38.26,102.67,25.650000,PM10,24179
19.299999,25.680000,8.340000,2.210000,0.780000,71.800003,-0.940000,-1.480000,287.059998,84.370003,86083.679688,38.26,102.84,27.571428,PM2.5,24180
20.799999,26.370001,9.110000,1.680000,0.750000,72.760002,-1.380000,-1.440000,287.100006,83.949997,85938.000000,38.26,103.02,29.714285,PM2.5,24181
22.260000,26.950001,9.860000,1.390000,0.730000,73.830002,-1.710000,-1.710000,287.119995,83.500000,85837.992188,38.27,103.19,31.800001,PM2.5,24182
23.549999,27.360001,10.280000,1.180000,0.710000,73.970001,-1.780000,-1.930000,287.200012,83.279999,85947.203125,38.27,103.36,33.642857,PM2.5,24183
21.680000,22.940001,5.000000,2.160000,0.180000,62.439999,-0.690000,-1.240000,274.890015,98.120003,67940.257812,38.32,100.08,30.971430,PM2.5,24423
21.430000,23.250000,5.380000,2.970000,0.200000,60.020000,-1.440000,-1.160000,273.470001,99.989998,64794.921875,38.34,100.42,30.614286,PM2.5,24425
20.559999,23.080000,5.150000,3.910000,0.260000,56.110001,-0.130000,-1.190000,275.369995,99.209999,67888.609375,38.34,100.6,29.371428,PM2.5,24426
19.330000,22.400000,5.240000,5.380000,0.360000,54.820000,0.790000,-1.460000,278.239990,97.040001,73087.156250,38.35,100.77,27.614286,PM2.5,24427
18.280001,21.740000,5.040000,6.030000,0.430000,55.060001,1.330000,-1.670000,279.899994,95.739998,76320.039062,38.35,100.94,26.114286,PM2.5,24428
17.830000,21.590000,4.650000,5.080000,0.430000,56.869999,1.720000,-1.320000,279.309998,95.930000,74957.523438,38.36,101.11,25.471428,PM2.5,24429
17.719999,22.570000,4.820000,3.860000,0.480000,60.820000,1.080000,-0.970000,278.010010,98.150002,71917.078125,38.36,101.29,25.314285,PM2.5,24430
17.790001,24.110001,5.390000,4.050000,0.600000,64.529999,-0.180000,-0.340000,278.959991,98.199997,73478.257812,38.37,101.46,25.414288,PM2.5,24431
16.360001,24.080000,5.660000,4.440000,0.690000,66.900002,-0.590000,-0.120000,281.910004,92.599998,78243.882812,38.37,101.63,24.080000,PM10,24432
14.330000,23.990000,5.930000,6.030000,0.810000,67.040001,-1.360000,0.410000,282.929993,90.750000,79672.898438,38.38,101.8,23.990000,PM10,24433
12.070000,24.980000,6.390000,10.120000,1.030000,64.440002,-1.950000,-0.430000,282.730011,93.760002,79686.781250,38.38,101.98,25.750000,CO,24434
9.190000,26.610001,7.140000,15.510000,1.440000,63.490002,-1.210000,-1.340000,283.989990,92.540001,82172.921875,38.38,102.15,36.000000,CO,24435
13.600000,24.790001,6.540000,6.700000,1.000000,67.400002,-0.460000,-1.320000,285.329987,89.389999,84280.390625,38.39,102.32,25.000000,CO,24436
15.200000,24.490000,6.620000,4.550000,0.870000,68.410004,-0.320000,-1.350000,285.989990,87.930000,85151.796875,38.39,102.5,24.490000,PM10,24437
17.000000,24.540001,7.000000,3.090000,0.730000,70.089996,-0.520000,-1.400000,286.739990,85.639999,85943.531250,38.39,102.67,24.540001,PM10,24438
18.920000,25.290001,7.830000,2.190000,0.670000,72.540001,-0.980000,-1.620000,287.239990,83.699997,86309.367188,38.4,102.84,27.028572,PM2.5,24439
20.530001,26.240000,8.740000,1.800000,0.670000,73.099998,-1.450000,-1.690000,287.309998,83.220001,86226.656250,38.4,103.01,29.328573,PM2.5,24440
22.139999,27.010000,9.640000,1.560000,0.700000,73.809998,-1.690000,-1.840000,287.220001,83.519997,86063.046875,38.4,103.19,31.628571,PM2.5,24441
23.580000,27.450001,10.190000,1.230000,0.700000,74.059998,-1.560000,-2.020000,287.429993,82.669998,86338.171875,38.4,103.36,33.685715,PM2.5,24442
7.000000,7.270000,0.780000,0.240000,0.120000,62.139999,0.890000,0.290000,270.380005,96.540001,57110.320312,38.25,95.94,10.000000,PM2.5,24659
7.090000,7.360000,0.770000,0.240000,0.120000,62.049999,1.440000,0.690000,270.260010,97.919998,57027.621094,38.26,96.11,10.128572,PM2.5,24660
6.920000,7.190000,0.770000,0.220000,0.120000,63.029999,1.210000,-0.100000,271.420013,95.559998,58495.191406,38.27,96.28,9.885715,PM2.5,24661
6.910000,7.190000,0.800000,0.220000,0.120000,63.020000,0.910000,-1.260000,272.529999,92.820000,60003.390625,38.28,96.45,9.871428,PM2.5,24662
7.150000,7.440000,0.840000,0.240000,0.120000,61.970001,1.030000,-1.190000,272.950012,92.669998,60526.210938,38.29,96.62,10.214286,PM2.5,24663
19.320000,20.450001,3.800000,1.590000,0.170000,64.309998,-0.450000,-1.190000,273.670013,98.730003,66211.929688,38.45,99.73,27.600000,PM2.5,24681
19.320000,20.580000,4.040000,1.740000,0.170000,65.180000,-0.080000,-1.090000,275.209991,95.849998,68610.726562,38.45,99.9,27.600000,PM2.5,24682
19.389999,21.030001,4.510000,2.880000,0.190000,61.930000,-0.400000,-1.660000,274.059998,99.730003,66295.976562,38.46,100.24,27.699999,PM2.5,24684
18.250000,20.160000,4.480000,3.690000,0.200000,58.009998,0.200000,-2.120000,276.829987,98.889999,70788.343750,38.47,100.42,26.071428,PM2.5,24685
17.540001,19.860001,4.580000,4.470000,0.250000,57.740002,1.020000,-1.950000,279.709991,97.070000,76350.882812,38.48,100.59,25.057144,PM2.5,24686
17.209999,19.780001,4.790000,4.990000,0.310000,58.320000,1.940000,-1.560000,281.049988,93.959999,78486.960938,38.48,100.76,24.585712,PM2.5,24687
16.959999,19.780001,4.500000,5.220000,0.360000,57.770000,2.390000,-1.140000,281.279999,94.430000,78882.242188,38.49,100.94,24.228571,PM2.5,24688
16.850000,19.969999,4.240000,4.780000,0.370000,58.290001,2.710000,-0.550000,280.670013,95.540001,77546.062500,38.49,101.11,24.071428,PM2.5,24689
16.650000,20.700001,4.390000,3.680000,0.410000,62.049999,2.050000,-0.690000,280.000000,95.660004,75427.289062,38.5,101.28,23.785713,PM2.5,24690
16.440001,21.790001,4.850000,3.390000,0.480000,65.980003,0.450000,0.240000,280.459991,95.839996,76149.468750,38.5,101.45,23.485716,PM2.5,24691
15.690000,22.230000,5.200000,3.700000,0.550000,68.500000,-0.450000,0.220000,281.540009,94.040001,77949.617188,38.51,101.63,22.414286,PM2.5,24692
14.630000,22.980000,5.410000,5.260000,0.630000,68.599998,-1.080000,0.000000,281.130005,95.949997,77102.046875,38.51,101.8,22.980000,PM10,24693
12.090000,24.510000,6.000000,11.050000,0.800000,63.840000,-1.240000,-0.670000,281.600006,96.470001,78153.656250,38.51,101.97,24.510000,PM10,24694
8.710000,25.590000,6.630000,16.100000,1.120000,62.619999,-0.410000,-1.070000,284.589996,89.849998,83017.593750,38.52,102.15,28.000000,CO,24695
13.310000,24.059999,6.230000,6.460000,0.890000,67.410004,0.000000,-1.210000,286.470001,84.830002,85843.023438,38.52,102.32,24.059999,PM10,24696
15.290000,23.629999,6.220000,4.090000,0.780000,67.099998,-0.290000,-1.110000,286.829987,84.730003,86224.953125,38.52,102.49,23.629999,PM10,24697
17.190001,23.709999,6.620000,2.630000,0.670000,68.620003,-0.710000,-1.240000,287.250000,83.559998,86561.351562,38.53,102.66,24.557144,PM2.5,24698
19.080000,24.780001,7.590000,2.020000,0.660000,72.110001,-1.040000,-1.520000,287.450012,82.739998,86647.156250,38.53,102.84,27.257143,PM2.5,24699
20.629999,26.170000,8.530000,2.260000,0.730000,71.589996,-1.250000,-1.500000,287.489990,82.690002,86607.953125,38.53,103.01,29.471428,PM2.5,24700
22.230000,27.190001,9.670000,2.150000,0.770000,72.410004,-1.460000,-1.620000,287.489990,82.940002,86633.750000,38.54,103.18,31.757143,PM2.5,24701
23.750000,27.559999,10.260000,1.290000,0.700000,73.089996,-1.500000,-1.830000,287.720001,82.080002,86885.929688,38.54,103.36,33.928570,PM2.5,24702
24.549999,27.650000,10.930000,1.170000,0.670000,73.550003,-1.450000,-2.060000,287.760010,82.000000,86923.859375,38.54,103.53,35.071426,PM2.5,24703
6.780000,7.060000,0.870000,0.270000,0.120000,64.489998,-0.810000,-2.660000,272.450012,90.959999,61169.121094,38.33,95.23,9.685715,PM2.5,24913
6.880000,7.170000,0.880000,0.300000,0.120000,63.060001,-0.020000,-2.280000,271.859985,92.580002,60256.398438,38.34,95.41,9.828571,PM2.5,24914
6.890000,7.180000,0.870000,0.290000,0.120000,61.650002,0.460000,-1.520000,270.640015,95.389999,58532.011719,38.36,95.58,9.842857,PM2.5,24915
6.830000,7.110000,0.850000,0.260000,0.120000,61.540001,1.020000,-1.010000,269.959991,97.360001,57545.699219,38.37,95.75,9.757143,PM2.5,24916
6.860000,7.140000,0.840000,0.240000,0.120000,61.709999,1.380000,-0.840000,270.660004,96.320000,58312.781250,38.38,95.92,9.800000,PM2.5,24917
6.790000,7.070000,0.830000,0.230000,0.120000,63.150002,0.740000,-1.410000,272.279999,94.440002,60488.898438,38.39,96.09,9.700000,PM2.5,24918
7.070000,7.360000,0.920000,0.220000,0.120000,62.689999,0.020000,-2.540000,272.950012,94.430000,61622.628906,38.4,96.27,10.100000,PM2.5,24919
7.120000,7.430000,0.930000,0.230000,0.120000,62.000000,0.200000,-2.940000,272.250000,95.070000,60526.800781,38.41,96.44,10.171429,PM2.5,24920
7.060000,7.400000,0.890000,0.250000,0.120000,62.900002,0.770000,-2.440000,271.899994,96.209999,59892.691406,38.42,96.61,10.085714,PM2.5,24921
17.790001,18.900000,3.420000,1.730000,0.170000,65.470001,-1.270000,-1.050000,272.290009,99.199997,63791.078125,38.57,99.54,25.414288,PM2.5,24938
17.670000,18.930000,3.500000,1.760000,0.170000,66.000000,-0.230000,-1.420000,273.190002,99.279999,65393.890625,38.58,99.72,25.242857,PM2.5,24939
17.680000,18.959999,3.620000,1.760000,0.170000,66.680000,0.320000,-1.420000,275.299988,96.320000,68633.796875,38.59,99.89,25.257143,PM2.5,24940
17.740000,19.080000,3.830000,2.300000,0.170000,62.169998,0.120000,-1.340000,276.239990,95.570000,70041.937500,38.59,100.06,25.342857,PM2.5,24941
17.570000,19.219999,4.160000,3.590000,0.190000,60.320000,0.380000,-2.230000,277.600006,97.809998,72395.046875,38.6,100.24,25.100000,PM2.5,24942
16.920000,18.840000,4.430000,4.490000,0.210000,60.340000,1.260000,-2.220000,280.980011,92.830002,78234.218750,38.61,100.41,24.171429,PM2.5,24943
16.660000,18.860001,4.480000,4.810000,0.240000,60.099998,1.870000,-1.480000,283.109985,88.169998,81743.023438,38.61,100.58,23.799999,PM2.5,24944
16.459999,18.719999,4.260000,4.660000,0.280000,60.230000,2.630000,-0.910000,282.950012,90.449997,81720.882812,38.62,100.76,23.514284,PM2.5,24945
16.350000,18.700001,4.030000,4.400000,0.310000,60.259998,3.410000,-0.570000,282.720001,92.400002,81360.976562,38.62,100.93,23.357143,PM2.5,24946
16.280001,18.860001,3.880000,3.890000,0.320000,61.669998,3.540000,-0.110000,282.730011,92.160004,80919.320312,38.63,101.1,23.257143,PM2.5,24947
16.100000,19.520000,4.110000,3.000000,0.350000,65.500000,2.420000,-0.240000,282.529999,91.550003,79850.882812,38.63,101.27,23.000000,PM2.5,24948
15.930000,20.559999,4.550000,2.950000,0.420000,67.720001,0.700000,0.600000,282.089996,92.440002,78969.523438,38.64,101.45,22.757143,PM2.5,24949
15.500000,21.660000,5.060000,3.600000,0.490000,68.639999,-0.180000,0.720000,281.339996,94.580002,77760.382812,38.64,101.62,22.142857,PM2.5,24950
14.200000,22.809999,5.540000,6.210000,0.560000,68.330002,-0.850000,0.180000,280.989990,95.550003,76858.328125,38.65,101.79,22.809999,PM10,24951
11.760000,24.080000,6.290000,11.140000,0.640000,65.889999,-0.970000,0.020000,282.619995,94.250000,79966.757812,38.65,101.97,24.080000,PM10,24952
9.110000,24.440001,6.800000,14.540000,0.810000,66.070000,-0.170000,-0.670000,285.619995,86.690002,84645.843750,38.65,102.14,24.440001,PM10,24953
13.970000,22.930000,6.000000,4.920000,0.730000,67.879997,0.060000,-1.030000,287.100006,82.449997,86644.109375,38.66,102.31,22.930000,PM10,24954
15.610000,22.469999,6.170000,3.010000,0.670000,69.059998,-0.500000,-1.160000,287.489990,81.949997,87002.257812,38.66,102.49,22.469999,PM10,24955
17.320000,22.500000,6.540000,1.840000,0.610000,69.980003,-0.940000,-1.170000,287.660004,81.739998,87023.617188,38.66,102.66,24.742857,PM2.5,24956
18.990000,23.680000,7.340000,1.550000,0.630000,71.419998,-1.040000,-1.270000,287.690002,81.620003,86958.156250,38.67,102.83,27.128571,PM2.5,24957
20.559999,25.410000,8.290000,2.070000,0.710000,70.290001,-1.090000,-1.250000,287.700012,81.779999,86947.757812,38.67,103.01,29.371428,PM2.5,24958
22.190001,26.600000,9.290000,1.970000,0.740000,70.190002,-1.210000,-1.390000,287.760010,82.029999,87064.289062,38.67,103.18,31.700001,PM2.5,24959
23.670000,27.209999,9.930000,1.290000,0.680000,70.400002,-1.350000,-1.580000,287.829987,82.080002,87180.062500,38.67,103.35,33.814285,PM2.5,24960
24.480000,27.500000,10.830000,1.230000,0.650000,72.230003,-1.350000,-1.850000,287.850006,81.650002,87176.242188,38.68,103.53,34.971428,PM2.5,24961
25.209999,27.620001,11.090000,1.340000,0.590000,71.730003,-1.270000,-1.940000,287.920013,81.239998,87205.703125,38.68,103.7,36.014286,PM2.5,24962
26.010000,27.930000,11.520000,1.660000,0.510000,71.739998,-1.140000,-1.940000,288.000000,80.839996,87283.890625,38.68,103.87,37.157143,PM2.5,24963
7.900000,8.150000,0.900000,0.350000,0.120000,71.080002,-1.140000,-7.170000,275.660004,75.129997,67794.710938,38.42,94.53,11.285714,PM2.5,25159
7.220000,7.460000,0.830000,0.260000,0.120000,68.510002,-0.760000,-6.400000,274.570007,80.720001,65831.203125,38.43,94.7,10.314285,PM2.5,25160
6.940000,7.190000,0.820000,0.200000,0.120000,69.160004,-1.750000,-5.030000,273.160004,87.379997,62754.699219,38.44,94.87,9.914286,PM2.5,25161
6.900000,7.160000,0.880000,0.200000,0.120000,66.320000,-1.440000,-3.770000,271.739990,94.360001,61335.078125,38.45,95.05,9.857143,PM2.5,25162
6.690000,6.950000,0.850000,0.190000,0.120000,66.680000,-0.110000,-3.130000,272.320007,93.800003,62110.851562,38.47,95.22,9.557143,PM2.5,25163
6.870000,7.140000,0.890000,0.200000,0.120000,65.930000,0.490000,-2.550000,272.609985,92.809998,62074.699219,38.48,95.39,9.814285,PM2.5,25164
6.890000,7.160000,0.890000,0.220000,0.120000,64.000000,0.760000,-1.860000,271.940002,94.040001,60932.601562,38.49,95.56,9.842857,PM2.5,25165
6.670000,6.950000,0.860000,0.210000,0.120000,65.059998,1.020000,-1.620000,271.980011,94.059998,60884.609375,38.5,95.74,9.528571,PM2.5,25166
6.840000,7.120000,0.880000,0.210000,0.120000,64.910004,1.110000,-1.940000,273.070007,91.160004,62163.800781,38.51,95.91,9.771429,PM2.5,25167
6.910000,7.200000,0.950000,0.220000,0.120000,65.529999,0.490000,-2.660000,273.570007,86.959999,62268.910156,38.53,96.08,9.871428,PM2.5,25168
7.050000,7.350000,0.980000,0.240000,0.120000,63.740002,-0.150000,-3.290000,272.200012,95.570000,61230.570312,38.54,96.25,10.071429,PM2.5,25169
7.350000,7.690000,1.010000,0.250000,0.120000,63.259998,0.400000,-3.420000,271.600006,97.769997,60779.289062,38.55,96.42,10.500000,PM2.5,25170
7.550000,7.940000,1.020000,0.310000,0.130000,63.430000,1.580000,-3.070000,272.070007,97.650002,61298.019531,38.56,96.6,10.785714,PM2.5,25171
8.340000,8.810000,1.130000,0.390000,0.130000,61.419998,2.250000,-2.750000,272.890015,97.820000,62036.281250,38.57,96.77,11.914286,PM2.5,25172
9.380000,9.910000,1.290000,0.480000,0.130000,61.080002,1.920000,-1.920000,273.559998,95.089996,62053.289062,38.58,96.94,13.400001,PM2.5,25173
16.730000,18.010000,3.260000,2.170000,0.170000,66.169998,-0.400000,-1.250000,273.010010,99.459999,65417.578125,38.71,99.54,23.900000,PM2.5,25188
16.750000,18.139999,3.320000,2.150000,0.170000,66.250000,0.470000,-1.410000,274.809998,97.309998,68304.296875,38.72,99.71,23.928572,PM2.5,25189
16.680000,18.020000,3.390000,2.030000,0.170000,65.510002,0.310000,-1.500000,276.059998,97.199997,70055.312500,38.72,99.88,23.828571,PM2.5,25190
16.410000,17.840000,3.630000,2.810000,0.170000,59.340000,-0.060000,-1.920000,278.359985,95.440002,73648.023438,38.73,100.06,23.442858,PM2.5,25191
16.610001,18.570000,4.660000,5.050000,0.200000,60.820000,0.660000,-2.090000,281.739990,88.769997,79239.476562,38.74,100.23,23.728573,PM2.5,25192
16.480000,18.780001,5.230000,6.430000,0.220000,60.410000,1.590000,-1.370000,284.339996,82.959999,83229.343750,38.74,100.4,23.542856,PM2.5,25193
16.010000,18.290001,4.990000,5.550000,0.240000,62.009998,2.210000,-1.240000,285.089996,81.800003,84521.742188,38.75,100.58,22.871429,PM2.5,25194
15.970000,18.120001,4.470000,4.540000,0.260000,63.540001,2.810000,-0.710000,284.649994,85.029999,84054.328125,38.75,100.75,22.814285,PM2.5,25195
16.110001,18.340000,4.220000,3.720000,0.290000,64.669998,2.540000,-0.420000,283.989990,88.010002,82858.898438,38.76,100.92,23.014286,PM2.5,25196
16.280001,18.940001,4.260000,3.220000,0.320000,66.669998,1.680000,-0.650000,283.420013,89.330002,81559.742188,38.76,101.1,23.257143,PM2.5,25197
16.070000,19.450001,4.350000,2.720000,0.350000,67.870003,0.790000,-0.310000,282.630005,91.160004,79889.656250,38.77,101.27,22.957142,PM2.5,25198
13.050000,22.750000,6.660000,7.250000,0.570000,68.489998,-1.180000,0.350000,285.230011,87.110001,84126.578125,38.78,101.96,22.750000,PM10,25202
12.690000,22.889999,6.870000,7.740000,0.630000,69.339996,-0.450000,-0.340000,286.779999,82.639999,86297.343750,38.79,102.14,22.889999,PM10,25203
15.560000,21.680000,6.090000,2.700000,0.610000,69.639999,-0.660000,-0.670000,287.459991,80.750000,87043.250000,38.79,102.31,22.228573,PM2.5,25204
16.410000,21.190001,6.130000,1.740000,0.590000,68.440002,-1.270000,-1.030000,287.709991,80.500000,87209.843750,38.8,102.48,23.442858,PM2.5,25205
17.520000,21.540001,6.520000,1.310000,0.580000,68.269997,-1.530000,-1.220000,287.619995,81.389999,87035.140625,38.8,102.66,25.028572,PM2.5,25206
19.190001,23.100000,7.400000,1.290000,0.610000,69.860001,-1.410000,-1.420000,287.579987,81.440002,86969.937500,38.8,102.83,27.414286,PM2.5,25207
20.670000,24.620001,8.340000,1.520000,0.650000,70.309998,-1.320000,-1.350000,287.700012,81.129997,87136.328125,38.8,103.0,29.528572,PM2.5,25208
22.170000,25.850000,9.080000,1.500000,0.660000,69.120003,-1.320000,-1.260000,287.779999,81.730003,87283.500000,38.81,103.18,31.671429,PM2.5,25209
23.580000,26.850000,9.850000,1.290000,0.630000,69.699997,-1.350000,-1.260000,287.779999,82.160004,87289.656250,38.81,103.35,33.685715,PM2.5,25210
24.530001,27.469999,10.640000,1.270000,0.590000,70.580002,-1.360000,-1.520000,287.829987,81.660004,87310.171875,38.81,103.52,35.042858,PM2.5,25211
25.320000,27.750000,11.370000,1.410000,0.530000,72.959999,-1.300000,-1.680000,287.970001,80.790001,87408.250000,38.81,103.7,36.171429,PM2.5,25212
25.910000,27.820000,11.750000,1.720000,0.440000,72.360001,-1.360000,-1.730000,288.089996,80.099998,87401.718750,38.81,103.87,37.014286,PM2.5,25213
8.140000,8.380000,0.920000,0.340000,0.120000,72.570000,0.970000,-5.340000,277.380005,68.050003,69838.906250,38.55,94.51,11.628572,PM2.5,25401
7.840000,8.090000,0.890000,0.240000,0.120000,68.779999,0.530000,-3.240000,275.570007,75.800003,67601.773438,38.56,94.69,11.200000,PM2.5,25402
7.510000,7.770000,0.870000,0.190000,0.120000,68.209999,-0.180000,-2.790000,273.470001,87.010002,64550.921875,38.58,94.86,10.728572,PM2.5,25403
7.300000,7.560000,0.930000,0.190000,0.120000,67.070000,0.420000,-2.120000,273.660004,88.190002,64638.859375,38.59,95.03,10.428572,PM2.5,25404
7.260000,7.530000,0.930000,0.180000,0.120000,67.470001,0.980000,-1.920000,274.239990,86.779999,65117.750000,38.6,95.2,10.371428,PM2.5,25405
7.220000,7.480000,0.910000,0.180000,0.120000,67.410004,0.900000,-1.940000,273.839996,87.910004,64149.941406,38.61,95.38,10.314285,PM2.5,25406
7.170000,7.440000,0.930000,0.190000,0.120000,65.879997,0.840000,-2.010000,274.470001,84.239998,64496.531250,38.63,95.55,10.242857,PM2.5,25407
7.000000,7.270000,0.950000,0.200000,0.120000,65.910004,0.790000,-1.970000,274.730011,83.639999,64570.191406,38.64,95.72,10.000000,PM2.5,25408
6.930000,7.210000,0.940000,0.200000,0.120000,66.129997,0.510000,-2.420000,272.890015,89.269997,61986.808594,38.65,95.89,9.900000,PM2.5,25409
6.870000,7.160000,0.970000,0.230000,0.120000,66.019997,0.590000,-3.020000,270.940002,96.290001,59920.968750,38.66,96.07,9.814285,PM2.5,25410
7.200000,7.510000,1.020000,0.240000,0.120000,66.510002,1.270000,-3.480000,271.769989,96.269997,61621.070312,38.67,96.24,10.285714,PM2.5,25411
7.410000,7.760000,1.050000,0.250000,0.130000,65.370003,2.100000,-3.080000,274.079987,89.769997,64527.210938,38.68,96.41,10.585714,PM2.5,25412
7.810000,8.240000,1.110000,0.300000,0.130000,62.919998,2.800000,-2.280000,274.649994,90.180000,65171.300781,38.69,96.58,11.157143,PM2.5,25413
8.490000,9.030000,1.210000,0.400000,0.130000,61.279999,2.620000,-1.780000,273.829987,96.769997,63744.730469,38.7,96.76,12.128572,PM2.5,25414
9.500000,10.100000,1.380000,0.520000,0.140000,60.700001,1.510000,-1.230000,272.739990,97.839996,61376.750000,38.72,96.93,13.571428,PM2.5,25415
15.910000,17.160000,3.060000,1.860000,0.170000,69.080002,-2.030000,-1.920000,271.760010,97.290001,62140.878906,38.83,99.18,22.728571,PM2.5,25428
16.360001,17.820000,3.180000,2.260000,0.170000,68.120003,-1.090000,-1.850000,272.269989,99.879997,64087.500000,38.84,99.35,23.371429,PM2.5,25429
16.230000,17.740000,3.250000,2.560000,0.170000,66.879997,-0.330000,-1.780000,275.750000,97.019997,70043.906250,38.84,99.53,23.185713,PM2.5,25430
15.910000,17.530001,3.450000,2.710000,0.180000,66.459999,-0.030000,-1.610000,278.670013,91.349998,74558.976562,38.85,99.7,22.728571,PM2.5,25431
16.010000,17.620001,3.630000,2.880000,0.180000,65.690002,-0.360000,-1.720000,279.399994,91.760002,75456.796875,38.86,99.87,22.871429,PM2.5,25432
16.090000,17.889999,4.040000,3.780000,0.190000,60.680000,-0.060000,-1.960000,281.299988,87.500000,78208.593750,38.86,100.05,22.985714,PM2.5,25433
17.770000,21.030001,7.140000,9.940000,0.240000,58.709999,1.010000,-1.650000,284.679993,79.040001,83233.570312,38.87,100.22,25.385715,PM2.5,25434
18.790001,22.860001,8.690000,13.420000,0.280000,57.209999,1.460000,-1.480000,286.209991,77.400002,85840.929688,38.88,100.39,26.842859,PM2.5,25435
16.549999,18.969999,5.600000,6.660000,0.240000,63.669998,2.040000,-1.260000,285.670013,81.330002,85407.273438,38.88,100.57,23.642857,PM2.5,25436
16.180000,18.230000,4.600000,3.690000,0.240000,67.010002,1.620000,-0.970000,284.119995,85.720001,82380.726562,38.89,100.74,23.114286,PM2.5,25437
16.379999,18.780001,4.700000,2.790000,0.280000,69.389999,-0.330000,-1.530000,282.660004,89.290001,79660.328125,38.89,100.92,23.400000,PM2.5,25438
16.719999,20.129999,5.560000,3.270000,0.380000,69.029999,-1.430000,-2.170000,282.470001,91.519997,79748.617188,38.9,101.09,23.885714,PM2.5,25439
16.490000,21.450001,6.430000,2.210000,0.550000,71.589996,-1.300000,-0.400000,287.630005,78.930000,87102.953125,38.92,102.13,23.557142,PM2.5,25445
16.730000,20.600000,6.140000,1.300000,0.550000,70.290001,-1.790000,-0.980000,287.730011,78.699997,86963.359375,38.93,102.31,23.900000,PM2.5,25446
16.930000,20.440001,6.200000,1.140000,0.560000,68.529999,-1.950000,-1.450000,287.470001,80.410004,86662.796875,38.93,102.48,24.185715,PM2.5,25447
17.719999,21.120001,6.540000,1.090000,0.570000,67.349998,-1.680000,-1.560000,287.220001,82.059998,86405.226562,38.93,102.65,25.314285,PM2.5,25448
19.360001,22.719999,7.450000,1.100000,0.580000,69.150002,-1.260000,-1.460000,287.100006,82.739998,86382.937500,38.94,102.83,27.657145,PM2.5,25449
20.740000,23.950001,8.200000,1.060000,0.590000,69.820000,-1.050000,-1.170000,287.429993,81.839996,86786.031250,38.94,103.0,29.628571,PM2.5,25450
22.070000,25.100000,8.990000,1.090000,0.580000,70.629997,-1.100000,-0.910000,287.739990,81.320000,87204.062500,38.94,103.17,31.528570,PM2.5,25451
23.320000,26.240000,9.630000,1.190000,0.560000,69.900002,-1.300000,-0.780000,287.809998,81.709999,87328.296875,38.94,103.35,33.314285,PM2.5,25452
24.340000,27.120001,10.460000,1.240000,0.520000,70.570000,-1.330000,-1.120000,287.799988,81.570000,87331.359375,38.95,103.52,34.771427,PM2.5,25453
25.090000,27.420000,11.160000,1.400000,0.440000,72.120003,-1.360000,-1.260000,287.980011,80.559998,87449.546875,38.95,103.7,35.842857,PM2.5,25454
25.629999,27.490000,12.020000,1.790000,0.360000,73.730003,-1.680000,-1.420000,288.140015,79.500000,87539.406250,38.95,103.87,36.614285,PM2.5,25455
26.350000,27.820000,12.280000,2.380000,0.300000,73.080002,-2.170000,-1.600000,288.100006,79.300003,87379.656250,38.95,104.04,37.642857,PM2.5,25456
8.150000,8.400000,0.910000,0.380000,0.120000,72.959999,2.110000,-4.640000,279.170013,61.110001,71487.726562,38.68,94.5,11.642857,PM2.5,25645
8.100000,8.350000,0.930000,0.310000,0.120000,70.540001,2.090000,-1.470000,278.029999,65.139999,70124.992188,38.7,94.67,11.571429,PM2.5,25646
7.960000,8.220000,0.960000,0.270000,0.120000,69.839996,2.090000,-0.720000,277.260010,68.849998,68834.359375,38.71,94.84,11.371428,PM2.5,25647
7.790000,8.060000,0.990000,0.250000,0.120000,69.330002,2.190000,-0.620000,277.309998,69.709999,68486.851562,38.72,95.01,11.128572,PM2.5,25648
7.610000,7.880000,1.000000,0.230000,0.120000,69.050003,2.010000,-0.960000,276.920013,70.930000,67640.843750,38.74,95.19,10.871428,PM2.5,25649
7.520000,7.790000,1.010000,0.220000,0.120000,68.879997,1.420000,-1.400000,276.179993,73.500000,66570.250000,38.75,95.36,10.742857,PM2.5,25650
7.330000,7.610000,1.020000,0.220000,0.120000,69.339996,0.560000,-2.110000,275.540009,76.040001,65598.742188,38.76,95.53,10.471429,PM2.5,25651
7.120000,7.410000,1.050000,0.230000,0.120000,68.720001,-0.480000,-2.460000,273.220001,87.540001,63106.378906,38.77,95.71,10.171429,PM2.5,25652
7.470000,7.770000,1.060000,0.230000,0.120000,67.889999,-0.120000,-3.100000,270.940002,96.510002,60881.550781,38.78,95.88,10.671429,PM2.5,25653
7.250000,7.560000,1.040000,0.240000,0.120000,69.290001,1.900000,-3.060000,271.799988,94.699997,62265.718750,38.8,96.05,10.357142,PM2.5,25654
7.350000,7.680000,1.070000,0.250000,0.130000,68.089996,3.250000,-2.910000,274.929993,82.559998,65914.226562,38.81,96.22,10.500000,PM2.5,25655
7.450000,7.840000,1.140000,0.280000,0.130000,67.199997,3.480000,-2.270000,276.470001,78.519997,67474.132812,38.82,96.4,10.642857,PM2.5,25656
7.960000,8.460000,1.230000,0.360000,0.130000,64.529999,2.700000,-1.490000,275.690002,84.599998,66127.617188,38.83,96.57,11.371428,PM2.5,25657
8.710000,9.350000,1.340000,0.480000,0.140000,60.590000,0.980000,-1.300000,274.160004,94.669998,64222.960938,38.84,96.74,12.442857,PM2.5,25658
9.590000,10.310000,1.520000,0.590000,0.140000,61.180000,-0.470000,-1.610000,272.559998,97.720001,61821.761719,38.85,96.92,13.700000,PM2.5,25659
12.880000,14.320000,2.250000,1.490000,0.170000,66.800003,-2.000000,-0.950000,272.899994,99.330002,63090.160156,38.91,97.96,18.400000,PM2.5,25665
13.330000,14.960000,2.490000,1.930000,0.170000,69.300003,-1.670000,-0.660000,274.209991,96.709999,65203.109375,38.92,98.13,19.042856,PM2.5,25666
15.950000,17.690001,3.100000,2.770000,0.180000,69.919998,-1.260000,-1.820000,270.890015,99.680000,61633.980469,38.96,99.17,22.785713,PM2.5,25672
16.389999,18.260000,3.300000,3.110000,0.180000,68.220001,-0.530000,-1.830000,273.760010,99.529999,66687.617188,38.97,99.34,23.414286,PM2.5,25673
15.900000,17.709999,3.390000,3.040000,0.180000,68.320000,-0.240000,-1.450000,278.089996,92.019997,73638.109375,38.98,99.52,22.714285,PM2.5,25674
15.610000,17.330000,3.460000,3.010000,0.180000,68.120003,-0.120000,-1.410000,280.239990,87.570000,76773.226562,38.99,99.69,22.299999,PM2.5,25675
15.530000,17.170000,3.660000,3.070000,0.180000,68.410004,-0.210000,-1.930000,281.470001,84.750000,78307.710938,38.99,99.87,22.185715,PM2.5,25676
15.730000,17.799999,4.540000,4.960000,0.200000,62.029999,0.480000,-2.000000,284.000000,78.410004,81908.937500,39.0,100.04,22.471428,PM2.5,25677
17.510000,20.830000,7.300000,10.900000,0.240000,57.680000,1.200000,-1.960000,286.220001,74.040001,85323.203125,39.01,100.21,25.014286,PM2.5,25678
17.980000,21.580000,8.240000,12.930000,0.250000,56.810001,1.620000,-1.780000,286.750000,75.589996,86556.679688,39.01,100.39,25.685713,PM2.5,25679
15.660000,17.580000,4.940000,4.420000,0.200000,65.400002,1.900000,-1.510000,285.329987,81.209999,84475.671875,39.02,100.56,22.371428,PM2.5,25680
16.000000,17.830000,4.480000,2.230000,0.210000,67.440002,-0.160000,-1.470000,282.200012,89.160004,78838.726562,39.02,100.73,22.857143,PM2.5,25681
16.959999,20.950001,6.430000,1.750000,0.490000,71.769997,-2.160000,-0.200000,286.529999,82.070000,85669.289062,39.06,101.95,24.228571,PM2.5,25688
17.150000,20.680000,6.380000,1.260000,0.500000,71.220001,-2.410000,-0.940000,286.429993,81.570000,85242.453125,39.06,102.13,24.500000,PM2.5,25689
17.120001,20.250000,6.250000,0.980000,0.500000,69.500000,-2.260000,-1.620000,286.200012,83.080002,84982.328125,39.06,102.3,24.457144,PM2.5,25690
17.180000,20.180000,6.320000,1.030000,0.520000,66.930000,-1.670000,-1.750000,286.290009,84.160004,85314.117188,39.07,102.47,24.542858,PM2.5,25691
17.950001,20.920000,6.800000,1.110000,0.530000,66.750000,-1.200000,-1.520000,286.500000,84.800003,85725.726562,39.07,102.65,25.642859,PM2.5,25692
19.530001,22.420000,7.520000,1.030000,0.530000,67.690002,-0.870000,-0.940000,286.489990,85.779999,85772.437500,39.07,102.82,27.900002,PM2.5,25693
20.969999,23.719999,8.280000,0.960000,0.530000,69.000000,-0.910000,-0.640000,286.600006,85.250000,85839.593750,39.07,103.0,29.957142,PM2.5,25694
22.000000,24.600000,9.050000,0.930000,0.510000,71.040001,-1.290000,-0.500000,287.070007,83.559998,86315.171875,39.08,103.17,31.428572,PM2.5,25695
22.809999,25.309999,9.800000,0.980000,0.480000,72.389999,-1.760000,-0.440000,287.679993,81.360001,87000.578125,39.08,103.35,32.585712,PM2.5,25696
23.780001,26.270000,10.800000,1.140000,0.430000,73.559998,-1.910000,-0.720000,287.940002,80.440002,87368.601562,39.08,103.52,33.971428,PM2.5,25697
24.660000,26.830000,11.560000,1.440000,0.370000,74.290001,-2.060000,-0.850000,287.989990,80.019997,87381.789062,39.08,103.69,35.228573,PM2.5,25698
25.309999,27.110001,12.120000,1.870000,0.310000,74.250000,-2.570000,-1.020000,288.010010,79.320000,87287.453125,39.08,103.87,36.157143,PM2.5,25699
25.879999,27.340000,12.200000,2.390000,0.270000,73.519997,-3.000000,-1.350000,287.950012,78.830002,87217.671875,39.09,104.04,36.971428,PM2.5,25700
8.370000,8.590000,0.760000,0.270000,0.120000,74.410004,-1.700000,-0.090000,278.170013,56.860001,69482.726562,38.76,93.79,11.957143,PM2.5,25885
8.120000,8.340000,0.790000,0.300000,0.120000,72.379997,-2.870000,-0.490000,277.739990,62.430000,69713.546875,38.78,93.96,11.599999,PM2.5,25886
8.260000,8.490000,0.850000,0.380000,0.120000,71.070000,-2.050000,-3.530000,278.980011,61.869999,71534.906250,38.79,94.13,11.800000,PM2.5,25887
8.300000,8.530000,0.890000,0.410000,0.130000,72.589996,0.340000,-5.930000,279.899994,59.380001,72451.617188,38.81,94.31,11.857143,PM2.5,25888
8.110000,8.360000,0.930000,0.430000,0.120000,73.820000,1.310000,-4.740000,279.899994,58.250000,71983.226562,38.82,94.48,11.585713,PM2.5,25889
8.000000,8.260000,0.970000,0.370000,0.120000,71.940002,1.000000,-1.670000,279.480011,59.310001,71166.437500,38.83,94.65,11.428572,PM2.5,25890
7.910000,8.180000,1.010000,0.370000,0.120000,71.489998,1.090000,-1.660000,279.170013,60.599998,70438.250000,38.85,94.82,11.300000,PM2.5,25891
7.790000,8.070000,1.030000,0.340000,0.120000,70.680000,1.480000,-1.350000,278.609985,62.310001,69451.523438,38.86,95.0,11.128572,PM2.5,25892
7.620000,7.900000,1.020000,0.280000,0.120000,69.970001,1.410000,-1.370000,278.299988,62.919998,68687.953125,38.87,95.17,10.885715,PM2.5,25893
7.480000,7.760000,1.020000,0.250000,0.120000,69.669998,0.580000,-1.830000,277.119995,66.949997,67171.148438,38.88,95.34,10.685715,PM2.5,25894
7.400000,7.680000,1.050000,0.250000,0.120000,69.059998,-0.280000,-2.690000,273.410004,83.220001,63411.378906,38.9,95.52,10.571428,PM2.5,25895
6.880000,7.160000,1.100000,0.270000,0.120000,71.019997,0.020000,-2.980000,271.299988,94.099998,61723.421875,38.91,95.69,9.828571,PM2.5,25896
7.780000,8.090000,1.110000,0.260000,0.120000,70.650002,1.900000,-3.180000,273.559998,86.559998,64976.640625,38.92,95.86,11.114286,PM2.5,25897
7.770000,8.080000,1.130000,0.250000,0.120000,70.220001,3.590000,-2.330000,276.329987,75.570000,68012.273438,38.93,96.04,11.100000,PM2.5,25898
7.750000,8.070000,1.120000,0.250000,0.120000,68.010002,3.820000,-1.660000,276.660004,74.870003,67932.296875,38.94,96.21,11.071428,PM2.5,25899
7.880000,8.340000,1.190000,0.320000,0.130000,65.949997,2.750000,-1.290000,275.600006,80.660004,66172.460938,38.95,96.38,11.257143,PM2.5,25900
8.500000,9.100000,1.310000,0.450000,0.130000,64.610001,0.710000,-1.130000,273.779999,92.040001,63867.320312,38.96,96.56,12.142858,PM2.5,25901
9.170000,9.910000,1.500000,0.570000,0.140000,63.189999,-1.500000,-1.300000,272.940002,97.309998,63015.578125,38.97,96.73,13.100000,PM2.5,25902
9.700000,10.460000,1.600000,0.610000,0.140000,62.980000,-1.900000,-2.190000,272.549988,98.519997,63187.851562,38.98,96.9,13.857142,PM2.5,25903
11.670000,13.340000,2.140000,1.660000,0.170000,66.070000,-1.640000,-1.340000,273.309998,97.570000,63941.378906,39.03,97.77,16.671429,PM2.5,25908
11.910000,14.040000,2.270000,2.110000,0.180000,66.120003,-1.220000,-0.530000,274.010010,95.370003,64768.800781,39.04,97.94,17.014286,PM2.5,25909
12.480000,14.960000,2.500000,2.860000,0.180000,69.820000,-1.550000,-0.250000,273.809998,93.980003,64337.960938,39.05,98.12,17.828571,PM2.5,25910
13.000000,15.760000,2.880000,3.550000,0.190000,71.169998,-2.260000,-1.620000,273.070007,93.230003,63449.480469,39.06,98.29,18.571428,PM2.5,25911
13.610000,16.400000,3.080000,3.630000,0.190000,72.440002,-2.770000,-2.410000,272.040009,95.480003,62749.558594,39.07,98.47,19.442856,PM2.5,25912
14.410000,17.120001,3.230000,3.360000,0.190000,72.339996,-2.360000,-2.170000,270.880005,97.720001,61420.839844,39.08,98.64,20.585714,PM2.5,25913
15.650000,17.959999,3.200000,3.540000,0.190000,71.180000,-0.760000,-1.560000,272.339996,99.879997,64401.550781,39.09,98.99,22.357141,PM2.5,25915
16.320000,18.620001,3.290000,4.660000,0.200000,69.360001,-0.670000,-1.500000,274.519989,99.379997,68254.968750,39.1,99.16,23.314285,PM2.5,25916
16.219999,18.610001,3.590000,4.720000,0.200000,68.839996,-0.030000,-1.460000,278.529999,90.300003,74316.632812,39.11,99.34,23.171427,PM2.5,25917
15.400000,17.440001,3.440000,3.670000,0.190000,68.730003,0.320000,-0.860000,281.429993,82.550003,78265.953125,39.11,99.51,22.000000,PM2.5,25918
15.290000,17.110001,3.460000,3.240000,0.180000,68.739998,-0.220000,-1.010000,281.279999,84.519997,77915.117188,39.12,99.68,21.842857,PM2.5,25919
15.210000,16.950001,3.630000,3.480000,0.180000,68.239998,0.070000,-1.420000,282.140015,82.519997,79257.078125,39.13,99.86,21.728571,PM2.5,25920
15.680000,18.030001,4.930000,6.220000,0.200000,61.250000,1.100000,-1.860000,285.589996,73.680000,84129.976562,39.13,100.03,22.400000,PM2.5,25921
16.930000,19.870001,6.930000,10.600000,0.220000,58.689999,1.330000,-2.020000,287.190002,71.500000,86637.546875,39.14,100.21,24.185715,PM2.5,25922
16.160000,18.559999,6.560000,8.870000,0.200000,61.520000,1.430000,-2.110000,286.589996,75.059998,86005.882812,39.15,100.38,23.085714,PM2.5,25923
14.900000,16.340000,4.260000,2.560000,0.180000,67.599998,0.730000,-2.010000,285.299988,78.580002,83735.117188,39.15,100.55,21.285713,PM2.5,25924
15.250000,16.820000,4.200000,1.440000,0.190000,67.739998,-1.440000,-1.440000,283.130005,85.500000,80351.976562,39.16,100.73,21.785715,PM2.5,25925
17.350000,19.959999,6.220000,0.910000,0.440000,67.930000,-1.820000,-1.260000,284.899994,88.230003,83578.351562,39.2,102.3,24.785715,PM2.5,25934
17.230000,19.740000,6.210000,0.970000,0.450000,64.839996,-0.950000,-1.480000,286.179993,84.459999,85316.906250,39.2,102.47,24.614285,PM2.5,25935
22.459999,24.740000,9.420000,0.950000,0.390000,71.480003,-1.830000,-0.510000,287.609985,81.470001,86791.703125,39.21,103.34,32.085712,PM2.5,25940
23.469999,25.780001,10.650000,1.150000,0.350000,74.089996,-2.170000,-0.550000,288.079987,79.500000,87400.476562,39.22,103.52,33.528572,PM2.5,25941
24.389999,26.430000,11.480000,1.460000,0.300000,75.050003,-2.610000,-0.780000,288.049988,79.099998,87275.507812,39.22,103.69,34.842857,PM2.5,25942
25.020000,26.760000,11.890000,1.840000,0.260000,74.550003,-3.130000,-0.900000,287.739990,79.169998,86859.546875,39.22,103.87,35.742859,PM2.5,25943
25.430000,26.870001,11.660000,2.230000,0.250000,72.940002,-3.590000,-1.080000,287.690002,78.209999,86786.156250,39.22,104.04,36.328571,PM2.5,25944
7.940000,8.150000,0.780000,0.340000,0.120000,73.459999,-1.410000,-0.060000,280.160004,54.650002,71869.562500,38.91,93.94,11.342857,PM2.5,26128
8.220000,8.440000,0.830000,0.390000,0.120000,71.279999,-1.480000,-5.610000,280.790009,55.770000,73050.101562,38.93,94.12,11.742858,PM2.5,26129
8.350000,8.580000,0.900000,0.410000,0.130000,73.379997,-0.490000,-7.600000,280.399994,57.930000,73076.000000,38.94,94.29,11.928572,PM2.5,26130
8.090000,8.340000,0.940000,0.410000,0.120000,74.309998,-0.500000,-6.810000,280.350006,56.230000,72133.078125,38.95,94.46,11.557143,PM2.5,26131
7.860000,8.120000,0.970000,0.350000,0.120000,72.349998,-1.470000,-4.620000,279.690002,57.330002,70855.289062,38.97,94.64,11.228572,PM2.5,26132
7.850000,8.120000,1.030000,0.360000,0.120000,71.519997,-1.540000,-5.110000,278.420013,61.459999,69309.601562,38.98,94.81,11.214286,PM2.5,26133
7.760000,8.040000,1.050000,0.360000,0.120000,70.680000,-1.030000,-4.610000,277.589996,63.450001,68029.593750,38.99,94.98,11.085714,PM2.5,26134
7.550000,7.830000,1.030000,0.300000,0.120000,70.500000,-0.430000,-3.460000,276.649994,65.839996,66676.867188,39.01,95.15,10.785714,PM2.5,26135
7.570000,7.850000,1.030000,0.280000,0.120000,70.300003,-0.340000,-3.260000,273.519989,79.099998,63510.648438,39.02,95.33,10.814286,PM2.5,26136
7.660000,7.950000,1.080000,0.290000,0.120000,69.769997,0.200000,-3.130000,270.839996,92.809998,61366.019531,39.03,95.5,10.942857,PM2.5,26137
8.200000,8.520000,1.130000,0.310000,0.130000,70.800003,1.750000,-3.720000,273.109985,86.050003,64731.019531,39.04,95.67,11.714286,PM2.5,26138
8.150000,8.480000,1.160000,0.310000,0.130000,69.690002,3.110000,-3.590000,277.010010,71.389999,68792.828125,39.05,95.85,11.642857,PM2.5,26139
8.140000,8.470000,1.140000,0.290000,0.120000,67.260002,2.880000,-2.010000,276.299988,74.470001,67525.343750,39.07,96.02,11.628572,PM2.5,26140
8.060000,8.400000,1.190000,0.290000,0.120000,67.139999,1.730000,-1.640000,274.250000,83.010002,64720.718750,39.08,96.2,11.514286,PM2.5,26141
8.100000,8.620000,1.250000,0.370000,0.130000,66.080002,0.930000,-1.210000,273.390015,89.550003,63502.390625,39.09,96.37,11.571429,PM2.5,26142
8.380000,9.030000,1.380000,0.470000,0.130000,65.900002,-0.110000,-0.860000,272.790009,94.220001,62784.210938,39.1,96.54,11.971429,PM2.5,26143
8.670000,9.430000,1.500000,0.550000,0.140000,65.449997,-1.400000,-1.120000,272.339996,96.489998,62543.050781,39.11,96.72,12.385715,PM2.5,26144
9.410000,10.250000,1.650000,0.630000,0.140000,64.239998,-1.410000,-2.480000,272.679993,96.419998,63866.589844,39.12,96.89,13.442857,PM2.5,26145
10.390000,11.670000,1.890000,1.100000,0.150000,65.459999,-0.950000,-1.310000,272.130005,96.430000,62245.191406,39.15,97.41,14.842857,PM2.5,26148
10.590000,12.300000,1.980000,1.480000,0.160000,67.339996,-1.420000,-1.430000,272.510010,94.730003,62746.468750,39.16,97.59,15.128572,PM2.5,26149
10.990000,13.190000,2.160000,2.110000,0.170000,65.120003,-0.890000,-1.680000,273.859985,92.000000,64718.300781,39.17,97.76,15.700000,PM2.5,26150
11.020000,13.700000,2.320000,2.590000,0.180000,67.250000,-0.290000,-1.280000,275.950012,81.769997,66648.468750,39.18,97.93,15.742858,PM2.5,26151
11.850000,15.040000,2.540000,3.450000,0.190000,70.919998,-1.270000,-0.870000,273.239990,89.410004,63156.679688,39.19,98.11,16.928572,PM2.5,26152
12.980000,16.870001,3.010000,4.600000,0.210000,70.570000,-1.750000,-1.780000,270.269989,97.000000,60187.050781,39.2,98.28,18.542856,PM2.5,26153
13.770000,17.889999,3.210000,5.190000,0.210000,72.290001,-1.250000,-1.980000,270.850006,98.690002,61842.710938,39.2,98.46,19.671429,PM2.5,26154
15.430000,19.770000,3.710000,5.840000,0.230000,71.239998,-0.710000,-1.910000,271.600006,99.849998,63494.289062,39.21,98.63,22.042858,PM2.5,26155
15.960000,19.940001,3.710000,5.810000,0.230000,71.480003,-0.160000,-1.760000,273.480011,99.269997,66545.406250,39.22,98.8,22.799999,PM2.5,26156
15.970000,19.440001,3.570000,5.280000,0.220000,71.089996,-0.240000,-1.530000,276.750000,93.010002,71681.093750,39.23,98.98,22.814285,PM2.5,26157
15.620000,18.549999,3.440000,5.430000,0.220000,71.150002,0.130000,-1.160000,280.959991,81.290001,77809.273438,39.23,99.15,22.314285,PM2.5,26158
14.900000,17.620001,3.610000,5.260000,0.210000,69.400002,0.820000,-1.070000,284.440002,71.879997,82576.507812,39.24,99.33,21.285713,PM2.5,26159
14.380000,16.680000,3.550000,4.330000,0.200000,67.959999,0.760000,-1.260000,285.200012,72.389999,83510.398438,39.25,99.5,20.542858,PM2.5,26160
14.480000,16.540001,3.590000,3.980000,0.190000,68.019997,0.040000,-0.850000,285.109985,74.279999,83186.976562,39.26,99.67,20.685713,PM2.5,26161
14.720000,16.690001,3.870000,4.230000,0.190000,67.620003,0.160000,-0.600000,285.779999,72.889999,84291.351562,39.26,99.85,21.028572,PM2.5,26162
15.290000,17.520000,4.690000,5.930000,0.200000,61.910000,0.950000,-1.100000,287.040009,70.620003,86400.671875,39.27,100.02,21.842857,PM2.5,26163
15.490000,17.480000,5.240000,6.570000,0.190000,63.799999,0.920000,-1.770000,287.429993,70.330002,86846.296875,39.28,100.2,22.128571,PM2.5,26164
14.950000,16.360001,4.710000,4.260000,0.170000,68.790001,0.140000,-2.170000,286.510010,72.260002,85447.820312,39.28,100.37,21.357143,PM2.5,26165
14.590000,15.740000,3.840000,1.520000,0.170000,70.660004,-1.150000,-2.090000,285.500000,76.010002,83927.773438,39.29,100.55,20.842857,PM2.5,26166
14.770000,16.090000,3.990000,1.130000,0.170000,70.510002,-1.960000,-1.170000,285.029999,78.610001,83382.367188,39.29,100.72,21.100000,PM2.5,26167
22.870001,24.940001,10.220000,1.170000,0.270000,72.980003,-2.660000,-0.650000,288.170013,78.440002,87406.523438,39.35,103.51,32.671429,PM2.5,26183
23.910000,25.799999,11.250000,1.490000,0.250000,75.029999,-3.350000,-0.740000,288.109985,77.739998,87414.437500,39.35,103.69,34.157143,PM2.5,26184
24.459999,26.120001,11.530000,1.780000,0.240000,74.949997,-3.640000,-0.860000,288.130005,76.650002,87433.218750,39.35,103.86,34.942856,PM2.5,26185
24.799999,26.190001,11.390000,2.050000,0.240000,74.209999,-3.850000,-0.900000,288.079987,75.589996,87345.117188,39.36,104.04,35.428570,PM2.5,26186
8.760000,8.960000,0.660000,0.250000,0.120000,76.250000,0.020000,-9.800000,279.140015,54.889999,71061.656250,38.99,93.23,12.514286,PM2.5,26366
7.950000,8.160000,0.670000,0.310000,0.120000,77.480003,0.510000,-7.060000,278.839996,52.360001,69802.382812,39.0,93.41,11.357142,PM2.5,26367
7.570000,7.750000,0.650000,0.250000,0.120000,77.400002,1.320000,-4.030000,278.089996,51.389999,68345.726562,39.02,93.58,10.814286,PM2.5,26368
7.490000,7.680000,0.680000,0.260000,0.120000,74.900002,1.410000,-1.280000,276.940002,56.799999,67116.453125,39.03,93.75,10.700000,PM2.5,26369
7.480000,7.670000,0.720000,0.290000,0.120000,72.919998,1.140000,-2.610000,277.179993,62.959999,68013.148438,39.05,93.93,10.685715,PM2.5,26370
8.270000,8.480000,0.820000,0.420000,0.120000,71.349998,0.850000,-8.980000,279.100006,60.590000,71297.218750,39.06,94.1,11.814286,PM2.5,26371
8.450000,8.670000,0.900000,0.420000,0.130000,73.510002,-0.280000,-10.130000,279.459991,61.490002,72521.703125,39.07,94.27,12.071428,PM2.5,26372
8.160000,8.410000,0.940000,0.410000,0.120000,75.260002,-1.440000,-9.660000,278.489990,62.869999,70574.671875,39.09,94.44,11.657143,PM2.5,26373
7.810000,8.070000,0.970000,0.330000,0.120000,72.790001,-1.870000,-7.640000,277.179993,65.099998,68439.312500,39.1,94.62,11.157143,PM2.5,26374
7.910000,8.180000,1.040000,0.360000,0.120000,71.050003,-2.170000,-7.120000,275.429993,72.510002,66878.648438,39.11,94.79,11.300000,PM2.5,26375
7.920000,8.210000,1.100000,0.380000,0.120000,69.110001,-2.010000,-6.050000,273.480011,80.800003,64883.390625,39.13,94.97,11.314286,PM2.5,26376
7.680000,7.970000,1.080000,0.320000,0.120000,69.180000,-0.920000,-4.240000,271.649994,87.010002,62442.679688,39.14,95.14,10.971428,PM2.5,26377
7.960000,8.260000,1.100000,0.330000,0.120000,69.300003,0.370000,-3.050000,270.200012,94.769997,61268.839844,39.15,95.31,11.371428,PM2.5,26378
8.190000,8.500000,1.160000,0.340000,0.120000,70.160004,1.990000,-2.830000,271.239990,93.470001,63133.000000,39.16,95.49,11.700000,PM2.5,26379
8.440000,8.760000,1.210000,0.350000,0.130000,70.639999,2.750000,-4.180000,274.609985,81.540001,67062.187500,39.18,95.66,12.057142,PM2.5,26380
8.390000,8.720000,1.240000,0.360000,0.130000,69.790001,1.360000,-4.290000,275.609985,77.449997,67254.093750,39.19,95.83,11.985715,PM2.5,26381
8.350000,8.690000,1.240000,0.350000,0.120000,68.599998,-0.040000,-2.670000,272.829987,88.190002,63552.878906,39.2,96.01,11.928572,PM2.5,26382
8.360000,8.710000,1.270000,0.350000,0.130000,67.570000,0.370000,-2.540000,271.540009,94.180000,61989.269531,39.21,96.18,11.942857,PM2.5,26383
7.960000,8.500000,1.280000,0.390000,0.130000,66.529999,0.800000,-1.780000,272.640015,90.930000,62815.031250,39.22,96.35,11.371428,PM2.5,26384
8.220000,8.890000,1.440000,0.470000,0.130000,65.629997,0.260000,-0.940000,272.690002,91.599998,62641.890625,39.23,96.53,11.742858,PM2.5,26385
8.550000,9.330000,1.540000,0.570000,0.140000,64.959999,-0.870000,-1.260000,271.730011,94.680000,61751.480469,39.24,96.7,12.214286,PM2.5,26386
9.650000,10.610000,1.790000,0.700000,0.140000,63.430000,-1.110000,-2.360000,271.630005,98.059998,63074.230469,39.25,96.88,13.785714,PM2.5,26387
10.080000,11.160000,1.790000,0.850000,0.150000,64.250000,-0.080000,-2.890000,272.440002,97.620003,64801.578125,39.26,97.05,14.400000,PM2.5,26388
9.970000,11.230000,1.770000,1.040000,0.150000,66.349998,0.620000,-2.170000,272.200012,97.489998,63693.449219,39.27,97.22,14.242858,PM2.5,26389
10.110000,11.790000,1.910000,1.390000,0.160000,66.790001,0.080000,-0.740000,271.329987,96.820000,61357.500000,39.28,97.4,14.442857,PM2.5,26390
10.560000,12.730000,2.110000,2.080000,0.170000,67.790001,-0.470000,-1.090000,270.880005,96.660004,60978.601562,39.29,97.57,15.085715,PM2.5,26391
10.840000,13.510000,2.270000,2.710000,0.180000,66.720001,-0.470000,-2.240000,273.029999,91.089996,63983.640625,39.3,97.75,15.485715,PM2.5,26392
10.830000,14.000000,2.400000,3.080000,0.190000,67.879997,-1.360000,-2.700000,274.950012,82.059998,65759.523438,39.31,97.92,15.471429,PM2.5,26393
11.640000,15.400000,2.590000,3.760000,0.200000,71.360001,-1.930000,-1.550000,271.510010,95.709999,62196.421875,39.32,98.1,16.628572,PM2.5,26394
13.280000,17.879999,3.150000,5.110000,0.220000,71.589996,-0.850000,-1.380000,270.170013,99.610001,61061.988281,39.33,98.27,18.971428,PM2.5,26395
14.390000,19.520000,3.470000,6.340000,0.230000,73.000000,-0.060000,-2.140000,272.779999,99.120003,65635.632812,39.34,98.44,20.557144,PM2.5,26396
15.790000,21.590000,4.160000,8.250000,0.260000,73.019997,0.420000,-2.020000,276.290009,91.440002,71170.406250,39.35,98.62,22.557142,PM2.5,26397
16.309999,21.930000,4.430000,9.040000,0.270000,71.849998,1.020000,-1.890000,280.170013,79.279999,76718.523438,39.35,98.79,23.299999,PM2.5,26398
16.139999,21.080000,4.220000,8.700000,0.270000,70.769997,1.020000,-1.070000,283.500000,70.870003,81336.617188,39.36,98.97,23.057142,PM2.5,26399
15.090000,18.870001,3.740000,7.300000,0.240000,70.110001,1.070000,-0.560000,285.720001,67.750000,84412.500000,39.37,99.14,21.557142,PM2.5,26400
14.360000,17.400000,3.670000,6.240000,0.220000,67.919998,1.020000,-1.050000,286.700012,68.089996,85878.992188,39.38,99.32,20.514286,PM2.5,26401
14.220000,16.870001,3.670000,5.360000,0.210000,67.129997,0.570000,-1.300000,286.940002,69.839996,86246.429688,39.38,99.49,20.314285,PM2.5,26402
14.350000,16.760000,3.740000,4.950000,0.200000,67.620003,0.120000,-0.720000,287.559998,68.820000,86993.093750,39.39,99.67,20.500000,PM2.5,26403
14.630000,16.790001,3.980000,4.720000,0.190000,67.610001,0.160000,-0.510000,287.820007,67.769997,87320.648438,39.4,99.84,20.900000,PM2.5,26404
14.840000,16.600000,3.890000,4.100000,0.180000,64.690002,0.160000,-1.020000,287.519989,68.269997,86795.898438,39.4,100.02,21.200001,PM2.5,26405
14.600000,15.830000,3.700000,2.770000,0.170000,69.010002,-0.290000,-1.780000,287.190002,68.389999,86157.429688,39.41,100.19,20.857143,PM2.5,26406
14.250000,15.200000,3.460000,1.610000,0.160000,70.620003,-0.830000,-1.660000,286.600006,70.160004,85402.187500,39.42,100.36,20.357143,PM2.5,26407
8.650000,8.820000,0.630000,0.170000,0.120000,74.260002,-0.330000,-8.850000,273.829987,77.040001,66945.578125,39.12,93.21,12.357142,PM2.5,26609
7.660000,7.830000,0.620000,0.170000,0.120000,75.900002,0.140000,-8.050000,273.500000,72.639999,65215.230469,39.14,93.39,10.942857,PM2.5,26610
7.240000,7.410000,0.620000,0.180000,0.120000,76.839996,2.060000,-5.850000,272.119995,71.059998,62548.691406,39.15,93.56,10.342856,PM2.5,26611
7.320000,7.500000,0.660000,0.230000,0.120000,74.870003,3.300000,-3.840000,271.269989,72.889999,61252.820312,39.17,93.73,10.457143,PM2.5,26612
7.520000,7.710000,0.710000,0.300000,0.120000,71.349998,2.850000,-5.310000,272.609985,77.559998,63723.859375,39.18,93.91,10.742857,PM2.5,26613
8.410000,8.620000,0.800000,0.440000,0.120000,70.260002,2.130000,-9.100000,274.899994,77.650002,68007.320312,39.2,94.08,12.014285,PM2.5,26614
8.580000,8.810000,0.890000,0.490000,0.120000,71.769997,0.370000,-9.560000,275.450012,78.820000,69289.632812,39.21,94.25,12.257143,PM2.5,26615
8.310000,8.560000,0.930000,0.470000,0.120000,74.300003,-1.200000,-8.390000,273.799988,84.680000,67047.070312,39.22,94.43,11.871429,PM2.5,26616
7.710000,7.960000,0.960000,0.350000,0.120000,72.099998,-0.770000,-6.690000,272.040009,89.870003,64425.910156,39.24,94.6,11.014286,PM2.5,26617
7.930000,8.200000,1.060000,0.400000,0.120000,69.779999,-0.420000,-5.460000,271.440002,94.519997,64036.320312,39.25,94.77,11.328571,PM2.5,26618
8.340000,8.640000,1.190000,0.470000,0.120000,68.190002,-0.560000,-3.560000,271.230011,96.230003,64245.421875,39.26,94.95,11.914286,PM2.5,26619
8.540000,8.840000,1.180000,0.410000,0.120000,68.339996,0.640000,-2.150000,270.869995,96.330002,63586.210938,39.27,95.12,12.200000,PM2.5,26620
8.440000,8.750000,1.180000,0.410000,0.120000,70.750000,1.980000,-1.600000,272.329987,91.540001,65356.371094,39.29,95.3,12.057142,PM2.5,26621
8.720000,9.040000,1.220000,0.410000,0.130000,71.820000,2.400000,-1.830000,273.690002,87.379997,67145.476562,39.3,95.47,12.457143,PM2.5,26622
8.770000,9.100000,1.250000,0.420000,0.130000,70.190002,1.200000,-3.210000,273.279999,91.019997,66366.976562,39.31,95.64,12.528572,PM2.5,26623
8.720000,9.070000,1.300000,0.420000,0.130000,68.860001,-0.940000,-3.860000,272.609985,92.790001,64963.121094,39.32,95.82,12.457143,PM2.5,26624
8.700000,9.050000,1.310000,0.420000,0.130000,68.470001,-0.830000,-2.740000,271.329987,96.580002,63187.789062,39.33,95.99,12.428571,PM2.5,26625
8.690000,9.050000,1.350000,0.440000,0.130000,67.790001,0.890000,-2.540000,271.250000,96.180000,62666.230469,39.35,96.17,12.414285,PM2.5,26626
8.180000,8.720000,1.340000,0.430000,0.130000,66.529999,1.690000,-1.820000,271.850006,92.190002,62321.031250,39.36,96.34,11.685715,PM2.5,26627
8.480000,9.140000,1.450000,0.470000,0.130000,65.070000,1.490000,-0.880000,270.619995,94.769997,60328.519531,39.37,96.51,12.114285,PM2.5,26628
9.130000,9.940000,1.630000,0.600000,0.140000,62.919998,0.630000,-1.500000,270.239990,96.959999,60387.390625,39.38,96.69,13.042857,PM2.5,26629
10.200000,11.290000,1.930000,0.840000,0.150000,62.389999,-0.190000,-1.990000,272.130005,97.300003,64437.480469,39.39,96.86,14.571428,PM2.5,26630
10.630000,11.950000,2.020000,1.060000,0.150000,64.279999,0.400000,-2.020000,273.750000,94.519997,67461.796875,39.4,97.04,15.185715,PM2.5,26631
10.220000,11.690000,1.920000,1.230000,0.160000,66.660004,0.880000,-1.610000,272.989990,95.820000,65704.562500,39.41,97.21,14.600000,PM2.5,26632
10.040000,11.850000,1.980000,1.570000,0.170000,67.129997,0.290000,-0.360000,271.399994,96.080002,62126.269531,39.42,97.39,14.342857,PM2.5,26633
10.690000,13.090000,2.300000,2.640000,0.180000,65.519997,0.140000,-0.810000,270.809998,97.309998,61660.550781,39.43,97.56,15.271428,PM2.5,26634
10.950000,14.050000,2.460000,3.490000,0.190000,67.250000,0.040000,-2.030000,271.589996,98.129997,63266.019531,39.44,97.74,15.642857,PM2.5,26635
11.280000,15.010000,2.640000,4.030000,0.200000,69.660004,-0.450000,-2.540000,271.630005,98.650002,63542.449219,39.45,97.91,16.114285,PM2.5,26636
12.150000,16.510000,2.930000,4.760000,0.210000,71.610001,-0.610000,-2.120000,272.250000,99.349998,65053.019531,39.46,98.08,17.357141,PM2.5,26637
13.490000,18.930000,3.450000,6.300000,0.230000,73.570000,0.030000,-2.220000,275.019989,94.389999,69672.828125,39.46,98.26,19.271429,PM2.5,26638
14.500000,21.150000,4.100000,8.380000,0.270000,73.760002,1.060000,-2.470000,279.529999,78.779999,75923.148438,39.47,98.43,21.150000,PM10,26639
16.219999,25.350000,5.890000,13.860000,0.340000,72.410004,1.950000,-1.770000,283.589996,66.120003,81322.546875,39.48,98.61,25.350000,PM10,26640
15.980000,23.750000,5.380000,12.600000,0.320000,71.470001,2.090000,-1.250000,285.890015,61.610001,84557.843750,39.49,98.78,23.750000,PM10,26641
15.460000,21.490000,4.570000,10.210000,0.290000,69.879997,1.510000,-0.600000,286.910004,62.540001,86139.539062,39.5,98.96,22.085714,PM2.5,26642
14.700000,18.950001,3.970000,7.630000,0.250000,68.239998,1.080000,-0.350000,287.109985,65.879997,86504.546875,39.5,99.13,21.000000,PM2.5,26643
14.300000,17.520000,3.740000,6.010000,0.230000,67.129997,0.780000,-0.540000,287.100006,68.970001,86596.289062,39.51,99.31,20.428572,PM2.5,26644
14.090000,16.730000,3.670000,4.940000,0.210000,67.330002,0.300000,-0.390000,287.549988,69.000000,87206.492188,39.52,99.48,20.128572,PM2.5,26645
14.120000,16.280001,3.540000,4.110000,0.190000,68.610001,-0.080000,0.120000,287.920013,67.559998,87486.726562,39.53,99.66,20.171429,PM2.5,26646
14.350000,16.059999,3.440000,3.400000,0.180000,66.839996,-0.400000,-0.160000,287.119995,68.169998,86132.281250,39.53,99.83,20.500000,PM2.5,26647
14.440000,15.770000,3.310000,2.630000,0.170000,67.300003,-0.660000,-1.140000,286.250000,68.949997,84767.710938,39.54,100.01,20.628571,PM2.5,26648
14.210000,15.210000,3.200000,1.880000,0.160000,69.230003,-0.420000,-1.290000,286.329987,69.169998,84984.617188,39.55,100.18,20.299999,PM2.5,26649
11.780000,11.970000,0.720000,0.190000,0.120000,67.720001,1.330000,-1.290000,279.739990,65.110001,75250.382812,39.2,92.5,16.828571,PM2.5,26848
11.040000,11.230000,0.680000,0.200000,0.120000,65.540001,1.450000,-2.370000,277.279999,73.349998,72524.640625,39.21,92.67,15.771428,PM2.5,26849
10.430000,10.610000,0.640000,0.190000,0.110000,64.110001,1.200000,-3.140000,275.339996,79.029999,70182.492188,39.23,92.85,14.900001,PM2.5,26850
9.830000,10.010000,0.660000,0.190000,0.110000,66.459999,0.750000,-3.330000,274.779999,80.110001,69614.500000,39.24,93.02,14.042857,PM2.5,26851
8.840000,9.010000,0.620000,0.190000,0.120000,71.260002,-0.120000,-3.860000,274.079987,80.379997,68460.156250,39.26,93.19,12.628572,PM2.5,26852
7.670000,7.840000,0.620000,0.180000,0.110000,73.180000,-0.280000,-4.000000,271.700012,85.849998,64894.250000,39.27,93.37,10.957143,PM2.5,26853
7.440000,7.610000,0.630000,0.190000,0.110000,72.959999,2.260000,-2.690000,268.500000,92.260002,60361.859375,39.29,93.54,10.628572,PM2.5,26854
8.070000,8.260000,0.700000,0.290000,0.120000,72.129997,4.760000,-3.100000,268.619995,90.269997,60167.230469,39.3,93.72,11.528571,PM2.5,26855
7.860000,8.050000,0.720000,0.380000,0.120000,71.129997,4.020000,-5.210000,271.929993,86.589996,64844.878906,39.32,93.89,11.228572,PM2.5,26856
8.550000,8.750000,0.760000,0.530000,0.120000,66.900002,2.560000,-5.050000,273.910004,87.949997,68538.312500,39.33,94.06,12.214286,PM2.5,26857
8.570000,8.770000,0.810000,0.630000,0.120000,64.699997,1.870000,-4.210000,274.290009,87.959999,69165.953125,39.34,94.24,12.242857,PM2.5,26858
8.410000,8.640000,0.900000,0.660000,0.120000,70.139999,1.110000,-3.120000,273.540009,90.570000,68125.312500,39.36,94.41,12.014285,PM2.5,26859
8.060000,8.300000,0.940000,0.390000,0.120000,71.459999,1.220000,-2.700000,272.109985,94.980003,65980.687500,39.37,94.58,11.514286,PM2.5,26860
8.390000,8.660000,1.090000,0.460000,0.120000,70.019997,1.980000,-2.540000,272.559998,93.610001,66397.367188,39.38,94.76,11.985715,PM2.5,26861
8.880000,9.200000,1.350000,0.660000,0.120000,68.050003,1.700000,-1.640000,274.950012,83.580002,69609.843750,39.4,94.93,12.685715,PM2.5,26862
9.290000,9.620000,1.390000,0.590000,0.120000,70.029999,1.760000,-0.790000,274.799988,84.690002,69776.109375,39.41,95.11,13.271428,PM2.5,26863
9.190000,9.510000,1.300000,0.520000,0.120000,71.489998,2.540000,-1.470000,273.730011,89.160004,68129.953125,39.42,95.28,13.128571,PM2.5,26864
8.870000,9.190000,1.250000,0.490000,0.130000,73.160004,2.020000,-1.620000,273.679993,87.660004,67083.992188,39.43,95.45,12.671429,PM2.5,26865
9.110000,9.450000,1.310000,0.540000,0.130000,70.820000,0.470000,-2.080000,272.630005,94.440002,65828.929688,39.45,95.63,13.014285,PM2.5,26866
9.490000,9.850000,1.400000,0.560000,0.130000,68.459999,-0.350000,-1.950000,272.250000,96.800003,65679.148438,39.46,95.8,13.557142,PM2.5,26867
9.510000,9.890000,1.450000,0.580000,0.130000,68.470001,-0.140000,-1.610000,272.369995,96.230003,65929.226562,39.47,95.98,13.585714,PM2.5,26868
9.390000,9.770000,1.490000,0.620000,0.130000,67.760002,0.400000,-1.880000,271.600006,97.410004,64312.890625,39.48,96.15,13.414287,PM2.5,26869
8.750000,9.340000,1.450000,0.600000,0.130000,67.489998,0.930000,-1.190000,270.549988,96.720001,61448.558594,39.49,96.33,12.500000,PM2.5,26870
9.280000,10.000000,1.600000,0.660000,0.130000,64.029999,1.150000,-0.780000,269.859985,97.779999,60367.519531,39.5,96.5,13.257142,PM2.5,26871
9.910000,10.820000,1.860000,0.880000,0.140000,61.840000,0.920000,-1.570000,271.000000,97.269997,62739.078125,39.51,96.68,14.157143,PM2.5,26872
10.790000,12.070000,2.200000,1.250000,0.150000,62.340000,0.550000,-2.020000,273.850006,92.849998,67621.343750,39.52,96.85,15.414286,PM2.5,26873
10.930000,12.440000,2.310000,1.500000,0.160000,63.450001,0.540000,-1.580000,275.489990,87.230003,69937.093750,39.53,97.02,15.614286,PM2.5,26874
10.910000,12.610000,2.210000,1.730000,0.160000,64.360001,0.440000,-1.000000,273.269989,93.410004,66370.500000,39.54,97.2,15.585714,PM2.5,26875
10.760000,12.770000,2.210000,2.280000,0.170000,65.720001,0.290000,-0.390000,271.630005,97.980003,63773.621094,39.55,97.37,15.371428,PM2.5,26876
11.800000,14.720000,2.740000,4.030000,0.190000,64.629997,0.150000,-1.240000,272.779999,97.059998,66137.257812,39.56,97.55,16.857143,PM2.5,26877
12.490000,16.290001,3.040000,4.890000,0.210000,64.660004,0.070000,-1.680000,273.309998,97.680000,67327.101562,39.57,97.72,17.842857,PM2.5,26878
12.710000,17.040001,3.110000,5.180000,0.210000,66.389999,0.410000,-1.690000,273.920013,96.629997,68318.539062,39.58,97.9,18.157143,PM2.5,26879
12.910000,17.860001,3.330000,5.660000,0.220000,71.120003,0.450000,-2.100000,278.140015,80.930000,74020.343750,39.59,98.07,18.442858,PM2.5,26880
15.070000,22.660000,4.680000,10.410000,0.300000,70.519997,1.000000,-1.930000,282.339996,67.459999,79709.320312,39.6,98.25,22.660000,PM10,26881
16.290001,26.480000,5.930000,14.690000,0.360000,71.360001,1.970000,-1.430000,285.200012,59.799999,83283.398438,39.61,98.42,26.480000,PM10,26882
18.430000,32.459999,8.810000,23.420000,0.470000,68.559998,2.050000,-1.040000,287.119995,56.500000,85906.640625,39.62,98.6,32.459999,PM10,26883
16.490000,25.990000,6.090000,15.160000,0.350000,69.629997,1.600000,-0.820000,287.390015,59.889999,86652.078125,39.62,98.77,25.990000,PM10,26884
15.410000,21.959999,4.770000,10.620000,0.290000,68.129997,1.250000,-0.410000,287.209991,64.150002,86677.132812,39.63,98.95,22.014286,PM2.5,26885
14.500000,18.760000,3.850000,7.130000,0.240000,68.139999,0.970000,0.020000,287.269989,67.660004,86784.523438,39.64,99.12,20.714285,PM2.5,26886
14.010000,17.100000,3.610000,5.430000,0.220000,66.980003,0.640000,0.260000,287.470001,68.599998,87015.453125,39.65,99.3,20.014286,PM2.5,26887
13.830000,16.240000,3.360000,4.350000,0.200000,68.089996,0.370000,0.640000,287.700012,67.800003,87202.468750,39.65,99.47,19.757143,PM2.5,26888
13.790000,15.690000,3.170000,3.530000,0.180000,67.580002,-0.080000,0.820000,287.779999,64.970001,86821.296875,39.66,99.65,19.700001,PM2.5,26889
13.800000,15.220000,3.040000,2.710000,0.170000,66.180000,-0.970000,0.530000,287.119995,63.619999,85455.437500,39.67,99.82,19.714287,PM2.5,26890
13.910000,15.070000,2.970000,2.170000,0.160000,66.529999,-1.000000,0.210000,286.269989,64.949997,84398.898438,39.67,100.0,19.871428,PM2.5,26891
13.810000,14.690000,2.920000,1.610000,0.160000,68.360001,0.010000,0.150000,286.660004,65.940002,85078.343750,39.68,100.17,19.728573,PM2.5,26892
11.980000,12.180000,0.790000,0.210000,0.120000,67.830002,1.960000,0.510000,283.700012,53.970001,79766.656250,39.33,92.48,17.114285,PM2.5,27093
11.700000,11.890000,0.790000,0.210000,0.120000,67.440002,2.110000,0.330000,282.109985,58.169998,77817.109375,39.35,92.65,16.714285,PM2.5,27094
11.490000,11.690000,0.790000,0.220000,0.120000,67.639999,2.380000,0.310000,280.970001,60.709999,76484.437500,39.36,92.83,16.414286,PM2.5,27095
11.230000,11.430000,0.780000,0.270000,0.120000,68.550003,2.420000,0.370000,280.399994,61.450001,75895.226562,39.38,93.0,16.042856,PM2.5,27096
10.710000,10.910000,0.760000,0.260000,0.120000,69.680000,2.020000,0.050000,279.299988,63.540001,74655.359375,39.39,93.18,15.300000,PM2.5,27097
10.100000,10.300000,0.750000,0.210000,0.120000,69.830002,1.930000,-0.280000,276.529999,71.330002,71243.773438,39.41,93.35,14.428572,PM2.5,27098
9.850000,10.050000,0.770000,0.220000,0.120000,70.040001,3.070000,-0.090000,273.839996,80.339996,67748.109375,39.42,93.52,14.071429,PM2.5,27099
10.030000,10.240000,0.840000,0.360000,0.120000,68.089996,3.700000,-1.860000,274.920013,78.010002,68982.312500,39.44,93.7,14.328571,PM2.5,27100
9.990000,10.220000,0.900000,0.500000,0.120000,68.080002,2.740000,-2.910000,278.329987,70.330002,73504.710938,39.45,93.87,14.271428,PM2.5,27101
9.700000,9.930000,0.920000,0.600000,0.120000,67.269997,2.310000,-1.220000,280.399994,65.529999,76324.546875,39.46,94.04,13.857142,PM2.5,27102
9.460000,9.710000,0.990000,0.760000,0.120000,66.199997,2.880000,0.130000,280.779999,64.419998,76860.406250,39.48,94.22,13.514286,PM2.5,27103
9.290000,9.560000,1.120000,0.910000,0.120000,65.589996,3.220000,0.520000,280.350006,64.959999,76202.031250,39.49,94.39,13.271428,PM2.5,27104
9.190000,9.470000,1.140000,0.760000,0.120000,68.070000,3.090000,-0.060000,279.540009,67.160004,75098.429688,39.51,94.57,13.128571,PM2.5,27105
9.500000,9.890000,1.940000,1.410000,0.130000,68.879997,2.270000,-0.940000,279.890015,66.150002,75713.046875,39.52,94.74,13.571428,PM2.5,27106
10.200000,10.730000,2.900000,2.270000,0.130000,67.330002,1.230000,-0.950000,280.079987,65.680000,76466.210938,39.53,94.92,14.571428,PM2.5,27107
9.800000,10.170000,1.730000,1.080000,0.130000,68.940002,1.340000,-0.270000,276.480011,78.720001,72105.101562,39.54,95.09,14.000000,PM2.5,27108
9.320000,9.650000,1.370000,0.750000,0.130000,71.529999,1.390000,-0.910000,272.589996,93.699997,66498.421875,39.56,95.26,13.314285,PM2.5,27109
8.770000,9.090000,1.290000,0.700000,0.130000,74.230003,1.170000,-1.660000,271.820007,94.370003,64729.820312,39.57,95.44,12.528572,PM2.5,27110
9.160000,9.510000,1.360000,0.770000,0.130000,72.190002,1.040000,-1.810000,272.459991,94.290001,65617.203125,39.58,95.61,13.085714,PM2.5,27111
10.000000,10.370000,1.480000,0.800000,0.130000,69.059998,0.530000,-1.030000,274.250000,89.720001,68568.523438,39.59,95.79,14.285714,PM2.5,27112
10.280000,10.670000,1.580000,0.790000,0.130000,67.889999,0.620000,-0.630000,276.109985,81.370003,70965.570312,39.6,95.96,14.685714,PM2.5,27113
10.470000,10.900000,1.670000,0.830000,0.130000,67.879997,1.060000,-0.900000,274.380005,88.199997,68842.203125,39.62,96.14,14.957143,PM2.5,27114
10.280000,10.980000,1.790000,0.920000,0.140000,66.180000,1.480000,-0.670000,272.570007,94.099998,65930.156250,39.63,96.31,14.685714,PM2.5,27115
10.670000,11.550000,1.970000,1.060000,0.140000,64.320000,1.140000,-1.070000,273.579987,90.389999,67234.109375,39.64,96.49,15.242857,PM2.5,27116
11.450000,12.630000,2.430000,1.490000,0.150000,63.340000,0.720000,-1.500000,274.769989,88.099998,69560.320312,39.65,96.66,16.357143,PM2.5,27117
11.660000,13.170000,2.600000,1.810000,0.160000,61.840000,0.750000,-1.600000,275.600006,85.290001,70671.898438,39.66,96.84,16.657143,PM2.5,27118
11.430000,13.120000,2.500000,1.980000,0.160000,61.639999,0.120000,-1.180000,276.089996,83.269997,71104.968750,39.67,97.01,16.328571,PM2.5,27119
11.570000,13.470000,2.450000,2.270000,0.170000,62.570000,-0.390000,-0.620000,274.290009,89.519997,68596.460938,39.68,97.19,16.528570,PM2.5,27120
11.820000,14.110000,2.520000,2.770000,0.180000,62.950001,0.130000,-0.600000,273.369995,94.309998,67532.250000,39.69,97.36,16.885714,PM2.5,27121
12.120000,15.460000,3.270000,4.340000,0.200000,63.500000,0.520000,-1.560000,276.109985,84.410004,71330.539062,39.7,97.54,17.314285,PM2.5,27122
12.310000,16.959999,3.830000,5.920000,0.220000,63.869999,0.480000,-1.690000,278.880005,75.389999,75141.820312,39.71,97.71,17.585714,PM2.5,27123
12.150000,17.299999,3.820000,6.100000,0.220000,66.500000,0.800000,-1.330000,280.859985,69.440002,77881.796875,39.72,97.89,17.357141,PM2.5,27124
12.340000,18.059999,3.880000,6.450000,0.230000,69.150002,1.710000,-1.100000,283.239990,62.900002,80918.500000,39.73,98.06,18.059999,PM10,27125
14.830000,24.709999,5.800000,12.670000,0.320000,69.080002,2.480000,-0.770000,285.209991,58.270000,83255.843750,39.73,98.24,24.709999,PM10,27126
17.900000,34.180000,9.460000,22.520000,0.460000,67.910004,2.420000,-0.720000,286.670013,55.900002,85063.500000,39.74,98.41,34.180000,PM10,27127
18.410000,34.320000,9.530000,25.080000,0.480000,67.680000,1.750000,-0.720000,287.420013,56.980000,86248.359375,39.75,98.59,34.320000,PM10,27128
16.370001,26.469999,6.330000,15.830000,0.350000,68.699997,1.230000,-0.530000,287.540009,61.369999,86786.773438,39.76,98.76,26.469999,PM10,27129
14.980000,21.370001,4.690000,10.270000,0.280000,67.220001,1.230000,-0.080000,287.549988,65.010002,87024.976562,39.77,98.94,21.400000,PM2.5,27130
13.970000,17.990000,3.730000,6.560000,0.230000,66.589996,1.210000,0.260000,287.589996,67.059998,87074.343750,39.77,99.11,19.957144,PM2.5,27131
13.520000,16.459999,3.390000,5.000000,0.210000,66.099998,1.100000,0.560000,287.799988,66.800003,87305.226562,39.78,99.29,19.314287,PM2.5,27132
13.370000,15.600000,3.060000,3.880000,0.190000,66.919998,0.640000,0.690000,287.769989,64.949997,86843.406250,39.79,99.46,19.100000,PM2.5,27133
13.350000,15.100000,2.950000,3.150000,0.180000,65.190002,0.110000,0.800000,287.200012,63.840000,85781.156250,39.8,99.64,19.071428,PM2.5,27134
13.230000,14.520000,2.760000,2.360000,0.170000,65.019997,-0.260000,0.700000,287.480011,60.549999,85668.546875,39.8,99.81,18.900000,PM2.5,27135
11.190000,11.390000,0.820000,0.200000,0.130000,67.820000,2.210000,0.840000,285.049988,50.790001,81329.296875,39.48,92.63,15.985714,PM2.5,27350
10.970000,11.170000,0.830000,0.200000,0.130000,68.250000,2.590000,1.000000,284.260010,52.650002,80354.171875,39.5,92.81,15.671429,PM2.5,27351
10.890000,11.100000,0.860000,0.250000,0.130000,69.040001,2.970000,1.310000,283.839996,53.240002,79817.226562,39.51,92.98,15.557143,PM2.5,27352
11.060000,11.280000,0.900000,0.340000,0.130000,69.589996,3.000000,1.440000,283.809998,52.619999,79741.843750,39.53,93.16,15.800000,PM2.5,27353
10.940000,11.170000,0.930000,0.410000,0.130000,70.040001,3.100000,1.090000,283.209991,53.410000,79036.093750,39.54,93.33,15.628571,PM2.5,27354
10.630000,10.870000,0.950000,0.430000,0.130000,70.629997,3.280000,0.060000,282.989990,53.930000,78713.328125,39.56,93.5,15.185715,PM2.5,27355
10.370000,10.610000,0.980000,0.470000,0.130000,69.879997,3.060000,-1.200000,283.829987,53.380001,79935.796875,39.57,93.68,14.814285,PM2.5,27356
10.130000,10.370000,1.000000,0.530000,0.130000,68.570000,2.730000,-0.930000,284.989990,51.720001,81573.593750,39.58,93.85,14.471429,PM2.5,27357
9.800000,10.050000,1.020000,0.600000,0.130000,67.480003,2.610000,0.400000,285.920013,50.480000,82951.843750,39.6,94.03,14.000000,PM2.5,27358
9.680000,9.960000,1.170000,0.840000,0.130000,66.779999,2.960000,1.450000,286.369995,49.660000,83590.000000,39.61,94.2,13.828572,PM2.5,27359
9.690000,10.010000,1.390000,1.110000,0.130000,66.379997,3.560000,1.640000,285.950012,50.220001,83124.953125,39.63,94.38,13.842856,PM2.5,27360
9.600000,9.920000,1.350000,1.000000,0.130000,67.099998,3.570000,1.110000,285.420013,51.270000,82543.976562,39.64,94.55,13.714286,PM2.5,27361
9.930000,10.360000,2.140000,1.680000,0.130000,67.379997,2.560000,0.830000,284.779999,52.930000,82123.179688,39.65,94.72,14.185715,PM2.5,27362
10.580000,11.160000,3.300000,2.710000,0.140000,67.230003,2.150000,1.370000,282.600006,58.720001,79722.648438,39.67,94.9,15.114285,PM2.5,27363
10.290000,10.750000,2.350000,1.670000,0.130000,67.949997,2.860000,1.750000,278.730011,70.790001,74834.656250,39.68,95.07,14.700000,PM2.5,27364
9.930000,10.310000,1.710000,1.010000,0.130000,68.930000,2.880000,0.820000,276.119995,79.300003,70924.156250,39.69,95.25,14.185715,PM2.5,27365
9.680000,10.040000,1.540000,0.770000,0.130000,72.230003,2.650000,-0.680000,274.899994,83.519997,69176.320312,39.7,95.42,13.828572,PM2.5,27366
9.810000,10.170000,1.540000,0.770000,0.130000,71.680000,2.830000,-1.680000,274.950012,84.360001,69218.031250,39.72,95.6,14.014286,PM2.5,27367
10.050000,10.430000,1.590000,0.780000,0.130000,68.860001,2.050000,-1.740000,277.619995,74.889999,72429.117188,39.73,95.77,14.357143,PM2.5,27368
10.400000,10.820000,1.770000,0.870000,0.130000,69.080002,1.090000,-0.750000,280.220001,65.830002,75943.812500,39.74,95.95,14.857142,PM2.5,27369
10.550000,11.010000,1.930000,0.940000,0.140000,68.330002,1.000000,-0.180000,279.130005,68.750000,74847.453125,39.75,96.12,15.071429,PM2.5,27370
10.780000,11.570000,2.160000,1.110000,0.140000,66.459999,1.180000,-0.330000,276.850006,76.500000,72224.453125,39.76,96.3,15.400000,PM2.5,27371
11.200000,12.220000,2.520000,1.410000,0.150000,66.269997,1.290000,-1.200000,276.980011,75.720001,72629.296875,39.77,96.47,16.000000,PM2.5,27372
11.490000,12.830000,2.910000,2.000000,0.150000,64.779999,0.860000,-1.520000,278.820007,69.589996,74959.210938,39.78,96.65,16.414286,PM2.5,27373
11.580000,13.320000,3.150000,2.670000,0.160000,63.520000,-0.130000,-1.220000,279.329987,68.550003,75614.109375,39.79,96.82,16.542856,PM2.5,27374
11.720000,13.820000,3.270000,3.270000,0.170000,61.419998,-0.600000,-0.880000,277.959991,73.879997,73891.710938,39.8,97.0,16.742857,PM2.5,27375
11.860000,14.480000,3.570000,4.160000,0.190000,61.360001,-0.260000,-0.690000,277.609985,75.220001,73425.218750,39.81,97.17,16.942856,PM2.5,27376
11.920000,15.400000,4.160000,5.620000,0.210000,62.090000,0.110000,-0.880000,279.130005,70.370003,75323.281250,39.82,97.35,17.028572,PM2.5,27377
12.570000,18.469999,6.250000,10.030000,0.260000,61.299999,0.680000,-1.080000,281.100006,65.239998,78058.773438,39.83,97.52,18.469999,PM10,27378
12.600000,19.740000,6.320000,11.020000,0.270000,63.060001,1.350000,-0.980000,283.209991,59.950001,80860.078125,39.84,97.7,19.740000,PM10,27379
12.260000,18.570000,4.700000,8.210000,0.250000,65.120003,1.730000,-0.480000,284.059998,58.480000,82006.031250,39.85,97.87,18.570000,PM10,27380
12.800000,20.559999,5.050000,9.350000,0.280000,65.849998,2.360000,-0.290000,284.119995,59.650002,82023.296875,39.86,98.05,20.559999,PM10,27381
18.049999,43.400002,15.240000,33.200001,0.590000,60.310001,2.910000,-0.470000,285.649994,57.060001,83739.617188,39.87,98.23,43.400002,PM10,27382
21.709999,58.130001,20.990000,50.119999,0.770000,59.360001,2.580000,-0.480000,287.279999,54.939999,85843.179688,39.88,98.4,62.649998,NO2,27383
18.170000,36.860001,10.260000,26.299999,0.470000,66.309998,1.890000,-0.440000,287.730011,56.700001,86645.867188,39.89,98.58,36.860001,PM10,27384
15.870000,26.650000,6.590000,16.000000,0.340000,66.230003,1.680000,-0.180000,287.809998,60.630001,86997.093750,39.89,98.75,26.650000,PM10,27385
14.560000,21.070000,4.730000,10.330000,0.270000,66.139999,1.720000,0.210000,287.890015,63.639999,87210.296875,39.9,98.93,21.070000,PM10,27386
13.510000,17.410000,3.570000,6.070000,0.220000,66.080002,1.740000,0.390000,288.049988,64.930000,87455.703125,39.91,99.1,19.300001,PM2.5,27387
13.060000,15.880000,3.160000,4.480000,0.200000,65.589996,1.740000,0.390000,288.200012,64.629997,87624.070312,39.92,99.28,18.657143,PM2.5,27388
12.730000,14.860000,2.850000,3.430000,0.190000,64.839996,1.500000,0.160000,288.040009,63.630001,87214.406250,39.92,99.45,18.185713,PM2.5,27389
10.090000,10.290000,0.860000,0.190000,0.130000,67.349998,1.900000,0.380000,285.170013,50.700001,81632.726562,39.63,92.79,14.414286,PM2.5,27604
9.820000,10.030000,0.880000,0.220000,0.130000,68.169998,2.350000,0.390000,285.489990,49.820000,81961.281250,39.65,92.96,14.028571,PM2.5,27605
9.820000,10.040000,0.920000,0.300000,0.130000,68.690002,2.540000,0.640000,285.910004,48.889999,82443.187500,39.66,93.14,14.028571,PM2.5,27606
10.090000,10.330000,0.980000,0.410000,0.130000,68.879997,2.690000,0.960000,286.140015,48.130001,82784.921875,39.68,93.31,14.414286,PM2.5,27607
10.070000,10.300000,1.000000,0.440000,0.130000,69.339996,2.880000,0.520000,286.529999,47.220001,83366.546875,39.69,93.49,14.385714,PM2.5,27608
9.980000,10.220000,1.020000,0.470000,0.130000,69.150002,3.160000,0.020000,286.640015,47.279999,83598.398438,39.7,93.66,14.257142,PM2.5,27609
9.880000,10.130000,1.040000,0.510000,0.130000,68.519997,3.160000,-0.090000,286.890015,47.150002,83966.750000,39.72,93.83,14.114285,PM2.5,27610
9.720000,9.980000,1.060000,0.570000,0.130000,67.760002,2.950000,0.410000,287.480011,46.500000,84871.242188,39.73,94.01,13.885715,PM2.5,27611
9.680000,9.960000,1.190000,0.770000,0.130000,67.389999,3.040000,1.150000,287.779999,46.169998,85446.796875,39.75,94.18,13.828572,PM2.5,27612
9.740000,10.060000,1.420000,1.080000,0.130000,66.910004,3.410000,1.680000,287.450012,47.009998,85194.281250,39.76,94.36,13.914286,PM2.5,27613
9.690000,10.010000,1.380000,1.020000,0.130000,66.790001,3.680000,1.970000,286.609985,49.060001,84284.867188,39.77,94.53,13.842856,PM2.5,27614
9.920000,10.310000,1.850000,1.390000,0.130000,66.790001,3.450000,2.480000,285.540009,51.470001,83170.171875,39.79,94.71,14.171429,PM2.5,27615
10.390000,10.900000,2.700000,2.120000,0.140000,66.709999,3.500000,3.230000,284.420013,54.139999,81794.843750,39.8,94.88,14.842857,PM2.5,27616
10.310000,10.760000,2.340000,1.630000,0.130000,67.480003,4.350000,3.330000,283.309998,56.549999,80172.460938,39.81,95.06,14.728572,PM2.5,27617
10.170000,10.580000,2.010000,1.230000,0.130000,68.339996,4.860000,2.100000,282.519989,58.070000,78734.109375,39.83,95.23,14.528571,PM2.5,27618
10.160000,10.560000,1.870000,1.020000,0.130000,69.019997,4.560000,0.360000,281.850006,59.910000,77712.039062,39.84,95.41,14.514285,PM2.5,27619
10.270000,10.680000,1.850000,0.900000,0.130000,68.599998,4.070000,-0.910000,281.059998,62.919998,76885.039062,39.85,95.58,14.671430,PM2.5,27620
10.430000,10.860000,1.910000,0.880000,0.130000,67.669998,3.390000,-1.500000,281.309998,62.230000,77283.296875,39.86,95.76,14.900001,PM2.5,27621
10.620000,11.080000,2.020000,0.930000,0.140000,67.330002,2.220000,-0.890000,282.380005,58.700001,78680.476562,39.87,95.93,15.171429,PM2.5,27622
10.760000,11.270000,2.160000,1.060000,0.140000,67.099998,1.010000,0.390000,281.809998,59.970001,78139.960938,39.88,96.11,15.371428,PM2.5,27623
10.880000,11.730000,2.430000,1.330000,0.140000,66.489998,0.420000,0.540000,279.809998,65.400002,75967.148438,39.9,96.28,15.542857,PM2.5,27624
11.210000,12.340000,2.730000,1.750000,0.150000,64.190002,0.720000,-0.240000,278.320007,69.860001,74489.882812,39.91,96.46,16.014286,PM2.5,27625
11.280000,12.700000,3.120000,2.390000,0.150000,63.230000,0.690000,-1.230000,280.000000,64.120003,76616.226562,39.92,96.63,16.114285,PM2.5,27626
11.080000,12.860000,3.270000,2.960000,0.160000,61.610001,-0.260000,-1.230000,281.940002,58.450001,79076.546875,39.93,96.81,15.828571,PM2.5,27627
10.930000,13.020000,3.460000,3.590000,0.170000,61.459999,-0.150000,-0.710000,281.170013,60.950001,78214.468750,39.94,96.98,15.614286,PM2.5,27628
10.770000,13.340000,3.720000,4.540000,0.180000,60.820000,0.940000,-0.810000,282.380005,58.000000,79735.890625,39.95,97.16,15.385715,PM2.5,27629
10.800000,14.280000,4.340000,6.280000,0.210000,60.410000,1.330000,-0.930000,284.489990,53.490002,82569.351562,39.96,97.34,15.428572,PM2.5,27630
11.410000,16.920000,6.190000,10.190000,0.250000,59.450001,1.920000,-0.430000,284.890015,53.369999,83154.500000,39.97,97.51,16.920000,PM10,27631
11.420000,17.770000,6.040000,10.480000,0.260000,61.470001,2.890000,-0.160000,285.320007,53.419998,83760.898438,39.98,97.69,17.770000,PM10,27632
11.460000,17.209999,4.520000,7.760000,0.240000,63.299999,3.100000,0.310000,285.529999,54.169998,83973.281250,39.99,97.86,17.209999,PM10,27633
12.680000,20.910000,5.900000,10.180000,0.300000,63.240002,3.120000,0.520000,285.640015,54.950001,83862.523438,39.99,98.04,20.910000,PM10,27634
14.580000,32.340000,11.790000,24.480000,0.470000,59.570000,3.420000,0.330000,286.769989,54.000000,85221.656250,40.0,98.21,32.340000,PM10,27635
15.490000,35.310001,12.430000,29.370001,0.490000,60.230000,3.180000,0.030000,287.940002,53.430000,86796.093750,40.01,98.39,36.712502,NO2,27636
14.950000,26.500000,7.180000,16.309999,0.360000,63.840000,2.620000,-0.060000,288.329987,55.360001,87473.203125,40.02,98.57,26.500000,PM10,27637
14.370000,21.590000,4.890000,10.560000,0.290000,63.130001,2.260000,0.080000,288.549988,58.299999,87811.117188,40.03,98.74,21.590000,PM10,27638
13.750000,18.450001,3.670000,7.050000,0.250000,63.750000,2.000000,0.230000,288.739990,60.340000,87971.437500,40.04,98.92,19.642857,PM2.5,27639
12.860000,15.940000,3.000000,4.390000,0.210000,65.419998,2.000000,0.380000,288.850006,61.279999,88182.656250,40.04,99.09,18.371428,PM2.5,27640
12.300000,14.540000,2.670000,3.340000,0.190000,64.610001,2.160000,0.140000,288.859985,61.549999,88283.976562,40.05,99.27,17.571428,PM2.5,27641
11.920000,13.690000,2.440000,2.710000,0.180000,63.419998,2.290000,-0.170000,288.809998,61.189999,88205.437500,40.06,99.45,17.028572,PM2.5,27642
11.750000,13.210000,2.330000,2.240000,0.170000,61.910000,2.300000,-0.260000,288.640015,60.700001,87843.703125,40.07,99.62,16.785715,PM2.5,27643
11.760000,12.970000,2.250000,1.920000,0.160000,60.980000,2.130000,-0.400000,288.329987,60.750000,87201.281250,40.07,99.8,16.800001,PM2.5,27644
9.220000,9.420000,0.890000,0.190000,0.130000,67.059998,0.750000,-0.360000,287.640015,44.610001,84876.906250,39.76,92.77,13.171429,PM2.5,27861
8.980000,9.190000,0.900000,0.200000,0.130000,67.540001,1.300000,-0.590000,287.549988,44.779999,84817.273438,39.78,92.94,12.828570,PM2.5,27862
8.900000,9.110000,0.920000,0.250000,0.130000,68.110001,1.880000,-0.460000,287.459991,44.980000,84730.226562,39.79,93.12,12.714285,PM2.5,27863
9.100000,9.320000,0.960000,0.320000,0.130000,68.070000,2.420000,-0.060000,287.570007,44.619999,84878.703125,39.81,93.29,13.000001,PM2.5,27864
9.300000,9.530000,0.990000,0.360000,0.130000,67.930000,2.830000,0.160000,287.750000,44.110001,85163.593750,39.82,93.47,13.285714,PM2.5,27865
9.380000,9.610000,1.010000,0.380000,0.130000,67.620003,3.250000,0.020000,287.690002,44.259998,85119.437500,39.84,93.64,13.400001,PM2.5,27866
9.350000,9.590000,1.030000,0.390000,0.130000,67.250000,3.460000,-0.240000,288.070007,43.470001,85571.742188,39.85,93.82,13.357143,PM2.5,27867
9.300000,9.550000,1.050000,0.410000,0.130000,66.779999,3.400000,-0.190000,288.929993,41.970001,86747.093750,39.87,93.99,13.285714,PM2.5,27868
9.380000,9.650000,1.090000,0.510000,0.130000,65.290001,3.180000,0.150000,289.109985,42.000000,87159.851562,39.88,94.17,13.400001,PM2.5,27869
9.480000,9.760000,1.180000,0.750000,0.130000,65.889999,3.210000,0.990000,288.269989,43.930000,86373.929688,39.89,94.34,13.542856,PM2.5,27870
9.590000,9.890000,1.260000,0.830000,0.130000,65.889999,3.710000,1.890000,287.269989,46.200001,85156.289062,39.91,94.52,13.700000,PM2.5,27871
9.770000,10.110000,1.500000,1.000000,0.130000,65.910004,4.030000,2.690000,286.739990,47.779999,84449.328125,39.92,94.69,13.957144,PM2.5,27872
10.060000,10.470000,1.950000,1.340000,0.130000,66.139999,4.080000,3.300000,286.450012,48.730000,84031.726562,39.93,94.87,14.371429,PM2.5,27873
10.190000,10.600000,1.990000,1.240000,0.130000,66.739998,4.430000,3.150000,285.850006,50.169998,83237.406250,39.95,95.04,14.557142,PM2.5,27874
10.230000,10.640000,1.910000,1.080000,0.130000,67.239998,4.890000,2.170000,285.649994,50.340000,82841.843750,39.96,95.22,14.614285,PM2.5,27875
10.300000,10.720000,1.920000,1.000000,0.130000,67.320000,4.660000,0.940000,285.869995,49.439999,83043.546875,39.97,95.39,14.714286,PM2.5,27876
10.440000,10.890000,2.020000,0.960000,0.140000,66.989998,3.840000,0.320000,285.839996,49.130001,83039.273438,39.98,95.57,14.914285,PM2.5,27877
10.630000,11.120000,2.170000,1.020000,0.140000,66.580002,2.980000,-0.060000,285.339996,49.869999,82458.953125,40.0,95.74,15.185715,PM2.5,27878
10.810000,11.340000,2.300000,1.110000,0.140000,66.059998,2.150000,-0.190000,284.910004,50.360001,81933.023438,40.01,95.92,15.442858,PM2.5,27879
10.980000,11.550000,2.410000,1.220000,0.140000,65.570000,1.080000,0.540000,284.769989,50.220001,81751.273438,40.02,96.09,15.685714,PM2.5,27880
10.950000,11.870000,2.600000,1.560000,0.140000,65.029999,0.100000,1.230000,284.130005,51.209999,81072.953125,40.03,96.27,15.642857,PM2.5,27881
10.990000,12.090000,2.790000,1.910000,0.150000,63.889999,0.170000,1.050000,282.709991,54.669998,79795.406250,40.04,96.44,15.700000,PM2.5,27882
10.760000,12.020000,2.880000,2.300000,0.150000,62.410000,0.780000,-0.060000,282.559998,55.299999,80003.851562,40.05,96.62,15.371428,PM2.5,27883
10.340000,11.790000,2.820000,2.730000,0.160000,61.570000,0.920000,-0.760000,283.500000,53.139999,81314.023438,40.06,96.8,14.771429,PM2.5,27884
10.040000,11.690000,2.840000,3.080000,0.160000,60.889999,1.260000,-0.600000,284.070007,52.200001,82138.953125,40.07,96.97,14.342857,PM2.5,27885
9.850000,11.840000,3.030000,3.770000,0.170000,60.299999,1.920000,-0.920000,285.230011,49.730000,83685.882812,40.08,97.15,14.071429,PM2.5,27886
9.980000,12.800000,3.700000,5.470000,0.190000,59.599998,2.220000,-1.050000,286.070007,48.080002,84793.226562,40.09,97.32,14.257142,PM2.5,27887
9.820000,12.950000,3.590000,5.590000,0.190000,59.590000,2.900000,-0.650000,286.079987,48.900002,84830.796875,40.1,97.5,14.028571,PM2.5,27888
9.620000,12.710000,3.110000,4.770000,0.190000,60.130001,3.900000,-0.300000,286.890015,48.169998,85760.539062,40.11,97.68,13.742857,PM2.5,27889
9.750000,13.170000,3.010000,4.550000,0.190000,60.410000,4.250000,0.330000,287.980011,47.119999,87002.492188,40.12,97.85,13.928572,PM2.5,27890
10.760000,15.790000,3.940000,6.060000,0.230000,60.419998,3.950000,1.010000,288.459991,47.849998,87406.593750,40.13,98.03,15.790000,PM10,27891
11.160000,19.110001,5.760000,11.650000,0.280000,60.560001,3.540000,1.230000,288.529999,50.139999,87503.851562,40.14,98.2,19.110001,PM10,27892
11.550000,19.629999,5.670000,12.320000,0.280000,60.889999,3.240000,0.740000,288.670013,52.430000,87842.921875,40.15,98.38,19.629999,PM10,27893
12.090000,18.110001,4.360000,8.490000,0.260000,61.849998,2.810000,0.360000,288.959991,54.240002,88267.023438,40.16,98.56,18.110001,PM10,27894
12.630000,17.250000,3.590000,6.810000,0.250000,61.169998,2.290000,0.220000,289.200012,56.130001,88446.976562,40.16,98.73,18.042858,PM2.5,27895
12.820000,16.480000,3.150000,5.670000,0.230000,61.939999,1.960000,0.080000,289.269989,57.520000,88475.453125,40.17,98.91,18.314285,PM2.5,27896
12.020000,14.630000,2.670000,3.880000,0.200000,61.580002,1.970000,0.080000,289.329987,58.150002,88610.187500,40.18,99.08,17.171429,PM2.5,27897
11.380000,13.230000,2.360000,2.810000,0.180000,62.299999,2.170000,-0.130000,289.440002,57.740002,88787.539062,40.19,99.26,16.257143,PM2.5,27898
11.130000,12.570000,2.180000,2.260000,0.170000,61.639999,2.450000,-0.460000,289.510010,57.779999,88902.898438,40.19,99.44,15.900001,PM2.5,27899
11.070000,12.290000,2.090000,1.860000,0.160000,60.849998,2.630000,-0.570000,289.390015,58.099998,88750.476562,40.2,99.61,15.814285,PM2.5,27900
11.140000,12.210000,2.070000,1.710000,0.160000,60.000000,2.790000,-0.620000,289.209991,58.730000,88507.117188,40.21,99.79,15.914287,PM2.5,27901
11.430000,12.400000,2.080000,1.790000,0.160000,59.570000,2.920000,-0.290000,289.329987,58.349998,88511.257812,40.21,99.97,16.328571,PM2.5,27902
8.450000,8.650000,0.920000,0.200000,0.130000,66.809998,0.590000,-1.090000,290.190002,38.259998,88535.953125,39.91,92.92,12.071428,PM2.5,28122
8.360000,8.560000,0.920000,0.220000,0.130000,67.010002,1.350000,-0.930000,290.149994,38.200001,88441.843750,39.93,93.1,11.942857,PM2.5,28123
8.380000,8.590000,0.940000,0.240000,0.130000,67.209999,1.950000,-0.620000,290.290009,37.910000,88541.843750,39.94,93.27,11.971429,PM2.5,28124
8.450000,8.660000,0.950000,0.270000,0.130000,67.180000,2.290000,-0.330000,290.390015,37.689999,88658.781250,39.96,93.45,12.071428,PM2.5,28125
8.490000,8.710000,0.970000,0.280000,0.130000,66.980003,2.650000,-0.230000,290.309998,37.810001,88565.156250,39.97,93.62,12.128572,PM2.5,28126
8.490000,8.710000,0.990000,0.290000,0.130000,66.709999,2.940000,-0.430000,290.239990,37.869999,88504.429688,39.99,93.8,12.128572,PM2.5,28127
8.560000,8.800000,1.030000,0.310000,0.130000,66.290001,2.930000,-0.530000,290.320007,37.830002,88756.351562,40.0,93.97,12.228572,PM2.5,28128
8.900000,9.170000,1.170000,0.450000,0.130000,66.059998,2.680000,-0.210000,289.970001,38.869999,88555.460938,40.02,94.15,12.714285,PM2.5,28129
9.430000,9.750000,1.370000,0.730000,0.130000,65.860001,2.540000,0.690000,289.420013,40.459999,87979.367188,40.03,94.32,13.471429,PM2.5,28130
9.840000,10.240000,1.730000,1.360000,0.140000,65.010002,2.960000,1.670000,289.100006,41.060001,87436.546875,40.04,94.5,14.057143,PM2.5,28131
10.130000,10.590000,1.960000,1.700000,0.140000,63.529999,3.520000,2.180000,288.989990,41.470001,87093.468750,40.06,94.67,14.471429,PM2.5,28132
10.100000,10.520000,1.880000,1.390000,0.140000,64.739998,3.710000,2.620000,288.640015,42.599998,86623.492188,40.07,94.85,14.428572,PM2.5,28133
10.190000,10.610000,1.900000,1.190000,0.140000,65.519997,3.740000,2.630000,288.019989,44.110001,85831.843750,40.08,95.02,14.557142,PM2.5,28134
10.230000,10.670000,1.970000,1.010000,0.140000,65.820000,3.620000,2.080000,287.940002,43.820000,85729.109375,40.09,95.2,14.614285,PM2.5,28135
10.180000,10.630000,2.020000,0.980000,0.140000,65.309998,3.130000,1.500000,288.149994,42.720001,85985.578125,40.11,95.38,14.542857,PM2.5,28136
10.090000,10.570000,2.060000,1.000000,0.140000,64.779999,2.240000,1.200000,288.359985,41.759998,86222.210938,40.12,95.55,14.414286,PM2.5,28137
10.050000,10.540000,2.100000,1.050000,0.140000,64.339996,1.400000,0.840000,287.989990,41.980000,85792.359375,40.13,95.73,14.357143,PM2.5,28138
10.060000,10.570000,2.140000,1.110000,0.140000,63.830002,0.950000,0.410000,287.489990,42.540001,85180.812500,40.14,95.9,14.371429,PM2.5,28139
10.080000,10.610000,2.180000,1.170000,0.140000,63.200001,0.440000,0.420000,287.799988,41.490002,85518.679688,40.15,96.08,14.400000,PM2.5,28140
9.990000,10.760000,2.240000,1.410000,0.140000,62.669998,-0.120000,0.930000,287.700012,41.400002,85511.093750,40.16,96.25,14.271428,PM2.5,28141
9.820000,10.660000,2.210000,1.540000,0.150000,61.840000,-0.060000,1.150000,286.760010,43.279999,84731.171875,40.18,96.43,14.028571,PM2.5,28142
9.430000,10.270000,2.050000,1.590000,0.150000,60.599998,0.530000,0.670000,285.799988,45.580002,83914.492188,40.19,96.61,13.471429,PM2.5,28143
9.030000,9.900000,1.850000,1.690000,0.150000,59.580002,1.070000,-0.030000,285.589996,46.220001,83858.546875,40.2,96.78,12.900000,PM2.5,28144
8.760000,9.690000,1.770000,1.730000,0.150000,59.090000,1.360000,-0.390000,286.070007,45.310001,84516.007812,40.21,96.96,12.514286,PM2.5,28145
8.600000,9.670000,1.820000,1.950000,0.150000,58.820000,1.550000,-0.810000,286.600006,44.279999,85196.828125,40.22,97.13,12.285715,PM2.5,28146
8.720000,10.260000,2.270000,2.900000,0.160000,58.340000,1.800000,-1.170000,287.079987,43.630001,85817.953125,40.23,97.31,12.457143,PM2.5,28147
8.600000,10.220000,2.140000,2.770000,0.170000,58.150002,2.350000,-1.110000,287.609985,43.650002,86492.117188,40.24,97.49,12.285715,PM2.5,28148
8.420000,9.970000,1.870000,2.230000,0.160000,57.950001,2.900000,-0.960000,288.500000,43.299999,87512.281250,40.25,97.66,12.028571,PM2.5,28149
8.490000,10.300000,1.960000,2.460000,0.170000,57.860001,3.040000,-0.480000,289.350006,43.139999,88471.296875,40.26,97.84,12.128572,PM2.5,28150
8.960000,11.450000,2.350000,3.290000,0.180000,57.430000,2.800000,0.480000,289.720001,44.430000,88811.109375,40.26,98.02,12.800000,PM2.5,28151
9.780000,14.240000,3.680000,6.710000,0.210000,58.560001,2.520000,1.200000,289.519989,47.680000,88553.328125,40.27,98.19,14.240000,PM10,28152
10.390000,15.670000,4.280000,8.610000,0.230000,59.090000,2.440000,1.010000,289.149994,50.770000,88134.156250,40.28,98.37,15.670000,PM10,28153
10.870000,15.310000,3.730000,6.770000,0.220000,60.080002,2.380000,0.460000,289.109985,52.599998,88039.546875,40.29,98.54,15.528571,PM2.5,28154
11.250000,14.820000,3.260000,5.480000,0.220000,60.689999,2.240000,0.160000,289.170013,53.549999,87998.507812,40.3,98.72,16.071428,PM2.5,28155
11.200000,14.040000,2.880000,4.420000,0.200000,61.130001,2.130000,0.020000,289.170013,54.000000,87926.390625,40.31,98.9,16.000000,PM2.5,28156
10.740000,12.790000,2.490000,3.180000,0.180000,61.130001,2.040000,-0.300000,289.309998,53.799999,88091.218750,40.31,99.07,15.342856,PM2.5,28157
10.560000,12.100000,2.250000,2.480000,0.170000,60.990002,2.110000,-0.740000,289.480011,54.110001,88362.773438,40.32,99.25,15.085715,PM2.5,28158
10.530000,11.760000,2.100000,2.070000,0.170000,60.310001,2.300000,-1.020000,289.679993,54.459999,88699.507812,40.33,99.43,15.042857,PM2.5,28159
10.610000,11.660000,1.970000,1.740000,0.160000,59.349998,2.310000,-1.110000,289.929993,54.150002,89035.656250,40.33,99.6,15.157143,PM2.5,28160
10.680000,11.630000,2.030000,1.690000,0.160000,59.250000,2.650000,-0.740000,289.920013,54.720001,89192.437500,40.34,99.78,15.257143,PM2.5,28161
10.810000,11.680000,2.070000,1.680000,0.160000,59.049999,3.220000,0.050000,289.970001,55.770000,89192.968750,40.35,99.96,15.442858,PM2.5,28162
11.590000,12.380000,2.090000,1.740000,0.150000,59.930000,3.410000,0.850000,289.869995,56.970001,88888.203125,40.35,100.13,16.557142,PM2.5,28163
8.070000,8.280000,0.940000,0.210000,0.130000,65.669998,0.120000,-1.610000,291.929993,34.730000,91185.156250,40.05,92.9,11.528571,PM2.5,28385
8.000000,8.210000,0.940000,0.220000,0.130000,65.529999,0.990000,-1.330000,292.029999,34.470001,91281.656250,40.06,93.08,11.428572,PM2.5,28386
8.010000,8.220000,0.930000,0.230000,0.130000,65.320000,1.510000,-0.990000,292.010010,34.459999,91148.468750,40.08,93.25,11.442858,PM2.5,28387
8.020000,8.230000,0.950000,0.240000,0.130000,65.360001,1.560000,-0.960000,291.869995,34.709999,90946.257812,40.09,93.43,11.457144,PM2.5,28388
8.110000,8.330000,0.980000,0.270000,0.130000,65.040001,1.550000,-0.980000,291.670013,35.009998,90712.132812,40.11,93.6,11.585713,PM2.5,28389
8.410000,8.660000,1.090000,0.340000,0.130000,64.580002,1.330000,-1.070000,291.380005,35.389999,90334.070312,40.12,93.78,12.014285,PM2.5,28390
8.800000,9.100000,1.290000,0.530000,0.130000,63.669998,0.890000,-1.080000,290.970001,35.919998,89830.578125,40.14,93.95,12.571429,PM2.5,28391
8.970000,9.300000,1.400000,0.680000,0.140000,63.250000,0.810000,-0.660000,290.589996,36.470001,89317.132812,40.15,94.13,12.814286,PM2.5,28392
9.310000,9.680000,1.570000,0.960000,0.140000,62.900002,1.120000,-0.010000,290.459991,37.110001,89187.296875,40.16,94.31,13.300000,PM2.5,28393
9.630000,10.070000,1.910000,1.520000,0.140000,61.990002,1.400000,0.850000,290.619995,37.279999,89368.453125,40.18,94.48,13.757143,PM2.5,28394
9.670000,10.140000,1.990000,1.670000,0.140000,60.959999,1.470000,1.260000,290.880005,36.660000,89497.140625,40.19,94.66,13.814286,PM2.5,28395
9.350000,9.730000,1.620000,1.010000,0.140000,61.650002,1.380000,1.630000,290.899994,36.570000,89414.359375,40.2,94.83,13.357143,PM2.5,28396
9.260000,9.630000,1.610000,0.880000,0.140000,62.650002,1.520000,1.950000,290.679993,36.630001,89105.156250,40.22,95.01,13.228572,PM2.5,28397
9.120000,9.490000,1.580000,0.780000,0.140000,62.689999,1.740000,1.830000,290.339996,36.709999,88676.171875,40.23,95.18,13.028571,PM2.5,28398
8.990000,9.350000,1.560000,0.750000,0.140000,62.639999,1.730000,1.580000,290.019989,36.900002,88249.750000,40.24,95.36,12.842856,PM2.5,28399
8.870000,9.230000,1.530000,0.740000,0.140000,62.610001,1.350000,1.330000,289.899994,36.580002,88046.773438,40.25,95.54,12.671429,PM2.5,28400
8.770000,9.130000,1.510000,0.740000,0.140000,62.389999,0.910000,1.040000,289.410004,37.139999,87489.273438,40.26,95.71,12.528572,PM2.5,28401
8.670000,9.020000,1.480000,0.740000,0.140000,61.860001,0.800000,0.640000,288.950012,37.759998,87017.757812,40.28,95.89,12.385715,PM2.5,28402
8.540000,8.890000,1.430000,0.730000,0.140000,60.470001,0.600000,0.300000,289.119995,37.169998,87228.203125,40.29,96.06,12.200000,PM2.5,28403
8.440000,8.900000,1.410000,0.820000,0.140000,59.599998,0.200000,0.410000,288.910004,37.599998,87101.789062,40.3,96.24,12.057142,PM2.5,28404
8.350000,8.850000,1.400000,0.860000,0.140000,59.650002,0.140000,0.690000,288.140015,38.980000,86392.750000,40.31,96.42,11.928572,PM2.5,28405
8.240000,8.750000,1.340000,0.850000,0.140000,59.060001,0.510000,0.560000,287.329987,40.560001,85635.617188,40.32,96.59,11.771428,PM2.5,28406
8.140000,8.700000,1.280000,0.890000,0.140000,58.459999,0.960000,0.150000,286.970001,41.400002,85380.656250,40.33,96.77,11.628572,PM2.5,28407
8.060000,8.660000,1.240000,0.900000,0.140000,57.660000,1.070000,-0.310000,287.269989,41.049999,85811.546875,40.34,96.94,11.514286,PM2.5,28408
8.040000,8.750000,1.280000,1.030000,0.150000,57.480000,1.010000,-0.830000,287.730011,40.720001,86399.156250,40.35,97.12,11.485714,PM2.5,28409
7.890000,8.590000,1.300000,1.030000,0.150000,57.880001,1.110000,-1.270000,288.170013,41.099998,86978.312500,40.36,97.3,11.271428,PM2.5,28410
7.750000,8.480000,1.320000,1.140000,0.150000,57.330002,1.120000,-1.490000,288.769989,41.740002,87716.468750,40.37,97.47,11.071428,PM2.5,28411
7.680000,8.450000,1.280000,1.190000,0.150000,55.910000,0.830000,-1.670000,289.329987,42.310001,88311.703125,40.38,97.65,10.971428,PM2.5,28412
7.720000,8.570000,1.320000,1.390000,0.150000,55.950001,0.540000,-1.420000,289.600006,43.090000,88527.351562,40.39,97.83,11.028571,PM2.5,28413
7.950000,9.060000,1.490000,1.920000,0.160000,55.750000,0.570000,-0.510000,289.649994,44.299999,88444.960938,40.4,98.0,11.357142,PM2.5,28414
8.480000,10.300000,2.030000,3.230000,0.170000,56.290001,0.900000,0.390000,289.399994,46.580002,88058.703125,40.41,98.18,12.114285,PM2.5,28415
9.230000,12.160000,2.900000,5.330000,0.190000,57.119999,1.410000,0.690000,288.839996,49.630001,87348.757812,40.42,98.36,13.185714,PM2.5,28416
9.840000,12.930000,3.080000,5.340000,0.200000,58.320000,1.880000,0.410000,288.359985,51.950001,86659.882812,40.42,98.53,14.057143,PM2.5,28417
10.100000,12.700000,2.790000,4.210000,0.190000,59.310001,2.030000,0.020000,288.059998,53.270000,86188.437500,40.43,98.71,14.428572,PM2.5,28418
10.140000,12.240000,2.540000,3.340000,0.180000,59.790001,1.890000,-0.290000,287.880005,54.230000,86002.812500,40.44,98.89,14.485715,PM2.5,28419
10.050000,11.680000,2.280000,2.630000,0.170000,58.779999,1.780000,-0.690000,288.100006,54.500000,86347.046875,40.45,99.06,14.357143,PM2.5,28420
10.080000,11.390000,2.140000,2.200000,0.160000,59.139999,1.900000,-1.150000,288.450012,54.610001,86915.570312,40.46,99.24,14.400000,PM2.5,28421
10.150000,11.240000,2.020000,1.880000,0.160000,58.900002,2.060000,-1.430000,288.980011,53.759998,87607.656250,40.46,99.42,14.499999,PM2.5,28422
10.200000,11.130000,1.940000,1.610000,0.160000,58.750000,2.370000,-1.630000,289.709991,52.200001,88575.273438,40.47,99.59,14.571428,PM2.5,28423
10.280000,11.110000,1.950000,1.520000,0.150000,58.599998,2.940000,-1.110000,290.250000,51.020000,89242.492188,40.48,99.77,14.685714,PM2.5,28424
10.370000,11.120000,1.990000,1.510000,0.150000,58.410000,3.390000,-0.120000,290.399994,51.730000,89360.859375,40.48,99.95,14.814285,PM2.5,28425
10.620000,11.300000,2.110000,1.650000,0.150000,58.209999,3.790000,1.220000,290.510010,52.540001,89368.937500,40.49,100.13,15.171429,PM2.5,28426
7.790000,7.990000,0.960000,0.240000,0.130000,64.580002,-0.880000,-2.350000,292.549988,34.270000,92169.750000,40.18,92.88,11.128572,PM2.5,28647
7.710000,7.920000,0.960000,0.260000,0.130000,64.379997,-0.180000,-2.010000,292.519989,34.110001,92143.093750,40.2,93.06,11.014286,PM2.5,28648
7.880000,8.100000,0.980000,0.290000,0.130000,63.380001,0.020000,-1.650000,292.339996,34.189999,91744.617188,40.21,93.23,11.257143,PM2.5,28649
8.010000,8.250000,1.050000,0.350000,0.130000,63.330002,-0.360000,-1.620000,292.019989,34.630001,91323.992188,40.23,93.41,11.442858,PM2.5,28650
8.040000,8.290000,1.080000,0.400000,0.130000,62.590000,-0.600000,-1.650000,291.859985,34.619999,91030.648438,40.24,93.58,11.485714,PM2.5,28651
8.020000,8.270000,1.110000,0.440000,0.130000,61.950001,-0.700000,-1.560000,291.700012,34.470001,90760.046875,40.26,93.76,11.457144,PM2.5,28652
8.010000,8.270000,1.150000,0.480000,0.130000,61.700001,-0.670000,-1.300000,291.510010,34.290001,90425.453125,40.27,93.94,11.442858,PM2.5,28653
8.050000,8.320000,1.190000,0.530000,0.140000,61.820000,-0.410000,-0.950000,291.359985,34.060001,90118.882812,40.28,94.11,11.500000,PM2.5,28654
8.160000,8.440000,1.250000,0.620000,0.140000,61.980000,0.030000,-0.660000,291.290009,34.139999,89959.328125,40.3,94.29,11.657143,PM2.5,28655
8.370000,8.680000,1.370000,0.800000,0.140000,61.500000,0.360000,0.020000,291.369995,34.259998,90065.750000,40.31,94.46,11.957143,PM2.5,28656
8.400000,8.720000,1.420000,0.910000,0.140000,60.369999,0.530000,0.440000,291.630005,33.619999,90299.382812,40.32,94.64,11.999999,PM2.5,28657
8.260000,8.560000,1.310000,0.750000,0.140000,60.980000,0.790000,0.690000,291.779999,32.919998,90467.093750,40.34,94.82,11.800000,PM2.5,28658
8.210000,8.500000,1.290000,0.700000,0.140000,61.029999,1.100000,1.000000,291.760010,32.610001,90430.781250,40.35,94.99,11.728572,PM2.5,28659
8.150000,8.430000,1.260000,0.660000,0.140000,60.439999,1.310000,1.050000,291.450012,32.830002,89998.523438,40.36,95.17,11.642857,PM2.5,28660
8.090000,8.380000,1.260000,0.680000,0.140000,61.049999,1.460000,0.970000,291.059998,33.320000,89531.203125,40.37,95.34,11.557143,PM2.5,28661
8.020000,8.320000,1.250000,0.690000,0.140000,60.990002,1.370000,0.840000,290.850006,33.580002,89292.953125,40.39,95.52,11.457144,PM2.5,28662
7.940000,8.230000,1.230000,0.670000,0.140000,60.290001,0.880000,0.730000,290.450012,34.110001,88818.570312,40.4,95.7,11.342857,PM2.5,28663
7.850000,8.130000,1.220000,0.680000,0.140000,60.029999,0.620000,0.610000,289.760010,35.380001,88138.578125,40.41,95.87,11.214286,PM2.5,28664
7.710000,7.990000,1.170000,0.660000,0.140000,59.570000,0.730000,0.380000,289.380005,35.810001,87776.203125,40.42,96.05,11.014286,PM2.5,28665
7.630000,7.950000,1.120000,0.650000,0.140000,58.770000,0.630000,0.270000,289.220001,35.930000,87629.406250,40.43,96.23,10.900001,PM2.5,28666
7.610000,7.940000,1.090000,0.650000,0.140000,58.360001,0.500000,0.260000,288.850006,36.459999,87242.226562,40.44,96.4,10.871428,PM2.5,28667
7.590000,7.940000,1.090000,0.650000,0.140000,58.720001,0.660000,0.140000,288.299988,37.680000,86737.546875,40.45,96.58,10.842857,PM2.5,28668
7.590000,7.970000,1.070000,0.650000,0.140000,58.189999,0.770000,-0.270000,288.089996,37.959999,86510.023438,40.47,96.75,10.842857,PM2.5,28669
7.600000,8.020000,1.070000,0.670000,0.140000,57.810001,0.580000,-0.820000,288.089996,38.590000,86567.953125,40.48,96.93,10.857142,PM2.5,28670
7.580000,8.090000,1.100000,0.750000,0.140000,57.400002,0.290000,-1.330000,288.109985,40.299999,86685.531250,40.49,97.11,10.828571,PM2.5,28671
7.380000,7.850000,1.070000,0.690000,0.140000,57.090000,-0.030000,-1.800000,288.239990,42.540001,86870.046875,40.5,97.28,10.542857,PM2.5,28672
7.230000,7.680000,1.080000,0.760000,0.140000,57.099998,-0.340000,-2.360000,288.480011,43.980000,87166.679688,40.51,97.46,10.328571,PM2.5,28673
7.260000,7.730000,1.080000,0.820000,0.140000,56.349998,-0.470000,-2.790000,288.720001,44.320000,87442.023438,40.51,97.64,10.371428,PM2.5,28674
7.330000,7.810000,1.070000,0.890000,0.140000,55.660000,-0.510000,-2.630000,289.010010,43.759998,87653.421875,40.52,97.82,10.471429,PM2.5,28675
7.440000,7.940000,1.070000,1.040000,0.140000,55.189999,-0.520000,-1.720000,288.940002,44.180000,87374.148438,40.53,97.99,10.628572,PM2.5,28676
7.620000,8.200000,1.130000,1.300000,0.150000,55.000000,-0.140000,-0.820000,288.500000,45.959999,86689.039062,40.54,98.17,10.885715,PM2.5,28677
7.920000,8.710000,1.320000,1.760000,0.150000,55.529999,0.460000,-0.300000,288.029999,47.820000,86040.898438,40.55,98.35,11.314286,PM2.5,28678
8.510000,9.840000,1.830000,2.740000,0.160000,56.919998,0.870000,-0.190000,287.329987,50.590000,85179.140625,40.56,98.52,12.157144,PM2.5,28679
9.010000,10.460000,2.010000,2.890000,0.160000,57.799999,1.110000,-0.240000,286.579987,53.910000,84332.710938,40.57,98.7,12.871428,PM2.5,28680
9.270000,10.630000,2.020000,2.590000,0.160000,58.240002,1.350000,-0.500000,286.200012,56.619999,84041.742188,40.57,98.88,13.242858,PM2.5,28681
9.360000,10.530000,1.930000,2.070000,0.160000,57.740002,1.620000,-0.850000,286.559998,56.799999,84582.687500,40.58,99.05,13.371428,PM2.5,28682
9.470000,10.460000,1.840000,1.760000,0.160000,57.630001,1.730000,-1.280000,287.420013,55.180000,85636.117188,40.59,99.23,13.528572,PM2.5,28683
9.600000,10.450000,1.750000,1.540000,0.150000,56.639999,1.820000,-1.560000,288.290009,53.669998,86704.523438,40.6,99.41,13.714286,PM2.5,28684
9.660000,10.400000,1.740000,1.340000,0.150000,56.970001,2.220000,-1.690000,289.200012,51.980000,87859.148438,40.6,99.59,13.800000,PM2.5,28685
9.770000,10.440000,1.740000,1.270000,0.150000,57.209999,2.740000,-1.430000,290.160004,49.549999,88926.851562,40.61,99.76,13.957144,PM2.5,28686
9.870000,10.480000,1.810000,1.310000,0.150000,57.290001,3.040000,-0.660000,290.679993,47.880001,89447.593750,40.62,99.94,14.099999,PM2.5,28687
9.940000,10.530000,2.190000,1.730000,0.150000,56.220001,3.450000,0.720000,290.929993,47.970001,89604.703125,40.62,100.12,14.200000,PM2.5,28688
7.600000,7.800000,0.960000,0.290000,0.130000,63.689999,-2.060000,-2.850000,292.859985,34.290001,92507.593750,40.33,93.04,10.857142,PM2.5,28912
7.570000,7.780000,0.970000,0.350000,0.130000,63.330002,-1.860000,-2.360000,292.630005,34.200001,92116.007812,40.35,93.21,10.814286,PM2.5,28913
7.570000,7.790000,1.000000,0.390000,0.130000,63.099998,-1.790000,-1.980000,292.239990,34.380001,91496.382812,40.36,93.39,10.814286,PM2.5,28914
7.540000,7.760000,1.010000,0.420000,0.130000,63.119999,-1.660000,-1.820000,291.959991,34.410000,91020.843750,40.38,93.57,10.771428,PM2.5,28915
7.500000,7.720000,1.030000,0.410000,0.130000,63.150002,-1.570000,-1.950000,291.739990,34.450001,90670.109375,40.39,93.74,10.714286,PM2.5,28916
7.470000,7.700000,1.050000,0.410000,0.130000,63.259998,-1.390000,-1.970000,291.619995,34.410000,90449.921875,40.4,93.92,10.671429,PM2.5,28917
7.520000,7.750000,1.060000,0.420000,0.130000,62.660000,-1.220000,-1.810000,291.709991,33.830002,90386.328125,40.42,94.09,10.742857,PM2.5,28918
7.540000,7.780000,1.100000,0.470000,0.140000,63.169998,-1.000000,-1.490000,291.779999,33.250000,90394.656250,40.43,94.27,10.771428,PM2.5,28919
7.590000,7.840000,1.130000,0.530000,0.140000,62.840000,-0.600000,-0.640000,291.820007,32.990002,90448.750000,40.45,94.45,10.842857,PM2.5,28920
7.580000,7.830000,1.140000,0.580000,0.140000,62.189999,-0.190000,-0.060000,291.790009,32.889999,90443.390625,40.46,94.62,10.828571,PM2.5,28921
7.510000,7.760000,1.130000,0.630000,0.140000,61.669998,0.260000,0.210000,291.690002,32.669998,90366.859375,40.47,94.8,10.728572,PM2.5,28922
7.460000,7.710000,1.130000,0.660000,0.140000,61.250000,0.680000,0.480000,291.540009,32.630001,90226.718750,40.48,94.97,10.657143,PM2.5,28923
7.410000,7.660000,1.120000,0.690000,0.140000,60.950001,0.990000,0.610000,291.329987,32.709999,90012.218750,40.5,95.15,10.585714,PM2.5,28924
7.350000,7.590000,1.110000,0.710000,0.140000,60.740002,1.180000,0.560000,291.130005,32.790001,89800.726562,40.51,95.33,10.500000,PM2.5,28925
7.290000,7.530000,1.100000,0.740000,0.140000,60.450001,1.120000,0.490000,290.920013,32.889999,89579.031250,40.52,95.5,10.414286,PM2.5,28926
7.250000,7.500000,1.090000,0.770000,0.140000,59.660000,0.700000,0.450000,290.630005,33.130001,89234.609375,40.53,95.68,10.357142,PM2.5,28927
7.250000,7.500000,1.130000,0.840000,0.140000,59.759998,0.370000,0.430000,290.049988,33.919998,88636.203125,40.54,95.86,10.357142,PM2.5,28928
7.200000,7.450000,1.080000,0.800000,0.140000,59.660000,0.440000,0.290000,289.489990,34.759998,88034.289062,40.56,96.03,10.285714,PM2.5,28929
7.190000,7.450000,1.050000,0.800000,0.140000,59.490002,0.540000,0.040000,289.149994,35.209999,87685.273438,40.57,96.21,10.271429,PM2.5,28930
7.200000,7.480000,1.010000,0.760000,0.140000,58.700001,0.550000,-0.330000,288.829987,35.689999,87284.328125,40.58,96.39,10.285714,PM2.5,28931
7.230000,7.510000,1.000000,0.730000,0.140000,58.529999,0.400000,-0.650000,288.440002,36.450001,86817.093750,40.59,96.56,10.328571,PM2.5,28932
7.230000,7.530000,1.000000,0.690000,0.140000,59.139999,0.040000,-1.070000,288.149994,37.520000,86493.531250,40.6,96.74,10.328571,PM2.5,28933
7.150000,7.450000,0.980000,0.640000,0.140000,58.889999,-0.480000,-1.620000,287.799988,39.950001,86119.937500,40.61,96.92,10.214286,PM2.5,28934
7.000000,7.300000,0.950000,0.540000,0.140000,58.540001,-1.010000,-2.050000,287.339996,43.599998,85627.210938,40.62,97.09,10.000000,PM2.5,28935
6.950000,7.270000,0.960000,0.550000,0.140000,57.779999,-1.230000,-2.430000,286.910004,46.900002,85243.203125,40.63,97.27,9.928571,PM2.5,28936
6.980000,7.310000,0.990000,0.610000,0.140000,56.959999,-1.120000,-2.930000,286.820007,48.630001,85265.117188,40.64,97.45,9.971429,PM2.5,28937
7.030000,7.370000,0.990000,0.650000,0.140000,56.110001,-0.960000,-3.360000,287.010010,49.169998,85606.453125,40.65,97.63,10.042857,PM2.5,28938
7.090000,7.420000,0.980000,0.690000,0.140000,55.349998,-0.900000,-3.290000,287.380005,48.500000,85985.851562,40.66,97.8,10.128572,PM2.5,28939
7.130000,7.450000,0.950000,0.760000,0.140000,54.880001,-1.000000,-2.690000,287.640015,47.509998,86064.921875,40.67,97.98,10.185715,PM2.5,28940
7.250000,7.560000,0.930000,0.840000,0.140000,54.619999,-0.980000,-1.990000,287.410004,47.840000,85584.859375,40.68,98.16,10.357142,PM2.5,28941
7.380000,7.670000,0.900000,0.870000,0.140000,54.430000,-0.750000,-1.550000,287.029999,48.930000,85009.203125,40.68,98.33,10.542857,PM2.5,28942
8.220000,8.710000,1.200000,1.300000,0.150000,57.099998,0.580000,-0.340000,286.100006,54.849998,84095.453125,40.71,98.87,11.742858,PM2.5,28945
8.540000,8.990000,1.250000,1.060000,0.140000,56.020000,1.010000,-1.500000,286.820007,54.570000,84961.718750,40.72,99.22,12.200000,PM2.5,28947
8.720000,9.170000,1.290000,1.080000,0.150000,55.500000,1.280000,-1.780000,287.779999,53.139999,86144.789062,40.73,99.4,12.457143,PM2.5,28948
8.920000,9.370000,1.360000,0.990000,0.150000,55.459999,1.700000,-1.880000,288.609985,51.689999,87110.742188,40.74,99.58,12.742857,PM2.5,28949
9.100000,9.540000,1.420000,0.990000,0.150000,55.830002,1.980000,-1.750000,289.779999,48.509998,88372.656250,40.75,99.75,13.000001,PM2.5,28950
9.200000,9.630000,1.520000,1.070000,0.140000,55.939999,2.180000,-1.210000,290.929993,44.939999,89529.437500,40.75,99.93,13.142857,PM2.5,28951
9.370000,9.830000,1.950000,1.600000,0.150000,55.250000,2.600000,-0.150000,291.309998,43.400002,89804.351562,40.76,100.11,13.385715,PM2.5,28952
7.540000,7.740000,0.940000,0.280000,0.130000,64.449997,-2.970000,-3.640000,292.859985,35.509998,92577.500000,40.47,93.02,10.771428,PM2.5,29177
7.440000,7.630000,0.940000,0.310000,0.130000,64.449997,-2.710000,-3.200000,292.579987,35.169998,92018.460938,40.48,93.19,10.628572,PM2.5,29178
7.350000,7.550000,0.960000,0.340000,0.130000,64.320000,-2.560000,-2.760000,291.850006,35.730000,91006.226562,40.49,93.37,10.500000,PM2.5,29179
7.350000,7.550000,0.980000,0.360000,0.130000,64.559998,-2.540000,-2.610000,291.160004,36.619999,89931.898438,40.51,93.55,10.500000,PM2.5,29180
7.340000,7.550000,1.000000,0.360000,0.130000,64.610001,-2.530000,-2.940000,290.489990,37.630001,88989.593750,40.52,93.72,10.485715,PM2.5,29181
7.270000,7.490000,1.020000,0.380000,0.130000,64.290001,-2.230000,-3.330000,290.230011,37.900002,88684.453125,40.54,93.9,10.385715,PM2.5,29182
7.220000,7.440000,1.030000,0.410000,0.130000,64.089996,-1.930000,-3.260000,290.589996,36.770000,89105.203125,40.55,94.08,10.314285,PM2.5,29183
7.210000,7.430000,1.050000,0.450000,0.130000,63.810001,-1.870000,-2.620000,291.160004,34.930000,89580.289062,40.57,94.25,10.300000,PM2.5,29184
7.180000,7.410000,1.070000,0.500000,0.140000,63.369999,-1.880000,-1.660000,291.290009,34.290001,89646.492188,40.58,94.43,10.257143,PM2.5,29185
7.140000,7.370000,1.080000,0.550000,0.140000,62.709999,-1.590000,-0.820000,291.059998,34.540001,89541.992188,40.59,94.6,10.200000,PM2.5,29186
7.030000,7.250000,1.060000,0.600000,0.140000,62.130001,-1.010000,-0.410000,291.000000,34.400002,89585.273438,40.61,94.78,10.042857,PM2.5,29187
6.940000,7.160000,1.050000,0.650000,0.140000,61.529999,-0.450000,-0.050000,291.000000,34.040001,89698.742188,40.62,94.96,9.914286,PM2.5,29188
6.900000,7.120000,1.050000,0.710000,0.140000,61.080002,-0.040000,0.310000,290.869995,33.650002,89601.421875,40.63,95.13,9.857143,PM2.5,29189
6.860000,7.070000,1.030000,0.690000,0.140000,60.740002,0.190000,0.460000,290.559998,33.730000,89250.289062,40.64,95.31,9.800000,PM2.5,29190
6.840000,7.060000,1.030000,0.720000,0.140000,60.540001,0.200000,0.450000,290.209991,33.900002,88842.921875,40.66,95.49,9.771429,PM2.5,29191
6.890000,7.110000,1.050000,0.780000,0.140000,60.369999,0.090000,0.380000,289.820007,34.419998,88401.703125,40.67,95.67,9.842857,PM2.5,29192
6.970000,7.210000,1.100000,0.850000,0.140000,60.310001,-0.020000,0.260000,289.279999,35.130001,87793.773438,40.68,95.84,9.957143,PM2.5,29193
6.980000,7.220000,1.060000,0.790000,0.140000,60.340000,-0.050000,0.080000,288.709991,35.990002,87135.492188,40.69,96.02,9.971429,PM2.5,29194
6.980000,7.220000,1.020000,0.770000,0.140000,60.320000,-0.090000,-0.240000,288.260010,36.720001,86614.343750,40.7,96.2,9.971429,PM2.5,29195
6.980000,7.220000,0.990000,0.760000,0.140000,60.220001,-0.200000,-0.540000,287.850006,37.689999,86134.671875,40.71,96.37,9.971429,PM2.5,29196
6.950000,7.190000,0.970000,0.740000,0.140000,59.959999,-0.490000,-0.920000,287.510010,39.299999,85728.906250,40.72,96.55,9.928571,PM2.5,29197
6.880000,7.120000,0.940000,0.680000,0.140000,59.509998,-1.050000,-1.240000,287.160004,41.450001,85305.742188,40.73,96.73,9.828571,PM2.5,29198
6.800000,7.040000,0.920000,0.610000,0.140000,59.279999,-1.500000,-1.640000,286.540009,44.840000,84626.023438,40.74,96.9,9.714286,PM2.5,29199
6.780000,7.020000,0.910000,0.520000,0.140000,58.740002,-1.550000,-2.170000,285.940002,48.410000,84086.656250,40.75,97.08,9.685715,PM2.5,29200
6.800000,7.060000,0.920000,0.510000,0.140000,57.799999,-1.400000,-2.460000,285.559998,51.130001,83898.312500,40.76,97.26,9.714286,PM2.5,29201
6.850000,7.120000,0.940000,0.540000,0.140000,56.730000,-1.260000,-2.640000,285.559998,52.630001,84099.726562,40.77,97.44,9.785714,PM2.5,29202
6.870000,7.140000,0.950000,0.560000,0.140000,55.770000,-1.070000,-2.950000,285.910004,53.049999,84678.468750,40.78,97.61,9.814285,PM2.5,29203
6.940000,7.210000,0.940000,0.590000,0.140000,55.070000,-1.010000,-3.030000,286.440002,52.279999,85251.656250,40.79,97.79,9.914286,PM2.5,29204
6.990000,7.260000,0.930000,0.630000,0.140000,54.639999,-1.290000,-2.950000,286.839996,51.590000,85553.500000,40.8,97.97,9.985714,PM2.5,29205
7.110000,7.370000,0.920000,0.690000,0.140000,54.470001,-1.410000,-2.580000,286.809998,51.660000,85346.921875,40.81,98.15,10.157143,PM2.5,29206
7.250000,7.510000,0.910000,0.720000,0.140000,54.660000,-0.920000,-2.040000,286.559998,52.459999,85016.000000,40.82,98.32,10.357142,PM2.5,29207
8.440000,8.730000,1.200000,0.750000,0.140000,54.430000,1.020000,-2.380000,289.369995,48.520000,88012.578125,40.88,99.75,12.057142,PM2.5,29215
8.640000,8.950000,1.300000,0.820000,0.140000,54.830002,1.180000,-1.890000,290.559998,44.730000,89111.796875,40.89,99.92,12.342857,PM2.5,29216
7.270000,7.470000,0.950000,0.320000,0.130000,65.419998,-2.690000,-3.570000,289.820007,40.500000,88576.898438,40.64,93.53,10.385715,PM2.5,29449
7.220000,7.420000,0.970000,0.330000,0.130000,65.070000,-2.540000,-3.590000,288.399994,43.020000,86813.273438,40.66,93.7,10.314285,PM2.5,29450
7.090000,7.290000,0.980000,0.350000,0.130000,64.519997,-2.060000,-3.840000,287.579987,44.689999,85922.101562,40.67,93.88,10.128572,PM2.5,29451
6.950000,7.150000,0.990000,0.390000,0.130000,64.370003,-1.710000,-3.770000,288.170013,42.910000,86563.187500,40.69,94.06,9.928571,PM2.5,29452
6.900000,7.100000,1.010000,0.420000,0.130000,64.220001,-1.920000,-3.220000,289.079987,40.060001,87329.789062,40.7,94.23,9.857143,PM2.5,29453
6.850000,7.050000,1.020000,0.460000,0.130000,63.759998,-2.170000,-2.720000,289.290009,38.860001,87307.882812,40.71,94.41,9.785714,PM2.5,29454
6.820000,7.020000,1.030000,0.500000,0.130000,63.279999,-2.050000,-2.180000,289.230011,38.490002,87174.593750,40.73,94.59,9.742857,PM2.5,29455
6.790000,7.000000,1.040000,0.570000,0.140000,62.660000,-1.790000,-1.670000,289.339996,37.900002,87386.890625,40.74,94.76,9.700000,PM2.5,29456
6.690000,6.890000,1.030000,0.630000,0.140000,61.799999,-1.540000,-1.080000,289.529999,36.990002,87805.812500,40.75,94.94,9.557143,PM2.5,29457
6.620000,6.830000,1.020000,0.690000,0.140000,61.369999,-1.270000,-0.490000,289.519989,36.290001,87962.992188,40.76,95.12,9.457143,PM2.5,29458
6.600000,6.800000,1.000000,0.660000,0.140000,61.080002,-1.070000,0.040000,289.200012,36.220001,87640.507812,40.78,95.3,9.428572,PM2.5,29459
6.620000,6.820000,0.990000,0.670000,0.140000,60.970001,-0.960000,0.160000,288.790009,36.459999,87188.093750,40.79,95.47,9.457143,PM2.5,29460
6.670000,6.880000,1.000000,0.690000,0.140000,61.080002,-0.900000,0.020000,288.399994,36.889999,86734.546875,40.8,95.65,9.528571,PM2.5,29461
6.740000,6.950000,1.010000,0.710000,0.140000,61.080002,-0.790000,-0.080000,287.859985,37.639999,86092.257812,40.81,95.83,9.628572,PM2.5,29462
6.760000,6.970000,0.990000,0.660000,0.140000,60.990002,-0.690000,-0.120000,287.329987,38.430000,85417.476562,40.82,96.0,9.657144,PM2.5,29463
6.760000,6.980000,0.960000,0.630000,0.140000,60.669998,-0.680000,-0.170000,286.959991,39.220001,84961.960938,40.84,96.18,9.657144,PM2.5,29464
6.770000,6.980000,0.930000,0.600000,0.140000,59.970001,-1.000000,-0.360000,286.709991,40.939999,84592.843750,40.85,96.36,9.671429,PM2.5,29465
6.740000,6.950000,0.920000,0.620000,0.140000,60.070000,-1.500000,-0.660000,286.359985,43.259998,84249.359375,40.86,96.54,9.628572,PM2.5,29466
6.690000,6.910000,0.910000,0.610000,0.140000,59.759998,-1.760000,-0.980000,285.950012,45.750000,83875.953125,40.87,96.71,9.557143,PM2.5,29467
6.670000,6.880000,0.900000,0.560000,0.140000,59.470001,-1.820000,-1.340000,285.309998,49.259998,83250.007812,40.88,96.89,9.528571,PM2.5,29468
6.660000,6.880000,0.900000,0.510000,0.140000,58.889999,-1.620000,-1.860000,284.829987,52.349998,82922.343750,40.89,97.07,9.514285,PM2.5,29469
6.690000,6.910000,0.910000,0.490000,0.140000,58.080002,-1.310000,-2.140000,284.970001,53.369999,83323.257812,40.9,97.25,9.557143,PM2.5,29470
6.720000,6.940000,0.920000,0.500000,0.140000,57.110001,-1.300000,-2.330000,285.410004,53.639999,84055.156250,40.91,97.42,9.599999,PM2.5,29471
6.770000,7.000000,0.930000,0.510000,0.140000,56.240002,-1.250000,-2.570000,286.059998,53.270000,84971.343750,40.92,97.6,9.671429,PM2.5,29472
6.850000,7.090000,0.930000,0.520000,0.140000,55.330002,-1.340000,-2.910000,286.790009,52.000000,85848.968750,40.93,97.78,9.785714,PM2.5,29473
6.950000,7.190000,0.930000,0.550000,0.140000,54.310001,-1.650000,-3.040000,286.809998,52.660000,85859.320312,40.94,97.96,9.928571,PM2.5,29474
7.080000,7.330000,0.930000,0.600000,0.140000,53.759998,-1.440000,-2.810000,286.619995,53.700001,85530.859375,40.95,98.13,10.114285,PM2.5,29475
6.840000,7.030000,0.950000,0.340000,0.130000,64.559998,-1.720000,-3.440000,286.200012,49.599998,84953.812500,40.81,93.86,9.771429,PM2.5,29722
6.730000,6.920000,0.970000,0.370000,0.130000,64.860001,-1.490000,-3.440000,286.920013,47.000000,85601.117188,40.82,94.04,9.614285,PM2.5,29723
6.680000,6.880000,0.980000,0.400000,0.130000,64.709999,-2.110000,-3.100000,287.500000,44.340000,85814.789062,40.83,94.22,9.542857,PM2.5,29724
6.640000,6.830000,0.980000,0.420000,0.130000,64.250000,-2.490000,-2.930000,286.880005,44.860001,84861.929688,40.85,94.39,9.485714,PM2.5,29725
6.580000,6.780000,0.990000,0.460000,0.130000,63.840000,-2.000000,-2.850000,286.500000,45.020000,84235.773438,40.86,94.57,9.400000,PM2.5,29726
6.550000,6.740000,1.010000,0.520000,0.130000,63.259998,-1.510000,-2.490000,286.660004,43.840000,84237.906250,40.87,94.75,9.357143,PM2.5,29727
6.520000,6.720000,1.030000,0.590000,0.140000,62.450001,-1.480000,-1.890000,287.010010,42.130001,84588.976562,40.89,94.92,9.314285,PM2.5,29728
6.500000,6.700000,1.040000,0.660000,0.140000,61.810001,-1.670000,-1.100000,287.309998,40.480000,85083.023438,40.9,95.1,9.285714,PM2.5,29729
6.510000,6.700000,1.030000,0.700000,0.140000,61.570000,-1.880000,-0.350000,287.369995,39.619999,85278.750000,40.91,95.28,9.300000,PM2.5,29730
6.520000,6.720000,1.020000,0.700000,0.140000,61.730000,-2.020000,-0.050000,287.179993,39.560001,85087.312500,40.92,95.46,9.314285,PM2.5,29731
6.540000,6.740000,1.030000,0.710000,0.140000,61.860001,-1.930000,-0.280000,286.859985,40.189999,84760.992188,40.94,95.63,9.342857,PM2.5,29732
6.530000,6.720000,0.960000,0.640000,0.140000,61.650002,-1.680000,-0.380000,286.540009,41.009998,84461.960938,40.95,95.81,9.328571,PM2.5,29733
6.560000,6.750000,0.940000,0.640000,0.140000,61.209999,-1.580000,-0.230000,286.230011,41.869999,84104.101562,40.96,95.99,9.371428,PM2.5,29734
6.580000,6.780000,0.930000,0.640000,0.140000,60.980000,-1.710000,-0.180000,285.959991,42.889999,83705.812500,40.97,96.17,9.400000,PM2.5,29735
6.610000,6.810000,0.910000,0.620000,0.140000,60.599998,-1.830000,-0.300000,285.529999,44.779999,83100.593750,40.98,96.34,9.442858,PM2.5,29736
6.640000,6.830000,0.890000,0.610000,0.140000,59.669998,-1.910000,-0.540000,284.970001,47.389999,82463.851562,40.99,96.52,9.485714,PM2.5,29737
6.610000,6.800000,0.900000,0.640000,0.140000,59.770000,-1.940000,-0.840000,284.570007,50.400002,82253.656250,41.0,96.7,9.442858,PM2.5,29738
6.590000,6.790000,0.900000,0.620000,0.140000,59.439999,-1.830000,-1.080000,284.149994,53.299999,81992.390625,41.01,96.88,9.414286,PM2.5,29739
6.590000,6.790000,0.890000,0.540000,0.140000,58.919998,-1.470000,-1.330000,283.779999,56.110001,81866.476562,41.02,97.06,9.414286,PM2.5,29740
6.610000,6.810000,0.900000,0.490000,0.140000,58.349998,-1.190000,-1.640000,284.329987,55.830002,82666.367188,41.03,97.23,9.442858,PM2.5,29741
6.640000,6.850000,0.910000,0.480000,0.140000,57.630001,-1.310000,-2.120000,285.320007,54.250000,83967.656250,41.04,97.41,9.485714,PM2.5,29742
6.730000,6.940000,0.930000,0.480000,0.140000,56.970001,-1.480000,-2.620000,286.269989,52.630001,85142.632812,41.05,97.59,9.614285,PM2.5,29743
6.820000,7.040000,0.940000,0.490000,0.140000,55.910000,-1.680000,-3.120000,286.940002,51.619999,86058.023438,41.06,97.77,9.742857,PM2.5,29744
6.940000,7.160000,0.950000,0.500000,0.140000,54.450001,-1.750000,-3.250000,287.029999,52.200001,86311.953125,41.07,97.95,9.914286,PM2.5,29745
6.580000,6.770000,0.960000,0.370000,0.130000,65.250000,-0.650000,-2.900000,288.079987,45.360001,87451.273438,40.95,94.02,9.400000,PM2.5,29996
6.530000,6.720000,0.970000,0.400000,0.130000,65.050003,-1.730000,-2.570000,287.880005,44.259998,86529.156250,40.97,94.2,9.328571,PM2.5,29997
6.500000,6.690000,0.980000,0.440000,0.130000,64.610001,-2.460000,-2.150000,285.950012,47.869999,84097.140625,40.98,94.38,9.285714,PM2.5,29998
6.470000,6.670000,1.010000,0.500000,0.130000,64.360001,-2.000000,-2.110000,284.670013,50.320000,82527.046875,40.99,94.55,9.242857,PM2.5,29999
6.430000,6.630000,1.060000,0.590000,0.130000,63.790001,-1.350000,-2.120000,284.320007,50.230000,81901.007812,41.01,94.73,9.185714,PM2.5,30000
6.410000,6.630000,1.150000,0.730000,0.140000,62.990002,-0.980000,-1.890000,284.350006,48.910000,81677.789062,41.02,94.91,9.157143,PM2.5,30001
6.480000,6.710000,1.240000,0.910000,0.140000,62.180000,-1.170000,-1.150000,284.850006,46.400002,82179.093750,41.03,95.08,9.257143,PM2.5,30002
6.620000,6.880000,1.350000,1.100000,0.140000,61.849998,-1.730000,-0.250000,285.450012,43.980000,82916.539062,41.05,95.26,9.457143,PM2.5,30003
6.670000,6.930000,1.430000,1.140000,0.140000,61.930000,-2.180000,0.130000,285.540009,43.340000,82977.148438,41.06,95.44,9.528571,PM2.5,30004
6.710000,6.970000,1.550000,1.170000,0.140000,62.040001,-2.210000,-0.110000,285.230011,44.330002,82689.562500,41.07,95.62,9.585714,PM2.5,30005
6.440000,6.630000,0.990000,0.680000,0.140000,61.980000,-1.900000,-0.340000,285.299988,44.830002,82906.960938,41.08,95.8,9.200000,PM2.5,30006
6.470000,6.650000,0.940000,0.660000,0.140000,61.220001,-1.950000,-0.370000,285.459991,44.869999,83049.578125,41.09,95.97,9.242857,PM2.5,30007
6.470000,6.660000,0.930000,0.710000,0.140000,61.400002,-2.210000,-0.470000,285.049988,46.439999,82647.898438,41.1,96.15,9.242857,PM2.5,30008
6.520000,6.710000,0.910000,0.690000,0.140000,60.970001,-2.080000,-0.390000,284.239990,49.099998,81730.507812,41.12,96.33,9.314285,PM2.5,30009
6.550000,6.730000,0.900000,0.680000,0.140000,60.360001,-1.890000,-0.420000,283.410004,52.500000,80817.570312,41.13,96.51,9.357143,PM2.5,30010
6.530000,6.720000,0.900000,0.690000,0.140000,59.869999,-1.720000,-0.570000,283.109985,55.160000,80653.437500,41.14,96.69,9.328571,PM2.5,30011
6.510000,6.700000,0.900000,0.680000,0.140000,59.509998,-1.440000,-0.710000,283.100006,57.169998,80912.218750,41.15,96.86,9.300000,PM2.5,30012
6.500000,6.690000,0.900000,0.570000,0.140000,59.160000,-1.210000,-0.830000,283.420013,57.939999,81560.351562,41.16,97.04,9.285714,PM2.5,30013
6.530000,6.730000,0.900000,0.510000,0.140000,58.650002,-1.290000,-1.340000,284.359985,56.279999,82718.296875,41.17,97.22,9.328571,PM2.5,30014
6.600000,6.800000,0.920000,0.480000,0.140000,58.070000,-1.590000,-2.150000,285.350006,54.259998,83923.023438,41.18,97.4,9.428572,PM2.5,30015
6.710000,6.910000,0.930000,0.480000,0.140000,57.230000,-1.630000,-2.820000,286.089996,53.200001,84919.640625,41.19,97.58,9.585714,PM2.5,30016
6.820000,7.040000,0.950000,0.480000,0.140000,56.240002,-1.580000,-3.110000,286.679993,52.200001,85781.156250,41.2,97.75,9.742857,PM2.5,30017
6.480000,6.670000,0.940000,0.340000,0.130000,65.580002,-0.540000,-2.690000,288.980011,44.790001,88823.046875,41.09,94.0,9.257143,PM2.5,30269
6.410000,6.600000,0.960000,0.390000,0.130000,65.190002,-1.330000,-2.540000,288.480011,44.049999,87592.773438,41.1,94.18,9.157143,PM2.5,30270
6.350000,6.540000,0.980000,0.440000,0.130000,64.849998,-1.940000,-1.840000,286.829987,46.910000,85409.500000,41.12,94.36,9.071428,PM2.5,30271
6.320000,6.510000,1.010000,0.500000,0.130000,64.620003,-1.830000,-1.410000,285.429993,49.389999,83659.992188,41.13,94.53,9.028572,PM2.5,30272
6.280000,6.480000,1.050000,0.590000,0.130000,64.199997,-1.360000,-1.320000,284.440002,51.070000,82370.718750,41.14,94.71,8.971429,PM2.5,30273
6.250000,6.460000,1.120000,0.720000,0.130000,63.450001,-0.700000,-1.210000,283.799988,51.669998,81446.359375,41.15,94.89,8.928572,PM2.5,30274
6.290000,6.520000,1.250000,0.930000,0.140000,62.410000,-0.470000,-0.740000,284.029999,49.560001,81461.992188,41.17,95.07,8.985714,PM2.5,30275
6.520000,6.790000,1.410000,1.170000,0.140000,62.220001,-1.090000,0.130000,284.670013,46.439999,81976.656250,41.18,95.25,9.314285,PM2.5,30276
6.620000,6.890000,1.500000,1.210000,0.140000,62.270000,-1.820000,0.610000,284.549988,46.049999,81652.593750,41.19,95.42,9.457143,PM2.5,30277
6.660000,6.930000,1.620000,1.190000,0.140000,62.630001,-1.970000,0.450000,283.929993,47.939999,80964.976562,41.2,95.6,9.514285,PM2.5,30278
6.370000,6.560000,0.970000,0.620000,0.130000,62.099998,-1.860000,-0.000000,284.010010,48.549999,81123.671875,41.22,95.78,9.099999,PM2.5,30279
6.370000,6.550000,0.910000,0.610000,0.140000,61.970001,-2.040000,-0.400000,284.109985,48.919998,81352.882812,41.23,95.96,9.099999,PM2.5,30280
6.370000,6.550000,0.910000,0.670000,0.140000,61.959999,-2.140000,-0.540000,283.609985,51.139999,81045.406250,41.24,96.14,9.099999,PM2.5,30281
6.410000,6.590000,0.900000,0.680000,0.140000,61.299999,-1.760000,-0.450000,282.910004,54.049999,80485.320312,41.25,96.32,9.157143,PM2.5,30282
6.430000,6.610000,0.900000,0.690000,0.140000,60.810001,-1.320000,-0.390000,282.339996,56.740002,79974.796875,41.26,96.49,9.185714,PM2.5,30283
6.430000,6.610000,0.900000,0.710000,0.140000,60.230000,-1.100000,-0.270000,282.160004,58.660000,79810.218750,41.27,96.67,9.185714,PM2.5,30284
6.420000,6.610000,0.890000,0.690000,0.140000,59.720001,-1.010000,-0.280000,282.500000,59.480000,80278.906250,41.28,96.85,9.171429,PM2.5,30285
6.430000,6.610000,0.900000,0.590000,0.140000,59.310001,-1.210000,-0.610000,283.489990,57.849998,81502.601562,41.29,97.03,9.185714,PM2.5,30286
6.480000,6.660000,0.910000,0.520000,0.140000,58.820000,-1.610000,-1.440000,284.320007,56.310001,82499.273438,41.3,97.21,9.257143,PM2.5,30287
6.580000,6.770000,0.920000,0.480000,0.140000,58.299999,-1.730000,-2.150000,284.670013,56.090000,83037.226562,41.31,97.39,9.400000,PM2.5,30288
6.710000,6.910000,0.940000,0.470000,0.140000,57.259998,-1.380000,-2.490000,285.239990,55.509998,83967.921875,41.32,97.56,9.585714,PM2.5,30289
6.240000,6.430000,0.950000,0.370000,0.130000,65.139999,-1.440000,-2.640000,288.130005,46.360001,87547.132812,41.24,94.16,8.914286,PM2.5,30545
6.170000,6.360000,0.960000,0.420000,0.130000,64.910004,-1.390000,-2.240000,287.500000,46.750000,86587.960938,41.25,94.34,8.814286,PM2.5,30546
6.140000,6.330000,0.990000,0.470000,0.130000,64.790001,-1.350000,-1.760000,286.829987,47.299999,85551.406250,41.26,94.52,8.771428,PM2.5,30547
6.120000,6.310000,1.010000,0.540000,0.130000,64.540001,-1.200000,-1.330000,286.010010,48.369999,84399.023438,41.28,94.7,8.742857,PM2.5,30548
6.070000,6.270000,1.050000,0.630000,0.130000,64.089996,-0.710000,-1.040000,285.220001,49.599998,83350.093750,41.29,94.87,8.671429,PM2.5,30549
6.040000,6.250000,1.090000,0.750000,0.140000,63.150002,-0.250000,-0.520000,285.049988,48.529999,82879.796875,41.3,95.05,8.628572,PM2.5,30550
6.130000,6.350000,1.160000,0.870000,0.140000,62.299999,-0.520000,0.280000,285.200012,46.160000,82661.953125,41.31,95.23,8.757143,PM2.5,30551
6.260000,6.480000,1.170000,0.820000,0.140000,62.700001,-1.260000,0.990000,284.649994,46.709999,81717.476562,41.33,95.41,8.942858,PM2.5,30552
6.300000,6.510000,1.170000,0.720000,0.140000,63.290001,-1.820000,1.130000,283.529999,49.959999,80424.289062,41.34,95.59,9.000000,PM2.5,30553
6.210000,6.380000,0.920000,0.520000,0.130000,63.270000,-1.980000,0.670000,282.640015,53.270000,79539.468750,41.35,95.76,8.871428,PM2.5,30554
6.220000,6.390000,0.890000,0.520000,0.130000,62.880001,-1.900000,0.180000,281.989990,56.110001,79021.859375,41.36,95.94,8.885714,PM2.5,30555
6.230000,6.400000,0.890000,0.580000,0.130000,62.180000,-1.700000,-0.060000,281.660004,58.410000,79009.046875,41.37,96.12,8.900000,PM2.5,30556
6.240000,6.410000,0.890000,0.620000,0.140000,61.610001,-1.290000,-0.250000,281.619995,59.820000,79302.429688,41.38,96.3,8.914286,PM2.5,30557
6.250000,6.420000,0.890000,0.660000,0.140000,61.360001,-0.710000,-0.410000,281.679993,60.480000,79605.843750,41.39,96.48,8.928572,PM2.5,30558
6.280000,6.450000,0.900000,0.720000,0.140000,60.810001,-0.320000,-0.230000,281.839996,60.610001,79827.460938,41.4,96.66,8.971429,PM2.5,30559
6.310000,6.490000,0.890000,0.690000,0.140000,60.119999,-0.590000,0.030000,282.250000,60.669998,80124.257812,41.42,96.84,9.014286,PM2.5,30560
6.370000,6.540000,0.900000,0.610000,0.140000,59.540001,-1.350000,-0.310000,282.950012,59.380001,80750.718750,41.43,97.02,9.099999,PM2.5,30561
6.450000,6.630000,0.910000,0.530000,0.140000,58.939999,-1.620000,-1.060000,283.040009,60.070000,81020.851562,41.44,97.19,9.214286,PM2.5,30562
6.570000,6.750000,0.930000,0.480000,0.140000,58.270000,-1.230000,-1.410000,283.140015,61.110001,81427.921875,41.45,97.37,9.385715,PM2.5,30563
6.710000,6.900000,0.950000,0.480000,0.140000,57.040001,-0.700000,-1.520000,284.179993,58.919998,82909.039062,41.45,97.55,9.585714,PM2.5,30564
6.010000,6.250000,0.940000,0.420000,0.130000,64.730003,-1.570000,-2.390000,286.910004,48.910000,86084.257812,41.4,94.5,8.585714,PM2.5,30820
6.000000,6.230000,0.940000,0.460000,0.130000,63.889999,-1.430000,-2.220000,286.480011,49.080002,85350.953125,41.41,94.68,8.571428,PM2.5,30821
5.920000,6.140000,0.970000,0.520000,0.130000,64.680000,-1.150000,-2.080000,285.989990,49.639999,84640.953125,41.42,94.86,8.457143,PM2.5,30822
5.860000,6.070000,0.970000,0.580000,0.130000,63.810001,-0.680000,-1.350000,285.730011,48.770000,84013.460938,41.43,95.03,8.371428,PM2.5,30823
5.860000,6.060000,0.960000,0.640000,0.130000,62.700001,-0.560000,-0.280000,285.480011,47.320000,83331.132812,41.45,95.21,8.371428,PM2.5,30824
5.930000,6.130000,0.970000,0.620000,0.130000,62.389999,-0.900000,0.720000,284.980011,47.740002,82377.851562,41.46,95.39,8.471428,PM2.5,30825
6.000000,6.200000,0.960000,0.530000,0.130000,62.639999,-1.500000,1.360000,284.070007,50.200001,81166.656250,41.47,95.57,8.571428,PM2.5,30826
6.010000,6.190000,0.890000,0.470000,0.130000,62.500000,-1.840000,1.490000,282.570007,55.410000,79620.406250,41.48,95.75,8.585714,PM2.5,30827
6.040000,6.200000,0.880000,0.480000,0.130000,62.310001,-1.660000,1.190000,281.140015,61.090000,78373.820312,41.49,95.93,8.628572,PM2.5,30828
6.020000,6.180000,0.880000,0.520000,0.130000,62.119999,-1.360000,0.660000,280.760010,63.660000,78299.093750,41.51,96.11,8.600000,PM2.5,30829
6.010000,6.180000,0.880000,0.540000,0.140000,61.990002,-1.050000,0.090000,281.000000,64.040001,78823.617188,41.52,96.29,8.585714,PM2.5,30830
6.020000,6.180000,0.890000,0.580000,0.140000,61.919998,-0.430000,-0.420000,281.459991,63.330002,79609.328125,41.53,96.46,8.600000,PM2.5,30831
6.060000,6.220000,0.900000,0.640000,0.140000,61.700001,0.080000,-0.470000,282.130005,61.580002,80495.960938,41.54,96.64,8.657143,PM2.5,30832
6.150000,6.320000,0.900000,0.670000,0.140000,60.770000,-0.210000,0.060000,282.540009,60.919998,80785.531250,41.55,96.82,8.785714,PM2.5,30833
6.280000,6.450000,0.910000,0.640000,0.140000,59.939999,-1.080000,0.190000,282.589996,61.200001,80572.898438,41.56,97.0,8.971429,PM2.5,30834
6.410000,6.590000,0.920000,0.590000,0.140000,59.189999,-1.200000,-0.070000,282.440002,62.490002,80566.203125,41.57,97.18,9.157143,PM2.5,30835
6.530000,6.710000,0.940000,0.510000,0.140000,58.220001,-0.640000,-0.340000,283.190002,61.459999,81707.828125,41.58,97.36,9.328571,PM2.5,30836
6.660000,6.850000,0.970000,0.500000,0.140000,56.950001,-0.290000,-0.480000,284.750000,57.259998,83715.343750,41.59,97.54,9.514285,PM2.5,30837
6.780000,6.980000,1.010000,0.500000,0.140000,55.669998,-0.400000,-0.730000,285.890015,54.490002,85242.906250,41.6,97.72,9.685715,PM2.5,30838
5.750000,5.960000,0.890000,0.450000,0.130000,64.400002,-2.080000,-2.870000,285.410004,52.799999,84400.867188,41.56,94.84,8.214286,PM2.5,31096
5.670000,5.880000,0.880000,0.520000,0.130000,63.770000,-1.790000,-2.210000,285.290009,51.939999,83947.156250,41.57,95.02,8.100000,PM2.5,31097
5.640000,5.840000,0.880000,0.580000,0.130000,62.930000,-1.680000,-1.050000,285.140015,51.160000,83475.187500,41.58,95.2,8.057142,PM2.5,31098
5.680000,5.860000,0.890000,0.590000,0.130000,62.200001,-1.820000,-0.160000,284.790009,51.459999,82898.687500,41.59,95.38,8.114285,PM2.5,31099
5.720000,5.910000,0.900000,0.490000,0.130000,62.119999,-2.100000,0.580000,284.179993,53.330002,82091.132812,41.61,95.55,8.171429,PM2.5,31100
5.770000,5.950000,0.890000,0.460000,0.130000,62.080002,-2.160000,1.260000,283.149994,56.709999,80910.546875,41.62,95.73,8.242857,PM2.5,31101
5.820000,5.990000,0.880000,0.480000,0.130000,62.119999,-1.850000,1.350000,282.059998,60.650002,79825.609375,41.63,95.91,8.314286,PM2.5,31102
5.790000,5.950000,0.880000,0.500000,0.130000,62.169998,-1.550000,0.810000,281.329987,63.970001,79167.273438,41.64,96.09,8.271428,PM2.5,31103
5.760000,5.920000,0.880000,0.510000,0.140000,62.099998,-1.170000,0.200000,280.929993,66.150002,78865.929688,41.65,96.27,8.228572,PM2.5,31104
5.780000,5.940000,0.890000,0.540000,0.140000,62.349998,-0.480000,-0.350000,281.369995,65.309998,79603.687500,41.66,96.45,8.257143,PM2.5,31105
5.810000,5.980000,0.910000,0.610000,0.140000,62.549999,0.040000,-0.660000,282.489990,62.180000,81082.398438,41.67,96.63,8.300000,PM2.5,31106
5.950000,6.120000,0.920000,0.670000,0.140000,61.610001,-0.100000,-0.160000,283.149994,60.599998,81865.578125,41.68,96.81,8.500000,PM2.5,31107
6.120000,6.290000,0.920000,0.690000,0.140000,60.529999,-0.710000,0.270000,283.239990,60.830002,81826.546875,41.69,96.99,8.742857,PM2.5,31108
6.280000,6.460000,0.940000,0.650000,0.140000,59.439999,-0.930000,0.230000,283.429993,60.520000,82070.898438,41.7,97.17,8.971429,PM2.5,31109
6.410000,6.600000,0.960000,0.550000,0.140000,58.389999,-0.570000,-0.160000,284.480011,57.660000,83358.273438,41.71,97.35,9.157143,PM2.5,31110
6.550000,6.740000,0.990000,0.520000,0.140000,56.950001,-0.430000,-0.440000,285.790009,54.169998,84973.179688,41.72,97.53,9.357143,PM2.5,31111
6.660000,6.870000,1.020000,0.520000,0.140000,55.470001,-0.950000,-0.710000,286.239990,53.279999,85575.851562,41.73,97.71,9.514285,PM2.5,31112
5.480000,5.690000,0.870000,0.520000,0.140000,62.330002,-2.380000,-2.400000,284.480011,56.150002,83475.476562,41.7,95.0,7.828571,PM2.5,31369
5.420000,5.610000,0.870000,0.570000,0.140000,62.020000,-2.540000,-1.610000,284.140015,56.320000,82702.429688,41.71,95.18,7.742857,PM2.5,31370
5.510000,5.690000,0.890000,0.540000,0.140000,62.290001,-2.530000,-0.080000,283.109985,58.900002,81425.921875,41.74,95.54,7.871429,PM2.5,31372
5.570000,5.750000,0.890000,0.530000,0.140000,62.259998,-2.330000,0.370000,282.799988,60.110001,81004.031250,41.75,95.72,7.957143,PM2.5,31373
5.620000,5.780000,0.890000,0.550000,0.140000,62.349998,-2.140000,0.580000,282.239990,62.169998,80329.773438,41.76,95.9,8.028571,PM2.5,31374
5.600000,5.760000,0.880000,0.560000,0.140000,62.430000,-1.800000,0.470000,281.500000,65.180000,79531.179688,41.77,96.08,8.000000,PM2.5,31375
5.530000,5.690000,0.880000,0.560000,0.140000,62.340000,-1.240000,0.190000,280.850006,68.129997,79022.890625,41.79,96.26,7.900000,PM2.5,31376
5.550000,5.710000,0.900000,0.570000,0.140000,62.880001,-0.550000,-0.210000,281.239990,67.150002,79700.960938,41.8,96.44,7.928572,PM2.5,31377
5.600000,5.760000,0.920000,0.630000,0.140000,63.119999,-0.270000,-0.690000,282.489990,63.180000,81240.476562,41.81,96.62,8.000000,PM2.5,31378
5.740000,5.900000,0.930000,0.670000,0.140000,62.070000,-0.630000,-0.600000,283.440002,60.540001,82365.218750,41.82,96.79,8.200000,PM2.5,31379
5.940000,6.120000,0.940000,0.710000,0.140000,60.959999,-1.120000,-0.360000,283.859985,59.669998,82939.109375,41.83,96.97,8.485714,PM2.5,31380
6.120000,6.300000,0.950000,0.750000,0.140000,59.610001,-1.330000,-0.470000,284.350006,58.169998,83474.296875,41.84,97.15,8.742857,PM2.5,31381
6.280000,6.470000,0.970000,0.570000,0.140000,58.330002,-1.330000,-0.900000,285.040009,56.259998,84245.132812,41.85,97.33,8.971429,PM2.5,31382
6.420000,6.620000,1.000000,0.530000,0.140000,56.790001,-1.370000,-1.190000,285.739990,54.630001,85095.156250,41.86,97.51,9.171429,PM2.5,31383
6.540000,6.750000,1.030000,0.530000,0.140000,55.209999,-1.670000,-1.280000,285.820007,54.450001,85249.273438,41.87,97.69,9.342857,PM2.5,31384
5.400000,5.550000,0.890000,0.680000,0.140000,62.650002,-1.580000,0.840000,280.929993,68.089996,79065.671875,41.91,96.06,7.714286,PM2.5,31649
5.320000,5.470000,0.890000,0.610000,0.140000,62.869999,-1.210000,0.570000,280.790009,69.489998,79179.671875,41.92,96.24,7.600000,PM2.5,31650
5.340000,5.490000,0.910000,0.590000,0.140000,63.580002,-0.830000,-0.010000,281.209991,68.580002,79884.671875,41.93,96.42,7.628572,PM2.5,31651
5.390000,5.550000,0.930000,0.620000,0.140000,63.540001,-0.820000,-0.720000,282.130005,66.040001,81122.773438,41.94,96.6,7.700000,PM2.5,31652
5.560000,5.730000,0.940000,0.620000,0.140000,62.509998,-1.310000,-0.940000,283.059998,63.169998,82240.257812,41.95,96.78,7.942857,PM2.5,31653
5.860000,6.030000,0.950000,0.690000,0.140000,61.380001,-1.970000,-0.850000,283.679993,60.709999,82899.523438,41.96,96.96,8.371428,PM2.5,31654
6.050000,6.240000,0.970000,0.770000,0.140000,59.869999,-2.360000,-1.100000,284.190002,59.150002,83461.828125,41.97,97.14,8.642858,PM2.5,31655
6.150000,6.340000,0.980000,0.580000,0.140000,58.570000,-2.170000,-1.540000,284.779999,58.150002,84339.726562,41.98,97.32,8.785714,PM2.5,31656
6.280000,6.480000,1.020000,0.560000,0.140000,56.830002,-1.840000,-1.700000,285.459991,56.189999,85264.343750,41.99,97.5,8.971429,PM2.5,31657
5.010000,5.150000,0.880000,0.570000,0.140000,61.630001,-1.750000,0.680000,281.070007,70.040001,79736.046875,42.05,96.23,7.157143,PM2.5,31919
5.060000,5.220000,0.920000,0.560000,0.140000,63.580002,-1.730000,0.170000,281.070007,71.599998,80043.718750,42.06,96.41,7.228571,PM2.5,31920
5.150000,5.310000,0.950000,0.500000,0.140000,63.970001,-1.570000,-0.720000,281.630005,70.870003,81096.156250,42.07,96.59,7.357143,PM2.5,31921
5.420000,5.590000,0.970000,0.530000,0.140000,63.020000,-1.700000,-1.050000,282.529999,66.709999,82140.710938,42.08,96.77,7.742857,PM2.5,31922
5.750000,5.930000,0.980000,0.630000,0.140000,61.459999,-2.270000,-0.830000,282.940002,64.000000,82321.960938,42.09,96.95,8.214286,PM2.5,31923
5.980000,6.180000,0.990000,0.800000,0.140000,59.299999,-2.380000,-0.960000,283.130005,63.500000,82598.656250,42.11,97.13,8.542857,PM2.5,31924
6.080000,6.280000,1.020000,0.620000,0.140000,58.540001,-1.900000,-1.450000,284.059998,60.970001,83948.671875,42.11,97.31,8.685714,PM2.5,31925
6.160000,6.370000,1.050000,0.600000,0.140000,56.709999,-1.740000,-1.630000,285.250000,57.080002,85459.359375,42.12,97.49,8.800000,PM2.5,31926
4.520000,4.670000,0.960000,0.590000,0.140000,64.050003,-2.670000,-0.110000,281.820007,71.669998,81704.992188,42.19,96.21,6.457143,PM2.5,32183
4.680000,4.830000,0.970000,0.570000,0.140000,64.750000,-2.430000,-0.180000,281.600006,72.980003,81454.343750,42.2,96.39,6.685714,PM2.5,32184
4.860000,5.020000,0.990000,0.510000,0.140000,65.050003,-1.830000,-0.860000,281.899994,71.790001,81982.296875,42.21,96.57,6.942857,PM2.5,32185
5.170000,5.340000,1.000000,0.550000,0.140000,63.740002,-1.400000,-1.250000,282.589996,68.199997,82788.992188,42.22,96.75,7.385715,PM2.5,32186
5.540000,5.720000,1.000000,0.630000,0.140000,61.570000,-1.560000,-0.970000,282.820007,66.019997,82762.046875,42.23,96.93,7.914286,PM2.5,32187
5.800000,5.990000,1.000000,0.780000,0.140000,58.360001,-1.710000,-0.620000,283.119995,64.180000,82986.648438,42.24,97.11,8.285714,PM2.5,32188
5.950000,6.160000,1.050000,0.660000,0.140000,58.250000,-1.520000,-0.780000,284.010010,60.980000,84241.570312,42.25,97.29,8.500000,PM2.5,32189
6.050000,6.270000,1.080000,0.650000,0.140000,56.590000,-1.570000,-1.150000,285.089996,57.230000,85534.992188,42.26,97.48,8.642858,PM2.5,32190
4.340000,4.500000,1.060000,0.550000,0.140000,67.339996,-2.400000,-1.200000,282.750000,69.830002,83726.242188,42.32,96.2,6.200000,PM2.5,32444
4.420000,4.580000,1.040000,0.550000,0.140000,67.129997,-2.160000,-1.130000,282.579987,71.480003,83344.359375,42.33,96.38,6.314286,PM2.5,32445
4.620000,4.780000,1.040000,0.560000,0.140000,66.320000,-1.680000,-1.330000,282.730011,70.589996,83457.960938,42.34,96.56,6.600000,PM2.5,32446
4.960000,5.140000,1.040000,0.680000,0.140000,64.680000,-1.120000,-1.440000,283.339996,67.589996,84181.312500,42.35,96.74,7.085714,PM2.5,32447
5.360000,5.540000,1.060000,0.760000,0.140000,62.840000,-0.940000,-1.060000,283.890015,64.379997,84657.296875,42.36,96.92,7.657143,PM2.5,32448
5.630000,5.840000,1.080000,0.650000,0.140000,60.790001,-0.900000,-0.550000,284.369995,61.799999,85066.578125,42.37,97.1,8.042857,PM2.5,32449
5.840000,6.050000,1.100000,0.680000,0.140000,59.000000,-0.890000,-0.330000,284.940002,58.889999,85707.046875,42.38,97.28,8.342857,PM2.5,32450
4.280000,4.460000,1.130000,0.490000,0.140000,68.089996,-2.720000,-2.010000,283.660004,63.369999,85354.890625,42.44,96.0,6.114286,PM2.5,32693
4.300000,4.470000,1.120000,0.570000,0.140000,69.720001,-2.280000,-2.260000,283.100006,67.120003,84509.289062,42.45,96.18,6.142858,PM2.5,32694
4.320000,4.480000,1.090000,0.600000,0.140000,68.830002,-1.760000,-2.190000,282.940002,70.000000,84169.992188,42.46,96.36,6.171429,PM2.5,32695
4.460000,4.620000,1.060000,0.590000,0.140000,67.279999,-1.160000,-2.060000,283.390015,69.639999,84709.046875,42.48,96.54,6.371428,PM2.5,32696
4.800000,4.970000,1.070000,0.630000,0.140000,65.139999,-0.610000,-1.700000,284.279999,66.349998,85738.796875,42.49,96.72,6.857143,PM2.5,32697
5.220000,5.400000,1.090000,0.670000,0.140000,63.200001,-0.500000,-1.030000,285.250000,61.660000,86758.007812,42.5,96.91,7.457142,PM2.5,32698
5.490000,5.700000,1.130000,0.670000,0.140000,60.549999,-0.570000,-0.710000,285.790009,58.730000,87311.710938,42.51,97.09,7.842857,PM2.5,32699
5.700000,5.930000,1.150000,0.680000,0.140000,58.610001,-0.680000,-0.470000,286.049988,56.590000,87470.921875,42.52,97.27,8.142857,PM2.5,32700
4.290000,4.460000,1.170000,0.610000,0.140000,71.570000,-1.760000,-2.720000,283.510010,63.570000,85373.789062,42.59,96.17,6.128572,PM2.5,32933
4.300000,4.460000,1.130000,0.670000,0.140000,70.459999,-0.960000,-2.750000,283.260010,67.029999,84951.843750,42.6,96.35,6.142858,PM2.5,32934
4.340000,4.500000,1.090000,0.630000,0.140000,68.320000,-0.270000,-2.540000,283.959991,67.269997,85782.187500,42.61,96.53,6.200000,PM2.5,32935
4.650000,4.830000,1.080000,0.600000,0.140000,65.129997,-0.070000,-1.960000,285.089996,64.480003,87138.109375,42.62,96.71,6.642857,PM2.5,32936
5.080000,5.270000,1.120000,0.610000,0.140000,62.200001,-0.460000,-1.200000,286.029999,60.270000,88097.382812,42.63,96.89,7.257143,PM2.5,32937
5.400000,5.620000,1.160000,0.660000,0.140000,59.470001,-0.940000,-1.220000,286.399994,57.290001,88405.937500,42.64,97.07,7.714286,PM2.5,32938
