PM2.5(微克每立方米),PM10(微克每立方米),SO2(微克每立方米),NO2(微克每立方米),CO(毫克每立方米),O3(微克每立方米),U(m/s),V(m/s),TEMP(K),RH(%),PSFC(Pa),lat,lon,AQI,Major pollutants,id
117.519997,179.860001,34.119999,52.599998,1.340000,10.430000,-2.010000,-1.880000,275.890015,64.769997,102103.359375,34.59,115.51,153.599991,PM2.5,18271
113.720001,172.960007,33.160000,49.529999,1.220000,11.030000,-2.200000,-1.740000,275.950012,65.459999,102208.781250,34.58,115.67,148.399994,PM2.5,18272
107.000000,161.660004,32.540001,47.220001,1.100000,11.780000,-2.430000,-1.720000,275.940002,65.610001,102226.320312,34.57,115.84,140.000000,PM2.5,18273
124.660004,192.830002,36.880001,53.779999,1.430000,10.730000,-1.850000,-1.760000,275.660004,65.110001,102109.351562,34.73,115.52,163.800003,PM2.5,18524
120.379997,184.910004,36.009998,50.599998,1.280000,11.200000,-2.050000,-1.640000,275.760010,65.739998,102212.796875,34.71,115.69,157.685715,PM2.5,18525
114.059998,173.869995,35.590000,48.299999,1.160000,11.780000,-2.300000,-1.600000,275.799988,66.099998,102217.140625,34.7,115.85,148.824997,PM2.5,18526
106.669998,161.610001,35.200001,46.509998,1.050000,12.710000,-2.410000,-1.690000,275.709991,66.830002,102167.593750,34.69,116.02,139.587494,PM2.5,18527
98.699997,149.770004,34.869999,45.000000,0.980000,13.810000,-2.420000,-1.820000,275.660004,67.330002,102181.640625,34.67,116.18,129.625000,PM2.5,18528
93.489998,141.580002,34.680000,43.869999,0.930000,14.890000,-2.440000,-1.930000,275.690002,67.129997,102219.429688,34.66,116.35,123.112495,PM2.5,18529
67.550003,105.559998,33.349998,36.740002,0.820000,31.910000,-2.580000,-2.640000,276.899994,67.650002,102509.679688,34.58,117.17,90.687500,PM2.5,18534
74.959999,124.309998,34.770000,38.099998,0.990000,22.080000,-2.320000,-2.710000,275.529999,67.680000,102106.117188,34.55,117.5,99.949997,PM2.5,18536
74.629997,122.739998,29.260000,37.650002,0.980000,24.219999,-2.350000,-2.940000,275.390015,68.559998,102255.117188,34.54,117.66,99.537498,PM2.5,18537
69.260002,119.820000,29.160000,40.080002,1.070000,22.040001,-1.430000,-4.270000,275.290009,69.440002,102210.593750,34.49,118.15,92.825005,PM2.5,18540
65.790001,115.879997,27.660000,39.790001,1.130000,21.430000,-0.990000,-4.350000,275.309998,69.139999,102106.882812,34.47,118.32,88.487503,PM2.5,18541
126.570000,200.889999,40.080002,55.610001,1.700000,13.430000,-1.750000,-1.980000,275.390015,63.220001,102051.398438,34.88,115.38,166.528564,PM2.5,18775
131.990005,207.050003,40.360001,54.869999,1.590000,11.490000,-1.810000,-1.720000,275.500000,65.129997,102138.046875,34.86,115.54,174.271439,PM2.5,18776
126.419998,197.369995,40.110001,52.410000,1.410000,11.360000,-2.000000,-1.640000,275.589996,66.430000,102203.671875,34.85,115.71,166.314285,PM2.5,18777
118.599998,184.070007,40.049999,50.080002,1.260000,11.640000,-2.180000,-1.660000,275.619995,67.309998,102230.171875,34.84,115.87,155.142853,PM2.5,18778
112.220001,173.139999,40.110001,48.419998,1.150000,12.270000,-2.240000,-1.740000,275.600006,67.910004,102226.640625,34.82,116.04,146.524994,PM2.5,18779
103.669998,160.039993,39.480000,46.419998,1.050000,13.470000,-2.250000,-1.830000,275.579987,67.970001,102261.031250,34.81,116.2,135.837494,PM2.5,18780
97.800003,150.270004,39.020000,44.849998,0.970000,14.620000,-2.300000,-1.960000,275.649994,67.129997,102314.000000,34.79,116.36,128.500000,PM2.5,18781
84.910004,133.160004,41.720001,40.279999,0.930000,19.709999,-1.590000,-2.480000,275.660004,63.840000,102483.703125,34.72,117.19,112.387505,PM2.5,18786
82.589996,131.059998,40.209999,39.430000,0.940000,20.730000,-2.030000,-2.360000,275.700012,65.139999,102192.296875,34.7,117.35,109.487495,PM2.5,18787
79.419998,127.959999,37.740002,39.060001,0.940000,21.959999,-2.330000,-2.550000,275.459991,66.519997,101996.492188,34.69,117.52,105.524994,PM2.5,18788
77.080002,124.080002,30.450001,38.139999,0.920000,24.900000,-2.420000,-2.840000,275.380005,68.519997,102189.906250,34.67,117.68,102.600006,PM2.5,18789
67.059998,119.129997,31.700001,41.290001,1.050000,21.070000,-1.570000,-4.090000,275.209991,71.580002,102168.210938,34.62,118.17,90.074997,PM2.5,18792
61.919998,113.199997,29.700001,40.689999,1.100000,20.889999,-1.160000,-4.170000,275.170013,71.290001,102009.359375,34.6,118.34,83.649994,PM2.5,18793
92.629997,157.259995,37.610001,52.070000,1.890000,22.299999,-1.830000,-2.760000,275.299988,58.779999,101925.656250,35.05,114.9,122.037498,PM2.5,19021
106.610001,178.300003,40.689999,54.250000,1.980000,19.830000,-1.820000,-2.540000,275.290009,59.990002,101961.406250,35.04,115.06,139.512497,PM2.5,19022
121.680000,201.039993,44.900002,57.520000,2.020000,16.320000,-1.850000,-2.270000,275.260010,61.860001,102018.648438,35.03,115.23,159.542862,PM2.5,19023
127.970001,208.690002,45.419998,58.029999,1.870000,13.590000,-1.740000,-1.940000,275.260010,63.910000,102096.703125,35.01,115.39,168.528580,PM2.5,19024
127.949997,206.160004,44.490002,57.080002,1.660000,11.530000,-1.780000,-1.710000,275.350006,65.610001,102157.671875,35.0,115.56,168.500000,PM2.5,19025
122.650002,196.250000,43.279999,54.049999,1.470000,11.550000,-1.970000,-1.610000,275.410004,67.379997,102200.523438,34.99,115.72,160.928574,PM2.5,19026
117.059998,186.369995,43.549999,51.400002,1.330000,11.920000,-2.080000,-1.590000,275.399994,68.720001,102229.460938,34.97,115.89,152.942856,PM2.5,19027
111.919998,177.580002,44.610001,49.880001,1.230000,12.270000,-2.070000,-1.660000,275.420013,68.699997,102287.078125,34.96,116.05,146.149994,PM2.5,19028
104.110001,165.380005,44.820000,47.959999,1.130000,13.160000,-2.080000,-1.790000,275.480011,67.769997,102358.296875,34.94,116.22,136.387497,PM2.5,19029
99.000000,156.320007,44.820000,46.540001,1.040000,13.930000,-2.130000,-1.940000,275.540009,66.809998,102394.718750,34.93,116.38,130.000000,PM2.5,19030
95.470001,150.139999,45.720001,45.919998,0.990000,14.090000,-2.040000,-2.100000,275.579987,66.029999,102403.156250,34.91,116.55,125.587502,PM2.5,19031
98.019997,153.089996,53.150002,44.700001,0.980000,14.320000,-1.250000,-2.160000,275.579987,65.239998,102281.617188,34.87,117.04,128.774994,PM2.5,19034
91.519997,141.279999,46.389999,42.259998,0.930000,17.770000,-1.480000,-2.160000,275.709991,64.410004,102252.492188,34.85,117.21,120.649994,PM2.5,19035
85.860001,132.600006,41.880001,40.549999,0.900000,20.250000,-2.010000,-2.410000,275.609985,64.150002,101849.992188,34.84,117.37,113.574997,PM2.5,19036
79.800003,126.059998,42.200001,40.590000,0.900000,20.930000,-2.380000,-2.630000,275.350006,65.769997,101431.070312,34.82,117.54,106.000000,PM2.5,19037
76.519997,121.160004,32.389999,39.009998,0.880000,24.680000,-2.430000,-2.930000,275.170013,68.269997,101614.773438,34.81,117.7,101.899994,PM2.5,19038
72.709999,117.769997,27.900000,38.279999,0.900000,25.830000,-2.310000,-3.360000,275.190002,70.110001,102059.218750,34.79,117.86,97.137497,PM2.5,19039
68.989998,118.230003,31.510000,40.650002,0.960000,22.930000,-2.060000,-3.830000,275.140015,71.300003,102203.078125,34.77,118.03,92.487495,PM2.5,19040
62.119999,114.300003,34.450001,42.340000,1.020000,20.270000,-1.720000,-4.020000,275.109985,71.980003,102179.609375,34.76,118.19,83.900002,PM2.5,19041
56.680000,107.690002,31.690001,41.450001,1.070000,20.600000,-1.330000,-4.100000,275.070007,72.070000,102036.000000,34.74,118.36,78.845001,PM10,19042
53.099998,94.410004,24.680000,35.990002,1.030000,26.639999,-0.910000,-3.880000,275.130005,71.389999,101869.148438,34.72,118.52,72.625000,PM2.5,19043
51.279999,89.349998,23.959999,33.639999,1.050000,27.820000,-0.540000,-3.930000,275.420013,69.529999,102062.398438,34.71,118.69,70.349998,PM2.5,19044
89.839996,156.479996,38.540001,52.520000,1.940000,23.180000,-1.780000,-2.670000,275.149994,59.709999,101990.242188,35.19,114.91,118.549995,PM2.5,19266
101.889999,175.660004,42.110001,54.599998,2.040000,20.799999,-1.830000,-2.490000,275.190002,60.950001,102004.859375,35.17,115.08,133.612503,PM2.5,19267
117.430000,200.250000,47.450001,58.040001,2.130000,17.430000,-1.850000,-2.220000,275.160004,63.020000,102065.843750,35.16,115.24,153.471436,PM2.5,19268
123.980003,208.800003,49.160000,59.240002,1.990000,14.430000,-1.740000,-1.870000,275.140015,64.730003,102140.617188,35.15,115.41,162.828583,PM2.5,19269
120.160004,200.009995,47.910000,58.619999,1.710000,11.700000,-1.810000,-1.620000,275.209991,66.519997,102191.781250,35.13,115.57,157.371429,PM2.5,19270
115.080002,189.669998,45.470001,54.939999,1.520000,12.240000,-1.950000,-1.540000,275.230011,68.199997,102210.750000,35.12,115.74,150.114288,PM2.5,19271
110.250000,180.509995,45.669998,51.799999,1.380000,12.820000,-2.030000,-1.540000,275.230011,68.830002,102223.039062,35.11,115.9,144.062500,PM2.5,19272
106.309998,173.449997,47.580002,50.279999,1.290000,13.010000,-2.030000,-1.650000,275.260010,68.629997,102304.031250,35.09,116.07,139.137497,PM2.5,19273
101.510002,165.979996,50.509998,49.490002,1.210000,12.930000,-1.960000,-1.820000,275.329987,67.800003,102408.218750,35.08,116.23,133.137497,PM2.5,19274
97.699997,158.809998,52.009998,48.570000,1.130000,12.940000,-1.940000,-1.980000,275.410004,67.080002,102460.351562,35.06,116.4,128.375000,PM2.5,19275
93.389999,150.259995,51.500000,47.360001,1.040000,13.120000,-1.840000,-2.150000,275.429993,66.449997,102375.812500,35.05,116.57,122.987503,PM2.5,19276
94.599998,149.759995,50.830002,46.830002,0.990000,12.550000,-1.570000,-2.190000,275.399994,66.360001,102271.921875,35.03,116.73,124.500000,PM2.5,19277
94.339996,146.649994,48.810001,45.570000,0.930000,13.130000,-1.320000,-2.140000,275.429993,65.709999,102281.031250,35.02,116.9,124.174995,PM2.5,19278
97.440002,149.639999,51.279999,44.939999,0.930000,14.090000,-1.210000,-2.170000,275.470001,64.690002,102177.382812,35.0,117.06,128.050003,PM2.5,19279
90.169998,134.699997,39.889999,41.340000,0.860000,20.219999,-1.550000,-2.300000,275.589996,63.580002,102026.593750,34.99,117.23,118.962494,PM2.5,19280
84.349998,125.139999,34.889999,39.220001,0.830000,23.719999,-2.180000,-2.540000,275.350006,63.930000,101236.500000,34.97,117.39,111.687500,PM2.5,19281
77.169998,116.980003,36.349998,39.139999,0.830000,24.660000,-2.440000,-2.750000,274.730011,66.559998,100217.773438,34.96,117.55,102.712494,PM2.5,19282
74.230003,113.790001,29.680000,37.950001,0.840000,27.100000,-2.170000,-3.120000,274.640015,69.160004,100567.640625,34.94,117.72,99.037506,PM2.5,19283
69.699997,111.330002,27.520000,38.060001,0.870000,27.010000,-1.930000,-3.280000,274.920013,70.709999,101480.421875,34.92,117.88,93.375000,PM2.5,19284
65.589996,113.169998,32.520000,41.209999,0.940000,22.940001,-1.900000,-3.590000,274.989990,72.120003,101952.796875,34.91,118.05,88.237495,PM2.5,19285
57.290001,109.160004,37.450001,43.360001,1.020000,19.400000,-1.790000,-3.960000,275.010010,72.980003,102112.718750,34.89,118.21,79.580002,PM10,19286
51.750000,102.250000,34.230000,42.360001,1.060000,20.020000,-1.550000,-4.110000,275.059998,72.940002,102068.953125,34.87,118.38,76.125000,PM10,19287
51.080002,92.809998,25.110001,36.610001,1.040000,25.969999,-1.230000,-4.050000,275.019989,72.360001,101935.078125,34.86,118.54,71.404999,PM10,19288
49.630001,88.839996,24.129999,34.660000,1.060000,26.780001,-0.840000,-4.120000,275.239990,70.260002,101949.796875,34.84,118.71,69.419998,PM10,19289
94.379997,170.000000,43.540001,54.799999,2.060000,21.870001,-1.950000,-2.460000,275.070007,61.950001,102049.992188,35.31,115.09,124.224998,PM2.5,19512
107.550003,191.470001,47.349998,57.369999,2.150000,19.219999,-1.930000,-2.220000,275.049988,64.010002,102098.726562,35.3,115.26,140.687500,PM2.5,19513
113.720001,199.089996,49.049999,58.560001,2.020000,16.360001,-1.850000,-1.870000,275.049988,65.580002,102165.007812,35.28,115.42,148.399994,PM2.5,19514
111.389999,191.830002,48.330002,58.250000,1.750000,13.330000,-1.870000,-1.580000,275.089996,67.169998,102209.117188,35.27,115.59,145.487503,PM2.5,19515
108.699997,184.789993,46.900002,55.209999,1.580000,13.380000,-1.950000,-1.460000,275.100006,68.540001,102230.273438,35.26,115.76,142.125000,PM2.5,19516
105.709999,178.330002,48.230000,52.889999,1.470000,13.460000,-2.020000,-1.500000,275.100006,68.970001,102237.351562,35.24,115.92,138.387497,PM2.5,19517
103.389999,173.720001,51.490002,51.869999,1.390000,13.200000,-1.960000,-1.640000,275.109985,68.720001,102295.437500,35.23,116.09,135.487503,PM2.5,19518
100.230003,168.559998,56.570000,51.630001,1.320000,12.400000,-1.800000,-1.830000,275.170013,68.089996,102375.539062,35.21,116.25,131.537506,PM2.5,19519
97.529999,162.990005,60.279999,50.970001,1.240000,11.820000,-1.740000,-2.020000,275.260010,67.680000,102471.046875,35.2,116.42,128.162506,PM2.5,19520
93.779999,155.270004,62.139999,50.049999,1.150000,11.410000,-1.590000,-2.100000,275.209991,67.489998,102331.289062,35.18,116.58,123.474998,PM2.5,19521
94.470001,152.080002,57.799999,48.849998,1.060000,10.720000,-1.260000,-2.050000,275.190002,67.150002,102107.523438,35.17,116.75,124.337502,PM2.5,19522
93.330002,144.990005,50.480000,46.639999,0.960000,11.920000,-1.130000,-1.970000,275.309998,65.940002,102175.531250,35.15,116.91,122.912506,PM2.5,19523
94.879997,143.210007,46.790001,44.830002,0.920000,14.940000,-1.340000,-2.100000,275.429993,64.379997,102029.703125,35.14,117.08,124.849998,PM2.5,19524
86.459999,125.500000,31.629999,39.660000,0.830000,24.139999,-1.930000,-2.450000,275.339996,64.080002,101573.671875,35.12,117.24,114.324997,PM2.5,19525
81.059998,115.910004,25.389999,36.080002,0.800000,29.469999,-2.450000,-2.610000,274.839996,65.639999,100582.578125,35.11,117.41,107.574997,PM2.5,19526
74.660004,107.279999,23.260000,34.330002,0.790000,31.610001,-2.470000,-2.590000,274.190002,68.639999,99620.789062,35.09,117.57,99.575005,PM2.5,19527
73.720001,109.459999,24.570000,36.369999,0.830000,29.049999,-2.050000,-2.910000,274.059998,70.900002,99846.210938,35.08,117.74,98.400002,PM2.5,19528
66.680000,104.830002,26.600000,37.570000,0.860000,28.080000,-1.720000,-3.010000,274.380005,72.300003,100674.179688,35.06,117.9,89.599998,PM2.5,19529
61.389999,105.180000,31.340000,40.700001,0.930000,24.740000,-1.740000,-3.270000,274.760010,72.830002,101523.453125,35.04,118.07,82.987503,PM2.5,19530
54.790001,106.000000,39.330002,44.090000,1.020000,19.150000,-1.900000,-3.920000,274.940002,73.349998,101937.343750,35.03,118.23,78.000000,PM10,19531
49.990002,99.820000,35.650002,42.950001,1.060000,19.940001,-1.750000,-4.290000,274.920013,73.919998,101940.750000,35.01,118.4,74.910004,PM10,19532
48.939999,88.400002,23.750000,35.450001,1.020000,27.120001,-1.450000,-4.250000,274.869995,74.000000,101753.523438,34.99,118.56,69.199997,PM10,19533
47.330002,85.930000,23.930000,34.830002,1.050000,26.770000,-1.110000,-4.230000,274.910004,72.599998,101512.132812,34.97,118.73,67.964996,PM10,19534
95.949997,179.190002,45.360001,56.020000,2.100000,21.219999,-2.050000,-2.270000,274.920013,64.760002,102075.992188,35.43,115.27,126.187500,PM2.5,19756
100.650002,183.789993,46.520000,56.590000,1.960000,18.920000,-1.990000,-1.950000,274.940002,66.129997,102116.023438,35.42,115.44,132.062500,PM2.5,19757
101.629997,180.990005,46.330002,56.500000,1.760000,16.270000,-1.980000,-1.580000,274.989990,67.669998,102184.742188,35.4,115.61,133.287491,PM2.5,19758
102.209999,178.910004,47.580002,55.200001,1.630000,14.850000,-1.960000,-1.420000,275.010010,68.300003,102234.179688,35.39,115.77,134.012497,PM2.5,19759
101.040001,174.919998,50.450001,54.090000,1.530000,13.990000,-1.970000,-1.490000,275.000000,68.300003,102254.296875,35.38,115.94,132.550003,PM2.5,19760
100.889999,173.710007,56.099998,54.060001,1.480000,12.900000,-1.880000,-1.640000,275.010010,68.330002,102318.476562,35.36,116.1,132.362503,PM2.5,19761
100.389999,172.820007,64.930000,55.000000,1.440000,10.780000,-1.730000,-1.850000,275.049988,68.239998,102367.750000,35.35,116.27,131.737503,PM2.5,19762
98.389999,168.839996,72.279999,54.730000,1.370000,9.630000,-1.570000,-2.030000,275.119995,67.970001,102434.953125,35.33,116.44,129.237503,PM2.5,19763
94.720001,163.429993,81.680000,54.630001,1.320000,8.160000,-1.340000,-2.050000,275.140015,67.769997,102427.476562,35.32,116.6,124.650002,PM2.5,19764
97.180000,160.350006,72.459999,53.250000,1.190000,7.670000,-1.100000,-2.000000,275.190002,66.849998,102335.593750,35.3,116.77,127.724998,PM2.5,19765
94.290001,147.580002,57.009998,49.439999,1.030000,9.660000,-1.150000,-1.900000,275.269989,65.440002,102143.562500,35.29,116.93,124.112503,PM2.5,19766
90.860001,135.250000,41.400002,45.070000,0.910000,16.840000,-1.560000,-2.120000,275.190002,64.279999,101536.273438,35.27,117.1,119.824997,PM2.5,19767
84.360001,121.330002,29.570000,40.099998,0.840000,25.040001,-2.060000,-2.450000,274.859985,65.080002,100799.257812,35.26,117.26,111.699997,PM2.5,19768
81.519997,116.250000,25.959999,37.599998,0.830000,28.860001,-2.410000,-2.470000,274.410004,67.339996,100127.882812,35.24,117.43,108.149994,PM2.5,19769
77.949997,112.089996,24.840000,36.830002,0.850000,29.520000,-2.260000,-2.300000,273.890015,70.349998,99582.476562,35.23,117.59,103.687500,PM2.5,19770
74.699997,110.320000,25.930000,38.189999,0.870000,28.680000,-1.680000,-2.360000,273.839996,71.879997,99591.320312,35.21,117.76,99.625000,PM2.5,19771
66.410004,102.949997,26.580000,37.900002,0.890000,28.900000,-1.470000,-2.500000,274.170013,72.970001,100367.898438,35.19,117.92,89.262505,PM2.5,19772
60.430000,101.559998,29.799999,40.000000,0.950000,26.240000,-1.850000,-3.020000,274.649994,73.129997,101326.671875,35.18,118.09,81.787498,PM2.5,19773
53.700001,100.790001,37.130001,43.480000,1.020000,21.160000,-2.200000,-3.930000,274.829987,73.870003,101643.179688,35.16,118.25,75.395004,PM10,19774
49.299999,95.449997,34.020000,42.180000,1.050000,21.799999,-1.960000,-4.400000,274.750000,75.089996,101670.820312,35.14,118.42,72.724998,PM10,19775
47.490002,84.690002,23.190001,34.349998,1.000000,28.100000,-1.560000,-4.320000,274.690002,75.709999,101587.023438,35.13,118.58,67.345001,PM10,19776
45.209999,82.790001,24.930000,35.130001,1.030000,26.820000,-1.120000,-4.220000,274.640015,75.059998,101295.492188,35.11,118.75,66.395004,PM10,19777
44.189999,80.360001,25.290001,34.389999,1.040000,27.040001,-0.940000,-3.730000,274.989990,72.370003,101494.468750,35.09,118.91,65.180000,PM10,19778
44.130001,80.309998,26.610001,32.759998,1.070000,25.620001,-0.950000,-4.670000,275.459991,70.589996,102115.320312,35.07,119.08,65.154999,PM10,19779
90.459999,171.919998,43.759998,54.950001,1.890000,21.059999,-2.060000,-2.020000,274.829987,66.730003,102087.171875,35.55,115.46,119.324997,PM2.5,20000
94.739998,174.429993,45.529999,55.369999,1.780000,18.410000,-2.020000,-1.670000,274.910004,67.779999,102175.281250,35.54,115.62,124.674995,PM2.5,20001
97.300003,175.080002,47.889999,55.270000,1.680000,16.250000,-2.040000,-1.440000,274.980011,67.940002,102222.546875,35.53,115.79,127.875000,PM2.5,20002
97.980003,172.960007,50.599998,54.939999,1.590000,14.960000,-1.940000,-1.510000,274.959991,67.860001,102269.656250,35.51,115.96,128.725006,PM2.5,20003
97.720001,170.000000,55.000000,54.820000,1.520000,13.890000,-1.750000,-1.700000,274.959991,67.750000,102374.093750,35.5,116.12,128.399994,PM2.5,20004
96.660004,166.270004,62.570000,55.349998,1.460000,11.890000,-1.620000,-1.870000,274.980011,68.129997,102417.578125,35.48,116.29,127.075005,PM2.5,20005
96.089996,163.940002,69.919998,55.340000,1.400000,10.470000,-1.480000,-1.950000,275.019989,68.279999,102438.601562,35.47,116.45,126.362495,PM2.5,20006
95.180000,162.809998,80.589996,55.730000,1.380000,8.520000,-1.270000,-1.980000,275.059998,67.639999,102455.531250,35.45,116.62,125.224998,PM2.5,20007
99.500000,164.000000,75.400002,55.360001,1.290000,7.180000,-1.160000,-2.000000,275.130005,66.570000,102393.367188,35.44,116.79,130.625000,PM2.5,20008
94.080002,146.759995,57.660000,51.099998,1.090000,9.770000,-1.330000,-1.970000,275.130005,65.419998,102031.726562,35.42,116.95,123.850006,PM2.5,20009
84.900002,124.629997,35.139999,44.939999,0.920000,20.270000,-1.700000,-2.060000,274.850006,64.940002,101075.250000,35.41,117.12,112.375000,PM2.5,20010
82.879997,119.139999,29.719999,41.419998,0.890000,25.200001,-1.960000,-2.150000,274.299988,66.489998,100060.312500,35.39,117.28,109.849998,PM2.5,20011
81.620003,116.879997,28.240000,40.279999,0.890000,27.440001,-1.870000,-2.110000,273.959991,68.629997,99611.937500,35.38,117.45,108.275002,PM2.5,20012
79.959999,115.930000,28.330000,40.509998,0.920000,27.540001,-1.700000,-1.910000,273.850006,70.949997,99707.796875,35.36,117.61,106.199997,PM2.5,20013
78.120003,117.110001,29.850000,42.250000,0.970000,25.639999,-1.460000,-1.910000,273.980011,71.709999,100138.710938,35.35,117.78,103.900002,PM2.5,20014
67.629997,104.529999,27.780001,39.779999,0.950000,28.000000,-1.520000,-2.250000,274.290009,72.230003,100491.679688,35.33,117.94,90.787498,PM2.5,20015
58.590000,94.580002,27.170000,37.630001,0.950000,29.030001,-2.120000,-2.970000,274.470001,73.430000,100729.531250,35.31,118.11,79.487503,PM2.5,20016
53.790001,92.790001,30.309999,40.029999,0.990000,26.299999,-2.370000,-3.780000,274.549988,74.809998,101116.320312,35.3,118.28,73.487503,PM2.5,20017
49.860001,89.040001,28.740000,38.980000,1.020000,26.049999,-1.990000,-4.430000,274.630005,75.849998,101469.476562,35.28,118.44,69.520004,PM10,20018
46.790001,83.290001,24.500000,35.279999,1.010000,27.820000,-1.630000,-4.380000,274.670013,76.480003,101528.523438,35.26,118.61,66.645004,PM10,20019
43.840000,79.830002,26.010000,35.410000,1.020000,26.969999,-1.340000,-4.270000,274.619995,76.260002,101275.656250,35.24,118.77,64.915001,PM10,20020
42.709999,77.129997,26.350000,34.480000,1.000000,27.129999,-1.180000,-3.930000,274.750000,74.540001,101093.742188,35.23,118.94,63.564999,PM10,20021
42.389999,76.599998,26.920000,33.619999,1.010000,25.850000,-1.000000,-4.690000,274.880005,72.790001,101383.007812,35.21,119.1,63.299999,PM10,20022
43.520000,78.029999,33.950001,34.500000,1.030000,22.430000,-0.420000,-5.400000,274.989990,72.550003,102019.789062,35.19,119.27,64.014999,PM10,20023
84.470001,165.360001,43.340000,54.520000,1.870000,22.200001,-2.060000,-1.930000,274.709991,67.320000,102182.773438,35.69,115.47,111.837502,PM2.5,20245
89.139999,168.440002,44.919998,54.869999,1.770000,19.870001,-2.000000,-1.720000,274.859985,68.070000,102263.007812,35.68,115.64,117.675003,PM2.5,20246
92.459999,169.949997,47.180000,54.970001,1.680000,17.750000,-2.060000,-1.550000,274.959991,67.879997,102262.140625,35.66,115.81,121.824997,PM2.5,20247
94.120003,168.360001,49.130001,54.820000,1.600000,16.389999,-1.950000,-1.500000,274.940002,67.320000,102306.359375,35.65,115.97,123.900002,PM2.5,20248
94.809998,165.179993,51.619999,54.430000,1.520000,15.570000,-1.720000,-1.690000,274.940002,67.010002,102407.406250,35.63,116.14,124.762497,PM2.5,20249
92.519997,156.979996,54.799999,53.770000,1.420000,14.760000,-1.600000,-1.850000,274.950012,67.500000,102443.632812,35.62,116.31,121.899994,PM2.5,20250
92.330002,153.539993,57.189999,53.160000,1.350000,14.280000,-1.570000,-1.850000,274.970001,67.779999,102423.023438,35.6,116.47,121.662506,PM2.5,20251
94.230003,154.139999,59.779999,52.779999,1.330000,13.300000,-1.530000,-1.910000,274.970001,67.220001,102358.781250,35.59,116.64,124.037506,PM2.5,20252
99.540001,160.020004,61.570000,52.919998,1.320000,11.320000,-1.530000,-2.030000,275.000000,66.349998,102214.312500,35.58,116.8,130.675003,PM2.5,20253
94.129997,145.110001,50.180000,50.250000,1.170000,14.170000,-1.670000,-2.160000,275.000000,65.550003,101990.921875,35.56,116.97,123.912498,PM2.5,20254
86.110001,127.680000,37.970001,46.570000,1.030000,20.629999,-1.810000,-2.070000,274.730011,65.589996,101321.570312,35.54,117.14,113.887497,PM2.5,20255
84.110001,122.750000,34.619999,44.020000,1.000000,23.660000,-1.810000,-1.790000,274.170013,67.309998,100234.882812,35.53,117.3,111.387497,PM2.5,20256
83.760002,122.400002,33.090000,43.570000,1.010000,24.770000,-1.570000,-1.560000,273.890015,69.150002,99896.796875,35.51,117.47,110.950005,PM2.5,20257
80.029999,118.669998,31.629999,43.430000,1.040000,25.740000,-1.500000,-1.550000,274.079987,69.879997,100160.312500,35.5,117.63,106.287498,PM2.5,20258
71.699997,108.519997,29.980000,42.619999,1.020000,26.580000,-1.810000,-2.110000,274.059998,71.269997,99981.546875,35.48,117.8,95.875000,PM2.5,20259
62.939999,96.370003,27.500000,39.419998,0.970000,29.280001,-2.010000,-2.500000,273.929993,73.470001,99660.492188,35.46,117.96,84.924995,PM2.5,20260
57.110001,89.279999,26.260000,36.720001,0.970000,30.400000,-2.080000,-2.880000,274.000000,74.800003,99857.109375,35.45,118.13,77.637497,PM2.5,20261
54.250000,87.400002,26.280001,36.970001,0.990000,29.490000,-2.160000,-3.520000,274.420013,74.910004,100724.593750,35.43,118.3,74.062500,PM2.5,20262
51.480000,86.320000,26.110001,37.029999,1.030000,27.940001,-2.040000,-4.500000,274.619995,75.809998,101349.843750,35.41,118.46,70.599998,PM2.5,20263
47.689999,83.779999,26.350000,36.869999,1.030000,27.090000,-1.790000,-4.540000,274.559998,77.309998,101316.421875,35.4,118.63,66.889999,PM10,20264
44.849998,79.410004,27.459999,36.259998,1.010000,26.820000,-1.590000,-4.490000,274.450012,77.820000,101027.367188,35.38,118.79,64.705002,PM10,20265
43.509998,76.029999,27.879999,35.080002,0.980000,27.040001,-1.320000,-4.280000,274.359985,77.209999,100590.203125,35.36,118.96,63.014999,PM10,20266
42.660000,74.519997,28.170000,34.520000,0.950000,26.299999,-0.770000,-4.890000,274.570007,75.889999,100798.593750,35.34,119.12,62.259998,PM10,20267
43.450001,77.779999,33.349998,36.130001,1.000000,22.680000,-0.240000,-5.180000,275.130005,75.180000,101840.351562,35.33,119.29,63.889999,PM10,20268
90.099998,167.190002,46.950001,55.060001,1.680000,18.809999,-1.990000,-1.590000,274.910004,68.290001,102364.187500,35.8,115.82,118.875000,PM2.5,20492
91.330002,163.960007,48.330002,54.860001,1.590000,17.610001,-1.940000,-1.530000,274.970001,67.400002,102369.546875,35.78,115.99,120.412506,PM2.5,20493
93.110001,161.639999,50.560001,54.529999,1.520000,16.540001,-1.730000,-1.610000,274.940002,66.459999,102418.460938,35.77,116.16,122.637497,PM2.5,20494
93.430000,157.479996,53.450001,53.939999,1.450000,15.430000,-1.480000,-1.740000,274.859985,66.750000,102424.578125,35.75,116.32,123.037498,PM2.5,20495
93.610001,154.279999,55.580002,53.459999,1.390000,15.160000,-1.550000,-1.730000,274.890015,66.970001,102335.367188,35.74,116.49,123.262497,PM2.5,20496
95.519997,155.240005,57.549999,53.480000,1.380000,14.330000,-1.720000,-1.860000,274.880005,66.470001,102238.976562,35.73,116.66,125.649994,PM2.5,20497
98.709999,158.490005,58.000000,53.529999,1.380000,12.870000,-1.870000,-2.000000,274.809998,66.309998,101933.929688,35.71,116.82,129.637497,PM2.5,20498
93.040001,144.940002,49.580002,51.500000,1.260000,15.480000,-1.920000,-2.260000,274.660004,66.209999,101501.687500,35.69,116.99,122.550003,PM2.5,20499
85.720001,130.300003,42.009998,49.200001,1.160000,20.120001,-1.720000,-2.150000,274.500000,66.760002,101279.437500,35.68,117.15,113.400002,PM2.5,20500
83.889999,126.550003,40.410000,47.660000,1.150000,21.990000,-1.420000,-1.650000,274.359985,67.320000,100959.140625,35.66,117.32,111.112503,PM2.5,20501
83.059998,125.800003,38.799999,47.150002,1.160000,22.620001,-1.280000,-1.310000,274.290009,67.989998,100633.406250,35.65,117.49,110.074997,PM2.5,20502
75.879997,115.540001,34.910000,45.939999,1.130000,24.860001,-1.890000,-1.640000,274.010010,69.879997,99799.187500,35.63,117.65,101.099998,PM2.5,20503
65.800003,101.779999,31.129999,44.029999,1.090000,26.660000,-2.380000,-2.250000,273.329987,73.519997,98838.617188,35.62,117.82,88.500000,PM2.5,20504
59.189999,91.739998,28.620001,40.810001,1.030000,28.889999,-2.010000,-2.330000,273.500000,75.059998,99213.921875,35.6,117.99,80.237495,PM2.5,20505
56.169998,88.290001,28.290001,39.709999,1.030000,29.070000,-1.990000,-2.710000,273.950012,74.500000,99791.882812,35.58,118.15,76.462494,PM2.5,20506
54.700001,88.400002,29.080000,39.930000,1.060000,28.190001,-2.180000,-3.630000,274.170013,75.190002,100183.140625,35.57,118.32,74.625000,PM2.5,20507
52.860001,88.099998,28.480000,39.400002,1.090000,26.860001,-1.990000,-4.580000,274.399994,76.500000,100895.046875,35.55,118.48,72.324997,PM2.5,20508
49.169998,85.239998,28.490000,38.700001,1.080000,26.250000,-1.790000,-4.570000,274.500000,77.660004,101179.757812,35.53,118.65,67.712494,PM2.5,20509
46.689999,82.959999,30.510000,38.619999,1.070000,25.500000,-1.780000,-4.670000,274.339996,79.019997,100913.343750,35.51,118.81,66.479996,PM10,20510
45.410000,78.690002,30.709999,37.040001,1.010000,26.110001,-1.470000,-4.830000,274.029999,79.849998,100266.250000,35.5,118.98,64.345001,PM10,20511
44.630001,76.919998,30.900000,36.049999,0.970000,25.389999,-0.570000,-5.280000,274.190002,78.470001,100440.906250,35.48,119.14,63.459999,PM10,20512
44.060001,76.820000,32.349998,35.810001,0.960000,24.260000,0.160000,-5.360000,274.910004,75.360001,101686.031250,35.46,119.31,63.410000,PM10,20513
44.480000,74.800003,32.299999,33.830002,0.910000,22.990000,0.570000,-5.220000,275.130005,72.239998,102481.273438,35.44,119.48,62.400002,PM10,20514
81.209999,157.190002,44.849998,54.340000,1.810000,22.809999,-1.960000,-1.790000,274.630005,65.889999,102417.093750,35.96,115.51,107.762497,PM2.5,20736
86.989998,162.929993,46.439999,54.900002,1.740000,20.900000,-1.970000,-1.660000,274.670013,66.660004,102445.046875,35.95,115.67,114.987495,PM2.5,20737
91.650002,161.389999,48.009998,55.320000,1.570000,18.370001,-1.920000,-1.570000,274.980011,67.190002,102398.328125,35.92,116.01,120.812500,PM2.5,20739
94.300003,160.440002,50.130001,55.509998,1.520000,16.969999,-1.820000,-1.640000,275.029999,66.199997,102418.046875,35.9,116.17,124.125000,PM2.5,20740
96.800003,160.300003,52.910000,54.830002,1.500000,15.120000,-1.470000,-1.740000,274.760010,65.639999,102333.476562,35.89,116.34,127.250000,PM2.5,20741
96.269997,156.020004,54.020000,54.060001,1.420000,15.100000,-1.570000,-1.670000,274.750000,66.070000,102043.062500,35.87,116.51,126.587494,PM2.5,20742
96.589996,154.809998,54.029999,53.740002,1.400000,15.560000,-1.890000,-1.730000,274.670013,66.089996,101896.289062,35.86,116.67,126.987495,PM2.5,20743
97.500000,155.649994,53.860001,53.840000,1.410000,15.450000,-2.150000,-1.810000,274.519989,66.910004,101611.609375,35.85,116.84,128.125000,PM2.5,20744
91.610001,145.110001,49.680000,52.799999,1.350000,16.820000,-2.130000,-2.040000,274.209991,67.900002,101003.640625,35.83,117.01,120.762497,PM2.5,20745
85.480003,135.089996,47.070000,51.959999,1.300000,19.170000,-1.750000,-2.130000,274.179993,68.010002,100920.296875,35.81,117.17,113.100006,PM2.5,20746
82.099998,129.889999,46.520000,50.880001,1.290000,20.430000,-1.480000,-1.880000,274.440002,67.239998,101115.398438,35.8,117.34,108.875000,PM2.5,20747
81.879997,130.520004,47.130001,50.790001,1.320000,19.799999,-1.660000,-1.570000,274.339996,68.000000,100681.140625,35.78,117.51,108.599998,PM2.5,20748
74.690002,119.620003,41.919998,49.790001,1.290000,21.639999,-2.080000,-1.580000,273.790009,70.519997,99666.273438,35.77,117.67,99.612503,PM2.5,20749
65.040001,104.669998,36.099998,48.299999,1.220000,24.320000,-2.130000,-1.710000,273.390015,73.709999,99135.976562,35.75,117.84,87.550003,PM2.5,20750
58.230000,93.099998,32.020000,44.660000,1.130000,27.049999,-2.100000,-2.200000,273.760010,73.830002,99569.851562,35.73,118.01,79.037498,PM2.5,20751
55.349998,88.239998,30.610001,42.450001,1.080000,28.090000,-2.360000,-3.000000,273.760010,74.989998,99440.023438,35.72,118.17,75.437500,PM2.5,20752
54.950001,89.139999,30.990000,42.220001,1.110000,27.160000,-2.190000,-3.780000,273.480011,77.599998,99197.062500,35.7,118.34,74.937500,PM2.5,20753
54.480000,90.489998,30.760000,41.480000,1.140000,26.000000,-1.690000,-4.300000,273.980011,77.699997,100225.593750,35.68,118.5,74.349998,PM2.5,20754
51.000000,87.019997,30.320000,40.099998,1.120000,25.750000,-1.620000,-4.530000,274.429993,77.639999,100979.117188,35.67,118.67,70.000000,PM2.5,20755
48.959999,85.279999,32.520000,39.750000,1.100000,25.160000,-1.860000,-4.680000,274.239990,79.750000,100740.039062,35.65,118.84,67.639999,PM10,20756
48.009998,82.330002,33.480000,38.490002,1.050000,25.240000,-1.590000,-5.170000,273.570007,83.339996,99891.476562,35.63,119.0,66.262497,PM2.5,20757
47.279999,79.930000,33.980000,37.250000,0.980000,25.330000,-0.450000,-5.260000,273.459991,83.750000,99648.070312,35.61,119.17,65.349998,PM2.5,20758
46.169998,77.309998,32.400002,35.349998,0.930000,26.090000,0.450000,-5.310000,274.279999,80.150002,100767.851562,35.59,119.33,63.962498,PM2.5,20759
45.119999,73.930000,28.590000,32.310001,0.880000,26.180000,0.630000,-5.130000,275.239990,75.070000,102001.742188,35.58,119.5,62.649998,PM2.5,20760
84.440002,157.619995,46.369999,54.730000,1.800000,21.900000,-1.840000,-1.630000,274.559998,66.220001,102335.398438,36.09,115.52,111.800003,PM2.5,20982
90.430000,165.509995,49.959999,55.709999,1.790000,19.129999,-1.890000,-1.680000,274.519989,66.570000,102356.898438,36.08,115.69,119.287498,PM2.5,20983
94.389999,168.470001,50.799999,56.160000,1.730000,17.570000,-1.780000,-1.610000,274.529999,67.709999,102349.156250,36.07,115.86,124.237503,PM2.5,20984
99.769997,168.009995,50.240002,58.189999,1.580000,18.400000,-2.010000,-1.620000,274.980011,68.900002,102216.523438,36.04,116.19,130.962494,PM2.5,20986
97.860001,158.979996,52.880001,55.630001,1.510000,15.800000,-1.600000,-1.670000,274.470001,65.550003,101863.890625,36.02,116.36,128.574997,PM2.5,20987
99.400002,158.740005,58.250000,55.779999,1.470000,13.850000,-1.590000,-1.590000,274.500000,65.699997,101591.757812,36.01,116.53,130.500000,PM2.5,20988
98.889999,157.210007,59.389999,55.740002,1.460000,14.130000,-1.810000,-1.380000,274.429993,65.489998,101433.062500,36.0,116.69,129.862503,PM2.5,20989
96.610001,153.940002,58.020000,55.439999,1.450000,15.130000,-2.180000,-1.580000,274.529999,65.849998,101589.093750,35.98,116.86,127.012497,PM2.5,20990
93.029999,150.009995,55.950001,55.150002,1.460000,15.670000,-2.370000,-1.890000,274.429993,66.930000,101538.382812,35.96,117.03,122.537498,PM2.5,20991
86.169998,140.759995,53.990002,54.730000,1.440000,17.629999,-2.110000,-2.260000,274.119995,68.519997,100990.820312,35.95,117.19,113.962494,PM2.5,20992
82.750000,136.919998,54.430000,54.160000,1.460000,18.330000,-1.740000,-2.200000,274.040009,68.510002,100609.609375,35.93,117.36,109.687500,PM2.5,20993
83.779999,141.100006,59.980000,55.279999,1.540000,16.430000,-1.500000,-1.740000,274.049988,68.790001,100406.023438,35.92,117.53,110.974998,PM2.5,20994
74.809998,126.269997,52.869999,54.509998,1.480000,18.540001,-1.740000,-1.370000,273.950012,69.779999,99934.460938,35.9,117.69,99.762497,PM2.5,20995
64.120003,106.680000,42.849998,52.299999,1.320000,22.540001,-2.370000,-1.820000,273.579987,72.510002,99112.468750,35.89,117.86,86.400002,PM2.5,20996
57.619999,94.059998,36.459999,48.310001,1.190000,25.750000,-2.790000,-2.740000,273.190002,75.680000,98579.078125,35.87,118.03,78.275002,PM2.5,20997
55.290001,88.889999,33.299999,45.110001,1.120000,27.030001,-2.480000,-3.400000,272.950012,78.470001,98475.500000,35.85,118.19,75.362503,PM2.5,20998
56.049999,91.059998,33.080002,44.560001,1.160000,25.850000,-1.830000,-3.620000,273.130005,78.900002,98885.781250,35.84,118.36,76.312500,PM2.5,20999
56.340000,93.070000,33.669998,43.740002,1.190000,25.320000,-1.480000,-3.980000,273.890015,77.309998,100033.179688,35.82,118.52,76.675003,PM2.5,21000
53.270000,88.879997,31.809999,41.299999,1.130000,25.549999,-1.570000,-4.560000,274.209991,78.080002,100556.867188,35.8,118.69,72.837502,PM2.5,21001
51.700001,86.660004,33.430000,40.259998,1.100000,25.670000,-1.580000,-4.650000,273.989990,80.809998,100355.968750,35.78,118.86,70.875000,PM2.5,21002
51.680000,87.040001,36.540001,39.919998,1.090000,24.660000,-1.090000,-4.920000,273.609985,84.070000,100174.593750,35.77,119.02,70.849998,PM2.5,21003
51.060001,86.889999,38.910000,39.480000,1.050000,23.600000,-0.140000,-4.770000,273.390015,86.029999,100074.546875,35.75,119.19,70.075005,PM2.5,21004
48.820000,82.529999,37.119999,37.299999,0.970000,24.900000,0.630000,-4.890000,273.640015,84.699997,100272.382812,35.73,119.35,67.275002,PM2.5,21005
46.880001,77.620003,31.100000,33.740002,0.910000,25.840000,1.010000,-5.180000,274.420013,78.110001,101120.320312,35.71,119.52,64.849998,PM2.5,21006
46.070000,77.540001,30.320000,34.360001,0.920000,23.980000,1.150000,-5.480000,274.899994,74.940002,102157.687500,35.69,119.69,63.837502,PM2.5,21007
45.430000,77.510002,29.450001,35.660000,0.950000,22.010000,1.300000,-5.290000,274.929993,73.239998,102559.937500,35.67,119.85,63.755001,PM10,21008
86.620003,156.710007,48.259998,54.990002,1.790000,20.559999,-1.910000,-1.360000,274.429993,65.489998,102247.093750,36.23,115.54,114.525002,PM2.5,21229
95.279999,169.580002,53.709999,56.599998,1.840000,16.660000,-1.890000,-1.470000,274.410004,66.290001,102237.156250,36.22,115.71,125.349998,PM2.5,21230
99.290001,172.130005,54.369999,57.099998,1.790000,15.380000,-1.770000,-1.570000,274.329987,66.720001,102254.132812,36.2,115.87,130.362503,PM2.5,21231
97.279999,162.509995,50.799999,56.599998,1.630000,16.490000,-1.800000,-1.610000,274.420013,66.699997,102403.093750,36.19,116.04,127.849998,PM2.5,21232
98.230003,160.050003,52.080002,56.570000,1.580000,16.209999,-1.800000,-1.620000,274.359985,66.769997,102091.546875,36.17,116.21,129.037506,PM2.5,21233
98.610001,157.380005,54.869999,56.459999,1.540000,15.320000,-1.720000,-1.670000,274.269989,66.389999,101489.992188,36.16,116.38,129.512497,PM2.5,21234
101.279999,159.639999,62.020000,57.650002,1.520000,12.900000,-1.580000,-1.560000,274.260010,65.459999,101264.953125,36.15,116.54,132.850006,PM2.5,21235
98.769997,155.330002,63.310001,57.660000,1.490000,13.540000,-1.770000,-1.210000,274.269989,64.389999,100897.851562,36.13,116.71,129.712494,PM2.5,21236
96.830002,153.470001,63.060001,57.520000,1.490000,14.360000,-2.350000,-1.510000,274.049988,64.870003,100307.609375,36.12,116.88,127.287506,PM2.5,21237
95.540001,154.759995,65.070000,58.279999,1.550000,14.010000,-2.710000,-2.050000,273.890015,67.000000,100306.648438,36.1,117.05,125.675003,PM2.5,21238
86.300003,143.419998,60.570000,57.000000,1.530000,16.000000,-2.480000,-2.610000,273.750000,69.669998,100518.773438,36.08,117.21,114.125000,PM2.5,21239
81.980003,138.610001,59.980000,56.450001,1.550000,17.090000,-1.840000,-2.340000,273.619995,70.190002,100202.210938,36.07,117.38,108.725006,PM2.5,21240
82.099998,140.830002,67.849998,58.480000,1.630000,15.060000,-1.550000,-1.830000,273.760010,69.930000,100055.429688,36.05,117.55,108.875000,PM2.5,21241
73.099998,125.209999,58.419998,57.700001,1.540000,17.590000,-2.180000,-1.710000,273.709991,70.459999,99463.156250,36.04,117.71,97.625000,PM2.5,21242
65.209999,110.750000,49.310001,55.790001,1.410000,20.680000,-3.010000,-2.290000,272.940002,74.150002,98072.921875,36.02,117.88,87.762497,PM2.5,21243
60.279999,100.440002,43.419998,52.970001,1.290000,23.290001,-2.930000,-2.960000,272.380005,78.800003,97563.171875,36.0,118.05,81.599998,PM2.5,21244
58.660000,96.400002,38.650002,49.599998,1.250000,24.160000,-2.080000,-3.330000,272.450012,81.110001,98091.656250,35.99,118.21,79.574997,PM2.5,21245
58.290001,95.180000,36.770000,47.590000,1.230000,24.570000,-1.530000,-3.690000,273.070007,78.680000,98839.960938,35.97,118.38,79.112503,PM2.5,21246
59.160000,97.720001,36.759998,46.009998,1.260000,24.090000,-1.450000,-4.460000,273.720001,77.019997,99744.203125,35.95,118.55,80.199997,PM2.5,21247
55.910000,91.680000,33.299999,42.610001,1.160000,25.110001,-1.520000,-4.920000,273.950012,78.570000,100150.242188,35.94,118.71,76.137497,PM2.5,21248
55.160000,90.400002,34.910000,41.410000,1.130000,25.139999,-1.140000,-4.880000,273.829987,81.099998,100205.882812,35.92,118.88,75.199997,PM2.5,21249
55.779999,92.599998,40.189999,41.570000,1.130000,24.110001,-0.330000,-4.820000,274.070007,81.680000,100842.320312,35.9,119.05,75.974998,PM2.5,21250
54.939999,93.309998,44.950001,41.369999,1.110000,22.690001,0.300000,-4.510000,274.220001,82.220001,101291.500000,35.88,119.21,74.924995,PM2.5,21251
51.540001,88.370003,43.299999,39.299999,1.020000,23.520000,0.540000,-4.380000,273.890015,84.830002,100840.132812,35.86,119.38,70.675003,PM2.5,21252
48.720001,81.610001,33.759998,34.950001,0.940000,25.450001,0.860000,-4.790000,274.000000,81.879997,100657.007812,35.85,119.54,67.150002,PM2.5,21253
47.509998,81.110001,33.080002,35.750000,0.950000,24.100000,1.150000,-5.030000,274.640015,79.080002,101413.640625,35.83,119.71,65.637497,PM2.5,21254
46.279999,80.180000,31.290001,36.759998,0.970000,22.450001,1.240000,-5.040000,275.200012,76.260002,102137.523438,35.81,119.88,65.089996,PM10,21255
82.959999,146.100006,46.340000,54.259998,1.740000,21.420000,-2.130000,-1.410000,274.279999,62.900002,102180.093750,36.38,115.39,109.949997,PM2.5,21475
87.239998,151.919998,50.000000,55.200001,1.720000,19.100000,-2.100000,-1.370000,274.239990,64.209999,102179.578125,36.36,115.56,115.299995,PM2.5,21476
95.970001,164.050003,59.549999,57.849998,1.790000,13.870000,-2.070000,-1.350000,274.220001,65.279999,102148.476562,36.35,115.72,126.212502,PM2.5,21477
102.019997,170.149994,61.520000,58.779999,1.790000,12.150000,-1.940000,-1.470000,274.250000,66.019997,102205.148438,36.34,115.89,133.774994,PM2.5,21478
100.919998,164.250000,55.110001,58.009998,1.690000,14.570000,-1.810000,-1.570000,274.369995,66.309998,102403.390625,36.32,116.06,132.399994,PM2.5,21479
102.959999,165.289993,57.459999,58.299999,1.680000,14.690000,-1.750000,-1.600000,274.399994,66.540001,102357.226562,36.31,116.23,134.949997,PM2.5,21480
102.290001,162.100006,59.779999,58.470001,1.630000,14.420000,-1.590000,-1.670000,274.269989,66.330002,101952.148438,36.29,116.39,134.112503,PM2.5,21481
100.260002,157.539993,63.970001,59.240002,1.570000,13.330000,-1.380000,-1.660000,274.140015,66.050003,101387.679688,36.28,116.56,131.574997,PM2.5,21482
98.449997,154.610001,66.070000,59.529999,1.540000,13.540000,-1.660000,-1.350000,274.070007,64.339996,100671.992188,36.27,116.73,129.312500,PM2.5,21483
94.540001,149.360001,65.930000,59.060001,1.500000,14.670000,-2.380000,-1.340000,273.239990,66.019997,98731.117188,36.25,116.9,124.425003,PM2.5,21484
90.989998,146.399994,68.589996,59.630001,1.530000,14.950000,-2.610000,-1.980000,272.450012,70.029999,97559.406250,36.23,117.06,119.987495,PM2.5,21485
83.550003,139.699997,64.040001,58.599998,1.540000,15.920000,-2.270000,-2.540000,273.029999,71.430000,99338.789062,36.22,117.23,110.687500,PM2.5,21486
81.830002,140.169998,67.190002,58.980000,1.620000,15.800000,-1.820000,-2.310000,273.730011,69.720001,100583.609375,36.2,117.4,108.537506,PM2.5,21487
83.449997,145.789993,76.589996,61.560001,1.750000,13.790000,-1.840000,-1.870000,273.809998,69.720001,100352.171875,36.19,117.57,110.562500,PM2.5,21488
74.669998,130.229996,65.620003,60.480000,1.640000,16.290001,-2.790000,-2.160000,273.519989,71.239998,99371.093750,36.17,117.73,99.587494,PM2.5,21489
67.989998,117.330002,57.459999,59.110001,1.520000,18.510000,-3.570000,-2.730000,272.480011,75.940002,97628.781250,36.16,117.9,91.237495,PM2.5,21490
64.370003,109.610001,51.980000,56.980000,1.440000,19.990000,-3.070000,-3.220000,271.989990,80.110001,97252.250000,36.14,118.07,86.712502,PM2.5,21491
60.849998,100.760002,44.250000,53.000000,1.320000,22.840000,-2.150000,-3.480000,272.350006,81.320000,98030.812500,36.12,118.23,82.312500,PM2.5,21492
60.549999,99.320000,41.430000,50.500000,1.280000,23.590000,-1.590000,-4.120000,272.429993,81.529999,98144.140625,36.11,118.4,81.937500,PM2.5,21493
61.639999,101.489998,39.639999,47.720001,1.300000,23.480000,-1.150000,-5.130000,272.529999,81.980003,98254.773438,36.09,118.57,83.300003,PM2.5,21494
58.540001,94.309998,34.980000,43.820000,1.180000,24.830000,-0.850000,-5.180000,273.140015,81.750000,99101.210938,36.07,118.73,79.425003,PM2.5,21495
58.830002,95.029999,38.259998,43.220001,1.170000,24.400000,-0.280000,-5.020000,273.640015,81.620003,100057.531250,36.05,118.9,79.787506,PM2.5,21496
59.930000,98.169998,44.439999,43.049999,1.180000,23.459999,0.450000,-4.940000,274.230011,80.900002,101096.953125,36.04,119.07,81.162498,PM2.5,21497
58.619999,97.470001,48.509998,42.230000,1.130000,22.750000,0.780000,-4.660000,274.589996,80.620003,101775.210938,36.02,119.23,79.525002,PM2.5,21498
53.630001,89.500000,44.540001,39.279999,1.010000,24.700001,0.560000,-4.220000,274.519989,82.610001,101625.203125,36.0,119.4,73.287498,PM2.5,21499
50.099998,84.300003,34.660000,35.650002,0.960000,25.360001,0.710000,-4.380000,274.279999,81.379997,101162.773438,35.98,119.57,68.875000,PM2.5,21500
48.529999,84.459999,35.060001,36.779999,0.980000,23.540001,1.290000,-4.640000,274.239990,80.669998,101267.273438,35.96,119.73,67.229996,PM10,21501
47.230000,83.540001,33.200001,37.529999,0.990000,22.170000,1.640000,-4.870000,274.619995,77.720001,101726.507812,35.94,119.9,66.770004,PM10,21502
47.619999,80.309998,32.419998,39.889999,0.960000,20.670000,1.710000,-4.470000,275.380005,76.919998,102066.960938,35.92,120.07,65.775002,PM2.5,21503
86.400002,145.960007,45.320000,54.180000,1.700000,20.350000,-2.140000,-1.200000,274.190002,62.820000,102218.273438,36.51,115.41,114.250000,PM2.5,21721
88.860001,149.220001,48.410000,54.980000,1.670000,18.530001,-2.220000,-1.220000,274.140015,63.990002,102209.718750,36.5,115.57,117.324997,PM2.5,21722
94.120003,155.570007,55.509998,57.150002,1.700000,14.730000,-2.300000,-1.230000,274.109985,64.720001,102219.773438,36.49,115.74,123.900002,PM2.5,21723
99.389999,161.429993,59.119999,58.669998,1.730000,12.830000,-2.280000,-1.310000,274.130005,65.230003,102285.593750,36.47,115.91,130.487503,PM2.5,21724
100.790001,161.250000,57.040001,58.860001,1.700000,13.970000,-2.170000,-1.450000,274.230011,65.440002,102429.039062,36.46,116.08,132.237503,PM2.5,21725
104.360001,165.320007,61.630001,59.880001,1.730000,13.980000,-2.030000,-1.530000,274.329987,65.639999,102521.148438,36.44,116.24,136.699997,PM2.5,21726
104.000000,163.350006,65.000000,60.680000,1.710000,13.770000,-1.860000,-1.600000,274.390015,65.910004,102466.843750,36.43,116.41,136.250000,PM2.5,21727
96.349998,151.419998,65.800003,60.220001,1.580000,14.250000,-1.680000,-1.670000,274.260010,66.089996,101987.023438,36.42,116.58,126.687500,PM2.5,21728
95.250000,150.389999,69.400002,60.720001,1.560000,13.550000,-2.000000,-1.450000,274.200012,65.040001,101321.546875,36.4,116.75,125.312500,PM2.5,21729
89.309998,142.500000,66.849998,59.540001,1.500000,14.560000,-2.910000,-1.130000,273.410004,66.440002,99498.859375,36.39,116.92,117.887497,PM2.5,21730
82.830002,134.559998,66.169998,59.290001,1.480000,15.320000,-3.040000,-1.410000,271.959991,72.059998,97197.296875,36.37,117.08,109.787506,PM2.5,21731
77.889999,130.339996,66.370003,59.310001,1.490000,16.469999,-2.410000,-2.210000,272.140015,73.620003,97734.750000,36.35,117.25,103.612503,PM2.5,21732
80.720001,138.619995,73.279999,60.889999,1.630000,15.110000,-2.190000,-2.400000,273.190002,71.220001,99591.750000,36.34,117.42,107.150002,PM2.5,21733
81.360001,142.029999,79.209999,62.880001,1.710000,14.050000,-2.540000,-2.370000,273.529999,70.519997,99820.328125,36.32,117.59,107.949997,PM2.5,21734
75.839996,132.919998,72.629997,62.279999,1.660000,15.890000,-3.280000,-2.930000,272.989990,73.379997,98748.531250,36.31,117.75,101.049995,PM2.5,21735
71.220001,124.309998,66.949997,61.990002,1.600000,16.799999,-3.580000,-3.300000,271.869995,78.730003,97046.882812,36.29,117.92,95.275002,PM2.5,21736
67.370003,116.059998,60.290001,60.000000,1.540000,18.260000,-3.030000,-3.390000,271.239990,82.930000,96298.132812,36.27,118.09,90.462502,PM2.5,21737
64.940002,109.129997,52.090000,56.090000,1.450000,20.389999,-2.370000,-3.640000,271.760010,83.510002,97420.343750,36.26,118.25,87.425003,PM2.5,21738
64.260002,106.820000,48.590000,53.490002,1.400000,21.670000,-1.600000,-4.110000,271.980011,84.220001,97987.343750,36.24,118.42,86.575005,PM2.5,21739
66.309998,111.010002,47.189999,50.330002,1.440000,21.740000,-0.550000,-4.620000,271.670013,86.790001,97705.382812,36.22,118.59,89.137497,PM2.5,21740
62.299999,100.620003,40.099998,46.139999,1.250000,23.780001,0.190000,-4.550000,272.559998,84.669998,98677.968750,36.21,118.76,84.125000,PM2.5,21741
62.730000,101.410004,44.189999,45.279999,1.240000,23.400000,0.760000,-4.670000,273.500000,82.120003,100161.570312,36.19,118.92,84.662498,PM2.5,21742
63.880001,104.370003,51.160000,44.660000,1.240000,22.850000,1.180000,-4.770000,274.200012,81.080002,101179.750000,36.17,119.09,86.099998,PM2.5,21743
61.279999,100.419998,51.910000,42.840000,1.150000,23.090000,1.270000,-4.710000,274.609985,80.470001,101843.148438,36.15,119.26,82.849998,PM2.5,21744
54.590000,88.419998,43.660000,38.689999,0.970000,26.580000,0.720000,-4.410000,275.010010,81.199997,102045.453125,36.13,119.42,74.487503,PM2.5,21745
50.830002,85.980003,35.560001,36.330002,0.970000,25.790001,0.530000,-4.120000,274.790009,79.769997,101863.179688,36.11,119.59,69.787506,PM2.5,21746
48.970001,86.220001,36.930000,37.630001,1.000000,23.730000,1.000000,-4.210000,274.570007,80.160004,101690.367188,36.1,119.76,68.110001,PM10,21747
47.619999,84.550003,34.310001,37.980000,0.990000,22.790001,1.400000,-4.210000,274.559998,78.739998,101680.617188,36.08,119.92,67.275002,PM10,21748
47.520000,79.080002,33.279999,40.299999,0.930000,21.969999,1.180000,-4.510000,276.109985,77.500000,101986.593750,36.06,120.09,65.650002,PM2.5,21749
89.010002,144.529999,43.110001,53.709999,1.650000,20.370001,-2.110000,-0.860000,274.130005,62.799999,102320.437500,36.65,115.42,117.512505,PM2.5,21968
89.830002,145.669998,44.840000,54.180000,1.620000,19.420000,-2.260000,-0.870000,274.119995,63.950001,102349.703125,36.63,115.59,118.537506,PM2.5,21969
91.589996,146.839996,47.529999,55.470001,1.600000,17.830000,-2.480000,-0.950000,274.130005,64.589996,102371.039062,36.62,115.76,120.737495,PM2.5,21970
96.019997,153.360001,52.919998,57.730000,1.650000,15.340000,-2.690000,-1.100000,274.160004,64.889999,102394.578125,36.61,115.93,126.274994,PM2.5,21971
101.680000,161.679993,60.000000,60.250000,1.730000,12.810000,-2.790000,-1.310000,274.230011,64.949997,102459.929688,36.59,116.09,133.350006,PM2.5,21972
103.279999,162.679993,63.480000,61.209999,1.740000,13.320000,-2.790000,-1.530000,274.279999,64.980003,102486.273438,36.58,116.26,135.350006,PM2.5,21973
104.559998,164.240005,68.660004,62.750000,1.760000,12.960000,-2.650000,-1.690000,274.339996,65.120003,102498.812500,36.56,116.43,136.949997,PM2.5,21974
104.959999,166.339996,76.379997,64.620003,1.780000,12.350000,-2.360000,-1.730000,274.359985,65.489998,102364.953125,36.55,116.6,137.449997,PM2.5,21975
113.209999,180.619995,93.169998,68.129997,1.920000,9.570000,-2.260000,-1.560000,274.399994,65.089996,102041.531250,36.54,116.77,147.762497,PM2.5,21976
102.099998,164.940002,88.360001,66.279999,1.770000,10.750000,-2.800000,-1.120000,274.059998,65.580002,100974.117188,36.52,116.93,133.875000,PM2.5,21977
88.699997,145.990005,82.559998,63.880001,1.630000,12.800000,-3.380000,-1.140000,272.690002,70.779999,98663.382812,36.5,117.1,117.125000,PM2.5,21978
81.489998,138.839996,76.500000,62.389999,1.620000,14.530000,-3.100000,-1.600000,271.790009,75.269997,97517.773438,36.49,117.27,108.112495,PM2.5,21979
83.029999,143.389999,83.160004,63.459999,1.700000,14.090000,-2.940000,-2.210000,272.260010,74.610001,98161.093750,36.47,117.44,110.037498,PM2.5,21980
83.919998,147.279999,89.260002,64.470001,1.770000,13.710000,-3.460000,-2.680000,272.200012,75.260002,97829.953125,36.46,117.61,111.149994,PM2.5,21981
80.779999,143.520004,86.449997,64.269997,1.770000,14.580000,-3.390000,-3.030000,271.630005,79.559998,97277.953125,36.44,117.77,107.224998,PM2.5,21982
75.809998,134.720001,79.820000,64.589996,1.740000,14.830000,-2.850000,-2.910000,271.450012,82.690002,97290.101562,36.42,117.94,101.012497,PM2.5,21983
70.250000,122.559998,69.790001,62.630001,1.630000,16.690001,-2.410000,-2.890000,271.190002,83.820000,96584.343750,36.41,118.11,94.062500,PM2.5,21984
68.489998,116.989998,63.070000,58.810001,1.570000,18.770000,-1.810000,-3.190000,271.529999,83.760002,97078.242188,36.39,118.28,91.862495,PM2.5,21985
69.169998,117.559998,60.160000,55.770000,1.570000,19.510000,-0.820000,-3.580000,272.329987,82.510002,98758.437500,36.37,118.44,92.712494,PM2.5,21986
70.129997,118.639999,57.340000,51.939999,1.550000,20.500000,0.270000,-3.540000,272.559998,83.150002,99348.976562,36.36,118.61,93.912498,PM2.5,21987
65.910004,107.629997,48.790001,48.040001,1.350000,22.430000,0.950000,-3.610000,273.040009,82.440002,99837.976562,36.34,118.78,88.637505,PM2.5,21988
66.250000,108.080002,53.200001,47.029999,1.310000,22.330000,1.390000,-4.240000,273.690002,81.199997,100760.726562,36.32,118.94,89.062500,PM2.5,21989
67.339996,110.800003,61.590000,46.270000,1.300000,22.150000,1.580000,-4.520000,274.250000,80.949997,101396.359375,36.3,119.11,90.424995,PM2.5,21990
62.250000,100.720001,54.070000,42.959999,1.130000,23.799999,1.460000,-4.520000,274.559998,80.650002,101902.796875,36.29,119.28,84.062500,PM2.5,21991
53.779999,84.169998,39.840000,36.950001,0.900000,29.049999,0.660000,-4.780000,275.640015,79.970001,102261.937500,36.27,119.45,73.474998,PM2.5,21992
51.060001,86.779999,36.810001,37.000000,0.980000,26.010000,0.390000,-4.120000,275.160004,78.449997,102360.742188,36.25,119.61,70.075005,PM2.5,21993
49.369999,87.809998,41.000000,38.790001,1.030000,23.469999,0.880000,-4.070000,274.839996,78.480003,102146.867188,36.23,119.78,68.904999,PM10,21994
47.540001,84.889999,37.230000,38.779999,1.010000,22.730000,1.100000,-3.820000,274.709991,78.089996,101995.382812,36.21,119.95,67.445000,PM10,21995
46.880001,76.489998,32.110001,39.540001,0.900000,25.940001,0.800000,-4.720000,276.450012,75.489998,102380.906250,36.19,120.11,64.849998,PM2.5,21996
62.150002,103.290001,38.919998,49.160000,1.290000,13.670000,0.340000,-4.130000,274.769989,73.839996,101843.351562,36.15,120.45,83.937500,PM2.5,21997
52.520000,79.879997,25.920000,39.220001,1.010000,23.420000,1.020000,-4.250000,274.700012,73.089996,101295.203125,36.13,120.61,71.900002,PM2.5,21998
89.709999,143.320007,45.980000,54.480000,1.610000,18.250000,-2.510000,-0.600000,274.200012,63.299999,102437.226562,36.77,115.61,118.387497,PM2.5,22219
89.300003,141.869995,47.200001,55.540001,1.570000,17.480000,-2.790000,-0.720000,274.179993,64.050003,102402.882812,36.76,115.78,117.875000,PM2.5,22220
91.620003,146.070007,52.209999,57.660000,1.610000,15.540000,-3.030000,-0.910000,274.160004,64.589996,102394.617188,36.74,115.94,120.775002,PM2.5,22221
94.019997,149.850006,57.410000,59.619999,1.650000,14.140000,-3.190000,-1.130000,274.200012,64.760002,102469.593750,36.73,116.11,123.774994,PM2.5,22222
94.129997,149.300003,60.180000,60.680000,1.660000,14.540000,-3.320000,-1.350000,274.230011,64.870003,102505.976562,36.71,116.28,123.912498,PM2.5,22223
95.050003,150.490005,64.769997,62.410000,1.690000,14.020000,-3.320000,-1.600000,274.230011,65.180000,102488.187500,36.7,116.45,125.062500,PM2.5,22224
97.989998,155.919998,73.589996,65.110001,1.760000,12.720000,-3.030000,-1.780000,274.250000,65.459999,102467.617188,36.68,116.62,128.737503,PM2.5,22225
108.610001,174.020004,92.419998,70.070000,1.960000,9.700000,-2.550000,-1.710000,274.450012,64.900002,102445.343750,36.67,116.79,142.012497,PM2.5,22226
95.459999,155.429993,81.309998,69.129997,1.770000,11.470000,-2.960000,-1.240000,274.540009,64.010002,101961.273438,36.65,116.95,125.574997,PM2.5,22227
93.180000,155.929993,95.879997,68.080002,1.810000,11.360000,-3.500000,-1.110000,273.410004,70.110001,100701.750000,36.64,117.12,122.724998,PM2.5,22228
82.849998,143.369995,86.129997,65.639999,1.730000,13.790000,-3.160000,-1.060000,273.059998,71.430000,100008.757812,36.62,117.29,109.812500,PM2.5,22229
88.779999,156.270004,102.309998,67.790001,1.900000,12.810000,-3.240000,-1.590000,272.880005,72.529999,99538.773438,36.61,117.46,117.224998,PM2.5,22230
93.910004,168.570007,117.779999,69.230003,2.060000,12.040000,-3.490000,-1.780000,271.989990,76.779999,98084.757812,36.59,117.63,123.637505,PM2.5,22231
98.279999,182.520004,125.690002,69.580002,2.270000,10.660000,-2.460000,-1.630000,271.600006,80.629997,98068.882812,36.58,117.79,129.100006,PM2.5,22232
86.629997,160.160004,113.480003,67.550003,2.090000,12.000000,-1.550000,-1.570000,272.369995,79.029999,99323.953125,36.56,117.96,114.537498,PM2.5,22233
76.900002,138.710007,93.940002,65.519997,1.870000,14.210000,-1.730000,-2.180000,272.040009,80.400002,98404.757812,36.54,118.13,102.375000,PM2.5,22234
73.669998,129.160004,79.370003,61.480000,1.770000,16.469999,-1.170000,-2.690000,271.700012,82.750000,97685.781250,36.53,118.3,98.337494,PM2.5,22235
73.809998,128.320007,75.690002,57.900002,1.730000,17.670000,0.040000,-3.140000,272.890015,78.800003,99635.476562,36.51,118.46,98.512497,PM2.5,22236
74.139999,127.360001,71.059998,53.630001,1.670000,19.299999,0.620000,-3.260000,273.459991,77.790001,100823.093750,36.49,118.63,98.925003,PM2.5,22237
68.760002,113.580002,59.230000,49.070000,1.420000,21.580000,0.980000,-3.260000,273.390015,80.629997,100696.468750,36.47,118.8,92.200005,PM2.5,22238
69.239998,114.070000,65.059998,48.340000,1.370000,21.660000,1.470000,-4.050000,273.799988,80.779999,101120.921875,36.46,118.97,92.799995,PM2.5,22239
69.419998,115.099998,73.470001,47.490002,1.330000,21.809999,1.650000,-4.340000,274.420013,80.230003,101675.843750,36.44,119.13,93.024994,PM2.5,22240
61.169998,98.099998,55.310001,42.750000,1.090000,24.629999,1.370000,-4.330000,274.679993,80.250000,102076.117188,36.42,119.3,82.712494,PM2.5,22241
52.090000,78.290001,35.090000,34.500000,0.820000,32.320000,0.670000,-4.760000,276.119995,78.650002,102404.351562,36.4,119.47,71.362503,PM2.5,22242
51.290001,87.750000,39.279999,37.930000,1.010000,25.920000,0.540000,-4.120000,275.279999,77.860001,102607.523438,36.38,119.64,70.362503,PM2.5,22243
49.400002,89.050003,46.549999,40.029999,1.060000,22.879999,0.920000,-4.020000,275.089996,77.419998,102506.867188,36.37,119.8,69.525002,PM10,22244
47.060001,85.339996,39.900002,39.459999,1.050000,22.040001,1.070000,-3.790000,275.040009,76.839996,102427.726562,36.35,119.97,67.669998,PM10,22245
47.830002,85.110001,36.320000,39.529999,1.060000,20.090000,1.140000,-3.940000,274.959991,74.629997,102624.953125,36.33,120.14,67.555000,PM10,22246
52.860001,90.529999,37.490002,42.509998,1.140000,16.740000,0.890000,-3.910000,274.890015,73.459999,102559.492188,36.31,120.3,72.324997,PM2.5,22247
55.650002,89.690002,32.750000,43.360001,1.170000,17.209999,0.680000,-3.660000,274.989990,76.110001,101845.773438,36.29,120.47,75.812500,PM2.5,22248
51.430000,77.650002,24.639999,37.470001,1.040000,24.809999,1.350000,-3.710000,274.920013,76.470001,101578.367188,36.27,120.64,70.537498,PM2.5,22249
79.309998,126.680000,42.439999,53.490002,1.470000,20.389999,-2.850000,-0.460000,274.209991,63.500000,102373.109375,36.89,115.79,105.387497,PM2.5,22472
79.889999,128.479996,46.189999,55.060001,1.490000,19.120001,-3.000000,-0.620000,274.149994,64.279999,102377.039062,36.88,115.96,106.112503,PM2.5,22473
80.279999,129.149994,49.320000,56.410000,1.510000,18.410000,-3.120000,-0.840000,274.179993,64.730003,102515.929688,36.86,116.13,106.599998,PM2.5,22474
79.220001,126.580002,49.820000,57.150002,1.500000,18.709999,-3.280000,-1.040000,274.160004,64.879997,102575.687500,36.85,116.3,105.275002,PM2.5,22475
79.699997,126.849998,53.419998,58.720001,1.530000,17.820000,-3.390000,-1.250000,274.100006,65.629997,102564.921875,36.83,116.47,105.875000,PM2.5,22476
81.019997,129.179993,59.660000,60.759998,1.580000,16.340000,-3.410000,-1.450000,274.040009,66.410004,102605.773438,36.82,116.64,107.524994,PM2.5,22477
84.400002,135.460007,69.669998,63.470001,1.680000,14.410000,-3.350000,-1.540000,274.029999,67.180000,102670.109375,36.8,116.8,111.750000,PM2.5,22478
83.250000,135.910004,73.790001,64.570000,1.710000,14.260000,-3.150000,-1.350000,273.989990,67.639999,102629.562500,36.79,116.97,110.312500,PM2.5,22479
79.519997,133.539993,75.550003,64.919998,1.720000,14.660000,-2.850000,-1.100000,273.940002,67.879997,102439.453125,36.77,117.14,105.649994,PM2.5,22480
74.919998,129.970001,74.620003,64.480003,1.740000,15.590000,-2.720000,-1.160000,273.989990,67.650002,102348.609375,36.76,117.31,99.899994,PM2.5,22481
81.440002,143.699997,92.389999,67.330002,1.920000,14.010000,-2.970000,-1.320000,273.750000,68.660004,101630.273438,36.74,117.48,108.050003,PM2.5,22482
89.559998,162.100006,114.489998,69.860001,2.150000,12.200000,-2.640000,-1.070000,273.029999,72.169998,100457.226562,36.73,117.65,118.199997,PM2.5,22483
95.059998,179.539993,132.419998,71.209999,2.380000,10.830000,-1.390000,-0.720000,273.119995,72.820000,100818.703125,36.71,117.81,125.074997,PM2.5,22484
88.730003,168.779999,131.080002,69.529999,2.310000,11.270000,-0.880000,-0.900000,273.429993,72.760002,101436.007812,36.69,117.98,117.162506,PM2.5,22485
79.580002,148.210007,111.739998,66.650002,2.080000,13.220000,-1.200000,-1.610000,272.839996,75.889999,100074.046875,36.68,118.15,105.725006,PM2.5,22486
76.470001,137.490005,93.570000,62.459999,1.930000,14.960000,-0.650000,-2.080000,272.440002,79.070000,99295.023438,36.66,118.32,101.837502,PM2.5,22487
76.480003,135.160004,87.559998,58.869999,1.850000,16.639999,0.350000,-2.770000,273.380005,76.309998,100697.648438,36.64,118.49,101.850006,PM2.5,22488
74.540001,128.339996,77.029999,53.959999,1.680000,19.000000,0.690000,-3.310000,273.790009,75.879997,101579.796875,36.63,118.65,99.425003,PM2.5,22489
68.610001,113.129997,63.610001,49.560001,1.400000,21.590000,0.990000,-3.220000,273.730011,79.040001,101396.796875,36.61,118.82,92.012497,PM2.5,22490
69.449997,114.489998,73.739998,49.209999,1.350000,21.850000,1.450000,-3.890000,273.989990,79.940002,101500.406250,36.59,118.99,93.062500,PM2.5,22491
68.430000,113.400002,81.129997,47.849998,1.290000,22.370001,1.530000,-4.180000,274.500000,79.809998,101795.007812,36.57,119.16,91.787498,PM2.5,22492
59.119999,94.519997,56.820000,42.619999,1.040000,25.110001,1.380000,-4.220000,274.880005,80.089996,102095.632812,36.56,119.32,80.150002,PM2.5,22493
54.139999,88.550003,45.070000,38.730000,1.000000,26.080000,1.250000,-3.960000,274.940002,79.110001,102394.500000,36.54,119.49,73.925003,PM2.5,22494
51.080002,86.919998,39.750000,38.180000,1.020000,26.040001,1.040000,-3.790000,275.209991,78.129997,102630.953125,36.52,119.66,70.100006,PM2.5,22495
47.810001,84.629997,39.310001,39.009998,1.050000,24.299999,0.820000,-3.940000,275.329987,76.760002,102684.273438,36.5,119.83,67.315002,PM10,22496
44.939999,79.879997,32.279999,38.049999,1.020000,23.930000,0.730000,-3.910000,275.410004,75.300003,102652.109375,36.48,119.99,64.940002,PM10,22497
45.820000,80.379997,31.820000,38.250000,1.050000,22.219999,0.430000,-3.890000,275.480011,74.510002,102589.882812,36.46,120.16,65.190002,PM10,22498
48.950001,82.190002,31.760000,39.700001,1.100000,19.580000,0.250000,-3.750000,275.440002,74.620003,102354.500000,36.44,120.33,67.437500,PM2.5,22499
50.520000,80.500000,27.559999,38.930000,1.120000,20.840000,0.600000,-3.820000,275.190002,74.269997,102146.843750,36.42,120.49,69.400002,PM2.5,22500
50.090000,75.239998,23.150000,35.599998,1.050000,26.200001,1.340000,-3.800000,275.279999,74.300003,102248.203125,36.4,120.66,68.862503,PM2.5,22501
67.309998,109.360001,37.779999,51.020000,1.330000,24.280001,-2.800000,-0.270000,274.149994,63.759998,102418.500000,37.01,115.98,90.387497,PM2.5,22726
65.769997,106.470001,38.230000,51.279999,1.310000,24.320000,-2.860000,-0.540000,274.149994,64.269997,102541.523438,37.0,116.15,88.462494,PM2.5,22727
64.110001,102.669998,36.590000,50.959999,1.300000,24.930000,-2.890000,-0.820000,274.140015,64.440002,102612.437500,36.98,116.32,86.387497,PM2.5,22728
63.160000,100.269997,36.560001,51.230000,1.320000,24.660000,-2.900000,-1.040000,274.109985,64.860001,102617.796875,36.97,116.49,85.199997,PM2.5,22729
62.660000,98.989998,37.520000,51.689999,1.350000,23.780001,-2.850000,-1.270000,274.089996,65.180000,102640.906250,36.95,116.65,84.574997,PM2.5,22730
62.029999,98.230003,38.540001,51.810001,1.380000,22.980000,-2.800000,-1.430000,274.079987,65.449997,102661.593750,36.94,116.82,83.787498,PM2.5,22731
62.040001,100.160004,39.669998,52.200001,1.450000,22.200001,-2.660000,-1.490000,274.040009,65.809998,102692.648438,36.92,116.99,83.800003,PM2.5,22732
63.400002,105.050003,43.090000,53.700001,1.550000,20.870001,-2.380000,-1.470000,274.010010,66.320000,102775.046875,36.91,117.16,85.500000,PM2.5,22733
66.459999,112.910004,51.029999,56.669998,1.690000,18.930000,-2.190000,-1.530000,273.950012,66.750000,102711.546875,36.89,117.33,89.324997,PM2.5,22734
71.860001,124.419998,65.589996,61.320000,1.850000,16.490000,-2.170000,-1.580000,273.839996,67.300003,102402.640625,36.88,117.5,96.074997,PM2.5,22735
80.010002,142.759995,89.279999,66.529999,2.100000,13.780000,-1.790000,-1.360000,273.609985,68.209999,101914.976562,36.86,117.67,106.262505,PM2.5,22736
89.690002,168.350006,123.830002,70.720001,2.450000,11.290000,-1.020000,-1.210000,273.790009,68.500000,102387.976562,36.85,117.83,118.362503,PM2.5,22737
89.589996,172.789993,140.520004,70.459999,2.520000,10.790000,-0.730000,-1.300000,273.829987,69.639999,102425.898438,36.83,118.0,118.237495,PM2.5,22738
85.050003,163.529999,132.610001,67.830002,2.390000,11.650000,-0.610000,-1.550000,273.500000,71.739998,101595.148438,36.81,118.17,112.562500,PM2.5,22739
79.470001,147.110001,106.660004,63.730000,2.120000,13.890000,-0.080000,-1.850000,273.510010,73.230003,101394.593750,36.8,118.34,105.587502,PM2.5,22740
75.510002,134.100006,90.110001,58.950001,1.860000,16.580000,0.390000,-2.610000,273.820007,73.400002,101841.742188,36.78,118.51,100.637505,PM2.5,22741
69.040001,116.290001,69.400002,52.540001,1.520000,20.100000,0.740000,-3.360000,274.079987,74.150002,102128.648438,36.76,118.68,92.550003,PM2.5,22742
62.980000,100.790001,55.330002,47.730000,1.230000,23.400000,1.020000,-3.400000,274.220001,76.699997,102143.171875,36.74,118.84,84.974998,PM2.5,22743
61.200001,96.599998,58.660000,45.849998,1.110000,25.040001,1.210000,-3.840000,274.489990,78.110001,102087.156250,36.73,119.01,82.750000,PM2.5,22744
58.820000,92.519997,58.400002,43.009998,1.040000,26.240000,1.250000,-4.110000,274.750000,78.919998,102042.296875,36.71,119.18,79.775002,PM2.5,22745
52.959999,81.949997,43.619999,37.709999,0.910000,28.340000,1.100000,-4.090000,275.070007,79.610001,102160.343750,36.69,119.35,72.449997,PM2.5,22746
49.970001,80.919998,38.070000,36.220001,0.940000,28.090000,0.810000,-3.370000,275.250000,80.290001,102437.140625,36.67,119.51,68.712502,PM2.5,22747
49.049999,83.430000,36.779999,37.860001,1.010000,26.620001,0.510000,-3.430000,275.369995,78.550003,102622.078125,36.65,119.68,67.562500,PM2.5,22748
45.919998,80.570000,33.610001,38.169998,1.030000,25.160000,0.350000,-3.970000,275.480011,76.279999,102608.343750,36.63,119.85,65.285004,PM10,22749
43.040001,74.970001,25.700001,36.310001,0.990000,25.680000,0.190000,-4.070000,275.559998,74.410004,102525.609375,36.62,120.02,62.485001,PM10,22750
43.689999,75.139999,26.230000,35.709999,1.020000,25.330000,0.060000,-4.220000,275.480011,72.930000,102433.437500,36.6,120.18,62.570000,PM10,22751
44.840000,73.629997,24.420000,34.400002,1.020000,26.219999,0.220000,-3.890000,275.320007,73.650002,102242.117188,36.58,120.35,62.299999,PM2.5,22752
47.509998,75.180000,24.469999,35.480000,1.090000,24.260000,0.540000,-4.000000,275.350006,74.070000,102173.906250,36.56,120.52,65.637497,PM2.5,22753
48.970001,73.160004,22.350000,34.090000,1.060000,26.530001,1.160000,-4.100000,275.600006,74.190002,102351.976562,36.54,120.69,67.462502,PM2.5,22754
47.369999,67.169998,20.590000,28.959999,0.920000,33.770000,1.110000,-3.940000,276.980011,75.139999,102511.632812,36.52,120.85,65.462502,PM2.5,22755
58.200001,95.629997,33.080002,47.450001,1.220000,28.080000,-2.540000,0.040000,274.200012,63.110001,102523.601562,37.15,116.0,79.000000,PM2.5,22980
55.980000,91.680000,32.730000,47.180000,1.200000,28.510000,-2.680000,-0.210000,274.200012,63.509998,102581.578125,37.13,116.17,76.224998,PM2.5,22981
55.480000,90.169998,31.809999,47.169998,1.230000,28.559999,-2.710000,-0.570000,274.160004,64.169998,102613.859375,37.12,116.33,75.599998,PM2.5,22982
54.369999,87.650002,30.719999,46.869999,1.250000,28.559999,-2.710000,-0.900000,274.140015,64.269997,102656.273438,37.1,116.5,74.212502,PM2.5,22983
55.450001,89.260002,32.389999,47.750000,1.330000,26.900000,-2.630000,-1.180000,274.119995,64.699997,102672.250000,37.09,116.67,75.562500,PM2.5,22984
57.389999,92.559998,34.619999,48.630001,1.420000,25.040001,-2.450000,-1.430000,274.079987,65.129997,102688.687500,37.07,116.84,77.987503,PM2.5,22985
56.009998,90.910004,32.889999,47.590000,1.470000,24.700001,-2.290000,-1.590000,274.059998,65.010002,102677.078125,37.06,117.01,76.262497,PM2.5,22986
56.040001,92.089996,33.180000,47.919998,1.540000,23.480000,-2.120000,-1.730000,274.049988,64.980003,102637.476562,37.04,117.18,76.300003,PM2.5,22987
58.070000,96.720001,37.049999,49.820000,1.640000,21.480000,-1.950000,-1.840000,274.059998,65.059998,102694.156250,37.03,117.35,78.837502,PM2.5,22988
61.830002,104.400002,45.209999,53.090000,1.770000,19.209999,-1.790000,-1.890000,274.010010,65.519997,102640.851562,37.01,117.52,83.537506,PM2.5,22989
68.610001,119.110001,61.040001,58.560001,1.980000,16.240000,-1.420000,-1.890000,273.950012,65.739998,102560.539062,37.0,117.69,92.012497,PM2.5,22990
75.529999,136.169998,82.529999,63.110001,2.220000,13.930000,-1.010000,-1.930000,274.010010,66.029999,102666.429688,36.98,117.85,100.662498,PM2.5,22991
78.120003,144.750000,103.889999,64.790001,2.320000,13.110000,-0.760000,-2.070000,274.029999,66.580002,102554.968750,36.96,118.02,103.900002,PM2.5,22992
78.510002,147.720001,108.879997,64.080002,2.310000,13.110000,-0.440000,-2.180000,273.959991,68.169998,102389.437500,36.95,118.19,104.387505,PM2.5,22993
76.000000,139.080002,96.849998,61.520000,2.080000,14.570000,-0.120000,-2.400000,274.079987,69.660004,102415.218750,36.93,118.36,101.250000,PM2.5,22994
69.809998,121.190002,79.769997,57.029999,1.720000,17.660000,0.060000,-2.930000,274.230011,71.239998,102417.820312,36.91,118.53,93.512497,PM2.5,22995
60.189999,96.629997,54.230000,48.700001,1.260000,22.750000,0.360000,-3.570000,274.390015,72.910004,102408.593750,36.9,118.7,81.487495,PM2.5,22996
54.820000,82.879997,42.080002,40.389999,0.980000,28.139999,0.500000,-3.710000,274.700012,75.290001,102410.601562,36.88,118.87,74.775002,PM2.5,22997
49.299999,70.279999,30.950001,31.110001,0.760000,33.480000,0.550000,-4.000000,275.000000,76.519997,102392.179688,36.86,119.03,67.875000,PM2.5,22998
47.279999,67.230003,28.190001,27.870001,0.730000,34.750000,0.650000,-4.210000,275.230011,77.580002,102338.921875,36.84,119.2,65.349998,PM2.5,22999
46.580002,68.250000,29.270000,29.660000,0.770000,33.310001,0.600000,-4.140000,275.480011,78.599998,102371.453125,36.82,119.37,64.475006,PM2.5,23000
46.360001,73.349998,32.279999,33.299999,0.890000,30.430000,0.310000,-3.400000,275.549988,79.330002,102548.328125,36.81,119.54,64.199997,PM2.5,23001
48.400002,82.750000,38.820000,38.639999,1.040000,26.620001,-0.090000,-3.280000,275.429993,78.620003,102508.851562,36.79,119.71,66.750000,PM2.5,23002
45.580002,80.389999,36.000000,38.849998,1.060000,24.730000,-0.190000,-4.170000,275.470001,76.059998,102211.023438,36.77,119.87,65.195000,PM10,23003
42.669998,73.589996,26.150000,36.130001,0.980000,25.670000,-0.170000,-4.290000,275.510010,74.510002,102076.023438,36.75,120.04,61.794998,PM10,23004
43.700001,74.779999,27.750000,35.980000,1.030000,24.629999,-0.140000,-4.380000,275.500000,73.550003,102129.343750,36.73,120.21,62.389999,PM10,23005
44.669998,72.870003,25.219999,34.240002,1.030000,26.139999,0.070000,-4.100000,275.369995,74.360001,102074.390625,36.71,120.38,62.087498,PM2.5,23006
47.130001,74.660004,25.090000,35.529999,1.110000,23.670000,0.370000,-4.170000,275.390015,73.879997,102063.929688,36.69,120.54,65.162498,PM2.5,23007
48.119999,71.839996,21.910000,33.560001,1.070000,26.340000,0.640000,-4.110000,275.510010,74.589996,102208.710938,36.67,120.71,66.400002,PM2.5,23008
54.540001,91.660004,36.730000,49.099998,1.200000,27.030001,-2.030000,0.250000,274.140015,63.220001,102642.523438,37.28,116.01,74.425003,PM2.5,23233
53.220001,90.260002,37.560001,48.619999,1.210000,27.860001,-2.080000,-0.010000,274.140015,63.930000,102683.437500,37.27,116.18,72.775002,PM2.5,23234
51.160000,86.339996,34.470001,46.730000,1.220000,29.490000,-2.160000,-0.310000,274.160004,64.089996,102644.156250,37.25,116.35,70.199997,PM2.5,23235
49.560001,82.599998,30.020000,44.799999,1.240000,30.760000,-2.100000,-0.660000,274.089996,64.660004,102676.976562,37.24,116.52,68.200005,PM2.5,23236
50.320000,83.739998,30.770000,45.130001,1.330000,29.080000,-2.000000,-0.960000,274.089996,64.860001,102702.078125,37.22,116.69,69.150002,PM2.5,23237
52.250000,87.029999,32.590000,45.840000,1.440000,26.900000,-1.920000,-1.220000,274.100006,64.790001,102700.539062,37.21,116.86,71.562500,PM2.5,23238
52.099998,86.680000,30.549999,44.639999,1.520000,26.240000,-1.770000,-1.490000,274.079987,64.879997,102687.132812,37.19,117.03,71.375000,PM2.5,23239
52.520000,87.480003,29.580000,44.720001,1.600000,24.770000,-1.630000,-1.710000,274.059998,64.809998,102645.156250,37.18,117.2,71.900002,PM2.5,23240
54.240002,90.570000,31.459999,46.060001,1.700000,22.730000,-1.460000,-1.900000,274.089996,64.559998,102591.679688,37.16,117.37,74.050003,PM2.5,23241
56.419998,94.660004,35.730000,48.020000,1.780000,20.870001,-1.350000,-1.980000,274.130005,64.169998,102614.812500,37.15,117.54,76.774994,PM2.5,23242
60.180000,103.269997,43.299999,51.599998,1.910000,18.440001,-1.150000,-2.110000,274.160004,64.180000,102728.617188,37.13,117.71,81.474998,PM2.5,23243
63.360001,111.110001,52.049999,54.590000,2.000000,17.000000,-0.920000,-2.260000,274.170013,64.480003,102699.140625,37.11,117.88,85.449997,PM2.5,23244
66.059998,116.989998,65.750000,56.529999,2.030000,16.200001,-0.720000,-2.470000,274.170013,64.870003,102552.601562,37.1,118.04,88.824997,PM2.5,23245
68.540001,123.349998,74.730003,57.580002,2.040000,15.850000,-0.440000,-2.750000,274.250000,65.550003,102517.703125,37.08,118.21,91.925003,PM2.5,23246
68.040001,119.970001,75.349998,57.099998,1.880000,16.770000,-0.200000,-2.950000,274.399994,66.980003,102552.218750,37.06,118.38,91.300003,PM2.5,23247
61.349998,102.349998,64.330002,52.799999,1.490000,19.830000,-0.090000,-3.270000,274.540009,69.160004,102586.562500,37.05,118.55,82.937500,PM2.5,23248
50.439999,75.550003,36.720001,37.930000,0.980000,28.600000,0.080000,-3.760000,274.670013,71.559998,102601.093750,37.03,118.72,69.299995,PM2.5,23249
46.529999,64.910004,25.740000,27.950001,0.750000,34.930000,0.090000,-3.910000,275.010010,74.199997,102554.296875,37.01,118.89,64.412498,PM2.5,23250
40.930000,52.669998,17.190001,20.299999,0.560000,39.959999,0.040000,-4.220000,275.380005,75.349998,102501.320312,37.0,119.06,57.412498,PM2.5,23251
39.590000,51.040001,14.730000,16.910000,0.550000,41.419998,0.090000,-4.480000,275.670013,76.260002,102479.187500,36.98,119.22,55.737499,PM2.5,23252
41.049999,55.599998,18.170000,20.530001,0.630000,39.279999,0.070000,-4.420000,275.880005,77.260002,102507.773438,36.96,119.39,57.562500,PM2.5,23253
42.900002,64.570000,26.260000,29.459999,0.800000,33.730000,-0.170000,-3.670000,275.910004,78.379997,102607.976562,36.94,119.56,59.875000,PM2.5,23254
46.669998,78.900002,39.450001,38.270000,1.020000,27.520000,-0.600000,-3.260000,275.519989,78.879997,102381.531250,36.92,119.73,64.587494,PM2.5,23255
45.509998,79.940002,38.330002,39.250000,1.070000,24.629999,-0.610000,-4.090000,275.209991,77.570000,101668.507812,36.9,119.9,64.970001,PM10,23256
42.480000,71.860001,26.530001,35.720001,0.970000,25.980000,-0.430000,-4.310000,275.130005,76.489998,101318.062500,36.88,120.06,60.930000,PM10,23257
43.930000,74.639999,29.780001,36.320000,1.040000,23.969999,-0.200000,-4.500000,275.309998,74.190002,101657.078125,36.86,120.23,62.320000,PM10,23258
44.939999,73.129997,26.309999,34.490002,1.040000,25.139999,0.150000,-4.360000,275.320007,74.480003,101881.273438,36.85,120.4,62.424999,PM2.5,23259
46.799999,74.519997,26.090000,35.919998,1.120000,22.760000,0.340000,-4.180000,275.429993,74.029999,101941.343750,36.83,120.57,64.750000,PM2.5,23260
47.389999,70.989998,21.719999,33.230000,1.080000,25.760000,0.340000,-4.040000,275.510010,75.290001,101994.117188,36.81,120.74,65.487503,PM2.5,23261
48.810001,70.879997,21.200001,32.080002,1.090000,26.450001,0.430000,-4.040000,275.260010,75.599998,101671.968750,36.79,120.9,67.262505,PM2.5,23262
48.950001,70.739998,22.709999,31.670000,1.110000,25.709999,0.410000,-4.140000,275.829987,75.809998,101585.507812,36.77,121.07,67.437500,PM2.5,23263
47.330002,68.980003,24.290001,30.040001,1.130000,25.590000,0.320000,-4.700000,276.380005,75.980003,102101.992188,36.74,121.24,65.412506,PM2.5,23264
54.799999,99.709999,52.750000,52.270000,1.400000,24.830000,-1.740000,-0.190000,274.100006,64.279999,102619.312500,37.39,116.37,74.854996,PM10,23491
48.000000,84.180000,34.619999,45.680000,1.290000,30.160000,-1.670000,-0.480000,274.070007,64.629997,102607.593750,37.37,116.54,67.089996,PM10,23492
44.790001,77.150002,27.450001,41.770000,1.300000,30.850000,-1.490000,-0.800000,274.019989,65.010002,102609.593750,37.36,116.71,63.575001,PM10,23493
45.520000,78.199997,27.629999,41.480000,1.390000,28.879999,-1.350000,-1.040000,274.010010,65.089996,102578.953125,37.34,116.88,64.099998,PM10,23494
48.330002,82.970001,29.719999,42.279999,1.560000,26.750000,-1.180000,-1.280000,274.010010,65.099998,102598.828125,37.33,117.05,66.662506,PM2.5,23495
49.480000,84.129997,27.950001,42.360001,1.670000,25.160000,-1.030000,-1.500000,274.000000,65.209999,102644.687500,37.31,117.22,68.099998,PM2.5,23496
51.669998,87.220001,28.639999,43.509998,1.770000,23.200001,-0.860000,-1.700000,274.000000,65.459999,102624.460938,37.3,117.39,70.837494,PM2.5,23497
54.290001,91.650002,33.060001,45.889999,1.870000,20.820000,-0.800000,-1.790000,274.070007,64.599998,102564.070312,37.28,117.56,74.112503,PM2.5,23498
56.470001,96.489998,38.720001,48.740002,1.920000,18.690001,-0.760000,-2.040000,274.160004,63.869999,102600.679688,37.27,117.73,76.837502,PM2.5,23499
58.750000,101.580002,45.299999,51.310001,1.950000,17.540001,-0.620000,-2.300000,274.260010,63.650002,102669.812500,37.25,117.9,79.687500,PM2.5,23500
62.619999,109.070000,59.889999,53.869999,2.000000,16.340000,-0.540000,-2.530000,274.350006,63.709999,102654.328125,37.23,118.06,84.525002,PM2.5,23501
66.389999,118.040001,71.110001,55.599998,2.030000,15.680000,-0.400000,-2.900000,274.459991,64.070000,102646.796875,37.22,118.23,89.237503,PM2.5,23502
65.239998,113.540001,72.209999,55.689999,1.830000,16.690001,-0.200000,-3.180000,274.619995,65.099998,102679.070312,37.2,118.4,87.799995,PM2.5,23503
57.730000,94.669998,63.040001,52.599998,1.410000,19.750000,-0.140000,-3.450000,274.760010,67.440002,102712.273438,37.18,118.57,78.412498,PM2.5,23504
44.130001,62.470001,28.459999,29.330000,0.800000,33.169998,-0.130000,-3.910000,274.910004,70.379997,102711.992188,37.16,118.74,61.412502,PM2.5,23505
39.980000,52.259998,17.040001,19.620001,0.600000,39.709999,-0.320000,-4.090000,275.350006,72.949997,102669.976562,37.15,118.91,56.224998,PM2.5,23506
32.709999,39.240002,10.090000,13.010000,0.440000,44.860001,-0.490000,-4.510000,275.839996,73.930000,102650.382812,37.13,119.08,46.728569,PM2.5,23507
31.590000,38.290001,8.120000,10.010000,0.440000,46.209999,-0.410000,-4.790000,276.109985,74.709999,102652.828125,37.11,119.25,45.128571,PM2.5,23508
32.880001,41.570000,9.820000,12.080000,0.480000,44.980000,-0.360000,-4.830000,276.299988,75.419998,102647.718750,37.09,119.42,46.971432,PM2.5,23509
36.410000,50.990002,17.250000,20.930000,0.620000,39.770000,-0.550000,-4.370000,276.369995,76.809998,102673.156250,37.07,119.58,51.762501,PM2.5,23510
42.180000,67.949997,30.740000,33.820000,0.890000,31.000000,-0.960000,-3.780000,275.950012,78.180000,102448.570312,37.06,119.75,58.974998,PM2.5,23511
44.110001,75.769997,35.119999,37.950001,1.040000,25.709999,-0.990000,-3.620000,275.079987,78.870003,101475.429688,37.04,119.92,62.884998,PM10,23512
42.220001,70.230003,26.280001,35.419998,0.970000,26.610001,-0.630000,-4.060000,274.660004,79.190002,100607.906250,37.02,120.09,60.115002,PM10,23513
44.080002,74.989998,32.279999,36.750000,1.050000,23.580000,-0.100000,-4.340000,274.910004,76.750000,100997.117188,37.0,120.26,62.494999,PM10,23514
44.970001,73.290001,27.730000,34.900002,1.050000,24.570000,0.220000,-4.200000,275.220001,75.550003,101582.203125,36.98,120.43,62.462502,PM2.5,23515
45.930000,72.629997,25.040001,34.840000,1.090000,24.150000,0.220000,-4.100000,275.390015,74.440002,101672.609375,36.96,120.59,63.662498,PM2.5,23516
46.740002,70.000000,20.660000,32.490002,1.060000,26.760000,0.210000,-4.150000,275.600006,75.040001,101802.296875,36.94,120.76,64.675003,PM2.5,23517
48.430000,70.650002,19.799999,31.900000,1.090000,27.030001,-0.100000,-3.860000,275.619995,78.150002,101230.226562,36.92,120.93,66.787498,PM2.5,23518
49.189999,71.580002,20.580000,31.850000,1.120000,26.200001,-0.100000,-4.110000,275.739990,79.370003,100677.656250,36.9,121.1,67.737495,PM2.5,23519
47.959999,70.419998,21.370001,31.200001,1.130000,25.629999,0.440000,-4.580000,276.450012,78.279999,101555.953125,36.88,121.26,66.199997,PM2.5,23520
45.900002,67.400002,22.620001,28.680000,1.130000,27.219999,0.590000,-4.680000,276.760010,77.839996,102377.382812,36.86,121.43,63.625000,PM2.5,23521
43.959999,78.760002,30.290001,42.730000,1.260000,31.959999,-1.160000,-0.300000,273.980011,64.330002,102570.617188,37.51,116.56,64.380005,PM10,23749
43.110001,76.400002,27.780001,41.130001,1.330000,30.090000,-1.010000,-0.560000,273.929993,64.559998,102547.750000,37.49,116.73,63.200001,PM10,23750
43.740002,77.379997,27.780001,40.880001,1.430000,27.709999,-0.840000,-0.820000,273.899994,64.699997,102508.296875,37.48,116.9,63.689999,PM10,23751
46.639999,82.620003,30.290001,41.680000,1.630000,25.389999,-0.650000,-1.040000,273.910004,64.919998,102564.968750,37.46,117.07,66.309998,PM10,23752
47.509998,82.970001,27.410000,41.230000,1.730000,24.180000,-0.480000,-1.260000,273.929993,65.059998,102636.609375,37.45,117.24,66.485001,PM10,23753
49.430000,85.209999,26.629999,41.759998,1.840000,23.040001,-0.350000,-1.450000,273.940002,65.250000,102640.500000,37.43,117.41,68.037498,PM2.5,23754
52.169998,89.400002,30.150000,44.220001,1.940000,20.650000,-0.280000,-1.560000,274.040009,65.029999,102635.093750,37.42,117.58,71.462494,PM2.5,23755
52.480000,88.800003,33.389999,46.099998,1.850000,19.139999,-0.250000,-1.730000,274.079987,64.709999,102647.437500,37.4,117.75,71.849998,PM2.5,23756
53.470001,89.879997,37.990002,48.299999,1.790000,18.610001,-0.290000,-2.050000,274.220001,63.950001,102640.953125,37.38,117.92,73.087502,PM2.5,23757
57.900002,98.120003,52.650002,51.340000,1.860000,17.049999,-0.360000,-2.430000,274.420013,63.389999,102633.882812,37.37,118.09,78.625000,PM2.5,23758
63.490002,111.160004,67.519997,53.910000,1.940000,15.780000,-0.320000,-2.870000,274.579987,63.470001,102674.343750,37.35,118.26,85.612503,PM2.5,23759
62.380001,107.080002,70.190002,54.560001,1.760000,16.629999,-0.180000,-3.180000,274.720001,64.290001,102734.156250,37.33,118.42,84.224998,PM2.5,23760
55.869999,91.080002,66.760002,53.880001,1.390000,18.809999,-0.110000,-3.440000,274.880005,66.279999,102766.281250,37.32,118.59,76.087502,PM2.5,23761
39.110001,53.029999,23.920000,23.740000,0.670000,36.160000,-0.240000,-3.930000,275.019989,69.330002,102761.406250,37.3,118.76,55.137501,PM2.5,23762
41.270000,67.489998,28.520000,34.230000,0.940000,28.610001,-1.190000,-3.210000,275.350006,78.760002,101847.406250,37.17,119.94,58.744999,PM10,23763
42.230000,69.260002,26.940001,35.840000,0.970000,26.990000,-0.800000,-3.550000,274.690002,80.190002,100748.953125,37.15,120.11,59.630001,PM10,23764
44.610001,75.910004,34.970001,37.619999,1.070000,22.570000,-0.110000,-3.950000,274.619995,78.720001,100630.882812,37.13,120.28,62.955002,PM10,23765
45.230000,73.379997,28.930000,35.250000,1.060000,24.690001,0.140000,-3.850000,274.959991,77.019997,101099.117188,37.11,120.45,62.787498,PM2.5,23766
45.540001,70.260002,22.639999,32.820000,1.040000,27.129999,0.090000,-3.950000,275.170013,75.550003,101188.671875,37.09,120.62,63.175003,PM2.5,23767
46.570000,69.029999,19.750000,31.719999,1.030000,27.670000,0.120000,-4.100000,275.359985,76.150002,101208.656250,37.07,120.79,64.462502,PM2.5,23768
48.279999,70.300003,19.600000,31.770000,1.070000,27.330000,0.020000,-3.910000,275.329987,77.779999,100983.109375,37.05,120.95,66.599998,PM2.5,23769
49.250000,72.550003,21.270000,32.299999,1.120000,25.740000,0.250000,-3.930000,275.269989,80.089996,100641.406250,37.03,121.12,67.812500,PM2.5,23770
48.230000,71.519997,21.190001,32.110001,1.100000,25.120001,0.660000,-4.260000,275.980011,79.260002,101166.507812,37.01,121.29,66.537498,PM2.5,23771
46.119999,67.989998,20.139999,29.590000,1.080000,27.879999,0.540000,-4.580000,276.619995,79.870003,101767.671875,36.99,121.46,63.899998,PM2.5,23772
44.139999,63.439999,19.040001,26.639999,1.030000,31.100000,0.470000,-4.700000,276.989990,81.489998,101807.171875,36.97,121.63,61.424999,PM2.5,23773
42.000000,57.220001,16.559999,21.600000,0.900000,35.009998,0.640000,-5.210000,277.260010,81.769997,102218.218750,36.95,121.79,58.750000,PM2.5,23774
43.750000,58.540001,34.509998,31.860001,0.910000,28.490000,0.450000,-4.930000,278.309998,84.250000,102373.890625,36.88,122.3,60.937500,PM2.5,23775
42.860001,77.699997,28.870001,41.230000,1.400000,27.830000,-0.660000,-0.450000,273.890015,63.049999,102582.531250,37.63,116.75,63.849998,PM10,24004
43.790001,79.879997,29.770000,41.689999,1.540000,24.980000,-0.480000,-0.690000,273.839996,63.209999,102588.531250,37.61,116.92,64.940002,PM10,24005
45.689999,83.150002,30.620001,41.880001,1.700000,23.080000,-0.280000,-0.900000,273.820007,63.639999,102647.679688,37.6,117.09,66.574997,PM10,24006
46.950001,84.629997,28.830000,42.090000,1.820000,21.809999,-0.090000,-1.090000,273.850006,63.840000,102668.226562,37.58,117.26,67.315002,PM10,24007
49.160000,87.639999,27.770000,42.490002,1.940000,21.170000,0.060000,-1.240000,273.899994,64.480003,102649.179688,37.57,117.43,68.820000,PM10,24008
50.770000,89.150002,25.830000,43.320000,1.980000,20.270000,0.210000,-1.380000,273.950012,65.010002,102669.640625,37.55,117.6,69.712502,PM2.5,24009
49.360001,83.180000,25.740000,43.349998,1.770000,20.260000,0.240000,-1.430000,274.040009,65.199997,102697.156250,37.54,117.77,67.949997,PM2.5,24010
49.860001,82.349998,28.549999,45.259998,1.680000,20.520000,0.060000,-1.590000,274.149994,64.550003,102667.039062,37.52,117.94,68.574997,PM2.5,24011
51.799999,84.639999,35.310001,47.619999,1.610000,19.980000,-0.110000,-2.040000,274.359985,63.799999,102643.781250,37.5,118.11,71.000000,PM2.5,24012
54.619999,90.529999,42.820000,49.020000,1.600000,19.420000,-0.120000,-2.580000,274.579987,63.549999,102681.921875,37.49,118.28,74.525002,PM2.5,24013
53.490002,86.540001,46.959999,49.689999,1.430000,20.350000,-0.120000,-3.020000,274.769989,64.110001,102743.250000,37.47,118.45,73.112503,PM2.5,24014
49.130001,76.099998,48.750000,48.650002,1.170000,22.389999,-0.080000,-3.340000,274.920013,65.900002,102756.960938,37.45,118.62,67.662498,PM2.5,24015
33.910000,43.590000,16.200001,17.770000,0.550000,39.130001,-0.340000,-3.800000,275.100006,68.459999,102736.531250,37.43,118.78,48.442856,PM2.5,24016
37.820000,56.060001,19.590000,26.920000,0.760000,34.480000,-1.180000,-3.660000,276.010010,77.330002,102389.023438,37.31,119.97,53.525002,PM2.5,24017
42.439999,68.279999,28.760000,36.740002,0.960000,27.150000,-0.900000,-3.140000,275.220001,79.059998,101540.906250,37.29,120.14,59.299999,PM2.5,24018
45.450001,76.400002,37.779999,38.680000,1.090000,22.180000,-0.290000,-3.500000,274.790009,78.980003,100899.773438,37.27,120.31,63.200001,PM10,24019
45.959999,73.660004,29.930000,35.900002,1.060000,24.670000,-0.030000,-3.520000,274.839996,78.150002,100840.796875,37.25,120.47,63.699997,PM2.5,24020
46.259998,70.419998,22.860001,33.130001,1.030000,27.209999,-0.010000,-3.830000,275.029999,76.230003,100834.468750,37.23,120.64,64.074997,PM2.5,24021
47.220001,69.480003,20.129999,32.099998,1.030000,27.799999,0.260000,-3.880000,275.010010,77.830002,100618.390625,37.21,120.81,65.275002,PM2.5,24022
48.799999,71.000000,20.020000,32.480000,1.060000,26.820000,0.490000,-3.610000,275.070007,79.720001,100560.570312,37.19,120.98,67.250000,PM2.5,24023
49.650002,73.769997,22.200001,33.029999,1.110000,24.930000,0.640000,-3.520000,275.299988,80.959999,100597.968750,37.17,121.15,68.312500,PM2.5,24024
48.639999,73.330002,22.840000,33.619999,1.100000,23.280001,0.830000,-3.740000,275.709991,81.339996,100720.656250,37.15,121.32,67.050003,PM2.5,24025
46.450001,69.250000,19.930000,30.389999,1.050000,27.680000,0.860000,-4.100000,276.079987,82.150002,101083.429688,37.13,121.48,64.312500,PM2.5,24026
44.189999,63.169998,15.850000,25.530001,0.940000,34.220001,0.830000,-4.590000,276.529999,83.190002,101284.976562,37.1,121.65,61.487499,PM2.5,24027
42.180000,57.220001,14.020000,22.299999,0.840000,37.840000,0.830000,-4.950000,277.209991,83.949997,101814.023438,37.08,121.82,58.974998,PM2.5,24028
43.490002,59.869999,25.620001,32.000000,0.990000,28.580000,0.780000,-4.840000,277.640015,83.290001,102381.789062,37.06,121.99,60.612503,PM2.5,24029
44.529999,61.160000,33.060001,36.520000,1.040000,25.490000,0.600000,-4.850000,277.970001,84.360001,102392.562500,37.04,122.16,61.912498,PM2.5,24030
42.810001,57.660000,33.020000,33.730000,0.930000,29.020000,0.430000,-4.890000,278.660004,83.540001,102305.468750,37.02,122.32,59.762501,PM2.5,24031
35.040001,45.709999,18.969999,18.520000,0.620000,43.720001,0.410000,-5.090000,279.269989,83.699997,102359.500000,37.0,122.49,50.050003,PM2.5,24032
43.020000,76.860001,27.110001,40.180000,1.430000,25.540001,-0.500000,-0.390000,273.910004,60.520000,102631.468750,37.76,116.77,63.430000,PM10,24261
43.490002,78.339996,27.719999,40.770000,1.540000,22.620001,-0.260000,-0.680000,273.829987,60.430000,102654.226562,37.75,116.94,64.169998,PM10,24262
45.150002,81.620003,28.850000,41.430000,1.700000,20.840000,-0.070000,-0.900000,273.829987,60.590000,102700.968750,37.73,117.11,65.809998,PM10,24263
45.869999,82.570000,27.190001,42.110001,1.780000,19.959999,0.170000,-1.100000,273.850006,61.020000,102709.742188,37.72,117.28,66.285004,PM10,24264
47.900002,85.669998,26.280001,42.889999,1.900000,19.790001,0.410000,-1.130000,273.929993,62.419998,102699.750000,37.7,117.45,67.834999,PM10,24265
49.540001,86.879997,24.270000,43.759998,1.920000,19.639999,0.540000,-1.240000,274.000000,63.730000,102719.437500,37.69,117.62,68.440002,PM10,24266
47.279999,78.660004,21.840000,42.070000,1.650000,20.990000,0.540000,-1.230000,274.059998,64.989998,102753.546875,37.67,117.79,65.349998,PM2.5,24267
46.419998,75.099998,21.580000,41.230000,1.530000,22.980000,0.340000,-1.130000,274.160004,64.870003,102752.507812,37.65,117.96,64.274994,PM2.5,24268
46.099998,72.389999,21.809999,41.500000,1.360000,24.540001,0.070000,-1.570000,274.359985,64.110001,102734.429688,37.64,118.13,63.875000,PM2.5,24269
45.119999,69.209999,19.389999,37.880001,1.210000,27.030001,-0.000000,-2.160000,274.559998,63.959999,102721.039062,37.62,118.3,62.649998,PM2.5,24270
43.080002,63.169998,19.750000,34.939999,1.020000,29.020000,-0.090000,-2.800000,274.779999,64.160004,102720.632812,37.6,118.47,60.100002,PM2.5,24271
39.209999,54.119999,19.209999,29.549999,0.800000,32.740002,-0.090000,-3.220000,274.940002,66.129997,102688.898438,37.59,118.64,55.262497,PM2.5,24272
32.599998,41.410000,13.050000,16.990000,0.530000,38.970001,-0.320000,-3.650000,275.140015,67.500000,102660.500000,37.57,118.81,46.571426,PM2.5,24273
41.320000,63.200001,28.160000,35.580002,0.880000,28.799999,-1.010000,-3.540000,275.880005,77.400002,102130.710938,37.42,120.16,57.900002,PM2.5,24274
46.810001,77.230003,40.730000,39.849998,1.100000,21.610001,-0.520000,-3.260000,275.079987,78.519997,101251.726562,37.4,120.33,64.762505,PM2.5,24275
46.790001,73.730003,30.950001,36.720001,1.060000,24.889999,-0.260000,-3.310000,274.690002,79.410004,100455.750000,37.38,120.5,64.737503,PM2.5,24276
47.209999,70.470001,23.639999,33.419998,1.020000,27.520000,0.060000,-3.620000,274.720001,77.870003,100286.218750,37.36,120.67,65.262497,PM2.5,24277
48.130001,70.070000,21.420000,32.689999,1.020000,27.809999,0.700000,-3.500000,274.989990,77.900002,100596.421875,37.34,120.84,66.412498,PM2.5,24278
49.540001,71.589996,21.320000,33.189999,1.040000,26.760000,1.080000,-3.190000,275.100006,79.239998,100711.773438,37.32,121.01,68.175003,PM2.5,24279
50.150002,74.660004,24.110001,34.099998,1.080000,24.590000,1.230000,-2.820000,275.420013,80.639999,100768.601562,37.3,121.17,68.937500,PM2.5,24280
48.970001,75.570000,25.350000,36.230000,1.110000,20.629999,1.360000,-2.810000,275.959991,80.669998,101197.882812,37.28,121.34,67.462502,PM2.5,24281
46.400002,70.400002,21.549999,31.930000,1.030000,27.150000,1.210000,-3.100000,276.119995,83.040001,101234.843750,37.26,121.51,64.250000,PM2.5,24282
44.040001,63.509998,16.670000,25.879999,0.910000,35.650002,1.000000,-3.880000,276.209991,86.290001,100754.460938,37.24,121.68,61.300003,PM2.5,24283
41.639999,55.820000,13.320000,21.150000,0.770000,41.480000,0.750000,-4.210000,276.850006,86.769997,101201.960938,37.22,121.85,58.299999,PM2.5,24284
41.970001,58.060001,22.639999,31.490000,0.920000,31.980000,0.570000,-4.440000,277.519989,85.440002,101867.960938,37.2,122.02,58.712502,PM2.5,24285
41.689999,57.169998,25.850000,32.849998,0.920000,31.719999,0.480000,-4.450000,277.910004,86.250000,101718.726562,37.17,122.18,58.362499,PM2.5,24286
40.810001,54.689999,27.299999,30.480000,0.850000,34.349998,0.580000,-4.600000,278.329987,85.029999,101754.343750,37.15,122.35,57.262501,PM2.5,24287
46.000000,80.779999,25.450001,42.200001,1.640000,18.549999,0.300000,-1.290000,273.989990,57.189999,102695.250000,37.85,117.3,65.389999,PM10,24523
47.470001,82.919998,25.290001,43.700001,1.720000,18.700001,0.630000,-1.120000,274.040009,59.619999,102732.773438,37.84,117.47,66.459999,PM10,24524
48.310001,82.529999,24.830000,44.980000,1.700000,18.959999,0.830000,-1.150000,274.079987,62.240002,102791.210938,37.82,117.64,66.637505,PM2.5,24525
45.320000,73.080002,20.299999,41.160000,1.420000,22.290001,0.820000,-1.080000,274.100006,64.379997,102796.000000,37.8,117.81,62.900002,PM2.5,24526
44.160000,69.059998,19.049999,36.820000,1.310000,25.469999,0.470000,-0.730000,274.230011,64.570000,102763.687500,37.79,117.98,61.450001,PM2.5,24527
43.669998,66.830002,18.730000,36.400002,1.190000,27.610001,0.080000,-1.160000,274.410004,63.990002,102730.578125,37.77,118.15,60.837498,PM2.5,24528
43.250000,65.570000,17.430000,34.470001,1.100000,29.010000,-0.040000,-1.700000,274.549988,64.470001,102686.078125,37.75,118.32,60.312500,PM2.5,24529
40.970001,59.380001,18.420000,32.299999,0.930000,30.730000,-0.120000,-2.450000,274.779999,64.449997,102660.843750,37.74,118.49,57.462502,PM2.5,24530
37.049999,50.639999,17.500000,26.879999,0.730000,34.520000,-0.160000,-3.160000,275.149994,66.500000,102637.000000,37.72,118.66,52.562500,PM2.5,24531
32.189999,41.570000,14.200000,18.670000,0.550000,38.169998,-0.410000,-3.520000,275.239990,66.489998,102639.210938,37.7,118.83,45.985714,PM2.5,24532
46.200001,72.959999,39.910000,40.230000,1.040000,22.980000,-0.650000,-3.100000,275.500000,77.639999,101649.062500,37.54,120.35,64.000000,PM2.5,24533
47.290001,72.970001,31.000000,37.450001,1.050000,25.910000,-0.290000,-2.920000,274.820007,79.980003,100512.687500,37.52,120.52,65.362503,PM2.5,24534
48.139999,70.870003,24.540001,34.110001,1.020000,27.629999,0.380000,-3.110000,274.709991,78.860001,100376.421875,37.5,120.69,66.425003,PM2.5,24535
49.310001,70.400002,22.290001,33.139999,1.000000,28.160000,1.210000,-3.060000,275.290009,76.820000,101005.656250,37.48,120.86,67.887505,PM2.5,24536
50.430000,71.750000,22.230000,33.500000,1.010000,27.490000,1.690000,-2.700000,275.640015,77.230003,101417.296875,37.46,121.03,69.287498,PM2.5,24537
49.790001,75.370003,27.139999,36.000000,1.060000,23.530001,1.820000,-2.290000,276.290009,78.199997,101787.062500,37.44,121.2,68.487503,PM2.5,24538
48.099998,77.720001,29.809999,40.439999,1.100000,17.290001,1.700000,-2.090000,276.940002,77.930000,102297.351562,37.41,121.37,66.375000,PM2.5,24539
44.900002,69.989998,23.809999,33.130001,0.960000,28.350000,1.320000,-2.280000,276.920013,80.870003,102061.132812,37.39,121.54,62.375000,PM2.5,24540
42.349998,60.930000,17.020000,24.910000,0.800000,39.279999,1.000000,-3.000000,276.829987,84.910004,101359.023438,37.37,121.71,59.187500,PM2.5,24541
39.939999,53.000000,12.770000,18.559999,0.670000,45.889999,0.510000,-3.620000,277.149994,87.199997,101319.117188,37.35,121.87,56.174999,PM2.5,24542
40.529999,56.259998,21.160000,29.780001,0.830000,36.099998,0.450000,-3.720000,277.160004,87.940002,101365.882812,37.33,122.04,56.912498,PM2.5,24543
37.669998,50.310001,17.620001,24.150000,0.720000,42.459999,0.640000,-3.580000,277.649994,87.989998,101107.078125,37.31,122.21,53.337498,PM2.5,24544
37.180000,48.730000,17.790001,21.110001,0.660000,44.869999,0.860000,-3.760000,278.209991,86.879997,101318.210938,37.29,122.38,52.724998,PM2.5,24545
33.740002,42.549999,12.330000,12.750000,0.530000,48.439999,1.400000,-4.070000,278.720001,83.959999,102146.429688,37.26,122.55,48.200001,PM2.5,24546
46.049999,73.930000,24.150000,45.830002,1.370000,18.950001,1.060000,-0.990000,274.179993,61.099998,102794.156250,37.96,117.66,63.812500,PM2.5,24785
42.990002,64.839996,19.209999,39.299999,1.120000,24.299999,0.940000,-0.910000,274.250000,63.830002,102782.812500,37.94,117.83,59.987503,PM2.5,24786
41.750000,60.880001,16.590000,31.860001,1.000000,28.520000,0.370000,-0.500000,274.440002,63.950001,102733.500000,37.92,118.0,58.437500,PM2.5,24787
40.380001,58.490002,15.020000,28.980000,0.920000,31.450001,-0.010000,-0.790000,274.510010,63.740002,102698.343750,37.91,118.17,56.725002,PM2.5,24788
39.700001,57.500000,14.830000,27.250000,0.840000,33.189999,-0.100000,-1.240000,274.589996,64.910004,102687.773438,37.89,118.34,55.875000,PM2.5,24789
37.610001,52.740002,16.920000,26.860001,0.740000,34.240002,-0.160000,-1.970000,274.760010,65.000000,102696.039062,37.87,118.51,53.262501,PM2.5,24790
34.880001,47.470001,16.850000,24.500000,0.650000,37.209999,-0.230000,-2.950000,275.420013,66.800003,102693.203125,37.85,118.68,49.828571,PM2.5,24791
32.160000,42.520000,16.340000,21.139999,0.570000,37.400002,-0.620000,-3.440000,275.380005,65.260002,102704.039062,37.84,118.85,45.942856,PM2.5,24792
43.139999,62.410000,29.540001,35.830002,0.890000,28.100000,-0.540000,-3.570000,276.339996,75.129997,102427.312500,37.67,120.38,60.174999,PM2.5,24793
46.459999,67.120003,26.389999,34.830002,0.960000,29.820000,-0.210000,-2.950000,275.839996,76.889999,101822.281250,37.65,120.55,64.324997,PM2.5,24794
49.090000,69.330002,23.830000,33.400002,0.990000,29.320000,0.470000,-2.560000,275.459991,76.879997,101406.523438,37.63,120.72,67.612503,PM2.5,24795
50.549999,69.680000,22.200001,32.630001,0.960000,29.570000,1.300000,-2.630000,275.660004,75.839996,101403.656250,37.61,120.89,69.437500,PM2.5,24796
50.610001,69.709999,21.920000,32.410000,0.940000,29.770000,1.580000,-2.490000,276.269989,75.580002,101812.320312,37.59,121.06,69.512497,PM2.5,24797
45.369999,70.440002,31.590000,39.070000,0.980000,22.070000,1.090000,-2.520000,277.769989,74.389999,102445.718750,37.57,121.23,62.962498,PM2.5,24798
40.279999,70.660004,37.669998,45.610001,1.030000,15.110000,0.730000,-2.320000,278.140015,74.769997,102552.898438,37.55,121.39,60.330002,PM10,24799
37.029999,52.480000,21.910000,28.260000,0.720000,40.619999,0.450000,-3.040000,277.579987,86.820000,101601.679688,37.46,122.07,52.537498,PM2.5,24800
32.639999,43.130001,12.230000,15.720000,0.540000,52.419998,0.890000,-3.210000,278.549988,84.620003,101781.000000,37.44,122.24,46.628571,PM2.5,24801
31.709999,38.990002,7.920000,7.640000,0.450000,54.580002,1.400000,-3.180000,279.390015,83.459999,102374.343750,37.4,122.58,45.299999,PM2.5,24802
40.119999,56.790001,21.090000,38.389999,0.810000,25.160000,0.870000,-0.860000,274.589996,63.000000,102753.859375,38.07,117.85,56.399998,PM2.5,25044
38.669998,52.869999,18.879999,30.190001,0.720000,29.270000,0.140000,-0.550000,274.760010,64.019997,102739.250000,38.06,118.02,54.587498,PM2.5,25045
37.290001,49.220001,15.930000,25.120001,0.650000,33.220001,-0.110000,-0.580000,274.769989,63.750000,102736.703125,38.04,118.19,52.862503,PM2.5,25046
36.470001,47.000000,14.340000,21.150000,0.590000,36.750000,-0.140000,-0.960000,274.829987,65.099998,102763.226562,38.02,118.36,51.837502,PM2.5,25047
31.129999,39.360001,13.660000,19.049999,0.510000,37.660000,-0.350000,-2.600000,275.029999,63.450001,102728.421875,37.99,118.7,44.471428,PM2.5,25048
28.350000,35.669998,12.920000,16.370001,0.470000,39.980000,-0.670000,-3.490000,275.579987,63.380001,102749.281250,37.97,118.87,40.500000,PM2.5,25049
48.750000,64.279999,19.700001,30.580000,0.930000,33.669998,0.250000,-2.790000,276.239990,74.279999,102061.023438,37.76,120.74,67.187500,PM2.5,25050
50.830002,66.760002,20.059999,31.639999,0.930000,31.990000,0.960000,-2.470000,276.170013,74.540001,101881.750000,37.74,120.91,69.787506,PM2.5,25051
