PM2.5(微克每立方米),PM10(微克每立方米),SO2(微克每立方米),NO2(微克每立方米),CO(毫克每立方米),O3(微克每立方米),U(m/s),V(m/s),TEMP(K),RH(%),PSFC(Pa),lat,lon,AQI,Major pollutants,id
22.840000,29.590000,7.110000,3.220000,0.450000,82.739998,8.920000,3.760000,290.799988,45.400002,89125.773438,24.7,104.63,32.628571,PM2.5,2423
22.700001,30.209999,6.890000,3.340000,0.470000,79.820000,9.680000,4.690000,290.109985,47.369999,88683.000000,24.7,104.78,32.428574,PM2.5,2424
51.130001,72.709999,7.280000,9.540000,0.670000,76.019997,0.620000,8.980000,289.029999,52.430000,92621.382812,24.7,105.96,70.162498,PM2.5,2432
22.520000,30.320000,7.580000,3.370000,0.470000,80.820000,10.230000,3.340000,287.489990,51.970001,84686.039062,24.84,104.63,32.171429,PM2.5,2568
22.129999,30.340000,7.340000,3.320000,0.480000,79.410004,11.280000,5.010000,287.690002,52.070000,85153.078125,24.84,104.78,31.614285,PM2.5,2569
21.340000,29.980000,7.090000,3.410000,0.490000,78.239998,11.120000,6.850000,290.170013,46.700001,88328.671875,24.84,104.93,30.485714,PM2.5,2570
27.400000,42.560001,6.700000,6.630000,0.550000,73.779999,5.970000,4.580000,291.029999,44.650002,91274.976562,24.84,105.52,42.560001,PM10,2574
34.939999,52.880001,6.820000,8.210000,0.600000,73.410004,4.370000,6.260000,289.369995,48.709999,91029.437500,24.84,105.67,51.440002,PM10,2575
38.320000,55.509998,7.150000,8.200000,0.590000,76.500000,3.670000,7.870000,288.500000,51.680000,91056.898438,24.84,105.82,54.150002,PM2.5,2576
42.130001,61.139999,7.370000,8.960000,0.620000,78.800003,2.660000,8.590000,288.649994,52.230000,91847.007812,24.83,105.97,58.912502,PM2.5,2577
35.310001,48.110001,6.890000,6.140000,0.500000,81.839996,2.030000,9.540000,289.940002,48.369999,92852.343750,24.83,106.11,50.387501,PM2.5,2578
22.520000,31.670000,8.330000,3.620000,0.490000,79.470001,13.960000,5.150000,285.880005,55.439999,82657.976562,24.97,104.78,32.171429,PM2.5,2714
21.180000,30.709999,8.570000,3.780000,0.500000,77.790001,12.310000,5.840000,289.140015,47.549999,86381.867188,24.97,104.93,30.709999,PM10,2715
20.440001,30.280001,7.830000,3.890000,0.480000,76.010002,9.430000,6.160000,291.059998,44.259998,89320.406250,24.97,105.07,30.280001,PM10,2716
21.020000,32.110001,7.640000,5.090000,0.470000,74.849998,6.090000,4.630000,290.600006,46.209999,90304.679688,24.97,105.37,32.110001,PM10,2718
23.170000,35.779999,7.330000,5.970000,0.490000,76.269997,5.930000,5.130000,288.269989,51.209999,87929.296875,24.97,105.52,35.779999,PM10,2719
25.889999,38.910000,7.110000,6.780000,0.500000,77.879997,6.710000,6.880000,287.700012,52.320000,88159.742188,24.97,105.67,38.910000,PM10,2720
28.629999,43.669998,7.040000,7.210000,0.510000,77.660004,5.820000,8.190000,288.709991,49.779999,90540.250000,24.97,105.82,43.669998,PM10,2721
31.670000,48.330002,7.400000,8.240000,0.550000,81.250000,3.600000,7.720000,289.420013,48.959999,92273.000000,24.97,105.97,48.330002,PM10,2722
30.480000,45.980000,7.220000,7.380000,0.510000,83.709999,2.830000,6.900000,290.260010,47.470001,93710.210938,24.97,106.12,45.980000,PM10,2723
22.719999,33.040001,10.060000,4.210000,0.540000,79.379997,15.240000,5.930000,286.890015,52.299999,83680.921875,25.11,104.78,33.040001,PM10,2859
21.639999,33.000000,12.130000,4.830000,0.570000,76.940002,12.270000,4.820000,289.260010,46.380001,86328.343750,25.11,104.93,33.000000,PM10,2860
21.049999,32.939999,11.230000,4.830000,0.540000,75.000000,9.090000,4.640000,289.380005,46.900002,87099.859375,25.11,105.07,32.939999,PM10,2861
20.780001,32.650002,10.030000,4.910000,0.500000,74.709999,7.320000,4.970000,289.179993,48.209999,87761.093750,25.11,105.22,32.650002,PM10,2862
21.180000,33.040001,9.070000,5.230000,0.480000,74.540001,6.830000,5.940000,288.320007,51.020000,87459.531250,25.11,105.37,33.040001,PM10,2863
22.219999,34.419998,8.290000,5.570000,0.470000,75.879997,8.450000,7.790000,287.100006,53.619999,86019.882812,25.11,105.52,34.419998,PM10,2864
22.799999,33.590000,7.630000,5.660000,0.450000,80.709999,8.050000,7.550000,288.709991,49.009998,87801.101562,25.11,105.67,33.590000,PM10,2865
24.230000,35.849998,7.340000,6.420000,0.460000,81.169998,4.660000,7.050000,290.350006,45.090000,91295.421875,25.1,105.82,35.849998,PM10,2866
27.290001,42.090000,7.590000,7.630000,0.500000,83.529999,1.860000,6.060000,290.279999,45.709999,93026.000000,25.1,105.97,42.090000,PM10,2867
28.610001,45.299999,7.950000,8.110000,0.500000,85.199997,1.800000,4.790000,289.420013,48.639999,92942.242188,25.1,106.12,45.299999,PM10,2868
29.330000,46.380001,7.400000,7.960000,0.490000,85.889999,4.120000,4.660000,288.910004,49.790001,92188.421875,25.1,106.27,46.380001,PM10,2869
29.180000,45.169998,6.970000,7.420000,0.480000,85.379997,4.870000,5.290000,289.850006,47.090000,92816.046875,25.1,106.42,45.169998,PM10,2870
28.209999,41.599998,6.940000,6.560000,0.460000,85.900002,2.680000,4.560000,291.019989,44.980000,94330.453125,25.1,106.56,41.599998,PM10,2871
22.940001,35.580002,13.730000,5.740000,0.590000,75.860001,11.060000,4.420000,289.290009,46.139999,86428.828125,25.24,104.93,35.580002,PM10,3005
22.610001,35.580002,12.660000,5.580000,0.550000,74.730003,9.700000,5.070000,288.089996,49.320000,85513.046875,25.24,105.07,35.580002,PM10,3006
22.070000,34.700001,11.250000,5.430000,0.500000,74.550003,9.400000,6.110000,287.660004,50.750000,85504.296875,25.24,105.22,34.700001,PM10,3007
21.650000,33.810001,9.970000,5.390000,0.470000,74.809998,9.070000,7.210000,287.880005,50.840000,86297.656250,25.24,105.37,33.810001,PM10,3008
21.629999,33.360001,8.900000,5.350000,0.450000,76.599998,10.100000,8.590000,288.320007,49.680000,86858.929688,25.24,105.52,33.360001,PM10,3009
21.290001,32.470001,8.160000,5.690000,0.440000,78.199997,8.010000,7.480000,290.369995,44.700001,89297.773438,25.24,105.67,32.470001,PM10,3010
22.260000,33.779999,7.580000,6.490000,0.450000,80.690002,2.730000,6.520000,290.690002,43.900002,91889.179688,25.24,105.82,33.779999,PM10,3011
24.639999,38.070000,7.850000,7.290000,0.470000,85.860001,0.330000,6.160000,289.149994,47.150002,91504.117188,25.24,105.97,38.070000,PM10,3012
26.910000,42.650002,8.330000,8.150000,0.470000,87.570000,1.490000,5.710000,287.079987,53.380001,89584.453125,25.24,106.12,42.650002,PM10,3013
28.010000,44.869999,7.530000,8.150000,0.470000,87.989998,4.380000,6.460000,286.299988,56.029999,88688.257812,25.24,106.27,44.869999,PM10,3014
28.080000,44.830002,7.060000,7.970000,0.470000,88.010002,5.180000,5.960000,288.029999,51.180000,90533.812500,25.23,106.42,44.830002,PM10,3015
26.820000,41.639999,7.010000,7.420000,0.460000,89.239998,2.880000,3.900000,290.290009,46.439999,93908.343750,25.23,106.57,41.639999,PM10,3016
26.740000,37.220001,6.820000,5.420000,0.420000,87.680000,0.850000,6.250000,290.640015,48.040001,94723.523438,25.23,106.72,38.200001,PM2.5,3017
28.430000,38.630001,6.480000,5.230000,0.420000,83.879997,0.210000,9.870000,289.059998,55.680000,93591.289062,25.23,106.87,40.614285,PM2.5,3018
29.549999,36.200001,5.410000,3.360000,0.450000,79.150002,1.230000,9.540000,285.970001,73.169998,91981.000000,25.21,107.76,42.214283,PM2.5,3024
31.480000,38.490002,5.590000,3.920000,0.490000,76.669998,0.490000,9.340000,285.920013,72.110001,92440.820312,25.21,107.91,44.971428,PM2.5,3025
25.100000,35.650002,11.190000,6.050000,0.510000,78.410004,15.930000,4.260000,286.470001,51.430000,82634.382812,25.38,104.63,35.857143,PM2.5,3148
24.160000,35.360001,11.400000,6.090000,0.540000,76.760002,13.340000,3.890000,288.200012,47.430000,84615.226562,25.38,104.78,35.360001,PM10,3149
24.209999,36.520000,12.320000,6.280000,0.560000,75.050003,10.920000,4.590000,288.100006,48.259998,84971.210938,25.38,104.93,36.520000,PM10,3150
24.010000,36.709999,12.210000,6.180000,0.540000,74.830002,10.550000,6.030000,287.209991,50.849998,84299.046875,25.38,105.07,36.709999,PM10,3151
23.120001,35.450001,11.350000,5.920000,0.490000,75.459999,10.660000,7.010000,287.700012,49.689999,85039.148438,25.38,105.22,35.450001,PM10,3152
22.340000,34.180000,10.490000,5.770000,0.470000,75.849998,10.190000,7.470000,288.309998,48.639999,86168.390625,25.38,105.37,34.180000,PM10,3153
21.950001,33.330002,9.710000,5.700000,0.450000,76.959999,10.430000,7.940000,288.470001,48.509998,86583.773438,25.38,105.52,33.330002,PM10,3154
20.840000,31.879999,8.890000,6.030000,0.440000,78.160004,7.350000,7.200000,290.380005,44.230000,89340.546875,25.38,105.67,31.879999,PM10,3155
20.740000,31.990000,7.930000,6.470000,0.430000,82.379997,2.180000,7.180000,290.700012,43.330002,92099.882812,25.37,105.82,31.990000,PM10,3156
22.320000,35.099998,7.710000,6.850000,0.440000,86.320000,1.120000,8.820000,289.019989,46.509998,90527.921875,25.37,105.97,35.099998,PM10,3157
24.290001,38.070000,7.840000,7.350000,0.430000,90.680000,3.340000,8.580000,286.480011,54.009998,87731.523438,25.37,106.12,38.070000,PM10,3158
25.889999,41.799999,7.260000,7.660000,0.450000,90.820000,5.610000,9.690000,285.950012,56.740002,87475.382812,25.37,106.27,41.799999,PM10,3159
25.889999,41.410000,7.090000,7.740000,0.450000,93.760002,4.150000,7.630000,287.869995,51.650002,89712.062500,25.37,106.42,41.410000,PM10,3160
25.900000,41.209999,7.240000,7.560000,0.440000,92.360001,1.080000,4.570000,289.040009,50.250000,92723.117188,25.37,106.57,41.209999,PM10,3161
25.930000,37.930000,7.640000,6.030000,0.420000,90.500000,0.190000,4.980000,289.829987,51.029999,94607.132812,25.37,106.72,37.930000,PM10,3162
26.950001,38.200001,6.960000,5.650000,0.410000,85.279999,-0.440000,8.050000,289.690002,54.560001,94690.867188,25.36,106.87,38.500000,PM2.5,3163
28.080000,35.230000,5.400000,3.140000,0.390000,83.199997,1.280000,10.680000,284.600006,78.180000,89951.906250,25.35,107.47,40.114285,PM2.5,3167
28.650000,35.590000,5.570000,3.400000,0.400000,81.040001,1.850000,10.450000,284.929993,77.070000,90476.343750,25.35,107.61,40.928570,PM2.5,3168
29.129999,35.919998,5.670000,3.340000,0.410000,79.440002,1.330000,9.940000,285.670013,73.959999,91546.796875,25.35,107.76,41.614285,PM2.5,3169
31.110001,38.119999,5.880000,3.820000,0.450000,77.029999,0.130000,9.960000,285.839996,72.279999,92176.117188,25.34,107.91,44.442860,PM2.5,3170
35.900002,44.500000,7.000000,5.680000,0.540000,74.199997,-0.760000,8.940000,286.149994,67.430000,93815.671875,25.34,108.06,51.125000,PM2.5,3171
26.809999,38.240002,14.870000,7.980000,0.550000,77.339996,16.219999,4.030000,285.130005,53.750000,81103.093750,25.51,104.48,38.299999,PM2.5,3291
26.420000,37.860001,14.720000,8.340000,0.560000,76.029999,15.530000,3.390000,285.950012,51.520000,81948.632812,25.51,104.63,37.860001,PM10,3292
25.900000,37.490002,13.860000,8.030000,0.570000,74.989998,13.890000,3.300000,286.890015,49.360001,82972.000000,25.51,104.78,37.490002,PM10,3293
25.799999,37.880001,13.300000,7.620000,0.560000,74.139999,12.060000,4.720000,287.140015,49.419998,83584.882812,25.51,104.93,37.880001,PM10,3294
25.299999,37.630001,12.730000,7.150000,0.530000,74.570000,11.370000,6.460000,287.140015,49.900002,83834.851562,25.51,105.07,37.630001,PM10,3295
24.170000,36.180000,11.850000,6.670000,0.490000,75.480003,10.910000,7.140000,288.119995,47.730000,85084.007812,25.51,105.22,36.180000,PM10,3296
23.350000,34.840000,11.000000,6.290000,0.470000,76.220001,10.450000,7.300000,288.619995,47.000000,86028.296875,25.51,105.37,34.840000,PM10,3297
22.690001,33.820000,10.390000,6.210000,0.450000,77.089996,10.300000,7.480000,288.959991,46.650002,86650.656250,25.51,105.52,33.820000,PM10,3298
20.990000,31.900000,9.580000,6.480000,0.440000,78.459999,6.970000,7.140000,290.579987,43.389999,89422.132812,25.51,105.67,31.900000,PM10,3299
19.730000,29.830000,8.490000,6.420000,0.410000,87.430000,2.970000,7.300000,290.750000,42.730000,91821.882812,25.51,105.82,29.830000,PM10,3300
20.540001,32.619999,7.860000,6.770000,0.420000,89.070000,2.990000,9.960000,290.010010,43.779999,91055.023438,25.51,105.97,32.619999,PM10,3301
21.820000,33.759998,7.760000,6.800000,0.410000,94.650002,5.060000,9.880000,288.529999,47.980000,88870.046875,25.51,106.12,33.759998,PM10,3302
23.590000,38.459999,7.220000,7.400000,0.430000,94.209999,5.700000,10.560000,287.510010,52.029999,88239.218750,25.51,106.27,38.459999,PM10,3303
24.600000,40.520000,7.030000,7.630000,0.440000,94.230003,2.060000,7.510000,288.040009,51.889999,90093.546875,25.5,106.42,40.520000,PM10,3304
25.540001,40.279999,7.480000,7.060000,0.420000,95.199997,-1.610000,4.960000,287.730011,56.070000,91773.062500,25.5,106.57,40.279999,PM10,3305
26.059999,39.270000,7.580000,6.240000,0.410000,91.519997,-1.950000,5.240000,287.779999,58.680000,92673.523438,25.5,106.72,39.270000,PM10,3306
26.730000,39.000000,7.180000,5.870000,0.410000,88.070000,-1.250000,6.730000,287.839996,61.540001,93153.117188,25.5,106.87,39.000000,PM10,3307
26.799999,34.450001,5.710000,3.410000,0.370000,89.389999,0.420000,11.150000,285.570007,72.760002,90694.328125,25.49,107.32,38.285713,PM2.5,3310
27.459999,35.000000,5.510000,3.220000,0.380000,85.110001,1.570000,11.320000,284.760010,75.800003,89790.953125,25.49,107.47,39.228569,PM2.5,3311
28.070000,35.250000,5.620000,3.320000,0.390000,82.970001,2.040000,11.330000,284.850006,76.129997,90090.726562,25.48,107.62,40.099998,PM2.5,3312
28.530001,35.410000,5.900000,3.260000,0.400000,81.730003,1.450000,10.580000,285.809998,72.550003,91477.140625,25.48,107.77,40.757145,PM2.5,3313
30.830000,37.869999,6.150000,3.780000,0.440000,77.980003,-0.350000,10.910000,286.149994,70.639999,92522.046875,25.48,107.92,44.042858,PM2.5,3314
35.389999,43.630001,7.140000,5.190000,0.500000,75.540001,-1.630000,10.890000,285.170013,70.269997,92632.203125,25.47,108.07,50.487499,PM2.5,3315
36.599998,44.549999,7.430000,5.450000,0.520000,75.239998,-1.140000,10.730000,284.809998,68.599998,92789.250000,25.47,108.22,52.000000,PM2.5,3316
35.919998,43.020000,7.760000,5.120000,0.510000,76.529999,1.430000,12.110000,284.140015,67.669998,91239.046875,25.46,108.52,51.149998,PM2.5,3318
28.520000,40.900002,20.010000,11.600000,0.590000,73.690002,17.070000,3.670000,282.950012,59.330002,78851.046875,25.65,104.33,40.900002,PM10,3436
28.320000,40.740002,19.400000,11.540000,0.610000,72.809998,16.530001,4.000000,284.649994,53.849998,80518.203125,25.65,104.48,40.740002,PM10,3437
27.770000,39.950001,17.870001,11.220000,0.620000,72.209999,15.460000,3.740000,285.859985,50.540001,81748.750000,25.65,104.63,39.950001,PM10,3438
27.410000,39.410000,16.490000,10.670000,0.610000,71.809998,14.650000,3.290000,286.309998,49.549999,82231.140625,25.65,104.78,39.410000,PM10,3439
27.020000,38.889999,15.210000,9.780000,0.580000,72.010002,13.790000,4.580000,287.040009,48.169998,83107.382812,25.65,104.93,38.889999,PM10,3440
26.040001,38.060001,14.130000,8.880000,0.540000,72.620003,12.230000,6.240000,288.690002,44.849998,85132.640625,25.65,105.07,38.060001,PM10,3441
24.900000,36.740002,12.930000,7.980000,0.500000,73.760002,10.430000,6.740000,289.839996,42.820000,86683.570312,25.65,105.22,36.740002,PM10,3442
24.250000,35.580002,11.870000,7.230000,0.470000,75.010002,9.970000,6.750000,289.489990,44.049999,86600.226562,25.65,105.37,35.580002,PM10,3443
23.600000,34.689999,11.250000,7.100000,0.460000,75.959999,9.500000,6.630000,289.839996,43.880001,87233.031250,25.65,105.52,34.689999,PM10,3444
21.410000,32.310001,10.290000,7.220000,0.450000,78.620003,5.980000,6.650000,291.260010,41.689999,90159.906250,25.65,105.67,32.310001,PM10,3445
19.280001,29.820000,8.820000,6.950000,0.410000,88.050003,3.060000,7.310000,290.859985,42.230000,91828.117188,25.64,105.82,29.820000,PM10,3446
19.719999,30.049999,8.390000,6.760000,0.400000,94.760002,3.890000,8.450000,290.079987,43.720001,90827.351562,25.64,105.97,30.049999,PM10,3447
20.530001,32.310001,8.070000,6.930000,0.400000,96.230003,5.830000,9.290000,288.959991,46.369999,89094.960938,25.64,106.12,32.310001,PM10,3448
22.170000,36.270000,7.440000,7.360000,0.420000,96.830002,4.650000,9.450000,288.000000,49.849998,88438.937500,25.64,106.27,36.270000,PM10,3449
24.270000,39.980000,7.040000,7.350000,0.420000,95.900002,0.200000,7.280000,287.200012,55.180000,89763.453125,25.64,106.42,39.980000,PM10,3450
25.250000,40.279999,7.270000,6.860000,0.410000,96.559998,-2.650000,6.680000,286.619995,60.020000,90582.132812,25.64,106.57,40.279999,PM10,3451
25.889999,39.590000,7.230000,6.210000,0.400000,94.589996,-2.460000,7.190000,285.809998,65.190002,90290.328125,25.64,106.72,39.590000,PM10,3452
26.670000,39.459999,7.060000,5.850000,0.400000,92.699997,-0.830000,7.810000,285.369995,69.860001,90243.273438,25.63,106.87,39.459999,PM10,3453
26.750000,37.270000,6.450000,4.740000,0.380000,89.879997,0.710000,8.900000,285.459991,72.260002,90667.296875,25.63,107.02,38.214287,PM2.5,3454
26.670000,35.990002,6.120000,4.260000,0.370000,89.559998,1.230000,10.040000,286.160004,70.989998,91589.617188,25.63,107.17,38.099998,PM2.5,3455
26.139999,34.540001,5.750000,3.610000,0.370000,90.360001,1.360000,10.660000,286.130005,69.540001,91139.679688,25.62,107.32,37.342857,PM2.5,3456
26.740000,34.669998,5.670000,3.270000,0.370000,88.769997,2.020000,10.930000,285.320007,71.599998,89988.500000,25.62,107.47,38.200001,PM2.5,3457
27.549999,35.110001,5.750000,3.350000,0.380000,85.160004,2.330000,11.390000,285.260010,73.019997,90245.960938,25.62,107.62,39.357143,PM2.5,3458
28.110001,35.250000,5.890000,3.260000,0.390000,82.500000,1.610000,10.980000,286.000000,71.230003,91567.062500,25.62,107.77,40.157143,PM2.5,3459
30.299999,37.340000,6.170000,3.640000,0.420000,79.150002,0.290000,11.640000,286.309998,69.709999,92653.921875,25.61,107.92,43.285713,PM2.5,3460
33.959999,41.709999,7.050000,4.530000,0.470000,77.720001,-0.740000,13.050000,285.350006,69.769997,92432.687500,25.61,108.07,48.514286,PM2.5,3461
34.230000,41.209999,7.220000,4.430000,0.460000,79.160004,-0.050000,13.340000,284.329987,71.190002,91557.593750,25.6,108.22,48.899998,PM2.5,3462
34.090000,40.480000,7.170000,4.290000,0.450000,78.220001,1.860000,14.550000,284.119995,70.980003,91055.929688,25.6,108.37,48.700001,PM2.5,3463
33.950001,40.180000,7.560000,4.470000,0.460000,78.209999,3.050000,14.760000,284.880005,66.199997,91635.773438,25.6,108.52,48.500000,PM2.5,3464
41.169998,48.709999,11.730000,6.610000,0.510000,73.080002,2.600000,14.100000,285.600006,60.310001,91798.843750,25.59,108.82,57.712498,PM2.5,3466
46.419998,55.400002,14.790000,8.430000,0.560000,68.690002,1.250000,12.590000,286.579987,58.660000,94397.218750,25.58,108.97,64.274994,PM2.5,3467
28.879999,40.660000,17.490000,11.610000,0.590000,71.080002,17.040001,3.980000,284.649994,52.700001,80336.203125,25.78,104.47,41.257141,PM2.5,3580
28.389999,40.549999,17.020000,11.990000,0.620000,69.570000,15.080000,3.480000,286.619995,47.500000,82392.898438,25.78,104.62,40.557140,PM2.5,3581
28.410000,40.430000,15.950000,11.610000,0.620000,69.370003,14.940000,3.310000,286.269989,48.669998,82112.609375,25.78,104.77,40.585712,PM2.5,3582
28.010000,39.770000,15.240000,11.000000,0.580000,69.739998,15.130000,4.160000,287.299988,46.500000,83150.226562,25.78,104.92,40.014286,PM2.5,3583
26.959999,38.820000,14.590000,10.310000,0.560000,69.720001,12.690000,5.240000,290.200012,40.790001,86554.273438,25.78,105.08,38.820000,PM10,3584
25.760000,37.709999,13.500000,9.270000,0.520000,70.610001,9.510000,5.960000,291.880005,38.349998,88927.726562,25.78,105.23,37.709999,PM10,3585
25.070000,36.490002,12.360000,8.220000,0.490000,72.620003,8.870000,6.260000,290.980011,40.650002,88232.726562,25.78,105.38,36.490002,PM10,3586
24.629999,35.849998,11.810000,8.020000,0.480000,74.029999,8.480000,6.060000,290.149994,42.680000,87447.156250,25.78,105.53,35.849998,PM10,3587
21.760000,32.570000,10.660000,7.830000,0.450000,79.599998,4.800000,5.980000,290.820007,42.279999,89969.812500,25.78,105.68,32.570000,PM10,3588
19.580000,30.000000,9.160000,7.280000,0.410000,89.410004,2.630000,7.090000,290.079987,43.810001,91048.062500,25.78,105.83,30.000000,PM10,3589
20.049999,30.740000,8.710000,7.220000,0.400000,93.550003,4.360000,7.650000,288.459991,47.439999,89067.929688,25.78,105.98,30.740000,PM10,3590
20.610001,32.040001,8.390000,7.090000,0.400000,96.459999,5.800000,8.590000,287.750000,49.259998,87829.343750,25.78,106.13,32.040001,PM10,3591
22.120001,35.619999,7.550000,7.330000,0.410000,97.180000,3.540000,8.580000,287.329987,51.299999,87887.703125,25.78,106.28,35.619999,PM10,3592
24.440001,39.840000,7.040000,7.290000,0.410000,97.550003,-0.160000,8.130000,286.190002,58.110001,88852.703125,25.77,106.43,39.840000,PM10,3593
25.170000,40.259998,7.120000,6.840000,0.410000,99.160004,-1.800000,8.990000,285.839996,61.540001,89358.046875,25.77,106.58,40.259998,PM10,3594
25.860001,39.790001,7.020000,6.240000,0.400000,98.250000,-1.440000,9.350000,284.839996,67.260002,88780.828125,25.77,106.73,39.790001,PM10,3595
26.889999,40.090000,6.900000,5.970000,0.400000,96.500000,-0.020000,9.650000,284.269989,72.820000,88753.601562,25.77,106.88,40.090000,PM10,3596
26.950001,37.950001,6.500000,4.860000,0.380000,95.339996,1.020000,9.450000,284.720001,74.019997,89686.171875,25.77,107.03,38.500000,PM2.5,3597
26.959999,36.860001,6.250000,4.480000,0.370000,93.000000,1.830000,9.990000,285.209991,73.930000,90572.867188,25.76,107.18,38.514286,PM2.5,3598
26.320000,35.340000,5.870000,3.870000,0.370000,92.970001,2.330000,10.380000,285.769989,70.480003,90793.187500,25.76,107.33,37.599998,PM2.5,3599
26.620001,35.090000,5.770000,3.490000,0.370000,90.870003,2.590000,10.640000,285.359985,70.510002,89891.562500,25.76,107.48,38.028572,PM2.5,3600
27.340000,35.310001,5.900000,3.430000,0.370000,87.769997,2.780000,11.080000,285.290009,71.680000,90062.289062,25.75,107.63,39.057144,PM2.5,3601
27.770000,35.150002,5.940000,3.270000,0.380000,84.370003,2.080000,11.210000,286.079987,70.180000,91491.882812,25.75,107.78,39.671429,PM2.5,3602
29.690001,36.770000,6.170000,3.520000,0.400000,80.449997,1.350000,11.510000,286.350006,69.470001,92572.312500,25.75,107.93,42.414288,PM2.5,3603
32.419998,39.910000,7.000000,4.160000,0.440000,78.750000,1.160000,12.380000,286.420013,66.250000,93372.359375,25.74,108.08,46.314281,PM2.5,3604
31.340000,37.000000,7.260000,3.920000,0.430000,82.519997,1.720000,12.060000,286.250000,64.489998,93055.117188,25.74,108.23,44.771427,PM2.5,3605
31.959999,37.840000,7.170000,3.940000,0.430000,78.940002,2.660000,14.000000,286.119995,64.010002,92774.546875,25.73,108.38,45.657143,PM2.5,3606
31.770000,37.480000,7.480000,4.130000,0.430000,77.610001,2.780000,13.070000,286.869995,59.959999,93537.601562,25.73,108.53,45.385715,PM2.5,3607
33.720001,39.650002,8.360000,4.690000,0.440000,74.660004,2.470000,12.120000,287.320007,56.770000,93809.710938,25.73,108.68,48.171429,PM2.5,3608
38.610001,45.419998,11.930000,6.310000,0.480000,70.699997,1.000000,10.460000,287.950012,53.470001,94448.960938,25.72,108.83,54.512501,PM2.5,3609
44.709999,52.860001,15.030000,8.090000,0.540000,66.779999,-0.480000,9.780000,287.940002,54.389999,96047.609375,25.72,108.98,62.137497,PM2.5,3610
28.690001,38.910000,11.380000,7.610000,0.520000,73.300003,16.090000,3.320000,284.829987,51.470001,80529.546875,25.92,104.47,40.985714,PM2.5,3724
29.280001,41.029999,12.500000,8.930000,0.600000,71.260002,14.880000,2.540000,285.750000,48.970001,81473.273438,25.92,104.62,41.828571,PM2.5,3725
29.350000,40.950001,12.340000,9.220000,0.600000,70.769997,15.480000,3.510000,285.600006,49.369999,81302.320312,25.92,104.77,41.928574,PM2.5,3726
28.730000,39.880001,12.450000,9.190000,0.560000,71.419998,14.960000,3.830000,287.220001,45.419998,82833.140625,25.92,104.92,41.042858,PM2.5,3727
27.990000,39.709999,12.700000,9.600000,0.570000,68.669998,11.210000,3.640000,290.339996,39.459999,86432.476562,25.92,105.08,39.985714,PM2.5,3728
26.780001,38.990002,12.310000,9.200000,0.550000,68.489998,7.410000,4.420000,292.459991,36.919998,89600.039062,25.92,105.23,38.990002,PM10,3729
26.000000,37.880001,11.630000,8.520000,0.520000,69.989998,6.730000,5.620000,291.500000,39.580002,89092.343750,25.92,105.38,37.880001,PM10,3730
25.260000,36.820000,11.410000,8.400000,0.500000,73.260002,6.110000,5.830000,289.920013,43.290001,87770.757812,25.92,105.53,36.820000,PM10,3731
22.250000,33.230000,10.480000,8.090000,0.460000,81.139999,3.110000,5.850000,289.420013,45.220001,89193.250000,25.92,105.68,33.230000,PM10,3732
20.420000,30.750000,9.220000,7.340000,0.410000,89.809998,2.590000,7.200000,288.200012,47.889999,88821.203125,25.92,105.83,30.750000,PM10,3733
20.740000,31.330000,8.980000,7.330000,0.400000,93.550003,4.850000,8.490000,286.850006,51.340000,87070.179688,25.91,105.98,31.330000,PM10,3734
20.910000,32.270000,8.920000,7.330000,0.400000,96.480003,5.550000,8.370000,286.989990,51.209999,87108.218750,25.91,106.13,32.270000,PM10,3735
22.120001,35.119999,8.040000,7.520000,0.400000,98.029999,3.420000,8.510000,286.690002,52.470001,87318.617188,25.91,106.28,35.119999,PM10,3736
24.379999,39.410000,7.150000,7.460000,0.410000,99.330002,0.950000,9.260000,285.739990,58.549999,88018.117188,25.91,106.43,39.410000,PM10,3737
24.950001,39.980000,7.110000,6.950000,0.410000,101.639999,-0.490000,10.650000,285.720001,60.950001,88802.007812,25.91,106.58,39.980000,PM10,3738
25.740000,39.869999,6.990000,6.420000,0.400000,100.860001,-0.400000,10.950000,284.559998,66.570000,87979.773438,25.91,106.73,39.869999,PM10,3739
26.940001,40.459999,6.880000,6.180000,0.390000,99.879997,0.690000,10.610000,283.970001,72.459999,88068.453125,25.9,106.88,40.459999,PM10,3740
26.700001,37.389999,6.720000,5.070000,0.370000,102.519997,0.990000,9.210000,284.630005,73.160004,89333.070312,25.9,107.03,38.142857,PM2.5,3741
27.299999,37.650002,6.420000,4.660000,0.370000,98.209999,1.920000,9.950000,284.440002,75.889999,89505.578125,25.9,107.18,39.000000,PM2.5,3742
26.730000,36.299999,6.250000,4.120000,0.370000,97.190002,3.080000,9.990000,285.279999,72.010002,90302.656250,25.9,107.33,38.185715,PM2.5,3743
26.770000,35.709999,6.260000,3.800000,0.370000,94.169998,3.250000,11.380000,285.200012,70.199997,89656.812500,25.89,107.48,38.242859,PM2.5,3744
27.440001,35.840000,6.330000,3.610000,0.370000,90.919998,3.220000,11.460000,284.809998,71.889999,89193.531250,25.89,107.63,39.200001,PM2.5,3745
27.500000,35.180000,6.240000,3.380000,0.370000,86.540001,2.120000,10.880000,286.410004,68.169998,91702.359375,25.89,107.78,39.285713,PM2.5,3746
29.090000,36.320000,6.490000,3.490000,0.390000,83.400002,1.010000,10.280000,286.730011,67.650002,92829.031250,25.88,107.93,41.557144,PM2.5,3747
30.480000,36.919998,7.040000,3.810000,0.410000,83.279999,1.690000,9.700000,286.450012,66.699997,93169.312500,25.88,108.08,43.542858,PM2.5,3748
30.510000,36.860001,7.160000,3.880000,0.410000,80.110001,2.510000,8.140000,286.890015,63.009998,93880.921875,25.87,108.23,43.585716,PM2.5,3749
30.270000,36.279999,7.190000,3.880000,0.410000,77.139999,2.090000,8.800000,287.730011,58.970001,94805.859375,25.87,108.38,43.242859,PM2.5,3750
30.850000,36.689999,7.960000,4.090000,0.410000,75.879997,1.280000,8.820000,287.750000,57.509998,94721.710938,25.87,108.53,44.071430,PM2.5,3751
33.220001,38.970001,8.950000,4.580000,0.430000,73.129997,1.140000,8.820000,287.070007,57.740002,93666.882812,25.86,108.68,47.457146,PM2.5,3752
37.290001,42.700001,12.680000,5.950000,0.460000,71.529999,-0.200000,7.570000,287.359985,55.040001,94127.703125,25.86,108.83,52.862503,PM2.5,3753
45.369999,52.130001,15.330000,7.660000,0.510000,65.650002,-1.000000,8.960000,286.230011,59.150002,94226.726562,25.85,108.98,62.962498,PM2.5,3754
52.340000,59.689999,14.990000,9.650000,0.590000,62.959999,0.070000,9.310000,285.940002,61.840000,94704.421875,25.85,109.13,71.675003,PM2.5,3755
61.630001,70.080002,16.150000,14.650000,0.720000,57.910000,0.100000,9.420000,286.720001,61.750000,96201.843750,25.84,109.28,83.287498,PM2.5,3756
29.090000,38.520000,8.880000,7.750000,0.490000,72.320000,15.170000,3.660000,284.619995,51.340000,80423.828125,26.05,104.47,41.557144,PM2.5,3866
29.690001,39.799999,9.440000,8.790000,0.520000,71.089996,15.420000,3.320000,284.309998,52.139999,80035.328125,26.05,104.62,42.414288,PM2.5,3867
29.440001,40.040001,9.700000,9.070000,0.550000,70.580002,16.590000,4.340000,286.079987,47.180000,81711.843750,26.05,104.77,42.057144,PM2.5,3868
28.940001,39.830002,9.960000,9.250000,0.550000,69.320000,15.010000,3.480000,288.440002,41.910000,84121.148438,26.05,104.92,41.342857,PM2.5,3869
28.350000,40.130001,10.230000,9.440000,0.570000,66.980003,9.810000,2.290000,290.500000,38.910000,86970.507812,26.05,105.08,40.500000,PM2.5,3870
28.930000,42.639999,11.540000,9.960000,0.630000,66.830002,5.610000,3.210000,290.950012,40.180000,88670.703125,26.05,105.23,42.639999,PM10,3871
28.260000,41.790001,11.780000,9.540000,0.600000,68.910004,5.020000,5.240000,289.380005,43.840000,87187.320312,26.05,105.38,41.790001,PM10,3872
26.809999,39.660000,11.720000,9.250000,0.550000,73.839996,4.030000,5.770000,288.149994,47.349998,86740.882812,26.05,105.53,39.660000,PM10,3873
24.370001,36.599998,12.550000,9.400000,0.500000,81.110001,2.070000,6.410000,287.579987,49.349998,87667.273438,26.05,105.68,36.599998,PM10,3874
22.650000,34.279999,14.760000,9.840000,0.450000,88.879997,3.050000,8.120000,286.660004,51.529999,86776.632812,26.05,105.83,34.279999,PM10,3875
22.280001,33.700001,13.680000,9.330000,0.430000,93.089996,5.220000,9.190000,286.160004,53.080002,86057.117188,26.05,105.98,33.700001,PM10,3876
21.770000,33.470001,11.040000,8.290000,0.410000,96.410004,5.370000,8.770000,286.549988,52.430000,86599.437500,26.05,106.13,33.470001,PM10,3877
22.370001,35.189999,9.280000,8.000000,0.410000,98.160004,3.920000,9.070000,286.140015,53.709999,86582.953125,26.05,106.28,35.189999,PM10,3878
24.370001,39.430000,7.880000,8.020000,0.410000,100.209999,2.190000,10.010000,285.480011,58.090000,87340.093750,26.04,106.43,39.430000,PM10,3879
24.920000,40.259998,7.760000,7.470000,0.410000,102.900002,0.630000,11.020000,285.809998,59.919998,88691.406250,26.04,106.58,40.259998,PM10,3880
25.500000,39.860001,7.190000,6.720000,0.400000,102.910004,0.320000,11.840000,284.839996,64.440002,87794.789062,26.04,106.73,39.860001,PM10,3881
26.940001,40.820000,7.040000,6.560000,0.400000,101.980003,1.040000,11.170000,283.690002,71.830002,87441.078125,26.04,106.88,40.820000,PM10,3882
26.930000,38.630001,6.790000,5.470000,0.380000,102.470001,1.130000,9.850000,284.140015,73.930000,88719.257812,26.04,107.03,38.630001,PM10,3883
27.309999,37.470001,6.660000,4.950000,0.370000,104.559998,1.750000,9.470000,284.000000,76.139999,88715.890625,26.03,107.18,39.014286,PM2.5,3884
27.000000,36.450001,6.530000,4.510000,0.370000,103.190002,3.490000,9.170000,284.529999,74.279999,89410.539062,26.03,107.33,38.571430,PM2.5,3885
26.910000,36.250000,6.490000,4.160000,0.370000,97.300003,4.420000,11.530000,285.269989,69.720001,89899.093750,26.03,107.48,38.442856,PM2.5,3886
27.260000,36.040001,6.520000,3.800000,0.370000,92.980003,3.150000,11.590000,285.459991,68.550003,89747.882812,26.02,107.63,38.942856,PM2.5,3887
27.520000,35.570000,6.330000,3.500000,0.370000,87.959999,0.910000,10.080000,286.570007,66.989998,91817.882812,26.02,107.78,39.314285,PM2.5,3888
29.219999,36.849998,6.590000,3.560000,0.380000,84.650002,0.060000,9.370000,286.420013,68.309998,92483.218750,26.02,107.93,41.742855,PM2.5,3889
30.900000,38.209999,7.030000,3.760000,0.400000,82.489998,1.050000,8.290000,285.529999,69.830002,91995.656250,26.01,108.08,44.142857,PM2.5,3890
31.100000,38.009998,7.280000,3.760000,0.400000,80.169998,1.810000,6.080000,286.160004,65.830002,93219.750000,26.01,108.23,44.428574,PM2.5,3891
30.309999,36.520000,7.650000,3.740000,0.390000,79.480003,1.340000,5.380000,287.339996,60.230000,94864.421875,26.0,108.39,43.299999,PM2.5,3892
30.309999,36.060001,8.520000,3.910000,0.400000,78.029999,0.920000,7.200000,287.309998,58.590000,94389.859375,26.0,108.54,43.299999,PM2.5,3893
33.099998,38.919998,9.190000,4.350000,0.410000,72.820000,1.170000,9.140000,286.220001,60.299999,92727.882812,26.0,108.69,47.285713,PM2.5,3894
37.439999,42.970001,12.500000,5.530000,0.440000,69.959999,0.490000,9.000000,285.929993,59.279999,92608.343750,25.99,108.84,53.049999,PM2.5,3895
45.110001,51.320000,15.620000,7.100000,0.480000,65.980003,-0.140000,11.010000,285.109985,62.320000,92619.257812,25.99,108.99,62.637501,PM2.5,3896
52.250000,58.820000,15.380000,9.060000,0.560000,62.880001,-0.180000,10.620000,285.380005,62.959999,93815.992188,25.98,109.14,71.562500,PM2.5,3897
61.180000,68.589996,16.280001,13.530000,0.690000,58.520000,-0.690000,9.870000,285.809998,64.199997,95076.296875,25.98,109.29,82.724998,PM2.5,3898
29.790001,39.430000,8.160000,9.680000,0.520000,68.779999,15.990000,4.870000,284.640015,50.099998,80121.101562,26.19,104.62,42.557144,PM2.5,4008
29.090000,39.320000,8.310000,10.020000,0.540000,68.059998,16.040001,4.280000,288.029999,42.450001,83723.406250,26.19,104.77,41.557144,PM2.5,4009
29.010000,40.169998,8.460000,10.040000,0.560000,66.510002,12.850000,2.670000,289.070007,40.799999,85109.593750,26.19,104.92,41.442856,PM2.5,4010
29.330000,41.820000,8.890000,9.970000,0.590000,65.410004,8.660000,2.380000,288.589996,43.340000,85564.687500,26.19,105.08,41.900002,PM2.5,4011
31.160000,45.810001,10.710000,10.700000,0.680000,65.540001,6.240000,4.070000,288.170013,45.730000,85755.078125,26.19,105.23,45.810001,PM10,4012
30.219999,44.730000,11.360000,10.340000,0.650000,68.059998,5.590000,6.130000,287.630005,47.380001,85407.843750,26.19,105.38,44.730000,PM10,4013
27.969999,41.650002,11.600000,9.930000,0.590000,73.540001,4.090000,6.660000,287.459991,48.709999,86330.031250,26.19,105.53,41.650002,PM10,4014
25.790001,38.740002,13.530000,10.320000,0.530000,79.849998,2.860000,7.900000,287.000000,50.320000,86651.578125,26.19,105.68,38.740002,PM10,4015
24.360001,36.680000,18.170000,11.680000,0.480000,87.180000,4.160000,9.370000,286.339996,52.240002,85837.226562,26.19,105.83,36.680000,PM10,4016
23.730000,35.500000,17.860001,11.190000,0.450000,92.720001,5.560000,9.440000,286.250000,52.799999,85649.179688,26.18,105.98,35.500000,PM10,4017
22.780001,34.900002,13.380000,9.540000,0.430000,95.419998,5.530000,9.580000,286.429993,52.730000,86306.851562,26.18,106.13,34.900002,PM10,4018
22.740000,35.669998,10.840000,8.770000,0.410000,97.709999,4.510000,10.000000,286.100006,53.639999,86334.773438,26.18,106.28,35.669998,PM10,4019
24.420000,39.470001,8.710000,8.490000,0.420000,100.440002,2.780000,10.750000,285.269989,57.580002,86645.773438,26.18,106.43,39.470001,PM10,4020
25.250000,40.810001,8.360000,7.870000,0.410000,104.019997,1.440000,11.160000,285.299988,60.860001,87893.343750,26.18,106.58,40.810001,PM10,4021
25.360001,39.889999,7.520000,7.030000,0.400000,104.839996,1.020000,12.370000,284.970001,62.939999,87610.203125,26.18,106.73,39.889999,PM10,4022
26.920000,41.110001,7.000000,6.700000,0.390000,103.970001,1.480000,11.410000,283.500000,71.279999,86859.109375,26.17,106.88,41.110001,PM10,4023
27.100000,39.389999,6.860000,5.670000,0.380000,104.010002,1.700000,11.150000,283.679993,74.290001,87997.210938,26.17,107.03,39.389999,PM10,4024
27.260000,37.830002,6.800000,5.210000,0.370000,108.279999,1.890000,9.380000,283.869995,74.889999,88240.101562,26.17,107.19,38.942856,PM2.5,4025
27.299999,37.169998,6.680000,4.870000,0.360000,106.720001,3.490000,9.170000,283.730011,75.860001,88137.367188,26.17,107.34,39.000000,PM2.5,4026
26.600000,35.700001,6.620000,4.270000,0.360000,102.769997,4.270000,10.050000,285.450012,68.830002,90085.406250,26.16,107.49,38.000000,PM2.5,4027
26.990000,36.139999,6.790000,4.020000,0.360000,93.379997,2.080000,10.810000,286.670013,64.040001,91304.679688,26.16,107.64,38.557144,PM2.5,4028
27.820000,36.189999,6.320000,3.530000,0.360000,89.279999,-0.470000,10.170000,286.279999,67.940002,91601.023438,26.16,107.79,39.742855,PM2.5,4029
29.490000,37.419998,6.510000,3.460000,0.360000,86.510002,-0.940000,9.650000,285.309998,71.989998,91273.046875,26.15,107.94,42.128571,PM2.5,4030
31.360001,39.160000,7.020000,3.570000,0.380000,83.129997,0.180000,8.730000,284.049988,75.489998,90210.398438,26.15,108.09,44.799999,PM2.5,4031
31.730000,39.180000,7.270000,3.590000,0.370000,80.059998,1.690000,6.940000,284.190002,73.320000,90826.476562,26.14,108.24,45.328571,PM2.5,4032
30.900000,37.860001,7.530000,3.560000,0.370000,78.230003,2.280000,6.820000,285.549988,66.239998,92667.062500,26.14,108.39,44.142857,PM2.5,4033
30.670000,37.180000,8.130000,3.670000,0.380000,75.889999,2.070000,8.710000,286.070007,62.520000,93068.937500,26.14,108.54,43.814285,PM2.5,4034
32.450001,38.689999,8.840000,4.020000,0.380000,72.839996,2.180000,10.910000,285.579987,62.549999,91979.898438,26.13,108.69,46.357143,PM2.5,4035
36.680000,42.770000,11.870000,5.080000,0.410000,69.900002,1.720000,11.330000,285.179993,61.939999,91574.343750,26.13,108.84,52.099998,PM2.5,4036
44.180000,50.840000,15.470000,6.680000,0.460000,66.040001,0.500000,12.140000,285.179993,61.779999,92409.601562,26.12,108.99,61.474998,PM2.5,4037
51.320000,58.279999,15.580000,8.420000,0.520000,63.360001,-0.580000,11.770000,285.619995,61.580002,93913.453125,26.12,109.14,70.400002,PM2.5,4038
59.470001,67.050003,16.080000,11.860000,0.620000,60.049999,-0.640000,11.690000,285.200012,65.470001,94149.226562,26.11,109.29,80.587502,PM2.5,4039
62.240002,68.940002,16.660000,15.640000,0.700000,60.430000,0.390000,11.090000,284.820007,68.629997,93904.187500,26.11,109.44,84.050003,PM2.5,4040
29.219999,38.299999,7.030000,8.110000,0.510000,69.550003,14.570000,4.160000,285.989990,45.529999,81278.882812,26.32,104.62,41.742855,PM2.5,4150
29.040001,38.950001,7.140000,8.670000,0.550000,68.230003,13.720000,2.800000,287.790009,42.380001,83411.312500,26.32,104.77,41.485714,PM2.5,4151
29.750000,40.720001,7.350000,8.890000,0.570000,66.739998,11.750000,2.380000,286.899994,45.009998,82719.640625,26.32,104.92,42.500000,PM2.5,4152
30.100000,42.320000,7.760000,9.090000,0.590000,65.500000,9.530000,3.370000,285.980011,48.400002,82362.453125,26.32,105.08,43.000000,PM2.5,4153
31.629999,45.930000,9.330000,9.950000,0.660000,65.010002,7.530000,5.090000,286.480011,48.770000,83516.453125,26.32,105.23,45.930000,PM10,4154
31.080000,45.860001,10.380000,10.160000,0.670000,66.949997,5.660000,5.990000,287.420013,47.799999,85286.203125,26.32,105.38,45.860001,PM10,4155
29.110001,43.320000,10.860000,9.950000,0.620000,71.849998,4.120000,6.510000,287.369995,49.250000,86487.859375,26.32,105.53,43.320000,PM10,4156
26.719999,40.080002,13.080000,10.370000,0.560000,78.139999,3.910000,8.490000,287.179993,49.930000,86539.546875,26.32,105.68,40.080002,PM10,4157
25.740000,38.630001,18.000000,11.900000,0.520000,84.709999,5.120000,9.880000,286.769989,51.009998,85803.640625,26.32,105.83,38.630001,PM10,4158
25.070000,37.580002,18.320000,11.900000,0.480000,89.500000,6.210000,9.850000,286.369995,52.330002,85382.882812,26.32,105.98,37.580002,PM10,4159
23.760000,36.130001,14.560000,10.410000,0.450000,93.480003,6.030000,10.210000,286.519989,52.470001,86113.710938,26.32,106.13,36.130001,PM10,4160
23.430000,36.660000,12.510000,9.780000,0.430000,96.330002,4.970000,10.440000,286.470001,52.590000,86609.406250,26.32,106.28,36.660000,PM10,4161
24.690001,39.869999,10.040000,9.250000,0.430000,99.440002,3.270000,11.180000,285.619995,55.889999,86650.757812,26.32,106.43,39.869999,PM10,4162
25.799999,41.750000,9.530000,8.840000,0.430000,103.900002,2.200000,12.020000,285.179993,60.080002,87435.617188,26.31,106.58,41.750000,PM10,4163
25.450001,40.209999,7.990000,7.560000,0.400000,105.449997,1.680000,13.110000,285.230011,61.349998,87603.843750,26.31,106.74,40.209999,PM10,4164
26.370001,39.700001,7.550000,6.870000,0.390000,109.849998,1.810000,11.130000,283.989990,67.510002,86663.203125,26.31,106.89,39.700001,PM10,4165
27.219999,39.919998,6.950000,5.980000,0.380000,105.639999,2.150000,11.600000,283.549988,73.470001,87552.046875,26.31,107.04,39.919998,PM10,4166
27.180000,38.000000,6.900000,5.330000,0.370000,110.800003,2.440000,9.730000,283.700012,73.879997,87798.382812,26.3,107.19,38.828571,PM2.5,4167
27.600000,38.230000,6.670000,5.030000,0.360000,106.669998,3.890000,10.360000,283.250000,75.559998,87118.843750,26.3,107.34,39.428574,PM2.5,4168
27.219999,37.400002,7.030000,4.730000,0.370000,101.040001,3.890000,9.770000,285.010010,69.699997,89497.656250,26.3,107.49,38.885712,PM2.5,4169
27.510000,37.250000,7.600000,4.320000,0.370000,93.000000,1.560000,10.240000,286.839996,63.869999,91807.843750,26.29,107.64,39.299999,PM2.5,4170
27.870001,36.259998,6.410000,3.480000,0.350000,90.699997,-0.650000,11.730000,286.220001,67.690002,91608.062500,26.29,107.79,39.814285,PM2.5,4171
28.520000,35.470001,6.410000,3.020000,0.340000,92.459999,-1.350000,10.750000,284.559998,74.110001,90129.156250,26.29,107.94,40.742859,PM2.5,4172
30.540001,38.139999,6.660000,3.100000,0.350000,85.300003,0.090000,10.590000,282.279999,82.320000,87819.656250,26.28,108.09,43.628574,PM2.5,4173
31.120001,38.500000,6.760000,3.110000,0.340000,79.800003,2.850000,10.390000,281.730011,83.529999,87505.976562,26.28,108.24,44.457146,PM2.5,4174
30.260000,37.299999,6.990000,3.090000,0.340000,77.489998,3.960000,10.660000,284.000000,72.389999,90470.109375,26.28,108.39,43.228573,PM2.5,4175
29.860001,36.650002,7.650000,3.210000,0.350000,76.629997,3.050000,10.860000,285.690002,64.129997,92442.562500,26.27,108.55,42.657143,PM2.5,4176
31.610001,38.439999,8.420000,3.690000,0.370000,72.720001,2.940000,12.010000,285.489990,63.110001,91820.000000,26.27,108.7,45.157143,PM2.5,4177
35.290001,42.419998,11.140000,4.690000,0.390000,69.739998,2.520000,12.220000,285.429993,61.419998,91640.429688,26.26,108.85,50.362503,PM2.5,4178
40.450001,47.540001,15.250000,6.040000,0.430000,68.750000,0.710000,11.430000,286.059998,58.740002,93055.171875,26.26,109.0,56.812500,PM2.5,4179
48.759998,57.470001,15.390000,7.530000,0.490000,63.990002,-0.410000,12.740000,285.769989,60.590000,93902.179688,26.25,109.15,67.199997,PM2.5,4180
56.020000,65.510002,15.630000,9.790000,0.560000,61.230000,0.440000,13.490000,284.649994,66.430000,93202.171875,26.25,109.3,76.275002,PM2.5,4181
30.420000,40.619999,6.990000,7.330000,0.580000,69.089996,13.320000,2.210000,285.390015,45.900002,80709.281250,26.46,104.77,43.457142,PM2.5,4293
31.500000,43.060001,7.740000,8.870000,0.630000,65.800003,12.920000,2.830000,285.380005,46.669998,80793.343750,26.46,104.92,45.000000,PM2.5,4294
31.030001,43.160000,8.030000,9.520000,0.610000,64.269997,10.790000,3.620000,285.839996,46.730000,81680.406250,26.46,105.08,44.328571,PM2.5,4295
31.879999,45.970001,9.080000,10.100000,0.660000,64.019997,7.500000,4.660000,286.739990,46.810001,83531.968750,26.46,105.23,45.970001,PM10,4296
32.639999,47.810001,10.000000,10.260000,0.700000,65.660004,4.630000,4.820000,286.250000,50.680000,84467.312500,26.46,105.38,47.810001,PM10,4297
31.240000,46.009998,10.400000,10.010000,0.660000,69.750000,3.930000,5.550000,285.149994,55.040001,84138.390625,26.46,105.53,46.009998,PM10,4298
29.080000,43.259998,12.430000,10.430000,0.610000,75.169998,4.570000,7.350000,285.589996,54.529999,84875.531250,26.46,105.68,43.259998,PM10,4299
27.910000,41.459999,16.670000,11.660000,0.560000,81.599998,5.570000,9.070000,286.200012,52.840000,85141.671875,26.46,105.83,41.459999,PM10,4300
26.559999,39.520000,17.530001,11.930000,0.520000,86.660004,6.630000,10.170000,286.470001,52.080002,85209.976562,26.46,105.98,39.520000,PM10,4301
24.760000,37.230000,15.120000,10.980000,0.470000,91.669998,6.340000,10.670000,286.690002,51.680000,85971.828125,26.45,106.13,37.230000,PM10,4302
24.389999,37.720001,13.840000,10.710000,0.460000,94.830002,5.210000,10.430000,286.489990,52.529999,86442.750000,26.45,106.28,37.720001,PM10,4303
25.230000,40.310001,11.900000,10.390000,0.450000,98.300003,3.780000,10.880000,286.070007,54.240002,86841.742188,26.45,106.44,40.310001,PM10,4304
26.980000,43.520000,11.990000,10.710000,0.460000,102.080002,2.910000,12.320000,285.619995,57.880001,87555.429688,26.45,106.59,43.520000,PM10,4305
26.020000,41.070000,9.380000,8.770000,0.420000,104.959999,2.550000,13.340000,285.600006,59.680000,87856.632812,26.45,106.74,41.070000,PM10,4306
26.379999,40.389999,8.340000,7.650000,0.400000,108.949997,2.170000,11.860000,284.709991,63.500000,86767.757812,26.44,106.89,40.389999,PM10,4307
27.340000,40.169998,7.350000,6.350000,0.380000,108.029999,2.500000,12.080000,283.510010,71.470001,86834.648438,26.44,107.04,40.169998,PM10,4308
27.049999,37.939999,7.040000,5.460000,0.370000,112.559998,3.330000,10.770000,283.769989,71.660004,87381.429688,26.44,107.19,38.642857,PM2.5,4309
27.450001,38.279999,6.720000,5.090000,0.360000,107.690002,4.160000,11.540000,283.720001,71.349998,87005.156250,26.44,107.34,39.214287,PM2.5,4310
27.809999,38.419998,7.690000,5.070000,0.380000,101.199997,3.270000,11.180000,284.700012,69.489998,88734.031250,26.43,107.49,39.728569,PM2.5,4311
27.830000,37.240002,9.060000,4.650000,0.380000,96.629997,1.640000,10.160000,286.450012,64.919998,91358.226562,26.43,107.64,39.757141,PM2.5,4312
27.559999,35.959999,6.340000,3.430000,0.350000,91.029999,0.720000,12.910000,286.660004,65.779999,92107.726562,26.43,107.8,39.371429,PM2.5,4313
27.260000,33.919998,6.290000,2.820000,0.330000,94.769997,-0.130000,12.210000,285.640015,68.419998,90834.953125,26.42,107.95,38.942856,PM2.5,4314
28.209999,34.650002,6.320000,2.720000,0.320000,89.110001,0.730000,13.190000,283.329987,75.040001,87803.882812,26.42,108.1,40.299999,PM2.5,4315
29.770000,36.779999,6.360000,2.760000,0.330000,81.150002,3.750000,14.280000,281.739990,81.070000,86372.726562,26.41,108.25,42.528572,PM2.5,4316
29.389999,36.270000,6.630000,2.790000,0.330000,78.190002,4.700000,13.910000,283.989990,71.860001,89751.031250,26.41,108.4,41.985714,PM2.5,4317
29.260000,36.290001,7.260000,3.000000,0.340000,75.760002,2.990000,12.200000,285.940002,63.580002,92632.476562,26.41,108.55,41.799999,PM2.5,4318
30.969999,38.290001,8.080000,3.460000,0.360000,72.309998,2.850000,12.370000,285.459991,63.560001,91782.843750,26.4,108.7,44.242855,PM2.5,4319
34.160000,42.160000,10.490000,4.430000,0.380000,69.070000,2.810000,12.030000,285.640015,61.090000,91792.843750,26.4,108.85,48.799999,PM2.5,4320
39.049999,47.939999,14.450000,5.790000,0.420000,66.330002,1.240000,11.190000,286.619995,57.090000,93628.601562,26.39,109.0,55.062500,PM2.5,4321
46.360001,56.369999,15.170000,6.960000,0.470000,64.070000,0.560000,13.460000,286.119995,59.029999,94114.273438,26.39,109.15,64.199997,PM2.5,4322
30.750000,36.570000,6.060000,2.410000,0.440000,75.849998,13.860000,2.640000,282.690002,49.410000,77901.601562,26.59,103.86,43.928570,PM2.5,4425
30.879999,37.180000,6.110000,2.620000,0.460000,75.400002,13.790000,2.870000,282.359985,49.599998,77489.820312,26.59,104.02,44.114285,PM2.5,4426
29.889999,37.700001,5.900000,4.110000,0.510000,73.029999,12.600000,3.190000,284.329987,46.740002,79649.796875,26.59,104.62,42.700001,PM2.5,4430
33.630001,46.080002,9.300000,11.290000,0.740000,61.700001,13.080000,3.240000,284.160004,47.470001,79402.382812,26.59,104.77,48.042858,PM2.5,4431
36.689999,52.590000,12.150000,17.160000,0.910000,50.779999,13.090000,3.510000,285.140015,45.650002,80423.882812,26.59,104.92,52.112499,PM2.5,4432
35.150002,50.080002,12.420000,18.620001,0.800000,49.430000,11.200000,3.690000,285.589996,45.669998,81144.992188,26.59,105.08,50.187500,PM2.5,4433
34.410000,49.950001,12.100000,16.379999,0.760000,54.389999,7.990000,4.620000,285.679993,48.389999,82418.937500,26.59,105.23,49.950001,PM10,4434
34.419998,50.080002,11.520000,13.700000,0.740000,60.570000,5.380000,5.500000,284.799988,53.509998,82786.656250,26.59,105.38,50.040001,PM10,4435
33.009998,47.950001,11.280000,12.210000,0.680000,66.099998,4.980000,6.690000,283.839996,57.110001,82002.429688,26.59,105.53,47.950001,PM10,4436
31.510000,46.029999,12.370000,11.760000,0.630000,71.800003,5.810000,7.470000,284.079987,57.880001,82695.226562,26.59,105.68,46.029999,PM10,4437
30.190001,44.230000,15.250000,12.240000,0.590000,77.900002,6.610000,8.740000,285.410004,54.630001,84064.421875,26.59,105.83,44.230000,PM10,4438
28.219999,41.570000,16.320000,12.330000,0.550000,83.169998,7.060000,9.960000,286.790009,50.980000,85346.562500,26.59,105.98,41.570000,PM10,4439
25.879999,38.560001,14.910000,11.510000,0.500000,88.370003,6.300000,10.640000,287.250000,50.119999,86252.937500,26.59,106.14,38.560001,PM10,4440
25.610001,39.150002,15.400000,12.610000,0.490000,91.690002,5.180000,10.770000,286.540009,52.330002,86252.890625,26.59,106.29,39.150002,PM10,4441
26.750000,42.020000,15.550000,13.360000,0.490000,95.050003,4.150000,10.970000,285.880005,54.500000,86417.070312,26.59,106.44,42.020000,PM10,4442
33.720001,53.099998,25.160000,19.020000,0.640000,95.589996,3.480000,12.040000,285.519989,57.380001,87137.617188,26.58,106.59,51.549999,PM10,4443
29.059999,45.139999,15.890000,12.880000,0.500000,103.230003,3.480000,12.460000,285.809998,58.320000,87870.328125,26.58,106.74,45.139999,PM10,4444
27.950001,42.720001,12.260000,10.340000,0.450000,106.029999,3.250000,12.590000,285.269989,60.650002,87143.843750,26.58,106.89,42.720001,PM10,4445
27.809999,41.000000,8.890000,7.490000,0.410000,106.519997,3.460000,13.260000,283.940002,67.889999,86610.078125,26.58,107.04,41.000000,PM10,4446
27.389999,39.099998,7.670000,6.210000,0.380000,108.690002,4.410000,12.240000,284.119995,68.970001,87411.929688,26.57,107.19,39.128571,PM2.5,4447
27.250000,38.279999,6.980000,5.490000,0.370000,105.709999,4.460000,12.070000,284.609985,66.910004,87700.593750,26.57,107.35,38.928570,PM2.5,4448
27.790001,38.450001,8.080000,5.480000,0.380000,100.120003,2.720000,11.870000,285.170013,66.580002,88934.601562,26.57,107.5,39.700001,PM2.5,4449
27.930000,37.209999,10.120000,5.140000,0.380000,97.879997,1.450000,10.080000,286.119995,65.480003,90839.671875,26.56,107.65,39.900002,PM2.5,4450
28.150000,36.810001,8.080000,3.890000,0.360000,92.720001,2.080000,12.500000,286.660004,65.190002,92021.593750,26.56,107.8,40.214287,PM2.5,4451
27.690001,35.240002,7.760000,3.350000,0.350000,92.199997,2.380000,12.790000,286.910004,63.500000,92186.476562,26.56,107.95,39.557144,PM2.5,4452
27.850000,34.919998,6.970000,3.060000,0.340000,87.260002,2.700000,15.000000,285.630005,64.889999,89832.726562,26.55,108.1,39.785713,PM2.5,4453
28.690001,35.599998,6.590000,2.790000,0.330000,82.820000,4.260000,15.630000,284.209991,68.000000,87612.593750,26.55,108.25,40.985714,PM2.5,4454
28.770000,35.669998,6.660000,2.820000,0.330000,77.940002,3.650000,14.790000,284.940002,66.940002,89830.570312,26.55,108.4,41.100002,PM2.5,4455
28.910000,36.119999,7.230000,2.960000,0.340000,75.550003,1.890000,12.600000,286.190002,62.509998,92584.046875,26.54,108.56,41.299999,PM2.5,4456
30.500000,38.169998,7.900000,3.350000,0.360000,72.309998,2.600000,12.270000,285.559998,63.240002,91801.906250,26.54,108.71,43.571430,PM2.5,4457
33.200001,41.709999,9.880000,4.170000,0.380000,69.339996,3.050000,12.580000,285.329987,62.360001,91278.687500,26.53,108.86,47.428574,PM2.5,4458
37.509998,47.230000,13.560000,5.380000,0.420000,66.589996,2.120000,12.410000,286.179993,58.520000,92961.601562,26.53,109.01,53.137497,PM2.5,4459
43.990002,55.060001,14.770000,6.450000,0.460000,64.389999,1.630000,13.860000,286.350006,58.040001,94158.328125,26.52,109.16,61.237503,PM2.5,4460
50.110001,62.180000,15.000000,7.860000,0.510000,62.500000,1.500000,14.100000,285.640015,61.049999,93607.656250,26.52,109.31,68.887497,PM2.5,4461
32.009998,37.369999,6.450000,2.790000,0.480000,75.269997,13.760000,3.630000,282.760010,49.650002,78044.046875,26.72,103.86,45.728569,PM2.5,4563
32.470001,38.270000,6.350000,2.760000,0.490000,75.790001,14.300000,3.430000,281.440002,52.860001,76632.796875,26.73,104.01,46.385715,PM2.5,4564
32.220001,38.250000,6.160000,2.760000,0.490000,75.669998,14.790000,3.490000,281.750000,51.259998,76775.992188,26.73,104.17,46.028572,PM2.5,4565
31.290001,37.619999,5.980000,2.950000,0.490000,74.900002,13.630000,3.520000,283.359985,47.119999,78385.859375,26.73,104.32,44.700001,PM2.5,4566
30.840000,37.500000,5.830000,3.210000,0.500000,73.949997,12.220000,3.510000,283.559998,47.230000,78728.546875,26.73,104.47,44.057144,PM2.5,4567
30.940001,38.279999,5.820000,3.510000,0.510000,73.699997,12.480000,3.950000,282.959991,49.430000,78199.679688,26.73,104.62,44.200001,PM2.5,4568
34.660000,47.130001,9.410000,11.490000,0.770000,59.720001,13.160000,4.350000,284.089996,46.980000,79305.148438,26.73,104.77,49.514286,PM2.5,4569
37.820000,53.790001,12.850000,18.469999,0.950000,47.700001,12.900000,4.490000,285.390015,44.450001,80675.906250,26.73,104.92,53.525002,PM2.5,4570
36.820000,51.939999,13.810000,21.129999,0.860000,45.270000,11.590000,4.680000,285.170013,45.840000,80597.960938,26.73,105.08,52.275002,PM2.5,4571
35.450001,50.450001,13.680000,19.049999,0.780000,51.189999,9.400000,5.630000,284.869995,48.720001,81063.132812,26.73,105.23,50.562500,PM2.5,4572
34.560001,49.209999,12.640000,15.510000,0.730000,58.889999,6.990000,6.610000,285.350006,50.240002,82674.007812,26.73,105.38,49.371429,PM2.5,4573
33.400002,47.610001,11.980000,13.600000,0.680000,64.029999,6.110000,8.080000,285.429993,51.040001,82913.656250,26.73,105.53,47.714287,PM2.5,4574
32.470001,46.470001,12.590000,12.920000,0.650000,69.300003,6.930000,8.770000,285.179993,52.779999,82956.968750,26.73,105.68,46.470001,PM10,4575
31.480000,45.330002,14.730000,13.170000,0.620000,74.690002,7.530000,9.200000,286.299988,51.020000,84480.640625,26.73,105.83,45.330002,PM10,4576
29.650000,43.090000,15.790000,13.170000,0.580000,79.639999,7.150000,9.380000,287.260010,49.330002,85693.492188,26.73,105.99,43.090000,PM10,4577
27.190001,40.060001,14.950000,12.450000,0.530000,84.739998,6.100000,9.940000,287.660004,49.040001,86550.289062,26.72,106.14,40.060001,PM10,4578
26.700001,40.330002,16.469999,14.350000,0.520000,88.190002,5.170000,10.820000,287.239990,50.500000,86797.437500,26.72,106.29,40.330002,PM10,4579
27.920000,42.990002,18.090000,15.790000,0.530000,91.949997,4.340000,11.410000,286.250000,53.250000,86492.281250,26.72,106.44,42.990002,PM10,4580
38.549999,58.549999,33.520000,24.990000,0.760000,90.430000,3.740000,11.870000,285.470001,56.700001,86642.437500,26.72,106.59,54.437500,PM2.5,4581
32.720001,49.560001,22.040001,17.139999,0.590000,98.150002,3.980000,11.840000,285.429993,58.750000,87306.351562,26.72,106.74,49.560001,PM10,4582
28.840000,42.360001,15.050000,11.730000,0.480000,107.180000,4.090000,11.530000,285.799988,58.270000,87473.976562,26.71,106.89,42.360001,PM10,4583
27.959999,41.040001,10.490000,8.550000,0.430000,105.599998,4.040000,13.690000,285.109985,62.290001,87205.273438,26.71,107.05,41.040001,PM10,4584
27.590000,39.450001,8.420000,6.790000,0.400000,106.849998,4.510000,13.040000,284.429993,66.510002,87211.718750,26.71,107.2,39.450001,PM10,4585
27.360001,38.439999,7.490000,5.900000,0.380000,104.129997,4.420000,11.380000,284.609985,66.070000,87638.726562,26.71,107.35,39.085716,PM2.5,4586
27.680000,38.310001,8.510000,5.830000,0.380000,98.739998,2.740000,11.160000,285.769989,63.720001,89458.976562,26.7,107.5,39.542858,PM2.5,4587
27.980000,37.110001,11.100000,5.580000,0.390000,98.250000,1.410000,10.060000,286.279999,64.220001,90826.796875,26.7,107.65,39.971428,PM2.5,4588
28.850000,37.639999,9.480000,4.350000,0.380000,92.650002,2.480000,12.240000,285.989990,66.709999,91074.593750,26.7,107.8,41.214287,PM2.5,4589
28.590000,36.480000,8.980000,3.780000,0.370000,90.279999,4.440000,13.300000,286.109985,66.209999,91381.539062,26.69,107.96,40.842857,PM2.5,4590
27.709999,35.049999,7.550000,3.290000,0.350000,85.930000,5.250000,15.000000,286.730011,61.380001,91122.820312,26.69,108.11,39.585712,PM2.5,4591
26.299999,32.650002,6.970000,2.930000,0.340000,82.080002,3.720000,11.870000,287.589996,56.340000,90840.007812,26.69,108.26,37.571426,PM2.5,4592
27.530001,34.529999,6.810000,2.920000,0.340000,76.629997,0.810000,12.480000,287.019989,59.150002,91555.281250,26.68,108.41,39.328571,PM2.5,4593
28.879999,36.310001,7.240000,2.940000,0.350000,75.360001,0.340000,12.980000,285.790009,63.869999,92031.796875,26.68,108.56,41.257141,PM2.5,4594
29.110001,36.119999,7.680000,3.070000,0.350000,75.599998,2.710000,12.210000,285.070007,65.180000,91243.468750,26.67,108.71,41.585716,PM2.5,4595
32.080002,40.910000,9.270000,3.940000,0.380000,69.889999,3.910000,13.660000,285.190002,63.160000,91072.156250,26.67,108.86,45.828575,PM2.5,4596
35.959999,46.340000,12.640000,5.050000,0.410000,66.669998,2.910000,13.850000,286.040009,59.150002,92539.351562,26.66,109.02,51.199997,PM2.5,4597
41.770000,53.930000,14.220000,6.050000,0.450000,64.300003,2.320000,14.160000,286.450012,57.630001,94076.421875,26.66,109.17,58.462502,PM2.5,4598
47.029999,60.480000,14.850000,7.170000,0.490000,63.490002,2.330000,14.360000,286.290009,58.250000,94055.171875,26.65,109.32,65.037498,PM2.5,4599
32.720001,37.549999,6.980000,3.040000,0.510000,75.330002,13.260000,4.470000,283.369995,47.759998,78637.382812,26.86,103.86,46.742859,PM2.5,4701
33.430000,38.869999,6.880000,3.070000,0.520000,75.769997,14.280000,4.500000,282.190002,50.970001,77454.187500,26.86,104.01,47.757145,PM2.5,4702
33.580002,39.490002,6.700000,3.110000,0.530000,75.730003,14.780000,4.120000,281.739990,51.849998,76919.656250,26.86,104.17,47.971432,PM2.5,4703
33.150002,39.639999,6.600000,3.230000,0.550000,75.540001,13.860000,3.700000,281.970001,50.869999,77037.046875,26.86,104.32,47.357143,PM2.5,4704
32.680000,39.509998,6.350000,3.360000,0.550000,74.919998,12.720000,4.190000,281.790009,51.299999,76827.070312,26.86,104.47,46.685715,PM2.5,4705
32.090000,39.189999,6.100000,3.430000,0.540000,74.980003,12.950000,4.780000,281.850006,51.330002,76839.968750,26.86,104.62,45.842857,PM2.5,4706
32.400002,41.009998,6.950000,5.630000,0.600000,71.160004,13.680000,5.090000,283.440002,47.419998,78393.070312,26.86,104.77,46.285717,PM2.5,4707
33.000000,43.020000,8.350000,8.670000,0.660000,65.690002,13.280000,5.400000,285.399994,43.410000,80468.210938,26.87,104.92,47.142857,PM2.5,4708
33.480000,44.619999,9.790000,11.740000,0.690000,60.490002,11.870000,5.600000,286.329987,42.340000,81604.531250,26.87,105.08,47.828571,PM2.5,4709
33.860001,46.599998,11.160000,13.220000,0.720000,59.169998,9.940000,5.950000,286.480011,43.500000,82281.117188,26.86,105.23,48.371429,PM2.5,4710
34.150002,47.790001,11.550000,12.720000,0.730000,61.639999,7.910000,6.120000,286.809998,45.250000,83709.882812,26.86,105.38,48.785717,PM2.5,4711
33.169998,46.529999,11.380000,11.890000,0.690000,65.080002,6.930000,7.310000,287.170013,45.970001,84508.976562,26.86,105.53,47.385712,PM2.5,4712
32.060001,45.009998,11.820000,11.610000,0.650000,69.220001,7.230000,8.270000,287.369995,46.299999,84784.203125,26.86,105.68,45.800003,PM2.5,4713
31.190001,44.029999,13.410000,12.100000,0.620000,73.239998,7.480000,8.730000,287.670013,46.650002,85461.757812,26.86,105.83,44.557144,PM2.5,4714
30.010000,42.680000,14.570000,12.500000,0.590000,77.300003,7.220000,8.840000,287.579987,47.900002,85758.789062,26.86,105.99,42.871429,PM2.5,4715
28.280001,40.770000,14.550000,12.650000,0.550000,81.900002,6.260000,9.010000,287.869995,48.130001,86553.726562,26.86,106.14,40.770000,PM10,4716
27.879999,40.910000,16.469999,15.590000,0.540000,85.339996,4.880000,9.400000,287.779999,49.389999,87441.632812,26.86,106.29,40.910000,PM10,4717
28.549999,42.560001,18.049999,17.290001,0.530000,89.730003,3.810000,10.400000,286.989990,51.630001,87355.398438,26.86,106.44,42.560001,PM10,4718
36.630001,54.299999,29.250000,23.590000,0.700000,89.660004,3.390000,11.370000,285.700012,55.570000,86610.226562,26.85,106.59,52.150002,PM10,4719
32.660000,48.480000,21.379999,17.430000,0.580000,96.300003,4.320000,12.190000,284.820007,59.750000,86354.242188,26.85,106.75,48.480000,PM10,4720
29.650000,43.639999,15.840000,13.030000,0.500000,101.580002,5.280000,11.690000,285.380005,58.939999,87026.382812,26.85,106.9,43.639999,PM10,4721
27.799999,40.529999,11.390000,9.220000,0.440000,104.180000,4.770000,13.620000,285.859985,58.570000,87682.273438,26.85,107.05,40.529999,PM10,4722
27.500000,39.250000,8.890000,7.100000,0.400000,105.260002,3.870000,13.110000,285.040009,63.090000,87357.882812,26.84,107.2,39.285713,PM2.5,4723
27.340000,37.720001,8.020000,5.950000,0.390000,105.949997,3.440000,10.800000,284.339996,66.089996,86972.640625,26.84,107.35,39.057144,PM2.5,4724
27.980000,38.459999,8.560000,5.860000,0.390000,97.669998,3.020000,10.880000,284.929993,65.769997,88434.351562,26.84,107.5,39.971428,PM2.5,4725
28.230000,37.700001,10.530000,5.600000,0.390000,94.660004,2.510000,10.770000,285.910004,64.680000,90340.601562,26.84,107.66,40.328571,PM2.5,4726
28.790001,37.500000,9.420000,4.480000,0.380000,90.650002,3.140000,12.790000,285.859985,66.410004,90736.507812,26.83,107.81,41.128574,PM2.5,4727
28.879999,36.779999,9.180000,3.960000,0.370000,88.269997,5.270000,13.740000,285.529999,67.870003,90678.156250,26.83,107.96,41.257141,PM2.5,4728
28.059999,35.599998,8.000000,3.530000,0.360000,83.519997,5.870000,13.380000,286.809998,61.869999,91605.593750,26.82,108.11,40.085712,PM2.5,4729
25.920000,32.680000,7.570000,3.290000,0.350000,79.930000,2.930000,7.410000,288.529999,54.540001,92668.156250,26.82,108.26,37.028572,PM2.5,4730
26.340000,33.090000,7.030000,3.000000,0.340000,77.199997,0.190000,10.020000,288.070007,55.970001,92695.406250,26.82,108.41,37.628571,PM2.5,4731
28.809999,36.520000,7.300000,3.020000,0.350000,74.650002,1.030000,14.690000,285.630005,63.990002,91423.218750,26.81,108.57,41.157143,PM2.5,4732
29.139999,37.040001,7.570000,3.180000,0.360000,73.769997,3.560000,14.260000,285.010010,64.800003,90703.203125,26.81,108.72,41.628571,PM2.5,4733
30.450001,39.080002,8.990000,3.910000,0.380000,71.290001,4.010000,13.270000,286.309998,59.599998,92023.851562,26.8,108.87,43.500000,PM2.5,4734
34.790001,46.130001,12.110000,5.170000,0.420000,64.980003,2.620000,13.760000,286.829987,57.020000,93181.046875,26.8,109.02,49.700001,PM2.5,4735
40.099998,53.630001,14.050000,6.050000,0.450000,63.540001,2.520000,13.680000,286.690002,56.799999,93983.687500,26.79,109.17,56.375000,PM2.5,4736
44.939999,60.709999,14.750000,7.140000,0.500000,61.680000,2.950000,13.430000,287.230011,55.139999,95022.796875,26.79,109.32,62.424999,PM2.5,4737
47.919998,65.769997,15.760000,8.200000,0.540000,62.060001,2.190000,13.100000,287.829987,54.410000,96018.507812,26.78,109.48,66.149994,PM2.5,4738
34.290001,38.720001,7.900000,3.590000,0.560000,77.190002,13.070000,4.710000,283.040009,48.029999,78190.398438,27.0,103.86,48.985714,PM2.5,4839
35.080002,40.209999,7.750000,3.610000,0.570000,77.220001,14.170000,5.000000,282.410004,49.730000,77531.679688,27.0,104.01,50.100002,PM2.5,4840
35.000000,40.720001,7.400000,3.580000,0.580000,76.760002,14.560000,4.990000,282.459991,49.560001,77557.546875,27.0,104.16,50.000000,PM2.5,4841
34.130001,40.369999,7.050000,3.490000,0.580000,76.570000,14.150000,4.890000,282.779999,48.570000,77801.109375,27.0,104.32,48.757145,PM2.5,4842
33.290001,39.970001,6.680000,3.550000,0.590000,75.400002,13.600000,5.450000,283.100006,47.570000,78054.312500,27.0,104.47,47.557144,PM2.5,4843
32.470001,39.490002,6.420000,3.580000,0.580000,75.389999,13.450000,5.620000,283.459991,46.630001,78335.593750,27.0,104.62,46.385715,PM2.5,4844
32.169998,40.020000,6.560000,4.300000,0.600000,73.500000,13.950000,5.490000,284.260010,44.619999,79072.218750,27.0,104.77,45.957142,PM2.5,4845
31.940001,40.560001,7.050000,5.470000,0.620000,70.099998,13.530000,4.990000,286.130005,40.669998,80917.398438,27.0,104.92,45.628571,PM2.5,4846
32.410000,42.430000,7.980000,7.240000,0.670000,65.720001,11.070000,3.940000,288.059998,37.950001,83274.046875,27.0,105.08,46.299999,PM2.5,4847
33.570000,45.730000,9.610000,9.500000,0.720000,62.700001,8.270000,4.170000,288.119995,39.490002,83897.601562,27.0,105.23,47.957142,PM2.5,4848
35.470001,49.349998,10.780000,10.460000,0.780000,63.470001,6.770000,4.770000,286.829987,44.590000,83553.023438,27.0,105.38,50.587502,PM2.5,4849
36.230000,50.709999,11.420000,10.790000,0.790000,65.580002,6.310000,5.520000,286.899994,46.740002,84355.273438,27.0,105.53,51.537498,PM2.5,4850
34.660000,48.630001,11.740000,10.870000,0.750000,68.389999,6.300000,6.140000,287.600006,46.259998,85286.570312,27.0,105.68,49.514286,PM2.5,4851
33.200001,46.560001,12.680000,11.280000,0.690000,71.550003,6.590000,6.970000,287.630005,47.000000,85533.968750,27.0,105.84,47.428574,PM2.5,4852
32.099998,45.000000,14.250000,12.490000,0.650000,75.400002,6.210000,7.730000,287.709991,47.680000,85974.882812,27.0,105.99,45.857140,PM2.5,4853
33.740002,46.740002,16.360001,15.430000,0.650000,79.820000,4.940000,7.800000,287.529999,50.000000,86670.726562,27.0,106.14,48.200001,PM2.5,4854
32.619999,45.279999,16.730000,16.230000,0.590000,84.519997,3.900000,7.700000,287.350006,52.400002,87575.328125,26.99,106.29,46.599998,PM2.5,4855
31.219999,44.369999,17.360001,17.270000,0.560000,88.709999,3.200000,8.910000,287.040009,53.169998,87952.359375,26.99,106.44,44.599998,PM2.5,4856
35.790001,51.130001,24.620001,21.240000,0.660000,89.199997,3.220000,10.990000,285.739990,55.919998,86722.226562,26.99,106.6,50.987503,PM2.5,4857
32.939999,47.450001,21.170000,17.840000,0.580000,94.150002,4.940000,13.030000,284.609985,59.500000,85778.593750,26.99,106.75,47.450001,PM10,4858
30.150000,43.639999,16.670000,14.020000,0.510000,98.750000,6.440000,13.610000,285.619995,57.299999,87042.351562,26.99,106.9,43.639999,PM10,4859
27.660000,40.099998,12.090000,9.880000,0.440000,102.029999,5.340000,14.150000,287.190002,53.959999,88969.656250,26.98,107.05,40.099998,PM10,4860
26.690001,37.369999,9.540000,7.250000,0.410000,106.610001,3.440000,12.960000,286.649994,56.900002,88608.062500,26.98,107.2,38.128571,PM2.5,4861
27.540001,38.040001,8.570000,6.400000,0.400000,102.059998,3.060000,12.810000,284.609985,64.080002,86858.398438,26.98,107.36,39.342857,PM2.5,4862
28.139999,38.349998,8.530000,5.770000,0.390000,96.470001,3.480000,12.800000,284.230011,67.059998,87219.593750,26.97,107.51,40.200001,PM2.5,4863
28.160000,37.500000,9.800000,5.350000,0.390000,92.879997,3.540000,12.590000,285.440002,65.209999,89546.117188,26.97,107.66,40.228573,PM2.5,4864
28.379999,36.939999,9.050000,4.450000,0.380000,88.760002,3.570000,13.170000,286.109985,64.730003,90867.296875,26.97,107.81,40.542854,PM2.5,4865
27.950001,35.150002,8.730000,3.790000,0.370000,88.489998,3.830000,12.040000,286.209991,64.959999,91203.500000,26.96,107.96,39.928574,PM2.5,4866
27.620001,34.610001,8.170000,3.510000,0.360000,84.250000,3.860000,10.820000,286.690002,62.680000,91649.101562,26.96,108.12,39.457146,PM2.5,4867
26.910000,33.959999,7.870000,3.410000,0.360000,79.550003,3.320000,7.290000,287.100006,59.490002,91599.679688,26.96,108.27,38.442856,PM2.5,4868
26.930000,34.419998,7.140000,3.170000,0.360000,74.320000,2.790000,9.960000,287.579987,57.330002,92159.960938,26.95,108.42,38.471428,PM2.5,4869
28.410000,36.580002,7.450000,3.260000,0.360000,72.809998,3.240000,14.710000,287.390015,57.990002,92882.140625,26.95,108.57,40.585712,PM2.5,4870
28.790001,37.459999,7.630000,3.490000,0.370000,70.639999,3.380000,14.730000,287.160004,57.689999,92791.546875,26.94,108.72,41.128574,PM2.5,4871
30.260000,40.330002,8.760000,4.290000,0.400000,65.970001,2.450000,11.680000,287.179993,56.980000,92945.609375,26.94,108.87,43.228573,PM2.5,4872
34.470001,47.180000,11.930000,5.540000,0.440000,61.220001,1.990000,12.390000,287.170013,56.250000,93484.468750,26.93,109.03,49.242859,PM2.5,4873
39.349998,54.830002,13.920000,6.450000,0.470000,59.650002,2.220000,12.680000,287.190002,55.490002,94353.218750,26.93,109.18,55.437500,PM2.5,4874
42.310001,59.700001,15.040000,7.250000,0.500000,61.299999,2.190000,11.420000,287.760010,53.509998,95478.562500,26.92,109.33,59.137501,PM2.5,4875
46.810001,68.320000,15.870000,8.480000,0.550000,60.360001,1.580000,11.500000,288.209991,52.950001,96436.820312,26.92,109.48,64.762505,PM2.5,4876
33.970001,37.689999,8.810000,4.100000,0.580000,78.320000,13.340000,5.020000,284.519989,45.160000,80046.562500,27.13,103.71,48.528572,PM2.5,4976
35.529999,39.599998,8.550000,4.020000,0.580000,77.230003,13.750000,5.340000,283.390015,48.090000,78864.718750,27.13,103.86,50.662498,PM2.5,4977
36.279999,40.980000,8.380000,3.970000,0.590000,77.220001,14.550000,5.890000,283.140015,48.130001,78432.648438,27.13,104.01,51.599998,PM2.5,4978
36.099998,41.430000,7.950000,3.880000,0.590000,76.510002,14.860000,5.710000,283.589996,46.540001,78743.523438,27.13,104.16,51.375000,PM2.5,4979
35.009998,40.900002,7.400000,3.720000,0.600000,75.720001,14.660000,5.240000,284.339996,44.520000,79419.421875,27.13,104.31,50.012497,PM2.5,4980
33.830002,40.220001,6.960000,3.660000,0.600000,74.669998,14.020000,5.390000,285.160004,42.639999,80252.296875,27.13,104.47,48.328575,PM2.5,4981
33.020000,40.029999,6.820000,3.770000,0.610000,74.139999,13.320000,5.330000,285.779999,41.279999,80839.773438,27.14,104.62,47.171429,PM2.5,4982
33.730000,42.360001,7.180000,4.550000,0.670000,72.330002,12.470000,4.290000,286.760010,39.450001,81917.718750,27.14,104.77,48.185715,PM2.5,4983
35.669998,46.660000,7.830000,5.700000,0.750000,69.279999,10.570000,2.630000,287.279999,39.369999,82925.046875,27.14,104.92,50.837498,PM2.5,4984
40.509998,55.259998,9.420000,7.920000,0.920000,65.889999,7.880000,1.400000,286.980011,41.759998,83327.781250,27.14,105.08,56.887497,PM2.5,4985
40.529999,55.980000,10.620000,9.760000,0.910000,63.830002,5.740000,2.270000,286.839996,44.040001,83536.007812,27.14,105.23,56.912498,PM2.5,4986
41.689999,57.660000,11.800000,10.800000,0.920000,64.900002,4.740000,3.720000,286.380005,47.000000,83624.531250,27.14,105.38,58.362499,PM2.5,4987
42.549999,58.590000,13.030000,11.490000,0.920000,66.930000,4.320000,4.280000,286.329987,49.400002,84272.992188,27.13,105.53,59.437500,PM2.5,4988
40.470001,55.869999,13.310000,11.640000,0.870000,69.519997,4.320000,4.850000,286.290009,50.320000,84299.546875,27.13,105.69,56.837502,PM2.5,4989
37.950001,51.959999,13.190000,11.270000,0.770000,71.849998,5.130000,5.570000,285.799988,52.400002,83832.671875,27.13,105.84,53.687500,PM2.5,4990
37.990002,51.520000,15.710000,13.780000,0.740000,74.089996,5.570000,6.020000,286.500000,51.860001,85178.617188,27.13,105.99,53.737503,PM2.5,4991
38.180000,51.240002,17.680000,16.330000,0.710000,77.230003,4.840000,6.150000,287.220001,51.830002,86908.812500,27.13,106.14,53.974998,PM2.5,4992
35.070000,47.570000,16.400000,15.360000,0.630000,81.650002,4.070000,6.610000,287.130005,53.160000,87646.023438,27.13,106.29,50.087502,PM2.5,4993
33.070000,45.730000,16.370001,15.940000,0.580000,86.500000,4.030000,8.270000,286.869995,54.139999,88104.039062,27.13,106.45,47.242855,PM2.5,4994
35.180000,48.770000,21.379999,19.150000,0.630000,88.519997,4.540000,11.010000,286.420013,54.549999,87727.312500,27.13,106.6,50.224998,PM2.5,4995
33.590000,46.840000,21.120001,18.389999,0.590000,91.889999,6.110000,13.520000,286.209991,54.549999,87180.148438,27.12,106.75,47.985714,PM2.5,4996
31.040001,43.910000,18.400000,15.830000,0.540000,95.519997,7.060000,13.890000,287.329987,51.750000,88388.656250,27.12,106.9,44.342857,PM2.5,4997
27.950001,40.029999,13.580000,11.270000,0.470000,98.239998,5.640000,13.510000,288.609985,49.580002,90326.007812,27.12,107.05,40.029999,PM10,4998
26.700001,37.610001,10.400000,8.230000,0.420000,100.440002,4.000000,12.860000,288.140015,52.110001,90179.406250,27.12,107.21,38.142857,PM2.5,4999
27.230000,37.520000,8.980000,6.690000,0.410000,99.330002,3.660000,14.200000,286.489990,57.380001,88420.796875,27.11,107.36,38.899998,PM2.5,5000
27.799999,37.689999,8.700000,5.900000,0.400000,94.680000,3.740000,14.380000,285.609985,61.250000,88012.367188,27.11,107.51,39.714283,PM2.5,5001
27.990000,37.099998,9.540000,5.370000,0.390000,90.180000,3.380000,14.060000,285.760010,62.990002,89413.031250,27.11,107.66,39.985714,PM2.5,5002
28.180000,36.529999,8.920000,4.450000,0.380000,86.220001,2.790000,13.180000,286.109985,63.930000,90629.859375,27.1,107.82,40.257145,PM2.5,5003
28.170000,35.740002,8.660000,3.950000,0.380000,83.709999,2.350000,10.570000,286.149994,64.699997,91082.031250,27.1,107.97,40.242859,PM2.5,5004
27.610001,34.500000,8.250000,3.520000,0.370000,83.419998,3.030000,9.670000,286.040009,64.870003,90960.437500,27.1,108.12,39.442860,PM2.5,5005
27.150000,34.060001,7.850000,3.300000,0.360000,79.900002,4.050000,8.830000,286.420013,61.980000,90918.843750,27.09,108.27,38.785713,PM2.5,5006
27.170000,34.799999,7.300000,3.260000,0.360000,73.099998,3.840000,9.290000,287.630005,57.259998,92207.398438,27.09,108.42,38.814285,PM2.5,5007
27.799999,36.250000,7.350000,3.450000,0.370000,69.440002,3.550000,11.170000,288.700012,54.299999,94228.953125,27.08,108.58,39.714283,PM2.5,5008
28.389999,37.810001,8.060000,4.040000,0.390000,65.809998,2.600000,11.500000,289.010010,52.799999,94956.226562,27.08,108.73,40.557140,PM2.5,5009
34.189999,47.779999,11.770000,6.080000,0.460000,57.080002,1.710000,11.710000,286.850006,57.150002,92861.531250,27.07,109.03,48.842854,PM2.5,5011
38.790001,55.730000,13.450000,7.060000,0.490000,55.060001,1.970000,12.320000,287.070007,55.939999,94034.117188,27.06,109.18,54.737503,PM2.5,5012
42.169998,62.480000,14.630000,8.030000,0.530000,56.330002,1.730000,10.930000,287.779999,53.330002,95474.421875,27.06,109.34,58.962498,PM2.5,5013
46.610001,71.250000,15.820000,9.140000,0.570000,58.380001,1.640000,11.580000,288.029999,53.000000,96203.617188,27.05,109.49,64.512497,PM2.5,5014
35.430000,39.000000,8.310000,3.740000,0.520000,77.540001,13.470000,5.820000,282.950012,49.560001,78487.890625,27.27,103.86,50.537498,PM2.5,5115
36.270000,40.299999,8.360000,3.800000,0.530000,76.790001,14.530000,6.400000,285.059998,44.080002,80541.867188,27.27,104.01,51.587502,PM2.5,5116
36.730000,41.470001,8.210000,3.840000,0.550000,75.470001,13.860000,5.380000,285.570007,42.810001,81086.023438,27.27,104.16,52.162498,PM2.5,5117
35.790001,41.020000,7.590000,3.580000,0.550000,74.989998,13.700000,4.300000,284.320007,45.500000,79732.812500,27.27,104.31,50.987503,PM2.5,5118
35.220001,41.290001,7.340000,3.610000,0.560000,73.620003,13.420000,4.380000,284.779999,44.250000,80157.476562,27.27,104.47,50.275002,PM2.5,5119
38.730000,46.990002,8.270000,4.680000,0.660000,72.010002,11.770000,3.750000,285.609985,42.939999,81282.867188,27.27,104.62,54.662498,PM2.5,5120
44.549999,56.770000,9.610000,6.730000,0.830000,70.330002,8.970000,1.900000,286.489990,43.270000,83284.453125,27.27,104.77,61.937500,PM2.5,5121
48.490002,63.540001,10.410000,7.970000,0.940000,68.739998,6.350000,0.720000,286.279999,45.330002,83700.593750,27.27,104.92,66.862503,PM2.5,5122
49.650002,66.849998,11.190000,8.940000,1.020000,66.500000,5.530000,1.200000,285.230011,47.439999,82233.781250,27.27,105.08,68.312500,PM2.5,5123
49.540001,67.750000,13.010000,10.660000,1.060000,64.540001,4.930000,1.770000,285.410004,49.130001,82923.062500,27.27,105.23,68.175003,PM2.5,5124
48.360001,65.900002,14.180000,11.530000,1.030000,64.629997,3.520000,2.900000,286.160004,48.889999,84292.812500,27.27,105.38,66.699997,PM2.5,5125
46.930000,63.049999,14.090000,11.130000,0.960000,66.559998,2.550000,3.860000,285.959991,50.950001,84566.492188,27.27,105.53,64.912498,PM2.5,5126
44.669998,59.759998,13.840000,10.810000,0.890000,68.900002,2.840000,4.840000,285.100006,54.240002,83594.250000,27.27,105.69,62.087498,PM2.5,5127
41.209999,55.000000,13.480000,10.460000,0.790000,70.930000,4.390000,5.640000,283.989990,57.790001,82191.296875,27.27,105.84,57.762497,PM2.5,5128
41.200001,53.439999,16.049999,12.140000,0.750000,74.989998,5.180000,4.930000,284.899994,56.509998,83611.617188,27.27,105.99,57.750000,PM2.5,5129
40.820000,53.310001,17.920000,14.700000,0.740000,74.570000,4.900000,4.960000,286.519989,53.509998,86440.851562,27.27,106.14,57.275002,PM2.5,5130
37.740002,49.919998,17.240000,15.530000,0.660000,77.709999,4.860000,5.940000,286.899994,53.459999,87573.398438,27.26,106.3,53.425003,PM2.5,5131
34.860001,47.009998,16.900000,16.100000,0.600000,82.540001,5.530000,7.810000,287.290009,52.700001,88543.539062,27.26,106.45,49.799999,PM2.5,5132
35.230000,47.580002,19.129999,17.410000,0.610000,85.449997,6.260000,10.080000,287.989990,50.650002,89677.359375,27.26,106.6,50.287498,PM2.5,5133
34.290001,46.470001,20.410000,17.900000,0.610000,87.589996,6.840000,11.660000,288.579987,48.660000,89909.273438,27.26,106.75,48.985714,PM2.5,5134
32.520000,44.430000,19.680000,16.900000,0.580000,89.059998,6.190000,10.920000,288.920013,47.950001,90125.843750,27.26,106.91,46.457142,PM2.5,5135
28.889999,40.290001,15.190000,12.470000,0.500000,92.519997,4.570000,10.330000,289.160004,47.950001,90790.171875,27.25,107.06,41.271427,PM2.5,5136
27.230000,37.820000,11.560000,9.170000,0.450000,94.930000,4.230000,10.790000,289.170013,49.200001,91415.609375,27.25,107.21,38.899998,PM2.5,5137
26.959999,36.860001,9.760000,7.350000,0.420000,94.769997,4.380000,11.690000,288.660004,51.230000,90809.898438,27.25,107.36,38.514286,PM2.5,5138
27.100000,36.549999,9.050000,6.300000,0.410000,90.500000,3.870000,12.420000,287.739990,54.389999,89995.367188,27.25,107.52,38.714287,PM2.5,5139
27.270000,36.020000,9.410000,5.480000,0.400000,86.410004,2.580000,12.580000,287.329987,57.450001,90716.687500,27.24,107.67,38.957142,PM2.5,5140
27.760000,35.810001,8.840000,4.500000,0.390000,83.239998,1.200000,12.090000,286.950012,60.779999,91426.578125,27.24,107.82,39.657143,PM2.5,5141
28.350000,35.830002,8.500000,3.900000,0.380000,81.839996,1.150000,10.910000,285.769989,65.559998,90571.906250,27.23,107.97,40.500000,PM2.5,5142
28.260000,35.410000,8.120000,3.560000,0.370000,80.059998,3.090000,10.770000,284.809998,68.930000,89605.093750,27.23,108.12,40.371429,PM2.5,5143
27.879999,35.090000,7.760000,3.390000,0.370000,76.760002,4.170000,9.630000,285.899994,64.010002,90609.406250,27.23,108.28,39.828571,PM2.5,5144
27.219999,34.619999,7.660000,3.340000,0.370000,73.230003,2.830000,7.490000,287.320007,58.520000,92099.140625,27.22,108.43,38.885712,PM2.5,5145
28.430000,37.270000,7.360000,3.660000,0.390000,66.470001,2.330000,8.530000,287.679993,57.110001,93030.187500,27.22,108.58,40.614285,PM2.5,5146
29.110001,39.380001,8.570000,4.660000,0.420000,61.360001,2.740000,9.270000,288.429993,54.540001,94449.039062,27.21,108.73,41.585716,PM2.5,5147
30.350000,42.580002,10.270000,6.100000,0.470000,56.070000,2.460000,9.280000,288.609985,53.000000,94679.031250,27.21,108.89,43.357143,PM2.5,5148
43.200001,48.549999,9.810000,4.530000,0.520000,73.760002,11.070000,3.810000,285.869995,42.209999,82035.781250,27.4,104.01,60.250000,PM2.5,5255
43.810001,50.450001,8.900000,4.470000,0.560000,72.199997,9.990000,3.600000,282.950012,50.259998,79226.367188,27.41,104.31,61.012501,PM2.5,5257
46.099998,54.189999,9.410000,5.030000,0.610000,72.290001,10.420000,3.310000,284.049988,47.740002,80321.593750,27.41,104.47,63.875000,PM2.5,5258
58.380001,75.139999,11.700000,8.730000,0.960000,67.150002,4.570000,1.460000,284.380005,51.650002,82654.968750,27.41,105.08,79.224998,PM2.5,5262
59.480000,78.940002,15.490000,11.600000,1.110000,64.750000,4.430000,1.540000,284.769989,51.470001,83264.148438,27.41,105.23,80.599998,PM2.5,5263
58.939999,78.239998,17.570000,12.650000,1.150000,63.599998,3.160000,2.010000,285.600006,50.360001,84633.617188,27.41,105.38,79.924995,PM2.5,5264
53.610001,69.980003,15.310000,11.130000,0.980000,65.720001,2.130000,3.610000,285.649994,51.720001,84957.640625,27.41,105.53,73.262497,PM2.5,5265
49.299999,63.799999,14.030000,10.100000,0.870000,68.510002,2.500000,5.210000,284.470001,56.240002,83592.546875,27.41,105.69,67.875000,PM2.5,5266
46.090000,59.180000,13.980000,9.700000,0.790000,70.980003,4.460000,6.350000,283.859985,58.020000,82681.171875,27.4,105.84,63.862499,PM2.5,5267
46.340000,58.750000,15.890000,10.850000,0.770000,72.519997,5.620000,5.050000,285.100006,55.049999,84289.031250,27.4,105.99,64.175003,PM2.5,5268
44.380001,56.320000,17.620001,12.860000,0.750000,72.510002,5.310000,4.700000,286.339996,52.939999,86369.507812,27.4,106.14,61.725002,PM2.5,5269
40.889999,52.599998,18.500000,16.080000,0.680000,73.849998,5.450000,5.500000,287.130005,52.220001,87910.726562,27.4,106.3,57.362499,PM2.5,5270
36.980000,48.549999,18.309999,17.260000,0.620000,76.989998,5.910000,6.480000,288.320007,49.939999,89730.882812,27.4,106.45,52.474998,PM2.5,5271
35.610001,47.020000,18.959999,16.969999,0.610000,80.160004,6.050000,7.350000,288.989990,48.549999,90929.953125,27.4,106.6,50.762501,PM2.5,5272
35.680000,46.830002,20.500000,17.420000,0.630000,82.019997,5.830000,7.870000,289.140015,47.889999,90888.640625,27.39,106.76,50.849998,PM2.5,5273
34.660000,45.470001,20.250000,16.680000,0.620000,82.760002,4.600000,7.180000,288.989990,48.150002,90590.046875,27.39,106.91,49.514286,PM2.5,5274
31.090000,41.689999,16.320000,13.230000,0.540000,85.320000,2.990000,7.740000,288.859985,48.599998,90757.500000,27.39,107.06,44.414288,PM2.5,5275
28.170000,37.439999,12.870000,9.690000,0.470000,92.129997,3.050000,8.360000,288.690002,50.049999,90988.960938,27.39,107.21,40.242859,PM2.5,5276
27.650000,36.939999,10.690000,8.060000,0.440000,90.459999,4.220000,9.090000,288.209991,52.099998,90677.593750,27.38,107.37,39.500000,PM2.5,5277
27.059999,36.029999,9.370000,6.690000,0.420000,86.209999,3.610000,9.260000,288.429993,52.439999,90956.046875,27.38,107.52,38.657143,PM2.5,5278
26.770000,35.090000,9.260000,5.650000,0.400000,82.190002,1.470000,9.460000,288.619995,53.590000,92185.171875,27.38,107.67,38.242859,PM2.5,5279
27.360001,35.110001,8.710000,4.520000,0.390000,81.599998,0.340000,10.510000,287.660004,58.380001,92266.546875,27.37,107.82,39.085716,PM2.5,5280
28.280001,35.480000,8.180000,3.820000,0.370000,80.180000,1.210000,11.870000,285.420013,66.389999,90125.546875,27.37,107.98,40.400002,PM2.5,5281
28.410000,35.419998,7.830000,3.440000,0.370000,78.720001,3.020000,12.810000,284.459991,69.589996,88951.421875,27.37,108.13,40.585712,PM2.5,5282
27.700001,34.349998,7.680000,3.210000,0.360000,77.919998,3.010000,10.170000,285.880005,63.990002,90455.601562,27.36,108.28,39.571430,PM2.5,5283
27.559999,34.889999,7.650000,3.280000,0.370000,72.940002,1.990000,7.550000,286.529999,61.060001,91358.687500,27.36,108.43,39.371429,PM2.5,5284
29.059999,38.110001,7.390000,3.740000,0.390000,64.400002,2.070000,8.960000,286.500000,60.529999,91604.796875,27.35,108.59,41.514286,PM2.5,5285
28.930000,38.990002,8.430000,4.720000,0.430000,60.840000,2.470000,9.100000,287.529999,57.070000,93236.593750,27.35,108.74,41.328571,PM2.5,5286
30.590000,43.630001,9.790000,6.630000,0.500000,52.009998,2.550000,9.070000,288.619995,53.080002,94824.492188,27.34,108.89,43.700001,PM2.5,5287
33.330002,49.139999,11.960000,8.450000,0.530000,46.029999,1.860000,9.780000,288.859985,51.720001,95200.976562,27.34,109.04,49.139999,PM10,5288
66.089996,83.589996,13.680000,10.790000,0.990000,63.970001,3.280000,1.050000,284.679993,52.200001,84587.531250,27.54,105.38,88.862495,PM2.5,5409
62.910000,79.570000,14.000000,11.200000,0.960000,64.410004,2.870000,2.330000,285.510010,51.369999,85809.546875,27.54,105.54,84.887497,PM2.5,5410
56.439999,71.400002,13.870000,10.690000,0.880000,67.000000,3.470000,4.310000,285.540009,52.590000,85482.546875,27.54,105.69,76.799995,PM2.5,5411
52.790001,66.360001,14.400000,10.470000,0.820000,69.040001,4.200000,4.550000,286.279999,51.040001,85845.437500,27.54,105.84,72.237503,PM2.5,5412
55.590000,68.500000,16.110001,11.430000,0.840000,68.370003,3.850000,2.160000,287.140015,49.939999,87683.343750,27.54,105.99,75.737503,PM2.5,5413
53.020000,64.959999,17.480000,12.450000,0.800000,68.910004,3.780000,1.770000,287.309998,50.470001,88272.523438,27.54,106.15,72.525002,PM2.5,5414
45.939999,57.209999,18.240000,14.430000,0.720000,70.410004,4.370000,3.300000,287.649994,50.650002,88752.078125,27.54,106.3,63.674999,PM2.5,5415
40.080002,51.029999,18.639999,16.090000,0.640000,72.870003,4.280000,4.130000,288.130005,50.509998,89675.203125,27.53,106.45,56.350002,PM2.5,5416
37.290001,47.889999,19.910000,17.639999,0.610000,75.120003,4.130000,4.570000,288.220001,50.799999,90093.093750,27.53,106.61,52.862503,PM2.5,5417
41.599998,51.630001,26.600000,20.719999,0.750000,76.160004,4.260000,5.050000,288.359985,50.470001,90257.960938,27.53,106.76,58.250000,PM2.5,5418
43.830002,53.020000,30.030001,21.520000,0.810000,76.830002,3.490000,5.330000,288.500000,49.950001,90432.906250,27.53,106.91,61.037502,PM2.5,5419
34.400002,43.810001,19.090000,14.420000,0.610000,80.169998,2.240000,7.340000,288.519989,49.590000,90680.078125,27.52,107.06,49.142860,PM2.5,5420
29.889999,38.849998,13.730000,10.330000,0.500000,85.430000,2.280000,8.810000,287.940002,51.520000,90211.898438,27.52,107.22,42.700001,PM2.5,5421
28.490000,37.320000,11.280000,8.350000,0.450000,87.059998,3.300000,9.110000,287.429993,53.849998,89801.023438,27.52,107.37,40.700001,PM2.5,5422
28.090000,36.410000,10.210000,7.130000,0.440000,83.010002,2.510000,8.460000,287.790009,53.720001,90558.828125,27.52,107.52,40.128571,PM2.5,5423
27.570000,35.369999,9.660000,5.800000,0.410000,80.309998,0.970000,8.600000,287.670013,56.020000,91230.703125,27.51,107.68,39.385715,PM2.5,5424
27.650000,35.060001,8.690000,4.520000,0.390000,80.239998,1.330000,10.350000,286.890015,60.389999,91356.406250,27.51,107.83,39.500000,PM2.5,5425
28.090000,35.009998,8.260000,3.820000,0.380000,79.910004,2.710000,12.470000,286.179993,63.060001,90678.976562,27.51,107.98,40.128571,PM2.5,5426
28.299999,35.080002,8.170000,3.600000,0.370000,77.360001,2.900000,13.630000,286.010010,63.380001,90398.226562,27.5,108.13,40.428570,PM2.5,5427
27.930000,34.869999,7.660000,3.360000,0.370000,74.360001,1.660000,10.600000,286.440002,61.860001,91013.312500,27.5,108.29,39.900002,PM2.5,5428
27.930000,35.250000,7.760000,3.290000,0.370000,72.370003,1.630000,8.530000,286.200012,61.980000,90862.476562,27.49,108.44,39.900002,PM2.5,5429
29.180000,38.290001,7.500000,3.790000,0.400000,63.560001,2.190000,9.110000,286.470001,60.340000,91372.820312,27.49,108.59,41.685715,PM2.5,5430
29.570000,40.549999,8.320000,5.120000,0.450000,56.540001,1.730000,9.070000,287.489990,57.000000,93097.562500,27.48,108.74,42.242855,PM2.5,5431
31.190001,45.020000,9.480000,7.080000,0.520000,48.540001,1.640000,9.210000,288.070007,54.560001,94244.562500,27.48,108.9,45.020000,PM10,5432
34.330002,51.520000,12.740000,10.200000,0.570000,42.169998,1.770000,9.570000,287.799988,54.590000,94054.039062,27.47,109.05,50.760002,PM10,5433
37.650002,57.889999,13.240000,10.520000,0.560000,41.930000,1.700000,10.890000,287.399994,55.230000,94051.007812,27.47,109.2,53.945000,PM10,5434
75.830002,93.739998,12.850000,10.790000,0.980000,63.869999,2.770000,0.050000,283.260010,55.520000,84382.820312,27.68,105.38,101.037506,PM2.5,5560
74.449997,92.000000,13.520000,11.480000,0.980000,63.560001,3.660000,0.060000,284.739990,52.130001,86270.773438,27.68,105.54,99.312500,PM2.5,5561
70.389999,86.820000,13.790000,11.590000,0.960000,63.680000,3.170000,0.780000,286.649994,48.860001,88492.460938,27.68,105.69,94.237503,PM2.5,5562
71.750000,87.160004,15.190000,12.190000,0.970000,63.139999,1.430000,0.060000,286.839996,49.419998,89203.593750,27.68,105.84,95.937500,PM2.5,5563
82.989998,97.519997,18.030001,13.450000,1.000000,63.250000,0.340000,-2.590000,286.029999,51.980000,90354.750000,27.67,106.0,109.987495,PM2.5,5564
81.739998,94.610001,19.660000,14.210000,0.960000,64.010002,0.770000,-2.480000,286.269989,53.070000,90712.109375,27.67,106.15,108.424995,PM2.5,5565
60.650002,71.889999,19.650000,15.290000,0.820000,67.050003,1.590000,0.440000,287.190002,51.950001,89840.250000,27.67,106.3,82.062500,PM2.5,5566
46.490002,57.099998,19.430000,16.270000,0.690000,69.879997,2.160000,2.950000,286.670013,54.439999,88344.648438,27.67,106.45,64.362503,PM2.5,5567
41.020000,51.209999,21.080000,18.420000,0.620000,71.830002,3.100000,4.200000,286.170013,56.410000,87739.921875,27.67,106.61,57.525002,PM2.5,5568
46.750000,55.840000,30.889999,22.570000,0.820000,72.540001,3.880000,4.770000,287.049988,54.439999,88975.539062,27.67,106.76,64.687500,PM2.5,5569
50.700001,58.639999,36.939999,24.290001,0.930000,72.669998,3.210000,4.870000,288.000000,52.220001,90326.382812,27.66,106.91,69.625000,PM2.5,5570
37.830002,45.930000,22.139999,15.570000,0.670000,76.669998,2.130000,6.840000,288.399994,50.500000,90919.296875,27.66,107.07,53.537502,PM2.5,5571
31.260000,39.400002,15.120000,10.960000,0.530000,81.989998,2.040000,9.140000,288.380005,50.139999,90817.093750,27.66,107.22,44.657143,PM2.5,5572
29.139999,37.279999,11.800000,8.730000,0.470000,83.339996,2.330000,9.120000,288.130005,51.730000,90680.593750,27.65,107.37,41.628571,PM2.5,5573
28.980000,36.540001,10.840000,7.440000,0.450000,80.150002,1.800000,8.750000,287.820007,53.610001,90795.937500,27.65,107.53,41.399998,PM2.5,5574
28.430000,35.610001,10.080000,6.000000,0.430000,78.169998,1.480000,9.590000,287.089996,57.130001,90459.796875,27.65,107.68,40.614285,PM2.5,5575
27.930000,34.849998,8.890000,4.610000,0.390000,78.879997,2.530000,10.530000,286.859985,59.590000,91024.343750,27.64,107.83,39.900002,PM2.5,5576
27.840000,34.380001,8.490000,4.060000,0.390000,76.910004,3.140000,10.910000,287.899994,57.349998,92559.648438,27.64,107.98,39.771427,PM2.5,5577
28.030001,34.639999,8.570000,3.870000,0.390000,74.110001,1.790000,11.210000,288.420013,55.930000,93224.648438,27.64,108.14,40.042858,PM2.5,5578
28.340000,35.360001,7.890000,3.590000,0.380000,71.510002,0.510000,9.770000,287.399994,58.730000,92184.109375,27.63,108.29,40.485714,PM2.5,5579
28.950001,36.900002,7.940000,3.630000,0.390000,67.900002,1.000000,8.330000,286.260010,61.490002,90977.101562,27.63,108.44,41.357143,PM2.5,5580
29.590000,39.160000,7.680000,4.050000,0.410000,60.560001,1.420000,7.070000,286.839996,59.259998,91967.726562,27.62,108.6,42.271427,PM2.5,5581
30.320000,42.220001,8.640000,5.430000,0.470000,53.110001,1.130000,7.640000,287.660004,56.540001,93475.773438,27.62,108.75,43.314285,PM2.5,5582
31.719999,46.470001,9.530000,7.320000,0.550000,45.770000,1.530000,8.710000,288.089996,54.410000,94286.367188,27.61,108.9,46.470001,PM10,5583
35.340000,54.279999,13.520000,11.010000,0.630000,39.720001,1.820000,9.260000,288.309998,53.060001,94589.687500,27.61,109.06,52.139999,PM10,5584
37.820000,59.099998,13.420000,11.140000,0.590000,39.470001,1.320000,10.020000,288.070007,53.310001,94700.179688,27.6,109.21,54.549999,PM10,5585
40.740002,64.879997,13.260000,10.550000,0.550000,43.869999,0.800000,10.040000,288.190002,52.180000,95587.593750,27.6,109.36,57.439999,PM10,5586
55.310001,65.690002,21.910000,17.570000,0.750000,67.500000,1.830000,3.070000,286.000000,55.639999,88165.242188,27.81,106.46,75.387505,PM2.5,5722
45.590000,55.509998,21.280001,17.340000,0.640000,70.480003,3.160000,5.290000,285.660004,57.439999,87078.562500,27.8,106.61,63.237499,PM2.5,5723
47.340000,55.889999,28.360001,20.500000,0.770000,71.019997,3.450000,5.460000,286.230011,56.810001,87991.203125,27.8,106.76,65.425003,PM2.5,5724
51.009998,58.450001,34.889999,22.780001,0.900000,70.599998,2.350000,4.840000,287.260010,54.630001,89702.476562,27.8,106.92,70.012497,PM2.5,5725
39.570000,46.750000,22.370001,14.830000,0.670000,74.339996,1.240000,5.600000,287.899994,52.419998,90806.773438,27.8,107.07,55.712502,PM2.5,5726
32.660000,39.900002,15.840000,10.790000,0.540000,77.790001,1.120000,8.130000,287.940002,51.660000,90662.812500,27.79,107.22,46.657143,PM2.5,5727
30.309999,37.590000,12.590000,8.620000,0.480000,79.440002,1.600000,8.540000,287.450012,53.490002,90164.679688,27.79,107.38,43.299999,PM2.5,5728
30.170000,36.889999,11.730000,7.500000,0.470000,77.250000,2.020000,8.490000,287.429993,54.549999,90551.093750,27.79,107.53,43.099998,PM2.5,5729
29.040001,35.480000,10.710000,6.070000,0.440000,76.029999,1.970000,9.250000,287.820007,54.599998,91294.632812,27.78,107.68,41.485714,PM2.5,5730
27.910000,34.220001,9.190000,4.620000,0.400000,76.540001,1.750000,8.950000,288.019989,55.520000,92168.867188,27.78,107.84,39.871429,PM2.5,5731
28.410000,34.520000,8.860000,4.240000,0.400000,73.629997,1.340000,8.190000,288.559998,55.150002,93507.976562,27.78,107.99,40.585712,PM2.5,5732
28.940001,35.529999,9.180000,4.170000,0.410000,71.279999,0.490000,8.350000,289.029999,54.330002,94263.671875,27.77,108.14,41.342857,PM2.5,5733
29.320000,36.560001,8.380000,3.850000,0.400000,69.000000,-0.230000,8.840000,287.640015,57.830002,92641.773438,27.77,108.3,41.885715,PM2.5,5734
30.290001,38.730000,8.380000,3.900000,0.400000,65.000000,-0.180000,8.120000,285.500000,63.639999,90191.062500,27.76,108.45,43.271431,PM2.5,5735
30.940001,40.950001,7.910000,4.230000,0.420000,58.720001,0.430000,5.610000,285.519989,63.029999,90709.820312,27.76,108.6,44.200001,PM2.5,5736
31.820000,44.509998,9.210000,5.640000,0.490000,51.820000,0.850000,5.530000,286.950012,58.439999,93057.187500,27.76,108.76,45.457142,PM2.5,5737
32.750000,48.410000,9.920000,7.470000,0.560000,44.290001,1.090000,6.480000,288.359985,53.790001,95076.906250,27.75,108.91,48.410000,PM10,5738
36.980000,58.009998,14.310000,11.810000,0.700000,37.400002,1.030000,7.130000,289.220001,50.849998,96167.476562,27.75,109.06,54.004997,PM10,5739
38.320000,60.540001,13.490000,11.510000,0.620000,37.540001,0.640000,8.210000,288.869995,51.240002,95878.710938,27.74,109.21,55.270000,PM10,5740
84.430000,96.930000,25.059999,19.070000,0.930000,61.240002,2.130000,-1.460000,285.070007,55.040001,89738.390625,27.94,106.31,111.787498,PM2.5,5878
66.879997,77.360001,23.260000,18.430000,0.820000,64.339996,2.610000,1.790000,286.010010,54.740002,89350.289062,27.94,106.46,89.849998,PM2.5,5879
51.939999,61.400002,20.889999,16.430000,0.680000,68.269997,2.750000,3.950000,286.940002,53.430000,89241.656250,27.94,106.61,71.174995,PM2.5,5880
47.900002,56.150002,24.709999,17.900000,0.720000,69.809998,1.940000,4.530000,286.399994,56.110001,88375.406250,27.94,106.77,66.125000,PM2.5,5881
49.860001,57.099998,29.320000,19.670000,0.820000,69.320000,1.220000,4.710000,286.130005,57.810001,88566.226562,27.93,106.92,68.574997,PM2.5,5882
41.990002,48.340000,22.150000,14.080000,0.690000,71.849998,0.660000,5.010000,286.799988,55.680000,89938.656250,27.93,107.07,58.737503,PM2.5,5883
34.099998,40.189999,16.320000,10.120000,0.550000,74.790001,0.570000,7.550000,287.149994,54.020000,89989.867188,27.93,107.23,48.714283,PM2.5,5884
31.650000,37.770000,13.360000,8.140000,0.490000,76.389999,1.220000,8.750000,286.489990,55.959999,89137.226562,27.93,107.38,45.214287,PM2.5,5885
31.629999,37.279999,12.570000,7.300000,0.490000,74.849998,1.800000,8.530000,286.549988,56.619999,89576.687500,27.92,107.53,45.185715,PM2.5,5886
30.129999,35.529999,11.260000,6.000000,0.460000,73.349998,1.240000,7.850000,287.760010,54.529999,91481.617188,27.92,107.69,43.042854,PM2.5,5887
28.610001,34.000000,9.190000,4.500000,0.410000,73.449997,-0.110000,7.310000,288.170013,54.900002,92664.039062,27.92,107.84,40.871429,PM2.5,5888
30.020000,35.570000,9.150000,4.330000,0.420000,71.330002,-0.550000,7.500000,287.540009,57.759998,92582.710938,27.91,107.99,42.885715,PM2.5,5889
31.049999,37.560001,9.790000,4.400000,0.430000,69.320000,0.010000,8.250000,287.500000,58.419998,92736.476562,27.91,108.15,44.357143,PM2.5,5890
30.830000,38.349998,9.430000,4.130000,0.420000,67.059998,-0.200000,9.310000,287.250000,58.650002,92386.312500,27.9,108.3,44.042858,PM2.5,5891
31.219999,39.919998,9.070000,3.990000,0.410000,63.689999,-1.100000,9.340000,285.239990,64.000000,89823.906250,27.9,108.45,44.599998,PM2.5,5892
31.840000,41.750000,7.730000,4.070000,0.420000,56.560001,-0.320000,7.530000,283.070007,71.010002,87728.320312,27.9,108.61,45.485714,PM2.5,5893
32.959999,45.570000,8.880000,5.340000,0.480000,50.430000,0.850000,6.390000,284.279999,66.440002,89842.812500,27.89,108.76,47.085712,PM2.5,5894
34.169998,50.020000,9.980000,7.150000,0.550000,44.130001,0.390000,5.900000,286.799988,57.919998,93572.187500,27.89,108.91,50.010002,PM10,5895
37.939999,58.540001,13.240000,10.460000,0.660000,37.990002,0.020000,6.680000,287.540009,55.099998,94574.476562,27.88,109.07,54.270000,PM10,5896
39.509998,61.660000,12.870000,11.030000,0.610000,37.389999,0.510000,7.720000,287.329987,55.230000,94316.429688,27.88,109.22,55.830002,PM10,5897
79.660004,92.230003,17.280001,14.350000,0.790000,63.619999,1.900000,-1.130000,284.959991,54.970001,90789.406250,28.08,106.31,105.825005,PM2.5,6040
69.930000,80.540001,18.670000,15.220000,0.770000,64.250000,1.470000,-0.240000,285.980011,54.660000,91126.343750,28.08,106.46,93.662498,PM2.5,6041
57.450001,66.330002,19.610001,15.550000,0.710000,66.300003,0.810000,1.130000,286.470001,54.730000,90120.593750,28.07,106.61,78.062500,PM2.5,6042
52.360001,60.330002,23.629999,17.350000,0.750000,67.230003,0.790000,3.240000,285.779999,57.200001,88181.656250,28.07,106.77,71.699997,PM2.5,6043
52.639999,59.950001,27.420000,18.480000,0.820000,67.540001,1.170000,4.740000,285.010010,60.230000,87424.960938,28.07,106.92,72.050003,PM2.5,6044
44.570000,50.599998,21.450001,13.320000,0.690000,69.959999,1.100000,5.140000,285.579987,58.869999,88678.953125,28.07,107.08,61.962502,PM2.5,6045
36.459999,41.610001,16.260000,9.380000,0.560000,72.940002,0.960000,6.880000,286.720001,55.470001,89837.632812,28.06,107.23,51.824997,PM2.5,6046
32.549999,37.450001,13.790000,7.370000,0.490000,74.669998,1.010000,8.460000,286.920013,54.660000,89687.507812,28.06,107.38,46.500000,PM2.5,6047
32.610001,37.209999,12.630000,6.730000,0.490000,72.839996,0.760000,8.640000,286.450012,56.639999,89510.656250,28.06,107.54,46.585716,PM2.5,6048
31.459999,35.900002,11.200000,5.690000,0.470000,71.449997,0.030000,7.600000,286.779999,57.270000,90692.281250,28.06,107.69,44.942856,PM2.5,6049
30.070000,34.610001,9.400000,4.480000,0.420000,71.709999,-0.760000,7.600000,287.000000,58.110001,91606.812500,28.05,107.84,42.957142,PM2.5,6050
31.139999,36.169998,9.140000,4.220000,0.420000,70.099998,-0.580000,8.820000,286.309998,61.000000,91162.750000,28.05,108.0,44.485714,PM2.5,6051
31.809999,38.000000,9.530000,4.130000,0.430000,69.099998,0.220000,9.740000,286.339996,61.520000,91377.156250,28.04,108.15,45.442856,PM2.5,6052
31.340000,38.610001,9.390000,3.950000,0.420000,67.290001,0.310000,10.170000,286.950012,59.389999,92158.109375,28.04,108.31,44.771427,PM2.5,6053
31.200001,39.630001,9.040000,3.810000,0.400000,64.050003,-0.220000,10.770000,285.959991,61.299999,90575.476562,28.04,108.46,44.571430,PM2.5,6054
31.600000,41.110001,7.840000,3.740000,0.400000,58.700001,0.540000,11.000000,283.549988,68.169998,87290.421875,28.03,108.61,45.142857,PM2.5,6055
33.230000,45.520000,8.610000,4.880000,0.450000,51.209999,1.210000,10.230000,283.209991,69.400002,87725.781250,28.03,108.77,47.471428,PM2.5,6056
34.840000,50.599998,9.910000,6.620000,0.520000,44.700001,0.280000,8.480000,285.070007,62.869999,91159.750000,28.02,108.92,50.299999,PM10,6057
38.540001,58.740002,12.690000,9.540000,0.620000,39.139999,-0.200000,9.160000,285.850006,59.660000,92417.171875,28.02,109.07,54.425003,PM2.5,6058
40.430000,62.259998,12.570000,10.550000,0.590000,38.240002,0.200000,9.230000,285.640015,59.900002,92291.156250,28.01,109.23,56.787498,PM2.5,6059
85.760002,102.190002,15.440000,13.270000,0.780000,64.070000,0.950000,-3.300000,284.850006,50.139999,91883.453125,28.22,106.0,113.450005,PM2.5,6210
78.669998,92.449997,16.230000,14.470000,0.760000,64.029999,-0.200000,-2.510000,284.859985,53.840000,91115.531250,28.22,106.15,104.587494,PM2.5,6211
71.500000,83.370003,16.790001,13.550000,0.740000,66.470001,-1.110000,-1.320000,285.040009,55.930000,90590.859375,28.21,106.31,95.625000,PM2.5,6212
67.529999,78.139999,17.650000,14.220000,0.740000,66.180000,-1.500000,-0.490000,285.570007,55.299999,90419.937500,28.21,106.46,90.662498,PM2.5,6213
60.660000,69.629997,19.190001,14.990000,0.710000,65.900002,-0.650000,1.280000,284.829987,58.020000,88303.710938,28.21,106.62,82.074997,PM2.5,6214
56.279999,64.370003,22.530001,16.680000,0.750000,66.089996,1.080000,3.300000,284.380005,60.430000,87082.937500,28.21,106.77,76.599998,PM2.5,6215
54.590000,62.160000,25.590000,17.320000,0.800000,66.610001,1.710000,4.490000,284.720001,60.070000,87369.960938,28.21,106.92,74.487503,PM2.5,6216
47.590000,53.590000,21.330000,12.960000,0.680000,69.650002,1.300000,4.590000,285.299988,58.720001,88396.468750,28.2,107.08,65.737503,PM2.5,6217
40.040001,44.740002,16.820000,9.450000,0.580000,71.699997,1.130000,5.880000,285.980011,57.240002,89265.453125,28.2,107.23,56.300003,PM2.5,6218
34.099998,38.160000,13.890000,7.120000,0.500000,72.559998,0.890000,7.400000,286.700012,55.419998,89783.312500,28.2,107.39,48.714283,PM2.5,6219
33.410000,37.330002,12.650000,6.450000,0.500000,71.680000,0.200000,8.510000,286.369995,56.810001,89560.617188,28.19,107.54,47.728573,PM2.5,6220
32.400002,36.310001,11.200000,5.570000,0.470000,70.440002,-0.300000,8.210000,286.049988,59.200001,89951.562500,28.19,107.69,46.285717,PM2.5,6221
31.020000,35.029999,9.550000,4.480000,0.420000,71.010002,-0.360000,8.490000,286.140015,60.200001,90607.882812,28.19,107.85,44.314285,PM2.5,6222
31.670000,36.310001,9.160000,4.110000,0.420000,70.059998,0.230000,9.470000,285.970001,61.389999,90639.640625,28.18,108.0,45.242859,PM2.5,6223
32.049999,37.910000,9.380000,3.970000,0.420000,68.949997,0.590000,10.180000,286.600006,60.189999,91587.937500,28.18,108.16,45.785713,PM2.5,6224
31.709999,38.700001,9.350000,3.810000,0.410000,67.599998,0.590000,10.620000,286.799988,59.580002,91977.773438,28.18,108.31,45.299999,PM2.5,6225
31.500000,39.630001,9.070000,3.640000,0.400000,64.879997,1.400000,11.350000,285.899994,61.400002,90537.617188,28.17,108.46,45.000000,PM2.5,6226
31.420000,41.029999,8.190000,3.840000,0.400000,58.730000,2.020000,11.840000,285.720001,60.419998,89414.421875,28.17,108.62,44.885715,PM2.5,6227
32.619999,44.799999,8.640000,4.750000,0.440000,51.869999,0.950000,11.320000,285.540009,60.910000,89792.078125,28.16,108.77,46.599998,PM2.5,6228
34.610001,50.009998,9.870000,6.090000,0.490000,47.099998,-0.040000,9.780000,285.700012,60.369999,91342.382812,28.16,108.93,50.004997,PM10,6229
38.380001,58.090000,12.510000,8.850000,0.580000,41.930000,-0.210000,10.610000,286.440002,57.490002,92819.117188,28.15,109.08,54.225002,PM2.5,6230
40.410000,61.730000,12.550000,10.020000,0.570000,40.709999,-0.360000,10.780000,285.799988,59.000000,92208.296875,28.15,109.23,56.762501,PM2.5,6231
93.150002,114.879997,15.490000,11.430000,0.810000,70.059998,-0.020000,-0.990000,284.010010,48.230000,90487.523438,28.35,105.69,122.687500,PM2.5,6382
91.970001,111.470001,15.330000,11.380000,0.780000,68.029999,0.530000,-1.730000,283.399994,50.480000,89713.726562,28.35,105.85,121.212502,PM2.5,6383
88.830002,106.250000,17.010000,14.760000,0.770000,63.040001,0.240000,-2.410000,283.929993,51.430000,90502.742188,28.35,106.0,117.287506,PM2.5,6384
83.169998,98.169998,17.459999,15.940000,0.760000,62.830002,-0.800000,-2.130000,283.940002,54.070000,89089.281250,28.35,106.16,110.212494,PM2.5,6385
75.220001,87.870003,16.459999,13.180000,0.730000,67.230003,-1.010000,-0.480000,283.660004,58.160000,87931.203125,28.35,106.31,100.275002,PM2.5,6386
70.809998,82.110001,17.219999,14.060000,0.740000,66.529999,-0.660000,1.200000,284.010010,58.639999,88233.187500,28.35,106.47,94.762497,PM2.5,6387
64.750000,74.389999,18.830000,15.430000,0.730000,65.599998,0.020000,3.300000,284.299988,58.500000,87783.820312,28.35,106.62,87.187500,PM2.5,6388
60.139999,68.680000,21.610001,16.389999,0.740000,65.930000,1.220000,4.280000,283.779999,60.959999,86697.312500,28.34,106.77,81.425003,PM2.5,6389
57.060001,64.970001,24.100000,16.570000,0.770000,66.029999,1.780000,4.330000,283.970001,61.389999,86841.859375,28.34,106.93,77.575005,PM2.5,6390
50.740002,57.029999,20.730000,12.920000,0.690000,67.610001,1.630000,3.830000,284.649994,59.669998,87924.796875,28.34,107.08,69.675003,PM2.5,6391
44.220001,49.070000,17.530001,9.960000,0.600000,70.739998,1.640000,4.710000,285.600006,57.360001,89061.109375,28.34,107.24,61.525002,PM2.5,6392
37.310001,41.290001,14.530000,7.500000,0.530000,71.769997,1.140000,6.070000,286.609985,55.270000,90111.843750,28.33,107.39,52.887501,PM2.5,6393
33.660000,37.369999,12.570000,6.210000,0.490000,70.730003,0.150000,8.030000,286.500000,56.110001,89833.023438,28.33,107.54,48.085712,PM2.5,6394
32.580002,36.310001,11.100000,5.340000,0.460000,69.860001,-0.400000,8.190000,286.040009,58.930000,90020.203125,28.33,107.7,46.542858,PM2.5,6395
31.490000,35.320000,9.610000,4.390000,0.420000,70.320000,-0.380000,8.380000,285.970001,60.290001,90453.843750,28.32,107.85,44.985714,PM2.5,6396
32.380001,36.919998,9.390000,4.140000,0.430000,69.169998,0.380000,8.640000,285.679993,61.849998,90303.476562,28.32,108.01,46.257145,PM2.5,6397
32.630001,38.450001,9.640000,4.010000,0.430000,68.050003,0.970000,8.700000,286.950012,58.820000,92153.406250,28.32,108.16,46.614288,PM2.5,6398
31.879999,38.770000,9.430000,3.770000,0.410000,67.220001,1.080000,9.290000,287.959991,55.990002,93438.351562,28.31,108.31,45.542854,PM2.5,6399
31.510000,39.520000,9.200000,3.600000,0.400000,65.169998,1.810000,9.970000,287.239990,57.209999,92062.773438,28.31,108.47,45.014286,PM2.5,6400
31.139999,40.680000,8.530000,3.900000,0.400000,59.049999,1.880000,8.680000,287.450012,55.540001,91551.453125,28.3,108.62,44.485714,PM2.5,6401
40.209999,61.349998,12.770000,9.870000,0.560000,43.049999,-0.170000,10.520000,287.200012,54.599998,93652.382812,28.28,109.24,56.512497,PM2.5,6405
94.760002,118.160004,15.930000,12.850000,0.800000,70.290001,-0.230000,-0.540000,285.970001,43.500000,93969.546875,28.49,105.7,124.700005,PM2.5,6563
94.660004,114.870003,15.450000,12.420000,0.770000,68.040001,-0.180000,-0.930000,285.070007,46.310001,92429.273438,28.49,105.85,124.575005,PM2.5,6564
93.809998,112.010002,16.290001,14.500000,0.780000,63.520000,-0.490000,-1.410000,284.380005,49.740002,91219.960938,28.49,106.0,123.512497,PM2.5,6565
91.440002,107.849998,16.600000,15.660000,0.770000,62.439999,-0.750000,-1.450000,283.700012,53.049999,89303.960938,28.49,106.16,120.550003,PM2.5,6566
85.980003,100.489998,16.350000,14.480000,0.770000,65.870003,-0.100000,0.120000,282.880005,58.470001,87429.406250,28.49,106.31,113.725006,PM2.5,6567
79.870003,92.570000,16.780001,15.140000,0.770000,65.779999,0.570000,1.480000,283.519989,59.150002,87982.992188,28.48,106.47,106.087502,PM2.5,6568
72.930000,83.910004,18.629999,16.850000,0.780000,64.779999,0.810000,2.820000,284.670013,56.840000,88755.617188,28.48,106.62,97.412498,PM2.5,6569
65.379997,74.820000,21.209999,17.530001,0.770000,64.809998,1.130000,3.620000,284.769989,57.310001,88229.882812,28.48,106.78,87.974998,PM2.5,6570
60.360001,68.790001,23.320000,16.969999,0.770000,65.309998,1.050000,4.410000,284.010010,60.520000,87212.867188,28.48,106.93,81.699997,PM2.5,6571
54.020000,60.740002,20.340000,12.970000,0.690000,66.849998,1.520000,4.270000,283.250000,63.459999,86473.226562,28.47,107.08,73.775002,PM2.5,6572
47.009998,52.299999,17.660000,10.300000,0.620000,68.389999,2.110000,3.950000,284.880005,58.880001,88519.062500,28.47,107.24,65.012497,PM2.5,6573
39.849998,44.180000,14.940000,7.900000,0.550000,69.910004,1.280000,4.300000,286.950012,53.759998,91126.437500,28.47,107.39,56.062500,PM2.5,6574
33.709999,37.520000,12.420000,5.970000,0.490000,69.879997,-0.060000,6.800000,286.839996,54.790001,90593.453125,28.47,107.55,48.157143,PM2.5,6575
32.680000,36.450001,11.000000,5.110000,0.460000,69.269997,-0.670000,7.580000,285.959991,58.740002,90058.226562,28.46,107.7,46.685715,PM2.5,6576
31.840000,35.720001,9.700000,4.260000,0.420000,69.699997,-0.670000,7.950000,285.670013,60.709999,90149.781250,28.46,107.86,45.485714,PM2.5,6577
33.080002,37.660000,9.660000,4.120000,0.430000,68.680000,-0.200000,8.140000,284.970001,63.560001,89484.109375,28.45,108.01,47.257145,PM2.5,6578
33.900002,39.799999,10.060000,4.120000,0.440000,66.980003,0.490000,7.370000,285.880005,61.750000,91030.796875,28.45,108.17,48.428574,PM2.5,6579
32.820000,39.810001,9.690000,3.870000,0.420000,65.910004,0.930000,6.580000,288.239990,55.090000,94190.328125,28.45,108.32,46.885715,PM2.5,6580
31.959999,40.169998,9.600000,3.790000,0.410000,63.750000,0.870000,5.840000,289.299988,51.610001,95148.476562,28.44,108.47,45.657143,PM2.5,6581
40.360001,61.560001,13.320000,10.090000,0.570000,45.150002,0.200000,8.690000,288.329987,51.459999,95043.007812,28.42,109.24,56.700001,PM2.5,6586
99.760002,119.820000,15.500000,14.030000,0.800000,65.489998,-0.610000,-1.320000,284.660004,47.669998,91749.476562,28.62,106.01,130.949997,PM2.5,6754
99.669998,118.099998,15.940000,15.260000,0.810000,63.840000,-0.400000,-1.230000,284.190002,50.060001,90779.437500,28.62,106.16,130.837494,PM2.5,6755
90.970001,104.510002,17.959999,19.480000,0.870000,61.970001,1.450000,0.320000,285.109985,53.689999,90498.343750,28.62,106.62,119.962502,PM2.5,6758
78.360001,89.720001,19.879999,19.799999,0.820000,61.439999,1.760000,0.290000,286.380005,52.000000,91905.257812,28.61,106.78,104.199997,PM2.5,6759
64.190002,73.430000,22.459999,18.360001,0.780000,63.720001,1.470000,2.920000,286.140015,53.869999,90556.132812,28.61,106.93,86.487503,PM2.5,6760
55.880001,62.980000,20.309999,13.180000,0.690000,67.099998,1.290000,4.550000,284.079987,60.250000,87381.703125,28.61,107.09,76.099998,PM2.5,6761
48.509998,54.090000,17.820000,10.150000,0.630000,66.980003,1.350000,4.030000,284.109985,61.020000,87666.351562,28.61,107.24,66.887497,PM2.5,6762
40.740002,45.320000,15.250000,7.700000,0.560000,68.370003,0.580000,3.460000,286.269989,55.790001,90789.867188,28.6,107.4,57.175003,PM2.5,6763
34.310001,38.270000,12.510000,5.740000,0.480000,69.519997,-0.370000,5.960000,286.519989,55.459999,90668.507812,28.6,107.55,49.014286,PM2.5,6764
33.250000,37.160000,11.180000,5.000000,0.460000,68.389999,-0.700000,7.010000,285.549988,59.599998,89703.601562,28.6,107.71,47.500000,PM2.5,6765
32.570000,36.619999,10.230000,4.370000,0.430000,68.550003,-0.660000,7.020000,285.910004,59.520000,90546.101562,28.59,107.86,46.528572,PM2.5,6766
33.290001,37.869999,9.760000,4.050000,0.430000,67.930000,-0.910000,7.600000,285.600006,61.130001,90224.906250,28.59,108.02,47.557144,PM2.5,6767
34.529999,40.279999,9.930000,4.000000,0.430000,66.370003,-1.090000,7.160000,285.290009,63.180000,90358.710938,28.59,108.17,49.328571,PM2.5,6768
35.000000,42.150002,10.530000,4.180000,0.430000,64.870003,-1.170000,5.160000,287.000000,58.259998,93014.796875,28.58,108.32,50.000000,PM2.5,6769
35.830002,44.889999,12.630000,4.640000,0.440000,63.330002,-1.090000,2.860000,288.640015,52.759998,95229.531250,28.58,108.48,51.037502,PM2.5,6770
69.589996,79.449997,20.730000,18.190001,0.780000,61.790001,1.570000,1.160000,286.690002,51.619999,92554.468750,28.75,106.94,93.237495,PM2.5,6953
53.540001,60.480000,18.940001,11.830000,0.660000,65.860001,0.460000,3.480000,285.320007,56.639999,89225.617188,28.75,107.09,73.175003,PM2.5,6954
46.340000,51.820000,17.080000,8.960000,0.610000,65.860001,-0.560000,3.290000,284.500000,60.419998,88497.953125,28.74,107.25,64.175003,PM2.5,6955
39.590000,44.250000,14.740000,6.830000,0.540000,67.279999,-0.890000,3.110000,285.640015,57.930000,90406.062500,28.74,107.4,55.737499,PM2.5,6956
34.450001,38.540001,12.300000,5.310000,0.470000,68.650002,-1.260000,5.490000,286.279999,55.990002,90643.578125,28.74,107.56,49.214287,PM2.5,6957
33.779999,37.799999,11.250000,4.770000,0.450000,67.410004,-1.880000,6.190000,285.470001,59.900002,89971.671875,28.73,107.71,48.257141,PM2.5,6958
33.770000,37.919998,10.630000,4.330000,0.440000,67.370003,-1.580000,5.740000,285.149994,62.040001,90104.820312,28.73,107.86,48.242859,PM2.5,6959
34.090000,38.619999,9.880000,3.980000,0.430000,66.500000,-1.200000,6.130000,285.559998,61.360001,90587.296875,28.73,108.02,48.700001,PM2.5,6960
35.090000,40.639999,10.180000,3.950000,0.420000,65.629997,-2.210000,6.160000,286.380005,59.619999,91898.609375,28.72,108.17,50.112499,PM2.5,6961
36.810001,43.689999,11.330000,4.300000,0.430000,64.290001,-3.400000,5.480000,286.609985,58.840000,92714.437500,28.72,108.33,52.262501,PM2.5,6962
52.630001,59.389999,17.920000,10.810000,0.630000,65.070000,-2.100000,3.290000,284.149994,60.009998,87981.757812,28.88,107.09,72.037498,PM2.5,7153
39.540001,43.990002,13.690000,6.100000,0.510000,66.620003,-1.960000,2.300000,284.839996,61.080002,90099.062500,28.88,107.4,55.675003,PM2.5,7155
35.830002,39.959999,12.190000,5.120000,0.470000,67.199997,-2.360000,4.030000,286.010010,57.639999,91056.203125,28.87,107.56,51.037502,PM2.5,7156
34.799999,38.740002,11.030000,4.420000,0.440000,66.809998,-2.890000,5.220000,285.149994,60.840000,90000.773438,28.87,107.71,49.714283,PM2.5,7157
35.070000,39.009998,10.200000,3.940000,0.430000,66.589996,-2.300000,5.920000,283.769989,66.440002,88626.343750,28.87,107.87,50.087502,PM2.5,7158
36.029999,40.320000,9.910000,3.830000,0.420000,65.360001,-1.810000,5.310000,284.380005,65.260002,89619.078125,28.86,108.02,51.287498,PM2.5,7159
36.750000,41.970001,10.500000,4.130000,0.420000,64.250000,-2.490000,4.580000,286.510010,59.080002,92708.656250,28.86,108.18,52.187500,PM2.5,7160
37.669998,43.889999,11.600000,4.500000,0.420000,63.840000,-3.530000,6.020000,286.970001,57.080002,93104.500000,28.85,108.33,53.337498,PM2.5,7161
41.020000,45.380001,13.130000,5.570000,0.480000,66.080002,-3.380000,3.640000,282.670013,68.129997,87768.109375,29.01,107.41,57.525002,PM2.5,7357
37.869999,41.959999,11.890000,4.730000,0.460000,66.400002,-2.960000,3.880000,283.589996,65.510002,88709.156250,29.01,107.56,53.587498,PM2.5,7358
36.830002,40.669998,10.840000,4.200000,0.440000,65.809998,-2.060000,5.140000,283.250000,67.129997,88134.757812,29.0,107.72,52.287502,PM2.5,7359
37.740002,41.639999,10.010000,3.910000,0.420000,64.269997,-3.290000,5.310000,284.480011,64.750000,90149.843750,29.0,108.03,53.425003,PM2.5,7361
38.849998,43.529999,10.720000,4.290000,0.420000,63.139999,-2.870000,4.390000,285.049988,63.150002,91347.523438,28.99,108.18,54.812500,PM2.5,7362
42.529999,46.520000,13.190000,5.030000,0.450000,67.930000,-4.010000,6.330000,283.070007,65.269997,87395.476562,29.15,107.41,59.412498,PM2.5,7575
40.680000,44.360001,11.710000,4.250000,0.430000,67.120003,-2.740000,5.610000,281.630005,71.169998,85770.859375,29.14,107.57,57.099998,PM2.5,7576
39.500000,42.790001,10.580000,4.110000,0.420000,64.150002,-1.550000,4.240000,282.750000,68.610001,87630.398438,29.14,107.72,55.625000,PM2.5,7577
