PM2.5(微克每立方米),PM10(微克每立方米),SO2(微克每立方米),NO2(微克每立方米),CO(毫克每立方米),O3(微克每立方米),U(m/s),V(m/s),TEMP(K),RH(%),PSFC(Pa),lat,lon,AQI,Major pollutants,id
27.840000,41.459999,9.290000,2.720000,0.330000,85.209999,-0.820000,3.030000,284.850006,99.660004,74987.781250,32.71,104.6,41.459999,PM10,13804
25.990000,41.970001,9.940000,3.710000,0.370000,82.500000,-1.300000,1.920000,288.359985,91.889999,80386.117188,32.71,104.76,41.970001,PM10,13805
24.209999,42.189999,11.060000,5.140000,0.410000,79.769997,-1.590000,0.860000,291.480011,86.019997,85298.828125,32.71,104.92,42.189999,PM10,13806
23.610001,42.610001,11.710000,6.580000,0.440000,76.099998,-2.330000,0.630000,292.540009,84.290001,86768.906250,32.71,105.08,42.610001,PM10,13807
23.549999,42.320000,11.700000,6.610000,0.450000,72.830002,-2.910000,-0.710000,292.839996,83.370003,87013.882812,32.71,105.24,42.320000,PM10,13808
26.770000,40.250000,9.250000,2.510000,0.310000,84.620003,-1.210000,3.080000,284.670013,94.870003,74257.023438,32.84,104.43,40.250000,PM10,14060
25.200001,40.790001,9.900000,3.790000,0.340000,82.230003,-2.230000,1.970000,287.519989,90.010002,78775.359375,32.84,104.6,40.790001,PM10,14061
24.129999,42.029999,10.540000,5.010000,0.390000,79.860001,-2.270000,1.270000,289.859985,88.279999,83068.078125,32.84,104.76,42.029999,PM10,14062
23.160000,43.049999,11.660000,6.260000,0.420000,76.209999,-1.550000,0.510000,292.010010,84.910004,86319.281250,32.84,104.92,43.049999,PM10,14063
23.270000,42.860001,12.240000,6.550000,0.430000,75.139999,-2.590000,0.660000,292.260010,84.110001,86025.531250,32.84,105.08,42.860001,PM10,14064
24.280001,43.869999,12.180000,7.000000,0.440000,70.690002,-3.400000,-0.140000,291.410004,86.440002,84952.117188,32.84,105.24,43.869999,PM10,14065
24.360001,39.509998,9.580000,3.150000,0.320000,81.129997,-3.120000,1.990000,287.190002,89.550003,78492.203125,32.98,104.43,39.509998,PM10,14317
23.459999,40.820000,10.320000,4.360000,0.350000,79.769997,-3.600000,1.280000,289.029999,89.059998,81578.117188,32.98,104.59,40.820000,PM10,14318
23.370001,43.080002,11.140000,5.330000,0.390000,77.120003,-2.810000,1.340000,289.470001,89.800003,82360.617188,32.98,104.76,43.080002,PM10,14319
22.620001,44.200001,12.320000,6.350000,0.420000,74.699997,-1.980000,0.910000,291.450012,85.709999,85307.101562,32.98,104.92,44.200001,PM10,14320
23.330000,44.480000,13.210000,6.660000,0.430000,74.459999,-2.700000,0.700000,291.420013,85.540001,84798.343750,32.98,105.08,44.480000,PM10,14321
25.110001,45.779999,13.330000,6.880000,0.440000,70.209999,-3.420000,0.280000,290.730011,87.540001,83955.179688,32.98,105.24,45.779999,PM10,14322
25.959999,46.540001,14.500000,6.940000,0.460000,70.320000,-3.490000,-0.460000,291.690002,85.500000,85632.968750,32.98,105.41,46.540001,PM10,14323
26.969999,47.799999,15.420000,7.540000,0.470000,70.440002,-3.470000,-1.170000,292.239990,85.099998,86666.007812,32.98,105.57,47.799999,PM10,14324
26.879999,47.980000,16.129999,8.900000,0.490000,72.019997,-3.340000,-1.300000,292.929993,83.699997,87857.429688,32.98,105.73,47.980000,PM10,14325
26.570000,47.639999,15.660000,9.130000,0.500000,72.370003,-3.890000,-1.140000,294.070007,79.970001,89423.351562,32.98,105.89,47.639999,PM10,14326
22.889999,39.740002,10.130000,3.320000,0.330000,80.639999,-3.770000,1.990000,288.690002,87.180000,80559.632812,33.11,104.43,39.740002,PM10,14579
23.760000,42.669998,10.750000,4.320000,0.350000,78.489998,-3.690000,1.980000,287.500000,93.300003,79089.570312,33.11,104.59,42.669998,PM10,14580
23.290001,44.660000,11.620000,5.530000,0.390000,75.820000,-2.730000,1.650000,288.200012,92.589996,80186.859375,33.12,104.76,44.660000,PM10,14581
22.430000,45.470001,12.720000,6.220000,0.420000,74.570000,-2.470000,1.270000,290.100006,87.889999,82855.046875,33.12,104.92,45.470001,PM10,14582
23.360001,47.090000,13.780000,6.830000,0.430000,73.730003,-2.970000,0.990000,289.859985,88.339996,82415.281250,33.12,105.08,47.090000,PM10,14583
25.219999,48.090000,14.400000,6.690000,0.440000,72.070000,-3.120000,0.730000,289.630005,89.690002,82429.179688,33.12,105.24,48.090000,PM10,14584
26.770000,48.660000,15.400000,6.360000,0.450000,73.389999,-3.290000,0.180000,290.029999,89.720001,83052.523438,33.11,105.41,48.660000,PM10,14585
28.250000,49.799999,15.900000,6.420000,0.460000,72.650002,-3.510000,-0.300000,290.540009,89.279999,84141.773438,33.11,105.57,49.799999,PM10,14586
28.080000,49.549999,16.730000,7.370000,0.480000,75.650002,-3.110000,-0.460000,291.970001,86.690002,86579.726562,33.11,105.73,49.549999,PM10,14587
27.580000,48.740002,16.320000,7.730000,0.480000,77.370003,-3.700000,-0.230000,293.420013,82.650002,88744.359375,33.11,105.89,48.740002,PM10,14588
13.910000,15.020000,2.080000,0.870000,0.170000,78.690002,-0.930000,0.460000,281.049988,71.830002,64046.730469,33.21,101.83,19.871428,PM2.5,14824
14.090000,15.320000,2.260000,1.050000,0.170000,75.820000,-1.090000,0.330000,282.440002,68.760002,65775.390625,33.22,101.99,20.128572,PM2.5,14825
23.799999,41.200001,10.220000,3.180000,0.330000,80.019997,-2.860000,2.280000,287.239990,92.000000,78434.937500,33.25,104.43,41.200001,PM10,14840
24.410000,44.360001,10.880000,4.330000,0.350000,76.919998,-3.380000,2.440000,285.970001,95.760002,76596.976562,33.25,104.59,44.360001,PM10,14841
23.670000,45.919998,11.720000,5.600000,0.380000,75.139999,-2.830000,1.640000,287.209991,94.309998,78752.492188,33.25,104.76,45.919998,PM10,14842
22.639999,46.950001,12.910000,6.470000,0.410000,73.779999,-2.590000,1.230000,288.760010,90.699997,81182.000000,33.25,104.92,46.950001,PM10,14843
23.090000,47.950001,13.760000,6.720000,0.420000,73.410004,-2.970000,1.080000,289.149994,89.080002,81538.687500,33.25,105.08,47.950001,PM10,14844
25.080000,49.830002,14.700000,6.180000,0.440000,73.660004,-3.310000,0.850000,288.929993,89.940002,81157.273438,33.25,105.24,49.830002,PM10,14845
27.420000,50.910000,15.350000,5.780000,0.450000,74.400002,-3.250000,0.420000,288.779999,92.339996,81298.492188,33.25,105.41,50.455002,PM10,14846
28.459999,50.500000,16.100000,5.670000,0.450000,77.010002,-2.850000,0.170000,289.899994,90.760002,83299.726562,33.25,105.57,50.250000,PM10,14847
28.889999,50.980000,16.709999,6.710000,0.460000,77.669998,-2.650000,-0.040000,291.269989,88.610001,85719.007812,33.25,105.73,50.489998,PM10,14848
14.650000,15.670000,2.220000,0.990000,0.170000,74.550003,-1.090000,-0.560000,282.209991,70.190002,65634.398438,33.35,101.99,20.928572,PM2.5,15083
15.380000,16.520000,2.430000,1.060000,0.170000,74.320000,-0.840000,-0.130000,282.529999,70.919998,66393.492188,33.36,102.15,21.971428,PM2.5,15084
26.870001,42.080002,9.480000,2.700000,0.300000,77.019997,-2.770000,3.130000,282.980011,99.300003,71968.781250,33.39,104.27,42.080002,PM10,15097
25.129999,42.660000,10.100000,3.210000,0.320000,78.269997,-2.830000,2.750000,284.970001,96.059998,75035.093750,33.39,104.43,42.660000,PM10,15098
24.190001,43.860001,10.810000,4.150000,0.350000,77.580002,-3.070000,2.300000,286.010010,94.739998,76657.140625,33.39,104.59,43.860001,PM10,15099
22.879999,45.119999,12.070000,5.670000,0.380000,77.949997,-2.650000,1.820000,287.640015,91.800003,79365.296875,33.39,104.76,45.119999,PM10,15100
21.260000,46.419998,13.340000,6.550000,0.400000,77.099998,-2.180000,1.350000,289.649994,86.180000,82217.921875,33.39,104.92,46.419998,PM10,15101
22.010000,47.759998,13.970000,6.080000,0.410000,76.750000,-2.810000,1.100000,289.459991,85.970001,81614.453125,33.39,105.08,47.759998,PM10,15102
25.510000,51.410000,14.740000,6.140000,0.430000,73.550003,-3.140000,0.750000,288.089996,92.180000,80099.679688,33.39,105.24,50.705002,PM10,15103
27.719999,52.709999,15.390000,5.870000,0.440000,73.570000,-2.870000,0.480000,288.589996,93.250000,81353.296875,33.39,105.41,51.355000,PM10,15104
28.459999,52.040001,15.850000,5.890000,0.450000,75.440002,-2.870000,0.290000,290.179993,89.730003,83905.140625,33.39,105.57,51.020000,PM10,15105
15.380000,16.309999,2.300000,0.910000,0.160000,74.209999,-0.880000,-0.960000,281.950012,71.430000,65616.476562,33.49,101.98,21.971428,PM2.5,15342
16.250000,17.280001,2.540000,0.950000,0.170000,74.099998,-0.840000,-0.460000,282.730011,70.510002,66669.828125,33.49,102.14,23.214285,PM2.5,15343
17.219999,18.340000,2.790000,1.050000,0.170000,74.169998,-0.860000,0.130000,282.790009,71.309998,67056.132812,33.5,102.31,24.599998,PM2.5,15344
28.000000,43.009998,9.440000,2.780000,0.300000,75.029999,-2.770000,3.160000,281.929993,99.790001,70183.257812,33.52,104.27,43.009998,PM10,15356
25.719999,42.980000,10.040000,3.130000,0.320000,77.190002,-3.220000,3.220000,284.899994,95.790001,75045.609375,33.52,104.43,42.980000,PM10,15357
24.209999,43.840000,10.860000,3.800000,0.340000,77.709999,-3.280000,2.490000,286.450012,93.099998,77324.382812,33.52,104.59,43.840000,PM10,15358
23.700001,45.840000,11.860000,5.060000,0.370000,76.809998,-2.860000,2.070000,286.910004,93.190002,78323.609375,33.52,104.76,45.840000,PM10,15359
22.780001,47.029999,12.930000,5.760000,0.380000,76.889999,-2.430000,1.150000,288.170013,90.309998,80180.046875,33.52,104.92,47.029999,PM10,15360
23.280001,48.180000,13.580000,5.570000,0.390000,77.430000,-2.850000,0.880000,288.529999,89.129997,80504.773438,33.52,105.08,48.180000,PM10,15361
25.730000,51.009998,14.510000,5.810000,0.420000,74.169998,-3.110000,0.780000,288.359985,91.769997,80771.953125,33.52,105.24,50.504997,PM10,15362
27.360001,52.310001,15.380000,5.720000,0.430000,73.739998,-2.810000,0.450000,289.820007,90.089996,83414.648438,33.52,105.41,51.154999,PM10,15363
28.360001,52.470001,15.670000,5.910000,0.440000,75.669998,-2.790000,0.430000,291.000000,87.389999,85212.289062,33.52,105.57,51.235001,PM10,15364
28.760000,51.669998,15.240000,6.200000,0.440000,76.720001,-2.780000,0.360000,291.730011,86.410004,86511.976562,33.52,105.73,50.834999,PM10,15365
14.120000,14.800000,1.880000,0.700000,0.150000,75.290001,-1.720000,-1.320000,280.519989,72.809998,63893.769531,33.62,101.65,20.171429,PM2.5,15601
15.030000,15.830000,2.170000,0.830000,0.160000,74.779999,-1.260000,-1.460000,281.420013,72.330002,65147.390625,33.62,101.81,21.471428,PM2.5,15602
16.290001,17.209999,2.480000,0.870000,0.160000,74.529999,-1.060000,-1.190000,281.799988,72.720001,65783.140625,33.62,101.98,23.271429,PM2.5,15603
17.320000,18.340000,2.750000,0.900000,0.170000,74.330002,-1.110000,-0.670000,282.559998,71.489998,66681.968750,33.63,102.14,24.742857,PM2.5,15604
18.290001,19.410000,2.980000,1.020000,0.170000,74.309998,-1.220000,0.110000,282.690002,72.029999,67119.007812,33.63,102.3,26.128572,PM2.5,15605
26.280001,40.310001,9.290000,2.430000,0.290000,78.180000,-3.020000,2.360000,284.950012,90.199997,74358.671875,33.66,104.26,40.310001,PM10,15617
24.820000,41.500000,10.070000,2.880000,0.310000,79.129997,-3.040000,3.100000,286.720001,88.650002,77130.187500,33.66,104.43,41.500000,PM10,15618
25.040001,44.299999,10.870000,3.490000,0.340000,77.790001,-2.830000,2.590000,286.100006,92.430000,76539.078125,33.66,104.59,44.299999,PM10,15619
25.370001,46.900002,11.790000,4.300000,0.360000,76.349998,-2.650000,2.090000,285.470001,95.239998,76061.656250,33.66,104.75,46.900002,PM10,15620
24.520000,47.580002,12.920000,5.150000,0.370000,78.519997,-2.400000,1.150000,286.769989,93.330002,78328.117188,33.66,104.92,47.580002,PM10,15621
24.260000,48.090000,13.370000,5.500000,0.380000,76.620003,-2.680000,0.740000,288.559998,88.830002,80876.609375,33.66,105.08,48.090000,PM10,15622
25.750000,50.070000,14.220000,5.610000,0.400000,74.989998,-3.020000,0.840000,289.359985,89.080002,82504.890625,33.66,105.25,50.035000,PM10,15623
27.120001,51.549999,14.760000,5.730000,0.420000,73.779999,-3.010000,0.790000,290.570007,87.639999,84577.070312,33.66,105.41,50.775002,PM10,15624
28.379999,51.980000,14.730000,6.090000,0.430000,74.379997,-3.040000,0.800000,291.130005,86.620003,85365.453125,33.66,105.57,50.989998,PM10,15625
28.940001,52.040001,14.030000,6.160000,0.430000,75.430000,-2.860000,0.300000,291.869995,85.099998,86613.656250,33.66,105.74,51.020000,PM10,15626
28.570000,51.529999,12.890000,6.140000,0.430000,77.720001,-1.930000,0.030000,293.309998,80.639999,88605.226562,33.66,105.9,50.764999,PM10,15627
29.370001,51.889999,11.060000,5.990000,0.420000,79.190002,-1.010000,-0.830000,294.260010,77.169998,89722.617188,33.66,106.06,50.945000,PM10,15628
31.420000,54.020000,10.330000,5.670000,0.430000,79.839996,-1.910000,0.420000,292.750000,80.019997,86847.312500,33.65,106.23,52.010002,PM10,15629
35.549999,59.029999,9.350000,5.710000,0.440000,77.610001,-3.500000,2.380000,289.010010,91.309998,81649.718750,33.65,106.39,54.514999,PM10,15630
39.430000,63.790001,8.670000,6.500000,0.450000,76.860001,-3.750000,2.420000,287.420013,98.199997,80275.593750,33.65,106.55,56.895000,PM10,15631
13.550000,13.980000,1.590000,0.510000,0.140000,78.720001,-1.880000,-1.090000,279.089996,71.540001,61762.648438,33.74,101.32,19.357143,PM2.5,15859
13.930000,14.510000,1.800000,0.580000,0.150000,77.160004,-1.710000,-1.600000,279.839996,71.290001,62786.820312,33.75,101.48,19.900000,PM2.5,15860
14.420000,15.120000,2.060000,0.690000,0.150000,77.279999,-1.420000,-1.620000,281.220001,70.190002,64624.359375,33.75,101.64,20.600000,PM2.5,15861
15.450000,16.330000,2.330000,0.860000,0.160000,75.000000,-1.360000,-1.750000,281.549988,72.349998,65390.960938,33.76,101.81,22.071428,PM2.5,15862
17.020000,18.070000,2.730000,0.920000,0.170000,75.059998,-1.330000,-1.310000,281.470001,74.809998,65629.867188,33.76,101.97,24.314287,PM2.5,15863
18.160000,19.330000,3.040000,0.950000,0.170000,74.750000,-1.400000,-0.450000,282.459991,72.559998,66808.632812,33.76,102.14,25.942858,PM2.5,15864
19.110001,20.389999,3.260000,1.020000,0.180000,74.349998,-1.620000,0.320000,282.799988,72.209999,67348.406250,33.77,102.3,27.300001,PM2.5,15865
25.910000,28.320000,5.060000,0.960000,0.210000,81.610001,-1.220000,1.810000,279.859985,85.339996,65633.609375,33.78,103.28,37.014286,PM2.5,15871
25.940001,28.850000,5.380000,1.090000,0.210000,80.320000,-1.200000,1.090000,281.170013,82.300003,67125.609375,33.79,103.44,37.057144,PM2.5,15872
26.129999,29.990000,5.930000,1.380000,0.220000,78.730003,-1.330000,0.730000,282.829987,78.410004,69082.203125,33.79,103.61,37.328571,PM2.5,15873
26.950001,32.470001,6.740000,1.390000,0.230000,78.400002,-2.000000,2.090000,283.279999,79.870003,69863.382812,33.79,103.77,38.500000,PM2.5,15874
27.969999,35.950001,7.680000,1.510000,0.240000,79.410004,-3.100000,2.710000,282.589996,88.089996,69902.296875,33.79,103.94,39.957142,PM2.5,15875
27.610001,38.040001,8.410000,1.760000,0.260000,79.080002,-3.740000,2.130000,283.989990,90.230003,72562.023438,33.79,104.1,39.442860,PM2.5,15876
26.299999,39.369999,9.250000,2.140000,0.280000,80.919998,-3.340000,2.280000,285.910004,88.290001,75636.656250,33.79,104.26,39.369999,PM10,15877
25.900000,41.849998,10.060000,2.490000,0.300000,80.779999,-2.810000,2.650000,285.989990,90.269997,75982.843750,33.79,104.43,41.849998,PM10,15878
25.719999,44.240002,10.690000,3.180000,0.330000,78.019997,-3.170000,2.090000,285.890015,91.489998,76017.843750,33.8,104.59,44.240002,PM10,15879
25.209999,45.709999,11.310000,3.720000,0.340000,76.769997,-3.280000,1.660000,286.329987,92.580002,77364.437500,33.8,104.75,45.709999,PM10,15880
23.879999,45.869999,11.910000,4.360000,0.350000,77.589996,-2.810000,0.940000,288.290009,88.459999,80435.343750,33.8,104.92,45.869999,PM10,15881
23.760000,46.720001,12.590000,5.220000,0.370000,75.980003,-2.700000,0.750000,289.829987,84.339996,82816.507812,33.8,105.08,46.720001,PM10,15882
25.520000,48.959999,13.350000,5.460000,0.390000,75.489998,-3.000000,1.040000,289.790009,86.459999,82931.093750,33.8,105.25,48.959999,PM10,15883
27.469999,51.060001,13.550000,5.540000,0.400000,74.019997,-3.220000,1.250000,289.579987,88.900002,82857.156250,33.8,105.41,50.529999,PM10,15884
28.540001,51.810001,13.290000,5.730000,0.410000,74.930000,-3.230000,1.130000,290.399994,87.300003,84032.656250,33.79,105.57,50.904999,PM10,15885
28.639999,51.900002,12.580000,6.010000,0.410000,75.980003,-2.770000,0.420000,291.899994,84.139999,86526.328125,33.79,105.74,50.950001,PM10,15886
28.730000,52.230000,11.340000,6.250000,0.410000,77.290001,-1.710000,-0.390000,293.079987,81.070000,88280.132812,33.79,105.9,51.114998,PM10,15887
29.580000,52.939999,9.440000,6.350000,0.410000,80.260002,-1.230000,-1.760000,293.709991,79.230003,89165.953125,33.79,106.06,51.470001,PM10,15888
31.920000,55.779999,9.160000,6.240000,0.420000,78.559998,-1.230000,-1.500000,293.119995,80.570000,88179.859375,33.79,106.23,52.889999,PM10,15889
33.669998,58.250000,8.850000,6.560000,0.440000,78.629997,-2.070000,1.150000,291.730011,82.220001,85589.156250,33.79,106.39,54.125000,PM10,15890
13.600000,13.790000,1.480000,0.450000,0.140000,80.169998,-1.610000,-1.120000,279.029999,69.320000,61666.039062,33.87,101.15,19.428572,PM2.5,16118
13.960000,14.400000,1.700000,0.460000,0.150000,79.660004,-1.980000,-1.450000,278.549988,72.019997,61233.769531,33.88,101.31,19.942858,PM2.5,16119
14.350000,15.000000,1.900000,0.530000,0.150000,77.739998,-1.500000,-1.830000,279.119995,73.570000,62156.628906,33.88,101.48,20.500000,PM2.5,16120
14.880000,15.720000,2.130000,0.670000,0.160000,75.800003,-1.020000,-1.990000,280.220001,73.400002,63735.531250,33.89,101.64,21.257143,PM2.5,16121
15.820000,16.840000,2.460000,0.870000,0.160000,74.860001,-0.940000,-1.780000,281.230011,73.699997,65185.578125,33.89,101.8,22.600000,PM2.5,16122
17.340000,18.570000,2.930000,1.000000,0.170000,75.220001,-1.180000,-0.960000,281.920013,74.059998,66125.226562,33.9,101.97,24.771429,PM2.5,16123
18.770000,20.170000,3.320000,1.040000,0.180000,75.290001,-1.630000,-0.090000,282.320007,73.860001,66635.742188,33.9,102.13,26.814287,PM2.5,16124
26.770000,29.370001,5.450000,1.040000,0.220000,79.150002,-2.930000,0.670000,281.910004,81.250000,68077.640625,33.92,103.28,38.242859,PM2.5,16131
27.120001,30.170000,5.930000,1.160000,0.220000,78.750000,-3.390000,-0.710000,283.480011,80.680000,70461.921875,33.92,103.44,38.742859,PM2.5,16132
26.590000,30.400000,6.400000,1.350000,0.220000,80.449997,-3.260000,-1.140000,285.119995,76.949997,72515.921875,33.92,103.61,37.985714,PM2.5,16133
26.840000,31.959999,7.040000,1.440000,0.230000,79.839996,-3.390000,0.480000,286.089996,73.989998,73597.398438,33.93,103.77,38.342857,PM2.5,16134
27.270000,34.310001,7.760000,1.520000,0.240000,80.580002,-4.050000,2.100000,285.940002,77.610001,73924.781250,33.93,103.93,38.957142,PM2.5,16135
28.549999,38.200001,8.440000,1.730000,0.260000,80.180000,-4.080000,2.430000,284.140015,90.680000,72920.710938,33.93,104.1,40.785713,PM2.5,16136
28.100000,40.360001,9.080000,2.100000,0.270000,79.839996,-3.600000,2.840000,283.980011,94.029999,73086.460938,33.93,104.26,40.360001,PM10,16137
26.400000,41.070000,9.690000,2.350000,0.290000,80.940002,-3.460000,2.470000,285.720001,90.720001,75608.320312,33.93,104.43,41.070000,PM10,16138
25.010000,41.970001,10.110000,2.840000,0.310000,79.820000,-3.780000,1.770000,287.010010,87.839996,77470.148438,33.93,104.59,41.970001,PM10,16139
24.799999,43.500000,10.470000,3.280000,0.320000,78.250000,-3.480000,1.480000,286.809998,90.669998,77925.523438,33.93,104.75,43.500000,PM10,16140
24.160000,44.490002,10.900000,4.070000,0.330000,77.110001,-2.550000,0.840000,288.010010,88.400002,79991.062500,33.93,104.92,44.490002,PM10,16141
23.820000,45.259998,11.640000,4.740000,0.350000,77.029999,-2.170000,0.710000,289.959991,82.400002,82937.781250,33.93,105.08,45.259998,PM10,16142
25.540001,47.639999,12.290000,4.980000,0.370000,77.300003,-2.470000,1.150000,289.570007,84.660004,82330.742188,33.93,105.25,47.639999,PM10,16143
28.250000,50.439999,12.490000,5.300000,0.380000,75.089996,-2.860000,1.370000,288.440002,89.870003,80897.289062,33.93,105.41,50.220001,PM10,16144
29.139999,51.320000,12.210000,5.360000,0.380000,76.980003,-2.780000,1.160000,289.309998,89.309998,82409.968750,33.93,105.57,50.660000,PM10,16145
29.030001,51.950001,11.020000,5.860000,0.390000,76.260002,-2.390000,0.620000,290.989990,85.750000,85109.976562,33.93,105.74,50.974998,PM10,16146
30.040001,53.419998,10.000000,6.210000,0.400000,77.669998,-2.030000,-0.640000,291.920013,83.739998,86539.523438,33.93,105.9,51.709999,PM10,16147
31.760000,55.720001,9.340000,6.080000,0.400000,79.199997,-2.570000,-1.250000,292.230011,82.559998,86897.328125,33.93,106.07,52.860001,PM10,16148
33.040001,58.180000,8.770000,6.700000,0.420000,76.879997,-3.250000,-1.640000,292.640015,80.589996,87389.757812,33.93,106.23,54.090000,PM10,16149
33.459999,59.500000,8.350000,7.160000,0.430000,77.510002,-3.420000,-0.690000,293.130005,77.510002,87718.703125,33.92,106.39,54.750000,PM10,16150
13.680000,13.610000,1.330000,0.460000,0.140000,81.110001,-1.590000,-1.390000,278.769989,69.000000,61515.628906,34.01,100.98,19.542858,PM2.5,16378
14.170000,14.140000,1.570000,0.470000,0.150000,80.419998,-1.660000,-1.910000,277.959991,72.160004,60785.390625,34.01,101.14,20.242857,PM2.5,16379
14.280000,14.690000,1.740000,0.470000,0.150000,79.059998,-1.400000,-1.930000,277.980011,73.760002,60918.960938,34.01,101.31,20.400000,PM2.5,16380
14.510000,15.200000,1.900000,0.550000,0.150000,76.790001,-0.940000,-1.710000,278.950012,75.349998,62364.488281,34.02,101.47,20.728571,PM2.5,16381
15.010000,15.870000,2.150000,0.710000,0.160000,75.209999,-0.410000,-1.340000,280.329987,74.470001,64187.980469,34.02,101.63,21.442858,PM2.5,16382
15.900000,16.900000,2.470000,0.870000,0.160000,73.809998,-0.380000,-0.890000,281.179993,74.919998,65353.371094,34.03,101.8,22.714285,PM2.5,16383
17.440001,18.660000,2.980000,1.020000,0.170000,74.239998,-0.890000,-0.410000,281.279999,76.309998,65428.019531,34.03,101.96,24.914286,PM2.5,16384
19.110001,20.620001,3.460000,1.130000,0.190000,74.900002,-1.580000,0.010000,281.109985,78.059998,65325.640625,34.04,102.13,27.300001,PM2.5,16385
20.650000,22.420000,3.800000,1.110000,0.190000,75.580002,-1.940000,0.460000,281.149994,78.580002,65591.953125,34.04,102.29,29.500000,PM2.5,16386
26.900000,29.750000,5.820000,1.080000,0.220000,80.720001,-4.010000,0.470000,283.779999,77.800003,70601.492188,34.06,103.28,38.428570,PM2.5,16392
27.379999,30.530001,6.010000,1.050000,0.220000,79.769997,-4.070000,0.280000,282.660004,84.790001,69698.367188,34.06,103.44,39.114285,PM2.5,16393
27.770000,31.570000,6.420000,1.180000,0.220000,79.959999,-3.730000,0.500000,282.739990,87.580002,70197.578125,34.06,103.6,39.671429,PM2.5,16394
27.799999,32.619999,6.990000,1.380000,0.230000,81.300003,-3.690000,0.800000,284.160004,85.099998,72049.382812,34.06,103.77,39.714283,PM2.5,16395
28.020000,34.320000,7.480000,1.480000,0.240000,81.190002,-3.470000,1.730000,284.299988,86.059998,72423.429688,34.06,103.93,40.028572,PM2.5,16396
28.360001,36.480000,7.870000,1.690000,0.250000,80.120003,-3.290000,2.280000,283.769989,90.559998,72276.000000,34.06,104.1,40.514286,PM2.5,16397
26.980000,36.779999,8.310000,1.930000,0.260000,82.040001,-3.380000,2.800000,285.140015,88.620003,74369.859375,34.07,104.26,38.542858,PM2.5,16398
25.799999,37.720001,8.850000,2.160000,0.270000,82.690002,-3.340000,2.780000,286.380005,86.580002,76247.789062,34.07,104.43,37.720001,PM10,16399
25.670000,40.310001,9.310000,2.550000,0.290000,80.250000,-2.890000,2.160000,285.660004,90.050003,75625.570312,34.07,104.59,40.310001,PM10,16400
25.730000,42.009998,9.860000,2.930000,0.300000,80.680000,-2.350000,1.740000,285.010010,93.400002,75146.859375,34.07,104.75,42.009998,PM10,16401
25.020000,42.910000,10.250000,3.620000,0.310000,79.089996,-1.920000,1.020000,286.809998,89.660004,78195.648438,34.07,104.92,42.910000,PM10,16402
24.309999,43.619999,10.780000,4.290000,0.330000,78.809998,-1.740000,0.830000,289.769989,80.620003,82423.437500,34.07,105.08,43.619999,PM10,16403
25.370001,45.779999,11.480000,4.580000,0.340000,79.980003,-2.010000,1.220000,289.959991,80.410004,82543.507812,34.07,105.25,45.779999,PM10,16404
28.059999,48.619999,11.590000,4.870000,0.360000,77.919998,-2.410000,1.250000,288.970001,86.190002,81417.976562,34.07,105.41,48.619999,PM10,16405
29.760000,50.759998,11.050000,4.920000,0.360000,76.639999,-2.490000,1.080000,289.089996,88.279999,82045.882812,34.07,105.57,50.379997,PM10,16406
30.230000,51.869999,10.380000,5.220000,0.370000,78.980003,-2.230000,0.580000,289.649994,88.000000,83133.359375,34.07,105.74,50.934998,PM10,16407
31.520000,53.869999,9.720000,5.130000,0.380000,81.580002,-2.310000,-0.430000,290.350006,87.489998,84380.851562,34.06,105.9,51.934998,PM10,16408
32.930000,57.080002,9.260000,5.280000,0.390000,81.129997,-2.940000,-0.480000,290.829987,86.160004,85042.398438,34.06,106.07,53.540001,PM10,16409
34.169998,59.610001,8.790000,5.880000,0.410000,80.320000,-3.780000,-0.320000,290.839996,86.239998,85118.671875,34.06,106.23,54.805000,PM10,16410
35.669998,63.970001,8.030000,6.890000,0.430000,77.150002,-4.350000,-0.270000,290.679993,86.239998,85132.296875,34.06,106.4,56.985001,PM10,16411
14.020000,13.760000,1.370000,0.490000,0.140000,80.820000,-1.500000,-2.070000,278.859985,69.760002,61817.441406,34.14,100.97,20.028572,PM2.5,16638
14.460000,14.260000,1.580000,0.510000,0.150000,79.800003,-1.070000,-1.850000,278.730011,71.650002,61916.730469,34.15,101.14,20.657143,PM2.5,16639
14.240000,14.650000,1.680000,0.480000,0.150000,78.000000,-0.600000,-1.390000,279.350006,72.070000,62718.351562,34.15,101.3,20.342857,PM2.5,16640
14.440000,15.110000,1.880000,0.560000,0.150000,76.550003,-0.360000,-0.670000,280.869995,70.820000,64507.121094,34.16,101.46,20.628571,PM2.5,16641
15.060000,15.860000,2.160000,0.720000,0.150000,74.860001,-0.140000,-0.250000,281.440002,71.860001,65443.269531,34.16,101.63,21.514286,PM2.5,16642
19.320000,20.820000,3.580000,1.060000,0.190000,75.349998,-1.210000,-0.060000,280.359985,79.220001,64408.671875,34.17,102.12,27.600000,PM2.5,16645
20.889999,22.830000,4.010000,1.160000,0.200000,76.610001,-1.520000,0.770000,281.269989,77.690002,65614.539062,34.18,102.29,29.842855,PM2.5,16646
22.379999,24.650000,4.360000,1.270000,0.210000,77.440002,-1.870000,1.140000,280.920013,80.629997,65606.250000,34.18,102.45,31.971428,PM2.5,16647
23.780001,26.290001,4.670000,1.310000,0.220000,78.680000,-2.030000,1.370000,280.480011,83.269997,65508.128906,34.18,102.62,33.971428,PM2.5,16648
26.620001,29.610001,5.650000,1.330000,0.230000,81.040001,-2.870000,1.390000,281.989990,84.190002,68301.210938,34.19,103.11,38.028572,PM2.5,16651
26.559999,29.520000,5.630000,1.100000,0.220000,80.110001,-3.050000,1.660000,281.660004,85.410004,68064.187500,34.19,103.27,37.942856,PM2.5,16652
27.570000,30.639999,5.790000,1.110000,0.220000,77.800003,-2.680000,2.160000,279.230011,95.519997,65549.257812,34.19,103.44,39.385715,PM2.5,16653
28.420000,32.040001,6.210000,1.310000,0.220000,76.669998,-2.570000,2.480000,279.529999,96.129997,66078.406250,34.2,103.6,40.599998,PM2.5,16654
28.530001,32.950001,6.650000,1.510000,0.230000,78.629997,-2.790000,2.280000,281.230011,93.139999,68481.968750,34.2,103.77,40.757145,PM2.5,16655
28.580000,34.189999,7.030000,1.610000,0.230000,78.760002,-2.590000,2.220000,282.309998,92.099998,70271.023438,34.2,103.93,40.828571,PM2.5,16656
27.500000,34.389999,7.290000,1.700000,0.240000,80.019997,-2.600000,2.030000,284.269989,87.989998,73022.531250,34.2,104.1,39.285713,PM2.5,16657
26.110001,34.200001,7.570000,1.950000,0.240000,81.980003,-2.700000,2.420000,285.989990,83.989998,75293.648438,34.2,104.26,37.299999,PM2.5,16658
26.430000,36.110001,7.920000,2.180000,0.250000,80.879997,-2.580000,2.810000,284.670013,88.849998,73812.921875,34.2,104.42,37.757145,PM2.5,16659
27.230000,39.130001,8.320000,2.510000,0.270000,77.290001,-2.050000,2.780000,282.760010,95.330002,71682.796875,34.2,104.59,39.130001,PM10,16660
27.160000,40.910000,9.150000,2.850000,0.280000,79.290001,-1.600000,1.940000,283.679993,95.029999,73420.257812,34.2,104.75,40.910000,PM10,16661
25.670000,41.090000,9.550000,3.260000,0.290000,79.169998,-1.600000,0.860000,287.059998,85.949997,78451.156250,34.2,104.92,41.090000,PM10,16662
24.850000,42.090000,10.240000,3.890000,0.310000,79.750000,-1.650000,0.860000,289.940002,77.279999,82415.390625,34.2,105.08,42.090000,PM10,16663
25.530001,44.189999,10.720000,4.340000,0.320000,80.720001,-1.920000,0.850000,290.549988,76.839996,83199.656250,34.2,105.25,44.189999,PM10,16664
27.629999,46.849998,10.840000,4.640000,0.340000,79.430000,-2.200000,0.770000,290.109985,80.940002,82903.398438,34.2,105.41,46.849998,PM10,16665
29.719999,49.799999,10.440000,4.520000,0.350000,79.379997,-2.240000,0.790000,289.489990,85.699997,82499.953125,34.2,105.58,49.799999,PM10,16666
31.719999,53.330002,9.670000,5.180000,0.360000,77.739998,-2.260000,0.450000,288.640015,90.059998,81877.148438,34.2,105.74,51.665001,PM10,16667
33.020000,55.720001,9.570000,5.010000,0.370000,82.089996,-2.470000,0.410000,288.640015,91.389999,82227.851562,34.2,105.9,52.860001,PM10,16668
34.939999,60.240002,9.200000,5.390000,0.390000,81.309998,-2.960000,0.640000,288.970001,91.540001,82788.960938,34.2,106.07,55.120003,PM10,16669
36.980000,64.980003,8.590000,6.320000,0.410000,79.870003,-3.610000,0.960000,288.899994,92.830002,82847.242188,34.2,106.23,57.490002,PM10,16670
39.290001,69.949997,7.600000,7.960000,0.430000,74.529999,-3.940000,0.770000,288.390015,95.099998,82589.867188,34.2,106.4,59.974998,PM10,16671
42.650002,76.559998,6.500000,10.170000,0.460000,67.199997,-3.590000,0.350000,287.640015,98.639999,82195.156250,34.19,106.56,63.279999,PM10,16672
13.550000,13.430000,1.270000,0.500000,0.140000,79.610001,-1.020000,-1.580000,280.429993,67.690002,63759.921875,34.28,100.97,19.357143,PM2.5,16896
13.960000,13.880000,1.450000,0.520000,0.140000,78.790001,-0.400000,-1.060000,281.000000,67.660004,64485.128906,34.28,101.13,19.942858,PM2.5,16897
20.900000,22.900000,4.200000,1.050000,0.210000,77.279999,-1.290000,0.690000,281.679993,76.449997,65976.726562,34.31,102.28,29.857141,PM2.5,16904
22.530001,25.010000,4.590000,1.230000,0.230000,78.440002,-1.590000,1.150000,280.670013,81.639999,65325.070312,34.31,102.45,32.185715,PM2.5,16905
23.740000,26.459999,4.890000,1.270000,0.240000,79.099998,-1.570000,1.500000,280.329987,83.699997,65238.878906,34.32,102.61,33.914284,PM2.5,16906
24.980000,27.950001,5.190000,1.290000,0.240000,80.070000,-1.670000,1.530000,280.059998,86.160004,65271.609375,34.32,102.78,35.685715,PM2.5,16907
26.389999,29.610001,5.510000,1.300000,0.240000,80.379997,-1.890000,1.500000,280.029999,88.309998,65599.273438,34.32,102.94,37.700001,PM2.5,16908
26.660000,29.980000,5.690000,1.250000,0.230000,81.629997,-1.990000,1.610000,280.869995,86.339996,66692.468750,34.33,103.11,38.085712,PM2.5,16909
26.690001,29.920000,5.680000,1.070000,0.220000,81.680000,-2.060000,2.010000,280.269989,88.419998,66085.406250,34.33,103.27,38.128571,PM2.5,16910
27.360001,30.610001,5.860000,1.130000,0.220000,80.059998,-1.910000,2.220000,279.549988,92.080002,65541.796875,34.33,103.44,39.085716,PM2.5,16911
28.049999,31.719999,6.300000,1.360000,0.220000,78.760002,-2.150000,2.210000,280.760010,90.900002,67412.617188,34.33,103.6,40.071426,PM2.5,16912
28.629999,33.029999,6.830000,1.770000,0.230000,79.059998,-2.530000,2.260000,282.260010,88.750000,69702.453125,34.33,103.76,40.899998,PM2.5,16913
28.250000,33.619999,7.120000,1.890000,0.230000,79.860001,-2.640000,2.110000,284.010010,85.110001,72225.273438,34.34,103.93,40.357143,PM2.5,16914
27.530001,33.910000,7.190000,2.010000,0.240000,81.209999,-2.550000,2.040000,285.049988,83.830002,73923.523438,34.34,104.09,39.328571,PM2.5,16915
27.360001,34.840000,7.290000,2.100000,0.240000,80.430000,-2.220000,2.110000,284.390015,86.680000,73310.742188,34.34,104.26,39.085716,PM2.5,16916
27.830000,36.570000,7.560000,2.310000,0.250000,78.970001,-1.930000,2.360000,283.239990,90.559998,72138.500000,34.34,104.42,39.757141,PM2.5,16917
28.330000,38.650002,7.910000,2.570000,0.260000,76.970001,-1.620000,2.390000,282.450012,94.290001,71482.648438,34.34,104.59,40.471428,PM2.5,16918
27.940001,39.639999,8.510000,2.950000,0.270000,78.169998,-1.340000,1.500000,283.769989,92.150002,73659.289062,34.34,104.75,39.914288,PM2.5,16919
26.820000,40.590000,8.840000,3.300000,0.280000,76.730003,-1.150000,0.430000,286.899994,83.849998,78236.750000,34.34,104.92,40.590000,PM10,16920
26.660000,42.330002,9.480000,3.870000,0.300000,77.910004,-1.220000,0.410000,288.600006,80.529999,80634.726562,34.34,105.08,42.330002,PM10,16921
27.520000,44.889999,10.060000,4.430000,0.310000,79.040001,-1.580000,0.190000,288.880005,81.940002,81294.257812,34.34,105.25,44.889999,PM10,16922
28.650000,47.040001,10.290000,4.610000,0.330000,79.589996,-1.690000,0.160000,289.269989,82.849998,82097.179688,34.34,105.41,47.040001,PM10,16923
30.469999,50.759998,10.010000,5.180000,0.340000,78.830002,-1.580000,0.340000,289.040009,86.129997,82230.476562,34.34,105.58,50.379997,PM10,16924
32.169998,54.389999,9.420000,5.550000,0.360000,78.800003,-1.720000,0.670000,288.630005,89.080002,82086.703125,34.34,105.74,52.195000,PM10,16925
33.540001,57.259998,9.180000,5.660000,0.370000,80.680000,-2.440000,1.320000,288.549988,91.050003,82307.109375,34.34,105.91,53.629997,PM10,16926
36.419998,63.669998,8.540000,6.610000,0.400000,77.260002,-3.310000,1.760000,288.170013,93.820000,81909.539062,34.34,106.07,56.834999,PM10,16927
39.790001,70.360001,7.800000,8.510000,0.430000,74.849998,-4.010000,1.170000,287.649994,97.199997,81508.218750,34.33,106.24,60.180000,PM10,16928
41.169998,74.870003,6.490000,11.180000,0.460000,68.089996,-4.110000,0.540000,287.989990,97.110001,82814.687500,34.33,106.4,62.435001,PM10,16929
41.369999,78.279999,5.490000,15.150000,0.500000,64.080002,-3.690000,0.030000,288.959991,95.419998,84945.890625,34.33,106.56,64.139999,PM10,16930
21.219999,23.070000,4.380000,1.100000,0.210000,76.500000,-1.700000,0.370000,282.130005,75.440002,66620.570312,34.45,102.28,30.314285,PM2.5,17162
22.520000,24.870001,4.760000,1.230000,0.230000,78.709999,-1.780000,0.570000,281.250000,79.470001,65996.046875,34.45,102.44,32.171429,PM2.5,17163
23.309999,25.910000,5.060000,1.300000,0.240000,79.389999,-1.690000,0.620000,281.369995,79.750000,66342.203125,34.45,102.61,33.299999,PM2.5,17164
24.450001,27.350000,5.360000,1.500000,0.240000,79.070000,-1.700000,0.560000,280.959991,82.709999,66196.960938,34.46,102.77,34.928574,PM2.5,17165
25.850000,29.080000,5.580000,1.450000,0.240000,78.919998,-1.920000,0.350000,281.040009,84.410004,66630.031250,34.46,102.94,36.928574,PM2.5,17166
26.389999,29.850000,5.680000,1.430000,0.230000,79.150002,-2.050000,0.070000,281.940002,82.820000,67947.812500,34.46,103.1,37.700001,PM2.5,17167
26.830000,30.350000,5.790000,1.380000,0.220000,78.959999,-2.030000,0.160000,281.899994,83.699997,68135.117188,34.46,103.27,38.328571,PM2.5,17168
27.650000,31.360001,6.120000,1.560000,0.220000,77.599998,-2.290000,0.180000,282.480011,83.360001,69145.257812,34.47,103.43,39.500000,PM2.5,17169
28.090000,32.200001,6.520000,1.760000,0.230000,78.110001,-2.710000,0.560000,283.709991,81.529999,70982.390625,34.47,103.6,40.128571,PM2.5,17170
28.700001,33.549999,6.970000,2.050000,0.230000,78.370003,-2.840000,0.840000,284.429993,81.820000,72387.242188,34.47,103.76,41.000000,PM2.5,17171
28.410000,34.180000,7.190000,2.070000,0.230000,79.919998,-2.530000,1.060000,285.630005,79.389999,74250.593750,34.47,103.93,40.585712,PM2.5,17172
28.250000,35.009998,7.280000,2.110000,0.230000,81.500000,-2.270000,1.600000,285.309998,81.129997,74119.406250,34.47,104.09,40.357143,PM2.5,17173
28.690001,36.320000,7.280000,2.220000,0.240000,78.510002,-2.140000,1.500000,283.549988,88.010002,72424.429688,34.47,104.26,40.985714,PM2.5,17174
27.980000,36.450001,7.410000,2.310000,0.240000,78.070000,-1.750000,1.300000,283.670013,87.580002,72945.242188,34.47,104.42,39.971428,PM2.5,17175
27.990000,37.799999,7.710000,2.720000,0.250000,75.940002,-1.430000,0.770000,284.140015,87.300003,73902.140625,34.48,104.59,39.985714,PM2.5,17176
28.200001,39.279999,8.240000,2.980000,0.260000,76.690002,-1.290000,1.090000,284.549988,88.650002,75055.367188,34.48,104.75,40.285717,PM2.5,17177
28.250000,41.279999,8.700000,3.450000,0.270000,76.000000,-0.990000,0.960000,285.799988,86.959999,77268.789062,34.48,104.92,41.279999,PM10,17178
28.910000,43.560001,9.540000,4.060000,0.290000,78.489998,-0.690000,0.690000,286.119995,87.059998,77729.289062,34.48,105.08,43.560001,PM10,17179
29.740000,46.580002,10.210000,5.000000,0.310000,78.889999,-0.690000,0.520000,286.589996,87.650002,78599.132812,34.48,105.25,46.580002,PM10,17180
30.320000,48.970001,10.270000,5.560000,0.330000,78.250000,-0.790000,0.200000,288.179993,85.849998,81171.210938,34.48,105.41,48.970001,PM10,17181
31.389999,52.840000,10.140000,7.040000,0.350000,77.169998,-0.890000,0.280000,289.000000,85.199997,82619.226562,34.47,105.58,51.419998,PM10,17182
32.090000,55.689999,9.400000,7.370000,0.370000,77.160004,-1.230000,0.720000,289.950012,83.150002,84034.976562,34.47,105.74,52.845001,PM10,17183
33.139999,58.709999,8.740000,7.340000,0.390000,78.110001,-2.260000,1.480000,290.690002,82.209999,85168.906250,34.47,105.91,54.355000,PM10,17184
36.450001,65.029999,7.950000,8.280000,0.420000,75.730003,-3.740000,2.210000,289.459991,88.019997,83722.187500,34.47,106.07,57.514999,PM10,17185
41.680000,73.919998,7.000000,11.090000,0.460000,71.610001,-4.820000,1.620000,287.679993,97.000000,82071.156250,34.47,106.24,61.959999,PM10,17186
43.090000,78.589996,5.580000,14.000000,0.500000,65.180000,-5.390000,1.030000,288.359985,95.779999,83839.570312,34.47,106.4,64.294998,PM10,17187
42.709999,80.150002,4.830000,16.440001,0.530000,63.340000,-5.480000,0.110000,289.920013,91.519997,86493.703125,34.47,106.57,65.074997,PM10,17188
21.150000,22.410000,4.390000,1.070000,0.200000,75.080002,-2.590000,-0.210000,281.440002,79.000000,65943.132812,34.58,102.11,30.214285,PM2.5,17419
22.000000,23.709999,4.700000,1.290000,0.210000,76.639999,-3.010000,0.050000,282.119995,77.400002,66915.070312,34.58,102.27,31.428572,PM2.5,17420
22.780001,24.889999,5.010000,1.440000,0.230000,77.900002,-2.930000,-0.070000,282.070007,78.050003,67190.148438,34.59,102.44,32.542858,PM2.5,17421
23.450001,25.900000,5.270000,1.500000,0.230000,79.300003,-2.750000,-0.170000,282.160004,78.449997,67528.648438,34.59,102.6,33.500000,PM2.5,17422
24.469999,27.400000,5.520000,1.750000,0.240000,79.180000,-2.890000,-0.400000,282.279999,79.970001,67925.937500,34.59,102.77,34.957142,PM2.5,17423
25.920000,29.530001,5.750000,1.870000,0.240000,78.489998,-3.190000,-0.610000,282.570007,81.339996,68668.312500,34.6,102.93,37.028572,PM2.5,17424
27.280001,31.580000,5.950000,1.870000,0.230000,78.610001,-3.300000,-0.690000,283.149994,81.209999,69740.210938,34.6,103.1,38.971428,PM2.5,17425
28.620001,33.549999,6.330000,2.210000,0.240000,77.620003,-3.280000,-0.770000,283.589996,81.370003,70640.281250,34.6,103.27,40.885715,PM2.5,17426
28.990000,34.160000,6.540000,2.290000,0.230000,77.330002,-3.180000,-0.540000,284.029999,81.070000,71469.093750,34.6,103.43,41.414284,PM2.5,17427
29.240000,34.689999,6.690000,2.400000,0.230000,77.209999,-2.970000,-0.040000,284.200012,81.709999,72006.039062,34.6,103.6,41.771427,PM2.5,17428
29.350000,35.259998,6.880000,2.160000,0.230000,77.580002,-2.690000,0.310000,284.329987,82.589996,72570.242188,34.61,103.76,41.928574,PM2.5,17429
29.410000,36.060001,7.040000,2.050000,0.230000,78.720001,-2.340000,0.930000,284.359985,83.639999,72936.382812,34.61,103.93,42.014286,PM2.5,17430
29.870001,37.540001,7.170000,2.170000,0.230000,78.379997,-2.050000,1.180000,283.510010,87.559998,72283.726562,34.61,104.09,42.671429,PM2.5,17431
29.580000,37.869999,7.160000,2.490000,0.240000,75.639999,-2.000000,0.670000,283.130005,89.970001,72315.117188,34.61,104.26,42.257141,PM2.5,17432
28.379999,37.779999,7.290000,3.010000,0.240000,73.809998,-1.930000,-0.230000,284.489990,86.129997,74577.453125,34.61,104.42,40.542854,PM2.5,17433
28.080000,39.160000,7.810000,3.560000,0.250000,74.500000,-1.720000,-0.670000,286.149994,81.839996,77263.679688,34.61,104.59,40.114285,PM2.5,17434
28.340000,40.759998,8.260000,3.840000,0.260000,74.470001,-1.480000,0.260000,287.000000,80.419998,78698.367188,34.61,104.75,40.759998,PM10,17435
28.850000,42.810001,8.820000,4.210000,0.270000,74.339996,-1.120000,0.920000,287.089996,81.680000,79224.523438,34.61,104.92,42.810001,PM10,17436
29.900000,45.680000,9.690000,4.920000,0.290000,75.330002,-0.680000,0.870000,286.829987,84.459999,79111.046875,34.61,105.08,45.680000,PM10,17437
30.510000,48.660000,10.830000,6.220000,0.320000,78.120003,-0.590000,0.970000,287.709991,83.610001,80514.531250,34.61,105.25,48.660000,PM10,17438
30.990000,51.419998,10.950000,7.560000,0.340000,76.849998,-0.760000,0.800000,289.260010,81.580002,83081.726562,34.61,105.41,50.709999,PM10,17439
32.520000,56.130001,11.120000,10.340000,0.370000,75.440002,-1.050000,0.720000,289.839996,82.180000,84128.960938,34.61,105.58,53.065002,PM10,17440
33.470001,59.200001,9.910000,9.900000,0.390000,77.080002,-1.490000,0.940000,290.660004,81.089996,85178.656250,34.61,105.74,54.599998,PM10,17441
34.599998,62.299999,8.890000,9.250000,0.410000,79.309998,-2.490000,1.450000,291.339996,79.900002,85827.460938,34.61,105.91,56.150002,PM10,17442
37.459999,67.309998,7.810000,9.020000,0.430000,77.150002,-3.960000,2.110000,289.989990,86.089996,84376.593750,34.61,106.07,58.654999,PM10,17443
40.930000,72.839996,6.980000,10.600000,0.460000,73.849998,-4.640000,2.550000,288.549988,92.970001,82939.343750,34.61,106.24,61.419998,PM10,17444
20.430000,21.590000,4.160000,1.020000,0.200000,74.580002,-2.230000,-0.110000,279.640015,81.940002,63801.589844,34.71,101.94,29.185715,PM2.5,17675
21.639999,22.860001,4.460000,1.060000,0.200000,76.690002,-3.130000,0.170000,280.130005,81.589996,64517.531250,34.72,102.1,30.914286,PM2.5,17676
22.290001,23.790001,4.720000,1.270000,0.210000,77.459999,-3.510000,0.030000,280.820007,81.300003,65679.242188,34.72,102.27,31.842859,PM2.5,17677
22.680000,24.580000,4.940000,1.340000,0.210000,79.190002,-3.490000,-0.420000,281.549988,79.669998,66831.000000,34.72,102.44,32.400002,PM2.5,17678
23.190001,25.700001,5.110000,1.450000,0.220000,79.760002,-3.440000,-0.630000,282.079987,78.800003,67701.093750,34.73,102.6,33.128571,PM2.5,17679
24.000000,27.370001,5.290000,1.720000,0.220000,79.220001,-3.450000,-0.640000,282.450012,79.180000,68466.257812,34.73,102.77,34.285713,PM2.5,17680
25.180000,29.530001,5.470000,1.860000,0.220000,78.589996,-3.490000,-0.360000,282.970001,79.260002,69372.687500,34.73,102.93,35.971428,PM2.5,17681
26.639999,31.980000,5.670000,1.890000,0.220000,78.160004,-3.510000,0.090000,283.070007,80.489998,69748.062500,34.73,103.1,38.057140,PM2.5,17682
28.120001,34.599998,5.920000,2.130000,0.230000,76.980003,-3.250000,0.080000,282.890015,82.320000,69843.539062,34.74,103.26,40.171429,PM2.5,17683
29.309999,36.470001,6.110000,2.300000,0.230000,75.959999,-2.810000,-0.020000,282.570007,85.410004,69904.726562,34.74,103.43,41.871429,PM2.5,17684
29.889999,37.410000,6.310000,2.510000,0.230000,76.050003,-2.490000,-0.020000,283.079987,85.320000,70955.757812,34.74,103.59,42.700001,PM2.5,17685
29.990000,37.910000,6.600000,2.230000,0.230000,76.930000,-1.980000,0.230000,284.089996,82.180000,72442.460938,34.74,103.76,42.842857,PM2.5,17686
30.799999,39.150002,6.850000,2.090000,0.230000,77.510002,-1.800000,1.160000,282.980011,86.339996,71232.617188,34.74,103.92,44.000000,PM2.5,17687
31.820000,41.540001,7.100000,2.390000,0.230000,75.910004,-1.840000,1.340000,281.519989,93.290001,69938.546875,34.74,104.09,45.457142,PM2.5,17688
30.930000,43.259998,7.320000,3.090000,0.240000,73.330002,-2.080000,0.190000,282.970001,90.860001,72563.273438,34.75,104.26,44.185715,PM2.5,17689
29.930000,45.240002,7.790000,3.660000,0.240000,73.709999,-2.460000,-0.750000,285.290009,84.160004,76089.273438,34.75,104.42,45.240002,PM10,17690
30.049999,48.250000,8.460000,4.390000,0.250000,73.989998,-2.420000,-0.910000,287.000000,80.620003,78831.453125,34.75,104.59,48.250000,PM10,17691
30.650000,50.669998,9.220000,5.170000,0.270000,73.599998,-2.140000,-0.750000,288.350006,78.250000,80990.367188,34.75,104.75,50.334999,PM10,17692
31.850000,53.709999,10.260000,6.170000,0.290000,73.669998,-1.700000,-0.400000,288.730011,78.769997,81895.546875,34.75,104.92,51.855000,PM10,17693
32.180000,54.590000,11.230000,7.240000,0.310000,74.889999,-1.370000,0.060000,289.470001,77.870003,83227.109375,34.75,105.08,52.294998,PM10,17694
31.690001,54.070000,11.720000,8.110000,0.330000,75.809998,-1.350000,1.040000,290.519989,75.449997,84742.937500,34.75,105.25,52.035000,PM10,17695
32.580002,55.439999,11.830000,8.970000,0.350000,76.730003,-1.540000,1.460000,290.459991,78.169998,84952.156250,34.75,105.41,52.720001,PM10,17696
34.689999,59.330002,11.690000,10.610000,0.380000,77.959999,-1.800000,1.310000,290.149994,81.120003,84653.171875,34.75,105.58,54.665001,PM10,17697
36.270000,62.750000,10.370000,9.790000,0.400000,80.400002,-2.100000,1.700000,290.220001,82.529999,84503.539062,34.75,105.74,56.375000,PM10,17698
38.009998,66.440002,9.260000,9.310000,0.420000,82.110001,-2.620000,1.880000,289.970001,84.570000,83909.539062,34.74,105.91,58.220001,PM10,17699
39.040001,69.279999,8.060000,8.590000,0.430000,80.440002,-3.330000,2.250000,289.600006,86.720001,83539.570312,34.74,106.08,59.639999,PM10,17700
39.770000,71.540001,7.360000,9.110000,0.440000,79.510002,-3.890000,2.860000,289.339996,87.019997,83102.109375,34.74,106.24,60.770000,PM10,17701
42.270000,75.220001,6.930000,10.190000,0.460000,78.980003,-4.240000,2.260000,287.640015,92.129997,80774.906250,34.74,106.41,62.610001,PM10,17702
21.290001,22.490000,4.420000,1.110000,0.200000,76.800003,-2.840000,0.000000,279.640015,81.639999,64028.589844,34.85,102.1,30.414288,PM2.5,17933
22.150000,23.830000,4.660000,1.210000,0.210000,78.370003,-3.420000,0.030000,279.839996,82.489998,64678.949219,34.86,102.27,31.642857,PM2.5,17934
22.629999,25.049999,4.830000,1.290000,0.220000,80.480003,-3.500000,-0.320000,280.399994,81.970001,65719.093750,34.86,102.43,32.328571,PM2.5,17935
23.090000,26.510000,4.970000,1.490000,0.220000,81.150002,-3.200000,-0.740000,281.160004,80.599998,66871.906250,34.86,102.6,32.985714,PM2.5,17936
23.760000,28.540001,5.140000,1.780000,0.230000,80.750000,-2.970000,-0.790000,282.089996,78.419998,68148.921875,34.86,102.76,33.942856,PM2.5,17937
24.490000,30.510000,5.250000,1.840000,0.220000,80.709999,-2.880000,-0.430000,282.950012,76.339996,69331.671875,34.87,102.93,34.985714,PM2.5,17938
25.490000,32.250000,5.240000,1.700000,0.210000,80.660004,-2.990000,0.310000,282.029999,80.709999,68542.656250,34.87,103.09,36.414284,PM2.5,17939
26.920000,34.549999,5.360000,1.760000,0.210000,78.870003,-2.780000,0.150000,280.690002,86.970001,67367.171875,34.87,103.26,38.457142,PM2.5,17940
28.670000,37.360001,5.610000,1.940000,0.220000,77.089996,-2.230000,0.040000,280.670013,89.470001,67722.726562,34.87,103.43,40.957142,PM2.5,17941
29.900000,39.790001,5.940000,2.440000,0.230000,76.930000,-2.020000,-0.170000,282.470001,86.449997,70525.890625,34.88,103.59,42.714287,PM2.5,17942
29.950001,40.389999,6.440000,2.160000,0.220000,79.279999,-1.530000,-0.080000,284.709991,79.070000,73415.953125,34.88,103.76,42.785717,PM2.5,17943
30.760000,41.849998,6.740000,2.190000,0.230000,78.360001,-1.640000,0.750000,283.329987,83.910004,71670.007812,34.88,103.92,43.942856,PM2.5,17944
31.629999,45.770000,6.950000,2.730000,0.230000,75.410004,-2.230000,1.050000,281.720001,92.250000,70434.710938,34.88,104.09,45.770000,PM10,17945
31.040001,50.430000,7.390000,3.450000,0.240000,74.760002,-2.480000,0.010000,284.059998,87.209999,74327.476562,34.88,104.25,50.215000,PM10,17946
30.639999,53.220001,8.000000,4.060000,0.240000,75.470001,-2.500000,-0.300000,286.200012,81.910004,77722.773438,34.88,104.42,51.610001,PM10,17947
31.440001,57.770000,8.920000,5.050000,0.250000,75.980003,-2.340000,-0.610000,287.239990,80.470001,79365.859375,34.88,104.59,53.885002,PM10,17948
31.809999,57.889999,9.660000,5.700000,0.260000,75.820000,-2.290000,-0.770000,287.940002,80.059998,80485.750000,34.88,104.75,53.945000,PM10,17949
33.520000,60.439999,10.890000,6.950000,0.280000,75.919998,-2.300000,-0.490000,288.100006,81.620003,80953.718750,34.88,104.92,55.220001,PM10,17950
34.820000,62.419998,12.610000,8.690000,0.310000,78.300003,-2.370000,0.230000,289.510010,79.089996,83124.460938,34.88,105.08,56.209999,PM10,17951
34.500000,60.099998,12.390000,8.080000,0.340000,79.650002,-2.360000,1.270000,290.399994,77.129997,84436.210938,34.88,105.25,55.049999,PM10,17952
35.630001,60.000000,12.300000,7.860000,0.350000,82.389999,-2.460000,1.280000,289.970001,79.389999,83800.070312,34.88,105.41,55.000000,PM10,17953
36.540001,61.049999,11.540000,8.210000,0.380000,83.739998,-2.420000,1.100000,290.130005,79.820000,83977.859375,34.88,105.58,55.525002,PM10,17954
37.950001,63.970001,10.380000,7.700000,0.390000,84.680000,-2.300000,1.860000,289.980011,82.070000,83664.382812,34.88,105.75,56.985001,PM10,17955
40.139999,68.349998,9.360000,7.790000,0.410000,84.980003,-2.540000,2.320000,289.190002,86.139999,82635.492188,34.88,105.91,59.174999,PM10,17956
40.820000,71.919998,8.350000,8.330000,0.430000,83.260002,-2.980000,2.680000,289.290009,86.110001,82740.531250,34.88,106.08,60.959999,PM10,17957
41.630001,74.910004,7.500000,8.760000,0.440000,83.129997,-3.610000,2.630000,288.839996,86.129997,81855.390625,34.88,106.24,62.455002,PM10,17958
45.119999,80.430000,6.860000,10.260000,0.470000,81.949997,-3.950000,1.820000,286.459991,94.330002,79068.601562,34.88,106.41,65.214996,PM10,17959
21.430000,23.299999,4.620000,1.280000,0.210000,78.379997,-3.100000,-0.430000,280.279999,80.389999,65277.628906,34.99,102.26,30.614286,PM2.5,18191
22.340000,25.490000,4.780000,1.350000,0.230000,80.820000,-3.100000,-0.420000,280.790009,79.360001,66213.648438,34.99,102.43,31.914286,PM2.5,18192
23.270000,27.889999,4.880000,1.490000,0.230000,81.690002,-2.890000,-0.650000,280.480011,81.529999,66304.992188,35.0,102.59,33.242859,PM2.5,18193
23.910000,30.360001,5.050000,1.750000,0.230000,81.940002,-2.490000,-1.220000,281.850006,77.769997,68014.382812,35.0,102.76,34.157143,PM2.5,18194
24.559999,32.480000,5.150000,1.850000,0.230000,81.620003,-2.190000,-1.250000,282.989990,73.980003,69469.671875,35.0,102.93,35.085712,PM2.5,18195
25.809999,34.509998,5.120000,1.700000,0.220000,81.389999,-2.480000,-0.550000,281.179993,80.180000,67565.367188,35.01,103.09,36.871429,PM2.5,18196
27.570000,36.959999,5.170000,1.820000,0.210000,80.070000,-2.020000,-0.140000,279.239990,89.430000,65908.203125,35.01,103.26,39.385715,PM2.5,18197
29.110001,39.599998,5.370000,2.000000,0.220000,78.680000,-1.200000,-0.020000,279.910004,90.610001,66983.828125,35.01,103.42,41.585716,PM2.5,18198
30.610001,42.930000,5.750000,2.520000,0.230000,79.209999,-1.370000,-0.110000,282.709991,84.269997,71062.273438,35.01,103.59,43.728573,PM2.5,18199
31.190001,45.720001,6.340000,2.460000,0.230000,81.029999,-1.380000,-0.210000,285.690002,75.849998,74898.773438,35.01,103.75,45.720001,PM10,18200
31.850000,50.779999,6.730000,2.530000,0.230000,79.959999,-1.970000,-0.090000,285.149994,78.709999,74263.757812,35.02,103.92,50.389999,PM10,18201
31.150000,53.400002,6.860000,2.800000,0.230000,78.760002,-2.920000,0.360000,284.549988,82.949997,74300.523438,35.02,104.09,51.700001,PM10,18202
30.860001,57.709999,7.270000,3.380000,0.230000,78.610001,-2.970000,0.180000,286.239990,80.099998,77291.062500,35.02,104.25,53.855000,PM10,18203
30.780001,59.790001,7.820000,3.890000,0.240000,78.870003,-2.780000,0.000000,287.380005,78.250000,79219.703125,35.02,104.42,54.895000,PM10,18204
31.340000,62.450001,8.510000,4.590000,0.240000,78.690002,-2.610000,-0.610000,287.859985,78.019997,80159.757812,35.02,104.58,56.224998,PM10,18205
31.860001,62.430000,9.160000,5.130000,0.250000,77.599998,-2.340000,-0.730000,287.730011,79.800003,80243.281250,35.02,104.75,56.215000,PM10,18206
33.619999,64.559998,10.240000,6.230000,0.270000,76.800003,-2.140000,-0.190000,287.450012,82.430000,80011.531250,35.02,104.92,57.279999,PM10,18207
35.619999,67.059998,11.510000,7.320000,0.300000,79.160004,-2.320000,0.330000,288.450012,80.930000,81239.882812,35.02,105.08,58.529999,PM10,18208
36.490002,64.629997,12.050000,7.050000,0.330000,82.150002,-2.610000,0.740000,288.970001,80.279999,81878.796875,35.02,105.25,57.314999,PM10,18209
37.299999,63.139999,12.160000,7.090000,0.350000,84.080002,-2.670000,0.460000,288.920013,81.230003,81942.750000,35.02,105.42,56.570000,PM10,18210
37.779999,62.869999,11.680000,7.160000,0.370000,85.709999,-2.350000,0.440000,289.559998,79.900002,83012.046875,35.02,105.58,56.434998,PM10,18211
38.750000,65.639999,10.840000,6.960000,0.390000,87.559998,-2.090000,1.420000,290.049988,79.330002,83391.726562,35.02,105.75,57.820000,PM10,18212
40.750000,70.839996,9.720000,7.570000,0.410000,87.180000,-2.350000,2.420000,289.839996,81.470001,83072.562500,35.02,105.91,60.419998,PM10,18213
42.130001,75.580002,8.570000,8.510000,0.430000,84.699997,-3.030000,2.910000,289.510010,83.220001,82595.343750,35.02,106.08,62.790001,PM10,18214
44.400002,79.769997,7.550000,9.000000,0.450000,83.879997,-3.710000,2.620000,287.440002,89.510002,79824.226562,35.01,106.25,64.884995,PM10,18215
47.340000,85.650002,6.710000,10.960000,0.470000,81.919998,-3.720000,1.560000,285.459991,95.779999,77802.671875,35.01,106.41,67.824997,PM10,18216
49.020000,86.269997,7.450000,10.250000,0.560000,75.510002,-2.510000,1.480000,290.649994,87.559998,87050.273438,35.0,107.24,68.134995,PM10,18221
48.549999,83.650002,7.850000,11.340000,0.630000,75.660004,-3.140000,2.150000,290.739990,88.760002,87369.476562,35.0,107.41,66.937500,PM2.5,18222
47.669998,81.849998,8.050000,12.410000,0.680000,77.870003,-3.860000,3.170000,290.720001,89.059998,87679.218750,34.99,107.57,65.925003,PM10,18223
46.430000,79.879997,8.180000,13.670000,0.730000,80.239998,-4.510000,3.570000,290.690002,88.269997,87922.757812,34.99,107.74,64.940002,PM10,18224
22.080000,25.930000,4.760000,1.470000,0.230000,79.629997,-3.020000,-0.840000,281.720001,76.760002,67473.953125,35.13,102.42,31.542856,PM2.5,18445
23.490000,29.250000,4.840000,1.590000,0.240000,80.760002,-2.860000,-0.900000,280.970001,79.900002,67107.507812,35.13,102.59,33.557144,PM2.5,18446
24.260000,31.980000,5.010000,1.870000,0.240000,81.860001,-2.490000,-1.800000,282.029999,77.040001,68688.953125,35.14,102.76,34.657143,PM2.5,18447
25.459999,35.230000,5.140000,2.010000,0.230000,82.089996,-2.190000,-2.150000,281.950012,77.349998,68829.257812,35.14,102.92,36.371426,PM2.5,18448
27.350000,38.450001,5.120000,1.930000,0.220000,81.709999,-1.960000,-0.960000,279.410004,86.779999,66260.367188,35.14,103.09,39.071430,PM2.5,18449
29.000000,41.340000,5.140000,2.130000,0.220000,80.790001,-1.100000,-0.410000,279.250000,90.400002,66424.398438,35.14,103.25,41.428570,PM2.5,18450
30.100000,43.990002,5.310000,2.350000,0.230000,80.139999,-0.570000,-0.390000,281.130005,86.690002,69012.882812,35.15,103.42,43.990002,PM10,18451
31.629999,47.830002,5.690000,2.750000,0.230000,81.220001,-1.150000,0.060000,283.959991,79.550003,72753.906250,35.15,103.59,47.830002,PM10,18452
33.389999,55.820000,6.330000,2.810000,0.240000,82.970001,-1.800000,0.110000,286.459991,73.989998,76072.953125,35.15,103.75,52.910000,PM10,18453
33.630001,63.680000,6.700000,2.790000,0.230000,83.870003,-2.700000,-0.030000,286.809998,74.570000,76747.921875,35.15,103.92,56.840000,PM10,18454
31.459999,61.849998,6.720000,2.790000,0.230000,83.620003,-3.390000,0.290000,286.649994,76.599998,77158.781250,35.15,104.09,55.924999,PM10,18455
31.480000,66.279999,7.020000,3.220000,0.230000,82.870003,-3.240000,0.190000,287.209991,76.550003,78349.812500,35.15,104.25,58.139999,PM10,18456
31.660000,68.410004,7.430000,3.650000,0.230000,81.629997,-3.120000,-0.580000,287.250000,77.669998,78787.968750,35.15,104.42,59.205002,PM10,18457
32.270000,70.010002,7.910000,4.250000,0.240000,80.129997,-2.750000,-1.270000,287.109985,79.360001,79163.812500,35.16,104.58,60.005001,PM10,18458
32.150002,66.809998,8.550000,4.630000,0.240000,79.239998,-2.200000,-1.180000,287.260010,80.099998,79740.289062,35.16,104.75,58.404999,PM10,18459
33.040001,66.459999,9.440000,5.460000,0.250000,78.330002,-2.030000,-0.700000,287.220001,81.419998,79733.476562,35.16,104.92,58.230000,PM10,18460
34.930000,68.330002,10.290000,6.140000,0.280000,79.480003,-2.110000,-0.460000,287.429993,82.230003,79917.242188,35.16,105.08,59.165001,PM10,18461
36.310001,66.099998,11.140000,6.160000,0.310000,82.010002,-2.280000,-0.210000,287.709991,82.730003,80200.046875,35.16,105.25,58.049999,PM10,18462
37.990002,65.570000,11.910000,6.520000,0.340000,84.180000,-2.310000,-0.010000,288.119995,82.699997,80919.250000,35.16,105.42,57.785000,PM10,18463
38.450001,64.800003,11.800000,6.700000,0.360000,86.199997,-2.020000,0.130000,289.079987,80.320000,82426.812500,35.15,105.58,57.400002,PM10,18464
39.540001,68.629997,11.290000,6.930000,0.380000,88.339996,-1.730000,1.000000,289.980011,78.110001,83306.617188,35.15,105.75,59.314999,PM10,18465
41.860001,75.459999,10.280000,7.880000,0.410000,88.930000,-1.970000,2.200000,290.190002,78.919998,83266.718750,35.15,105.91,62.730000,PM10,18466
43.990002,81.250000,9.080000,8.840000,0.440000,87.040001,-2.800000,2.640000,289.309998,81.970001,82022.023438,35.15,106.08,65.625000,PM10,18467
46.150002,83.849998,7.950000,9.190000,0.440000,86.800003,-3.530000,2.250000,286.609985,90.180000,78661.796875,35.15,106.25,66.925003,PM10,18468
49.320000,91.849998,6.730000,11.240000,0.470000,81.730003,-3.050000,1.460000,285.269989,95.220001,77868.867188,35.15,106.41,70.925003,PM10,18469
49.540001,97.470001,6.400000,15.020000,0.490000,77.250000,-1.930000,1.060000,287.450012,89.370003,82015.257812,35.15,106.58,73.735001,PM10,18470
48.630001,94.559998,6.430000,12.030000,0.490000,80.169998,-1.340000,1.110000,289.480011,84.470001,85199.429688,35.14,106.75,72.279999,PM10,18471
49.340000,93.570000,6.930000,10.330000,0.490000,81.949997,-1.560000,1.400000,289.899994,85.089996,85886.656250,35.14,106.91,71.785004,PM10,18472
50.560001,91.820000,7.470000,9.030000,0.500000,81.500000,-2.170000,1.700000,290.040009,87.089996,86225.367188,35.14,107.08,70.910004,PM10,18473
51.279999,90.370003,7.900000,9.790000,0.550000,78.610001,-2.760000,1.790000,290.269989,88.879997,86598.078125,35.14,107.24,70.349998,PM2.5,18474
51.000000,88.110001,8.070000,11.790000,0.620000,76.459999,-3.240000,2.290000,290.269989,90.709999,86929.039062,35.13,107.41,70.000000,PM2.5,18475
49.840000,86.209999,8.210000,13.740000,0.680000,78.739998,-3.610000,2.820000,290.380005,90.870003,87431.140625,35.13,107.58,68.550003,PM2.5,18476
21.540001,26.049999,4.640000,1.560000,0.220000,79.349998,-3.060000,-0.360000,282.040009,76.500000,67981.109375,35.27,102.42,30.771429,PM2.5,18697
23.559999,30.330000,4.770000,1.640000,0.240000,81.150002,-3.070000,-0.820000,281.730011,78.400002,68219.460938,35.27,102.59,33.657143,PM2.5,18698
25.000000,33.910000,4.950000,2.020000,0.240000,82.019997,-2.950000,-1.920000,281.890015,78.910004,69015.093750,35.27,102.75,35.714287,PM2.5,18699
27.459999,40.730000,5.170000,2.390000,0.240000,82.120003,-2.060000,-2.680000,281.630005,80.529999,69236.968750,35.28,102.92,40.730000,PM10,18700
30.389999,46.990002,5.350000,2.620000,0.240000,83.879997,-1.080000,-1.580000,280.890015,83.900002,68473.562500,35.28,103.08,46.990002,PM10,18701
32.270000,51.080002,5.270000,2.770000,0.240000,81.760002,-0.610000,-1.210000,282.440002,82.489998,70949.140625,35.28,103.25,50.540001,PM10,18702
32.259998,52.580002,5.430000,2.850000,0.240000,83.320000,-0.850000,-0.660000,285.079987,75.709999,74336.937500,35.28,103.42,51.290001,PM10,18703
34.049999,59.009998,5.820000,3.150000,0.250000,85.089996,-1.720000,0.190000,286.570007,72.279999,76204.617188,35.28,103.58,54.504997,PM10,18704
35.680000,67.500000,6.280000,3.170000,0.250000,86.559998,-2.300000,0.480000,287.609985,70.900002,77631.882812,35.29,103.75,58.750000,PM10,18705
34.279999,71.349998,6.330000,2.860000,0.230000,88.269997,-3.060000,0.430000,287.579987,72.019997,77894.593750,35.29,103.92,60.674999,PM10,18706
31.600000,67.620003,6.250000,2.620000,0.220000,86.879997,-3.550000,0.160000,286.750000,75.269997,77356.546875,35.29,104.08,58.810001,PM10,18707
31.790001,72.000000,6.470000,2.950000,0.220000,84.849998,-3.340000,-0.570000,286.230011,77.959999,77082.000000,35.29,104.25,61.000000,PM10,18708
32.080002,73.690002,6.760000,3.370000,0.220000,82.559998,-3.070000,-1.460000,285.820007,80.730003,77120.656250,35.29,104.42,61.845001,PM10,18709
32.779999,75.199997,7.170000,4.050000,0.230000,81.029999,-2.360000,-1.740000,286.019989,81.629997,78084.632812,35.29,104.58,62.599998,PM10,18710
32.439999,70.879997,7.870000,4.470000,0.230000,80.379997,-1.900000,-1.560000,286.540009,81.050003,79049.773438,35.29,104.75,60.439999,PM10,18711
33.169998,69.489998,8.700000,5.240000,0.240000,78.900002,-2.010000,-1.360000,286.109985,83.419998,78576.328125,35.29,104.92,59.744999,PM10,18712
34.180000,68.809998,9.260000,5.730000,0.260000,78.540001,-1.930000,-1.110000,285.980011,85.389999,78532.882812,35.29,105.08,59.404999,PM10,18713
34.889999,65.080002,9.980000,5.730000,0.290000,79.699997,-1.730000,-0.630000,286.559998,85.440002,79325.742188,35.29,105.25,57.540001,PM10,18714
37.730000,66.889999,11.190000,6.080000,0.320000,82.660004,-1.760000,-0.120000,287.570007,83.570000,80492.398438,35.29,105.42,58.445000,PM10,18715
39.939999,69.279999,12.080000,6.600000,0.360000,86.230003,-1.880000,0.100000,288.779999,80.529999,82086.476562,35.29,105.58,59.639999,PM10,18716
41.380001,73.220001,11.780000,7.120000,0.380000,88.160004,-1.760000,0.890000,289.369995,79.099998,82632.093750,35.29,105.75,61.610001,PM10,18717
44.230000,80.599998,10.850000,7.890000,0.410000,89.769997,-2.150000,2.090000,289.510010,79.989998,82256.539062,35.29,105.92,65.300003,PM10,18718
47.990002,88.510002,9.430000,8.930000,0.430000,88.349998,-3.460000,2.460000,288.109985,84.150002,80452.171875,35.29,106.08,69.255005,PM10,18719
50.369999,92.260002,7.880000,9.430000,0.440000,85.370003,-3.930000,1.790000,285.880005,91.099998,78209.140625,35.29,106.25,71.130005,PM10,18720
51.750000,99.430000,6.640000,11.250000,0.460000,80.320000,-2.690000,1.510000,285.859985,92.720001,79248.382812,35.28,106.42,74.714996,PM10,18721
51.730000,104.529999,6.720000,14.940000,0.490000,78.989998,-1.440000,1.330000,287.510010,87.910004,82245.218750,35.28,106.58,77.264999,PM10,18722
50.410000,101.000000,6.850000,11.830000,0.490000,83.220001,-1.080000,1.150000,289.179993,83.599998,84692.492188,35.28,106.75,75.500000,PM10,18723
49.509998,96.459999,7.460000,9.640000,0.480000,87.680000,-1.580000,1.630000,290.579987,81.019997,86326.351562,35.28,106.92,73.229996,PM10,18724
51.549999,94.980003,8.010000,8.560000,0.500000,86.779999,-2.370000,2.150000,290.640015,83.500000,86615.250000,35.28,107.08,72.490005,PM10,18725
53.580002,95.660004,8.170000,10.000000,0.550000,81.000000,-2.680000,2.240000,290.250000,88.269997,86551.000000,35.27,107.25,73.225006,PM2.5,18726
53.169998,93.000000,8.340000,12.230000,0.620000,77.250000,-2.800000,2.690000,290.200012,90.620003,86905.820312,35.27,107.41,72.712494,PM2.5,18727
51.799999,90.500000,8.640000,14.500000,0.670000,79.059998,-3.260000,3.070000,290.279999,91.040001,87423.820312,35.27,107.58,71.000000,PM2.5,18728
44.220001,78.010002,9.410000,14.120000,0.750000,89.320000,-4.000000,4.110000,291.760010,82.290001,89173.656250,35.26,107.91,64.005005,PM10,18730
21.309999,25.660000,5.030000,1.870000,0.220000,77.760002,-2.560000,0.060000,282.010010,75.169998,67799.882812,35.4,102.42,30.442856,PM2.5,18946
24.500000,32.720001,5.080000,2.050000,0.240000,79.370003,-3.030000,-0.690000,280.950012,80.050003,67273.273438,35.41,102.58,35.000000,PM2.5,18947
27.930000,40.230000,5.140000,2.490000,0.260000,80.510002,-3.290000,-1.660000,280.200012,86.029999,67415.187500,35.41,102.75,40.230000,PM10,18948
31.219999,50.160000,5.320000,3.020000,0.260000,82.120003,-2.290000,-2.650000,282.940002,80.300003,71705.789062,35.41,102.92,50.080002,PM10,18949
35.490002,60.119999,5.460000,3.590000,0.260000,83.220001,-0.880000,-2.130000,285.429993,74.699997,75212.250000,35.41,103.08,55.059998,PM10,18950
36.049999,61.790001,5.400000,3.510000,0.260000,84.470001,-0.820000,-0.840000,286.619995,72.080002,76597.562500,35.42,103.25,55.895000,PM10,18951
35.759998,63.689999,5.580000,3.500000,0.260000,87.430000,-1.890000,-0.080000,287.579987,69.430000,77626.023438,35.42,103.42,56.845001,PM10,18952
37.369999,72.589996,5.870000,3.700000,0.260000,89.260002,-2.600000,0.140000,288.190002,68.320000,78421.703125,35.42,103.58,61.294998,PM10,18953
37.520000,79.019997,6.000000,3.550000,0.250000,90.589996,-2.790000,0.680000,288.829987,67.040001,79319.546875,35.42,103.75,64.509995,PM10,18954
35.509998,79.489998,5.860000,3.060000,0.230000,90.910004,-3.340000,0.450000,288.209991,68.660004,78768.757812,35.42,103.92,64.744995,PM10,18955
31.400000,69.580002,5.680000,2.460000,0.210000,87.559998,-3.880000,-0.580000,286.420013,74.860001,77027.046875,35.42,104.08,59.790001,PM10,18956
31.350000,70.779999,5.800000,2.700000,0.210000,84.709999,-3.470000,-1.330000,285.059998,80.949997,76056.617188,35.43,104.25,60.389999,PM10,18957
31.290001,70.870003,5.990000,3.050000,0.210000,82.480003,-2.740000,-1.550000,285.200012,81.949997,76829.656250,35.43,104.42,60.435001,PM10,18958
31.950001,72.570000,6.420000,3.860000,0.220000,81.480003,-2.140000,-1.520000,286.200012,80.010002,78687.882812,35.43,104.58,61.285000,PM10,18959
31.730000,69.440002,7.110000,4.390000,0.220000,80.699997,-1.970000,-1.580000,286.489990,79.889999,79273.117188,35.43,104.75,59.720001,PM10,18960
32.619999,69.760002,7.950000,5.220000,0.230000,78.809998,-1.870000,-1.580000,285.660004,84.010002,78536.921875,35.43,104.92,59.880001,PM10,18961
32.939999,67.519997,8.380000,5.460000,0.250000,78.010002,-1.330000,-1.270000,285.640015,85.720001,78709.882812,35.43,105.08,58.759998,PM10,18962
33.459999,63.419998,9.120000,5.240000,0.270000,79.070000,-1.110000,-0.830000,286.309998,85.400002,79458.820312,35.43,105.25,56.709999,PM10,18963
36.849998,66.300003,10.530000,5.560000,0.300000,82.029999,-1.380000,-0.220000,287.200012,83.870003,80253.476562,35.43,105.42,58.150002,PM10,18964
41.320000,73.570000,12.060000,6.410000,0.350000,86.190002,-1.770000,0.310000,288.399994,80.519997,81621.359375,35.43,105.58,61.785000,PM10,18965
43.139999,77.029999,12.110000,6.910000,0.370000,89.470001,-1.830000,1.200000,288.980011,78.690002,82110.703125,35.43,105.75,63.514999,PM10,18966
46.209999,84.739998,11.110000,7.740000,0.400000,90.330002,-2.470000,2.160000,288.859985,79.449997,81302.976562,35.42,105.92,67.369995,PM10,18967
53.160000,108.930000,6.940000,12.760000,0.470000,83.430000,-1.540000,1.690000,288.070007,84.690002,82644.218750,35.42,106.58,79.464996,PM10,18971
53.020000,108.290001,7.160000,12.080000,0.480000,85.680000,-1.360000,1.580000,288.959991,83.660004,84158.289062,35.42,106.75,79.145004,PM10,18972
51.410000,101.709999,7.870000,10.220000,0.480000,90.529999,-1.750000,1.670000,290.399994,81.000000,86008.171875,35.41,106.92,75.854996,PM10,18973
52.549999,98.879997,8.530000,8.600000,0.500000,91.129997,-2.390000,1.980000,290.980011,81.779999,86778.703125,35.41,107.08,74.440002,PM10,18974
55.150002,100.000000,8.720000,10.130000,0.550000,85.419998,-2.710000,2.220000,290.570007,86.860001,86767.179688,35.41,107.25,75.187500,PM2.5,18975
54.560001,96.910004,8.950000,11.930000,0.610000,81.160004,-2.880000,3.030000,290.540009,88.879997,87207.101562,35.41,107.42,74.450005,PM2.5,18976
52.340000,92.389999,9.290000,13.060000,0.650000,82.779999,-3.130000,3.770000,290.809998,87.830002,87836.750000,35.4,107.58,71.675003,PM2.5,18977
49.430000,87.099998,9.640000,13.500000,0.700000,87.160004,-3.070000,4.430000,291.000000,86.099998,88095.070312,35.4,107.75,68.550003,PM10,18978
45.619999,80.010002,10.030000,12.330000,0.730000,92.190002,-3.360000,4.650000,291.459991,82.639999,88390.593750,35.4,107.92,65.005005,PM10,18979
42.790001,74.080002,10.360000,11.340000,0.770000,95.330002,-4.370000,4.670000,291.399994,80.690002,88086.382812,35.39,108.08,62.040001,PM10,18980
41.570000,70.199997,10.520000,10.820000,0.820000,96.010002,-5.550000,4.440000,290.470001,83.019997,87065.742188,35.39,108.25,60.099998,PM10,18981
41.509998,68.959999,10.460000,11.480000,0.890000,93.529999,-5.920000,3.850000,288.899994,88.629997,85593.203125,35.38,108.42,59.480000,PM10,18982
41.380001,67.529999,10.450000,13.360000,0.990000,89.750000,-4.960000,2.950000,287.459991,94.669998,84376.851562,35.38,108.58,58.764999,PM10,18983
25.520000,34.250000,5.570000,2.610000,0.240000,76.860001,-3.200000,-0.960000,278.899994,86.199997,65187.308594,35.54,102.58,36.457142,PM2.5,19192
31.090000,46.919998,5.510000,3.310000,0.270000,78.410004,-2.960000,-1.180000,278.660004,91.900002,65994.609375,35.54,102.74,46.919998,PM10,19193
35.060001,58.990002,5.450000,3.820000,0.280000,82.769997,-1.890000,-1.690000,283.850006,79.629997,73468.453125,35.55,102.91,54.495003,PM10,19194
38.410000,67.940002,5.630000,4.440000,0.280000,86.199997,-0.690000,-1.540000,288.510010,67.169998,79500.320312,35.55,103.08,58.970001,PM10,19195
36.610001,65.230003,5.560000,3.850000,0.260000,89.489998,-1.550000,-0.370000,288.869995,66.139999,79246.492188,35.55,103.25,57.615002,PM10,19196
35.130001,64.190002,5.590000,3.540000,0.250000,92.470001,-3.210000,-0.210000,287.910004,67.949997,78032.750000,35.55,103.41,57.095001,PM10,19197
36.150002,70.959999,5.550000,3.470000,0.240000,91.860001,-3.140000,-0.210000,288.260010,67.519997,78832.523438,35.56,103.58,60.480000,PM10,19198
36.410000,77.099998,5.540000,3.230000,0.240000,92.470001,-2.770000,0.510000,289.019989,65.040001,79660.398438,35.56,103.75,63.549999,PM10,19199
35.799999,80.330002,5.360000,3.020000,0.230000,90.400002,-3.450000,-0.180000,287.250000,70.019997,77579.203125,35.56,103.91,65.165001,PM10,19200
31.950001,70.639999,5.140000,2.820000,0.210000,86.080002,-3.850000,-1.370000,285.019989,78.629997,75626.226562,35.56,104.08,60.320000,PM10,19201
31.370001,69.669998,5.200000,3.190000,0.210000,83.550003,-3.150000,-1.430000,284.959991,80.879997,76423.718750,35.56,104.25,59.834999,PM10,19202
30.510000,66.940002,5.330000,3.430000,0.210000,82.000000,-2.450000,-1.290000,286.160004,77.940002,78373.226562,35.56,104.42,58.470001,PM10,19203
31.150000,68.099998,5.780000,4.050000,0.210000,81.339996,-2.200000,-1.500000,286.809998,76.639999,79553.500000,35.56,104.58,59.049999,PM10,19204
30.709999,64.309998,6.440000,4.250000,0.210000,80.260002,-2.100000,-1.880000,286.519989,78.750000,79554.242188,35.56,104.75,57.154999,PM10,19205
31.469999,65.160004,7.350000,5.100000,0.220000,78.849998,-1.680000,-1.660000,286.329987,80.910004,79702.046875,35.56,104.92,57.580002,PM10,19206
31.379999,63.599998,7.730000,5.150000,0.230000,78.320000,-1.160000,-1.180000,286.500000,82.059998,80102.148438,35.56,105.08,56.799999,PM10,19207
32.279999,61.570000,8.360000,5.020000,0.250000,78.809998,-1.000000,-0.950000,286.350006,84.239998,79762.390625,35.56,105.25,55.785000,PM10,19208
36.000000,65.320000,9.760000,5.450000,0.290000,81.110001,-1.160000,-0.360000,286.790009,84.040001,79911.453125,35.56,105.42,57.660000,PM10,19209
42.099998,76.589996,11.740000,6.610000,0.340000,85.540001,-1.440000,0.540000,288.019989,80.480003,81130.843750,35.56,105.58,63.294998,PM10,19210
44.290001,79.889999,12.090000,6.990000,0.360000,89.739998,-1.760000,1.530000,288.790009,77.470001,81780.101562,35.56,105.75,64.945000,PM10,19211
54.970001,116.050003,7.840000,15.870000,0.480000,86.809998,-1.580000,1.890000,289.220001,79.540001,83626.031250,35.55,106.59,83.025002,PM10,19216
55.410000,115.760002,7.860000,18.340000,0.480000,84.019997,-1.660000,2.020000,289.529999,80.889999,84633.203125,35.55,106.75,82.880005,PM10,19217
55.040001,109.629997,8.330000,15.330000,0.480000,87.980003,-1.900000,1.940000,289.910004,82.300003,85380.796875,35.55,106.92,79.815002,PM10,19218
54.610001,103.349998,8.890000,8.490000,0.500000,92.419998,-2.340000,1.790000,290.600006,82.849998,86304.953125,35.55,107.09,76.675003,PM10,19219
55.910000,102.180000,9.300000,9.360000,0.540000,89.680000,-2.680000,2.120000,290.670013,85.510002,86768.031250,35.54,107.26,76.137497,PM2.5,19220
55.580002,99.629997,9.580000,11.020000,0.600000,85.180000,-2.860000,3.240000,290.640015,87.599998,87121.953125,35.54,107.42,75.725006,PM2.5,19221
54.139999,96.610001,10.080000,12.990000,0.650000,84.720001,-2.690000,4.230000,290.709991,87.209999,87434.117188,35.54,107.59,73.925003,PM2.5,19222
50.400002,89.040001,10.280000,12.130000,0.680000,89.230003,-2.440000,4.550000,291.070007,85.010002,87744.218750,35.53,107.76,69.520004,PM10,19223
46.970001,82.440002,10.530000,11.400000,0.720000,92.500000,-2.780000,4.520000,291.600006,81.930000,88340.859375,35.53,107.92,66.220001,PM10,19224
43.430000,75.309998,10.900000,10.320000,0.760000,96.230003,-3.500000,4.590000,291.470001,80.239998,87932.343750,35.53,108.09,62.654999,PM10,19225
41.720001,70.639999,11.090000,10.080000,0.800000,97.150002,-4.450000,4.510000,290.579987,82.019997,86784.593750,35.52,108.26,60.320000,PM10,19226
41.340000,68.870003,11.060000,10.720000,0.870000,95.320000,-4.880000,4.100000,289.140015,87.099998,85323.859375,35.52,108.42,59.435001,PM10,19227
41.470001,67.769997,11.000000,12.460000,0.950000,91.489998,-4.640000,3.390000,287.559998,94.120003,84163.687500,35.51,108.59,58.884998,PM10,19228
30.889999,48.130001,5.830000,3.580000,0.260000,79.169998,-3.540000,-0.550000,282.140015,81.290001,70778.148438,35.68,102.74,48.130001,PM10,19438
36.730000,64.330002,5.540000,4.400000,0.290000,84.470001,-2.390000,-0.460000,285.619995,74.010002,75873.906250,35.68,102.91,57.165001,PM10,19439
40.430000,73.900002,5.760000,5.020000,0.290000,89.199997,-1.910000,-1.090000,289.010010,65.470001,80237.968750,35.69,103.08,61.950001,PM10,19440
38.770000,72.559998,5.630000,4.420000,0.260000,92.379997,-2.990000,-1.150000,289.049988,64.339996,79780.476562,35.69,103.24,61.279999,PM10,19441
38.080002,73.019997,5.510000,4.060000,0.250000,93.529999,-3.860000,-1.320000,287.679993,67.709999,78348.156250,35.69,103.41,61.509998,PM10,19442
38.520000,78.300003,5.350000,3.930000,0.250000,93.629997,-3.340000,-1.540000,288.399994,65.320000,79304.117188,35.69,103.58,64.150002,PM10,19443
38.430000,82.419998,5.220000,3.650000,0.240000,92.739998,-3.240000,-1.260000,287.989990,65.989998,78531.250000,35.69,103.75,66.209999,PM10,19444
38.020000,84.379997,4.950000,3.510000,0.240000,88.870003,-3.610000,-1.220000,284.410004,78.120003,74493.859375,35.7,103.91,67.190002,PM10,19445
33.130001,73.250000,4.620000,3.100000,0.210000,84.089996,-3.110000,-1.390000,283.579987,82.639999,74411.890625,35.7,104.08,61.625000,PM10,19446
31.010000,67.110001,4.630000,3.210000,0.200000,83.070000,-2.510000,-0.890000,285.940002,76.860001,77881.148438,35.7,104.25,58.555000,PM10,19447
29.379999,62.349998,4.630000,3.370000,0.200000,81.070000,-2.340000,-0.870000,287.130005,73.199997,79784.000000,35.7,104.41,56.174999,PM10,19448
29.809999,62.889999,5.070000,3.760000,0.200000,80.860001,-2.360000,-1.890000,287.010010,74.320000,79878.343750,35.7,104.58,56.445000,PM10,19449
29.889999,61.910000,5.720000,4.170000,0.200000,78.919998,-2.130000,-2.330000,286.660004,76.959999,79991.046875,35.7,104.75,55.955002,PM10,19450
30.459999,63.009998,6.710000,5.130000,0.210000,77.639999,-1.360000,-2.080000,287.079987,77.339996,80825.812500,35.7,104.92,56.504997,PM10,19451
30.230000,59.590000,7.160000,4.960000,0.220000,78.029999,-0.960000,-1.530000,287.209991,78.550003,81013.023438,35.7,105.08,54.794998,PM10,19452
31.129999,58.930000,7.660000,4.760000,0.240000,78.629997,-0.900000,-1.020000,286.790009,81.320000,80296.101562,35.7,105.25,54.465000,PM10,19453
35.009998,64.519997,8.870000,5.240000,0.270000,80.510002,-0.980000,-0.390000,287.019989,81.580002,80220.203125,35.7,105.42,57.259998,PM10,19454
41.750000,77.269997,10.810000,6.540000,0.320000,84.099998,-1.210000,0.620000,287.799988,79.809998,80767.218750,35.7,105.59,63.634998,PM10,19455
58.160000,123.339996,8.730000,17.570000,0.470000,89.879997,-1.740000,1.670000,289.500000,78.300003,83572.343750,35.69,106.59,86.669998,PM10,19461
57.840000,120.839996,8.540000,20.520000,0.480000,87.889999,-2.020000,2.130000,290.130005,78.160004,84767.476562,35.69,106.76,85.419998,PM10,19462
57.340000,114.220001,8.810000,16.510000,0.480000,89.860001,-2.480000,2.360000,290.260010,80.250000,85506.242188,35.69,106.92,82.110001,PM10,19463
56.509998,107.940002,9.230000,8.190000,0.500000,94.250000,-2.600000,1.990000,290.429993,82.559998,86140.320312,35.68,107.09,78.970001,PM10,19464
56.490002,103.980003,9.840000,8.630000,0.530000,93.660004,-2.650000,2.090000,290.579987,84.570000,86509.468750,35.68,107.26,76.990005,PM10,19465
56.650002,102.660004,10.010000,10.230000,0.590000,89.639999,-2.720000,3.100000,290.609985,86.169998,86711.828125,35.68,107.43,77.062500,PM2.5,19466
56.419998,101.610001,10.670000,12.710000,0.640000,87.160004,-2.480000,4.240000,290.369995,87.480003,86608.562500,35.67,107.59,76.774994,PM2.5,19467
51.810001,92.239998,10.750000,11.440000,0.670000,90.139999,-2.400000,4.270000,290.880005,85.379997,87368.476562,35.67,107.76,71.119995,PM10,19468
48.040001,84.730003,11.020000,10.520000,0.710000,92.970001,-2.540000,4.130000,291.640015,81.639999,88334.710938,35.67,107.93,67.365005,PM10,19469
45.009998,78.250000,11.190000,9.750000,0.750000,95.339996,-2.980000,3.980000,291.299988,81.480003,87774.609375,35.66,108.09,64.125000,PM10,19470
42.520000,72.540001,11.480000,9.750000,0.790000,96.349998,-3.990000,3.850000,290.309998,83.989998,86579.546875,35.66,108.26,61.270000,PM10,19471
41.450001,69.629997,11.580000,10.660000,0.860000,94.320000,-5.100000,3.650000,289.160004,87.820000,85537.328125,35.65,108.43,59.814999,PM10,19472
28.389999,42.549999,6.950000,4.360000,0.240000,79.339996,-4.050000,-0.170000,287.140015,67.449997,77255.343750,35.82,102.74,42.549999,PM10,19681
35.380001,61.119999,6.310000,5.060000,0.270000,84.769997,-3.350000,-0.230000,287.769989,67.839996,78615.062500,35.82,102.91,55.559998,PM10,19682
39.549999,72.570000,6.020000,5.480000,0.280000,90.139999,-3.150000,-1.060000,288.820007,65.760002,80176.226562,35.82,103.07,61.285000,PM10,19683
40.570000,77.830002,5.760000,5.370000,0.270000,94.459999,-3.690000,-1.540000,288.700012,65.440002,80020.203125,35.82,103.24,63.915001,PM10,19684
40.770000,80.059998,5.690000,5.140000,0.260000,96.330002,-4.400000,-1.790000,287.529999,68.290001,78748.789062,35.83,103.41,65.029999,PM10,19685
41.610001,85.510002,5.470000,5.250000,0.260000,96.900002,-4.500000,-2.340000,287.510010,67.989998,78974.562500,35.83,103.58,67.755005,PM10,19686
41.290001,88.410004,5.120000,4.950000,0.260000,94.290001,-4.080000,-2.480000,286.320007,71.470001,77596.718750,35.83,103.74,69.205002,PM10,19687
40.230000,88.720001,4.660000,4.940000,0.250000,89.370003,-3.280000,-1.580000,284.149994,79.300003,75205.070312,35.83,103.91,69.360001,PM10,19688
37.709999,86.260002,4.330000,3.660000,0.230000,85.419998,-2.350000,-0.910000,285.470001,76.489998,77238.703125,35.83,104.08,68.130005,PM10,19689
31.320000,66.889999,4.180000,3.030000,0.200000,83.139999,-2.110000,-0.560000,287.279999,70.820000,79637.828125,35.83,104.25,58.445000,PM10,19690
29.000000,59.930000,4.120000,2.910000,0.190000,80.680000,-2.360000,-1.340000,287.059998,71.650002,79551.140625,35.83,104.41,54.965000,PM10,19691
28.540001,58.250000,4.320000,3.090000,0.190000,79.489998,-2.360000,-2.360000,286.850006,73.349998,79793.343750,35.83,104.58,54.125000,PM10,19692
29.670000,61.919998,5.100000,3.990000,0.190000,77.849998,-1.780000,-2.700000,286.850006,75.110001,80329.546875,35.84,104.75,55.959999,PM10,19693
30.280001,63.650002,6.150000,5.210000,0.200000,76.129997,-0.970000,-2.490000,287.010010,76.610001,80932.781250,35.84,104.92,56.825001,PM10,19694
28.959999,57.009998,6.530000,4.880000,0.210000,76.019997,-0.410000,-1.980000,287.089996,78.050003,81118.703125,35.84,105.08,53.504997,PM10,19695
30.190001,55.189999,6.900000,4.500000,0.230000,78.010002,-0.470000,-1.180000,287.149994,78.760002,80733.093750,35.84,105.25,52.595001,PM10,19696
59.790001,119.029999,8.500000,12.810000,0.470000,98.980003,-2.710000,2.440000,290.390015,78.709999,85137.117188,35.82,106.93,84.514999,PM10,19706
58.220001,112.379997,8.840000,7.510000,0.490000,99.070000,-2.830000,2.420000,290.320007,81.610001,85707.890625,35.82,107.09,81.190002,PM10,19707
57.200001,107.519997,9.380000,7.900000,0.520000,97.779999,-2.700000,2.240000,290.429993,83.010002,86246.796875,35.82,107.26,78.759995,PM10,19708
56.740002,104.769997,9.660000,9.100000,0.570000,95.290001,-2.570000,2.740000,290.510010,84.709999,86427.703125,35.81,107.43,77.384995,PM10,19709
57.660000,106.050003,10.100000,11.560000,0.630000,91.260002,-2.520000,3.750000,290.149994,87.550003,86101.828125,35.81,107.6,78.324997,PM2.5,19710
53.500000,97.180000,10.470000,11.050000,0.660000,92.290001,-2.390000,4.230000,290.739990,85.419998,87110.757812,35.81,107.76,73.589996,PM10,19711
48.709999,87.300003,10.870000,10.240000,0.700000,94.589996,-2.430000,3.990000,291.670013,81.150002,88279.187500,35.8,107.93,68.650002,PM10,19712
45.630001,79.959999,10.960000,9.310000,0.740000,97.190002,-3.200000,3.730000,291.149994,81.889999,87602.640625,35.8,108.1,64.979996,PM10,19713
42.980000,73.769997,11.220000,9.560000,0.790000,97.769997,-4.080000,3.700000,289.829987,86.309998,86169.953125,35.79,108.27,61.884998,PM10,19714
41.779999,69.830002,11.660000,10.450000,0.860000,98.940002,-4.650000,3.620000,288.609985,90.480003,85236.796875,35.79,108.43,59.915001,PM10,19715
41.770000,78.580002,6.520000,7.590000,0.300000,90.339996,-3.310000,-0.570000,288.429993,66.739998,79947.507812,35.96,103.07,64.290001,PM10,19926
45.230000,89.489998,6.100000,8.750000,0.320000,95.750000,-3.780000,-1.060000,288.839996,65.120003,80637.218750,35.96,103.24,69.744995,PM10,19927
47.299999,95.029999,6.150000,9.650000,0.320000,98.080002,-4.610000,-1.340000,287.589996,68.040001,79285.976562,35.96,103.41,72.514999,PM10,19928
50.500000,104.370003,5.920000,11.810000,0.350000,98.410004,-4.880000,-1.470000,286.899994,70.709999,78899.687500,35.96,103.57,77.184998,PM10,19929
48.970001,105.769997,5.410000,10.960000,0.350000,97.050003,-4.280000,-1.460000,287.130005,70.440002,79479.539062,35.97,103.74,77.884995,PM10,19930
46.549999,104.169998,5.040000,9.030000,0.320000,95.029999,-3.180000,-1.160000,287.480011,69.430000,80012.007812,35.97,103.91,77.084999,PM10,19931
37.990002,84.209999,4.450000,3.720000,0.230000,89.709999,-2.380000,-1.070000,288.369995,66.010002,81018.867188,35.97,104.08,67.104996,PM10,19932
32.930000,69.209999,4.150000,2.870000,0.210000,85.889999,-2.650000,-1.990000,287.420013,67.839996,79727.648438,35.97,104.24,59.605000,PM10,19933
30.540001,62.509998,3.890000,2.740000,0.190000,81.320000,-2.530000,-2.960000,285.850006,73.639999,78206.546875,35.97,104.41,56.254997,PM10,19934
29.290001,59.279999,3.910000,2.810000,0.190000,79.099998,-1.900000,-3.110000,286.329987,73.410004,79269.968750,35.97,104.58,54.639999,PM10,19935
31.530001,67.300003,4.790000,4.240000,0.190000,77.370003,-1.290000,-3.010000,286.700012,74.419998,80316.023438,35.97,104.75,58.650002,PM10,19936
32.180000,69.080002,5.860000,5.630000,0.200000,75.089996,-0.330000,-2.560000,286.799988,76.860001,80894.218750,35.97,104.92,59.540001,PM10,19937
28.680000,56.970001,6.010000,4.930000,0.200000,74.500000,0.290000,-1.910000,287.019989,77.849998,81229.898438,35.97,105.08,53.485001,PM10,19938
29.260000,53.430000,6.160000,4.260000,0.220000,77.080002,0.030000,-1.240000,287.130005,77.889999,80729.148438,35.97,105.25,51.715000,PM10,19939
62.230000,122.599998,8.070000,10.200000,0.470000,104.120003,-2.620000,2.360000,290.190002,76.940002,84475.453125,35.96,106.93,86.300003,PM10,19949
59.080002,113.839996,8.350000,6.770000,0.480000,104.199997,-2.800000,2.560000,290.399994,79.370003,85379.906250,35.95,107.1,81.919998,PM10,19950
57.259998,108.660004,8.720000,7.230000,0.500000,101.930000,-2.660000,2.510000,290.619995,79.970001,86144.250000,35.95,107.27,79.330002,PM10,19951
55.799999,104.029999,9.120000,7.970000,0.540000,100.589996,-2.550000,2.510000,290.529999,82.070000,86200.156250,35.95,107.43,77.014999,PM10,19952
57.270000,106.169998,9.280000,9.970000,0.600000,96.129997,-2.520000,3.150000,290.149994,86.110001,85981.601562,35.95,107.6,78.084999,PM10,19953
54.299999,100.190002,9.920000,10.710000,0.650000,95.180000,-2.360000,4.090000,290.880005,84.260002,87087.906250,35.94,107.77,75.095001,PM10,19954
49.680000,89.959999,10.350000,10.190000,0.690000,96.540001,-2.430000,4.040000,291.510010,81.209999,87988.921875,35.94,107.94,69.979996,PM10,19955
46.029999,80.870003,10.380000,8.850000,0.730000,99.989998,-3.050000,3.880000,290.910004,82.489998,87262.171875,35.93,108.1,65.434998,PM10,19956
43.189999,74.580002,10.630000,9.410000,0.800000,99.669998,-3.890000,4.070000,289.579987,86.839996,85848.570312,35.93,108.27,62.290001,PM10,19957
42.369999,71.309998,10.870000,10.650000,0.890000,97.980003,-4.240000,4.360000,288.359985,91.220001,84945.093750,35.93,108.44,60.654999,PM10,19958
46.259998,88.940002,8.180000,11.960000,0.360000,90.269997,-3.310000,0.200000,288.549988,66.629997,80101.406250,36.09,103.07,69.470001,PM10,20171
58.160000,119.879997,7.290000,16.660000,0.440000,96.889999,-3.750000,-0.370000,288.989990,65.610001,81093.703125,36.1,103.23,84.940002,PM10,20172
67.089996,140.059998,7.630000,21.250000,0.500000,99.339996,-4.560000,-0.330000,288.230011,66.879997,80479.492188,36.1,103.4,95.029999,PM10,20173
78.760002,165.300003,7.980000,28.670000,0.620000,97.820000,-4.580000,-0.120000,288.230011,66.709999,80939.898438,36.1,103.57,107.650002,PM10,20174
68.970001,151.479996,6.790000,23.440001,0.550000,98.510002,-3.840000,-0.360000,289.200012,63.849998,82243.289062,36.1,103.74,100.739998,PM10,20175
57.959999,131.699997,5.960000,17.080000,0.460000,95.589996,-3.260000,-1.180000,289.890015,60.910000,83054.718750,36.1,103.91,90.849998,PM10,20176
39.200001,84.470001,4.660000,5.020000,0.260000,92.540001,-3.480000,-2.150000,289.040009,62.230000,81870.406250,36.1,104.08,67.235001,PM10,20177
35.169998,73.120003,4.230000,3.320000,0.220000,88.050003,-3.530000,-3.270000,286.010010,71.389999,78430.921875,36.11,104.24,61.560001,PM10,20178
32.099998,65.480003,3.850000,3.020000,0.200000,82.150002,-2.260000,-3.470000,284.589996,76.260002,77027.890625,36.11,104.41,57.740002,PM10,20179
30.520000,61.689999,3.820000,3.070000,0.190000,79.470001,-1.280000,-3.480000,285.820007,72.949997,78814.523438,36.11,104.58,55.845001,PM10,20180
33.770000,72.739998,4.850000,5.020000,0.210000,78.349998,-0.680000,-2.840000,287.109985,71.639999,80951.992188,36.11,104.75,61.369999,PM10,20181
34.810001,75.599998,6.070000,6.660000,0.210000,75.790001,0.310000,-2.160000,287.540009,73.809998,82000.906250,36.11,104.92,62.799999,PM10,20182
28.870001,56.930000,5.650000,5.100000,0.200000,73.849998,0.820000,-1.600000,287.320007,76.199997,81633.203125,36.11,105.08,53.465000,PM10,20183
28.049999,51.529999,5.470000,4.200000,0.210000,75.730003,0.330000,-1.160000,287.019989,77.010002,80615.742188,36.11,105.25,50.764999,PM10,20184
37.310001,65.419998,5.920000,4.430000,0.230000,80.879997,-0.760000,-0.640000,286.760010,77.650002,79454.390625,36.11,105.42,57.709999,PM10,20185
59.509998,113.709999,7.830000,6.300000,0.470000,107.620003,-2.760000,2.590000,290.399994,76.809998,85100.250000,36.09,107.1,81.854996,PM10,20195
57.669998,108.910004,8.260000,6.700000,0.490000,105.519997,-2.640000,2.510000,290.309998,79.080002,85468.007812,36.09,107.27,79.455002,PM10,20196
56.009998,104.309998,8.670000,7.480000,0.530000,102.480003,-2.540000,2.490000,290.209991,81.110001,85714.140625,36.08,107.44,77.154999,PM10,20197
55.430000,103.250000,8.980000,8.740000,0.580000,100.570000,-2.450000,2.840000,290.489990,82.860001,86388.203125,36.08,107.61,76.625000,PM10,20198
53.750000,99.919998,9.680000,10.530000,0.640000,97.739998,-2.340000,3.700000,291.160004,82.199997,87323.101562,36.08,107.77,74.959999,PM10,20199
50.139999,90.989998,10.030000,10.140000,0.680000,98.300003,-2.470000,4.210000,291.130005,81.889999,87325.718750,36.07,107.94,70.494995,PM10,20200
46.619999,81.910004,9.840000,8.940000,0.730000,100.080002,-2.960000,4.090000,290.269989,84.559998,86417.148438,36.07,108.11,65.955002,PM10,20201
43.310001,75.510002,10.120000,9.890000,0.820000,99.279999,-3.820000,4.330000,289.399994,87.209999,85574.382812,36.07,108.28,62.755001,PM10,20202
41.930000,71.559998,10.260000,11.080000,0.940000,97.190002,-4.500000,4.730000,288.709991,89.849998,85506.632812,36.06,108.45,60.779999,PM10,20203
40.980000,68.360001,10.430000,11.830000,1.040000,97.139999,-4.690000,4.970000,288.690002,90.019997,86203.960938,36.06,108.61,59.180000,PM10,20204
41.759998,79.300003,7.040000,11.700000,0.380000,87.800003,-3.390000,0.950000,288.790009,66.720001,80474.601562,36.23,103.06,64.650002,PM10,20416
51.230000,104.089996,6.670000,15.830000,0.440000,92.629997,-3.480000,0.470000,288.989990,66.389999,81209.117188,36.23,103.23,77.044998,PM10,20417
60.860001,127.680000,7.430000,20.059999,0.480000,95.940002,-3.750000,0.570000,289.190002,65.260002,81711.523438,36.23,103.4,88.839996,PM10,20418
78.169998,165.169998,8.790000,28.389999,0.630000,95.470001,-3.550000,0.660000,289.170013,64.379997,81961.250000,36.24,103.57,107.584999,PM10,20419
70.330002,154.220001,7.410000,23.389999,0.570000,95.930000,-3.380000,-0.020000,289.089996,63.930000,81951.742188,36.24,103.74,102.110001,PM10,20420
59.049999,131.690002,6.360000,17.030001,0.480000,94.360001,-3.880000,-1.310000,289.279999,62.439999,82439.023438,36.24,103.91,90.845001,PM10,20421
41.820000,89.730003,4.740000,5.900000,0.280000,92.980003,-4.240000,-2.370000,288.420013,63.820000,81560.476562,36.24,104.07,69.865005,PM10,20422
35.520000,73.559998,4.200000,3.820000,0.230000,88.230003,-3.610000,-2.600000,286.609985,68.980003,79517.312500,36.24,104.24,61.779999,PM10,20423
32.270000,65.320000,3.850000,3.430000,0.200000,82.629997,-2.180000,-2.900000,285.440002,72.070000,78242.843750,36.24,104.41,57.660000,PM10,20424
31.070000,62.419998,3.820000,3.560000,0.200000,79.269997,-1.020000,-2.980000,285.929993,71.370003,79088.093750,36.24,104.58,56.209999,PM10,20425
34.049999,71.709999,5.020000,5.780000,0.210000,78.680000,-0.120000,-2.230000,287.950012,67.379997,81944.101562,36.24,104.75,60.855000,PM10,20426
35.150002,74.029999,6.650000,7.750000,0.210000,77.400002,0.840000,-1.890000,288.660004,68.529999,83192.429688,36.24,104.92,62.014999,PM10,20427
28.040001,52.900002,5.380000,4.930000,0.190000,75.300003,0.870000,-1.580000,287.700012,72.820000,81709.476562,36.24,105.08,51.450001,PM10,20428
26.799999,47.439999,4.960000,3.850000,0.190000,76.559998,-0.110000,-1.260000,286.920013,75.010002,80178.031250,36.24,105.25,47.439999,PM10,20429
33.770000,55.220001,5.400000,4.040000,0.210000,80.639999,-0.960000,-1.130000,286.160004,77.010002,78649.226562,36.24,105.42,52.610001,PM10,20430
64.349998,125.379997,6.910000,9.080000,0.430000,100.389999,-1.680000,2.180000,289.619995,73.919998,83058.656250,36.23,106.77,87.690002,PM10,20438
62.230000,119.379997,7.320000,7.440000,0.450000,106.129997,-1.980000,2.440000,290.100006,73.290001,83839.609375,36.23,106.94,84.690002,PM10,20439
59.230000,110.750000,8.110000,5.970000,0.460000,107.839996,-2.560000,2.740000,289.989990,75.540001,84240.718750,36.23,107.1,80.375000,PM10,20440
57.799999,106.639999,8.830000,6.420000,0.480000,106.059998,-2.620000,2.710000,290.100006,77.389999,84924.031250,36.22,107.27,78.500000,PM2.5,20441
55.669998,101.809998,9.690000,7.040000,0.510000,103.949997,-2.470000,2.650000,290.480011,78.440002,85858.843750,36.22,107.44,75.904999,PM10,20442
54.070000,98.610001,10.040000,7.970000,0.560000,102.510002,-2.330000,2.890000,290.859985,79.470001,86673.226562,36.22,107.61,74.305000,PM10,20443
53.130001,96.459999,10.870000,10.090000,0.620000,99.599998,-2.270000,3.500000,291.109985,80.449997,87063.117188,36.21,107.78,73.229996,PM10,20444
50.860001,90.559998,10.960000,10.090000,0.680000,98.949997,-2.490000,4.270000,290.730011,82.519997,86702.851562,36.21,107.95,70.279999,PM10,20445
47.590000,82.709999,10.500000,9.200000,0.740000,99.589996,-3.000000,4.120000,289.670013,86.510002,85681.312500,36.21,108.11,66.354996,PM10,20446
43.939999,76.000000,10.580000,10.490000,0.850000,98.430000,-3.860000,4.270000,288.959991,89.379997,85303.703125,36.2,108.28,63.000000,PM10,20447
42.169998,71.580002,10.640000,11.390000,0.970000,98.150002,-4.520000,4.710000,288.850006,89.889999,85908.101562,36.2,108.45,60.790001,PM10,20448
41.410000,68.529999,10.690000,12.110000,1.060000,98.160004,-4.550000,5.410000,288.769989,89.949997,86323.226562,36.19,108.62,59.264999,PM10,20449
30.170000,49.259998,8.170000,8.190000,0.310000,80.110001,-3.010000,1.870000,289.239990,64.010002,80182.203125,36.36,102.89,49.259998,PM10,20661
32.500000,57.990002,5.260000,7.440000,0.310000,84.750000,-2.890000,1.420000,288.329987,67.370003,79624.953125,36.36,103.06,53.995003,PM10,20662
35.189999,66.250000,4.500000,8.040000,0.320000,87.300003,-2.740000,0.930000,288.119995,68.900002,79872.312500,36.37,103.23,58.125000,PM10,20663
37.770000,74.139999,4.560000,8.790000,0.320000,90.279999,-2.540000,0.980000,289.010010,66.739998,81324.210938,36.37,103.4,62.070000,PM10,20664
42.380001,86.230003,4.700000,10.370000,0.350000,91.070000,-2.160000,0.770000,288.649994,67.000000,81114.703125,36.37,103.57,68.115005,PM10,20665
41.970001,87.779999,4.610000,8.400000,0.330000,91.790001,-2.270000,0.050000,288.369995,66.570000,80797.789062,36.37,103.74,68.889999,PM10,20666
43.939999,93.379997,4.770000,7.410000,0.320000,92.639999,-3.000000,-0.930000,288.459991,65.279999,81259.343750,36.37,103.9,71.690002,PM10,20667
44.320000,94.410004,4.790000,6.100000,0.290000,93.059998,-3.170000,-1.660000,288.260010,65.379997,81537.546875,36.38,104.07,72.205002,PM10,20668
35.459999,72.900002,4.240000,4.460000,0.240000,89.440002,-2.860000,-1.920000,288.910004,62.720001,82489.796875,36.38,104.24,61.450001,PM10,20669
30.730000,60.930000,3.880000,3.930000,0.210000,84.800003,-2.050000,-2.500000,288.260010,63.869999,81834.101562,36.38,104.41,55.465000,PM10,20670
30.090000,59.900002,3.910000,4.210000,0.190000,79.790001,-0.840000,-2.350000,287.700012,65.839996,81280.492188,36.38,104.58,54.950001,PM10,20671
32.110001,65.169998,5.620000,7.000000,0.200000,78.269997,0.180000,-1.660000,288.899994,63.939999,83043.656250,36.38,104.75,57.584999,PM10,20672
32.970001,66.300003,7.290000,8.560000,0.200000,75.790001,0.920000,-1.990000,288.630005,66.580002,82958.640625,36.38,104.92,58.150002,PM10,20673
26.709999,47.259998,5.190000,4.460000,0.180000,76.690002,0.490000,-2.290000,287.149994,70.699997,80454.117188,36.38,105.08,47.259998,PM10,20674
25.049999,42.070000,4.650000,3.510000,0.180000,76.279999,-0.450000,-2.010000,286.480011,72.970001,79228.601562,36.38,105.25,42.070000,PM10,20675
59.470001,113.160004,6.960000,7.910000,0.360000,91.830002,-1.010000,2.140000,288.619995,75.080002,81702.937500,36.37,106.6,81.580002,PM10,20683
59.290001,113.440002,7.650000,7.100000,0.390000,97.230003,-1.470000,2.330000,289.519989,73.110001,82875.640625,36.37,106.77,81.720001,PM10,20684
58.720001,110.570000,8.360000,6.300000,0.420000,103.300003,-1.600000,2.400000,290.170013,71.529999,83745.968750,36.36,106.94,80.285004,PM10,20685
57.470001,105.620003,9.330000,5.690000,0.440000,106.099998,-2.150000,2.640000,290.309998,72.080002,84248.796875,36.36,107.11,78.087502,PM2.5,20686
57.049999,103.470001,10.420000,6.320000,0.460000,106.199997,-2.560000,2.880000,290.649994,73.309998,85315.312500,36.36,107.28,77.562500,PM2.5,20687
55.509998,99.190002,11.600000,6.670000,0.490000,105.199997,-2.450000,2.970000,290.809998,75.529999,86069.132812,36.36,107.45,75.637497,PM2.5,20688
53.650002,94.900002,12.040000,7.190000,0.540000,102.839996,-2.220000,3.080000,290.579987,78.849998,86105.710938,36.35,107.61,73.312500,PM2.5,20689
52.450001,91.879997,12.920000,8.610000,0.600000,101.209999,-2.200000,3.320000,290.630005,80.459999,86306.609375,36.35,107.78,71.812500,PM2.5,20690
51.130001,88.500000,12.590000,9.110000,0.670000,99.779999,-2.520000,4.200000,290.230011,83.480003,86015.171875,36.35,107.95,70.162498,PM2.5,20691
48.840000,83.559998,11.720000,9.580000,0.770000,97.589996,-2.950000,4.260000,289.149994,88.059998,85120.351562,36.34,108.12,67.300003,PM2.5,20692
45.549999,77.699997,11.220000,10.720000,0.880000,96.989998,-3.470000,4.570000,288.529999,90.980003,84888.421875,36.34,108.29,63.849998,PM10,20693
43.860001,73.389999,11.020000,11.620000,1.000000,97.660004,-3.810000,5.300000,288.200012,92.330002,85014.671875,36.33,108.46,61.695000,PM10,20694
42.820000,70.010002,10.790000,12.360000,1.080000,97.650002,-3.620000,6.120000,288.010010,92.570000,85188.562500,36.33,108.62,60.005001,PM10,20695
28.309999,47.799999,6.340000,8.260000,0.320000,80.239998,-1.890000,1.930000,288.459991,66.839996,79218.976562,36.5,102.89,47.799999,PM10,20907
27.100000,46.599998,4.140000,5.540000,0.280000,81.970001,-1.810000,1.000000,287.450012,68.570000,78160.406250,36.5,103.06,46.599998,PM10,20908
28.700001,51.220001,3.820000,5.530000,0.270000,82.410004,-2.110000,0.630000,286.859985,70.330002,77875.007812,36.5,103.23,50.610001,PM10,20909
31.680000,59.450001,3.920000,6.430000,0.280000,84.900002,-1.860000,0.870000,288.200012,67.400002,79911.226562,36.5,103.4,54.724998,PM10,20910
34.759998,68.449997,4.070000,6.830000,0.290000,86.529999,-1.580000,0.580000,288.339996,66.919998,80392.921875,36.51,103.56,59.224998,PM10,20911
35.529999,71.489998,4.140000,6.220000,0.280000,86.910004,-1.470000,0.020000,288.059998,66.790001,80234.578125,36.51,103.73,60.744999,PM10,20912
39.450001,81.349998,4.530000,6.860000,0.300000,88.360001,-1.690000,-0.910000,287.970001,66.260002,80436.023438,36.51,103.9,65.675003,PM10,20913
51.000000,110.190002,5.600000,9.120000,0.350000,91.680000,-1.750000,-1.630000,288.000000,66.110001,81028.070312,36.51,104.07,80.095001,PM10,20914
36.660000,74.970001,4.470000,5.570000,0.270000,88.800003,-1.620000,-2.080000,288.910004,63.419998,82543.898438,36.51,104.24,62.485001,PM10,20915
28.650000,54.990002,3.820000,4.140000,0.220000,85.290001,-1.180000,-2.460000,289.410004,61.450001,83404.656250,36.51,104.41,52.495003,PM10,20916
29.590000,59.259998,4.110000,5.340000,0.210000,81.139999,-0.440000,-1.950000,289.829987,59.820000,83862.429688,36.51,104.58,54.629997,PM10,20917
33.380001,67.970001,7.750000,11.380000,0.210000,75.669998,-0.040000,-1.300000,289.959991,60.240002,84169.789062,36.51,104.75,58.985001,PM10,20918
33.570000,66.230003,10.170000,13.070000,0.210000,71.430000,0.160000,-1.960000,288.510010,65.070000,82567.023438,36.51,104.92,58.115002,PM10,20919
26.570000,45.139999,5.820000,5.270000,0.180000,74.739998,0.170000,-2.790000,286.480011,69.930000,79611.796875,36.51,105.08,45.139999,PM10,20920
24.299999,38.580002,4.690000,3.700000,0.170000,74.930000,0.030000,-2.700000,286.200012,70.370003,78878.703125,36.51,105.25,38.580002,PM10,20921
46.990002,84.849998,6.240000,5.570000,0.270000,88.410004,-0.030000,0.990000,287.779999,73.959999,81205.640625,36.51,106.44,67.425003,PM10,20928
53.259998,98.169998,7.440000,6.090000,0.320000,90.230003,-0.530000,1.890000,288.130005,74.400002,81201.156250,36.5,106.6,74.084999,PM10,20929
53.889999,100.510002,8.600000,5.780000,0.360000,93.470001,-1.150000,2.420000,289.109985,72.680000,82366.039062,36.5,106.77,75.255005,PM10,20930
55.139999,102.209999,10.080000,5.490000,0.390000,100.010002,-1.470000,2.610000,290.220001,69.849998,83798.289062,36.5,106.94,76.104996,PM10,20931
55.090000,99.620003,11.480000,5.360000,0.420000,104.180000,-1.790000,2.830000,290.940002,68.360001,84879.007812,36.5,107.11,75.112503,PM2.5,20932
55.509998,98.449997,12.880000,5.840000,0.440000,105.150002,-2.130000,3.000000,291.160004,69.839996,85681.820312,36.49,107.28,75.637497,PM2.5,20933
55.060001,95.870003,14.480000,6.100000,0.470000,105.629997,-2.290000,3.220000,290.859985,73.279999,85735.859375,36.49,107.45,75.075005,PM2.5,20934
54.150002,92.730003,15.330000,6.580000,0.520000,103.739998,-2.400000,3.290000,290.309998,78.019997,85510.382812,36.49,107.62,73.937500,PM2.5,20935
52.660000,89.050003,16.059999,7.580000,0.590000,102.370003,-2.370000,3.340000,290.320007,79.910004,85815.281250,36.49,107.79,72.074997,PM2.5,20936
52.110001,87.260002,15.300000,8.670000,0.680000,99.589996,-2.450000,4.150000,289.690002,84.400002,85335.593750,36.48,107.96,71.387497,PM2.5,20937
50.389999,84.029999,13.800000,9.850000,0.790000,96.690002,-2.650000,4.770000,288.700012,88.790001,84489.648438,36.48,108.12,69.237503,PM2.5,20938
47.279999,78.739998,12.270000,10.970000,0.920000,96.050003,-2.970000,5.440000,288.239990,91.070000,84361.742188,36.47,108.29,65.349998,PM2.5,20939
22.090000,31.320000,6.170000,6.820000,0.250000,73.870003,-1.810000,2.120000,285.320007,72.820000,74491.648438,36.63,102.72,31.557142,PM2.5,21153
24.059999,38.310001,5.030000,7.240000,0.270000,77.790001,-1.240000,1.840000,286.829987,69.099998,76767.593750,36.63,102.89,38.310001,PM10,21154
23.490000,37.669998,3.710000,4.800000,0.250000,79.360001,-0.900000,0.370000,286.250000,68.879997,76208.921875,36.64,103.05,37.669998,PM10,21155
24.230000,40.279999,3.430000,4.080000,0.230000,79.199997,-1.360000,0.270000,286.619995,67.580002,77010.820312,36.64,103.22,40.279999,PM10,21156
27.059999,47.750000,3.480000,4.620000,0.240000,80.059998,-1.500000,0.610000,287.679993,65.839996,78854.109375,36.64,103.39,47.750000,PM10,21157
30.309999,56.480000,3.580000,4.920000,0.250000,81.339996,-1.230000,-0.240000,287.690002,65.660004,79205.546875,36.64,103.56,53.239998,PM10,21158
30.680000,58.119999,3.560000,4.430000,0.240000,81.139999,-0.960000,-0.970000,287.279999,66.279999,78940.078125,36.64,103.73,54.059998,PM10,21159
33.209999,64.330002,3.870000,5.130000,0.260000,82.169998,-0.980000,-1.950000,287.160004,66.559998,79207.320312,36.65,103.9,57.165001,PM10,21160
48.230000,101.470001,5.500000,8.900000,0.350000,86.320000,-0.940000,-2.560000,287.519989,66.589996,80258.046875,36.65,104.07,75.735001,PM10,21161
34.889999,69.070000,4.280000,5.420000,0.270000,85.389999,-0.500000,-2.790000,288.100006,65.889999,81531.281250,36.65,104.24,59.535000,PM10,21162
27.049999,50.009998,3.610000,3.920000,0.220000,83.400002,-0.080000,-2.810000,289.170013,62.480000,83177.976562,36.65,104.41,50.004997,PM10,21163
26.780001,51.119999,3.870000,4.930000,0.220000,79.750000,-0.020000,-1.890000,290.579987,57.549999,84808.390625,36.65,104.58,50.559998,PM10,21164
29.080000,55.290001,7.500000,10.510000,0.210000,74.029999,-0.160000,-1.550000,290.600006,56.950001,84694.507812,36.65,104.75,52.645000,PM10,21165
29.969999,55.040001,9.730000,12.000000,0.210000,71.620003,-0.000000,-2.370000,288.649994,62.290001,82482.257812,36.65,104.92,52.520000,PM10,21166
25.200001,40.259998,5.560000,4.990000,0.180000,74.220001,0.420000,-2.750000,286.640015,67.080002,79853.460938,36.65,105.08,40.259998,PM10,21167
46.619999,84.169998,8.320000,4.780000,0.290000,89.519997,-0.040000,2.150000,288.100006,72.690002,81329.429688,36.64,106.61,67.084999,PM10,21176
49.099998,88.589996,9.910000,4.920000,0.320000,90.980003,-0.580000,2.910000,288.859985,71.580002,82003.218750,36.64,106.78,69.294998,PM10,21177
51.939999,93.410004,12.240000,4.920000,0.370000,96.309998,-1.220000,3.260000,290.100006,68.580002,83534.273438,36.64,106.95,71.705002,PM10,21178
53.240002,94.070000,14.330000,4.990000,0.400000,101.879997,-1.630000,3.380000,291.070007,66.470001,84873.968750,36.63,107.11,72.800003,PM2.5,21179
54.509998,94.370003,15.880000,5.310000,0.420000,103.330002,-1.790000,3.290000,291.100006,67.940002,85329.539062,36.63,107.28,74.387497,PM2.5,21180
54.689999,92.019997,17.350000,5.560000,0.450000,103.699997,-1.980000,3.170000,290.660004,71.580002,85184.320312,36.63,107.45,74.612495,PM2.5,21181
54.540001,89.639999,18.389999,6.110000,0.500000,103.449997,-2.250000,3.380000,290.119995,76.440002,85048.273438,36.62,107.62,74.425003,PM2.5,21182
53.450001,86.040001,19.010000,6.890000,0.570000,103.160004,-2.190000,3.560000,289.920013,79.290001,85111.359375,36.62,107.79,73.062500,PM2.5,21183
53.040001,84.930000,17.900000,8.100000,0.670000,100.239998,-1.970000,4.140000,289.260010,83.879997,84579.617188,36.62,107.96,72.550003,PM2.5,21184
21.360001,31.230000,3.830000,5.310000,0.240000,76.620003,-0.720000,0.920000,284.640015,69.870003,73453.921875,36.77,102.88,31.230000,PM10,21401
21.370001,31.740000,3.180000,3.730000,0.220000,77.089996,-0.440000,-0.310000,284.489990,68.070000,73593.843750,36.77,103.05,31.740000,PM10,21402
21.549999,33.230000,3.040000,3.260000,0.210000,77.019997,-0.940000,0.120000,286.320007,62.560001,76023.460938,36.77,103.22,33.230000,PM10,21403
22.940001,36.740002,3.000000,3.190000,0.210000,77.050003,-1.410000,0.160000,286.589996,63.540001,76919.906250,36.78,103.39,36.740002,PM10,21404
25.510000,43.259998,3.000000,3.220000,0.200000,77.370003,-1.120000,-1.220000,286.130005,64.910004,76786.390625,36.78,103.56,43.259998,PM10,21405
26.299999,45.669998,2.950000,2.870000,0.200000,77.370003,-0.470000,-2.210000,286.359985,64.120003,77414.296875,36.78,103.73,45.669998,PM10,21406
27.510000,48.959999,3.100000,3.110000,0.210000,78.099998,-0.280000,-2.980000,286.950012,63.290001,78662.593750,36.78,103.9,48.959999,PM10,21407
35.389999,68.290001,4.130000,5.250000,0.260000,80.580002,-0.570000,-3.350000,287.859985,62.880001,80513.187500,36.78,104.07,59.145000,PM10,21408
29.260000,53.779999,3.530000,3.470000,0.230000,81.830002,-0.290000,-3.530000,288.880005,61.900002,82389.828125,36.78,104.24,51.889999,PM10,21409
24.799999,43.209999,3.050000,2.520000,0.200000,81.110001,0.540000,-3.730000,289.480011,60.689999,83539.968750,36.78,104.41,43.209999,PM10,21410
23.980000,41.880001,3.120000,3.010000,0.200000,78.199997,0.610000,-3.050000,289.820007,59.139999,83953.890625,36.79,104.58,41.880001,PM10,21411
24.740000,42.209999,5.090000,5.870000,0.200000,75.059998,0.060000,-2.700000,289.500000,58.630001,83472.007812,36.79,104.75,42.209999,PM10,21412
25.379999,41.490002,6.160000,6.710000,0.190000,74.360001,0.190000,-3.180000,287.820007,62.680000,81498.109375,36.79,104.92,41.490002,PM10,21413
23.200001,34.240002,4.100000,3.540000,0.180000,75.489998,1.020000,-3.080000,286.720001,64.879997,79926.796875,36.79,105.08,34.240002,PM10,21414
22.389999,31.730000,3.520000,2.880000,0.170000,75.199997,1.630000,-2.710000,287.279999,63.070000,80414.742188,36.79,105.25,31.985714,PM2.5,21415
46.000000,80.360001,10.930000,4.400000,0.300000,89.959999,-0.140000,3.230000,288.910004,69.580002,81803.476562,36.77,106.78,65.180000,PM10,21424
48.279999,84.019997,13.210000,4.550000,0.340000,92.070000,-1.160000,3.680000,290.269989,66.389999,83510.570312,36.77,106.95,67.009995,PM10,21425
51.279999,87.339996,15.960000,4.740000,0.370000,97.650002,-1.550000,3.770000,291.070007,64.879997,84671.750000,36.77,107.12,70.349998,PM2.5,21426
53.369999,88.260002,17.830000,4.970000,0.390000,100.440002,-1.540000,3.740000,290.899994,66.269997,84803.468750,36.77,107.29,72.962502,PM2.5,21427
54.099998,86.349998,19.180000,5.240000,0.420000,101.489998,-1.540000,3.620000,290.239990,70.330002,84396.257812,36.76,107.46,73.875000,PM2.5,21428
54.490002,84.870003,20.150000,5.810000,0.480000,101.459999,-1.760000,3.750000,289.589996,75.410004,84082.742188,36.76,107.63,74.362503,PM2.5,21429
53.869999,82.790001,20.639999,6.580000,0.550000,101.900002,-1.720000,3.840000,289.320007,78.750000,84146.609375,36.76,107.8,73.587502,PM2.5,21430
18.459999,23.020000,3.160000,3.090000,0.210000,74.980003,-1.160000,0.870000,283.899994,65.930000,71834.789062,36.9,102.71,26.371428,PM2.5,21646
18.530001,24.540001,2.730000,3.030000,0.200000,74.930000,-0.770000,-0.320000,282.489990,67.949997,70368.992188,36.9,102.88,26.471430,PM2.5,21647
18.700001,25.900000,2.570000,2.640000,0.190000,75.839996,-0.690000,-1.240000,284.320007,60.900002,72884.718750,36.91,103.05,26.714287,PM2.5,21648
19.040001,27.219999,2.500000,2.440000,0.180000,75.389999,-0.880000,-0.890000,285.670013,58.430000,74720.656250,36.91,103.22,27.219999,PM10,21649
19.540001,28.330000,2.380000,2.080000,0.170000,75.540001,-1.040000,-1.670000,285.000000,60.770000,74328.578125,36.91,103.39,28.330000,PM10,21650
21.440001,32.860001,2.440000,1.950000,0.170000,76.250000,-0.780000,-2.690000,284.450012,62.759998,74263.781250,36.91,103.56,32.860001,PM10,21651
22.889999,36.259998,2.460000,1.830000,0.170000,75.620003,-0.040000,-3.300000,284.730011,63.119999,75168.507812,36.92,103.73,36.259998,PM10,21652
23.590000,38.110001,2.510000,1.780000,0.170000,76.010002,0.360000,-3.740000,286.260010,60.860001,77610.093750,36.92,103.9,38.110001,PM10,21653
25.379999,42.650002,2.830000,2.210000,0.190000,77.220001,-0.310000,-3.710000,287.859985,60.630001,80522.882812,36.92,104.07,42.650002,PM10,21654
24.969999,41.860001,3.000000,2.160000,0.200000,80.110001,-0.720000,-3.490000,288.790009,61.290001,82621.296875,36.92,104.24,41.860001,PM10,21655
23.100000,37.740002,2.750000,1.650000,0.180000,80.169998,0.230000,-3.830000,288.329987,62.930000,82446.453125,36.92,104.41,37.740002,PM10,21656
22.040001,35.330002,2.560000,1.630000,0.170000,76.860001,1.390000,-4.240000,287.359985,64.029999,81008.507812,36.92,104.58,35.330002,PM10,21657
22.059999,34.470001,2.910000,2.270000,0.180000,75.790001,1.360000,-3.890000,287.679993,62.849998,81419.437500,36.92,104.75,34.470001,PM10,21658
21.980000,32.840000,3.000000,2.490000,0.170000,76.440002,1.190000,-3.510000,287.989990,61.529999,81866.679688,36.92,104.92,32.840000,PM10,21659
21.809999,30.900000,2.820000,2.380000,0.170000,76.690002,1.970000,-3.200000,287.519989,62.119999,81214.593750,36.92,105.08,31.157143,PM2.5,21660
40.060001,67.489998,9.020000,3.600000,0.240000,87.070000,1.120000,1.810000,288.250000,68.339996,81145.773438,36.91,106.61,58.744999,PM10,21669
45.860001,76.870003,11.700000,4.110000,0.280000,88.540001,-0.000000,2.790000,289.109985,66.900002,81802.593750,36.91,106.78,63.575001,PM2.5,21670
46.470001,76.870003,13.660000,4.240000,0.310000,89.129997,-1.000000,3.470000,290.519989,64.059998,83650.492188,36.91,106.95,64.337502,PM2.5,21671
48.849998,78.250000,16.230000,4.420000,0.340000,92.620003,-1.160000,3.650000,291.200012,62.869999,84595.843750,36.9,107.12,67.312500,PM2.5,21672
51.240002,79.059998,18.379999,4.700000,0.360000,95.839996,-1.090000,3.790000,291.040009,63.810001,84638.023438,36.9,107.29,70.300003,PM2.5,21673
52.419998,77.849998,19.670000,4.890000,0.390000,98.779999,-1.050000,3.700000,290.260010,67.089996,83918.351562,36.9,107.46,71.774994,PM2.5,21674
17.379999,19.740000,2.540000,1.920000,0.180000,74.430000,-1.340000,0.970000,283.380005,61.410000,70562.703125,37.03,102.54,24.828569,PM2.5,21892
17.830000,21.290001,2.300000,2.010000,0.190000,73.629997,-1.270000,-0.320000,281.089996,67.120003,68207.210938,37.04,102.71,25.471428,PM2.5,21893
16.860001,20.990000,2.090000,1.870000,0.180000,75.830002,-0.760000,-2.210000,281.619995,63.430000,69321.406250,37.04,102.88,24.085714,PM2.5,21894
16.719999,21.670000,2.230000,1.970000,0.170000,77.139999,-0.210000,-3.040000,283.500000,57.700001,71855.632812,37.04,103.05,23.885714,PM2.5,21895
17.230000,23.010000,2.180000,1.990000,0.160000,75.529999,-0.150000,-3.040000,283.670013,57.779999,72104.703125,37.05,103.22,24.614285,PM2.5,21896
18.080000,24.469999,2.150000,1.870000,0.160000,75.279999,0.040000,-3.820000,283.290009,60.360001,72425.843750,37.05,103.39,25.828571,PM2.5,21897
19.930000,28.400000,2.270000,1.840000,0.160000,75.599998,0.360000,-3.980000,283.190002,62.779999,73208.062500,37.05,103.56,28.471430,PM2.5,21898
21.330000,31.250000,2.320000,1.770000,0.150000,75.269997,0.820000,-4.020000,283.470001,63.330002,74055.703125,37.05,103.73,31.250000,PM10,21899
22.190001,33.070000,2.430000,1.800000,0.160000,75.540001,0.780000,-4.100000,285.679993,60.130001,77351.242188,37.05,103.9,33.070000,PM10,21900
24.540001,38.869999,2.930000,2.440000,0.180000,75.820000,-0.100000,-3.620000,288.100006,58.810001,81195.906250,37.05,104.07,38.869999,PM10,21901
23.590000,37.060001,2.830000,2.040000,0.170000,76.470001,-0.550000,-2.920000,288.970001,60.139999,83026.023438,37.06,104.24,37.060001,PM10,21902
22.080000,33.970001,2.540000,1.510000,0.160000,76.680000,0.160000,-2.790000,287.959991,62.830002,82094.523438,37.06,104.4,33.970001,PM10,21903
20.930000,31.370001,2.370000,1.380000,0.160000,74.940002,1.680000,-3.480000,286.480011,64.769997,80150.617188,37.06,104.58,31.370001,PM10,21904
21.000000,30.990000,2.390000,1.550000,0.160000,74.970001,2.400000,-3.880000,287.410004,61.520000,81144.476562,37.06,104.74,30.990000,PM10,21905
21.080000,30.219999,2.410000,1.720000,0.160000,76.220001,2.150000,-3.490000,288.690002,58.650002,82832.593750,37.06,104.92,30.219999,PM10,21906
44.790001,72.389999,11.560000,3.990000,0.260000,86.419998,0.400000,2.090000,289.589996,63.230000,82476.960938,37.05,106.78,62.237503,PM2.5,21917
45.770000,71.580002,13.530000,4.160000,0.280000,87.260002,-0.330000,3.120000,290.450012,62.180000,83615.250000,37.04,106.95,63.462502,PM2.5,21918
46.840000,69.559998,15.430000,4.200000,0.300000,88.930000,-0.420000,3.410000,290.929993,61.900002,84197.093750,37.04,107.12,64.800003,PM2.5,21919
18.160000,21.020000,2.070000,1.690000,0.170000,75.379997,-1.280000,-2.020000,279.380005,66.239998,66794.343750,37.17,102.7,25.942858,PM2.5,22143
17.379999,20.719999,2.050000,1.790000,0.170000,77.830002,-0.680000,-3.250000,281.320007,61.529999,70071.421875,37.18,102.87,24.828569,PM2.5,22144
16.660000,20.430000,2.130000,1.860000,0.160000,77.779999,0.030000,-3.650000,281.119995,61.750000,70050.031250,37.18,103.04,23.799999,PM2.5,22145
16.940001,21.280001,2.100000,1.890000,0.150000,76.050003,0.680000,-3.630000,280.679993,62.880001,69559.976562,37.18,103.21,24.200001,PM2.5,22146
17.600000,22.400000,2.080000,1.790000,0.150000,75.449997,1.140000,-4.090000,282.140015,61.709999,71822.953125,37.18,103.38,25.142859,PM2.5,22147
18.940001,25.110001,2.200000,1.780000,0.150000,75.800003,1.440000,-4.030000,283.559998,60.290001,74166.359375,37.19,103.55,27.057144,PM2.5,22148
20.170000,27.240000,2.260000,1.720000,0.150000,75.449997,1.720000,-3.940000,284.899994,58.450001,76354.679688,37.19,103.72,28.814285,PM2.5,22149
21.129999,28.889999,2.440000,1.800000,0.150000,75.190002,1.260000,-3.670000,287.149994,55.750000,79787.210938,37.19,103.89,30.185713,PM2.5,22150
22.920000,32.630001,3.110000,2.440000,0.160000,75.690002,0.390000,-3.220000,289.160004,54.360001,82820.421875,37.19,104.06,32.742859,PM2.5,22151
22.570000,31.860001,2.860000,1.950000,0.160000,75.680000,0.100000,-2.800000,289.750000,55.919998,84100.773438,37.19,104.23,32.242855,PM2.5,22152
21.799999,30.750000,2.530000,1.540000,0.150000,75.599998,0.680000,-2.230000,289.399994,57.529999,83899.976562,37.19,104.4,31.142857,PM2.5,22153
21.040001,29.410000,2.380000,1.410000,0.150000,75.019997,1.640000,-2.210000,288.489990,59.320000,82877.523438,37.19,104.57,30.057144,PM2.5,22154
21.250000,29.889999,2.350000,1.500000,0.150000,75.430000,2.290000,-2.840000,288.440002,59.009998,82802.062500,37.19,104.74,30.357143,PM2.5,22155
16.709999,19.219999,1.880000,1.630000,0.170000,77.709999,-1.420000,-1.330000,278.380005,68.000000,65816.617188,37.31,102.53,23.871428,PM2.5,22394
18.320000,21.420000,2.080000,2.030000,0.170000,76.330002,-1.120000,-2.190000,280.070007,64.580002,68895.117188,37.31,102.7,26.171429,PM2.5,22395
18.540001,21.809999,2.120000,2.100000,0.170000,79.040001,-1.050000,-2.580000,282.459991,59.889999,72514.250000,37.31,102.87,26.485716,PM2.5,22396
17.650000,20.820000,2.110000,1.880000,0.150000,79.120003,-0.300000,-2.500000,281.970001,60.169998,72111.500000,37.31,103.04,25.214285,PM2.5,22397
17.870001,21.270000,2.090000,1.810000,0.150000,77.300003,1.010000,-2.590000,281.799988,60.689999,72048.273438,37.32,103.21,25.528572,PM2.5,22398
18.170000,21.809999,2.080000,1.750000,0.150000,76.290001,1.490000,-3.380000,283.829987,58.080002,74894.296875,37.32,103.38,25.957144,PM2.5,22399
18.790001,23.129999,2.130000,1.690000,0.140000,76.570000,2.050000,-3.600000,285.070007,57.040001,76911.039062,37.32,103.55,26.842859,PM2.5,22400
19.719999,24.540001,2.220000,1.700000,0.140000,75.709999,2.670000,-3.820000,285.820007,56.119999,78015.703125,37.32,103.72,28.171427,PM2.5,22401
20.670000,25.920000,2.500000,1.840000,0.140000,75.089996,2.130000,-3.980000,287.579987,53.840000,80593.531250,37.32,103.89,29.528572,PM2.5,22402
22.150000,28.330000,3.840000,2.820000,0.140000,75.339996,1.590000,-3.910000,289.179993,52.619999,83127.312500,37.33,104.06,31.642857,PM2.5,22403
22.660000,28.900000,3.340000,2.170000,0.140000,76.290001,1.640000,-3.590000,289.130005,54.880001,83490.257812,37.33,104.23,32.371429,PM2.5,22404
22.480000,28.900000,2.670000,1.600000,0.140000,75.400002,1.720000,-2.850000,289.179993,55.900002,83579.843750,37.33,104.4,32.114285,PM2.5,22405
22.030001,28.330000,2.440000,1.460000,0.140000,74.940002,1.680000,-2.230000,289.549988,55.990002,84151.218750,37.33,104.57,31.471430,PM2.5,22406
14.480000,17.120001,1.570000,1.410000,0.160000,81.389999,-0.420000,-1.270000,277.480011,64.040001,64101.738281,37.44,102.35,20.685713,PM2.5,22646
16.920000,21.010000,2.080000,2.160000,0.180000,78.919998,-1.760000,-1.400000,280.010010,63.459999,68850.773438,37.44,102.52,24.171429,PM2.5,22647
18.969999,23.650000,2.430000,2.820000,0.180000,79.570000,-1.720000,-1.750000,283.190002,59.549999,73879.500000,37.44,102.69,27.099998,PM2.5,22648
19.309999,23.440001,2.380000,2.680000,0.170000,81.050003,-1.250000,-2.040000,285.040009,56.029999,76531.218750,37.45,102.87,27.585714,PM2.5,22649
19.120001,22.549999,2.250000,2.180000,0.150000,80.580002,-0.220000,-1.880000,285.130005,55.470001,76712.687500,37.45,103.04,27.314287,PM2.5,22650
19.760000,22.910000,2.220000,1.960000,0.150000,78.330002,0.800000,-2.020000,285.299988,55.160000,77196.117188,37.45,103.21,28.228571,PM2.5,22651
20.070000,23.110001,2.200000,1.830000,0.150000,76.919998,1.190000,-2.630000,286.779999,53.080002,79408.640625,37.45,103.38,28.671429,PM2.5,22652
20.330000,23.690001,2.210000,1.730000,0.140000,76.120003,1.660000,-2.680000,286.890015,54.750000,80022.882812,37.46,103.55,29.042856,PM2.5,22653
20.480000,24.000000,2.230000,1.610000,0.140000,75.570000,2.590000,-3.090000,286.100006,57.230000,79096.343750,37.46,103.72,29.257143,PM2.5,22654
21.250000,25.049999,2.430000,1.650000,0.140000,75.580002,3.010000,-4.180000,287.179993,55.599998,80730.757812,37.46,103.89,30.357143,PM2.5,22655
22.240000,26.469999,3.440000,2.220000,0.140000,76.180000,2.880000,-4.560000,288.790009,53.470001,83034.046875,37.46,104.06,31.771429,PM2.5,22656
12.280000,14.530000,1.380000,1.420000,0.160000,83.870003,1.270000,-1.000000,275.600006,63.230000,62418.050781,37.57,102.18,17.542856,PM2.5,22899
13.700000,17.270000,1.650000,1.950000,0.170000,83.540001,0.470000,-1.460000,278.079987,61.500000,65691.062500,37.57,102.35,19.571428,PM2.5,22900
17.430000,24.080000,2.490000,3.400000,0.200000,84.320000,-1.590000,-1.560000,282.140015,59.340000,72283.117188,37.58,102.52,24.900000,PM2.5,22901
20.540001,28.690001,3.060000,4.560000,0.210000,85.410004,-1.890000,-1.410000,285.500000,56.310001,77660.390625,37.58,102.69,29.342859,PM2.5,22902
21.400000,28.870001,3.140000,4.490000,0.200000,85.320000,-1.290000,-1.700000,287.339996,52.660000,80206.632812,37.58,102.86,30.571428,PM2.5,22903
21.000000,26.330000,2.670000,3.120000,0.170000,83.150002,-0.380000,-1.710000,287.910004,51.080002,80903.742188,37.59,103.03,30.000000,PM2.5,22904
21.450001,25.549999,2.490000,2.430000,0.160000,79.660004,0.560000,-1.850000,287.779999,51.480000,80973.921875,37.59,103.2,30.642859,PM2.5,22905
21.930000,25.200001,2.410000,2.060000,0.150000,77.250000,1.010000,-2.110000,288.100006,51.610001,81619.273438,37.59,103.37,31.328571,PM2.5,22906
22.370001,25.530001,2.390000,1.840000,0.150000,76.180000,1.240000,-2.050000,288.200012,52.490002,82015.492188,37.59,103.55,31.957144,PM2.5,22907
22.420000,25.490000,2.360000,1.550000,0.140000,75.639999,1.830000,-2.240000,287.890015,54.430000,81958.726562,37.59,103.72,32.028572,PM2.5,22908
10.410000,12.470000,1.250000,1.610000,0.160000,86.239998,-0.270000,-2.110000,279.149994,54.450001,66942.859375,37.7,101.83,14.871428,PM2.5,23150
12.040000,15.280000,1.490000,1.900000,0.160000,87.230003,0.640000,-0.360000,279.790009,55.470001,68059.671875,37.71,102.17,17.200001,PM2.5,23152
13.890000,18.950001,1.860000,2.730000,0.180000,88.199997,-0.130000,-1.650000,281.660004,55.270000,71177.898438,37.71,102.34,19.842857,PM2.5,23153
18.129999,28.150000,2.900000,4.740000,0.210000,90.879997,-1.370000,-1.930000,284.609985,55.430000,76220.062500,37.71,102.52,28.150000,PM10,23154
21.290001,33.139999,3.390000,5.750000,0.220000,92.230003,-1.460000,-1.400000,287.529999,52.910000,80678.976562,37.72,102.69,33.139999,PM10,23155
22.379999,33.099998,3.350000,5.380000,0.210000,89.739998,-1.120000,-1.550000,289.130005,50.340000,82950.601562,37.72,102.86,33.099998,PM10,23156
22.379999,30.190001,2.950000,3.790000,0.180000,86.000000,-0.390000,-1.700000,289.279999,49.990002,83309.476562,37.72,103.03,31.971428,PM2.5,23157
22.610001,28.100000,2.690000,2.830000,0.160000,81.349998,0.470000,-1.740000,288.799988,51.230000,82859.640625,37.72,103.2,32.299999,PM2.5,23158
22.820000,26.650000,2.550000,2.270000,0.150000,78.510002,0.890000,-1.980000,288.339996,52.939999,82520.343750,37.73,103.37,32.599998,PM2.5,23159
23.209999,26.469999,2.530000,1.970000,0.150000,77.480003,1.410000,-2.160000,288.459991,53.189999,82852.726562,37.73,103.54,33.157143,PM2.5,23160
23.440001,26.350000,2.470000,1.590000,0.140000,77.000000,1.890000,-2.250000,288.950012,52.320000,83563.773438,37.73,103.71,33.485714,PM2.5,23161
9.240000,10.220000,0.940000,1.130000,0.130000,83.889999,-0.010000,-1.970000,276.899994,59.290001,64102.929688,37.82,101.31,13.200000,PM2.5,23403
10.080000,12.210000,1.250000,1.790000,0.150000,86.370003,0.210000,-1.310000,280.079987,51.360001,68342.546875,37.83,101.65,14.400000,PM2.5,23405
10.970000,14.450000,1.630000,2.720000,0.170000,88.500000,-0.620000,-1.070000,282.470001,48.160000,71458.523438,37.83,101.83,15.671429,PM2.5,23406
11.880000,16.299999,1.750000,3.110000,0.180000,89.449997,-0.710000,-0.900000,283.049988,48.990002,72553.960938,37.84,102.0,16.971428,PM2.5,23407
13.060000,18.920000,1.940000,3.930000,0.190000,91.529999,-0.320000,-1.080000,283.250000,50.990002,73330.390625,37.84,102.17,18.920000,PM10,23408
15.150000,23.530001,2.420000,5.760000,0.210000,93.430000,-0.640000,-2.070000,284.500000,52.529999,75776.953125,37.84,102.34,23.530001,PM10,23409
20.059999,37.980000,4.220000,10.670000,0.280000,98.690002,-1.140000,-1.960000,286.799988,53.040001,79752.570312,37.85,102.51,37.980000,PM10,23410
23.230000,43.590000,4.640000,9.850000,0.270000,98.320000,-1.140000,-1.440000,289.290009,49.980000,83398.632812,37.85,102.68,43.590000,PM10,23411
23.030001,36.820000,3.460000,5.220000,0.210000,92.669998,-1.010000,-1.440000,290.010010,49.389999,84518.406250,37.85,102.85,36.820000,PM10,23412
23.379999,33.189999,3.160000,3.630000,0.180000,89.209999,-0.360000,-1.730000,289.149994,51.560001,83906.257812,37.86,103.03,33.399998,PM2.5,23413
23.059999,29.420000,2.720000,2.490000,0.160000,82.639999,0.500000,-1.920000,288.820007,52.520000,83413.156250,37.86,103.2,32.942856,PM2.5,23414
23.059999,27.090000,2.550000,1.880000,0.150000,79.919998,0.950000,-2.010000,288.679993,53.139999,83354.007812,37.86,103.37,32.942856,PM2.5,23415
9.410000,10.390000,0.920000,1.100000,0.130000,86.650002,0.480000,-2.240000,276.769989,62.080002,64597.980469,37.95,101.13,13.442857,PM2.5,23659
9.610000,11.020000,0.990000,1.270000,0.130000,86.730003,0.710000,-1.310000,278.260010,57.080002,66392.750000,37.96,101.31,13.728571,PM2.5,23660
9.930000,11.800000,1.100000,1.500000,0.140000,87.519997,0.930000,-0.830000,279.739990,53.200001,68376.968750,37.96,101.48,14.185715,PM2.5,23661
10.560000,13.110000,1.310000,1.910000,0.150000,89.459999,0.900000,-1.270000,280.779999,50.950001,69760.000000,37.96,101.65,15.085715,PM2.5,23662
11.430000,15.300000,1.610000,2.550000,0.160000,91.290001,-0.120000,-1.590000,282.720001,48.470001,72250.281250,37.97,101.82,16.328571,PM2.5,23663
12.620000,18.110001,1.870000,3.090000,0.170000,92.620003,-0.900000,-1.440000,283.700012,50.279999,74128.367188,37.97,101.99,18.110001,PM10,23664
14.390000,22.840000,2.340000,4.310000,0.190000,97.559998,-0.990000,-1.350000,284.559998,52.110001,75917.156250,37.98,102.16,22.840000,PM10,23665
16.920000,29.000000,2.840000,6.420000,0.210000,99.699997,-1.100000,-1.770000,286.799988,50.939999,79617.671875,37.98,102.34,29.000000,PM10,23666
20.700001,39.360001,3.910000,9.330000,0.250000,101.400002,-1.050000,-1.520000,288.980011,49.220001,83006.570312,37.98,102.51,39.360001,PM10,23667
22.580000,41.279999,3.890000,7.720000,0.230000,99.419998,-1.000000,-1.390000,290.070007,48.910000,84706.976562,37.99,102.68,41.279999,PM10,23668
22.709999,35.459999,3.070000,4.060000,0.180000,93.419998,-0.700000,-1.680000,290.000000,49.980000,84910.140625,37.99,102.85,35.459999,PM10,23669
23.110001,32.230000,2.900000,2.890000,0.160000,90.239998,-0.170000,-1.700000,289.260010,51.939999,84320.132812,37.99,103.02,33.014286,PM2.5,23670
23.049999,29.040001,2.640000,2.010000,0.150000,85.669998,0.520000,-1.840000,289.010010,52.840000,84113.781250,37.99,103.19,32.928570,PM2.5,23671
9.950000,11.010000,0.980000,1.260000,0.130000,87.580002,1.050000,-2.080000,277.179993,62.130001,65519.589844,38.08,100.96,14.214286,PM2.5,23912
9.990000,11.440000,1.030000,1.340000,0.130000,88.820000,1.160000,-1.390000,278.829987,56.980000,67526.093750,38.09,101.13,14.271428,PM2.5,23913
10.220000,12.220000,1.140000,1.550000,0.130000,89.269997,0.900000,-0.860000,281.220001,50.950001,70416.671875,38.09,101.3,14.600000,PM2.5,23914
10.700000,13.350000,1.270000,1.780000,0.140000,91.220001,0.720000,-0.450000,281.559998,50.740002,71138.273438,38.1,101.47,15.285714,PM2.5,23915
11.350000,14.860000,1.430000,2.110000,0.150000,93.699997,0.890000,-0.850000,281.309998,51.240002,70993.390625,38.1,101.64,16.214287,PM2.5,23916
12.100000,16.770000,1.610000,2.390000,0.150000,96.129997,0.290000,-1.640000,283.040009,48.599998,73257.203125,38.1,101.82,17.285715,PM2.5,23917
13.320000,20.670000,2.070000,3.200000,0.170000,98.930000,-0.940000,-1.520000,285.269989,47.900002,76685.296875,38.11,101.99,20.670000,PM10,23918
15.910000,30.080000,3.120000,5.230000,0.190000,108.849998,-1.510000,-1.320000,286.920013,49.040001,79726.703125,38.11,102.16,30.080000,PM10,23919
18.840000,36.480000,3.330000,6.430000,0.210000,107.919998,-1.100000,-1.700000,288.700012,48.130001,82702.203125,38.12,102.33,36.480000,PM10,23920
20.860001,38.630001,3.240000,6.000000,0.200000,102.309998,-0.740000,-1.610000,290.049988,47.680000,84661.250000,38.12,102.5,38.630001,PM10,23921
21.950001,37.250000,3.020000,4.490000,0.180000,98.779999,-0.950000,-1.530000,290.190002,49.340000,85202.976562,38.12,102.68,37.250000,PM10,23922
22.510000,33.720001,2.870000,2.980000,0.160000,96.690002,-0.490000,-1.920000,289.700012,51.099998,85086.773438,38.12,102.85,33.720001,PM10,23923
22.690001,30.799999,2.650000,2.180000,0.150000,91.699997,0.250000,-1.940000,289.489990,51.860001,84782.789062,38.13,103.02,32.414288,PM2.5,23924
22.920000,28.510000,2.500000,1.610000,0.140000,87.629997,0.640000,-1.960000,289.480011,52.380001,84793.656250,38.13,103.19,32.742859,PM2.5,23925
23.200001,26.770000,2.380000,1.240000,0.130000,84.519997,1.020000,-2.150000,289.549988,52.490002,84897.398438,38.13,103.36,33.142857,PM2.5,23926
9.800000,10.690000,0.950000,1.330000,0.120000,87.430000,1.660000,-2.180000,277.920013,59.619999,66327.687500,38.21,100.78,14.000000,PM2.5,24168
10.230000,11.640000,1.130000,1.530000,0.130000,87.809998,1.400000,-1.410000,280.910004,52.970001,70427.390625,38.22,100.95,14.614285,PM2.5,24169
10.340000,12.210000,1.230000,1.520000,0.130000,89.940002,1.090000,-0.810000,281.839996,51.200001,71682.500000,38.22,101.12,14.771429,PM2.5,24170
10.660000,13.190000,1.340000,1.700000,0.130000,92.419998,0.940000,-0.770000,281.890015,50.950001,71922.796875,38.23,101.29,15.228571,PM2.5,24171
11.150000,14.660000,1.530000,2.030000,0.140000,95.330002,0.500000,-0.450000,283.010010,48.389999,73229.726562,38.23,101.47,15.928571,PM2.5,24172
11.750000,16.480000,1.740000,2.420000,0.150000,98.500000,-0.290000,-0.350000,284.720001,45.570000,75422.078125,38.24,101.64,16.785715,PM2.5,24173
12.560000,18.780001,2.040000,2.790000,0.160000,101.989998,-0.710000,-0.920000,285.920013,45.130001,77487.101562,38.24,101.81,18.780001,PM10,24174
13.790000,25.910000,2.980000,4.240000,0.180000,108.330002,-1.320000,-1.100000,287.149994,45.950001,79677.750000,38.24,101.98,25.910000,PM10,24175
16.690001,41.459999,4.710000,6.940000,0.210000,120.019997,-1.590000,-1.550000,287.869995,48.970001,81619.773438,38.25,102.15,41.459999,PM10,24176
19.709999,42.209999,3.970000,6.190000,0.200000,115.500000,-0.940000,-1.990000,288.459991,50.099998,83002.117188,38.25,102.33,42.209999,PM10,24177
21.299999,41.150002,3.450000,5.400000,0.190000,103.989998,-0.500000,-2.250000,289.410004,49.509998,84212.007812,38.25,102.5,41.150002,PM10,24178
22.250000,38.360001,3.090000,4.140000,0.170000,98.970001,-0.540000,-2.060000,289.880005,50.189999,85034.992188,38.26,102.67,38.360001,PM10,24179
22.650000,34.119999,2.890000,2.860000,0.150000,97.949997,-0.200000,-1.970000,289.769989,51.290001,85294.320312,38.26,102.84,34.119999,PM10,24180
22.850000,30.870001,2.630000,2.050000,0.140000,93.510002,0.230000,-2.000000,289.649994,52.259998,85156.296875,38.26,103.02,32.642857,PM2.5,24181
23.160000,28.559999,2.460000,1.480000,0.140000,89.430000,0.450000,-2.200000,289.549988,52.680000,85061.578125,38.27,103.19,33.085712,PM2.5,24182
23.520000,26.900000,2.340000,1.130000,0.130000,85.919998,0.720000,-2.440000,289.630005,52.090000,85170.289062,38.27,103.36,33.600002,PM2.5,24183
9.170000,9.520000,0.550000,0.750000,0.120000,91.239998,-0.060000,-0.860000,279.739990,54.439999,67436.882812,38.32,100.08,13.100000,PM2.5,24423
9.440000,9.890000,0.720000,0.860000,0.120000,88.089996,0.460000,-0.860000,276.440002,63.689999,64363.101562,38.34,100.42,13.485714,PM2.5,24425
10.040000,10.790000,0.920000,1.230000,0.120000,88.050003,1.240000,-1.170000,278.720001,58.380001,67403.093750,38.34,100.6,14.342857,PM2.5,24426
11.130000,12.630000,1.420000,2.300000,0.130000,86.889999,1.130000,-1.450000,282.589996,49.490002,72495.093750,38.35,100.77,15.900001,PM2.5,24427
12.100000,14.750000,1.890000,3.060000,0.150000,89.110001,0.530000,-0.650000,284.720001,45.919998,75651.296875,38.35,100.94,17.285715,PM2.5,24428
11.660000,14.750000,1.830000,2.600000,0.140000,93.760002,0.340000,0.180000,283.579987,48.860001,74321.992188,38.36,101.11,16.657143,PM2.5,24429
11.700000,15.580000,1.870000,2.500000,0.140000,97.550003,1.000000,0.160000,281.239990,52.590000,71347.687500,38.36,101.29,16.714285,PM2.5,24430
11.740000,16.760000,2.060000,2.730000,0.150000,101.070000,0.800000,-0.440000,282.779999,47.669998,72884.007812,38.37,101.46,16.771429,PM2.5,24431
11.900000,18.629999,2.470000,3.340000,0.160000,104.070000,-0.520000,-0.730000,286.209991,42.950001,77563.343750,38.37,101.63,18.629999,PM10,24432
11.940000,20.490000,3.130000,4.010000,0.170000,108.209999,-1.170000,-1.000000,286.739990,45.090000,78969.687500,38.38,101.8,20.490000,PM10,24433
12.230000,33.540001,5.200000,7.070000,0.210000,116.680000,-1.550000,-1.180000,286.279999,49.320000,78990.179688,38.38,101.98,33.540001,PM10,24434
15.060000,56.110001,7.450000,10.550000,0.250000,127.349998,-1.500000,-1.880000,287.399994,50.860001,81438.281250,38.38,102.15,53.055000,PM10,24435
19.920000,46.599998,4.460000,5.500000,0.190000,113.059998,-0.860000,-2.010000,288.640015,50.299999,83509.773438,38.39,102.32,46.599998,PM10,24436
21.340000,41.950001,3.720000,4.430000,0.180000,105.660004,-0.400000,-1.900000,289.130005,50.810001,84367.757812,38.39,102.5,41.950001,PM10,24437
22.120001,37.480000,3.250000,3.590000,0.160000,100.839996,-0.120000,-2.020000,289.609985,50.900002,85149.320312,38.39,102.67,37.480000,PM10,24438
22.780001,33.520000,2.890000,2.750000,0.150000,97.620003,0.300000,-2.110000,289.869995,51.119999,85513.867188,38.4,102.84,33.520000,PM10,24439
23.100000,30.400000,2.610000,1.940000,0.140000,93.629997,0.220000,-1.830000,289.859985,51.880001,85434.882812,38.4,103.01,33.000000,PM2.5,24440
23.440001,28.260000,2.420000,1.410000,0.130000,89.870003,0.110000,-2.170000,289.670013,51.910000,85277.507812,38.4,103.19,33.485714,PM2.5,24441
23.790001,26.750000,2.290000,1.070000,0.130000,86.160004,0.490000,-2.480000,289.829987,50.900002,85550.593750,38.4,103.36,33.985714,PM2.5,24442
6.020000,6.130000,0.210000,0.200000,0.110000,95.489998,0.900000,0.670000,270.510010,64.680000,56771.019531,38.25,95.94,8.600000,PM2.5,24659
6.070000,6.170000,0.220000,0.190000,0.110000,95.570000,1.750000,1.780000,270.440002,67.830002,56689.410156,38.26,96.11,8.671429,PM2.5,24660
6.020000,6.130000,0.220000,0.160000,0.110000,96.680000,2.160000,2.370000,272.209991,64.029999,58144.449219,38.27,96.28,8.600000,PM2.5,24661
6.300000,6.400000,0.230000,0.160000,0.110000,96.160004,2.320000,2.010000,273.850006,59.240002,59638.578125,38.28,96.45,9.000000,PM2.5,24662
6.780000,6.890000,0.250000,0.160000,0.110000,94.510002,2.050000,1.620000,274.220001,58.290001,60158.679688,38.29,96.62,9.685715,PM2.5,24663
8.810000,9.240000,0.500000,0.780000,0.120000,91.989998,0.420000,-2.050000,278.489990,55.180000,65747.507812,38.45,99.73,12.585715,PM2.5,24681
9.210000,9.730000,0.580000,0.930000,0.120000,92.070000,-0.330000,-1.860000,280.209991,51.860001,68095.476562,38.45,99.9,13.157143,PM2.5,24682
9.990000,10.610000,0.720000,1.050000,0.120000,91.330002,0.120000,-0.410000,277.510010,61.279999,65836.007812,38.46,100.24,14.271428,PM2.5,24684
10.440000,11.200000,0.850000,1.220000,0.120000,88.139999,0.510000,-0.480000,280.829987,53.950001,70240.640625,38.47,100.42,14.914285,PM2.5,24685
11.630000,13.010000,1.300000,1.980000,0.130000,86.580002,0.510000,-1.120000,284.920013,45.119999,75673.976562,38.48,100.59,16.614286,PM2.5,24686
12.760000,14.940000,1.830000,2.930000,0.140000,86.730003,-0.030000,-1.160000,286.440002,43.060001,77755.882812,38.48,100.76,18.228571,PM2.5,24687
13.340000,16.389999,2.120000,3.380000,0.150000,89.029999,-0.710000,-0.100000,286.470001,43.840000,78148.210938,38.49,100.94,19.057142,PM2.5,24688
12.850000,16.389999,2.080000,3.050000,0.140000,92.639999,-0.530000,0.700000,285.549988,45.669998,76849.421875,38.49,101.11,18.357143,PM2.5,24689
12.710000,16.990000,2.200000,2.980000,0.140000,96.180000,0.320000,0.680000,283.970001,47.889999,74786.109375,38.5,101.28,18.157143,PM2.5,24690
12.640000,18.010000,2.480000,3.220000,0.150000,99.169998,0.810000,-0.280000,284.380005,47.049999,75501.781250,38.5,101.45,18.057144,PM2.5,24691
12.590000,19.250000,2.970000,3.540000,0.150000,101.889999,0.530000,-1.130000,285.470001,46.939999,77271.476562,38.51,101.63,19.250000,PM10,24692
12.440000,20.760000,3.840000,4.200000,0.160000,104.830002,-0.050000,-1.570000,284.549988,50.340000,76449.687500,38.51,101.8,20.760000,PM10,24693
12.050000,31.410000,6.370000,7.180000,0.200000,111.599998,-0.710000,-1.770000,284.839996,53.000000,77488.101562,38.51,101.97,31.410000,PM10,24694
14.100000,54.150002,8.840000,11.390000,0.240000,118.809998,-1.030000,-2.090000,287.929993,49.880001,82266.406250,38.52,102.15,52.075001,PM10,24695
20.309999,47.099998,4.600000,5.500000,0.190000,106.879997,-0.670000,-1.860000,289.679993,48.349998,85043.023438,38.52,102.32,47.099998,PM10,24696
21.770000,41.560001,3.570000,4.080000,0.170000,98.709999,-0.170000,-1.940000,289.959991,49.090000,85419.937500,38.52,102.49,41.560001,PM10,24697
22.580000,35.939999,2.990000,3.120000,0.150000,94.129997,-0.080000,-1.970000,290.089996,49.959999,85755.242188,38.53,102.66,35.939999,PM10,24698
22.930000,31.750000,2.770000,2.540000,0.150000,94.050003,0.430000,-2.160000,290.070007,50.509998,85843.921875,38.53,102.84,32.757145,PM2.5,24699
23.400000,29.219999,2.490000,2.090000,0.140000,89.949997,0.280000,-2.070000,290.399994,49.560001,85802.093750,38.53,103.01,33.428570,PM2.5,24700
23.740000,27.790001,2.410000,1.650000,0.140000,88.120003,-0.090000,-2.130000,290.160004,49.930000,85831.593750,38.54,103.18,33.914284,PM2.5,24701
24.040001,26.420000,2.220000,1.010000,0.130000,84.199997,0.360000,-2.320000,290.190002,49.799999,86083.453125,38.54,103.36,34.342857,PM2.5,24702
24.219999,25.719999,2.170000,0.720000,0.130000,80.790001,0.700000,-2.620000,290.079987,49.810001,86122.960938,38.54,103.53,34.599998,PM2.5,24703
6.940000,7.090000,0.240000,0.360000,0.110000,91.519997,-0.690000,1.750000,275.170013,47.619999,60760.039062,38.33,95.23,9.914286,PM2.5,24913
6.760000,6.910000,0.240000,0.350000,0.110000,91.800003,0.140000,1.810000,274.160004,49.869999,59864.628906,38.34,95.41,9.657144,PM2.5,24914
6.540000,6.670000,0.220000,0.280000,0.110000,92.930000,0.570000,1.340000,272.220001,55.220001,58167.488281,38.36,95.58,9.342857,PM2.5,24915
6.430000,6.540000,0.210000,0.230000,0.110000,93.820000,1.490000,1.470000,271.029999,59.330002,57195.859375,38.37,95.75,9.185714,PM2.5,24916
6.430000,6.540000,0.210000,0.210000,0.110000,93.879997,2.460000,2.110000,272.070007,56.459999,57955.128906,38.38,95.92,9.185714,PM2.5,24917
6.480000,6.590000,0.200000,0.190000,0.110000,94.669998,2.450000,2.190000,274.750000,49.230000,60101.878906,38.39,96.09,9.257143,PM2.5,24918
6.460000,6.560000,0.210000,0.170000,0.110000,94.779999,1.960000,2.090000,275.850006,48.330002,61220.421875,38.4,96.27,9.228572,PM2.5,24919
6.610000,6.720000,0.220000,0.170000,0.110000,93.809998,1.860000,1.810000,274.369995,54.880001,60147.750000,38.41,96.44,9.442858,PM2.5,24920
6.780000,6.900000,0.230000,0.160000,0.110000,94.910004,2.020000,1.630000,273.679993,57.639999,59526.718750,38.42,96.61,9.685715,PM2.5,24921
8.810000,9.350000,0.540000,0.940000,0.120000,92.540001,0.990000,-1.480000,275.839996,63.560001,63381.359375,38.57,99.54,12.585715,PM2.5,24938
9.080000,9.820000,0.610000,1.100000,0.120000,93.860001,0.750000,-2.190000,277.329987,58.290001,64951.121094,38.58,99.72,12.971429,PM2.5,24939
9.520000,10.320000,0.690000,1.290000,0.120000,93.139999,-0.050000,-2.220000,279.859985,52.110001,68123.312500,38.59,99.89,13.600000,PM2.5,24940
10.150000,11.080000,0.820000,1.790000,0.120000,93.000000,-0.340000,-1.060000,280.470001,53.119999,69504.078125,38.59,100.06,14.499999,PM2.5,24941
11.010000,12.150000,1.030000,2.040000,0.120000,90.379997,-0.060000,-0.370000,282.029999,51.570000,71806.648438,38.6,100.24,15.728572,PM2.5,24942
12.130000,13.830000,1.360000,2.580000,0.130000,86.949997,-0.100000,-0.870000,286.100006,44.200001,77510.312500,38.61,100.41,17.328571,PM2.5,24943
13.640000,15.760000,1.820000,2.920000,0.140000,85.730003,-0.650000,-1.030000,288.410004,41.020000,80929.117188,38.61,100.58,19.485714,PM2.5,24944
14.220000,16.629999,1.960000,3.040000,0.140000,85.580002,-1.570000,-0.530000,288.350006,41.889999,80910.062500,38.62,100.76,20.314285,PM2.5,24945
14.730000,17.639999,2.130000,3.250000,0.140000,86.160004,-1.860000,0.010000,287.890015,43.259998,80573.117188,38.62,100.93,21.042856,PM2.5,24946
14.450000,17.969999,2.210000,3.290000,0.140000,88.690002,-1.470000,0.220000,287.649994,43.270000,80153.750000,38.63,101.1,20.642857,PM2.5,24947
14.320000,18.420000,2.400000,3.290000,0.140000,91.930000,-0.940000,0.040000,286.820007,44.419998,79121.328125,38.63,101.27,20.457142,PM2.5,24948
14.270000,19.139999,2.710000,3.380000,0.140000,95.169998,-0.620000,-0.500000,285.820007,47.919998,78271.093750,38.64,101.45,20.385715,PM2.5,24949
14.190000,19.820000,3.210000,3.290000,0.150000,97.830002,-0.500000,-1.000000,284.630005,52.369999,77095.117188,38.64,101.62,20.271427,PM2.5,24950
13.880000,21.100000,4.110000,3.960000,0.160000,101.610001,-0.290000,-1.220000,283.700012,55.439999,76215.726562,38.65,101.79,21.100000,PM10,24951
12.870000,30.820000,7.010000,7.150000,0.190000,111.269997,-0.260000,-1.640000,285.529999,53.970001,79271.203125,38.65,101.97,30.820000,PM10,24952
14.440000,50.130001,9.570000,10.810000,0.230000,116.150002,-0.160000,-2.150000,288.750000,49.169998,83865.921875,38.65,102.14,50.065002,PM10,24953
21.170000,42.810001,3.930000,4.430000,0.170000,98.669998,-0.410000,-1.920000,290.260010,47.709999,85827.156250,38.66,102.31,42.810001,PM10,24954
21.940001,38.169998,3.380000,3.450000,0.160000,98.570000,-0.340000,-1.700000,290.179993,49.230000,86187.703125,38.66,102.49,38.169998,PM10,24955
22.680000,32.180000,2.770000,2.410000,0.140000,94.139999,0.010000,-1.910000,290.220001,49.759998,86212.718750,38.66,102.66,32.400002,PM2.5,24956
22.879999,28.600000,2.480000,1.920000,0.140000,91.239998,0.170000,-2.120000,290.200012,49.970001,86150.406250,38.67,102.83,32.685715,PM2.5,24957
23.430000,27.219999,2.310000,1.720000,0.140000,87.639999,0.400000,-2.540000,290.450012,48.900002,86136.890625,38.67,103.01,33.471428,PM2.5,24958
23.770000,26.400000,2.200000,1.370000,0.130000,84.440002,0.320000,-2.500000,290.540009,48.790001,86250.101562,38.67,103.18,33.957142,PM2.5,24959
24.170000,25.799999,2.080000,0.830000,0.130000,81.029999,0.280000,-2.410000,290.470001,48.990002,86366.203125,38.67,103.35,34.528572,PM2.5,24960
24.340000,25.490000,2.100000,0.630000,0.120000,79.129997,0.570000,-2.490000,290.250000,49.029999,86364.828125,38.68,103.53,34.771427,PM2.5,24961
24.780001,25.740000,2.150000,0.510000,0.120000,76.790001,1.130000,-2.850000,290.329987,48.070000,86391.171875,38.68,103.7,35.400002,PM2.5,24962
25.219999,26.240000,2.300000,0.470000,0.120000,76.489998,1.240000,-3.010000,290.510010,47.290001,86462.921875,38.68,103.87,36.028572,PM2.5,24963
8.550000,8.640000,0.240000,0.320000,0.110000,92.059998,-1.950000,-2.770000,281.570007,34.150002,67206.023438,38.42,94.53,12.214286,PM2.5,25159
7.930000,8.010000,0.210000,0.270000,0.110000,94.040001,-1.390000,-1.390000,280.149994,35.459999,65299.160156,38.43,94.7,11.328571,PM2.5,25160
7.560000,7.640000,0.190000,0.200000,0.110000,94.489998,-1.370000,-0.080000,277.220001,41.209999,62303.730469,38.44,94.87,10.800000,PM2.5,25161
7.370000,7.460000,0.200000,0.220000,0.110000,93.010002,-0.760000,1.060000,275.410004,46.290001,60912.960938,38.45,95.05,10.528571,PM2.5,25162
7.180000,7.290000,0.210000,0.270000,0.110000,91.260002,0.090000,1.910000,276.230011,43.990002,61673.859375,38.47,95.22,10.257143,PM2.5,25163
7.160000,7.280000,0.220000,0.290000,0.110000,91.250000,0.470000,2.140000,276.269989,42.799999,61640.359375,38.48,95.39,10.228571,PM2.5,25164
7.090000,7.210000,0.210000,0.250000,0.110000,91.730003,0.920000,2.120000,275.119995,44.779999,60522.578125,38.49,95.56,10.128572,PM2.5,25165
6.810000,6.920000,0.200000,0.220000,0.110000,91.510002,1.570000,1.920000,275.100006,45.000000,60479.988281,38.5,95.74,9.728571,PM2.5,25166
6.720000,6.820000,0.200000,0.200000,0.110000,92.080002,2.080000,1.440000,276.359985,42.939999,61742.601562,38.51,95.91,9.599999,PM2.5,25167
6.810000,6.920000,0.200000,0.190000,0.110000,92.860001,2.110000,0.940000,276.299988,44.320000,61853.148438,38.53,96.08,9.728571,PM2.5,25168
6.730000,6.840000,0.210000,0.180000,0.110000,92.120003,1.720000,1.260000,275.029999,49.820000,60831.441406,38.54,96.25,9.614285,PM2.5,25169
6.760000,6.870000,0.220000,0.180000,0.110000,92.010002,1.500000,1.260000,274.609985,51.810001,60388.019531,38.55,96.42,9.657144,PM2.5,25170
6.690000,6.830000,0.230000,0.190000,0.110000,93.709999,1.670000,1.090000,275.260010,50.619999,60900.199219,38.56,96.6,9.557143,PM2.5,25171
6.680000,6.850000,0.250000,0.190000,0.110000,94.529999,1.310000,0.960000,275.880005,50.110001,61634.078125,38.57,96.77,9.542857,PM2.5,25172
6.880000,7.040000,0.260000,0.190000,0.110000,95.449997,0.430000,0.530000,275.760010,50.689999,61663.878906,38.58,96.94,9.828571,PM2.5,25173
9.230000,10.090000,0.670000,1.200000,0.120000,94.669998,0.710000,-1.280000,276.829987,60.610001,64976.921875,38.71,99.54,13.185714,PM2.5,25188
9.680000,10.680000,0.780000,1.380000,0.120000,95.889999,0.730000,-1.570000,279.140015,54.410000,67803.656250,38.72,99.71,13.828572,PM2.5,25189
10.320000,11.400000,0.900000,1.600000,0.120000,96.110001,0.550000,-1.550000,280.470001,51.330002,69514.343750,38.72,99.88,14.742857,PM2.5,25190
11.240000,12.710000,1.170000,2.500000,0.120000,93.669998,0.190000,-1.160000,282.940002,47.779999,73026.929688,38.73,100.06,16.057142,PM2.5,25191
13.020000,15.610000,1.960000,4.120000,0.140000,89.790001,-0.160000,-0.980000,286.609985,43.549999,78488.703125,38.74,100.23,18.600000,PM2.5,25192
14.930000,17.930000,2.410000,4.310000,0.150000,85.800003,-0.820000,-0.390000,289.190002,41.320000,82382.640625,38.74,100.4,21.328571,PM2.5,25193
15.450000,18.020000,2.140000,3.350000,0.140000,81.809998,-2.040000,0.240000,289.880005,41.169998,83646.382812,38.75,100.58,22.071428,PM2.5,25194
15.650000,18.150000,2.020000,3.070000,0.140000,81.750000,-3.170000,0.080000,289.559998,42.799999,83198.062500,38.75,100.75,22.357141,PM2.5,25195
16.090000,18.809999,2.120000,3.040000,0.140000,82.570000,-3.270000,-0.310000,288.570007,44.820000,82050.250000,38.76,100.92,22.985714,PM2.5,25196
16.379999,19.879999,2.410000,3.300000,0.140000,85.209999,-2.720000,-0.580000,287.540009,46.770000,80797.328125,38.76,101.1,23.400000,PM2.5,25197
16.190001,19.600000,2.390000,2.830000,0.140000,87.220001,-1.990000,-0.400000,286.140015,49.240002,79177.156250,38.77,101.27,23.128572,PM2.5,25198
16.459999,28.040001,5.240000,4.860000,0.170000,102.300003,-0.420000,-1.210000,288.100006,51.240002,83357.460938,38.78,101.96,28.040001,PM10,25202
17.790001,37.299999,6.360000,6.240000,0.180000,105.589996,-0.330000,-1.560000,289.559998,49.639999,85490.187500,38.79,102.14,37.299999,PM10,25203
21.670000,32.720001,2.950000,2.570000,0.150000,95.279999,-0.340000,-1.540000,290.070007,49.570000,86225.710938,38.79,102.31,32.720001,PM10,25204
22.209999,29.950001,2.590000,1.910000,0.140000,93.800003,-0.380000,-1.120000,290.260010,49.790001,86393.156250,38.8,102.48,31.728571,PM2.5,25205
22.610001,26.760000,2.220000,1.320000,0.130000,90.180000,-0.440000,-1.290000,290.160004,50.389999,86223.750000,38.8,102.66,32.299999,PM2.5,25206
22.730000,25.299999,2.070000,1.110000,0.130000,87.720001,-0.230000,-1.890000,290.079987,50.360001,86161.492188,38.8,102.83,32.471428,PM2.5,25207
22.950001,24.930000,2.040000,1.060000,0.130000,85.470001,0.210000,-2.330000,290.130005,50.110001,86326.273438,38.8,103.0,32.785717,PM2.5,25208
23.500000,25.049999,2.010000,0.900000,0.130000,81.769997,0.610000,-2.700000,290.320007,49.580002,86467.539062,38.81,103.18,33.571430,PM2.5,25209
24.180000,25.360001,2.020000,0.700000,0.120000,79.449997,0.560000,-2.430000,290.440002,48.759998,86470.156250,38.81,103.35,34.542858,PM2.5,25210
24.590000,25.520000,2.080000,0.570000,0.120000,77.500000,0.340000,-2.590000,290.480011,47.349998,86488.257812,38.81,103.52,35.128571,PM2.5,25211
25.020000,25.879999,2.230000,0.500000,0.120000,77.639999,0.560000,-2.810000,290.450012,46.430000,86584.343750,38.81,103.7,35.742859,PM2.5,25212
25.440001,26.379999,2.380000,0.470000,0.120000,77.010002,0.580000,-3.190000,290.579987,45.860001,86573.398438,38.81,103.87,36.342857,PM2.5,25213
9.090000,9.190000,0.280000,0.270000,0.110000,91.410004,-0.910000,-2.360000,282.869995,33.000000,69189.953125,38.55,94.51,12.985715,PM2.5,25401
8.380000,8.460000,0.230000,0.200000,0.110000,94.029999,-0.910000,-1.500000,281.519989,33.200001,67007.210938,38.56,94.69,11.971429,PM2.5,25402
7.900000,7.980000,0.210000,0.170000,0.110000,94.370003,-1.240000,-0.810000,278.980011,36.349998,64039.531250,38.58,94.86,11.285714,PM2.5,25403
7.620000,7.710000,0.220000,0.180000,0.110000,93.949997,-1.090000,0.040000,278.859985,37.250000,64132.421875,38.59,95.03,10.885715,PM2.5,25404
7.420000,7.530000,0.220000,0.210000,0.110000,93.339996,-0.430000,0.540000,279.220001,36.439999,64603.910156,38.6,95.2,10.600000,PM2.5,25405
7.370000,7.480000,0.210000,0.230000,0.110000,91.900002,-0.230000,0.650000,278.299988,37.820000,63664.109375,38.61,95.38,10.528571,PM2.5,25406
7.330000,7.440000,0.210000,0.220000,0.110000,91.959999,-0.090000,0.820000,278.600006,37.220001,64013.148438,38.63,95.55,10.471429,PM2.5,25407
6.990000,7.090000,0.210000,0.200000,0.110000,93.029999,0.240000,0.760000,278.489990,37.860001,64095.449219,38.64,95.72,9.985714,PM2.5,25408
6.870000,6.980000,0.210000,0.180000,0.110000,93.150002,0.790000,0.660000,275.730011,44.509998,61568.761719,38.65,95.89,9.814285,PM2.5,25409
7.030000,7.130000,0.220000,0.180000,0.110000,93.290001,1.460000,0.490000,273.690002,49.680000,59540.011719,38.66,96.07,10.042857,PM2.5,25410
6.900000,7.010000,0.220000,0.180000,0.110000,91.699997,1.120000,0.200000,275.489990,47.169998,61210.500000,38.67,96.24,9.857143,PM2.5,25411
6.800000,6.910000,0.220000,0.180000,0.110000,92.750000,0.990000,0.230000,278.269989,42.380001,64059.089844,38.68,96.41,9.714286,PM2.5,25412
6.700000,6.850000,0.230000,0.200000,0.110000,93.379997,1.340000,0.730000,278.790009,41.980000,64693.230469,38.69,96.58,9.571428,PM2.5,25413
6.590000,6.760000,0.250000,0.200000,0.110000,94.709999,0.520000,0.850000,277.380005,45.610001,63306.519531,38.7,96.76,9.414286,PM2.5,25414
6.860000,7.030000,0.270000,0.200000,0.110000,95.320000,-0.020000,0.460000,275.049988,50.310001,60993.460938,38.72,96.93,9.800000,PM2.5,25415
8.700000,9.360000,0.520000,0.890000,0.120000,95.050003,1.220000,-0.510000,274.350006,64.190002,61755.441406,38.83,99.18,12.428571,PM2.5,25428
9.010000,10.080000,0.660000,1.230000,0.120000,96.059998,0.920000,-1.020000,275.890015,61.430000,63665.500000,38.84,99.35,12.871428,PM2.5,25429
9.680000,10.890000,0.840000,1.680000,0.120000,96.410004,0.130000,-1.220000,280.149994,51.950001,69503.468750,38.84,99.53,13.828572,PM2.5,25430
10.660000,12.050000,1.040000,2.100000,0.130000,95.360001,-0.160000,-0.960000,283.609985,44.889999,73909.468750,38.85,99.7,15.228571,PM2.5,25431
11.800000,13.440000,1.290000,2.470000,0.130000,94.519997,-0.230000,-0.790000,284.160004,44.820000,74786.679688,38.86,99.87,16.857143,PM2.5,25432
13.280000,16.059999,1.910000,3.930000,0.140000,91.080002,-0.220000,-0.910000,285.920013,44.110001,77476.289062,38.86,100.05,18.971428,PM2.5,25433
17.400000,24.000000,4.630000,10.130000,0.180000,87.300003,-0.440000,-0.520000,289.220001,41.720001,82386.906250,38.87,100.22,24.857141,PM2.5,25434
17.930000,23.980000,4.450000,8.890000,0.180000,86.660004,-0.900000,0.590000,290.850006,41.299999,84932.242188,38.88,100.39,25.614286,PM2.5,25435
16.320000,19.120001,2.350000,3.900000,0.150000,82.699997,-1.920000,1.140000,290.700012,42.000000,84512.210938,38.88,100.57,23.314285,PM2.5,25436
16.150000,18.170000,1.880000,2.740000,0.130000,80.169998,-3.050000,0.610000,288.630005,44.480000,81578.523438,38.89,100.74,23.071428,PM2.5,25437
16.889999,18.910000,1.950000,2.490000,0.130000,80.410004,-3.410000,-0.500000,286.230011,49.340000,78940.992188,38.89,100.92,24.128571,PM2.5,25438
18.129999,21.680000,2.820000,3.260000,0.140000,82.669998,-2.540000,-0.920000,285.779999,51.139999,79040.820312,38.9,101.09,25.900000,PM2.5,25439
21.760000,24.480000,2.180000,1.210000,0.130000,88.180000,-0.920000,-0.820000,289.910004,50.900002,86285.023438,38.92,102.13,31.085714,PM2.5,25445
22.000000,24.209999,1.870000,0.930000,0.120000,87.809998,-1.070000,-0.990000,289.899994,51.029999,86152.429688,38.93,102.31,31.428572,PM2.5,25446
22.180000,24.290001,1.930000,0.860000,0.120000,88.449997,-0.780000,-1.450000,289.739990,51.630001,85859.062500,38.93,102.48,31.685715,PM2.5,25447
22.730000,24.379999,1.860000,0.730000,0.120000,85.190002,-0.540000,-1.800000,289.690002,51.919998,85603.062500,38.93,102.65,32.471428,PM2.5,25448
22.790001,24.150000,1.880000,0.690000,0.120000,85.080002,-0.110000,-2.120000,289.519989,51.910000,85581.859375,38.94,102.83,32.557144,PM2.5,25449
22.920000,24.049999,1.880000,0.620000,0.120000,83.400002,0.320000,-2.240000,289.790009,51.070000,85977.843750,38.94,103.0,32.742859,PM2.5,25450
23.219999,24.230000,1.910000,0.600000,0.120000,81.199997,0.620000,-2.540000,290.070007,50.009998,86388.062500,38.94,103.17,33.171429,PM2.5,25451
24.240000,25.150000,2.010000,0.590000,0.120000,79.150002,0.380000,-2.650000,290.489990,47.650002,86504.921875,38.94,103.35,34.628571,PM2.5,25452
24.719999,25.510000,2.100000,0.510000,0.120000,77.489998,0.120000,-3.080000,290.519989,45.369999,86505.679688,38.95,103.52,35.314285,PM2.5,25453
25.320000,26.080000,2.280000,0.470000,0.120000,77.730003,-0.010000,-3.310000,290.750000,43.790001,86616.507812,38.95,103.7,36.171429,PM2.5,25454
25.500000,26.350000,2.450000,0.470000,0.120000,78.339996,-0.250000,-3.440000,290.640015,44.320000,86702.789062,38.95,103.87,36.428570,PM2.5,25455
25.959999,27.100000,2.610000,0.490000,0.130000,77.449997,-0.170000,-3.270000,290.380005,46.950001,86541.593750,38.95,104.04,37.085712,PM2.5,25456
10.040000,10.150000,0.340000,0.310000,0.110000,89.430000,-0.320000,-1.760000,284.059998,31.639999,70801.828125,38.68,94.5,14.342857,PM2.5,25645
9.040000,9.130000,0.280000,0.220000,0.110000,92.290001,-1.120000,-1.300000,283.410004,31.400000,69470.968750,38.7,94.67,12.914286,PM2.5,25646
8.390000,8.490000,0.260000,0.190000,0.110000,92.720001,-1.560000,-1.090000,282.540009,31.629999,68218.507812,38.71,94.84,11.985715,PM2.5,25647
7.970000,8.070000,0.250000,0.180000,0.110000,92.690002,-1.210000,-0.480000,282.260010,31.760000,67887.671875,38.72,95.01,11.385714,PM2.5,25648
7.710000,7.810000,0.250000,0.190000,0.110000,92.440002,-1.180000,-0.170000,281.429993,32.820000,67070.820312,38.74,95.19,11.014286,PM2.5,25649
7.490000,7.590000,0.250000,0.200000,0.110000,92.529999,-1.430000,-0.130000,280.299988,34.630001,66036.929688,38.75,95.36,10.700000,PM2.5,25650
7.280000,7.380000,0.250000,0.180000,0.110000,93.309998,-1.330000,-0.680000,279.200012,36.849998,65099.171875,38.76,95.53,10.400001,PM2.5,25651
7.180000,7.280000,0.250000,0.180000,0.110000,94.320000,-0.280000,0.040000,276.730011,41.740002,62660.289062,38.77,95.71,10.257143,PM2.5,25652
7.290000,7.400000,0.260000,0.180000,0.110000,93.930000,0.720000,0.250000,274.589996,46.270000,60476.000000,38.78,95.88,10.414286,PM2.5,25653
7.300000,7.410000,0.260000,0.190000,0.110000,92.120003,0.890000,-0.210000,276.089996,44.919998,61836.210938,38.8,96.05,10.428572,PM2.5,25654
7.260000,7.380000,0.250000,0.180000,0.110000,91.809998,0.820000,-0.480000,279.260010,40.560001,65414.859375,38.81,96.22,10.371428,PM2.5,25655
7.120000,7.250000,0.240000,0.190000,0.110000,92.540001,0.710000,-0.220000,280.359985,39.770000,66947.906250,38.82,96.4,10.171429,PM2.5,25656
6.760000,6.920000,0.240000,0.200000,0.110000,94.379997,0.340000,0.690000,279.179993,42.419998,65637.156250,38.83,96.57,9.657144,PM2.5,25657
6.560000,6.750000,0.260000,0.210000,0.110000,94.639999,0.010000,1.600000,277.640015,44.970001,63777.179688,38.84,96.74,9.371428,PM2.5,25658
6.840000,7.040000,0.280000,0.210000,0.110000,95.680000,0.620000,1.660000,275.480011,48.330002,61424.570312,38.85,96.92,9.771429,PM2.5,25659
7.540000,7.990000,0.350000,0.540000,0.120000,95.370003,1.550000,-0.070000,276.820007,51.560001,62669.308594,38.91,97.96,10.771428,PM2.5,25665
7.940000,8.500000,0.390000,1.180000,0.130000,98.480003,-0.120000,-0.140000,278.149994,52.820000,64745.519531,38.92,98.13,11.342857,PM2.5,25666
9.090000,10.340000,0.650000,1.560000,0.120000,97.269997,1.460000,0.470000,273.769989,68.800003,61246.480469,38.96,99.17,12.985715,PM2.5,25672
9.950000,11.580000,0.860000,2.000000,0.130000,97.489998,0.720000,-0.620000,277.630005,59.189999,66210.781250,38.97,99.34,14.214286,PM2.5,25673
11.000000,12.590000,1.060000,2.450000,0.130000,96.430000,-0.050000,-0.690000,282.790009,46.400002,73007.906250,38.98,99.52,15.714286,PM2.5,25674
12.260000,13.960000,1.300000,2.850000,0.130000,93.980003,-0.840000,-0.520000,284.890015,43.709999,76068.296875,38.99,99.69,17.514286,PM2.5,25675
13.440000,15.440000,1.600000,3.360000,0.130000,91.959999,-0.950000,-0.770000,285.799988,43.779999,77570.687500,38.99,99.87,19.199999,PM2.5,25676
15.340000,18.940001,2.650000,5.870000,0.150000,85.820000,-0.740000,-0.920000,288.269989,42.200001,81090.507812,39.0,100.04,21.914286,PM2.5,25677
19.180000,25.629999,5.080000,11.050000,0.180000,79.570000,-0.890000,-0.210000,290.500000,41.490002,84427.882812,39.01,100.21,27.400000,PM2.5,25678
18.969999,24.190001,4.480000,8.910000,0.170000,79.519997,-1.010000,0.670000,291.290009,42.139999,85633.593750,39.01,100.39,27.099998,PM2.5,25679
17.690001,20.000000,2.470000,3.640000,0.140000,78.980003,-1.030000,0.770000,290.260010,42.310001,83606.890625,39.02,100.56,25.271429,PM2.5,25680
17.730000,19.290001,1.870000,2.190000,0.130000,77.120003,-1.550000,0.600000,286.160004,48.080002,78120.296875,39.02,100.73,25.328571,PM2.5,25681
22.670000,24.440001,1.860000,1.040000,0.120000,82.730003,-1.530000,-0.100000,288.839996,54.000000,84870.468750,39.06,101.95,32.385715,PM2.5,25688
22.389999,23.910000,1.720000,0.750000,0.120000,83.010002,-1.530000,-0.700000,288.559998,54.189999,84455.718750,39.06,102.13,31.985714,PM2.5,25689
22.180000,23.580000,1.710000,0.670000,0.120000,83.949997,-1.480000,-1.230000,288.390015,54.290001,84202.242188,39.06,102.3,31.685715,PM2.5,25690
22.180000,23.580000,1.770000,0.670000,0.120000,84.410004,-1.050000,-1.430000,288.579987,54.189999,84528.859375,39.07,102.47,31.685715,PM2.5,25691
22.340000,23.559999,1.770000,0.650000,0.120000,83.860001,-0.340000,-2.020000,288.809998,53.820000,84934.617188,39.07,102.65,31.914286,PM2.5,25692
22.490000,23.520000,1.790000,0.570000,0.120000,82.269997,0.340000,-1.920000,288.750000,54.639999,84980.781250,39.07,102.82,32.128571,PM2.5,25693
22.770000,23.660000,1.850000,0.500000,0.120000,81.400002,0.550000,-2.130000,288.950012,53.180000,85044.203125,39.07,103.0,32.528572,PM2.5,25694
23.200001,23.990000,1.900000,0.450000,0.120000,79.860001,0.440000,-2.450000,289.399994,50.910000,85510.953125,39.08,103.17,33.142857,PM2.5,25695
23.900000,24.610001,1.970000,0.420000,0.120000,78.339996,0.070000,-2.530000,290.100006,46.930000,86184.140625,39.08,103.35,34.142857,PM2.5,25696
24.469999,25.120001,2.100000,0.430000,0.120000,77.930000,-0.280000,-3.020000,290.429993,44.040001,86543.218750,39.08,103.52,34.957142,PM2.5,25697
25.030001,25.700001,2.270000,0.450000,0.120000,78.019997,-0.350000,-3.730000,290.480011,43.189999,86550.578125,39.08,103.69,35.757145,PM2.5,25698
25.379999,26.150000,2.450000,0.470000,0.120000,78.059998,-0.550000,-3.850000,290.500000,43.389999,86449.093750,39.08,103.87,36.257141,PM2.5,25699
25.900000,26.930000,2.620000,0.490000,0.120000,77.360001,-0.830000,-3.550000,290.429993,44.900002,86372.351562,39.09,104.04,37.000000,PM2.5,25700
10.010000,10.110000,0.320000,0.280000,0.120000,90.769997,-4.450000,-2.260000,282.450012,31.170000,68852.203125,38.76,93.79,14.300000,PM2.5,25885
10.360000,10.480000,0.350000,0.310000,0.120000,91.050003,-2.720000,-2.250000,282.250000,32.619999,69082.476562,38.78,93.96,14.799999,PM2.5,25886
11.010000,11.130000,0.400000,0.410000,0.120000,90.199997,-0.350000,-2.440000,283.820007,30.860001,70849.226562,38.79,94.13,15.728572,PM2.5,25887
11.260000,11.380000,0.400000,0.470000,0.120000,88.930000,0.070000,-2.110000,284.829987,30.100000,71738.117188,38.81,94.31,16.085714,PM2.5,25888
9.950000,10.070000,0.360000,0.380000,0.110000,90.550003,-1.370000,-1.690000,284.420013,31.049999,71291.937500,38.82,94.48,14.214286,PM2.5,25889
9.370000,9.480000,0.330000,0.310000,0.110000,91.620003,-2.360000,-1.820000,284.119995,30.530001,70499.593750,38.83,94.65,13.385715,PM2.5,25890
8.860000,8.960000,0.310000,0.270000,0.110000,91.580002,-2.590000,-1.730000,283.670013,30.770000,69795.046875,38.85,94.82,12.657143,PM2.5,25891
8.330000,8.430000,0.290000,0.220000,0.110000,91.900002,-2.550000,-1.310000,282.839996,31.750000,68840.273438,38.86,95.0,11.900000,PM2.5,25892
7.860000,7.960000,0.270000,0.180000,0.110000,92.540001,-2.400000,-1.050000,282.160004,32.290001,68106.796875,38.87,95.17,11.228572,PM2.5,25893
7.500000,7.610000,0.270000,0.160000,0.110000,92.919998,-2.310000,-0.710000,280.829987,33.599998,66631.593750,38.88,95.34,10.714286,PM2.5,25894
7.360000,7.460000,0.270000,0.160000,0.110000,93.739998,-0.860000,-0.370000,277.019989,40.169998,62953.421875,38.9,95.52,10.514286,PM2.5,25895
7.180000,7.280000,0.280000,0.170000,0.110000,93.660004,0.270000,-0.190000,275.359985,44.889999,61298.070312,38.91,95.69,10.257143,PM2.5,25896
7.770000,7.890000,0.290000,0.180000,0.110000,91.540001,-0.170000,-0.620000,278.399994,40.570000,64484.031250,38.92,95.86,11.100000,PM2.5,25897
8.090000,8.220000,0.310000,0.190000,0.110000,93.110001,0.130000,-0.640000,280.959991,37.209999,67456.117188,38.93,96.04,11.557143,PM2.5,25898
7.840000,7.960000,0.290000,0.190000,0.110000,93.550003,0.150000,-0.220000,280.910004,38.430000,67385.437500,38.94,96.21,11.200000,PM2.5,25899
7.400000,7.550000,0.270000,0.200000,0.110000,93.650002,0.000000,0.180000,279.369995,41.480000,65673.093750,38.95,96.38,10.571428,PM2.5,25900
6.990000,7.180000,0.270000,0.210000,0.110000,93.300003,0.150000,0.750000,277.160004,46.410000,63423.218750,38.96,96.56,9.985714,PM2.5,25901
6.820000,7.040000,0.290000,0.220000,0.110000,93.019997,0.530000,1.340000,276.239990,49.259998,62592.371094,38.97,96.73,9.742857,PM2.5,25902
7.070000,7.310000,0.320000,0.230000,0.110000,93.480003,1.340000,1.640000,276.709991,46.709999,62755.660156,38.98,96.9,10.100000,PM2.5,25903
7.870000,8.510000,0.400000,0.760000,0.120000,96.059998,1.970000,-0.360000,277.079987,52.160000,63499.449219,39.03,97.77,11.242857,PM2.5,25908
8.030000,8.950000,0.450000,1.210000,0.130000,96.559998,0.860000,-0.430000,277.839996,52.360001,64313.320312,39.04,97.94,11.471428,PM2.5,25909
8.260000,9.430000,0.500000,2.530000,0.140000,100.680000,0.190000,-0.760000,277.190002,53.360001,63899.691406,39.05,98.12,11.800000,PM2.5,25910
8.190000,9.530000,0.510000,2.720000,0.140000,101.860001,0.370000,-0.590000,276.359985,54.939999,63031.250000,39.06,98.29,11.700000,PM2.5,25911
8.440000,9.920000,0.530000,2.460000,0.140000,102.330002,0.540000,0.100000,275.170013,62.180000,62344.859375,39.07,98.47,12.057142,PM2.5,25912
8.820000,10.410000,0.570000,2.140000,0.140000,102.120003,1.180000,0.560000,273.679993,66.449997,61035.851562,39.08,98.64,12.599999,PM2.5,25913
9.990000,11.710000,0.760000,2.410000,0.130000,100.459999,0.650000,0.380000,275.959991,64.849998,63960.671875,39.09,98.99,14.271428,PM2.5,25915
10.820000,12.820000,0.940000,3.130000,0.140000,99.099998,-0.050000,0.280000,278.690002,57.950001,67735.093750,39.1,99.16,15.457143,PM2.5,25916
12.040000,14.240000,1.220000,3.830000,0.140000,96.550003,-0.190000,-0.490000,283.179993,46.759998,73661.062500,39.11,99.34,17.200001,PM2.5,25917
13.310000,15.380000,1.400000,3.780000,0.130000,92.669998,-0.680000,-0.380000,286.190002,41.169998,77516.382812,39.11,99.51,19.014286,PM2.5,25918
14.290000,16.309999,1.580000,3.670000,0.130000,90.930000,-1.420000,0.010000,285.750000,42.860001,77179.453125,39.12,99.68,20.414286,PM2.5,25919
15.380000,17.770000,1.970000,4.320000,0.130000,87.779999,-1.570000,-0.130000,286.350006,44.029999,78496.023438,39.13,99.86,21.971428,PM2.5,25920
18.309999,22.870001,3.950000,8.430000,0.160000,78.570000,-1.730000,-0.360000,289.609985,41.889999,83262.781250,39.13,100.03,26.157143,PM2.5,25921
20.559999,25.790001,5.100000,10.530000,0.170000,73.660004,-2.260000,-0.140000,291.170013,41.900002,85715.820312,39.14,100.21,29.371428,PM2.5,25922
20.389999,24.000000,4.140000,7.760000,0.150000,72.989998,-2.720000,-0.000000,290.839996,43.090000,85103.101562,39.15,100.38,29.128571,PM2.5,25923
19.459999,21.110001,2.330000,3.090000,0.130000,73.449997,-3.190000,-0.060000,289.519989,42.580002,82894.976562,39.15,100.55,27.799999,PM2.5,25924
19.330000,20.540001,1.890000,1.860000,0.120000,74.300003,-3.380000,0.200000,286.820007,46.009998,79600.531250,39.16,100.73,27.614286,PM2.5,25925
22.549999,23.590000,1.680000,0.620000,0.120000,81.919998,-1.170000,-1.770000,287.350006,56.090000,82814.312500,39.2,102.3,32.214283,PM2.5,25934
22.570000,23.580000,1.700000,0.610000,0.120000,80.910004,-0.790000,-1.950000,288.760010,52.810001,84525.210938,39.2,102.47,32.242855,PM2.5,25935
24.100000,24.730000,1.980000,0.420000,0.120000,76.580002,0.040000,-2.410000,290.100006,45.799999,85977.843750,39.21,103.34,34.428574,PM2.5,25940
24.500000,25.090000,2.110000,0.440000,0.120000,77.180000,-0.740000,-2.560000,290.570007,43.040001,86572.273438,39.22,103.52,35.000000,PM2.5,25941
24.879999,25.500000,2.270000,0.470000,0.120000,77.510002,-1.000000,-3.420000,290.440002,42.919998,86444.953125,39.22,103.69,35.542854,PM2.5,25942
25.170000,25.889999,2.440000,0.490000,0.120000,77.889999,-1.200000,-4.160000,290.130005,43.160000,86026.750000,39.22,103.87,35.957142,PM2.5,25943
25.690001,26.660000,2.580000,0.500000,0.120000,76.559998,-0.980000,-4.140000,290.209991,43.590000,85944.007812,39.22,104.04,36.700001,PM2.5,25944
10.510000,10.630000,0.360000,0.400000,0.120000,91.190002,-2.350000,-2.700000,284.359985,29.400000,71197.523438,38.91,93.94,15.014286,PM2.5,26128
11.050000,11.180000,0.420000,0.520000,0.120000,90.709999,-1.440000,-3.950000,285.290009,28.610001,72340.046875,38.93,94.12,15.785714,PM2.5,26129
11.040000,11.170000,0.430000,0.560000,0.120000,90.870003,-1.360000,-2.820000,285.230011,29.340000,72355.351562,38.94,94.29,15.771428,PM2.5,26130
10.680000,10.800000,0.420000,0.450000,0.120000,91.209999,-1.880000,-2.170000,284.760010,29.530001,71449.718750,38.95,94.46,15.257143,PM2.5,26131
10.220000,10.340000,0.390000,0.340000,0.110000,92.150002,-2.220000,-2.390000,284.000000,29.900000,70209.898438,38.97,94.64,14.600000,PM2.5,26132
9.700000,9.810000,0.370000,0.290000,0.110000,92.750000,-2.320000,-2.770000,282.670013,31.790001,68706.187500,38.98,94.81,13.857142,PM2.5,26133
9.100000,9.210000,0.340000,0.240000,0.110000,93.349998,-2.080000,-2.510000,281.540009,33.320000,67465.531250,38.99,94.98,13.000001,PM2.5,26134
8.640000,8.750000,0.320000,0.190000,0.110000,94.110001,-1.670000,-1.800000,280.309998,34.900002,66150.140625,39.01,95.15,12.342857,PM2.5,26135
8.430000,8.540000,0.310000,0.170000,0.110000,93.599998,-0.730000,-1.140000,277.160004,40.250000,63049.949219,39.02,95.33,12.042857,PM2.5,26136
8.260000,8.380000,0.310000,0.180000,0.110000,92.760002,0.010000,-0.380000,274.809998,46.110001,60948.128906,39.03,95.5,11.800000,PM2.5,26137
8.280000,8.400000,0.330000,0.190000,0.110000,91.739998,-0.220000,-0.900000,277.959991,41.709999,64243.191406,39.04,95.67,11.828571,PM2.5,26138
8.770000,8.910000,0.360000,0.200000,0.110000,93.389999,-0.280000,-1.310000,281.519989,36.259998,68217.593750,39.05,95.85,12.528572,PM2.5,26139
8.640000,8.770000,0.360000,0.190000,0.110000,94.019997,-0.220000,-0.800000,280.609985,38.200001,66984.476562,39.07,96.02,12.342857,PM2.5,26140
8.380000,8.510000,0.350000,0.190000,0.110000,94.139999,-0.040000,-0.390000,277.989990,43.650002,64247.890625,39.08,96.2,11.971429,PM2.5,26141
7.990000,8.160000,0.320000,0.190000,0.110000,94.250000,0.140000,0.380000,276.779999,46.669998,63060.468750,39.09,96.37,11.414286,PM2.5,26142
7.590000,7.800000,0.310000,0.210000,0.120000,94.680000,0.130000,0.680000,276.000000,49.060001,62360.929688,39.1,96.54,10.842857,PM2.5,26143
7.570000,7.850000,0.340000,0.230000,0.120000,94.019997,0.980000,0.360000,275.619995,51.189999,62124.859375,39.11,96.72,10.814286,PM2.5,26144
7.740000,8.120000,0.390000,0.270000,0.120000,93.209999,1.690000,0.140000,276.980011,48.509998,63417.800781,39.12,96.89,11.057142,PM2.5,26145
7.850000,8.360000,0.400000,0.500000,0.120000,99.389999,1.030000,-0.680000,275.459991,51.480000,61837.730469,39.15,97.41,11.214286,PM2.5,26148
8.060000,8.850000,0.450000,0.770000,0.130000,98.209999,1.750000,-0.690000,275.880005,51.830002,62329.109375,39.16,97.59,11.514286,PM2.5,26149
8.270000,9.430000,0.510000,1.240000,0.140000,97.260002,1.340000,-0.840000,277.549988,50.610001,64260.050781,39.17,97.76,11.814286,PM2.5,26150
8.350000,9.900000,0.560000,2.010000,0.150000,99.580002,-0.000000,-0.750000,279.070007,49.330002,66164.000000,39.18,97.93,11.928572,PM2.5,26151
7.940000,9.890000,0.550000,3.340000,0.150000,105.110001,-0.010000,-0.380000,276.089996,54.119999,62738.859375,39.19,98.11,11.342857,PM2.5,26152
8.340000,11.270000,0.630000,3.650000,0.160000,105.760002,1.370000,-0.350000,272.959991,61.540001,59819.800781,39.2,98.28,11.914286,PM2.5,26153
8.820000,12.070000,0.700000,3.540000,0.160000,107.949997,1.560000,-0.180000,274.339996,62.580002,61444.218750,39.2,98.46,12.599999,PM2.5,26154
9.730000,13.030000,0.840000,3.320000,0.160000,107.129997,0.650000,0.680000,275.170013,65.900002,63064.781250,39.21,98.63,13.900000,PM2.5,26155
10.340000,12.920000,0.860000,3.110000,0.150000,105.870003,0.120000,0.550000,277.510010,60.840000,66056.023438,39.22,98.8,14.771429,PM2.5,26156
11.160000,13.610000,0.990000,3.650000,0.150000,103.570000,-0.540000,0.400000,281.140015,52.119999,71078.640625,39.23,98.98,15.942857,PM2.5,26157
12.480000,15.190000,1.260000,4.980000,0.150000,98.889999,-0.960000,0.250000,285.429993,42.869999,77064.140625,39.23,99.15,17.828571,PM2.5,26158
14.300000,17.370001,1.760000,6.020000,0.160000,91.830002,-1.390000,-0.270000,288.869995,37.500000,81718.406250,39.24,99.33,20.428572,PM2.5,26159
15.300000,17.990000,1.870000,5.220000,0.150000,88.110001,-2.200000,-0.300000,289.730011,37.250000,82629.906250,39.25,99.5,21.857143,PM2.5,26160
16.190001,18.780001,2.060000,4.760000,0.140000,85.790001,-2.750000,0.380000,289.480011,38.660000,82319.843750,39.26,99.67,23.128572,PM2.5,26161
17.980000,21.270000,2.970000,6.130000,0.150000,80.230003,-2.950000,0.730000,289.890015,40.369999,83407.851562,39.26,99.85,25.685713,PM2.5,26162
20.459999,24.930000,4.340000,8.600000,0.160000,72.930000,-3.220000,0.380000,290.880005,42.200001,85480.101562,39.27,100.02,29.228571,PM2.5,26163
21.620001,25.420000,4.470000,8.360000,0.160000,70.930000,-3.720000,-0.000000,291.010010,43.740002,85927.906250,39.28,100.2,30.885715,PM2.5,26164
21.469999,23.990000,3.690000,6.210000,0.140000,72.320000,-4.280000,-0.070000,290.010010,44.279999,84571.601562,39.28,100.37,30.671427,PM2.5,26165
20.620001,21.840000,2.300000,2.700000,0.130000,74.000000,-4.370000,-0.090000,288.799988,45.360001,83098.921875,39.29,100.55,29.457144,PM2.5,26166
20.559999,21.480000,1.910000,1.690000,0.120000,75.000000,-3.940000,0.180000,288.190002,46.709999,82576.593750,39.29,100.72,29.371428,PM2.5,26167
24.309999,24.830000,2.080000,0.470000,0.120000,76.110001,-0.710000,-2.540000,290.709991,42.080002,86576.273438,39.35,103.51,34.728569,PM2.5,26183
24.660000,25.219999,2.260000,0.510000,0.120000,77.190002,-1.410000,-2.990000,290.619995,42.080002,86575.710938,39.35,103.69,35.228573,PM2.5,26184
24.809999,25.459999,2.410000,0.540000,0.120000,77.419998,-1.810000,-3.690000,290.609985,41.619999,86586.546875,39.35,103.86,35.442856,PM2.5,26185
25.170000,26.059999,2.550000,0.540000,0.120000,77.430000,-1.250000,-4.050000,290.519989,41.860001,86492.937500,39.36,104.04,35.957142,PM2.5,26186
11.540000,11.710000,0.380000,0.430000,0.120000,91.199997,-0.460000,-3.610000,284.809998,26.680000,70385.328125,38.99,93.23,16.485714,PM2.5,26366
10.720000,10.900000,0.390000,0.470000,0.120000,92.230003,-0.420000,-1.620000,283.700012,27.600000,69169.039062,39.0,93.41,15.314286,PM2.5,26367
10.170000,10.280000,0.310000,0.300000,0.120000,92.330002,-0.640000,-1.380000,282.160004,29.580000,67756.843750,39.02,93.58,14.528571,PM2.5,26368
10.110000,10.220000,0.320000,0.300000,0.120000,91.300003,-1.280000,-1.700000,280.690002,32.790001,66556.671875,39.03,93.75,14.442857,PM2.5,26369
10.730000,10.850000,0.370000,0.360000,0.120000,89.900002,-2.160000,-3.580000,281.220001,33.270000,67438.453125,39.05,93.93,15.328570,PM2.5,26370
11.260000,11.390000,0.440000,0.590000,0.120000,90.889999,-2.140000,-5.880000,283.829987,30.160000,70649.210938,39.06,94.1,16.085714,PM2.5,26371
11.210000,11.340000,0.460000,0.590000,0.120000,91.330002,-2.060000,-4.860000,285.019989,28.510000,71829.468750,39.07,94.27,16.014286,PM2.5,26372
11.150000,11.290000,0.470000,0.520000,0.120000,91.540001,-2.030000,-3.520000,283.619995,29.969999,69943.039062,39.09,94.44,15.928571,PM2.5,26373
11.000000,11.140000,0.460000,0.350000,0.120000,91.959999,-1.770000,-2.800000,281.760010,32.500000,67863.671875,39.1,94.62,15.714286,PM2.5,26374
10.670000,10.810000,0.450000,0.330000,0.110000,92.949997,-1.830000,-3.150000,280.059998,35.639999,66338.460938,39.11,94.79,15.242857,PM2.5,26375
10.130000,10.260000,0.420000,0.290000,0.110000,94.029999,-1.360000,-3.030000,278.070007,39.189999,64389.160156,39.13,94.97,14.471429,PM2.5,26376
9.550000,9.670000,0.380000,0.210000,0.110000,94.370003,-0.410000,-2.200000,275.670013,43.990002,62001.550781,39.14,95.14,13.642858,PM2.5,26377
9.140000,9.260000,0.350000,0.190000,0.110000,93.339996,0.250000,-1.280000,274.440002,47.610001,60851.859375,39.15,95.31,13.057143,PM2.5,26378
8.910000,9.030000,0.360000,0.200000,0.110000,92.559998,0.250000,-0.870000,276.279999,44.779999,62678.621094,39.16,95.49,12.728571,PM2.5,26379
9.140000,9.280000,0.390000,0.220000,0.110000,92.730003,-0.250000,-1.110000,279.670013,39.799999,66520.273438,39.18,95.66,13.057143,PM2.5,26380
9.250000,9.400000,0.410000,0.220000,0.110000,94.550003,-0.820000,-1.450000,279.920013,39.709999,66714.312500,39.19,95.83,13.214286,PM2.5,26381
9.030000,9.170000,0.410000,0.210000,0.110000,94.040001,-0.650000,-1.000000,276.660004,45.650002,63100.019531,39.2,96.01,12.900000,PM2.5,26382
8.940000,9.080000,0.400000,0.200000,0.110000,94.400002,-0.090000,-0.630000,275.040009,50.250000,61572.839844,39.21,96.18,12.771428,PM2.5,26383
8.700000,8.900000,0.380000,0.210000,0.110000,94.980003,-0.400000,-0.330000,275.739990,50.259998,62388.488281,39.22,96.35,12.428571,PM2.5,26384
8.650000,8.940000,0.400000,0.240000,0.120000,96.220001,-0.210000,-0.130000,275.549988,50.459999,62223.328125,39.23,96.53,12.357142,PM2.5,26385
8.700000,9.100000,0.440000,0.270000,0.120000,94.919998,1.010000,-0.150000,274.670013,53.119999,61348.218750,39.24,96.7,12.428571,PM2.5,26386
8.700000,9.280000,0.500000,0.330000,0.120000,94.449997,1.860000,-0.650000,276.000000,50.830002,62640.738281,39.25,96.88,12.428571,PM2.5,26387
8.080000,8.650000,0.430000,0.360000,0.120000,94.540001,1.600000,-0.350000,277.649994,48.110001,64327.058594,39.26,97.05,11.542857,PM2.5,26388
7.890000,8.530000,0.420000,0.480000,0.120000,97.570000,0.720000,-0.060000,276.760010,48.880001,63246.539062,39.27,97.22,11.271428,PM2.5,26389
7.940000,8.760000,0.450000,0.680000,0.130000,100.050003,0.800000,-0.280000,274.540009,51.900002,60963.718750,39.28,97.4,11.342857,PM2.5,26390
8.230000,9.440000,0.520000,1.170000,0.130000,99.949997,1.570000,-0.650000,274.149994,53.119999,60593.468750,39.29,97.57,11.757142,PM2.5,26391
8.410000,10.160000,0.590000,1.700000,0.150000,100.000000,0.780000,-0.930000,276.799988,50.730000,63542.789062,39.3,97.75,12.014285,PM2.5,26392
8.590000,11.070000,0.660000,2.400000,0.160000,102.690002,-0.800000,-0.440000,277.829987,52.580002,65294.679688,39.31,97.92,12.271429,PM2.5,26393
8.410000,12.060000,0.700000,3.180000,0.170000,108.089996,-0.150000,0.960000,274.720001,57.419998,61787.519531,39.32,98.1,12.060000,PM10,26394
8.780000,14.140000,0.890000,3.710000,0.190000,109.910004,0.650000,0.930000,273.570007,63.520000,60672.941406,39.33,98.27,14.140000,PM10,26395
9.410000,15.180000,1.060000,4.180000,0.200000,111.320000,-0.130000,0.040000,276.970001,59.529999,65161.250000,39.34,98.44,15.180000,PM10,26396
10.270000,15.930000,1.250000,4.950000,0.200000,110.120003,-0.970000,0.330000,281.010010,50.630001,70569.257812,39.35,98.62,15.930000,PM10,26397
11.610000,16.900000,1.500000,6.850000,0.200000,105.260002,-1.540000,0.630000,284.899994,43.180000,75986.773438,39.35,98.79,16.900000,PM10,26398
13.200000,18.260000,1.740000,8.340000,0.200000,98.330002,-1.990000,1.140000,287.940002,38.700001,80498.578125,39.36,98.97,18.857143,PM2.5,26399
14.890000,19.360001,1.970000,9.230000,0.200000,89.940002,-2.490000,0.920000,289.910004,36.939999,83509.226562,39.37,99.14,21.271429,PM2.5,26400
16.320000,20.500000,2.350000,9.070000,0.190000,83.070000,-3.170000,0.230000,290.809998,37.500000,84945.953125,39.38,99.32,23.314285,PM2.5,26401
17.400000,21.530001,2.650000,7.910000,0.180000,79.480003,-3.750000,0.090000,291.010010,39.009998,85307.976562,39.38,99.49,24.857141,PM2.5,26402
18.510000,22.530001,2.990000,7.260000,0.170000,76.580002,-4.210000,0.540000,291.500000,39.840000,86043.132812,39.39,99.67,26.442858,PM2.5,26403
19.920000,23.870001,3.460000,7.030000,0.160000,73.220001,-4.620000,0.570000,291.450012,42.299999,86373.703125,39.4,99.84,28.457144,PM2.5,26404
21.230000,24.700001,3.590000,6.340000,0.160000,70.309998,-4.600000,0.130000,290.809998,44.939999,85875.500000,39.4,100.02,30.328571,PM2.5,26405
21.879999,24.290001,3.380000,5.090000,0.140000,71.430000,-4.290000,-0.190000,290.170013,46.299999,85265.406250,39.41,100.19,31.257141,PM2.5,26406
21.889999,23.459999,2.890000,3.910000,0.130000,72.129997,-4.250000,0.300000,289.670013,46.369999,84535.296875,39.42,100.36,31.271427,PM2.5,26407
11.890000,12.000000,0.320000,0.240000,0.120000,90.660004,-1.060000,-5.190000,280.179993,34.419998,66365.789062,39.12,93.21,16.985714,PM2.5,26609
10.770000,10.880000,0.320000,0.260000,0.110000,92.029999,-0.250000,-3.120000,278.820007,36.279999,64687.359375,39.14,93.39,15.385715,PM2.5,26610
10.380000,10.480000,0.300000,0.250000,0.120000,92.279999,0.780000,-1.530000,276.160004,40.570000,62087.371094,39.15,93.56,14.828571,PM2.5,26611
10.250000,10.360000,0.320000,0.270000,0.120000,90.660004,0.470000,-1.330000,274.529999,45.470001,60824.550781,39.17,93.73,14.642858,PM2.5,26612
10.830000,10.950000,0.370000,0.340000,0.120000,88.760002,-0.770000,-3.450000,276.609985,42.950001,63251.480469,39.18,93.91,15.471429,PM2.5,26613
11.490000,11.630000,0.450000,0.580000,0.120000,89.690002,-1.350000,-5.350000,280.290009,36.700001,67436.257812,39.2,94.08,16.414286,PM2.5,26614
11.540000,11.680000,0.500000,0.630000,0.120000,91.779999,-2.190000,-5.770000,281.589996,34.430000,68676.398438,39.21,94.25,16.485714,PM2.5,26615
11.400000,11.540000,0.510000,0.590000,0.120000,91.800003,-2.450000,-4.410000,279.820007,36.509998,66489.492188,39.22,94.43,16.285713,PM2.5,26616
11.390000,11.540000,0.510000,0.420000,0.120000,91.949997,-1.730000,-3.060000,277.290009,41.470001,63935.550781,39.24,94.6,16.271429,PM2.5,26617
11.270000,11.420000,0.540000,0.400000,0.120000,91.949997,-1.310000,-2.680000,276.609985,43.849998,63555.449219,39.25,94.77,16.100000,PM2.5,26618
10.890000,11.040000,0.510000,0.360000,0.120000,92.199997,-0.580000,-2.270000,276.670013,43.689999,63756.078125,39.26,94.95,15.557143,PM2.5,26619
10.400000,10.540000,0.450000,0.260000,0.110000,93.029999,0.870000,-1.730000,276.190002,44.430000,63115.730469,39.27,95.12,14.857142,PM2.5,26620
9.870000,10.010000,0.410000,0.220000,0.110000,91.989998,1.480000,-0.970000,278.190002,40.470001,64842.441406,39.29,95.3,14.099999,PM2.5,26621
9.630000,9.770000,0.420000,0.220000,0.110000,91.610001,0.510000,-0.310000,279.769989,38.520000,66581.960938,39.3,95.47,13.757143,PM2.5,26622
9.670000,9.820000,0.440000,0.230000,0.110000,92.309998,-0.690000,-0.610000,278.700012,42.560001,65831.570312,39.31,95.64,13.814286,PM2.5,26623
9.660000,9.820000,0.460000,0.230000,0.110000,93.239998,-0.910000,-0.520000,277.500000,44.770000,64471.750000,39.32,95.82,13.800000,PM2.5,26624
9.470000,9.630000,0.460000,0.230000,0.110000,93.099998,-0.090000,-0.190000,275.980011,47.250000,62739.039062,39.33,95.99,13.528572,PM2.5,26625
9.380000,9.540000,0.460000,0.220000,0.110000,93.769997,0.270000,-0.460000,275.410004,49.880001,62233.460938,39.35,96.17,13.400001,PM2.5,26626
9.170000,9.410000,0.440000,0.230000,0.110000,95.379997,-0.220000,-0.630000,275.100006,51.049999,61902.898438,39.36,96.34,13.100000,PM2.5,26627
9.280000,9.650000,0.480000,0.270000,0.120000,95.540001,0.620000,-0.240000,273.149994,54.000000,59948.058594,39.37,96.51,13.257142,PM2.5,26628
9.420000,9.950000,0.540000,0.320000,0.120000,94.169998,1.720000,-0.300000,273.359985,53.549999,60007.539062,39.38,96.69,13.457143,PM2.5,26629
9.480000,10.300000,0.610000,0.410000,0.120000,92.730003,1.760000,-0.960000,277.489990,45.540001,63969.000000,39.39,96.86,13.542856,PM2.5,26630
8.760000,9.620000,0.520000,0.480000,0.120000,94.540001,1.200000,0.040000,280.149994,42.029999,66908.796875,39.4,97.04,12.514286,PM2.5,26631
8.230000,9.180000,0.500000,0.640000,0.120000,97.580002,0.120000,0.810000,278.500000,44.869999,65204.640625,39.41,97.21,11.757142,PM2.5,26632
8.360000,9.540000,0.540000,0.910000,0.130000,99.639999,0.260000,0.700000,275.029999,50.259998,61715.441406,39.42,97.39,11.942857,PM2.5,26633
8.730000,10.470000,0.640000,1.700000,0.140000,102.150002,1.130000,-0.110000,274.570007,51.840000,61262.210938,39.43,97.56,12.471428,PM2.5,26634
8.820000,11.450000,0.730000,2.330000,0.160000,102.620003,0.550000,-0.110000,275.970001,51.939999,62836.988281,39.44,97.74,12.599999,PM2.5,26635
9.010000,13.140000,0.850000,3.060000,0.180000,105.370003,-0.410000,0.880000,275.470001,57.910000,63110.109375,39.45,97.91,13.140000,PM10,26636
8.910000,15.200000,1.090000,4.140000,0.200000,110.959999,-0.860000,1.500000,276.820007,55.310001,64583.308594,39.46,98.08,15.200000,PM10,26637
9.210000,17.940001,1.530000,5.980000,0.240000,111.760002,-1.640000,0.960000,280.279999,48.840000,69096.726562,39.46,98.26,17.940001,PM10,26638
10.200000,20.670000,2.090000,8.730000,0.280000,107.949997,-2.250000,0.670000,284.529999,41.540001,75197.976562,39.47,98.43,20.670000,PM10,26639
12.120000,24.700001,3.180000,14.540000,0.340000,99.389999,-2.540000,0.800000,288.119995,36.590000,80470.562500,39.48,98.61,24.700001,PM10,26640
13.940000,21.410000,2.130000,9.780000,0.250000,94.760002,-2.920000,1.340000,290.149994,35.090000,83637.117188,39.49,98.78,21.410000,PM10,26641
15.520000,21.959999,2.250000,9.310000,0.230000,88.519997,-3.620000,1.580000,290.989990,36.080002,85191.046875,39.5,98.96,22.171429,PM2.5,26642
17.010000,22.469999,2.470000,8.750000,0.210000,82.230003,-4.400000,1.220000,290.970001,39.020000,85556.046875,39.5,99.13,24.300001,PM2.5,26643
18.180000,22.850000,2.700000,8.130000,0.200000,77.809998,-4.770000,0.780000,290.839996,41.660000,85652.812500,39.51,99.31,25.971430,PM2.5,26644
19.209999,23.309999,2.890000,7.260000,0.180000,74.959999,-4.790000,0.750000,291.230011,42.209999,86255.898438,39.52,99.48,27.442856,PM2.5,26645
20.100000,23.559999,3.000000,6.220000,0.170000,73.320000,-5.230000,0.830000,291.579987,41.980000,86535.796875,39.53,99.66,28.714287,PM2.5,26646
21.250000,24.309999,3.170000,5.280000,0.150000,71.599998,-5.600000,0.570000,290.369995,44.200001,85222.906250,39.53,99.83,30.357143,PM2.5,26647
22.040001,24.530001,3.080000,4.380000,0.140000,71.400002,-4.970000,-0.020000,289.040009,47.630001,83901.476562,39.54,100.01,31.485716,PM2.5,26648
22.400000,24.129999,2.900000,3.580000,0.130000,71.879997,-4.030000,-0.320000,288.920013,49.259998,84126.843750,39.55,100.18,32.000000,PM2.5,26649
15.860000,15.970000,0.320000,0.250000,0.120000,87.970001,-2.250000,-2.090000,286.739990,25.420000,74395.140625,39.2,92.5,22.657143,PM2.5,26848
16.379999,16.490000,0.320000,0.260000,0.120000,88.089996,-3.000000,-2.810000,284.450012,28.360001,71755.398438,39.21,92.67,23.400000,PM2.5,26849
14.300000,14.400000,0.330000,0.260000,0.120000,87.599998,-3.050000,-3.350000,282.269989,31.670000,69494.250000,39.23,92.85,20.428572,PM2.5,26850
13.730000,13.850000,0.350000,0.260000,0.120000,89.849998,-2.410000,-3.680000,281.540009,33.150002,68945.742188,39.24,93.02,19.614285,PM2.5,26851
12.410000,12.520000,0.340000,0.270000,0.120000,89.980003,-1.870000,-3.820000,280.820007,34.189999,67819.593750,39.26,93.19,17.728571,PM2.5,26852
11.090000,11.210000,0.350000,0.270000,0.110000,91.059998,-1.260000,-2.960000,277.730011,39.910000,64352.960938,39.27,93.37,15.842857,PM2.5,26853
10.610000,10.730000,0.340000,0.270000,0.110000,90.870003,-0.120000,-1.420000,273.149994,50.630001,59935.820312,39.29,93.54,15.157143,PM2.5,26854
10.490000,10.610000,0.350000,0.320000,0.110000,89.449997,0.080000,-1.520000,272.619995,54.599998,59763.410156,39.3,93.72,14.985714,PM2.5,26855
11.250000,11.380000,0.400000,0.450000,0.120000,87.129997,-0.870000,-2.740000,277.119995,43.500000,64341.980469,39.32,93.89,16.071428,PM2.5,26856
12.050000,12.190000,0.490000,0.700000,0.120000,88.190002,-1.450000,-3.140000,280.299988,37.750000,67930.773438,39.33,94.06,17.214287,PM2.5,26857
12.110000,12.270000,0.550000,0.770000,0.120000,89.680000,-1.690000,-3.700000,280.880005,37.139999,68536.140625,39.34,94.24,17.299999,PM2.5,26858
12.100000,12.260000,0.600000,0.750000,0.120000,91.279999,-1.820000,-3.330000,280.040009,38.540001,67524.492188,39.36,94.41,17.285715,PM2.5,26859
12.140000,12.310000,0.600000,0.490000,0.120000,91.389999,-1.330000,-2.550000,278.130005,42.389999,65441.460938,39.37,94.58,17.342857,PM2.5,26860
12.200000,12.380000,0.680000,0.500000,0.120000,91.089996,-0.470000,-1.980000,278.529999,41.709999,65852.882812,39.38,94.76,17.428572,PM2.5,26861
11.770000,11.950000,0.650000,0.470000,0.120000,89.690002,0.490000,-1.190000,281.609985,35.220001,68972.171875,39.4,94.93,16.814287,PM2.5,26862
11.160000,11.320000,0.540000,0.320000,0.120000,91.580002,1.100000,-0.590000,281.769989,34.889999,69128.671875,39.41,95.11,15.942857,PM2.5,26863
10.530000,10.680000,0.480000,0.250000,0.110000,91.320000,0.520000,-0.300000,280.220001,38.669998,67535.726562,39.42,95.28,15.042857,PM2.5,26864
10.300000,10.460000,0.480000,0.250000,0.110000,89.980003,-0.690000,-0.110000,279.119995,42.279999,66526.390625,39.43,95.45,14.714286,PM2.5,26865
10.230000,10.390000,0.500000,0.270000,0.110000,90.669998,-0.920000,0.210000,277.910004,45.169998,65307.968750,39.45,95.63,14.614285,PM2.5,26866
10.200000,10.380000,0.520000,0.280000,0.110000,91.269997,-0.420000,0.470000,277.980011,44.259998,65162.621094,39.46,95.8,14.571428,PM2.5,26867
10.040000,10.220000,0.540000,0.290000,0.110000,91.419998,-0.040000,0.240000,278.440002,42.750000,65406.609375,39.47,95.98,14.342857,PM2.5,26868
9.860000,10.040000,0.540000,0.290000,0.110000,92.260002,0.250000,0.060000,277.010010,45.889999,63836.691406,39.48,96.15,14.085713,PM2.5,26869
9.670000,9.970000,0.530000,0.310000,0.110000,93.099998,0.610000,0.090000,274.429993,50.770000,61040.921875,39.49,96.33,13.814286,PM2.5,26870
9.890000,10.390000,0.590000,0.380000,0.120000,93.440002,0.860000,0.020000,273.359985,53.990002,59983.671875,39.5,96.5,14.128572,PM2.5,26871
10.140000,10.860000,0.700000,0.470000,0.120000,91.360001,0.730000,-0.610000,275.720001,49.439999,62312.308594,39.51,96.68,14.485715,PM2.5,26872
10.140000,11.200000,0.750000,0.600000,0.120000,91.629997,0.740000,-1.200000,280.299988,40.360001,67068.679688,39.52,96.85,14.485715,PM2.5,26873
9.420000,10.610000,0.680000,0.730000,0.130000,92.260002,0.120000,0.240000,282.149994,38.080002,69311.859375,39.53,97.02,13.457143,PM2.5,26874
9.050000,10.400000,0.650000,0.970000,0.130000,96.870003,-0.610000,1.530000,278.850006,44.389999,65852.937500,39.54,97.2,12.928572,PM2.5,26875
9.040000,10.720000,0.700000,1.390000,0.140000,99.430000,-0.550000,1.340000,276.380005,49.389999,63328.101562,39.55,97.37,12.914286,PM2.5,26876
9.290000,11.810000,0.820000,2.560000,0.160000,101.790001,-0.430000,0.150000,278.440002,45.860001,65636.960938,39.56,97.55,13.271428,PM2.5,26877
9.420000,13.420000,0.980000,3.610000,0.180000,103.930000,-0.940000,0.440000,279.380005,45.580002,66792.296875,39.57,97.72,13.457143,PM2.5,26878
9.610000,16.020000,1.290000,4.870000,0.220000,105.889999,-1.990000,2.030000,279.690002,47.060001,67766.703125,39.58,97.9,16.020000,PM10,26879
9.590000,19.430000,1.750000,7.680000,0.270000,105.910004,-2.850000,1.800000,283.619995,40.480000,73331.023438,39.59,98.07,19.430000,PM10,26880
10.300000,25.969999,2.800000,15.150000,0.380000,101.629997,-3.510000,1.400000,287.359985,35.279999,78875.156250,39.6,98.25,25.969999,PM10,26881
11.790000,29.660000,3.680000,19.030001,0.420000,95.970001,-3.590000,1.680000,289.559998,33.770000,82374.898438,39.61,98.42,29.660000,PM10,26882
13.530000,32.549999,4.580000,20.980000,0.440000,89.489998,-3.490000,1.740000,291.019989,34.290001,84951.203125,39.62,98.6,32.549999,PM10,26883
16.080000,24.379999,2.400000,9.460000,0.260000,87.139999,-4.120000,1.920000,291.299988,36.779999,85687.906250,39.62,98.77,24.379999,PM10,26884
17.559999,24.230000,2.410000,7.930000,0.230000,82.879997,-4.760000,1.930000,291.019989,40.029999,85721.453125,39.63,98.95,25.085714,PM2.5,26885
18.809999,24.139999,2.460000,6.910000,0.200000,79.379997,-4.950000,1.740000,290.940002,42.439999,85835.796875,39.64,99.12,26.871428,PM2.5,26886
19.830000,24.360001,2.650000,6.700000,0.190000,75.800003,-4.930000,1.690000,290.970001,43.340000,86071.453125,39.65,99.3,28.328571,PM2.5,26887
20.780001,24.400000,2.670000,5.990000,0.170000,73.790001,-4.860000,1.390000,291.209991,42.810001,86261.976562,39.65,99.47,29.685715,PM2.5,26888
21.620001,24.459999,2.730000,5.020000,0.160000,72.330002,-5.140000,1.110000,291.079987,41.720001,85898.546875,39.66,99.65,30.885715,PM2.5,26889
22.580000,24.920000,2.780000,3.950000,0.140000,71.449997,-5.270000,1.170000,289.880005,43.599998,84573.203125,39.67,99.82,32.257141,PM2.5,26890
23.350000,25.299999,2.720000,3.280000,0.140000,71.489998,-4.660000,1.000000,288.649994,47.369999,83548.617188,39.67,100.0,33.357143,PM2.5,26891
23.969999,25.340000,2.580000,2.750000,0.130000,71.940002,-3.700000,0.700000,288.750000,50.009998,84229.570312,39.68,100.17,34.242855,PM2.5,26892
17.170000,17.290001,0.360000,0.270000,0.120000,86.330002,-2.650000,-1.070000,290.489990,22.010000,78772.070312,39.33,92.48,24.528572,PM2.5,27093
21.020000,21.150000,0.370000,0.280000,0.120000,87.010002,-3.770000,-1.120000,288.880005,23.809999,76885.976562,39.35,92.65,30.028572,PM2.5,27094
17.160000,17.290001,0.380000,0.290000,0.120000,87.739998,-3.640000,-1.300000,287.619995,25.350000,75601.312500,39.36,92.83,24.514286,PM2.5,27095
16.270000,16.410000,0.390000,0.320000,0.120000,88.730003,-3.130000,-1.670000,287.040009,26.090000,75030.273438,39.38,93.0,23.242857,PM2.5,27096
14.210000,14.340000,0.400000,0.330000,0.120000,89.269997,-2.860000,-2.080000,286.040009,27.160000,73825.046875,39.39,93.18,20.299999,PM2.5,27097
11.990000,12.130000,0.400000,0.310000,0.110000,89.760002,-2.620000,-1.870000,283.269989,30.959999,70521.937500,39.41,93.35,17.128571,PM2.5,27098
11.930000,12.060000,0.410000,0.320000,0.110000,89.779999,-2.510000,-1.030000,280.100006,36.650002,67142.789062,39.42,93.52,17.042858,PM2.5,27099
12.240000,12.390000,0.450000,0.440000,0.120000,88.529999,-2.600000,-0.670000,280.910004,36.130001,68360.453125,39.44,93.7,17.485714,PM2.5,27100
12.840000,13.010000,0.530000,0.650000,0.120000,87.989998,-2.300000,-0.610000,284.679993,30.629999,72752.468750,39.45,93.87,18.342857,PM2.5,27101
13.270000,13.450000,0.640000,0.830000,0.120000,89.040001,-1.790000,-0.670000,287.119995,27.750000,75474.593750,39.46,94.04,18.957144,PM2.5,27102
13.450000,13.650000,0.800000,0.980000,0.120000,89.330002,-1.480000,-1.140000,287.660004,27.320000,75989.703125,39.48,94.22,19.214285,PM2.5,27103
13.480000,13.700000,0.910000,1.040000,0.120000,88.580002,-1.480000,-1.470000,287.279999,27.820000,75352.023438,39.49,94.39,19.257143,PM2.5,27104
13.540000,13.750000,0.860000,0.780000,0.120000,89.860001,-1.240000,-1.240000,286.239990,29.309999,74288.117188,39.51,94.57,19.342857,PM2.5,27105
13.560000,13.830000,1.310000,1.130000,0.120000,89.739998,-0.170000,-1.060000,286.769989,28.520000,74882.093750,39.52,94.74,19.371429,PM2.5,27106
12.650000,12.910000,1.210000,1.020000,0.120000,88.669998,0.500000,-0.790000,287.480011,27.389999,75598.960938,39.53,94.92,18.071428,PM2.5,27107
11.700000,11.880000,0.610000,0.430000,0.120000,88.720001,-0.080000,-0.540000,283.910004,32.439999,71378.000000,39.54,95.09,16.714285,PM2.5,27108
11.310000,11.490000,0.570000,0.380000,0.110000,89.309998,-0.840000,-0.370000,278.880005,41.970001,65953.117188,39.56,95.26,16.157143,PM2.5,27109
11.030000,11.210000,0.560000,0.380000,0.110000,88.430000,-0.930000,-0.330000,277.070007,46.810001,64240.410156,39.57,95.44,15.757142,PM2.5,27110
10.940000,11.130000,0.580000,0.390000,0.110000,88.379997,-0.640000,0.370000,277.769989,45.869999,65106.351562,39.58,95.61,15.628571,PM2.5,27111
10.910000,11.110000,0.610000,0.410000,0.110000,87.820000,-0.310000,0.490000,280.600006,39.580002,67972.359375,39.59,95.79,15.585714,PM2.5,27112
10.760000,10.960000,0.640000,0.430000,0.110000,88.010002,0.080000,0.220000,282.880005,35.040001,70294.046875,39.6,95.96,15.371428,PM2.5,27113
10.640000,10.850000,0.660000,0.420000,0.110000,88.639999,0.440000,0.190000,281.299988,37.299999,68234.476562,39.62,96.14,15.200001,PM2.5,27114
10.480000,10.870000,0.680000,0.460000,0.120000,90.830002,0.010000,0.220000,278.739990,42.180000,65414.289062,39.63,96.31,14.971428,PM2.5,27115
10.650000,11.290000,0.760000,0.560000,0.120000,89.839996,-0.640000,-0.180000,279.730011,40.939999,66691.820312,39.64,96.49,15.214285,PM2.5,27116
10.970000,11.920000,0.910000,0.720000,0.120000,88.889999,-0.460000,-0.910000,281.649994,37.900002,68949.992188,39.65,96.66,15.671429,PM2.5,27117
10.940000,12.380000,1.020000,0.920000,0.130000,89.360001,-0.340000,-1.000000,282.679993,36.590000,70025.507812,39.66,96.84,15.628571,PM2.5,27118
10.400000,12.100000,0.990000,1.140000,0.130000,90.040001,-1.270000,0.550000,282.850006,37.369999,70445.750000,39.67,97.01,14.857142,PM2.5,27119
10.170000,12.240000,1.070000,1.530000,0.140000,94.169998,-2.020000,1.590000,280.579987,41.799999,68017.281250,39.68,97.19,14.528571,PM2.5,27120
10.290000,12.820000,1.130000,2.150000,0.150000,98.830002,-2.220000,1.290000,279.399994,45.060001,66994.187500,39.69,97.36,14.700000,PM2.5,27121
10.480000,14.100000,1.200000,3.570000,0.180000,100.349998,-2.500000,0.500000,282.250000,39.720001,70695.593750,39.7,97.54,14.971428,PM2.5,27122
10.590000,16.370001,1.520000,5.460000,0.220000,101.779999,-3.290000,0.950000,285.079987,35.509998,74393.531250,39.71,97.71,16.370001,PM10,27123
10.720000,19.740000,2.020000,8.580000,0.270000,102.309998,-4.530000,2.580000,286.739990,34.049999,77063.851562,39.72,97.89,19.740000,PM10,27124
11.170000,24.930000,2.840000,13.870000,0.350000,98.209999,-4.970000,2.670000,288.230011,33.540001,80042.757812,39.73,98.06,24.930000,PM10,27125
11.890000,32.509998,4.120000,21.400000,0.460000,92.389999,-4.650000,2.280000,289.440002,34.250000,82341.476562,39.73,98.24,32.509998,PM10,27126
13.330000,36.250000,5.010000,24.270000,0.490000,87.519997,-4.280000,2.340000,290.459991,35.619999,84119.906250,39.74,98.41,36.250000,PM10,27127
15.540000,34.169998,4.550000,20.090000,0.430000,83.459999,-4.270000,2.000000,290.989990,38.080002,85290.343750,39.75,98.59,34.169998,PM10,27128
17.719999,26.049999,2.550000,9.140000,0.260000,81.949997,-4.710000,1.880000,291.170013,40.369999,85825.671875,39.76,98.76,26.049999,PM10,27129
18.770000,25.250000,2.480000,7.200000,0.220000,78.980003,-4.990000,1.990000,291.119995,42.200001,86068.023438,39.77,98.94,26.814287,PM2.5,27130
19.670000,24.620001,2.460000,5.940000,0.190000,76.449997,-4.910000,1.860000,291.109985,42.990002,86126.140625,39.77,99.11,28.100000,PM2.5,27131
20.430000,24.340000,2.500000,5.640000,0.180000,74.339996,-4.760000,1.830000,291.329987,42.279999,86361.382812,39.78,99.29,29.185715,PM2.5,27132
21.100000,24.040001,2.440000,4.870000,0.160000,73.129997,-4.930000,1.480000,291.130005,41.730000,85918.898438,39.79,99.46,30.142859,PM2.5,27133
21.719999,24.090000,2.520000,4.030000,0.150000,71.800003,-4.990000,1.280000,290.029999,43.610001,84892.343750,39.8,99.64,31.028570,PM2.5,27134
22.110001,23.940001,2.450000,3.020000,0.140000,72.230003,-4.680000,1.230000,289.829987,44.509998,84794.109375,39.8,99.81,31.585714,PM2.5,27135
17.230000,17.379999,0.420000,0.290000,0.120000,84.889999,-3.660000,-0.750000,291.700012,21.570000,80294.570312,39.48,92.63,24.614285,PM2.5,27350
21.740000,21.889999,0.430000,0.320000,0.120000,85.570000,-4.080000,-0.870000,290.790009,22.730000,79352.960938,39.5,92.81,31.057142,PM2.5,27351
21.580000,21.730000,0.450000,0.360000,0.120000,86.440002,-3.960000,-1.060000,290.290009,23.270000,78835.906250,39.51,92.98,30.828571,PM2.5,27352
19.049999,19.200001,0.460000,0.400000,0.120000,86.910004,-3.990000,-0.950000,290.220001,23.150000,78763.781250,39.53,93.16,27.214285,PM2.5,27353
13.210000,13.360000,0.470000,0.430000,0.120000,87.099998,-4.020000,-0.700000,289.649994,23.660000,78083.921875,39.54,93.33,18.871429,PM2.5,27354
13.340000,13.500000,0.490000,0.470000,0.120000,87.110001,-3.770000,-0.290000,289.350006,24.240000,77782.359375,39.56,93.5,19.057142,PM2.5,27355
13.710000,13.870000,0.540000,0.570000,0.120000,86.989998,-3.280000,0.350000,290.329987,23.620001,78972.593750,39.57,93.68,19.585714,PM2.5,27356
14.140000,14.330000,0.630000,0.730000,0.120000,86.500000,-2.540000,0.670000,291.609985,22.799999,80556.312500,39.58,93.85,20.200001,PM2.5,27357
14.460000,14.670000,0.760000,0.920000,0.120000,86.919998,-1.800000,0.340000,292.709991,21.980000,81884.523438,39.6,94.03,20.657143,PM2.5,27358
14.550000,14.810000,1.030000,1.170000,0.120000,87.050003,-1.550000,-0.000000,293.230011,21.680000,82495.539062,39.61,94.2,20.785715,PM2.5,27359
14.720000,15.010000,1.240000,1.320000,0.120000,87.250000,-1.470000,-0.430000,292.899994,22.090000,82041.703125,39.63,94.38,21.028572,PM2.5,27360
14.510000,14.770000,1.080000,1.020000,0.120000,87.809998,-1.250000,-0.370000,292.450012,22.580000,81478.242188,39.64,94.55,20.728571,PM2.5,27361
14.390000,14.730000,1.620000,1.430000,0.120000,87.589996,-1.000000,-0.490000,292.029999,22.990000,81064.492188,39.65,94.72,20.557144,PM2.5,27362
13.410000,13.740000,1.580000,1.340000,0.120000,87.330002,-1.240000,-0.780000,290.109985,25.059999,78739.890625,39.67,94.9,19.157143,PM2.5,27363
12.430000,12.640000,0.740000,0.570000,0.120000,87.839996,-1.580000,-1.130000,286.220001,29.820000,74025.203125,39.68,95.07,17.757143,PM2.5,27364
12.070000,12.280000,0.650000,0.470000,0.120000,87.120003,-1.500000,-0.900000,282.890015,34.889999,70254.007812,39.69,95.25,17.242857,PM2.5,27365
12.070000,12.290000,0.700000,0.480000,0.120000,88.400002,-1.260000,-0.640000,281.220001,38.220001,68564.406250,39.7,95.42,17.242857,PM2.5,27366
12.010000,12.240000,0.740000,0.510000,0.120000,88.120003,-0.820000,-0.270000,281.190002,38.599998,68608.156250,39.72,95.6,17.157143,PM2.5,27367
11.850000,12.080000,0.770000,0.540000,0.120000,86.290001,-0.370000,-0.150000,284.109985,33.360001,71724.007812,39.73,95.77,16.928572,PM2.5,27368
11.680000,11.930000,0.860000,0.580000,0.120000,87.419998,-0.210000,0.210000,287.059998,29.020000,75119.570312,39.74,95.95,16.685715,PM2.5,27369
11.650000,11.920000,0.930000,0.600000,0.120000,87.230003,-0.510000,0.470000,286.230011,30.120001,74052.226562,39.75,96.12,16.642857,PM2.5,27370
11.480000,11.990000,0.970000,0.680000,0.120000,88.220001,-1.540000,0.550000,284.010010,33.660000,71521.507812,39.76,96.3,16.400000,PM2.5,27371
11.600000,12.480000,1.140000,0.870000,0.120000,89.839996,-2.150000,0.250000,283.899994,34.630001,71926.437500,39.77,96.47,16.571428,PM2.5,27372
11.920000,13.220000,1.370000,1.150000,0.130000,89.190002,-1.690000,-0.740000,285.630005,32.540001,74182.703125,39.78,96.65,17.028572,PM2.5,27373
11.920000,14.030000,1.650000,1.600000,0.140000,89.160004,-2.030000,-0.530000,286.269989,31.900000,74811.148438,39.79,96.82,17.028572,PM2.5,27374
11.580000,14.440000,1.940000,2.340000,0.150000,88.800003,-3.390000,0.870000,284.750000,34.889999,73150.078125,39.8,97.0,16.542856,PM2.5,27375
11.480000,15.570000,2.680000,4.140000,0.180000,93.089996,-4.020000,1.280000,284.100006,36.220001,72712.843750,39.81,97.17,16.400000,PM2.5,27376
11.560000,17.740000,3.920000,8.000000,0.230000,99.040001,-4.060000,1.370000,285.429993,34.130001,74563.789062,39.82,97.35,17.740000,PM10,27377
11.960000,22.610001,6.220000,18.410000,0.330000,97.559998,-4.280000,1.690000,287.220001,31.750000,77224.937500,39.83,97.52,23.012501,NO2,27378
11.630000,25.910000,5.740000,20.190001,0.380000,96.760002,-4.980000,2.330000,289.019989,30.100000,79951.320312,39.84,97.7,25.910000,PM10,27379
11.290000,30.770000,6.040000,22.670000,0.430000,95.320000,-6.170000,3.650000,289.440002,30.910000,81077.390625,39.85,97.87,30.770000,PM10,27380
10.590000,44.750000,9.950000,38.209999,0.630000,89.080002,-6.050000,3.780000,288.739990,34.259998,81121.828125,39.86,98.05,47.762497,NO2,27381
10.510000,69.320000,17.700001,67.430000,1.000000,79.800003,-4.920000,3.230000,289.589996,36.240002,82818.609375,39.87,98.23,84.287498,NO2,27382
12.640000,62.110001,14.460000,55.529999,0.870000,76.110001,-4.540000,2.840000,290.950012,36.799999,84884.101562,39.88,98.4,69.412498,NO2,27383
17.600000,31.709999,3.840000,15.640000,0.360000,80.129997,-4.860000,2.630000,291.309998,38.680000,85679.851562,39.89,98.58,31.709999,PM10,27384
19.040001,26.709999,2.620000,8.820000,0.250000,78.070000,-5.060000,2.490000,291.200012,41.090000,86035.968750,39.89,98.75,27.200001,PM2.5,27385
19.950001,25.750000,2.460000,6.880000,0.210000,76.160004,-5.020000,2.250000,291.320007,41.439999,86254.703125,39.9,98.93,28.500002,PM2.5,27386
20.650000,24.790001,2.330000,5.090000,0.180000,74.459999,-4.870000,2.000000,291.470001,41.220001,86505.578125,39.91,99.1,29.500000,PM2.5,27387
21.219999,24.379999,2.330000,4.700000,0.170000,72.970001,-4.750000,1.830000,291.670013,40.320000,86679.843750,39.92,99.28,30.314285,PM2.5,27388
21.680000,24.030001,2.290000,3.940000,0.150000,72.010002,-4.810000,1.630000,291.399994,40.189999,86288.296875,39.92,99.45,30.971430,PM2.5,27389
14.710000,14.870000,0.490000,0.310000,0.120000,83.410004,-3.960000,-1.270000,291.709991,22.129999,80603.609375,39.63,92.79,21.014286,PM2.5,27604
15.570000,15.730000,0.500000,0.360000,0.120000,84.290001,-3.660000,-1.170000,291.950012,22.030001,80923.617188,39.65,92.96,22.242857,PM2.5,27605
17.360001,17.530001,0.510000,0.440000,0.120000,84.769997,-3.720000,-0.850000,292.380005,21.610001,81388.210938,39.66,93.14,24.800001,PM2.5,27606
14.080000,14.250000,0.530000,0.500000,0.120000,85.029999,-3.960000,-0.290000,292.720001,21.200001,81719.242188,39.68,93.31,20.114286,PM2.5,27607
14.350000,14.530000,0.560000,0.540000,0.120000,85.080002,-3.920000,0.180000,293.170013,20.969999,82284.546875,39.69,93.49,20.500000,PM2.5,27608
15.090000,15.270000,0.610000,0.620000,0.120000,84.730003,-3.590000,0.300000,293.290009,21.260000,82512.609375,39.7,93.66,21.557142,PM2.5,27609
15.440000,15.640000,0.690000,0.760000,0.120000,84.320000,-2.870000,0.030000,293.519989,21.330000,82872.351562,39.72,93.83,22.057142,PM2.5,27610
15.490000,15.720000,0.810000,0.920000,0.120000,84.349998,-2.040000,-0.310000,294.209991,20.920000,83744.343750,39.73,94.01,22.128571,PM2.5,27611
15.200000,15.480000,1.050000,1.150000,0.120000,84.470001,-1.830000,-0.410000,294.640015,20.620001,84293.367188,39.75,94.18,21.714285,PM2.5,27612
15.350000,15.660000,1.290000,1.340000,0.120000,84.610001,-1.930000,-0.710000,294.369995,21.040001,84045.156250,39.76,94.36,21.928572,PM2.5,27613
14.970000,15.260000,1.160000,1.060000,0.120000,85.379997,-2.140000,-0.800000,293.609985,21.910000,83163.476562,39.77,94.53,21.385715,PM2.5,27614
14.490000,14.820000,1.500000,1.260000,0.120000,85.709999,-2.630000,-0.820000,292.679993,22.830000,82083.843750,39.79,94.71,20.699999,PM2.5,27615
13.700000,14.020000,1.410000,1.160000,0.120000,85.949997,-2.960000,-0.700000,291.700012,23.730000,80757.382812,39.8,94.88,19.571428,PM2.5,27616
13.030000,13.270000,0.840000,0.610000,0.120000,87.169998,-2.980000,-0.930000,290.440002,24.900000,79199.406250,39.81,95.06,18.614285,PM2.5,27617
12.840000,13.080000,0.800000,0.550000,0.120000,87.410004,-2.580000,-0.920000,289.220001,26.340000,77822.000000,39.83,95.23,18.342857,PM2.5,27618
12.760000,13.010000,0.850000,0.570000,0.120000,87.559998,-2.010000,-0.820000,288.410004,27.330000,76838.031250,39.84,95.41,18.228571,PM2.5,27619
12.720000,12.980000,0.910000,0.570000,0.120000,87.480003,-1.650000,-0.710000,287.799988,28.180000,76038.593750,39.85,95.58,18.171429,PM2.5,27620
12.650000,12.930000,0.980000,0.620000,0.120000,86.940002,-1.280000,-0.650000,288.149994,27.840000,76426.609375,39.86,95.76,18.071428,PM2.5,27621
12.560000,12.860000,1.100000,0.690000,0.120000,86.139999,-1.180000,-0.130000,289.230011,26.730000,77774.312500,39.87,95.93,17.942858,PM2.5,27622
12.570000,12.900000,1.210000,0.760000,0.120000,85.510002,-1.780000,0.740000,288.799988,27.420000,77245.437500,39.88,96.11,17.957142,PM2.5,27623
12.600000,13.270000,1.330000,0.920000,0.120000,87.000000,-2.850000,1.370000,287.000000,29.980000,75145.789062,39.9,96.28,18.000000,PM2.5,27624
12.850000,14.030000,1.580000,1.200000,0.130000,86.690002,-3.720000,1.430000,285.339996,33.250000,73728.921875,39.91,96.46,18.357143,PM2.5,27625
13.330000,15.110000,2.020000,1.680000,0.130000,87.300003,-3.680000,0.330000,286.529999,32.410000,75798.796875,39.92,96.63,19.042856,PM2.5,27626
13.270000,16.030001,2.390000,2.420000,0.150000,86.459999,-4.380000,0.170000,288.410004,30.080000,78176.992188,39.93,96.81,18.957144,PM2.5,27627
13.190000,17.059999,3.000000,3.810000,0.170000,87.860001,-5.570000,1.280000,287.579987,31.260000,77349.429688,39.94,96.98,18.842857,PM2.5,27628
13.340000,18.780001,4.070000,7.180000,0.210000,90.459999,-5.110000,1.260000,288.510010,30.230000,78840.851562,39.95,97.16,19.057142,PM2.5,27629
14.190000,22.809999,6.070000,15.790000,0.290000,91.580002,-4.640000,1.280000,290.630005,27.559999,81591.070312,39.96,97.34,22.809999,PM10,27630
14.490000,27.320000,7.690000,24.570000,0.380000,89.809998,-5.120000,2.100000,291.019989,27.100000,82167.171875,39.97,97.51,30.712500,NO2,27631
13.330000,30.500000,7.740000,26.530001,0.430000,91.050003,-5.880000,3.080000,291.100006,27.879999,82775.359375,39.98,97.69,33.162502,NO2,27632
13.150000,35.779999,8.220000,29.320000,0.490000,89.309998,-6.690000,4.280000,291.010010,29.030001,82993.101562,39.99,97.86,36.650002,NO2,27633
12.980000,46.950001,11.410000,41.779999,0.650000,83.480003,-6.530000,4.760000,290.350006,32.169998,82907.507812,39.99,98.04,52.224998,NO2,27634
13.230000,60.849998,15.770000,58.930000,0.860000,76.269997,-5.510000,4.220000,290.730011,35.650002,84261.328125,40.0,98.21,73.662498,NO2,27635
16.010000,50.910000,11.630000,44.029999,0.690000,73.330002,-5.010000,3.420000,291.510010,37.360001,85818.296875,40.01,98.39,55.037498,NO2,27636
18.530001,28.850000,3.290000,12.870000,0.300000,76.559998,-4.970000,2.990000,291.890015,38.570000,86491.351562,40.02,98.57,28.850000,PM10,27637
19.450001,24.930000,2.170000,7.820000,0.220000,74.669998,-4.840000,2.530000,292.059998,39.430000,86833.773438,40.03,98.74,27.785715,PM2.5,27638
20.059999,24.270000,2.080000,6.340000,0.190000,74.070000,-4.720000,1.930000,292.040009,40.040001,87005.101562,40.04,98.92,28.657143,PM2.5,27639
20.620001,23.680000,2.060000,4.710000,0.170000,74.290001,-4.610000,1.630000,292.010010,40.130001,87224.906250,40.04,99.09,29.457144,PM2.5,27640
21.160000,23.370001,2.020000,3.930000,0.150000,73.510002,-4.460000,1.270000,292.109985,39.709999,87332.703125,40.05,99.27,30.228571,PM2.5,27641
21.590000,23.299999,2.000000,3.190000,0.140000,72.959999,-4.400000,1.190000,292.059998,39.500000,87264.546875,40.06,99.45,30.842857,PM2.5,27642
21.930000,23.299999,2.000000,2.520000,0.130000,72.860001,-4.380000,1.410000,291.670013,40.560001,86919.796875,40.07,99.62,31.328571,PM2.5,27643
22.190001,23.320000,1.960000,2.160000,0.130000,72.989998,-4.250000,1.570000,290.890015,43.000000,86301.820312,40.07,99.8,31.700001,PM2.5,27644
14.890000,15.070000,0.560000,0.320000,0.120000,81.059998,-3.550000,-0.920000,294.130005,19.860001,83751.351562,39.76,92.77,21.271429,PM2.5,27861
14.830000,15.010000,0.570000,0.370000,0.120000,81.959999,-3.470000,-0.940000,294.130005,19.990000,83692.570312,39.78,92.94,21.185715,PM2.5,27862
14.700000,14.880000,0.580000,0.440000,0.120000,82.660004,-3.620000,-0.980000,294.130005,20.090000,83607.132812,39.79,93.12,21.000000,PM2.5,27863
14.620000,14.810000,0.590000,0.490000,0.120000,83.019997,-3.880000,-0.650000,294.350006,19.990000,83750.359375,39.81,93.29,20.885714,PM2.5,27864
14.720000,14.910000,0.620000,0.530000,0.120000,83.120003,-4.070000,-0.150000,294.619995,19.879999,84025.812500,39.82,93.47,21.028572,PM2.5,27865
14.930000,15.130000,0.670000,0.590000,0.120000,82.860001,-3.960000,0.040000,294.519989,20.209999,83986.992188,39.84,93.64,21.328571,PM2.5,27866
15.200000,15.430000,0.750000,0.690000,0.120000,82.360001,-3.270000,-0.270000,294.739990,20.290001,84429.789062,39.85,93.82,21.714285,PM2.5,27867
15.460000,15.710000,0.850000,0.820000,0.120000,82.199997,-2.470000,-0.780000,295.540009,19.770000,85564.523438,39.87,93.99,22.085714,PM2.5,27868
15.560000,15.840000,1.000000,1.030000,0.120000,81.000000,-2.480000,-1.060000,295.769989,19.760000,85957.453125,39.88,94.17,22.228573,PM2.5,27869
15.560000,15.870000,1.190000,1.230000,0.120000,82.349998,-2.950000,-1.280000,294.980011,20.770000,85196.882812,39.89,94.34,22.228573,PM2.5,27870
15.160000,15.470000,1.160000,1.010000,0.120000,83.190002,-3.270000,-1.220000,294.130005,21.740000,84020.773438,39.91,94.52,21.657143,PM2.5,27871
14.660000,14.970000,1.280000,0.990000,0.120000,83.790001,-3.480000,-0.680000,293.609985,22.309999,83339.890625,39.92,94.69,20.942858,PM2.5,27872
14.040000,14.340000,1.210000,0.880000,0.120000,84.440002,-3.520000,-0.450000,293.339996,22.540001,82936.773438,39.93,94.87,20.057142,PM2.5,27873
13.600000,13.880000,0.960000,0.610000,0.120000,85.599998,-3.660000,-0.450000,292.730011,23.080000,82170.343750,39.95,95.04,19.428572,PM2.5,27874
13.420000,13.700000,0.980000,0.610000,0.120000,86.070000,-3.470000,-0.360000,292.339996,23.480000,81795.976562,39.96,95.22,19.171429,PM2.5,27875
13.330000,13.630000,1.050000,0.640000,0.120000,86.199997,-2.980000,-0.420000,292.459991,23.360001,81996.656250,39.97,95.39,19.042856,PM2.5,27876
13.300000,13.630000,1.130000,0.650000,0.120000,86.110001,-2.830000,-0.340000,292.489990,23.330000,81992.796875,39.98,95.57,19.000000,PM2.5,27877
13.340000,13.680000,1.230000,0.720000,0.120000,85.500000,-2.920000,-0.300000,292.029999,23.990000,81432.242188,40.0,95.74,19.057142,PM2.5,27878
13.330000,13.710000,1.370000,0.800000,0.120000,84.709999,-3.010000,-0.120000,291.549988,24.760000,80925.242188,40.01,95.92,19.042856,PM2.5,27879
13.320000,13.720000,1.480000,0.890000,0.120000,84.110001,-3.350000,0.680000,291.440002,24.930000,80748.421875,40.02,96.09,19.028570,PM2.5,27880
13.350000,14.160000,1.670000,1.170000,0.120000,84.980003,-4.470000,1.670000,290.950012,25.540001,80090.796875,40.03,96.27,19.071428,PM2.5,27881
13.650000,15.030000,2.020000,1.580000,0.130000,85.139999,-5.690000,2.370000,289.470001,28.049999,78863.429688,40.04,96.44,19.500000,PM2.5,27882
14.060000,16.059999,2.520000,2.300000,0.140000,84.760002,-6.140000,1.810000,288.850006,30.200001,79081.031250,40.05,96.62,20.085714,PM2.5,27883
14.240000,17.440001,3.180000,3.720000,0.160000,83.709999,-6.500000,0.900000,289.390015,30.620001,80360.367188,40.06,96.8,20.342857,PM2.5,27884
14.490000,18.980000,4.030000,6.150000,0.190000,82.879997,-6.490000,1.170000,289.779999,30.709999,81170.882812,40.07,96.97,20.699999,PM2.5,27885
15.190000,21.760000,5.540000,12.100000,0.250000,82.050003,-5.920000,0.780000,290.640015,30.590000,82684.937500,40.08,97.15,21.760000,PM10,27886
15.490000,24.219999,6.570000,18.320000,0.300000,82.500000,-6.140000,0.590000,291.450012,29.629999,83765.859375,40.09,97.32,24.219999,PM10,27887
15.400000,25.980000,6.620000,21.100000,0.330000,84.150002,-6.470000,1.320000,291.529999,29.139999,83815.343750,40.1,97.5,26.375000,NO2,27888
15.470000,28.559999,6.690000,23.040001,0.380000,84.220001,-6.280000,2.110000,292.200012,28.660000,84740.023438,40.11,97.68,28.800001,NO2,27889
15.760000,32.619999,7.430000,27.000000,0.440000,81.860001,-6.330000,2.960000,293.160004,28.110001,85959.773438,40.12,97.85,33.750000,NO2,27890
16.299999,37.169998,8.540000,32.500000,0.510000,77.510002,-6.420000,3.740000,293.059998,30.530001,86368.906250,40.13,98.03,40.625000,NO2,27891
17.150000,40.529999,9.290000,36.549999,0.560000,74.559998,-6.090000,3.800000,292.279999,35.680000,86491.546875,40.14,98.2,45.687500,NO2,27892
18.219999,32.639999,5.810000,23.980000,0.400000,73.139999,-5.520000,2.880000,292.119995,38.580002,86847.046875,40.15,98.38,32.639999,PM10,27893
18.770000,24.590000,2.300000,9.150000,0.240000,75.139999,-5.020000,2.040000,292.339996,39.430000,87277.546875,40.16,98.56,26.814287,PM2.5,27894
19.469999,23.150000,1.770000,6.820000,0.190000,73.510002,-4.730000,1.500000,292.440002,39.799999,87466.476562,40.16,98.73,27.814285,PM2.5,27895
20.160000,23.080000,1.720000,5.710000,0.170000,73.339996,-4.520000,1.210000,292.230011,40.500000,87509.898438,40.17,98.91,28.799999,PM2.5,27896
20.660000,22.760000,1.700000,3.990000,0.150000,73.279999,-4.290000,1.020000,292.089996,41.240002,87655.632812,40.18,99.08,29.514286,PM2.5,27897
21.040001,22.639999,1.720000,3.170000,0.140000,74.220001,-4.090000,0.730000,292.070007,41.549999,87840.101562,40.19,99.26,30.057144,PM2.5,27898
21.330000,22.629999,1.750000,2.500000,0.130000,73.529999,-3.960000,0.700000,292.059998,41.779999,87962.257812,40.19,99.44,30.471428,PM2.5,27899
21.540001,22.639999,1.780000,2.030000,0.130000,73.089996,-3.950000,0.950000,291.899994,41.959999,87821.640625,40.2,99.61,30.771429,PM2.5,27900
21.750000,22.670000,1.770000,1.910000,0.120000,72.849998,-3.810000,1.230000,291.549988,43.270000,87593.382812,40.21,99.79,31.071428,PM2.5,27901
21.959999,22.690001,1.690000,2.050000,0.120000,72.669998,-3.640000,1.610000,291.329987,44.730000,87608.843750,40.21,99.97,31.371428,PM2.5,27902
15.660000,15.870000,0.680000,0.390000,0.120000,79.779999,-3.240000,-0.320000,296.769989,17.950001,87290.617188,39.91,92.92,22.371428,PM2.5,28122
15.480000,15.700000,0.680000,0.440000,0.120000,80.459999,-3.540000,-0.160000,296.820007,18.010000,87198.953125,39.93,93.1,22.114285,PM2.5,28123
15.400000,15.610000,0.700000,0.490000,0.120000,80.720001,-3.810000,-0.020000,296.980011,18.000000,87295.570312,39.94,93.27,22.000000,PM2.5,28124
15.490000,15.720000,0.740000,0.530000,0.120000,80.540001,-4.060000,0.180000,297.079987,18.080000,87409.289062,39.96,93.45,22.128571,PM2.5,28125
15.660000,15.910000,0.830000,0.610000,0.120000,79.989998,-4.160000,0.260000,296.910004,18.459999,87322.226562,39.97,93.62,22.371428,PM2.5,28126
15.860000,16.129999,0.940000,0.710000,0.120000,79.419998,-3.910000,-0.100000,296.670013,18.940001,87269.687500,39.99,93.8,22.657143,PM2.5,28127
16.000000,16.309999,1.080000,0.840000,0.120000,79.070000,-3.720000,-0.740000,296.619995,19.299999,87516.992188,40.0,93.97,22.857143,PM2.5,28128
15.980000,16.320000,1.240000,1.050000,0.120000,78.599998,-3.850000,-1.270000,296.260010,20.030001,87323.382812,40.02,94.15,22.828571,PM2.5,28129
15.820000,16.190001,1.420000,1.270000,0.120000,78.580002,-4.000000,-1.520000,295.809998,20.830000,86766.976562,40.03,94.32,22.600000,PM2.5,28130
15.620000,16.049999,1.640000,1.550000,0.120000,78.449997,-3.900000,-1.450000,295.540009,21.240000,86244.140625,40.04,94.5,22.314285,PM2.5,28131
15.200000,15.610000,1.570000,1.390000,0.120000,78.709999,-3.950000,-0.670000,295.450012,21.299999,85913.687500,40.06,94.67,21.714285,PM2.5,28132
14.630000,14.990000,1.320000,0.930000,0.120000,81.089996,-4.120000,-0.400000,295.000000,21.840000,85460.273438,40.07,94.85,20.900000,PM2.5,28133
14.360000,14.700000,1.240000,0.760000,0.120000,82.349998,-4.240000,-0.250000,294.380005,22.510000,84695.101562,40.08,95.02,20.514286,PM2.5,28134
14.230000,14.590000,1.290000,0.710000,0.120000,83.050003,-4.180000,-0.000000,294.190002,22.820000,84601.609375,40.09,95.2,20.328571,PM2.5,28135
14.190000,14.570000,1.400000,0.740000,0.120000,83.279999,-3.980000,-0.060000,294.309998,22.809999,84854.140625,40.11,95.38,20.271427,PM2.5,28136
14.140000,14.550000,1.480000,0.790000,0.120000,83.470001,-4.220000,0.060000,294.470001,22.660000,85083.453125,40.12,95.55,20.200001,PM2.5,28137
14.160000,14.600000,1.580000,0.860000,0.120000,83.150002,-4.800000,0.130000,294.089996,23.209999,84667.992188,40.13,95.73,20.228571,PM2.5,28138
14.220000,14.690000,1.730000,0.970000,0.120000,82.370003,-5.080000,0.100000,293.480011,24.100000,84081.062500,40.14,95.9,20.314285,PM2.5,28139
14.300000,14.800000,1.890000,1.120000,0.120000,81.489998,-5.350000,0.480000,293.709991,23.900000,84410.828125,40.15,96.08,20.428572,PM2.5,28140
14.410000,15.400000,2.220000,1.680000,0.130000,81.580002,-6.420000,1.340000,293.670013,24.010000,84402.617188,40.16,96.25,20.585714,PM2.5,28141
14.750000,16.350000,2.670000,2.330000,0.130000,80.980003,-7.790000,2.250000,292.619995,26.090000,83654.289062,40.18,96.43,21.071428,PM2.5,28142
15.270000,17.480000,3.230000,3.210000,0.140000,79.379997,-8.360000,2.190000,291.200012,29.690001,82880.156250,40.19,96.61,21.814287,PM2.5,28143
15.760000,19.139999,3.930000,4.780000,0.160000,77.220001,-8.100000,1.410000,290.470001,32.950001,82845.609375,40.2,96.78,22.514286,PM2.5,28144
16.230000,20.750000,4.610000,7.080000,0.190000,75.730003,-7.570000,0.900000,290.579987,34.669998,83499.421875,40.21,96.96,23.185713,PM2.5,28145
16.549999,22.299999,5.270000,10.710000,0.220000,75.269997,-7.240000,0.430000,290.920013,35.250000,84173.343750,40.22,97.13,23.642857,PM2.5,28146
16.650000,23.580000,5.690000,14.620000,0.250000,75.970001,-7.190000,0.360000,291.350006,34.830002,84788.382812,40.23,97.31,23.785713,PM2.5,28147
16.590000,24.260000,5.480000,16.580000,0.280000,77.379997,-7.050000,0.810000,291.850006,34.180000,85458.726562,40.24,97.49,24.260000,PM10,28148
16.740000,25.510000,5.420000,18.260000,0.300000,77.680000,-6.730000,1.140000,292.619995,33.400002,86471.796875,40.25,97.66,25.510000,PM10,28149
17.070000,27.450001,5.680000,20.910000,0.340000,76.599998,-6.450000,1.610000,293.390015,32.720001,87423.921875,40.26,97.84,27.450001,PM10,28150
17.480000,28.959999,5.760000,22.530001,0.360000,74.540001,-6.370000,2.380000,293.470001,34.099998,87772.328125,40.26,98.02,28.959999,PM10,28151
18.030001,29.240000,5.370000,21.670000,0.360000,74.430000,-6.280000,2.880000,292.739990,37.630001,87538.492188,40.27,98.19,29.240000,PM10,28152
18.590000,25.520000,3.310000,13.430000,0.270000,75.419998,-6.000000,2.470000,292.230011,39.590000,87145.421875,40.28,98.37,26.557142,PM2.5,28153
19.150000,22.760000,1.780000,6.510000,0.190000,76.480003,-5.630000,1.910000,292.019989,40.480000,87070.132812,40.29,98.54,27.357141,PM2.5,28154
19.840000,22.420000,1.560000,5.370000,0.170000,76.260002,-5.300000,1.490000,291.910004,40.810001,87042.562500,40.3,98.72,28.342857,PM2.5,28155
20.290001,22.389999,1.540000,4.640000,0.160000,76.089996,-4.870000,1.230000,291.690002,41.770000,86983.976562,40.31,98.9,28.985716,PM2.5,28156
20.480000,22.090000,1.520000,3.660000,0.140000,75.809998,-4.320000,0.910000,291.660004,42.709999,87157.210938,40.31,99.07,29.257143,PM2.5,28157
20.590000,21.910000,1.520000,3.060000,0.140000,75.459999,-3.880000,0.570000,291.700012,43.520000,87434.078125,40.32,99.25,29.414286,PM2.5,28158
20.700001,21.860001,1.550000,2.440000,0.130000,74.610001,-3.490000,0.530000,291.779999,44.180000,87775.046875,40.33,99.43,29.571430,PM2.5,28159
20.850000,21.889999,1.580000,1.940000,0.130000,73.110001,-3.370000,0.730000,291.880005,44.450001,88116.062500,40.33,99.6,29.785715,PM2.5,28160
21.080000,22.020000,1.710000,1.970000,0.120000,72.769997,-3.210000,1.160000,291.570007,45.990002,88283.156250,40.34,99.78,30.114286,PM2.5,28161
21.400000,22.100000,1.610000,2.050000,0.120000,72.269997,-3.100000,1.450000,291.510010,46.930000,88292.757812,40.35,99.96,30.571428,PM2.5,28162
21.740000,22.230000,1.450000,2.000000,0.120000,72.290001,-3.110000,1.680000,291.260010,47.340000,88000.320312,40.35,100.13,31.057142,PM2.5,28163
16.480000,16.730000,0.810000,0.390000,0.120000,77.410004,-2.940000,-0.880000,298.250000,17.200001,89859.187500,40.05,92.9,23.542856,PM2.5,28385
16.260000,16.520000,0.840000,0.450000,0.120000,77.769997,-3.510000,-0.220000,298.559998,17.040001,89950.750000,40.06,93.08,23.228571,PM2.5,28386
16.030001,16.299999,0.910000,0.500000,0.120000,77.489998,-4.260000,0.080000,298.529999,17.250000,89824.156250,40.08,93.25,22.900002,PM2.5,28387
16.020000,16.309999,1.000000,0.560000,0.120000,76.879997,-4.820000,-0.050000,298.290009,17.750000,89632.320312,40.09,93.43,22.885715,PM2.5,28388
16.049999,16.370001,1.110000,0.620000,0.120000,76.230003,-5.190000,-0.240000,298.000000,18.330000,89410.007812,40.11,93.6,22.928570,PM2.5,28389
16.040001,16.379999,1.220000,0.700000,0.120000,75.870003,-5.420000,-0.650000,297.579987,19.059999,89049.507812,40.12,93.78,22.914288,PM2.5,28390
16.010000,16.379999,1.330000,0.820000,0.120000,75.690002,-5.630000,-1.030000,297.059998,20.010000,88566.906250,40.14,93.95,22.871429,PM2.5,28391
15.920000,16.309999,1.450000,0.980000,0.120000,75.470001,-5.690000,-1.400000,296.500000,21.100000,88076.023438,40.15,94.13,22.742857,PM2.5,28392
15.810000,16.240000,1.600000,1.190000,0.120000,75.080002,-5.440000,-1.830000,296.320007,21.799999,87955.609375,40.16,94.31,22.585714,PM2.5,28393
15.730000,16.200001,1.780000,1.460000,0.120000,74.820000,-5.110000,-1.980000,296.519989,21.879999,88133.031250,40.18,94.48,22.471428,PM2.5,28394
15.490000,15.950000,1.750000,1.390000,0.120000,74.449997,-4.940000,-1.490000,296.779999,21.730000,88259.046875,40.19,94.66,22.128571,PM2.5,28395
15.170000,15.600000,1.560000,0.970000,0.120000,75.769997,-5.170000,-0.910000,296.700012,22.000000,88181.828125,40.2,94.83,21.671429,PM2.5,28396
15.140000,15.590000,1.680000,0.980000,0.120000,77.160004,-5.580000,-0.430000,296.369995,22.430000,87884.046875,40.22,95.01,21.628572,PM2.5,28397
15.140000,15.610000,1.770000,0.990000,0.120000,77.459999,-5.930000,-0.280000,295.980011,23.010000,87470.320312,40.23,95.18,21.628572,PM2.5,28398
15.200000,15.700000,1.880000,1.060000,0.120000,77.650002,-6.250000,-0.390000,295.540009,23.639999,87061.367188,40.24,95.36,21.714285,PM2.5,28399
15.280000,15.800000,1.960000,1.150000,0.120000,77.730003,-6.850000,-0.160000,295.359985,23.850000,86865.898438,40.25,95.54,21.828571,PM2.5,28400
15.420000,15.960000,2.070000,1.260000,0.120000,77.370003,-7.560000,0.040000,294.799988,24.700001,86327.273438,40.26,95.71,22.028572,PM2.5,28401
15.630000,16.200001,2.210000,1.410000,0.120000,76.500000,-7.720000,0.030000,294.230011,25.670000,85876.140625,40.28,95.89,22.328571,PM2.5,28402
15.830000,16.430000,2.320000,1.550000,0.120000,75.419998,-7.790000,0.220000,294.309998,25.820000,86086.093750,40.29,96.06,22.614286,PM2.5,28403
15.980000,17.000000,2.520000,2.000000,0.130000,76.250000,-8.390000,0.870000,294.010010,26.700001,85969.906250,40.3,96.24,22.828571,PM2.5,28404
16.290001,17.770000,2.820000,2.430000,0.140000,76.930000,-9.060000,1.630000,293.019989,29.000000,85291.148438,40.31,96.42,23.271429,PM2.5,28405
16.780001,18.629999,3.070000,2.890000,0.140000,75.889999,-9.060000,1.790000,291.920013,32.240002,84570.343750,40.32,96.59,23.971430,PM2.5,28406
17.389999,19.900000,3.310000,3.610000,0.150000,74.389999,-8.220000,1.390000,291.260010,35.330002,84340.656250,40.33,96.77,24.842855,PM2.5,28407
17.910000,20.940001,3.430000,4.420000,0.160000,73.129997,-7.320000,0.860000,291.380005,36.680000,84776.343750,40.34,96.94,25.585714,PM2.5,28408
17.580000,21.230000,3.620000,5.930000,0.180000,73.080002,-7.150000,0.540000,291.570007,37.619999,85364.390625,40.35,97.12,25.114286,PM2.5,28409
16.990000,21.100000,3.740000,7.710000,0.190000,73.949997,-7.200000,0.380000,291.820007,37.970001,85943.929688,40.36,97.3,24.271429,PM2.5,28410
17.150000,21.790001,3.820000,9.860000,0.210000,74.379997,-6.810000,0.640000,292.440002,37.060001,86678.703125,40.37,97.47,24.500000,PM2.5,28411
17.360001,22.590000,3.880000,11.830000,0.220000,74.290001,-6.480000,1.140000,292.950012,36.330002,87276.796875,40.38,97.65,24.800001,PM2.5,28412
17.690001,23.559999,4.030000,13.570000,0.240000,75.470001,-6.300000,1.770000,292.950012,36.880001,87505.406250,40.39,97.83,25.271429,PM2.5,28413
18.059999,24.139999,3.870000,14.010000,0.250000,75.559998,-6.070000,2.470000,292.820007,37.570000,87439.328125,40.4,98.0,25.799999,PM2.5,28414
18.500000,23.860001,3.240000,12.180000,0.240000,76.019997,-5.850000,2.830000,292.399994,38.759998,87073.398438,40.41,98.18,26.428572,PM2.5,28415
19.020000,22.580000,2.150000,7.800000,0.200000,76.790001,-5.700000,2.850000,291.799988,39.830002,86388.093750,40.42,98.36,27.171429,PM2.5,28416
19.590000,21.820000,1.480000,4.540000,0.160000,77.330002,-5.450000,2.640000,291.179993,40.889999,85726.070312,40.42,98.53,27.985714,PM2.5,28417
20.139999,21.830000,1.370000,3.670000,0.150000,77.349998,-4.980000,2.090000,290.730011,41.939999,85275.593750,40.43,98.71,28.771427,PM2.5,28418
20.500000,21.930000,1.350000,3.260000,0.140000,76.930000,-4.350000,1.600000,290.440002,43.209999,85103.070312,40.44,98.89,29.285715,PM2.5,28419
20.660000,21.879999,1.330000,2.980000,0.140000,75.559998,-3.830000,1.150000,290.540009,44.160000,85451.007812,40.45,99.06,29.514286,PM2.5,28420
20.809999,21.959999,1.430000,2.780000,0.130000,76.540001,-3.410000,0.910000,290.549988,45.689999,86022.742188,40.46,99.24,29.728571,PM2.5,28421
20.830000,21.889999,1.480000,2.270000,0.130000,75.720001,-3.110000,0.750000,290.829987,46.470001,86713.820312,40.46,99.42,29.757143,PM2.5,28422
20.790001,21.799999,1.550000,1.910000,0.120000,74.589996,-2.970000,0.710000,291.250000,46.830002,87677.046875,40.47,99.59,29.700001,PM2.5,28423
20.780001,21.660000,1.650000,1.920000,0.120000,73.260002,-2.800000,1.210000,291.459991,47.529999,88346.367188,40.48,99.77,29.685715,PM2.5,28424
20.930000,21.610001,1.590000,2.050000,0.120000,72.099998,-2.660000,1.420000,291.440002,48.360001,88474.437500,40.48,99.95,29.900000,PM2.5,28425
21.360001,21.830000,1.480000,2.090000,0.120000,72.000000,-2.580000,1.600000,291.480011,47.639999,88489.750000,40.49,100.13,30.514286,PM2.5,28426
16.350000,16.610001,0.890000,0.370000,0.120000,75.870003,-3.580000,-2.030000,298.559998,16.920000,90821.953125,40.18,92.88,23.357143,PM2.5,28647
16.320000,16.600000,0.960000,0.430000,0.120000,75.279999,-4.360000,-1.120000,298.850006,17.270000,90794.562500,40.2,93.06,23.314285,PM2.5,28648
15.890000,16.190001,1.020000,0.470000,0.120000,74.480003,-5.560000,-0.420000,298.679993,17.799999,90412.437500,40.21,93.23,22.700001,PM2.5,28649
15.630000,15.940000,1.120000,0.520000,0.120000,75.370003,-6.410000,-0.390000,298.190002,18.770000,90011.398438,40.23,93.41,22.328571,PM2.5,28650
15.590000,15.920000,1.180000,0.560000,0.120000,75.379997,-6.860000,-0.780000,297.940002,19.490000,89731.328125,40.24,93.58,22.271429,PM2.5,28651
15.630000,15.970000,1.240000,0.610000,0.120000,75.370003,-7.000000,-1.120000,297.660004,20.290001,89475.468750,40.26,93.76,22.328571,PM2.5,28652
15.660000,16.010000,1.310000,0.670000,0.120000,75.330002,-7.010000,-1.280000,297.329987,21.080000,89156.546875,40.27,93.94,22.371428,PM2.5,28653
15.660000,16.030001,1.380000,0.770000,0.120000,75.269997,-7.070000,-1.330000,297.000000,21.879999,88865.757812,40.28,94.11,22.371428,PM2.5,28654
15.640000,16.030001,1.460000,0.880000,0.120000,75.160004,-6.990000,-1.630000,296.779999,22.559999,88717.812500,40.3,94.29,22.342857,PM2.5,28655
15.590000,15.980000,1.540000,0.990000,0.120000,75.029999,-6.860000,-1.810000,296.820007,22.910000,88826.843750,40.31,94.46,22.271429,PM2.5,28656
15.480000,15.880000,1.570000,1.020000,0.120000,74.620003,-6.840000,-1.820000,297.029999,23.059999,89058.570312,40.32,94.64,22.114285,PM2.5,28657
15.380000,15.790000,1.580000,0.950000,0.120000,75.989998,-7.000000,-1.590000,297.130005,23.209999,89223.562500,40.34,94.82,21.971428,PM2.5,28658
15.390000,15.810000,1.650000,0.980000,0.120000,75.879997,-7.240000,-1.170000,297.149994,23.290001,89185.546875,40.35,94.99,21.985714,PM2.5,28659
15.450000,15.880000,1.720000,1.030000,0.120000,75.290001,-7.600000,-0.950000,296.779999,23.889999,88767.390625,40.36,95.17,22.071428,PM2.5,28660
15.600000,16.059999,1.850000,1.140000,0.120000,76.080002,-7.850000,-0.860000,296.209991,24.750000,88320.140625,40.37,95.34,22.285715,PM2.5,28661
15.720000,16.200001,1.930000,1.220000,0.120000,76.010002,-7.920000,-0.580000,296.010010,25.020000,88090.140625,40.39,95.52,22.457144,PM2.5,28662
15.850000,16.340000,2.010000,1.280000,0.120000,75.739998,-8.400000,-0.170000,295.549988,25.809999,87633.187500,40.4,95.7,22.642859,PM2.5,28663
16.090000,16.610001,2.120000,1.370000,0.120000,75.919998,-8.870000,-0.020000,294.640015,27.510000,86981.539062,40.41,95.87,22.985714,PM2.5,28664
16.250000,16.780001,2.160000,1.440000,0.120000,75.610001,-8.570000,0.220000,294.250000,28.230000,86636.882812,40.42,96.05,23.214285,PM2.5,28665
16.370001,17.139999,2.240000,1.710000,0.130000,75.260002,-8.310000,0.530000,293.970001,29.150000,86504.273438,40.43,96.23,23.385715,PM2.5,28666
16.680000,17.730000,2.390000,1.960000,0.130000,74.989998,-8.620000,0.940000,293.329987,30.920000,86139.187500,40.44,96.4,23.828571,PM2.5,28667
17.059999,18.360001,2.520000,2.190000,0.130000,75.080002,-8.500000,1.180000,292.589996,33.070000,85660.156250,40.45,96.58,24.371428,PM2.5,28668
17.420000,19.070000,2.590000,2.490000,0.140000,74.190002,-7.870000,1.330000,292.239990,34.520000,85454.906250,40.47,96.75,24.885714,PM2.5,28669
17.900000,19.930000,2.690000,2.870000,0.140000,73.459999,-7.510000,1.250000,291.950012,36.240002,85531.273438,40.48,96.93,25.571428,PM2.5,28670
17.260000,19.700001,2.800000,3.550000,0.150000,72.639999,-7.300000,1.080000,291.839996,37.119999,85663.156250,40.49,97.11,24.657143,PM2.5,28671
17.459999,20.200001,2.860000,4.440000,0.160000,72.730003,-6.940000,0.860000,291.809998,38.029999,85861.718750,40.5,97.28,24.942856,PM2.5,28672
17.809999,20.969999,3.030000,5.960000,0.170000,73.489998,-6.440000,0.960000,291.869995,38.720001,86168.976562,40.51,97.46,25.442856,PM2.5,28673
18.100000,21.559999,3.070000,7.440000,0.180000,73.760002,-5.850000,1.470000,292.049988,38.830002,86452.109375,40.51,97.64,25.857143,PM2.5,28674
18.400000,22.020000,3.010000,8.530000,0.190000,74.260002,-5.350000,2.210000,292.220001,38.700001,86669.929688,40.52,97.82,26.285713,PM2.5,28675
18.740000,22.240000,2.770000,8.680000,0.190000,74.760002,-5.150000,2.960000,292.059998,38.740002,86403.851562,40.53,97.99,26.771429,PM2.5,28676
19.120001,22.110001,2.290000,7.390000,0.180000,75.629997,-5.020000,3.440000,291.549988,39.169998,85740.867188,40.54,98.17,27.314287,PM2.5,28677
19.520000,21.690001,1.680000,5.150000,0.160000,76.500000,-4.840000,3.570000,291.079987,39.459999,85113.578125,40.55,98.35,27.885715,PM2.5,28678
19.930000,21.530001,1.340000,3.700000,0.150000,77.000000,-4.670000,3.540000,290.410004,40.310001,84276.828125,40.56,98.52,28.471430,PM2.5,28679
20.299999,21.660000,1.280000,3.230000,0.140000,77.110001,-4.270000,3.260000,289.600006,42.119999,83457.203125,40.57,98.7,28.999998,PM2.5,28680
20.549999,21.730000,1.270000,2.810000,0.140000,77.129997,-3.630000,2.760000,289.130005,44.099998,83183.132812,40.57,98.88,29.357141,PM2.5,28681
20.709999,21.770000,1.280000,2.330000,0.130000,77.150002,-2.980000,2.350000,289.230011,45.790001,83724.953125,40.58,99.05,29.585712,PM2.5,28682
20.799999,21.780001,1.330000,2.180000,0.130000,77.120003,-2.500000,2.050000,289.720001,46.930000,84769.390625,40.59,99.23,29.714285,PM2.5,28683
20.770000,21.650000,1.350000,1.810000,0.120000,75.669998,-2.510000,1.760000,290.329987,47.259998,85829.320312,40.6,99.41,29.671429,PM2.5,28684
20.799999,21.629999,1.460000,1.540000,0.120000,75.550003,-2.370000,1.680000,290.670013,48.279999,86980.187500,40.6,99.59,29.714285,PM2.5,28685
20.750000,21.520000,1.550000,1.760000,0.120000,74.120003,-2.210000,1.750000,291.250000,48.240002,88044.117188,40.61,99.76,29.642857,PM2.5,28686
20.820000,21.459999,1.610000,2.040000,0.120000,72.650002,-2.270000,2.010000,291.489990,48.290001,88571.140625,40.62,99.94,29.742857,PM2.5,28687
21.139999,21.660000,1.650000,2.320000,0.120000,71.709999,-2.160000,2.140000,291.470001,48.869999,88737.679688,40.62,100.12,30.199999,PM2.5,28688
16.120001,16.379999,0.930000,0.420000,0.120000,75.559998,-5.060000,-1.520000,298.929993,17.320000,91161.312500,40.33,93.04,23.028572,PM2.5,28912
15.630000,15.910000,0.990000,0.470000,0.120000,75.910004,-5.910000,-0.860000,298.820007,18.030001,90782.726562,40.35,93.21,22.328571,PM2.5,28913
15.250000,15.530000,1.040000,0.510000,0.120000,76.400002,-6.820000,-0.540000,298.369995,18.820000,90185.070312,40.36,93.39,21.785715,PM2.5,28914
15.250000,15.540000,1.070000,0.520000,0.120000,76.760002,-7.340000,-0.830000,297.940002,19.580000,89729.742188,40.38,93.57,21.785715,PM2.5,28915
15.350000,15.650000,1.100000,0.520000,0.120000,76.800003,-7.310000,-1.330000,297.559998,20.309999,89397.820312,40.39,93.74,21.928572,PM2.5,28916
15.450000,15.750000,1.140000,0.550000,0.120000,76.589996,-7.010000,-1.540000,297.309998,20.959999,89192.218750,40.4,93.92,22.071428,PM2.5,28917
15.500000,15.810000,1.190000,0.590000,0.120000,75.980003,-7.000000,-1.270000,297.250000,21.440001,89138.531250,40.42,94.09,22.142857,PM2.5,28918
15.530000,15.870000,1.280000,0.660000,0.120000,77.139999,-7.170000,-1.110000,297.119995,21.990000,89155.546875,40.43,94.27,22.185715,PM2.5,28919
15.500000,15.850000,1.340000,0.730000,0.120000,77.040001,-7.280000,-1.200000,297.149994,22.270000,89214.132812,40.45,94.45,22.142857,PM2.5,28920
15.460000,15.820000,1.400000,0.800000,0.120000,77.040001,-7.380000,-1.310000,297.089996,22.700001,89215.226562,40.46,94.62,22.085714,PM2.5,28921
15.440000,15.810000,1.470000,0.880000,0.120000,77.050003,-7.550000,-1.330000,296.980011,23.180000,89143.226562,40.47,94.8,22.057142,PM2.5,28922
15.470000,15.860000,1.550000,0.930000,0.120000,77.019997,-7.910000,-1.120000,296.809998,23.680000,89007.671875,40.48,94.97,22.100000,PM2.5,28923
15.550000,15.950000,1.620000,1.010000,0.120000,77.059998,-8.260000,-0.860000,296.559998,24.219999,88800.976562,40.5,95.15,22.214287,PM2.5,28924
15.650000,16.070000,1.700000,1.090000,0.120000,76.959999,-8.440000,-0.740000,296.290009,24.770000,88599.367188,40.51,95.33,22.357141,PM2.5,28925
15.790000,16.219999,1.780000,1.190000,0.120000,76.699997,-8.370000,-0.560000,296.019989,25.309999,88387.398438,40.52,95.5,22.557142,PM2.5,28926
15.940000,16.370001,1.850000,1.260000,0.120000,76.279999,-8.660000,-0.150000,295.649994,26.030001,88058.312500,40.53,95.68,22.771427,PM2.5,28927
16.190001,16.660000,1.940000,1.360000,0.120000,76.220001,-9.140000,0.060000,294.829987,27.480000,87485.976562,40.54,95.86,23.128572,PM2.5,28928
16.360001,16.820000,1.960000,1.370000,0.120000,75.660004,-9.070000,0.260000,294.200012,28.639999,86909.773438,40.56,96.03,23.371429,PM2.5,28929
16.510000,17.150000,2.010000,1.550000,0.120000,75.019997,-8.660000,0.460000,293.730011,29.730000,86581.140625,40.57,96.21,23.585714,PM2.5,28930
16.709999,17.510000,2.090000,1.680000,0.130000,74.080002,-8.400000,0.760000,293.269989,30.850000,86202.101562,40.58,96.39,23.871428,PM2.5,28931
16.990000,17.950001,2.190000,1.810000,0.130000,73.900002,-8.300000,1.130000,292.609985,32.529999,85762.796875,40.59,96.56,24.271429,PM2.5,28932
17.240000,18.530001,2.330000,2.010000,0.130000,74.099998,-8.140000,1.510000,292.149994,33.799999,85462.406250,40.6,96.74,24.628571,PM2.5,28933
17.450001,18.990000,2.400000,2.170000,0.140000,73.510002,-7.790000,1.580000,291.709991,35.049999,85112.023438,40.61,96.92,24.928572,PM2.5,28934
17.610001,19.420000,2.470000,2.420000,0.140000,72.760002,-7.270000,1.410000,291.149994,36.770000,84646.203125,40.62,97.09,25.157145,PM2.5,28935
17.910000,20.010000,2.540000,2.940000,0.150000,71.970001,-6.550000,1.290000,290.630005,38.970001,84288.296875,40.63,97.27,25.585714,PM2.5,28936
18.219999,20.600000,2.610000,3.750000,0.150000,71.589996,-5.690000,1.260000,290.459991,40.660000,84324.078125,40.64,97.45,26.028570,PM2.5,28937
18.500000,21.080000,2.640000,4.670000,0.160000,71.500000,-4.870000,1.490000,290.609985,41.360001,84667.312500,40.65,97.63,26.428572,PM2.5,28938
18.760000,21.400000,2.540000,5.350000,0.170000,71.680000,-4.190000,1.940000,290.910004,41.150002,85045.882812,40.66,97.8,26.800001,PM2.5,28939
19.010000,21.480000,2.290000,5.450000,0.160000,72.019997,-3.850000,2.510000,291.100006,40.290001,85127.992188,40.67,97.98,27.157143,PM2.5,28940
19.230000,21.309999,1.890000,4.760000,0.160000,72.430000,-3.650000,3.050000,290.920013,39.520000,84661.796875,40.68,98.16,27.471428,PM2.5,28941
19.510000,21.030001,1.420000,3.490000,0.150000,72.739998,-3.510000,3.340000,290.660004,39.099998,84102.421875,40.68,98.33,27.871429,PM2.5,28942
20.410000,21.320000,1.180000,2.130000,0.130000,76.199997,-2.880000,3.680000,289.579987,41.160000,83230.312500,40.71,98.87,29.157143,PM2.5,28945
20.780001,21.570000,1.250000,1.620000,0.120000,76.769997,-1.890000,2.910000,289.399994,46.389999,84107.046875,40.72,99.22,29.685715,PM2.5,28947
20.790001,21.520000,1.300000,1.480000,0.120000,76.180000,-1.810000,2.690000,289.940002,47.540001,85280.390625,40.73,99.4,29.700001,PM2.5,28948
20.740000,21.420000,1.380000,1.300000,0.120000,75.690002,-1.800000,2.710000,290.299988,48.529999,86244.421875,40.74,99.58,29.628571,PM2.5,28949
20.770000,21.410000,1.480000,1.580000,0.120000,74.529999,-1.800000,2.370000,290.940002,48.540001,87502.382812,40.75,99.75,29.671429,PM2.5,28950
20.820000,21.379999,1.600000,1.980000,0.120000,73.019997,-1.860000,2.240000,291.519989,48.500000,88658.226562,40.75,99.93,29.742857,PM2.5,28951
21.049999,21.530001,1.720000,2.410000,0.120000,72.089996,-2.030000,2.330000,291.690002,48.200001,88942.250000,40.76,100.11,30.071428,PM2.5,28952
16.840000,17.080000,0.850000,0.400000,0.120000,75.239998,-5.130000,-2.250000,299.059998,16.969999,91235.359375,40.47,93.02,24.057142,PM2.5,29177
16.000000,16.250000,0.900000,0.430000,0.120000,75.910004,-5.610000,-1.720000,298.890015,17.480000,90692.617188,40.48,93.19,22.857143,PM2.5,29178
15.040000,15.300000,0.940000,0.450000,0.120000,76.830002,-6.430000,-1.180000,298.250000,18.280001,89714.390625,40.49,93.37,21.485714,PM2.5,29179
14.920000,15.190000,0.970000,0.470000,0.120000,77.669998,-7.250000,-0.930000,297.350006,19.350000,88681.796875,40.51,93.55,21.314285,PM2.5,29180
15.050000,15.320000,1.000000,0.470000,0.120000,77.959999,-7.410000,-1.310000,296.390015,20.629999,87783.203125,40.52,93.72,21.500000,PM2.5,29181
15.270000,15.550000,1.040000,0.500000,0.120000,77.870003,-6.940000,-1.550000,295.940002,21.530001,87500.132812,40.54,93.9,21.814287,PM2.5,29182
15.480000,15.780000,1.100000,0.540000,0.120000,77.809998,-6.650000,-1.210000,296.209991,21.580000,87914.562500,40.55,94.08,22.114285,PM2.5,29183
15.570000,15.870000,1.150000,0.590000,0.120000,77.980003,-6.880000,-0.790000,296.619995,21.400000,88379.367188,40.57,94.25,22.242857,PM2.5,29184
15.570000,15.890000,1.210000,0.640000,0.120000,77.970001,-7.210000,-0.870000,296.640015,21.670000,88448.632812,40.58,94.43,22.242857,PM2.5,29185
15.580000,15.910000,1.270000,0.710000,0.120000,77.660004,-7.300000,-1.010000,296.440002,22.219999,88353.640625,40.59,94.6,22.257143,PM2.5,29186
15.580000,15.930000,1.340000,0.790000,0.120000,77.449997,-7.320000,-0.950000,296.380005,22.670000,88401.046875,40.61,94.78,22.257143,PM2.5,29187
15.630000,15.990000,1.420000,0.870000,0.120000,77.480003,-7.560000,-0.650000,296.420013,22.930000,88513.429688,40.62,94.96,22.328571,PM2.5,29188
15.710000,16.080000,1.490000,0.940000,0.120000,77.580002,-8.040000,-0.330000,296.290009,23.250000,88420.171875,40.63,95.13,22.442858,PM2.5,29189
15.820000,16.209999,1.560000,0.990000,0.120000,77.510002,-8.420000,-0.110000,295.880005,23.990000,88083.359375,40.64,95.31,22.600000,PM2.5,29190
15.980000,16.389999,1.630000,1.090000,0.120000,77.250000,-8.600000,0.070000,295.399994,24.879999,87694.109375,40.66,95.49,22.828571,PM2.5,29191
16.160000,16.590000,1.720000,1.190000,0.120000,76.930000,-8.760000,0.380000,294.880005,25.879999,87271.953125,40.67,95.67,23.085714,PM2.5,29192
16.330000,16.770000,1.780000,1.250000,0.120000,76.580002,-8.900000,0.600000,294.220001,27.040001,86688.539062,40.68,95.84,23.328571,PM2.5,29193
16.490000,16.930000,1.790000,1.240000,0.120000,75.949997,-8.850000,0.660000,293.480011,28.469999,86059.101562,40.69,96.02,23.557142,PM2.5,29194
16.660000,17.219999,1.840000,1.360000,0.120000,75.089996,-8.590000,0.700000,292.859985,29.790001,85563.453125,40.7,96.2,23.799999,PM2.5,29195
16.879999,17.580000,1.930000,1.480000,0.120000,74.010002,-8.240000,0.730000,292.290009,31.100000,85107.789062,40.71,96.37,24.114285,PM2.5,29196
17.090000,17.900000,2.000000,1.550000,0.130000,73.389999,-7.890000,0.870000,291.809998,32.220001,84724.007812,40.72,96.55,24.414286,PM2.5,29197
17.250000,18.250000,2.080000,1.640000,0.130000,72.790001,-7.610000,0.980000,291.359985,33.360001,84321.953125,40.73,96.73,24.642857,PM2.5,29198
17.400000,18.580000,2.140000,1.730000,0.130000,72.019997,-7.230000,0.810000,290.640015,35.119999,83670.203125,40.74,96.9,24.857141,PM2.5,29199
17.549999,18.940001,2.220000,1.850000,0.130000,71.279999,-6.600000,0.680000,289.989990,37.160000,83156.109375,40.75,97.08,25.071428,PM2.5,29200
17.730000,19.360001,2.300000,2.120000,0.140000,70.720001,-5.770000,0.740000,289.619995,38.939999,82983.367188,40.76,97.26,25.328571,PM2.5,29201
17.930000,19.799999,2.370000,2.530000,0.140000,70.339996,-4.830000,0.880000,289.589996,40.320000,83189.046875,40.77,97.44,25.614286,PM2.5,29202
18.150000,20.200001,2.390000,3.010000,0.150000,70.080002,-3.920000,1.010000,289.920013,40.970001,83760.429688,40.78,97.61,25.928572,PM2.5,29203
18.350000,20.450001,2.300000,3.370000,0.150000,69.970001,-3.270000,1.230000,290.329987,40.900002,84326.562500,40.79,97.79,26.214287,PM2.5,29204
18.520000,20.500000,2.070000,3.400000,0.150000,70.169998,-2.920000,1.440000,290.649994,40.150002,84628.703125,40.8,97.97,26.457144,PM2.5,29205
18.690001,20.410000,1.750000,3.050000,0.150000,70.650002,-2.650000,1.690000,290.679993,39.169998,84432.148438,40.81,98.15,26.700001,PM2.5,29206
18.910000,20.260000,1.390000,2.390000,0.140000,71.139999,-2.170000,1.970000,290.600006,38.380001,84111.187500,40.82,98.32,27.014286,PM2.5,29207
20.750000,21.270000,1.430000,1.380000,0.120000,74.309998,-1.460000,3.190000,290.779999,48.610001,87143.421875,40.88,99.75,29.642857,PM2.5,29215
21.100000,21.590000,1.620000,1.820000,0.120000,73.230003,-1.500000,2.760000,291.220001,48.849998,88246.539062,40.89,99.92,30.142859,PM2.5,29216
14.730000,14.980000,0.890000,0.440000,0.120000,76.699997,-6.380000,-1.490000,296.440002,19.330000,87377.156250,40.64,93.53,21.042856,PM2.5,29449
14.770000,15.030000,0.920000,0.440000,0.120000,77.519997,-6.760000,-1.130000,294.829987,21.270000,85681.351562,40.66,93.7,21.100000,PM2.5,29450
14.990000,15.250000,0.960000,0.460000,0.120000,77.959999,-6.360000,-1.130000,293.799988,23.030001,84829.773438,40.67,93.88,21.414286,PM2.5,29451
15.350000,15.620000,1.000000,0.490000,0.120000,77.900002,-6.060000,-0.910000,294.239990,23.030001,85456.429688,40.69,94.06,21.928572,PM2.5,29452
15.630000,15.910000,1.050000,0.530000,0.120000,77.669998,-6.350000,-0.550000,294.929993,22.530001,86203.468750,40.7,94.23,22.328571,PM2.5,29453
15.720000,16.020000,1.100000,0.580000,0.120000,77.830002,-6.800000,-0.330000,294.880005,22.770000,86189.617188,40.71,94.41,22.457144,PM2.5,29454
15.780000,16.090000,1.170000,0.640000,0.120000,77.709999,-6.910000,-0.520000,294.609985,23.389999,86069.726562,40.73,94.59,22.542856,PM2.5,29455
15.840000,16.160000,1.240000,0.720000,0.120000,77.400002,-6.840000,-0.610000,294.640015,23.740000,86283.218750,40.74,94.76,22.628572,PM2.5,29456
15.880000,16.219999,1.320000,0.790000,0.120000,77.250000,-6.980000,-0.440000,294.890015,23.900000,86693.859375,40.75,94.94,22.685715,PM2.5,29457
15.960000,16.309999,1.380000,0.860000,0.120000,77.209999,-7.370000,-0.050000,294.940002,24.170000,86847.976562,40.76,95.12,22.799999,PM2.5,29458
16.059999,16.420000,1.440000,0.890000,0.120000,77.029999,-7.750000,0.290000,294.570007,24.840000,86538.382812,40.78,95.3,22.942856,PM2.5,29459
16.200001,16.570000,1.490000,0.940000,0.120000,76.599998,-7.880000,0.470000,294.049988,25.760000,86105.007812,40.79,95.47,23.142859,PM2.5,29460
16.350000,16.740000,1.550000,0.990000,0.120000,76.050003,-7.900000,0.650000,293.540009,26.660000,85670.562500,40.8,95.65,23.357143,PM2.5,29461
16.500000,16.889999,1.590000,1.010000,0.120000,75.519997,-8.010000,0.960000,292.890015,27.760000,85052.679688,40.81,95.83,23.571428,PM2.5,29462
16.639999,17.030001,1.610000,0.980000,0.120000,74.889999,-8.020000,1.200000,292.179993,29.129999,84405.546875,40.82,96.0,23.771427,PM2.5,29463
16.760000,17.240000,1.650000,1.040000,0.120000,73.980003,-7.720000,1.140000,291.619995,30.459999,83972.109375,40.84,96.18,23.942858,PM2.5,29464
16.900000,17.450001,1.700000,1.100000,0.120000,72.669998,-7.390000,0.840000,291.160004,31.610001,83623.523438,40.85,96.36,24.142857,PM2.5,29465
17.090000,17.740000,1.810000,1.200000,0.120000,72.889999,-7.130000,0.520000,290.589996,32.959999,83300.226562,40.86,96.54,24.414286,PM2.5,29466
17.200001,17.990000,1.890000,1.290000,0.120000,72.510002,-6.910000,0.380000,290.170013,33.950001,82942.578125,40.87,96.71,24.571430,PM2.5,29467
17.299999,18.219999,1.960000,1.380000,0.130000,72.019997,-6.510000,0.480000,289.450012,35.669998,82340.921875,40.88,96.89,24.714285,PM2.5,29468
17.400000,18.490000,2.040000,1.500000,0.130000,71.559998,-5.640000,0.400000,288.929993,37.480000,82031.476562,40.89,97.07,24.857141,PM2.5,29469
17.540001,18.809999,2.130000,1.680000,0.130000,70.959999,-4.580000,0.570000,289.029999,38.240002,82431.273438,40.9,97.25,25.057144,PM2.5,29470
17.690001,19.150000,2.210000,1.910000,0.130000,70.550003,-3.660000,0.790000,289.500000,38.279999,83150.359375,40.91,97.42,25.271429,PM2.5,29471
17.860001,19.469999,2.230000,2.140000,0.140000,70.230003,-2.890000,0.850000,290.130005,38.080002,84048.843750,40.92,97.6,25.514286,PM2.5,29472
18.020000,19.680000,2.140000,2.250000,0.140000,69.980003,-2.330000,0.790000,290.779999,37.630001,84911.851562,40.93,97.78,25.742857,PM2.5,29473
18.180000,19.760000,1.940000,2.190000,0.140000,69.910004,-2.070000,0.900000,290.850006,37.540001,84927.718750,40.94,97.96,25.971430,PM2.5,29474
18.340000,19.780001,1.690000,1.980000,0.140000,70.139999,-1.680000,1.180000,290.709991,37.230000,84612.500000,40.95,98.13,26.200001,PM2.5,29475
14.740000,15.000000,0.920000,0.440000,0.120000,77.790001,-5.230000,-0.620000,293.040009,23.120001,83889.992188,40.81,93.86,21.057142,PM2.5,29722
15.040000,15.300000,0.960000,0.470000,0.120000,77.989998,-5.140000,-0.250000,293.549988,23.100000,84520.273438,40.82,94.04,21.485714,PM2.5,29723
15.420000,15.690000,0.990000,0.490000,0.120000,77.459999,-5.590000,-0.150000,293.850006,23.129999,84734.070312,40.83,94.22,22.028572,PM2.5,29724
15.710000,15.990000,1.030000,0.530000,0.120000,76.870003,-6.060000,0.160000,293.029999,24.410000,83822.773438,40.85,94.39,22.442858,PM2.5,29725
15.890000,16.180000,1.090000,0.580000,0.120000,76.769997,-6.210000,0.440000,292.299988,25.580000,83227.382812,40.86,94.57,22.700001,PM2.5,29726
16.030001,16.340000,1.170000,0.650000,0.120000,76.910004,-6.190000,0.520000,292.119995,26.120001,83239.023438,40.87,94.75,22.900002,PM2.5,29727
16.129999,16.450001,1.240000,0.730000,0.120000,76.720001,-6.210000,0.440000,292.250000,26.410000,83586.593750,40.89,94.92,23.042856,PM2.5,29728
16.200001,16.540001,1.310000,0.800000,0.120000,76.529999,-6.450000,0.490000,292.529999,26.580000,84069.507812,40.9,95.1,23.142859,PM2.5,29729
16.299999,16.639999,1.370000,0.850000,0.120000,76.309998,-6.840000,0.730000,292.589996,26.840000,84261.007812,40.91,95.28,23.285713,PM2.5,29730
16.420000,16.770000,1.420000,0.880000,0.120000,75.910004,-7.050000,0.750000,292.290009,27.610001,84079.343750,40.92,95.46,23.457144,PM2.5,29731
16.559999,16.930000,1.450000,0.900000,0.120000,75.269997,-6.950000,0.680000,291.820007,28.719999,83768.453125,40.94,95.63,23.657143,PM2.5,29732
16.700001,17.059999,1.450000,0.870000,0.120000,74.610001,-6.890000,1.020000,291.429993,29.570000,83483.171875,40.95,95.81,23.857143,PM2.5,29733
16.830000,17.209999,1.500000,0.880000,0.120000,73.989998,-7.010000,1.480000,291.059998,30.180000,83139.882812,40.96,95.99,24.042856,PM2.5,29734
16.920000,17.360001,1.540000,0.930000,0.120000,73.389999,-7.100000,1.440000,290.660004,30.860001,82759.093750,40.97,96.17,24.171429,PM2.5,29735
17.010000,17.490000,1.580000,0.970000,0.120000,72.650002,-6.850000,1.160000,290.000000,32.200001,82179.312500,40.98,96.34,24.300001,PM2.5,29736
17.100000,17.620001,1.620000,1.030000,0.120000,71.540001,-6.400000,0.580000,289.260010,33.889999,81569.796875,40.99,96.52,24.428572,PM2.5,29737
17.219999,17.840000,1.730000,1.120000,0.120000,72.449997,-5.960000,0.290000,288.750000,35.320000,81374.132812,41.0,96.7,24.599998,PM2.5,29738
17.290001,18.000000,1.810000,1.190000,0.120000,71.980003,-5.490000,0.510000,288.399994,36.250000,81124.351562,41.01,96.88,24.700001,PM2.5,29739
17.350000,18.160000,1.890000,1.250000,0.120000,71.599998,-4.620000,0.690000,288.089996,37.349998,81008.273438,41.02,97.06,24.785715,PM2.5,29740
17.440001,18.360001,1.980000,1.360000,0.130000,71.309998,-3.510000,0.750000,288.559998,37.590000,81795.546875,41.03,97.23,24.914286,PM2.5,29741
17.559999,18.620001,2.070000,1.530000,0.130000,70.849998,-2.700000,0.690000,289.489990,36.869999,83070.453125,41.04,97.41,25.085714,PM2.5,29742
17.709999,18.879999,2.120000,1.670000,0.130000,70.410004,-2.130000,0.510000,290.359985,36.080002,84222.796875,41.05,97.59,25.299999,PM2.5,29743
17.860001,19.080000,2.080000,1.730000,0.130000,70.059998,-1.640000,0.240000,291.010010,35.500000,85121.976562,41.06,97.77,25.514286,PM2.5,29744
18.030001,19.219999,1.920000,1.650000,0.130000,69.919998,-1.200000,0.260000,291.170013,35.349998,85372.632812,41.07,97.95,25.757143,PM2.5,29745
14.790000,15.050000,0.950000,0.470000,0.120000,76.739998,-3.560000,-0.300000,294.980011,21.150000,86304.843750,40.95,94.02,21.128571,PM2.5,29996
15.080000,15.350000,0.980000,0.490000,0.120000,77.160004,-4.530000,0.080000,294.660004,21.650000,85417.843750,40.97,94.2,21.542856,PM2.5,29997
15.330000,15.600000,1.020000,0.520000,0.120000,76.849998,-5.120000,0.450000,292.529999,24.400000,83078.429688,40.98,94.38,21.900000,PM2.5,29998
15.700000,15.990000,1.090000,0.580000,0.120000,76.419998,-5.130000,1.060000,291.000000,26.780001,81569.890625,40.99,94.55,22.428572,PM2.5,29999
16.049999,16.360001,1.170000,0.670000,0.120000,76.110001,-5.110000,1.560000,290.299988,27.980000,80973.320312,41.01,94.73,22.928570,PM2.5,30000
16.260000,16.590000,1.280000,0.790000,0.120000,76.400002,-5.170000,1.870000,289.890015,28.930000,80765.906250,41.02,94.91,23.228571,PM2.5,30001
16.500000,16.850000,1.390000,0.940000,0.120000,76.230003,-5.370000,1.990000,290.100006,29.150000,81258.171875,41.03,95.08,23.571428,PM2.5,30002
16.660000,17.030001,1.510000,1.090000,0.120000,75.820000,-5.730000,2.030000,290.630005,28.870001,81976.367188,41.05,95.26,23.799999,PM2.5,30003
16.780001,17.160000,1.610000,1.140000,0.120000,75.309998,-6.040000,1.870000,290.579987,29.299999,82038.500000,41.06,95.44,23.971430,PM2.5,30004
16.870001,17.250000,1.650000,1.100000,0.120000,74.779999,-5.900000,1.510000,290.109985,30.690001,81765.117188,41.07,95.62,24.100000,PM2.5,30005
16.809999,17.150000,1.340000,0.790000,0.120000,74.279999,-5.580000,1.250000,290.130005,31.240000,81981.078125,41.08,95.8,24.014284,PM2.5,30006
16.889999,17.240000,1.380000,0.840000,0.120000,73.059998,-5.790000,1.070000,290.230011,31.190001,82123.976562,41.09,95.97,24.128571,PM2.5,30007
17.040001,17.450001,1.470000,0.920000,0.120000,73.430000,-6.140000,1.200000,289.720001,31.850000,81739.218750,41.1,96.15,24.342859,PM2.5,30008
17.129999,17.570000,1.520000,0.930000,0.120000,72.889999,-6.200000,1.320000,288.890015,33.029999,80851.656250,41.12,96.33,24.471428,PM2.5,30009
17.180000,17.650000,1.560000,0.960000,0.120000,72.589996,-5.730000,0.930000,287.809998,35.349998,79973.320312,41.13,96.51,24.542858,PM2.5,30010
17.190001,17.730000,1.620000,1.030000,0.120000,72.800003,-4.920000,0.620000,287.429993,36.660000,79821.843750,41.14,96.69,24.557144,PM2.5,30011
17.200001,17.799999,1.690000,1.110000,0.120000,72.559998,-4.180000,0.500000,287.420013,37.330002,80079.601562,41.15,96.86,24.571430,PM2.5,30012
17.230000,17.889999,1.760000,1.110000,0.120000,72.320000,-3.350000,0.750000,287.779999,37.450001,80716.046875,41.16,97.04,24.614285,PM2.5,30013
17.260000,18.000000,1.830000,1.140000,0.120000,72.349998,-2.640000,0.630000,288.609985,36.919998,81851.523438,41.17,97.22,24.657143,PM2.5,30014
17.290001,18.100000,1.900000,1.220000,0.120000,72.089996,-2.100000,0.230000,289.559998,35.939999,83033.710938,41.18,97.4,24.700001,PM2.5,30015
17.370001,18.260000,1.960000,1.330000,0.130000,71.510002,-1.540000,-0.120000,290.299988,35.259998,84011.367188,41.19,97.58,24.814287,PM2.5,30016
17.490000,18.450001,1.980000,1.420000,0.130000,70.839996,-0.940000,-0.170000,290.880005,34.799999,84855.476562,41.2,97.75,24.985714,PM2.5,30017
14.620000,14.890000,0.980000,0.460000,0.120000,74.470001,-2.260000,-1.050000,295.640015,20.299999,87634.929688,41.09,94.0,20.885714,PM2.5,30269
14.890000,15.160000,1.000000,0.490000,0.120000,75.680000,-3.120000,-0.210000,295.350006,20.760000,86446.609375,41.1,94.18,21.271429,PM2.5,30270
15.070000,15.350000,1.020000,0.530000,0.120000,75.989998,-3.850000,0.400000,293.649994,22.590000,84344.726562,41.12,94.36,21.528570,PM2.5,30271
15.310000,15.590000,1.080000,0.580000,0.120000,76.169998,-4.000000,0.950000,292.010010,24.760000,82662.109375,41.13,94.53,21.871429,PM2.5,30272
15.710000,16.010000,1.160000,0.660000,0.120000,75.989998,-4.050000,1.500000,290.790009,26.590000,81422.343750,41.14,94.71,22.442858,PM2.5,30273
16.100000,16.420000,1.260000,0.770000,0.120000,75.639999,-4.040000,2.350000,289.829987,28.260000,80536.773438,41.15,94.89,23.000000,PM2.5,30274
16.490000,16.830000,1.380000,0.930000,0.120000,75.540001,-4.140000,2.910000,289.670013,29.110001,80560.406250,41.17,95.07,23.557142,PM2.5,30275
16.820000,17.190001,1.520000,1.130000,0.120000,75.510002,-4.620000,3.230000,290.019989,29.040001,81064.023438,41.18,95.25,24.028570,PM2.5,30276
17.000000,17.389999,1.630000,1.190000,0.120000,75.129997,-5.040000,3.250000,289.660004,29.900000,80752.859375,41.19,95.42,24.285715,PM2.5,30277
17.020000,17.400000,1.680000,1.150000,0.120000,74.400002,-4.870000,2.740000,288.859985,31.850000,80091.140625,41.2,95.6,24.314287,PM2.5,30278
16.760000,17.080000,1.250000,0.740000,0.120000,73.190002,-4.770000,1.720000,288.890015,32.459999,80251.257812,41.22,95.78,23.942858,PM2.5,30279
16.790001,17.120001,1.300000,0.790000,0.120000,73.300003,-5.020000,0.940000,288.829987,32.959999,80481.882812,41.23,95.96,23.985716,PM2.5,30280
16.959999,17.350000,1.410000,0.880000,0.120000,73.760002,-5.070000,1.040000,288.230011,34.380001,80188.796875,41.24,96.14,24.228571,PM2.5,30281
17.020000,17.430000,1.460000,0.880000,0.120000,73.029999,-5.080000,1.250000,287.649994,35.439999,79646.476562,41.25,96.32,24.314287,PM2.5,30282
17.040001,17.469999,1.510000,0.910000,0.120000,72.529999,-4.740000,1.410000,287.040009,36.700001,79156.648438,41.26,96.49,24.342859,PM2.5,30283
17.059999,17.520000,1.560000,0.970000,0.120000,72.279999,-3.940000,1.250000,286.649994,38.029999,79004.468750,41.27,96.67,24.371428,PM2.5,30284
17.080000,17.570000,1.610000,1.040000,0.120000,72.239998,-3.020000,0.960000,286.799988,38.459999,79468.593750,41.28,96.85,24.400000,PM2.5,30285
17.080000,17.590000,1.640000,0.990000,0.120000,72.449997,-2.280000,0.520000,287.609985,38.110001,80668.617188,41.29,97.03,24.400000,PM2.5,30286
17.059999,17.590000,1.660000,0.930000,0.120000,72.860001,-1.990000,-0.020000,288.440002,37.029999,81646.656250,41.3,97.21,24.371428,PM2.5,30287
17.040001,17.590000,1.690000,0.960000,0.120000,72.599998,-1.500000,-0.550000,288.880005,36.439999,82175.578125,41.31,97.39,24.342859,PM2.5,30288
17.070000,17.670000,1.750000,1.030000,0.120000,71.860001,-0.580000,-0.820000,289.549988,35.810001,83085.351562,41.32,97.56,24.385714,PM2.5,30289
14.730000,15.000000,0.990000,0.480000,0.120000,75.029999,-3.750000,-0.980000,294.950012,20.990000,86410.382812,41.24,94.16,21.042856,PM2.5,30545
14.830000,15.100000,1.020000,0.520000,0.120000,75.080002,-3.900000,-0.400000,294.209991,21.730000,85488.343750,41.25,94.34,21.185715,PM2.5,30546
15.060000,15.340000,1.070000,0.580000,0.120000,75.120003,-3.660000,0.250000,293.320007,22.690001,84494.648438,41.26,94.52,21.514286,PM2.5,30547
15.370000,15.660000,1.140000,0.640000,0.120000,75.169998,-3.520000,0.930000,292.299988,24.000000,83387.500000,41.28,94.7,21.957142,PM2.5,30548
15.660000,15.980000,1.220000,0.730000,0.120000,75.300003,-3.440000,1.390000,291.299988,25.700001,82380.343750,41.29,94.87,22.371428,PM2.5,30549
15.940000,16.270000,1.300000,0.850000,0.120000,75.099998,-3.280000,1.850000,290.820007,27.049999,81934.789062,41.3,95.05,22.771427,PM2.5,30550
16.330000,16.670000,1.390000,0.980000,0.120000,74.860001,-3.280000,2.570000,290.679993,27.719999,81730.367188,41.31,95.23,23.328571,PM2.5,30551
16.700001,17.059999,1.450000,1.000000,0.120000,74.750000,-3.560000,3.150000,289.940002,28.980000,80816.382812,41.33,95.41,23.857143,PM2.5,30552
16.910000,17.260000,1.460000,0.920000,0.120000,74.180000,-3.870000,3.200000,288.640015,31.480000,79565.476562,41.34,95.59,24.157143,PM2.5,30553
16.850000,17.180000,1.240000,0.670000,0.120000,74.010002,-4.070000,2.640000,287.609985,33.689999,78713.242188,41.35,95.76,24.071428,PM2.5,30554
16.870001,17.200001,1.280000,0.690000,0.120000,74.230003,-4.040000,2.110000,286.829987,35.650002,78217.812500,41.36,95.94,24.100000,PM2.5,30555
16.910000,17.250000,1.350000,0.760000,0.120000,73.940002,-3.870000,1.600000,286.470001,37.250000,78212.007812,41.37,96.12,24.157143,PM2.5,30556
16.830000,17.190001,1.410000,0.810000,0.120000,73.019997,-3.780000,1.140000,286.369995,38.410000,78503.289062,41.38,96.3,24.042856,PM2.5,30557
16.730000,17.100000,1.460000,0.860000,0.120000,72.250000,-3.510000,1.210000,286.440002,38.700001,78804.070312,41.39,96.48,23.900000,PM2.5,30558
16.660000,17.030001,1.500000,0.920000,0.120000,71.989998,-2.970000,1.180000,286.489990,38.980000,79025.789062,41.4,96.66,23.799999,PM2.5,30559
16.680000,17.059999,1.540000,0.950000,0.120000,71.900002,-2.270000,0.900000,286.540009,39.470001,79322.210938,41.42,96.84,23.828571,PM2.5,30560
16.760000,17.129999,1.550000,0.870000,0.120000,72.279999,-1.770000,0.100000,286.829987,39.900002,79942.046875,41.43,97.02,23.942858,PM2.5,30561
16.780001,17.160000,1.560000,0.780000,0.120000,72.540001,-1.390000,-0.550000,287.100006,39.279999,80208.593750,41.44,97.19,23.971430,PM2.5,30562
16.760000,17.129999,1.590000,0.790000,0.120000,72.220001,-0.560000,-0.830000,287.440002,38.570000,80606.078125,41.45,97.37,23.942858,PM2.5,30563
16.750000,17.139999,1.620000,0.820000,0.120000,71.500000,0.600000,-0.910000,288.600006,36.869999,82050.062500,41.45,97.55,23.928572,PM2.5,30564
14.940000,15.340000,1.060000,0.550000,0.120000,74.290001,-3.920000,-0.510000,293.190002,22.860001,85019.203125,41.4,94.5,21.342857,PM2.5,30820
15.080000,15.470000,1.090000,0.610000,0.120000,73.589996,-4.070000,-0.220000,292.619995,23.930000,84315.828125,41.41,94.68,21.542856,PM2.5,30821
15.280000,15.680000,1.190000,0.700000,0.120000,74.760002,-4.070000,-0.140000,291.829987,25.520000,83638.476562,41.42,94.86,21.828571,PM2.5,30822
15.480000,15.870000,1.250000,0.790000,0.120000,74.400002,-3.540000,0.090000,291.320007,26.809999,83038.273438,41.43,95.03,22.114285,PM2.5,30823
15.680000,16.059999,1.290000,0.860000,0.120000,74.300003,-3.250000,0.720000,290.940002,27.410000,82381.781250,41.45,95.21,22.400000,PM2.5,30824
15.840000,16.209999,1.300000,0.850000,0.120000,74.269997,-3.030000,1.570000,290.309998,28.330000,81461.882812,41.46,95.39,22.628572,PM2.5,30825
16.120001,16.480000,1.280000,0.740000,0.120000,74.290001,-2.910000,2.380000,289.269989,30.200001,80290.867188,41.47,95.57,23.028572,PM2.5,30826
16.540001,16.879999,1.210000,0.620000,0.120000,73.830002,-2.970000,2.840000,287.799988,32.930000,78792.023438,41.48,95.75,23.628572,PM2.5,30827
16.809999,17.139999,1.250000,0.650000,0.120000,73.320000,-3.150000,2.960000,286.380005,36.099998,77585.539062,41.49,95.93,24.014284,PM2.5,30828
16.730000,17.070000,1.300000,0.710000,0.120000,73.370003,-3.160000,2.420000,285.829987,38.389999,77521.820312,41.51,96.11,23.900000,PM2.5,30829
16.540001,16.879999,1.350000,0.750000,0.120000,72.610001,-2.870000,1.460000,285.839996,39.549999,78042.023438,41.52,96.29,23.628572,PM2.5,30830
16.309999,16.670000,1.390000,0.800000,0.120000,71.750000,-2.380000,0.970000,286.160004,39.830002,78814.640625,41.53,96.46,23.299999,PM2.5,30831
16.150000,16.510000,1.430000,0.860000,0.120000,71.570000,-2.030000,0.840000,286.730011,39.330002,79683.539062,41.54,96.64,23.071428,PM2.5,30832
16.160000,16.520000,1.470000,0.900000,0.120000,71.650002,-1.790000,0.770000,286.910004,39.349998,79970.156250,41.55,96.82,23.085714,PM2.5,30833
16.309999,16.680000,1.480000,0.850000,0.120000,71.970001,-1.440000,0.560000,286.640015,40.389999,79770.023438,41.56,97.0,23.299999,PM2.5,30834
16.410000,16.770000,1.490000,0.780000,0.120000,72.040001,-0.650000,0.350000,286.640015,40.279999,79766.382812,41.57,97.18,23.442858,PM2.5,30835
16.389999,16.750000,1.510000,0.760000,0.120000,71.720001,0.540000,0.130000,287.600006,38.389999,80879.281250,41.58,97.36,23.414286,PM2.5,30836
16.360001,16.719999,1.530000,0.770000,0.120000,71.339996,1.520000,-0.110000,289.290009,35.430000,82833.609375,41.59,97.54,23.371429,PM2.5,30837
16.530001,16.900000,1.550000,0.800000,0.120000,70.730003,1.630000,-0.640000,290.410004,34.150002,84324.289062,41.6,97.72,23.614286,PM2.5,30838
15.080000,15.480000,1.140000,0.670000,0.120000,73.480003,-4.410000,-0.570000,291.100006,27.020000,83417.562500,41.56,94.84,21.542856,PM2.5,31096
15.220000,15.610000,1.190000,0.760000,0.120000,73.559998,-3.820000,-0.460000,290.750000,27.990000,82983.593750,41.57,95.02,21.742857,PM2.5,31097
15.320000,15.700000,1.210000,0.820000,0.120000,73.599998,-3.640000,-0.270000,290.489990,28.580000,82528.960938,41.58,95.2,21.885714,PM2.5,31098
15.400000,15.760000,1.220000,0.800000,0.120000,73.580002,-3.530000,0.110000,290.130005,29.170000,81972.359375,41.59,95.38,22.000000,PM2.5,31099
15.460000,15.810000,1.190000,0.670000,0.120000,73.629997,-3.230000,0.920000,289.589996,29.990000,81192.757812,41.61,95.55,22.085714,PM2.5,31100
15.710000,16.049999,1.150000,0.590000,0.120000,73.589996,-2.930000,1.620000,288.660004,31.490000,80050.117188,41.62,95.73,22.442858,PM2.5,31101
16.010000,16.320000,1.180000,0.610000,0.120000,73.160004,-2.950000,2.120000,287.549988,33.810001,79001.023438,41.63,95.91,22.871429,PM2.5,31102
16.049999,16.370001,1.220000,0.670000,0.120000,72.919998,-3.000000,2.080000,286.529999,36.720001,78369.710938,41.64,96.09,22.928570,PM2.5,31103
15.880000,16.200001,1.250000,0.700000,0.120000,72.400002,-2.530000,1.330000,285.839996,38.889999,78087.203125,41.65,96.27,22.685715,PM2.5,31104
15.650000,15.980000,1.280000,0.730000,0.120000,71.699997,-1.630000,0.720000,286.089996,39.450001,78814.101562,41.66,96.45,22.357141,PM2.5,31105
15.520000,15.860000,1.330000,0.790000,0.120000,71.389999,-0.980000,0.540000,287.049988,38.740002,80260.187500,41.67,96.63,22.171429,PM2.5,31106
15.550000,15.900000,1.390000,0.850000,0.120000,71.260002,-0.830000,0.640000,287.559998,38.560001,81026.851562,41.68,96.81,22.214287,PM2.5,31107
15.790000,16.139999,1.410000,0.830000,0.120000,71.550003,-0.620000,0.920000,287.559998,38.740002,80992.390625,41.69,96.99,22.557142,PM2.5,31108
15.930000,16.280001,1.420000,0.770000,0.120000,71.580002,0.040000,1.040000,287.869995,38.029999,81232.281250,41.7,97.17,22.757143,PM2.5,31109
15.970000,16.309999,1.420000,0.730000,0.120000,71.500000,0.830000,0.600000,289.059998,35.759998,82486.273438,41.71,97.35,22.814285,PM2.5,31110
15.960000,16.309999,1.430000,0.730000,0.120000,71.150002,1.180000,-0.280000,290.279999,34.020000,84062.703125,41.72,97.53,22.799999,PM2.5,31111
16.170000,16.520000,1.450000,0.750000,0.120000,70.730003,0.950000,-1.110000,290.510010,34.509998,84657.968750,41.73,97.71,23.100000,PM2.5,31112
14.570000,14.940000,1.100000,0.700000,0.120000,71.589996,-3.990000,-0.990000,290.160004,28.940001,82530.796875,41.7,95.0,20.814285,PM2.5,31369
14.750000,15.110000,1.110000,0.760000,0.120000,72.040001,-4.130000,-0.840000,289.559998,30.120001,81785.539062,41.71,95.18,21.071428,PM2.5,31370
14.960000,15.300000,1.110000,0.630000,0.120000,73.059998,-3.610000,-0.390000,288.390015,32.279999,80556.906250,41.74,95.54,21.371429,PM2.5,31372
15.070000,15.400000,1.080000,0.580000,0.120000,73.089996,-3.280000,0.080000,288.100006,32.680000,80151.757812,41.75,95.72,21.528570,PM2.5,31373
15.130000,15.430000,1.100000,0.610000,0.120000,72.690002,-3.170000,0.370000,287.440002,34.009998,79502.187500,41.76,95.9,21.614286,PM2.5,31374
15.110000,15.390000,1.120000,0.650000,0.120000,72.699997,-3.070000,0.610000,286.500000,36.130001,78731.796875,41.77,96.08,21.585714,PM2.5,31375
14.970000,15.260000,1.130000,0.650000,0.120000,72.639999,-2.400000,0.390000,285.769989,37.849998,78243.992188,41.79,96.26,21.385715,PM2.5,31376
14.810000,15.100000,1.160000,0.680000,0.120000,72.150002,-1.240000,-0.010000,286.089996,38.220001,78910.273438,41.8,96.44,21.157143,PM2.5,31377
14.770000,15.070000,1.210000,0.730000,0.120000,71.690002,-0.370000,-0.340000,287.100006,38.080002,80415.382812,41.81,96.62,21.100000,PM2.5,31378
14.920000,15.240000,1.280000,0.790000,0.120000,71.169998,0.070000,-0.580000,287.769989,38.439999,81518.320312,41.82,96.79,21.314285,PM2.5,31379
15.240000,15.560000,1.310000,0.810000,0.120000,71.150002,0.430000,-0.510000,288.220001,38.189999,82081.656250,41.83,96.97,21.771429,PM2.5,31380
15.450000,15.780000,1.310000,0.800000,0.120000,70.980003,0.830000,-0.460000,288.790009,36.990002,82603.070312,41.84,97.15,22.071428,PM2.5,31381
15.530000,15.850000,1.300000,0.720000,0.120000,70.930000,1.110000,-0.960000,289.570007,35.380001,83352.468750,41.85,97.33,22.185715,PM2.5,31382
15.580000,15.900000,1.280000,0.690000,0.120000,70.809998,1.030000,-1.600000,290.170013,34.759998,84185.953125,41.86,97.51,22.257143,PM2.5,31383
15.850000,16.170000,1.330000,0.690000,0.120000,71.019997,0.810000,-1.620000,290.130005,35.330002,84341.703125,41.87,97.69,22.642859,PM2.5,31384
14.100000,14.370000,1.030000,0.650000,0.120000,72.599998,-2.580000,-0.680000,285.570007,37.419998,78286.968750,41.91,96.06,20.142859,PM2.5,31649
14.050000,14.310000,1.040000,0.620000,0.120000,72.779999,-1.730000,-0.650000,285.529999,37.740002,78401.476562,41.92,96.24,20.071428,PM2.5,31650
14.030000,14.300000,1.070000,0.630000,0.120000,72.529999,-0.840000,-1.090000,285.920013,37.860001,79091.367188,41.93,96.42,20.042856,PM2.5,31651
14.060000,14.330000,1.090000,0.670000,0.120000,72.190002,-0.290000,-1.700000,286.709991,37.840000,80304.148438,41.94,96.6,20.085714,PM2.5,31652
14.200000,14.480000,1.120000,0.700000,0.120000,71.949997,0.080000,-2.220000,287.369995,38.279999,81401.750000,41.95,96.78,20.285713,PM2.5,31653
14.520000,14.800000,1.110000,0.730000,0.120000,72.269997,0.730000,-2.460000,287.970001,37.630001,82046.476562,41.96,96.96,20.742857,PM2.5,31654
14.670000,14.940000,1.070000,0.770000,0.120000,72.330002,1.210000,-2.550000,288.720001,35.540001,82590.390625,41.97,97.14,20.957144,PM2.5,31655
14.700000,14.960000,1.010000,0.670000,0.120000,72.699997,1.580000,-2.870000,289.619995,33.330002,83441.218750,41.98,97.32,21.000000,PM2.5,31656
14.960000,15.220000,1.030000,0.640000,0.120000,72.180000,1.880000,-2.620000,290.329987,32.880001,84343.632812,41.99,97.5,21.371429,PM2.5,31657
13.410000,13.650000,0.940000,0.550000,0.120000,72.099998,-1.460000,-1.400000,285.540009,37.189999,78951.187500,42.05,96.23,19.157143,PM2.5,31919
13.400000,13.640000,0.970000,0.570000,0.120000,73.040001,-0.780000,-1.860000,285.519989,37.779999,79253.757812,42.06,96.41,19.142857,PM2.5,31920
13.360000,13.610000,0.960000,0.540000,0.120000,73.209999,-0.350000,-2.460000,286.200012,37.040001,80284.562500,42.07,96.59,19.085714,PM2.5,31921
13.430000,13.670000,0.960000,0.550000,0.120000,73.699997,0.020000,-2.740000,286.980011,36.450001,81308.617188,42.08,96.77,19.185715,PM2.5,31922
13.580000,13.820000,0.930000,0.580000,0.120000,74.620003,0.850000,-3.030000,287.309998,35.650002,81486.187500,42.09,96.95,19.400000,PM2.5,31923
13.710000,13.930000,0.890000,0.680000,0.120000,74.489998,1.810000,-3.210000,287.950012,33.500000,81748.429688,42.11,97.13,19.585714,PM2.5,31924
13.790000,14.010000,0.840000,0.610000,0.120000,74.910004,2.440000,-3.670000,289.299988,30.129999,83055.179688,42.11,97.31,19.700001,PM2.5,31925
13.980000,14.180000,0.800000,0.580000,0.120000,74.959999,2.780000,-3.460000,290.549988,28.209999,84523.937500,42.12,97.49,19.971428,PM2.5,31926
12.990000,13.220000,0.900000,0.530000,0.120000,73.650002,-1.520000,-1.490000,286.480011,35.049999,80879.976562,42.19,96.21,18.557142,PM2.5,32183
12.900000,13.120000,0.880000,0.520000,0.120000,74.120003,-0.730000,-1.980000,286.260010,35.270000,80636.617188,42.2,96.39,18.428572,PM2.5,32184
12.810000,13.030000,0.860000,0.490000,0.120000,74.589996,-0.170000,-2.340000,286.619995,34.490002,81151.992188,42.21,96.57,18.300001,PM2.5,32185
12.910000,13.130000,0.860000,0.500000,0.120000,74.800003,0.380000,-2.380000,287.260010,33.869999,81939.898438,42.22,96.75,18.442858,PM2.5,32186
13.020000,13.240000,0.850000,0.530000,0.120000,75.410004,1.170000,-2.570000,287.429993,33.369999,81914.296875,42.23,96.93,18.600000,PM2.5,32187
13.180000,13.380000,0.800000,0.620000,0.120000,74.389999,2.230000,-3.010000,288.029999,31.360001,82126.757812,42.24,97.11,18.828571,PM2.5,32188
13.270000,13.460000,0.760000,0.580000,0.120000,75.449997,3.140000,-3.700000,289.220001,28.129999,83340.070312,42.25,97.29,18.957144,PM2.5,32189
13.480000,13.660000,0.700000,0.550000,0.120000,75.730003,3.620000,-3.880000,290.359985,25.330000,84593.390625,42.26,97.48,19.257143,PM2.5,32190
12.600000,12.800000,0.800000,0.470000,0.120000,75.010002,-1.640000,-2.140000,287.739990,31.860001,82849.773438,42.32,96.2,18.000000,PM2.5,32444
12.440000,12.630000,0.770000,0.470000,0.120000,75.790001,-0.710000,-2.580000,287.450012,31.830000,82479.250000,42.33,96.38,17.771427,PM2.5,32445
12.350000,12.540000,0.750000,0.450000,0.120000,76.230003,0.160000,-2.720000,287.579987,31.190001,82589.929688,42.34,96.56,17.642859,PM2.5,32446
12.470000,12.660000,0.770000,0.510000,0.120000,75.910004,0.990000,-2.480000,288.200012,30.620001,83293.968750,42.35,96.74,17.814285,PM2.5,32447
12.590000,12.780000,0.770000,0.540000,0.120000,75.949997,1.750000,-2.270000,288.820007,29.490000,83756.023438,42.36,96.92,17.985714,PM2.5,32448
12.710000,12.900000,0.740000,0.530000,0.120000,76.250000,2.670000,-2.430000,289.390015,27.780001,84150.453125,42.37,97.1,18.157143,PM2.5,32449
12.930000,13.110000,0.690000,0.530000,0.120000,76.349998,3.520000,-2.860000,290.140015,25.500000,84765.851562,42.38,97.28,18.471430,PM2.5,32450
12.080000,12.260000,0.740000,0.400000,0.120000,73.949997,-2.580000,-3.240000,288.809998,28.990000,84431.539062,42.44,96.0,17.257143,PM2.5,32693
12.290000,12.470000,0.730000,0.440000,0.120000,76.360001,-1.590000,-3.640000,288.079987,29.670000,83611.281250,42.45,96.18,17.557142,PM2.5,32694
12.110000,12.290000,0.700000,0.450000,0.120000,77.120003,-0.420000,-3.890000,287.880005,29.520000,83281.453125,42.46,96.36,17.299999,PM2.5,32695
12.030000,12.200000,0.690000,0.440000,0.120000,77.300003,0.880000,-3.780000,288.369995,28.530001,83805.859375,42.48,96.54,17.185715,PM2.5,32696
12.110000,12.290000,0.700000,0.480000,0.120000,76.669998,2.030000,-3.110000,289.269989,27.510000,84807.117188,42.49,96.72,17.299999,PM2.5,32697
12.240000,12.420000,0.710000,0.500000,0.120000,76.250000,2.940000,-2.380000,290.320007,26.200001,85795.531250,42.5,96.91,17.485714,PM2.5,32698
12.450000,12.620000,0.680000,0.500000,0.120000,76.300003,3.470000,-1.980000,291.059998,24.629999,86326.906250,42.51,97.09,17.785713,PM2.5,32699
12.770000,12.940000,0.640000,0.510000,0.120000,75.809998,3.700000,-2.120000,291.410004,23.360001,86474.273438,42.52,97.27,18.242857,PM2.5,32700
12.200000,12.380000,0.710000,0.460000,0.120000,77.300003,-1.080000,-4.410000,288.510010,28.370001,84453.343750,42.59,96.17,17.428572,PM2.5,32933
12.080000,12.250000,0.690000,0.500000,0.120000,77.669998,0.390000,-4.610000,288.250000,28.670000,84041.640625,42.6,96.35,17.257143,PM2.5,32934
11.990000,12.160000,0.680000,0.480000,0.120000,77.419998,2.000000,-4.470000,289.029999,27.379999,84846.718750,42.61,96.53,17.128571,PM2.5,32935
11.960000,12.120000,0.680000,0.460000,0.120000,76.900002,3.220000,-3.760000,290.220001,25.530001,86161.226562,42.62,96.71,17.085714,PM2.5,32936
12.030000,12.200000,0.660000,0.450000,0.120000,76.400002,3.800000,-2.950000,291.209991,24.020000,87088.398438,42.63,96.89,17.185715,PM2.5,32937
12.280000,12.440000,0.640000,0.480000,0.120000,75.820000,3.730000,-2.420000,291.799988,22.830000,87380.023438,42.64,97.07,17.542856,PM2.5,32938
