PM2.5(微克每立方米),PM10(微克每立方米),SO2(微克每立方米),NO2(微克每立方米),CO(毫克每立方米),O3(微克每立方米),U(m/s),V(m/s),TEMP(K),RH(%),PSFC(Pa),lat,lon,AQI,Major pollutants,id
38.860001,62.320000,15.930000,7.930000,0.540000,78.809998,2.300000,10.220000,285.019989,99.599998,74720.562500,32.71,104.6,56.160000,PM10,13804
33.650002,58.869999,16.170000,8.330000,0.550000,83.699997,0.840000,9.390000,288.200012,94.660004,80103.453125,32.71,104.76,54.434998,PM10,13805
27.780001,53.950001,17.180000,8.310000,0.570000,87.930000,-1.920000,7.580000,291.160004,87.930000,85048.398438,32.71,104.92,51.974998,PM10,13806
25.660000,53.400002,17.510000,9.020000,0.590000,85.239998,-3.130000,6.130000,291.540009,88.849998,86562.187500,32.71,105.08,51.700001,PM10,13807
24.059999,52.279999,16.770000,9.150000,0.600000,79.919998,-2.540000,5.340000,291.489990,88.839996,86835.617188,32.71,105.24,51.139999,PM10,13808
31.629999,56.709999,18.420000,6.260000,0.510000,86.269997,2.740000,11.410000,285.880005,89.580002,73930.156250,32.84,104.43,53.355000,PM10,14060
28.450001,54.070000,17.629999,6.810000,0.540000,84.250000,-0.140000,9.220000,288.790009,84.040001,78439.320312,32.84,104.6,52.035000,PM10,14061
26.290001,53.240002,17.860001,7.750000,0.570000,86.500000,-3.300000,7.590000,290.470001,86.019997,82769.843750,32.84,104.76,51.620003,PM10,14062
24.090000,51.349998,18.370001,8.130000,0.580000,88.580002,-4.310000,6.530000,291.779999,85.820000,86059.671875,32.84,104.92,50.674999,PM10,14063
24.040001,51.500000,18.780001,8.310000,0.580000,89.849998,-3.890000,6.340000,291.179993,88.720001,85805.976562,32.84,105.08,50.750000,PM10,14064
24.480000,53.549999,17.670000,8.420000,0.600000,82.360001,-2.890000,6.240000,290.010010,93.889999,84755.328125,32.84,105.24,51.775002,PM10,14065
24.780001,52.689999,19.350000,6.570000,0.540000,84.790001,-3.280000,6.460000,288.750000,82.610001,78147.429688,32.98,104.43,51.345001,PM10,14317
24.660000,52.750000,19.160000,7.370000,0.570000,86.279999,-5.940000,4.820000,289.359985,89.199997,81267.187500,32.98,104.59,51.375000,PM10,14318
25.900000,54.139999,19.209999,8.300000,0.600000,86.919998,-5.820000,5.740000,288.820007,95.800003,82084.492188,32.98,104.76,52.070000,PM10,14319
23.020000,51.070000,19.410000,8.230000,0.600000,89.919998,-4.710000,6.040000,290.480011,91.739998,85055.953125,32.98,104.92,50.535000,PM10,14320
22.930000,50.549999,19.750000,7.790000,0.590000,93.040001,-3.800000,6.410000,290.279999,91.389999,84573.531250,32.98,105.08,50.275002,PM10,14321
25.129999,54.400002,18.340000,7.830000,0.600000,84.260002,-3.230000,6.420000,289.279999,96.269997,83748.398438,32.98,105.24,52.200001,PM10,14322
23.920000,51.910000,17.510000,7.420000,0.590000,82.070000,-2.400000,5.110000,290.070007,94.150002,85449.382812,32.98,105.41,50.955002,PM10,14323
24.680000,49.970001,17.030001,6.190000,0.570000,87.239998,-0.910000,4.650000,290.950012,89.800003,86494.078125,32.98,105.57,49.970001,PM10,14324
23.469999,46.910000,17.660000,6.740000,0.590000,88.410004,0.220000,4.150000,292.079987,84.230003,87688.476562,32.98,105.73,46.910000,PM10,14325
21.840000,44.080002,16.910000,7.390000,0.620000,82.190002,0.660000,4.750000,293.690002,76.019997,89256.710938,32.98,105.89,44.080002,PM10,14326
22.950001,53.040001,20.129999,6.740000,0.560000,88.000000,-7.070000,4.120000,288.829987,89.650002,80229.578125,33.11,104.43,51.520000,PM10,14579
26.200001,55.480000,19.670000,7.830000,0.600000,86.550003,-6.570000,5.560000,286.920013,99.580002,78800.117188,33.11,104.59,52.739998,PM10,14580
25.879999,54.770000,19.530001,8.900000,0.630000,85.910004,-4.890000,6.530000,287.239990,100.000000,79908.656250,33.12,104.76,52.385002,PM10,14581
24.330000,52.950001,19.580000,8.560000,0.620000,89.629997,-4.300000,7.070000,288.500000,98.580002,82596.976562,33.12,104.92,51.474998,PM10,14582
24.430000,53.070000,19.790001,7.870000,0.600000,92.139999,-3.710000,7.570000,288.489990,97.470001,82174.531250,33.12,105.08,51.535000,PM10,14583
26.129999,55.290001,18.670000,7.680000,0.600000,85.500000,-3.180000,6.980000,288.260010,98.349998,82207.406250,33.12,105.24,52.645000,PM10,14584
26.309999,53.619999,18.150000,6.880000,0.590000,86.639999,-1.880000,6.240000,288.470001,97.919998,82851.156250,33.11,105.41,51.809998,PM10,14585
26.860001,52.580002,17.180000,5.740000,0.570000,86.879997,-0.440000,6.520000,289.299988,95.150002,83948.546875,33.11,105.57,51.290001,PM10,14586
25.410000,48.860001,17.350000,6.390000,0.590000,88.919998,0.130000,5.180000,291.260010,86.669998,86393.828125,33.11,105.73,48.860001,PM10,14587
24.850000,46.400002,16.660000,7.130000,0.620000,84.720001,0.170000,4.660000,293.040009,78.260002,88568.250000,33.11,105.89,46.400002,PM10,14588
18.850000,22.080000,4.960000,1.130000,0.170000,71.029999,2.410000,3.720000,283.739990,76.239998,63768.429688,33.21,101.83,26.928572,PM2.5,14824
20.010000,24.030001,5.720000,1.430000,0.190000,70.050003,2.320000,3.630000,285.260010,72.709999,65470.679688,33.22,101.99,28.585714,PM2.5,14825
24.700001,55.110001,19.420000,6.830000,0.570000,87.120003,-4.930000,5.270000,286.940002,97.580002,78129.789062,33.25,104.43,52.555000,PM10,14840
26.340000,56.360001,19.400000,8.060000,0.610000,85.720001,-4.490000,7.870000,285.720001,100.000000,76300.343750,33.25,104.59,53.180000,PM10,14841
25.730000,55.160000,19.180000,8.900000,0.640000,86.110001,-3.760000,7.740000,286.559998,100.000000,78455.960938,33.25,104.76,52.580002,PM10,14842
24.969999,53.970001,19.420000,8.500000,0.630000,90.089996,-3.770000,8.720000,287.660004,99.389999,80897.937500,33.25,104.92,51.985001,PM10,14843
24.330000,53.299999,19.320000,7.560000,0.610000,92.820000,-3.750000,8.810000,288.109985,97.070000,81272.882812,33.25,105.08,51.650002,PM10,14844
26.790001,55.980000,18.280001,7.380000,0.600000,86.279999,-3.120000,8.290000,287.519989,99.059998,80916.609375,33.25,105.24,52.989998,PM10,14845
27.580000,55.369999,17.780001,6.320000,0.580000,87.480003,-1.530000,8.290000,287.540009,98.940002,81068.523438,33.25,105.41,52.684998,PM10,14846
27.129999,52.360001,17.580000,4.970000,0.560000,93.370003,-0.630000,7.690000,289.119995,93.279999,83080.523438,33.25,105.57,51.180000,PM10,14847
26.309999,49.840000,17.150000,5.890000,0.580000,91.790001,-0.370000,6.490000,290.950012,86.199997,85514.390625,33.25,105.73,49.840000,PM10,14848
21.950001,24.959999,5.830000,1.420000,0.190000,70.150002,1.480000,2.190000,284.760010,74.500000,65330.199219,33.35,101.99,31.357143,PM2.5,15083
23.990000,27.510000,6.670000,1.630000,0.200000,70.389999,1.400000,2.750000,285.429993,73.150002,66078.843750,33.36,102.15,34.271427,PM2.5,15084
26.110001,55.910000,17.740000,6.080000,0.500000,83.379997,-2.370000,5.210000,283.600006,99.180000,71695.429688,33.39,104.27,52.955002,PM10,15097
26.820000,57.320000,18.760000,7.140000,0.570000,83.750000,-2.060000,7.230000,285.019989,99.839996,74733.000000,33.39,104.43,53.660000,PM10,15098
26.730000,56.869999,18.980000,7.980000,0.610000,84.860001,-3.080000,7.840000,285.769989,99.919998,76347.789062,33.39,104.59,53.434998,PM10,15099
25.900000,55.369999,18.980000,8.870000,0.640000,86.529999,-3.510000,7.180000,286.850006,99.830002,79061.546875,33.39,104.76,52.684998,PM10,15100
22.450001,51.349998,19.090000,7.990000,0.630000,93.070000,-3.390000,8.470000,288.850006,92.720001,81925.726562,33.39,104.92,50.674999,PM10,15101
23.379999,51.900002,18.690001,6.950000,0.610000,95.610001,-3.400000,8.910000,288.609985,92.570000,81340.109375,33.39,105.08,50.950001,PM10,15102
27.100000,56.099998,17.840000,6.960000,0.600000,87.660004,-2.490000,9.530000,287.049988,98.739998,79837.382812,33.39,105.24,53.049999,PM10,15103
26.299999,54.290001,17.549999,5.490000,0.580000,91.029999,-1.370000,9.660000,288.070007,94.300003,81096.843750,33.39,105.41,52.145000,PM10,15104
25.990000,51.750000,17.040001,4.780000,0.560000,92.949997,-1.350000,8.220000,290.140015,86.089996,83664.531250,33.39,105.57,50.875000,PM10,15105
23.670000,25.850000,5.930000,1.460000,0.190000,70.269997,0.590000,1.110000,284.239990,77.070000,65314.050781,33.49,101.98,33.814285,PM2.5,15342
26.820000,29.549999,7.070000,1.630000,0.200000,70.029999,0.230000,1.480000,285.029999,75.650002,66355.617188,33.49,102.14,38.314285,PM2.5,15343
29.520000,32.730000,8.050000,1.830000,0.220000,71.040001,-0.420000,2.210000,285.489990,74.639999,66739.726562,33.5,102.31,42.171429,PM2.5,15344
24.959999,54.630001,17.160000,5.540000,0.480000,83.730003,-0.050000,8.860000,283.480011,94.080002,69883.093750,33.52,104.27,52.315002,PM10,15356
26.129999,57.139999,18.510000,6.780000,0.560000,83.500000,-2.450000,8.250000,285.429993,96.720001,74719.281250,33.52,104.43,53.570000,PM10,15357
27.219999,57.840000,18.740000,7.840000,0.610000,84.059998,-4.310000,6.960000,286.070007,99.750000,77011.093750,33.52,104.59,53.919998,PM10,15358
27.049999,56.709999,18.580000,8.610000,0.630000,85.529999,-3.830000,6.820000,286.250000,100.000000,78025.742188,33.52,104.76,53.355000,PM10,15359
25.370001,54.099998,18.600000,8.160000,0.620000,91.730003,-2.500000,7.730000,287.209991,98.849998,79892.976562,33.52,104.92,52.049999,PM10,15360
23.799999,52.389999,18.080000,7.090000,0.610000,94.709999,-2.000000,8.870000,287.869995,94.500000,80221.953125,33.52,105.08,51.195000,PM10,15361
24.760000,53.470001,17.629999,6.140000,0.590000,92.059998,-1.820000,9.680000,288.200012,91.370003,80491.632812,33.52,105.24,51.735001,PM10,15362
24.420000,51.330002,17.129999,4.840000,0.560000,93.260002,-1.990000,8.750000,290.519989,81.639999,83142.476562,33.52,105.41,50.665001,PM10,15363
25.340000,50.869999,16.490000,4.910000,0.560000,91.699997,-2.370000,7.530000,291.440002,80.070000,84961.648438,33.52,105.57,50.434998,PM10,15364
26.830000,50.630001,15.980000,5.900000,0.590000,88.059998,-2.180000,6.750000,291.989990,79.820000,86280.742188,33.52,105.73,50.315002,PM10,15365
19.190001,20.160000,4.160000,1.210000,0.160000,71.580002,0.340000,0.860000,282.799988,80.459999,63612.359375,33.62,101.65,27.414286,PM2.5,15601
21.850000,23.129999,4.990000,1.400000,0.170000,71.580002,-0.020000,0.440000,283.390015,80.870003,64851.769531,33.62,101.81,31.214287,PM2.5,15602
25.200001,26.850000,6.100000,1.500000,0.190000,71.519997,-0.500000,0.370000,283.739990,80.730003,65480.910156,33.62,101.98,36.000000,PM2.5,15603
29.150000,31.320000,7.460000,1.600000,0.210000,71.120003,-0.810000,0.530000,284.299988,79.849998,66371.218750,33.63,102.14,41.642857,PM2.5,15604
33.049999,35.759998,8.780000,1.800000,0.230000,71.599998,-1.360000,1.860000,284.890015,78.029999,66805.000000,33.63,102.3,47.214283,PM2.5,15605
23.510000,53.860001,17.500000,5.280000,0.480000,83.699997,-2.920000,6.300000,286.619995,84.680000,74004.289062,33.66,104.26,51.930000,PM10,15617
24.870001,56.520000,18.719999,6.110000,0.540000,86.550003,-4.940000,7.300000,286.839996,92.589996,76790.312500,33.66,104.43,53.260002,PM10,15618
28.379999,59.529999,18.740000,7.510000,0.590000,84.389999,-4.330000,7.470000,285.600006,99.730003,76222.656250,33.66,104.59,54.764999,PM10,15619
28.240000,58.310001,18.459999,8.050000,0.610000,85.800003,-2.760000,8.160000,285.200012,100.000000,75754.882812,33.66,104.75,54.154999,PM10,15620
26.840000,55.169998,18.629999,7.920000,0.610000,93.680000,-1.630000,7.780000,286.359985,99.190002,78020.617188,33.66,104.92,52.584999,PM10,15621
23.740000,52.480000,17.910000,7.050000,0.590000,94.949997,-2.000000,8.780000,288.470001,90.510002,80574.523438,33.66,105.08,51.239998,PM10,15622
24.070000,51.840000,17.180000,5.800000,0.570000,92.959999,-2.970000,8.290000,290.000000,83.220001,82219.476562,33.66,105.25,50.919998,PM10,15623
24.709999,51.150002,16.389999,5.230000,0.560000,90.599998,-3.460000,6.470000,291.119995,80.360001,84314.703125,33.66,105.41,50.575001,PM10,15624
27.299999,52.290001,15.840000,5.820000,0.570000,88.169998,-3.230000,5.900000,291.160004,81.760002,85124.046875,33.66,105.57,51.145000,PM10,15625
28.520000,52.070000,15.370000,6.560000,0.600000,84.919998,-2.720000,5.570000,291.720001,80.809998,86384.906250,33.66,105.74,51.035000,PM10,15626
29.950001,51.349998,14.910000,7.210000,0.650000,83.260002,-1.950000,5.180000,293.049988,76.389999,88388.046875,33.66,105.9,50.674999,PM10,15627
31.160000,49.470001,13.590000,7.030000,0.660000,83.029999,-1.560000,5.870000,294.529999,69.480003,89509.203125,33.66,106.06,49.470001,PM10,15628
33.410000,48.830002,12.100000,5.850000,0.660000,85.879997,-1.940000,6.600000,293.170013,71.400002,86643.890625,33.65,106.23,48.830002,PM10,15629
37.029999,52.599998,10.390000,5.610000,0.680000,82.309998,-2.020000,8.400000,289.309998,82.470001,81459.882812,33.65,106.39,52.537498,PM2.5,15630
40.560001,55.590000,9.450000,5.780000,0.710000,82.220001,-2.240000,7.500000,288.109985,86.250000,80088.523438,33.65,106.55,56.950001,PM2.5,15631
13.980000,14.670000,2.650000,1.160000,0.140000,71.129997,-0.570000,0.610000,281.190002,81.330002,61516.328125,33.74,101.32,19.971428,PM2.5,15859
16.850000,17.730000,3.520000,1.190000,0.150000,72.180000,-0.060000,0.580000,281.809998,82.349998,62523.851562,33.75,101.48,24.071428,PM2.5,15860
20.240000,21.379999,4.630000,1.290000,0.170000,74.040001,-0.340000,0.050000,283.000000,81.709999,64338.449219,33.75,101.64,28.914286,PM2.5,15861
23.860001,25.459999,5.590000,1.530000,0.190000,72.099998,-1.050000,-0.110000,283.140015,83.489998,65097.179688,33.76,101.81,34.085716,PM2.5,15862
27.580000,29.690001,6.810000,1.650000,0.200000,71.480003,-1.500000,0.260000,283.140015,84.349998,65333.910156,33.76,101.97,39.400002,PM2.5,15863
31.920000,34.720001,8.330000,1.760000,0.230000,70.970001,-1.880000,0.410000,283.910004,82.339996,66500.679688,33.76,102.14,45.599998,PM2.5,15864
34.959999,38.310001,9.540000,1.830000,0.250000,71.930000,-2.380000,1.500000,284.549988,79.830002,67038.132812,33.77,102.3,49.942856,PM2.5,15865
41.639999,51.220001,14.790000,2.420000,0.330000,80.029999,0.040000,3.830000,282.459991,86.300003,65361.859375,33.78,103.28,58.299999,PM2.5,15871
36.660000,51.139999,15.700000,2.880000,0.330000,79.760002,-0.410000,3.920000,283.649994,81.980003,66827.039062,33.79,103.44,52.075001,PM2.5,15872
31.959999,52.360001,16.219999,3.320000,0.360000,79.830002,-0.930000,3.630000,284.980011,78.209999,68760.476562,33.79,103.61,51.180000,PM10,15873
28.309999,53.270000,16.549999,3.630000,0.380000,80.059998,-1.180000,4.680000,285.329987,77.970001,69534.546875,33.79,103.77,51.635002,PM10,15874
25.680000,53.470001,16.740000,3.970000,0.400000,81.459999,-2.520000,6.570000,285.269989,79.480003,69567.882812,33.79,103.94,51.735001,PM10,15875
26.740000,56.790001,17.040001,4.620000,0.430000,82.449997,-4.740000,4.410000,284.910004,91.250000,72225.132812,33.79,104.1,53.395000,PM10,15876
27.580000,58.700001,17.830000,5.320000,0.480000,84.639999,-5.510000,3.580000,285.679993,96.480003,75300.320312,33.79,104.26,54.349998,PM10,15877
26.730000,58.860001,18.410000,5.980000,0.530000,85.370003,-4.240000,6.530000,285.769989,97.449997,75660.796875,33.79,104.43,54.430000,PM10,15878
28.400000,60.619999,18.580000,7.340000,0.590000,83.980003,-2.970000,7.040000,285.519989,99.110001,75703.039062,33.8,104.59,55.309998,PM10,15879
26.790001,57.970001,18.350000,7.620000,0.600000,87.820000,-2.640000,6.830000,286.269989,97.500000,77047.203125,33.8,104.75,53.985001,PM10,15880
23.969999,53.709999,17.889999,7.250000,0.600000,94.089996,-2.730000,6.140000,288.329987,90.570000,80118.453125,33.8,104.92,51.855000,PM10,15881
23.459999,52.310001,17.219999,7.260000,0.590000,93.800003,-3.550000,7.390000,290.130005,83.709999,82508.046875,33.8,105.08,51.154999,PM10,15882
25.330000,53.380001,16.590000,6.460000,0.570000,91.669998,-4.690000,7.270000,289.890015,84.660004,82650.406250,33.8,105.25,51.690002,PM10,15883
28.639999,55.330002,15.720000,6.400000,0.560000,87.879997,-4.320000,6.000000,288.940002,90.430000,82606.867188,33.8,105.41,52.665001,PM10,15884
30.440001,55.680000,15.010000,6.990000,0.580000,85.019997,-3.050000,5.140000,289.470001,89.019997,83799.148438,33.79,105.57,52.840000,PM10,15885
30.740000,54.720001,14.810000,7.650000,0.620000,83.570000,-2.420000,4.700000,291.200012,82.889999,86300.703125,33.79,105.74,52.360001,PM10,15886
31.620001,53.990002,14.440000,8.170000,0.670000,82.449997,-1.630000,4.880000,292.600006,77.559998,88063.726562,33.79,105.9,51.995003,PM10,15887
32.740002,52.180000,13.050000,7.280000,0.680000,82.860001,-0.380000,4.710000,293.739990,72.300003,88954.898438,33.79,106.06,51.090000,PM10,15888
34.000000,50.750000,11.440000,6.410000,0.680000,83.500000,0.430000,4.370000,293.850006,69.870003,87962.890625,33.79,106.23,50.375000,PM10,15889
35.849998,50.849998,10.220000,6.070000,0.690000,82.889999,-0.170000,5.300000,292.730011,70.900002,85376.421875,33.79,106.39,51.062500,PM2.5,15890
11.820000,12.700000,1.990000,1.200000,0.130000,70.559998,-1.350000,0.710000,281.290009,78.800003,61422.460938,33.87,101.15,16.885714,PM2.5,16118
14.330000,15.230000,2.630000,1.060000,0.140000,70.830002,-0.760000,1.010000,280.500000,83.500000,60997.390625,33.88,101.31,20.471428,PM2.5,16119
17.510000,18.620001,3.550000,1.120000,0.150000,71.989998,-0.350000,1.040000,281.000000,85.250000,61906.660156,33.88,101.48,25.014286,PM2.5,16120
22.030001,23.580000,4.840000,1.340000,0.180000,72.400002,-0.690000,0.540000,281.880005,86.050003,63465.410156,33.89,101.64,31.471430,PM2.5,16121
27.110001,29.360001,6.310000,1.680000,0.210000,70.389999,-1.510000,0.260000,282.489990,86.629997,64896.718750,33.89,101.8,38.728573,PM2.5,16122
31.510000,34.549999,7.820000,1.890000,0.230000,69.589996,-2.610000,0.390000,282.989990,85.820000,65828.226562,33.9,101.97,45.014286,PM2.5,16123
34.599998,38.299999,9.120000,1.900000,0.250000,70.230003,-3.430000,0.540000,283.420013,84.239998,66337.546875,33.9,102.13,49.428570,PM2.5,16124
44.689999,55.000000,14.970000,2.460000,0.370000,78.010002,-2.430000,2.020000,283.679993,84.930000,67775.617188,33.92,103.28,62.112499,PM2.5,16131
40.869999,54.939999,15.000000,2.750000,0.350000,79.739998,-3.380000,-0.330000,284.820007,83.059998,70130.617188,33.92,103.44,57.337498,PM2.5,16132
37.290001,56.240002,15.330000,3.250000,0.360000,82.089996,-3.750000,-1.410000,285.670013,82.660004,72174.093750,33.92,103.61,53.120003,PM10,16133
33.889999,57.369999,16.160000,3.620000,0.380000,81.839996,-4.280000,-0.180000,286.059998,84.470001,73255.890625,33.93,103.77,53.684998,PM10,16134
30.760000,58.020000,16.700001,3.940000,0.410000,81.470001,-5.890000,2.370000,286.059998,86.800003,73575.281250,33.93,103.93,54.010002,PM10,16135
30.870001,60.450001,17.049999,4.430000,0.430000,82.010002,-6.350000,3.890000,284.299988,97.110001,72590.953125,33.93,104.1,55.224998,PM10,16136
30.469999,61.669998,17.520000,5.250000,0.470000,82.750000,-4.910000,4.830000,284.109985,99.519997,72773.242188,33.93,104.26,55.834999,PM10,16137
28.120001,60.990002,18.059999,6.030000,0.520000,84.339996,-4.250000,5.630000,285.529999,98.139999,75294.242188,33.93,104.43,55.495003,PM10,16138
26.490000,59.959999,18.250000,7.180000,0.560000,86.769997,-4.220000,5.070000,286.690002,94.980003,77163.046875,33.93,104.59,54.980000,PM10,16139
27.309999,59.470001,17.700001,8.340000,0.590000,87.940002,-3.690000,4.430000,286.459991,97.919998,77629.023438,33.93,104.75,54.735001,PM10,16140
25.389999,56.119999,16.950001,8.590000,0.590000,91.639999,-2.960000,5.100000,287.619995,94.739998,79694.617188,33.93,104.92,53.059998,PM10,16141
24.660000,54.200001,16.420000,8.040000,0.580000,92.480003,-3.280000,6.660000,289.869995,85.529999,82636.406250,33.93,105.08,52.099998,PM10,16142
27.020000,55.410000,15.970000,7.480000,0.560000,91.589996,-4.330000,7.920000,289.290009,86.849998,82043.757812,33.93,105.25,52.705002,PM10,16143
31.420000,58.570000,15.270000,7.690000,0.560000,86.750000,-3.900000,7.690000,287.489990,94.989998,80634.296875,33.93,105.41,54.285000,PM10,16144
32.930000,58.290001,14.830000,8.160000,0.580000,86.080002,-2.850000,5.970000,288.179993,93.449997,82164.718750,33.93,105.57,54.145000,PM10,16145
33.990002,58.779999,14.250000,10.020000,0.640000,82.150002,-2.460000,4.800000,289.739990,88.610001,84883.507812,33.93,105.74,54.389999,PM10,16146
34.660000,58.099998,13.950000,9.990000,0.690000,81.980003,-1.680000,4.860000,291.109985,82.809998,86322.562500,33.93,105.9,54.049999,PM10,16147
35.860001,55.860001,12.580000,7.830000,0.680000,84.769997,-0.630000,4.160000,291.790009,79.339996,86686.726562,33.93,106.07,52.930000,PM10,16148
37.169998,54.919998,10.710000,7.610000,0.690000,82.120003,-0.370000,2.910000,292.690002,74.169998,87178.210938,33.93,106.23,52.712498,PM2.5,16149
38.470001,54.610001,9.550000,7.650000,0.710000,79.860001,-1.520000,2.050000,293.380005,69.889999,87505.078125,33.92,106.39,54.337502,PM2.5,16150
9.900000,10.970000,1.500000,1.610000,0.120000,70.260002,-1.540000,0.320000,280.779999,79.430000,61272.750000,34.01,100.98,14.142857,PM2.5,16378
12.060000,13.320000,1.990000,1.480000,0.130000,70.720001,-1.180000,1.340000,280.040009,82.440002,60553.761719,34.01,101.14,17.228573,PM2.5,16379
14.270000,15.380000,2.520000,1.060000,0.140000,70.839996,-0.310000,2.010000,280.040009,83.410004,60684.449219,34.01,101.31,20.385715,PM2.5,16380
17.840000,19.170000,3.490000,1.130000,0.160000,71.550003,-0.250000,1.950000,281.059998,83.949997,62106.578125,34.02,101.47,25.485714,PM2.5,16381
23.620001,25.410000,5.010000,1.400000,0.180000,71.160004,-1.560000,1.320000,281.959991,86.349998,63910.769531,34.02,101.63,33.742859,PM2.5,16382
28.490000,30.870001,6.410000,1.580000,0.210000,70.199997,-2.800000,0.560000,282.399994,87.970001,65067.199219,34.03,101.8,40.700001,PM2.5,16383
32.270000,35.380001,7.700000,1.800000,0.230000,69.209999,-3.440000,0.490000,282.390015,88.150002,65146.679688,34.03,101.96,46.100002,PM2.5,16384
35.590000,39.630001,9.190000,1.960000,0.260000,70.339996,-3.490000,1.060000,282.029999,89.239998,65051.238281,34.04,102.13,50.737499,PM2.5,16385
38.049999,42.959999,10.440000,1.930000,0.290000,72.099998,-3.600000,2.030000,282.119995,89.040001,65316.839844,34.04,102.29,53.812500,PM2.5,16386
43.080002,53.369999,14.200000,2.410000,0.360000,85.110001,-4.740000,-0.470000,285.230011,79.599998,70275.476562,34.06,103.28,60.100002,PM2.5,16392
40.299999,53.470001,14.320000,2.530000,0.340000,85.650002,-4.560000,-1.230000,284.510010,82.089996,69381.773438,34.06,103.44,56.625000,PM2.5,16393
38.090000,55.090000,14.640000,2.790000,0.350000,84.650002,-3.360000,-1.060000,284.390015,84.800003,69882.703125,34.06,103.6,53.862499,PM2.5,16394
36.919998,58.389999,15.740000,3.460000,0.380000,83.779999,-3.900000,-0.250000,284.920013,87.510002,71726.617188,34.06,103.77,54.195000,PM10,16395
35.709999,60.860001,16.400000,3.870000,0.410000,82.279999,-4.810000,1.650000,284.339996,95.019997,72103.859375,34.06,103.93,55.430000,PM10,16396
34.700001,62.700001,16.840000,4.490000,0.440000,81.349998,-4.760000,4.170000,283.899994,98.230003,71959.656250,34.06,104.1,56.349998,PM10,16397
32.730000,63.029999,17.389999,5.230000,0.470000,82.980003,-5.160000,4.960000,284.850006,98.910004,74050.468750,34.07,104.26,56.514999,PM10,16398
30.190001,62.270000,17.780001,5.920000,0.500000,85.089996,-5.240000,4.850000,285.739990,98.089996,75940.796875,34.07,104.43,56.135002,PM10,16399
30.030001,62.389999,17.559999,7.270000,0.540000,84.599998,-3.790000,4.460000,285.200012,99.650002,75336.226562,34.07,104.59,56.195000,PM10,16400
29.980000,61.500000,17.610001,8.470000,0.560000,89.580002,-2.180000,4.980000,284.880005,100.000000,74860.976562,34.07,104.75,55.750000,PM10,16401
28.100000,59.110001,17.090000,9.480000,0.570000,93.239998,-1.860000,5.580000,286.429993,98.410004,77899.007812,34.07,104.92,54.555000,PM10,16402
26.230000,56.480000,16.180000,9.910000,0.570000,91.510002,-2.330000,6.800000,289.350006,87.629997,82121.546875,34.07,105.08,53.239998,PM10,16403
27.990000,56.830002,15.690000,9.750000,0.560000,90.180000,-2.930000,7.960000,289.649994,84.309998,82244.640625,34.07,105.25,53.415001,PM10,16404
31.969999,59.540001,15.100000,8.970000,0.550000,87.989998,-3.490000,8.610000,288.260010,90.599998,81132.523438,34.07,105.41,54.770000,PM10,16405
34.529999,60.759998,14.420000,9.640000,0.580000,84.110001,-3.550000,7.430000,287.940002,93.910004,81781.523438,34.07,105.57,55.379997,PM10,16406
35.919998,60.700001,14.080000,11.220000,0.630000,83.059998,-2.760000,6.080000,288.250000,93.919998,82893.539062,34.07,105.74,55.349998,PM10,16407
36.869999,60.200001,13.530000,11.070000,0.680000,82.599998,-1.620000,5.560000,289.250000,89.930000,84154.976562,34.06,105.9,55.099998,PM10,16408
37.650002,57.820000,11.970000,7.570000,0.660000,84.470001,-1.250000,4.750000,290.130005,85.529999,84822.632812,34.06,106.07,53.910000,PM10,16409
38.900002,56.810001,10.410000,6.690000,0.670000,83.059998,-1.700000,4.030000,290.670013,81.529999,84902.750000,34.06,106.23,54.875000,PM2.5,16410
40.660000,57.380001,9.250000,6.760000,0.690000,80.059998,-2.920000,3.490000,290.880005,79.169998,84917.976562,34.06,106.4,57.075001,PM2.5,16411
10.330000,11.750000,1.660000,2.020000,0.120000,71.430000,-0.810000,0.920000,280.920013,77.250000,61570.851562,34.14,100.97,14.757143,PM2.5,16638
12.690000,14.310000,2.250000,1.800000,0.130000,71.199997,-0.300000,1.790000,281.230011,76.830002,61665.191406,34.15,101.14,18.128571,PM2.5,16639
14.990000,16.290001,2.700000,1.130000,0.140000,70.269997,-0.520000,1.940000,281.769989,76.889999,62454.308594,34.15,101.3,21.414286,PM2.5,16640
19.770000,21.250000,3.850000,1.190000,0.160000,70.220001,-1.860000,1.270000,282.529999,79.739998,64225.839844,34.16,101.46,28.242857,PM2.5,16641
25.450001,27.240000,5.190000,1.410000,0.190000,69.680000,-3.390000,0.520000,282.299988,85.860001,65160.230469,34.16,101.63,36.357143,PM2.5,16642
36.070000,39.959999,8.740000,1.870000,0.260000,70.389999,-2.630000,1.960000,280.920013,93.540001,64149.820312,34.17,102.12,51.337502,PM2.5,16645
38.160000,43.400002,10.170000,1.970000,0.300000,72.169998,-3.150000,2.380000,281.890015,89.820000,65345.500000,34.18,102.29,53.950001,PM2.5,16646
40.349998,46.720001,11.470000,2.090000,0.340000,74.309998,-3.910000,3.110000,281.829987,90.599998,65338.359375,34.18,102.45,56.687500,PM2.5,16647
42.680000,49.869999,12.430000,2.300000,0.390000,74.940002,-3.730000,3.050000,281.359985,93.160004,65244.289062,34.18,102.62,59.599998,PM2.5,16648
43.340000,52.529999,13.640000,3.080000,0.380000,80.910004,-3.330000,0.560000,283.239990,86.959999,68007.078125,34.19,103.11,60.424999,PM2.5,16651
40.099998,50.490002,13.220000,2.500000,0.340000,85.860001,-4.570000,0.700000,283.489990,82.790001,67770.531250,34.19,103.27,56.375000,PM2.5,16652
40.160000,53.290001,13.520000,2.600000,0.340000,83.769997,-3.300000,2.390000,281.450012,88.790001,65294.789062,34.19,103.44,56.450001,PM2.5,16653
38.950001,55.080002,13.840000,2.810000,0.360000,82.500000,-1.120000,3.270000,281.769989,88.360001,65820.859375,34.2,103.6,54.937500,PM2.5,16654
38.820000,58.299999,14.680000,3.450000,0.380000,81.150002,-1.180000,3.610000,282.959991,89.010002,68195.250000,34.2,103.77,54.775002,PM2.5,16655
39.400002,62.400002,15.690000,3.980000,0.410000,79.620003,-2.690000,3.910000,283.109985,96.209999,69966.273438,34.2,103.93,56.200001,PM10,16656
37.400002,63.070000,16.379999,4.490000,0.440000,81.230003,-4.470000,4.240000,284.130005,98.800003,72703.179688,34.2,104.1,56.535000,PM10,16657
33.900002,61.779999,16.889999,5.040000,0.450000,84.660004,-5.530000,4.780000,285.390015,96.879997,74975.867188,34.2,104.26,55.889999,PM10,16658
32.590000,61.669998,16.820000,5.760000,0.470000,84.000000,-4.980000,6.040000,284.369995,98.959999,73514.046875,34.2,104.42,55.834999,PM10,16659
31.780001,61.750000,16.799999,7.040000,0.490000,83.709999,-2.400000,6.640000,283.190002,100.000000,71404.992188,34.2,104.59,55.875000,PM10,16660
31.670000,61.970001,17.270000,8.690000,0.520000,89.070000,-0.870000,6.100000,284.089996,99.949997,73126.867188,34.2,104.75,55.985001,PM10,16661
28.360001,59.330002,16.930000,9.970000,0.540000,92.050003,-2.040000,5.810000,286.790009,95.839996,78145.703125,34.2,104.92,54.665001,PM10,16662
27.950001,58.270000,16.000000,11.940000,0.540000,89.120003,-2.410000,6.690000,289.230011,88.250000,82117.546875,34.2,105.08,54.135002,PM10,16663
28.969999,57.529999,15.340000,12.090000,0.540000,88.000000,-1.990000,6.870000,290.119995,82.879997,82905.203125,34.2,105.25,53.764999,PM10,16664
31.770000,58.720001,14.770000,9.790000,0.540000,87.959999,-2.690000,7.720000,289.750000,83.919998,82614.609375,34.2,105.41,54.360001,PM10,16665
35.049999,61.240002,14.070000,10.290000,0.570000,84.570000,-3.330000,8.060000,288.480011,90.860001,82224.476562,34.2,105.58,55.620003,PM10,16666
37.130001,61.990002,13.590000,11.700000,0.610000,83.959999,-2.810000,8.050000,287.720001,94.410004,81612.679688,34.2,105.74,55.995003,PM10,16667
38.090000,60.919998,13.220000,11.450000,0.650000,84.760002,-1.790000,7.110000,287.959991,93.849998,81977.796875,34.2,105.9,55.459999,PM10,16668
38.910000,59.200001,11.790000,7.690000,0.640000,85.500000,-1.180000,6.300000,288.559998,91.169998,82553.031250,34.2,106.07,54.887501,PM2.5,16669
40.139999,58.450001,10.460000,6.530000,0.650000,84.389999,-1.000000,5.940000,288.950012,87.949997,82616.851562,34.2,106.23,56.424999,PM2.5,16670
41.290001,58.130001,9.480000,6.180000,0.670000,82.849998,-1.480000,6.160000,289.059998,85.669998,82358.953125,34.2,106.4,57.862503,PM2.5,16671
43.820000,60.049999,8.880000,6.980000,0.710000,80.459999,-1.520000,7.430000,288.690002,86.169998,81960.656250,34.19,106.56,61.025002,PM2.5,16672
10.890000,12.150000,1.780000,1.920000,0.120000,70.610001,-0.340000,-0.090000,282.380005,71.779999,63491.121094,34.28,100.97,15.557143,PM2.5,16896
14.300000,15.870000,2.620000,1.750000,0.140000,70.010002,-1.130000,0.080000,283.070007,71.489998,64205.859375,34.28,101.13,20.428572,PM2.5,16897
37.049999,42.230000,9.420000,1.810000,0.300000,72.290001,-3.170000,1.810000,282.079987,89.599998,65711.546875,34.31,102.28,52.562500,PM2.5,16904
38.910000,45.680000,10.630000,2.060000,0.360000,73.620003,-3.350000,2.970000,281.489990,91.550003,65061.031250,34.31,102.45,54.887501,PM2.5,16905
41.279999,49.110001,11.820000,2.310000,0.410000,74.589996,-3.270000,3.510000,281.220001,92.980003,64976.628906,34.32,102.61,57.849998,PM2.5,16906
42.500000,51.330002,12.670000,2.540000,0.430000,75.820000,-3.000000,3.410000,281.019989,94.110001,65016.589844,34.32,102.78,59.375000,PM2.5,16907
42.980000,52.689999,13.150000,2.760000,0.430000,76.459999,-2.180000,3.320000,281.230011,93.250000,65341.929688,34.32,102.94,59.974998,PM2.5,16908
42.070000,52.650002,13.110000,3.270000,0.390000,77.650002,-2.110000,3.200000,282.059998,89.610001,66420.710938,34.33,103.11,58.837502,PM2.5,16909
39.939999,51.770000,12.780000,2.790000,0.360000,80.879997,-2.370000,4.200000,281.799988,88.000000,65821.617188,34.33,103.27,56.174999,PM2.5,16910
39.110001,53.130001,12.940000,2.820000,0.360000,80.099998,-1.350000,5.270000,281.850006,84.970001,65281.960938,34.33,103.44,55.137501,PM2.5,16911
37.360001,53.619999,13.290000,3.020000,0.370000,79.580002,-0.510000,4.750000,283.529999,80.739998,67122.773438,34.33,103.6,52.950001,PM2.5,16912
37.900002,56.880001,14.150000,3.750000,0.390000,78.669998,-1.430000,4.790000,284.529999,82.080002,69388.179688,34.33,103.76,53.625000,PM2.5,16913
39.430000,61.919998,15.310000,4.350000,0.430000,78.970001,-3.710000,4.900000,284.619995,90.760002,71900.523438,34.34,103.93,55.959999,PM10,16914
37.959999,61.959999,15.890000,4.660000,0.440000,82.250000,-5.070000,5.000000,284.809998,96.540001,73600.718750,34.34,104.09,55.980000,PM10,16915
36.080002,61.279999,15.880000,5.060000,0.450000,82.349998,-4.170000,6.190000,284.239990,97.930000,73001.656250,34.34,104.26,55.639999,PM10,16916
34.200001,60.750000,15.960000,5.450000,0.460000,82.589996,-2.520000,8.020000,283.670013,97.989998,71833.046875,34.34,104.42,55.375000,PM10,16917
31.690001,60.180000,16.260000,6.340000,0.470000,83.680000,-1.150000,9.080000,283.609985,95.599998,71172.093750,34.34,104.59,55.090000,PM10,16918
32.310001,61.080002,16.969999,7.950000,0.490000,89.379997,-1.890000,7.050000,284.549988,97.029999,73346.273438,34.34,104.75,55.540001,PM10,16919
31.670000,62.009998,16.350000,11.070000,0.520000,87.110001,-3.720000,6.230000,286.320007,98.269997,77928.492188,34.34,104.92,56.004997,PM10,16920
31.690001,61.000000,15.650000,13.150000,0.520000,88.040001,-3.130000,5.890000,287.480011,96.300003,80345.406250,34.34,105.08,55.500000,PM10,16921
32.049999,60.139999,15.060000,13.650000,0.530000,86.830002,-1.640000,6.010000,288.070007,93.040001,81012.523438,34.34,105.25,55.070000,PM10,16922
33.369999,60.119999,14.500000,12.000000,0.530000,86.110001,-1.510000,7.490000,288.730011,89.080002,81810.382812,34.34,105.41,55.059998,PM10,16923
35.669998,61.500000,13.940000,11.140000,0.560000,85.349998,-1.690000,8.580000,288.489990,89.709999,81943.757812,34.34,105.58,55.750000,PM10,16924
36.610001,61.009998,13.430000,11.280000,0.590000,86.120003,-1.610000,9.370000,288.429993,89.540001,81796.570312,34.34,105.74,55.504997,PM10,16925
37.060001,59.130001,13.130000,10.160000,0.620000,89.099998,-1.810000,8.520000,288.679993,88.510002,82024.609375,34.34,105.91,54.565002,PM10,16926
38.720001,59.310001,11.640000,7.210000,0.620000,86.610001,-1.670000,8.420000,288.410004,89.500000,81648.562500,34.34,106.07,54.654999,PM10,16927
40.110001,58.250000,10.710000,6.030000,0.630000,87.550003,-0.540000,7.260000,288.320007,89.040001,81259.976562,34.33,106.24,56.387501,PM2.5,16928
40.810001,58.189999,9.610000,5.940000,0.660000,83.300003,0.080000,6.930000,289.529999,83.820000,82552.046875,34.33,106.4,57.262501,PM2.5,16929
41.910000,57.209999,9.210000,6.990000,0.700000,83.110001,-0.100000,6.430000,291.420013,76.220001,84657.656250,34.33,106.56,58.637501,PM2.5,16930
35.470001,40.980000,8.680000,1.670000,0.310000,72.860001,-2.950000,0.690000,282.109985,90.180000,66362.601562,34.45,102.28,50.587502,PM2.5,17162
37.099998,44.299999,9.640000,2.040000,0.370000,72.529999,-2.720000,2.090000,281.679993,90.930000,65737.867188,34.45,102.44,52.625000,PM2.5,17163
38.799999,47.209999,10.720000,2.330000,0.430000,73.250000,-2.710000,2.920000,282.089996,89.099998,66078.523438,34.45,102.61,54.750000,PM2.5,17164
40.099998,49.759998,11.640000,2.560000,0.450000,74.290001,-2.690000,3.810000,281.980011,89.339996,65933.367188,34.46,102.77,56.375000,PM2.5,17165
40.689999,51.480000,12.240000,2.820000,0.450000,74.610001,-1.970000,4.110000,282.359985,87.989998,66359.656250,34.46,102.94,57.112499,PM2.5,17166
40.080002,51.950001,12.350000,3.340000,0.420000,74.839996,-1.520000,3.750000,283.279999,85.309998,67661.578125,34.46,103.1,56.350002,PM2.5,17167
38.650002,51.610001,12.100000,3.180000,0.390000,75.949997,-1.750000,3.740000,283.529999,83.220001,67848.351562,34.46,103.27,54.562500,PM2.5,17168
37.750000,52.580002,12.210000,3.370000,0.380000,74.709999,-2.140000,2.970000,284.369995,80.209999,68849.156250,34.47,103.43,53.437500,PM2.5,17169
38.910000,56.639999,12.910000,3.960000,0.400000,74.820000,-2.890000,1.610000,284.750000,83.440002,70670.062500,34.47,103.6,54.887501,PM2.5,17170
39.380001,59.669998,13.870000,4.160000,0.420000,76.930000,-4.200000,2.440000,284.890015,87.580002,72067.617188,34.47,103.76,55.475002,PM2.5,17171
38.529999,60.990002,14.510000,4.290000,0.430000,78.269997,-4.860000,3.650000,285.480011,91.050003,73926.976562,34.47,103.93,55.495003,PM10,17172
36.840000,60.310001,14.890000,4.330000,0.440000,81.760002,-3.780000,5.010000,285.299988,92.930000,73802.570312,34.47,104.09,55.154999,PM10,17173
36.480000,60.700001,14.830000,4.590000,0.440000,80.000000,-1.690000,6.550000,284.130005,96.019997,72113.460938,34.47,104.26,55.349998,PM10,17174
33.720001,59.259998,15.080000,4.760000,0.450000,81.900002,-0.160000,8.160000,284.920013,91.080002,72607.523438,34.47,104.42,54.629997,PM10,17175
31.490000,58.490002,15.630000,5.560000,0.460000,82.709999,-1.030000,8.390000,286.170013,84.889999,73542.273438,34.48,104.59,54.245003,PM10,17176
33.290001,61.619999,16.360001,7.140000,0.480000,85.919998,-3.640000,8.670000,285.820007,91.669998,74705.203125,34.48,104.75,55.809998,PM10,17177
34.700001,63.570000,16.120001,9.720000,0.500000,85.599998,-4.430000,8.660000,285.760010,99.129997,76935.382812,34.48,104.92,56.785000,PM10,17178
34.970001,61.880001,15.570000,12.320000,0.500000,87.010002,-2.370000,8.050000,285.750000,99.639999,77421.046875,34.48,105.08,55.940002,PM10,17179
35.240002,61.560001,15.190000,13.450000,0.520000,87.239998,-0.250000,8.460000,286.269989,98.440002,78291.281250,34.48,105.25,55.779999,PM10,17180
35.099998,61.349998,14.510000,11.740000,0.530000,87.339996,-0.190000,9.390000,288.140015,91.019997,80850.632812,34.48,105.41,55.674999,PM10,17181
35.889999,61.590000,14.100000,13.720000,0.560000,85.610001,-0.730000,8.940000,289.140015,86.300003,82308.632812,34.47,105.58,55.794998,PM10,17182
35.459999,59.500000,13.440000,13.260000,0.590000,85.629997,-0.990000,8.440000,290.540009,79.970001,83729.023438,34.47,105.74,54.750000,PM10,17183
35.669998,57.570000,12.720000,12.160000,0.620000,86.459999,-1.530000,7.260000,291.570007,76.410004,84868.656250,34.47,105.91,53.785000,PM10,17184
37.419998,57.720001,11.520000,7.380000,0.610000,87.129997,-1.740000,8.090000,290.549988,79.440002,83445.179688,34.47,106.07,53.860001,PM10,17185
39.419998,57.560001,10.910000,6.210000,0.630000,88.860001,-1.240000,6.820000,289.290009,83.500000,81807.546875,34.47,106.24,55.524998,PM2.5,17186
40.889999,58.590000,9.740000,6.450000,0.670000,82.209999,-0.920000,5.510000,290.459991,79.360001,83569.148438,34.47,106.4,57.362499,PM2.5,17187
42.060001,58.689999,9.140000,8.070000,0.710000,81.320000,-0.230000,3.020000,292.410004,72.599998,86207.648438,34.47,106.57,58.825001,PM2.5,17188
30.219999,34.209999,6.190000,1.320000,0.240000,72.239998,-2.770000,-0.630000,280.929993,93.790001,65705.710938,34.58,102.11,43.171429,PM2.5,17419
31.410000,36.959999,7.050000,1.730000,0.280000,72.889999,-2.200000,-0.350000,281.750000,91.690002,66668.156250,34.58,102.27,44.871429,PM2.5,17420
33.360001,40.380001,7.970000,2.130000,0.340000,71.779999,-1.840000,0.420000,282.029999,90.669998,66936.257812,34.59,102.44,47.657143,PM2.5,17421
35.570000,44.000000,9.110000,2.490000,0.400000,71.300003,-1.780000,1.020000,282.390015,89.379997,67269.859375,34.59,102.6,50.712502,PM2.5,17422
37.139999,47.160000,10.230000,2.950000,0.440000,71.820000,-2.090000,1.870000,282.929993,87.180000,67659.218750,34.59,102.77,52.674999,PM2.5,17423
37.720001,49.060001,10.910000,3.420000,0.460000,71.910004,-2.610000,1.850000,283.500000,85.669998,68391.976562,34.6,102.93,53.400002,PM2.5,17424
37.840000,50.290001,11.030000,4.270000,0.440000,72.550003,-3.000000,0.980000,283.980011,85.589996,69453.742188,34.6,103.1,53.549999,PM2.5,17425
38.770000,52.830002,11.300000,5.680000,0.440000,72.900002,-3.220000,0.120000,284.320007,85.540001,70345.046875,34.6,103.27,54.712502,PM2.5,17426
40.330002,56.750000,11.770000,6.030000,0.430000,73.660004,-3.480000,-0.230000,284.290009,88.180000,71169.117188,34.6,103.43,56.662502,PM2.5,17427
40.369999,58.980000,12.230000,5.220000,0.420000,75.169998,-4.310000,0.330000,284.100006,93.419998,71702.203125,34.6,103.6,56.712498,PM2.5,17428
39.250000,59.330002,12.530000,4.140000,0.420000,75.110001,-5.060000,2.380000,284.269989,95.050003,72262.078125,34.61,103.76,55.312500,PM2.5,17429
38.340000,59.790001,12.990000,3.930000,0.420000,76.550003,-4.100000,3.290000,284.429993,95.690002,72631.148438,34.61,103.93,54.895000,PM10,17430
37.279999,59.889999,13.350000,4.170000,0.430000,77.500000,-1.840000,4.060000,284.059998,96.110001,71982.960938,34.61,104.09,54.945000,PM10,17431
36.610001,60.330002,13.650000,4.180000,0.440000,77.599998,0.340000,5.380000,284.269989,95.010002,71997.843750,34.61,104.26,55.165001,PM10,17432
33.660000,58.290001,13.990000,4.310000,0.450000,78.550003,0.810000,6.090000,286.470001,85.580002,74214.421875,34.61,104.42,54.145000,PM10,17433
30.940001,56.490002,14.410000,5.160000,0.460000,78.190002,-0.750000,4.720000,288.700012,77.779999,76869.273438,34.61,104.59,53.245003,PM10,17434
31.860001,59.470001,15.630000,6.420000,0.490000,82.820000,-2.700000,7.810000,289.040009,79.660004,78292.289062,34.61,104.75,54.735001,PM10,17435
33.599998,61.950001,15.930000,8.070000,0.500000,85.839996,-2.920000,10.420000,288.230011,86.290001,78823.328125,34.61,104.92,55.974998,PM10,17436
34.160000,61.259998,15.430000,9.540000,0.500000,87.760002,-1.310000,10.820000,288.000000,87.300003,78718.210938,34.61,105.08,55.629997,PM10,17437
34.200001,60.060001,15.430000,11.320000,0.510000,89.900002,-0.590000,9.740000,288.890015,84.730003,80126.796875,34.61,105.25,55.029999,PM10,17438
34.459999,60.290001,14.570000,12.920000,0.530000,86.669998,-1.660000,9.510000,290.350006,80.980003,82717.671875,34.61,105.41,55.145000,PM10,17439
35.759998,61.470001,14.770000,20.350000,0.580000,84.309998,-2.390000,8.000000,290.690002,80.110001,83804.382812,34.61,105.58,55.735001,PM10,17440
36.369999,60.610001,13.930000,22.260000,0.630000,83.370003,-2.220000,6.610000,291.420013,77.480003,84880.531250,34.61,105.74,55.305000,PM10,17441
37.880001,60.500000,13.120000,22.469999,0.670000,82.730003,-1.760000,5.110000,291.859985,76.190002,85546.406250,34.61,105.91,55.250000,PM10,17442
38.650002,59.099998,11.300000,10.490000,0.640000,84.820000,-1.560000,5.980000,291.059998,77.860001,84111.109375,34.61,106.07,54.562500,PM2.5,17443
40.549999,59.439999,10.730000,8.360000,0.650000,85.589996,-2.270000,5.310000,289.940002,80.529999,82684.421875,34.61,106.24,56.937500,PM2.5,17444
26.730000,30.020000,4.750000,1.250000,0.210000,70.239998,-3.830000,1.160000,279.089996,94.809998,63576.140625,34.71,101.94,38.185715,PM2.5,17675
27.440001,31.760000,5.160000,1.320000,0.230000,72.309998,-2.520000,0.340000,279.380005,96.099998,64292.578125,34.72,102.1,39.200001,PM2.5,17676
28.350000,33.709999,5.680000,1.730000,0.260000,72.839996,-1.690000,-0.010000,280.339996,94.430000,65444.851562,34.72,102.27,40.500000,PM2.5,17677
29.670000,36.099998,6.310000,2.050000,0.300000,72.980003,-1.220000,-0.260000,281.250000,92.639999,66586.093750,34.72,102.44,42.385715,PM2.5,17678
31.530001,39.270000,7.110000,2.490000,0.360000,71.540001,-1.200000,-0.140000,281.989990,91.320000,67449.390625,34.73,102.6,45.042858,PM2.5,17679
33.189999,42.599998,8.110000,3.230000,0.410000,71.220001,-1.690000,0.190000,282.679993,88.739998,68207.156250,34.73,102.77,47.414284,PM2.5,17680
34.060001,44.919998,8.890000,4.100000,0.430000,71.910004,-2.900000,0.180000,283.279999,86.879997,69102.820312,34.73,102.93,48.657146,PM2.5,17681
35.150002,47.650002,9.610000,5.050000,0.440000,74.220001,-3.740000,-0.150000,283.739990,85.419998,69469.179688,34.73,103.1,50.187500,PM2.5,17682
36.450001,50.549999,10.140000,6.600000,0.460000,74.790001,-3.170000,-0.820000,283.869995,85.300003,69561.117188,34.74,103.26,51.812500,PM2.5,17683
38.200001,54.169998,10.540000,7.020000,0.460000,73.449997,-2.250000,-0.480000,283.470001,89.209999,69621.406250,34.74,103.43,54.000000,PM2.5,17684
39.919998,58.700001,11.150000,6.050000,0.460000,73.000000,-2.290000,1.230000,283.559998,93.580002,70664.140625,34.74,103.59,56.149998,PM2.5,17685
38.180000,58.560001,11.670000,4.210000,0.440000,74.430000,-3.430000,3.560000,284.529999,92.120003,72135.156250,34.74,103.76,54.279999,PM10,17686
37.220001,58.619999,11.860000,3.930000,0.430000,74.779999,-3.360000,4.670000,283.739990,93.019997,70940.406250,34.74,103.92,54.309998,PM10,17687
36.799999,59.200001,11.910000,4.370000,0.430000,73.250000,-0.600000,4.380000,282.890015,94.739998,69658.742188,34.74,104.09,54.599998,PM10,17688
35.540001,59.200001,12.320000,4.300000,0.440000,73.709999,1.300000,4.460000,285.040009,88.919998,72232.859375,34.75,104.26,54.599998,PM10,17689
33.689999,58.419998,12.850000,4.470000,0.450000,74.040001,0.000000,4.000000,287.519989,83.040001,75715.218750,34.75,104.42,54.209999,PM10,17690
33.419998,59.990002,13.740000,5.790000,0.480000,74.650002,-1.930000,2.410000,288.880005,80.610001,78438.359375,34.75,104.59,54.995003,PM10,17691
32.799999,60.619999,14.930000,6.410000,0.500000,77.970001,-2.810000,4.350000,290.380005,77.160004,80579.882812,34.75,104.75,55.309998,PM10,17692
33.049999,60.919998,15.290000,7.460000,0.500000,80.360001,-2.510000,6.290000,290.600006,77.750000,81486.859375,34.75,104.92,55.459999,PM10,17693
32.520000,58.680000,14.700000,9.730000,0.500000,80.820000,-2.200000,5.480000,291.440002,75.519997,82814.718750,34.75,105.08,54.340000,PM10,17694
32.799999,58.450001,14.840000,11.810000,0.510000,83.230003,-3.510000,5.180000,292.359985,73.129997,84340.492188,34.75,105.25,54.224998,PM10,17695
34.770000,60.330002,14.670000,14.960000,0.540000,84.040001,-4.460000,6.890000,291.839996,76.190002,84595.156250,34.75,105.41,55.165001,PM10,17696
37.419998,63.380001,15.160000,25.440001,0.610000,82.059998,-4.010000,6.760000,290.989990,79.360001,84336.132812,34.75,105.58,56.690002,PM10,17697
39.240002,63.930000,14.180000,28.660000,0.660000,81.209999,-3.440000,6.240000,290.640015,80.610001,84215.898438,34.75,105.74,56.965000,PM10,17698
41.529999,64.709999,13.220000,28.520000,0.710000,80.059998,-2.360000,5.400000,290.070007,82.949997,83645.156250,34.74,105.91,58.162498,PM2.5,17699
41.459999,62.020000,11.090000,12.970000,0.660000,82.949997,-1.750000,5.330000,290.100006,81.660004,83283.890625,34.74,106.08,58.074997,PM2.5,17700
42.730000,61.770000,10.410000,10.590000,0.680000,83.769997,-2.600000,4.420000,289.920013,80.349998,82857.140625,34.74,106.24,59.662498,PM2.5,17701
44.660000,62.660000,10.030000,9.710000,0.690000,84.440002,-1.600000,4.860000,287.989990,87.110001,80547.921875,34.74,106.41,62.075001,PM2.5,17702
26.600000,30.559999,4.660000,1.440000,0.230000,71.160004,-2.070000,1.670000,278.779999,95.959999,63806.121094,34.85,102.1,38.000000,PM2.5,17933
27.440001,32.540001,5.010000,1.820000,0.260000,71.139999,-1.430000,1.540000,279.320007,95.580002,64450.339844,34.86,102.27,39.200001,PM2.5,17934
28.389999,34.730000,5.430000,2.250000,0.310000,71.110001,-1.040000,1.110000,280.250000,93.629997,65480.121094,34.86,102.43,40.557140,PM2.5,17935
29.950001,37.560001,6.000000,2.960000,0.370000,70.239998,-0.770000,0.520000,281.130005,92.760002,66625.093750,34.86,102.6,42.785717,PM2.5,17936
31.400000,40.669998,6.660000,4.660000,0.430000,69.800003,-1.030000,0.010000,282.029999,91.089996,67892.929688,34.86,102.76,44.857143,PM2.5,17937
32.310001,43.139999,7.250000,6.060000,0.460000,71.970001,-2.620000,0.320000,283.200012,86.339996,69065.187500,34.87,102.93,46.157146,PM2.5,17938
32.770000,45.000000,7.660000,5.530000,0.460000,74.470001,-3.780000,0.730000,283.089996,85.209999,68277.609375,34.87,103.09,46.814285,PM2.5,17939
33.610001,47.090000,8.070000,5.420000,0.460000,74.550003,-2.590000,0.690000,282.109985,89.169998,67115.851562,34.87,103.26,48.014286,PM2.5,17940
35.450001,50.869999,8.590000,6.310000,0.480000,71.440002,-0.550000,0.890000,282.269989,89.730003,67462.640625,34.87,103.43,50.562500,PM2.5,17941
37.650002,56.160000,9.410000,7.280000,0.500000,68.550003,0.110000,1.720000,283.850006,89.680000,70230.679688,34.88,103.59,53.312500,PM2.5,17942
36.590000,58.080002,10.500000,5.420000,0.490000,69.330002,-0.850000,3.720000,285.660004,86.110001,73090.867188,34.88,103.76,54.040001,PM10,17943
35.299999,58.169998,11.030000,4.840000,0.470000,70.449997,-1.920000,5.220000,284.980011,85.279999,71360.703125,34.88,103.92,54.084999,PM10,17944
35.380001,59.619999,11.230000,5.580000,0.470000,68.570000,-1.100000,4.810000,284.329987,86.419998,70138.781250,34.88,104.09,54.809998,PM10,17945
33.730000,59.700001,11.830000,6.150000,0.470000,68.739998,-0.330000,3.460000,286.790009,82.080002,73967.906250,34.88,104.25,54.849998,PM10,17946
33.830002,62.080002,12.930000,7.450000,0.490000,69.760002,-2.280000,3.240000,288.179993,82.209999,77330.437500,34.88,104.42,56.040001,PM10,17947
34.580002,64.349998,14.040000,9.410000,0.510000,71.769997,-4.650000,3.390000,288.700012,83.620003,78969.539062,34.88,104.59,57.174999,PM10,17948
35.040001,64.589996,14.500000,9.510000,0.510000,74.059998,-5.460000,3.360000,289.209991,83.830002,80097.953125,34.88,104.75,57.294998,PM10,17949
35.520000,64.540001,14.770000,11.880000,0.520000,75.099998,-5.290000,2.810000,289.000000,86.139999,80590.937500,34.88,104.92,57.270000,PM10,17950
35.419998,63.509998,15.180000,15.660000,0.520000,76.680000,-5.580000,1.440000,290.269989,82.580002,82763.578125,34.88,105.08,56.754997,PM10,17951
35.560001,62.279999,14.590000,13.420000,0.520000,80.360001,-5.990000,3.200000,291.299988,78.540001,84083.593750,34.88,105.25,56.139999,PM10,17952
37.740002,63.660000,14.370000,15.640000,0.550000,82.160004,-5.070000,5.790000,290.399994,81.989998,83480.867188,34.88,105.41,56.830002,PM10,17953
39.889999,65.309998,14.310000,22.620001,0.610000,81.440002,-3.870000,6.440000,290.250000,82.050003,83677.226562,34.88,105.58,57.654999,PM10,17954
40.930000,64.800003,13.320000,23.240000,0.640000,82.089996,-3.260000,6.960000,290.019989,82.480003,83381.000000,34.88,105.75,57.412498,PM2.5,17955
43.029999,65.260002,12.410000,21.270000,0.670000,82.050003,-2.510000,6.920000,289.299988,84.889999,82370.281250,34.88,105.91,60.037498,PM2.5,17956
43.959999,64.089996,10.960000,14.280000,0.670000,82.699997,-2.400000,5.890000,289.480011,83.180000,82486.757812,34.88,106.08,61.199997,PM2.5,17957
45.480000,64.169998,10.150000,12.150000,0.690000,83.000000,-2.420000,4.620000,288.839996,84.099998,81621.109375,34.88,106.24,63.099998,PM2.5,17958
46.419998,64.029999,9.920000,10.000000,0.700000,86.209999,-0.010000,5.550000,286.959991,89.989998,78845.437500,34.88,106.41,64.274994,PM2.5,17959
27.160000,31.670000,4.830000,1.890000,0.260000,70.809998,-1.110000,2.080000,279.859985,91.120003,65042.289062,34.99,102.26,38.799999,PM2.5,18191
27.959999,34.160000,5.180000,2.510000,0.320000,70.720001,-1.360000,1.640000,280.440002,91.449997,65970.226562,34.99,102.43,39.942856,PM2.5,18192
29.610001,37.369999,5.620000,3.460000,0.380000,69.790001,-1.320000,1.270000,280.459991,93.230003,66060.117188,35.0,102.59,42.299999,PM2.5,18193
31.290001,40.689999,6.170000,5.960000,0.450000,70.120003,-1.300000,0.020000,281.579987,92.300003,67757.898438,35.0,102.76,44.700001,PM2.5,18194
32.230000,43.240002,6.660000,7.220000,0.480000,72.400002,-2.660000,0.360000,283.140015,85.910004,69203.578125,35.0,102.93,46.042858,PM2.5,18195
32.410000,44.720001,6.840000,6.420000,0.490000,72.949997,-3.280000,1.350000,282.239990,87.040001,67316.046875,35.01,103.09,46.299999,PM2.5,18196
33.630001,47.349998,7.270000,6.710000,0.500000,71.949997,-1.830000,1.890000,280.899994,91.120003,65674.507812,35.01,103.26,48.042858,PM2.5,18197
34.779999,50.669998,7.920000,7.410000,0.530000,68.900002,-0.190000,1.580000,282.230011,86.809998,66731.203125,35.01,103.42,50.334999,PM10,18198
35.070000,53.709999,8.600000,8.770000,0.560000,65.620003,0.330000,1.060000,284.899994,83.370003,70752.062500,35.01,103.59,51.855000,PM10,18199
35.090000,57.689999,9.720000,7.580000,0.560000,64.769997,-0.190000,2.700000,287.000000,81.629997,74545.382812,35.01,103.75,53.845001,PM10,18200
34.200001,59.279999,10.430000,7.410000,0.550000,64.919998,-1.790000,3.600000,286.980011,80.570000,73909.679688,35.02,103.92,54.639999,PM10,18201
33.880001,60.730000,10.940000,8.340000,0.540000,63.570000,-2.350000,3.490000,286.989990,80.620003,73943.890625,35.02,104.09,55.364998,PM10,18202
33.820000,63.580002,11.910000,9.940000,0.540000,64.930000,-2.780000,2.080000,287.899994,81.889999,76901.546875,35.02,104.25,56.790001,PM10,18203
33.770000,64.879997,12.870000,10.310000,0.530000,68.050003,-4.660000,3.120000,288.619995,83.150002,78818.796875,35.02,104.42,57.439999,PM10,18204
33.919998,65.379997,13.630000,10.800000,0.520000,70.860001,-6.010000,3.980000,289.140015,83.070000,79755.593750,35.02,104.58,57.689999,PM10,18205
35.090000,65.650002,13.930000,10.470000,0.510000,73.419998,-6.640000,4.300000,288.890015,85.010002,79854.710938,35.02,104.75,57.825001,PM10,18206
36.369999,66.120003,14.140000,12.230000,0.510000,73.930000,-6.510000,3.940000,288.079987,89.550003,79655.117188,35.02,104.92,58.060001,PM10,18207
37.009998,65.669998,14.330000,14.160000,0.520000,75.930000,-6.200000,3.770000,288.579987,88.669998,80901.523438,35.02,105.08,57.834999,PM10,18208
38.320000,65.540001,14.100000,12.500000,0.520000,79.169998,-5.590000,5.190000,288.970001,87.269997,81558.921875,35.02,105.25,57.770000,PM10,18209
40.380001,66.389999,13.830000,14.340000,0.550000,80.889999,-4.260000,6.350000,288.720001,88.099998,81641.140625,35.02,105.42,58.195000,PM10,18210
41.889999,66.860001,13.600000,19.270000,0.600000,80.980003,-3.050000,6.670000,289.470001,84.629997,82717.687500,35.02,105.58,58.612499,PM2.5,18211
42.520000,65.550003,12.770000,19.090000,0.630000,82.889999,-2.470000,7.250000,290.070007,81.290001,83108.062500,35.02,105.75,59.400002,PM2.5,18212
44.419998,65.629997,11.930000,17.980000,0.670000,82.970001,-2.460000,7.160000,290.010010,80.800003,82801.242188,35.02,105.91,61.774998,PM2.5,18213
45.900002,65.470001,10.780000,14.600000,0.690000,83.019997,-2.980000,6.230000,289.570007,81.760002,82342.937500,35.02,106.08,63.625000,PM2.5,18214
46.900002,64.879997,9.790000,12.100000,0.690000,82.470001,-2.100000,5.660000,287.399994,88.849998,79597.148438,35.01,106.25,64.875000,PM2.5,18215
46.770000,63.700001,9.710000,9.850000,0.680000,87.419998,1.480000,6.130000,286.369995,89.589996,77570.390625,35.01,106.41,64.712502,PM2.5,18216
48.700001,67.040001,9.160000,11.650000,0.890000,88.540001,1.220000,5.830000,294.329987,60.410000,86714.570312,35.0,107.24,67.125000,PM2.5,18221
47.410000,66.010002,8.680000,10.810000,0.880000,90.680000,0.920000,5.140000,295.059998,56.490002,87026.273438,35.0,107.41,65.512497,PM2.5,18222
46.619999,65.900002,8.210000,10.470000,0.880000,90.349998,-0.180000,4.600000,295.329987,55.189999,87330.656250,34.99,107.57,64.525002,PM2.5,18223
47.070000,68.599998,8.350000,11.990000,0.920000,88.779999,-1.420000,4.850000,295.480011,54.090000,87569.882812,34.99,107.74,65.087502,PM2.5,18224
27.940001,33.910000,5.030000,3.030000,0.320000,70.570000,-1.730000,0.570000,280.799988,91.669998,67228.546875,35.13,102.42,39.914288,PM2.5,18445
29.280001,37.150002,5.340000,4.080000,0.380000,69.360001,-1.970000,0.910000,280.619995,94.250000,66857.406250,35.13,102.59,41.828571,PM2.5,18446
31.020000,40.570000,5.930000,6.840000,0.450000,71.470001,-1.960000,-0.190000,281.820007,91.669998,68427.929688,35.14,102.76,44.314285,PM2.5,18447
31.750000,42.709999,6.190000,7.870000,0.480000,72.160004,-2.600000,0.400000,282.540009,87.650002,68564.773438,35.14,102.92,45.357143,PM2.5,18448
32.330002,44.389999,6.140000,7.390000,0.490000,71.150002,-2.100000,1.610000,281.079987,90.519997,66020.046875,35.14,103.09,46.185719,PM2.5,18449
33.189999,46.709999,6.360000,8.220000,0.520000,68.320000,-0.780000,1.420000,281.549988,88.419998,66176.679688,35.14,103.25,47.414284,PM2.5,18450
33.639999,49.430000,7.040000,8.870000,0.550000,65.879997,-0.060000,0.650000,283.799988,83.150002,68728.156250,35.15,103.42,49.430000,PM10,18451
33.080002,52.169998,7.940000,10.250000,0.580000,64.080002,0.110000,0.370000,286.250000,78.580002,72418.406250,35.15,103.59,51.084999,PM10,18452
33.200001,57.020000,9.120000,10.060000,0.610000,61.099998,-0.870000,2.440000,288.019989,77.510002,75696.000000,35.15,103.75,53.510002,PM10,18453
33.279999,61.020000,10.000000,10.790000,0.620000,60.480000,-2.770000,2.760000,288.049988,79.239998,76366.226562,35.15,103.92,55.510002,PM10,18454
33.669998,64.220001,10.720000,12.250000,0.610000,60.090000,-4.270000,2.270000,287.589996,83.660004,76777.140625,35.15,104.09,57.110001,PM10,18455
33.669998,66.330002,11.600000,12.970000,0.600000,62.250000,-5.200000,1.850000,287.579987,88.389999,77962.343750,35.15,104.25,58.165001,PM10,18456
33.160000,66.050003,12.300000,12.040000,0.570000,65.459999,-5.780000,3.290000,287.920013,87.849998,78402.648438,35.15,104.42,58.025002,PM10,18457
33.480000,66.019997,12.950000,11.350000,0.540000,68.940002,-5.910000,4.160000,288.040009,88.279999,78780.640625,35.16,104.58,58.009998,PM10,18458
34.279999,65.550003,13.270000,10.490000,0.520000,72.209999,-6.260000,5.030000,288.309998,87.400002,79360.546875,35.16,104.75,57.775002,PM10,18459
35.709999,65.760002,13.440000,11.110000,0.510000,73.910004,-6.270000,5.330000,287.869995,89.779999,79375.406250,35.16,104.92,57.880001,PM10,18460
37.419998,66.199997,13.510000,12.300000,0.510000,75.480003,-5.630000,5.630000,287.630005,91.400002,79584.796875,35.16,105.08,58.099998,PM10,18461
39.650002,67.040001,13.550000,11.500000,0.520000,78.180000,-4.660000,6.540000,287.649994,91.510002,79887.242188,35.16,105.25,58.520000,PM10,18462
41.880001,67.849998,13.420000,13.360000,0.550000,79.900002,-3.580000,6.800000,287.950012,90.360001,80617.398438,35.16,105.42,58.924999,PM10,18463
43.230000,67.540001,13.000000,15.990000,0.590000,81.050003,-2.740000,6.760000,289.109985,85.419998,82130.492188,35.15,105.58,60.287498,PM2.5,18464
44.230000,66.459999,12.360000,16.430000,0.630000,83.139999,-2.440000,6.920000,290.119995,80.580002,83021.507812,35.15,105.75,61.537498,PM2.5,18465
46.369999,66.839996,11.600000,16.330000,0.680000,83.029999,-2.550000,6.430000,290.220001,79.650002,82998.382812,35.15,105.91,64.212502,PM2.5,18466
48.009998,67.190002,10.630000,15.260000,0.700000,83.029999,-2.400000,6.090000,289.290009,81.809998,81773.476562,35.15,106.08,66.262497,PM2.5,18467
46.130001,62.730000,9.840000,10.500000,0.660000,87.379997,-0.730000,6.580000,287.029999,87.339996,78429.296875,35.15,106.25,63.912502,PM2.5,18468
45.849998,61.970001,9.670000,9.610000,0.670000,89.900002,2.220000,6.930000,287.220001,82.260002,77609.273438,35.15,106.41,63.562500,PM2.5,18469
46.849998,63.450001,9.900000,16.400000,0.750000,87.300003,2.400000,7.160000,291.119995,67.580002,81683.351562,35.15,106.58,64.812500,PM2.5,18470
49.279999,66.550003,9.300000,13.850000,0.820000,84.199997,-0.540000,6.370000,292.839996,63.980000,84852.773438,35.14,106.75,67.849998,PM2.5,18471
51.639999,69.970001,9.340000,13.010000,0.890000,83.430000,-1.380000,6.900000,292.839996,65.660004,85547.382812,35.14,106.91,70.800003,PM2.5,18472
49.900002,67.470001,9.480000,11.230000,0.860000,85.290001,0.060000,7.140000,293.420013,63.439999,85890.281250,35.14,107.08,68.625000,PM2.5,18473
48.290001,65.660004,9.260000,9.780000,0.840000,89.260002,0.880000,6.410000,294.059998,60.770000,86262.453125,35.14,107.24,66.612503,PM2.5,18474
47.080002,65.059998,8.830000,9.430000,0.840000,90.980003,0.730000,5.670000,294.660004,57.549999,86587.773438,35.13,107.41,65.100006,PM2.5,18475
46.570000,65.589996,8.530000,10.150000,0.860000,90.809998,0.070000,5.030000,295.119995,55.459999,87080.671875,35.13,107.58,64.462502,PM2.5,18476
27.420000,33.029999,4.860000,3.320000,0.310000,72.779999,-1.640000,0.290000,281.000000,91.510002,67734.039062,35.27,102.42,39.171429,PM2.5,18697
28.240000,36.000000,5.070000,4.360000,0.370000,71.820000,-2.480000,0.020000,281.239990,92.419998,67964.406250,35.27,102.59,40.342857,PM2.5,18698
29.389999,38.490002,5.420000,6.460000,0.420000,72.370003,-1.630000,-0.790000,282.019989,90.910004,68749.640625,35.27,102.75,41.985714,PM2.5,18699
31.809999,42.740002,5.720000,9.240000,0.490000,69.760002,-0.990000,0.240000,282.609985,89.089996,68958.242188,35.28,102.92,45.442856,PM2.5,18700
32.889999,44.939999,5.850000,10.840000,0.530000,69.529999,-0.880000,1.130000,282.920013,85.690002,68196.562500,35.28,103.08,46.985714,PM2.5,18701
32.560001,45.580002,5.650000,11.580000,0.550000,66.180000,0.260000,0.730000,284.760010,81.330002,70637.476562,35.28,103.25,46.514286,PM2.5,18702
32.250000,47.630001,6.220000,11.770000,0.570000,64.680000,1.100000,-0.090000,287.190002,75.690002,73980.640625,35.28,103.42,47.630001,PM10,18703
32.060001,52.400002,7.460000,13.720000,0.620000,61.209999,0.510000,-0.010000,288.380005,73.500000,75822.593750,35.28,103.58,51.200001,PM10,18704
32.040001,58.130001,8.740000,13.520000,0.650000,57.660000,-1.600000,2.690000,288.959991,74.629997,77233.148438,35.29,103.75,54.065002,PM10,18705
32.669998,63.029999,9.640000,14.460000,0.670000,56.660000,-4.010000,3.180000,288.390015,79.849998,77500.781250,35.29,103.92,56.514999,PM10,18706
32.900002,65.480003,10.190000,14.190000,0.650000,57.020000,-5.280000,2.890000,287.339996,87.080002,76974.273438,35.29,104.08,57.740002,PM10,18707
32.840000,66.660004,10.900000,13.850000,0.630000,59.549999,-5.360000,3.470000,286.779999,91.300003,76708.632812,35.29,104.25,58.330002,PM10,18708
32.900002,66.919998,11.640000,13.030000,0.600000,63.029999,-4.970000,4.630000,286.670013,92.410004,76749.796875,35.29,104.42,58.459999,PM10,18709
33.090000,66.500000,12.330000,11.940000,0.570000,67.290001,-4.950000,5.640000,287.239990,90.870003,77704.953125,35.29,104.58,58.250000,PM10,18710
33.689999,65.589996,12.710000,10.510000,0.540000,71.209999,-5.530000,6.390000,287.859985,88.370003,78667.210938,35.29,104.75,57.794998,PM10,18711
35.560001,66.080002,12.890000,10.800000,0.520000,72.790001,-5.450000,6.850000,287.160004,91.320000,78218.406250,35.29,104.92,58.040001,PM10,18712
37.980000,67.110001,13.000000,11.640000,0.520000,74.370003,-4.620000,6.990000,286.750000,93.500000,78197.140625,35.29,105.08,58.555000,PM10,18713
40.500000,68.089996,13.090000,10.840000,0.520000,77.129997,-3.910000,7.110000,287.119995,92.550003,79004.367188,35.29,105.25,59.044998,PM10,18714
42.790001,68.529999,12.890000,11.780000,0.540000,79.410004,-3.320000,6.830000,287.760010,90.260002,80184.703125,35.29,105.42,59.737503,PM2.5,18715
44.549999,68.480003,12.660000,13.390000,0.580000,81.290001,-2.860000,6.740000,288.959991,85.510002,81787.531250,35.29,105.58,61.937500,PM2.5,18716
46.209999,67.989998,11.990000,14.270000,0.630000,83.129997,-2.730000,6.800000,289.519989,82.699997,82347.398438,35.29,105.75,64.012497,PM2.5,18717
48.360001,68.690002,11.300000,14.750000,0.680000,83.150002,-2.650000,6.320000,289.320007,82.800003,81991.093750,35.29,105.92,66.699997,PM2.5,18718
49.799999,68.699997,10.340000,14.710000,0.700000,83.010002,-1.690000,6.150000,288.059998,85.769997,80206.976562,35.29,106.08,68.500000,PM2.5,18719
47.410000,64.400002,9.660000,11.010000,0.660000,86.480003,0.860000,6.930000,286.850006,86.930000,77963.906250,35.29,106.25,65.512497,PM2.5,18720
46.150002,62.500000,9.550000,10.460000,0.670000,89.279999,2.840000,7.420000,288.660004,76.099998,78952.890625,35.28,106.42,63.937500,PM2.5,18721
47.830002,64.300003,10.040000,17.809999,0.750000,86.650002,1.360000,6.720000,291.399994,66.099998,81908.656250,35.28,106.58,66.037506,PM2.5,18722
51.000000,68.459999,9.520000,14.730000,0.830000,83.160004,-0.910000,6.550000,292.359985,64.769997,84350.117188,35.28,106.75,70.000000,PM2.5,18723
51.919998,69.690002,9.380000,12.360000,0.880000,83.599998,-0.800000,7.090000,293.489990,63.090000,85973.648438,35.28,106.92,71.149994,PM2.5,18724
49.669998,66.430000,9.590000,9.940000,0.830000,86.940002,0.040000,7.050000,294.089996,60.669998,86266.898438,35.28,107.08,68.337494,PM2.5,18725
47.950001,64.570000,9.470000,8.710000,0.810000,90.779999,0.530000,6.840000,294.299988,59.189999,86207.718750,35.27,107.25,66.187500,PM2.5,18726
46.630001,64.000000,9.140000,8.590000,0.800000,92.570000,0.540000,6.400000,294.839996,56.340000,86555.640625,35.27,107.41,64.537498,PM2.5,18727
46.160000,64.949997,9.000000,9.810000,0.830000,92.459999,-0.220000,5.650000,295.329987,54.160000,87065.203125,35.27,107.58,63.950001,PM2.5,18728
45.869999,70.199997,10.140000,15.970000,0.930000,88.959999,-1.710000,4.640000,296.359985,50.660000,88791.000000,35.26,107.91,63.587498,PM2.5,18730
27.969999,32.500000,4.920000,2.990000,0.280000,75.750000,-2.740000,1.180000,281.329987,89.180000,67551.953125,35.4,102.42,39.957142,PM2.5,18946
27.920000,34.639999,5.040000,3.900000,0.340000,76.559998,-3.130000,0.460000,281.279999,89.239998,67023.953125,35.41,102.58,39.885715,PM2.5,18947
28.469999,36.790001,5.070000,6.070000,0.400000,74.120003,-0.900000,-0.280000,281.299988,91.209999,67160.328125,35.41,102.75,40.671429,PM2.5,18948
30.070000,40.520000,5.280000,9.410000,0.480000,70.070000,1.320000,0.130000,284.390015,83.709999,71388.476562,35.41,102.92,42.957142,PM2.5,18949
33.250000,45.980000,5.710000,15.930000,0.600000,65.650002,1.660000,0.560000,287.079987,76.260002,74848.656250,35.41,103.08,47.500000,PM2.5,18950
32.849998,46.490002,5.500000,16.080000,0.610000,65.260002,1.710000,0.280000,288.329987,73.099998,76218.218750,35.42,103.25,46.928570,PM2.5,18951
33.470001,50.849998,6.080000,18.129999,0.650000,62.599998,0.990000,-0.500000,289.000000,71.660004,77230.640625,35.42,103.42,50.424999,PM10,18952
32.740002,56.700001,7.710000,19.230000,0.700000,58.200001,-0.690000,0.120000,289.320007,72.320000,78015.226562,35.42,103.58,53.349998,PM10,18953
30.930000,58.700001,8.450000,18.250000,0.700000,54.959999,-2.520000,2.430000,289.880005,73.169998,78904.273438,35.42,103.75,54.349998,PM10,18954
30.969999,62.750000,9.280000,17.719999,0.700000,53.540001,-3.860000,3.160000,289.170013,77.860001,78365.078125,35.42,103.92,56.375000,PM10,18955
31.080000,64.379997,9.670000,14.560000,0.670000,54.660000,-4.470000,3.840000,287.690002,83.940002,76643.953125,35.42,104.08,57.189999,PM10,18956
31.700001,66.220001,10.320000,14.080000,0.650000,57.180000,-4.110000,5.200000,286.630005,89.089996,75682.250000,35.43,104.25,58.110001,PM10,18957
31.809999,66.589996,11.080000,13.210000,0.630000,61.389999,-3.600000,6.220000,286.850006,90.089996,76443.007812,35.43,104.42,58.294998,PM10,18958
31.670000,65.650002,11.760000,12.290000,0.590000,66.129997,-3.850000,6.810000,288.059998,86.360001,78280.953125,35.43,104.58,57.825001,PM10,18959
32.490002,64.930000,12.210000,10.870000,0.560000,70.050003,-4.370000,7.570000,288.480011,84.370003,78867.382812,35.43,104.75,57.465000,PM10,18960
34.889999,65.930000,12.500000,10.480000,0.540000,72.389999,-4.410000,8.260000,287.649994,87.449997,78152.601562,35.43,104.92,57.965000,PM10,18961
37.740002,67.220001,12.650000,10.820000,0.530000,74.220001,-4.260000,8.080000,287.239990,90.120003,78344.546875,35.43,105.08,58.610001,PM10,18962
40.720001,68.330002,12.730000,9.660000,0.530000,77.029999,-4.060000,7.540000,287.399994,90.470001,79119.429688,35.43,105.25,59.165001,PM10,18963
43.500000,69.059998,12.600000,10.110000,0.540000,79.489998,-3.470000,7.000000,287.700012,89.820000,79937.921875,35.43,105.42,60.625000,PM2.5,18964
45.720001,69.349998,12.340000,11.150000,0.580000,81.480003,-2.840000,6.950000,288.700012,85.980003,81318.812500,35.43,105.58,63.400002,PM2.5,18965
47.340000,68.970001,11.730000,11.810000,0.620000,83.580002,-2.630000,7.110000,289.190002,83.410004,81820.812500,35.43,105.75,65.425003,PM2.5,18966
48.970001,69.000000,10.950000,12.050000,0.660000,84.500000,-2.640000,6.990000,288.709991,83.959999,81033.687500,35.42,105.92,67.462502,PM2.5,18967
48.290001,64.720001,9.670000,14.550000,0.730000,86.510002,1.070000,6.520000,291.609985,65.279999,82305.429688,35.42,106.58,66.612503,PM2.5,18971
52.540001,70.230003,9.510000,14.530000,0.830000,82.889999,-0.990000,6.510000,291.869995,66.330002,83824.156250,35.42,106.75,71.925003,PM2.5,18972
52.990002,70.620003,9.490000,12.330000,0.880000,83.830002,-0.460000,6.440000,293.239990,63.880001,85660.296875,35.41,106.92,72.487503,PM2.5,18973
50.130001,66.570000,9.710000,9.630000,0.830000,87.779999,0.180000,6.650000,294.369995,59.599998,86424.773438,35.41,107.08,68.912498,PM2.5,18974
48.220001,64.419998,9.790000,8.640000,0.790000,92.269997,0.350000,6.730000,294.760010,57.090000,86414.367188,35.41,107.25,66.525002,PM2.5,18975
46.810001,63.880001,9.510000,8.690000,0.790000,93.360001,0.220000,6.430000,295.260010,54.680000,86847.039062,35.41,107.42,64.762505,PM2.5,18976
46.049999,64.839996,9.320000,9.380000,0.810000,93.080002,-0.600000,5.790000,295.720001,52.900002,87467.617188,35.4,107.58,63.812500,PM2.5,18977
47.090000,69.209999,9.920000,12.820000,0.880000,91.550003,-1.240000,5.370000,295.630005,52.459999,87727.593750,35.4,107.75,65.112503,PM2.5,18978
45.869999,69.809998,10.190000,13.970000,0.900000,90.940002,-1.460000,5.210000,295.869995,51.000000,88023.476562,35.4,107.92,63.587498,PM2.5,18979
44.250000,67.769997,10.150000,13.270000,0.880000,91.699997,-1.880000,5.550000,295.869995,50.099998,87728.101562,35.39,108.08,61.562500,PM2.5,18980
42.669998,65.169998,9.630000,11.250000,0.840000,92.680000,-2.350000,5.770000,295.279999,50.389999,86726.992188,35.39,108.25,59.587498,PM2.5,18981
43.220001,65.360001,9.730000,11.200000,0.830000,92.320000,-2.510000,5.620000,294.000000,53.509998,85279.132812,35.38,108.42,60.275002,PM2.5,18982
44.450001,65.839996,10.590000,11.890000,0.820000,93.639999,-2.210000,5.310000,292.809998,56.910000,84079.789062,35.38,108.58,61.812500,PM2.5,18983
30.129999,35.939999,5.270000,4.610000,0.330000,76.699997,-3.100000,1.830000,280.260010,90.889999,64954.339844,35.54,102.58,43.042854,PM2.5,19192
29.790001,37.889999,5.180000,7.740000,0.420000,73.470001,-1.510000,1.190000,280.869995,89.750000,65750.117188,35.54,102.74,42.557144,PM2.5,19193
31.129999,42.500000,5.470000,13.510000,0.550000,67.519997,1.340000,-0.030000,286.079987,77.510002,73122.671875,35.55,102.91,44.471428,PM2.5,19194
33.849998,49.070000,6.130000,21.639999,0.690000,63.290001,2.060000,-0.400000,290.070007,67.720001,79082.257812,35.55,103.08,49.070000,PM10,19195
35.480000,53.090000,6.280000,21.799999,0.690000,62.299999,0.790000,0.030000,289.519989,72.230003,78842.968750,35.55,103.25,51.544998,PM10,19196
34.810001,54.959999,6.780000,20.090000,0.680000,62.009998,-0.950000,-0.050000,288.869995,75.180000,77634.703125,35.55,103.41,52.480000,PM10,19197
32.180000,56.290001,7.670000,18.209999,0.680000,57.419998,-2.370000,1.480000,289.440002,73.669998,78420.953125,35.56,103.58,53.145000,PM10,19198
30.120001,57.549999,8.370000,17.760000,0.690000,54.080002,-3.050000,2.640000,290.230011,72.290001,79243.593750,35.56,103.75,53.775002,PM10,19199
30.100000,61.700001,8.960000,18.100000,0.710000,51.630001,-3.360000,2.870000,288.630005,78.570000,77193.867188,35.56,103.91,55.849998,PM10,19200
30.549999,63.869999,9.400000,16.090000,0.680000,52.259998,-2.940000,3.850000,286.940002,85.349998,75258.273438,35.56,104.08,56.934998,PM10,19201
30.410000,65.449997,10.140000,16.150000,0.670000,54.889999,-2.550000,5.420000,287.380005,84.699997,76029.421875,35.56,104.25,57.724998,PM10,19202
30.110001,65.230003,10.830000,14.960000,0.650000,59.400002,-3.020000,6.130000,288.500000,82.540001,77951.187500,35.56,104.42,57.615002,PM10,19203
30.430000,64.769997,11.410000,14.010000,0.620000,64.220001,-3.350000,6.610000,289.119995,81.239998,79126.882812,35.56,104.58,57.384998,PM10,19204
31.760000,64.160004,11.770000,11.330000,0.580000,68.599998,-3.220000,7.240000,289.179993,80.400002,79137.117188,35.56,104.75,57.080002,PM10,19205
33.959999,64.790001,12.070000,10.330000,0.560000,71.370003,-3.620000,7.630000,289.059998,80.989998,79291.312500,35.56,104.92,57.395000,PM10,19206
37.070000,66.320000,12.310000,9.600000,0.540000,74.239998,-4.390000,7.770000,288.649994,83.870003,79706.890625,35.56,105.08,58.160000,PM10,19207
40.830002,68.180000,12.430000,8.550000,0.530000,77.180000,-4.460000,7.810000,287.809998,88.029999,79404.437500,35.56,105.25,59.090000,PM10,19208
44.189999,69.480003,12.340000,8.770000,0.550000,79.360001,-3.640000,7.430000,287.619995,89.309998,79585.718750,35.56,105.42,61.487499,PM2.5,19209
46.799999,70.410004,12.240000,9.830000,0.590000,81.470001,-2.720000,7.190000,288.440002,86.339996,80821.859375,35.56,105.58,64.750000,PM2.5,19210
48.119999,69.720001,11.630000,9.880000,0.620000,84.050003,-2.200000,7.280000,289.100006,82.930000,81483.679688,35.56,105.75,66.400002,PM2.5,19211
50.070000,67.239998,10.080000,19.610001,0.760000,84.879997,0.070000,6.000000,292.329987,63.340000,83276.203125,35.55,106.59,68.837502,PM2.5,19216
53.849998,72.019997,10.100000,25.730000,0.840000,80.610001,-1.360000,6.400000,292.339996,64.980003,84290.750000,35.55,106.75,73.562500,PM2.5,19217
53.759998,71.279999,10.050000,21.049999,0.860000,82.839996,-0.480000,6.350000,292.890015,64.550003,85037.906250,35.55,106.92,73.449997,PM2.5,19218
50.650002,66.730003,9.840000,9.300000,0.810000,88.699997,0.170000,6.450000,294.070007,60.270000,85952.273438,35.55,107.09,69.562500,PM2.5,19219
48.540001,64.410004,9.880000,8.120000,0.780000,92.500000,0.040000,6.460000,294.820007,56.750000,86410.171875,35.54,107.26,66.925003,PM2.5,19220
47.070000,63.919998,9.770000,8.280000,0.770000,94.089996,-0.230000,6.310000,295.179993,54.750000,86762.093750,35.54,107.42,65.087502,PM2.5,19221
47.110001,66.120003,10.020000,10.410000,0.820000,93.570000,-0.670000,5.910000,295.339996,53.720001,87072.171875,35.54,107.59,65.137497,PM2.5,19222
46.860001,68.720001,10.220000,11.630000,0.860000,92.830002,-0.990000,5.820000,295.450012,52.419998,87382.796875,35.53,107.76,64.824997,PM2.5,19223
45.349998,68.790001,10.360000,12.280000,0.860000,92.760002,-1.180000,5.710000,295.950012,50.279999,87973.187500,35.53,107.92,62.937500,PM2.5,19224
43.709999,66.470001,10.160000,11.520000,0.840000,93.820000,-1.490000,5.770000,295.820007,49.790001,87575.726562,35.53,108.09,60.887497,PM2.5,19225
42.380001,64.040001,9.640000,10.100000,0.800000,94.410004,-1.810000,5.800000,295.049988,50.750000,86450.203125,35.52,108.26,59.225002,PM2.5,19226
42.740002,64.040001,9.670000,10.200000,0.790000,93.800003,-1.730000,5.880000,293.850006,53.669998,85012.531250,35.52,108.42,59.675003,PM2.5,19227
43.169998,63.509998,10.540000,10.810000,0.780000,95.559998,-1.300000,5.540000,292.959991,55.650002,83861.460938,35.51,108.59,60.212498,PM2.5,19228
33.209999,42.680000,6.260000,11.530000,0.500000,72.169998,-2.270000,0.580000,284.390015,81.019997,70476.289062,35.68,102.74,47.442856,PM2.5,19438
34.290001,48.639999,6.420000,18.000000,0.650000,66.139999,0.290000,-0.800000,287.660004,73.760002,75501.132812,35.68,102.91,48.985714,PM2.5,19439
36.919998,56.279999,7.290000,25.540001,0.760000,62.220001,0.790000,-1.300000,290.339996,68.720001,79809.429688,35.69,103.08,53.139999,PM10,19440
36.119999,55.930000,6.990000,23.240000,0.710000,61.549999,-0.780000,0.480000,290.119995,71.760002,79361.382812,35.69,103.24,52.965000,PM10,19441
35.400002,56.580002,7.210000,21.980000,0.690000,60.000000,-1.720000,1.130000,289.320007,74.430000,77941.046875,35.69,103.41,53.290001,PM10,19442
32.200001,55.139999,7.760000,18.910000,0.670000,58.490002,-2.190000,2.280000,290.320007,70.309998,78879.023438,35.69,103.58,52.570000,PM10,19443
30.049999,56.470001,8.460000,17.990000,0.690000,54.080002,-2.230000,2.920000,290.200012,69.980003,78124.101562,35.69,103.75,53.235001,PM10,19444
30.570000,61.700001,8.920000,19.350000,0.720000,49.799999,-1.910000,3.350000,286.970001,81.029999,74143.796875,35.7,103.91,55.849998,PM10,19445
30.219999,63.230000,9.510000,17.139999,0.690000,50.939999,-1.700000,4.430000,286.670013,83.209999,74048.492188,35.7,104.08,56.614998,PM10,19446
29.290001,63.970001,10.200000,17.480000,0.690000,53.330002,-2.440000,4.620000,288.690002,79.760002,77461.562500,35.7,104.25,56.985001,PM10,19447
29.379999,64.029999,10.750000,16.820000,0.670000,57.180000,-3.320000,4.930000,289.750000,77.839996,79345.289062,35.7,104.41,57.014999,PM10,19448
30.500000,64.440002,11.230000,15.540000,0.650000,61.820000,-3.110000,5.570000,289.670013,78.720001,79450.296875,35.7,104.58,57.220001,PM10,19449
31.830000,63.630001,11.430000,11.770000,0.600000,66.519997,-3.160000,6.000000,289.760010,77.949997,79568.796875,35.7,104.75,56.815002,PM10,19450
33.939999,64.019997,11.700000,10.160000,0.580000,70.089996,-3.830000,6.140000,290.029999,77.680000,80405.046875,35.7,104.92,57.009998,PM10,19451
37.139999,65.699997,12.010000,9.000000,0.560000,73.949997,-4.270000,6.800000,289.540009,80.349998,80611.843750,35.7,105.08,57.849998,PM10,19452
40.970001,67.720001,12.190000,7.650000,0.540000,77.470001,-4.330000,7.510000,288.500000,84.559998,79927.828125,35.7,105.25,58.860001,PM10,19453
44.430000,69.410004,12.160000,7.640000,0.550000,79.699997,-3.820000,7.470000,288.130005,86.389999,79882.101562,35.7,105.42,61.787498,PM2.5,19454
47.599998,71.180000,12.180000,8.590000,0.590000,81.730003,-2.760000,7.200000,288.359985,85.870003,80453.390625,35.7,105.59,65.750000,PM2.5,19455
53.279999,71.830002,10.920000,26.809999,0.810000,81.230003,-1.290000,5.220000,291.910004,65.580002,83234.976562,35.69,106.59,72.849998,PM2.5,19461
54.880001,73.440002,10.860000,36.340000,0.830000,78.330002,-1.380000,5.990000,292.459991,65.220001,84428.156250,35.69,106.76,74.849998,PM2.5,19462
54.090000,71.360001,10.800000,29.440001,0.840000,81.800003,-0.340000,6.080000,293.179993,63.590000,85159.093750,35.69,106.92,73.862503,PM2.5,19463
51.020000,66.699997,9.990000,9.150000,0.790000,89.599998,-0.050000,6.260000,294.010010,60.419998,85785.281250,35.68,107.09,70.025002,PM2.5,19464
48.900002,64.400002,10.010000,7.570000,0.770000,93.370003,-0.250000,6.450000,294.579987,57.480000,86152.476562,35.68,107.26,67.375000,PM2.5,19465
47.459999,64.010002,10.050000,7.830000,0.760000,95.510002,-0.430000,6.510000,294.829987,55.490002,86356.468750,35.68,107.43,65.574997,PM2.5,19466
48.090000,67.070000,10.810000,11.160000,0.830000,94.559998,-0.550000,6.360000,294.690002,55.139999,86259.007812,35.67,107.59,66.362503,PM2.5,19467
46.720001,68.139999,10.650000,10.670000,0.840000,94.459999,-0.690000,6.160000,295.239990,52.549999,87009.156250,35.67,107.76,64.650002,PM2.5,19468
44.959999,67.809998,10.720000,10.890000,0.840000,94.669998,-0.900000,5.920000,296.019989,49.720001,87962.617188,35.67,107.93,62.449997,PM2.5,19469
43.540001,65.610001,10.390000,10.100000,0.810000,95.690002,-1.080000,5.860000,295.750000,49.630001,87415.296875,35.66,108.09,60.675003,PM2.5,19470
42.320000,63.270000,9.910000,9.100000,0.770000,96.459999,-1.210000,5.720000,294.929993,50.860001,86240.406250,35.66,108.26,59.150002,PM2.5,19471
42.389999,63.180000,9.960000,9.470000,0.770000,95.080002,-0.920000,5.940000,294.179993,51.720001,85210.468750,35.65,108.43,59.237499,PM2.5,19472
32.389999,42.000000,7.990000,12.390000,0.470000,78.290001,-3.060000,-2.600000,288.769989,68.660004,76880.046875,35.82,102.74,46.271427,PM2.5,19681
34.740002,50.189999,8.010000,18.139999,0.630000,70.720001,-1.190000,-2.750000,289.429993,68.750000,78212.140625,35.82,102.91,50.095001,PM10,19682
36.730000,57.040001,8.430000,23.190001,0.700000,63.869999,-0.570000,-1.930000,290.410004,68.660004,79745.226562,35.82,103.07,53.520000,PM10,19683
35.930000,57.000000,7.750000,24.639999,0.700000,61.689999,-1.290000,0.220000,290.630005,70.120003,79587.273438,35.82,103.24,53.500000,PM10,19684
35.849998,58.090000,7.920000,26.200001,0.710000,59.430000,-1.770000,1.320000,290.029999,71.589996,78327.789062,35.83,103.41,54.044998,PM10,19685
34.630001,58.459999,8.110000,26.230000,0.700000,59.189999,-1.620000,2.480000,290.329987,70.019997,78544.117188,35.83,103.58,54.230000,PM10,19686
31.750000,58.090000,8.790000,22.209999,0.710000,53.880001,-0.800000,2.960000,289.799988,70.360001,77181.359375,35.83,103.74,54.044998,PM10,19687
29.500000,60.070000,9.490000,19.469999,0.720000,49.470001,-0.980000,3.640000,288.299988,74.660004,74816.429688,35.83,103.91,55.035000,PM10,19688
29.170000,61.660000,10.020000,17.790001,0.710000,50.650002,-2.970000,4.850000,289.320007,73.599998,76806.812500,35.83,104.08,55.830002,PM10,19689
29.790001,62.740002,10.560000,17.459999,0.690000,53.250000,-4.280000,4.310000,290.010010,75.709999,79191.750000,35.83,104.25,56.370003,PM10,19690
30.600000,63.840000,10.870000,16.379999,0.670000,56.400002,-3.860000,4.150000,289.559998,78.830002,79130.226562,35.83,104.41,56.919998,PM10,19691
31.590000,64.139999,11.170000,14.820000,0.650000,60.720001,-3.260000,4.530000,289.670013,78.760002,79373.953125,35.83,104.58,57.070000,PM10,19692
33.049999,63.599998,11.340000,11.350000,0.610000,65.970001,-3.730000,5.220000,289.940002,77.769997,79908.007812,35.84,104.75,56.799999,PM10,19693
35.160000,64.199997,11.580000,9.450000,0.590000,70.339996,-4.220000,5.820000,289.980011,78.180000,80517.023438,35.84,104.92,57.099998,PM10,19694
38.029999,65.580002,11.810000,8.000000,0.570000,74.389999,-4.220000,6.590000,289.730011,79.169998,80718.703125,35.84,105.08,57.790001,PM10,19695
41.520000,67.540001,11.970000,6.970000,0.550000,77.699997,-4.230000,6.820000,289.070007,81.839996,80362.710938,35.84,105.25,58.770000,PM10,19696
55.000000,73.820000,10.550000,33.560001,0.830000,83.029999,-0.210000,5.680000,292.839996,65.239998,84797.492188,35.82,106.93,75.000000,PM2.5,19706
51.790001,68.500000,9.750000,10.580000,0.790000,90.440002,0.010000,6.010000,293.649994,61.660000,85358.046875,35.82,107.09,70.987503,PM2.5,19707
49.270000,65.050003,9.880000,7.850000,0.770000,94.750000,-0.240000,6.450000,294.380005,57.990002,85888.718750,35.82,107.26,67.837502,PM2.5,19708
47.590000,63.810001,10.210000,7.860000,0.770000,97.190002,-0.380000,6.730000,294.649994,55.720001,86071.468750,35.81,107.43,65.737503,PM2.5,19709
48.150002,66.669998,11.190000,11.170000,0.830000,96.769997,-0.380000,6.820000,294.399994,55.480000,85755.039062,35.81,107.6,66.437500,PM2.5,19710
46.889999,67.760002,11.360000,10.850000,0.850000,96.470001,-0.530000,6.450000,295.149994,52.389999,86749.046875,35.81,107.76,64.862503,PM2.5,19711
45.389999,67.800003,11.470000,10.950000,0.860000,96.129997,-0.730000,6.020000,296.040009,49.310001,87903.078125,35.8,107.93,62.987499,PM2.5,19712
44.130001,65.709999,10.820000,9.690000,0.820000,96.940002,-0.830000,5.870000,295.630005,49.669998,87241.562500,35.8,108.1,61.412502,PM2.5,19713
43.180000,63.730000,10.270000,9.010000,0.790000,97.019997,-0.830000,5.650000,294.489990,52.070000,85833.726562,35.79,108.27,60.224998,PM2.5,19714
42.669998,62.060001,10.510000,9.450000,0.780000,98.449997,-0.550000,5.450000,293.829987,52.889999,84907.632812,35.79,108.43,59.587498,PM2.5,19715
37.320000,60.130001,9.850000,25.400000,0.710000,62.889999,-0.560000,-2.830000,290.489990,66.739998,79519.093750,35.96,103.07,55.065002,PM10,19926
37.439999,62.169998,9.060000,29.820000,0.750000,58.750000,-0.870000,-0.810000,291.179993,67.419998,80190.257812,35.96,103.24,56.084999,PM10,19927
37.799999,63.830002,8.920000,34.330002,0.770000,55.259998,-1.680000,0.640000,290.730011,68.360001,78845.859375,35.96,103.41,56.915001,PM10,19928
38.480000,69.459999,9.160000,42.080002,0.820000,50.750000,-1.490000,1.880000,290.690002,67.919998,78452.132812,35.96,103.57,59.730000,PM10,19929
33.790001,65.980003,10.140000,33.360001,0.780000,48.930000,-1.250000,2.030000,291.619995,64.419998,79004.757812,35.97,103.74,57.990002,PM10,19930
30.680000,62.619999,10.780000,25.889999,0.760000,48.310001,-2.800000,2.920000,292.119995,63.490002,79515.382812,35.97,103.91,56.309998,PM10,19931
29.670000,60.130001,10.900000,17.330000,0.710000,51.840000,-5.250000,4.520000,292.029999,66.510002,80515.757812,35.97,104.08,55.065002,PM10,19932
30.860001,61.950001,11.150000,15.360000,0.680000,54.750000,-5.640000,4.500000,290.170013,75.230003,79289.539062,35.97,104.24,55.974998,PM10,19933
32.099998,64.110001,11.190000,14.770000,0.670000,56.200001,-4.160000,4.060000,288.559998,82.160004,77815.296875,35.97,104.41,57.055000,PM10,19934
33.150002,64.470001,11.370000,13.350000,0.650000,60.580002,-3.280000,4.450000,289.239990,80.190002,78862.070312,35.97,104.58,57.235001,PM10,19935
34.500000,64.110001,11.550000,10.570000,0.620000,66.459999,-3.610000,5.570000,289.950012,77.550003,79889.906250,35.97,104.75,57.055000,PM10,19936
36.459999,64.519997,11.680000,8.570000,0.600000,71.370003,-4.140000,6.600000,290.079987,77.220001,80469.367188,35.97,104.92,57.259998,PM10,19937
39.180000,65.559998,11.720000,6.860000,0.570000,75.500000,-4.310000,6.900000,289.989990,77.720001,80820.406250,35.97,105.08,57.779999,PM10,19938
42.439999,67.650002,11.810000,6.210000,0.560000,78.489998,-4.350000,6.550000,289.230011,80.839996,80356.023438,35.97,105.25,59.299999,PM2.5,19939
55.959999,76.610001,10.090000,32.470001,0.820000,84.809998,-0.110000,5.760000,292.290009,67.110001,84143.210938,35.96,106.93,76.199997,PM2.5,19949
52.400002,70.279999,9.350000,11.330000,0.790000,91.169998,-0.000000,5.780000,293.380005,62.639999,85034.867188,35.95,107.1,71.750000,PM2.5,19950
49.590000,65.669998,9.620000,7.910000,0.770000,95.669998,-0.230000,6.210000,294.269989,58.430000,85787.476562,35.95,107.27,68.237503,PM2.5,19951
47.570000,63.270000,10.290000,7.540000,0.770000,98.610001,-0.110000,6.690000,294.500000,55.980000,85845.382812,35.95,107.43,65.712502,PM2.5,19952
47.709999,65.540001,11.300000,10.260000,0.830000,99.019997,-0.170000,6.990000,294.450012,55.000000,85631.343750,35.95,107.6,65.887497,PM2.5,19953
47.060001,67.550003,12.150000,11.520000,0.870000,98.000000,-0.610000,6.540000,295.250000,51.849998,86723.296875,35.94,107.77,65.075005,PM2.5,19954
46.150002,68.129997,12.220000,11.670000,0.890000,97.180000,-0.730000,6.030000,295.829987,49.540001,87614.570312,35.94,107.94,63.937500,PM2.5,19955
45.060001,66.129997,11.090000,9.540000,0.840000,97.809998,-0.550000,5.810000,295.290009,50.439999,86904.320312,35.93,108.1,62.575001,PM2.5,19956
44.160000,64.339996,10.550000,9.100000,0.810000,98.250000,-0.380000,5.810000,294.149994,53.060001,85514.867188,35.93,108.27,61.450001,PM2.5,19957
43.880001,63.570000,10.600000,9.910000,0.820000,98.099998,-0.150000,5.690000,293.429993,54.419998,84617.320312,35.93,108.44,61.100002,PM2.5,19958
38.230000,64.650002,11.810000,29.080000,0.730000,61.930000,0.120000,-2.550000,290.679993,65.089996,79678.828125,36.09,103.07,57.325001,PM10,20171
40.720001,78.959999,13.640000,42.900002,0.880000,51.630001,-0.620000,-1.580000,291.570007,65.360001,80641.023438,36.1,103.23,64.479996,PM10,20172
41.529999,80.510002,12.570000,49.849998,0.910000,46.990002,-1.510000,-0.590000,291.619995,65.550003,80019.023438,36.1,103.4,65.255005,PM10,20173
47.470001,108.639999,17.379999,79.669998,1.130000,32.459999,-1.970000,0.210000,292.309998,62.939999,80450.531250,36.1,103.57,99.587494,NO2,20174
41.660000,96.750000,15.770000,69.120003,1.020000,34.650002,-2.610000,0.520000,293.459991,60.200001,81715.718750,36.1,103.74,86.400002,NO2,20175
34.799999,74.879997,13.570000,43.310001,0.860000,43.790001,-4.230000,2.490000,294.200012,58.709999,82505.132812,36.1,103.91,62.439999,PM10,20176
30.330000,59.270000,11.850000,15.670000,0.700000,53.630001,-5.860000,4.630000,292.920013,63.650002,81359.656250,36.1,104.08,54.635002,PM10,20177
31.830000,61.299999,11.750000,13.160000,0.680000,55.590000,-5.750000,5.250000,289.709991,74.639999,78010.679688,36.11,104.24,55.650002,PM10,20178
33.430000,64.019997,11.680000,12.910000,0.670000,56.820000,-4.080000,4.990000,287.869995,83.269997,76644.507812,36.11,104.41,57.009998,PM10,20179
34.619999,64.690002,11.840000,12.030000,0.660000,61.290001,-2.890000,5.200000,288.970001,80.580002,78408.757812,36.11,104.58,57.345001,PM10,20180
35.759998,64.410004,12.050000,10.490000,0.640000,67.279999,-3.150000,6.060000,290.690002,74.360001,80509.046875,36.11,104.75,57.205002,PM10,20181
37.439999,64.239998,12.000000,8.330000,0.610000,72.370003,-4.090000,6.830000,291.290009,72.269997,81548.039062,36.11,104.92,57.119999,PM10,20182
40.160000,65.099998,11.770000,6.140000,0.580000,76.680000,-4.650000,6.900000,290.549988,75.169998,81211.171875,36.11,105.08,57.549999,PM10,20183
43.189999,67.360001,11.710000,5.640000,0.560000,79.190002,-4.580000,6.700000,289.329987,79.699997,80239.507812,36.11,105.25,60.237499,PM2.5,20184
46.380001,70.440002,11.600000,6.090000,0.590000,80.709999,-3.740000,6.590000,288.079987,84.540001,79123.898438,36.11,105.42,64.224998,PM2.5,20185
52.540001,71.360001,9.190000,11.290000,0.780000,92.650002,-0.220000,5.710000,293.119995,63.639999,84760.171875,36.09,107.1,71.925003,PM2.5,20195
49.770000,66.050003,9.570000,7.780000,0.760000,96.910004,-0.130000,6.250000,293.649994,60.349998,85122.562500,36.09,107.27,68.462502,PM2.5,20196
47.549999,62.660000,10.390000,6.990000,0.760000,99.900002,0.290000,6.620000,294.079987,57.200001,85363.757812,36.08,107.44,65.687500,PM2.5,20197
47.009998,64.239998,11.490000,9.420000,0.820000,100.389999,-0.070000,6.670000,294.920013,53.599998,86026.593750,36.08,107.61,65.012497,PM2.5,20198
47.009998,67.220001,12.980000,12.360000,0.880000,98.580002,-0.800000,6.380000,295.519989,50.939999,86953.390625,36.08,107.77,65.012497,PM2.5,20199
46.759998,68.300003,12.840000,12.480000,0.900000,97.660004,-0.790000,6.140000,295.299988,50.560001,86962.312500,36.07,107.94,64.699997,PM2.5,20200
45.889999,66.580002,11.220000,9.560000,0.860000,98.239998,-0.190000,5.930000,294.500000,52.310001,86070.539062,36.07,108.11,63.612499,PM2.5,20201
44.930000,65.029999,10.750000,9.850000,0.850000,98.589996,0.380000,6.040000,293.950012,52.889999,85237.882812,36.07,108.28,62.412498,PM2.5,20202
44.330002,64.349998,10.670000,11.140000,0.860000,98.160004,0.340000,6.010000,294.019989,52.250000,85158.781250,36.06,108.45,61.662502,PM2.5,20203
44.650002,65.610001,11.130000,13.590000,0.910000,96.610001,-0.830000,5.390000,294.399994,52.340000,85832.703125,36.06,108.61,62.062500,PM2.5,20204
38.320000,69.879997,13.400000,32.820000,0.760000,59.400002,-0.790000,-1.600000,291.049988,63.470001,80053.570312,36.23,103.06,59.939999,PM10,20416
40.330002,84.800003,16.180000,46.080002,0.900000,49.779999,-2.100000,-1.980000,291.970001,62.840000,80754.320312,36.23,103.23,67.400002,PM10,20417
44.099998,105.480003,21.260000,64.120003,1.070000,40.200001,-2.790000,-1.240000,292.609985,62.080002,81234.359375,36.23,103.4,80.150002,NO2,20418
48.740002,125.019997,25.049999,80.400002,1.220000,34.540001,-3.590000,-0.500000,293.070007,61.169998,81461.257812,36.24,103.57,100.199997,NO2,20419
44.389999,108.660004,21.430000,70.470001,1.080000,35.570000,-3.910000,0.330000,293.130005,61.610001,81444.382812,36.24,103.74,88.087502,NO2,20420
38.009998,82.430000,16.879999,46.360001,0.900000,42.369999,-3.800000,2.210000,293.709991,59.849998,81919.500000,36.24,103.91,66.214996,PM10,20421
31.129999,58.900002,12.720000,14.410000,0.700000,54.480000,-4.140000,3.950000,293.350006,60.029999,81055.031250,36.24,104.07,54.450001,PM10,20422
31.690001,58.919998,12.390000,11.580000,0.670000,56.599998,-4.510000,5.370000,291.739990,64.309998,79045.328125,36.24,104.24,54.459999,PM10,20423
33.580002,61.849998,12.340000,10.990000,0.660000,59.049999,-4.070000,6.410000,289.890015,72.290001,77808.953125,36.24,104.41,55.924999,PM10,20424
35.820000,64.050003,12.450000,10.450000,0.660000,63.439999,-3.230000,6.390000,289.630005,76.730003,78663.343750,36.24,104.58,57.025002,PM10,20425
36.490002,63.750000,12.590000,9.690000,0.650000,69.089996,-3.320000,6.150000,291.700012,70.599998,81481.789062,36.24,104.75,56.875000,PM10,20426
37.810001,63.090000,12.370000,7.530000,0.620000,74.379997,-4.280000,6.340000,292.470001,68.139999,82722.906250,36.24,104.92,56.544998,PM10,20427
40.840000,64.309998,11.910000,5.450000,0.580000,78.180000,-4.740000,6.620000,290.809998,73.419998,81293.617188,36.24,105.08,57.299999,PM2.5,20428
43.759998,66.370003,11.660000,5.020000,0.570000,80.449997,-4.220000,6.780000,289.290009,78.550003,79809.468750,36.24,105.25,60.949997,PM2.5,20429
46.549999,69.070000,11.430000,5.150000,0.580000,82.150002,-3.080000,6.840000,287.899994,83.349998,78320.382812,36.24,105.42,64.437500,PM2.5,20430
56.040001,78.580002,10.220000,25.520000,0.770000,81.709999,-0.680000,5.860000,291.510010,68.260002,82731.132812,36.23,106.77,76.300003,PM2.5,20438
55.200001,76.230003,9.860000,23.490000,0.770000,86.849998,-0.430000,5.990000,291.989990,67.650002,83510.953125,36.23,106.94,75.250000,PM2.5,20439
52.110001,69.669998,9.470000,9.770000,0.740000,93.160004,-0.140000,6.200000,292.450012,65.559998,83909.929688,36.23,107.1,71.387497,PM2.5,20440
49.500000,64.790001,9.860000,6.810000,0.720000,97.279999,0.120000,6.610000,293.230011,61.529999,84583.039062,36.22,107.27,68.125000,PM2.5,20441
47.119999,61.560001,10.790000,6.050000,0.720000,100.220001,0.240000,6.490000,294.269989,56.790001,85504.679688,36.22,107.44,65.150002,PM2.5,20442
46.520000,63.349998,11.870000,8.340000,0.780000,100.430000,-0.270000,6.190000,295.160004,53.029999,86309.218750,36.22,107.61,64.400002,PM2.5,20443
47.070000,66.570000,13.790000,12.290000,0.840000,98.879997,-0.740000,6.310000,295.329987,51.180000,86698.039062,36.21,107.78,65.087502,PM2.5,20444
46.889999,67.589996,13.390000,12.440000,0.870000,98.330002,-0.520000,6.310000,294.869995,51.400002,86347.679688,36.21,107.95,64.862503,PM2.5,20445
46.119999,66.150002,11.520000,9.280000,0.840000,99.639999,0.110000,6.100000,293.980011,53.290001,85342.351562,36.21,108.11,63.899998,PM2.5,20446
45.169998,65.019997,10.850000,10.120000,0.850000,98.940002,0.670000,5.930000,293.679993,53.750000,84965.078125,36.2,108.28,62.712498,PM2.5,20447
44.630001,64.849998,10.560000,11.740000,0.880000,97.970001,0.240000,5.370000,294.079987,52.939999,85548.476562,36.2,108.45,62.037502,PM2.5,20448
45.230000,66.919998,10.760000,14.330000,0.940000,96.059998,-1.160000,5.260000,294.070007,53.759998,85950.976562,36.19,108.62,62.787498,PM2.5,20449
36.200001,53.889999,12.500000,22.230000,0.590000,70.010002,-1.930000,-1.480000,291.010010,60.150002,79793.000000,36.36,102.89,51.945000,PM10,20661
34.340000,59.689999,11.260000,22.580000,0.650000,65.040001,-3.850000,-2.080000,291.079987,61.689999,79215.250000,36.36,103.06,54.845001,PM10,20662
35.360001,66.910004,12.540000,26.639999,0.700000,60.110001,-4.130000,-2.780000,291.200012,62.950001,79446.976562,36.37,103.23,58.455002,PM10,20663
36.320000,74.230003,14.610000,32.680000,0.760000,55.259998,-3.990000,-1.820000,292.450012,61.180000,80863.796875,36.37,103.4,62.115002,PM10,20664
36.799999,80.010002,16.400000,36.799999,0.800000,51.310001,-4.620000,-0.950000,292.540009,61.770000,80643.929688,36.37,103.57,65.005005,PM10,20665
35.980000,78.389999,16.709999,33.669998,0.780000,51.400002,-4.500000,-0.370000,292.329987,62.680000,80330.437500,36.37,103.74,64.195000,PM10,20666
34.189999,70.290001,15.880000,25.559999,0.740000,53.799999,-3.700000,0.600000,292.880005,61.200001,80778.148438,36.37,103.9,60.145000,PM10,20667
32.700001,60.189999,14.710000,13.800000,0.690000,57.529999,-2.960000,1.330000,293.320007,59.639999,81040.757812,36.38,104.07,55.095001,PM10,20668
31.780001,57.570000,12.990000,10.510000,0.660000,59.230000,-3.050000,2.680000,294.320007,56.849998,81954.601562,36.38,104.24,53.785000,PM10,20669
33.259998,59.110001,12.970000,9.620000,0.650000,61.919998,-4.090000,5.660000,293.540009,59.720001,81307.976562,36.38,104.41,54.555000,PM10,20670
35.889999,61.840000,12.990000,8.530000,0.640000,66.809998,-4.480000,6.950000,291.980011,67.519997,80792.593750,36.38,104.58,55.919998,PM10,20671
37.080002,62.090000,12.920000,7.530000,0.630000,72.470001,-4.400000,6.650000,292.730011,66.860001,82554.039062,36.38,104.75,56.044998,PM10,20672
38.810001,62.090000,12.550000,5.990000,0.600000,76.790001,-4.640000,6.860000,292.339996,67.800003,82494.257812,36.38,104.92,56.044998,PM10,20673
41.750000,63.580002,11.980000,4.490000,0.570000,80.220001,-4.100000,6.680000,290.040009,75.089996,80062.976562,36.38,105.08,58.437500,PM2.5,20674
44.040001,64.750000,11.560000,4.260000,0.550000,82.250000,-2.900000,6.750000,289.049988,77.739998,78871.726562,36.38,105.25,61.300003,PM2.5,20675
53.049999,72.599998,10.390000,14.910000,0.700000,80.980003,-0.740000,5.670000,290.970001,68.019997,81383.203125,36.37,106.6,72.562500,PM2.5,20683
53.790001,72.889999,10.370000,17.070000,0.710000,82.610001,-0.470000,5.710000,291.579987,67.480003,82547.617188,36.37,106.77,73.487503,PM2.5,20684
53.230000,71.070000,10.380000,15.910000,0.710000,87.620003,-0.140000,6.090000,292.160004,66.459999,83413.007812,36.36,106.94,72.787498,PM2.5,20685
50.910000,66.019997,10.170000,7.850000,0.690000,93.610001,0.010000,6.530000,292.690002,64.300003,83913.281250,36.36,107.11,69.887497,PM2.5,20686
48.570000,62.369999,10.690000,6.050000,0.670000,97.260002,-0.110000,6.570000,293.720001,60.029999,84967.929688,36.36,107.28,66.962502,PM2.5,20687
46.590000,60.389999,11.540000,5.470000,0.660000,100.320000,-0.200000,6.330000,294.489990,56.220001,85713.398438,36.36,107.45,64.487503,PM2.5,20688
46.389999,62.480000,12.420000,7.020000,0.710000,100.639999,-0.350000,6.220000,294.609985,54.509998,85752.367188,36.35,107.61,64.237503,PM2.5,20689
47.070000,65.629997,14.350000,10.600000,0.770000,99.489998,-0.450000,6.520000,294.730011,52.549999,85952.398438,36.35,107.78,65.087502,PM2.5,20690
46.840000,66.540001,13.720000,11.230000,0.810000,99.010002,-0.230000,6.430000,294.369995,52.580002,85667.937500,36.35,107.95,64.800003,PM2.5,20691
46.299999,65.900002,11.990000,9.610000,0.820000,99.790001,0.330000,6.320000,293.549988,54.389999,84786.593750,36.34,108.12,64.125000,PM2.5,20692
45.570000,65.550003,11.080000,10.830000,0.860000,99.099998,0.610000,6.000000,293.290009,55.009998,84553.179688,36.34,108.29,63.212502,PM2.5,20693
45.619999,66.489998,10.550000,12.670000,0.900000,97.879997,0.280000,5.630000,293.029999,56.330002,84672.968750,36.33,108.46,63.274998,PM2.5,20694
45.919998,68.650002,10.470000,15.100000,0.960000,95.879997,-0.330000,6.060000,293.019989,56.500000,84838.828125,36.33,108.62,63.649998,PM2.5,20695
31.809999,47.830002,10.020000,19.260000,0.580000,72.150002,-4.130000,-2.850000,290.910004,56.919998,78836.632812,36.5,102.89,47.830002,PM10,20907
31.360001,51.340000,9.680000,16.090000,0.600000,71.160004,-5.090000,-3.540000,290.239990,60.459999,77778.421875,36.5,103.06,50.669998,PM10,20908
33.360001,57.119999,11.090000,17.600000,0.630000,68.279999,-4.660000,-3.430000,289.700012,64.389999,77499.203125,36.5,103.23,53.559998,PM10,20909
34.180000,61.830002,12.750000,20.059999,0.660000,65.150002,-4.300000,-2.510000,291.480011,61.020000,79491.328125,36.5,103.4,55.915001,PM10,20910
34.459999,64.930000,14.200000,21.200001,0.680000,63.070000,-4.950000,-1.830000,292.109985,60.360001,79951.320312,36.51,103.56,57.465000,PM10,20911
34.820000,67.349998,15.600000,21.639999,0.700000,60.910000,-4.850000,-1.690000,291.959991,61.669998,79794.843750,36.51,103.73,58.674999,PM10,20912
35.669998,69.449997,17.650000,22.200001,0.730000,58.930000,-4.100000,-1.240000,292.130005,62.250000,79989.953125,36.51,103.9,59.724998,PM10,20913
37.740002,76.070000,22.730000,25.559999,0.820000,55.840000,-3.460000,-0.680000,292.649994,61.580002,80565.390625,36.51,104.07,63.035000,PM10,20914
34.270000,61.840000,15.670000,13.790000,0.690000,60.900002,-3.210000,0.350000,293.829987,59.119999,82039.476562,36.51,104.24,55.919998,PM10,20915
34.279999,58.880001,13.940000,9.930000,0.650000,64.480003,-3.760000,3.330000,294.480011,58.230000,82870.773438,36.51,104.41,54.440002,PM10,20916
36.060001,60.459999,14.210000,10.160000,0.640000,69.180000,-4.510000,5.970000,294.220001,60.889999,83325.078125,36.51,104.58,55.230000,PM10,20917
37.750000,61.259998,14.720000,11.340000,0.620000,73.650002,-4.630000,7.170000,293.859985,62.700001,83649.953125,36.51,104.75,55.629997,PM10,20918
39.610001,61.400002,13.950000,9.060000,0.590000,77.519997,-4.320000,7.750000,292.480011,65.860001,82095.492188,36.51,104.92,55.762501,PM2.5,20919
42.070000,62.000000,11.900000,3.940000,0.560000,81.760002,-3.340000,6.940000,290.070007,72.870003,79218.273438,36.51,105.08,58.837502,PM2.5,20920
43.900002,62.500000,11.330000,3.730000,0.540000,83.760002,-1.690000,6.740000,289.489990,74.199997,78512.710938,36.51,105.25,61.125000,PM2.5,20921
49.240002,64.690002,9.380000,7.990000,0.590000,83.279999,-0.910000,6.390000,291.109985,67.059998,80870.992188,36.51,106.44,67.800003,PM2.5,20928
51.130001,66.800003,10.100000,9.650000,0.620000,81.889999,-0.650000,5.900000,290.829987,67.900002,80884.656250,36.5,106.6,70.162498,PM2.5,20929
51.980000,67.389999,10.410000,10.810000,0.630000,83.230003,-0.330000,5.730000,291.359985,67.559998,82042.531250,36.5,106.77,71.224998,PM2.5,20930
51.470001,65.980003,10.730000,10.310000,0.630000,87.730003,-0.020000,5.930000,292.399994,65.040001,83462.226562,36.5,106.94,70.587502,PM2.5,20931
49.430000,62.310001,10.720000,5.990000,0.610000,93.480003,-0.170000,6.210000,293.440002,61.590000,84534.203125,36.5,107.11,68.037498,PM2.5,20932
47.689999,60.160000,11.320000,4.940000,0.600000,97.519997,-0.470000,6.300000,294.160004,58.610001,85331.453125,36.49,107.28,65.862495,PM2.5,20933
46.410000,59.490002,12.070000,4.720000,0.590000,100.489998,-0.320000,6.420000,294.279999,56.669998,85387.390625,36.49,107.45,64.262497,PM2.5,20934
46.470001,61.759998,13.090000,5.980000,0.630000,101.370003,-0.200000,6.560000,294.149994,55.560001,85164.601562,36.49,107.62,64.337502,PM2.5,20935
46.990002,64.589996,14.760000,9.050000,0.680000,100.150002,-0.200000,6.700000,294.369995,53.439999,85465.726562,36.49,107.79,64.987503,PM2.5,20936
46.910000,65.690002,14.210000,10.220000,0.750000,100.290001,0.100000,6.670000,293.869995,53.810001,84995.679688,36.48,107.96,64.887497,PM2.5,20937
46.590000,65.680000,12.600000,9.960000,0.800000,101.190002,0.780000,6.850000,293.119995,55.349998,84161.218750,36.48,108.12,64.487503,PM2.5,20938
46.009998,65.910004,11.290000,11.570000,0.860000,100.040001,1.130000,6.690000,292.920013,56.119999,84030.679688,36.47,108.29,63.762497,PM2.5,20939
29.309999,36.830002,8.000000,13.820000,0.400000,79.309998,-3.960000,-3.150000,286.940002,64.730003,74205.718750,36.63,102.72,41.871429,PM2.5,21153
28.660000,41.070000,8.290000,16.010000,0.510000,76.790001,-4.570000,-3.580000,289.260010,58.419998,76430.750000,36.63,102.89,41.070000,PM10,21154
29.240000,44.759998,8.580000,12.840000,0.550000,77.199997,-4.830000,-4.220000,288.690002,61.529999,75876.593750,36.64,103.05,44.759998,PM10,21155
31.370001,50.160000,10.160000,13.700000,0.580000,75.029999,-4.200000,-3.430000,289.079987,62.660000,76669.546875,36.64,103.22,50.080002,PM10,21156
32.480000,54.549999,11.960000,15.170000,0.610000,72.440002,-4.440000,-2.790000,290.890015,59.330002,78467.226562,36.64,103.39,52.275002,PM10,21157
32.990002,57.570000,13.670000,15.800000,0.630000,70.830002,-5.090000,-2.730000,291.350006,59.369999,78801.210938,36.64,103.56,53.785000,PM10,21158
33.700001,60.520000,15.570000,16.230000,0.650000,68.989998,-4.810000,-2.630000,290.920013,62.380001,78543.257812,36.64,103.73,55.260002,PM10,21159
35.980000,67.510002,19.280001,20.670000,0.730000,64.680000,-3.970000,-2.140000,290.899994,64.720001,78806.046875,36.65,103.9,58.755001,PM10,21160
39.540001,79.750000,26.500000,31.030001,0.870000,57.580002,-3.630000,-1.260000,291.609985,64.529999,79832.757812,36.65,104.07,64.875000,PM10,21161
36.070000,62.740002,17.379999,16.139999,0.680000,64.489998,-4.030000,0.290000,292.630005,63.029999,81076.000000,36.65,104.24,56.370003,PM10,21162
35.939999,59.299999,15.240000,12.040000,0.640000,67.029999,-4.300000,2.130000,293.850006,60.730000,82683.750000,36.65,104.41,54.650002,PM10,21163
37.169998,60.669998,15.670000,14.400000,0.650000,69.529999,-4.060000,4.400000,294.899994,58.759998,84277.882812,36.65,104.58,55.334999,PM10,21164
38.660000,60.939999,16.889999,17.709999,0.620000,72.400002,-3.600000,6.360000,294.549988,59.830002,84172.390625,36.65,104.75,55.470001,PM10,21165
40.160000,60.590000,15.600000,13.830000,0.590000,76.650002,-3.250000,7.220000,292.940002,62.959999,82009.703125,36.65,104.92,56.450001,PM2.5,21166
41.590000,59.439999,11.420000,3.650000,0.540000,83.139999,-2.640000,6.520000,290.989990,67.599998,79445.828125,36.65,105.08,58.237499,PM2.5,21167
49.090000,61.290001,9.870000,6.230000,0.540000,82.599998,-0.770000,5.960000,291.339996,65.349998,81007.203125,36.64,106.61,67.612503,PM2.5,21176
50.340000,62.439999,10.370000,7.000000,0.540000,83.500000,-0.510000,5.850000,291.390015,66.370003,81685.929688,36.64,106.78,69.175003,PM2.5,21177
50.110001,61.759998,10.940000,6.780000,0.530000,87.989998,-0.280000,6.000000,292.470001,63.900002,83202.312500,36.64,106.95,68.887497,PM2.5,21178
48.470001,59.529999,11.120000,4.570000,0.520000,93.750000,-0.510000,6.180000,293.589996,60.759998,84530.257812,36.63,107.11,66.837502,PM2.5,21179
47.259998,58.509998,11.620000,3.910000,0.510000,97.720001,-0.600000,6.470000,293.980011,58.869999,84983.523438,36.63,107.28,65.324997,PM2.5,21180
46.369999,58.610001,12.330000,3.980000,0.510000,100.750000,-0.250000,6.670000,293.890015,57.470001,84843.101562,36.63,107.45,64.212502,PM2.5,21181
46.590000,60.830002,13.470000,5.170000,0.550000,101.779999,-0.070000,6.710000,293.829987,56.220001,84708.226562,36.62,107.62,64.487503,PM2.5,21182
47.220001,63.669998,14.980000,7.760000,0.600000,100.529999,0.130000,6.810000,293.820007,54.939999,84771.109375,36.62,107.79,65.275002,PM2.5,21183
47.310001,64.949997,14.510000,9.260000,0.680000,101.050003,0.740000,7.030000,293.320007,55.389999,84246.351562,36.62,107.96,65.387505,PM2.5,21184
26.950001,37.520000,7.240000,14.450000,0.500000,79.949997,-4.910000,-3.290000,286.640015,64.199997,73179.609375,36.77,102.88,38.500000,PM2.5,21401
27.940001,40.599998,7.650000,11.490000,0.520000,81.639999,-3.970000,-3.790000,286.420013,66.040001,73326.359375,36.77,103.05,40.599998,PM10,21402
29.420000,44.650002,8.940000,11.550000,0.530000,80.660004,-3.520000,-3.070000,288.429993,61.840000,75718.273438,36.77,103.22,44.650002,PM10,21403
30.580000,48.110001,10.360000,12.400000,0.540000,78.739998,-4.420000,-2.630000,289.559998,60.340000,76580.539062,36.78,103.39,48.110001,PM10,21404
31.129999,50.400002,11.680000,12.720000,0.550000,77.459999,-4.830000,-2.900000,289.429993,62.389999,76444.343750,36.78,103.56,50.200001,PM10,21405
31.670000,52.549999,13.170000,12.570000,0.560000,76.089996,-4.170000,-3.050000,289.589996,64.309998,77064.476562,36.78,103.73,51.275002,PM10,21406
34.320000,59.490002,16.580000,15.940000,0.630000,72.120003,-3.290000,-2.450000,290.220001,65.480003,78290.640625,36.78,103.9,54.745003,PM10,21407
37.369999,67.820000,21.320000,22.490000,0.730000,66.690002,-3.170000,-1.260000,291.480011,64.379997,80099.171875,36.78,104.07,58.910000,PM10,21408
35.840000,58.860001,15.850000,13.370000,0.620000,70.269997,-3.930000,0.620000,292.950012,62.209999,81926.109375,36.78,104.24,54.430000,PM10,21409
36.500000,57.990002,15.050000,11.760000,0.600000,71.129997,-4.400000,2.170000,293.739990,61.380001,83056.312500,36.78,104.41,53.995003,PM10,21410
38.080002,60.000000,15.620000,14.820000,0.620000,71.580002,-3.500000,3.350000,293.959991,61.299999,83476.023438,36.79,104.58,55.000000,PM10,21411
39.230000,60.099998,17.049999,18.660000,0.600000,72.459999,-2.040000,4.850000,293.679993,61.540001,82997.648438,36.79,104.75,55.287498,PM2.5,21412
40.060001,58.849998,15.540000,14.450000,0.570000,77.209999,-1.770000,5.830000,292.559998,62.689999,81052.218750,36.79,104.92,56.325001,PM2.5,21413
40.490002,56.490002,10.840000,3.790000,0.520000,84.910004,-2.020000,5.340000,291.739990,63.209999,79514.757812,36.79,105.08,56.862503,PM2.5,21414
41.439999,56.180000,10.260000,3.420000,0.510000,85.750000,-1.350000,5.330000,292.100006,62.090000,80001.703125,36.79,105.25,58.049999,PM2.5,21415
49.060001,59.470001,10.090000,5.600000,0.470000,83.300003,-0.540000,5.910000,291.630005,64.480003,81488.679688,36.77,106.78,67.575005,PM2.5,21424
49.099998,59.459999,10.790000,5.630000,0.460000,87.389999,-0.570000,6.330000,292.709991,62.270000,83179.023438,36.77,106.95,67.625000,PM2.5,21425
47.990002,58.139999,11.140000,4.020000,0.450000,93.449997,-0.780000,6.680000,293.589996,60.020000,84329.843750,36.77,107.12,66.237503,PM2.5,21426
47.080002,57.480000,11.620000,3.440000,0.450000,97.559998,-0.680000,7.040000,293.670013,59.250000,84462.906250,36.77,107.29,65.100006,PM2.5,21427
46.540001,57.820000,12.390000,3.500000,0.450000,101.120003,-0.230000,6.990000,293.329987,58.759998,84064.843750,36.76,107.46,64.425003,PM2.5,21428
47.040001,60.090000,13.490000,4.500000,0.490000,102.129997,0.160000,7.010000,293.079987,58.220001,83756.570312,36.76,107.63,65.050003,PM2.5,21429
47.580002,62.680000,14.750000,6.550000,0.540000,101.250000,0.720000,7.180000,293.079987,57.060001,83816.289062,36.76,107.8,65.725006,PM2.5,21430
24.240000,30.540001,5.620000,9.030000,0.410000,86.010002,-4.510000,-2.410000,285.390015,63.990002,71596.843750,36.9,102.71,34.628571,PM2.5,21646
25.379999,33.630001,5.820000,9.980000,0.460000,84.220001,-4.000000,-2.560000,283.750000,71.839996,70155.476562,36.9,102.88,36.257141,PM2.5,21647
26.540001,37.230000,6.840000,10.490000,0.500000,85.349998,-2.650000,-2.740000,285.670013,66.550003,72652.570312,36.91,103.05,37.914288,PM2.5,21648
27.559999,40.029999,7.640000,9.790000,0.480000,85.410004,-3.160000,-2.600000,287.489990,62.439999,74453.226562,36.91,103.22,40.029999,PM10,21649
28.459999,42.340000,8.470000,9.450000,0.460000,84.790001,-4.000000,-2.080000,287.450012,64.599998,74050.882812,36.91,103.39,42.340000,PM10,21650
29.139999,44.250000,9.400000,9.510000,0.460000,83.019997,-4.030000,-1.810000,287.339996,66.790001,73981.882812,36.91,103.56,44.250000,PM10,21651
29.850000,46.330002,10.700000,9.330000,0.470000,81.919998,-3.160000,-2.010000,287.850006,67.599998,74874.070312,36.92,103.73,46.330002,PM10,21652
32.599998,52.180000,13.300000,11.090000,0.530000,77.959999,-2.110000,-1.590000,289.440002,66.250000,77272.492188,36.92,103.9,51.090000,PM10,21653
35.639999,57.570000,15.550000,12.980000,0.570000,74.860001,-2.440000,-0.130000,291.450012,63.610001,80120.750000,36.92,104.07,53.785000,PM10,21654
35.939999,55.400002,13.930000,9.260000,0.540000,77.709999,-3.860000,1.730000,293.000000,61.430000,82161.367188,36.92,104.24,52.700001,PM10,21655
37.009998,55.820000,13.440000,8.640000,0.530000,78.190002,-4.550000,3.110000,292.839996,62.869999,81984.578125,36.92,104.41,52.910000,PM10,21656
38.500000,57.290001,13.150000,9.860000,0.540000,76.599998,-3.410000,3.240000,291.600006,66.610001,80598.062500,36.92,104.58,54.375000,PM2.5,21657
39.360001,57.730000,14.190000,12.230000,0.540000,77.320000,-1.470000,3.920000,292.029999,65.300003,80997.742188,36.92,104.75,55.450001,PM2.5,21658
39.200001,55.980000,13.330000,10.660000,0.530000,80.589996,-1.260000,4.290000,293.089996,60.490002,81410.812500,36.92,104.92,55.250000,PM2.5,21659
39.049999,53.619999,10.330000,4.580000,0.500000,85.360001,-2.250000,3.770000,293.149994,58.230000,80770.882812,36.92,105.08,55.062500,PM2.5,21660
46.430000,55.599998,9.290000,3.990000,0.450000,82.080002,-0.440000,6.090000,291.829987,62.090000,80822.820312,36.91,106.61,64.287498,PM2.5,21669
47.389999,56.669998,9.880000,4.490000,0.430000,83.099998,-0.480000,6.060000,292.089996,61.820000,81483.960938,36.91,106.78,65.487503,PM2.5,21670
47.759998,57.240002,10.720000,4.690000,0.420000,86.660004,-0.820000,6.600000,293.130005,60.009998,83315.546875,36.91,106.95,65.949997,PM2.5,21671
47.279999,56.639999,11.170000,3.510000,0.400000,92.900002,-0.840000,7.000000,293.730011,58.939999,84254.039062,36.9,107.12,65.349998,PM2.5,21672
46.560001,56.080002,11.690000,3.090000,0.400000,97.540001,-0.520000,7.360000,293.730011,58.570000,84298.687500,36.9,107.29,64.450005,PM2.5,21673
46.470001,56.680000,12.470000,3.110000,0.400000,101.430000,0.010000,7.210000,293.149994,58.830002,83591.867188,36.9,107.46,64.337502,PM2.5,21674
21.889999,26.030001,4.890000,5.390000,0.320000,90.059998,-4.310000,-1.950000,284.239990,63.349998,70349.726562,37.03,102.54,31.271427,PM2.5,21892
23.600000,30.030001,5.270000,7.650000,0.430000,86.940002,-4.070000,-2.120000,281.940002,73.320000,68013.156250,37.04,102.71,33.714287,PM2.5,21893
24.430000,32.349998,5.540000,8.940000,0.480000,85.070000,-2.390000,-1.460000,282.570007,74.309998,69132.406250,37.04,102.88,34.900002,PM2.5,21894
24.700001,33.660000,6.280000,8.830000,0.440000,89.430000,-2.340000,-1.790000,284.890015,66.910004,71644.718750,37.04,103.05,35.285717,PM2.5,21895
25.709999,35.910000,6.750000,8.510000,0.420000,89.750000,-3.300000,-1.740000,285.529999,65.599998,71883.976562,37.05,103.22,36.728569,PM2.5,21896
27.219999,39.000000,7.500000,8.490000,0.420000,88.230003,-3.230000,-1.370000,285.760010,67.540001,72194.843750,37.05,103.39,39.000000,PM10,21897
28.219999,41.419998,8.490000,8.830000,0.430000,86.050003,-3.160000,-0.570000,286.510010,67.500000,72955.203125,37.05,103.56,41.419998,PM10,21898
28.980000,43.310001,9.410000,8.300000,0.420000,84.860001,-2.430000,-0.190000,287.190002,67.720001,73788.007812,37.05,103.73,43.310001,PM10,21899
31.590000,48.279999,11.400000,9.440000,0.470000,80.750000,-1.100000,0.240000,289.559998,63.930000,77021.421875,37.05,103.9,48.279999,PM10,21900
35.209999,53.700001,13.480000,10.910000,0.520000,78.480003,-1.310000,1.470000,292.329987,59.240002,80776.773438,37.05,104.07,51.849998,PM10,21901
35.820000,52.650002,12.290000,7.440000,0.480000,81.150002,-2.980000,2.970000,293.760010,57.400002,82548.843750,37.06,104.24,51.325001,PM10,21902
36.939999,53.189999,11.860000,6.670000,0.470000,82.320000,-4.360000,3.990000,293.250000,58.680000,81624.710938,37.06,104.4,52.424999,PM2.5,21903
38.560001,54.660000,11.590000,7.210000,0.480000,81.580002,-3.670000,3.940000,291.609985,63.189999,79735.617188,37.06,104.58,54.450001,PM2.5,21904
39.380001,55.360001,12.520000,9.220000,0.490000,81.570000,-1.790000,4.300000,292.309998,61.790001,80718.953125,37.06,104.74,55.475002,PM2.5,21905
38.730000,53.650002,12.000000,8.600000,0.500000,82.860001,-1.500000,3.680000,294.059998,56.130001,82363.359375,37.06,104.92,54.662498,PM2.5,21906
45.849998,54.680000,9.700000,3.780000,0.440000,81.790001,-0.910000,6.240000,293.140015,57.689999,82138.171875,37.05,106.78,63.562500,PM2.5,21917
46.889999,55.919998,10.650000,4.030000,0.410000,84.940002,-1.340000,6.730000,293.369995,58.480000,83276.367188,37.04,106.95,64.862503,PM2.5,21918
46.790001,55.610001,11.140000,3.110000,0.390000,91.599998,-0.890000,7.060000,293.559998,58.810001,83859.023438,37.04,107.12,64.737503,PM2.5,21919
22.870001,29.219999,5.110000,7.370000,0.450000,84.080002,-2.110000,-0.530000,280.429993,77.360001,66625.367188,37.17,102.7,32.671429,PM2.5,22143
23.879999,31.590000,5.540000,8.710000,0.500000,83.769997,-0.830000,-0.150000,283.010010,72.309998,69868.226562,37.18,102.87,34.114285,PM2.5,22144
24.690001,33.029999,6.080000,8.730000,0.460000,87.550003,-2.060000,-0.360000,283.339996,71.320000,69848.882812,37.18,103.04,35.271431,PM2.5,22145
25.680000,34.930000,6.350000,8.030000,0.420000,89.309998,-2.840000,0.030000,283.380005,70.709999,69371.789062,37.18,103.21,36.685715,PM2.5,22146
26.320000,36.810001,6.800000,7.770000,0.400000,88.110001,-2.150000,0.310000,285.320007,67.440002,71606.687500,37.18,103.38,37.599998,PM2.5,22147
26.790001,38.619999,7.690000,7.990000,0.400000,87.000000,-2.000000,0.760000,287.399994,63.939999,73905.390625,37.19,103.55,38.619999,PM10,22148
27.330000,39.930000,8.320000,7.380000,0.390000,86.080002,-1.640000,1.060000,289.290009,60.369999,76051.343750,37.19,103.72,39.930000,PM10,22149
29.740000,43.930000,9.750000,8.100000,0.420000,83.129997,-0.670000,1.140000,291.839996,56.150002,79407.382812,37.19,103.89,43.930000,PM10,22150
33.549999,49.230000,11.740000,9.560000,0.460000,81.470001,-0.770000,1.900000,294.019989,53.180000,82358.437500,37.19,104.06,49.230000,PM10,22151
34.830002,49.270000,10.850000,6.430000,0.430000,83.760002,-1.870000,2.930000,295.160004,51.770000,83592.906250,37.19,104.23,49.757145,PM2.5,22152
35.610001,49.650002,10.440000,5.590000,0.420000,85.070000,-3.300000,3.740000,295.570007,49.959999,83376.476562,37.19,104.4,50.762501,PM2.5,22153
36.840000,50.779999,10.270000,6.010000,0.430000,84.220001,-3.280000,4.180000,294.660004,51.970001,82381.312500,37.19,104.57,52.299999,PM2.5,22154
38.259998,52.330002,11.190000,7.580000,0.460000,83.349998,-2.230000,4.680000,294.239990,54.299999,82320.546875,37.19,104.74,54.074997,PM2.5,22155
19.610001,24.459999,4.560000,5.290000,0.400000,86.220001,-2.180000,-0.060000,279.709991,75.180000,65656.890625,37.31,102.53,28.014286,PM2.5,22394
21.160000,27.440001,5.160000,7.220000,0.480000,82.790001,-0.400000,0.700000,282.380005,70.110001,68703.953125,37.31,102.7,30.228571,PM2.5,22395
22.389999,30.020000,5.680000,8.770000,0.530000,82.510002,0.340000,0.990000,285.320007,63.980000,72269.359375,37.31,102.87,31.985714,PM2.5,22396
23.190001,31.120001,5.980000,8.410000,0.480000,85.660004,-0.800000,0.960000,285.440002,64.349998,71867.078125,37.31,103.04,33.128571,PM2.5,22397
24.270000,32.810001,6.160000,7.490000,0.430000,87.550003,-1.770000,1.200000,285.859985,62.959999,71810.929688,37.32,103.21,34.671429,PM2.5,22398
24.910000,34.480000,6.550000,7.160000,0.400000,87.070000,-1.510000,1.760000,288.369995,57.630001,74611.046875,37.32,103.38,35.585712,PM2.5,22399
25.879999,36.400002,7.290000,7.220000,0.390000,86.970001,-1.560000,2.100000,289.920013,56.430000,76587.296875,37.32,103.55,36.971428,PM2.5,22400
26.690001,37.650002,7.810000,6.700000,0.370000,86.440002,-1.460000,1.930000,290.709991,55.939999,77681.093750,37.32,103.72,38.128571,PM2.5,22401
28.850000,40.820000,8.980000,7.220000,0.370000,84.919998,-0.750000,1.660000,292.600006,52.860001,80206.093750,37.32,103.89,41.214287,PM2.5,22402
32.209999,45.160000,11.260000,9.130000,0.390000,83.970001,-0.690000,1.890000,294.480011,50.070000,82665.476562,37.33,104.06,46.014286,PM2.5,22403
34.040001,46.169998,10.100000,6.280000,0.380000,87.349998,-1.290000,2.380000,294.799988,50.189999,83011.062500,37.33,104.23,48.628574,PM2.5,22404
34.439999,46.240002,9.270000,5.190000,0.380000,87.050003,-2.330000,2.380000,295.369995,48.310001,83087.703125,37.33,104.4,49.199997,PM2.5,22405
35.220001,47.209999,9.310000,5.620000,0.390000,86.059998,-3.140000,2.830000,296.119995,46.150002,83630.601562,37.33,104.57,50.275002,PM2.5,22406
16.860001,21.110001,4.130000,4.140000,0.380000,87.320000,-1.550000,-0.390000,278.109985,76.879997,63964.281250,37.44,102.35,24.085714,PM2.5,22646
17.440001,22.969999,4.830000,5.820000,0.460000,83.320000,0.040000,-0.020000,282.429993,66.580002,68663.898438,37.44,102.52,24.914286,PM2.5,22647
18.480000,25.250000,5.660000,8.180000,0.560000,80.919998,1.040000,0.560000,286.779999,56.880001,73615.039062,37.44,102.69,26.400000,PM2.5,22648
20.139999,27.820000,6.300000,9.550000,0.600000,80.559998,1.400000,1.150000,288.839996,53.720001,76212.531250,37.45,102.87,28.771427,PM2.5,22649
21.290001,28.900000,6.290000,8.750000,0.540000,82.650002,0.640000,1.260000,289.480011,53.240002,76380.929688,37.45,103.04,30.414288,PM2.5,22650
22.510000,30.240000,6.220000,7.590000,0.470000,84.900002,-0.380000,1.450000,290.339996,51.000000,76850.007812,37.45,103.21,32.157143,PM2.5,22651
23.650000,32.049999,6.510000,6.970000,0.430000,85.760002,-0.610000,2.030000,292.239990,47.820000,79011.632812,37.45,103.38,33.785713,PM2.5,22652
24.959999,34.000000,7.080000,6.650000,0.390000,87.010002,-1.060000,2.590000,292.760010,48.430000,79609.546875,37.46,103.55,35.657143,PM2.5,22653
26.280001,35.580002,7.550000,5.930000,0.350000,88.379997,-1.200000,2.940000,291.869995,51.590000,78721.203125,37.46,103.72,37.542858,PM2.5,22654
28.900000,39.090000,8.990000,6.640000,0.350000,87.959999,-0.780000,3.040000,292.779999,51.200001,80331.257812,37.46,103.89,41.285713,PM2.5,22655
31.690001,42.400002,11.130000,8.140000,0.350000,87.599998,-1.020000,2.720000,294.470001,48.310001,82576.273438,37.46,104.06,45.271431,PM2.5,22656
16.040001,20.049999,4.880000,4.170000,0.380000,87.879997,-1.510000,0.480000,276.500000,79.699997,62295.359375,37.57,102.18,22.914288,PM2.5,22899
15.900000,20.750000,4.870000,4.980000,0.440000,84.739998,-0.280000,0.280000,279.799988,71.610001,65547.281250,37.57,102.35,22.714285,PM2.5,22900
15.780000,21.709999,5.620000,6.910000,0.530000,81.449997,0.900000,-0.490000,285.720001,56.259998,72049.859375,37.58,102.52,22.542856,PM2.5,22901
17.010000,24.790001,6.850000,10.500000,0.680000,78.589996,1.750000,-0.300000,290.220001,47.000000,77317.890625,37.58,102.69,24.790001,PM10,22902
19.340000,28.290001,7.920000,13.060000,0.770000,77.180000,2.000000,0.550000,292.079987,45.330002,79800.789062,37.58,102.86,28.290001,PM10,22903
20.510000,28.570000,7.420000,10.830000,0.670000,79.790001,1.430000,0.800000,292.869995,44.950001,80475.750000,37.59,103.03,29.300001,PM2.5,22904
21.389999,28.700001,6.930000,8.390000,0.560000,82.389999,0.460000,1.770000,293.399994,43.849998,80535.257812,37.59,103.2,30.557142,PM2.5,22905
22.680000,29.940001,6.900000,6.940000,0.480000,85.309998,-0.180000,2.330000,294.089996,43.119999,81158.789062,37.59,103.37,32.400002,PM2.5,22906
24.150000,31.750000,7.280000,6.560000,0.440000,87.110001,-0.570000,2.790000,294.529999,43.360001,81539.929688,37.59,103.55,34.500000,PM2.5,22907
25.450001,33.270000,7.660000,5.860000,0.380000,88.379997,-0.880000,3.320000,294.540009,43.900002,81486.710938,37.59,103.72,36.357143,PM2.5,22908
12.740000,16.200001,5.270000,3.560000,0.350000,85.790001,-0.460000,1.190000,280.410004,70.129997,66785.546875,37.7,101.83,18.199999,PM2.5,23150
14.290000,18.910000,6.120000,4.770000,0.430000,84.480003,-0.630000,0.690000,281.970001,65.820000,67899.976562,37.71,102.17,20.414286,PM2.5,23152
14.390000,19.740000,6.170000,5.860000,0.490000,81.900002,-0.060000,-0.070000,284.820007,57.930000,70976.687500,37.71,102.34,20.557144,PM2.5,23153
14.820000,21.850000,6.920000,8.840000,0.620000,78.720001,1.090000,-0.720000,289.220001,47.020000,75917.531250,37.71,102.52,21.850000,PM10,23154
16.280001,25.830000,8.280000,13.750000,0.810000,75.150002,2.080000,-0.750000,292.790009,41.180000,80263.179688,37.72,102.69,25.830000,PM10,23155
18.910000,29.150000,9.030000,15.510000,0.890000,74.589996,2.190000,-0.070000,294.399994,40.220001,82470.726562,37.72,102.86,29.150000,PM10,23156
20.299999,28.969999,8.280000,12.400000,0.760000,78.300003,1.640000,0.190000,294.779999,40.060001,82815.468750,37.72,103.03,28.999998,PM2.5,23157
20.959999,28.139999,7.580000,9.060000,0.620000,81.940002,0.510000,1.380000,294.950012,39.480000,82367.609375,37.72,103.2,29.942856,PM2.5,23158
22.360001,28.950001,7.420000,7.190000,0.530000,85.379997,-0.510000,2.140000,294.839996,40.430000,82029.968750,37.73,103.37,31.942858,PM2.5,23159
23.559999,30.070000,7.840000,6.710000,0.470000,87.379997,-1.220000,1.950000,295.369995,38.970001,82348.882812,37.73,103.54,33.657143,PM2.5,23160
25.120001,31.850000,8.440000,6.120000,0.390000,88.949997,-2.380000,2.110000,295.970001,37.830002,83041.023438,37.73,103.71,35.885715,PM2.5,23161
10.440000,11.940000,2.730000,2.000000,0.190000,85.919998,-2.730000,-0.120000,277.260010,78.139999,63980.539062,37.82,101.31,14.914285,PM2.5,23403
10.890000,13.940000,4.810000,3.150000,0.310000,85.339996,0.120000,1.070000,281.769989,65.800003,68180.593750,37.83,101.65,15.557143,PM2.5,23405
11.440000,15.640000,6.990000,4.950000,0.390000,82.410004,0.130000,0.640000,284.619995,58.939999,71259.953125,37.83,101.83,16.342857,PM2.5,23406
12.120000,16.980000,7.380000,5.590000,0.440000,81.129997,-0.290000,-0.020000,285.730011,56.250000,72340.781250,37.84,102.0,17.314285,PM2.5,23407
12.980000,18.700001,7.710000,6.860000,0.500000,80.849998,-0.360000,-0.570000,286.519989,53.860001,73104.468750,37.84,102.17,18.700001,PM10,23408
13.610000,20.500000,7.880000,8.870000,0.580000,78.680000,0.300000,-0.750000,288.769989,47.520000,75497.140625,37.84,102.34,20.500000,PM10,23409
15.640000,27.000000,11.520000,19.070000,0.920000,71.959999,1.380000,-0.860000,292.160004,40.799999,79371.492188,37.85,102.51,27.000000,PM10,23410
17.620001,31.370001,12.320000,24.280001,1.130000,69.739998,2.200000,-1.190000,294.890015,36.770000,82913.093750,37.85,102.68,31.370001,PM10,23411
19.030001,30.600000,9.360000,18.000000,0.980000,74.389999,2.020000,-0.820000,295.649994,36.340000,83995.210938,37.85,102.85,30.600000,PM10,23412
20.379999,29.580000,8.830000,13.340000,0.810000,79.639999,1.190000,-0.180000,295.350006,36.900002,83390.406250,37.86,103.03,29.580000,PM10,23413
21.010000,27.889999,7.970000,8.890000,0.620000,83.000000,-0.090000,0.500000,295.420013,36.860001,82903.882812,37.86,103.2,30.014286,PM2.5,23414
22.440001,28.459999,8.180000,7.140000,0.520000,86.580002,-1.830000,1.410000,295.739990,35.970001,82838.281250,37.86,103.37,32.057144,PM2.5,23415
9.560000,10.820000,2.400000,1.770000,0.170000,84.940002,-1.790000,0.130000,277.700012,75.930000,64475.421875,37.95,101.13,13.657144,PM2.5,23659
9.590000,11.360000,2.870000,2.130000,0.210000,85.489998,-0.650000,1.140000,279.630005,70.269997,66258.476562,37.96,101.31,13.700000,PM2.5,23660
9.690000,12.020000,3.430000,2.580000,0.250000,84.379997,0.170000,0.770000,281.809998,63.639999,68224.140625,37.96,101.48,13.842856,PM2.5,23661
10.070000,13.150000,4.590000,3.510000,0.300000,82.680000,0.260000,-0.370000,283.029999,60.980000,69592.601562,37.96,101.65,14.385714,PM2.5,23662
10.610000,14.930000,6.990000,5.430000,0.380000,80.459999,0.230000,-0.940000,285.179993,56.610001,72048.906250,37.97,101.82,15.157143,PM2.5,23663
11.060000,16.530001,8.180000,6.960000,0.440000,79.239998,0.470000,-1.360000,286.850006,53.139999,73891.882812,37.97,101.99,16.530001,PM10,23664
12.160000,19.129999,9.750000,9.370000,0.530000,79.360001,0.820000,-1.450000,288.570007,48.480000,75642.726562,37.98,102.16,19.129999,PM10,23665
13.480000,22.600000,9.940000,12.550000,0.660000,76.720001,1.330000,-1.410000,291.850006,40.650002,79254.718750,37.98,102.34,22.600000,PM10,23666
15.770000,28.480000,11.750000,19.879999,0.920000,71.699997,1.850000,-1.530000,294.559998,35.959999,82548.226562,37.98,102.51,28.480000,PM10,23667
17.530001,30.920000,10.250000,20.790001,1.000000,72.800003,1.740000,-1.550000,295.670013,34.869999,84192.679688,37.99,102.68,30.920000,PM10,23668
18.910000,29.719999,7.600000,14.270000,0.830000,77.209999,0.930000,-1.010000,295.869995,34.820000,84377.226562,37.99,102.85,29.719999,PM10,23669
20.459999,29.400000,7.420000,11.130000,0.720000,81.129997,-0.090000,-0.190000,295.679993,35.230000,83791.906250,37.99,103.02,29.400000,PM10,23670
21.840000,28.760000,7.460000,8.170000,0.590000,84.760002,-1.170000,0.390000,295.700012,35.619999,83585.617188,37.99,103.19,31.200001,PM2.5,23671
8.610000,9.840000,2.360000,1.660000,0.150000,83.800003,-0.990000,0.110000,278.570007,71.019997,65389.750000,38.08,100.96,12.299999,PM2.5,23912
8.850000,10.340000,2.630000,2.020000,0.180000,84.849998,0.270000,0.600000,280.760010,64.250000,67382.976562,38.09,101.13,12.642858,PM2.5,23913
9.110000,11.020000,2.910000,2.550000,0.210000,84.510002,0.760000,0.990000,283.660004,56.470001,70246.250000,38.09,101.3,13.014285,PM2.5,23914
9.270000,11.700000,3.080000,3.180000,0.250000,82.639999,0.060000,0.210000,284.320007,55.119999,70958.109375,38.1,101.47,13.242858,PM2.5,23915
9.490000,12.710000,3.780000,4.460000,0.300000,80.489998,0.130000,-0.680000,284.149994,56.520000,70815.281250,38.1,101.64,13.557142,PM2.5,23916
9.900000,14.410000,5.480000,5.820000,0.360000,79.169998,0.770000,-0.710000,286.190002,52.779999,73043.671875,38.1,101.82,14.410000,PM10,23917
10.480000,16.709999,8.180000,8.060000,0.430000,79.389999,0.890000,-0.860000,289.149994,46.430000,76404.632812,38.11,101.99,16.709999,PM10,23918
12.030000,21.120001,12.470000,12.350000,0.560000,79.769997,1.460000,-1.350000,291.700012,40.790001,79372.968750,38.11,102.16,21.120001,PM10,23919
13.820000,25.230000,11.710000,14.940000,0.670000,77.930000,2.010000,-2.110000,294.140015,35.650002,82266.007812,38.12,102.33,25.230000,PM10,23920
15.290000,27.340000,9.150000,14.470000,0.730000,78.720001,1.740000,-2.170000,295.529999,33.669998,84165.882812,38.12,102.5,27.340000,PM10,23921
17.100000,29.219999,7.580000,13.340000,0.750000,79.050003,0.740000,-1.220000,295.980011,33.310001,84676.929688,38.12,102.68,29.219999,PM10,23922
19.049999,29.760000,7.090000,11.580000,0.710000,80.050003,-0.170000,-0.440000,295.940002,33.480000,84546.046875,38.12,102.85,29.760000,PM10,23923
20.930000,30.209999,6.630000,9.450000,0.650000,82.250000,-0.850000,0.120000,295.820007,34.470001,84244.250000,38.13,103.02,30.209999,PM10,23924
22.500000,29.959999,6.780000,7.560000,0.570000,85.370003,-1.840000,0.740000,296.029999,34.790001,84251.117188,38.13,103.19,32.142857,PM2.5,23925
23.680000,29.920000,7.640000,6.650000,0.500000,87.989998,-2.950000,1.340000,296.380005,34.349998,84347.859375,38.13,103.36,33.828571,PM2.5,23926
7.630000,8.840000,2.140000,1.520000,0.140000,84.150002,-0.300000,0.020000,279.420013,66.690002,66199.882812,38.21,100.78,10.900001,PM2.5,24168
7.640000,9.120000,2.590000,1.870000,0.160000,82.620003,0.950000,0.580000,283.380005,54.959999,70261.281250,38.22,100.95,10.914286,PM2.5,24169
8.330000,10.000000,2.700000,2.290000,0.180000,82.970001,1.750000,0.350000,284.579987,52.430000,71503.570312,38.22,101.12,11.900000,PM2.5,24170
9.180000,11.160000,2.640000,2.680000,0.210000,82.790001,1.710000,-0.440000,284.820007,52.560001,71743.187500,38.23,101.29,13.114286,PM2.5,24171
9.280000,11.740000,2.650000,3.270000,0.240000,81.610001,1.010000,-0.620000,286.040009,50.490002,73025.117188,38.23,101.47,13.257142,PM2.5,24172
9.300000,12.500000,3.100000,4.460000,0.270000,79.230003,1.090000,-0.380000,288.010010,46.740002,75180.601562,38.24,101.64,13.285714,PM2.5,24173
9.720000,14.220000,4.550000,5.720000,0.320000,78.410004,1.600000,-0.460000,289.799988,43.740002,77203.039062,38.24,101.81,14.220000,PM10,24174
11.020000,18.830000,10.280000,9.410000,0.430000,79.370003,1.450000,-1.090000,291.649994,40.520000,79336.828125,38.24,101.98,18.830000,PM10,24175
13.380000,26.139999,19.030001,15.970000,0.610000,78.919998,1.600000,-2.050000,293.109985,37.669998,81219.523438,38.25,102.15,26.139999,PM10,24176
15.050000,28.450001,15.430000,15.580000,0.640000,79.750000,1.940000,-2.520000,294.079987,35.290001,82555.906250,38.25,102.33,28.450001,PM10,24177
15.920000,29.290001,11.670000,13.820000,0.660000,78.610001,1.560000,-1.920000,295.109985,33.080002,83725.812500,38.25,102.5,29.290001,PM10,24178
17.680000,30.680000,9.730000,12.210000,0.680000,78.379997,0.600000,-0.870000,295.839996,32.439999,84511.328125,38.26,102.67,30.680000,PM10,24179
19.790001,31.110001,8.910000,10.510000,0.670000,80.669998,-0.540000,-0.140000,296.079987,32.900002,84749.257812,38.26,102.84,31.110001,PM10,24180
21.830000,31.629999,7.820000,8.670000,0.630000,83.129997,-1.340000,0.370000,295.989990,34.340000,84610.367188,38.26,103.02,31.629999,PM10,24181
23.320000,31.340000,7.420000,7.240000,0.560000,85.900002,-2.220000,0.790000,296.200012,34.689999,84513.148438,38.27,103.19,33.314285,PM2.5,24182
24.430000,30.959999,7.600000,6.330000,0.500000,88.480003,-3.480000,1.340000,296.519989,34.169998,84615.039062,38.27,103.36,34.900002,PM2.5,24183
6.250000,7.200000,1.030000,1.040000,0.110000,84.300003,-2.460000,-0.620000,280.429993,63.950001,67308.507812,38.32,100.08,8.928572,PM2.5,24423
6.930000,7.920000,1.510000,1.220000,0.120000,87.650002,-2.300000,-0.550000,277.500000,72.519997,64248.339844,38.34,100.42,9.900000,PM2.5,24425
7.060000,8.480000,2.060000,1.560000,0.130000,84.120003,-0.280000,-0.040000,280.630005,61.480000,67273.523438,38.34,100.6,10.085714,PM2.5,24426
7.490000,9.750000,3.570000,2.650000,0.170000,81.900002,1.140000,0.240000,285.500000,48.009998,72313.367188,38.35,100.77,10.700000,PM2.5,24427
7.760000,10.160000,4.150000,3.180000,0.200000,81.040001,1.720000,0.350000,288.089996,42.910000,75425.726562,38.35,100.94,11.085714,PM2.5,24428
8.770000,11.040000,3.760000,3.370000,0.200000,81.169998,1.420000,-0.170000,286.779999,46.459999,74116.140625,38.36,101.11,12.528572,PM2.5,24429
9.470000,11.720000,2.780000,3.100000,0.210000,81.940002,1.390000,-1.320000,284.290009,52.340000,71181.726562,38.36,101.29,13.528572,PM2.5,24430
9.650000,12.280000,2.730000,3.550000,0.230000,80.690002,1.930000,-1.540000,286.019989,48.889999,72690.273438,38.37,101.46,13.785714,PM2.5,24431
9.810000,13.370000,3.560000,4.810000,0.260000,78.849998,1.890000,-1.430000,289.850006,41.840000,77284.976562,38.37,101.63,14.014286,PM2.5,24432
10.510000,15.490000,4.890000,6.080000,0.300000,79.480003,1.500000,-1.860000,290.730011,41.360001,78657.343750,38.38,101.8,15.490000,PM10,24433
12.980000,25.309999,19.070000,14.780000,0.500000,75.330002,1.320000,-2.160000,291.109985,40.310001,78661.242188,38.38,101.98,25.309999,PM10,24434
16.910000,39.139999,39.669998,27.850000,0.800000,71.540001,1.630000,-2.500000,293.109985,36.320000,81036.289062,38.38,102.15,39.669998,SO2,24435
16.370001,31.480000,22.670000,16.330000,0.620000,82.089996,1.840000,-1.980000,294.500000,33.900002,83045.000000,38.39,102.32,31.480000,PM10,24436
16.740000,29.860001,18.219999,12.910000,0.580000,81.690002,1.200000,-0.950000,295.119995,32.529999,83870.351562,38.39,102.5,29.860001,PM10,24437
18.469999,30.690001,17.410000,10.850000,0.600000,80.620003,0.280000,-0.460000,295.799988,31.770000,84619.062500,38.39,102.67,30.690001,PM10,24438
20.820000,32.380001,14.710000,9.870000,0.630000,81.900002,-0.760000,-0.020000,296.209991,32.459999,84965.726562,38.4,102.84,32.380001,PM10,24439
22.639999,32.619999,11.510000,8.100000,0.600000,84.120003,-1.750000,0.500000,296.239990,34.139999,84885.289062,38.4,103.01,32.619999,PM10,24440
24.070000,32.250000,8.520000,6.720000,0.550000,86.430000,-2.580000,0.650000,296.260010,35.049999,84727.171875,38.4,103.19,34.385715,PM2.5,24441
24.840000,31.430000,7.130000,5.600000,0.470000,89.180000,-3.800000,1.100000,296.709991,33.919998,84987.648438,38.4,103.36,35.485714,PM2.5,24442
2.920000,3.010000,0.130000,0.230000,0.100000,88.820000,0.360000,-2.850000,271.690002,79.480003,56693.699219,38.25,95.94,4.171429,PM2.5,24659
3.040000,3.130000,0.130000,0.230000,0.100000,88.830002,-0.090000,-2.340000,271.500000,81.070000,56615.289062,38.26,96.11,4.342857,PM2.5,24660
3.180000,3.270000,0.130000,0.210000,0.100000,91.459999,-0.140000,-1.930000,273.179993,72.769997,58064.730469,38.27,96.28,4.542857,PM2.5,24661
3.190000,3.280000,0.140000,0.200000,0.100000,91.480003,-0.090000,-2.060000,274.899994,65.589996,59543.460938,38.28,96.45,4.557143,PM2.5,24662
3.230000,3.330000,0.160000,0.210000,0.100000,92.139999,-0.370000,-1.880000,275.220001,66.449997,60055.171875,38.29,96.62,4.614286,PM2.5,24663
5.330000,5.970000,0.730000,0.660000,0.100000,80.989998,-0.590000,-0.670000,278.679993,69.050003,65629.742188,38.45,99.73,7.614285,PM2.5,24681
5.530000,6.510000,0.840000,0.830000,0.110000,81.260002,-1.000000,-1.010000,280.970001,61.540001,67964.171875,38.45,99.9,7.900000,PM2.5,24682
6.810000,8.610000,1.270000,1.450000,0.130000,85.300003,-2.330000,-0.250000,279.160004,66.160004,65716.367188,38.46,100.24,9.728571,PM2.5,24684
6.640000,8.660000,1.660000,1.640000,0.130000,83.730003,-0.920000,0.420000,283.410004,52.580002,70088.570312,38.47,100.42,9.485714,PM2.5,24685
7.140000,9.860000,2.670000,2.290000,0.160000,84.169998,0.840000,0.330000,288.220001,41.150002,75455.093750,38.48,100.59,10.200000,PM2.5,24686
7.780000,11.190000,3.920000,3.390000,0.190000,82.349998,2.030000,0.030000,289.910004,38.439999,77504.546875,38.48,100.76,11.190000,PM10,24687
8.250000,11.560000,4.410000,3.980000,0.210000,79.669998,2.230000,0.040000,290.040009,39.119999,77888.539062,38.49,100.94,11.785714,PM2.5,24688
9.370000,11.980000,3.710000,3.780000,0.200000,80.190002,1.590000,0.110000,289.040009,41.060001,76609.898438,38.49,101.11,13.385715,PM2.5,24689
9.810000,12.200000,2.900000,3.470000,0.200000,80.820000,1.630000,-0.460000,287.500000,43.860001,74575.000000,38.5,101.28,14.014286,PM2.5,24690
10.190000,12.920000,2.980000,3.760000,0.210000,80.260002,2.100000,-1.000000,288.260010,42.639999,75271.171875,38.5,101.45,14.557142,PM2.5,24691
10.780000,14.510000,4.000000,4.610000,0.250000,80.820000,1.430000,-1.420000,289.359985,42.189999,77001.546875,38.51,101.63,15.400000,PM2.5,24692
11.430000,16.320000,5.150000,5.510000,0.280000,81.620003,1.070000,-1.760000,288.760010,43.770000,76185.671875,38.51,101.8,16.328571,PM2.5,24693
14.150000,26.870001,23.920000,15.100000,0.470000,74.820000,1.590000,-1.680000,290.079987,40.820000,77189.726562,38.51,101.97,26.870001,PM10,24694
18.959999,43.209999,53.639999,29.580000,0.770000,67.510002,2.070000,-1.770000,293.980011,33.689999,81841.281250,38.52,102.15,51.820000,SO2,24695
17.629999,33.119999,31.629999,14.940000,0.580000,82.550003,1.910000,-1.440000,295.700012,31.530001,84534.429688,38.52,102.32,33.119999,PM10,24696
17.610001,29.750000,25.799999,10.140000,0.520000,81.489998,0.740000,-0.580000,296.000000,30.870001,84893.890625,38.52,102.49,29.750000,PM10,24697
19.540001,30.500000,22.150000,8.600000,0.540000,80.650002,-0.330000,-0.350000,296.309998,30.980000,85210.000000,38.53,102.66,30.500000,PM10,24698
21.959999,32.450001,18.690001,7.860000,0.570000,82.750000,-1.130000,-0.220000,296.450012,32.230000,85287.906250,38.53,102.84,32.450001,PM10,24699
23.490000,32.630001,12.410000,6.850000,0.560000,84.050003,-2.170000,0.430000,296.540009,33.860001,85248.382812,38.53,103.01,33.557144,PM2.5,24700
25.010000,32.730000,8.700000,6.030000,0.520000,87.320000,-3.030000,0.710000,296.510010,34.580002,85272.343750,38.54,103.18,35.728573,PM2.5,24701
25.250000,31.370001,7.630000,4.440000,0.420000,90.330002,-4.090000,1.130000,296.899994,33.180000,85513.492188,38.54,103.36,36.071430,PM2.5,24702
25.719999,30.870001,8.220000,3.810000,0.350000,91.779999,-5.120000,1.710000,296.950012,32.209999,85553.750000,38.54,103.53,36.742855,PM2.5,24703
2.870000,2.940000,0.130000,0.240000,0.100000,92.699997,-0.770000,-2.630000,276.290009,57.860001,60682.808594,38.33,95.23,4.100000,PM2.5,24913
2.890000,2.970000,0.130000,0.230000,0.100000,93.580002,-0.130000,-2.200000,275.220001,61.820000,59788.691406,38.34,95.41,4.128572,PM2.5,24914
2.940000,3.020000,0.130000,0.230000,0.100000,92.169998,0.460000,-2.220000,273.190002,70.480003,58095.179688,38.36,95.58,4.200000,PM2.5,24915
2.910000,2.990000,0.140000,0.230000,0.100000,89.699997,0.780000,-2.000000,271.910004,78.739998,57124.679688,38.37,95.75,4.157143,PM2.5,24916
2.970000,3.050000,0.140000,0.230000,0.100000,88.580002,0.400000,-1.370000,272.579987,78.339996,57883.839844,38.38,95.92,4.242857,PM2.5,24917
3.120000,3.200000,0.140000,0.210000,0.100000,89.099998,-0.090000,-1.340000,275.200012,64.589996,60023.011719,38.39,96.09,4.457143,PM2.5,24918
3.160000,3.250000,0.140000,0.210000,0.100000,91.400002,-0.660000,-1.820000,276.390015,59.110001,61129.250000,38.4,96.27,4.514286,PM2.5,24919
3.180000,3.270000,0.150000,0.210000,0.100000,91.419998,-0.550000,-2.320000,275.140015,64.010002,60053.921875,38.41,96.44,4.542857,PM2.5,24920
3.180000,3.280000,0.160000,0.220000,0.100000,90.820000,0.090000,-2.190000,274.510010,68.160004,59433.730469,38.42,96.61,4.542857,PM2.5,24921
5.420000,6.020000,0.640000,0.800000,0.100000,84.919998,-0.990000,-0.620000,276.230011,75.529999,63267.828125,38.57,99.54,7.742857,PM2.5,24938
5.510000,6.390000,0.710000,0.810000,0.110000,83.120003,-0.050000,-1.070000,277.859985,69.750000,64836.761719,38.58,99.72,7.871429,PM2.5,24939
5.550000,6.740000,0.780000,0.910000,0.110000,81.070000,0.170000,-1.070000,280.929993,60.549999,67992.226562,38.59,99.89,7.928572,PM2.5,24940
6.010000,7.920000,0.970000,1.540000,0.130000,80.919998,-0.350000,0.030000,282.320007,56.970001,69357.101562,38.59,100.06,8.585714,PM2.5,24941
6.780000,9.970000,1.430000,2.250000,0.140000,81.800003,-0.420000,-0.110000,284.950012,48.950001,71636.179688,38.6,100.24,9.970000,PM10,24942
7.450000,11.860000,2.180000,3.000000,0.170000,82.660004,0.380000,0.440000,289.769989,38.869999,77261.546875,38.61,100.41,11.860000,PM10,24943
8.210000,13.170000,3.350000,3.560000,0.190000,83.570000,1.520000,0.490000,292.350006,34.410000,80621.742188,38.61,100.58,13.170000,PM10,24944
8.690000,13.620000,3.880000,4.100000,0.210000,82.070000,2.570000,0.110000,292.220001,34.910000,80602.890625,38.62,100.76,13.620000,PM10,24945
9.110000,13.110000,3.920000,4.310000,0.210000,80.180000,2.940000,0.240000,291.970001,35.380001,80264.546875,38.62,100.93,13.110000,PM10,24946
10.070000,13.100000,3.490000,4.100000,0.200000,79.550003,2.200000,0.620000,291.829987,35.520000,79846.593750,38.63,101.1,14.385714,PM2.5,24947
10.500000,13.170000,2.940000,3.880000,0.200000,79.820000,1.610000,0.030000,291.100006,36.650002,78826.468750,38.63,101.27,15.000000,PM2.5,24948
11.140000,14.070000,3.120000,4.000000,0.210000,79.709999,1.450000,-0.500000,290.250000,39.130001,77984.921875,38.64,101.45,15.914287,PM2.5,24949
11.730000,15.440000,4.170000,4.230000,0.230000,80.790001,1.040000,-0.120000,289.209991,41.740002,76823.328125,38.64,101.62,16.757143,PM2.5,24950
12.520000,17.469999,5.880000,5.280000,0.270000,80.790001,1.200000,0.100000,288.880005,41.930000,75952.273438,38.65,101.79,17.885715,PM2.5,24951
15.780000,28.719999,29.110001,15.310000,0.450000,74.010002,1.840000,-0.510000,291.739990,36.230000,78927.773438,38.65,101.97,29.110001,SO2,24952
21.190001,46.009998,66.839996,29.049999,0.720000,66.989998,2.140000,-1.090000,295.140015,31.340000,83396.359375,38.65,102.14,58.419998,SO2,24953
18.730000,31.680000,35.950001,10.490000,0.470000,82.160004,1.330000,-1.150000,296.299988,30.440001,85298.750000,38.66,102.31,35.950001,SO2,24954
19.110001,30.379999,32.439999,8.460000,0.480000,82.680000,-0.210000,-0.480000,296.450012,30.299999,85638.609375,38.66,102.49,32.439999,SO2,24955
20.830000,30.629999,25.879999,6.970000,0.500000,82.809998,-1.060000,-0.420000,296.519989,30.969999,85653.812500,38.66,102.66,30.629999,PM10,24956
22.790001,31.889999,19.260000,6.050000,0.510000,83.900002,-1.590000,-0.490000,296.549988,32.470001,85585.882812,38.67,102.83,32.557144,PM2.5,24957
23.879999,31.900000,12.210000,5.490000,0.500000,84.639999,-2.170000,0.010000,296.679993,33.630001,85572.937500,38.67,103.01,34.114285,PM2.5,24958
24.709999,31.459999,9.560000,4.750000,0.450000,86.970001,-2.860000,0.610000,296.850006,33.330002,85684.093750,38.67,103.18,35.299999,PM2.5,24959
25.010000,30.480000,8.170000,3.580000,0.360000,89.360001,-4.020000,0.910000,297.010010,32.119999,85797.343750,38.67,103.35,35.728573,PM2.5,24960
25.370001,30.080000,8.630000,3.200000,0.300000,91.349998,-4.870000,1.230000,297.000000,31.299999,85797.039062,38.68,103.53,36.242859,PM2.5,24961
25.400000,30.139999,9.020000,2.930000,0.250000,91.160004,-5.130000,1.320000,297.040009,30.860001,85830.312500,38.68,103.7,36.285713,PM2.5,24962
25.660000,31.010000,9.430000,2.930000,0.230000,92.669998,-5.280000,1.280000,296.989990,30.629999,85913.742188,38.68,103.87,36.657143,PM2.5,24963
3.290000,3.400000,0.200000,0.400000,0.100000,87.669998,-1.510000,-5.610000,282.700012,39.930000,67113.812500,38.42,94.53,4.700000,PM2.5,25159
3.130000,3.230000,0.180000,0.340000,0.100000,88.139999,-0.950000,-5.200000,281.250000,42.290001,65213.199219,38.43,94.7,4.471429,PM2.5,25160
2.990000,3.080000,0.150000,0.280000,0.100000,86.669998,-1.480000,-3.740000,278.350006,50.240002,62228.390625,38.44,94.87,4.271429,PM2.5,25161
2.920000,3.000000,0.150000,0.250000,0.100000,91.900002,-1.290000,-3.170000,276.380005,56.860001,60842.160156,38.45,95.05,4.171429,PM2.5,25162
2.900000,2.980000,0.140000,0.230000,0.100000,91.919998,-0.450000,-2.440000,277.200012,54.000000,61596.789062,38.47,95.22,4.142857,PM2.5,25163
2.950000,3.030000,0.150000,0.220000,0.100000,93.599998,-0.290000,-1.560000,277.160004,54.619999,61560.851562,38.48,95.39,4.214286,PM2.5,25164
3.020000,3.100000,0.150000,0.220000,0.100000,92.570000,-0.090000,-0.850000,275.869995,59.540001,60446.679688,38.49,95.56,4.314286,PM2.5,25165
3.050000,3.140000,0.150000,0.210000,0.100000,89.419998,0.020000,-0.520000,275.709991,61.240002,60403.218750,38.5,95.74,4.357143,PM2.5,25166
3.110000,3.200000,0.150000,0.210000,0.100000,88.419998,-0.500000,-0.630000,276.959991,57.139999,61657.980469,38.51,95.91,4.442857,PM2.5,25167
3.120000,3.210000,0.150000,0.230000,0.100000,90.690002,-1.310000,-1.650000,276.910004,57.119999,61763.148438,38.53,96.08,4.457143,PM2.5,25168
3.150000,3.240000,0.160000,0.230000,0.100000,90.779999,-1.320000,-2.130000,275.630005,61.459999,60743.500000,38.54,96.25,4.500000,PM2.5,25169
3.170000,3.280000,0.160000,0.240000,0.100000,90.190002,-0.260000,-1.870000,275.109985,63.900002,60302.410156,38.55,96.42,4.528572,PM2.5,25170
3.220000,3.340000,0.180000,0.260000,0.100000,89.250000,0.700000,-1.540000,275.779999,63.200001,60810.789062,38.56,96.6,4.600000,PM2.5,25171
3.230000,3.360000,0.190000,0.280000,0.100000,88.709999,0.450000,-1.150000,276.540009,62.779999,61536.320312,38.57,96.77,4.614286,PM2.5,25172
3.220000,3.360000,0.210000,0.290000,0.090000,88.680000,-0.720000,-1.260000,276.459991,64.169998,61557.511719,38.58,96.94,4.600000,PM2.5,25173
5.540000,6.360000,0.770000,1.060000,0.110000,87.389999,-0.410000,-0.520000,277.649994,68.160004,64860.210938,38.71,99.54,7.914286,PM2.5,25188
5.690000,6.860000,0.820000,1.040000,0.120000,85.680000,0.640000,-0.550000,280.679993,58.139999,67670.273438,38.72,99.71,8.128572,PM2.5,25189
5.780000,7.390000,0.850000,1.090000,0.120000,82.260002,0.750000,-0.790000,282.540009,53.889999,69369.437500,38.72,99.88,8.257143,PM2.5,25190
6.160000,8.920000,1.040000,1.790000,0.130000,80.169998,0.510000,-0.060000,285.880005,46.790001,72844.109375,38.73,100.06,8.920000,PM10,25191
7.470000,13.020000,1.920000,3.090000,0.170000,79.769997,0.970000,0.160000,290.600006,37.070000,78222.187500,38.74,100.23,13.020000,PM10,25192
8.970000,17.309999,3.390000,4.500000,0.220000,79.860001,1.560000,0.320000,293.510010,33.200001,82042.453125,38.74,100.4,17.309999,PM10,25193
10.050000,18.320000,4.590000,5.360000,0.240000,82.779999,1.930000,-0.220000,294.130005,32.200001,83282.750000,38.75,100.58,18.320000,PM10,25194
10.930000,17.889999,4.580000,5.610000,0.240000,81.839996,2.220000,-0.760000,293.640015,33.299999,82841.343750,38.75,100.75,17.889999,PM10,25195
11.330000,16.080000,4.210000,5.320000,0.210000,81.550003,1.830000,-0.710000,292.980011,34.189999,81702.523438,38.76,100.92,16.185715,PM2.5,25196
11.630000,15.430000,4.330000,4.990000,0.210000,80.599998,1.030000,-0.600000,292.070007,35.830002,80463.750000,38.76,101.1,16.614286,PM2.5,25197
11.520000,14.500000,3.260000,4.170000,0.190000,80.440002,0.840000,-0.520000,290.880005,37.540001,78865.632812,38.77,101.27,16.457144,PM2.5,25198
18.059999,29.799999,27.000000,13.220000,0.400000,73.650002,1.590000,-0.260000,294.850006,31.370001,82904.359375,38.78,101.96,29.799999,PM10,25202
22.280001,39.580002,52.560001,17.690001,0.500000,72.500000,1.120000,-0.560000,296.089996,30.389999,84971.960938,38.79,102.14,51.279999,SO2,25203
19.930000,29.260000,32.599998,6.880000,0.370000,82.779999,0.030000,-0.540000,296.399994,30.379999,85680.898438,38.79,102.31,32.599998,SO2,25204
19.969999,28.450001,28.610001,5.640000,0.400000,83.809998,-1.290000,-0.010000,296.549988,30.510000,85839.960938,38.8,102.48,28.610001,SO2,25205
22.010000,29.969999,23.160000,4.840000,0.440000,85.139999,-2.050000,-0.020000,296.390015,31.809999,85670.437500,38.8,102.66,31.442858,PM2.5,25206
23.629999,31.190001,17.590000,4.350000,0.450000,86.510002,-2.290000,-0.340000,296.339996,33.080002,85604.617188,38.8,102.83,33.757141,PM2.5,25207
24.770000,31.690001,13.420000,4.100000,0.430000,87.389999,-2.410000,-0.300000,296.579987,33.169998,85761.609375,38.8,103.0,35.385715,PM2.5,25208
24.840000,30.639999,10.190000,3.580000,0.370000,87.930000,-3.090000,0.500000,296.940002,32.209999,85899.281250,38.81,103.18,35.485714,PM2.5,25209
25.049999,29.900000,8.690000,3.010000,0.300000,90.370003,-4.120000,0.970000,296.980011,31.250000,85905.476562,38.81,103.35,35.785713,PM2.5,25210
25.290001,29.540001,8.940000,2.710000,0.250000,91.339996,-4.680000,0.780000,296.970001,30.740000,85928.203125,38.81,103.52,36.128574,PM2.5,25211
25.430000,29.860001,9.450000,2.600000,0.220000,93.790001,-4.930000,0.980000,297.000000,30.340000,86027.437500,38.81,103.7,36.328571,PM2.5,25212
25.410000,30.430000,9.540000,2.580000,0.210000,94.790001,-5.300000,1.200000,297.049988,30.020000,86028.539062,38.81,103.87,36.299999,PM2.5,25213
3.430000,3.540000,0.240000,0.340000,0.100000,88.790001,-0.120000,-4.060000,284.179993,37.759998,69088.171875,38.55,94.51,4.900000,PM2.5,25401
3.240000,3.340000,0.210000,0.250000,0.100000,89.839996,-0.610000,-3.270000,282.559998,40.220001,66919.617188,38.56,94.69,4.628572,PM2.5,25402
3.120000,3.210000,0.190000,0.230000,0.100000,89.510002,-0.970000,-2.710000,279.750000,46.209999,63964.171875,38.58,94.86,4.457143,PM2.5,25403
3.020000,3.110000,0.180000,0.210000,0.100000,92.650002,-0.660000,-1.830000,279.720001,46.570000,64053.421875,38.59,95.03,4.314286,PM2.5,25404
2.980000,3.070000,0.170000,0.210000,0.100000,92.800003,-0.360000,-1.420000,280.309998,45.020000,64516.500000,38.6,95.2,4.257143,PM2.5,25405
3.010000,3.090000,0.170000,0.210000,0.100000,90.809998,-0.850000,-1.040000,279.380005,47.599998,63576.699219,38.61,95.38,4.300000,PM2.5,25406
3.060000,3.150000,0.170000,0.210000,0.100000,89.589996,-1.090000,-0.630000,279.619995,47.169998,63920.140625,38.63,95.55,4.371428,PM2.5,25407
3.100000,3.190000,0.170000,0.210000,0.100000,88.739998,-1.360000,-0.970000,279.570007,47.509998,63996.750000,38.64,95.72,4.428571,PM2.5,25408
3.150000,3.240000,0.170000,0.200000,0.100000,88.470001,-1.710000,-1.690000,276.700012,56.369999,61479.648438,38.65,95.89,4.500000,PM2.5,25409
3.130000,3.230000,0.170000,0.230000,0.100000,89.889999,-1.120000,-2.110000,274.220001,65.570000,59462.171875,38.66,96.07,4.471429,PM2.5,25410
3.110000,3.210000,0.170000,0.240000,0.100000,89.480003,-0.030000,-1.800000,275.950012,59.910000,61128.929688,38.67,96.24,4.442857,PM2.5,25411
3.110000,3.210000,0.170000,0.250000,0.100000,88.360001,0.690000,-1.110000,278.869995,51.599998,63964.871094,38.68,96.41,4.442857,PM2.5,25412
3.150000,3.280000,0.190000,0.280000,0.100000,87.790001,0.760000,-0.970000,279.329987,51.799999,64592.371094,38.69,96.58,4.500000,PM2.5,25413
3.190000,3.330000,0.200000,0.290000,0.090000,87.790001,-0.180000,-0.680000,277.940002,57.880001,63204.031250,38.7,96.76,4.557143,PM2.5,25414
3.170000,3.310000,0.210000,0.300000,0.090000,87.629997,-1.360000,-0.900000,275.679993,66.209999,60892.980469,38.72,96.93,4.528572,PM2.5,25415
5.510000,6.130000,0.740000,0.970000,0.100000,92.279999,-2.410000,-1.020000,274.890015,77.400002,61653.960938,38.83,99.18,7.871429,PM2.5,25428
5.660000,6.520000,0.880000,1.190000,0.110000,91.220001,-1.230000,-0.850000,276.589996,70.279999,63561.250000,38.84,99.35,8.085714,PM2.5,25429
5.900000,7.140000,1.030000,1.450000,0.120000,89.750000,0.500000,-0.550000,282.190002,52.439999,69357.382812,38.84,99.53,8.428572,PM2.5,25430
6.190000,7.920000,1.090000,1.590000,0.130000,89.000000,1.790000,-0.360000,286.209991,43.020000,73717.523438,38.85,99.7,8.842857,PM2.5,25431
6.340000,8.600000,1.060000,1.580000,0.130000,84.500000,1.980000,-0.550000,287.200012,41.500000,74582.492188,38.86,99.87,9.057143,PM2.5,25432
6.930000,11.040000,1.310000,2.300000,0.150000,81.360001,1.730000,-0.460000,289.760010,37.520000,77229.656250,38.86,100.05,11.040000,PM10,25433
10.380000,21.340000,3.820000,5.810000,0.250000,76.550003,1.970000,0.080000,293.570007,32.759998,82048.429688,38.87,100.22,21.340000,PM10,25434
14.060000,30.830000,7.390000,9.430000,0.350000,72.559998,1.830000,-0.250000,295.109985,31.270000,84542.953125,38.88,100.39,30.830000,PM10,25435
12.910000,24.170000,6.040000,7.850000,0.300000,79.269997,1.450000,-1.410000,294.500000,32.240002,84134.757812,38.88,100.57,24.170000,PM10,25436
12.970000,19.799999,4.740000,6.160000,0.220000,81.800003,1.370000,-2.450000,292.839996,33.349998,81242.320312,38.89,100.74,19.799999,PM10,25437
12.900000,16.809999,4.010000,5.120000,0.190000,83.599998,1.170000,-2.680000,291.309998,34.009998,78636.312500,38.89,100.92,18.428572,PM2.5,25438
13.560000,18.000000,6.330000,5.840000,0.210000,81.980003,1.400000,-2.580000,291.359985,33.799999,78721.476562,38.9,101.09,19.371429,PM2.5,25439
22.090000,29.520000,26.719999,6.480000,0.290000,79.709999,-0.520000,-0.630000,296.279999,31.299999,85739.250000,38.92,102.13,31.557142,PM2.5,25445
20.690001,26.350000,22.610001,3.820000,0.280000,83.150002,-1.040000,-0.270000,296.200012,31.670000,85606.562500,38.93,102.31,29.557144,PM2.5,25446
20.620001,26.559999,21.080000,3.470000,0.320000,84.919998,-2.000000,0.320000,295.980011,32.470001,85319.773438,38.93,102.48,29.457144,PM2.5,25447
22.480000,28.770000,17.040001,3.180000,0.370000,86.470001,-2.740000,0.380000,295.750000,33.759998,85072.671875,38.93,102.65,32.114285,PM2.5,25448
23.889999,30.020000,15.730000,3.090000,0.370000,89.330002,-2.700000,0.100000,295.679993,34.180000,85050.093750,38.94,102.83,34.128571,PM2.5,25449
24.969999,30.650000,13.100000,2.850000,0.350000,90.300003,-2.410000,-0.180000,296.000000,34.000000,85435.453125,38.94,103.0,35.671429,PM2.5,25450
24.910000,29.830000,10.440000,2.690000,0.300000,91.660004,-2.920000,0.350000,296.589996,32.470001,85832.539062,38.94,103.17,35.585712,PM2.5,25451
24.740000,28.969999,8.910000,2.540000,0.260000,91.410004,-4.150000,1.240000,296.970001,30.920000,85948.406250,38.94,103.35,35.342857,PM2.5,25452
25.030001,28.830000,9.170000,2.350000,0.220000,91.540001,-4.480000,1.080000,296.929993,30.370001,85956.703125,38.95,103.52,35.757145,PM2.5,25453
25.139999,29.180000,9.450000,2.250000,0.200000,93.959999,-4.380000,1.040000,296.980011,30.180000,86074.718750,38.95,103.7,35.914284,PM2.5,25454
25.400000,30.110001,9.820000,2.320000,0.200000,97.209999,-4.780000,1.230000,296.970001,29.969999,86168.062500,38.95,103.87,36.285713,PM2.5,25455
25.450001,31.370001,9.780000,2.360000,0.200000,98.900002,-5.070000,1.310000,296.880005,30.010000,86023.093750,38.95,104.04,36.357143,PM2.5,25456
3.590000,3.710000,0.280000,0.420000,0.100000,89.970001,0.790000,-3.200000,285.510010,35.599998,70688.203125,38.68,94.5,5.128572,PM2.5,25645
3.410000,3.520000,0.270000,0.330000,0.100000,91.610001,-0.260000,-2.090000,284.660004,36.860001,69366.843750,38.7,94.67,4.871428,PM2.5,25646
3.260000,3.370000,0.250000,0.290000,0.100000,91.610001,-0.230000,-1.380000,283.630005,38.380001,68120.078125,38.71,94.84,4.657143,PM2.5,25647
3.160000,3.260000,0.220000,0.250000,0.100000,92.550003,-0.050000,-0.900000,283.399994,38.869999,67784.796875,38.72,95.01,4.514286,PM2.5,25648
3.090000,3.190000,0.200000,0.230000,0.100000,92.570000,-0.890000,-0.980000,282.640015,40.230000,66966.468750,38.74,95.19,4.414286,PM2.5,25649
3.100000,3.190000,0.200000,0.220000,0.100000,91.900002,-1.840000,-1.020000,281.500000,42.560001,65933.546875,38.75,95.36,4.428571,PM2.5,25650
3.130000,3.220000,0.200000,0.210000,0.100000,91.500000,-2.560000,-1.500000,280.369995,45.459999,64996.089844,38.76,95.53,4.471429,PM2.5,25651
3.160000,3.260000,0.200000,0.210000,0.100000,90.800003,-2.560000,-2.170000,277.630005,52.650002,62569.929688,38.77,95.71,4.514286,PM2.5,25652
3.210000,3.310000,0.200000,0.210000,0.090000,89.529999,-1.110000,-2.480000,275.070007,60.689999,60400.269531,38.78,95.88,4.585714,PM2.5,25653
3.100000,3.210000,0.180000,0.230000,0.090000,87.599998,0.260000,-1.530000,276.640015,56.820000,61756.468750,38.8,96.05,4.428571,PM2.5,25654
3.070000,3.180000,0.200000,0.260000,0.090000,87.720001,0.650000,-1.020000,280.170013,47.930000,65317.238281,38.81,96.22,4.385714,PM2.5,25655
3.040000,3.170000,0.210000,0.290000,0.090000,87.349998,0.070000,-0.760000,281.350006,45.980000,66838.117188,38.82,96.4,4.342857,PM2.5,25656
3.020000,3.180000,0.220000,0.320000,0.090000,88.000000,-1.130000,-1.150000,279.899994,51.650002,65530.589844,38.83,96.57,4.314286,PM2.5,25657
3.170000,3.320000,0.200000,0.300000,0.090000,86.870003,-1.910000,-0.910000,278.010010,57.650002,63675.250000,38.84,96.74,4.528572,PM2.5,25658
3.200000,3.340000,0.210000,0.300000,0.090000,87.169998,-1.760000,-0.470000,275.799988,65.300003,61329.628906,38.85,96.92,4.571429,PM2.5,25659
4.700000,5.600000,0.830000,0.810000,0.110000,87.650002,-0.690000,-0.360000,275.970001,74.150002,62586.808594,38.91,97.96,6.714285,PM2.5,25665
4.950000,5.880000,0.900000,1.100000,0.120000,91.879997,-0.790000,-0.080000,277.660004,69.849998,64658.500000,38.92,98.13,7.071428,PM2.5,25666
6.340000,7.640000,1.150000,1.720000,0.120000,93.220001,-1.960000,-0.590000,274.399994,79.050003,61154.078125,38.96,99.17,9.057143,PM2.5,25672
6.370000,7.980000,1.340000,2.010000,0.120000,91.290001,-0.460000,-0.390000,279.220001,60.669998,66095.562500,38.97,99.34,9.099999,PM2.5,25673
6.700000,8.690000,1.550000,2.270000,0.130000,90.980003,1.440000,-0.600000,285.350006,44.470001,72826.078125,38.98,99.52,9.571428,PM2.5,25674
6.890000,9.260000,1.440000,2.320000,0.140000,90.739998,2.720000,-1.000000,287.910004,39.320000,75845.382812,38.99,99.69,9.842857,PM2.5,25675
7.000000,9.850000,1.330000,2.320000,0.140000,85.870003,2.950000,-1.260000,289.510010,36.500000,77320.546875,38.99,99.87,10.000000,PM2.5,25676
7.860000,12.710000,1.700000,3.300000,0.170000,82.080002,2.780000,-1.180000,292.660004,32.009998,80775.257812,39.0,100.04,12.710000,PM10,25677
10.550000,19.730000,3.530000,6.310000,0.230000,75.750000,2.640000,-0.820000,294.970001,30.450001,84045.046875,39.01,100.21,19.730000,PM10,25678
14.270000,28.020000,6.810000,10.250000,0.310000,71.150002,1.740000,-1.050000,295.329987,31.120001,85228.890625,39.01,100.39,28.020000,PM10,25679
12.950000,21.549999,5.330000,7.400000,0.240000,80.059998,0.830000,-1.580000,294.040009,32.160000,83244.867188,39.02,100.56,21.549999,PM10,25680
13.510000,18.100000,3.980000,5.100000,0.180000,83.589996,0.810000,-2.610000,290.290009,36.349998,77848.101562,39.02,100.73,19.300001,PM2.5,25681
22.379999,27.379999,16.780001,4.650000,0.230000,80.589996,-0.970000,-0.720000,295.250000,32.160000,84369.812500,39.06,101.95,31.971428,PM2.5,25688
21.790001,26.340000,17.620001,3.580000,0.220000,82.220001,-0.980000,-0.460000,295.000000,32.520000,83964.000000,39.06,102.13,31.128572,PM2.5,25689
21.350000,25.510000,16.770000,2.560000,0.220000,84.000000,-1.270000,0.050000,294.859985,32.950001,83714.703125,39.06,102.3,30.500000,PM2.5,25690
21.840000,26.620001,16.799999,2.620000,0.260000,85.699997,-2.230000,0.940000,295.040009,33.410000,84028.921875,39.07,102.47,31.200001,PM2.5,25691
23.510000,28.940001,16.010000,2.830000,0.300000,89.360001,-2.970000,1.360000,295.190002,34.189999,84420.757812,39.07,102.65,33.585716,PM2.5,25692
24.700001,29.959999,14.560000,2.590000,0.300000,90.730003,-2.910000,1.380000,295.149994,34.750000,84463.859375,39.07,102.82,35.285717,PM2.5,25693
25.400000,30.209999,12.300000,2.250000,0.280000,92.120003,-2.710000,0.880000,295.279999,34.160000,84531.281250,39.07,103.0,36.285713,PM2.5,25694
25.389999,29.670000,10.490000,2.000000,0.250000,94.220001,-3.140000,0.760000,295.690002,33.320000,84989.851562,39.08,103.17,36.271427,PM2.5,25695
25.240000,29.080000,9.790000,1.980000,0.220000,95.389999,-4.290000,1.490000,296.399994,31.400000,85646.859375,39.08,103.35,36.057144,PM2.5,25696
25.379999,28.900000,9.940000,1.970000,0.200000,95.050003,-4.730000,2.010000,296.739990,30.430000,86002.742188,39.08,103.52,36.257141,PM2.5,25697
25.420000,29.170000,9.960000,1.960000,0.190000,96.800003,-4.480000,1.930000,296.720001,30.389999,86020.187500,39.08,103.69,36.314285,PM2.5,25698
25.500000,29.820000,10.020000,1.980000,0.190000,99.080002,-4.530000,1.640000,296.649994,30.379999,85933.812500,39.08,103.87,36.428570,PM2.5,25699
25.590000,31.030001,9.960000,2.020000,0.190000,101.080002,-4.860000,1.180000,296.660004,30.209999,85871.500000,39.09,104.04,36.557144,PM2.5,25700
3.740000,3.850000,0.200000,0.310000,0.090000,86.570000,-4.650000,-1.130000,283.589996,39.060001,68758.156250,38.76,93.79,5.342857,PM2.5,25885
3.730000,3.850000,0.220000,0.350000,0.090000,86.779999,-3.360000,-1.770000,283.320007,39.599998,68988.093750,38.78,93.96,5.328571,PM2.5,25886
3.830000,3.960000,0.280000,0.520000,0.100000,88.290001,-0.740000,-3.120000,284.920013,36.200001,70745.812500,38.79,94.13,5.471428,PM2.5,25887
3.850000,3.980000,0.300000,0.640000,0.100000,88.540001,0.870000,-3.340000,286.070007,34.189999,71625.218750,38.81,94.31,5.500000,PM2.5,25888
3.670000,3.800000,0.320000,0.600000,0.100000,90.589996,0.110000,-2.480000,285.769989,35.270000,71176.828125,38.82,94.48,5.242857,PM2.5,25889
3.520000,3.650000,0.310000,0.490000,0.100000,91.860001,-1.060000,-2.040000,285.299988,36.110001,70387.953125,38.83,94.65,5.028572,PM2.5,25890
3.440000,3.570000,0.310000,0.460000,0.100000,92.250000,-1.230000,-2.030000,284.850006,36.490002,69683.492188,38.85,94.82,4.914286,PM2.5,25891
3.340000,3.460000,0.290000,0.390000,0.100000,92.459999,-1.380000,-1.780000,284.040009,38.160000,68729.406250,38.86,95.0,4.771429,PM2.5,25892
3.220000,3.330000,0.260000,0.310000,0.100000,92.550003,-1.840000,-1.680000,283.350006,39.410000,67994.828125,38.87,95.17,4.600000,PM2.5,25893
3.160000,3.280000,0.250000,0.270000,0.100000,92.099998,-2.290000,-2.010000,281.899994,42.299999,66525.906250,38.88,95.34,4.514286,PM2.5,25894
3.180000,3.290000,0.240000,0.240000,0.100000,92.019997,-2.130000,-2.440000,277.859985,53.000000,62866.070312,38.9,95.52,4.542857,PM2.5,25895
3.230000,3.320000,0.230000,0.230000,0.100000,91.449997,-0.930000,-2.220000,275.799988,58.919998,61222.968750,38.91,95.69,4.614286,PM2.5,25896
3.260000,3.380000,0.230000,0.240000,0.090000,88.239998,0.570000,-1.840000,279.109985,48.470001,64397.789062,38.92,95.86,4.657143,PM2.5,25897
3.150000,3.270000,0.230000,0.270000,0.090000,89.470001,1.430000,-0.840000,281.899994,42.970001,67350.343750,38.93,96.04,4.500000,PM2.5,25898
3.060000,3.180000,0.230000,0.280000,0.090000,87.919998,0.830000,-0.760000,281.850006,45.049999,67276.343750,38.94,96.21,4.371428,PM2.5,25899
3.020000,3.160000,0.220000,0.290000,0.090000,86.709999,-0.680000,-0.840000,280.190002,50.310001,65571.250000,38.95,96.38,4.314286,PM2.5,25900
3.030000,3.190000,0.220000,0.310000,0.090000,86.860001,-1.990000,-1.100000,277.660004,59.090000,63329.390625,38.96,96.56,4.328571,PM2.5,25901
3.160000,3.320000,0.210000,0.300000,0.090000,85.199997,-2.300000,-1.190000,276.410004,63.150002,62501.750000,38.97,96.73,4.514286,PM2.5,25902
3.220000,3.380000,0.220000,0.300000,0.090000,84.980003,-1.450000,-0.780000,276.640015,61.750000,62668.800781,38.98,96.9,4.600000,PM2.5,25903
4.910000,6.230000,0.990000,0.980000,0.120000,89.010002,-1.170000,-1.630000,277.059998,66.790001,63415.539062,39.03,97.77,7.014286,PM2.5,25908
5.520000,7.180000,1.250000,1.460000,0.130000,93.160004,-1.410000,-0.320000,277.869995,64.989998,64226.660156,39.04,97.94,7.885714,PM2.5,25909
6.140000,7.930000,1.460000,2.130000,0.150000,96.870003,-2.190000,0.110000,277.380005,68.019997,63807.968750,39.05,98.12,8.771428,PM2.5,25910
6.380000,8.050000,1.580000,2.180000,0.150000,101.080002,-2.670000,-1.000000,276.489990,69.669998,62937.289062,39.06,98.29,9.114285,PM2.5,25911
6.640000,8.270000,1.790000,2.000000,0.150000,100.190002,-3.080000,-0.660000,275.239990,76.550003,62250.289062,39.07,98.47,9.485714,PM2.5,25912
6.970000,8.650000,1.900000,1.990000,0.150000,98.330002,-2.790000,-0.230000,273.829987,81.330002,60945.500000,39.08,98.64,9.957143,PM2.5,25913
7.260000,9.380000,2.080000,2.850000,0.150000,97.820000,-1.560000,-0.690000,277.119995,66.089996,63861.699219,39.09,98.99,10.371428,PM2.5,25915
7.840000,10.580000,2.510000,4.160000,0.160000,97.070000,-1.020000,-0.630000,280.910004,53.540001,67610.250000,39.1,99.16,11.200000,PM2.5,25916
8.210000,11.620000,2.920000,4.410000,0.170000,95.440002,0.080000,0.210000,286.119995,41.599998,73471.007812,39.11,99.34,11.728572,PM2.5,25917
7.940000,11.150000,2.510000,3.750000,0.160000,93.139999,1.660000,0.450000,289.040009,36.619999,77276.406250,39.11,99.51,11.342857,PM2.5,25918
7.730000,10.860000,1.970000,3.290000,0.150000,90.930000,2.960000,-0.280000,288.739990,37.299999,76942.398438,39.12,99.68,11.042857,PM2.5,25919
7.650000,11.040000,1.670000,3.110000,0.150000,86.269997,3.620000,-1.340000,290.380005,34.509998,78224.906250,39.13,99.86,11.040000,PM10,25920
8.840000,14.510000,2.160000,4.490000,0.180000,81.550003,3.610000,-1.680000,294.429993,29.379999,82891.398438,39.13,100.03,14.510000,PM10,25921
11.130000,19.110001,3.560000,7.030000,0.220000,74.459999,2.760000,-1.590000,295.779999,29.450001,85295.320312,39.14,100.21,19.110001,PM10,25922
14.010000,24.670000,6.270000,10.650000,0.270000,69.970001,1.610000,-1.290000,294.950012,31.520000,84699.507812,39.15,100.38,24.670000,PM10,25923
13.160000,19.540001,4.810000,7.250000,0.210000,79.120003,1.150000,-0.990000,293.670013,32.070000,82535.148438,39.15,100.55,19.540001,PM10,25924
14.150000,17.879999,3.920000,5.230000,0.170000,82.309998,1.740000,-1.050000,291.429993,34.290001,79296.210938,39.16,100.73,20.214285,PM2.5,25925
21.920000,25.240000,13.030000,2.240000,0.190000,84.919998,-0.480000,1.220000,294.119995,32.500000,82363.593750,39.2,102.3,31.314285,PM2.5,25934
22.610001,26.360001,13.270000,2.240000,0.210000,85.470001,-1.430000,1.270000,295.369995,31.610001,84025.953125,39.2,102.47,32.299999,PM2.5,25935
25.780001,29.280001,10.010000,1.690000,0.200000,95.010002,-3.440000,2.020000,296.170013,31.650000,85451.867188,39.21,103.34,36.828571,PM2.5,25940
25.750000,29.030001,10.500000,1.750000,0.190000,96.800003,-4.090000,2.940000,296.709991,30.270000,86035.726562,39.22,103.52,36.785713,PM2.5,25941
25.660000,29.160000,10.330000,1.760000,0.180000,98.160004,-4.370000,2.870000,296.820007,29.709999,85918.671875,39.22,103.69,36.657143,PM2.5,25942
25.680000,29.719999,10.240000,1.780000,0.180000,99.739998,-4.610000,2.400000,296.489990,29.920000,85522.843750,39.22,103.87,36.685715,PM2.5,25943
25.840000,30.889999,10.080000,1.810000,0.190000,100.610001,-4.900000,1.660000,296.369995,30.190001,85459.453125,39.22,104.04,36.914288,PM2.5,25944
3.650000,3.770000,0.240000,0.450000,0.090000,86.739998,-2.920000,-2.230000,285.200012,36.290001,71091.687500,38.91,93.94,5.214286,PM2.5,26128
3.800000,3.940000,0.300000,0.670000,0.100000,87.190002,-1.530000,-4.730000,286.140015,33.950001,72230.656250,38.93,94.12,5.428571,PM2.5,26129
3.830000,3.960000,0.320000,0.730000,0.100000,88.949997,-0.670000,-4.460000,286.459991,33.180000,72240.968750,38.94,94.29,5.471428,PM2.5,26130
3.700000,3.830000,0.340000,0.670000,0.100000,90.449997,-1.280000,-3.530000,286.100006,33.980000,71334.460938,38.95,94.46,5.285714,PM2.5,26131
3.590000,3.730000,0.340000,0.530000,0.100000,91.349998,-2.360000,-3.250000,285.119995,35.880001,70099.257812,38.97,94.64,5.128572,PM2.5,26132
3.540000,3.670000,0.350000,0.490000,0.100000,92.150002,-2.530000,-4.070000,283.709991,38.220001,68600.031250,38.98,94.81,5.057143,PM2.5,26133
3.450000,3.580000,0.330000,0.450000,0.100000,92.529999,-2.090000,-3.800000,282.630005,40.349998,67361.109375,38.99,94.98,4.928572,PM2.5,26134
3.350000,3.480000,0.310000,0.370000,0.100000,92.680000,-1.970000,-3.060000,281.320007,43.680000,66050.289062,39.01,95.15,4.785714,PM2.5,26135
3.310000,3.430000,0.300000,0.340000,0.100000,92.839996,-1.750000,-3.010000,277.779999,53.860001,62966.890625,39.02,95.33,4.728571,PM2.5,26136
3.310000,3.440000,0.290000,0.330000,0.100000,92.720001,-0.890000,-2.610000,275.040009,63.230000,60875.789062,39.03,95.5,4.728571,PM2.5,26137
3.330000,3.450000,0.270000,0.330000,0.100000,90.400002,0.560000,-2.480000,278.540009,50.910000,64159.808594,39.04,95.67,4.757143,PM2.5,26138
3.330000,3.460000,0.280000,0.350000,0.090000,89.910004,1.380000,-2.320000,282.519989,40.799999,68108.093750,39.05,95.85,4.757143,PM2.5,26139
3.250000,3.380000,0.260000,0.320000,0.090000,90.459999,0.590000,-1.570000,281.559998,43.630001,66878.976562,39.07,96.02,4.642857,PM2.5,26140
3.140000,3.260000,0.240000,0.280000,0.090000,90.459999,-0.500000,-1.730000,278.820007,52.610001,64155.519531,39.08,96.2,4.485714,PM2.5,26141
3.080000,3.220000,0.230000,0.270000,0.090000,87.379997,-1.170000,-1.100000,277.329987,59.189999,62973.441406,39.09,96.37,4.400000,PM2.5,26142
3.100000,3.250000,0.230000,0.280000,0.090000,86.410004,-1.730000,-0.660000,276.239990,63.869999,62275.828125,39.1,96.54,4.428571,PM2.5,26143
3.170000,3.330000,0.230000,0.280000,0.090000,85.099998,-1.760000,-1.330000,275.809998,64.440002,62040.210938,39.11,96.72,4.528572,PM2.5,26144
3.250000,3.410000,0.230000,0.300000,0.090000,85.150002,-0.870000,-1.950000,276.989990,60.200001,63334.539062,39.12,96.89,4.642857,PM2.5,26145
4.100000,4.980000,0.710000,0.640000,0.100000,86.750000,-1.010000,-1.330000,275.489990,70.430000,61755.031250,39.15,97.41,5.857143,PM2.5,26148
4.780000,6.250000,1.140000,0.880000,0.110000,87.889999,-1.150000,-1.530000,275.899994,69.349998,62246.839844,39.16,97.59,6.828572,PM2.5,26149
5.650000,7.740000,1.480000,1.320000,0.130000,90.160004,-0.710000,-1.880000,277.799988,62.119999,64175.949219,39.17,97.76,8.071428,PM2.5,26150
6.240000,8.630000,1.790000,1.840000,0.140000,94.690002,-0.950000,-0.980000,279.779999,55.790001,66066.156250,39.18,97.93,8.914286,PM2.5,26151
7.200000,9.950000,2.390000,2.620000,0.160000,99.370003,-2.160000,-0.030000,276.579987,67.040001,62648.031250,39.19,98.11,10.285714,PM2.5,26152
8.440000,11.600000,2.940000,3.180000,0.180000,104.510002,-2.460000,-0.700000,272.829987,83.290001,59733.679688,39.2,98.28,12.057142,PM2.5,26153
8.820000,12.170000,3.200000,3.260000,0.190000,106.599998,-2.230000,-0.540000,274.329987,76.449997,61358.250000,39.2,98.46,12.599999,PM2.5,26154
9.570000,13.400000,3.940000,3.750000,0.210000,105.699997,-1.980000,-0.570000,276.029999,68.879997,62972.968750,39.21,98.63,13.671428,PM2.5,26155
9.140000,13.020000,3.750000,3.850000,0.200000,103.209999,-1.440000,-0.810000,279.260010,57.750000,65947.851562,39.22,98.8,13.057143,PM2.5,26156
9.420000,13.670000,4.130000,4.950000,0.210000,104.239998,-0.670000,-0.690000,283.929993,45.330002,70923.148438,39.23,98.98,13.670000,PM10,26157
9.690000,14.190000,4.300000,6.160000,0.220000,105.410004,0.640000,-0.060000,288.940002,35.730000,76827.500000,39.23,99.15,14.190000,PM10,26158
9.620000,14.300000,4.090000,5.970000,0.210000,99.989998,1.670000,1.060000,292.519989,30.730000,81407.031250,39.24,99.33,14.300000,PM10,26159
8.880000,13.050000,3.360000,4.730000,0.180000,94.459999,2.510000,1.870000,293.190002,30.000000,82305.828125,39.25,99.5,13.050000,PM10,26160
8.420000,12.220000,2.550000,3.920000,0.160000,90.279999,3.340000,1.580000,293.200012,30.290001,81994.476562,39.26,99.67,12.220000,PM10,26161
8.400000,12.370000,2.140000,3.750000,0.160000,85.900002,3.830000,0.300000,294.290009,29.469999,83046.046875,39.26,99.85,12.370000,PM10,26162
9.550000,15.090000,2.360000,4.800000,0.180000,80.680000,3.830000,-0.890000,295.809998,28.410000,85059.468750,39.27,100.02,15.090000,PM10,26163
11.020000,17.379999,3.180000,6.280000,0.200000,75.360001,2.920000,-1.350000,295.730011,30.020000,85493.171875,39.28,100.2,17.379999,PM10,26164
13.100000,20.100000,4.740000,8.520000,0.210000,73.190002,2.170000,-0.980000,294.700012,31.430000,84162.132812,39.28,100.37,20.100000,PM10,26165
13.400000,17.730000,3.920000,6.460000,0.180000,79.690002,2.500000,-0.710000,293.820007,32.060001,82711.906250,39.29,100.55,19.142857,PM2.5,26166
14.740000,17.639999,3.460000,5.160000,0.160000,82.309998,3.220000,-0.320000,293.739990,31.500000,82184.843750,39.29,100.72,21.057142,PM2.5,26167
25.730000,28.610001,10.410000,1.550000,0.180000,96.599998,-3.490000,2.580000,296.799988,30.049999,86042.726562,39.35,103.51,36.757141,PM2.5,26183
25.840000,28.990000,10.640000,1.660000,0.180000,99.250000,-4.160000,2.760000,296.859985,29.510000,86050.718750,39.35,103.69,36.914288,PM2.5,26184
25.860001,29.530001,10.540000,1.720000,0.180000,100.639999,-4.690000,2.560000,296.929993,29.170000,86068.859375,39.35,103.86,36.942860,PM2.5,26185
26.000000,30.540001,10.430000,1.750000,0.180000,102.120003,-5.040000,2.270000,296.720001,29.530001,85990.093750,39.36,104.04,37.142857,PM2.5,26186
4.270000,4.400000,0.230000,0.360000,0.090000,87.040001,-0.230000,-5.810000,285.779999,33.869999,70276.476562,38.99,93.23,6.100000,PM2.5,26366
3.990000,4.130000,0.240000,0.400000,0.090000,89.680000,0.520000,-2.760000,284.769989,35.279999,69063.992188,39.0,93.41,5.700000,PM2.5,26367
3.620000,3.720000,0.170000,0.310000,0.090000,89.870003,0.470000,-1.430000,283.290009,38.080002,67656.882812,39.02,93.58,5.171428,PM2.5,26368
3.530000,3.630000,0.180000,0.320000,0.090000,88.599998,-0.370000,-1.160000,281.589996,42.509998,66466.578125,39.03,93.75,5.042857,PM2.5,26369
3.560000,3.680000,0.230000,0.420000,0.090000,86.059998,-1.490000,-4.130000,281.880005,42.119999,67347.210938,39.05,93.93,5.085714,PM2.5,26370
3.770000,3.910000,0.320000,0.740000,0.100000,86.580002,-1.830000,-6.950000,284.359985,36.830002,70546.679688,39.06,94.1,5.385714,PM2.5,26371
3.820000,3.960000,0.340000,0.760000,0.100000,88.120003,-1.880000,-6.930000,285.959991,33.610001,71715.117188,39.07,94.27,5.457143,PM2.5,26372
3.740000,3.880000,0.360000,0.720000,0.100000,89.669998,-2.330000,-6.320000,284.670013,36.180000,69830.828125,39.09,94.44,5.342857,PM2.5,26373
3.670000,3.810000,0.370000,0.540000,0.100000,90.730003,-2.850000,-5.130000,282.609985,40.770000,67760.609375,39.1,94.62,5.242857,PM2.5,26374
3.640000,3.780000,0.390000,0.510000,0.100000,91.790001,-3.050000,-5.180000,280.769989,44.880001,66244.296875,39.11,94.79,5.200000,PM2.5,26375
3.580000,3.720000,0.380000,0.470000,0.100000,92.430000,-2.480000,-4.980000,278.769989,49.529999,64302.238281,39.13,94.97,5.114285,PM2.5,26376
3.510000,3.650000,0.350000,0.390000,0.100000,92.379997,-1.650000,-3.880000,276.160004,57.939999,61923.941406,39.14,95.14,5.014286,PM2.5,26377
3.490000,3.630000,0.340000,0.380000,0.100000,92.250000,-0.590000,-2.790000,274.480011,65.250000,60780.128906,39.15,95.31,4.985714,PM2.5,26378
3.410000,3.550000,0.310000,0.370000,0.100000,92.269997,0.810000,-2.260000,276.410004,58.599998,62603.800781,39.16,95.49,4.871428,PM2.5,26379
3.410000,3.550000,0.310000,0.380000,0.100000,92.190002,1.190000,-2.630000,280.369995,46.720001,66425.812500,39.18,95.66,4.871428,PM2.5,26380
3.400000,3.540000,0.300000,0.360000,0.090000,92.190002,-0.080000,-3.380000,280.859985,44.910000,66613.296875,39.19,95.83,4.857143,PM2.5,26381
3.350000,3.490000,0.280000,0.320000,0.090000,92.040001,-0.930000,-2.920000,277.480011,53.230000,63014.601562,39.2,96.01,4.785714,PM2.5,26382
3.310000,3.440000,0.260000,0.290000,0.090000,91.059998,-0.320000,-2.400000,275.630005,60.680000,61494.781250,39.21,96.18,4.728571,PM2.5,26383
3.210000,3.350000,0.250000,0.280000,0.090000,87.639999,-0.410000,-1.260000,276.260010,61.750000,62307.789062,39.22,96.35,4.585714,PM2.5,26384
3.220000,3.380000,0.250000,0.290000,0.090000,87.650002,-1.280000,-1.060000,275.839996,64.580002,62140.480469,39.23,96.53,4.600000,PM2.5,26385
3.290000,3.460000,0.250000,0.290000,0.090000,85.940002,-1.350000,-1.590000,274.839996,67.050003,61266.910156,39.24,96.7,4.700000,PM2.5,26386
3.340000,3.530000,0.270000,0.320000,0.090000,87.339996,-0.540000,-2.340000,276.040009,62.130001,62561.628906,39.25,96.88,4.771429,PM2.5,26387
3.460000,3.760000,0.300000,0.400000,0.090000,85.680000,0.360000,-2.290000,277.619995,58.000000,64246.320312,39.26,97.05,4.942857,PM2.5,26388
3.820000,4.530000,0.470000,0.560000,0.100000,85.529999,0.360000,-1.830000,276.730011,61.540001,63165.410156,39.27,97.22,5.457143,PM2.5,26389
4.420000,5.750000,0.870000,0.800000,0.110000,86.589996,-0.320000,-0.930000,274.489990,72.650002,60885.429688,39.28,97.4,6.314286,PM2.5,26390
5.320000,7.350000,1.650000,1.260000,0.120000,88.900002,-0.380000,-1.080000,273.880005,76.290001,60516.039062,39.29,97.57,7.600000,PM2.5,26391
6.330000,9.120000,2.230000,1.690000,0.140000,90.750000,-0.190000,-1.420000,277.040009,63.369999,63460.308594,39.3,97.75,9.120000,PM10,26392
7.120000,10.410000,2.570000,2.150000,0.150000,94.250000,-1.210000,-1.240000,278.850006,56.910000,65197.699219,39.31,97.92,10.410000,PM10,26393
8.250000,12.090000,3.310000,2.730000,0.170000,98.360001,-2.290000,-0.730000,275.440002,67.180000,61702.968750,39.32,98.1,12.090000,PM10,26394
10.140000,15.080000,4.350000,3.590000,0.200000,105.779999,-2.350000,-1.000000,273.859985,74.349998,60592.140625,39.33,98.27,15.080000,PM10,26395
11.680000,17.850000,5.000000,4.670000,0.230000,111.690002,-1.720000,-1.260000,278.369995,57.520000,65060.750000,39.34,98.44,17.850000,PM10,26396
14.310000,22.750000,6.310000,7.270000,0.290000,118.050003,-0.750000,-1.180000,283.440002,44.380001,70424.890625,39.35,98.62,22.750000,PM10,26397
14.220000,22.709999,6.340000,8.600000,0.300000,115.820000,0.400000,-0.640000,288.079987,36.070000,75775.437500,39.35,98.79,22.709999,PM10,26398
13.170000,20.750000,5.880000,8.470000,0.290000,115.010002,1.600000,0.240000,291.720001,30.770000,80211.343750,39.36,98.97,20.750000,PM10,26399
11.740000,18.209999,5.130000,8.070000,0.260000,110.300003,2.610000,1.050000,294.100006,27.870001,83159.460938,39.37,99.14,18.209999,PM10,26400
10.520000,16.070000,4.410000,7.090000,0.230000,101.970001,3.020000,1.610000,295.170013,27.070000,84564.453125,39.38,99.32,16.070000,PM10,26401
9.650000,14.570000,3.620000,5.660000,0.200000,94.919998,3.340000,2.060000,295.440002,27.440001,84916.679688,39.38,99.49,14.570000,PM10,26402
9.410000,14.170000,2.850000,4.810000,0.180000,88.699997,3.410000,1.620000,296.170013,27.469999,85628.593750,39.39,99.67,14.170000,PM10,26403
9.910000,14.940000,2.630000,4.760000,0.180000,83.669998,3.290000,0.500000,296.329987,28.180000,85941.726562,39.4,99.84,14.940000,PM10,26404
10.230000,15.120000,2.230000,4.460000,0.170000,80.680000,3.390000,-0.630000,295.910004,29.290001,85438.476562,39.4,100.02,15.120000,PM10,26405
10.590000,14.550000,1.960000,3.940000,0.160000,80.489998,2.970000,-1.080000,295.470001,29.830000,84829.960938,39.41,100.19,15.128572,PM2.5,26406
12.040000,15.360000,2.510000,4.670000,0.150000,78.519997,2.550000,-0.710000,294.829987,30.950001,84112.492188,39.42,100.36,17.200001,PM2.5,26407
4.130000,4.240000,0.210000,0.300000,0.090000,84.370003,-1.360000,-6.790000,280.709991,45.240002,66280.148438,39.12,93.21,5.900000,PM2.5,26609
3.800000,3.910000,0.210000,0.290000,0.090000,87.540001,0.460000,-4.480000,279.540009,47.529999,64606.578125,39.14,93.39,5.428571,PM2.5,26610
3.720000,3.810000,0.170000,0.270000,0.090000,89.089996,2.240000,-1.390000,276.950012,54.270000,62016.058594,39.15,93.56,5.314286,PM2.5,26611
3.460000,3.560000,0.190000,0.320000,0.090000,86.000000,2.250000,-2.700000,275.089996,62.799999,60753.820312,39.17,93.73,4.942857,PM2.5,26612
3.570000,3.690000,0.240000,0.410000,0.090000,84.230003,0.420000,-4.720000,277.100006,54.689999,63169.140625,39.18,93.91,5.100000,PM2.5,26613
3.800000,3.950000,0.330000,0.760000,0.090000,85.050003,-1.320000,-6.470000,280.640015,44.880001,67341.593750,39.2,94.08,5.428571,PM2.5,26614
3.860000,4.010000,0.370000,0.810000,0.100000,87.709999,-2.420000,-7.100000,282.000000,41.830002,68578.070312,39.21,94.25,5.514286,PM2.5,26615
3.810000,3.960000,0.390000,0.790000,0.100000,88.779999,-2.840000,-6.480000,280.119995,46.349998,66398.429688,39.22,94.43,5.442857,PM2.5,26616
3.760000,3.910000,0.400000,0.590000,0.100000,89.870003,-2.420000,-5.010000,277.619995,53.810001,63853.281250,39.24,94.6,5.371428,PM2.5,26617
3.750000,3.910000,0.450000,0.560000,0.100000,91.620003,-2.290000,-4.050000,276.859985,56.560001,63476.371094,39.25,94.77,5.357143,PM2.5,26618
3.710000,3.870000,0.460000,0.530000,0.100000,93.320000,-1.690000,-3.360000,276.850006,56.169998,63678.089844,39.26,94.95,5.300000,PM2.5,26619
3.640000,3.800000,0.420000,0.440000,0.100000,93.739998,-0.110000,-2.520000,276.209991,58.389999,63039.238281,39.27,95.12,5.200000,PM2.5,26620
3.580000,3.730000,0.390000,0.410000,0.100000,91.849998,1.120000,-1.620000,278.149994,52.590000,64763.601562,39.29,95.3,5.114285,PM2.5,26621
3.540000,3.690000,0.360000,0.400000,0.100000,92.800003,1.450000,-1.050000,279.940002,48.029999,66497.093750,39.3,95.47,5.057143,PM2.5,26622
3.530000,3.670000,0.330000,0.380000,0.090000,92.440002,0.220000,-1.960000,279.369995,49.639999,65744.226562,39.31,95.64,5.042857,PM2.5,26623
3.510000,3.660000,0.320000,0.360000,0.090000,91.820000,-0.990000,-2.830000,278.079987,52.540001,64387.660156,39.32,95.82,5.014286,PM2.5,26624
3.480000,3.620000,0.300000,0.340000,0.090000,91.519997,-0.260000,-2.380000,276.329987,57.259998,62660.308594,39.33,95.99,4.971428,PM2.5,26625
3.430000,3.570000,0.290000,0.320000,0.090000,90.760002,0.640000,-2.140000,275.799988,59.720001,62155.609375,39.35,96.17,4.900000,PM2.5,26626
3.360000,3.520000,0.280000,0.310000,0.090000,89.190002,0.120000,-1.400000,275.540009,62.910000,61822.910156,39.36,96.34,4.800000,PM2.5,26627
3.370000,3.550000,0.280000,0.310000,0.090000,87.830002,-0.180000,-1.090000,273.179993,73.989998,59872.000000,39.37,96.51,4.814286,PM2.5,26628
3.430000,3.620000,0.290000,0.310000,0.090000,87.160004,0.400000,-1.110000,273.190002,72.430000,59932.070312,39.38,96.69,4.900000,PM2.5,26629
3.440000,3.660000,0.300000,0.360000,0.090000,86.519997,0.660000,-1.970000,277.459991,56.349998,63890.320312,39.39,96.86,4.914286,PM2.5,26630
3.550000,3.920000,0.350000,0.490000,0.090000,86.029999,0.830000,-1.700000,280.119995,49.910000,66827.562500,39.4,97.04,5.071428,PM2.5,26631
4.010000,4.970000,0.540000,0.710000,0.100000,86.160004,0.830000,-1.380000,278.459991,54.910000,65122.640625,39.41,97.21,5.728572,PM2.5,26632
4.680000,6.310000,0.990000,0.990000,0.110000,87.120003,0.210000,-0.480000,275.149994,66.730003,61637.230469,39.42,97.39,6.685714,PM2.5,26633
5.840000,8.350000,2.360000,1.780000,0.130000,90.919998,-0.040000,-0.640000,274.500000,70.550003,61185.179688,39.43,97.56,8.350000,PM10,26634
7.040000,10.570000,3.310000,2.290000,0.150000,90.820000,-0.100000,-1.020000,276.220001,64.150002,62755.769531,39.44,97.74,10.570000,PM10,26635
7.950000,12.130000,3.630000,2.630000,0.160000,93.820000,-1.190000,-1.330000,276.519989,62.189999,63023.140625,39.45,97.91,12.130000,PM10,26636
9.100000,14.370000,4.440000,3.290000,0.180000,97.099998,-2.110000,-1.770000,277.970001,55.880001,64490.519531,39.46,98.08,14.370000,PM10,26637
11.500000,19.049999,6.390000,5.100000,0.230000,105.330002,-1.610000,-1.480000,282.149994,44.720001,68974.156250,39.46,98.26,19.049999,PM10,26638
15.500000,26.370001,8.030000,9.030000,0.310000,118.010002,-0.040000,-0.940000,287.440002,34.689999,75006.593750,39.47,98.43,26.370001,PM10,26639
20.400000,34.380001,8.840000,13.690000,0.400000,127.750000,1.720000,-0.100000,291.769989,28.900000,80194.757812,39.48,98.61,34.380001,PM10,26640
18.120001,30.400000,7.780000,11.800000,0.360000,123.309998,2.770000,1.050000,294.239990,26.580000,83296.343750,39.49,98.78,30.400000,PM10,26641
16.040001,26.340000,6.650000,10.190000,0.320000,117.750000,3.240000,1.450000,295.380005,25.900000,84810.562500,39.5,98.96,26.340000,PM10,26642
13.850000,22.200001,5.620000,8.750000,0.280000,110.080002,3.470000,1.390000,295.619995,26.360001,85159.882812,39.5,99.13,22.200001,PM10,26643
11.920000,18.770000,4.460000,7.120000,0.240000,100.400002,3.400000,0.940000,295.649994,27.260000,85247.281250,39.51,99.31,18.770000,PM10,26644
10.750000,16.650000,3.510000,5.570000,0.200000,92.519997,3.380000,0.910000,296.089996,27.740000,85830.773438,39.52,99.48,16.650000,PM10,26645
10.100000,15.120000,2.640000,4.490000,0.170000,85.830002,3.070000,0.380000,296.350006,28.389999,86098.953125,39.53,99.66,15.120000,PM10,26646
9.680000,13.490000,2.120000,3.660000,0.150000,83.849998,3.020000,-0.530000,295.299988,29.690001,84802.656250,39.53,99.83,13.828572,PM2.5,26647
10.050000,13.040000,1.750000,3.110000,0.140000,82.430000,3.540000,-1.370000,294.549988,30.030001,83490.476562,39.54,100.01,14.357143,PM2.5,26648
10.790000,12.930000,1.520000,2.740000,0.130000,81.959999,3.480000,-1.740000,294.880005,29.590000,83695.507812,39.55,100.18,15.414286,PM2.5,26649
4.860000,4.990000,0.250000,0.360000,0.090000,81.160004,-1.580000,-1.830000,286.959991,33.930000,74287.898438,39.2,92.5,6.942857,PM2.5,26848
4.870000,5.000000,0.260000,0.360000,0.090000,80.379997,-2.180000,-2.960000,284.690002,37.910000,71656.546875,39.21,92.67,6.957143,PM2.5,26849
4.420000,4.550000,0.250000,0.360000,0.090000,78.330002,-2.600000,-3.420000,282.500000,42.310001,69400.140625,39.23,92.85,6.314286,PM2.5,26850
4.160000,4.280000,0.250000,0.350000,0.090000,80.379997,-2.470000,-3.770000,281.809998,44.000000,68853.687500,39.24,93.02,5.942857,PM2.5,26851
3.920000,4.040000,0.240000,0.340000,0.090000,79.860001,-2.110000,-4.490000,281.179993,44.980000,67732.187500,39.26,93.19,5.600000,PM2.5,26852
3.630000,3.750000,0.240000,0.330000,0.090000,84.300003,-1.430000,-4.230000,278.260010,52.130001,64274.710938,39.27,93.37,5.185714,PM2.5,26853
3.530000,3.650000,0.230000,0.340000,0.090000,83.349998,0.070000,-1.100000,273.809998,67.309998,59871.808594,39.29,93.54,5.042857,PM2.5,26854
3.430000,3.550000,0.240000,0.400000,0.090000,82.389999,0.790000,-1.900000,272.950012,72.400002,59695.410156,39.3,93.72,4.900000,PM2.5,26855
3.570000,3.700000,0.260000,0.480000,0.090000,81.129997,-0.160000,-3.470000,277.339996,53.840000,64256.539062,39.32,93.89,5.100000,PM2.5,26856
3.790000,3.940000,0.340000,0.800000,0.090000,81.900002,-1.080000,-3.790000,280.529999,45.419998,67835.273438,39.33,94.06,5.414286,PM2.5,26857
3.860000,4.020000,0.400000,0.930000,0.100000,83.949997,-1.560000,-4.100000,281.160004,44.180000,68440.718750,39.34,94.24,5.514286,PM2.5,26858
3.840000,4.010000,0.460000,0.960000,0.100000,88.150002,-1.830000,-3.750000,280.260010,46.480000,67433.937500,39.36,94.41,5.485714,PM2.5,26859
3.830000,3.990000,0.470000,0.700000,0.090000,89.870003,-1.390000,-2.960000,278.299988,52.000000,65357.839844,39.37,94.58,5.471428,PM2.5,26860
3.840000,4.030000,0.580000,0.680000,0.100000,91.790001,-0.870000,-2.240000,278.700012,51.270000,65768.750000,39.38,94.76,5.485714,PM2.5,26861
3.800000,3.980000,0.610000,0.670000,0.100000,91.669998,-0.200000,-1.350000,281.679993,43.349998,68883.148438,39.4,94.93,5.428571,PM2.5,26862
3.690000,3.860000,0.500000,0.500000,0.100000,94.529999,1.030000,-1.090000,281.790009,42.869999,69040.289062,39.41,95.11,5.271429,PM2.5,26863
3.680000,3.840000,0.460000,0.450000,0.090000,93.470001,1.700000,-1.110000,280.420013,46.160000,67447.382812,39.42,95.28,5.257143,PM2.5,26864
3.670000,3.830000,0.410000,0.420000,0.090000,92.559998,0.790000,-0.540000,279.679993,48.880001,66438.476562,39.43,95.45,5.242857,PM2.5,26865
3.660000,3.820000,0.380000,0.410000,0.090000,92.139999,-0.480000,-0.940000,278.519989,52.529999,65224.480469,39.45,95.63,5.228571,PM2.5,26866
3.630000,3.790000,0.360000,0.410000,0.090000,91.099998,-0.610000,-1.290000,278.320007,52.540001,65081.800781,39.46,95.8,5.185714,PM2.5,26867
3.580000,3.730000,0.340000,0.410000,0.090000,90.400002,0.200000,-1.450000,278.559998,51.680000,65325.750000,39.47,95.98,5.114285,PM2.5,26868
3.550000,3.700000,0.320000,0.420000,0.090000,89.610001,1.000000,-1.610000,277.059998,56.310001,63756.761719,39.48,96.15,5.071428,PM2.5,26869
3.540000,3.720000,0.310000,0.400000,0.090000,86.650002,1.090000,-1.000000,274.359985,66.529999,60964.808594,39.49,96.33,5.057143,PM2.5,26870
3.540000,3.720000,0.310000,0.420000,0.090000,86.860001,1.130000,-0.640000,273.100006,72.849998,59909.148438,39.5,96.5,5.057143,PM2.5,26871
3.540000,3.740000,0.320000,0.440000,0.090000,85.919998,1.100000,-1.200000,275.570007,62.930000,62233.429688,39.51,96.68,5.057143,PM2.5,26872
3.580000,3.830000,0.330000,0.530000,0.090000,84.470001,0.970000,-2.400000,280.339996,48.119999,66982.976562,39.52,96.85,5.114285,PM2.5,26873
3.740000,4.250000,0.410000,0.780000,0.100000,85.269997,0.690000,-1.850000,282.170013,44.459999,69224.406250,39.53,97.02,5.342857,PM2.5,26874
4.230000,5.420000,0.630000,1.020000,0.100000,85.860001,0.840000,-1.250000,278.869995,52.900002,65770.500000,39.54,97.2,6.042857,PM2.5,26875
4.990000,6.990000,1.160000,1.470000,0.110000,87.589996,0.730000,-0.710000,276.670013,59.980000,63246.261719,39.55,97.37,7.128571,PM2.5,26876
6.670000,10.530000,3.710000,3.110000,0.150000,93.769997,0.050000,-1.380000,279.000000,52.400002,65547.882812,39.56,97.55,10.530000,PM10,26877
7.770000,12.840000,5.380000,4.020000,0.170000,97.290001,-0.150000,-1.600000,280.079987,49.389999,66697.359375,39.57,97.72,12.840000,PM10,26878
7.970000,13.060000,5.560000,4.120000,0.170000,98.500000,-0.760000,-1.480000,281.010010,46.919998,67659.343750,39.58,97.9,13.060000,PM10,26879
8.750000,14.740000,6.800000,5.100000,0.190000,101.440002,-0.700000,-1.150000,285.880005,36.410000,73170.929688,39.59,98.07,14.740000,PM10,26880
13.890000,24.309999,10.160000,9.400000,0.300000,115.760002,1.000000,-0.170000,290.450012,29.430000,78639.476562,39.6,98.25,24.309999,PM10,26881
17.809999,31.330000,9.760000,12.710000,0.360000,118.660004,2.650000,0.420000,293.440002,26.030001,82068.132812,39.61,98.42,31.330000,PM10,26882
24.750000,42.750000,10.210000,18.540001,0.460000,123.709999,3.400000,0.840000,295.459991,24.730000,84582.296875,39.62,98.6,42.750000,PM10,26883
22.059999,38.610001,8.720000,15.040000,0.400000,119.070000,3.390000,1.030000,295.899994,25.309999,85296.312500,39.62,98.77,38.610001,PM10,26884
20.190001,35.080002,7.750000,12.610000,0.360000,115.300003,3.310000,0.870000,295.649994,26.459999,85322.890625,39.63,98.95,35.080002,PM10,26885
16.690001,28.000000,5.820000,9.130000,0.280000,105.419998,3.080000,0.350000,295.720001,27.200001,85427.312500,39.64,99.12,28.000000,PM10,26886
13.790000,22.100000,4.290000,6.760000,0.230000,96.769997,3.020000,-0.260000,295.850006,27.610001,85649.968750,39.65,99.3,22.100000,PM10,26887
11.640000,17.799999,2.980000,4.920000,0.180000,88.410004,3.210000,-0.350000,296.130005,27.770000,85824.921875,39.65,99.47,17.799999,PM10,26888
10.190000,14.450000,2.120000,3.730000,0.150000,83.529999,2.640000,-0.730000,296.040009,27.700001,85458.726562,39.66,99.65,14.557142,PM2.5,26889
9.420000,11.910000,1.570000,2.620000,0.120000,83.830002,2.310000,-1.050000,294.929993,29.040001,84152.476562,39.67,99.82,13.457143,PM2.5,26890
10.120000,11.780000,1.370000,2.200000,0.120000,83.519997,2.780000,-1.500000,294.149994,30.120001,83134.187500,39.67,100.0,14.457143,PM2.5,26891
11.560000,12.700000,1.290000,2.170000,0.110000,83.089996,3.120000,-2.030000,294.700012,29.940001,83782.007812,39.68,100.17,16.514286,PM2.5,26892
4.860000,5.000000,0.280000,0.370000,0.090000,81.820000,-1.660000,-0.560000,290.709991,28.379999,78649.437500,39.33,92.48,6.942857,PM2.5,27093
5.380000,5.520000,0.290000,0.380000,0.090000,81.800003,-2.480000,-0.910000,289.119995,30.620001,76769.960938,39.35,92.65,7.685714,PM2.5,27094
4.620000,4.770000,0.300000,0.400000,0.090000,81.349998,-2.540000,-1.110000,287.920013,32.299999,75488.617188,39.36,92.83,6.600000,PM2.5,27095
4.380000,4.520000,0.290000,0.410000,0.090000,81.839996,-2.370000,-1.330000,287.329987,33.279999,74920.406250,39.38,93.0,6.257143,PM2.5,27096
3.990000,4.130000,0.290000,0.410000,0.090000,82.160004,-2.430000,-2.040000,286.299988,34.950001,73720.406250,39.39,93.18,5.700000,PM2.5,27097
3.680000,3.810000,0.290000,0.380000,0.090000,84.230003,-2.410000,-2.530000,283.480011,40.060001,70426.203125,39.41,93.35,5.257143,PM2.5,27098
3.700000,3.840000,0.290000,0.400000,0.090000,85.000000,-2.070000,-1.760000,280.350006,46.919998,67053.726562,39.42,93.52,5.285714,PM2.5,27099
3.720000,3.860000,0.310000,0.500000,0.090000,84.959999,-1.850000,-1.130000,281.200012,44.840000,68262.929688,39.44,93.7,5.314286,PM2.5,27100
3.730000,3.890000,0.360000,0.670000,0.090000,85.150002,-1.530000,-0.830000,284.950012,36.830002,72641.843750,39.45,93.87,5.328571,PM2.5,27101
3.790000,3.960000,0.420000,0.890000,0.090000,85.430000,-0.950000,-0.540000,287.399994,32.459999,75359.656250,39.46,94.04,5.414286,PM2.5,27102
3.900000,4.100000,0.620000,1.170000,0.090000,85.690002,-0.470000,-0.820000,287.899994,31.660000,75876.703125,39.48,94.22,5.571429,PM2.5,27103
4.000000,4.230000,0.790000,1.320000,0.100000,86.480003,-0.290000,-1.110000,287.470001,32.240002,75243.546875,39.49,94.39,5.714286,PM2.5,27104
3.960000,4.180000,0.730000,1.090000,0.100000,89.709999,-0.130000,-0.930000,286.470001,33.939999,74183.257812,39.51,94.57,5.657143,PM2.5,27105
4.220000,4.520000,1.370000,1.570000,0.100000,90.760002,0.360000,-0.730000,287.010010,33.090000,74777.546875,39.52,94.74,6.028571,PM2.5,27106
4.240000,4.570000,1.570000,1.680000,0.100000,90.099998,0.820000,-0.340000,287.589996,32.150002,75496.867188,39.53,94.92,6.057143,PM2.5,27107
3.830000,4.030000,0.680000,0.750000,0.100000,91.290001,1.290000,-0.730000,283.829987,38.770000,71287.140625,39.54,95.09,5.471428,PM2.5,27108
3.810000,4.000000,0.550000,0.650000,0.090000,91.540001,1.310000,-1.290000,278.890015,50.200001,65869.570312,39.56,95.26,5.442857,PM2.5,27109
3.820000,4.000000,0.480000,0.600000,0.090000,89.709999,0.960000,-1.350000,277.390015,55.099998,64157.851562,39.57,95.44,5.457143,PM2.5,27110
3.800000,3.980000,0.450000,0.590000,0.090000,87.970001,0.650000,-1.040000,278.299988,53.110001,65021.199219,39.58,95.61,5.428571,PM2.5,27111
3.750000,3.920000,0.420000,0.590000,0.090000,87.019997,0.070000,-0.880000,280.989990,46.090000,67883.703125,39.59,95.79,5.357143,PM2.5,27112
3.710000,3.880000,0.390000,0.620000,0.090000,87.199997,0.360000,-1.070000,282.899994,41.540001,70205.617188,39.6,95.96,5.300000,PM2.5,27113
3.690000,3.850000,0.360000,0.610000,0.090000,87.330002,1.350000,-1.170000,281.010010,45.759998,68150.476562,39.62,96.14,5.271429,PM2.5,27114
3.690000,3.890000,0.360000,0.550000,0.090000,85.739998,1.640000,-0.870000,278.459991,52.509998,65332.390625,39.63,96.31,5.271429,PM2.5,27115
3.690000,3.890000,0.350000,0.560000,0.090000,84.690002,1.400000,-1.030000,279.809998,49.049999,66604.953125,39.64,96.49,5.271429,PM2.5,27116
3.700000,3.920000,0.360000,0.610000,0.090000,83.809998,1.150000,-1.560000,281.899994,43.740002,68855.953125,39.65,96.66,5.285714,PM2.5,27117
3.800000,4.100000,0.390000,0.720000,0.090000,85.129997,1.110000,-2.290000,282.809998,41.419998,69931.531250,39.66,96.84,5.428571,PM2.5,27118
3.940000,4.470000,0.470000,0.980000,0.090000,86.690002,0.900000,-1.800000,283.109985,40.950001,70353.273438,39.67,97.01,5.628572,PM2.5,27119
4.290000,5.350000,0.720000,1.200000,0.100000,87.629997,1.120000,-1.430000,280.959991,45.290001,67929.546875,39.68,97.19,6.128572,PM2.5,27120
5.180000,7.400000,1.610000,1.900000,0.110000,92.129997,1.360000,-1.860000,280.179993,46.950001,66898.539062,39.69,97.36,7.400000,PM10,27121
8.100000,14.410000,6.450000,4.850000,0.180000,99.959999,0.950000,-2.220000,283.600006,39.410000,70571.789062,39.7,97.54,14.410000,PM10,27122
9.700000,18.520000,10.580000,6.400000,0.210000,106.309998,0.970000,-1.540000,286.670013,34.400002,74241.640625,39.71,97.71,18.520000,PM10,27123
9.450000,18.120001,10.600000,6.320000,0.210000,110.160004,1.700000,-0.880000,288.799988,31.530001,76877.187500,39.72,97.89,18.120001,PM10,27124
9.440000,18.040001,10.020000,6.470000,0.210000,110.750000,2.580000,-0.300000,291.339996,28.260000,79793.960938,39.73,98.06,18.040001,PM10,27125
14.840000,28.309999,13.360000,11.580000,0.330000,117.040001,3.250000,0.070000,293.290009,26.350000,82038.453125,39.73,98.24,28.309999,PM10,27126
22.799999,43.450001,14.100000,18.680000,0.450000,118.540001,3.780000,-0.200000,294.850006,25.030001,83771.546875,39.74,98.41,43.450001,PM10,27127
28.389999,53.310001,12.670000,22.030001,0.500000,119.930000,3.740000,-0.520000,295.739990,24.860001,84906.601562,39.75,98.59,51.654999,PM10,27128
26.549999,49.950001,10.530000,18.660000,0.430000,114.779999,3.350000,-0.950000,295.959991,25.200001,85422.882812,39.76,98.76,49.950001,PM10,27129
23.270000,42.090000,8.460000,14.720000,0.370000,110.660004,3.190000,-0.670000,295.959991,25.549999,85652.710938,39.77,98.94,42.090000,PM10,27130
18.200001,30.670000,5.830000,9.650000,0.280000,102.269997,2.800000,-0.390000,295.970001,26.030001,85701.539062,39.77,99.11,30.670000,PM10,27131
13.930000,21.620001,3.700000,6.080000,0.200000,94.639999,2.560000,-0.460000,296.119995,26.490000,85924.593750,39.78,99.29,21.620001,PM10,27132
10.980000,15.550000,2.210000,3.740000,0.150000,87.480003,2.170000,-0.850000,295.970001,27.180000,85479.843750,39.79,99.46,15.685714,PM2.5,27133
9.410000,12.010000,1.530000,2.640000,0.120000,85.800003,1.550000,-1.130000,295.220001,28.209999,84460.687500,39.8,99.64,13.442857,PM2.5,27134
8.890000,10.250000,1.220000,1.890000,0.110000,85.379997,1.650000,-1.330000,295.119995,28.420000,84353.062500,39.8,99.81,12.700001,PM2.5,27135
4.570000,4.720000,0.330000,0.380000,0.090000,82.440002,-2.350000,-0.770000,291.940002,26.990000,80166.281250,39.48,92.63,6.528572,PM2.5,27350
5.090000,5.250000,0.340000,0.390000,0.090000,82.839996,-2.710000,-0.990000,291.079987,28.110001,79227.648438,39.5,92.81,7.271429,PM2.5,27351
5.030000,5.190000,0.340000,0.430000,0.090000,83.199997,-2.630000,-1.050000,290.549988,28.730000,78713.203125,39.51,92.98,7.185715,PM2.5,27352
4.600000,4.750000,0.330000,0.480000,0.090000,83.410004,-2.580000,-0.970000,290.440002,28.780001,78643.070312,39.53,93.16,6.571428,PM2.5,27353
3.740000,3.890000,0.330000,0.500000,0.090000,84.750000,-2.500000,-0.940000,289.850006,29.450001,77965.070312,39.54,93.33,5.342857,PM2.5,27354
3.740000,3.890000,0.350000,0.540000,0.090000,85.750000,-2.170000,-0.760000,289.559998,29.830000,77661.742188,39.56,93.5,5.342857,PM2.5,27355
3.770000,3.940000,0.380000,0.620000,0.090000,86.639999,-1.640000,-0.290000,290.570007,28.360001,78845.960938,39.57,93.68,5.385714,PM2.5,27356
3.800000,3.980000,0.430000,0.740000,0.090000,86.930000,-0.950000,0.310000,291.890015,26.790001,80424.476562,39.58,93.85,5.428571,PM2.5,27357
3.890000,4.080000,0.520000,0.940000,0.090000,86.980003,-0.250000,0.370000,292.980011,25.500000,81751.039062,39.6,94.03,5.557143,PM2.5,27358
4.050000,4.300000,0.820000,1.320000,0.100000,87.150002,0.170000,0.260000,293.489990,24.809999,82363.632812,39.61,94.2,5.785715,PM2.5,27359
4.190000,4.490000,1.120000,1.610000,0.100000,87.720001,0.430000,-0.100000,293.140015,24.950001,81914.367188,39.63,94.38,5.985714,PM2.5,27360
4.130000,4.400000,1.010000,1.390000,0.100000,88.720001,0.630000,-0.170000,292.670013,25.459999,81354.609375,39.64,94.55,5.900000,PM2.5,27361
4.420000,4.780000,1.660000,1.910000,0.100000,88.980003,0.580000,-0.110000,292.269989,25.910000,80944.382812,39.65,94.72,6.314286,PM2.5,27362
4.530000,4.920000,2.000000,2.100000,0.100000,89.410004,0.340000,-0.000000,290.260010,28.530001,78628.742188,39.67,94.9,6.471429,PM2.5,27363
4.010000,4.250000,0.890000,0.980000,0.100000,91.059998,0.570000,-0.370000,286.209991,34.549999,73926.796875,39.68,95.07,5.728572,PM2.5,27364
3.940000,4.140000,0.640000,0.760000,0.090000,89.639999,1.100000,-1.050000,282.880005,40.919998,70161.257812,39.69,95.25,5.628572,PM2.5,27365
3.950000,4.150000,0.580000,0.720000,0.090000,90.599998,1.420000,-1.560000,281.260010,44.680000,68473.453125,39.7,95.42,5.642857,PM2.5,27366
3.950000,4.140000,0.540000,0.730000,0.090000,89.199997,1.450000,-1.720000,281.359985,44.700001,68514.281250,39.72,95.6,5.642857,PM2.5,27367
3.900000,4.090000,0.490000,0.730000,0.090000,86.680000,0.830000,-1.670000,284.359985,38.369999,71622.953125,39.73,95.77,5.571429,PM2.5,27368
3.840000,4.020000,0.470000,0.740000,0.090000,89.320000,0.670000,-1.050000,287.160004,33.160000,75017.382812,39.74,95.95,5.485714,PM2.5,27369
3.810000,3.990000,0.430000,0.740000,0.090000,89.489998,1.290000,-0.790000,286.109985,34.680000,73957.398438,39.75,96.12,5.442857,PM2.5,27370
3.840000,4.050000,0.430000,0.630000,0.090000,88.160004,1.970000,-0.940000,283.929993,38.520000,71428.218750,39.76,96.3,5.485714,PM2.5,27371
3.890000,4.120000,0.430000,0.650000,0.090000,89.919998,2.330000,-1.250000,284.480011,37.119999,71818.773438,39.77,96.47,5.557143,PM2.5,27372
3.880000,4.140000,0.440000,0.680000,0.090000,89.790001,1.800000,-1.310000,286.660004,33.040001,74060.023438,39.78,96.65,5.542857,PM2.5,27373
3.900000,4.250000,0.450000,0.780000,0.090000,89.000000,1.330000,-1.310000,287.100006,32.299999,74693.710938,39.79,96.82,5.571429,PM2.5,27374
4.040000,4.550000,0.510000,1.080000,0.100000,89.169998,1.740000,-1.380000,285.630005,34.470001,73038.843750,39.8,97.0,5.771429,PM2.5,27375
4.420000,5.520000,0.940000,1.560000,0.100000,91.449997,1.850000,-1.720000,285.420013,34.480000,72589.312500,39.81,97.17,6.314286,PM2.5,27376
5.740000,8.710000,2.900000,2.830000,0.130000,97.900002,1.950000,-1.860000,286.850006,32.500000,74416.968750,39.82,97.35,8.710000,PM10,27377
13.150000,27.160000,15.590000,11.020000,0.290000,108.680000,2.390000,-1.490000,289.010010,29.790001,77043.656250,39.83,97.52,27.160000,PM10,27378
17.170000,37.730000,22.190001,14.980000,0.370000,116.349998,2.470000,-0.690000,291.049988,28.080000,79734.617188,39.84,97.7,37.730000,PM10,27379
13.370000,29.889999,14.670000,10.660000,0.280000,113.779999,2.890000,-0.280000,291.769989,28.020000,80837.437500,39.85,97.87,29.889999,PM10,27380
12.520000,28.330000,11.990000,9.400000,0.260000,111.680000,3.630000,-0.700000,291.899994,28.200001,80854.468750,39.86,98.05,28.330000,PM10,27381
32.540001,72.980003,25.719999,28.559999,0.620000,123.800003,3.960000,-1.270000,293.549988,26.219999,82501.570312,39.87,98.23,61.490002,PM10,27382
54.500000,118.269997,30.480000,47.000000,0.890000,131.679993,3.890000,-1.610000,295.350006,24.290001,84518.976562,39.88,98.4,84.134995,PM10,27383
41.610001,89.070000,18.490000,32.020000,0.620000,123.639999,3.610000,-1.940000,295.970001,23.450001,85287.617188,39.89,98.58,69.535004,PM10,27384
32.119999,65.570000,12.810000,22.969999,0.470000,115.930000,3.490000,-1.860000,296.149994,23.350000,85622.156250,39.89,98.75,57.785000,PM10,27385
22.639999,42.080002,7.780000,14.370000,0.330000,106.089996,2.970000,-1.030000,296.420013,23.660000,85822.460938,39.9,98.93,42.080002,PM10,27386
16.049999,26.389999,4.380000,7.990000,0.230000,98.029999,1.880000,-0.130000,296.559998,24.510000,86058.421875,39.91,99.1,26.389999,PM10,27387
12.060000,17.680000,2.450000,4.780000,0.170000,91.949997,1.360000,0.090000,296.609985,25.270000,86222.406250,39.92,99.28,17.680000,PM10,27388
9.490000,12.270000,1.510000,2.890000,0.130000,88.050003,1.390000,-0.420000,296.290009,25.900000,85830.976562,39.92,99.45,13.557142,PM2.5,27389
4.160000,4.340000,0.400000,0.360000,0.090000,84.760002,-2.990000,-1.840000,291.929993,27.570000,80471.968750,39.63,92.79,5.942857,PM2.5,27604
4.160000,4.340000,0.400000,0.420000,0.090000,85.580002,-2.460000,-1.660000,292.119995,27.240000,80792.453125,39.65,92.96,5.942857,PM2.5,27605
4.330000,4.510000,0.400000,0.510000,0.090000,86.190002,-2.140000,-1.320000,292.470001,26.740000,81257.406250,39.66,93.14,6.185714,PM2.5,27606
3.900000,4.070000,0.400000,0.580000,0.090000,87.099998,-2.030000,-1.000000,292.779999,26.129999,81588.320312,39.68,93.31,5.571429,PM2.5,27607
3.880000,4.050000,0.420000,0.600000,0.090000,88.089996,-1.720000,-0.710000,293.230011,25.559999,82151.789062,39.69,93.49,5.542857,PM2.5,27608
3.910000,4.090000,0.450000,0.650000,0.090000,88.800003,-1.290000,-0.680000,293.399994,25.580000,82377.437500,39.7,93.66,5.585714,PM2.5,27609
3.960000,4.160000,0.510000,0.730000,0.090000,89.250000,-0.750000,-0.950000,293.640015,25.430000,82735.117188,39.72,93.83,5.657143,PM2.5,27610
4.030000,4.250000,0.600000,0.860000,0.090000,89.180000,-0.020000,-1.070000,294.290009,24.740000,83605.953125,39.73,94.01,5.757143,PM2.5,27611
4.160000,4.410000,0.800000,1.140000,0.100000,88.809998,0.230000,-0.880000,294.799988,23.889999,84154.726562,39.75,94.18,5.942857,PM2.5,27612
4.270000,4.560000,1.070000,1.470000,0.100000,88.599998,0.180000,-0.730000,294.579987,23.830000,83909.132812,39.76,94.36,6.100000,PM2.5,27613
4.250000,4.530000,1.040000,1.370000,0.100000,88.860001,0.210000,-0.710000,293.880005,24.410000,83031.703125,39.77,94.53,6.071429,PM2.5,27614
4.360000,4.680000,1.340000,1.560000,0.100000,88.970001,-0.170000,-0.650000,293.049988,24.969999,81955.609375,39.79,94.71,6.228571,PM2.5,27615
4.370000,4.710000,1.520000,1.630000,0.100000,89.089996,-0.230000,-0.130000,291.959991,26.280001,80633.343750,39.8,94.88,6.242857,PM2.5,27616
4.050000,4.290000,0.910000,0.970000,0.100000,90.489998,0.260000,-0.040000,290.720001,27.670000,79079.382812,39.81,95.06,5.785715,PM2.5,27617
3.970000,4.190000,0.720000,0.790000,0.090000,91.239998,0.780000,-0.320000,289.519989,29.180000,77704.460938,39.83,95.23,5.671429,PM2.5,27618
3.950000,4.160000,0.630000,0.720000,0.090000,91.839996,1.210000,-0.700000,288.660004,30.420000,76722.703125,39.84,95.41,5.642857,PM2.5,27619
3.960000,4.160000,0.580000,0.640000,0.090000,91.800003,1.500000,-1.180000,287.959991,31.559999,75925.117188,39.85,95.58,5.657143,PM2.5,27620
3.940000,4.140000,0.540000,0.640000,0.090000,91.250000,1.770000,-1.490000,288.350006,30.950001,76311.343750,39.86,95.76,5.628572,PM2.5,27621
3.900000,4.100000,0.510000,0.670000,0.090000,91.300003,1.790000,-0.950000,289.500000,29.280001,77658.218750,39.87,95.93,5.571429,PM2.5,27622
3.880000,4.080000,0.480000,0.760000,0.090000,91.000000,1.670000,-0.550000,288.980011,29.860001,77135.851562,39.88,96.11,5.542857,PM2.5,27623
3.910000,4.140000,0.490000,0.640000,0.090000,91.669998,2.070000,-0.750000,287.149994,32.220001,75041.039062,39.9,96.28,5.585714,PM2.5,27624
3.970000,4.210000,0.470000,0.650000,0.090000,90.750000,2.800000,-1.220000,286.059998,33.680000,73612.937500,39.91,96.46,5.671429,PM2.5,27625
3.970000,4.250000,0.490000,0.680000,0.090000,91.730003,2.840000,-1.720000,288.070007,30.250000,75655.062500,39.92,96.63,5.671429,PM2.5,27626
3.970000,4.340000,0.500000,0.780000,0.090000,89.559998,2.430000,-1.180000,289.980011,27.809999,78021.156250,39.93,96.81,5.671429,PM2.5,27627
4.080000,4.620000,0.600000,1.090000,0.100000,90.989998,2.640000,-1.140000,289.260010,28.520000,77192.843750,39.94,96.98,5.828571,PM2.5,27628
4.620000,5.890000,1.550000,1.800000,0.110000,93.669998,2.640000,-1.550000,290.489990,27.070000,78652.703125,39.95,97.16,6.600000,PM2.5,27629
6.990000,11.660000,5.700000,4.330000,0.160000,101.309998,2.330000,-0.830000,292.309998,25.820000,81373.046875,39.96,97.34,11.660000,PM10,27630
12.710000,25.750000,14.370000,10.200000,0.260000,106.940002,2.490000,-0.470000,292.700012,26.049999,81932.617188,39.97,97.51,25.750000,PM10,27631
15.030000,31.660000,16.010000,11.770000,0.300000,111.230003,2.440000,-0.680000,292.970001,26.760000,82519.273438,39.98,97.69,31.660000,PM10,27632
11.490000,24.559999,8.890000,7.600000,0.210000,106.900002,2.870000,-0.630000,293.019989,27.010000,82725.851562,39.99,97.86,24.559999,PM10,27633
10.750000,23.290001,7.060000,6.710000,0.200000,105.010002,3.660000,-0.830000,293.130005,26.660000,82619.570312,39.99,98.04,23.290001,PM10,27634
19.639999,43.200001,13.200000,14.900000,0.350000,110.870003,4.110000,-1.370000,294.489990,24.629999,83923.890625,40.0,98.21,43.200001,PM10,27635
28.129999,59.959999,15.680000,21.990000,0.460000,115.419998,4.140000,-1.800000,295.910004,22.870001,85433.476562,40.01,98.39,54.980000,PM10,27636
22.209999,44.930000,10.300000,15.550000,0.350000,110.489998,3.760000,-1.960000,296.380005,22.180000,86081.203125,40.02,98.57,44.930000,PM10,27637
14.870000,25.650000,5.370000,9.440000,0.250000,99.959999,3.260000,-1.390000,296.839996,21.750000,86397.226562,40.03,98.74,25.650000,PM10,27638
11.370000,16.770000,2.610000,6.380000,0.190000,94.110001,2.130000,-0.910000,297.190002,22.330000,86543.828125,40.04,98.92,16.770000,PM10,27639
9.780000,13.100000,1.660000,4.290000,0.150000,92.019997,0.870000,-0.150000,297.320007,22.940001,86746.468750,40.04,99.09,13.971428,PM2.5,27640
8.580000,10.430000,1.220000,2.940000,0.130000,90.180000,0.420000,-0.110000,297.429993,23.100000,86845.226562,40.05,99.27,12.257143,PM2.5,27641
7.960000,9.080000,1.020000,2.080000,0.110000,87.760002,0.450000,-0.720000,297.350006,23.250000,86770.179688,40.06,99.45,11.371428,PM2.5,27642
7.860000,8.690000,0.940000,1.520000,0.100000,86.540001,-0.100000,-1.750000,297.040009,23.740000,86423.367188,40.07,99.62,11.228572,PM2.5,27643
8.260000,8.930000,1.010000,1.540000,0.100000,85.620003,-0.620000,-2.900000,296.369995,25.160000,85807.906250,40.07,99.8,11.800000,PM2.5,27644
4.140000,4.330000,0.450000,0.360000,0.090000,85.570000,-2.850000,-1.490000,294.339996,25.250000,83606.656250,39.76,92.77,5.914286,PM2.5,27861
4.090000,4.280000,0.460000,0.410000,0.090000,86.430000,-2.390000,-1.610000,294.250000,25.190001,83549.593750,39.78,92.94,5.842857,PM2.5,27862
4.040000,4.230000,0.470000,0.470000,0.090000,87.199997,-2.240000,-1.640000,294.170013,25.160000,83465.703125,39.79,93.12,5.771429,PM2.5,27863
4.010000,4.200000,0.480000,0.510000,0.090000,88.029999,-2.140000,-1.510000,294.239990,25.000000,83610.859375,39.81,93.29,5.728572,PM2.5,27864
4.000000,4.200000,0.500000,0.510000,0.090000,88.959999,-1.900000,-1.410000,294.440002,24.770000,83887.367188,39.82,93.47,5.714286,PM2.5,27865
4.020000,4.220000,0.530000,0.520000,0.090000,89.650002,-1.620000,-1.390000,294.390015,24.910000,83847.218750,39.84,93.64,5.742857,PM2.5,27866
4.050000,4.270000,0.580000,0.530000,0.090000,89.930000,-1.060000,-1.500000,294.649994,24.770000,84287.250000,39.85,93.82,5.785715,PM2.5,27867
4.110000,4.340000,0.650000,0.600000,0.090000,90.000000,-0.330000,-1.650000,295.470001,23.950001,85419.273438,39.87,93.99,5.871429,PM2.5,27868
4.180000,4.430000,0.720000,0.850000,0.090000,88.660004,-0.220000,-1.650000,295.850006,23.459999,85810.382812,39.88,94.17,5.971428,PM2.5,27869
4.250000,4.520000,0.870000,1.210000,0.100000,89.860001,-0.400000,-1.310000,295.250000,23.520000,85051.726562,39.89,94.34,6.071429,PM2.5,27870
4.300000,4.590000,0.960000,1.260000,0.100000,90.269997,-0.140000,-1.120000,294.399994,24.049999,83880.382812,39.91,94.52,6.142858,PM2.5,27871
4.280000,4.570000,1.010000,1.210000,0.100000,90.330002,-0.090000,-0.820000,293.890015,24.680000,83200.757812,39.92,94.69,6.114286,PM2.5,27872
4.180000,4.460000,1.030000,1.130000,0.100000,90.519997,0.110000,-0.280000,293.609985,24.770000,82799.328125,39.93,94.87,5.971428,PM2.5,27873
4.040000,4.280000,0.820000,0.870000,0.090000,91.449997,0.710000,-0.250000,293.059998,25.150000,82035.460938,39.95,95.04,5.771429,PM2.5,27874
3.980000,4.200000,0.720000,0.760000,0.090000,92.199997,1.090000,-0.210000,292.809998,25.230000,81659.132812,39.96,95.22,5.685714,PM2.5,27875
3.940000,4.160000,0.660000,0.710000,0.090000,92.760002,1.390000,-0.220000,293.000000,24.930000,81857.093750,39.97,95.39,5.628572,PM2.5,27876
3.930000,4.140000,0.620000,0.610000,0.090000,93.019997,1.700000,-0.300000,292.980011,24.920000,81853.617188,39.98,95.57,5.614286,PM2.5,27877
3.920000,4.130000,0.580000,0.590000,0.090000,92.559998,2.180000,-0.420000,292.489990,25.469999,81294.828125,40.0,95.74,5.600000,PM2.5,27878
3.920000,4.130000,0.550000,0.600000,0.090000,92.260002,2.470000,-0.330000,292.079987,25.930000,80788.093750,40.01,95.92,5.600000,PM2.5,27879
3.920000,4.130000,0.530000,0.660000,0.090000,92.000000,2.370000,0.020000,291.989990,25.850000,80612.507812,40.02,96.09,5.600000,PM2.5,27880
3.920000,4.160000,0.540000,0.590000,0.090000,92.809998,2.500000,0.090000,291.470001,26.160000,79957.046875,40.03,96.27,5.600000,PM2.5,27881
3.950000,4.200000,0.520000,0.560000,0.090000,93.080002,3.120000,-0.430000,290.450012,27.209999,78721.101562,40.04,96.44,5.642857,PM2.5,27882
3.970000,4.250000,0.530000,0.580000,0.090000,93.010002,3.630000,-1.240000,290.619995,26.889999,78912.921875,40.05,96.62,5.671429,PM2.5,27883
4.040000,4.410000,0.570000,0.860000,0.090000,92.019997,3.440000,-1.160000,291.540009,26.070000,80168.476562,40.06,96.8,5.771429,PM2.5,27884
4.210000,4.790000,0.780000,1.160000,0.100000,92.220001,3.050000,-0.950000,292.140015,25.490000,80959.062500,40.07,96.97,6.014286,PM2.5,27885
5.560000,7.610000,3.360000,2.460000,0.120000,96.209999,2.620000,-1.080000,293.160004,25.030001,82442.382812,40.08,97.15,7.942857,PM2.5,27886
9.120000,16.280001,9.300000,6.250000,0.180000,103.169998,1.830000,-0.720000,293.720001,25.469999,83506.500000,40.09,97.32,16.280001,PM10,27887
9.650000,17.700001,7.590000,5.820000,0.180000,104.089996,1.640000,-0.720000,293.549988,26.350000,83546.179688,40.1,97.5,17.700001,PM10,27888
7.930000,13.670000,3.270000,3.520000,0.140000,98.550003,1.950000,-1.110000,294.239990,25.760000,84444.343750,40.11,97.68,13.670000,PM10,27889
7.070000,11.530000,2.130000,2.700000,0.130000,96.449997,2.780000,-1.020000,295.149994,24.629999,85639.898438,40.12,97.85,11.530000,PM10,27890
6.910000,11.200000,1.830000,2.490000,0.120000,94.269997,3.590000,-0.730000,295.720001,23.639999,86024.117188,40.13,98.03,11.200000,PM10,27891
7.350000,12.120000,2.020000,2.910000,0.130000,95.650002,3.860000,-0.910000,295.970001,23.040001,86115.476562,40.14,98.2,12.120000,PM10,27892
7.290000,11.240000,1.750000,2.900000,0.130000,94.820000,3.940000,-1.350000,296.459991,22.290001,86437.953125,40.15,98.38,11.240000,PM10,27893
7.390000,10.220000,1.280000,2.840000,0.120000,93.690002,3.260000,-1.230000,297.040009,21.410000,86839.531250,40.16,98.56,10.557142,PM2.5,27894
7.410000,9.050000,0.870000,2.860000,0.130000,91.190002,2.170000,-1.160000,297.420013,21.340000,87003.429688,40.16,98.73,10.585714,PM2.5,27895
7.380000,8.660000,0.740000,2.690000,0.120000,90.110001,1.180000,-1.650000,297.700012,21.400000,87022.148438,40.17,98.91,10.542857,PM2.5,27896
7.240000,8.260000,0.710000,2.180000,0.110000,88.110001,0.140000,-1.540000,297.940002,21.580000,87148.218750,40.18,99.08,10.342856,PM2.5,27897
7.350000,8.240000,0.810000,1.910000,0.110000,88.589996,-0.570000,-1.600000,298.059998,21.650000,87318.000000,40.19,99.26,10.500000,PM2.5,27898
7.360000,8.190000,0.830000,1.600000,0.100000,87.160004,-0.620000,-2.140000,298.089996,21.850000,87428.632812,40.19,99.44,10.514286,PM2.5,27899
7.390000,8.060000,0.840000,1.300000,0.100000,86.209999,-1.190000,-2.760000,297.920013,22.219999,87283.851562,40.2,99.61,10.557142,PM2.5,27900
7.740000,8.300000,0.960000,1.480000,0.100000,85.430000,-1.560000,-3.760000,297.420013,23.700001,87054.796875,40.21,99.79,11.057142,PM2.5,27901
10.530000,11.030000,1.090000,1.980000,0.100000,84.790001,-0.720000,-4.230000,297.190002,25.180000,87060.468750,40.21,99.97,15.042857,PM2.5,27902
4.120000,4.320000,0.510000,0.390000,0.090000,86.129997,-2.240000,-0.900000,297.000000,22.639999,87130.468750,39.91,92.92,5.885714,PM2.5,28122
4.070000,4.270000,0.520000,0.440000,0.090000,86.639999,-2.190000,-0.860000,296.929993,22.549999,87041.890625,39.93,93.1,5.814286,PM2.5,28123
4.040000,4.250000,0.540000,0.450000,0.090000,87.230003,-2.230000,-0.660000,296.970001,22.480000,87141.710938,39.94,93.27,5.771429,PM2.5,28124
4.030000,4.240000,0.570000,0.450000,0.090000,87.930000,-2.020000,-0.630000,296.959991,22.540001,87258.273438,39.96,93.45,5.757143,PM2.5,28125
4.050000,4.270000,0.610000,0.460000,0.090000,88.660004,-1.600000,-0.680000,296.790009,22.879999,87171.562500,39.97,93.62,5.785715,PM2.5,28126
4.090000,4.320000,0.660000,0.490000,0.090000,88.980003,-1.120000,-0.820000,296.600006,23.260000,87116.476562,39.99,93.8,5.842857,PM2.5,28127
4.160000,4.410000,0.740000,0.600000,0.090000,88.889999,-0.860000,-1.110000,296.679993,23.330000,87359.617188,40.0,93.97,5.942857,PM2.5,28128
4.250000,4.530000,0.840000,0.800000,0.100000,89.000000,-0.980000,-1.390000,296.510010,23.440001,87163.382812,40.02,94.15,6.071429,PM2.5,28129
4.360000,4.680000,1.000000,1.140000,0.100000,89.360001,-1.030000,-1.540000,296.209991,23.240000,86607.679688,40.03,94.32,6.228571,PM2.5,28130
4.730000,5.150000,1.460000,1.860000,0.100000,89.500000,-0.330000,-1.320000,295.910004,23.139999,86087.671875,40.04,94.5,6.757143,PM2.5,28131
4.800000,5.240000,1.530000,1.970000,0.100000,88.839996,-0.100000,-0.970000,295.859985,23.150000,85756.703125,40.06,94.67,6.857143,PM2.5,28132
4.260000,4.550000,0.980000,1.150000,0.100000,91.510002,-0.040000,-0.660000,295.450012,23.389999,85304.250000,40.07,94.85,6.085715,PM2.5,28133
4.120000,4.380000,0.850000,0.920000,0.100000,92.260002,0.860000,-0.650000,294.839996,23.820000,84542.703125,40.08,95.02,5.885714,PM2.5,28134
4.040000,4.280000,0.760000,0.740000,0.090000,92.879997,1.560000,-0.480000,294.790009,23.770000,84446.242188,40.09,95.2,5.771429,PM2.5,28135
3.990000,4.220000,0.700000,0.640000,0.090000,93.360001,1.930000,-0.330000,294.980011,23.570000,84694.218750,40.11,95.38,5.700000,PM2.5,28136
3.960000,4.190000,0.650000,0.570000,0.090000,93.529999,2.260000,-0.260000,295.149994,23.260000,84920.531250,40.12,95.55,5.657143,PM2.5,28137
3.950000,4.170000,0.610000,0.550000,0.090000,93.220001,2.720000,-0.030000,294.829987,23.480000,84503.343750,40.13,95.73,5.642857,PM2.5,28138
3.950000,4.170000,0.590000,0.560000,0.090000,92.820000,3.110000,0.100000,294.450012,23.809999,83910.476562,40.14,95.9,5.642857,PM2.5,28139
3.950000,4.170000,0.570000,0.590000,0.090000,92.330002,3.110000,0.420000,294.829987,23.309999,84230.523438,40.15,96.08,5.642857,PM2.5,28140
3.960000,4.220000,0.580000,0.560000,0.090000,93.010002,2.840000,0.590000,294.839996,23.160000,84217.140625,40.16,96.25,5.657143,PM2.5,28141
3.970000,4.240000,0.560000,0.540000,0.090000,93.459999,2.880000,0.480000,294.149994,23.750000,83461.656250,40.18,96.43,5.671429,PM2.5,28142
4.040000,4.340000,0.580000,0.590000,0.090000,93.250000,3.030000,-0.080000,293.399994,24.559999,82671.101562,40.19,96.61,5.771429,PM2.5,28143
4.290000,4.730000,0.750000,0.980000,0.100000,92.489998,2.780000,-0.580000,293.239990,25.059999,82613.656250,40.2,96.78,6.128572,PM2.5,28144
4.700000,5.460000,1.310000,1.320000,0.100000,92.040001,2.420000,-0.730000,293.709991,24.870001,83242.117188,40.21,96.96,6.714285,PM2.5,28145
5.940000,7.950000,3.200000,2.380000,0.120000,93.150002,1.530000,-0.840000,294.100006,25.200001,83896.203125,40.22,97.13,8.485714,PM2.5,28146
8.550000,13.920000,7.360000,5.030000,0.160000,98.360001,0.410000,-0.890000,294.250000,25.870001,84497.890625,40.23,97.31,13.920000,PM10,28147
7.750000,12.260000,4.780000,3.560000,0.140000,96.599998,0.630000,-1.140000,294.600006,25.730000,85151.523438,40.24,97.49,12.260000,PM10,28148
6.280000,8.750000,1.420000,1.780000,0.110000,92.389999,1.080000,-1.370000,295.459991,24.700001,86135.406250,40.25,97.66,8.971429,PM2.5,28149
5.930000,7.730000,0.870000,1.550000,0.100000,92.599998,1.420000,-1.670000,296.320007,23.370001,87057.312500,40.26,97.84,8.471428,PM2.5,28150
5.880000,7.410000,0.700000,1.510000,0.100000,91.959999,1.620000,-1.550000,296.880005,22.200001,87378.812500,40.26,98.02,8.400001,PM2.5,28151
5.990000,7.340000,0.670000,1.690000,0.100000,93.290001,1.420000,-1.390000,296.880005,21.889999,87126.296875,40.27,98.19,8.557142,PM2.5,28152
6.140000,7.180000,0.610000,1.800000,0.100000,93.010002,1.200000,-1.630000,296.850006,21.840000,86717.398438,40.28,98.37,8.771428,PM2.5,28153
6.320000,7.250000,0.600000,1.760000,0.100000,92.330002,0.750000,-1.910000,297.079987,21.730000,86619.273438,40.29,98.54,9.028572,PM2.5,28154
6.540000,7.440000,0.620000,1.860000,0.110000,91.330002,0.170000,-2.520000,297.320007,21.570000,86570.343750,40.3,98.72,9.342857,PM2.5,28155
6.640000,7.500000,0.620000,1.790000,0.100000,90.760002,-0.160000,-3.360000,297.420013,21.500000,86493.140625,40.31,98.9,9.485714,PM2.5,28156
6.640000,7.420000,0.640000,1.600000,0.100000,89.669998,-0.430000,-3.550000,297.649994,21.480000,86645.117188,40.31,99.07,9.485714,PM2.5,28157
6.800000,7.520000,0.700000,1.560000,0.100000,88.410004,-1.000000,-3.760000,297.790009,21.809999,86903.898438,40.32,99.25,9.714286,PM2.5,28158
6.870000,7.520000,0.730000,1.400000,0.100000,86.870003,-1.230000,-3.790000,297.929993,21.940001,87229.203125,40.33,99.43,9.814285,PM2.5,28159
6.950000,7.500000,0.780000,1.230000,0.100000,85.239998,-1.410000,-4.270000,298.149994,21.879999,87555.398438,40.33,99.6,9.928571,PM2.5,28160
7.260000,7.750000,0.960000,1.460000,0.100000,85.419998,-1.550000,-4.850000,297.970001,22.809999,87709.882812,40.34,99.78,10.371428,PM2.5,28161
10.930000,11.400000,1.110000,1.870000,0.100000,84.269997,-0.910000,-5.190000,297.700012,24.549999,87713.046875,40.35,99.96,15.614286,PM2.5,28162
13.550000,14.020000,1.350000,2.630000,0.100000,83.959999,0.020000,-5.180000,297.399994,25.690001,87418.046875,40.35,100.13,19.357143,PM2.5,28163
4.150000,4.360000,0.550000,0.330000,0.090000,86.750000,-1.660000,-0.740000,298.720001,21.580000,89679.203125,40.05,92.9,5.928572,PM2.5,28385
4.110000,4.320000,0.560000,0.370000,0.090000,86.820000,-1.540000,-0.350000,298.869995,21.129999,89774.101562,40.06,93.08,5.871429,PM2.5,28386
4.090000,4.310000,0.580000,0.380000,0.090000,86.750000,-1.820000,0.200000,298.769989,21.120001,89649.710938,40.08,93.25,5.842857,PM2.5,28387
4.070000,4.300000,0.610000,0.400000,0.090000,87.010002,-1.950000,0.140000,298.489990,21.469999,89460.648438,40.09,93.43,5.814286,PM2.5,28388
4.070000,4.300000,0.650000,0.420000,0.090000,87.250000,-1.740000,-0.050000,298.140015,22.080000,89240.406250,40.11,93.6,5.814286,PM2.5,28389
4.090000,4.330000,0.690000,0.450000,0.090000,87.519997,-1.570000,-0.520000,297.739990,22.770000,88879.320312,40.12,93.78,5.842857,PM2.5,28390
4.150000,4.410000,0.740000,0.530000,0.090000,87.800003,-1.500000,-0.930000,297.339996,23.260000,88394.453125,40.14,93.95,5.928572,PM2.5,28391
4.220000,4.490000,0.810000,0.660000,0.100000,88.440002,-1.930000,-1.200000,297.079987,23.120001,87900.046875,40.15,94.13,6.028571,PM2.5,28392
4.310000,4.610000,0.940000,0.890000,0.100000,88.769997,-1.860000,-1.560000,296.959991,23.059999,87779.039062,40.16,94.31,6.157143,PM2.5,28393
4.650000,5.050000,1.360000,1.520000,0.100000,88.550003,-0.820000,-1.590000,297.070007,22.790001,87957.226562,40.18,94.48,6.642857,PM2.5,28394
4.720000,5.150000,1.440000,1.720000,0.100000,88.120003,-0.670000,-1.570000,297.339996,22.430000,88080.218750,40.19,94.66,6.742857,PM2.5,28395
4.160000,4.440000,0.830000,0.890000,0.100000,89.580002,-0.620000,-1.280000,297.179993,22.780001,88003.679688,40.2,94.83,5.942857,PM2.5,28396
4.100000,4.370000,0.800000,0.830000,0.100000,90.860001,0.500000,-0.880000,296.799988,23.070000,87708.812500,40.22,95.01,5.857143,PM2.5,28397
4.060000,4.310000,0.760000,0.730000,0.090000,91.150002,1.250000,-0.550000,296.480011,23.370001,87293.617188,40.23,95.18,5.800000,PM2.5,28398
4.010000,4.260000,0.740000,0.680000,0.090000,91.720001,1.390000,-0.650000,296.130005,23.809999,86881.156250,40.24,95.36,5.728572,PM2.5,28399
4.010000,4.260000,0.710000,0.660000,0.090000,92.160004,2.010000,-0.770000,296.000000,23.430000,86682.453125,40.25,95.54,5.728572,PM2.5,28400
4.010000,4.260000,0.690000,0.640000,0.090000,92.680000,2.650000,-0.350000,295.730011,23.299999,86137.476562,40.26,95.71,5.728572,PM2.5,28401
4.020000,4.260000,0.680000,0.660000,0.090000,92.540001,2.700000,-0.340000,295.480011,23.510000,85675.328125,40.28,95.89,5.742857,PM2.5,28402
4.000000,4.240000,0.620000,0.650000,0.090000,91.040001,2.530000,-0.540000,295.769989,23.090000,85870.226562,40.29,96.06,5.714286,PM2.5,28403
4.040000,4.330000,0.600000,0.640000,0.090000,90.970001,2.180000,-0.290000,295.660004,23.170000,85742.859375,40.3,96.24,5.771429,PM2.5,28404
4.120000,4.440000,0.600000,0.690000,0.090000,91.889999,1.760000,0.250000,295.119995,23.510000,85057.468750,40.31,96.42,5.885714,PM2.5,28405
4.250000,4.620000,0.650000,0.750000,0.090000,91.120003,1.430000,0.200000,294.500000,24.360001,84327.421875,40.32,96.59,6.071429,PM2.5,28406
4.510000,5.000000,0.780000,0.980000,0.100000,89.870003,1.500000,-0.030000,294.230011,25.000000,84079.726562,40.33,96.77,6.442857,PM2.5,28407
4.860000,5.590000,1.010000,1.140000,0.100000,87.650002,1.350000,-0.470000,294.589996,24.900000,84489.781250,40.34,96.94,6.942857,PM2.5,28408
5.540000,6.940000,1.510000,1.550000,0.110000,87.470001,0.200000,-0.790000,294.880005,25.139999,85055.710938,40.35,97.12,7.914286,PM2.5,28409
5.460000,6.690000,1.310000,1.320000,0.100000,89.379997,-0.790000,-0.660000,295.010010,25.500000,85619.671875,40.36,97.3,7.800000,PM2.5,28410
5.420000,6.620000,0.890000,1.160000,0.100000,88.989998,-0.510000,-1.430000,295.589996,24.910000,86334.851562,40.37,97.47,7.742857,PM2.5,28411
5.430000,6.610000,0.690000,1.050000,0.100000,88.160004,-0.730000,-2.110000,296.290009,23.969999,86907.757812,40.38,97.65,7.757143,PM2.5,28412
5.450000,6.480000,0.590000,1.100000,0.100000,90.709999,-0.960000,-2.610000,296.519989,23.510000,87116.796875,40.39,97.83,7.785714,PM2.5,28413
5.590000,6.580000,0.560000,1.260000,0.100000,91.660004,-0.640000,-2.670000,296.690002,22.799999,87034.132812,40.4,98.0,7.985714,PM2.5,28414
5.750000,6.680000,0.550000,1.510000,0.100000,92.169998,-0.710000,-2.660000,296.649994,22.459999,86655.210938,40.41,98.18,8.214286,PM2.5,28415
5.920000,6.780000,0.560000,1.690000,0.100000,92.110001,-1.020000,-2.990000,296.339996,22.780001,85963.937500,40.42,98.36,8.457143,PM2.5,28416
6.040000,6.840000,0.570000,1.640000,0.100000,91.860001,-1.310000,-3.750000,296.019989,22.959999,85294.242188,40.42,98.53,8.628572,PM2.5,28417
6.130000,6.880000,0.570000,1.530000,0.100000,90.610001,-1.410000,-4.370000,295.809998,23.219999,84834.156250,40.43,98.71,8.757143,PM2.5,28418
6.180000,6.900000,0.580000,1.380000,0.100000,89.930000,-1.210000,-5.000000,295.660004,23.620001,84650.273438,40.44,98.89,8.828571,PM2.5,28419
6.230000,6.900000,0.590000,1.190000,0.090000,88.150002,-0.960000,-5.180000,296.040009,23.360001,84975.562500,40.45,99.06,8.900000,PM2.5,28420
6.260000,6.860000,0.630000,1.220000,0.090000,88.430000,-0.990000,-5.450000,296.350006,23.330000,85522.023438,40.46,99.24,8.942858,PM2.5,28421
6.360000,6.870000,0.670000,1.180000,0.090000,86.830002,-1.140000,-5.130000,296.839996,23.139999,86187.390625,40.46,99.42,9.085714,PM2.5,28422
6.510000,6.950000,0.730000,1.100000,0.090000,86.010002,-1.080000,-5.500000,297.420013,22.860001,87118.828125,40.47,99.59,9.300000,PM2.5,28423
6.790000,7.200000,0.870000,1.240000,0.090000,85.720001,-0.980000,-5.760000,297.899994,22.740000,87761.882812,40.48,99.77,9.700000,PM2.5,28424
9.820000,10.240000,1.060000,1.630000,0.100000,84.680000,-0.610000,-5.990000,297.750000,24.070000,87879.492188,40.48,99.95,14.028571,PM2.5,28425
12.910000,13.370000,1.470000,2.530000,0.100000,83.980003,0.250000,-5.790000,297.679993,25.090000,87886.460938,40.49,100.13,18.442858,PM2.5,28426
4.130000,4.340000,0.570000,0.310000,0.090000,87.269997,-1.660000,-1.300000,299.269989,21.770000,90625.101562,40.18,92.88,5.900000,PM2.5,28647
4.100000,4.310000,0.580000,0.350000,0.090000,87.070000,-1.260000,-0.860000,299.279999,21.350000,90602.406250,40.2,93.06,5.857143,PM2.5,28648
4.110000,4.330000,0.580000,0.360000,0.090000,85.470001,-1.680000,-0.400000,299.209991,21.049999,90221.062500,40.21,93.23,5.871429,PM2.5,28649
4.060000,4.280000,0.610000,0.380000,0.090000,86.339996,-2.090000,-0.170000,298.760010,21.559999,89821.937500,40.23,93.41,5.800000,PM2.5,28650
4.040000,4.270000,0.620000,0.400000,0.090000,86.379997,-2.120000,-0.330000,298.470001,22.100000,89543.828125,40.24,93.58,5.771429,PM2.5,28651
4.050000,4.280000,0.640000,0.400000,0.090000,86.820000,-2.120000,-0.860000,298.149994,22.690001,89286.117188,40.26,93.76,5.785715,PM2.5,28652
4.090000,4.330000,0.660000,0.430000,0.090000,87.540001,-1.920000,-1.200000,297.850006,22.910000,88965.726562,40.27,93.94,5.842857,PM2.5,28653
4.120000,4.370000,0.700000,0.480000,0.090000,88.260002,-2.200000,-1.190000,297.649994,22.809999,88673.421875,40.28,94.11,5.885714,PM2.5,28654
4.160000,4.420000,0.770000,0.590000,0.090000,88.669998,-2.250000,-1.420000,297.420013,23.120001,88526.250000,40.3,94.29,5.942857,PM2.5,28655
4.260000,4.550000,0.910000,0.820000,0.100000,87.800003,-1.730000,-1.440000,297.380005,23.320000,88635.226562,40.31,94.46,6.085715,PM2.5,28656
4.240000,4.540000,0.910000,0.910000,0.100000,86.419998,-1.930000,-1.730000,297.570007,23.230000,88863.132812,40.32,94.64,6.057143,PM2.5,28657
4.040000,4.290000,0.720000,0.720000,0.090000,87.959999,-1.770000,-1.470000,297.459991,23.459999,89029.500000,40.34,94.82,5.771429,PM2.5,28658
4.040000,4.290000,0.720000,0.720000,0.090000,88.510002,-0.920000,-1.330000,297.440002,23.420000,88992.406250,40.35,94.99,5.771429,PM2.5,28659
4.010000,4.260000,0.690000,0.710000,0.090000,87.650002,-0.720000,-1.560000,297.299988,23.430000,88570.203125,40.36,95.17,5.728572,PM2.5,28660
4.000000,4.240000,0.690000,0.800000,0.090000,89.070000,-0.800000,-1.520000,296.829987,23.879999,88118.296875,40.37,95.34,5.714286,PM2.5,28661
4.060000,4.320000,0.700000,0.850000,0.090000,88.889999,0.070000,-1.370000,296.609985,23.910000,87883.593750,40.39,95.52,5.800000,PM2.5,28662
4.080000,4.340000,0.690000,0.850000,0.090000,88.139999,0.430000,-1.000000,296.619995,23.469999,87414.117188,40.4,95.7,5.828571,PM2.5,28663
4.120000,4.380000,0.690000,0.860000,0.090000,88.910004,-0.150000,-1.050000,296.079987,24.139999,86752.851562,40.41,95.87,5.885714,PM2.5,28664
4.110000,4.370000,0.630000,0.810000,0.090000,88.690002,-0.060000,-0.980000,295.820007,24.160000,86398.156250,40.42,96.05,5.871429,PM2.5,28665
4.130000,4.420000,0.600000,0.790000,0.090000,88.239998,0.280000,-0.660000,295.950012,23.459999,86249.687500,40.43,96.23,5.900000,PM2.5,28666
4.190000,4.500000,0.580000,0.820000,0.090000,87.699997,0.120000,-0.240000,295.750000,23.510000,85873.062500,40.44,96.4,5.985714,PM2.5,28667
4.290000,4.630000,0.600000,0.840000,0.090000,88.099998,0.060000,0.060000,295.160004,24.600000,85387.773438,40.45,96.58,6.128572,PM2.5,28668
4.420000,4.800000,0.630000,0.870000,0.090000,87.029999,0.140000,-0.180000,295.059998,24.629999,85166.218750,40.47,96.75,6.314286,PM2.5,28669
4.600000,5.060000,0.720000,0.910000,0.090000,86.559998,-0.400000,-0.940000,295.010010,25.230000,85222.492188,40.48,96.93,6.571428,PM2.5,28670
4.950000,5.660000,0.930000,1.040000,0.100000,86.190002,-0.970000,-1.510000,295.109985,25.110001,85336.687500,40.49,97.11,7.071428,PM2.5,28671
4.900000,5.520000,0.710000,0.890000,0.090000,86.519997,-1.570000,-1.550000,295.269989,24.990000,85517.406250,40.5,97.28,7.000000,PM2.5,28672
4.980000,5.650000,0.630000,0.880000,0.090000,88.150002,-1.700000,-2.090000,295.410004,24.990000,85807.820312,40.51,97.46,7.114286,PM2.5,28673
5.060000,5.790000,0.570000,0.890000,0.090000,88.970001,-1.610000,-2.940000,295.649994,24.780001,86075.468750,40.51,97.64,7.228571,PM2.5,28674
5.150000,5.890000,0.530000,0.960000,0.090000,90.110001,-1.510000,-3.340000,295.829987,24.549999,86280.039062,40.52,97.82,7.357143,PM2.5,28675
5.330000,6.110000,0.520000,1.150000,0.090000,90.860001,-1.550000,-3.520000,295.700012,24.440001,86008.242188,40.53,97.99,7.614285,PM2.5,28676
5.510000,6.280000,0.520000,1.350000,0.090000,91.419998,-1.860000,-3.780000,295.320007,24.490000,85343.781250,40.54,98.17,7.871429,PM2.5,28677
5.670000,6.410000,0.530000,1.450000,0.090000,90.970001,-2.190000,-4.010000,294.970001,24.670000,84714.070312,40.55,98.35,8.100000,PM2.5,28678
5.810000,6.540000,0.540000,1.560000,0.090000,90.440002,-2.200000,-4.400000,294.290009,25.530001,83881.781250,40.56,98.52,8.300000,PM2.5,28679
5.910000,6.610000,0.550000,1.490000,0.090000,89.080002,-1.820000,-4.550000,293.670013,26.400000,83064.109375,40.57,98.7,8.442857,PM2.5,28680
5.960000,6.610000,0.570000,1.300000,0.090000,88.849998,-1.320000,-5.160000,293.350006,27.059999,82782.343750,40.57,98.88,8.514286,PM2.5,28681
5.960000,6.550000,0.580000,1.000000,0.090000,88.160004,-0.480000,-5.670000,293.859985,26.490000,83298.773438,40.58,99.05,8.514286,PM2.5,28682
5.950000,6.450000,0.590000,0.970000,0.090000,87.620003,0.020000,-5.980000,294.859985,25.270000,84307.679688,40.59,99.23,8.500000,PM2.5,28683
6.010000,6.420000,0.610000,0.930000,0.090000,86.139999,0.000000,-5.800000,295.790009,24.510000,85332.070312,40.6,99.41,8.585714,PM2.5,28684
6.120000,6.490000,0.650000,0.860000,0.090000,86.300003,-0.180000,-6.060000,296.609985,24.040001,86438.476562,40.6,99.59,8.742857,PM2.5,28685
6.410000,6.760000,0.750000,0.990000,0.090000,86.019997,-0.380000,-6.400000,297.450012,23.290001,87465.789062,40.61,99.76,9.157143,PM2.5,28686
6.940000,7.310000,0.970000,1.350000,0.090000,85.129997,-0.070000,-6.480000,297.730011,23.580000,87972.062500,40.62,99.94,9.914286,PM2.5,28687
10.840000,11.280000,1.540000,2.420000,0.100000,84.129997,0.530000,-6.280000,297.809998,24.559999,88121.546875,40.62,100.12,15.485715,PM2.5,28688
4.020000,4.230000,0.590000,0.390000,0.090000,88.139999,-1.750000,-1.210000,299.540009,21.400000,90952.226562,40.33,93.04,5.742857,PM2.5,28912
4.020000,4.230000,0.590000,0.430000,0.090000,87.300003,-1.750000,-1.000000,299.320007,21.309999,90578.117188,40.35,93.21,5.742857,PM2.5,28913
4.040000,4.260000,0.600000,0.450000,0.090000,86.669998,-1.940000,-0.860000,298.970001,21.530001,89983.312500,40.36,93.39,5.771429,PM2.5,28914
4.060000,4.280000,0.610000,0.460000,0.090000,86.820000,-2.300000,-1.140000,298.709991,21.690001,89526.656250,40.38,93.57,5.800000,PM2.5,28915
4.070000,4.300000,0.620000,0.420000,0.090000,87.589996,-2.470000,-1.490000,298.480011,21.740000,89190.437500,40.39,93.74,5.814286,PM2.5,28916
4.100000,4.330000,0.630000,0.410000,0.090000,88.300003,-2.240000,-1.900000,298.209991,22.020000,88982.312500,40.4,93.92,5.857143,PM2.5,28917
4.120000,4.350000,0.630000,0.410000,0.090000,88.169998,-2.380000,-1.990000,298.070007,22.299999,88927.773438,40.42,94.09,5.885714,PM2.5,28918
4.130000,4.370000,0.660000,0.450000,0.090000,88.959999,-2.260000,-1.670000,297.720001,22.980000,88946.281250,40.43,94.27,5.900000,PM2.5,28919
4.160000,4.410000,0.700000,0.530000,0.090000,87.959999,-1.910000,-1.200000,297.609985,23.430000,89005.539062,40.45,94.45,5.942857,PM2.5,28920
4.150000,4.400000,0.720000,0.620000,0.090000,86.849998,-2.200000,-1.250000,297.510010,23.770000,89003.906250,40.46,94.62,5.928572,PM2.5,28921
4.100000,4.350000,0.710000,0.690000,0.090000,86.989998,-2.300000,-1.390000,297.369995,24.180000,88930.898438,40.47,94.8,5.857143,PM2.5,28922
4.100000,4.360000,0.720000,0.730000,0.090000,87.650002,-2.230000,-1.720000,297.230011,24.420000,88794.703125,40.48,94.97,5.857143,PM2.5,28923
4.090000,4.340000,0.730000,0.790000,0.090000,87.860001,-1.940000,-1.960000,297.089996,24.430000,88585.132812,40.5,95.15,5.842857,PM2.5,28924
4.080000,4.330000,0.720000,0.830000,0.090000,87.879997,-1.690000,-1.830000,296.970001,24.450001,88376.828125,40.51,95.33,5.828571,PM2.5,28925
4.110000,4.360000,0.710000,0.890000,0.090000,87.720001,-1.250000,-1.650000,296.880005,24.360001,88155.921875,40.52,95.5,5.871429,PM2.5,28926
4.120000,4.380000,0.720000,0.940000,0.090000,87.059998,-1.240000,-1.760000,296.899994,24.010000,87813.820312,40.53,95.68,5.885714,PM2.5,28927
4.170000,4.440000,0.720000,1.020000,0.090000,87.580002,-1.530000,-1.610000,296.399994,24.299999,87232.531250,40.54,95.86,5.957143,PM2.5,28928
4.130000,4.380000,0.630000,0.950000,0.090000,87.820000,-1.360000,-1.150000,295.989990,24.540001,86647.789062,40.56,96.03,5.900000,PM2.5,28929
4.130000,4.390000,0.570000,0.940000,0.090000,88.190002,-1.140000,-0.940000,295.790009,24.490000,86307.351562,40.57,96.21,5.900000,PM2.5,28930
4.140000,4.400000,0.540000,0.930000,0.090000,86.919998,-0.830000,-0.930000,295.630005,24.430000,85916.750000,40.58,96.39,5.914286,PM2.5,28931
4.180000,4.440000,0.520000,0.930000,0.090000,86.889999,-0.890000,-0.940000,295.290009,24.770000,85465.796875,40.59,96.56,5.971428,PM2.5,28932
4.260000,4.530000,0.530000,0.900000,0.090000,88.529999,-1.250000,-1.340000,294.970001,25.150000,85155.500000,40.6,96.74,6.085715,PM2.5,28933
4.360000,4.660000,0.550000,0.850000,0.090000,88.800003,-1.480000,-1.790000,294.679993,25.559999,84795.179688,40.61,96.92,6.228571,PM2.5,28934
4.480000,4.840000,0.590000,0.760000,0.090000,88.550003,-1.420000,-2.080000,294.309998,25.799999,84320.820312,40.62,97.09,6.400000,PM2.5,28935
4.600000,4.980000,0.570000,0.760000,0.090000,88.089996,-1.350000,-2.280000,293.970001,26.250000,83953.281250,40.63,97.27,6.571428,PM2.5,28936
4.710000,5.140000,0.540000,0.750000,0.090000,87.769997,-1.560000,-2.510000,293.890015,26.740000,83977.289062,40.64,97.45,6.728571,PM2.5,28937
4.800000,5.290000,0.510000,0.770000,0.090000,87.980003,-1.770000,-3.050000,294.019989,27.000000,84308.226562,40.65,97.63,6.857143,PM2.5,28938
4.910000,5.460000,0.500000,0.840000,0.090000,88.860001,-1.770000,-3.530000,294.239990,26.850000,84675.867188,40.66,97.8,7.014286,PM2.5,28939
5.080000,5.700000,0.500000,1.010000,0.090000,89.790001,-2.000000,-3.830000,294.320007,26.629999,84752.906250,40.67,97.98,7.257143,PM2.5,28940
5.260000,5.900000,0.510000,1.170000,0.090000,90.360001,-2.360000,-3.960000,294.000000,26.760000,84289.148438,40.68,98.16,7.514286,PM2.5,28941
5.390000,6.010000,0.500000,1.170000,0.090000,88.010002,-2.230000,-4.090000,293.649994,27.020000,83731.179688,40.68,98.33,7.700000,PM2.5,28942
5.690000,6.220000,0.550000,1.060000,0.090000,87.500000,-0.830000,-4.380000,292.890015,28.320000,82845.789062,40.71,98.87,8.128572,PM2.5,28945
5.720000,6.110000,0.570000,0.880000,0.090000,86.599998,0.520000,-5.610000,294.010010,26.670000,83668.726562,40.72,99.22,8.171429,PM2.5,28947
5.770000,6.110000,0.580000,0.900000,0.090000,86.089996,0.680000,-5.940000,294.920013,25.920000,84804.796875,40.73,99.4,8.242857,PM2.5,28948
5.900000,6.210000,0.610000,0.790000,0.090000,86.120003,0.500000,-6.160000,295.670013,25.459999,85730.578125,40.74,99.58,8.428572,PM2.5,28949
6.150000,6.460000,0.680000,0.860000,0.090000,86.260002,0.340000,-6.710000,296.709991,24.379999,86942.882812,40.75,99.75,8.785714,PM2.5,28950
6.600000,6.940000,0.850000,1.110000,0.090000,85.430000,0.540000,-6.890000,297.600006,23.830000,88057.632812,40.75,99.93,9.428572,PM2.5,28951
7.500000,7.910000,1.440000,2.160000,0.100000,84.470001,0.780000,-6.780000,297.959991,23.709999,88319.382812,40.76,100.11,10.714286,PM2.5,28952
4.040000,4.260000,0.600000,0.430000,0.090000,88.169998,-2.160000,-1.310000,299.679993,21.719999,91013.710938,40.47,93.02,5.771429,PM2.5,29177
4.090000,4.310000,0.600000,0.460000,0.090000,88.419998,-2.040000,-1.400000,299.380005,21.610001,90476.382812,40.48,93.19,5.842857,PM2.5,29178
4.150000,4.380000,0.610000,0.470000,0.090000,88.540001,-2.250000,-1.910000,298.779999,21.820000,89502.039062,40.49,93.37,5.928572,PM2.5,29179
4.190000,4.410000,0.620000,0.470000,0.090000,88.949997,-2.370000,-2.440000,298.119995,22.170000,88471.867188,40.51,93.55,5.985714,PM2.5,29180
4.190000,4.410000,0.620000,0.440000,0.090000,89.230003,-2.330000,-2.730000,297.470001,22.490000,87570.257812,40.52,93.72,5.985714,PM2.5,29181
4.200000,4.430000,0.630000,0.430000,0.090000,89.779999,-2.390000,-3.220000,297.070007,22.950001,87281.843750,40.54,93.9,6.000000,PM2.5,29182
4.210000,4.440000,0.640000,0.440000,0.090000,90.309998,-2.160000,-3.630000,297.160004,23.030001,87693.757812,40.55,94.08,6.014286,PM2.5,29183
4.180000,4.410000,0.650000,0.460000,0.090000,90.190002,-1.650000,-3.080000,297.440002,22.690001,88157.242188,40.57,94.25,5.971428,PM2.5,29184
4.190000,4.430000,0.670000,0.500000,0.090000,89.820000,-1.480000,-2.490000,297.399994,23.070000,88223.796875,40.58,94.43,5.985714,PM2.5,29185
4.190000,4.430000,0.700000,0.560000,0.090000,88.540001,-1.650000,-2.010000,297.179993,23.690001,88124.343750,40.59,94.6,5.985714,PM2.5,29186
4.160000,4.410000,0.720000,0.640000,0.090000,87.779999,-1.770000,-1.820000,296.970001,24.410000,88168.226562,40.61,94.78,5.942857,PM2.5,29187
4.180000,4.440000,0.750000,0.720000,0.090000,88.120003,-1.720000,-1.940000,296.890015,24.830000,88279.039062,40.62,94.96,5.971428,PM2.5,29188
4.180000,4.450000,0.780000,0.830000,0.090000,88.459999,-1.680000,-2.010000,296.850006,24.650000,88183.257812,40.63,95.13,5.971428,PM2.5,29189
4.160000,4.420000,0.770000,0.860000,0.090000,88.430000,-1.670000,-2.130000,296.630005,24.809999,87840.953125,40.64,95.31,5.942857,PM2.5,29190
4.160000,4.420000,0.760000,0.900000,0.090000,88.410004,-1.720000,-2.180000,296.350006,25.030001,87443.250000,40.66,95.49,5.942857,PM2.5,29191
4.190000,4.450000,0.770000,0.960000,0.090000,88.339996,-1.660000,-2.250000,296.029999,25.420000,87013.742188,40.67,95.67,5.985714,PM2.5,29192
4.190000,4.460000,0.710000,0.970000,0.090000,88.320000,-1.400000,-2.020000,295.640015,25.650000,86423.390625,40.68,95.84,5.985714,PM2.5,29193
4.150000,4.390000,0.620000,0.920000,0.090000,88.510002,-1.330000,-1.620000,295.220001,25.900000,85785.890625,40.69,96.02,5.928572,PM2.5,29194
4.120000,4.360000,0.560000,0.910000,0.090000,88.830002,-1.270000,-1.400000,294.890015,26.040001,85280.531250,40.7,96.2,5.885714,PM2.5,29195
4.130000,4.370000,0.530000,0.930000,0.090000,88.599998,-1.210000,-1.220000,294.589996,26.200001,84814.453125,40.71,96.37,5.900000,PM2.5,29196
4.170000,4.410000,0.520000,0.930000,0.090000,88.699997,-1.350000,-1.610000,294.320007,26.360001,84421.453125,40.72,96.55,5.957143,PM2.5,29197
4.200000,4.450000,0.500000,0.890000,0.090000,89.089996,-1.470000,-1.810000,294.019989,26.530001,84012.429688,40.73,96.73,6.000000,PM2.5,29198
4.250000,4.510000,0.500000,0.830000,0.090000,89.339996,-1.440000,-1.960000,293.519989,26.990000,83356.546875,40.74,96.9,6.071429,PM2.5,29199
4.320000,4.600000,0.500000,0.710000,0.090000,89.150002,-1.250000,-2.070000,293.010010,27.629999,82837.890625,40.75,97.08,6.171429,PM2.5,29200
4.420000,4.710000,0.500000,0.700000,0.090000,88.160004,-1.140000,-2.160000,292.709991,28.240000,82658.132812,40.76,97.26,6.314286,PM2.5,29201
4.530000,4.840000,0.480000,0.700000,0.090000,87.589996,-1.370000,-2.370000,292.720001,28.600000,82853.632812,40.77,97.44,6.471429,PM2.5,29202
4.610000,4.960000,0.470000,0.710000,0.090000,87.449997,-1.600000,-2.690000,293.010010,28.740000,83413.039062,40.78,97.61,6.585714,PM2.5,29203
4.670000,5.060000,0.470000,0.760000,0.090000,88.000000,-1.660000,-3.130000,293.339996,28.590000,83969.007812,40.79,97.79,6.671429,PM2.5,29204
4.780000,5.220000,0.470000,0.860000,0.090000,88.639999,-1.850000,-3.500000,293.579987,28.240000,84263.132812,40.8,97.97,6.828572,PM2.5,29205
4.930000,5.400000,0.490000,0.970000,0.090000,89.330002,-2.080000,-3.570000,293.489990,28.059999,84065.156250,40.81,98.15,7.042857,PM2.5,29206
5.070000,5.530000,0.490000,0.970000,0.090000,88.930000,-1.620000,-3.470000,293.190002,28.360001,83746.742188,40.82,98.32,7.242857,PM2.5,29207
5.910000,6.200000,0.620000,0.750000,0.090000,85.959999,0.640000,-6.690000,296.070007,25.750000,86604.109375,40.88,99.75,8.442857,PM2.5,29215
6.330000,6.640000,0.740000,0.890000,0.090000,85.570000,1.020000,-7.270000,297.049988,24.530001,87659.703125,40.89,99.92,9.042857,PM2.5,29216
4.340000,4.570000,0.630000,0.470000,0.090000,89.980003,-2.710000,-3.930000,296.980011,23.420000,87167.320312,40.64,93.53,6.200000,PM2.5,29449
4.350000,4.580000,0.630000,0.450000,0.090000,90.019997,-2.380000,-4.250000,295.570007,24.670000,85476.898438,40.66,93.7,6.214285,PM2.5,29450
4.350000,4.580000,0.640000,0.440000,0.090000,90.059998,-1.970000,-4.620000,294.720001,25.660000,84621.656250,40.67,93.88,6.214285,PM2.5,29451
4.310000,4.540000,0.640000,0.450000,0.090000,90.269997,-1.720000,-4.870000,295.070007,25.350000,85241.578125,40.69,94.06,6.157143,PM2.5,29452
4.260000,4.500000,0.650000,0.440000,0.090000,90.260002,-1.400000,-4.680000,295.769989,24.290001,85984.000000,40.7,94.23,6.085715,PM2.5,29453
4.260000,4.490000,0.670000,0.470000,0.090000,90.129997,-1.060000,-4.290000,295.950012,23.809999,85963.703125,40.71,94.41,6.085715,PM2.5,29454
4.260000,4.500000,0.690000,0.510000,0.090000,89.830002,-1.150000,-3.900000,295.799988,24.270000,85836.031250,40.73,94.59,6.085715,PM2.5,29455
4.240000,4.490000,0.730000,0.580000,0.090000,89.349998,-1.340000,-3.200000,295.760010,24.820000,86042.140625,40.74,94.76,6.057143,PM2.5,29456
4.240000,4.500000,0.780000,0.690000,0.090000,89.279999,-1.270000,-2.800000,295.829987,25.309999,86447.187500,40.75,94.94,6.057143,PM2.5,29457
4.250000,4.520000,0.830000,0.840000,0.090000,89.029999,-1.170000,-2.700000,295.769989,25.680000,86599.328125,40.76,95.12,6.071429,PM2.5,29458
4.240000,4.510000,0.850000,0.920000,0.090000,88.930000,-1.150000,-2.610000,295.489990,25.990000,86287.406250,40.78,95.3,6.057143,PM2.5,29459
4.220000,4.480000,0.840000,0.940000,0.090000,88.980003,-1.230000,-2.600000,295.149994,26.230000,85848.007812,40.79,95.47,6.028571,PM2.5,29460
4.210000,4.460000,0.810000,0.930000,0.090000,89.129997,-1.250000,-2.510000,294.779999,26.639999,85408.093750,40.8,95.65,6.014286,PM2.5,29461
4.140000,4.380000,0.650000,0.810000,0.090000,89.370003,-1.020000,-2.450000,294.320007,27.010000,84786.359375,40.81,95.83,5.914286,PM2.5,29462
4.120000,4.340000,0.590000,0.800000,0.090000,89.349998,-0.920000,-2.040000,293.899994,27.260000,84133.617188,40.82,96.0,5.885714,PM2.5,29463
4.090000,4.310000,0.550000,0.790000,0.090000,89.620003,-0.830000,-1.650000,293.670013,27.250000,83691.289062,40.84,96.18,5.842857,PM2.5,29464
4.050000,4.270000,0.510000,0.770000,0.090000,88.430000,-0.950000,-1.690000,293.600006,26.969999,83330.156250,40.85,96.36,5.785715,PM2.5,29465
4.070000,4.290000,0.500000,0.820000,0.090000,89.379997,-1.190000,-1.710000,293.239990,27.480000,82997.328125,40.86,96.54,5.814286,PM2.5,29466
4.110000,4.340000,0.490000,0.830000,0.090000,89.720001,-1.210000,-1.810000,292.859985,28.049999,82636.656250,40.87,96.71,5.871429,PM2.5,29467
4.150000,4.370000,0.470000,0.800000,0.090000,89.790001,-1.070000,-1.990000,292.299988,28.809999,82033.648438,40.88,96.89,5.928572,PM2.5,29468
4.190000,4.420000,0.460000,0.720000,0.090000,89.510002,-0.710000,-2.200000,291.970001,29.330000,81717.390625,40.89,97.07,5.985714,PM2.5,29469
4.250000,4.480000,0.450000,0.680000,0.090000,88.879997,-0.600000,-2.210000,292.190002,29.299999,82103.609375,40.9,97.25,6.071429,PM2.5,29470
4.330000,4.580000,0.440000,0.680000,0.090000,88.040001,-0.970000,-1.990000,292.649994,29.010000,82808.796875,40.91,97.42,6.185714,PM2.5,29471
4.390000,4.650000,0.430000,0.690000,0.090000,87.589996,-1.460000,-2.110000,293.230011,28.700001,83692.937500,40.92,97.6,6.271429,PM2.5,29472
4.410000,4.680000,0.430000,0.720000,0.090000,87.949997,-1.620000,-2.610000,293.750000,28.360001,84543.078125,40.93,97.78,6.300000,PM2.5,29473
4.470000,4.770000,0.440000,0.780000,0.090000,88.250000,-1.620000,-3.070000,293.690002,28.510000,84556.437500,40.94,97.96,6.385714,PM2.5,29474
4.610000,4.930000,0.460000,0.820000,0.090000,89.010002,-1.290000,-3.110000,293.450012,28.559999,84242.359375,40.95,98.13,6.585714,PM2.5,29475
4.470000,4.700000,0.650000,0.450000,0.090000,89.760002,-1.560000,-4.220000,293.239990,28.400000,83690.796875,40.81,93.86,6.385714,PM2.5,29722
4.420000,4.650000,0.650000,0.450000,0.090000,89.919998,-1.090000,-4.190000,293.760010,27.590000,84317.773438,40.82,94.04,6.314286,PM2.5,29723
4.380000,4.610000,0.660000,0.440000,0.090000,89.930000,-1.030000,-4.380000,294.209991,26.450001,84527.890625,40.83,94.22,6.257143,PM2.5,29724
4.370000,4.610000,0.670000,0.450000,0.090000,90.169998,-0.950000,-4.580000,293.769989,26.410000,83610.906250,40.85,94.39,6.242857,PM2.5,29725
4.360000,4.600000,0.690000,0.480000,0.090000,90.470001,-0.920000,-4.730000,293.290009,27.100000,83007.468750,40.86,94.57,6.228571,PM2.5,29726
4.340000,4.590000,0.720000,0.530000,0.090000,90.830002,-0.970000,-4.720000,293.269989,27.379999,83009.476562,40.87,94.75,6.200000,PM2.5,29727
4.340000,4.600000,0.780000,0.630000,0.090000,90.980003,-0.920000,-4.420000,293.470001,27.430000,83348.273438,40.89,94.92,6.200000,PM2.5,29728
4.360000,4.630000,0.860000,0.780000,0.100000,90.900002,-0.810000,-3.930000,293.709991,27.450001,83824.882812,40.9,95.1,6.228571,PM2.5,29729
4.380000,4.670000,0.960000,1.010000,0.100000,90.800003,-0.800000,-3.480000,293.779999,27.410000,84012.796875,40.91,95.28,6.257143,PM2.5,29730
4.350000,4.640000,1.000000,1.070000,0.100000,90.639999,-0.840000,-3.210000,293.640015,27.430000,83826.109375,40.92,95.46,6.214285,PM2.5,29731
4.330000,4.610000,1.050000,1.100000,0.100000,90.510002,-0.830000,-3.140000,293.290009,27.910000,83508.773438,40.94,95.63,6.185714,PM2.5,29732
4.120000,4.350000,0.660000,0.760000,0.090000,90.360001,-0.630000,-3.010000,292.980011,28.320000,83217.539062,40.95,95.81,5.885714,PM2.5,29733
4.080000,4.290000,0.590000,0.780000,0.090000,90.239998,-0.510000,-2.420000,292.790009,28.410000,82868.367188,40.96,95.99,5.828571,PM2.5,29734
4.050000,4.260000,0.550000,0.810000,0.090000,90.800003,-0.870000,-2.120000,292.630005,28.360001,82481.398438,40.97,96.17,5.785715,PM2.5,29735
4.020000,4.220000,0.520000,0.800000,0.090000,90.830002,-0.860000,-2.060000,292.260010,28.430000,81896.593750,40.98,96.34,5.742857,PM2.5,29736
3.980000,4.190000,0.490000,0.800000,0.090000,89.599998,-0.680000,-2.090000,291.859985,28.820000,81279.109375,40.99,96.52,5.685714,PM2.5,29737
3.990000,4.200000,0.480000,0.850000,0.090000,90.830002,-0.840000,-2.280000,291.519989,29.600000,81075.453125,41.0,96.7,5.700000,PM2.5,29738
4.020000,4.230000,0.470000,0.860000,0.090000,91.120003,-0.600000,-2.320000,291.179993,30.389999,80823.257812,41.01,96.88,5.742857,PM2.5,29739
4.040000,4.250000,0.450000,0.760000,0.090000,90.849998,-0.090000,-2.380000,290.980011,31.020000,80700.187500,41.02,97.06,5.771429,PM2.5,29740
4.060000,4.270000,0.430000,0.700000,0.090000,90.320000,-0.160000,-2.420000,291.619995,30.410000,81469.796875,41.03,97.23,5.800000,PM2.5,29741
4.110000,4.320000,0.420000,0.690000,0.090000,89.349998,-0.740000,-2.230000,292.660004,29.170000,82722.359375,41.04,97.41,5.871429,PM2.5,29742
4.170000,4.380000,0.410000,0.700000,0.090000,88.669998,-1.220000,-2.160000,293.519989,28.299999,83855.726562,41.05,97.59,5.957143,PM2.5,29743
4.180000,4.400000,0.420000,0.730000,0.090000,88.690002,-1.420000,-2.620000,294.049988,28.020000,84740.929688,41.06,97.77,5.971428,PM2.5,29744
4.220000,4.440000,0.420000,0.760000,0.090000,88.709999,-1.300000,-2.880000,294.019989,28.430000,84988.976562,41.07,97.95,6.028571,PM2.5,29745
4.530000,4.770000,0.670000,0.440000,0.090000,89.629997,-0.620000,-2.560000,294.820007,27.180000,86095.750000,40.95,94.02,6.471429,PM2.5,29996
4.500000,4.740000,0.670000,0.430000,0.090000,89.580002,-1.080000,-3.000000,294.489990,26.719999,85213.820312,40.97,94.2,6.428571,PM2.5,29997
4.510000,4.750000,0.680000,0.440000,0.090000,90.239998,-1.140000,-3.550000,292.790009,28.180000,82876.039062,40.98,94.38,6.442857,PM2.5,29998
4.500000,4.740000,0.700000,0.460000,0.090000,90.779999,-1.040000,-3.970000,291.480011,29.930000,81364.773438,40.99,94.55,6.428571,PM2.5,29999
4.470000,4.720000,0.720000,0.510000,0.090000,91.089996,-0.800000,-4.300000,290.899994,30.910000,80762.429688,41.01,94.73,6.385714,PM2.5,30000
4.460000,4.720000,0.770000,0.600000,0.090000,91.440002,-0.350000,-4.440000,290.679993,31.450001,80547.718750,41.02,94.91,6.371428,PM2.5,30001
4.480000,4.750000,0.870000,0.790000,0.100000,91.650002,-0.220000,-4.370000,291.040009,31.129999,81030.328125,41.03,95.08,6.400000,PM2.5,30002
4.540000,4.850000,1.060000,1.150000,0.100000,91.889999,-0.490000,-4.190000,291.679993,30.030001,81740.062500,41.05,95.26,6.485714,PM2.5,30003
4.550000,4.880000,1.250000,1.320000,0.100000,91.980003,-0.560000,-3.830000,291.890015,29.200001,81795.421875,41.06,95.44,6.500000,PM2.5,30004
4.610000,4.960000,1.590000,1.500000,0.100000,91.699997,-0.380000,-3.630000,291.649994,29.389999,81513.953125,41.07,95.62,6.585714,PM2.5,30005
4.140000,4.370000,0.730000,0.760000,0.090000,91.449997,-0.050000,-3.350000,291.750000,29.379999,81718.390625,41.08,95.8,5.914286,PM2.5,30006
4.030000,4.250000,0.590000,0.750000,0.090000,90.260002,-0.340000,-2.880000,292.029999,29.020000,81850.460938,41.09,95.97,5.757143,PM2.5,30007
4.000000,4.200000,0.550000,0.860000,0.090000,92.050003,-1.020000,-2.790000,291.679993,29.389999,81461.968750,41.1,96.15,5.714286,PM2.5,30008
3.970000,4.170000,0.520000,0.840000,0.090000,92.459999,-1.010000,-2.400000,290.959991,30.230000,80576.937500,41.12,96.33,5.671429,PM2.5,30009
3.950000,4.150000,0.500000,0.840000,0.090000,92.750000,-0.730000,-2.430000,290.209991,31.180000,79696.210938,41.13,96.51,5.642857,PM2.5,30010
3.940000,4.140000,0.480000,0.880000,0.090000,92.940002,-0.460000,-2.610000,290.040009,31.500000,79536.289062,41.14,96.69,5.628572,PM2.5,30011
3.940000,4.140000,0.470000,0.910000,0.090000,92.889999,-0.090000,-2.670000,290.140015,31.809999,79783.539062,41.15,96.86,5.628572,PM2.5,30012
3.930000,4.120000,0.450000,0.780000,0.090000,92.559998,0.050000,-2.770000,290.549988,31.889999,80406.101562,41.16,97.04,5.614286,PM2.5,30013
3.930000,4.120000,0.430000,0.690000,0.090000,92.580002,-0.320000,-2.980000,291.589996,30.500000,81519.718750,41.17,97.22,5.614286,PM2.5,30014
3.960000,4.150000,0.420000,0.670000,0.090000,91.589996,-0.510000,-3.070000,292.730011,28.790001,82678.250000,41.18,97.4,5.657143,PM2.5,30015
3.990000,4.190000,0.420000,0.680000,0.090000,90.290001,-0.660000,-3.150000,293.500000,28.030001,83637.742188,41.19,97.58,5.700000,PM2.5,30016
4.020000,4.220000,0.420000,0.720000,0.090000,89.730003,-0.820000,-3.530000,293.910004,28.139999,84470.273438,41.2,97.75,5.742857,PM2.5,30017
4.670000,4.910000,0.680000,0.390000,0.090000,89.620003,-0.390000,-2.280000,295.640015,26.889999,87411.390625,41.09,94.0,6.671429,PM2.5,30269
4.640000,4.890000,0.690000,0.420000,0.090000,89.699997,-0.910000,-2.180000,295.079987,26.600000,86231.296875,41.1,94.18,6.628571,PM2.5,30270
4.620000,4.870000,0.700000,0.420000,0.090000,90.720001,-1.170000,-2.310000,293.609985,27.639999,84135.453125,41.12,94.36,6.600000,PM2.5,30271
4.590000,4.840000,0.700000,0.440000,0.090000,91.410004,-1.080000,-2.580000,292.179993,29.370001,82455.960938,41.13,94.53,6.557143,PM2.5,30272
4.560000,4.810000,0.720000,0.470000,0.090000,91.760002,-0.580000,-2.730000,291.049988,31.100000,81216.312500,41.14,94.71,6.514286,PM2.5,30273
4.550000,4.810000,0.750000,0.540000,0.090000,92.419998,-0.050000,-2.880000,290.179993,32.639999,80326.796875,41.15,94.89,6.500000,PM2.5,30274
4.550000,4.820000,0.820000,0.720000,0.100000,92.839996,0.140000,-3.030000,290.089996,32.959999,80343.843750,41.17,95.07,6.500000,PM2.5,30275
4.580000,4.880000,0.970000,1.030000,0.100000,93.129997,-0.080000,-3.200000,290.609985,31.700001,80840.648438,41.18,95.25,6.542857,PM2.5,30276
4.560000,4.870000,1.120000,1.180000,0.100000,93.120003,-0.160000,-3.290000,290.630005,30.879999,80524.289062,41.19,95.42,6.514286,PM2.5,30277
4.620000,4.950000,1.470000,1.360000,0.100000,92.660004,0.170000,-3.300000,290.149994,31.129999,79855.578125,41.2,95.6,6.600000,PM2.5,30278
4.170000,4.400000,0.710000,0.710000,0.090000,91.320000,0.250000,-3.400000,290.390015,30.670000,80001.843750,41.22,95.78,5.957143,PM2.5,30279
4.040000,4.250000,0.580000,0.690000,0.090000,91.699997,-0.230000,-3.480000,290.640015,30.230000,80217.828125,41.23,95.96,5.771429,PM2.5,30280
4.000000,4.200000,0.550000,0.810000,0.090000,93.339996,-0.580000,-3.280000,290.220001,31.040001,79919.203125,41.24,96.14,5.714286,PM2.5,30281
3.980000,4.170000,0.520000,0.810000,0.090000,93.709999,-0.580000,-2.920000,289.609985,32.250000,79378.187500,41.25,96.32,5.685714,PM2.5,30282
3.960000,4.150000,0.500000,0.840000,0.090000,93.980003,-0.460000,-2.720000,289.119995,33.130001,78885.570312,41.26,96.49,5.657143,PM2.5,30283
3.940000,4.130000,0.490000,0.890000,0.090000,94.050003,-0.160000,-2.790000,288.970001,33.500000,78725.843750,41.27,96.67,5.628572,PM2.5,30284
3.910000,4.110000,0.470000,0.900000,0.090000,94.150002,0.140000,-2.980000,289.369995,33.209999,79175.656250,41.28,96.85,5.585714,PM2.5,30285
3.880000,4.070000,0.450000,0.780000,0.090000,93.980003,-0.050000,-3.260000,290.390015,32.180000,80353.492188,41.29,97.03,5.542857,PM2.5,30286
3.870000,4.060000,0.440000,0.680000,0.090000,93.639999,-0.390000,-3.520000,291.429993,30.459999,81311.757812,41.3,97.21,5.528571,PM2.5,30287
3.880000,4.070000,0.430000,0.640000,0.090000,92.620003,-0.200000,-3.820000,291.959991,29.680000,81827.906250,41.31,97.39,5.542857,PM2.5,30288
3.910000,4.100000,0.430000,0.650000,0.090000,91.680000,0.060000,-4.340000,292.600006,29.389999,82721.968750,41.32,97.56,5.585714,PM2.5,30289
4.740000,4.980000,0.690000,0.410000,0.090000,90.070000,-0.710000,-2.180000,294.790009,27.139999,86184.007812,41.24,94.16,6.771428,PM2.5,30545
4.710000,4.950000,0.700000,0.410000,0.090000,91.110001,-0.800000,-1.880000,294.230011,27.320000,85264.250000,41.25,94.34,6.728571,PM2.5,30546
4.670000,4.910000,0.700000,0.430000,0.090000,91.620003,-0.670000,-1.670000,293.429993,28.200001,84272.796875,41.26,94.52,6.671429,PM2.5,30547
4.640000,4.880000,0.700000,0.440000,0.090000,91.949997,-0.200000,-1.460000,292.519989,29.510000,83167.671875,41.28,94.7,6.628571,PM2.5,30548
4.600000,4.840000,0.710000,0.490000,0.090000,93.300003,0.130000,-1.530000,291.619995,30.900000,82160.867188,41.29,94.87,6.571428,PM2.5,30549
4.550000,4.800000,0.740000,0.600000,0.090000,94.000000,0.280000,-1.720000,291.160004,31.590000,81711.453125,41.3,95.05,6.500000,PM2.5,30550
4.520000,4.780000,0.790000,0.770000,0.100000,94.169998,0.030000,-2.000000,291.049988,31.230000,81503.109375,41.31,95.23,6.457143,PM2.5,30551
4.430000,4.680000,0.790000,0.800000,0.100000,94.660004,-0.110000,-2.310000,290.529999,31.139999,80590.539062,41.33,95.41,6.328571,PM2.5,30552
4.380000,4.630000,0.860000,0.760000,0.090000,95.019997,0.070000,-2.530000,289.559998,31.980000,79338.726562,41.34,95.59,6.257143,PM2.5,30553
4.200000,4.420000,0.640000,0.590000,0.090000,95.120003,0.260000,-2.870000,288.899994,32.459999,78479.757812,41.35,95.76,6.000000,PM2.5,30554
4.120000,4.320000,0.580000,0.610000,0.090000,94.949997,0.340000,-2.960000,288.450012,33.110001,77974.882812,41.36,95.94,5.885714,PM2.5,30555
4.060000,4.260000,0.550000,0.720000,0.090000,94.580002,0.220000,-2.870000,288.279999,33.889999,77958.359375,41.37,96.12,5.800000,PM2.5,30556
4.030000,4.220000,0.520000,0.760000,0.090000,94.760002,0.010000,-2.730000,288.320007,34.470001,78239.476562,41.38,96.3,5.757143,PM2.5,30557
3.990000,4.180000,0.510000,0.810000,0.090000,95.099998,-0.000000,-2.600000,288.399994,34.910000,78531.656250,41.39,96.48,5.700000,PM2.5,30558
3.960000,4.150000,0.490000,0.890000,0.090000,95.059998,0.170000,-2.610000,288.489990,35.150002,78745.757812,41.4,96.66,5.657143,PM2.5,30559
3.930000,4.120000,0.480000,0.870000,0.090000,94.599998,0.260000,-2.900000,288.799988,34.830002,79031.593750,41.42,96.84,5.614286,PM2.5,30560
3.900000,4.080000,0.460000,0.780000,0.090000,94.139999,0.020000,-3.410000,289.480011,33.910000,79635.781250,41.43,97.02,5.571429,PM2.5,30561
3.890000,4.070000,0.440000,0.670000,0.090000,93.540001,-0.050000,-3.730000,289.890015,33.169998,79893.242188,41.44,97.19,5.557143,PM2.5,30562
3.900000,4.070000,0.430000,0.620000,0.090000,92.550003,0.310000,-4.040000,290.160004,33.320000,80282.640625,41.45,97.37,5.571429,PM2.5,30563
3.910000,4.080000,0.420000,0.620000,0.090000,91.669998,0.830000,-4.560000,291.220001,32.580002,81706.156250,41.45,97.55,5.585714,PM2.5,30564
4.790000,5.140000,0.680000,0.400000,0.100000,90.470001,-0.140000,-1.660000,293.549988,28.590000,84780.031250,41.4,94.5,6.842857,PM2.5,30820
4.740000,5.070000,0.670000,0.410000,0.100000,89.760002,0.100000,-1.600000,293.109985,29.209999,84076.687500,41.41,94.68,6.771428,PM2.5,30821
4.680000,4.990000,0.680000,0.460000,0.090000,92.970001,0.110000,-1.610000,292.459991,30.100000,83398.101562,41.42,94.86,6.685714,PM2.5,30822
4.600000,4.900000,0.680000,0.540000,0.090000,94.139999,0.200000,-1.660000,291.970001,30.590000,82799.242188,41.43,95.03,6.571428,PM2.5,30823
4.520000,4.800000,0.680000,0.650000,0.090000,94.760002,0.160000,-1.700000,291.549988,30.670000,82144.718750,41.45,95.21,6.457143,PM2.5,30824
4.420000,4.690000,0.670000,0.670000,0.090000,95.639999,0.050000,-1.660000,290.950012,30.730000,81227.421875,41.46,95.39,6.314286,PM2.5,30825
4.330000,4.590000,0.650000,0.570000,0.090000,96.150002,0.040000,-1.650000,290.040009,31.410000,80058.421875,41.47,95.57,6.185714,PM2.5,30826
4.250000,4.490000,0.610000,0.540000,0.090000,96.389999,0.280000,-1.720000,288.760010,32.950001,78560.960938,41.48,95.75,6.071429,PM2.5,30827
4.180000,4.400000,0.580000,0.580000,0.090000,96.669998,0.530000,-1.750000,287.600006,34.869999,77351.359375,41.49,95.93,5.971428,PM2.5,30828
4.120000,4.320000,0.550000,0.690000,0.090000,96.419998,0.560000,-1.980000,287.359985,35.849998,77275.796875,41.51,96.11,5.885714,PM2.5,30829
4.070000,4.260000,0.530000,0.710000,0.090000,95.940002,0.540000,-2.270000,287.679993,35.869999,77779.046875,41.52,96.29,5.814286,PM2.5,30830
4.030000,4.220000,0.510000,0.730000,0.090000,95.779999,0.560000,-2.230000,288.230011,35.650002,78535.171875,41.53,96.46,5.757143,PM2.5,30831
4.000000,4.180000,0.490000,0.800000,0.090000,95.510002,0.380000,-2.140000,288.720001,35.919998,79390.773438,41.54,96.64,5.714286,PM2.5,30832
3.970000,4.160000,0.480000,0.850000,0.090000,94.940002,0.150000,-2.200000,288.880005,36.139999,79671.890625,41.55,96.82,5.671429,PM2.5,30833
3.950000,4.140000,0.460000,0.810000,0.090000,94.059998,0.110000,-2.630000,288.850006,36.450001,79468.851562,41.56,97.0,5.642857,PM2.5,30834
3.950000,4.130000,0.440000,0.700000,0.090000,93.370003,0.410000,-2.970000,288.950012,36.509998,79460.296875,41.57,97.18,5.642857,PM2.5,30835
3.930000,4.100000,0.430000,0.610000,0.090000,92.620003,0.940000,-3.330000,289.899994,35.529999,80556.898438,41.58,97.36,5.614286,PM2.5,30836
3.910000,4.090000,0.420000,0.620000,0.090000,91.730003,1.510000,-3.770000,291.470001,33.580002,82486.648438,41.59,97.54,5.585714,PM2.5,30837
3.920000,4.090000,0.410000,0.650000,0.090000,90.879997,1.570000,-4.100000,292.619995,32.330002,83951.890625,41.6,97.72,5.600000,PM2.5,30838
4.710000,5.030000,0.670000,0.450000,0.100000,92.680000,0.220000,-2.270000,292.239990,30.030001,83159.789062,41.56,94.84,6.728571,PM2.5,31096
4.630000,4.940000,0.670000,0.560000,0.100000,93.739998,0.190000,-2.110000,291.859985,30.400000,82727.453125,41.57,95.02,6.614286,PM2.5,31097
4.550000,4.830000,0.660000,0.670000,0.100000,94.639999,0.060000,-2.080000,291.519989,30.629999,82276.343750,41.58,95.2,6.500000,PM2.5,31098
4.460000,4.720000,0.650000,0.700000,0.090000,95.690002,-0.030000,-1.890000,291.079987,30.920000,81722.843750,41.59,95.38,6.371428,PM2.5,31099
4.350000,4.610000,0.630000,0.590000,0.090000,96.430000,-0.090000,-1.450000,290.500000,31.330000,80944.617188,41.61,95.55,6.214285,PM2.5,31100
4.270000,4.520000,0.610000,0.580000,0.090000,96.540001,-0.040000,-1.120000,289.549988,32.500000,79803.843750,41.62,95.73,6.100000,PM2.5,31101
4.200000,4.420000,0.580000,0.610000,0.090000,96.769997,0.120000,-0.990000,288.549988,34.169998,78753.421875,41.63,95.91,6.000000,PM2.5,31102
4.140000,4.340000,0.550000,0.690000,0.090000,96.459999,0.310000,-1.190000,287.869995,35.720001,78114.742188,41.64,96.09,5.914286,PM2.5,31103
4.110000,4.300000,0.530000,0.680000,0.090000,96.099998,0.590000,-1.540000,287.619995,36.520000,77820.953125,41.65,96.27,5.871429,PM2.5,31104
4.070000,4.260000,0.510000,0.690000,0.090000,95.739998,0.700000,-1.790000,288.190002,36.459999,78529.531250,41.66,96.45,5.814286,PM2.5,31105
4.030000,4.210000,0.490000,0.750000,0.090000,94.970001,0.410000,-1.930000,289.190002,36.180000,79954.390625,41.67,96.63,5.757143,PM2.5,31106
4.010000,4.190000,0.470000,0.830000,0.090000,94.699997,0.310000,-1.780000,289.549988,36.750000,80711.421875,41.68,96.81,5.728572,PM2.5,31107
4.000000,4.180000,0.460000,0.860000,0.090000,94.269997,0.560000,-1.800000,289.559998,37.139999,80676.562500,41.69,96.99,5.714286,PM2.5,31108
3.980000,4.160000,0.440000,0.780000,0.090000,93.389999,0.960000,-2.140000,289.899994,36.770000,80911.210938,41.7,97.17,5.685714,PM2.5,31109
3.950000,4.120000,0.430000,0.660000,0.090000,92.529999,1.400000,-2.690000,291.040009,35.090000,82147.250000,41.71,97.35,5.642857,PM2.5,31110
3.930000,4.100000,0.410000,0.640000,0.090000,91.559998,1.540000,-3.300000,292.339996,33.279999,83698.148438,41.72,97.53,5.614286,PM2.5,31111
3.930000,4.100000,0.410000,0.660000,0.090000,90.839996,1.110000,-3.880000,292.809998,32.750000,84274.359375,41.73,97.71,5.614286,PM2.5,31112
4.640000,4.950000,0.660000,0.530000,0.100000,93.220001,0.920000,-2.120000,291.709991,30.049999,82264.437500,41.7,95.0,6.628571,PM2.5,31369
4.540000,4.830000,0.650000,0.640000,0.100000,94.029999,0.490000,-2.490000,291.109985,30.620001,81524.617188,41.71,95.18,6.485714,PM2.5,31370
4.360000,4.620000,0.630000,0.630000,0.090000,97.070000,0.020000,-1.930000,289.760010,32.740002,80295.929688,41.74,95.54,6.228571,PM2.5,31372
4.290000,4.530000,0.610000,0.670000,0.090000,97.120003,-0.040000,-1.500000,289.329987,33.520000,79888.476562,41.75,95.72,6.128572,PM2.5,31373
4.220000,4.430000,0.580000,0.690000,0.090000,96.870003,0.050000,-1.150000,288.769989,34.610001,79235.796875,41.76,95.9,6.028571,PM2.5,31374
4.170000,4.370000,0.550000,0.730000,0.090000,96.510002,0.240000,-1.120000,288.140015,35.900002,78462.382812,41.77,96.08,5.957143,PM2.5,31375
4.150000,4.340000,0.520000,0.700000,0.090000,96.139999,0.490000,-1.280000,287.720001,37.250000,77969.039062,41.79,96.26,5.928572,PM2.5,31376
4.110000,4.300000,0.500000,0.700000,0.090000,95.690002,0.570000,-1.650000,288.200012,37.650002,78620.578125,41.8,96.44,5.871429,PM2.5,31377
4.070000,4.260000,0.480000,0.760000,0.090000,95.040001,0.500000,-1.980000,289.320007,37.119999,80103.468750,41.81,96.62,5.814286,PM2.5,31378
4.050000,4.230000,0.460000,0.800000,0.090000,94.470001,0.510000,-2.020000,290.040009,37.279999,81188.507812,41.82,96.79,5.785715,PM2.5,31379
4.030000,4.210000,0.450000,0.850000,0.090000,93.639999,0.740000,-2.050000,290.420013,37.299999,81743.382812,41.83,96.97,5.757143,PM2.5,31380
4.010000,4.190000,0.440000,0.860000,0.090000,92.470001,1.130000,-2.340000,290.950012,36.430000,82257.796875,41.84,97.15,5.728572,PM2.5,31381
3.970000,4.150000,0.420000,0.690000,0.090000,91.970001,1.340000,-2.890000,291.709991,35.040001,82994.882812,41.85,97.33,5.671429,PM2.5,31382
3.950000,4.120000,0.410000,0.650000,0.090000,91.480003,1.180000,-3.530000,292.429993,33.820000,83809.828125,41.86,97.51,5.642857,PM2.5,31383
3.950000,4.120000,0.400000,0.650000,0.090000,91.199997,0.660000,-3.990000,292.489990,33.650002,83956.742188,41.87,97.69,5.642857,PM2.5,31384
4.200000,4.400000,0.560000,0.810000,0.090000,97.589996,0.600000,-1.660000,287.790009,37.110001,78008.882812,41.91,96.06,6.000000,PM2.5,31649
4.180000,4.370000,0.530000,0.720000,0.090000,96.620003,0.660000,-1.690000,287.760010,38.549999,78115.976562,41.92,96.24,5.971428,PM2.5,31650
4.150000,4.340000,0.500000,0.700000,0.090000,96.129997,0.750000,-2.050000,288.250000,38.970001,78793.648438,41.93,96.42,5.928572,PM2.5,31651
4.110000,4.290000,0.480000,0.750000,0.090000,95.260002,0.870000,-2.440000,289.190002,38.500000,79985.773438,41.94,96.6,5.871429,PM2.5,31652
4.070000,4.250000,0.460000,0.740000,0.090000,94.410004,0.840000,-2.770000,290.000000,38.160000,81063.171875,41.95,96.78,5.814286,PM2.5,31653
4.050000,4.230000,0.440000,0.780000,0.090000,93.400002,0.900000,-3.150000,290.510010,37.750000,81698.742188,41.96,96.96,5.785715,PM2.5,31654
4.030000,4.210000,0.440000,0.860000,0.090000,92.070000,1.110000,-3.400000,291.160004,36.299999,82236.203125,41.97,97.14,5.757143,PM2.5,31655
3.980000,4.160000,0.420000,0.690000,0.090000,91.949997,1.200000,-3.690000,291.959991,34.740002,83075.429688,41.98,97.32,5.685714,PM2.5,31656
3.950000,4.120000,0.410000,0.660000,0.090000,91.800003,1.110000,-4.010000,292.600006,33.740002,83962.992188,41.99,97.5,5.642857,PM2.5,31657
4.190000,4.380000,0.520000,0.640000,0.090000,95.800003,0.880000,-1.950000,288.200012,39.009998,78650.109375,42.05,96.23,5.985714,PM2.5,31919
4.180000,4.370000,0.490000,0.660000,0.090000,96.089996,1.000000,-2.200000,288.239990,40.410000,78945.156250,42.06,96.41,5.971428,PM2.5,31920
4.140000,4.320000,0.460000,0.610000,0.090000,95.269997,1.200000,-2.610000,289.010010,40.090000,79957.039062,42.07,96.59,5.914286,PM2.5,31921
4.100000,4.270000,0.450000,0.610000,0.090000,94.339996,1.140000,-3.030000,289.750000,39.599998,80963.523438,42.08,96.77,5.857143,PM2.5,31922
4.080000,4.250000,0.440000,0.680000,0.090000,93.349998,1.180000,-3.570000,289.929993,39.349998,81139.382812,42.09,96.95,5.828571,PM2.5,31923
4.060000,4.240000,0.440000,0.860000,0.090000,91.709999,1.570000,-3.860000,290.369995,38.099998,81400.203125,42.11,97.13,5.800000,PM2.5,31924
4.000000,4.170000,0.420000,0.720000,0.090000,92.070000,1.800000,-4.210000,291.559998,35.770000,82691.867188,42.11,97.31,5.714286,PM2.5,31925
3.950000,4.120000,0.410000,0.680000,0.090000,92.169998,1.780000,-4.370000,292.690002,33.849998,84142.078125,42.12,97.49,5.642857,PM2.5,31926
4.220000,4.410000,0.500000,0.650000,0.090000,95.300003,0.700000,-1.260000,289.470001,38.730000,80543.296875,42.19,96.21,6.028571,PM2.5,32183
4.200000,4.380000,0.470000,0.660000,0.090000,94.930000,0.980000,-1.600000,289.160004,40.459999,80301.703125,42.2,96.39,6.000000,PM2.5,32184
4.160000,4.340000,0.450000,0.610000,0.090000,94.650002,1.340000,-2.180000,289.510010,40.540001,80806.906250,42.21,96.57,5.942857,PM2.5,32185
4.110000,4.290000,0.440000,0.610000,0.090000,94.290001,1.450000,-2.640000,290.079987,39.990002,81581.789062,42.22,96.75,5.871429,PM2.5,32186
4.090000,4.260000,0.430000,0.660000,0.090000,93.879997,1.620000,-3.030000,290.070007,39.959999,81557.039062,42.23,96.93,5.842857,PM2.5,32187
4.060000,4.240000,0.420000,0.810000,0.090000,91.080002,2.080000,-3.460000,290.459991,38.919998,81768.976562,42.24,97.11,5.800000,PM2.5,32188
4.000000,4.180000,0.420000,0.730000,0.090000,92.489998,2.460000,-3.920000,291.540009,36.310001,82969.312500,42.25,97.29,5.714286,PM2.5,32189
3.950000,4.120000,0.410000,0.710000,0.090000,92.580002,2.540000,-4.090000,292.559998,34.380001,84210.046875,42.26,97.48,5.642857,PM2.5,32190
4.240000,4.420000,0.470000,0.640000,0.090000,93.059998,0.170000,-1.250000,290.790009,38.500000,82476.710938,42.32,96.2,6.057143,PM2.5,32444
4.210000,4.390000,0.450000,0.640000,0.090000,93.419998,0.830000,-1.560000,290.420013,39.730000,82112.210938,42.33,96.38,6.014286,PM2.5,32445
4.160000,4.340000,0.440000,0.630000,0.090000,93.889999,1.550000,-2.040000,290.519989,39.730000,82219.992188,42.34,96.56,5.942857,PM2.5,32446
4.120000,4.290000,0.430000,0.690000,0.090000,93.919998,2.050000,-2.360000,291.100006,38.740002,82912.273438,42.35,96.74,5.885714,PM2.5,32447
4.070000,4.250000,0.430000,0.740000,0.090000,93.839996,2.340000,-2.550000,291.519989,37.860001,83368.640625,42.36,96.92,5.814286,PM2.5,32448
4.030000,4.200000,0.420000,0.710000,0.090000,93.480003,2.760000,-2.820000,291.890015,36.880001,83760.601562,42.37,97.1,5.757143,PM2.5,32449
3.980000,4.150000,0.410000,0.730000,0.090000,93.239998,3.180000,-3.060000,292.489990,35.189999,84372.601562,42.38,97.28,5.685714,PM2.5,32450
4.290000,4.470000,0.460000,0.530000,0.090000,89.610001,-0.490000,-1.650000,291.910004,37.830002,84032.921875,42.44,96.0,6.128572,PM2.5,32693
4.270000,4.450000,0.450000,0.640000,0.090000,91.879997,0.390000,-1.890000,291.059998,39.480000,83225.976562,42.45,96.18,6.100000,PM2.5,32694
4.230000,4.410000,0.440000,0.670000,0.090000,92.779999,1.460000,-2.050000,290.820007,39.900002,82900.750000,42.46,96.36,6.042857,PM2.5,32695
4.180000,4.350000,0.430000,0.680000,0.090000,93.370003,2.330000,-2.260000,291.350006,38.779999,83414.468750,42.48,96.54,5.971428,PM2.5,32696
4.120000,4.290000,0.420000,0.710000,0.090000,93.419998,2.870000,-2.430000,292.250000,37.070000,84398.640625,42.49,96.72,5.885714,PM2.5,32697
4.060000,4.230000,0.420000,0.740000,0.090000,93.199997,3.200000,-2.410000,293.079987,35.509998,85375.726562,42.5,96.91,5.800000,PM2.5,32698
4.010000,4.180000,0.410000,0.770000,0.090000,92.820000,3.540000,-2.320000,293.540009,34.410000,85906.007812,42.51,97.09,5.728572,PM2.5,32699
3.970000,4.140000,0.400000,0.810000,0.090000,92.419998,3.790000,-2.280000,293.730011,33.619999,86057.476562,42.52,97.27,5.671429,PM2.5,32700
4.320000,4.500000,0.450000,0.710000,0.090000,91.669998,0.840000,-2.050000,291.579987,39.400002,84049.843750,42.59,96.17,6.171429,PM2.5,32933
4.260000,4.440000,0.430000,0.760000,0.090000,92.750000,2.030000,-2.400000,291.320007,39.610001,83643.546875,42.6,96.35,6.085715,PM2.5,32934
4.190000,4.370000,0.430000,0.760000,0.090000,93.139999,2.970000,-2.680000,292.079987,37.910000,84435.773438,42.61,96.53,5.985714,PM2.5,32935
4.120000,4.300000,0.420000,0.750000,0.090000,93.000000,3.530000,-2.770000,293.200012,35.779999,85731.843750,42.62,96.71,5.885714,PM2.5,32936
4.060000,4.230000,0.410000,0.760000,0.090000,92.519997,3.810000,-2.670000,293.910004,34.490002,86651.406250,42.63,96.89,5.800000,PM2.5,32937
4.010000,4.180000,0.400000,0.820000,0.090000,91.930000,4.060000,-2.410000,294.179993,33.820000,86946.476562,42.64,97.07,5.728572,PM2.5,32938
