PM2.5(微克每立方米),PM10(微克每立方米),SO2(微克每立方米),NO2(微克每立方米),CO(毫克每立方米),O3(微克每立方米),U(m/s),V(m/s),TEMP(K),RH(%),PSFC(Pa),lat,lon,AQI,Major pollutants,id
0.430000,0.600000,0.030000,0.220000,0.110000,74.309998,10.460000,1.830000,263.040009,50.650002,56491.898438,31.71,96.11,2.750000,CO,12494
0.470000,0.640000,0.050000,0.300000,0.110000,70.230003,7.070000,-0.260000,268.089996,36.630001,60948.480469,31.74,96.59,2.750000,CO,12497
0.520000,0.680000,0.060000,0.310000,0.110000,68.720001,5.620000,-0.110000,267.089996,41.009998,60677.531250,31.75,96.75,2.750000,CO,12498
0.470000,0.580000,0.040000,0.320000,0.110000,71.669998,8.350000,2.860000,259.529999,68.769997,55111.300781,31.81,95.62,2.750000,CO,12741
0.450000,0.590000,0.030000,0.280000,0.110000,73.070000,8.960000,3.450000,261.100006,61.320000,55962.660156,31.82,95.78,2.750000,CO,12742
0.420000,0.580000,0.030000,0.240000,0.110000,75.000000,10.300000,3.060000,262.670013,52.349998,56664.570312,31.84,95.94,2.750000,CO,12743
0.410000,0.570000,0.040000,0.230000,0.110000,74.029999,10.420000,1.850000,266.190002,39.540001,59117.738281,31.85,96.1,2.750000,CO,12744
0.430000,0.590000,0.050000,0.370000,0.110000,71.730003,8.320000,-1.010000,266.040009,39.150002,59315.660156,31.87,96.42,2.750000,CO,12746
0.490000,0.660000,0.070000,0.380000,0.110000,70.480003,7.830000,-0.820000,266.540009,37.889999,59721.640625,31.88,96.58,2.750000,CO,12747
0.550000,0.720000,0.090000,0.370000,0.110000,69.000000,5.470000,-0.170000,266.940002,40.180000,60993.140625,31.89,96.74,2.750000,CO,12748
0.430000,0.560000,0.030000,0.300000,0.110000,71.650002,8.590000,3.360000,258.320007,70.900002,54440.558594,31.94,95.45,2.750000,CO,12990
0.410000,0.540000,0.030000,0.270000,0.110000,72.769997,9.780000,3.100000,260.399994,59.700001,55599.660156,31.95,95.61,2.750000,CO,12991
0.400000,0.540000,0.030000,0.260000,0.110000,73.339996,9.700000,3.260000,262.959991,51.060001,57488.128906,31.96,95.77,2.750000,CO,12992
0.400000,0.540000,0.030000,0.240000,0.110000,74.370003,9.740000,2.480000,264.709991,45.330002,58706.500000,31.97,95.93,2.750000,CO,12993
0.400000,0.550000,0.040000,0.230000,0.110000,72.730003,8.930000,0.670000,266.640015,38.820000,60120.109375,31.98,96.09,2.750000,CO,12994
0.460000,0.620000,0.070000,0.330000,0.110000,71.430000,7.420000,-0.540000,266.820007,38.009998,60463.179688,31.99,96.25,2.750000,CO,12995
0.530000,0.700000,0.110000,0.420000,0.110000,71.029999,7.850000,0.190000,265.320007,40.930000,59121.351562,32.0,96.41,2.750000,CO,12996
0.570000,0.750000,0.120000,0.440000,0.120000,71.870003,7.570000,-0.400000,265.660004,40.529999,59539.601562,32.02,96.57,3.000000,CO,12997
0.600000,0.780000,0.120000,0.410000,0.120000,72.139999,5.030000,-0.480000,265.899994,43.770000,60838.890625,32.03,96.73,3.000000,CO,12998
0.580000,0.770000,0.120000,0.360000,0.120000,72.660004,3.390000,-0.560000,265.839996,46.880001,61474.398438,32.04,96.89,3.000000,CO,12999
0.570000,0.750000,0.110000,0.300000,0.110000,72.349998,4.590000,0.460000,264.959991,50.060001,60222.250000,32.06,97.21,2.750000,CO,13001
0.370000,0.490000,0.030000,0.230000,0.110000,74.309998,10.050000,2.240000,261.640015,49.250000,56319.738281,32.08,95.59,2.750000,CO,13242
0.380000,0.500000,0.040000,0.230000,0.110000,74.290001,9.100000,1.680000,263.850006,43.840000,58186.878906,32.09,95.75,2.750000,CO,13243
0.380000,0.510000,0.040000,0.220000,0.110000,74.410004,8.270000,0.990000,264.070007,43.740002,58451.441406,32.11,95.91,2.750000,CO,13244
0.400000,0.540000,0.050000,0.230000,0.110000,74.690002,7.770000,0.120000,264.230011,42.720001,58540.820312,32.12,96.07,2.750000,CO,13245
0.500000,0.660000,0.100000,0.320000,0.120000,74.519997,8.040000,0.100000,264.489990,41.330002,58718.289062,32.13,96.23,3.000000,CO,13246
0.630000,0.820000,0.160000,0.440000,0.120000,73.349998,7.420000,1.030000,265.839996,38.459999,59739.859375,32.14,96.39,3.000000,CO,13247
0.690000,0.890000,0.170000,0.510000,0.120000,71.769997,4.430000,0.200000,265.820007,43.730000,61260.128906,32.15,96.55,3.000000,CO,13248
0.640000,0.830000,0.150000,0.450000,0.120000,71.949997,2.640000,-0.750000,264.779999,49.389999,61153.921875,32.16,96.71,3.000000,CO,13249
0.640000,0.830000,0.140000,0.400000,0.120000,71.430000,1.780000,-1.770000,264.380005,51.520000,61264.949219,32.17,96.87,3.000000,CO,13250
0.670000,0.870000,0.150000,0.370000,0.120000,71.400002,1.070000,-1.950000,263.799988,54.040001,60877.800781,32.18,97.03,3.000000,CO,13251
0.660000,0.860000,0.140000,0.340000,0.120000,71.669998,2.550000,-1.340000,262.779999,56.700001,59465.859375,32.19,97.19,3.000000,CO,13252
0.340000,0.420000,0.030000,0.220000,0.110000,74.010002,8.970000,3.160000,261.529999,48.070000,56542.738281,32.21,95.42,2.750000,CO,13493
0.350000,0.450000,0.030000,0.220000,0.110000,74.000000,9.400000,1.620000,262.809998,43.840000,57414.660156,32.22,95.58,2.750000,CO,13494
0.360000,0.470000,0.040000,0.220000,0.110000,74.180000,8.630000,0.580000,263.010010,43.419998,57674.058594,32.23,95.74,2.750000,CO,13495
0.370000,0.480000,0.040000,0.210000,0.110000,74.559998,8.150000,0.600000,262.739990,43.759998,57425.820312,32.24,95.9,2.750000,CO,13496
0.390000,0.510000,0.050000,0.220000,0.110000,74.820000,8.050000,0.800000,263.250000,42.180000,57803.421875,32.25,96.06,2.750000,CO,13497
0.460000,0.600000,0.090000,0.300000,0.120000,74.660004,8.570000,1.010000,264.029999,39.279999,58263.519531,32.26,96.22,3.000000,CO,13498
0.580000,0.750000,0.140000,0.430000,0.120000,72.760002,6.740000,0.170000,265.600006,37.580002,59944.640625,32.28,96.38,3.000000,CO,13499
0.630000,0.810000,0.160000,0.530000,0.120000,71.070000,2.710000,-0.940000,264.980011,46.160000,61571.519531,32.29,96.54,3.000000,CO,13500
0.610000,0.790000,0.140000,0.480000,0.120000,71.230003,1.280000,-1.660000,264.100006,50.060001,61280.500000,32.3,96.7,3.000000,CO,13501
0.630000,0.810000,0.140000,0.400000,0.120000,70.690002,1.280000,-2.440000,263.239990,53.410000,60759.980469,32.31,96.86,3.000000,CO,13502
0.680000,0.870000,0.150000,0.360000,0.120000,70.809998,1.370000,-2.800000,262.619995,55.160000,60247.578125,32.32,97.02,3.000000,CO,13503
0.670000,0.870000,0.150000,0.330000,0.120000,71.180000,2.430000,-2.040000,261.519989,58.619999,59058.968750,32.33,97.18,3.000000,CO,13504
0.630000,0.820000,0.130000,0.300000,0.110000,71.070000,4.940000,-0.940000,260.399994,61.650002,57587.828125,32.34,97.34,2.750000,CO,13505
0.310000,0.410000,0.030000,0.220000,0.110000,72.680000,8.880000,2.280000,262.820007,45.000000,58011.289062,32.33,95.24,2.750000,CO,13746
0.320000,0.420000,0.030000,0.220000,0.110000,72.559998,8.070000,2.460000,264.029999,41.959999,59182.800781,32.34,95.4,2.750000,CO,13747
0.360000,0.460000,0.040000,0.220000,0.110000,72.440002,7.730000,1.400000,263.309998,44.049999,58777.839844,32.35,95.56,2.750000,CO,13748
0.400000,0.520000,0.060000,0.240000,0.110000,72.589996,8.160000,1.160000,262.260010,46.320000,57862.039062,32.37,95.72,2.750000,CO,13749
0.430000,0.550000,0.070000,0.250000,0.110000,72.889999,8.700000,1.050000,263.089996,43.389999,58292.910156,32.38,95.88,2.750000,CO,13750
0.430000,0.560000,0.070000,0.280000,0.120000,72.989998,8.600000,1.040000,264.660004,39.270000,59519.789062,32.39,96.05,3.000000,CO,13751
0.450000,0.580000,0.080000,0.330000,0.120000,72.129997,7.550000,0.650000,265.820007,36.590000,60575.339844,32.4,96.21,3.000000,CO,13752
0.490000,0.630000,0.090000,0.450000,0.120000,70.739998,4.580000,-0.720000,265.269989,41.560001,61383.960938,32.41,96.37,3.000000,CO,13753
0.520000,0.670000,0.110000,0.520000,0.120000,70.639999,2.130000,-1.790000,263.850006,48.230000,61013.160156,32.42,96.53,3.000000,CO,13754
0.540000,0.690000,0.110000,0.460000,0.120000,70.669998,1.940000,-2.190000,262.809998,52.130001,60216.769531,32.43,96.69,3.000000,CO,13755
0.570000,0.740000,0.120000,0.390000,0.120000,70.419998,2.330000,-2.550000,261.929993,55.060001,59481.031250,32.44,96.85,3.000000,CO,13756
0.610000,0.790000,0.130000,0.350000,0.120000,70.129997,3.490000,-2.170000,260.790009,58.150002,58236.019531,32.45,97.01,3.000000,CO,13757
0.620000,0.800000,0.140000,0.340000,0.110000,69.809998,5.860000,-1.220000,259.720001,60.200001,56926.988281,32.46,97.17,2.750000,CO,13758
0.590000,0.760000,0.120000,0.320000,0.110000,69.750000,8.790000,0.760000,259.859985,57.619999,56494.710938,32.47,97.33,2.750000,CO,13759
0.510000,0.630000,0.090000,0.480000,0.110000,72.339996,10.430000,-1.720000,265.750000,38.209999,60400.500000,32.63,100.56,2.750000,CO,13779
0.560000,0.670000,0.100000,0.550000,0.110000,68.709999,6.450000,-3.850000,265.119995,39.910000,61781.539062,32.64,100.88,2.750000,CO,13781
0.290000,0.390000,0.020000,0.200000,0.110000,71.209999,9.020000,1.700000,258.619995,58.459999,55112.261719,32.44,94.91,2.750000,CO,14001
0.290000,0.380000,0.020000,0.200000,0.110000,71.540001,10.570000,1.390000,259.459991,54.110001,55495.191406,32.45,95.07,2.750000,CO,14002
0.290000,0.380000,0.020000,0.190000,0.110000,71.809998,9.900000,0.870000,262.549988,44.590000,57756.238281,32.46,95.23,2.750000,CO,14003
0.290000,0.390000,0.030000,0.200000,0.110000,71.160004,7.930000,0.450000,263.959991,41.970001,59260.730469,32.48,95.39,2.750000,CO,14004
0.320000,0.420000,0.040000,0.200000,0.110000,70.910004,7.340000,0.780000,263.130005,44.980000,58944.410156,32.49,95.55,2.750000,CO,14005
0.350000,0.450000,0.050000,0.210000,0.110000,70.919998,7.620000,1.310000,263.100006,45.349998,59088.441406,32.5,95.71,2.750000,CO,14006
0.360000,0.470000,0.050000,0.220000,0.110000,70.730003,7.880000,0.450000,263.359985,44.689999,59365.671875,32.51,95.87,2.750000,CO,14007
0.380000,0.500000,0.060000,0.240000,0.110000,70.660004,8.160000,-0.140000,264.549988,41.549999,60305.140625,32.52,96.03,2.750000,CO,14008
0.410000,0.530000,0.070000,0.270000,0.120000,69.820000,7.140000,-0.790000,265.859985,38.799999,61657.031250,32.54,96.19,3.000000,CO,14009
0.420000,0.540000,0.070000,0.340000,0.120000,68.730003,4.590000,-0.740000,264.709991,43.740002,61559.820312,32.55,96.35,3.000000,CO,14010
0.430000,0.560000,0.080000,0.430000,0.110000,68.620003,2.670000,-0.290000,262.859985,50.500000,60421.691406,32.56,96.51,2.750000,CO,14011
0.430000,0.560000,0.080000,0.450000,0.110000,68.949997,3.050000,-0.320000,261.100006,55.720001,58700.429688,32.57,96.68,2.750000,CO,14012
0.430000,0.570000,0.080000,0.380000,0.110000,68.669998,4.870000,-0.180000,259.700012,59.040001,57139.339844,32.58,96.84,2.750000,CO,14013
0.460000,0.600000,0.090000,0.350000,0.110000,68.410004,6.740000,0.710000,258.790009,61.139999,56085.230469,32.59,97.0,2.750000,CO,14014
0.450000,0.570000,0.090000,0.320000,0.110000,69.190002,9.050000,1.490000,258.920013,55.900002,55523.570312,32.6,97.16,2.750000,CO,14015
0.460000,0.590000,0.090000,0.320000,0.110000,69.139999,11.540000,2.050000,260.630005,47.900002,56428.718750,32.61,97.32,2.750000,CO,14016
0.450000,0.570000,0.090000,0.340000,0.110000,68.980003,10.800000,1.120000,264.109985,38.650002,59341.078125,32.62,97.48,2.750000,CO,14017
0.580000,0.700000,0.100000,0.430000,0.110000,70.110001,10.230000,0.140000,264.559998,42.540001,60059.691406,32.75,100.22,2.750000,CO,14034
0.560000,0.680000,0.100000,0.470000,0.110000,70.190002,9.570000,-1.440000,264.540009,42.500000,60402.210938,32.76,100.39,2.750000,CO,14035
0.550000,0.670000,0.100000,0.510000,0.110000,70.059998,9.590000,-1.690000,264.109985,43.009998,59991.769531,32.77,100.55,2.750000,CO,14036
0.560000,0.680000,0.100000,0.550000,0.110000,68.199997,7.420000,-2.480000,264.299988,42.270000,61019.199219,32.77,100.71,2.750000,CO,14037
0.580000,0.700000,0.110000,0.570000,0.110000,66.589996,4.830000,-4.150000,263.730011,42.369999,61813.988281,32.78,100.87,2.750000,CO,14038
0.560000,0.670000,0.110000,0.580000,0.110000,65.720001,5.590000,-4.780000,264.029999,41.290001,61556.429688,32.78,101.03,2.750000,CO,14039
0.530000,0.640000,0.100000,0.560000,0.110000,65.709999,7.130000,-2.910000,264.359985,40.680000,61503.691406,32.79,101.2,2.750000,CO,14040
0.280000,0.390000,0.030000,0.160000,0.110000,66.919998,7.710000,0.180000,260.320007,50.459999,55080.820312,32.49,93.93,2.750000,CO,14252
0.270000,0.380000,0.030000,0.160000,0.110000,68.779999,8.640000,0.650000,259.510010,52.169998,54413.238281,32.51,94.09,2.750000,CO,14253
0.270000,0.370000,0.030000,0.160000,0.110000,69.860001,9.420000,0.330000,259.500000,51.220001,54378.449219,32.52,94.25,2.750000,CO,14254
0.270000,0.330000,0.020000,0.170000,0.110000,71.940002,8.890000,1.020000,259.190002,54.450001,55054.320312,32.57,94.89,2.750000,CO,14258
0.260000,0.350000,0.020000,0.170000,0.110000,72.279999,9.460000,1.220000,261.000000,48.209999,56399.519531,32.59,95.05,2.750000,CO,14259
0.260000,0.350000,0.020000,0.170000,0.110000,71.750000,8.610000,0.290000,262.760010,43.919998,57945.050781,32.6,95.21,2.750000,CO,14260
0.270000,0.350000,0.020000,0.170000,0.110000,71.370003,8.200000,-0.510000,261.970001,46.430000,57509.800781,32.61,95.37,2.750000,CO,14261
0.280000,0.360000,0.030000,0.170000,0.110000,71.059998,8.390000,-0.230000,261.970001,46.919998,57607.859375,32.62,95.54,2.750000,CO,14262
0.290000,0.370000,0.030000,0.180000,0.110000,70.519997,7.430000,-0.170000,262.739990,45.950001,58646.980469,32.64,95.7,2.750000,CO,14263
0.290000,0.380000,0.030000,0.180000,0.110000,70.110001,7.220000,-0.410000,262.200012,47.990002,58443.460938,32.65,95.86,2.750000,CO,14264
0.320000,0.420000,0.050000,0.190000,0.110000,70.059998,7.940000,-0.420000,262.809998,46.119999,58807.230469,32.66,96.02,2.750000,CO,14265
0.360000,0.460000,0.060000,0.220000,0.110000,69.510002,7.930000,-0.760000,263.809998,43.410000,59705.988281,32.67,96.18,2.750000,CO,14266
0.370000,0.470000,0.060000,0.270000,0.110000,68.440002,6.990000,-0.340000,263.690002,44.299999,59867.800781,32.68,96.34,2.750000,CO,14267
0.390000,0.500000,0.070000,0.350000,0.110000,67.459999,4.430000,1.020000,262.109985,52.310001,59824.289062,32.69,96.5,2.750000,CO,14268
0.400000,0.520000,0.070000,0.400000,0.110000,67.709999,3.960000,2.510000,260.390015,57.750000,58362.531250,32.7,96.66,2.750000,CO,14269
0.400000,0.520000,0.070000,0.360000,0.110000,67.790001,6.940000,3.770000,259.829987,56.279999,57181.609375,32.72,96.82,2.750000,CO,14270
0.400000,0.520000,0.070000,0.330000,0.110000,68.040001,9.440000,3.790000,260.799988,49.740002,57236.488281,32.73,96.99,2.750000,CO,14271
0.420000,0.540000,0.080000,0.320000,0.110000,68.059998,11.100000,3.630000,261.529999,45.480000,57460.199219,32.74,97.15,2.750000,CO,14272
0.410000,0.530000,0.080000,0.310000,0.110000,68.709999,10.930000,1.790000,262.750000,40.639999,58276.980469,32.75,97.31,2.750000,CO,14273
0.540000,0.660000,0.100000,0.420000,0.110000,66.830002,9.620000,-0.600000,263.040009,45.910000,59561.960938,32.86,99.57,2.750000,CO,14287
0.540000,0.660000,0.100000,0.410000,0.110000,67.300003,9.590000,-0.520000,263.230011,44.759998,59645.480469,32.87,99.73,2.750000,CO,14288
0.550000,0.660000,0.100000,0.400000,0.110000,67.900002,8.270000,-0.400000,264.260010,42.040001,60834.910156,32.89,100.22,2.750000,CO,14291
0.540000,0.650000,0.090000,0.420000,0.110000,67.940002,8.540000,-0.830000,263.140015,44.750000,60028.789062,32.9,100.38,2.750000,CO,14292
0.540000,0.650000,0.090000,0.450000,0.110000,67.589996,8.840000,-0.900000,263.559998,43.320000,60111.449219,32.9,100.54,2.750000,CO,14293
0.560000,0.670000,0.100000,0.550000,0.110000,65.720001,5.130000,-2.530000,264.119995,41.759998,62110.640625,32.91,100.7,2.750000,CO,14294
0.570000,0.680000,0.110000,0.540000,0.110000,65.269997,3.140000,-3.910000,263.450012,42.980000,61735.640625,32.91,100.87,2.750000,CO,14295
0.540000,0.640000,0.100000,0.490000,0.110000,64.610001,6.170000,-4.150000,262.399994,45.540001,60096.191406,32.92,101.03,2.750000,CO,14296
0.260000,0.360000,0.030000,0.150000,0.110000,66.230003,9.520000,-0.360000,259.390015,37.599998,53918.640625,32.59,93.43,2.750000,CO,14511
0.260000,0.360000,0.030000,0.150000,0.110000,66.470001,9.420000,-0.480000,260.260010,36.900002,54568.148438,32.6,93.59,2.750000,CO,14512
0.270000,0.360000,0.030000,0.150000,0.110000,66.440002,8.730000,-0.460000,260.739990,38.910000,55106.109375,32.61,93.75,2.750000,CO,14513
0.270000,0.360000,0.030000,0.150000,0.110000,67.190002,8.750000,0.160000,260.600006,42.970001,55090.398438,32.63,93.91,2.750000,CO,14514
0.270000,0.360000,0.030000,0.150000,0.110000,69.580002,9.070000,0.420000,261.130005,43.570000,55554.199219,32.64,94.07,2.750000,CO,14515
0.260000,0.350000,0.030000,0.150000,0.110000,70.680000,9.220000,0.080000,261.170013,44.509998,55708.058594,32.66,94.23,2.750000,CO,14516
0.260000,0.350000,0.030000,0.150000,0.110000,71.529999,9.510000,-0.290000,260.890015,45.099998,55579.960938,32.67,94.39,2.750000,CO,14517
0.260000,0.350000,0.030000,0.150000,0.110000,71.900002,9.370000,-0.510000,261.070007,44.500000,55876.269531,32.68,94.55,2.750000,CO,14518
0.260000,0.340000,0.030000,0.160000,0.110000,72.419998,9.210000,-0.080000,260.049988,48.759998,55395.769531,32.7,94.72,2.750000,CO,14519
0.250000,0.310000,0.020000,0.150000,0.110000,73.250000,9.630000,0.360000,260.000000,48.980000,55422.808594,32.71,94.88,2.750000,CO,14520
0.250000,0.320000,0.020000,0.160000,0.110000,73.019997,9.070000,0.310000,262.690002,42.389999,57682.320312,32.72,95.04,2.750000,CO,14521
0.250000,0.320000,0.020000,0.160000,0.110000,72.360001,7.660000,0.030000,263.450012,41.849998,58656.269531,32.74,95.2,2.750000,CO,14522
0.250000,0.330000,0.030000,0.170000,0.110000,71.989998,7.800000,0.080000,261.769989,46.779999,57448.421875,32.75,95.36,2.750000,CO,14523
0.260000,0.330000,0.030000,0.170000,0.110000,71.720001,8.370000,-0.410000,261.269989,48.310001,57142.058594,32.76,95.52,2.750000,CO,14524
0.260000,0.340000,0.030000,0.180000,0.110000,71.669998,8.120000,-0.880000,261.100006,49.369999,57143.941406,32.77,95.68,2.750000,CO,14525
0.270000,0.350000,0.030000,0.200000,0.110000,71.160004,8.300000,-0.410000,261.200012,49.340000,57260.308594,32.78,95.84,2.750000,CO,14526
0.290000,0.370000,0.040000,0.210000,0.110000,70.540001,8.130000,-0.020000,262.429993,46.250000,58338.968750,32.8,96.0,2.750000,CO,14527
0.330000,0.410000,0.050000,0.240000,0.110000,69.470001,7.580000,0.030000,262.440002,47.259998,58755.621094,32.81,96.17,2.750000,CO,14528
0.350000,0.440000,0.060000,0.280000,0.110000,68.370003,7.760000,-0.020000,262.380005,47.720001,58856.320312,32.82,96.33,2.750000,CO,14529
0.380000,0.480000,0.070000,0.320000,0.110000,67.160004,6.980000,0.530000,261.809998,51.540001,59161.148438,32.83,96.49,2.750000,CO,14530
0.400000,0.510000,0.070000,0.370000,0.110000,66.480003,6.580000,2.360000,260.350006,58.299999,58562.949219,32.84,96.65,2.750000,CO,14531
0.410000,0.520000,0.070000,0.370000,0.110000,66.500000,7.990000,3.740000,261.399994,53.090000,59155.800781,32.85,96.81,2.750000,CO,14532
0.440000,0.560000,0.100000,0.390000,0.110000,66.760002,8.920000,3.880000,263.290009,45.340000,60397.171875,32.86,96.97,2.750000,CO,14533
0.550000,0.700000,0.180000,0.490000,0.120000,66.580002,8.620000,3.080000,263.779999,42.590000,60547.550781,32.87,97.13,3.000000,CO,14534
0.560000,0.710000,0.160000,0.460000,0.120000,66.239998,6.630000,0.800000,262.700012,46.770000,60308.078125,32.88,97.3,3.000000,CO,14535
0.560000,0.670000,0.110000,0.510000,0.110000,65.129997,9.040000,0.280000,260.029999,55.049999,57818.300781,32.98,99.24,2.750000,CO,14547
0.530000,0.640000,0.100000,0.450000,0.110000,65.879997,9.900000,0.100000,261.649994,48.980000,58645.800781,32.99,99.4,2.750000,CO,14548
0.510000,0.620000,0.090000,0.440000,0.110000,66.580002,9.930000,-0.380000,261.920013,47.970001,58669.671875,33.0,99.56,2.750000,CO,14549
0.490000,0.590000,0.090000,0.410000,0.110000,67.379997,10.500000,-0.440000,262.200012,46.180000,58700.839844,33.01,99.72,2.750000,CO,14550
0.490000,0.590000,0.080000,0.370000,0.110000,67.599998,9.260000,-0.340000,264.140015,40.060001,60345.449219,33.02,100.05,2.750000,CO,14552
0.500000,0.600000,0.090000,0.380000,0.110000,67.209999,8.200000,-0.460000,263.399994,42.520000,60211.179688,33.03,100.21,2.750000,CO,14553
0.510000,0.610000,0.090000,0.400000,0.110000,66.809998,8.370000,0.080000,263.000000,43.740002,59915.980469,33.03,100.37,2.750000,CO,14554
0.520000,0.620000,0.090000,0.480000,0.110000,65.570000,6.970000,-1.100000,263.690002,42.630001,61153.910156,33.04,100.53,2.750000,CO,14555
0.520000,0.610000,0.090000,0.560000,0.110000,64.690002,3.610000,-3.120000,263.549988,42.930000,62317.960938,33.04,100.7,2.750000,CO,14556
0.510000,0.610000,0.090000,0.490000,0.110000,64.400002,3.200000,-3.520000,262.529999,45.330002,60958.199219,33.05,100.86,2.750000,CO,14557
0.490000,0.580000,0.090000,0.440000,0.110000,63.880001,6.370000,-3.020000,261.079987,49.540001,59129.671875,33.05,101.02,2.750000,CO,14558
0.250000,0.330000,0.030000,0.140000,0.110000,67.430000,10.820000,-0.760000,258.640015,34.080002,53266.820312,32.69,93.09,2.750000,CO,14770
0.250000,0.330000,0.030000,0.140000,0.110000,66.709999,11.000000,-1.030000,259.500000,30.920000,53841.550781,32.71,93.25,2.750000,CO,14771
0.250000,0.330000,0.030000,0.130000,0.110000,67.320000,10.440000,-1.120000,261.070007,28.100000,55035.519531,32.72,93.41,2.750000,CO,14772
0.260000,0.330000,0.030000,0.140000,0.110000,66.669998,9.200000,-1.330000,262.119995,27.320000,56068.800781,32.74,93.57,2.750000,CO,14773
0.270000,0.340000,0.030000,0.140000,0.110000,66.239998,8.540000,-0.900000,262.010010,29.309999,56237.070312,32.75,93.73,2.750000,CO,14774
0.270000,0.350000,0.040000,0.140000,0.110000,66.169998,8.520000,-0.280000,262.000000,32.389999,56415.769531,32.76,93.89,2.750000,CO,14775
0.270000,0.350000,0.030000,0.140000,0.110000,68.269997,8.510000,-0.180000,262.109985,35.299999,56648.789062,32.78,94.06,2.750000,CO,14776
0.270000,0.350000,0.030000,0.150000,0.110000,69.339996,8.620000,-0.220000,261.450012,39.790001,56325.039062,32.79,94.22,2.750000,CO,14777
0.270000,0.340000,0.030000,0.140000,0.110000,70.220001,9.140000,-0.360000,260.720001,43.200001,55842.519531,32.81,94.38,2.750000,CO,14778
0.260000,0.340000,0.030000,0.140000,0.110000,70.860001,9.370000,-0.480000,260.709991,43.950001,55912.011719,32.82,94.54,2.750000,CO,14779
0.250000,0.330000,0.030000,0.140000,0.110000,71.519997,9.630000,-0.150000,260.320007,45.709999,55703.550781,32.83,94.7,2.750000,CO,14780
0.250000,0.320000,0.030000,0.140000,0.110000,72.199997,10.130000,-0.090000,260.859985,44.349998,56102.941406,32.85,94.86,2.750000,CO,14781
0.240000,0.310000,0.030000,0.140000,0.110000,71.940002,9.370000,-0.470000,262.970001,39.830002,57866.191406,32.86,95.02,2.750000,CO,14782
0.250000,0.310000,0.030000,0.160000,0.110000,71.309998,7.820000,-0.640000,263.839996,38.799999,58898.691406,32.87,95.18,2.750000,CO,14783
0.250000,0.310000,0.030000,0.190000,0.110000,70.750000,6.930000,-0.280000,263.100006,42.009998,58795.171875,32.88,95.34,2.750000,CO,14784
0.250000,0.310000,0.030000,0.220000,0.110000,70.529999,6.680000,-0.170000,261.690002,47.180000,58041.910156,32.9,95.51,2.750000,CO,14785
0.250000,0.320000,0.030000,0.240000,0.110000,70.330002,7.390000,-0.120000,260.519989,50.730000,57098.941406,32.91,95.67,2.750000,CO,14786
0.260000,0.320000,0.030000,0.250000,0.110000,70.190002,8.430000,-0.340000,260.829987,49.389999,57221.058594,32.92,95.83,2.750000,CO,14787
0.270000,0.330000,0.040000,0.260000,0.110000,69.589996,8.350000,-0.840000,261.779999,46.650002,58103.691406,32.93,95.99,2.750000,CO,14788
0.300000,0.370000,0.040000,0.270000,0.110000,68.589996,7.660000,-0.340000,261.940002,47.029999,58623.121094,32.94,96.15,2.750000,CO,14789
0.330000,0.410000,0.060000,0.290000,0.110000,67.480003,7.600000,0.260000,261.290009,50.160000,58547.121094,32.95,96.31,2.750000,CO,14790
0.360000,0.450000,0.060000,0.320000,0.110000,66.610001,7.960000,0.640000,260.940002,52.080002,58432.460938,32.97,96.48,2.750000,CO,14791
0.380000,0.470000,0.070000,0.340000,0.110000,66.089996,8.360000,1.210000,260.630005,53.650002,58205.449219,32.98,96.64,2.750000,CO,14792
0.390000,0.480000,0.070000,0.340000,0.110000,65.940002,9.230000,0.800000,261.470001,50.490002,58862.019531,32.99,96.8,2.750000,CO,14793
0.430000,0.530000,0.090000,0.390000,0.110000,65.019997,8.620000,1.370000,263.549988,44.509998,60830.320312,33.0,96.96,2.750000,CO,14794
0.610000,0.760000,0.190000,0.600000,0.120000,63.990002,5.270000,1.460000,263.529999,45.919998,61901.000000,33.01,97.12,3.000000,CO,14795
0.630000,0.770000,0.170000,0.640000,0.120000,64.820000,2.980000,0.980000,261.829987,52.320000,60838.539062,33.02,97.28,3.000000,CO,14796
0.600000,0.750000,0.160000,0.580000,0.110000,65.080002,5.220000,2.930000,259.790009,58.320000,58498.460938,33.03,97.45,2.750000,CO,14797
0.580000,0.690000,0.110000,0.520000,0.110000,63.910000,10.460000,-0.130000,260.049988,51.939999,57446.789062,33.11,99.07,2.750000,CO,14807
0.540000,0.640000,0.100000,0.470000,0.110000,64.680000,10.110000,0.630000,261.149994,48.320000,58234.878906,33.12,99.23,2.750000,CO,14808
0.510000,0.610000,0.090000,0.430000,0.110000,65.309998,9.570000,0.600000,261.679993,47.360001,58701.410156,33.13,99.39,2.750000,CO,14809
0.490000,0.580000,0.080000,0.420000,0.110000,65.940002,9.750000,0.530000,261.450012,47.959999,58491.621094,33.13,99.55,2.750000,CO,14810
0.470000,0.560000,0.080000,0.400000,0.110000,66.589996,10.330000,0.130000,261.730011,46.860001,58555.800781,33.14,99.72,2.750000,CO,14811
0.450000,0.540000,0.070000,0.370000,0.110000,67.019997,10.310000,-0.630000,262.450012,44.270000,59051.800781,33.15,99.88,2.750000,CO,14812
0.460000,0.550000,0.070000,0.350000,0.110000,67.029999,9.670000,-1.010000,263.079987,42.320000,59623.789062,33.15,100.04,2.750000,CO,14813
0.470000,0.560000,0.080000,0.360000,0.110000,66.449997,8.890000,-0.860000,263.119995,42.529999,59890.421875,33.16,100.2,2.750000,CO,14814
0.490000,0.580000,0.080000,0.400000,0.110000,65.330002,7.510000,-0.920000,263.279999,43.060001,60570.281250,33.17,100.37,2.750000,CO,14815
0.510000,0.600000,0.090000,0.510000,0.110000,64.349998,5.250000,-2.100000,263.230011,44.060001,61675.589844,33.17,100.53,2.750000,CO,14816
0.510000,0.600000,0.090000,0.570000,0.110000,64.070000,3.650000,-3.100000,262.750000,45.099998,61611.558594,33.18,100.69,2.750000,CO,14817
0.510000,0.590000,0.090000,0.510000,0.110000,63.889999,4.550000,-2.560000,261.500000,48.169998,60014.000000,33.18,100.85,2.750000,CO,14818
0.490000,0.570000,0.090000,0.460000,0.110000,63.770000,7.280000,-1.750000,260.519989,51.099998,58639.621094,33.19,101.02,2.750000,CO,14819
0.590000,0.680000,0.120000,0.540000,0.110000,62.369999,3.740000,-2.090000,264.089996,47.419998,62876.089844,33.21,101.67,2.750000,CO,14823
0.270000,0.330000,0.030000,0.220000,0.110000,66.070000,9.490000,-0.100000,257.029999,42.080002,52917.539062,32.75,92.27,2.750000,CO,15023
0.260000,0.320000,0.030000,0.180000,0.110000,66.110001,10.550000,-0.300000,257.739990,35.009998,53046.281250,32.78,92.59,2.750000,CO,15025
0.260000,0.320000,0.030000,0.160000,0.110000,66.290001,11.650000,-0.230000,257.429993,34.299999,52670.191406,32.8,92.75,2.750000,CO,15026
0.260000,0.320000,0.030000,0.150000,0.110000,66.500000,12.000000,-0.170000,258.510010,31.340000,53348.488281,32.81,92.91,2.750000,CO,15027
0.260000,0.320000,0.030000,0.150000,0.110000,67.279999,10.750000,-0.520000,260.429993,27.750000,54758.460938,32.83,93.07,2.750000,CO,15028
0.270000,0.320000,0.030000,0.140000,0.110000,67.019997,9.580000,-1.040000,261.450012,26.290001,55623.480469,32.84,93.23,2.750000,CO,15029
0.270000,0.330000,0.040000,0.140000,0.110000,66.919998,9.240000,-1.800000,262.000000,25.719999,56187.308594,32.86,93.39,2.750000,CO,15030
0.290000,0.340000,0.040000,0.140000,0.110000,66.779999,8.910000,-2.000000,262.480011,25.440001,56711.019531,32.87,93.56,2.750000,CO,15031
0.300000,0.360000,0.050000,0.140000,0.110000,66.529999,8.470000,-1.490000,262.600006,26.000000,56976.050781,32.89,93.72,2.750000,CO,15032
0.300000,0.360000,0.050000,0.140000,0.110000,66.260002,8.210000,-0.960000,262.239990,28.030001,56862.109375,32.9,93.88,2.750000,CO,15033
0.310000,0.370000,0.050000,0.140000,0.110000,67.849998,8.130000,-0.470000,261.649994,30.850000,56540.519531,32.91,94.04,2.750000,CO,15034
0.300000,0.370000,0.040000,0.140000,0.110000,68.660004,8.360000,0.100000,260.839996,35.799999,56033.179688,32.93,94.2,2.750000,CO,15035
0.290000,0.350000,0.040000,0.140000,0.110000,69.599998,9.110000,0.140000,260.209991,39.410000,55498.589844,32.94,94.36,2.750000,CO,15036
0.280000,0.340000,0.040000,0.140000,0.110000,70.449997,9.630000,-0.190000,260.570007,39.790001,55728.359375,32.95,94.52,2.750000,CO,15037
0.270000,0.330000,0.030000,0.130000,0.110000,71.160004,9.900000,-0.470000,260.779999,40.110001,55879.640625,32.97,94.68,2.750000,CO,15038
0.260000,0.320000,0.030000,0.130000,0.110000,71.419998,10.030000,-0.870000,261.459991,38.869999,56412.378906,32.98,94.85,2.750000,CO,15039
0.250000,0.310000,0.030000,0.130000,0.110000,70.750000,8.810000,-1.210000,263.160004,35.880001,57874.609375,32.99,95.01,2.750000,CO,15040
0.250000,0.310000,0.030000,0.130000,0.110000,70.349998,7.420000,-1.590000,262.910004,37.570000,58072.929688,33.01,95.17,2.750000,CO,15041
0.250000,0.300000,0.030000,0.140000,0.110000,70.160004,7.530000,-1.750000,261.790009,40.759998,57432.988281,33.02,95.33,2.750000,CO,15042
0.250000,0.300000,0.030000,0.150000,0.110000,69.980003,7.880000,-1.030000,261.279999,42.529999,57218.460938,33.03,95.49,2.750000,CO,15043
0.250000,0.300000,0.030000,0.150000,0.110000,69.720001,7.670000,-0.250000,260.829987,45.250000,57178.050781,33.04,95.65,2.750000,CO,15044
0.250000,0.300000,0.030000,0.150000,0.110000,69.709999,7.650000,-0.560000,260.239990,48.110001,57002.789062,33.06,95.82,2.750000,CO,15045
0.250000,0.310000,0.030000,0.150000,0.110000,69.510002,8.340000,-1.060000,259.850006,49.349998,56670.929688,33.07,95.98,2.750000,CO,15046
0.270000,0.330000,0.040000,0.150000,0.110000,69.000000,8.890000,-0.810000,260.690002,46.230000,57246.519531,33.08,96.14,2.750000,CO,15047
0.300000,0.360000,0.040000,0.170000,0.110000,67.839996,8.680000,0.220000,261.480011,44.430000,58139.820312,33.09,96.3,2.750000,CO,15048
0.330000,0.400000,0.050000,0.210000,0.110000,66.629997,8.140000,1.130000,261.630005,45.470001,58603.578125,33.1,96.46,2.750000,CO,15049
0.360000,0.440000,0.060000,0.260000,0.110000,65.779999,7.650000,1.330000,260.220001,51.990002,58101.179688,33.11,96.62,2.750000,CO,15050
0.380000,0.460000,0.070000,0.280000,0.110000,65.610001,9.230000,0.800000,259.929993,52.049999,57618.710938,33.12,96.79,2.750000,CO,15051
0.400000,0.480000,0.070000,0.320000,0.110000,64.980003,9.640000,0.620000,262.820007,42.240002,59550.808594,33.13,96.95,2.750000,CO,15052
0.510000,0.620000,0.110000,0.490000,0.120000,63.290001,5.140000,0.400000,262.529999,46.230000,60931.789062,33.14,97.11,3.000000,CO,15053
0.590000,0.710000,0.140000,0.660000,0.120000,63.680000,3.620000,1.240000,260.260010,55.770000,59432.550781,33.15,97.27,3.000000,CO,15054
0.590000,0.720000,0.140000,0.670000,0.120000,63.939999,6.960000,4.220000,259.989990,57.220001,58930.660156,33.16,97.43,3.000000,CO,15055
0.630000,0.730000,0.130000,0.560000,0.110000,62.080002,8.900000,0.680000,258.480011,58.599998,56991.128906,33.24,98.9,2.750000,CO,15064
0.560000,0.660000,0.110000,0.480000,0.110000,63.549999,10.350000,-0.040000,259.459991,53.369999,57235.628906,33.25,99.06,2.750000,CO,15065
0.520000,0.610000,0.100000,0.440000,0.110000,64.330002,10.440000,-0.290000,260.609985,48.799999,57947.941406,33.26,99.22,2.750000,CO,15066
0.500000,0.590000,0.090000,0.420000,0.110000,64.510002,9.750000,0.480000,261.899994,45.320000,59001.468750,33.26,99.38,2.750000,CO,15067
0.490000,0.570000,0.080000,0.420000,0.110000,64.620003,9.140000,1.010000,262.029999,45.349998,59198.859375,33.27,99.55,2.750000,CO,15068
0.480000,0.560000,0.080000,0.410000,0.110000,64.930000,9.040000,0.550000,261.720001,46.560001,59009.839844,33.28,99.71,2.750000,CO,15069
0.470000,0.550000,0.080000,0.380000,0.110000,65.330002,9.130000,-0.140000,261.579987,47.209999,58934.218750,33.28,99.87,2.750000,CO,15070
0.470000,0.550000,0.080000,0.370000,0.110000,65.440002,9.020000,-0.740000,261.959991,45.980000,59206.789062,33.29,100.03,2.750000,CO,15071
0.480000,0.560000,0.080000,0.400000,0.110000,65.029999,8.190000,-1.630000,261.940002,46.860001,59610.000000,33.3,100.2,2.750000,CO,15072
0.490000,0.580000,0.080000,0.450000,0.110000,64.360001,7.050000,-2.660000,261.750000,48.220001,60019.960938,33.3,100.36,2.750000,CO,15073
0.500000,0.580000,0.090000,0.520000,0.110000,63.869999,5.800000,-2.850000,261.950012,47.730000,60557.699219,33.31,100.52,2.750000,CO,15074
0.500000,0.590000,0.090000,0.580000,0.110000,63.669998,5.090000,-2.110000,261.459991,48.880001,60209.320312,33.31,100.68,2.750000,CO,15075
0.500000,0.590000,0.090000,0.590000,0.110000,63.689999,6.220000,-0.920000,260.899994,50.070000,59414.359375,33.32,100.85,2.750000,CO,15076
0.480000,0.560000,0.090000,0.550000,0.110000,64.160004,8.110000,-0.470000,261.209991,49.299999,59286.109375,33.33,101.01,2.750000,CO,15077
0.470000,0.540000,0.080000,0.520000,0.110000,64.639999,9.430000,-0.730000,261.820007,47.459999,59473.289062,33.33,101.17,2.750000,CO,15078
0.470000,0.550000,0.080000,0.520000,0.110000,64.029999,8.500000,-1.730000,263.609985,43.560001,60909.859375,33.33,101.33,2.750000,CO,15079
0.510000,0.600000,0.100000,0.600000,0.110000,62.720001,5.200000,-2.470000,264.670013,43.500000,62904.910156,33.34,101.5,2.750000,CO,15080
0.270000,0.320000,0.030000,0.230000,0.110000,66.989998,9.030000,0.150000,257.239990,37.459999,53121.218750,32.87,92.09,2.750000,CO,15281
0.270000,0.320000,0.030000,0.210000,0.110000,67.110001,9.850000,0.390000,257.519989,34.869999,53143.261719,32.88,92.25,2.750000,CO,15282
0.270000,0.320000,0.030000,0.180000,0.110000,67.330002,10.120000,0.320000,258.049988,32.250000,53418.281250,32.9,92.41,2.750000,CO,15283
0.260000,0.310000,0.030000,0.170000,0.110000,67.519997,10.170000,0.400000,258.359985,30.940001,53575.140625,32.91,92.57,2.750000,CO,15284
0.260000,0.310000,0.030000,0.150000,0.110000,67.980003,10.500000,0.120000,258.799988,29.370001,53809.261719,32.93,92.73,2.750000,CO,15285
0.260000,0.310000,0.030000,0.150000,0.110000,68.199997,10.420000,-0.680000,259.859985,27.469999,54515.230469,32.95,92.89,2.750000,CO,15286
0.270000,0.310000,0.030000,0.140000,0.110000,67.769997,9.530000,-1.340000,261.369995,24.680000,55768.828125,32.96,93.05,2.750000,CO,15287
0.270000,0.320000,0.040000,0.140000,0.110000,67.940002,8.750000,-1.590000,262.529999,24.200001,56758.390625,32.98,93.22,2.750000,CO,15288
0.280000,0.330000,0.040000,0.130000,0.110000,68.110001,8.800000,-1.680000,262.250000,25.430000,56626.660156,32.99,93.38,2.750000,CO,15289
0.280000,0.330000,0.040000,0.130000,0.110000,68.230003,9.220000,-1.820000,261.920013,26.469999,56371.429688,33.01,93.54,2.750000,CO,15290
0.290000,0.330000,0.040000,0.130000,0.110000,68.139999,9.230000,-1.710000,262.089996,26.670000,56541.351562,33.02,93.7,2.750000,CO,15291
0.290000,0.330000,0.040000,0.120000,0.110000,67.910004,9.090000,-1.410000,261.850006,27.530001,56437.371094,33.04,93.86,2.750000,CO,15292
0.290000,0.330000,0.040000,0.120000,0.110000,67.660004,9.050000,-1.000000,261.570007,28.309999,56307.199219,33.05,94.02,2.750000,CO,15293
0.290000,0.340000,0.040000,0.120000,0.110000,67.309998,8.870000,-0.240000,261.559998,29.870001,56471.148438,33.06,94.18,2.750000,CO,15294
0.290000,0.340000,0.040000,0.120000,0.110000,67.080002,8.890000,0.210000,261.660004,31.719999,56665.828125,33.08,94.35,2.750000,CO,15295
0.280000,0.330000,0.040000,0.120000,0.110000,67.029999,9.050000,-0.090000,261.940002,32.599998,56925.851562,33.09,94.51,2.750000,CO,15296
0.280000,0.320000,0.040000,0.120000,0.110000,66.930000,9.400000,-0.680000,261.500000,34.730000,56615.558594,33.1,94.67,2.750000,CO,15297
0.270000,0.320000,0.040000,0.110000,0.110000,66.650002,9.750000,-1.500000,261.260010,35.330002,56413.128906,33.12,94.83,2.750000,CO,15298
0.270000,0.310000,0.040000,0.110000,0.110000,65.820000,8.590000,-1.830000,262.290009,33.790001,57385.839844,33.13,94.99,2.750000,CO,15299
0.260000,0.300000,0.030000,0.110000,0.110000,67.480003,7.130000,-1.560000,261.630005,36.110001,57217.550781,33.14,95.15,2.750000,CO,15300
0.260000,0.300000,0.030000,0.100000,0.110000,68.250000,7.920000,-1.650000,259.660004,40.849998,55675.378906,33.15,95.32,2.750000,CO,15301
0.250000,0.290000,0.030000,0.100000,0.110000,68.900002,9.170000,-1.580000,259.450012,40.560001,55414.789062,33.17,95.48,2.750000,CO,15302
0.250000,0.290000,0.030000,0.100000,0.110000,69.199997,8.970000,-1.070000,259.959991,39.470001,55925.269531,33.18,95.64,2.750000,CO,15303
0.250000,0.290000,0.030000,0.100000,0.110000,69.379997,8.760000,-0.670000,259.510010,41.259998,55771.898438,33.19,95.8,2.750000,CO,15304
0.250000,0.290000,0.030000,0.110000,0.110000,69.750000,9.260000,-0.270000,259.209991,43.020000,55627.058594,33.2,95.96,2.750000,CO,15305
0.260000,0.310000,0.030000,0.110000,0.110000,69.660004,9.770000,-0.450000,259.709991,41.830002,56009.308594,33.21,96.13,2.750000,CO,15306
0.290000,0.330000,0.040000,0.130000,0.110000,68.900002,9.610000,-0.350000,261.239990,37.900002,57338.089844,33.23,96.29,2.750000,CO,15307
0.320000,0.370000,0.050000,0.170000,0.110000,67.519997,8.310000,0.130000,261.959991,37.650002,58487.960938,33.24,96.45,2.750000,CO,15308
0.350000,0.410000,0.060000,0.230000,0.110000,66.330002,7.620000,1.040000,260.309998,44.689999,58040.300781,33.25,96.61,2.750000,CO,15309
0.370000,0.430000,0.060000,0.260000,0.110000,65.730003,8.930000,1.940000,260.579987,45.060001,58165.898438,33.26,96.77,2.750000,CO,15310
0.390000,0.450000,0.070000,0.300000,0.110000,64.879997,8.680000,0.510000,262.059998,41.619999,59656.640625,33.27,96.94,2.750000,CO,15311
0.460000,0.550000,0.090000,0.430000,0.120000,63.770000,6.020000,-0.640000,260.890015,47.110001,59878.429688,33.28,97.1,3.000000,CO,15312
0.520000,0.610000,0.110000,0.530000,0.120000,63.169998,6.150000,1.170000,259.480011,52.869999,58758.019531,33.29,97.26,3.000000,CO,15313
0.540000,0.640000,0.110000,0.570000,0.120000,62.840000,8.060000,2.020000,260.179993,52.570000,59465.160156,33.3,97.42,3.000000,CO,15314
0.550000,0.650000,0.110000,0.550000,0.120000,62.439999,7.900000,1.370000,261.200012,50.349998,60621.968750,33.31,97.59,3.000000,CO,15315
0.670000,0.780000,0.130000,0.530000,0.110000,61.520000,8.020000,2.370000,257.859985,63.419998,57541.109375,33.38,98.89,2.750000,CO,15323
0.570000,0.650000,0.110000,0.440000,0.110000,62.959999,9.290000,1.280000,258.100006,60.000000,56828.019531,33.38,99.05,2.750000,CO,15324
0.520000,0.600000,0.090000,0.400000,0.110000,63.980000,10.840000,0.400000,259.160004,52.849998,56957.281250,33.39,99.21,2.750000,CO,15325
0.500000,0.570000,0.090000,0.390000,0.110000,64.300003,10.820000,0.280000,261.589996,44.049999,58601.359375,33.4,99.37,2.750000,CO,15326
0.490000,0.570000,0.080000,0.400000,0.110000,63.939999,8.920000,0.310000,262.470001,42.310001,59489.488281,33.41,99.54,2.750000,CO,15327
0.490000,0.570000,0.080000,0.400000,0.110000,63.970001,7.700000,0.180000,261.679993,46.049999,59382.980469,33.41,99.7,2.750000,CO,15328
0.490000,0.560000,0.080000,0.390000,0.110000,64.129997,7.690000,0.040000,261.209991,48.320000,59210.398438,33.42,99.86,2.750000,CO,15329
0.490000,0.570000,0.080000,0.410000,0.110000,63.900002,7.260000,-0.730000,261.140015,49.720001,59543.519531,33.43,100.03,2.750000,CO,15330
0.500000,0.580000,0.080000,0.450000,0.110000,63.730000,6.140000,-1.570000,260.420013,53.360001,59734.019531,33.43,100.19,2.750000,CO,15331
0.500000,0.580000,0.080000,0.490000,0.110000,63.509998,6.250000,-2.430000,259.769989,55.209999,59271.089844,33.44,100.35,2.750000,CO,15332
0.500000,0.570000,0.080000,0.530000,0.110000,63.330002,7.120000,-2.320000,260.200012,53.130001,59226.148438,33.44,100.51,2.750000,CO,15333
0.500000,0.580000,0.090000,0.560000,0.110000,63.110001,7.160000,-0.970000,260.709991,51.049999,59506.390625,33.45,100.68,2.750000,CO,15334
0.490000,0.570000,0.090000,0.580000,0.110000,63.520000,7.190000,0.210000,261.440002,48.770000,60135.949219,33.46,100.84,2.750000,CO,15335
0.480000,0.560000,0.080000,0.570000,0.110000,63.910000,7.980000,-0.040000,261.959991,47.470001,60516.269531,33.46,101.0,2.750000,CO,15336
0.480000,0.550000,0.080000,0.540000,0.110000,64.059998,8.800000,-0.640000,262.359985,46.770000,60698.679688,33.47,101.17,2.750000,CO,15337
0.490000,0.560000,0.080000,0.560000,0.110000,63.130001,7.560000,-1.950000,263.779999,43.860001,62204.390625,33.47,101.33,2.750000,CO,15338
0.520000,0.600000,0.100000,0.620000,0.110000,62.169998,4.930000,-2.650000,263.880005,44.900002,63209.289062,33.48,101.49,2.750000,CO,15339
0.580000,0.670000,0.130000,0.690000,0.110000,61.970001,4.120000,-1.850000,263.059998,48.930000,63114.511719,33.48,101.66,2.750000,CO,15340
0.280000,0.320000,0.030000,0.230000,0.110000,67.150002,8.640000,0.830000,257.399994,33.810001,53262.218750,32.98,91.91,2.750000,CO,15541
0.270000,0.310000,0.030000,0.200000,0.110000,67.389999,9.910000,0.070000,256.839996,33.830002,52694.890625,33.0,92.07,2.750000,CO,15542
0.270000,0.310000,0.030000,0.180000,0.110000,68.150002,10.910000,0.070000,256.760010,33.209999,52480.480469,33.02,92.23,2.750000,CO,15543
0.270000,0.310000,0.030000,0.160000,0.110000,68.620003,11.020000,0.260000,257.700012,30.660000,53053.851562,33.03,92.39,2.750000,CO,15544
0.260000,0.300000,0.030000,0.150000,0.110000,68.540001,10.510000,0.010000,259.160004,28.059999,54102.179688,33.05,92.55,2.750000,CO,15545
0.270000,0.310000,0.030000,0.150000,0.110000,68.349998,10.250000,-0.490000,260.369995,25.480000,55093.371094,33.07,92.71,2.750000,CO,15546
0.270000,0.310000,0.030000,0.140000,0.110000,67.930000,9.730000,-1.250000,261.190002,25.610001,55699.339844,33.08,92.87,2.750000,CO,15547
0.280000,0.320000,0.040000,0.140000,0.110000,67.580002,9.630000,-1.520000,261.299988,22.120001,56181.570312,33.1,93.04,2.750000,CO,15548
0.260000,0.290000,0.030000,0.110000,0.110000,74.440002,10.630000,-2.100000,263.209991,30.559999,56666.429688,33.11,93.2,2.750000,CO,15549
0.270000,0.310000,0.040000,0.110000,0.110000,71.889999,10.500000,-2.150000,262.670013,28.850000,56508.218750,33.13,93.36,2.750000,CO,15550
0.270000,0.310000,0.040000,0.110000,0.110000,70.769997,9.830000,-2.250000,261.470001,28.690001,55905.789062,33.14,93.52,2.750000,CO,15551
0.280000,0.310000,0.040000,0.110000,0.110000,70.019997,9.670000,-2.250000,260.980011,28.450001,55689.480469,33.16,93.68,2.750000,CO,15552
0.280000,0.320000,0.040000,0.110000,0.110000,69.500000,9.590000,-2.150000,261.059998,27.650000,55843.761719,33.17,93.84,2.750000,CO,15553
0.280000,0.320000,0.040000,0.110000,0.110000,69.190002,9.700000,-2.140000,261.269989,26.870001,56048.570312,33.18,94.01,2.750000,CO,15554
0.280000,0.320000,0.040000,0.110000,0.110000,68.760002,9.660000,-1.800000,261.839996,25.760000,56538.468750,33.2,94.17,2.750000,CO,15555
0.280000,0.320000,0.040000,0.110000,0.110000,67.989998,9.140000,-1.140000,262.850006,24.760000,57458.898438,33.21,94.33,2.750000,CO,15556
0.290000,0.320000,0.040000,0.110000,0.110000,67.120003,8.470000,-0.850000,263.369995,25.240000,58052.429688,33.23,94.49,2.750000,CO,15557
0.290000,0.320000,0.040000,0.100000,0.110000,66.570000,8.170000,-1.190000,262.609985,28.040001,57702.359375,33.24,94.65,2.750000,CO,15558
0.280000,0.320000,0.040000,0.100000,0.110000,66.309998,8.540000,-1.850000,261.100006,31.680000,56663.148438,33.25,94.81,2.750000,CO,15559
0.280000,0.310000,0.040000,0.100000,0.110000,66.110001,8.450000,-1.990000,260.779999,32.509998,56448.898438,33.27,94.98,2.750000,CO,15560
0.270000,0.310000,0.030000,0.090000,0.110000,67.879997,7.450000,-0.990000,260.779999,33.360001,56596.218750,33.28,95.14,2.750000,CO,15561
0.260000,0.300000,0.030000,0.090000,0.110000,68.739998,7.790000,-0.480000,259.179993,37.720001,55402.628906,33.29,95.3,2.750000,CO,15562
0.260000,0.290000,0.030000,0.090000,0.110000,69.570000,9.470000,-0.780000,258.250000,38.799999,54492.199219,33.3,95.46,2.750000,CO,15563
0.260000,0.290000,0.030000,0.090000,0.110000,69.500000,10.420000,-0.960000,258.369995,37.410000,54580.390625,33.31,95.62,2.750000,CO,15564
0.260000,0.290000,0.030000,0.090000,0.110000,70.389999,10.390000,-0.690000,259.029999,35.610001,54993.050781,33.33,95.79,2.750000,CO,15565
0.260000,0.290000,0.030000,0.100000,0.110000,70.430000,9.770000,-0.250000,260.480011,33.400002,56197.371094,33.34,95.95,2.750000,CO,15566
0.280000,0.320000,0.040000,0.130000,0.110000,70.089996,9.370000,-0.440000,260.820007,34.040001,56727.109375,33.35,96.11,2.750000,CO,15567
0.300000,0.340000,0.050000,0.180000,0.110000,69.489998,9.340000,-0.990000,260.690002,35.029999,56927.390625,33.36,96.27,2.750000,CO,15568
0.320000,0.370000,0.050000,0.230000,0.110000,68.690002,8.890000,-1.020000,260.769989,35.639999,57438.550781,33.37,96.44,2.750000,CO,15569
0.320000,0.370000,0.050000,0.250000,0.110000,67.750000,8.710000,-0.040000,261.049988,35.980000,58011.070312,33.38,96.6,2.750000,CO,15570
0.330000,0.380000,0.050000,0.280000,0.110000,66.529999,7.910000,0.610000,261.260010,38.570000,59038.609375,33.39,96.76,2.750000,CO,15571
0.340000,0.390000,0.050000,0.310000,0.110000,65.610001,6.610000,-1.240000,260.170013,43.970001,59002.628906,33.4,96.92,2.750000,CO,15572
0.400000,0.470000,0.070000,0.380000,0.110000,64.879997,6.670000,-1.130000,260.000000,45.220001,58845.621094,33.41,97.09,2.750000,CO,15573
0.450000,0.530000,0.090000,0.440000,0.120000,64.059998,6.820000,0.890000,259.459991,49.169998,58972.269531,33.42,97.25,3.000000,CO,15574
0.490000,0.570000,0.100000,0.470000,0.120000,63.580002,7.390000,-0.270000,258.890015,52.360001,58613.359375,33.43,97.41,3.000000,CO,15575
0.500000,0.580000,0.100000,0.440000,0.120000,63.320000,8.640000,-0.750000,259.640015,49.119999,58817.839844,33.44,97.57,3.000000,CO,15576
0.630000,0.740000,0.120000,0.450000,0.120000,61.799999,9.190000,3.120000,258.790009,57.290001,58144.878906,33.51,98.88,3.000000,CO,15584
0.600000,0.690000,0.110000,0.440000,0.110000,62.070000,9.750000,3.230000,258.660004,57.950001,57665.878906,33.52,99.04,2.750000,CO,15585
0.540000,0.620000,0.090000,0.410000,0.110000,63.570000,10.950000,2.360000,259.440002,53.119999,57622.050781,33.53,99.2,2.750000,CO,15586
0.510000,0.590000,0.090000,0.410000,0.110000,63.970001,10.810000,0.890000,261.350006,45.630001,58722.230469,33.54,99.37,2.750000,CO,15587
0.520000,0.600000,0.090000,0.430000,0.110000,63.700001,9.150000,-0.350000,261.850006,45.029999,59404.128906,33.54,99.53,2.750000,CO,15588
0.530000,0.620000,0.090000,0.440000,0.110000,63.389999,7.770000,-0.660000,261.200012,48.840000,59488.601562,33.55,99.69,2.750000,CO,15589
0.540000,0.630000,0.100000,0.480000,0.110000,63.009998,6.820000,-0.940000,260.679993,52.270000,59695.000000,33.56,99.85,2.750000,CO,15590
0.550000,0.640000,0.100000,0.480000,0.110000,62.680000,5.430000,-1.130000,260.279999,54.840000,60387.019531,33.56,100.02,2.750000,CO,15591
0.540000,0.620000,0.100000,0.450000,0.110000,63.209999,4.130000,-0.730000,259.850006,56.349998,60751.828125,33.57,100.18,2.750000,CO,15592
0.520000,0.600000,0.090000,0.420000,0.110000,63.080002,4.940000,-0.640000,259.279999,57.380001,59860.628906,33.57,100.34,2.750000,CO,15593
0.520000,0.600000,0.090000,0.430000,0.110000,62.660000,7.320000,-0.450000,259.190002,56.860001,59201.851562,33.58,100.51,2.750000,CO,15594
0.520000,0.600000,0.090000,0.430000,0.110000,62.570000,8.080000,-0.280000,260.739990,51.389999,59996.539062,33.59,100.67,2.750000,CO,15595
0.510000,0.590000,0.090000,0.450000,0.110000,62.639999,7.360000,0.330000,261.899994,48.070000,61099.308594,33.59,100.83,2.750000,CO,15596
0.500000,0.570000,0.090000,0.470000,0.110000,62.799999,7.350000,0.060000,261.859985,48.380001,61112.820312,33.6,101.0,2.750000,CO,15597
0.490000,0.570000,0.090000,0.480000,0.110000,62.549999,7.660000,-1.120000,261.790009,49.180000,61184.578125,33.6,101.16,2.750000,CO,15598
0.490000,0.570000,0.090000,0.520000,0.110000,61.910000,6.920000,-2.470000,262.399994,47.660000,62067.968750,33.61,101.32,2.750000,CO,15599
0.510000,0.590000,0.090000,0.570000,0.110000,61.450001,5.760000,-2.250000,262.709991,47.310001,62506.820312,33.61,101.49,2.750000,CO,15600
0.290000,0.330000,0.030000,0.090000,0.110000,65.360001,8.960000,-0.000000,257.700012,31.680000,53899.800781,33.09,91.57,2.750000,CO,15799
0.290000,0.320000,0.030000,0.140000,0.110000,65.459999,9.080000,1.220000,258.250000,30.809999,54348.371094,33.1,91.73,2.750000,CO,15800
0.280000,0.320000,0.030000,0.180000,0.110000,66.150002,8.920000,1.440000,258.279999,30.790001,54239.730469,33.12,91.89,2.750000,CO,15801
0.280000,0.320000,0.030000,0.170000,0.110000,66.500000,10.560000,0.700000,256.140015,34.520000,52448.660156,33.14,92.05,2.750000,CO,15802
0.280000,0.310000,0.030000,0.140000,0.110000,68.480003,12.300000,0.020000,256.160004,33.770000,52089.808594,33.15,92.21,2.750000,CO,15803
0.270000,0.310000,0.030000,0.130000,0.110000,68.800003,11.670000,-0.290000,258.320007,29.030001,53530.609375,33.17,92.37,2.750000,CO,15804
0.270000,0.310000,0.030000,0.130000,0.110000,68.459999,10.600000,-0.770000,259.940002,26.100000,54770.480469,33.19,92.53,2.750000,CO,15805
0.280000,0.310000,0.030000,0.130000,0.110000,68.080002,10.200000,-1.310000,260.779999,24.750000,55476.828125,33.2,92.69,2.750000,CO,15806
0.280000,0.320000,0.030000,0.120000,0.110000,67.629997,9.850000,-1.760000,261.399994,23.809999,56057.210938,33.22,92.86,2.750000,CO,15807
0.290000,0.320000,0.040000,0.120000,0.110000,67.180000,9.390000,-1.570000,261.769989,23.410000,56502.000000,33.23,93.02,2.750000,CO,15808
0.290000,0.330000,0.040000,0.120000,0.110000,66.820000,8.860000,-1.730000,262.019989,23.030001,56857.089844,33.25,93.18,2.750000,CO,15809
0.300000,0.340000,0.040000,0.120000,0.110000,66.550003,8.550000,-1.670000,261.690002,23.370001,56715.929688,33.26,93.34,2.750000,CO,15810
0.300000,0.340000,0.040000,0.120000,0.110000,66.500000,8.950000,-1.660000,260.799988,24.469999,55998.601562,33.28,93.5,2.750000,CO,15811
0.300000,0.340000,0.040000,0.120000,0.110000,66.669998,9.440000,-1.690000,260.489990,24.870001,55669.218750,33.29,93.66,2.750000,CO,15812
0.300000,0.340000,0.040000,0.110000,0.110000,66.989998,9.590000,-1.730000,260.519989,25.020000,55637.960938,33.31,93.83,2.750000,CO,15813
0.290000,0.330000,0.040000,0.110000,0.110000,67.580002,9.920000,-1.890000,260.290009,25.650000,55413.539062,33.32,93.99,2.750000,CO,15814
0.290000,0.330000,0.040000,0.100000,0.110000,68.199997,10.320000,-2.190000,260.519989,25.600000,55512.109375,33.33,94.15,2.750000,CO,15815
0.290000,0.330000,0.040000,0.100000,0.110000,67.760002,9.820000,-2.210000,261.980011,24.090000,56659.828125,33.35,94.31,2.750000,CO,15816
0.300000,0.330000,0.040000,0.100000,0.110000,66.720001,8.380000,-2.100000,262.959991,23.930000,57677.390625,33.36,94.47,2.750000,CO,15817
0.300000,0.340000,0.040000,0.100000,0.110000,66.500000,7.460000,-2.370000,261.899994,27.070000,57282.058594,33.37,94.64,2.750000,CO,15818
0.290000,0.330000,0.040000,0.100000,0.110000,66.889999,8.460000,-2.510000,259.769989,31.520000,55641.230469,33.39,94.8,2.750000,CO,15819
0.290000,0.320000,0.040000,0.090000,0.110000,66.599998,9.910000,-2.260000,258.750000,33.169998,54751.500000,33.4,94.96,2.750000,CO,15820
0.280000,0.310000,0.030000,0.090000,0.110000,69.230003,9.660000,-1.150000,259.359985,32.099998,55128.660156,33.41,95.12,2.750000,CO,15821
0.270000,0.310000,0.030000,0.090000,0.110000,69.370003,9.670000,-0.180000,258.850006,34.020000,54837.269531,33.43,95.29,2.750000,CO,15822
0.270000,0.300000,0.030000,0.090000,0.110000,69.860001,10.700000,-0.190000,258.779999,34.310001,54762.761719,33.44,95.45,2.750000,CO,15823
0.270000,0.300000,0.030000,0.090000,0.110000,70.190002,11.090000,-0.710000,258.980011,33.900002,54953.808594,33.45,95.61,2.750000,CO,15824
0.270000,0.300000,0.030000,0.090000,0.110000,71.290001,10.800000,-1.190000,259.510010,33.049999,55283.550781,33.46,95.77,2.750000,CO,15825
0.270000,0.300000,0.030000,0.110000,0.110000,71.239998,9.620000,-1.340000,261.730011,29.440001,57133.800781,33.47,95.94,2.750000,CO,15826
0.290000,0.320000,0.040000,0.150000,0.110000,70.730003,8.460000,-1.080000,261.869995,30.219999,57663.230469,33.49,96.1,2.750000,CO,15827
0.300000,0.330000,0.040000,0.180000,0.110000,70.129997,8.540000,-0.920000,260.299988,34.160000,56820.140625,33.5,96.26,2.750000,CO,15828
0.310000,0.340000,0.040000,0.200000,0.110000,69.599998,8.860000,-0.850000,259.959991,35.619999,56911.261719,33.51,96.42,2.750000,CO,15829
0.300000,0.340000,0.040000,0.210000,0.110000,68.750000,8.600000,-1.040000,260.890015,34.209999,57799.960938,33.52,96.59,2.750000,CO,15830
0.300000,0.340000,0.040000,0.220000,0.110000,67.919998,6.970000,-0.920000,260.359985,37.950001,58416.839844,33.53,96.75,2.750000,CO,15831
0.300000,0.340000,0.040000,0.220000,0.110000,67.459999,6.720000,-1.170000,258.640015,43.930000,57245.390625,33.54,96.91,2.750000,CO,15832
0.340000,0.390000,0.060000,0.290000,0.110000,66.930000,8.570000,-0.530000,259.829987,40.939999,57565.621094,33.55,97.07,2.750000,CO,15833
0.380000,0.440000,0.070000,0.320000,0.110000,65.820000,7.810000,0.680000,260.350006,42.080002,58671.968750,33.56,97.24,2.750000,CO,15834
0.410000,0.470000,0.070000,0.330000,0.110000,65.099998,7.540000,0.710000,258.540009,49.470001,57520.601562,33.57,97.4,2.750000,CO,15835
0.640000,0.740000,0.120000,0.410000,0.120000,61.689999,9.040000,3.120000,258.510010,57.209999,58272.839844,33.64,98.7,3.000000,CO,15843
0.610000,0.710000,0.110000,0.390000,0.120000,62.020000,9.260000,2.570000,260.109985,51.709999,59213.281250,33.65,98.87,3.000000,CO,15844
0.580000,0.670000,0.100000,0.400000,0.110000,62.650002,8.820000,2.690000,260.309998,52.009998,59251.660156,33.66,99.03,2.750000,CO,15845
0.550000,0.640000,0.090000,0.410000,0.110000,63.169998,9.350000,2.100000,260.859985,50.320000,59555.640625,33.66,99.19,2.750000,CO,15846
0.540000,0.630000,0.090000,0.450000,0.110000,63.060001,8.830000,0.620000,261.420013,49.029999,60066.031250,33.67,99.36,2.750000,CO,15847
0.560000,0.650000,0.100000,0.470000,0.110000,62.590000,7.350000,-0.530000,260.869995,52.200001,60180.878906,33.68,99.52,2.750000,CO,15848
0.600000,0.690000,0.110000,0.500000,0.120000,62.220001,6.150000,-1.060000,260.130005,56.160000,60276.328125,33.69,99.68,3.000000,CO,15849
0.620000,0.710000,0.120000,0.560000,0.120000,61.759998,5.050000,-1.170000,259.440002,59.130001,60515.269531,33.69,99.85,3.000000,CO,15850
0.620000,0.710000,0.130000,0.540000,0.120000,62.290001,3.680000,-0.900000,258.899994,58.779999,61046.210938,33.7,100.01,3.000000,CO,15851
0.580000,0.670000,0.120000,0.470000,0.120000,63.560001,3.060000,-0.760000,258.940002,58.709999,61023.140625,33.7,100.17,3.000000,CO,15852
0.550000,0.640000,0.110000,0.430000,0.110000,63.500000,4.660000,-0.480000,258.649994,59.000000,60098.730469,33.71,100.34,2.750000,CO,15853
0.550000,0.640000,0.110000,0.430000,0.110000,63.020000,7.110000,0.190000,258.910004,57.619999,59773.660156,33.72,100.5,2.750000,CO,15854
0.540000,0.620000,0.100000,0.420000,0.110000,62.799999,8.070000,0.030000,260.709991,51.330002,60626.960938,33.72,100.66,2.750000,CO,15855
0.530000,0.610000,0.100000,0.440000,0.110000,62.500000,7.270000,0.260000,262.070007,47.700001,61793.609375,33.73,100.83,2.750000,CO,15856
0.530000,0.610000,0.100000,0.460000,0.110000,62.049999,5.880000,0.140000,261.859985,49.110001,62090.839844,33.73,100.99,2.750000,CO,15857
0.530000,0.610000,0.100000,0.490000,0.110000,61.540001,5.620000,-1.110000,260.769989,52.810001,61444.718750,33.74,101.15,2.750000,CO,15858
0.310000,0.350000,0.030000,0.090000,0.110000,64.169998,9.550000,-1.670000,256.640015,35.549999,53258.660156,33.15,90.9,2.750000,CO,16055
0.310000,0.340000,0.030000,0.090000,0.110000,64.739998,9.790000,-1.930000,255.009995,38.730000,52026.429688,33.17,91.06,2.750000,CO,16056
0.310000,0.340000,0.030000,0.080000,0.110000,65.160004,10.910000,-2.140000,254.550003,38.880001,51501.328125,33.19,91.22,2.750000,CO,16057
0.300000,0.340000,0.030000,0.080000,0.110000,65.239998,11.190000,-1.510000,255.979996,34.529999,52414.121094,33.2,91.38,2.750000,CO,16058
0.300000,0.340000,0.030000,0.080000,0.110000,65.220001,11.100000,-0.600000,256.869995,32.380001,53009.140625,33.22,91.54,2.750000,CO,16059
0.300000,0.330000,0.030000,0.100000,0.110000,65.120003,11.080000,0.160000,258.179993,29.430000,53989.679688,33.24,91.71,2.750000,CO,16060
0.300000,0.330000,0.030000,0.140000,0.110000,65.010002,10.360000,1.170000,258.929993,28.330000,54764.128906,33.25,91.87,2.750000,CO,16061
0.290000,0.330000,0.030000,0.140000,0.110000,66.459999,10.630000,1.520000,257.589996,30.750000,53637.449219,33.27,92.03,2.750000,CO,16062
0.290000,0.320000,0.030000,0.130000,0.110000,67.800003,11.750000,0.110000,257.220001,31.139999,53096.339844,33.29,92.19,2.750000,CO,16063
0.290000,0.320000,0.030000,0.120000,0.110000,68.040001,11.460000,-1.040000,258.640015,28.219999,54028.378906,33.3,92.35,2.750000,CO,16064
0.290000,0.320000,0.030000,0.120000,0.110000,67.529999,10.290000,-1.220000,260.230011,25.469999,55250.339844,33.32,92.51,2.750000,CO,16065
0.290000,0.320000,0.030000,0.120000,0.110000,67.110001,9.640000,-1.590000,260.989990,24.299999,55924.000000,33.34,92.68,2.750000,CO,16066
0.290000,0.320000,0.030000,0.120000,0.110000,66.949997,9.520000,-1.980000,261.339996,23.969999,56294.718750,33.35,92.84,2.750000,CO,16067
0.290000,0.330000,0.040000,0.120000,0.110000,66.820000,9.350000,-1.930000,261.649994,23.750000,56642.109375,33.37,93.0,2.750000,CO,16068
0.300000,0.330000,0.040000,0.120000,0.110000,66.559998,8.880000,-1.410000,262.000000,23.620001,57036.011719,33.38,93.16,2.750000,CO,16069
0.300000,0.340000,0.040000,0.120000,0.110000,66.279999,8.320000,-0.760000,261.910004,24.059999,57127.859375,33.4,93.32,2.750000,CO,16070
0.310000,0.350000,0.040000,0.120000,0.110000,66.150002,8.380000,-0.400000,261.160004,25.260000,56580.109375,33.41,93.49,2.750000,CO,16071
0.310000,0.350000,0.040000,0.120000,0.110000,66.139999,8.830000,-0.520000,260.820007,25.910000,56245.570312,33.43,93.65,2.750000,CO,16072
0.310000,0.340000,0.040000,0.110000,0.110000,66.230003,9.010000,-0.660000,261.089996,25.760000,56384.449219,33.44,93.81,2.750000,CO,16073
0.310000,0.340000,0.040000,0.110000,0.110000,66.309998,9.040000,-0.860000,261.350006,25.660000,56559.328125,33.46,93.97,2.750000,CO,16074
0.310000,0.350000,0.040000,0.110000,0.110000,66.349998,9.240000,-1.520000,261.059998,26.950001,56369.281250,33.47,94.13,2.750000,CO,16075
0.310000,0.350000,0.040000,0.110000,0.110000,66.239998,9.040000,-2.260000,261.209991,27.620001,56572.500000,33.48,94.3,2.750000,CO,16076
0.320000,0.360000,0.050000,0.110000,0.110000,65.940002,7.970000,-2.450000,261.529999,27.610001,57072.140625,33.5,94.46,2.750000,CO,16077
0.310000,0.350000,0.050000,0.100000,0.110000,66.099998,7.570000,-2.080000,260.109985,30.540001,56119.578125,33.51,94.62,2.750000,CO,16078
0.300000,0.330000,0.040000,0.090000,0.110000,66.790001,9.310000,-1.770000,257.660004,35.299999,54009.078125,33.52,94.78,2.750000,CO,16079
0.290000,0.320000,0.040000,0.090000,0.110000,67.900002,11.540000,-1.690000,256.769989,36.730000,53161.871094,33.54,94.95,2.750000,CO,16080
0.280000,0.320000,0.040000,0.090000,0.110000,69.650002,12.070000,-1.310000,258.059998,33.439999,53992.679688,33.55,95.11,2.750000,CO,16081
0.280000,0.310000,0.030000,0.090000,0.110000,70.099998,11.500000,-0.680000,259.290009,31.209999,54945.941406,33.56,95.27,2.750000,CO,16082
0.280000,0.310000,0.030000,0.090000,0.110000,71.129997,10.590000,-0.730000,260.440002,29.770000,55867.070312,33.57,95.43,2.750000,CO,16083
0.270000,0.300000,0.030000,0.090000,0.110000,71.430000,9.760000,-1.100000,260.750000,29.980000,56250.261719,33.59,95.6,2.750000,CO,16084
0.270000,0.300000,0.030000,0.120000,0.110000,71.839996,9.670000,-1.560000,260.529999,30.850000,56199.148438,33.6,95.76,2.750000,CO,16085
0.270000,0.300000,0.030000,0.150000,0.110000,71.879997,9.300000,-1.960000,261.790009,28.959999,57325.199219,33.61,95.92,2.750000,CO,16086
0.280000,0.310000,0.030000,0.170000,0.110000,71.260002,8.510000,-1.350000,262.299988,28.969999,58042.640625,33.62,96.08,2.750000,CO,16087
0.280000,0.310000,0.040000,0.180000,0.110000,70.250000,7.860000,-0.840000,261.500000,31.250000,57988.378906,33.63,96.25,2.750000,CO,16088
0.280000,0.320000,0.040000,0.180000,0.110000,69.650002,7.200000,-0.350000,259.790009,36.369999,57532.781250,33.64,96.41,2.750000,CO,16089
0.290000,0.320000,0.040000,0.180000,0.110000,69.139999,7.650000,-0.840000,259.459991,37.500000,57218.269531,33.65,96.57,2.750000,CO,16090
0.290000,0.320000,0.040000,0.190000,0.110000,68.570000,7.350000,-0.640000,259.700012,38.330002,57940.679688,33.66,96.74,2.750000,CO,16091
0.290000,0.320000,0.040000,0.180000,0.110000,68.029999,7.340000,0.610000,258.500000,42.990002,57296.320312,33.68,96.9,2.750000,CO,16092
0.320000,0.360000,0.050000,0.240000,0.110000,67.470001,8.920000,0.850000,259.899994,38.799999,57810.050781,33.69,97.06,2.750000,CO,16093
0.360000,0.400000,0.060000,0.280000,0.110000,66.480003,7.870000,0.630000,260.470001,39.509998,59059.339844,33.7,97.23,2.750000,CO,16094
0.400000,0.450000,0.070000,0.310000,0.110000,65.669998,6.870000,1.410000,258.769989,47.240002,58377.609375,33.71,97.39,2.750000,CO,16095
0.670000,0.770000,0.130000,0.370000,0.120000,61.480000,6.160000,3.640000,257.049988,65.790001,58964.378906,33.77,98.53,3.000000,CO,16102
0.640000,0.740000,0.120000,0.370000,0.120000,61.650002,8.630000,2.880000,258.609985,57.009998,59183.449219,33.78,98.69,3.000000,CO,16103
0.630000,0.720000,0.110000,0.360000,0.120000,61.730000,8.580000,1.820000,259.589996,54.169998,59690.089844,33.78,98.86,3.000000,CO,16104
0.590000,0.680000,0.100000,0.370000,0.120000,62.180000,8.070000,1.360000,259.799988,54.119999,59693.031250,33.79,99.02,3.000000,CO,16105
0.570000,0.660000,0.100000,0.390000,0.120000,62.259998,8.100000,0.290000,260.070007,54.220001,59984.910156,33.8,99.18,3.000000,CO,16106
0.570000,0.650000,0.100000,0.440000,0.120000,61.950001,7.660000,-0.640000,260.130005,54.919998,60292.261719,33.81,99.35,3.000000,CO,16107
0.620000,0.710000,0.120000,0.500000,0.120000,61.480000,6.240000,-0.720000,260.209991,55.830002,60793.878906,33.81,99.51,3.000000,CO,16108
0.730000,0.840000,0.170000,0.610000,0.120000,61.240002,4.290000,-0.780000,259.420013,59.380001,61117.601562,33.82,99.68,3.000000,CO,16109
0.790000,0.920000,0.200000,0.690000,0.120000,61.509998,3.500000,-0.550000,258.619995,61.029999,60975.960938,33.83,99.84,3.000000,CO,16110
0.770000,0.900000,0.190000,0.690000,0.120000,62.230000,3.290000,-0.570000,258.399994,61.139999,60941.359375,33.83,100.0,3.000000,CO,16111
0.690000,0.800000,0.160000,0.610000,0.120000,62.869999,3.880000,-0.560000,258.450012,60.340000,60043.160156,33.84,100.17,3.000000,CO,16112
0.650000,0.750000,0.150000,0.550000,0.120000,62.669998,6.390000,-0.280000,258.179993,60.330002,58842.671875,33.85,100.33,3.000000,CO,16113
0.600000,0.700000,0.130000,0.480000,0.110000,62.680000,8.290000,-0.190000,259.480011,55.430000,59242.351562,33.85,100.49,2.750000,CO,16114
0.570000,0.660000,0.120000,0.450000,0.110000,62.430000,8.040000,-0.180000,261.429993,49.180000,60721.808594,33.86,100.66,2.750000,CO,16115
0.570000,0.650000,0.110000,0.490000,0.110000,62.040001,6.290000,-0.250000,262.579987,46.400002,62217.960938,33.86,100.82,2.750000,CO,16116
0.560000,0.650000,0.110000,0.510000,0.110000,61.570000,4.170000,-0.390000,261.899994,49.250000,62494.960938,33.87,100.98,2.750000,CO,16117
0.330000,0.370000,0.030000,0.090000,0.110000,63.730000,9.710000,0.250000,257.809998,33.889999,54359.121094,33.25,90.56,2.750000,CO,16314
0.320000,0.360000,0.030000,0.090000,0.110000,63.610001,9.040000,-1.010000,256.779999,35.869999,53692.660156,33.27,90.72,2.750000,CO,16315
0.320000,0.360000,0.030000,0.090000,0.110000,64.129997,8.990000,-1.520000,255.309998,38.779999,52558.871094,33.29,90.88,2.750000,CO,16316
0.320000,0.350000,0.030000,0.090000,0.110000,65.260002,9.800000,-1.090000,253.880005,41.799999,51382.191406,33.3,91.04,2.750000,CO,16317
0.310000,0.350000,0.030000,0.080000,0.110000,65.989998,11.440000,-1.020000,253.009995,43.290001,50501.519531,33.32,91.2,2.750000,CO,16318
0.310000,0.340000,0.030000,0.080000,0.110000,66.279999,12.480000,-0.770000,254.149994,39.279999,51027.519531,33.34,91.36,2.750000,CO,16319
0.310000,0.340000,0.030000,0.080000,0.110000,67.320000,12.510000,-0.300000,255.779999,34.660000,52033.968750,33.36,91.52,2.750000,CO,16320
0.310000,0.340000,0.030000,0.090000,0.110000,66.900002,12.270000,-0.330000,257.450012,31.020000,53186.371094,33.37,91.69,2.750000,CO,16321
0.300000,0.340000,0.030000,0.110000,0.110000,67.739998,11.410000,0.120000,259.220001,27.639999,54471.171875,33.39,91.85,2.750000,CO,16322
0.300000,0.340000,0.030000,0.130000,0.110000,66.510002,10.700000,0.850000,259.690002,26.700001,55055.859375,33.41,92.01,2.750000,CO,16323
0.300000,0.330000,0.030000,0.120000,0.110000,67.389999,10.890000,0.080000,258.579987,28.809999,54243.550781,33.42,92.17,2.750000,CO,16324
0.300000,0.330000,0.030000,0.120000,0.110000,66.739998,11.350000,-1.000000,258.029999,29.549999,53795.710938,33.44,92.33,2.750000,CO,16325
0.300000,0.330000,0.030000,0.120000,0.110000,67.080002,10.420000,-1.440000,260.040009,26.040001,55293.269531,33.46,92.49,2.750000,CO,16326
0.300000,0.330000,0.030000,0.120000,0.110000,66.660004,9.070000,-1.610000,261.320007,24.309999,56409.050781,33.47,92.66,2.750000,CO,16327
0.300000,0.330000,0.030000,0.120000,0.110000,66.660004,9.030000,-1.830000,261.049988,25.049999,56310.191406,33.49,92.82,2.750000,CO,16328
0.300000,0.330000,0.030000,0.110000,0.110000,66.930000,9.420000,-2.160000,260.739990,25.740000,56099.500000,33.5,92.98,2.750000,CO,16329
0.300000,0.330000,0.040000,0.110000,0.110000,67.150002,9.380000,-2.000000,261.109985,25.200001,56405.910156,33.52,93.14,2.750000,CO,16330
0.300000,0.340000,0.040000,0.110000,0.110000,67.019997,8.850000,-1.250000,261.649994,24.510000,56905.019531,33.53,93.31,2.750000,CO,16331
0.310000,0.340000,0.040000,0.110000,0.110000,66.820000,8.560000,-0.620000,261.720001,24.629999,57065.980469,33.55,93.47,2.750000,CO,16332
0.310000,0.350000,0.040000,0.110000,0.110000,66.669998,8.760000,-0.460000,261.790009,24.750000,57149.878906,33.56,93.63,2.750000,CO,16333
0.320000,0.350000,0.040000,0.110000,0.110000,66.480003,8.840000,-0.660000,262.350006,24.139999,57598.109375,33.58,93.79,2.750000,CO,16334
0.320000,0.360000,0.050000,0.110000,0.110000,66.099998,8.490000,-0.990000,262.760010,23.920000,58011.878906,33.59,93.95,2.750000,CO,16335
0.330000,0.370000,0.050000,0.110000,0.110000,65.839996,8.180000,-1.220000,262.010010,25.520000,57578.960938,33.6,94.12,2.750000,CO,16336
0.340000,0.380000,0.050000,0.110000,0.110000,65.760002,8.230000,-1.620000,260.829987,27.850000,56751.308594,33.62,94.28,2.750000,CO,16337
0.330000,0.380000,0.050000,0.110000,0.110000,65.790001,8.260000,-1.700000,260.239990,29.090000,56306.710938,33.63,94.44,2.750000,CO,16338
0.330000,0.370000,0.050000,0.100000,0.110000,65.790001,8.310000,-0.670000,259.179993,31.830000,55526.968750,33.65,94.6,2.750000,CO,16339
0.310000,0.340000,0.040000,0.100000,0.110000,68.540001,9.350000,-0.140000,257.760010,35.180000,54232.519531,33.66,94.77,2.750000,CO,16340
0.300000,0.330000,0.040000,0.090000,0.110000,67.489998,11.250000,-0.650000,257.320007,35.930000,53756.351562,33.67,94.93,2.750000,CO,16341
0.290000,0.330000,0.040000,0.090000,0.110000,69.419998,11.840000,-1.220000,258.589996,32.540001,54630.058594,33.68,95.09,2.750000,CO,16342
0.290000,0.320000,0.040000,0.090000,0.110000,70.519997,10.590000,-1.320000,260.429993,29.490000,56034.890625,33.7,95.26,2.750000,CO,16343
0.280000,0.310000,0.030000,0.100000,0.110000,70.620003,9.220000,-1.480000,261.670013,28.070000,57134.929688,33.71,95.42,2.750000,CO,16344
0.290000,0.320000,0.040000,0.120000,0.110000,70.739998,8.520000,-1.470000,262.160004,27.820000,57748.070312,33.72,95.58,2.750000,CO,16345
0.290000,0.320000,0.040000,0.150000,0.110000,70.930000,8.530000,-1.230000,261.890015,28.730000,57710.300781,33.73,95.74,2.750000,CO,16346
0.290000,0.320000,0.040000,0.180000,0.110000,70.919998,8.760000,-1.520000,262.220001,28.240000,57995.539062,33.75,95.91,2.750000,CO,16347
0.290000,0.320000,0.040000,0.210000,0.110000,70.139999,7.990000,-1.660000,262.630005,28.580000,58695.710938,33.76,96.07,2.750000,CO,16348
0.290000,0.320000,0.040000,0.220000,0.110000,69.250000,6.260000,-1.710000,261.559998,31.820000,58814.679688,33.77,96.23,2.750000,CO,16349
0.290000,0.320000,0.040000,0.220000,0.110000,69.019997,5.630000,-0.110000,259.579987,37.400002,58000.171875,33.78,96.4,2.750000,CO,16350
0.290000,0.320000,0.040000,0.250000,0.110000,68.570000,6.950000,0.550000,259.440002,37.349998,57537.539062,33.79,96.56,2.750000,CO,16351
0.300000,0.330000,0.040000,0.270000,0.110000,68.150002,7.410000,-0.250000,259.390015,38.660000,57985.078125,33.8,96.72,2.750000,CO,16352
0.300000,0.340000,0.040000,0.280000,0.110000,67.660004,7.570000,0.420000,258.529999,42.770000,57856.960938,33.81,96.89,2.750000,CO,16353
0.350000,0.400000,0.070000,0.340000,0.110000,66.970001,8.360000,0.270000,259.230011,41.660000,58536.988281,33.82,97.05,2.750000,CO,16354
0.410000,0.460000,0.100000,0.380000,0.120000,66.230003,6.780000,-0.660000,258.890015,45.209999,59185.699219,33.83,97.21,3.000000,CO,16355
0.680000,0.780000,0.130000,0.330000,0.120000,61.849998,5.670000,3.230000,256.500000,66.570000,58987.308594,33.9,98.52,3.000000,CO,16363
0.670000,0.770000,0.130000,0.340000,0.120000,61.529999,8.110000,2.290000,257.279999,62.529999,59179.500000,33.91,98.68,3.000000,CO,16364
0.650000,0.750000,0.120000,0.330000,0.120000,61.369999,8.100000,1.760000,258.209991,60.259998,59746.218750,33.92,98.85,3.000000,CO,16365
0.620000,0.710000,0.110000,0.340000,0.120000,61.630001,7.040000,1.410000,258.679993,59.619999,59949.230469,33.93,99.01,3.000000,CO,16366
0.590000,0.680000,0.100000,0.370000,0.120000,61.730000,7.020000,0.280000,258.290009,61.349998,59433.738281,33.94,99.18,3.000000,CO,16367
0.580000,0.670000,0.100000,0.410000,0.120000,61.740002,7.700000,-0.520000,258.570007,60.070000,59229.070312,33.94,99.34,3.000000,CO,16368
0.620000,0.710000,0.120000,0.470000,0.120000,61.500000,6.550000,-1.080000,259.399994,57.799999,60175.921875,33.95,99.5,3.000000,CO,16369
0.700000,0.810000,0.160000,0.540000,0.120000,61.590000,4.340000,-1.030000,259.250000,58.869999,60745.640625,33.96,99.67,3.000000,CO,16370
0.740000,0.860000,0.180000,0.580000,0.120000,61.880001,3.650000,-0.710000,258.760010,60.540001,60608.238281,33.96,99.83,3.000000,CO,16371
0.740000,0.860000,0.180000,0.620000,0.120000,62.049999,3.900000,-0.440000,258.290009,62.220001,60207.890625,33.97,99.99,3.000000,CO,16372
0.710000,0.830000,0.170000,0.620000,0.120000,62.020000,4.900000,0.720000,257.980011,62.560001,59435.140625,33.98,100.16,3.000000,CO,16373
0.690000,0.790000,0.160000,0.580000,0.120000,61.910000,6.810000,1.480000,258.269989,60.450001,58889.609375,33.98,100.32,3.000000,CO,16374
0.630000,0.730000,0.140000,0.520000,0.120000,62.240002,8.130000,0.770000,259.579987,54.939999,59229.609375,33.99,100.49,3.000000,CO,16375
0.600000,0.690000,0.120000,0.490000,0.110000,62.049999,7.790000,-0.160000,261.239990,49.560001,60482.789062,33.99,100.65,2.750000,CO,16376
0.590000,0.680000,0.120000,0.500000,0.110000,61.590000,6.300000,-0.870000,261.709991,48.799999,61363.218750,34.0,100.81,2.750000,CO,16377
0.340000,0.380000,0.030000,0.090000,0.110000,63.669998,9.200000,0.880000,258.190002,33.360001,55096.750000,33.37,90.37,2.750000,CO,16573
0.340000,0.380000,0.030000,0.090000,0.110000,63.459999,8.080000,0.460000,257.799988,33.889999,54955.179688,33.38,90.53,2.750000,CO,16574
0.330000,0.370000,0.030000,0.090000,0.110000,63.889999,8.030000,0.330000,255.919998,37.770000,53358.621094,33.4,90.69,2.750000,CO,16575
0.330000,0.360000,0.030000,0.090000,0.110000,64.480003,9.860000,0.200000,253.770004,42.630001,51408.828125,33.42,90.86,2.750000,CO,16576
0.320000,0.360000,0.030000,0.080000,0.110000,64.750000,11.790000,0.030000,253.179993,43.549999,50672.800781,33.44,91.02,2.750000,CO,16577
0.320000,0.350000,0.030000,0.080000,0.110000,66.620003,13.050000,0.020000,252.979996,43.320000,50311.839844,33.46,91.18,2.750000,CO,16578
0.320000,0.350000,0.030000,0.080000,0.110000,68.489998,12.900000,-0.050000,254.759995,37.680000,51331.210938,33.47,91.34,2.750000,CO,16579
0.310000,0.350000,0.030000,0.080000,0.110000,68.660004,11.650000,-0.140000,257.190002,31.719999,53044.261719,33.49,91.5,2.750000,CO,16580
0.310000,0.340000,0.030000,0.080000,0.110000,68.839996,11.100000,-0.330000,258.290009,29.389999,53855.359375,33.51,91.67,2.750000,CO,16581
0.310000,0.340000,0.030000,0.100000,0.110000,68.940002,10.890000,-0.600000,259.190002,27.750000,54524.429688,33.52,91.83,2.750000,CO,16582
0.310000,0.340000,0.030000,0.110000,0.110000,68.459999,10.200000,-0.580000,260.290009,25.950001,55457.218750,33.54,91.99,2.750000,CO,16583
0.310000,0.340000,0.030000,0.140000,0.110000,67.930000,9.710000,-0.480000,260.160004,26.770000,55529.308594,33.56,92.15,2.750000,CO,16584
0.310000,0.340000,0.030000,0.130000,0.110000,67.739998,9.590000,-0.850000,260.000000,26.950001,55479.300781,33.57,92.31,2.750000,CO,16585
0.300000,0.340000,0.030000,0.130000,0.110000,67.330002,9.130000,-1.480000,260.760010,25.719999,56168.398438,33.59,92.48,2.750000,CO,16586
0.300000,0.330000,0.030000,0.130000,0.110000,67.010002,8.710000,-1.500000,261.309998,24.910000,56685.609375,33.61,92.64,2.750000,CO,16587
0.300000,0.330000,0.030000,0.120000,0.110000,66.849998,8.660000,-1.320000,261.220001,25.150000,56710.421875,33.62,92.8,2.750000,CO,16588
0.300000,0.330000,0.030000,0.120000,0.110000,67.169998,9.230000,-1.750000,259.910004,27.330000,55695.250000,33.64,92.96,2.750000,CO,16589
0.300000,0.330000,0.040000,0.110000,0.110000,68.260002,10.160000,-2.080000,259.209991,28.180000,55016.539062,33.65,93.12,2.750000,CO,16590
0.300000,0.330000,0.040000,0.110000,0.110000,68.709999,10.140000,-1.710000,260.359985,25.920000,55783.851562,33.67,93.29,2.750000,CO,16591
0.300000,0.340000,0.040000,0.110000,0.110000,68.339996,9.500000,-1.370000,261.579987,24.110001,56752.378906,33.68,93.45,2.750000,CO,16592
0.310000,0.340000,0.040000,0.110000,0.110000,67.720001,9.020000,-1.170000,262.420013,23.219999,57515.199219,33.7,93.61,2.750000,CO,16593
0.310000,0.350000,0.040000,0.110000,0.110000,66.989998,8.430000,-1.330000,262.600006,23.520000,57844.871094,33.71,93.78,2.750000,CO,16594
0.320000,0.360000,0.050000,0.110000,0.110000,66.449997,8.040000,-1.590000,261.910004,25.090000,57501.011719,33.73,93.94,2.750000,CO,16595
0.330000,0.370000,0.050000,0.110000,0.110000,66.160004,7.720000,-1.290000,261.440002,26.340000,57333.839844,33.74,94.1,2.750000,CO,16596
0.340000,0.370000,0.050000,0.110000,0.110000,66.180000,7.560000,-0.930000,260.470001,28.510000,56744.351562,33.75,94.26,2.750000,CO,16597
0.330000,0.370000,0.050000,0.110000,0.110000,66.250000,8.320000,-0.850000,259.170013,31.000000,55644.519531,33.77,94.43,2.750000,CO,16598
0.320000,0.360000,0.050000,0.100000,0.110000,66.540001,9.170000,-0.240000,258.940002,31.620001,55311.500000,33.78,94.59,2.750000,CO,16599
0.310000,0.350000,0.040000,0.100000,0.110000,67.010002,9.540000,0.010000,258.950012,32.150002,55255.890625,33.79,94.75,2.750000,CO,16600
0.300000,0.340000,0.040000,0.090000,0.110000,67.650002,10.020000,-0.730000,258.640015,33.299999,54968.980469,33.81,94.91,2.750000,CO,16601
0.300000,0.330000,0.040000,0.090000,0.110000,69.669998,10.060000,-1.480000,259.399994,32.180000,55513.589844,33.82,95.08,2.750000,CO,16602
0.290000,0.320000,0.040000,0.120000,0.110000,70.050003,9.290000,-1.860000,260.899994,29.420000,56721.800781,33.83,95.24,2.750000,CO,16603
0.290000,0.320000,0.040000,0.150000,0.110000,70.120003,8.590000,-2.170000,261.769989,28.510000,57577.128906,33.84,95.4,2.750000,CO,16604
0.330000,0.370000,0.060000,0.220000,0.120000,70.139999,8.460000,-1.740000,262.390015,27.309999,58180.359375,33.86,95.57,3.000000,CO,16605
0.330000,0.380000,0.070000,0.250000,0.120000,69.849998,8.290000,-0.950000,263.000000,26.389999,58732.550781,33.87,95.73,3.000000,CO,16606
0.320000,0.360000,0.060000,0.260000,0.120000,69.139999,7.490000,-1.360000,263.040009,26.600000,59010.281250,33.88,95.89,3.000000,CO,16607
0.310000,0.340000,0.050000,0.250000,0.120000,69.059998,6.810000,-1.940000,261.540009,30.180000,58233.269531,33.89,96.06,3.000000,CO,16608
0.300000,0.330000,0.050000,0.260000,0.120000,68.330002,7.670000,-1.810000,260.420013,32.299999,57420.121094,33.9,96.22,3.000000,CO,16609
0.300000,0.330000,0.050000,0.280000,0.120000,67.559998,7.780000,-0.420000,260.720001,32.930000,58207.171875,33.91,96.38,3.000000,CO,16610
0.300000,0.330000,0.050000,0.330000,0.110000,67.000000,5.970000,0.700000,259.869995,37.500000,58693.238281,33.93,96.55,2.750000,CO,16611
0.310000,0.340000,0.050000,0.370000,0.110000,67.059998,5.670000,0.310000,258.269989,42.900002,57759.500000,33.94,96.71,2.750000,CO,16612
0.320000,0.360000,0.050000,0.370000,0.110000,66.820000,7.160000,0.180000,258.179993,43.500000,57486.148438,33.95,96.87,2.750000,CO,16613
0.370000,0.420000,0.080000,0.400000,0.120000,66.400002,7.910000,-0.840000,258.700012,43.130001,57997.761719,33.96,97.04,3.000000,CO,16614
0.420000,0.480000,0.100000,0.400000,0.120000,65.839996,6.960000,-1.650000,258.149994,47.560001,58169.078125,33.97,97.2,3.000000,CO,16615
0.460000,0.530000,0.110000,0.380000,0.120000,65.449997,5.360000,-2.090000,257.119995,53.119999,57956.250000,33.98,97.36,3.000000,CO,16616
0.490000,0.550000,0.110000,0.370000,0.120000,65.239998,5.170000,-2.950000,257.079987,52.980000,57400.960938,33.99,97.53,3.000000,CO,16617
0.560000,0.640000,0.100000,0.300000,0.120000,61.990002,5.780000,2.930000,256.850006,61.980000,58872.359375,34.04,98.51,3.000000,CO,16623
0.570000,0.650000,0.100000,0.300000,0.120000,61.400002,8.150000,2.440000,257.230011,60.520000,58773.359375,34.05,98.68,3.000000,CO,16624
0.560000,0.640000,0.100000,0.300000,0.120000,61.180000,8.100000,1.600000,258.760010,56.349998,59832.500000,34.06,98.84,3.000000,CO,16625
0.550000,0.620000,0.090000,0.310000,0.120000,61.250000,5.660000,1.230000,258.769989,58.970001,60359.800781,34.06,99.0,3.000000,CO,16626
0.560000,0.640000,0.100000,0.360000,0.120000,61.599998,5.090000,1.170000,257.869995,63.240002,59580.730469,34.07,99.17,3.000000,CO,16627
0.590000,0.670000,0.110000,0.430000,0.120000,61.790001,5.800000,0.400000,257.720001,64.120003,59150.968750,34.08,99.33,3.000000,CO,16628
0.590000,0.680000,0.120000,0.450000,0.120000,62.029999,5.130000,-1.340000,258.070007,62.230000,59452.890625,34.09,99.49,3.000000,CO,16629
0.600000,0.690000,0.120000,0.410000,0.120000,62.189999,4.310000,-1.860000,258.470001,59.599998,59504.859375,34.09,99.66,3.000000,CO,16630
0.600000,0.680000,0.120000,0.400000,0.120000,62.279999,4.520000,-1.080000,258.510010,58.900002,59408.089844,34.1,99.82,3.000000,CO,16631
0.610000,0.700000,0.120000,0.430000,0.120000,62.200001,5.320000,-0.010000,258.309998,59.570000,59137.640625,34.11,99.99,3.000000,CO,16632
0.640000,0.740000,0.130000,0.500000,0.120000,62.009998,6.490000,1.360000,258.630005,58.660000,59357.199219,34.11,100.15,3.000000,CO,16633
0.620000,0.710000,0.140000,0.500000,0.120000,62.230000,7.030000,2.020000,260.040009,53.320000,60259.890625,34.12,100.32,3.000000,CO,16634
0.630000,0.720000,0.140000,0.520000,0.120000,62.099998,6.950000,1.490000,260.700012,51.490002,60796.671875,34.12,100.48,3.000000,CO,16635
0.610000,0.700000,0.130000,0.520000,0.120000,61.669998,6.670000,0.290000,260.769989,51.700001,60964.871094,34.13,100.64,3.000000,CO,16636
0.590000,0.670000,0.120000,0.490000,0.120000,61.349998,6.200000,-0.330000,260.799988,51.730000,61108.000000,34.14,100.81,3.000000,CO,16637
0.780000,0.900000,0.200000,0.820000,0.120000,61.410000,2.790000,-2.060000,262.260010,47.990002,64488.109375,34.16,101.79,3.000000,CO,16643
0.850000,0.980000,0.260000,0.910000,0.120000,61.369999,3.670000,-2.200000,262.010010,48.810001,63491.390625,34.17,101.96,3.000000,CO,16644
0.360000,0.390000,0.030000,0.090000,0.110000,64.839996,10.150000,0.620000,257.779999,34.240002,54642.468750,33.48,90.19,2.750000,CO,16830
0.360000,0.390000,0.030000,0.090000,0.110000,64.500000,9.230000,0.550000,257.290009,36.320000,55007.089844,33.5,90.35,2.750000,CO,16831
0.350000,0.390000,0.030000,0.090000,0.110000,63.939999,8.000000,0.650000,256.809998,36.549999,54697.589844,33.52,90.51,2.750000,CO,16832
0.340000,0.380000,0.030000,0.090000,0.110000,64.000000,8.400000,2.120000,255.910004,37.660000,53647.960938,33.54,90.67,2.750000,CO,16833
0.340000,0.370000,0.030000,0.090000,0.110000,64.339996,10.050000,2.750000,255.160004,38.660000,52612.660156,33.56,90.83,2.750000,CO,16834
0.330000,0.370000,0.030000,0.080000,0.110000,66.580002,11.490000,1.620000,254.820007,38.860001,51921.410156,33.57,91.0,2.750000,CO,16835
0.330000,0.360000,0.030000,0.080000,0.110000,67.470001,12.790000,0.780000,254.679993,38.610001,51613.070312,33.59,91.16,2.750000,CO,16836
0.330000,0.360000,0.030000,0.080000,0.110000,68.910004,12.680000,-0.230000,256.679993,33.389999,52943.910156,33.61,91.32,2.750000,CO,16837
0.320000,0.360000,0.030000,0.080000,0.110000,68.849998,11.330000,-0.620000,258.779999,29.030001,54549.269531,33.63,91.48,2.750000,CO,16838
0.320000,0.350000,0.030000,0.090000,0.110000,68.669998,10.550000,-0.390000,259.750000,27.309999,55355.710938,33.64,91.64,2.750000,CO,16839
0.320000,0.350000,0.030000,0.090000,0.110000,68.400002,10.100000,-0.570000,260.369995,26.350000,55908.550781,33.66,91.81,2.750000,CO,16840
0.320000,0.350000,0.030000,0.110000,0.110000,68.089996,9.780000,-0.960000,260.709991,25.879999,56255.328125,33.68,91.97,2.750000,CO,16841
0.320000,0.350000,0.040000,0.140000,0.110000,67.760002,9.580000,-0.920000,261.369995,24.870001,56847.160156,33.69,92.13,2.750000,CO,16842
0.320000,0.350000,0.040000,0.130000,0.110000,67.379997,9.100000,-0.890000,261.940002,24.090000,57420.699219,33.71,92.29,2.750000,CO,16843
0.310000,0.350000,0.040000,0.130000,0.110000,65.660004,8.780000,-0.870000,261.630005,24.660000,57311.750000,33.73,92.46,2.750000,CO,16844
0.310000,0.340000,0.040000,0.130000,0.110000,65.709999,8.920000,-0.740000,261.510010,24.750000,57193.878906,33.74,92.62,2.750000,CO,16845
0.310000,0.340000,0.040000,0.130000,0.110000,65.529999,8.710000,-0.540000,261.809998,24.400000,57529.449219,33.76,92.78,2.750000,CO,16846
0.310000,0.340000,0.040000,0.120000,0.110000,65.660004,8.890000,-0.270000,260.440002,26.719999,56480.250000,33.77,92.94,2.750000,CO,16847
0.310000,0.340000,0.040000,0.110000,0.110000,66.750000,10.090000,-0.590000,259.100006,28.670000,55223.769531,33.79,93.11,2.750000,CO,16848
0.310000,0.340000,0.040000,0.110000,0.110000,67.529999,10.320000,-1.180000,260.209991,26.450001,55913.648438,33.8,93.27,2.750000,CO,16849
0.310000,0.340000,0.040000,0.110000,0.110000,67.309998,9.530000,-1.540000,261.369995,24.750000,56840.789062,33.82,93.43,2.750000,CO,16850
0.310000,0.340000,0.040000,0.110000,0.110000,66.690002,8.790000,-1.720000,262.119995,23.980000,57533.300781,33.83,93.59,2.750000,CO,16851
0.310000,0.340000,0.040000,0.110000,0.110000,66.120003,7.800000,-1.810000,262.070007,24.740000,57845.558594,33.85,93.76,2.750000,CO,16852
0.310000,0.340000,0.040000,0.110000,0.110000,65.919998,7.500000,-1.610000,260.940002,27.040001,57189.511719,33.86,93.92,2.750000,CO,16853
0.320000,0.350000,0.040000,0.110000,0.110000,65.900002,7.700000,-1.240000,260.600006,27.809999,57003.980469,33.88,94.08,2.750000,CO,16854
0.320000,0.350000,0.040000,0.110000,0.110000,65.989998,7.720000,-0.560000,260.029999,29.100000,56638.179688,33.89,94.25,2.750000,CO,16855
0.320000,0.350000,0.040000,0.100000,0.110000,66.180000,8.610000,-0.160000,258.829987,31.370001,55569.121094,33.9,94.41,2.750000,CO,16856
0.310000,0.340000,0.040000,0.100000,0.110000,66.730003,9.530000,-0.240000,259.029999,30.980000,55496.398438,33.92,94.57,2.750000,CO,16857
0.300000,0.330000,0.040000,0.100000,0.110000,66.949997,9.390000,-0.360000,259.660004,30.290001,55933.468750,33.93,94.74,2.750000,CO,16858
0.300000,0.330000,0.040000,0.090000,0.110000,67.290001,9.510000,-0.840000,259.100006,32.049999,55502.019531,33.94,94.9,2.750000,CO,16859
0.300000,0.330000,0.040000,0.100000,0.110000,67.680000,9.770000,-1.600000,259.429993,31.139999,55684.929688,33.96,95.06,2.750000,CO,16860
0.300000,0.330000,0.040000,0.120000,0.110000,67.430000,9.200000,-2.050000,260.339996,30.010000,56480.820312,33.97,95.23,2.750000,CO,16861
0.290000,0.320000,0.040000,0.150000,0.110000,67.500000,9.140000,-2.190000,259.829987,30.840000,56143.660156,33.98,95.39,2.750000,CO,16862
0.310000,0.340000,0.050000,0.180000,0.120000,67.389999,9.720000,-1.740000,260.910004,28.059999,56820.398438,33.99,95.55,3.000000,CO,16863
0.310000,0.340000,0.050000,0.230000,0.120000,65.949997,8.280000,-1.610000,263.720001,23.889999,59148.890625,34.0,95.72,3.000000,CO,16864
0.300000,0.330000,0.050000,0.300000,0.120000,65.059998,6.070000,-2.160000,263.119995,25.719999,59304.898438,34.02,95.88,3.000000,CO,16865
0.290000,0.320000,0.050000,0.320000,0.120000,67.190002,6.320000,-1.910000,260.500000,30.799999,57278.898438,34.03,96.04,3.000000,CO,16866
0.290000,0.320000,0.050000,0.310000,0.120000,67.019997,8.080000,-1.220000,259.579987,33.259998,56677.078125,34.04,96.21,3.000000,CO,16867
0.290000,0.320000,0.040000,0.310000,0.120000,66.080002,7.830000,-1.400000,261.070007,31.180000,58216.359375,34.05,96.37,3.000000,CO,16868
0.290000,0.320000,0.040000,0.280000,0.110000,65.480003,4.980000,-0.700000,259.790009,38.020000,58995.070312,34.06,96.53,2.750000,CO,16869
0.310000,0.350000,0.050000,0.260000,0.110000,66.239998,4.100000,0.530000,258.160004,44.610001,58189.929688,34.07,96.7,2.750000,CO,16870
0.340000,0.380000,0.060000,0.250000,0.110000,66.430000,5.510000,0.790000,257.309998,48.459999,57769.250000,34.08,96.86,2.750000,CO,16871
0.370000,0.410000,0.070000,0.240000,0.110000,66.110001,6.630000,-0.010000,257.290009,48.639999,57579.070312,34.09,97.03,2.750000,CO,16872
0.390000,0.440000,0.070000,0.240000,0.120000,65.669998,6.560000,-0.730000,257.059998,51.009998,57686.531250,34.1,97.19,3.000000,CO,16873
0.420000,0.480000,0.080000,0.240000,0.120000,65.370003,5.420000,-0.980000,256.420013,54.200001,57290.359375,34.11,97.35,3.000000,CO,16874
0.440000,0.500000,0.090000,0.290000,0.120000,65.150002,6.230000,-0.720000,256.130005,53.900002,56201.398438,34.12,97.52,3.000000,CO,16875
0.410000,0.460000,0.070000,0.300000,0.110000,64.720001,9.430000,-0.910000,258.859985,44.150002,57231.199219,34.15,98.01,2.750000,CO,16878
0.400000,0.450000,0.070000,0.290000,0.110000,64.059998,8.630000,-0.740000,259.559998,41.900002,58131.488281,34.16,98.17,2.750000,CO,16879
0.420000,0.470000,0.070000,0.280000,0.110000,62.970001,7.130000,0.450000,259.329987,46.959999,59117.050781,34.17,98.34,2.750000,CO,16880
0.450000,0.510000,0.080000,0.280000,0.120000,62.070000,6.480000,2.300000,258.250000,53.919998,59222.281250,34.18,98.5,3.000000,CO,16881
0.460000,0.530000,0.080000,0.270000,0.120000,61.450001,6.960000,2.480000,258.170013,55.939999,59382.699219,34.18,98.67,3.000000,CO,16882
0.460000,0.520000,0.080000,0.270000,0.110000,60.970001,6.500000,1.200000,258.380005,58.400002,60013.679688,34.19,98.83,2.750000,CO,16883
0.460000,0.530000,0.080000,0.280000,0.120000,61.419998,4.660000,0.920000,257.980011,61.889999,60096.730469,34.2,98.99,3.000000,CO,16884
0.520000,0.590000,0.100000,0.360000,0.120000,61.930000,3.530000,1.170000,257.429993,65.190002,59617.488281,34.21,99.16,3.000000,CO,16885
0.560000,0.640000,0.120000,0.460000,0.110000,62.849998,3.230000,0.350000,257.209991,65.750000,59293.121094,34.21,99.32,2.750000,CO,16886
0.570000,0.660000,0.120000,0.470000,0.110000,62.970001,3.240000,-0.780000,257.190002,64.750000,58687.339844,34.22,99.49,2.750000,CO,16887
0.580000,0.670000,0.120000,0.420000,0.110000,62.259998,4.750000,-1.020000,257.040009,63.480000,57666.570312,34.23,99.65,2.750000,CO,16888
0.570000,0.650000,0.120000,0.400000,0.110000,62.360001,6.530000,-0.260000,257.799988,58.840000,57711.699219,34.24,99.82,2.750000,CO,16889
0.570000,0.650000,0.110000,0.400000,0.110000,62.509998,7.070000,0.590000,258.910004,53.990002,58454.609375,34.24,99.98,2.750000,CO,16890
0.580000,0.670000,0.120000,0.440000,0.110000,62.480000,7.220000,1.090000,260.119995,50.150002,59612.949219,34.25,100.14,2.750000,CO,16891
0.620000,0.720000,0.150000,0.520000,0.120000,62.110001,6.570000,1.010000,261.390015,47.250000,61223.878906,34.25,100.31,3.000000,CO,16892
0.660000,0.760000,0.170000,0.590000,0.120000,61.419998,5.400000,0.710000,261.160004,49.439999,61664.750000,34.26,100.47,3.000000,CO,16893
0.620000,0.720000,0.150000,0.570000,0.120000,60.930000,5.400000,0.130000,260.549988,51.950001,61289.761719,34.27,100.64,3.000000,CO,16894
0.600000,0.680000,0.140000,0.530000,0.110000,60.689999,5.560000,0.080000,261.420013,49.330002,62028.070312,34.27,100.8,2.750000,CO,16895
0.620000,0.720000,0.150000,0.520000,0.110000,60.869999,2.910000,-0.350000,262.600006,46.240002,64744.480469,34.29,101.29,2.750000,CO,16898
0.700000,0.810000,0.170000,0.600000,0.110000,61.220001,2.050000,-0.900000,262.140015,47.279999,64851.351562,34.29,101.46,2.750000,CO,16899
0.820000,0.950000,0.210000,0.770000,0.120000,61.799999,2.220000,-1.370000,261.829987,47.790001,64031.359375,34.3,101.62,3.000000,CO,16900
0.830000,0.950000,0.200000,0.800000,0.120000,62.270000,3.310000,-1.240000,262.019989,46.270000,63588.808594,34.3,101.79,3.000000,CO,16901
0.880000,1.020000,0.250000,0.830000,0.120000,62.169998,3.900000,-0.850000,262.700012,44.459999,64121.160156,34.3,101.95,3.000000,CO,16902
0.990000,1.150000,0.340000,0.910000,0.120000,61.430000,3.800000,-0.670000,263.630005,43.590000,65269.839844,34.31,102.12,3.000000,CO,16903
0.370000,0.410000,0.040000,0.080000,0.110000,66.570000,9.710000,0.900000,257.510010,34.910000,54426.421875,33.6,90.0,2.750000,CO,17087
0.370000,0.400000,0.040000,0.080000,0.110000,66.440002,9.410000,0.370000,258.269989,32.410000,54766.378906,33.62,90.17,2.750000,CO,17088
0.360000,0.400000,0.030000,0.080000,0.110000,65.970001,8.670000,0.260000,257.109985,36.150002,54781.039062,33.63,90.33,2.750000,CO,17089
0.360000,0.390000,0.030000,0.080000,0.110000,65.330002,8.980000,0.540000,255.940002,37.900002,53802.390625,33.65,90.49,2.750000,CO,17090
0.350000,0.390000,0.030000,0.080000,0.110000,65.019997,9.950000,1.690000,256.079987,36.830002,53743.320312,33.67,90.65,2.750000,CO,17091
0.350000,0.380000,0.030000,0.090000,0.110000,64.940002,10.230000,2.650000,257.029999,34.209999,54340.730469,33.69,90.81,2.750000,CO,17092
0.340000,0.380000,0.030000,0.080000,0.110000,65.379997,10.820000,2.340000,257.079987,33.529999,54173.410156,33.71,90.98,2.750000,CO,17093
0.340000,0.370000,0.030000,0.080000,0.110000,65.910004,11.800000,1.450000,257.029999,33.150002,53928.300781,33.73,91.14,2.750000,CO,17094
0.340000,0.370000,0.030000,0.080000,0.110000,67.680000,11.940000,-0.080000,257.369995,32.290001,54000.089844,33.74,91.3,2.750000,CO,17095
0.330000,0.370000,0.030000,0.080000,0.110000,68.419998,11.550000,-0.730000,257.750000,31.280001,54178.011719,33.76,91.46,2.750000,CO,17096
0.330000,0.360000,0.030000,0.080000,0.110000,68.470001,10.890000,-0.550000,259.089996,28.559999,55165.050781,33.78,91.62,2.750000,CO,17097
0.330000,0.360000,0.030000,0.090000,0.110000,67.959999,9.900000,-0.580000,260.480011,26.129999,56309.589844,33.79,91.79,2.750000,CO,17098
0.330000,0.360000,0.030000,0.090000,0.110000,67.589996,9.530000,-0.670000,261.089996,25.270000,56843.910156,33.81,91.95,2.750000,CO,17099
0.330000,0.360000,0.040000,0.110000,0.110000,66.639999,9.780000,-0.790000,261.579987,24.440001,57324.031250,33.83,92.11,2.750000,CO,17100
0.330000,0.360000,0.040000,0.140000,0.110000,65.769997,9.730000,-0.890000,261.920013,23.990000,57684.019531,33.84,92.27,2.750000,CO,17101
0.330000,0.360000,0.040000,0.160000,0.110000,65.279999,9.270000,-0.510000,261.799988,24.299999,57745.050781,33.86,92.44,2.750000,CO,17102
0.320000,0.360000,0.040000,0.150000,0.110000,65.470001,8.800000,-0.200000,261.839996,24.510000,57812.800781,33.88,92.6,2.750000,CO,17103
0.320000,0.350000,0.040000,0.140000,0.110000,65.250000,8.440000,-0.160000,262.109985,24.320000,58084.359375,33.89,92.76,2.750000,CO,17104
0.320000,0.350000,0.040000,0.140000,0.110000,65.190002,8.430000,0.430000,261.799988,25.020000,57916.820312,33.91,92.93,2.750000,CO,17105
0.320000,0.350000,0.040000,0.130000,0.110000,65.430000,8.820000,0.380000,261.369995,25.670000,57498.449219,33.92,93.09,2.750000,CO,17106
0.320000,0.350000,0.040000,0.120000,0.110000,65.370003,8.760000,-0.620000,261.519989,25.510000,57610.199219,33.94,93.25,2.750000,CO,17107
0.310000,0.350000,0.040000,0.120000,0.110000,65.250000,8.240000,-1.230000,261.549988,25.629999,57738.960938,33.95,93.41,2.750000,CO,17108
0.310000,0.340000,0.040000,0.120000,0.120000,65.089996,7.800000,-1.500000,261.600006,25.770000,57920.050781,33.97,93.58,3.000000,CO,17109
0.310000,0.340000,0.040000,0.120000,0.120000,65.019997,7.170000,-1.540000,261.410004,26.360001,58013.820312,33.98,93.74,3.000000,CO,17110
0.310000,0.340000,0.040000,0.110000,0.120000,65.250000,7.170000,-1.090000,260.440002,28.049999,57318.859375,34.0,93.9,3.000000,CO,17111
0.310000,0.340000,0.040000,0.110000,0.110000,65.550003,7.950000,-0.690000,259.839996,28.879999,56722.519531,34.01,94.07,2.750000,CO,17112
0.310000,0.340000,0.040000,0.110000,0.110000,65.720001,8.520000,-0.020000,259.679993,29.120001,56462.710938,34.02,94.23,2.750000,CO,17113
0.310000,0.340000,0.040000,0.110000,0.110000,65.980003,9.080000,0.330000,259.350006,29.830000,56047.761719,34.04,94.39,2.750000,CO,17114
0.310000,0.340000,0.040000,0.100000,0.110000,66.370003,9.530000,-0.150000,259.500000,29.639999,56014.468750,34.05,94.56,2.750000,CO,17115
0.300000,0.340000,0.040000,0.100000,0.110000,66.370003,9.250000,-0.460000,260.260010,28.670000,56564.050781,34.06,94.72,2.750000,CO,17116
0.300000,0.340000,0.040000,0.110000,0.110000,66.239998,8.960000,-0.640000,260.269989,29.270000,56621.890625,34.08,94.88,2.750000,CO,17117
0.310000,0.340000,0.040000,0.130000,0.110000,66.349998,9.090000,-1.330000,259.809998,30.520000,56302.300781,34.09,95.05,2.750000,CO,17118
0.300000,0.340000,0.040000,0.140000,0.110000,66.459999,9.120000,-1.640000,259.489990,31.440001,56119.058594,34.1,95.21,2.750000,CO,17119
0.300000,0.330000,0.040000,0.140000,0.110000,66.529999,9.610000,-1.220000,259.100006,31.900000,55757.808594,34.12,95.37,2.750000,CO,17120
0.300000,0.330000,0.040000,0.160000,0.120000,66.169998,9.700000,-1.400000,261.329987,27.299999,57299.910156,34.13,95.54,3.000000,CO,17121
0.300000,0.330000,0.040000,0.220000,0.120000,64.949997,7.610000,-2.420000,263.720001,24.180000,59601.988281,34.14,95.7,3.000000,CO,17122
0.300000,0.330000,0.040000,0.310000,0.120000,64.870003,6.320000,-2.610000,261.899994,27.590000,58451.828125,34.15,95.87,3.000000,CO,17123
0.300000,0.320000,0.040000,0.320000,0.120000,66.669998,7.570000,-1.880000,259.649994,31.639999,56575.089844,34.16,96.03,3.000000,CO,17124
0.300000,0.320000,0.040000,0.310000,0.120000,66.589996,8.450000,-1.270000,259.649994,32.770000,56821.378906,34.17,96.19,3.000000,CO,17125
0.300000,0.320000,0.040000,0.290000,0.120000,65.790001,8.030000,-1.730000,260.390015,32.299999,57808.289062,34.19,96.36,3.000000,CO,17126
0.300000,0.330000,0.040000,0.260000,0.120000,65.339996,6.610000,-1.790000,259.690002,35.750000,58272.800781,34.2,96.52,3.000000,CO,17127
0.320000,0.350000,0.050000,0.220000,0.120000,65.430000,5.330000,-0.900000,258.109985,43.410000,58119.101562,34.21,96.68,3.000000,CO,17128
0.350000,0.390000,0.060000,0.210000,0.120000,65.660004,5.140000,-0.020000,256.869995,50.060001,57953.460938,34.22,96.85,3.000000,CO,17129
0.380000,0.420000,0.070000,0.210000,0.120000,65.629997,5.620000,0.590000,256.359985,52.810001,57773.609375,34.23,97.01,3.000000,CO,17130
0.400000,0.450000,0.070000,0.210000,0.120000,65.449997,5.830000,0.550000,256.040009,54.459999,57640.960938,34.24,97.18,3.000000,CO,17131
0.430000,0.480000,0.080000,0.210000,0.120000,65.160004,5.910000,0.970000,255.960007,55.130001,57121.289062,34.25,97.34,3.000000,CO,17132
0.430000,0.490000,0.080000,0.250000,0.120000,64.889999,7.230000,2.080000,256.359985,52.669998,56593.019531,34.26,97.51,3.000000,CO,17133
0.430000,0.480000,0.080000,0.280000,0.120000,64.680000,8.720000,1.810000,257.269989,48.750000,56631.921875,34.27,97.67,3.000000,CO,17134
0.420000,0.470000,0.070000,0.300000,0.120000,64.519997,9.290000,0.680000,257.989990,45.709999,56806.949219,34.28,97.83,3.000000,CO,17135
0.410000,0.460000,0.070000,0.300000,0.110000,64.339996,9.390000,-0.130000,258.899994,43.860001,57436.179688,34.29,98.0,2.750000,CO,17136
0.400000,0.450000,0.070000,0.290000,0.110000,63.730000,9.030000,-0.400000,259.660004,40.939999,58461.980469,34.29,98.16,2.750000,CO,17137
0.390000,0.440000,0.060000,0.290000,0.110000,63.000000,7.960000,-0.250000,259.940002,44.259998,59184.351562,34.3,98.33,2.750000,CO,17138
0.400000,0.450000,0.060000,0.280000,0.110000,61.990002,7.370000,1.060000,258.790009,43.450001,59763.199219,34.31,98.49,2.750000,CO,17139
0.350000,0.390000,0.060000,0.210000,0.110000,64.110001,6.280000,0.270000,261.649994,59.639999,60309.808594,34.32,98.66,2.750000,CO,17140
0.400000,0.450000,0.070000,0.250000,0.110000,63.439999,3.940000,0.150000,259.070007,66.379997,60395.238281,34.33,98.82,2.750000,CO,17141
0.460000,0.520000,0.090000,0.320000,0.110000,63.549999,1.980000,0.820000,257.890015,67.339996,60069.320312,34.34,98.98,2.750000,CO,17142
0.550000,0.620000,0.120000,0.440000,0.110000,64.269997,1.470000,0.410000,257.109985,68.139999,59176.140625,34.34,99.15,2.750000,CO,17143
0.520000,0.590000,0.110000,0.380000,0.110000,64.150002,2.410000,-0.360000,256.420013,68.769997,58266.191406,34.35,99.31,2.750000,CO,17144
0.500000,0.570000,0.110000,0.360000,0.110000,63.860001,3.320000,0.230000,256.149994,68.379997,57627.390625,34.36,99.48,2.750000,CO,17145
0.500000,0.560000,0.100000,0.350000,0.110000,62.790001,5.170000,1.360000,256.480011,65.180000,56965.589844,34.36,99.64,2.750000,CO,17146
0.510000,0.580000,0.100000,0.380000,0.110000,62.389999,7.340000,1.490000,257.980011,57.189999,57687.601562,34.37,99.81,2.750000,CO,17147
0.510000,0.580000,0.100000,0.380000,0.110000,62.759998,7.480000,0.900000,260.350006,48.150002,59479.621094,34.38,99.97,2.750000,CO,17148
0.570000,0.660000,0.130000,0.430000,0.110000,62.529999,6.670000,0.050000,261.410004,45.509998,60811.089844,34.38,100.14,2.750000,CO,17149
0.690000,0.810000,0.230000,0.650000,0.120000,61.869999,5.220000,-0.750000,261.769989,45.529999,61844.191406,34.39,100.3,3.000000,CO,17150
0.740000,0.860000,0.270000,0.780000,0.120000,61.099998,3.950000,-0.230000,260.769989,49.570000,61580.859375,34.4,100.47,3.000000,CO,17151
0.650000,0.760000,0.200000,0.690000,0.110000,60.849998,4.530000,0.160000,260.320007,51.009998,60867.621094,34.4,100.63,2.750000,CO,17152
0.620000,0.720000,0.180000,0.620000,0.110000,60.840000,4.690000,-0.230000,261.769989,47.130001,62243.949219,34.41,100.79,2.750000,CO,17153
0.600000,0.700000,0.160000,0.570000,0.110000,61.150002,3.450000,-0.600000,262.920013,44.750000,64144.890625,34.41,100.96,2.750000,CO,17154
0.620000,0.710000,0.160000,0.550000,0.110000,61.290001,2.340000,-0.840000,262.480011,45.919998,64584.320312,34.42,101.12,2.750000,CO,17155
0.660000,0.760000,0.170000,0.610000,0.110000,61.320000,1.550000,-0.540000,261.899994,47.419998,64500.660156,34.42,101.29,2.750000,CO,17156
0.750000,0.860000,0.190000,0.690000,0.110000,62.150002,1.210000,0.110000,261.649994,47.419998,64171.609375,34.43,101.45,2.750000,CO,17157
0.840000,0.970000,0.200000,0.780000,0.120000,63.040001,2.000000,0.020000,261.399994,47.070000,63364.300781,34.43,101.62,3.000000,CO,17158
0.860000,0.990000,0.210000,0.750000,0.120000,63.310001,3.610000,-0.660000,261.929993,44.310001,63523.550781,34.44,101.78,3.000000,CO,17159
0.940000,1.100000,0.240000,0.750000,0.120000,63.240002,4.250000,-1.060000,263.459991,41.119999,65075.628906,34.44,101.95,3.000000,CO,17160
1.100000,1.290000,0.310000,0.780000,0.120000,62.580002,3.320000,-0.600000,264.440002,40.669998,66579.273438,34.44,102.11,3.000000,CO,17161
0.380000,0.420000,0.040000,0.080000,0.110000,65.870003,9.960000,1.040000,257.839996,33.490002,54652.148438,33.73,89.98,2.750000,CO,17345
0.370000,0.410000,0.040000,0.080000,0.110000,66.169998,9.410000,0.340000,257.809998,33.130001,54598.339844,33.75,90.14,2.750000,CO,17346
0.370000,0.400000,0.040000,0.080000,0.110000,66.120003,8.960000,0.200000,257.140015,34.340000,54199.660156,33.77,90.3,2.750000,CO,17347
0.360000,0.400000,0.040000,0.080000,0.110000,66.339996,9.450000,0.460000,255.789993,37.119999,53228.250000,33.79,90.47,2.750000,CO,17348
0.360000,0.390000,0.040000,0.080000,0.110000,67.000000,10.310000,0.380000,255.559998,37.110001,52957.320312,33.81,90.63,2.750000,CO,17349
0.350000,0.390000,0.040000,0.080000,0.110000,66.129997,10.620000,0.930000,256.489990,34.400002,53694.710938,33.82,90.79,2.750000,CO,17350
0.350000,0.380000,0.040000,0.080000,0.110000,65.790001,10.540000,1.600000,257.609985,31.700001,54619.269531,33.84,90.95,2.750000,CO,17351
0.340000,0.380000,0.030000,0.080000,0.110000,65.680000,10.620000,1.470000,258.140015,30.549999,55060.378906,33.86,91.12,2.750000,CO,17352
0.340000,0.370000,0.030000,0.080000,0.110000,65.820000,11.050000,0.760000,257.190002,32.360001,54326.179688,33.88,91.28,2.750000,CO,17353
0.340000,0.370000,0.030000,0.080000,0.110000,67.360001,11.370000,0.080000,256.369995,34.480000,53510.539062,33.9,91.44,2.750000,CO,17354
0.340000,0.370000,0.030000,0.080000,0.110000,67.639999,10.800000,-0.330000,257.690002,31.219999,54300.308594,33.91,91.6,2.750000,CO,17355
0.340000,0.370000,0.040000,0.080000,0.110000,67.199997,9.790000,-0.710000,259.489990,27.629999,55630.359375,33.93,91.77,2.750000,CO,17356
0.330000,0.370000,0.040000,0.090000,0.110000,66.790001,9.200000,-0.940000,260.660004,25.690001,56586.410156,33.95,91.93,2.750000,CO,17357
0.330000,0.370000,0.040000,0.090000,0.110000,66.489998,8.940000,-1.070000,261.179993,25.080000,57078.250000,33.96,92.09,2.750000,CO,17358
0.330000,0.370000,0.040000,0.130000,0.110000,65.589996,8.990000,-1.230000,260.929993,25.469999,57008.531250,33.98,92.25,2.750000,CO,17359
0.330000,0.370000,0.040000,0.160000,0.110000,65.629997,8.680000,-0.930000,261.250000,25.040001,57309.808594,34.0,92.42,2.750000,CO,17360
0.330000,0.360000,0.040000,0.150000,0.110000,65.360001,8.080000,-0.580000,261.890015,24.230000,57932.960938,34.01,92.58,2.750000,CO,17361
0.330000,0.360000,0.040000,0.140000,0.110000,64.809998,8.180000,-0.720000,262.059998,24.000000,58229.601562,34.03,92.74,2.750000,CO,17362
0.320000,0.360000,0.040000,0.140000,0.110000,64.410004,8.530000,-0.660000,262.209991,23.860001,58514.871094,34.04,92.91,2.750000,CO,17363
0.320000,0.350000,0.040000,0.130000,0.110000,64.050003,8.360000,-0.410000,262.230011,24.010000,58702.839844,34.06,93.07,2.750000,CO,17364
0.320000,0.350000,0.040000,0.130000,0.110000,63.810001,7.900000,-0.580000,261.679993,25.020000,58431.289062,34.07,93.23,2.750000,CO,17365
0.310000,0.340000,0.040000,0.120000,0.110000,64.339996,7.580000,-0.840000,261.250000,25.860001,58118.570312,34.09,93.4,2.750000,CO,17366
0.310000,0.340000,0.040000,0.120000,0.120000,64.730003,7.390000,-1.040000,261.109985,26.129999,58079.671875,34.1,93.56,3.000000,CO,17367
0.310000,0.340000,0.040000,0.120000,0.110000,65.050003,7.340000,-0.720000,260.579987,27.010000,57678.671875,34.12,93.72,2.750000,CO,17368
0.310000,0.340000,0.040000,0.110000,0.110000,65.470001,8.030000,-0.230000,259.679993,28.299999,56780.269531,34.13,93.89,2.750000,CO,17369
0.300000,0.330000,0.040000,0.110000,0.110000,65.900002,9.110000,-0.140000,259.589996,28.139999,56443.921875,34.15,94.05,2.750000,CO,17370
0.300000,0.330000,0.040000,0.110000,0.110000,66.029999,9.440000,-0.020000,260.160004,27.190001,56744.699219,34.16,94.21,2.750000,CO,17371
0.300000,0.330000,0.040000,0.110000,0.110000,65.970001,9.240000,0.150000,260.290009,27.350000,56841.410156,34.17,94.38,2.750000,CO,17372
0.300000,0.330000,0.040000,0.100000,0.110000,66.010002,9.270000,-0.130000,260.010010,28.170000,56600.828125,34.19,94.54,2.750000,CO,17373
0.310000,0.340000,0.040000,0.110000,0.110000,65.839996,9.130000,-0.620000,260.660004,27.330000,57079.191406,34.2,94.7,2.750000,CO,17374
0.310000,0.340000,0.040000,0.110000,0.120000,65.459999,8.590000,-0.850000,261.179993,27.020000,57614.710938,34.21,94.87,3.000000,CO,17375
0.310000,0.340000,0.040000,0.130000,0.120000,65.440002,8.620000,-0.830000,260.070007,29.450001,56846.539062,34.23,95.03,3.000000,CO,17376
0.310000,0.340000,0.040000,0.140000,0.120000,65.660004,9.330000,-0.740000,259.230011,31.129999,56113.781250,34.24,95.2,3.000000,CO,17377
0.310000,0.340000,0.040000,0.140000,0.120000,65.570000,9.660000,-0.700000,260.220001,29.100000,56773.910156,34.25,95.36,3.000000,CO,17378
0.300000,0.330000,0.040000,0.160000,0.120000,64.760002,8.730000,-1.500000,262.290009,25.820000,58479.789062,34.26,95.52,3.000000,CO,17379
0.300000,0.330000,0.040000,0.210000,0.120000,64.209999,7.100000,-2.310000,262.540009,26.129999,59046.339844,34.28,95.69,3.000000,CO,17380
0.300000,0.330000,0.040000,0.250000,0.120000,64.330002,7.110000,-1.800000,260.420013,30.020000,57359.718750,34.29,95.85,3.000000,CO,17381
0.300000,0.330000,0.040000,0.250000,0.120000,65.980003,8.590000,-1.510000,259.190002,31.740000,56228.679688,34.3,96.02,3.000000,CO,17382
0.300000,0.330000,0.040000,0.240000,0.120000,65.839996,8.850000,-1.630000,259.940002,31.410000,56980.550781,34.31,96.18,3.000000,CO,17383
0.310000,0.340000,0.040000,0.220000,0.120000,65.410004,7.710000,-1.660000,259.929993,33.020000,57611.191406,34.32,96.34,3.000000,CO,17384
0.320000,0.350000,0.050000,0.210000,0.120000,65.290001,7.190000,-1.810000,258.839996,36.869999,57326.230469,34.33,96.51,3.000000,CO,17385
0.340000,0.370000,0.050000,0.200000,0.120000,65.220001,7.710000,-1.510000,258.350006,38.689999,57065.121094,34.34,96.67,3.000000,CO,17386
0.360000,0.390000,0.060000,0.190000,0.120000,64.930000,7.990000,-0.890000,258.309998,39.610001,57198.878906,34.35,96.84,3.000000,CO,17387
0.370000,0.420000,0.060000,0.190000,0.120000,64.540001,7.360000,0.010000,257.880005,43.130001,57537.828125,34.36,97.0,3.000000,CO,17388
0.390000,0.440000,0.070000,0.190000,0.120000,64.279999,6.790000,1.130000,256.859985,49.439999,57628.371094,34.37,97.17,3.000000,CO,17389
0.400000,0.450000,0.070000,0.190000,0.120000,64.339996,7.350000,2.330000,256.869995,50.439999,57578.531250,34.38,97.33,3.000000,CO,17390
0.400000,0.450000,0.070000,0.200000,0.120000,64.150002,8.010000,3.050000,257.630005,48.570000,57945.019531,34.39,97.49,3.000000,CO,17391
0.400000,0.450000,0.070000,0.230000,0.120000,63.910000,7.970000,2.810000,257.929993,48.230000,58066.128906,34.4,97.66,3.000000,CO,17392
0.400000,0.450000,0.070000,0.290000,0.120000,63.680000,8.380000,2.240000,257.970001,47.720001,57843.968750,34.41,97.82,3.000000,CO,17393
0.400000,0.450000,0.070000,0.320000,0.120000,63.509998,9.140000,1.380000,259.089996,43.910000,58360.859375,34.42,97.99,3.000000,CO,17394
0.390000,0.430000,0.060000,0.310000,0.110000,63.209999,9.080000,0.790000,259.910004,41.320000,59140.050781,34.43,98.15,2.750000,CO,17395
0.380000,0.430000,0.060000,0.300000,0.110000,62.669998,8.300000,0.180000,259.859985,42.270000,59440.640625,34.44,98.32,2.750000,CO,17396
0.380000,0.420000,0.060000,0.290000,0.110000,61.480000,6.800000,0.130000,259.029999,47.310001,59785.808594,34.45,98.48,2.750000,CO,17397
0.380000,0.430000,0.060000,0.280000,0.110000,61.169998,3.910000,-0.860000,257.709991,56.709999,60251.671875,34.46,98.65,2.750000,CO,17398
0.430000,0.480000,0.080000,0.290000,0.110000,62.560001,0.870000,-0.670000,257.079987,64.830002,60745.570312,34.46,98.81,2.750000,CO,17399
0.480000,0.540000,0.100000,0.340000,0.110000,63.540001,-0.430000,0.040000,257.350006,65.099998,60379.980469,34.47,98.97,2.750000,CO,17400
0.550000,0.630000,0.130000,0.480000,0.110000,64.300003,0.850000,-0.160000,256.769989,65.169998,58702.390625,34.48,99.14,2.750000,CO,17401
0.520000,0.590000,0.120000,0.430000,0.110000,63.869999,3.960000,-0.700000,255.889999,66.459999,57073.128906,34.49,99.3,2.750000,CO,17402
0.490000,0.560000,0.110000,0.410000,0.110000,62.930000,6.100000,-0.030000,256.140015,63.750000,56943.621094,34.49,99.47,2.750000,CO,17403
0.480000,0.540000,0.100000,0.400000,0.110000,62.939999,6.760000,1.740000,257.540009,57.669998,57883.800781,34.5,99.63,2.750000,CO,17404
0.470000,0.530000,0.090000,0.400000,0.110000,62.730000,6.930000,1.750000,259.440002,50.740002,59247.531250,34.51,99.8,2.750000,CO,17405
0.470000,0.530000,0.100000,0.420000,0.110000,62.830002,6.320000,0.670000,260.970001,46.389999,60771.929688,34.51,99.96,2.750000,CO,17406
0.500000,0.570000,0.110000,0.460000,0.110000,62.500000,5.530000,-0.490000,260.670013,47.950001,60919.308594,34.52,100.13,2.750000,CO,17407
0.530000,0.610000,0.140000,0.520000,0.110000,62.250000,5.420000,-1.340000,260.510010,48.110001,60596.308594,34.53,100.29,2.750000,CO,17408
0.530000,0.600000,0.140000,0.560000,0.110000,61.840000,5.050000,-0.960000,261.279999,45.709999,61364.949219,34.53,100.46,2.750000,CO,17409
0.520000,0.590000,0.130000,0.650000,0.110000,61.400002,4.110000,-0.220000,261.829987,45.090000,62428.429688,34.54,100.62,2.750000,CO,17410
0.530000,0.610000,0.130000,0.610000,0.110000,61.560001,3.230000,-0.260000,262.640015,43.610001,63780.269531,34.54,100.79,2.750000,CO,17411
0.570000,0.650000,0.140000,0.600000,0.110000,61.779999,2.160000,-0.280000,262.790009,43.630001,64745.210938,34.55,100.95,2.750000,CO,17412
0.620000,0.700000,0.150000,0.550000,0.110000,62.169998,1.930000,-0.600000,261.910004,45.939999,64100.738281,34.55,101.12,2.750000,CO,17413
0.710000,0.810000,0.180000,0.610000,0.110000,62.470001,2.210000,-0.340000,261.910004,45.540001,64007.660156,34.56,101.28,2.750000,CO,17414
0.850000,0.970000,0.230000,0.700000,0.120000,63.040001,1.940000,0.610000,262.230011,44.509998,64724.441406,34.56,101.45,3.000000,CO,17415
1.050000,1.230000,0.320000,0.890000,0.120000,63.590000,2.080000,1.030000,262.160004,44.419998,64662.011719,34.57,101.61,3.000000,CO,17416
1.050000,1.230000,0.290000,0.790000,0.120000,63.970001,3.130000,0.130000,261.880005,44.840000,64258.339844,34.57,101.78,3.000000,CO,17417
1.150000,1.360000,0.320000,0.760000,0.120000,64.440002,3.990000,-1.540000,262.450012,42.959999,64475.789062,34.58,101.94,3.000000,CO,17418
0.390000,0.430000,0.040000,0.080000,0.110000,66.910004,10.160000,0.760000,257.970001,32.740002,54516.640625,33.87,89.96,2.750000,CO,17602
0.380000,0.420000,0.040000,0.080000,0.110000,66.389999,9.860000,0.290000,257.070007,34.290001,53957.960938,33.89,90.12,2.750000,CO,17603
0.380000,0.410000,0.040000,0.080000,0.110000,66.150002,10.140000,0.120000,255.880005,36.619999,53156.171875,33.9,90.28,2.750000,CO,17604
0.370000,0.410000,0.040000,0.080000,0.110000,67.419998,10.360000,0.310000,255.059998,38.270000,52510.550781,33.92,90.44,2.750000,CO,17605
0.370000,0.400000,0.040000,0.080000,0.110000,67.050003,11.360000,0.150000,254.149994,40.369999,51814.039062,33.94,90.61,2.750000,CO,17606
0.360000,0.400000,0.040000,0.080000,0.110000,67.250000,12.100000,0.300000,255.199997,37.080002,52478.238281,33.96,90.77,2.750000,CO,17607
0.360000,0.390000,0.040000,0.080000,0.110000,67.919998,10.940000,0.620000,257.660004,31.549999,54252.480469,33.98,90.93,2.750000,CO,17608
0.350000,0.390000,0.040000,0.080000,0.110000,67.440002,9.870000,0.680000,258.730011,29.570000,55156.160156,34.0,91.09,2.750000,CO,17609
0.350000,0.380000,0.040000,0.080000,0.110000,66.529999,10.330000,0.860000,257.829987,31.309999,54686.550781,34.01,91.26,2.750000,CO,17610
0.350000,0.380000,0.040000,0.080000,0.110000,67.610001,10.810000,0.540000,257.239990,32.180000,54167.378906,34.03,91.42,2.750000,CO,17611
0.350000,0.380000,0.040000,0.080000,0.110000,67.389999,10.130000,-0.090000,258.670013,29.040001,55197.191406,34.05,91.58,2.750000,CO,17612
0.340000,0.380000,0.040000,0.080000,0.110000,66.739998,9.120000,-0.650000,259.920013,26.730000,56231.429688,34.06,91.75,2.750000,CO,17613
0.340000,0.380000,0.040000,0.090000,0.110000,66.489998,8.940000,-1.070000,260.170013,26.309999,56489.039062,34.08,91.91,2.750000,CO,17614
0.340000,0.370000,0.040000,0.090000,0.110000,66.459999,8.980000,-1.170000,260.440002,25.940001,56744.179688,34.1,92.07,2.750000,CO,17615
0.340000,0.370000,0.040000,0.110000,0.110000,66.379997,9.000000,-1.230000,260.320007,26.160000,56675.531250,34.11,92.24,2.750000,CO,17616
0.340000,0.370000,0.040000,0.140000,0.110000,66.150002,8.860000,-1.260000,260.940002,25.120001,57195.308594,34.13,92.4,2.750000,CO,17617
0.330000,0.370000,0.040000,0.140000,0.110000,65.709999,8.120000,-1.200000,261.850006,23.790001,58076.609375,34.15,92.56,2.750000,CO,17618
0.330000,0.360000,0.040000,0.140000,0.120000,65.639999,7.810000,-1.280000,261.480011,24.480000,57988.308594,34.16,92.72,3.000000,CO,17619
0.330000,0.360000,0.040000,0.130000,0.120000,65.599998,8.380000,-1.530000,261.109985,25.000000,57724.429688,34.18,92.89,3.000000,CO,17620
0.330000,0.360000,0.040000,0.130000,0.120000,65.279999,8.440000,-1.250000,261.609985,24.170000,58142.511719,34.19,93.05,3.000000,CO,17621
0.320000,0.350000,0.040000,0.120000,0.120000,65.029999,7.390000,-0.670000,261.859985,24.080000,58582.671875,34.21,93.21,3.000000,CO,17622
0.320000,0.350000,0.040000,0.120000,0.120000,65.599998,6.680000,-0.730000,261.170013,25.480000,58287.769531,34.22,93.38,3.000000,CO,17623
0.310000,0.340000,0.040000,0.120000,0.120000,66.230003,7.330000,-1.110000,260.440002,26.549999,57642.320312,34.24,93.54,3.000000,CO,17624
0.310000,0.340000,0.040000,0.110000,0.120000,65.809998,8.370000,-0.290000,260.130005,26.830000,57332.539062,34.25,93.71,3.000000,CO,17625
0.310000,0.340000,0.040000,0.110000,0.120000,66.160004,8.890000,0.610000,260.140015,26.809999,57146.878906,34.27,93.87,3.000000,CO,17626
0.310000,0.340000,0.040000,0.110000,0.120000,66.300003,9.370000,0.320000,260.019989,26.900000,56828.519531,34.28,94.03,3.000000,CO,17627
0.310000,0.340000,0.040000,0.110000,0.120000,66.550003,9.770000,-0.420000,259.980011,26.940001,56619.750000,34.3,94.2,3.000000,CO,17628
0.310000,0.340000,0.040000,0.100000,0.120000,66.510002,9.570000,-0.570000,260.299988,26.590000,56823.000000,34.31,94.36,3.000000,CO,17629
0.310000,0.340000,0.040000,0.100000,0.120000,66.129997,9.010000,-0.530000,260.769989,26.170000,57242.679688,34.32,94.52,3.000000,CO,17630
0.310000,0.340000,0.040000,0.110000,0.120000,65.709999,8.490000,-0.910000,260.989990,26.270000,57564.371094,34.34,94.69,3.000000,CO,17631
0.320000,0.350000,0.040000,0.110000,0.120000,65.550003,8.480000,-0.920000,260.519989,27.459999,57280.121094,34.35,94.85,3.000000,CO,17632
0.320000,0.350000,0.040000,0.110000,0.120000,65.449997,8.860000,-0.310000,260.220001,28.320000,57028.660156,34.36,95.02,3.000000,CO,17633
0.310000,0.340000,0.040000,0.110000,0.120000,65.120003,9.050000,-0.320000,260.549988,28.049999,57264.378906,34.37,95.18,3.000000,CO,17634
0.310000,0.340000,0.040000,0.120000,0.120000,64.470001,8.720000,-1.070000,261.260010,27.160000,57889.578125,34.39,95.34,3.000000,CO,17635
0.310000,0.340000,0.040000,0.160000,0.120000,63.910000,7.810000,-1.730000,261.850006,26.770000,58602.230469,34.4,95.51,3.000000,CO,17636
0.310000,0.340000,0.040000,0.200000,0.120000,63.570000,7.050000,-1.510000,261.390015,28.059999,58387.859375,34.41,95.67,3.000000,CO,17637
0.310000,0.340000,0.040000,0.190000,0.120000,63.470001,7.280000,-0.710000,260.470001,29.969999,57661.011719,34.42,95.84,3.000000,CO,17638
0.310000,0.340000,0.040000,0.170000,0.120000,63.400002,8.150000,-0.890000,259.679993,30.990000,56912.679688,34.43,96.0,3.000000,CO,17639
0.320000,0.350000,0.040000,0.170000,0.120000,64.379997,8.530000,-1.540000,259.299988,32.919998,56779.410156,34.45,96.17,3.000000,CO,17640
0.320000,0.350000,0.040000,0.160000,0.120000,64.610001,7.980000,-1.550000,259.100006,35.099998,57071.410156,34.46,96.33,3.000000,CO,17641
0.330000,0.370000,0.050000,0.160000,0.120000,64.779999,7.710000,-0.960000,258.320007,38.110001,56905.628906,34.47,96.49,3.000000,CO,17642
0.350000,0.380000,0.050000,0.150000,0.120000,64.820000,8.200000,-0.440000,258.130005,39.369999,56884.789062,34.48,96.66,3.000000,CO,17643
0.360000,0.390000,0.050000,0.150000,0.120000,64.769997,8.620000,-0.210000,258.269989,39.470001,57100.359375,34.49,96.82,3.000000,CO,17644
0.360000,0.400000,0.060000,0.150000,0.120000,64.550003,8.580000,-0.060000,258.589996,39.500000,57468.648438,34.5,96.99,3.000000,CO,17645
0.370000,0.410000,0.060000,0.160000,0.120000,64.129997,8.120000,0.770000,258.410004,42.029999,57929.910156,34.51,97.15,3.000000,CO,17646
0.370000,0.420000,0.060000,0.160000,0.120000,63.759998,7.830000,1.900000,258.170013,45.029999,58327.300781,34.52,97.32,3.000000,CO,17647
0.380000,0.420000,0.060000,0.170000,0.110000,63.380001,7.630000,2.320000,258.170013,46.580002,58778.390625,34.53,97.48,2.750000,CO,17648
0.380000,0.420000,0.060000,0.190000,0.110000,63.070000,7.550000,2.650000,257.880005,49.209999,58801.679688,34.54,97.65,2.750000,CO,17649
0.380000,0.420000,0.060000,0.230000,0.110000,62.959999,8.140000,2.870000,258.190002,48.770000,58897.039062,34.55,97.81,2.750000,CO,17650
0.380000,0.430000,0.060000,0.270000,0.110000,62.750000,8.700000,2.460000,259.339996,45.349998,59587.019531,34.56,97.98,2.750000,CO,17651
0.390000,0.440000,0.070000,0.330000,0.120000,62.200001,8.100000,1.670000,259.700012,44.950001,60104.351562,34.57,98.14,3.000000,CO,17652
0.380000,0.430000,0.070000,0.340000,0.120000,61.799999,6.840000,1.040000,258.709991,49.439999,59959.109375,34.57,98.31,3.000000,CO,17653
0.380000,0.420000,0.060000,0.350000,0.110000,61.090000,5.970000,0.320000,257.959991,54.160000,59542.351562,34.58,98.47,2.750000,CO,17654
0.380000,0.430000,0.070000,0.310000,0.110000,61.130001,3.960000,-0.130000,257.029999,61.590000,59847.179688,34.59,98.64,2.750000,CO,17655
0.440000,0.500000,0.090000,0.310000,0.110000,62.779999,0.980000,-0.830000,256.799988,64.129997,60266.980469,34.6,98.8,2.750000,CO,17656
0.470000,0.530000,0.100000,0.330000,0.110000,63.860001,0.210000,-0.540000,256.940002,63.139999,59408.988281,34.61,98.97,2.750000,CO,17657
0.500000,0.560000,0.110000,0.430000,0.110000,64.050003,1.630000,0.560000,256.119995,65.519997,57938.609375,34.61,99.13,2.750000,CO,17658
0.480000,0.550000,0.110000,0.440000,0.110000,62.799999,4.660000,0.300000,255.399994,66.050003,56294.671875,34.62,99.3,2.750000,CO,17659
0.460000,0.510000,0.100000,0.410000,0.110000,62.930000,7.570000,-0.710000,256.309998,58.900002,56092.941406,34.63,99.46,2.750000,CO,17660
0.440000,0.490000,0.090000,0.420000,0.110000,62.450001,7.340000,0.040000,259.170013,48.490002,58437.828125,34.64,99.63,2.750000,CO,17661
0.430000,0.480000,0.090000,0.420000,0.110000,62.340000,5.390000,0.430000,261.170013,43.799999,60797.761719,34.64,99.79,2.750000,CO,17662
0.430000,0.480000,0.090000,0.440000,0.110000,62.520000,4.140000,0.260000,261.279999,44.430000,61519.238281,34.65,99.96,2.750000,CO,17663
0.440000,0.490000,0.090000,0.480000,0.110000,62.400002,4.050000,0.420000,260.320007,47.619999,60703.128906,34.66,100.12,2.750000,CO,17664
0.440000,0.490000,0.090000,0.470000,0.110000,62.189999,4.730000,-0.210000,260.029999,47.820000,60039.929688,34.66,100.29,2.750000,CO,17665
0.450000,0.500000,0.100000,0.510000,0.110000,62.060001,4.410000,-1.060000,261.929993,42.250000,62023.429688,34.67,100.45,2.750000,CO,17666
0.490000,0.550000,0.120000,0.640000,0.110000,62.180000,2.580000,-1.320000,263.619995,38.840000,64784.941406,34.67,100.62,2.750000,CO,17667
0.560000,0.640000,0.140000,0.600000,0.110000,62.880001,0.750000,-0.920000,263.589996,39.990002,65523.410156,34.68,100.78,2.750000,CO,17668
0.630000,0.720000,0.160000,0.620000,0.110000,63.150002,0.290000,-0.420000,262.739990,42.110001,64933.730469,34.68,100.95,2.750000,CO,17669
0.690000,0.780000,0.180000,0.570000,0.110000,63.689999,1.510000,-0.570000,261.989990,43.419998,63821.648438,34.69,101.11,2.750000,CO,17670
0.800000,0.920000,0.210000,0.640000,0.120000,63.980000,2.450000,-0.480000,262.420013,42.169998,64172.640625,34.69,101.28,3.000000,CO,17671
1.010000,1.160000,0.280000,0.750000,0.120000,64.320000,1.900000,-0.100000,263.140015,41.639999,65615.546875,34.7,101.44,3.000000,CO,17672
1.280000,1.490000,0.400000,0.980000,0.120000,64.639999,1.160000,1.050000,262.809998,43.509998,65891.703125,34.7,101.61,3.000000,CO,17673
1.230000,1.460000,0.360000,0.830000,0.120000,65.129997,1.610000,0.680000,261.730011,46.000000,64587.511719,34.71,101.77,3.000000,CO,17674
0.400000,0.440000,0.040000,0.080000,0.110000,69.089996,10.980000,-0.070000,256.799988,34.240002,53408.828125,33.98,89.77,2.750000,CO,17858
0.400000,0.430000,0.040000,0.080000,0.110000,68.830002,10.040000,-0.150000,257.489990,33.099998,54090.121094,34.0,89.93,2.750000,CO,17859
0.390000,0.430000,0.040000,0.080000,0.110000,67.669998,9.680000,-0.240000,256.290009,35.669998,53387.800781,34.02,90.1,2.750000,CO,17860
0.390000,0.420000,0.040000,0.080000,0.110000,67.290001,10.560000,-0.110000,254.649994,39.400002,52244.000000,34.04,90.26,2.750000,CO,17861
0.380000,0.410000,0.040000,0.080000,0.110000,67.510002,11.520000,0.220000,253.949997,40.930000,51729.609375,34.06,90.42,2.750000,CO,17862
0.380000,0.410000,0.040000,0.080000,0.110000,68.070000,12.460000,0.410000,253.610001,41.540001,51414.179688,34.08,90.58,2.750000,CO,17863
0.370000,0.400000,0.040000,0.080000,0.110000,68.510002,12.860000,0.300000,255.279999,36.480000,52498.261719,34.09,90.75,2.750000,CO,17864
0.370000,0.400000,0.040000,0.080000,0.110000,68.239998,11.940000,0.010000,257.910004,30.280001,54454.429688,34.11,90.91,2.750000,CO,17865
0.370000,0.400000,0.040000,0.080000,0.110000,68.720001,10.790000,-0.170000,259.230011,27.809999,55459.949219,34.13,91.07,2.750000,CO,17866
0.360000,0.400000,0.040000,0.080000,0.110000,68.639999,10.440000,0.070000,259.179993,27.959999,55512.398438,34.15,91.24,2.750000,CO,17867
0.360000,0.390000,0.040000,0.080000,0.110000,68.389999,10.380000,-0.040000,259.059998,28.120001,55492.558594,34.17,91.4,2.750000,CO,17868
0.360000,0.390000,0.040000,0.080000,0.110000,67.660004,9.540000,-0.610000,259.959991,26.410000,56324.550781,34.18,91.56,2.750000,CO,17869
0.350000,0.390000,0.040000,0.080000,0.110000,66.910004,8.530000,-0.880000,260.429993,25.629999,56910.808594,34.2,91.73,2.750000,CO,17870
0.350000,0.390000,0.040000,0.080000,0.110000,66.800003,8.550000,-0.930000,260.010010,26.350000,56715.429688,34.22,91.89,2.750000,CO,17871
0.350000,0.380000,0.040000,0.090000,0.110000,66.739998,8.990000,-1.090000,260.239990,26.049999,56897.539062,34.23,92.05,2.750000,CO,17872
0.350000,0.380000,0.040000,0.110000,0.110000,65.900002,9.150000,-1.300000,260.309998,25.910000,57090.378906,34.25,92.22,2.750000,CO,17873
0.350000,0.380000,0.040000,0.130000,0.120000,66.180000,9.040000,-1.480000,260.470001,25.790001,57247.250000,34.27,92.38,3.000000,CO,17874
0.340000,0.380000,0.040000,0.140000,0.120000,65.459999,8.820000,-1.430000,260.950012,24.920000,57719.878906,34.28,92.54,3.000000,CO,17875
0.340000,0.380000,0.040000,0.150000,0.120000,65.139999,8.650000,-0.960000,260.809998,25.160000,57730.710938,34.3,92.71,3.000000,CO,17876
0.340000,0.370000,0.040000,0.140000,0.120000,65.540001,8.930000,-1.070000,260.200012,26.160000,57204.769531,34.31,92.87,3.000000,CO,17877
0.340000,0.370000,0.040000,0.130000,0.120000,65.620003,9.100000,-1.350000,260.609985,25.400000,57462.441406,34.33,93.03,3.000000,CO,17878
0.330000,0.360000,0.040000,0.130000,0.120000,65.449997,7.930000,-1.020000,261.489990,24.170000,58364.289062,34.34,93.2,3.000000,CO,17879
0.330000,0.360000,0.040000,0.120000,0.120000,65.480003,7.170000,-0.570000,260.350006,26.110001,57686.941406,34.36,93.36,3.000000,CO,17880
0.320000,0.350000,0.040000,0.120000,0.120000,66.180000,8.610000,-0.520000,258.839996,28.340000,56205.300781,34.37,93.52,3.000000,CO,17881
0.320000,0.350000,0.040000,0.110000,0.120000,66.760002,10.060000,-0.170000,259.989990,25.969999,56720.460938,34.39,93.69,3.000000,CO,17882
0.320000,0.350000,0.040000,0.110000,0.120000,66.430000,9.660000,0.470000,261.890015,23.200001,58189.628906,34.4,93.85,3.000000,CO,17883
0.320000,0.350000,0.040000,0.110000,0.120000,65.849998,8.950000,0.460000,261.750000,23.730000,58218.261719,34.42,94.02,3.000000,CO,17884
0.320000,0.350000,0.040000,0.110000,0.120000,65.879997,9.210000,-0.100000,260.299988,26.139999,57076.789062,34.43,94.18,3.000000,CO,17885
0.320000,0.350000,0.040000,0.110000,0.120000,65.970001,9.520000,-0.560000,260.040009,26.580000,56817.781250,34.44,94.34,3.000000,CO,17886
0.330000,0.360000,0.040000,0.110000,0.120000,65.580002,8.910000,-0.690000,260.950012,25.370001,57584.660156,34.46,94.51,3.000000,CO,17887
0.330000,0.360000,0.040000,0.110000,0.120000,65.330002,8.480000,-0.720000,260.760010,26.120001,57548.371094,34.47,94.67,3.000000,CO,17888
0.330000,0.360000,0.040000,0.110000,0.120000,65.180000,8.980000,-0.340000,260.450012,26.840000,57257.691406,34.48,94.84,3.000000,CO,17889
0.330000,0.360000,0.040000,0.110000,0.120000,64.470001,8.840000,-0.470000,261.529999,25.400000,58083.621094,34.5,95.0,3.000000,CO,17890
0.330000,0.360000,0.040000,0.140000,0.120000,63.540001,7.650000,-1.320000,262.089996,25.400000,58880.621094,34.51,95.17,3.000000,CO,17891
0.330000,0.360000,0.050000,0.180000,0.120000,63.459999,6.860000,-1.970000,261.459991,27.500000,58745.031250,34.52,95.33,3.000000,CO,17892
0.330000,0.360000,0.050000,0.210000,0.120000,63.570000,6.840000,-1.800000,261.010010,28.889999,58478.859375,34.53,95.49,3.000000,CO,17893
0.330000,0.360000,0.050000,0.220000,0.120000,63.599998,6.860000,-1.010000,261.140015,28.879999,58550.328125,34.55,95.66,3.000000,CO,17894
0.330000,0.370000,0.050000,0.200000,0.120000,63.430000,6.750000,-0.480000,260.940002,29.740000,58480.339844,34.56,95.82,3.000000,CO,17895
0.340000,0.370000,0.050000,0.180000,0.120000,63.389999,7.030000,-0.380000,259.910004,31.910000,57630.468750,34.57,95.99,3.000000,CO,17896
0.340000,0.370000,0.050000,0.170000,0.120000,64.519997,7.760000,-0.440000,258.720001,35.389999,56719.980469,34.58,96.15,3.000000,CO,17897
0.340000,0.380000,0.050000,0.160000,0.110000,64.809998,8.270000,-0.520000,258.399994,37.189999,56582.148438,34.59,96.32,2.750000,CO,17898
0.350000,0.380000,0.050000,0.150000,0.110000,65.029999,8.490000,-0.080000,258.579987,37.869999,56943.019531,34.6,96.48,2.750000,CO,17899
0.350000,0.390000,0.050000,0.150000,0.110000,65.010002,8.670000,0.380000,258.850006,38.099998,57446.781250,34.61,96.65,2.750000,CO,17900
0.360000,0.390000,0.050000,0.150000,0.110000,64.709999,8.530000,0.570000,258.910004,38.869999,57822.449219,34.62,96.81,2.750000,CO,17901
0.360000,0.400000,0.050000,0.150000,0.110000,64.290001,8.280000,0.480000,258.720001,40.389999,57986.460938,34.64,96.98,2.750000,CO,17902
0.370000,0.400000,0.050000,0.150000,0.110000,63.939999,8.270000,0.580000,258.700012,41.549999,58202.378906,34.65,97.14,2.750000,CO,17903
0.360000,0.400000,0.050000,0.150000,0.110000,63.529999,8.150000,1.110000,259.010010,41.639999,58809.449219,34.66,97.31,2.750000,CO,17904
0.360000,0.400000,0.050000,0.150000,0.110000,63.130001,7.550000,1.890000,258.940002,44.509998,59292.140625,34.66,97.47,2.750000,CO,17905
0.360000,0.400000,0.050000,0.160000,0.110000,62.790001,7.380000,2.360000,258.040009,47.450001,59188.191406,34.67,97.64,2.750000,CO,17906
0.360000,0.410000,0.050000,0.180000,0.110000,62.529999,8.070000,2.590000,258.239990,46.889999,59411.800781,34.68,97.8,2.750000,CO,17907
0.370000,0.410000,0.060000,0.220000,0.110000,62.060001,8.220000,2.250000,258.859985,45.840000,60000.160156,34.69,97.97,2.750000,CO,17908
0.390000,0.440000,0.070000,0.310000,0.120000,61.439999,6.910000,1.400000,258.559998,49.020000,60384.191406,34.7,98.13,3.000000,CO,17909
0.380000,0.430000,0.070000,0.340000,0.120000,61.270000,5.360000,1.210000,257.440002,55.470001,60282.019531,34.71,98.3,3.000000,CO,17910
0.380000,0.420000,0.070000,0.350000,0.110000,61.310001,4.440000,1.170000,257.089996,59.880001,59833.179688,34.72,98.46,2.750000,CO,17911
0.380000,0.430000,0.070000,0.310000,0.110000,61.639999,2.760000,0.530000,256.630005,64.330002,59751.210938,34.73,98.63,2.750000,CO,17912
0.430000,0.490000,0.090000,0.300000,0.110000,62.919998,1.270000,-0.180000,256.450012,64.690002,59173.980469,34.74,98.79,2.750000,CO,17913
0.450000,0.510000,0.100000,0.320000,0.110000,63.040001,2.320000,0.320000,255.850006,65.650002,57777.390625,34.74,98.96,2.750000,CO,17914
0.470000,0.530000,0.100000,0.380000,0.110000,62.889999,3.990000,2.090000,255.600006,65.750000,57167.910156,34.75,99.12,2.750000,CO,17915
0.460000,0.520000,0.100000,0.400000,0.110000,62.160000,5.450000,2.590000,255.639999,63.820000,56410.570312,34.76,99.29,2.750000,CO,17916
0.450000,0.490000,0.100000,0.380000,0.110000,62.590000,7.770000,0.450000,255.720001,59.040001,55423.101562,34.77,99.45,2.750000,CO,17917
0.420000,0.470000,0.090000,0.380000,0.110000,62.330002,7.520000,-0.700000,258.739990,47.570000,57667.121094,34.77,99.62,2.750000,CO,17918
0.410000,0.460000,0.080000,0.390000,0.110000,62.259998,4.560000,-0.820000,261.709991,40.470001,61179.960938,34.78,99.78,2.750000,CO,17919
0.410000,0.450000,0.080000,0.390000,0.110000,62.619999,2.830000,-0.690000,261.790009,40.700001,62031.000000,34.79,99.95,2.750000,CO,17920
0.410000,0.460000,0.080000,0.420000,0.110000,63.099998,2.340000,0.260000,261.359985,42.349998,61988.500000,34.79,100.11,2.750000,CO,17921
0.440000,0.490000,0.100000,0.420000,0.110000,63.619999,2.650000,0.070000,261.739990,41.060001,62632.218750,34.8,100.28,2.750000,CO,17922
0.460000,0.520000,0.110000,0.450000,0.110000,63.570000,2.940000,-0.690000,262.109985,41.130001,63315.578125,34.8,100.44,2.750000,CO,17923
0.530000,0.600000,0.130000,0.570000,0.110000,63.900002,2.380000,-1.800000,261.980011,41.799999,63352.070312,34.81,100.61,2.750000,CO,17924
0.620000,0.710000,0.170000,0.630000,0.110000,64.129997,1.910000,-2.120000,262.170013,40.830002,63403.929688,34.82,100.78,2.750000,CO,17925
0.690000,0.790000,0.190000,0.670000,0.110000,64.279999,2.050000,-1.860000,262.119995,40.770000,63424.050781,34.82,100.94,2.750000,CO,17926
0.760000,0.880000,0.200000,0.600000,0.120000,64.830002,2.500000,-1.530000,262.059998,41.020000,63421.328125,34.83,101.11,3.000000,CO,17927
0.930000,1.070000,0.250000,0.680000,0.120000,65.370003,2.430000,-1.190000,262.760010,40.180000,64480.621094,34.83,101.27,3.000000,CO,17928
1.160000,1.350000,0.330000,0.780000,0.120000,65.830002,1.230000,-0.800000,263.119995,41.860001,65671.218750,34.84,101.44,3.000000,CO,17929
1.410000,1.640000,0.420000,0.890000,0.120000,66.800003,0.270000,0.890000,262.829987,44.590000,66033.617188,34.84,101.6,3.000000,CO,17930
1.290000,1.520000,0.370000,0.810000,0.120000,66.639999,0.930000,1.400000,262.010010,45.610001,64548.738281,34.84,101.77,3.000000,CO,17931
1.390000,1.660000,0.420000,0.830000,0.130000,67.440002,2.390000,0.020000,261.309998,45.599998,63105.519531,34.85,101.93,3.250000,CO,17932
0.420000,0.450000,0.040000,0.080000,0.110000,68.889999,11.490000,-0.680000,256.450012,35.599998,53425.011719,34.12,89.75,2.750000,CO,18115
0.410000,0.450000,0.040000,0.080000,0.110000,68.239998,10.670000,-0.760000,257.019989,34.160000,53986.390625,34.14,89.91,2.750000,CO,18116
0.400000,0.440000,0.040000,0.080000,0.110000,67.760002,10.610000,-0.250000,255.679993,36.900002,53126.019531,34.15,90.07,2.750000,CO,18117
0.400000,0.430000,0.040000,0.080000,0.110000,67.820000,11.640000,0.280000,254.270004,40.029999,52081.531250,34.17,90.24,2.750000,CO,18118
0.390000,0.430000,0.040000,0.080000,0.110000,68.379997,12.600000,0.500000,254.070007,39.820000,51868.519531,34.19,90.4,2.750000,CO,18119
0.390000,0.420000,0.040000,0.080000,0.110000,68.949997,13.120000,0.590000,254.270004,39.220001,51955.359375,34.21,90.56,2.750000,CO,18120
0.390000,0.420000,0.040000,0.080000,0.110000,70.620003,12.490000,0.080000,256.200012,34.070000,53251.789062,34.23,90.73,2.750000,CO,18121
0.380000,0.420000,0.040000,0.080000,0.110000,69.419998,11.530000,-0.490000,258.420013,29.120001,54950.140625,34.25,90.89,2.750000,CO,18122
0.380000,0.410000,0.040000,0.080000,0.110000,68.959999,11.300000,-0.840000,259.230011,27.600000,55707.820312,34.27,91.05,2.750000,CO,18123
0.380000,0.410000,0.040000,0.080000,0.110000,69.540001,11.070000,-0.870000,259.540009,27.209999,55971.078125,34.28,91.22,2.750000,CO,18124
0.380000,0.410000,0.040000,0.080000,0.110000,68.209999,10.520000,-0.980000,259.760010,26.709999,56288.828125,34.3,91.38,2.750000,CO,18125
0.370000,0.410000,0.040000,0.080000,0.120000,67.820000,9.330000,-1.300000,259.829987,26.629999,56536.058594,34.32,91.54,3.000000,CO,18126
0.370000,0.410000,0.040000,0.080000,0.120000,67.339996,8.500000,-1.290000,259.690002,26.910000,56593.488281,34.33,91.71,3.000000,CO,18127
0.370000,0.400000,0.040000,0.080000,0.120000,66.599998,8.790000,-1.060000,259.679993,26.820000,56743.839844,34.35,91.87,3.000000,CO,18128
0.360000,0.400000,0.040000,0.090000,0.120000,66.750000,9.000000,-1.090000,259.769989,26.790001,56826.019531,34.37,92.03,3.000000,CO,18129
0.360000,0.390000,0.040000,0.090000,0.120000,66.690002,8.930000,-1.190000,259.519989,27.320000,56641.269531,34.38,92.2,3.000000,CO,18130
0.360000,0.390000,0.040000,0.090000,0.120000,66.779999,9.190000,-1.170000,259.279999,27.639999,56407.250000,34.4,92.36,3.000000,CO,18131
0.360000,0.390000,0.040000,0.120000,0.120000,66.720001,9.270000,-1.060000,259.899994,26.330000,56799.050781,34.42,92.52,3.000000,CO,18132
0.360000,0.390000,0.040000,0.150000,0.120000,66.440002,8.700000,-0.770000,260.670013,25.120001,57471.609375,34.43,92.69,3.000000,CO,18133
0.350000,0.390000,0.040000,0.140000,0.120000,65.910004,8.520000,-0.940000,259.829987,26.639999,57049.949219,34.45,92.85,3.000000,CO,18134
0.350000,0.380000,0.040000,0.140000,0.120000,66.650002,9.130000,-1.390000,259.130005,27.870001,56418.511719,34.46,93.01,3.000000,CO,18135
0.350000,0.380000,0.040000,0.130000,0.120000,66.050003,9.270000,-1.180000,259.679993,26.559999,56768.828125,34.48,93.18,3.000000,CO,18136
0.350000,0.380000,0.040000,0.120000,0.120000,66.309998,8.930000,0.040000,259.700012,26.610001,56750.871094,34.49,93.34,3.000000,CO,18137
0.340000,0.370000,0.040000,0.120000,0.120000,66.519997,9.510000,0.750000,259.359985,26.990000,56349.769531,34.51,93.51,3.000000,CO,18138
0.340000,0.370000,0.040000,0.110000,0.120000,66.790001,10.310000,0.310000,260.619995,25.090000,57140.070312,34.52,93.67,3.000000,CO,18139
0.340000,0.380000,0.040000,0.110000,0.120000,65.849998,9.520000,-0.340000,262.519989,22.209999,58602.449219,34.54,93.83,3.000000,CO,18140
0.350000,0.380000,0.040000,0.110000,0.120000,64.709999,7.610000,-0.750000,262.750000,22.260000,59269.550781,34.55,94.0,3.000000,CO,18141
0.350000,0.380000,0.040000,0.110000,0.120000,64.750000,6.990000,-0.440000,261.269989,24.889999,58418.519531,34.57,94.16,3.000000,CO,18142
0.350000,0.380000,0.040000,0.110000,0.120000,64.790001,7.720000,-0.330000,260.609985,26.080000,57837.250000,34.58,94.33,3.000000,CO,18143
0.350000,0.380000,0.040000,0.110000,0.120000,64.669998,7.850000,-0.430000,261.299988,25.200001,58338.281250,34.59,94.49,3.000000,CO,18144
0.350000,0.380000,0.040000,0.110000,0.120000,64.410004,8.050000,-0.340000,261.279999,25.530001,58290.390625,34.61,94.66,3.000000,CO,18145
0.350000,0.380000,0.040000,0.120000,0.120000,63.889999,8.300000,-0.360000,261.910004,24.690001,58724.429688,34.62,94.82,3.000000,CO,18146
0.350000,0.380000,0.050000,0.130000,0.120000,63.000000,6.920000,-1.280000,262.260010,25.080000,59403.089844,34.63,94.99,3.000000,CO,18147
0.350000,0.380000,0.050000,0.180000,0.120000,63.580002,5.700000,-2.200000,261.049988,28.410000,58746.351562,34.65,95.15,3.000000,CO,18148
0.350000,0.390000,0.050000,0.220000,0.120000,64.169998,6.610000,-2.320000,259.779999,31.000000,57565.640625,34.66,95.31,3.000000,CO,18149
0.360000,0.390000,0.050000,0.230000,0.120000,64.320000,7.750000,-1.580000,259.799988,30.920000,57336.691406,34.67,95.48,3.000000,CO,18150
0.360000,0.390000,0.050000,0.230000,0.120000,64.150002,7.370000,-1.070000,260.730011,29.980000,58203.011719,34.68,95.64,3.000000,CO,18151
0.360000,0.390000,0.050000,0.190000,0.120000,64.300003,6.720000,-0.900000,260.339996,31.639999,58045.070312,34.69,95.81,3.000000,CO,18152
0.360000,0.400000,0.050000,0.170000,0.120000,64.250000,7.130000,-0.340000,259.440002,33.560001,57228.261719,34.71,95.97,3.000000,CO,18153
0.370000,0.410000,0.060000,0.160000,0.120000,65.199997,7.630000,0.270000,259.149994,35.299999,57123.199219,34.72,96.14,3.000000,CO,18154
0.370000,0.410000,0.060000,0.160000,0.120000,65.459999,7.880000,0.520000,258.850006,37.200001,57062.558594,34.73,96.3,3.000000,CO,18155
0.380000,0.420000,0.060000,0.150000,0.120000,65.550003,8.310000,0.540000,259.000000,37.950001,57302.199219,34.74,96.47,3.000000,CO,18156
0.380000,0.420000,0.060000,0.150000,0.120000,65.410004,8.390000,0.570000,259.549988,37.740002,57952.421875,34.75,96.63,3.000000,CO,18157
0.390000,0.430000,0.060000,0.150000,0.120000,64.930000,7.910000,0.360000,259.640015,38.779999,58382.738281,34.76,96.8,3.000000,CO,18158
0.390000,0.430000,0.060000,0.150000,0.120000,64.400002,7.440000,0.510000,259.279999,40.750000,58590.941406,34.77,96.96,3.000000,CO,18159
0.390000,0.430000,0.060000,0.140000,0.110000,64.370003,7.750000,0.560000,259.350006,41.060001,59001.230469,34.78,97.13,2.750000,CO,18160
0.390000,0.430000,0.060000,0.140000,0.110000,64.709999,7.680000,0.660000,260.160004,44.630001,59604.519531,34.79,97.29,2.750000,CO,18161
0.390000,0.430000,0.060000,0.140000,0.110000,64.559998,7.480000,1.850000,258.950012,40.369999,59930.519531,34.8,97.46,2.750000,CO,18162
0.380000,0.420000,0.060000,0.120000,0.110000,66.690002,8.100000,1.590000,262.140015,54.689999,59948.468750,34.81,97.62,2.750000,CO,18163
0.390000,0.420000,0.060000,0.140000,0.110000,65.980003,8.050000,1.790000,261.309998,55.900002,59881.609375,34.82,97.79,2.750000,CO,18164
0.400000,0.440000,0.060000,0.170000,0.110000,64.620003,6.950000,1.460000,259.929993,56.490002,59949.000000,34.83,97.95,2.750000,CO,18165
0.430000,0.480000,0.080000,0.280000,0.120000,63.770000,5.330000,1.050000,258.619995,58.650002,60134.078125,34.84,98.12,3.000000,CO,18166
0.420000,0.460000,0.080000,0.310000,0.120000,63.320000,4.060000,1.020000,257.519989,61.250000,60074.500000,34.85,98.29,3.000000,CO,18167
0.410000,0.450000,0.070000,0.340000,0.120000,62.650002,3.060000,1.390000,256.869995,63.680000,60050.121094,34.85,98.45,3.000000,CO,18168
0.400000,0.440000,0.070000,0.330000,0.110000,62.759998,1.770000,1.770000,256.630005,64.370003,59588.269531,34.86,98.62,2.750000,CO,18169
0.400000,0.450000,0.080000,0.350000,0.110000,62.959999,1.850000,1.990000,256.190002,65.160004,58342.031250,34.87,98.78,2.750000,CO,18170
0.410000,0.460000,0.080000,0.360000,0.110000,62.599998,4.450000,2.100000,255.919998,63.939999,57134.339844,34.88,98.95,2.750000,CO,18171
0.420000,0.470000,0.080000,0.380000,0.110000,62.099998,6.640000,3.170000,256.500000,60.139999,57481.699219,34.89,99.11,2.750000,CO,18172
0.430000,0.480000,0.080000,0.390000,0.110000,62.029999,6.300000,3.860000,257.549988,56.020000,58241.679688,34.89,99.28,2.750000,CO,18173
0.430000,0.480000,0.080000,0.400000,0.110000,61.689999,6.990000,2.770000,256.600006,57.299999,56858.441406,34.9,99.44,2.750000,CO,18174
0.420000,0.470000,0.080000,0.410000,0.110000,61.439999,7.810000,0.600000,257.519989,52.509998,57225.839844,34.91,99.61,2.750000,CO,18175
0.400000,0.450000,0.070000,0.360000,0.110000,61.660000,5.670000,-0.700000,260.179993,44.910000,59929.640625,34.91,99.77,2.750000,CO,18176
0.400000,0.440000,0.080000,0.340000,0.110000,62.700001,3.540000,-1.000000,260.899994,42.139999,60931.769531,34.92,99.94,2.750000,CO,18177
0.420000,0.470000,0.090000,0.360000,0.110000,64.309998,2.170000,-0.610000,262.279999,36.880001,62917.640625,34.93,100.11,2.750000,CO,18178
0.510000,0.580000,0.130000,0.410000,0.110000,64.150002,1.120000,-0.510000,263.799988,33.590000,65528.621094,34.93,100.27,2.750000,CO,18179
0.560000,0.640000,0.150000,0.430000,0.110000,65.320000,0.780000,-0.440000,262.309998,39.000000,64087.859375,34.94,100.44,2.750000,CO,18180
0.650000,0.750000,0.190000,0.550000,0.110000,65.050003,1.270000,-1.270000,260.839996,42.279999,62066.398438,34.95,100.6,2.750000,CO,18181
0.750000,0.860000,0.220000,0.680000,0.110000,65.169998,2.110000,-1.910000,261.000000,41.560001,62294.578125,34.95,100.77,2.750000,CO,18182
0.820000,0.950000,0.240000,0.740000,0.120000,65.620003,2.650000,-2.220000,261.200012,41.459999,62620.609375,34.96,100.93,3.000000,CO,18183
0.890000,1.030000,0.260000,0.670000,0.120000,66.360001,2.870000,-2.320000,261.809998,40.209999,63311.289062,34.96,101.1,3.000000,CO,18184
1.100000,1.280000,0.330000,0.770000,0.120000,66.849998,2.500000,-2.090000,262.519989,40.259998,64429.980469,34.97,101.27,3.000000,CO,18185
1.300000,1.510000,0.400000,0.850000,0.120000,67.440002,1.570000,-1.860000,262.600006,42.000000,64902.730469,34.97,101.43,3.000000,CO,18186
1.410000,1.640000,0.430000,0.840000,0.120000,67.489998,0.760000,-0.380000,262.730011,42.509998,65158.230469,34.98,101.6,3.000000,CO,18187
1.450000,1.690000,0.450000,0.870000,0.130000,66.849998,0.900000,1.110000,262.320007,44.160000,64772.250000,34.98,101.76,3.250000,CO,18188
1.590000,1.860000,0.520000,0.910000,0.130000,67.139999,1.910000,0.700000,262.010010,44.110001,63947.789062,34.98,101.93,3.250000,CO,18189
2.060000,2.460000,0.710000,1.050000,0.140000,66.610001,2.640000,-0.120000,262.079987,44.209999,63906.398438,34.99,102.1,3.500000,CO,18190
0.420000,0.460000,0.040000,0.080000,0.110000,67.910004,11.000000,-0.450000,255.990005,36.380001,53520.648438,34.27,89.89,2.750000,CO,18369
0.420000,0.450000,0.040000,0.080000,0.110000,67.870003,11.300000,0.410000,255.240005,37.779999,52991.351562,34.29,90.05,2.750000,CO,18370
0.410000,0.450000,0.040000,0.080000,0.110000,68.110001,11.980000,0.900000,254.789993,38.419998,52619.070312,34.31,90.21,2.750000,CO,18371
0.410000,0.440000,0.040000,0.080000,0.110000,68.839996,12.650000,0.750000,254.800003,37.869999,52566.550781,34.33,90.38,2.750000,CO,18372
0.400000,0.440000,0.040000,0.080000,0.110000,69.320000,12.890000,0.510000,255.309998,36.110001,52862.140625,34.35,90.54,2.750000,CO,18373
0.400000,0.440000,0.040000,0.080000,0.120000,70.529999,11.860000,-0.260000,257.079987,31.860001,54121.941406,34.36,90.7,3.000000,CO,18374
0.400000,0.430000,0.040000,0.080000,0.120000,69.980003,10.440000,-0.950000,258.929993,28.440001,55498.871094,34.38,90.87,3.000000,CO,18375
0.400000,0.430000,0.040000,0.080000,0.120000,69.169998,10.120000,-1.410000,258.440002,30.410000,55868.789062,34.4,91.03,3.000000,CO,18376
0.400000,0.430000,0.040000,0.080000,0.120000,68.959999,10.160000,-1.380000,258.540009,29.610001,55763.980469,34.42,91.19,3.000000,CO,18377
0.390000,0.430000,0.040000,0.080000,0.120000,68.440002,9.640000,-1.330000,259.010010,28.430000,56074.160156,34.44,91.36,3.000000,CO,18378
0.390000,0.430000,0.040000,0.080000,0.120000,67.239998,8.890000,-1.200000,258.989990,28.270000,56223.320312,34.45,91.52,3.000000,CO,18379
0.390000,0.420000,0.040000,0.080000,0.120000,67.150002,8.570000,-0.910000,258.670013,28.830000,56037.269531,34.47,91.68,3.000000,CO,18380
0.390000,0.420000,0.040000,0.080000,0.120000,66.959999,8.700000,-0.670000,258.980011,28.209999,56291.378906,34.49,91.85,3.000000,CO,18381
0.380000,0.420000,0.040000,0.080000,0.120000,66.720001,8.950000,-0.420000,259.190002,27.799999,56447.570312,34.5,92.01,3.000000,CO,18382
0.380000,0.410000,0.040000,0.080000,0.120000,66.559998,9.140000,-0.230000,258.989990,28.100000,56279.519531,34.52,92.18,3.000000,CO,18383
0.370000,0.410000,0.040000,0.080000,0.120000,66.629997,9.450000,-0.280000,258.820007,28.290001,56075.121094,34.54,92.34,3.000000,CO,18384
0.370000,0.410000,0.040000,0.090000,0.120000,65.699997,9.700000,-0.590000,259.029999,27.700001,56264.730469,34.55,92.5,3.000000,CO,18385
0.370000,0.400000,0.040000,0.110000,0.120000,66.029999,9.020000,-0.860000,259.309998,27.290001,56568.921875,34.57,92.67,3.000000,CO,18386
0.370000,0.400000,0.040000,0.140000,0.120000,66.300003,8.560000,-0.870000,258.410004,29.020000,55921.500000,34.58,92.83,3.000000,CO,18387
0.370000,0.400000,0.040000,0.140000,0.120000,66.870003,9.410000,-0.870000,257.480011,30.629999,55047.558594,34.6,93.0,3.000000,CO,18388
0.360000,0.400000,0.040000,0.130000,0.120000,67.360001,10.100000,-0.720000,258.540009,28.139999,55556.679688,34.61,93.16,3.000000,CO,18389
0.360000,0.400000,0.040000,0.130000,0.120000,67.019997,9.780000,-0.070000,260.630005,24.469999,57100.019531,34.63,93.32,3.000000,CO,18390
0.360000,0.400000,0.040000,0.120000,0.120000,66.440002,9.370000,0.340000,261.880005,22.709999,58203.449219,34.64,93.49,3.000000,CO,18391
0.370000,0.400000,0.040000,0.120000,0.120000,65.699997,9.020000,-0.280000,262.399994,22.120001,58753.398438,34.66,93.65,3.000000,CO,18392
0.370000,0.410000,0.050000,0.120000,0.120000,64.349998,8.090000,-1.620000,262.250000,22.639999,59035.800781,34.67,93.82,3.000000,CO,18393
0.370000,0.410000,0.050000,0.120000,0.120000,64.019997,7.300000,-2.400000,261.510010,24.059999,58796.421875,34.69,93.98,3.000000,CO,18394
0.370000,0.410000,0.050000,0.120000,0.120000,64.010002,7.570000,-1.690000,260.670013,25.520000,58187.808594,34.7,94.15,3.000000,CO,18395
0.370000,0.400000,0.050000,0.120000,0.120000,64.430000,7.940000,-0.850000,260.829987,25.600000,58237.179688,34.71,94.31,3.000000,CO,18396
0.370000,0.400000,0.050000,0.120000,0.120000,64.250000,7.610000,-0.720000,261.549988,25.059999,58908.210938,34.73,94.48,3.000000,CO,18397
0.370000,0.400000,0.050000,0.130000,0.120000,63.910000,7.730000,-0.680000,261.470001,25.660000,58897.300781,34.74,94.64,3.000000,CO,18398
0.370000,0.410000,0.050000,0.150000,0.120000,63.290001,7.580000,-0.950000,261.670013,25.750000,59100.128906,34.75,94.81,3.000000,CO,18399
0.380000,0.410000,0.050000,0.180000,0.120000,63.349998,5.820000,-1.270000,261.609985,27.559999,59454.519531,34.77,94.97,3.000000,CO,18400
0.380000,0.410000,0.060000,0.200000,0.120000,65.129997,5.460000,-1.150000,259.850006,31.400000,57854.789062,34.78,95.13,3.000000,CO,18401
0.380000,0.410000,0.060000,0.210000,0.120000,64.559998,7.740000,-1.040000,258.019989,34.880001,56075.960938,34.79,95.3,3.000000,CO,18402
0.380000,0.420000,0.060000,0.200000,0.120000,64.570000,8.800000,-0.900000,259.079987,32.630001,56636.410156,34.81,95.46,3.000000,CO,18403
0.390000,0.420000,0.060000,0.190000,0.120000,64.040001,7.680000,-1.040000,260.089996,31.629999,57612.820312,34.82,95.63,3.000000,CO,18404
0.390000,0.430000,0.060000,0.170000,0.120000,64.129997,7.210000,-0.910000,259.320007,34.049999,57052.429688,34.83,95.79,3.000000,CO,18405
0.390000,0.430000,0.060000,0.160000,0.120000,64.010002,7.880000,-0.470000,258.890015,34.970001,56597.320312,34.84,95.96,3.000000,CO,18406
0.400000,0.440000,0.060000,0.150000,0.120000,65.080002,8.040000,-0.210000,259.529999,34.570000,57185.320312,34.85,96.12,3.000000,CO,18407
0.410000,0.450000,0.060000,0.150000,0.120000,65.410004,7.700000,0.220000,259.850006,35.389999,57758.019531,34.86,96.29,3.000000,CO,18408
0.410000,0.450000,0.060000,0.150000,0.120000,65.629997,7.670000,0.320000,259.929993,36.779999,58024.960938,34.87,96.46,3.000000,CO,18409
0.420000,0.460000,0.060000,0.140000,0.120000,65.449997,7.520000,-0.060000,260.369995,36.009998,58614.058594,34.89,96.62,3.000000,CO,18410
0.430000,0.470000,0.070000,0.140000,0.120000,65.309998,6.880000,-0.570000,260.540009,37.869999,59102.218750,34.9,96.79,3.000000,CO,18411
0.430000,0.480000,0.070000,0.140000,0.120000,65.199997,7.010000,-0.220000,259.730011,36.279999,59273.070312,34.91,96.95,3.000000,CO,18412
0.420000,0.460000,0.070000,0.120000,0.120000,69.019997,8.130000,-1.090000,262.369995,45.419998,59634.238281,34.92,97.12,3.000000,CO,18413
0.420000,0.460000,0.070000,0.110000,0.120000,70.559998,8.540000,-1.730000,263.410004,45.150002,59793.390625,34.93,97.28,3.000000,CO,18414
0.420000,0.460000,0.070000,0.110000,0.120000,71.320000,8.070000,-1.440000,263.410004,47.700001,59822.921875,34.94,97.45,3.000000,CO,18415
0.420000,0.460000,0.070000,0.110000,0.120000,71.660004,7.880000,-1.600000,263.799988,47.810001,60024.980469,34.95,97.61,3.000000,CO,18416
0.430000,0.460000,0.080000,0.120000,0.120000,71.160004,6.920000,-1.520000,263.779999,49.860001,60072.300781,34.96,97.78,3.000000,CO,18417
0.450000,0.490000,0.080000,0.190000,0.120000,67.720001,4.300000,-1.090000,261.119995,46.080002,60163.261719,34.96,97.94,3.000000,CO,18418
0.470000,0.520000,0.090000,0.280000,0.120000,67.040001,2.720000,-0.390000,259.359985,49.770000,59862.441406,34.97,98.11,3.000000,CO,18419
0.450000,0.500000,0.080000,0.290000,0.120000,66.430000,2.880000,0.240000,258.279999,53.340000,59175.839844,34.98,98.27,3.000000,CO,18420
0.430000,0.480000,0.080000,0.320000,0.120000,64.949997,2.720000,1.220000,257.339996,59.570000,59359.820312,34.99,98.44,3.000000,CO,18421
0.420000,0.460000,0.080000,0.350000,0.110000,64.169998,2.170000,3.070000,257.049988,63.509998,59195.500000,35.0,98.61,2.750000,CO,18422
0.420000,0.470000,0.080000,0.410000,0.110000,63.119999,3.020000,4.360000,256.769989,62.250000,58339.769531,35.01,98.77,2.750000,CO,18423
0.420000,0.470000,0.080000,0.440000,0.110000,62.599998,5.330000,3.690000,257.059998,58.939999,57829.480469,35.01,98.94,2.750000,CO,18424
0.420000,0.470000,0.080000,0.430000,0.110000,61.869999,7.050000,2.990000,258.019989,54.049999,58572.718750,35.02,99.1,2.750000,CO,18425
0.420000,0.470000,0.080000,0.420000,0.110000,61.599998,6.180000,2.510000,259.299988,50.709999,60218.300781,35.03,99.27,2.750000,CO,18426
0.420000,0.470000,0.080000,0.400000,0.110000,61.740002,5.110000,2.880000,258.899994,51.590000,59911.800781,35.04,99.43,2.750000,CO,18427
0.420000,0.470000,0.080000,0.390000,0.110000,62.119999,5.140000,1.780000,258.859985,50.840000,59511.589844,35.04,99.6,2.750000,CO,18428
0.420000,0.470000,0.080000,0.360000,0.110000,62.209999,4.150000,0.610000,260.140015,46.230000,60802.941406,35.05,99.77,2.750000,CO,18429
0.430000,0.480000,0.090000,0.350000,0.110000,63.270000,3.080000,0.490000,260.890015,41.520000,61528.531250,35.06,99.93,2.750000,CO,18430
0.480000,0.540000,0.120000,0.360000,0.110000,63.430000,2.180000,-0.030000,262.880005,34.189999,63970.121094,35.06,100.1,2.750000,CO,18431
0.760000,0.870000,0.210000,0.580000,0.120000,63.279999,0.890000,-0.640000,265.049988,30.559999,67282.421875,35.07,100.26,3.000000,CO,18432
0.930000,1.080000,0.280000,0.720000,0.120000,64.830002,0.260000,0.220000,264.179993,33.389999,66348.953125,35.08,100.43,3.000000,CO,18433
1.150000,1.350000,0.390000,1.010000,0.120000,64.809998,0.740000,0.270000,263.149994,35.380001,65146.171875,35.08,100.6,3.000000,CO,18434
1.210000,1.410000,0.390000,0.970000,0.130000,65.389999,1.330000,-0.080000,262.940002,36.250000,65097.480469,35.09,100.76,3.250000,CO,18435
1.250000,1.450000,0.380000,0.940000,0.130000,65.889999,1.880000,-0.560000,261.899994,39.349998,64074.121094,35.09,100.93,3.250000,CO,18436
1.150000,1.340000,0.350000,0.850000,0.120000,66.540001,2.630000,-1.630000,261.519989,40.810001,63681.859375,35.1,101.09,3.000000,CO,18437
1.370000,1.600000,0.450000,0.940000,0.130000,67.489998,2.380000,-2.200000,261.760010,42.240002,64058.781250,35.1,101.26,3.250000,CO,18438
1.480000,1.730000,0.490000,0.950000,0.130000,67.699997,2.150000,-2.580000,261.619995,43.189999,63753.648438,35.11,101.43,3.250000,CO,18439
1.510000,1.750000,0.490000,0.880000,0.120000,66.870003,2.200000,-2.230000,261.619995,41.279999,63084.519531,35.11,101.59,3.000000,CO,18440
1.800000,2.070000,0.620000,0.970000,0.130000,66.440002,1.410000,-0.780000,262.510010,40.880001,64614.460938,35.12,101.76,3.250000,CO,18441
2.050000,2.360000,0.750000,1.060000,0.130000,66.660004,1.170000,0.460000,263.109985,41.549999,65847.976562,35.12,101.92,3.250000,CO,18442
2.430000,2.830000,0.920000,1.100000,0.140000,66.650002,2.090000,-0.060000,262.109985,44.660000,64675.121094,35.12,102.09,3.500000,CO,18443
3.290000,4.080000,1.220000,1.490000,0.170000,65.889999,2.270000,-0.900000,263.059998,42.549999,65768.937500,35.13,102.26,4.700000,PM2.5,18444
0.430000,0.470000,0.040000,0.080000,0.120000,67.349998,11.380000,0.440000,254.529999,40.790001,52705.269531,34.4,89.86,3.000000,CO,18621
0.430000,0.460000,0.040000,0.080000,0.120000,67.820000,11.980000,1.020000,254.720001,39.919998,52745.769531,34.42,90.03,3.000000,CO,18622
0.430000,0.460000,0.040000,0.080000,0.120000,68.269997,12.110000,1.170000,255.330002,37.700001,53140.859375,34.44,90.19,3.000000,CO,18623
0.420000,0.460000,0.040000,0.080000,0.120000,70.050003,11.800000,0.740000,255.740005,36.119999,53314.738281,34.46,90.35,3.000000,CO,18624
0.420000,0.460000,0.040000,0.080000,0.120000,70.330002,11.240000,0.220000,256.779999,33.180000,54027.531250,34.48,90.52,3.000000,CO,18625
0.420000,0.460000,0.040000,0.080000,0.120000,69.760002,10.210000,-0.650000,258.089996,30.180000,55059.101562,34.5,90.68,3.000000,CO,18626
0.420000,0.450000,0.040000,0.080000,0.120000,68.879997,9.360000,-1.490000,258.329987,29.719999,55426.539062,34.52,90.85,3.000000,CO,18627
0.410000,0.450000,0.040000,0.080000,0.120000,67.629997,9.780000,-2.000000,257.579987,31.389999,55037.378906,34.53,91.01,3.000000,CO,18628
0.410000,0.450000,0.040000,0.080000,0.120000,67.099998,10.730000,-1.810000,257.299988,31.770000,54846.839844,34.55,91.17,3.000000,CO,18629
0.410000,0.440000,0.040000,0.080000,0.120000,66.889999,10.680000,-1.410000,257.760010,30.610001,55198.601562,34.57,91.34,3.000000,CO,18630
0.410000,0.440000,0.040000,0.080000,0.120000,67.120003,9.620000,-0.940000,258.269989,29.610001,55569.968750,34.59,91.5,3.000000,CO,18631
0.400000,0.440000,0.040000,0.080000,0.120000,66.750000,8.910000,-0.560000,258.359985,29.389999,55706.730469,34.6,91.66,3.000000,CO,18632
0.400000,0.440000,0.040000,0.080000,0.120000,66.620003,9.140000,-0.460000,258.559998,28.980000,55889.281250,34.62,91.83,3.000000,CO,18633
0.400000,0.430000,0.040000,0.080000,0.120000,65.760002,9.690000,-0.310000,258.950012,28.139999,56274.871094,34.64,91.99,3.000000,CO,18634
0.390000,0.430000,0.040000,0.080000,0.120000,65.169998,9.930000,-0.150000,259.130005,27.809999,56490.109375,34.65,92.16,3.000000,CO,18635
0.390000,0.420000,0.040000,0.080000,0.120000,64.650002,9.750000,-0.220000,258.640015,28.709999,56250.269531,34.67,92.32,3.000000,CO,18636
0.390000,0.420000,0.040000,0.080000,0.120000,65.059998,9.280000,-0.390000,258.230011,29.570000,55962.761719,34.69,92.48,3.000000,CO,18637
0.380000,0.420000,0.040000,0.100000,0.120000,65.129997,8.760000,-0.270000,258.269989,29.400000,55998.929688,34.7,92.65,3.000000,CO,18638
0.380000,0.420000,0.040000,0.130000,0.120000,65.389999,8.910000,0.190000,258.100006,29.549999,55787.460938,34.72,92.81,3.000000,CO,18639
0.380000,0.410000,0.040000,0.140000,0.120000,65.870003,9.740000,0.290000,258.190002,29.000000,55636.718750,34.73,92.98,3.000000,CO,18640
0.380000,0.410000,0.040000,0.130000,0.120000,66.320000,10.350000,-0.150000,259.820007,25.780001,56690.851562,34.75,93.14,3.000000,CO,18641
0.380000,0.410000,0.050000,0.130000,0.120000,65.269997,10.320000,-0.730000,261.609985,22.790001,58171.710938,34.76,93.31,3.000000,CO,18642
0.380000,0.420000,0.050000,0.120000,0.120000,65.199997,9.600000,-1.150000,262.399994,21.870001,58943.441406,34.78,93.47,3.000000,CO,18643
0.390000,0.420000,0.050000,0.120000,0.120000,64.139999,8.540000,-1.830000,262.250000,22.389999,59161.761719,34.79,93.64,3.000000,CO,18644
0.390000,0.430000,0.050000,0.120000,0.120000,63.910000,7.690000,-2.380000,261.209991,24.340000,58604.531250,34.81,93.8,3.000000,CO,18645
0.390000,0.430000,0.050000,0.120000,0.120000,64.760002,7.880000,-2.220000,259.649994,27.080000,57223.468750,34.82,93.96,3.000000,CO,18646
0.390000,0.420000,0.050000,0.120000,0.120000,65.209999,8.890000,-1.690000,259.309998,27.680000,56715.160156,34.84,94.13,3.000000,CO,18647
0.390000,0.430000,0.050000,0.130000,0.120000,64.910004,8.820000,-1.300000,260.600006,25.879999,57686.730469,34.85,94.29,3.000000,CO,18648
0.400000,0.430000,0.050000,0.140000,0.120000,64.279999,7.820000,-1.200000,261.200012,25.910000,58385.539062,34.86,94.46,3.000000,CO,18649
0.400000,0.440000,0.060000,0.180000,0.120000,63.689999,7.590000,-1.040000,260.829987,27.600000,58231.390625,34.88,94.62,3.000000,CO,18650
0.410000,0.440000,0.060000,0.210000,0.120000,63.160000,7.100000,-1.210000,260.920013,28.770000,58547.781250,34.89,94.79,3.000000,CO,18651
0.410000,0.450000,0.060000,0.230000,0.120000,63.470001,5.390000,-1.060000,260.779999,30.920000,58895.421875,34.9,94.95,3.000000,CO,18652
0.410000,0.450000,0.060000,0.210000,0.120000,64.650002,5.350000,-0.080000,259.279999,34.240002,57509.980469,34.92,95.12,3.000000,CO,18653
0.410000,0.450000,0.060000,0.190000,0.120000,64.730003,7.340000,0.180000,258.250000,36.230000,56346.878906,34.93,95.28,3.000000,CO,18654
0.410000,0.450000,0.060000,0.170000,0.120000,64.349998,7.920000,-0.560000,259.250000,34.060001,56998.378906,34.94,95.45,3.000000,CO,18655
0.420000,0.460000,0.060000,0.160000,0.120000,64.050003,7.160000,-1.000000,259.420013,34.279999,57245.179688,34.95,95.61,3.000000,CO,18656
0.420000,0.460000,0.070000,0.150000,0.120000,64.150002,7.280000,-0.620000,258.910004,35.700001,56794.210938,34.96,95.78,3.000000,CO,18657
0.430000,0.470000,0.070000,0.150000,0.120000,64.180000,7.880000,-0.470000,259.230011,35.270000,56962.160156,34.98,95.95,3.000000,CO,18658
0.440000,0.480000,0.070000,0.150000,0.120000,64.510002,7.980000,-0.710000,259.850006,34.889999,57497.660156,34.99,96.11,3.000000,CO,18659
0.450000,0.490000,0.070000,0.140000,0.120000,63.939999,7.560000,-0.730000,260.420013,34.340000,58120.468750,35.0,96.28,3.000000,CO,18660
0.460000,0.500000,0.070000,0.140000,0.120000,64.070000,6.840000,-0.890000,260.880005,33.849998,58736.781250,35.01,96.44,3.000000,CO,18661
0.470000,0.520000,0.080000,0.140000,0.120000,64.440002,6.060000,-1.540000,261.089996,33.779999,59401.320312,35.02,96.61,3.000000,CO,18662
0.480000,0.530000,0.080000,0.140000,0.120000,65.260002,5.740000,-1.900000,260.790009,34.849998,59465.058594,35.03,96.77,3.000000,CO,18663
0.490000,0.540000,0.080000,0.130000,0.120000,65.730003,6.130000,-1.620000,260.190002,35.790001,59064.558594,35.04,96.94,3.000000,CO,18664
0.490000,0.540000,0.090000,0.130000,0.120000,65.839996,6.300000,-2.250000,260.079987,35.340000,58878.828125,35.05,97.1,3.000000,CO,18665
0.490000,0.540000,0.080000,0.130000,0.120000,65.889999,5.930000,-2.620000,259.980011,34.200001,58663.769531,35.06,97.27,3.000000,CO,18666
0.490000,0.530000,0.080000,0.140000,0.120000,66.040001,5.440000,-2.990000,260.170013,33.419998,58867.019531,35.07,97.44,3.000000,CO,18667
0.490000,0.530000,0.080000,0.170000,0.120000,65.809998,4.940000,-3.130000,260.489990,35.230000,59298.218750,35.08,97.6,3.000000,CO,18668
0.480000,0.530000,0.080000,0.200000,0.120000,65.660004,4.490000,-3.170000,260.500000,34.860001,59652.421875,35.09,97.77,3.000000,CO,18669
0.480000,0.530000,0.080000,0.230000,0.120000,65.550003,4.100000,-2.660000,260.250000,36.049999,59614.468750,35.1,97.93,3.000000,CO,18670
0.480000,0.520000,0.080000,0.230000,0.120000,66.839996,4.380000,-1.710000,259.470001,40.730000,58908.121094,35.11,98.1,3.000000,CO,18671
0.470000,0.510000,0.080000,0.240000,0.120000,66.589996,4.660000,-0.420000,258.970001,45.070000,58651.230469,35.12,98.26,3.000000,CO,18672
0.450000,0.500000,0.080000,0.260000,0.110000,65.410004,3.830000,0.560000,258.570007,50.090000,59409.230469,35.13,98.43,2.750000,CO,18673
0.440000,0.490000,0.080000,0.310000,0.110000,64.919998,2.970000,2.620000,257.989990,56.419998,59870.671875,35.13,98.6,2.750000,CO,18674
0.440000,0.490000,0.090000,0.440000,0.110000,63.400002,3.350000,4.460000,258.119995,57.330002,59916.671875,35.14,98.76,2.750000,CO,18675
0.440000,0.490000,0.090000,0.500000,0.110000,62.709999,4.460000,3.670000,258.309998,55.820000,59808.179688,35.15,98.93,2.750000,CO,18676
0.440000,0.490000,0.090000,0.490000,0.110000,62.490002,5.500000,1.920000,258.260010,55.070000,59681.828125,35.16,99.09,2.750000,CO,18677
0.460000,0.510000,0.090000,0.450000,0.110000,63.009998,5.270000,0.070000,258.570007,54.349998,60665.691406,35.17,99.26,2.750000,CO,18678
0.470000,0.520000,0.100000,0.420000,0.110000,63.509998,4.280000,0.090000,258.989990,53.360001,61543.960938,35.17,99.43,2.750000,CO,18679
0.470000,0.520000,0.100000,0.390000,0.110000,64.089996,3.970000,0.370000,259.709991,50.730000,61934.308594,35.18,99.59,2.750000,CO,18680
0.480000,0.530000,0.110000,0.370000,0.110000,65.650002,3.420000,0.610000,261.299988,43.410000,63318.550781,35.19,99.76,2.750000,CO,18681
0.490000,0.550000,0.120000,0.360000,0.110000,65.690002,2.710000,1.260000,262.589996,36.770000,64509.390625,35.19,99.92,2.750000,CO,18682
0.570000,0.650000,0.160000,0.400000,0.110000,64.879997,2.130000,0.610000,264.350006,31.360001,66483.882812,35.2,100.09,2.750000,CO,18683
1.010000,1.160000,0.310000,0.700000,0.120000,64.889999,0.760000,-0.500000,266.170013,28.590000,69191.921875,35.21,100.26,3.000000,CO,18684
1.270000,1.480000,0.400000,0.870000,0.130000,66.430000,-0.420000,-0.050000,265.760010,29.930000,68730.851562,35.21,100.42,3.250000,CO,18685
1.560000,1.830000,0.540000,1.170000,0.130000,67.110001,-0.290000,0.130000,264.760010,32.060001,67586.273438,35.22,100.59,3.250000,CO,18686
1.620000,1.890000,0.520000,1.070000,0.130000,67.970001,0.240000,0.020000,264.350006,33.900002,67435.406250,35.22,100.76,3.250000,CO,18687
1.540000,1.800000,0.480000,1.020000,0.130000,68.000000,0.660000,0.550000,263.500000,36.590000,66517.617188,35.23,100.92,3.250000,CO,18688
1.350000,1.570000,0.430000,0.890000,0.130000,68.620003,1.190000,-0.220000,261.899994,41.220001,64791.820312,35.23,101.09,3.250000,CO,18689
1.470000,1.720000,0.490000,0.940000,0.130000,69.010002,1.440000,-1.570000,260.970001,44.389999,63574.839844,35.24,101.25,3.250000,CO,18690
1.470000,1.710000,0.500000,0.880000,0.120000,68.900002,2.010000,-2.400000,260.649994,44.889999,62804.339844,35.24,101.42,3.000000,CO,18691
1.540000,1.780000,0.520000,0.810000,0.120000,67.839996,2.750000,-2.410000,260.559998,42.490002,62086.230469,35.25,101.59,3.000000,CO,18692
1.920000,2.200000,0.680000,0.930000,0.130000,66.440002,1.770000,-2.000000,262.839996,38.119999,64943.460938,35.25,101.75,3.250000,CO,18693
2.610000,2.990000,1.030000,1.200000,0.130000,66.089996,0.240000,-0.730000,263.570007,40.230000,67128.601562,35.26,101.92,3.728571,PM2.5,18694
2.930000,3.360000,1.210000,1.220000,0.140000,66.839996,1.050000,-1.060000,261.760010,44.580002,64718.140625,35.26,102.09,4.185714,PM2.5,18695
3.880000,4.830000,1.480000,1.630000,0.180000,66.309998,2.150000,-1.930000,262.230011,43.139999,65209.640625,35.26,102.25,5.542857,PM2.5,18696
0.450000,0.480000,0.040000,0.080000,0.120000,66.440002,11.640000,1.440000,254.190002,42.980000,52653.898438,34.54,89.84,3.000000,CO,18870
0.450000,0.480000,0.050000,0.080000,0.120000,68.500000,11.520000,1.380000,255.440002,39.160000,53357.480469,34.56,90.0,3.000000,CO,18871
0.440000,0.480000,0.050000,0.080000,0.120000,67.699997,11.140000,1.100000,256.459991,35.869999,54115.910156,34.58,90.17,3.000000,CO,18872
0.440000,0.480000,0.050000,0.080000,0.120000,68.980003,11.010000,0.550000,257.059998,34.000000,54487.121094,34.6,90.33,3.000000,CO,18873
0.440000,0.480000,0.050000,0.080000,0.120000,67.820000,10.660000,-0.200000,257.959991,31.530001,55212.929688,34.62,90.5,3.000000,CO,18874
0.440000,0.480000,0.050000,0.080000,0.120000,66.839996,9.760000,-1.020000,258.260010,30.709999,55629.550781,34.63,90.66,3.000000,CO,18875
0.430000,0.470000,0.050000,0.080000,0.120000,65.930000,9.120000,-1.480000,257.000000,33.240002,54894.238281,34.65,90.82,3.000000,CO,18876
0.430000,0.470000,0.050000,0.080000,0.120000,65.459999,10.120000,-1.670000,255.399994,36.669998,53673.480469,34.67,90.99,3.000000,CO,18877
0.430000,0.460000,0.050000,0.080000,0.120000,65.779999,11.500000,-1.650000,255.179993,36.830002,53389.648438,34.69,91.15,3.000000,CO,18878
0.420000,0.460000,0.050000,0.080000,0.120000,67.550003,11.350000,-1.240000,256.440002,33.639999,54139.921875,34.71,91.31,3.000000,CO,18879
0.420000,0.460000,0.050000,0.080000,0.120000,66.339996,10.580000,-0.890000,257.630005,30.780001,55057.058594,34.72,91.48,3.000000,CO,18880
0.420000,0.450000,0.050000,0.080000,0.120000,65.769997,10.310000,-0.660000,258.149994,29.570000,55532.519531,34.74,91.64,3.000000,CO,18881
0.420000,0.450000,0.050000,0.080000,0.120000,65.400002,10.520000,-0.650000,258.149994,29.490000,55595.199219,34.76,91.81,3.000000,CO,18882
0.410000,0.450000,0.050000,0.080000,0.120000,65.180000,10.870000,-0.750000,258.239990,29.209999,55707.910156,34.77,91.97,3.000000,CO,18883
0.410000,0.440000,0.050000,0.080000,0.120000,64.930000,10.860000,-0.730000,258.250000,29.090000,55776.820312,34.79,92.14,3.000000,CO,18884
0.410000,0.440000,0.040000,0.080000,0.120000,64.720001,10.630000,-0.680000,257.720001,30.030001,55462.750000,34.81,92.3,3.000000,CO,18885
0.400000,0.440000,0.040000,0.080000,0.120000,65.510002,10.140000,-0.470000,257.760010,29.820000,55463.828125,34.82,92.46,3.000000,CO,18886
0.400000,0.430000,0.040000,0.080000,0.120000,65.519997,9.540000,-0.070000,258.940002,27.450001,56404.808594,34.84,92.63,3.000000,CO,18887
0.400000,0.430000,0.050000,0.120000,0.120000,64.839996,9.650000,0.490000,259.760010,25.980000,57188.191406,34.85,92.79,3.000000,CO,18888
0.400000,0.430000,0.050000,0.140000,0.120000,64.610001,10.400000,0.580000,260.160004,25.290001,57528.148438,34.87,92.96,3.000000,CO,18889
0.400000,0.430000,0.050000,0.130000,0.120000,64.410004,10.800000,-0.050000,260.739990,24.350000,57981.101562,34.88,93.12,3.000000,CO,18890
0.400000,0.440000,0.050000,0.130000,0.120000,64.220001,10.500000,-0.880000,260.769989,24.400000,58061.929688,34.9,93.29,3.000000,CO,18891
0.410000,0.440000,0.050000,0.120000,0.120000,64.080002,10.040000,-1.500000,260.519989,25.030001,57934.378906,34.91,93.45,3.000000,CO,18892
0.410000,0.450000,0.050000,0.120000,0.120000,63.900002,9.500000,-1.830000,260.220001,25.870001,57717.031250,34.93,93.62,3.000000,CO,18893
0.410000,0.450000,0.050000,0.120000,0.120000,64.440002,8.840000,-1.410000,259.600006,27.420000,57134.250000,34.94,93.78,3.000000,CO,18894
0.410000,0.450000,0.050000,0.130000,0.120000,64.599998,8.750000,-0.690000,258.839996,29.320000,56484.718750,34.96,93.95,3.000000,CO,18895
0.420000,0.450000,0.060000,0.140000,0.120000,64.599998,9.060000,-0.720000,259.089996,29.400000,56573.921875,34.97,94.11,3.000000,CO,18896
0.420000,0.460000,0.060000,0.160000,0.120000,63.910000,8.510000,-1.260000,260.450012,27.889999,57712.429688,34.99,94.28,3.000000,CO,18897
0.430000,0.470000,0.060000,0.180000,0.120000,63.270000,7.370000,-1.540000,260.940002,28.490000,58421.820312,35.0,94.44,3.000000,CO,18898
0.440000,0.480000,0.070000,0.190000,0.120000,62.869999,6.670000,-1.560000,260.500000,30.940001,58415.578125,35.01,94.61,3.000000,CO,18899
0.450000,0.490000,0.070000,0.190000,0.120000,62.990002,5.970000,-1.770000,260.239990,33.259998,58598.421875,35.03,94.77,3.000000,CO,18900
0.450000,0.490000,0.070000,0.180000,0.120000,63.020000,5.440000,-1.350000,259.609985,35.549999,58283.320312,35.04,94.94,3.000000,CO,18901
0.450000,0.490000,0.070000,0.170000,0.120000,63.889999,6.100000,-0.020000,258.989990,36.720001,57557.910156,35.05,95.1,3.000000,CO,18902
0.450000,0.500000,0.070000,0.160000,0.120000,64.209999,7.060000,0.280000,259.140015,35.869999,57456.039062,35.06,95.27,3.000000,CO,18903
0.460000,0.500000,0.070000,0.160000,0.120000,64.300003,7.150000,-0.390000,259.179993,35.869999,57431.441406,35.08,95.43,3.000000,CO,18904
0.460000,0.500000,0.070000,0.150000,0.120000,64.900002,7.240000,-0.610000,258.820007,36.779999,57068.339844,35.09,95.6,3.000000,CO,18905
0.460000,0.510000,0.070000,0.150000,0.120000,65.239998,7.720000,-0.220000,259.269989,36.000000,57358.269531,35.1,95.77,3.000000,CO,18906
0.470000,0.520000,0.080000,0.150000,0.120000,65.320000,7.850000,-0.280000,260.000000,35.290001,58002.671875,35.11,95.93,3.000000,CO,18907
0.480000,0.530000,0.080000,0.140000,0.120000,65.139999,7.690000,-0.930000,259.980011,35.889999,58081.398438,35.12,96.1,3.000000,CO,18908
0.490000,0.540000,0.080000,0.140000,0.120000,64.620003,7.150000,-1.390000,260.130005,35.259998,58324.601562,35.13,96.26,3.000000,CO,18909
0.510000,0.560000,0.090000,0.140000,0.120000,64.470001,5.920000,-1.620000,260.380005,34.570000,58926.179688,35.15,96.43,3.000000,CO,18910
0.520000,0.580000,0.090000,0.140000,0.120000,65.379997,5.130000,-2.160000,260.119995,34.990002,58965.410156,35.16,96.59,3.000000,CO,18911
0.530000,0.580000,0.090000,0.140000,0.120000,65.959999,5.750000,-2.290000,259.619995,35.279999,58318.878906,35.17,96.76,3.000000,CO,18912
0.530000,0.580000,0.090000,0.140000,0.120000,66.080002,6.740000,-2.010000,259.420013,34.980000,57920.761719,35.18,96.93,3.000000,CO,18913
0.530000,0.580000,0.090000,0.140000,0.120000,65.879997,6.960000,-1.750000,259.359985,35.230000,57787.679688,35.19,97.09,3.000000,CO,18914
0.520000,0.580000,0.090000,0.130000,0.120000,65.580002,6.470000,-1.560000,259.230011,36.189999,57733.109375,35.2,97.26,3.000000,CO,18915
0.520000,0.570000,0.090000,0.140000,0.120000,65.650002,5.780000,-1.500000,259.309998,38.150002,58115.988281,35.21,97.42,3.000000,CO,18916
0.520000,0.570000,0.090000,0.170000,0.120000,65.709999,5.660000,-1.920000,259.130005,40.889999,57992.039062,35.22,97.59,3.000000,CO,18917
0.510000,0.560000,0.090000,0.200000,0.120000,65.680000,5.770000,-1.750000,259.130005,42.110001,57900.941406,35.23,97.76,3.000000,CO,18918
0.500000,0.550000,0.090000,0.220000,0.120000,65.150002,5.620000,-1.650000,259.010010,43.200001,57961.210938,35.24,97.92,3.000000,CO,18919
0.490000,0.540000,0.080000,0.220000,0.120000,65.989998,6.000000,-1.550000,258.890015,43.689999,58007.980469,35.24,98.09,3.000000,CO,18920
0.480000,0.530000,0.080000,0.230000,0.110000,65.559998,5.100000,-1.170000,259.649994,44.630001,59297.269531,35.25,98.25,2.750000,CO,18921
0.470000,0.520000,0.080000,0.250000,0.110000,64.910004,4.030000,-1.220000,259.000000,46.720001,60256.269531,35.26,98.42,2.750000,CO,18922
0.450000,0.500000,0.090000,0.190000,0.110000,67.260002,3.060000,-0.690000,261.339996,59.139999,60380.371094,35.27,98.59,2.750000,CO,18923
0.460000,0.510000,0.090000,0.340000,0.110000,64.529999,1.430000,0.760000,258.779999,57.980000,60902.488281,35.28,98.75,2.750000,CO,18924
0.460000,0.510000,0.100000,0.440000,0.110000,64.389999,1.210000,1.070000,257.660004,59.590000,60897.859375,35.29,98.92,2.750000,CO,18925
0.480000,0.540000,0.110000,0.500000,0.110000,65.080002,2.180000,0.170000,257.040009,60.709999,60071.648438,35.29,99.08,2.750000,CO,18926
0.510000,0.570000,0.120000,0.470000,0.110000,65.709999,3.030000,-1.250000,257.339996,58.970001,60014.390625,35.3,99.25,2.750000,CO,18927
0.520000,0.590000,0.120000,0.440000,0.110000,65.849998,3.140000,-1.470000,258.149994,55.470001,60493.050781,35.31,99.42,2.750000,CO,18928
0.510000,0.570000,0.120000,0.390000,0.110000,66.180000,3.460000,-0.900000,258.910004,51.400002,60773.921875,35.32,99.58,2.750000,CO,18929
0.540000,0.610000,0.140000,0.420000,0.110000,67.180000,3.420000,0.060000,261.070007,41.419998,62735.410156,35.32,99.75,2.750000,CO,18930
0.600000,0.680000,0.160000,0.480000,0.120000,67.160004,2.570000,0.640000,264.029999,31.910000,66098.843750,35.33,99.92,3.000000,CO,18931
0.900000,1.040000,0.270000,0.660000,0.120000,65.080002,1.140000,0.170000,265.989990,28.120001,68958.203125,35.34,100.08,3.000000,CO,18932
1.230000,1.430000,0.400000,0.810000,0.120000,66.269997,-0.290000,-1.170000,266.130005,27.629999,69225.820312,35.34,100.25,3.000000,CO,18933
1.270000,1.480000,0.420000,0.830000,0.130000,67.480003,-0.630000,-1.710000,264.390015,30.260000,66654.609375,35.35,100.42,3.250000,CO,18934
1.450000,1.690000,0.480000,0.860000,0.130000,68.400002,-0.180000,-1.670000,263.369995,32.900002,65581.617188,35.35,100.58,3.250000,CO,18935
1.610000,1.880000,0.520000,0.940000,0.140000,69.430000,-0.020000,-1.490000,264.029999,33.119999,66930.359375,35.36,100.75,3.500000,CO,18936
1.740000,2.030000,0.550000,1.010000,0.140000,69.760002,-0.100000,0.160000,264.149994,35.770000,67917.812500,35.36,100.92,3.500000,CO,18937
1.420000,1.650000,0.460000,0.860000,0.130000,69.730003,0.100000,0.750000,262.980011,39.180000,66291.617188,35.37,101.08,3.250000,CO,18938
1.280000,1.480000,0.420000,0.700000,0.120000,70.040001,0.860000,-0.500000,260.940002,43.619999,63544.710938,35.37,101.25,3.000000,CO,18939
1.230000,1.420000,0.410000,0.640000,0.120000,69.760002,2.390000,-2.080000,259.760010,46.119999,61889.628906,35.38,101.42,3.000000,CO,18940
1.480000,1.710000,0.520000,0.690000,0.120000,68.430000,3.600000,-2.620000,259.899994,42.560001,61384.371094,35.38,101.58,3.000000,CO,18941
2.050000,2.350000,0.750000,0.880000,0.130000,66.449997,2.080000,-2.520000,262.309998,37.910000,64206.949219,35.39,101.75,3.250000,CO,18942
3.290000,3.770000,1.400000,1.370000,0.140000,65.040001,0.000000,-1.440000,263.339996,39.650002,67042.398438,35.39,101.92,4.700000,PM2.5,18943
3.690000,4.220000,1.590000,1.520000,0.150000,66.190002,0.680000,-1.030000,262.220001,42.439999,65805.031250,35.4,102.08,5.271429,PM2.5,18944
4.500000,5.520000,1.710000,1.770000,0.180000,66.040001,2.180000,-1.720000,262.000000,42.959999,65672.492188,35.4,102.25,6.428571,PM2.5,18945
0.470000,0.500000,0.050000,0.080000,0.120000,66.150002,11.680000,1.900000,254.889999,40.880001,53388.800781,34.67,89.82,3.000000,CO,19115
0.460000,0.500000,0.050000,0.080000,0.120000,66.570000,11.720000,1.380000,256.339996,37.110001,54362.070312,34.69,89.98,3.000000,CO,19116
0.460000,0.500000,0.050000,0.080000,0.120000,66.410004,11.230000,0.890000,257.410004,34.189999,55159.480469,34.71,90.15,3.000000,CO,19117
0.460000,0.500000,0.050000,0.080000,0.120000,66.209999,11.000000,0.420000,257.850006,32.880001,55497.738281,34.73,90.31,3.000000,CO,19118
0.460000,0.500000,0.050000,0.080000,0.120000,66.440002,10.500000,-0.270000,257.989990,31.860001,55697.460938,34.75,90.47,3.000000,CO,19119
0.460000,0.490000,0.050000,0.080000,0.120000,66.059998,9.670000,-0.690000,257.510010,32.750000,55472.101562,34.77,90.64,3.000000,CO,19120
0.450000,0.490000,0.050000,0.080000,0.120000,64.919998,9.390000,-0.340000,256.519989,34.590000,54802.460938,34.79,90.8,3.000000,CO,19121
0.440000,0.480000,0.050000,0.080000,0.120000,64.580002,10.340000,-0.090000,255.110001,37.610001,53689.769531,34.8,90.97,3.000000,CO,19122
0.440000,0.480000,0.050000,0.080000,0.120000,64.949997,11.950000,-0.330000,254.309998,39.320000,52934.789062,34.82,91.13,3.000000,CO,19123
0.440000,0.470000,0.050000,0.080000,0.120000,65.489998,12.530000,-0.480000,255.220001,36.810001,53453.800781,34.84,91.29,3.000000,CO,19124
0.440000,0.470000,0.050000,0.080000,0.120000,65.300003,11.860000,-0.580000,256.859985,32.730000,54621.679688,34.86,91.46,3.000000,CO,19125
0.430000,0.470000,0.050000,0.080000,0.120000,64.930000,11.170000,-0.450000,257.989990,30.290001,55500.230469,34.87,91.62,3.000000,CO,19126
0.430000,0.460000,0.050000,0.080000,0.120000,64.690002,10.990000,-0.320000,258.070007,29.850000,55621.949219,34.89,91.79,3.000000,CO,19127
0.430000,0.460000,0.050000,0.080000,0.120000,64.660004,11.230000,-0.420000,257.390015,31.000000,55130.750000,34.91,91.95,3.000000,CO,19128
0.420000,0.460000,0.050000,0.080000,0.120000,64.690002,11.200000,-0.440000,257.010010,31.440001,54882.929688,34.92,92.12,3.000000,CO,19129
0.420000,0.460000,0.050000,0.080000,0.120000,65.660004,10.600000,-0.390000,256.940002,31.340000,54779.730469,34.94,92.28,3.000000,CO,19130
0.420000,0.450000,0.050000,0.080000,0.120000,65.830002,10.080000,-0.540000,257.500000,29.950001,55154.710938,34.96,92.45,3.000000,CO,19131
0.420000,0.450000,0.050000,0.080000,0.120000,65.809998,9.700000,-0.710000,259.119995,26.870001,56423.238281,34.97,92.61,3.000000,CO,19132
0.420000,0.450000,0.050000,0.100000,0.120000,65.080002,9.630000,-0.480000,260.049988,25.400000,57312.269531,34.99,92.77,3.000000,CO,19133
0.420000,0.450000,0.050000,0.110000,0.120000,64.790001,10.020000,-0.310000,260.140015,25.570000,57484.109375,35.0,92.94,3.000000,CO,19134
0.420000,0.460000,0.050000,0.130000,0.120000,64.489998,9.980000,-0.370000,259.940002,26.260000,57441.589844,35.02,93.1,3.000000,CO,19135
0.430000,0.460000,0.050000,0.130000,0.120000,65.059998,9.260000,-0.440000,259.609985,27.309999,57191.378906,35.03,93.27,3.000000,CO,19136
0.430000,0.470000,0.060000,0.120000,0.120000,65.239998,8.710000,-0.480000,259.359985,28.330000,56953.289062,35.05,93.43,3.000000,CO,19137
0.430000,0.470000,0.060000,0.120000,0.120000,65.209999,8.570000,-0.490000,259.260010,29.180000,56797.730469,35.06,93.6,3.000000,CO,19138
0.440000,0.470000,0.060000,0.140000,0.120000,64.760002,8.390000,-0.420000,259.500000,29.510000,56944.949219,35.08,93.77,3.000000,CO,19139
0.440000,0.480000,0.060000,0.170000,0.120000,63.930000,7.930000,-0.440000,260.130005,29.360001,57600.539062,35.09,93.93,3.000000,CO,19140
0.450000,0.490000,0.070000,0.200000,0.120000,63.310001,7.390000,-0.870000,260.630005,29.520000,58244.281250,35.11,94.1,3.000000,CO,19141
0.470000,0.510000,0.070000,0.220000,0.120000,62.619999,6.770000,-1.950000,260.700012,31.000000,58773.851562,35.12,94.26,3.000000,CO,19142
0.480000,0.520000,0.080000,0.230000,0.120000,62.770000,5.920000,-2.210000,260.290009,33.570000,58871.019531,35.13,94.43,3.000000,CO,19143
0.480000,0.520000,0.080000,0.200000,0.120000,63.459999,5.670000,-1.960000,259.470001,36.490002,58294.648438,35.15,94.59,3.000000,CO,19144
0.480000,0.520000,0.080000,0.180000,0.120000,63.730000,6.230000,-1.730000,259.140015,37.290001,57833.839844,35.16,94.76,3.000000,CO,19145
0.480000,0.520000,0.080000,0.170000,0.120000,63.730000,6.810000,-0.980000,259.049988,37.500000,57631.789062,35.17,94.92,3.000000,CO,19146
0.480000,0.530000,0.080000,0.160000,0.120000,64.169998,7.130000,-0.240000,259.070007,37.459999,57686.949219,35.19,95.09,3.000000,CO,19147
0.480000,0.530000,0.080000,0.160000,0.120000,64.540001,7.100000,-0.200000,259.250000,37.029999,57877.300781,35.2,95.25,3.000000,CO,19148
0.490000,0.530000,0.080000,0.150000,0.120000,64.290001,7.050000,-0.080000,258.890015,37.900002,57675.578125,35.21,95.42,3.000000,CO,19149
0.490000,0.540000,0.080000,0.150000,0.120000,65.080002,7.440000,0.080000,258.859985,37.810001,57501.570312,35.22,95.59,3.000000,CO,19150
0.500000,0.550000,0.080000,0.150000,0.120000,65.190002,7.820000,0.020000,259.799988,36.049999,58182.730469,35.24,95.75,3.000000,CO,19151
0.510000,0.570000,0.090000,0.150000,0.120000,64.440002,7.480000,-0.280000,260.149994,35.970001,58701.539062,35.25,95.92,3.000000,CO,19152
0.530000,0.580000,0.090000,0.150000,0.120000,64.330002,7.110000,-0.930000,259.459991,36.869999,58161.789062,35.26,96.08,3.000000,CO,19153
0.540000,0.600000,0.100000,0.150000,0.120000,63.689999,6.890000,-1.340000,259.450012,35.480000,58145.500000,35.27,96.25,3.000000,CO,19154
0.560000,0.610000,0.100000,0.150000,0.120000,63.970001,5.580000,-1.250000,259.670013,35.270000,58665.039062,35.28,96.41,3.000000,CO,19155
0.560000,0.620000,0.100000,0.150000,0.120000,64.949997,4.920000,-1.410000,259.070007,36.500000,58135.281250,35.29,96.58,3.000000,CO,19156
0.560000,0.620000,0.100000,0.150000,0.120000,65.279999,6.310000,-1.390000,258.489990,37.110001,57291.269531,35.3,96.75,3.000000,CO,19157
0.560000,0.620000,0.100000,0.140000,0.120000,64.800003,7.730000,-1.070000,258.750000,35.779999,57263.429688,35.31,96.91,3.000000,CO,19158
0.560000,0.620000,0.100000,0.140000,0.120000,64.410004,7.910000,-1.080000,259.079987,35.009998,57452.578125,35.32,97.08,3.000000,CO,19159
0.550000,0.610000,0.100000,0.140000,0.120000,64.070000,6.970000,-1.290000,259.380005,34.849998,57925.300781,35.33,97.25,3.000000,CO,19160
0.550000,0.610000,0.100000,0.140000,0.120000,64.919998,5.670000,-1.110000,259.339996,36.830002,58350.039062,35.34,97.41,3.000000,CO,19161
0.550000,0.600000,0.100000,0.150000,0.120000,64.980003,5.900000,-0.770000,258.589996,39.279999,57639.089844,35.35,97.58,3.000000,CO,19162
0.530000,0.590000,0.100000,0.160000,0.120000,64.620003,6.400000,-0.100000,259.100006,38.860001,57929.121094,35.36,97.74,3.000000,CO,19163
0.520000,0.570000,0.090000,0.160000,0.110000,64.790001,5.290000,0.100000,259.609985,38.610001,58576.781250,35.37,97.91,2.750000,CO,19164
0.500000,0.550000,0.090000,0.170000,0.110000,65.769997,4.920000,-0.760000,258.809998,41.910000,58103.210938,35.38,98.08,2.750000,CO,19165
0.490000,0.540000,0.090000,0.200000,0.110000,65.260002,4.440000,-1.960000,258.959991,44.400002,58905.480469,35.39,98.24,2.750000,CO,19166
0.480000,0.530000,0.090000,0.240000,0.110000,64.970001,2.940000,-2.140000,258.489990,49.360001,59471.949219,35.4,98.41,2.750000,CO,19167
0.470000,0.520000,0.090000,0.230000,0.110000,65.279999,2.840000,-2.130000,258.079987,53.680000,59171.660156,35.41,98.58,2.750000,CO,19168
0.470000,0.520000,0.090000,0.250000,0.110000,64.889999,2.630000,-1.610000,257.869995,53.560001,59580.511719,35.41,98.74,2.750000,CO,19169
0.460000,0.510000,0.090000,0.280000,0.110000,65.040001,1.470000,-0.250000,257.140015,58.279999,59748.820312,35.42,98.91,2.750000,CO,19170
0.500000,0.560000,0.120000,0.480000,0.110000,66.070000,1.560000,-0.190000,256.899994,58.660000,59269.359375,35.43,99.08,2.750000,CO,19171
0.530000,0.600000,0.130000,0.440000,0.110000,66.660004,2.650000,-1.020000,257.070007,57.299999,59071.730469,35.44,99.24,2.750000,CO,19172
0.540000,0.610000,0.130000,0.410000,0.110000,66.720001,3.590000,-0.780000,257.640015,52.980000,59374.539062,35.44,99.41,2.750000,CO,19173
0.530000,0.600000,0.120000,0.370000,0.110000,66.449997,4.640000,0.400000,258.100006,49.509998,59340.589844,35.45,99.58,2.750000,CO,19174
0.590000,0.670000,0.150000,0.430000,0.120000,66.779999,4.190000,1.210000,260.299988,40.560001,61217.261719,35.46,99.74,3.000000,CO,19175
0.740000,0.850000,0.210000,0.540000,0.120000,66.680000,1.930000,0.710000,264.489990,29.340000,66339.226562,35.46,99.91,3.000000,CO,19176
1.100000,1.280000,0.360000,0.750000,0.120000,64.620003,-0.070000,-0.780000,266.149994,26.830000,69458.039062,35.47,100.08,3.000000,CO,19177
1.140000,1.330000,0.390000,0.770000,0.120000,65.900002,-0.800000,-1.730000,264.589996,29.150000,67315.531250,35.48,100.24,3.000000,CO,19178
1.190000,1.380000,0.410000,0.790000,0.130000,66.519997,-0.110000,-1.890000,262.279999,33.889999,64627.781250,35.48,100.41,3.250000,CO,19179
1.320000,1.530000,0.450000,0.810000,0.130000,67.449997,0.890000,-1.690000,262.359985,34.770000,64953.609375,35.49,100.58,3.250000,CO,19180
1.440000,1.680000,0.490000,0.850000,0.130000,68.190002,0.860000,-1.430000,263.799988,33.299999,66821.953125,35.49,100.74,3.250000,CO,19181
1.620000,1.880000,0.530000,0.880000,0.140000,69.889999,-0.100000,-0.330000,263.980011,35.400002,68015.101562,35.5,100.91,3.500000,CO,19182
1.440000,1.680000,0.480000,0.820000,0.130000,70.940002,-0.290000,0.610000,263.220001,38.639999,66882.093750,35.5,101.08,3.250000,CO,19183
1.370000,1.600000,0.470000,0.690000,0.120000,70.730003,0.440000,0.700000,261.929993,41.169998,64794.460938,35.51,101.24,3.000000,CO,19184
1.370000,1.590000,0.470000,0.640000,0.120000,70.440002,1.930000,-0.520000,260.070007,44.869999,62312.148438,35.51,101.41,3.000000,CO,19185
1.590000,1.840000,0.560000,0.680000,0.120000,68.480003,4.580000,-1.910000,258.600006,46.040001,60481.320312,35.52,101.58,3.000000,CO,19186
2.190000,2.520000,0.820000,0.900000,0.130000,66.169998,3.810000,-2.110000,261.339996,39.529999,63262.289062,35.52,101.74,3.250000,CO,19187
3.990000,4.570000,1.800000,1.650000,0.150000,63.360001,0.680000,-1.150000,264.529999,36.520000,68563.476562,35.53,101.91,5.700000,PM2.5,19188
6.720000,7.760000,3.220000,2.980000,0.180000,65.419998,0.160000,-0.180000,265.040009,37.160000,70100.460938,35.53,102.08,9.599999,PM2.5,19189
6.230000,7.470000,2.700000,2.540000,0.200000,66.489998,1.160000,-0.370000,263.059998,41.549999,67584.953125,35.53,102.24,8.900000,PM2.5,19190
6.460000,8.030000,2.500000,2.370000,0.220000,66.150002,1.500000,-0.940000,262.179993,43.849998,66223.460938,35.54,102.41,9.228572,PM2.5,19191
0.480000,0.510000,0.050000,0.080000,0.120000,65.629997,11.120000,1.390000,256.309998,37.400002,54655.250000,34.83,89.96,3.000000,CO,19361
0.470000,0.510000,0.050000,0.080000,0.120000,65.389999,10.790000,1.010000,257.250000,34.700001,55354.519531,34.85,90.12,3.000000,CO,19362
0.470000,0.510000,0.050000,0.080000,0.120000,65.010002,10.560000,0.730000,257.739990,33.180000,55722.250000,34.87,90.29,3.000000,CO,19363
0.470000,0.500000,0.050000,0.080000,0.120000,65.220001,10.120000,0.390000,257.510010,33.389999,55637.000000,34.88,90.45,3.000000,CO,19364
0.460000,0.500000,0.050000,0.080000,0.120000,65.160004,9.590000,0.380000,257.209991,33.790001,55352.429688,34.9,90.61,3.000000,CO,19365
0.460000,0.500000,0.050000,0.080000,0.120000,64.269997,9.500000,0.810000,256.910004,33.889999,55190.171875,34.92,90.78,3.000000,CO,19366
0.450000,0.490000,0.050000,0.080000,0.120000,63.889999,10.240000,1.110000,255.740005,36.230000,54336.281250,34.94,90.94,3.000000,CO,19367
0.450000,0.490000,0.050000,0.080000,0.120000,64.129997,11.610000,0.910000,254.539993,39.000000,53309.750000,34.96,91.11,3.000000,CO,19368
0.450000,0.480000,0.050000,0.080000,0.120000,64.610001,12.250000,0.300000,255.179993,37.070000,53637.921875,34.97,91.27,3.000000,CO,19369
0.450000,0.480000,0.050000,0.080000,0.120000,64.540001,11.800000,-0.190000,256.880005,32.840000,54829.710938,34.99,91.44,3.000000,CO,19370
0.440000,0.480000,0.050000,0.080000,0.120000,64.239998,11.170000,-0.370000,258.320007,29.520000,55956.789062,35.01,91.6,3.000000,CO,19371
0.440000,0.480000,0.050000,0.080000,0.120000,63.970001,10.730000,-0.210000,258.470001,29.299999,56187.671875,35.03,91.77,3.000000,CO,19372
0.440000,0.470000,0.050000,0.080000,0.120000,63.930000,10.560000,0.030000,257.440002,30.930000,55531.808594,35.04,91.93,3.000000,CO,19373
0.440000,0.470000,0.050000,0.080000,0.120000,65.120003,10.160000,-0.250000,257.459991,31.379999,55506.660156,35.06,92.1,3.000000,CO,19374
0.440000,0.470000,0.050000,0.080000,0.120000,66.250000,9.650000,-0.190000,258.230011,30.700001,56024.980469,35.08,92.26,3.000000,CO,19375
0.440000,0.470000,0.050000,0.080000,0.120000,66.199997,9.860000,-0.060000,258.309998,30.510000,56127.390625,35.09,92.43,3.000000,CO,19376
0.440000,0.470000,0.050000,0.080000,0.120000,66.209999,10.450000,-0.300000,258.540009,30.120001,56235.941406,35.11,92.59,3.000000,CO,19377
0.440000,0.470000,0.050000,0.080000,0.120000,65.930000,10.650000,-0.390000,258.989990,29.490000,56551.820312,35.12,92.76,3.000000,CO,19378
0.440000,0.470000,0.050000,0.090000,0.120000,66.389999,10.370000,-0.310000,259.299988,29.420000,56685.609375,35.14,92.92,3.000000,CO,19379
0.440000,0.480000,0.060000,0.120000,0.120000,66.180000,9.870000,-0.190000,259.559998,29.240000,56873.230469,35.15,93.09,3.000000,CO,19380
0.450000,0.480000,0.060000,0.120000,0.120000,65.830002,9.110000,-0.060000,259.970001,28.910000,57326.480469,35.17,93.25,3.000000,CO,19381
0.450000,0.490000,0.060000,0.120000,0.120000,65.480003,8.340000,-0.000000,260.209991,29.480000,57686.039062,35.18,93.42,3.000000,CO,19382
0.460000,0.500000,0.060000,0.120000,0.120000,64.910004,7.680000,-0.260000,260.279999,30.400000,57921.191406,35.2,93.58,3.000000,CO,19383
0.460000,0.500000,0.070000,0.150000,0.120000,64.040001,7.210000,-0.680000,260.559998,30.690001,58323.031250,35.21,93.75,3.000000,CO,19384
0.470000,0.510000,0.070000,0.190000,0.120000,63.009998,6.680000,-1.360000,260.750000,31.209999,58860.019531,35.23,93.91,3.000000,CO,19385
0.490000,0.530000,0.080000,0.230000,0.120000,63.480000,5.850000,-2.110000,260.470001,33.250000,59100.691406,35.24,94.08,3.000000,CO,19386
0.490000,0.540000,0.080000,0.230000,0.120000,64.080002,5.670000,-3.140000,259.690002,35.720001,58510.859375,35.26,94.24,3.000000,CO,19387
0.490000,0.540000,0.080000,0.220000,0.120000,65.019997,6.430000,-2.720000,259.230011,36.580002,57776.898438,35.27,94.41,3.000000,CO,19388
0.490000,0.540000,0.080000,0.190000,0.120000,64.529999,7.320000,-1.940000,258.859985,37.209999,57342.671875,35.28,94.58,3.000000,CO,19389
0.490000,0.540000,0.080000,0.180000,0.120000,64.830002,8.010000,-1.620000,258.839996,37.259998,57211.070312,35.3,94.74,3.000000,CO,19390
0.490000,0.540000,0.080000,0.170000,0.120000,64.430000,8.280000,-1.220000,259.170013,36.580002,57578.769531,35.31,94.91,3.000000,CO,19391
0.500000,0.540000,0.080000,0.160000,0.120000,64.099998,8.200000,-0.830000,258.859985,37.779999,57547.019531,35.32,95.07,3.000000,CO,19392
0.500000,0.550000,0.080000,0.160000,0.120000,64.250000,8.220000,-0.900000,258.750000,38.060001,57470.308594,35.33,95.24,3.000000,CO,19393
0.510000,0.560000,0.080000,0.150000,0.120000,63.930000,7.870000,-0.410000,258.989990,37.560001,57850.628906,35.35,95.4,3.000000,CO,19394
0.520000,0.570000,0.090000,0.150000,0.120000,64.309998,7.490000,-0.090000,259.140015,37.450001,58086.769531,35.36,95.57,3.000000,CO,19395
0.540000,0.590000,0.090000,0.160000,0.120000,64.050003,7.400000,-0.260000,259.779999,35.959999,58648.390625,35.37,95.74,3.000000,CO,19396
0.560000,0.610000,0.100000,0.160000,0.120000,63.529999,6.670000,-0.190000,260.089996,35.779999,59179.359375,35.38,95.9,3.000000,CO,19397
0.580000,0.630000,0.100000,0.160000,0.120000,63.400002,6.090000,-0.550000,259.730011,35.830002,58929.160156,35.39,96.07,3.000000,CO,19398
0.590000,0.650000,0.110000,0.160000,0.120000,63.450001,5.940000,-1.240000,259.510010,36.009998,58771.519531,35.41,96.24,3.000000,CO,19399
0.590000,0.660000,0.110000,0.160000,0.120000,63.520000,5.080000,-0.930000,259.149994,37.169998,58728.019531,35.42,96.4,3.000000,CO,19400
0.590000,0.660000,0.110000,0.160000,0.120000,64.190002,5.030000,-0.690000,258.329987,38.740002,57908.121094,35.43,96.57,3.000000,CO,19401
0.590000,0.650000,0.110000,0.150000,0.120000,64.489998,6.660000,-0.460000,258.010010,38.720001,57219.339844,35.44,96.73,3.000000,CO,19402
0.590000,0.650000,0.110000,0.150000,0.120000,64.300003,7.450000,-0.220000,259.109985,35.259998,57829.109375,35.45,96.9,3.000000,CO,19403
0.580000,0.650000,0.110000,0.150000,0.120000,63.849998,6.320000,-0.820000,260.220001,33.560001,58923.929688,35.46,97.07,3.000000,CO,19404
0.580000,0.640000,0.110000,0.150000,0.120000,64.400002,4.600000,-1.220000,259.959991,35.450001,59447.191406,35.47,97.23,3.000000,CO,19405
0.580000,0.640000,0.110000,0.150000,0.120000,65.129997,4.250000,-1.210000,258.820007,39.160000,58769.761719,35.48,97.4,3.000000,CO,19406
0.570000,0.630000,0.110000,0.150000,0.110000,65.000000,5.680000,-0.960000,258.649994,39.419998,58257.851562,35.49,97.57,2.750000,CO,19407
0.550000,0.600000,0.100000,0.160000,0.110000,64.059998,5.760000,-0.570000,260.220001,36.910000,59626.960938,35.5,97.73,2.750000,CO,19408
0.520000,0.580000,0.100000,0.170000,0.110000,63.619999,3.790000,0.360000,260.660004,38.090000,60542.980469,35.51,97.9,2.750000,CO,19409
0.510000,0.560000,0.100000,0.210000,0.110000,64.870003,3.090000,0.550000,259.470001,42.090000,59546.250000,35.52,98.07,2.750000,CO,19410
0.500000,0.550000,0.090000,0.250000,0.110000,64.650002,3.610000,-0.340000,258.640015,46.110001,58932.820312,35.52,98.23,2.750000,CO,19411
0.490000,0.540000,0.090000,0.260000,0.110000,64.790001,3.420000,-0.240000,258.730011,47.820000,59375.750000,35.53,98.4,2.750000,CO,19412
0.480000,0.530000,0.090000,0.240000,0.110000,65.110001,3.390000,-0.110000,258.290009,54.430000,59261.640625,35.54,98.57,2.750000,CO,19413
0.480000,0.530000,0.090000,0.230000,0.110000,65.040001,3.820000,-0.510000,257.709991,55.709999,58995.128906,35.55,98.73,2.750000,CO,19414
0.480000,0.530000,0.090000,0.230000,0.110000,64.980003,3.080000,0.760000,257.359985,56.470001,59413.878906,35.56,98.9,2.750000,CO,19415
0.490000,0.540000,0.100000,0.250000,0.110000,66.120003,1.840000,1.250000,256.959991,58.509998,59285.859375,35.57,99.07,2.750000,CO,19416
0.510000,0.570000,0.110000,0.230000,0.110000,66.980003,2.770000,-0.150000,256.339996,57.959999,58176.140625,35.57,99.23,2.750000,CO,19417
0.510000,0.580000,0.110000,0.230000,0.110000,67.089996,5.030000,-0.360000,257.239990,49.930000,58427.570312,35.58,99.4,2.750000,CO,19418
0.550000,0.620000,0.130000,0.280000,0.110000,66.699997,5.200000,0.590000,259.760010,41.070000,60550.710938,35.59,99.57,2.750000,CO,19419
0.720000,0.820000,0.190000,0.400000,0.120000,66.440002,3.060000,1.430000,262.029999,34.849998,63225.941406,35.59,99.73,3.000000,CO,19420
0.940000,1.090000,0.290000,0.550000,0.120000,66.449997,1.410000,0.680000,263.959991,29.610001,66348.648438,35.6,99.9,3.000000,CO,19421
1.040000,1.220000,0.380000,0.670000,0.120000,64.849998,0.530000,-1.160000,264.760010,27.889999,67969.062500,35.61,100.07,3.000000,CO,19422
1.010000,1.190000,0.390000,0.700000,0.120000,65.980003,-0.260000,-1.230000,264.320007,29.889999,67796.593750,35.61,100.23,3.000000,CO,19423
1.070000,1.250000,0.410000,0.750000,0.120000,67.099998,0.060000,-0.270000,264.130005,31.430000,67606.593750,35.62,100.4,3.000000,CO,19424
1.240000,1.440000,0.460000,0.830000,0.130000,67.949997,1.050000,-0.030000,264.320007,32.080002,67930.156250,35.62,100.57,3.250000,CO,19425
1.360000,1.580000,0.490000,0.820000,0.130000,68.370003,0.950000,-0.300000,264.390015,33.009998,68190.882812,35.63,100.74,3.250000,CO,19426
1.520000,1.780000,0.530000,0.830000,0.130000,67.830002,0.310000,0.170000,263.609985,35.430000,67694.593750,35.64,100.9,3.250000,CO,19427
1.520000,1.760000,0.530000,0.830000,0.130000,69.519997,0.750000,0.480000,262.540009,38.610001,66138.859375,35.64,101.07,3.250000,CO,19428
1.600000,1.870000,0.560000,0.770000,0.130000,69.849998,1.270000,1.160000,262.589996,39.590000,65842.656250,35.65,101.24,3.250000,CO,19429
1.710000,1.990000,0.610000,0.750000,0.130000,69.620003,1.870000,1.140000,262.809998,38.619999,65795.750000,35.65,101.4,3.250000,CO,19430
1.930000,2.240000,0.700000,0.790000,0.130000,68.660004,3.710000,0.230000,261.579987,40.459999,64338.640625,35.65,101.57,3.250000,CO,19431
2.640000,3.030000,1.010000,1.040000,0.140000,66.430000,3.590000,-0.600000,262.679993,38.529999,65673.367188,35.66,101.74,3.771429,PM2.5,19432
5.820000,6.670000,2.860000,2.400000,0.170000,62.549999,0.910000,-1.220000,265.720001,34.759998,70536.140625,35.66,101.91,8.314286,PM2.5,19433
11.090000,12.830000,5.920000,4.830000,0.230000,62.419998,-0.140000,-0.620000,266.720001,35.139999,73215.531250,35.67,102.07,15.842857,PM2.5,19434
8.490000,9.760000,4.130000,3.380000,0.200000,64.570000,0.690000,0.690000,264.720001,38.750000,70047.156250,35.67,102.24,12.128572,PM2.5,19435
9.070000,10.390000,4.330000,3.350000,0.200000,63.240002,1.020000,0.680000,263.839996,41.430000,68871.117188,35.67,102.41,12.957143,PM2.5,19436
19.860001,26.680000,9.910000,8.670000,0.480000,54.439999,1.010000,0.070000,264.309998,41.709999,69898.140625,35.68,102.57,28.371429,PM2.5,19437
0.490000,0.530000,0.050000,0.080000,0.120000,65.629997,10.660000,2.020000,253.320007,44.439999,52588.890625,34.92,89.61,3.000000,CO,19602
0.490000,0.530000,0.050000,0.080000,0.120000,66.779999,10.960000,1.670000,255.240005,39.439999,53748.328125,34.94,89.77,3.000000,CO,19603
0.480000,0.520000,0.050000,0.080000,0.120000,65.589996,10.170000,1.290000,256.549988,35.900002,54778.738281,34.96,89.93,3.000000,CO,19604
0.480000,0.520000,0.050000,0.080000,0.120000,65.139999,10.200000,0.940000,257.070007,34.080002,55233.230469,34.98,90.1,3.000000,CO,19605
0.480000,0.510000,0.050000,0.080000,0.120000,64.610001,10.090000,0.660000,257.589996,32.750000,55705.800781,35.0,90.26,3.000000,CO,19606
0.470000,0.510000,0.050000,0.080000,0.120000,64.180000,9.820000,0.520000,257.649994,32.400002,55831.710938,35.02,90.43,3.000000,CO,19607
0.470000,0.510000,0.050000,0.080000,0.120000,63.799999,9.710000,0.600000,257.619995,32.060001,55867.019531,35.04,90.59,3.000000,CO,19608
0.470000,0.500000,0.050000,0.080000,0.120000,63.419998,9.600000,0.730000,257.290009,32.570000,55711.320312,35.06,90.76,3.000000,CO,19609
0.460000,0.500000,0.050000,0.080000,0.120000,63.049999,10.090000,1.050000,256.299988,34.770000,54983.578125,35.07,90.92,3.000000,CO,19610
0.460000,0.490000,0.050000,0.080000,0.120000,63.320000,11.020000,1.240000,255.559998,36.570000,54369.238281,35.09,91.09,3.000000,CO,19611
0.460000,0.490000,0.050000,0.080000,0.120000,64.750000,10.920000,0.680000,256.429993,34.680000,54869.210938,35.11,91.25,3.000000,CO,19612
0.450000,0.490000,0.050000,0.080000,0.120000,63.880001,10.370000,-0.210000,257.369995,32.520000,55633.789062,35.13,91.42,3.000000,CO,19613
0.450000,0.490000,0.050000,0.080000,0.120000,63.689999,10.510000,-0.660000,257.540009,31.600000,55860.019531,35.14,91.58,3.000000,CO,19614
0.450000,0.490000,0.050000,0.080000,0.120000,63.549999,10.490000,-0.930000,257.619995,32.020000,56002.878906,35.16,91.75,3.000000,CO,19615
0.450000,0.480000,0.050000,0.080000,0.120000,64.400002,10.480000,-0.220000,257.589996,28.330000,56280.281250,35.18,91.91,3.000000,CO,19616
0.460000,0.490000,0.050000,0.080000,0.120000,72.930000,11.820000,-0.490000,259.519989,40.660000,56436.929688,35.19,92.08,3.000000,CO,19617
0.460000,0.490000,0.060000,0.080000,0.120000,75.879997,12.930000,-1.100000,260.660004,42.389999,56528.281250,35.21,92.24,3.000000,CO,19618
0.460000,0.490000,0.060000,0.080000,0.120000,73.349998,12.000000,-1.070000,259.950012,38.470001,56446.539062,35.23,92.41,3.000000,CO,19619
0.460000,0.490000,0.060000,0.080000,0.120000,72.790001,10.420000,-0.990000,259.260010,36.209999,56347.011719,35.24,92.57,3.000000,CO,19620
0.460000,0.490000,0.060000,0.080000,0.120000,71.260002,9.860000,-0.910000,259.019989,34.650002,56388.871094,35.26,92.74,3.000000,CO,19621
0.460000,0.490000,0.060000,0.090000,0.120000,69.470001,10.300000,-0.740000,258.880005,33.779999,56437.050781,35.27,92.9,3.000000,CO,19622
0.460000,0.500000,0.060000,0.110000,0.120000,68.110001,10.290000,-0.570000,259.529999,31.840000,57042.089844,35.29,93.07,3.000000,CO,19623
0.470000,0.500000,0.060000,0.120000,0.120000,66.760002,9.390000,-0.580000,260.390015,30.690001,57919.601562,35.3,93.23,3.000000,CO,19624
0.470000,0.510000,0.070000,0.140000,0.120000,65.480003,8.160000,-0.790000,260.660004,31.250000,58439.281250,35.32,93.4,3.000000,CO,19625
0.480000,0.520000,0.070000,0.160000,0.120000,65.260002,6.910000,-1.060000,260.549988,32.310001,58762.910156,35.33,93.56,3.000000,CO,19626
0.490000,0.540000,0.080000,0.200000,0.120000,64.919998,5.960000,-1.300000,260.279999,33.610001,58921.949219,35.35,93.73,3.000000,CO,19627
0.510000,0.550000,0.080000,0.250000,0.120000,65.449997,5.320000,-1.900000,259.809998,35.299999,58722.160156,35.36,93.9,3.000000,CO,19628
0.510000,0.550000,0.090000,0.220000,0.120000,66.550003,5.380000,-2.700000,259.209991,36.560001,58061.878906,35.38,94.06,3.000000,CO,19629
0.500000,0.550000,0.080000,0.200000,0.120000,66.050003,6.680000,-2.940000,258.029999,38.970001,56730.238281,35.39,94.23,3.000000,CO,19630
0.500000,0.550000,0.080000,0.180000,0.120000,66.919998,8.270000,-2.150000,257.630005,39.189999,55980.070312,35.4,94.39,3.000000,CO,19631
0.500000,0.550000,0.080000,0.170000,0.120000,66.370003,9.020000,-1.660000,258.089996,37.799999,56273.480469,35.42,94.56,3.000000,CO,19632
0.510000,0.550000,0.080000,0.170000,0.120000,66.160004,9.530000,-1.590000,257.820007,38.470001,56084.460938,35.43,94.73,3.000000,CO,19633
0.510000,0.560000,0.080000,0.160000,0.120000,66.070000,9.900000,-1.660000,258.079987,37.290001,56199.488281,35.44,94.89,3.000000,CO,19634
0.520000,0.560000,0.080000,0.160000,0.120000,65.680000,9.450000,-1.390000,258.429993,36.240002,56558.988281,35.46,95.06,3.000000,CO,19635
0.530000,0.580000,0.090000,0.160000,0.120000,65.199997,9.060000,-1.370000,258.329987,36.430000,56529.730469,35.47,95.22,3.000000,CO,19636
0.540000,0.590000,0.090000,0.160000,0.120000,64.470001,8.470000,-1.200000,258.880005,35.310001,57102.339844,35.48,95.39,3.000000,CO,19637
0.560000,0.610000,0.090000,0.160000,0.120000,64.400002,7.570000,-0.900000,259.209991,35.270000,57660.539062,35.49,95.56,3.000000,CO,19638
0.580000,0.640000,0.100000,0.170000,0.120000,63.680000,7.300000,-0.900000,259.880005,33.759998,58365.800781,35.51,95.72,3.000000,CO,19639
0.610000,0.670000,0.110000,0.170000,0.120000,63.299999,6.060000,-0.880000,260.679993,33.099998,59685.980469,35.52,95.89,3.000000,CO,19640
0.620000,0.690000,0.120000,0.170000,0.120000,63.959999,4.540000,-1.380000,260.019989,35.320000,59628.460938,35.53,96.06,3.000000,CO,19641
0.630000,0.690000,0.120000,0.170000,0.120000,64.209999,5.360000,-1.790000,258.910004,37.560001,58505.289062,35.54,96.22,3.000000,CO,19642
0.630000,0.690000,0.120000,0.170000,0.120000,63.840000,5.970000,-0.540000,258.579987,38.240002,58227.890625,35.55,96.39,3.000000,CO,19643
0.620000,0.680000,0.120000,0.160000,0.120000,63.880001,6.120000,-0.020000,257.929993,39.520000,57540.058594,35.56,96.55,3.000000,CO,19644
0.610000,0.680000,0.120000,0.160000,0.120000,63.770000,7.510000,-0.340000,257.950012,38.790001,57270.488281,35.57,96.72,3.000000,CO,19645
0.610000,0.670000,0.110000,0.160000,0.120000,63.549999,6.960000,-1.100000,259.869995,34.459999,58941.609375,35.58,96.89,3.000000,CO,19646
0.600000,0.670000,0.110000,0.150000,0.120000,63.950001,4.740000,-1.700000,260.339996,34.299999,59962.839844,35.59,97.05,3.000000,CO,19647
0.600000,0.660000,0.120000,0.150000,0.110000,64.809998,4.080000,-1.450000,259.100006,37.080002,59060.648438,35.6,97.22,2.750000,CO,19648
0.590000,0.650000,0.110000,0.150000,0.110000,64.279999,4.900000,-1.070000,257.739990,40.380001,57566.199219,35.61,97.39,2.750000,CO,19649
0.570000,0.640000,0.110000,0.150000,0.110000,64.080002,6.200000,-1.510000,257.600006,41.570000,57091.210938,35.62,97.55,2.750000,CO,19650
0.560000,0.620000,0.110000,0.150000,0.110000,63.080002,6.590000,-2.190000,258.660004,39.660000,57785.730469,35.63,97.72,2.750000,CO,19651
0.530000,0.590000,0.100000,0.170000,0.110000,61.820000,4.540000,-1.420000,260.049988,39.740002,59598.949219,35.64,97.89,2.750000,CO,19652
0.520000,0.570000,0.100000,0.240000,0.110000,63.730000,2.540000,0.170000,260.829987,40.520000,61380.941406,35.65,98.05,2.750000,CO,19653
0.500000,0.560000,0.100000,0.270000,0.110000,64.680000,2.610000,0.930000,260.959991,41.439999,61831.460938,35.66,98.22,2.750000,CO,19654
0.490000,0.550000,0.100000,0.270000,0.110000,65.239998,2.530000,1.310000,260.720001,43.480000,61928.390625,35.67,98.39,2.750000,CO,19655
0.480000,0.540000,0.100000,0.240000,0.110000,65.669998,2.560000,1.270000,259.089996,50.650002,60613.019531,35.68,98.56,2.750000,CO,19656
0.480000,0.540000,0.100000,0.220000,0.110000,65.639999,3.590000,0.530000,258.130005,52.180000,59537.429688,35.69,98.72,2.750000,CO,19657
0.480000,0.540000,0.100000,0.210000,0.110000,65.760002,3.020000,0.550000,257.869995,54.290001,60324.371094,35.69,98.89,2.750000,CO,19658
0.480000,0.540000,0.100000,0.200000,0.110000,67.400002,1.240000,1.620000,257.549988,55.520000,60311.128906,35.7,99.06,2.750000,CO,19659
0.510000,0.560000,0.110000,0.200000,0.110000,67.580002,2.690000,1.720000,256.390015,54.250000,58078.640625,35.71,99.22,2.750000,CO,19660
0.520000,0.580000,0.120000,0.200000,0.110000,67.029999,5.710000,0.660000,256.649994,48.590000,57602.898438,35.72,99.39,2.750000,CO,19661
0.570000,0.640000,0.140000,0.270000,0.110000,67.150002,4.800000,-0.360000,260.760010,35.869999,61609.359375,35.72,99.56,2.750000,CO,19662
0.760000,0.870000,0.220000,0.420000,0.110000,66.849998,1.720000,0.100000,263.339996,30.230000,65211.269531,35.73,99.73,2.750000,CO,19663
0.980000,1.140000,0.330000,0.570000,0.120000,66.970001,0.930000,0.120000,263.079987,29.950001,65725.960938,35.74,99.89,3.000000,CO,19664
0.970000,1.140000,0.380000,0.630000,0.120000,66.180000,1.260000,-1.020000,263.660004,28.750000,66531.992188,35.74,100.06,3.000000,CO,19665
0.940000,1.100000,0.400000,0.630000,0.120000,66.610001,1.200000,-1.470000,265.010010,28.299999,68672.117188,35.75,100.23,3.000000,CO,19666
0.970000,1.140000,0.420000,0.640000,0.120000,66.260002,1.140000,-0.700000,265.940002,29.190001,70326.078125,35.75,100.39,3.000000,CO,19667
1.200000,1.410000,0.490000,0.770000,0.130000,66.589996,1.220000,0.530000,265.920013,30.209999,70439.570312,35.76,100.56,3.250000,CO,19668
1.380000,1.620000,0.550000,0.840000,0.130000,66.900002,1.370000,0.820000,265.070007,32.330002,69329.492188,35.77,100.73,3.250000,CO,19669
1.560000,1.820000,0.600000,0.890000,0.130000,66.709999,1.400000,1.250000,264.269989,34.279999,68369.500000,35.77,100.9,3.250000,CO,19670
1.660000,1.930000,0.620000,0.930000,0.140000,66.809998,1.830000,1.200000,263.429993,36.279999,67208.828125,35.78,101.06,3.500000,CO,19671
1.990000,2.320000,0.720000,0.980000,0.140000,67.160004,2.060000,1.070000,264.070007,35.689999,67794.937500,35.78,101.23,3.500000,CO,19672
2.440000,2.820000,0.860000,1.070000,0.150000,67.330002,1.930000,1.180000,266.070007,32.200001,70257.437500,35.79,101.4,3.750000,CO,19673
2.730000,3.160000,0.990000,1.110000,0.150000,66.629997,2.520000,1.140000,265.089996,33.930000,69225.476562,35.79,101.57,3.900000,PM2.5,19674
3.980000,4.560000,1.510000,1.510000,0.160000,64.360001,2.770000,0.230000,262.989990,39.169998,67109.750000,35.79,101.73,5.685714,PM2.5,19675
11.900000,13.660000,6.240000,4.840000,0.250000,57.450001,1.280000,-1.180000,264.829987,37.169998,70072.117188,35.8,101.9,17.000000,PM2.5,19676
20.940001,24.260000,12.410000,9.200000,0.350000,50.820000,-0.600000,-0.760000,267.269989,34.599998,74518.062500,35.8,102.07,29.914286,PM2.5,19677
22.820000,26.480000,13.700000,10.140000,0.360000,49.820000,-1.460000,0.650000,267.010010,36.270000,74410.609375,35.81,102.24,32.599998,PM2.5,19678
27.770000,32.270000,17.350000,12.560000,0.390000,45.720001,-1.440000,0.150000,267.079987,37.369999,74924.359375,35.81,102.4,39.671429,PM2.5,19679
34.779999,45.369999,19.530001,15.320000,0.680000,41.919998,-1.390000,-0.770000,268.440002,35.520000,77055.093750,35.81,102.57,49.685711,PM2.5,19680
0.500000,0.530000,0.050000,0.080000,0.120000,65.860001,11.350000,1.540000,256.320007,35.360001,54676.738281,35.08,89.75,3.000000,CO,19846
0.490000,0.530000,0.050000,0.080000,0.120000,65.150002,10.370000,0.900000,256.910004,33.709999,55182.250000,35.1,89.91,3.000000,CO,19847
0.490000,0.530000,0.050000,0.080000,0.120000,65.300003,9.610000,0.350000,257.119995,33.549999,55389.320312,35.12,90.08,3.000000,CO,19848
0.480000,0.520000,0.050000,0.080000,0.120000,64.599998,9.340000,-0.100000,257.660004,32.150002,55940.820312,35.14,90.24,3.000000,CO,19849
0.480000,0.520000,0.050000,0.080000,0.120000,64.129997,9.390000,-0.230000,257.850006,31.340000,56197.519531,35.15,90.41,3.000000,CO,19850
0.480000,0.510000,0.050000,0.080000,0.120000,63.750000,9.340000,-0.260000,257.820007,31.330000,56266.898438,35.17,90.57,3.000000,CO,19851
0.470000,0.510000,0.050000,0.080000,0.120000,63.259998,9.250000,-0.360000,257.239990,32.549999,55960.820312,35.19,90.73,3.000000,CO,19852
0.470000,0.500000,0.050000,0.080000,0.120000,62.950001,9.670000,-0.070000,256.369995,34.459999,55390.800781,35.21,90.9,3.000000,CO,19853
0.460000,0.500000,0.050000,0.080000,0.120000,63.099998,10.460000,0.540000,256.170013,34.810001,55250.839844,35.23,91.06,3.000000,CO,19854
0.460000,0.500000,0.050000,0.080000,0.120000,63.060001,10.330000,0.550000,256.750000,34.150002,55659.128906,35.24,91.23,3.000000,CO,19855
0.460000,0.490000,0.050000,0.080000,0.120000,62.860001,9.950000,-0.040000,256.619995,33.290001,55687.601562,35.26,91.39,3.000000,CO,19856
0.460000,0.490000,0.050000,0.080000,0.120000,62.950001,10.150000,-0.450000,255.910004,37.730000,54952.621094,35.28,91.56,3.000000,CO,19857
0.460000,0.490000,0.050000,0.080000,0.120000,63.160000,11.160000,-0.690000,255.449997,30.760000,54985.980469,35.3,91.72,3.000000,CO,19858
0.470000,0.500000,0.060000,0.080000,0.120000,73.010002,12.180000,-0.900000,258.950012,42.830002,55917.800781,35.31,91.89,3.000000,CO,19859
0.460000,0.500000,0.060000,0.080000,0.120000,69.570000,11.740000,-1.380000,258.640015,39.540001,55845.660156,35.33,92.06,3.000000,CO,19860
0.460000,0.500000,0.060000,0.080000,0.120000,68.760002,10.910000,-1.950000,257.600006,37.480000,55419.199219,35.35,92.22,3.000000,CO,19861
0.460000,0.500000,0.060000,0.080000,0.120000,68.919998,10.390000,-1.850000,258.010010,33.650002,55822.890625,35.36,92.39,3.000000,CO,19862
0.460000,0.500000,0.060000,0.080000,0.120000,67.910004,10.460000,-1.560000,258.730011,30.559999,56424.671875,35.38,92.55,3.000000,CO,19863
0.460000,0.500000,0.060000,0.080000,0.120000,67.419998,11.050000,-1.260000,258.510010,30.549999,56253.101562,35.39,92.72,3.000000,CO,19864
0.460000,0.500000,0.060000,0.080000,0.120000,67.010002,11.380000,-1.080000,258.260010,31.150000,56063.570312,35.41,92.88,3.000000,CO,19865
0.470000,0.500000,0.060000,0.090000,0.120000,67.120003,10.460000,-1.180000,259.779999,28.610001,57233.679688,35.42,93.05,3.000000,CO,19866
0.480000,0.510000,0.060000,0.120000,0.120000,65.800003,8.600000,-1.480000,260.790009,28.360001,58378.800781,35.44,93.21,3.000000,CO,19867
0.490000,0.530000,0.070000,0.140000,0.120000,65.349998,6.980000,-1.940000,260.450012,31.139999,58659.550781,35.45,93.38,3.000000,CO,19868
0.500000,0.550000,0.080000,0.160000,0.120000,66.559998,6.110000,-2.380000,260.170013,32.910000,58759.269531,35.47,93.55,3.000000,CO,19869
0.510000,0.560000,0.080000,0.190000,0.120000,66.779999,5.800000,-2.350000,259.769989,34.430000,58509.929688,35.48,93.71,3.000000,CO,19870
0.530000,0.570000,0.090000,0.240000,0.120000,67.760002,5.750000,-1.940000,258.920013,36.450001,57744.089844,35.5,93.88,3.000000,CO,19871
0.520000,0.570000,0.090000,0.250000,0.120000,67.510002,6.510000,-1.630000,257.420013,40.160000,56248.960938,35.51,94.04,3.000000,CO,19872
0.520000,0.570000,0.090000,0.240000,0.120000,67.540001,8.430000,-1.150000,256.109985,43.610001,54909.718750,35.53,94.21,3.000000,CO,19873
0.520000,0.560000,0.090000,0.220000,0.120000,66.940002,9.960000,-0.780000,256.649994,41.360001,55076.308594,35.54,94.38,3.000000,CO,19874
0.520000,0.570000,0.090000,0.200000,0.120000,66.320000,10.130000,-0.650000,257.670013,38.189999,55830.988281,35.55,94.54,3.000000,CO,19875
0.530000,0.570000,0.090000,0.190000,0.120000,65.669998,10.020000,-0.360000,257.679993,37.889999,55836.988281,35.57,94.71,3.000000,CO,19876
0.540000,0.590000,0.090000,0.180000,0.120000,65.230003,9.850000,-0.800000,257.739990,37.380001,55832.281250,35.58,94.88,3.000000,CO,19877
0.560000,0.610000,0.090000,0.180000,0.120000,64.570000,8.970000,-1.450000,258.489990,35.360001,56515.871094,35.59,95.04,3.000000,CO,19878
0.580000,0.640000,0.100000,0.180000,0.120000,63.990002,8.180000,-1.440000,259.109985,34.029999,57225.378906,35.61,95.21,3.000000,CO,19879
0.600000,0.660000,0.110000,0.190000,0.120000,63.430000,7.460000,-1.250000,259.769989,32.810001,58060.109375,35.62,95.37,3.000000,CO,19880
0.620000,0.680000,0.110000,0.190000,0.120000,63.480000,6.730000,-1.040000,260.109985,32.459999,58644.710938,35.63,95.54,3.000000,CO,19881
0.640000,0.700000,0.120000,0.190000,0.120000,63.320000,6.040000,-1.360000,260.290009,32.610001,59096.949219,35.64,95.71,3.000000,CO,19882
0.650000,0.730000,0.130000,0.190000,0.120000,63.950001,4.200000,-1.950000,260.209991,34.290001,59796.160156,35.65,95.87,3.000000,CO,19883
0.660000,0.730000,0.130000,0.180000,0.120000,65.440002,4.110000,-1.780000,258.730011,37.360001,58412.980469,35.67,96.04,3.000000,CO,19884
0.660000,0.730000,0.130000,0.180000,0.120000,64.809998,7.300000,-1.300000,258.010010,37.669998,57251.179688,35.68,96.21,3.000000,CO,19885
0.650000,0.720000,0.130000,0.180000,0.120000,63.930000,8.000000,0.130000,259.670013,33.820000,58716.359375,35.69,96.37,3.000000,CO,19886
0.640000,0.710000,0.120000,0.170000,0.120000,63.919998,6.020000,0.870000,259.519989,35.200001,58823.621094,35.7,96.54,3.000000,CO,19887
0.630000,0.700000,0.120000,0.160000,0.120000,64.309998,5.900000,-0.530000,258.220001,38.470001,57736.089844,35.71,96.71,3.000000,CO,19888
0.620000,0.690000,0.120000,0.160000,0.120000,64.349998,6.520000,-2.720000,258.459991,37.869999,58000.839844,35.72,96.87,3.000000,CO,19889
0.610000,0.680000,0.120000,0.160000,0.110000,64.459999,6.820000,-2.110000,258.369995,37.220001,57805.210938,35.73,97.04,2.750000,CO,19890
0.610000,0.670000,0.120000,0.160000,0.110000,63.650002,6.840000,-0.920000,257.839996,38.400002,57190.121094,35.74,97.21,2.750000,CO,19891
0.600000,0.670000,0.120000,0.170000,0.110000,62.599998,5.500000,0.160000,258.429993,40.060001,57961.410156,35.75,97.38,2.750000,CO,19892
0.580000,0.640000,0.120000,0.170000,0.110000,62.790001,4.780000,0.240000,258.679993,42.000000,58266.128906,35.76,97.54,2.750000,CO,19893
0.560000,0.630000,0.120000,0.180000,0.110000,61.889999,5.150000,-0.700000,258.609985,43.540001,58239.578125,35.77,97.71,2.750000,CO,19894
0.550000,0.620000,0.110000,0.200000,0.110000,61.169998,4.160000,-1.430000,260.420013,41.230000,60569.679688,35.78,97.88,2.750000,CO,19895
0.540000,0.600000,0.110000,0.260000,0.110000,63.419998,2.380000,-0.420000,261.549988,40.080002,62633.429688,35.79,98.04,2.750000,CO,19896
0.520000,0.580000,0.110000,0.290000,0.110000,64.940002,1.210000,0.370000,260.829987,43.220001,62853.378906,35.8,98.21,2.750000,CO,19897
0.500000,0.550000,0.100000,0.260000,0.110000,66.070000,0.620000,0.820000,259.890015,47.410000,62359.488281,35.8,98.38,2.750000,CO,19898
0.490000,0.540000,0.100000,0.220000,0.110000,66.559998,1.420000,1.480000,259.019989,49.430000,60947.011719,35.81,98.55,2.750000,CO,19899
0.480000,0.540000,0.100000,0.210000,0.110000,66.769997,2.580000,1.010000,258.200012,50.869999,60070.281250,35.82,98.71,2.750000,CO,19900
0.480000,0.530000,0.100000,0.190000,0.110000,67.400002,2.570000,-0.370000,257.179993,54.500000,59835.300781,35.83,98.88,2.750000,CO,19901
0.490000,0.550000,0.110000,0.200000,0.110000,68.320000,2.380000,-0.060000,256.959991,54.270000,59876.308594,35.84,99.05,2.750000,CO,19902
0.500000,0.560000,0.110000,0.220000,0.110000,68.379997,3.250000,2.030000,257.140015,51.720001,59515.820312,35.84,99.21,2.750000,CO,19903
0.500000,0.560000,0.110000,0.250000,0.110000,67.730003,4.740000,1.490000,257.239990,48.090000,58879.339844,35.85,99.38,2.750000,CO,19904
0.550000,0.620000,0.140000,0.320000,0.110000,67.470001,4.760000,-0.010000,259.149994,39.889999,60622.289062,35.86,99.55,2.750000,CO,19905
0.650000,0.740000,0.190000,0.400000,0.110000,67.360001,3.460000,-0.510000,261.679993,31.889999,63528.539062,35.87,99.72,2.750000,CO,19906
0.780000,0.910000,0.270000,0.490000,0.110000,67.680000,2.250000,-0.650000,262.989990,29.110001,65408.519531,35.87,99.88,2.750000,CO,19907
0.860000,1.000000,0.360000,0.560000,0.120000,66.849998,1.460000,-0.960000,264.119995,28.340000,67428.546875,35.88,100.05,3.000000,CO,19908
0.880000,1.030000,0.400000,0.550000,0.120000,66.580002,1.610000,-1.290000,264.869995,29.680000,68848.937500,35.88,100.22,3.000000,CO,19909
0.960000,1.140000,0.470000,0.580000,0.120000,65.550003,2.260000,-1.630000,265.940002,29.920000,70355.859375,35.89,100.39,3.000000,CO,19910
1.240000,1.460000,0.590000,0.710000,0.120000,64.540001,2.360000,-0.470000,266.880005,29.650000,72037.273438,35.9,100.55,3.000000,CO,19911
1.460000,1.720000,0.650000,0.860000,0.130000,64.870003,2.000000,1.360000,266.760010,29.930000,71805.796875,35.9,100.72,3.250000,CO,19912
1.730000,2.030000,0.740000,1.000000,0.130000,64.279999,2.030000,2.090000,266.299988,30.540001,71103.343750,35.91,100.89,3.250000,CO,19913
1.990000,2.320000,0.780000,1.090000,0.140000,64.059998,2.480000,1.870000,265.619995,31.740000,70122.906250,35.91,101.06,3.500000,CO,19914
2.910000,3.400000,1.040000,1.380000,0.160000,63.740002,2.500000,1.170000,266.609985,30.450001,71215.742188,35.92,101.22,4.157143,PM2.5,19915
3.910000,4.610000,1.330000,1.660000,0.180000,63.830002,1.650000,0.440000,268.730011,27.879999,74356.476562,35.92,101.39,5.585714,PM2.5,19916
4.360000,5.190000,1.530000,1.700000,0.190000,63.939999,1.140000,1.430000,266.200012,32.610001,71255.226562,35.93,101.56,6.228571,PM2.5,19917
7.170000,8.460000,2.680000,2.480000,0.240000,61.779999,1.390000,0.910000,263.010010,39.459999,67481.062500,35.93,101.73,10.242857,PM2.5,19918
19.440001,23.100000,9.430000,7.150000,0.430000,53.689999,0.520000,-0.050000,265.790009,35.160000,71888.796875,35.93,101.9,27.771429,PM2.5,19919
29.969999,35.520000,16.400000,11.610000,0.570000,47.299999,-1.180000,0.100000,268.209991,32.700001,76234.007812,35.94,102.06,42.814285,PM2.5,19920
33.990002,39.910000,19.150000,13.300000,0.590000,45.250000,-1.920000,0.090000,267.750000,34.549999,75687.273438,35.94,102.23,48.557144,PM2.5,19921
35.070000,40.910000,20.709999,14.250000,0.550000,43.509998,-1.610000,-0.320000,266.920013,36.959999,74665.453125,35.95,102.4,50.087502,PM2.5,19922
37.599998,46.720001,21.620001,15.540000,0.680000,41.279999,-0.990000,-0.770000,266.579987,38.560001,74336.140625,35.95,102.57,53.250000,PM2.5,19923
47.570000,65.839996,23.670000,19.930000,1.110000,36.209999,-0.660000,-1.280000,267.500000,37.720001,76106.960938,35.95,102.73,65.712502,PM2.5,19924
56.290001,85.889999,25.070000,26.500000,1.580000,30.150000,-0.390000,-1.870000,268.750000,36.020000,78704.046875,35.95,102.9,76.612503,PM2.5,19925
0.510000,0.550000,0.050000,0.090000,0.120000,65.260002,10.010000,1.490000,256.720001,33.660000,55413.519531,35.19,89.56,3.000000,CO,20090
0.510000,0.540000,0.050000,0.090000,0.120000,65.540001,9.630000,0.530000,257.079987,32.970001,55724.859375,35.21,89.72,3.000000,CO,20091
0.500000,0.540000,0.050000,0.090000,0.120000,64.699997,8.580000,0.060000,257.049988,33.509998,55922.429688,35.23,89.89,3.000000,CO,20092
0.500000,0.540000,0.050000,0.090000,0.120000,64.809998,8.430000,-0.280000,256.850006,34.189999,55864.269531,35.25,90.05,3.000000,CO,20093
0.500000,0.530000,0.050000,0.090000,0.120000,64.779999,8.880000,-0.690000,256.989990,33.500000,55972.390625,35.27,90.22,3.000000,CO,20094
0.490000,0.530000,0.050000,0.090000,0.120000,65.250000,9.300000,-0.680000,257.100006,32.980000,56042.328125,35.29,90.38,3.000000,CO,20095
0.490000,0.520000,0.050000,0.080000,0.120000,64.349998,9.300000,-0.600000,256.929993,33.119999,55934.750000,35.31,90.55,3.000000,CO,20096
0.480000,0.520000,0.050000,0.080000,0.120000,64.010002,9.440000,-0.630000,255.919998,34.919998,55189.710938,35.33,90.71,3.000000,CO,20097
0.480000,0.510000,0.050000,0.080000,0.120000,64.070000,10.600000,-0.370000,254.809998,37.200001,54242.699219,35.34,90.88,3.000000,CO,20098
0.470000,0.510000,0.050000,0.080000,0.120000,64.449997,11.660000,0.320000,255.220001,35.810001,54387.308594,35.36,91.04,3.000000,CO,20099
0.470000,0.510000,0.050000,0.080000,0.120000,64.169998,11.090000,0.710000,256.290009,33.240002,55162.921875,35.38,91.21,3.000000,CO,20100
0.470000,0.500000,0.050000,0.080000,0.120000,63.860001,10.150000,0.520000,255.899994,33.820000,55027.699219,35.4,91.37,3.000000,CO,20101
0.470000,0.500000,0.050000,0.080000,0.120000,63.900002,10.440000,0.380000,255.020004,36.270000,54359.121094,35.41,91.54,3.000000,CO,20102
0.470000,0.500000,0.050000,0.080000,0.120000,63.889999,10.840000,0.300000,255.619995,33.750000,54825.359375,35.43,91.7,3.000000,CO,20103
0.470000,0.500000,0.060000,0.080000,0.120000,64.620003,10.430000,-0.550000,256.820007,31.709999,55640.089844,35.45,91.87,3.000000,CO,20104
0.470000,0.500000,0.060000,0.080000,0.120000,64.769997,10.300000,-0.940000,256.730011,32.419998,55446.078125,35.46,92.04,3.000000,CO,20105
0.470000,0.510000,0.060000,0.080000,0.120000,65.639999,10.600000,-0.600000,257.079987,31.549999,55464.679688,35.48,92.2,3.000000,CO,20106
0.470000,0.510000,0.060000,0.090000,0.120000,66.059998,10.660000,-0.110000,258.230011,29.709999,56196.859375,35.5,92.37,3.000000,CO,20107
0.480000,0.510000,0.060000,0.090000,0.120000,65.599998,10.800000,0.010000,258.839996,28.680000,56743.750000,35.51,92.53,3.000000,CO,20108
0.480000,0.510000,0.060000,0.090000,0.120000,65.480003,10.910000,0.180000,258.670013,29.910000,56657.078125,35.53,92.7,3.000000,CO,20109
0.480000,0.520000,0.060000,0.090000,0.120000,65.220001,10.700000,-0.350000,258.859985,29.760000,56966.648438,35.54,92.86,3.000000,CO,20110
0.490000,0.530000,0.070000,0.090000,0.120000,66.160004,10.030000,-1.340000,260.329987,29.639999,58118.171875,35.56,93.03,3.000000,CO,20111
0.500000,0.540000,0.070000,0.090000,0.120000,66.489998,8.400000,-1.740000,260.600006,31.900000,58579.550781,35.58,93.2,3.000000,CO,20112
0.510000,0.550000,0.070000,0.100000,0.120000,66.580002,6.990000,-1.990000,259.559998,35.180000,58019.019531,35.59,93.36,3.000000,CO,20113
0.510000,0.560000,0.080000,0.100000,0.120000,67.279999,7.230000,-2.480000,258.299988,38.080002,56923.238281,35.6,93.53,3.000000,CO,20114
0.520000,0.570000,0.080000,0.130000,0.120000,67.169998,8.270000,-2.210000,257.269989,40.490002,55915.550781,35.62,93.69,3.000000,CO,20115
0.530000,0.580000,0.090000,0.170000,0.120000,66.820000,8.620000,-0.980000,257.109985,40.939999,55762.820312,35.63,93.86,3.000000,CO,20116
0.540000,0.590000,0.090000,0.220000,0.120000,66.660004,8.820000,0.450000,256.820007,41.770000,55491.089844,35.65,94.03,3.000000,CO,20117
0.540000,0.590000,0.090000,0.230000,0.120000,66.489998,9.760000,1.140000,257.149994,40.400002,55562.210938,35.66,94.19,3.000000,CO,20118
0.540000,0.590000,0.090000,0.220000,0.120000,66.160004,10.350000,0.640000,258.640015,36.200001,56632.769531,35.68,94.36,3.000000,CO,20119
0.560000,0.610000,0.090000,0.210000,0.120000,65.290001,10.180000,-0.030000,259.670013,33.720001,57508.039062,35.69,94.53,3.000000,CO,20120
0.590000,0.640000,0.100000,0.220000,0.120000,63.919998,8.710000,-0.050000,260.380005,32.360001,58317.250000,35.7,94.69,3.000000,CO,20121
0.630000,0.690000,0.110000,0.220000,0.120000,63.750000,6.250000,-0.220000,260.470001,32.570000,58767.699219,35.72,94.86,3.000000,CO,20122
0.640000,0.710000,0.120000,0.220000,0.120000,63.180000,5.440000,-1.210000,259.970001,33.090000,58727.929688,35.73,95.03,3.000000,CO,20123
0.660000,0.720000,0.130000,0.220000,0.120000,62.849998,6.220000,-1.940000,260.059998,32.900002,59157.480469,35.74,95.19,3.000000,CO,20124
0.670000,0.740000,0.130000,0.220000,0.120000,62.099998,6.180000,-1.720000,260.679993,31.980000,59959.250000,35.75,95.36,3.000000,CO,20125
0.680000,0.750000,0.140000,0.220000,0.120000,61.869999,5.330000,-1.080000,260.390015,33.259998,59972.109375,35.77,95.53,3.000000,CO,20126
0.690000,0.760000,0.140000,0.210000,0.120000,62.369999,4.680000,-0.880000,259.579987,35.759998,59504.140625,35.78,95.69,3.000000,CO,20127
0.690000,0.770000,0.150000,0.200000,0.120000,63.419998,4.290000,-0.820000,258.809998,37.430000,58761.621094,35.79,95.86,3.000000,CO,20128
0.680000,0.760000,0.140000,0.190000,0.110000,63.820000,5.630000,0.050000,257.660004,39.240002,57457.480469,35.8,96.03,2.750000,CO,20129
0.680000,0.750000,0.140000,0.190000,0.110000,63.549999,8.800000,-0.370000,258.329987,36.130001,57588.660156,35.81,96.19,2.750000,CO,20130
0.670000,0.750000,0.140000,0.190000,0.110000,62.770000,8.570000,-0.490000,261.040009,29.920000,59839.179688,35.82,96.36,2.750000,CO,20131
0.660000,0.730000,0.130000,0.180000,0.120000,62.070000,4.510000,0.800000,261.649994,30.990000,61162.679688,35.83,96.53,3.000000,CO,20132
0.620000,0.690000,0.120000,0.160000,0.110000,63.740002,3.430000,0.640000,258.929993,37.490002,58750.871094,35.84,96.69,2.750000,CO,20133
0.610000,0.670000,0.120000,0.150000,0.110000,63.279999,6.660000,-0.700000,256.279999,44.029999,56125.441406,35.86,96.86,2.750000,CO,20134
0.600000,0.660000,0.120000,0.150000,0.110000,62.610001,8.650000,-0.510000,257.290009,38.810001,56394.679688,35.87,97.03,2.750000,CO,20135
0.600000,0.670000,0.130000,0.190000,0.110000,60.580002,5.660000,-0.880000,259.929993,36.840000,59113.109375,35.88,97.2,2.750000,CO,20136
0.640000,0.720000,0.180000,0.260000,0.110000,60.279999,2.260000,-0.080000,262.679993,36.060001,63389.011719,35.89,97.36,2.750000,CO,20137
0.600000,0.680000,0.160000,0.230000,0.110000,60.910000,2.070000,0.630000,263.679993,35.160000,65023.621094,35.89,97.53,2.750000,CO,20138
0.590000,0.670000,0.150000,0.240000,0.110000,60.410000,2.650000,0.580000,263.470001,35.889999,64853.250000,35.9,97.7,2.750000,CO,20139
0.600000,0.680000,0.150000,0.300000,0.110000,59.450001,2.350000,0.220000,264.380005,34.299999,66303.953125,35.91,97.87,2.750000,CO,20140
0.560000,0.620000,0.130000,0.320000,0.110000,63.419998,0.950000,1.330000,263.619995,35.750000,65693.203125,35.92,98.03,2.750000,CO,20141
0.520000,0.580000,0.110000,0.300000,0.110000,65.419998,0.520000,1.480000,260.929993,41.279999,62837.500000,35.93,98.2,2.750000,CO,20142
0.500000,0.550000,0.110000,0.250000,0.110000,65.959999,1.390000,1.400000,259.200012,46.580002,61267.761719,35.94,98.37,2.750000,CO,20143
0.490000,0.540000,0.100000,0.220000,0.110000,66.650002,1.620000,1.530000,258.799988,48.590000,60999.011719,35.95,98.54,2.750000,CO,20144
0.480000,0.530000,0.100000,0.190000,0.110000,67.529999,1.180000,0.990000,258.160004,50.619999,60673.281250,35.96,98.7,2.750000,CO,20145
0.470000,0.520000,0.100000,0.170000,0.110000,68.470001,2.270000,-0.080000,256.700012,52.360001,58973.878906,35.96,98.87,2.750000,CO,20146
0.470000,0.530000,0.100000,0.180000,0.110000,68.849998,4.790000,-0.810000,256.029999,49.650002,57859.210938,35.97,99.04,2.750000,CO,20147
0.470000,0.530000,0.100000,0.200000,0.110000,68.830002,5.610000,0.100000,257.179993,44.660000,58757.398438,35.98,99.21,2.750000,CO,20148
0.480000,0.530000,0.100000,0.220000,0.110000,68.080002,5.140000,0.340000,257.600006,43.150002,59107.710938,35.99,99.37,2.750000,CO,20149
0.530000,0.590000,0.140000,0.290000,0.110000,67.330002,4.460000,0.230000,258.489990,39.470001,59884.558594,35.99,99.54,2.750000,CO,20150
0.640000,0.730000,0.210000,0.370000,0.110000,67.690002,3.220000,-0.460000,261.130005,32.320000,63025.890625,36.0,99.71,2.750000,CO,20151
0.790000,0.920000,0.320000,0.480000,0.110000,68.389999,2.160000,-1.260000,263.760010,28.760000,66743.273438,36.01,99.88,2.750000,CO,20152
0.870000,1.020000,0.420000,0.560000,0.120000,66.940002,1.640000,-1.110000,265.350006,28.190001,69326.203125,36.01,100.04,3.000000,CO,20153
0.920000,1.090000,0.480000,0.600000,0.120000,66.669998,1.620000,-0.610000,265.500000,30.450001,70070.546875,36.02,100.21,3.000000,CO,20154
1.010000,1.200000,0.550000,0.660000,0.120000,66.019997,2.290000,-0.900000,265.750000,31.889999,70539.273438,36.03,100.38,3.000000,CO,20155
1.310000,1.540000,0.700000,0.830000,0.130000,64.959999,2.740000,-1.140000,267.320007,30.430000,72410.843750,36.03,100.55,3.250000,CO,20156
1.640000,1.920000,0.850000,1.020000,0.130000,64.680000,1.750000,0.230000,268.450012,28.590000,74212.781250,36.04,100.72,3.250000,CO,20157
2.130000,2.490000,0.930000,1.200000,0.140000,62.060001,1.090000,1.640000,267.690002,28.900000,73695.921875,36.04,100.88,3.500000,CO,20158
3.060000,3.590000,1.220000,1.470000,0.160000,62.290001,1.730000,1.260000,266.559998,31.190001,72120.718750,36.05,101.05,4.371428,PM2.5,20159
5.010000,6.000000,2.000000,2.090000,0.210000,62.040001,1.570000,0.220000,267.609985,29.900000,73210.046875,36.05,101.22,7.157143,PM2.5,20160
8.620000,10.890000,3.470000,3.140000,0.310000,60.279999,-0.020000,-0.380000,269.019989,28.139999,75518.703125,36.06,101.39,12.314285,PM2.5,20161
11.660000,15.530000,4.920000,3.890000,0.390000,59.619999,-1.000000,0.720000,267.260010,31.330000,73329.757812,36.06,101.55,16.657143,PM2.5,20162
21.410000,28.920000,9.370000,6.660000,0.640000,55.599998,-0.610000,0.870000,265.730011,34.360001,71614.476562,36.07,101.72,30.585714,PM2.5,20163
33.250000,43.810001,14.830000,10.650000,0.890000,49.990002,-0.570000,0.420000,267.480011,31.980000,74859.812500,36.07,101.89,47.500000,PM2.5,20164
35.299999,44.599998,16.660000,11.740000,0.860000,49.669998,-0.670000,0.420000,267.070007,33.049999,74331.953125,36.07,102.06,50.375000,PM2.5,20165
32.590000,39.840000,16.410000,11.410000,0.730000,50.130001,-0.170000,-0.350000,264.420013,37.660000,70269.281250,36.08,102.23,46.557144,PM2.5,20166
32.820000,39.080002,18.469999,12.640000,0.640000,47.549999,0.210000,-0.020000,263.089996,41.590000,68656.031250,36.08,102.39,46.885715,PM2.5,20167
36.099998,42.549999,21.469999,14.380000,0.620000,43.740002,0.170000,0.040000,263.709991,43.009998,70022.976562,36.08,102.56,51.375000,PM2.5,20168
46.150002,59.320000,25.049999,19.750000,0.930000,36.250000,0.050000,-0.520000,266.049988,40.070000,74210.882812,36.09,102.73,63.937500,PM2.5,20169
55.220001,81.779999,28.100000,27.799999,1.440000,29.389999,0.140000,-1.120000,268.200012,36.639999,78149.203125,36.09,102.9,75.275002,PM2.5,20170
0.530000,0.560000,0.050000,0.090000,0.120000,64.610001,8.650000,-0.400000,255.779999,35.770000,55368.531250,35.33,89.53,3.000000,CO,20335
0.520000,0.560000,0.060000,0.090000,0.120000,64.360001,8.850000,-0.820000,255.770004,37.080002,55442.050781,35.35,89.7,3.000000,CO,20336
0.520000,0.560000,0.060000,0.090000,0.120000,64.559998,8.380000,-0.530000,256.109985,36.540001,55774.179688,35.37,89.86,3.000000,CO,20337
0.520000,0.550000,0.060000,0.090000,0.120000,64.339996,8.290000,-0.080000,256.079987,35.680000,55712.648438,35.39,90.03,3.000000,CO,20338
0.510000,0.550000,0.060000,0.090000,0.120000,64.349998,9.110000,0.060000,255.880005,35.259998,55412.078125,35.4,90.19,3.000000,CO,20339
0.510000,0.540000,0.060000,0.090000,0.120000,64.190002,10.050000,0.070000,255.919998,34.849998,55263.671875,35.42,90.36,3.000000,CO,20340
0.500000,0.540000,0.060000,0.090000,0.120000,63.980000,10.270000,0.320000,255.949997,34.150002,55203.609375,35.44,90.52,3.000000,CO,20341
0.500000,0.540000,0.060000,0.080000,0.120000,64.000000,10.590000,0.760000,255.029999,35.939999,54427.558594,35.46,90.69,3.000000,CO,20342
0.500000,0.530000,0.060000,0.080000,0.120000,64.559998,11.980000,0.980000,254.210007,37.590000,53656.968750,35.48,90.86,3.000000,CO,20343
0.490000,0.530000,0.060000,0.080000,0.120000,65.239998,12.860000,0.810000,255.389999,33.770000,54201.429688,35.5,91.02,3.000000,CO,20344
0.490000,0.520000,0.050000,0.090000,0.120000,64.709999,11.480000,0.420000,255.869995,33.810001,55096.218750,35.51,91.19,3.000000,CO,20345
0.490000,0.530000,0.060000,0.080000,0.120000,64.529999,10.140000,0.340000,255.179993,33.910000,54715.640625,35.53,91.35,3.000000,CO,20346
0.490000,0.530000,0.060000,0.090000,0.120000,65.209999,10.160000,0.230000,254.899994,37.610001,54304.730469,35.55,91.52,3.000000,CO,20347
0.490000,0.530000,0.060000,0.090000,0.120000,64.809998,10.650000,0.000000,255.820007,29.070000,55484.238281,35.57,91.68,3.000000,CO,20348
0.510000,0.540000,0.070000,0.090000,0.120000,74.059998,11.460000,-0.720000,258.910004,41.860001,56232.679688,35.58,91.85,3.000000,CO,20349
0.510000,0.540000,0.060000,0.090000,0.120000,70.860001,11.850000,-0.630000,257.809998,41.540001,55594.328125,35.6,92.01,3.000000,CO,20350
0.510000,0.540000,0.060000,0.090000,0.120000,69.910004,11.920000,-0.300000,257.679993,37.889999,55748.539062,35.62,92.18,3.000000,CO,20351
0.510000,0.540000,0.070000,0.090000,0.120000,69.309998,11.460000,-0.350000,258.760010,34.090000,56800.609375,35.63,92.35,3.000000,CO,20352
0.510000,0.550000,0.070000,0.090000,0.120000,68.480003,11.040000,-0.610000,258.989990,32.450001,57220.488281,35.65,92.51,3.000000,CO,20353
0.520000,0.550000,0.070000,0.090000,0.120000,67.529999,10.070000,-0.620000,259.339996,32.860001,57599.929688,35.66,92.68,3.000000,CO,20354
0.520000,0.560000,0.070000,0.100000,0.120000,66.889999,9.290000,-1.510000,258.940002,30.280001,57923.230469,35.68,92.85,3.000000,CO,20355
0.540000,0.570000,0.080000,0.090000,0.120000,74.290001,10.140000,-2.480000,260.190002,42.330002,57420.449219,35.69,93.01,3.000000,CO,20356
0.540000,0.580000,0.080000,0.100000,0.120000,71.110001,9.710000,-2.090000,259.470001,41.090000,57104.761719,35.71,93.18,3.000000,CO,20357
0.540000,0.590000,0.080000,0.100000,0.120000,69.629997,8.160000,-1.340000,258.410004,40.259998,56746.539062,35.73,93.34,3.000000,CO,20358
0.550000,0.590000,0.080000,0.100000,0.120000,68.790001,8.200000,-0.870000,256.640015,43.709999,55426.148438,35.74,93.51,3.000000,CO,20359
0.560000,0.600000,0.080000,0.120000,0.120000,68.279999,9.690000,-0.450000,255.869995,45.470001,54678.109375,35.75,93.68,3.000000,CO,20360
0.560000,0.610000,0.090000,0.140000,0.120000,67.779999,10.320000,-0.000000,257.619995,39.610001,55909.289062,35.77,93.84,3.000000,CO,20361
0.570000,0.610000,0.090000,0.160000,0.120000,67.629997,9.410000,0.540000,259.790009,34.150002,57718.750000,35.78,94.01,3.000000,CO,20362
0.570000,0.620000,0.090000,0.180000,0.120000,66.739998,8.220000,0.610000,261.200012,31.469999,59119.390625,35.8,94.18,3.000000,CO,20363
0.590000,0.640000,0.090000,0.210000,0.120000,65.410004,7.760000,0.020000,261.100006,31.820000,59343.421875,35.81,94.34,3.000000,CO,20364
0.630000,0.690000,0.110000,0.240000,0.120000,63.630001,7.730000,-0.510000,259.929993,34.209999,58545.019531,35.82,94.51,3.000000,CO,20365
0.730000,0.810000,0.150000,0.300000,0.120000,62.740002,6.200000,-0.340000,260.630005,32.720001,59431.679688,35.84,94.68,3.000000,CO,20366
0.750000,0.840000,0.160000,0.310000,0.120000,64.230003,3.550000,-0.110000,262.140015,29.590000,61481.468750,35.85,94.84,3.000000,CO,20367
0.690000,0.770000,0.140000,0.270000,0.120000,62.730000,2.690000,-0.890000,260.779999,32.049999,60661.628906,35.86,95.01,3.000000,CO,20368
0.690000,0.760000,0.140000,0.250000,0.110000,61.930000,4.960000,-2.070000,258.200012,37.450001,58199.640625,35.88,95.18,2.750000,CO,20369
0.700000,0.780000,0.150000,0.250000,0.110000,61.470001,7.390000,-1.950000,258.100006,37.099998,57682.628906,35.89,95.34,2.750000,CO,20370
0.720000,0.800000,0.150000,0.250000,0.110000,61.189999,7.530000,-1.200000,259.040009,34.970001,58326.070312,35.9,95.51,2.750000,CO,20371
0.730000,0.810000,0.160000,0.240000,0.110000,61.200001,6.620000,-0.250000,259.269989,35.180000,58771.710938,35.91,95.68,2.750000,CO,20372
0.730000,0.810000,0.160000,0.230000,0.110000,61.810001,5.660000,0.800000,259.119995,36.220001,58879.101562,35.92,95.85,2.750000,CO,20373
0.710000,0.800000,0.150000,0.210000,0.110000,63.270000,5.620000,1.170000,258.820007,37.040001,58625.570312,35.94,96.01,2.750000,CO,20374
0.700000,0.780000,0.150000,0.200000,0.110000,62.919998,8.080000,0.220000,257.899994,37.980000,57651.710938,35.95,96.18,2.750000,CO,20375
0.700000,0.780000,0.150000,0.200000,0.110000,62.029999,9.030000,-1.180000,259.890015,31.910000,58827.250000,35.96,96.35,2.750000,CO,20376
0.680000,0.760000,0.140000,0.200000,0.110000,60.340000,5.060000,-0.630000,262.130005,30.959999,61783.851562,35.97,96.51,2.750000,CO,20377
0.640000,0.710000,0.130000,0.190000,0.110000,61.220001,3.370000,2.390000,260.630005,36.180000,60723.261719,35.98,96.68,2.750000,CO,20378
0.620000,0.690000,0.130000,0.180000,0.110000,61.400002,5.990000,2.410000,259.070007,39.099998,58699.160156,35.99,96.85,2.750000,CO,20379
0.610000,0.680000,0.130000,0.200000,0.110000,60.080002,5.900000,-0.020000,260.450012,38.200001,60210.269531,36.0,97.02,2.750000,CO,20380
0.620000,0.690000,0.140000,0.260000,0.110000,58.869999,2.730000,-1.400000,263.160004,36.599998,64507.960938,36.01,97.18,2.750000,CO,20381
0.710000,0.810000,0.200000,0.360000,0.120000,62.230000,1.010000,-0.740000,266.079987,33.110001,69334.109375,36.02,97.35,3.000000,CO,20382
0.720000,0.810000,0.200000,0.360000,0.120000,63.380001,0.970000,-0.240000,267.089996,32.029999,70945.906250,36.03,97.52,3.000000,CO,20383
0.750000,0.860000,0.210000,0.390000,0.120000,63.060001,1.360000,0.380000,266.839996,32.020000,70564.703125,36.04,97.69,3.000000,CO,20384
0.770000,0.880000,0.210000,0.430000,0.120000,61.549999,1.070000,1.210000,266.459991,32.090000,70042.421875,36.05,97.85,3.000000,CO,20385
0.620000,0.700000,0.160000,0.400000,0.110000,62.720001,0.260000,2.940000,264.920013,34.070000,67784.617188,36.06,98.02,2.750000,CO,20386
0.540000,0.610000,0.130000,0.340000,0.110000,64.959999,0.470000,3.320000,262.940002,36.840000,64958.171875,36.07,98.19,2.750000,CO,20387
0.510000,0.570000,0.110000,0.260000,0.110000,65.690002,1.080000,3.100000,260.970001,41.290001,62991.878906,36.08,98.36,2.750000,CO,20388
0.490000,0.540000,0.110000,0.220000,0.110000,66.830002,1.110000,2.170000,259.269989,45.959999,61479.500000,36.08,98.53,2.750000,CO,20389
0.470000,0.520000,0.100000,0.190000,0.110000,67.959999,1.380000,1.390000,257.739990,49.500000,60002.250000,36.09,98.69,2.750000,CO,20390
0.450000,0.500000,0.100000,0.170000,0.110000,68.570000,3.040000,1.180000,256.250000,51.529999,58266.980469,36.1,98.86,2.750000,CO,20391
0.450000,0.500000,0.100000,0.170000,0.110000,68.760002,5.580000,0.820000,255.770004,46.560001,57248.960938,36.11,99.03,2.750000,CO,20392
0.450000,0.500000,0.100000,0.170000,0.110000,68.309998,6.600000,-0.060000,256.940002,38.290001,57808.781250,36.12,99.2,2.750000,CO,20393
0.470000,0.530000,0.130000,0.200000,0.110000,67.769997,5.270000,-0.510000,258.399994,35.049999,59328.308594,36.12,99.36,2.750000,CO,20394
0.530000,0.610000,0.180000,0.260000,0.110000,67.949997,3.160000,-0.320000,260.420013,33.240002,62112.378906,36.13,99.53,2.750000,CO,20395
0.700000,0.820000,0.300000,0.410000,0.110000,68.209999,1.920000,-0.660000,263.019989,30.129999,65986.976562,36.14,99.7,2.750000,CO,20396
0.890000,1.040000,0.440000,0.580000,0.120000,68.480003,1.930000,-1.220000,265.079987,28.750000,69098.531250,36.14,99.87,3.000000,CO,20397
0.930000,1.110000,0.540000,0.640000,0.120000,66.480003,2.060000,-1.380000,266.239990,29.330000,70794.039062,36.15,100.04,3.000000,CO,20398
0.990000,1.180000,0.600000,0.700000,0.120000,65.430000,1.870000,-1.050000,266.410004,30.959999,71363.992188,36.16,100.2,3.000000,CO,20399
1.080000,1.300000,0.680000,0.770000,0.130000,65.320000,1.850000,-0.890000,266.200012,33.040001,71230.921875,36.16,100.37,3.250000,CO,20400
1.420000,1.710000,0.940000,1.000000,0.130000,66.000000,1.850000,-1.160000,267.010010,32.540001,72218.593750,36.17,100.54,3.250000,CO,20401
1.900000,2.280000,1.270000,1.290000,0.140000,67.070000,0.450000,-0.850000,268.130005,31.100000,73693.226562,36.17,100.71,3.500000,CO,20402
2.740000,3.250000,1.590000,1.570000,0.160000,65.980003,-0.440000,-0.010000,266.980011,32.580002,72637.906250,36.18,100.88,4.000000,CO,20403
4.220000,5.120000,2.310000,1.870000,0.200000,66.660004,0.520000,-0.530000,265.359985,34.830002,70120.703125,36.18,101.04,6.028571,PM2.5,20404
6.640000,8.660000,3.970000,2.540000,0.280000,65.089996,1.110000,-1.310000,264.589996,35.439999,68763.632812,36.19,101.21,9.485714,PM2.5,20405
10.680000,15.320000,6.670000,3.720000,0.410000,62.389999,0.790000,-0.570000,265.089996,34.189999,69554.656250,36.19,101.38,15.320000,PM10,20406
18.520000,28.690001,9.950000,5.980000,0.620000,57.700001,0.070000,-0.190000,265.980011,33.200001,71548.789062,36.2,101.55,28.690001,PM10,20407
30.459999,47.180000,15.290000,9.620000,0.950000,52.070000,-0.510000,-0.150000,266.489990,33.090000,73219.546875,36.2,101.72,47.180000,PM10,20408
38.150002,56.930000,17.260000,12.110000,1.140000,49.080002,-0.770000,-0.120000,266.350006,33.410000,73574.523438,36.21,101.89,53.937500,PM2.5,20409
36.090000,50.669998,15.320000,11.170000,1.040000,52.070000,-0.280000,0.330000,264.709991,34.950001,70855.109375,36.21,102.05,51.362499,PM2.5,20410
32.009998,42.220001,13.990000,10.330000,0.880000,53.480000,1.460000,0.020000,261.959991,37.860001,66751.000000,36.21,102.22,45.728569,PM2.5,20411
32.360001,40.080002,15.620000,11.370000,0.760000,50.320000,2.060000,0.320000,261.750000,40.790001,66632.156250,36.22,102.39,46.228573,PM2.5,20412
37.080002,44.240002,20.629999,14.750000,0.720000,43.529999,0.610000,0.420000,265.059998,39.009998,72084.210938,36.22,102.56,52.600002,PM2.5,20413
46.020000,62.430000,24.379999,21.590000,1.030000,35.660000,-0.110000,0.210000,268.209991,35.119999,77659.359375,36.22,102.73,63.775002,PM2.5,20414
52.750000,81.230003,25.930000,27.700001,1.420000,30.240000,0.030000,-0.060000,269.109985,34.790001,79898.671875,36.23,102.9,72.187500,PM2.5,20415
0.540000,0.580000,0.060000,0.090000,0.120000,65.150002,9.860000,-0.200000,254.550003,38.389999,54151.480469,35.5,89.84,3.000000,CO,20583
0.540000,0.580000,0.060000,0.090000,0.120000,64.449997,9.760000,0.660000,255.270004,36.020000,54644.898438,35.52,90.01,3.000000,CO,20584
0.540000,0.580000,0.060000,0.090000,0.120000,64.360001,9.950000,1.130000,255.570007,34.810001,54836.980469,35.54,90.17,3.000000,CO,20585
0.540000,0.580000,0.060000,0.090000,0.120000,64.230003,10.560000,1.090000,255.440002,34.759998,54765.058594,35.56,90.34,3.000000,CO,20586
0.530000,0.570000,0.060000,0.090000,0.120000,64.190002,10.910000,0.890000,255.809998,33.110001,54840.601562,35.58,90.5,3.000000,CO,20587
0.530000,0.570000,0.060000,0.090000,0.120000,64.220001,10.950000,1.130000,254.869995,35.849998,54797.390625,35.59,90.67,3.000000,CO,20588
0.530000,0.570000,0.060000,0.090000,0.120000,64.410004,11.500000,1.230000,254.940002,35.189999,54580.210938,35.61,90.83,3.000000,CO,20589
0.530000,0.560000,0.060000,0.090000,0.120000,64.419998,11.830000,0.830000,254.619995,36.230000,54673.539062,35.63,91.0,3.000000,CO,20590
0.530000,0.570000,0.060000,0.090000,0.120000,64.519997,10.760000,0.340000,255.199997,34.750000,55028.769531,35.65,91.16,3.000000,CO,20591
0.530000,0.570000,0.060000,0.090000,0.120000,64.650002,9.540000,0.570000,254.949997,35.349998,54840.609375,35.67,91.33,3.000000,CO,20592
0.530000,0.570000,0.060000,0.090000,0.120000,65.120003,9.620000,0.380000,254.729996,36.380001,54583.421875,35.68,91.5,3.000000,CO,20593
0.530000,0.570000,0.070000,0.090000,0.120000,64.919998,9.920000,-0.120000,255.410004,34.820000,55081.960938,35.7,91.66,3.000000,CO,20594
0.530000,0.570000,0.070000,0.090000,0.120000,65.669998,10.050000,-0.830000,255.860001,34.020000,55430.140625,35.72,91.83,3.000000,CO,20595
0.540000,0.570000,0.070000,0.090000,0.120000,65.900002,10.910000,-0.130000,256.250000,33.009998,55588.019531,35.73,91.99,3.000000,CO,20596
0.540000,0.570000,0.070000,0.090000,0.120000,66.230003,11.710000,0.310000,257.510010,30.549999,56284.109375,35.75,92.16,3.000000,CO,20597
0.540000,0.580000,0.070000,0.090000,0.120000,65.620003,11.560000,-0.590000,258.130005,29.760000,56712.621094,35.77,92.33,3.000000,CO,20598
0.540000,0.580000,0.070000,0.100000,0.120000,65.230003,11.260000,-1.560000,258.029999,30.590000,56655.308594,35.78,92.49,3.000000,CO,20599
0.550000,0.590000,0.070000,0.100000,0.120000,64.809998,10.450000,-1.790000,258.730011,29.040001,57317.960938,35.8,92.66,3.000000,CO,20600
0.560000,0.600000,0.080000,0.100000,0.120000,65.199997,8.960000,-1.690000,257.929993,31.629999,56913.929688,35.81,92.83,3.000000,CO,20601
0.570000,0.610000,0.080000,0.100000,0.120000,65.570000,8.940000,-1.440000,256.119995,35.630001,55321.441406,35.83,92.99,3.000000,CO,20602
0.580000,0.620000,0.080000,0.100000,0.120000,65.470001,9.450000,-1.050000,257.040009,33.520000,55888.250000,35.85,93.16,3.000000,CO,20603
0.580000,0.630000,0.080000,0.100000,0.120000,65.209999,8.670000,-0.590000,258.640015,31.620001,57256.160156,35.86,93.33,3.000000,CO,20604
0.590000,0.630000,0.080000,0.100000,0.120000,65.309998,8.410000,0.080000,258.369995,34.139999,57211.820312,35.87,93.49,3.000000,CO,20605
0.590000,0.640000,0.090000,0.100000,0.120000,65.489998,9.380000,0.110000,258.329987,35.310001,57180.281250,35.89,93.66,3.000000,CO,20606
0.590000,0.640000,0.090000,0.110000,0.120000,65.430000,9.980000,-0.300000,259.450012,33.049999,58054.160156,35.9,93.83,3.000000,CO,20607
0.600000,0.650000,0.090000,0.110000,0.120000,64.779999,9.560000,-0.750000,260.260010,31.520000,58756.109375,35.92,93.99,3.000000,CO,20608
0.610000,0.660000,0.090000,0.130000,0.120000,63.799999,8.370000,-1.410000,260.299988,31.850000,58922.828125,35.93,94.16,3.000000,CO,20609
0.620000,0.680000,0.100000,0.170000,0.120000,62.419998,7.340000,-1.570000,259.869995,32.990002,58829.871094,35.95,94.33,3.000000,CO,20610
0.700000,0.770000,0.130000,0.240000,0.120000,61.340000,6.910000,-0.390000,259.440002,34.320000,58610.359375,35.96,94.49,3.000000,CO,20611
0.870000,0.980000,0.200000,0.350000,0.120000,61.139999,5.330000,0.400000,261.850006,30.330000,61108.390625,35.97,94.66,3.000000,CO,20612
0.890000,1.010000,0.220000,0.380000,0.120000,62.810001,2.150000,0.490000,264.220001,26.260000,64400.539062,35.99,94.83,3.000000,CO,20613
0.750000,0.840000,0.170000,0.310000,0.110000,61.509998,1.870000,0.580000,261.200012,31.209999,61433.328125,36.0,94.99,2.750000,CO,20614
0.730000,0.820000,0.170000,0.280000,0.110000,60.869999,6.010000,0.720000,257.290009,38.919998,57228.089844,36.01,95.16,2.750000,CO,20615
0.770000,0.870000,0.180000,0.290000,0.110000,60.610001,8.780000,0.160000,258.350006,35.020000,57524.441406,36.02,95.33,2.750000,CO,20616
0.800000,0.900000,0.190000,0.300000,0.110000,59.930000,8.250000,-0.740000,260.179993,31.959999,59201.429688,36.04,95.5,2.750000,CO,20617
0.810000,0.910000,0.190000,0.300000,0.110000,59.540001,6.940000,-0.390000,260.850006,32.389999,60372.039062,36.05,95.66,2.750000,CO,20618
0.800000,0.900000,0.190000,0.280000,0.110000,60.119999,5.600000,1.120000,261.059998,33.380001,61156.339844,36.06,95.83,2.750000,CO,20619
0.770000,0.870000,0.180000,0.260000,0.110000,61.080002,5.740000,2.150000,259.899994,36.240002,60271.351562,36.07,96.0,2.750000,CO,20620
0.750000,0.850000,0.170000,0.250000,0.110000,61.029999,7.830000,2.110000,259.170013,36.040001,59039.660156,36.08,96.17,2.750000,CO,20621
0.740000,0.830000,0.170000,0.240000,0.110000,59.720001,7.600000,-0.710000,261.290009,32.950001,60952.910156,36.09,96.33,2.750000,CO,20622
0.700000,0.790000,0.160000,0.230000,0.110000,58.160000,4.270000,-1.250000,262.859985,34.119999,63760.320312,36.1,96.5,2.750000,CO,20623
0.640000,0.720000,0.140000,0.220000,0.110000,57.810001,2.380000,1.530000,263.450012,35.060001,64831.289062,36.12,96.67,2.750000,CO,20624
0.630000,0.710000,0.150000,0.250000,0.110000,59.130001,2.150000,1.440000,264.309998,34.340000,66117.906250,36.13,96.84,2.750000,CO,20625
0.640000,0.720000,0.160000,0.290000,0.120000,60.680000,1.590000,-0.290000,265.209991,34.270000,68103.812500,36.14,97.0,3.000000,CO,20626
0.670000,0.760000,0.180000,0.350000,0.120000,62.439999,0.980000,-0.500000,266.470001,33.520000,70363.500000,36.15,97.17,3.000000,CO,20627
0.770000,0.870000,0.210000,0.410000,0.120000,64.889999,0.870000,-0.340000,267.320007,33.709999,72118.843750,36.16,97.34,3.000000,CO,20628
0.790000,0.900000,0.230000,0.430000,0.120000,67.029999,0.550000,-0.360000,267.410004,35.200001,72462.976562,36.17,97.51,3.000000,CO,20629
0.840000,0.960000,0.240000,0.470000,0.120000,65.430000,-0.190000,0.460000,267.369995,33.529999,72097.710938,36.18,97.68,3.000000,CO,20630
0.880000,1.020000,0.260000,0.510000,0.120000,62.740002,-0.370000,1.790000,266.369995,33.869999,70185.671875,36.18,97.84,3.000000,CO,20631
0.670000,0.770000,0.180000,0.450000,0.110000,62.790001,0.150000,3.280000,264.829987,35.310001,67750.000000,36.19,98.01,2.750000,CO,20632
0.570000,0.640000,0.140000,0.380000,0.110000,64.959999,0.500000,3.590000,264.119995,35.430000,66610.093750,36.2,98.18,2.750000,CO,20633
0.510000,0.570000,0.120000,0.270000,0.110000,66.379997,0.550000,3.530000,262.519989,38.340000,64830.871094,36.21,98.35,2.750000,CO,20634
0.480000,0.540000,0.110000,0.220000,0.110000,67.370003,0.980000,3.110000,260.250000,42.910000,62329.578125,36.22,98.51,2.750000,CO,20635
0.460000,0.510000,0.100000,0.190000,0.110000,67.989998,2.380000,2.810000,258.040009,46.959999,59926.160156,36.23,98.68,2.750000,CO,20636
0.450000,0.500000,0.100000,0.170000,0.100000,68.320000,4.780000,2.370000,256.799988,46.580002,58425.738281,36.24,98.85,2.500000,CO,20637
0.450000,0.500000,0.110000,0.170000,0.100000,68.830002,5.360000,1.380000,258.079987,38.430000,59203.199219,36.24,99.02,2.500000,CO,20638
0.490000,0.560000,0.160000,0.220000,0.110000,68.519997,3.650000,0.420000,260.059998,33.639999,61713.390625,36.25,99.19,2.750000,CO,20639
0.590000,0.680000,0.250000,0.330000,0.110000,68.470001,2.130000,-0.240000,261.679993,31.740000,64225.250000,36.26,99.36,2.750000,CO,20640
0.740000,0.870000,0.380000,0.500000,0.110000,68.510002,1.200000,-0.360000,263.209991,30.820000,66698.578125,36.27,99.52,2.750000,CO,20641
0.920000,1.080000,0.520000,0.660000,0.120000,68.410004,1.150000,-0.910000,265.070007,29.280001,69518.281250,36.27,99.69,3.000000,CO,20642
1.000000,1.190000,0.600000,0.740000,0.120000,67.940002,1.720000,-1.650000,266.410004,28.950001,71264.406250,36.28,99.86,3.000000,CO,20643
0.960000,1.150000,0.620000,0.730000,0.120000,66.629997,2.000000,-1.780000,266.540009,31.049999,71099.773438,36.29,100.03,3.000000,CO,20644
0.950000,1.150000,0.630000,0.740000,0.130000,66.910004,1.760000,-1.990000,266.160004,33.799999,70258.476562,36.29,100.2,3.250000,CO,20645
1.030000,1.260000,0.680000,0.800000,0.130000,67.290001,1.160000,-1.960000,266.000000,34.660000,69993.796875,36.3,100.36,3.250000,CO,20646
1.420000,1.750000,0.950000,1.090000,0.140000,69.180000,0.820000,-1.810000,265.970001,36.020000,69899.679688,36.3,100.53,3.500000,CO,20647
1.780000,2.200000,1.360000,1.340000,0.140000,70.529999,0.660000,-1.430000,265.790009,37.520000,69598.046875,36.31,100.7,3.500000,CO,20648
2.640000,3.220000,1.970000,1.560000,0.160000,69.379997,0.380000,-1.120000,265.109985,37.590000,69211.773438,36.31,100.87,4.000000,CO,20649
4.290000,5.620000,3.300000,1.900000,0.220000,68.680000,1.060000,-1.230000,263.049988,39.279999,66566.976562,36.32,101.04,6.128572,PM2.5,20650
7.000000,10.390000,6.580000,2.630000,0.320000,66.779999,2.640000,-1.480000,260.390015,42.049999,63269.679688,36.32,101.21,10.390000,PM10,20651
12.570000,21.040001,11.210000,4.400000,0.480000,63.349998,2.760000,-0.840000,261.339996,39.849998,64574.011719,36.33,101.38,21.040001,PM10,20652
24.000000,43.119999,15.830000,8.240000,0.790000,56.160000,1.660000,-0.460000,263.700012,36.959999,68462.203125,36.33,101.54,43.119999,PM10,20653
32.709999,57.029999,18.379999,11.450000,1.040000,50.840000,0.810000,-0.170000,264.700012,35.700001,70815.148438,36.34,101.71,53.514999,PM10,20654
38.110001,63.200001,18.610001,13.340000,1.170000,47.790001,0.100000,-0.290000,264.920013,35.000000,71958.773438,36.34,101.88,56.599998,PM10,20655
41.430000,64.739998,17.860001,14.060000,1.240000,46.110001,-0.080000,0.170000,265.239990,33.930000,72417.640625,36.35,102.05,58.037498,PM2.5,20656
41.230000,58.799999,17.299999,14.430000,1.180000,44.380001,0.240000,0.500000,265.350006,33.830002,72213.351562,36.35,102.22,57.787498,PM2.5,20657
40.459999,52.480000,17.990000,15.050000,1.020000,42.500000,-0.020000,0.520000,266.040009,34.650002,73471.367188,36.35,102.39,56.824997,PM2.5,20658
39.869999,48.299999,19.850000,16.650000,0.830000,39.759998,-0.360000,0.040000,267.859985,34.049999,76991.960938,36.36,102.55,56.087498,PM2.5,20659
43.680000,60.150002,22.490000,22.520000,1.010000,35.060001,-0.300000,-0.330000,269.549988,32.130001,79976.273438,36.36,102.72,60.849998,PM2.5,20660
0.580000,0.620000,0.060000,0.100000,0.120000,65.750000,11.360000,0.800000,253.809998,38.480000,53257.789062,35.64,89.82,3.000000,CO,20829
0.580000,0.620000,0.070000,0.100000,0.120000,65.029999,10.990000,1.100000,255.169998,34.430000,54179.878906,35.65,89.98,3.000000,CO,20830
0.580000,0.620000,0.070000,0.100000,0.120000,64.620003,10.520000,1.070000,255.649994,33.040001,54594.800781,35.67,90.15,3.000000,CO,20831
0.580000,0.620000,0.070000,0.100000,0.120000,64.330002,10.400000,0.940000,255.580002,32.939999,54662.750000,35.69,90.31,3.000000,CO,20832
0.580000,0.620000,0.070000,0.090000,0.120000,64.199997,10.410000,0.460000,255.289993,33.330002,54537.171875,35.71,90.48,3.000000,CO,20833
0.570000,0.620000,0.070000,0.090000,0.120000,64.150002,10.720000,-0.000000,254.610001,34.939999,54122.089844,35.73,90.65,3.000000,CO,20834
0.580000,0.620000,0.070000,0.090000,0.120000,64.580002,11.410000,-0.170000,254.240005,35.840000,53828.390625,35.75,90.81,3.000000,CO,20835
0.580000,0.620000,0.070000,0.090000,0.120000,64.849998,11.510000,0.050000,254.809998,34.529999,54230.628906,35.77,90.98,3.000000,CO,20836
0.580000,0.620000,0.070000,0.100000,0.120000,64.790001,10.320000,0.450000,255.679993,32.880001,54989.339844,35.78,91.14,3.000000,CO,20837
0.580000,0.620000,0.070000,0.100000,0.120000,63.889999,8.950000,0.920000,255.550003,33.880001,55131.421875,35.8,91.31,3.000000,CO,20838
0.580000,0.620000,0.070000,0.100000,0.120000,64.230003,8.600000,1.230000,254.960007,36.180000,54859.679688,35.82,91.48,3.000000,CO,20839
0.580000,0.620000,0.070000,0.090000,0.120000,64.489998,9.110000,1.160000,254.490005,38.230000,54471.710938,35.84,91.64,3.000000,CO,20840
0.580000,0.620000,0.080000,0.090000,0.120000,64.769997,10.610000,1.000000,254.429993,38.169998,54138.578125,35.85,91.81,3.000000,CO,20841
0.580000,0.630000,0.080000,0.100000,0.120000,64.410004,11.840000,1.190000,256.869995,31.870001,55765.691406,35.87,91.97,3.000000,CO,20842
0.580000,0.630000,0.080000,0.100000,0.120000,63.849998,10.710000,1.020000,259.309998,27.360001,57800.480469,35.89,92.14,3.000000,CO,20843
0.590000,0.630000,0.080000,0.100000,0.120000,64.089996,9.190000,0.390000,257.850006,31.020000,56890.039062,35.9,92.31,3.000000,CO,20844
0.600000,0.640000,0.080000,0.100000,0.120000,64.379997,9.810000,-0.480000,256.109985,35.310001,55455.109375,35.92,92.47,3.000000,CO,20845
0.610000,0.650000,0.080000,0.100000,0.120000,63.740002,10.500000,-1.170000,257.179993,32.990002,56071.128906,35.93,92.64,3.000000,CO,20846
0.620000,0.660000,0.080000,0.100000,0.120000,63.119999,9.420000,-0.900000,257.670013,33.160000,56620.289062,35.95,92.81,3.000000,CO,20847
0.620000,0.670000,0.090000,0.100000,0.120000,63.410000,8.410000,-0.000000,256.899994,36.270000,56176.738281,35.96,92.97,3.000000,CO,20848
0.630000,0.680000,0.090000,0.100000,0.120000,63.070000,7.920000,-0.460000,257.390015,36.540001,56681.699219,35.98,93.14,3.000000,CO,20849
0.630000,0.690000,0.090000,0.110000,0.120000,63.680000,7.380000,-0.910000,258.119995,36.189999,57509.980469,36.0,93.31,3.000000,CO,20850
0.630000,0.680000,0.090000,0.110000,0.120000,63.419998,7.500000,-0.030000,257.929993,37.209999,57369.480469,36.01,93.47,3.000000,CO,20851
0.630000,0.680000,0.090000,0.110000,0.120000,63.240002,8.510000,-0.120000,257.450012,38.360001,56863.851562,36.02,93.64,3.000000,CO,20852
0.630000,0.690000,0.090000,0.110000,0.120000,63.040001,9.320000,-0.730000,257.989990,36.169998,56991.660156,36.04,93.81,3.000000,CO,20853
0.640000,0.690000,0.100000,0.110000,0.120000,61.840000,8.350000,-1.190000,258.880005,34.320000,57679.468750,36.05,93.98,3.000000,CO,20854
0.640000,0.700000,0.100000,0.120000,0.120000,61.509998,6.820000,-1.050000,259.179993,33.919998,58198.140625,36.07,94.14,3.000000,CO,20855
0.650000,0.700000,0.100000,0.130000,0.120000,60.889999,7.360000,-1.290000,259.390015,33.619999,58501.628906,36.08,94.31,3.000000,CO,20856
0.710000,0.790000,0.140000,0.170000,0.120000,59.689999,6.920000,-0.430000,260.920013,31.350000,59964.898438,36.09,94.48,3.000000,CO,20857
1.200000,1.380000,0.330000,0.430000,0.120000,58.540001,3.480000,0.000000,264.679993,27.200001,64788.691406,36.11,94.64,3.000000,CO,20858
1.860000,2.210000,0.630000,0.880000,0.130000,62.090000,0.800000,0.790000,266.079987,25.629999,67620.937500,36.12,94.81,3.250000,CO,20859
1.170000,1.360000,0.350000,0.550000,0.120000,61.279999,2.710000,3.220000,262.920013,29.490000,63658.820312,36.13,94.98,3.000000,CO,20860
1.130000,1.310000,0.330000,0.510000,0.120000,61.150002,6.400000,3.250000,261.540009,31.059999,61392.640625,36.15,95.15,3.000000,CO,20861
1.220000,1.420000,0.360000,0.550000,0.120000,60.080002,6.600000,0.670000,263.510010,28.799999,63503.968750,36.16,95.31,3.000000,CO,20862
1.220000,1.420000,0.360000,0.540000,0.120000,59.060001,5.440000,-0.450000,263.410004,31.059999,64244.421875,36.17,95.48,3.000000,CO,20863
1.160000,1.340000,0.340000,0.500000,0.120000,58.439999,5.220000,-0.020000,262.760010,33.570000,64039.820312,36.18,95.65,3.000000,CO,20864
1.060000,1.230000,0.300000,0.440000,0.110000,58.340000,5.100000,1.250000,262.959991,33.500000,64386.718750,36.19,95.82,2.750000,CO,20865
0.970000,1.110000,0.260000,0.380000,0.110000,58.509998,5.530000,2.530000,262.589996,33.650002,63693.519531,36.21,95.98,2.750000,CO,20866
0.890000,1.020000,0.240000,0.340000,0.110000,57.860001,5.090000,1.700000,263.589996,32.520000,64702.039062,36.22,96.15,2.750000,CO,20867
0.800000,0.910000,0.210000,0.310000,0.110000,57.279999,2.640000,-0.430000,265.170013,32.400002,67663.296875,36.23,96.32,2.750000,CO,20868
0.750000,0.850000,0.210000,0.280000,0.120000,59.009998,0.720000,-0.340000,265.529999,34.459999,69162.507812,36.24,96.49,3.000000,CO,20869
0.720000,0.820000,0.200000,0.270000,0.120000,60.650002,0.290000,0.100000,266.160004,34.340000,70409.929688,36.25,96.66,3.000000,CO,20870
0.740000,0.830000,0.220000,0.300000,0.120000,63.830002,0.260000,-0.350000,267.209991,32.910000,72124.882812,36.26,96.82,3.000000,CO,20871
0.740000,0.840000,0.230000,0.310000,0.120000,66.419998,0.130000,-0.180000,267.709991,32.860001,73018.382812,36.27,96.99,3.000000,CO,20872
0.770000,0.870000,0.240000,0.330000,0.120000,68.000000,0.160000,-0.010000,267.570007,34.320000,73154.507812,36.28,97.16,3.000000,CO,20873
0.790000,0.890000,0.250000,0.350000,0.120000,68.449997,0.340000,-0.020000,267.209991,36.700001,72911.460938,36.29,97.33,3.000000,CO,20874
0.770000,0.870000,0.240000,0.360000,0.120000,67.870003,0.090000,-0.040000,267.160004,37.150002,72581.117188,36.3,97.5,3.000000,CO,20875
0.780000,0.890000,0.230000,0.380000,0.120000,66.019997,-0.530000,0.780000,267.250000,34.660000,72022.023438,36.31,97.66,3.000000,CO,20876
0.820000,0.940000,0.240000,0.440000,0.120000,64.680000,-0.570000,2.000000,266.670013,33.930000,70600.671875,36.32,97.83,3.000000,CO,20877
0.790000,0.900000,0.220000,0.500000,0.120000,63.349998,-0.050000,2.890000,265.809998,33.919998,69176.382812,36.33,98.0,3.000000,CO,20878
0.740000,0.840000,0.210000,0.500000,0.110000,65.870003,0.180000,3.020000,264.679993,34.840000,67742.007812,36.34,98.17,2.750000,CO,20879
0.550000,0.610000,0.130000,0.330000,0.110000,67.449997,0.510000,3.140000,262.850006,37.889999,65395.140625,36.35,98.34,2.750000,CO,20880
0.500000,0.560000,0.120000,0.280000,0.110000,67.839996,1.360000,3.370000,260.910004,41.049999,63179.269531,36.35,98.5,2.750000,CO,20881
0.470000,0.530000,0.110000,0.240000,0.110000,68.389999,2.810000,3.510000,259.609985,42.310001,61637.109375,36.36,98.67,2.750000,CO,20882
0.470000,0.530000,0.120000,0.220000,0.100000,68.320000,4.190000,2.880000,258.589996,41.900002,60409.988281,36.37,98.84,2.500000,CO,20883
0.530000,0.600000,0.180000,0.240000,0.110000,68.470001,4.180000,1.350000,259.570007,36.720001,61431.968750,36.38,99.01,2.750000,CO,20884
0.690000,0.800000,0.320000,0.400000,0.110000,68.099998,2.210000,0.120000,262.839996,30.240000,65826.546875,36.39,99.18,2.750000,CO,20885
1.000000,1.190000,0.610000,0.760000,0.120000,68.589996,0.230000,-0.470000,264.600006,29.350000,69157.812500,36.39,99.35,3.000000,CO,20886
1.040000,1.240000,0.680000,0.830000,0.120000,68.660004,-0.190000,-0.910000,265.170013,29.969999,70213.476562,36.4,99.51,3.000000,CO,20887
0.990000,1.170000,0.660000,0.800000,0.120000,68.500000,0.350000,-1.700000,265.339996,30.840000,70129.828125,36.41,99.68,3.000000,CO,20888
0.930000,1.120000,0.630000,0.760000,0.120000,68.610001,1.260000,-2.430000,265.000000,32.380001,68938.843750,36.41,99.85,3.000000,CO,20889
0.840000,1.030000,0.610000,0.690000,0.120000,68.699997,1.580000,-2.350000,264.720001,34.950001,68085.171875,36.42,100.02,3.000000,CO,20890
0.830000,1.020000,0.590000,0.680000,0.130000,69.650002,1.490000,-2.560000,264.109985,38.680000,67315.523438,36.43,100.19,3.250000,CO,20891
0.910000,1.120000,0.610000,0.740000,0.130000,70.269997,1.450000,-2.660000,263.799988,40.110001,67124.343750,36.43,100.36,3.250000,CO,20892
1.300000,1.630000,0.860000,1.030000,0.140000,73.199997,1.690000,-2.930000,263.589996,42.900002,66617.976562,36.44,100.53,3.500000,CO,20893
1.630000,2.080000,1.310000,1.270000,0.150000,74.830002,2.010000,-2.800000,263.459991,44.770000,66315.117188,36.44,100.69,3.750000,CO,20894
2.520000,3.200000,2.190000,1.500000,0.170000,73.199997,1.710000,-2.100000,263.200012,41.939999,66514.296875,36.45,100.86,4.250000,CO,20895
5.350000,7.620000,5.100000,2.190000,0.260000,71.029999,1.560000,-1.300000,261.799988,39.720001,65045.449219,36.46,101.03,7.642857,PM2.5,20896
11.060000,18.670000,11.660000,3.910000,0.440000,67.389999,1.850000,-0.660000,261.239990,38.330002,64725.511719,36.46,101.2,18.670000,PM10,20897
22.959999,43.869999,20.040001,8.010000,0.760000,58.880001,1.700000,-0.980000,262.980011,36.330002,67711.070312,36.46,101.37,43.869999,PM10,20898
43.459999,86.199997,28.930000,16.150000,1.310000,46.689999,1.000000,-0.890000,264.929993,34.820000,71183.046875,36.47,101.54,68.099998,PM10,20899
53.459999,100.269997,31.610001,22.370001,1.600000,37.470001,-0.170000,0.700000,265.609985,33.570000,72738.140625,36.47,101.71,75.134995,PM10,20900
55.060001,98.070000,29.959999,24.350000,1.690000,33.630001,-0.920000,0.650000,265.839996,33.320000,73902.796875,36.48,101.88,75.075005,PM2.5,20901
53.450001,89.300003,24.820000,21.920000,1.630000,34.270000,-0.940000,-0.020000,267.089996,31.440001,75967.953125,36.48,102.04,73.062500,PM2.5,20902
48.599998,73.019997,18.820000,18.270000,1.440000,37.389999,-1.230000,-0.290000,268.720001,29.440001,78038.921875,36.49,102.21,67.000000,PM2.5,20903
43.169998,57.349998,15.610000,16.110001,1.160000,39.029999,-1.520000,-0.230000,268.959991,29.770000,78477.500000,36.49,102.38,60.212498,PM2.5,20904
39.980000,52.330002,16.049999,16.559999,0.970000,39.750000,-0.770000,-0.560000,267.640015,33.110001,76912.953125,36.49,102.55,56.224998,PM2.5,20905
42.509998,63.619999,18.559999,22.420000,1.130000,35.840000,-0.110000,-0.990000,268.190002,32.660000,77704.382812,36.49,102.72,59.387497,PM2.5,20906
0.630000,0.670000,0.070000,0.100000,0.120000,64.410004,11.520000,1.480000,254.550003,35.860001,53890.929688,35.77,89.79,3.000000,CO,21076
0.630000,0.680000,0.070000,0.100000,0.120000,64.779999,10.650000,0.860000,255.369995,33.560001,54579.660156,35.79,89.96,3.000000,CO,21077
0.630000,0.680000,0.080000,0.100000,0.120000,64.879997,9.900000,0.610000,255.070007,34.180000,54506.191406,35.81,90.12,3.000000,CO,21078
0.630000,0.670000,0.080000,0.100000,0.120000,64.349998,9.860000,0.820000,255.110001,33.930000,54578.570312,35.83,90.29,3.000000,CO,21079
0.630000,0.670000,0.080000,0.100000,0.120000,64.209999,9.810000,0.890000,254.710007,34.799999,54313.011719,35.85,90.46,3.000000,CO,21080
0.630000,0.670000,0.080000,0.100000,0.120000,64.889999,10.430000,0.540000,253.139999,38.720001,53055.261719,35.86,90.62,3.000000,CO,21081
0.630000,0.670000,0.080000,0.100000,0.120000,65.830002,11.890000,-0.280000,251.960007,42.009998,51962.460938,35.88,90.79,3.000000,CO,21082
0.640000,0.680000,0.080000,0.100000,0.120000,66.930000,12.430000,-0.920000,253.089996,38.700001,52594.660156,35.9,90.95,3.000000,CO,21083
0.640000,0.690000,0.080000,0.100000,0.120000,65.900002,11.060000,-0.650000,255.339996,33.389999,54294.839844,35.92,91.12,3.000000,CO,21084
0.650000,0.700000,0.080000,0.100000,0.120000,64.730003,9.400000,0.040000,255.839996,33.000000,54880.058594,35.94,91.29,3.000000,CO,21085
0.650000,0.700000,0.080000,0.100000,0.120000,63.869999,8.860000,0.650000,255.369995,35.110001,54773.210938,35.95,91.45,3.000000,CO,21086
0.650000,0.700000,0.080000,0.100000,0.120000,63.549999,9.080000,1.400000,255.259995,36.450001,54911.601562,35.97,91.62,3.000000,CO,21087
0.650000,0.700000,0.090000,0.100000,0.120000,64.209999,10.000000,1.670000,255.270004,37.119999,54883.878906,35.99,91.79,3.000000,CO,21088
0.650000,0.700000,0.090000,0.100000,0.120000,64.150002,10.900000,0.570000,256.589996,33.880001,55768.039062,36.0,91.95,3.000000,CO,21089
0.660000,0.710000,0.090000,0.110000,0.120000,65.459999,10.330000,-0.450000,258.470001,30.389999,57300.121094,36.02,92.12,3.000000,CO,21090
0.660000,0.710000,0.080000,0.110000,0.120000,65.849998,9.180000,0.380000,258.320007,31.410000,57340.429688,36.04,92.29,3.000000,CO,21091
0.660000,0.710000,0.080000,0.110000,0.120000,65.820000,9.170000,0.980000,257.239990,34.259998,56468.500000,36.05,92.45,3.000000,CO,21092
0.670000,0.720000,0.080000,0.110000,0.120000,65.879997,9.540000,-0.150000,257.070007,35.450001,56272.671875,36.07,92.62,3.000000,CO,21093
0.680000,0.730000,0.090000,0.110000,0.120000,64.610001,8.670000,-1.140000,257.500000,36.009998,56732.199219,36.08,92.79,3.000000,CO,21094
0.680000,0.730000,0.090000,0.110000,0.120000,64.379997,6.810000,-0.660000,257.390015,38.790001,56987.148438,36.1,92.95,3.000000,CO,21095
0.680000,0.730000,0.100000,0.110000,0.120000,64.750000,6.380000,-0.800000,256.250000,43.090000,56178.210938,36.12,93.12,3.000000,CO,21096
0.680000,0.730000,0.100000,0.110000,0.120000,64.639999,8.060000,-0.450000,256.209991,42.669998,55749.140625,36.13,93.29,3.000000,CO,21097
0.670000,0.730000,0.100000,0.110000,0.120000,63.110001,8.820000,0.350000,257.920013,37.410000,56847.828125,36.15,93.46,3.000000,CO,21098
0.660000,0.720000,0.100000,0.110000,0.120000,61.990002,8.430000,0.400000,258.730011,35.060001,57503.550781,36.16,93.62,3.000000,CO,21099
0.660000,0.720000,0.100000,0.120000,0.120000,60.910000,8.070000,-0.190000,259.670013,32.930000,58296.781250,36.17,93.79,3.000000,CO,21100
0.670000,0.730000,0.110000,0.130000,0.120000,59.259998,6.360000,-0.600000,262.119995,29.260000,61118.339844,36.19,93.96,3.000000,CO,21101
0.700000,0.780000,0.130000,0.150000,0.120000,59.169998,4.610000,0.360000,263.660004,28.129999,63746.261719,36.2,94.13,3.000000,CO,21102
0.710000,0.790000,0.140000,0.160000,0.120000,58.680000,5.690000,1.010000,262.959991,29.830000,63363.988281,36.22,94.29,3.000000,CO,21103
0.810000,0.900000,0.170000,0.200000,0.120000,57.970001,6.190000,0.140000,263.250000,30.200001,63612.800781,36.23,94.46,3.000000,CO,21104
1.770000,2.080000,0.560000,0.640000,0.130000,57.060001,3.180000,-1.010000,265.989990,29.309999,67998.312500,36.24,94.63,3.250000,CO,21105
7.170000,8.780000,2.980000,4.070000,0.170000,58.330002,1.130000,-0.210000,266.670013,30.570000,70373.562500,36.26,94.8,10.242857,PM2.5,21106
5.060000,6.200000,2.100000,3.030000,0.150000,58.480000,2.320000,2.500000,266.260010,28.660000,68884.117188,36.27,94.96,7.228571,PM2.5,21107
3.560000,4.320000,1.400000,2.020000,0.140000,58.490002,3.390000,1.360000,266.450012,28.469999,68834.359375,36.28,95.13,5.085714,PM2.5,21108
2.990000,3.600000,1.140000,1.610000,0.130000,58.290001,2.660000,-0.510000,266.470001,30.400000,69806.226562,36.29,95.3,4.271429,PM2.5,21109
2.430000,2.910000,0.890000,1.240000,0.130000,58.349998,1.970000,-0.050000,265.920013,32.240002,69645.882812,36.31,95.47,3.471429,PM2.5,21110
1.880000,2.230000,0.660000,0.930000,0.120000,58.700001,2.100000,0.440000,265.739990,32.730000,69398.609375,36.32,95.63,3.000000,CO,21111
1.450000,1.710000,0.480000,0.710000,0.120000,58.759998,2.230000,0.710000,266.160004,31.910000,69803.023438,36.33,95.8,3.000000,CO,21112
1.110000,1.290000,0.360000,0.540000,0.120000,58.599998,1.620000,1.160000,266.600006,31.370001,70312.609375,36.34,95.97,3.000000,CO,21113
0.990000,1.140000,0.320000,0.490000,0.120000,60.060001,0.500000,0.250000,266.950012,31.730000,71385.046875,36.35,96.14,3.000000,CO,21114
1.050000,1.210000,0.330000,0.610000,0.130000,62.529999,-0.570000,-0.040000,267.149994,32.750000,72315.632812,36.36,96.31,3.250000,CO,21115
0.980000,1.120000,0.320000,0.550000,0.130000,64.919998,-1.040000,0.180000,266.929993,34.740002,72750.117188,36.38,96.47,3.250000,CO,21116
0.820000,0.930000,0.290000,0.380000,0.130000,67.099998,-0.990000,-0.270000,267.019989,35.459999,73341.117188,36.39,96.64,3.250000,CO,21117
0.780000,0.880000,0.300000,0.300000,0.130000,69.730003,-0.970000,-0.610000,267.079987,36.340000,73640.718750,36.4,96.81,3.250000,CO,21118
0.760000,0.860000,0.310000,0.280000,0.130000,70.199997,-0.970000,-0.650000,267.170013,36.459999,73464.546875,36.41,96.98,3.250000,CO,21119
0.750000,0.850000,0.320000,0.270000,0.130000,70.410004,-0.660000,-0.540000,267.000000,35.919998,73173.929688,36.42,97.15,3.250000,CO,21120
0.730000,0.830000,0.310000,0.290000,0.120000,70.620003,-0.510000,-0.330000,266.899994,36.080002,72965.187500,36.43,97.32,3.000000,CO,21121
0.730000,0.830000,0.290000,0.330000,0.120000,68.379997,-0.610000,0.090000,266.869995,35.880001,72709.609375,36.44,97.48,3.000000,CO,21122
0.730000,0.830000,0.250000,0.360000,0.120000,67.260002,-0.750000,0.860000,267.040009,34.009998,72088.601562,36.45,97.65,3.000000,CO,21123
0.760000,0.870000,0.240000,0.410000,0.120000,65.870003,-0.940000,1.690000,266.850006,33.360001,71234.937500,36.46,97.82,3.000000,CO,21124
0.840000,0.970000,0.250000,0.510000,0.120000,65.010002,-0.800000,2.170000,265.829987,34.040001,69714.859375,36.46,97.99,3.000000,CO,21125
0.850000,0.980000,0.250000,0.560000,0.120000,67.940002,-0.490000,2.300000,264.600006,35.650002,68065.226562,36.47,98.16,3.000000,CO,21126
0.560000,0.640000,0.150000,0.370000,0.110000,68.379997,0.070000,2.680000,263.470001,36.709999,66544.117188,36.48,98.33,2.750000,CO,21127
0.510000,0.580000,0.140000,0.320000,0.110000,69.139999,0.980000,3.070000,261.579987,39.889999,64236.421875,36.49,98.49,2.750000,CO,21128
0.510000,0.570000,0.150000,0.300000,0.110000,68.750000,1.890000,3.220000,260.059998,42.349998,62610.359375,36.5,98.66,2.750000,CO,21129
0.520000,0.590000,0.170000,0.300000,0.110000,68.529999,2.970000,2.890000,259.690002,41.439999,62302.488281,36.51,98.83,2.750000,CO,21130
0.580000,0.660000,0.230000,0.320000,0.110000,68.360001,3.090000,1.950000,261.660004,34.000000,64318.578125,36.51,99.0,2.750000,CO,21131
0.860000,1.010000,0.540000,0.620000,0.120000,68.680000,1.520000,-0.380000,264.070007,30.400000,68453.367188,36.52,99.17,3.000000,CO,21132
1.070000,1.270000,0.750000,0.890000,0.120000,69.250000,0.220000,-1.820000,265.220001,30.180000,70546.359375,36.53,99.34,3.000000,CO,21133
1.000000,1.200000,0.720000,0.850000,0.120000,69.089996,-0.010000,-2.330000,265.010010,31.000000,69603.609375,36.54,99.51,3.000000,CO,21134
0.920000,1.100000,0.660000,0.770000,0.120000,69.589996,0.490000,-2.320000,262.880005,35.270000,66476.796875,36.54,99.67,3.000000,CO,21135
0.850000,1.030000,0.620000,0.720000,0.120000,70.680000,1.520000,-2.130000,261.149994,40.200001,64454.039062,36.55,99.84,3.000000,CO,21136
0.740000,0.930000,0.580000,0.620000,0.120000,72.139999,2.030000,-2.550000,262.850006,41.099998,66033.601562,36.56,100.01,3.000000,CO,21137
0.700000,0.890000,0.530000,0.580000,0.130000,73.800003,1.920000,-2.670000,264.109985,42.389999,67276.250000,36.56,100.18,3.250000,CO,21138
0.730000,0.930000,0.530000,0.610000,0.130000,74.650002,2.060000,-2.810000,263.959991,43.430000,67221.359375,36.57,100.35,3.250000,CO,21139
0.700000,0.930000,0.620000,0.590000,0.130000,80.400002,2.300000,-3.600000,265.149994,46.250000,67604.171875,36.57,100.52,3.250000,CO,21140
1.160000,1.540000,1.280000,0.960000,0.140000,81.080002,2.170000,-3.420000,265.239990,46.000000,67667.242188,36.58,100.69,3.500000,CO,21141
3.700000,4.790000,3.620000,1.930000,0.190000,74.879997,1.580000,-1.990000,262.410004,41.529999,65716.617188,36.59,100.86,5.285714,PM2.5,21142
9.930000,15.250000,9.830000,3.450000,0.380000,70.610001,0.870000,-0.700000,261.540009,37.000000,65182.410156,36.59,101.03,15.250000,PM10,21143
27.680000,51.099998,25.700001,8.890000,0.890000,57.660000,0.220000,-0.210000,263.510010,34.009998,68698.226562,36.6,101.19,50.549999,PM10,21144
48.630001,98.620003,42.119999,16.770000,1.470000,45.259998,-0.100000,-0.870000,265.260010,32.259998,72039.820312,36.6,101.36,74.309998,PM10,21145
78.410004,161.470001,54.580002,29.450001,2.250000,30.209999,-0.390000,-1.030000,266.820007,30.230000,74643.328125,36.61,101.53,105.735001,PM10,21146
86.750000,170.660004,52.720001,38.150002,2.630000,22.620001,-1.110000,0.480000,267.390015,29.530001,75999.679688,36.61,101.7,114.687500,PM2.5,21147
83.110001,152.919998,48.119999,37.290001,2.670000,22.549999,-1.590000,1.260000,266.929993,31.010000,75907.679688,36.61,101.87,110.137497,PM2.5,21148
68.029999,116.930000,32.400002,26.910000,2.150000,28.900000,-1.680000,0.270000,266.630005,30.690001,75181.648438,36.62,102.04,91.287498,PM2.5,21149
49.639999,76.410004,18.190001,17.240000,1.510000,38.490002,-1.730000,-0.560000,266.239990,31.610001,74248.960938,36.62,102.21,68.300003,PM2.5,21150
38.240002,51.419998,13.050000,13.760000,1.050000,42.340000,-1.280000,-0.490000,265.529999,33.790001,73368.742188,36.62,102.38,54.050003,PM2.5,21151
33.160000,43.650002,12.820000,14.270000,0.820000,42.910000,-0.450000,-0.100000,264.709991,36.590000,72458.203125,36.63,102.55,47.371429,PM2.5,21152
0.700000,0.750000,0.080000,0.110000,0.120000,64.410004,10.480000,2.010000,254.919998,34.950001,54494.558594,35.88,89.6,3.000000,CO,21322
0.690000,0.740000,0.080000,0.110000,0.120000,64.400002,10.280000,1.460000,254.580002,35.869999,54294.390625,35.9,89.77,3.000000,CO,21323
0.690000,0.740000,0.080000,0.110000,0.120000,64.190002,9.800000,0.710000,254.119995,37.169998,54008.480469,35.92,89.93,3.000000,CO,21324
0.690000,0.740000,0.080000,0.110000,0.120000,64.300003,10.030000,0.640000,254.009995,37.310001,53838.300781,35.94,90.1,3.000000,CO,21325
0.690000,0.740000,0.080000,0.110000,0.120000,64.139999,10.320000,0.910000,254.839996,35.020000,54385.609375,35.96,90.27,3.000000,CO,21326
0.690000,0.740000,0.090000,0.100000,0.120000,63.990002,9.780000,1.290000,254.899994,34.930000,54534.671875,35.98,90.43,3.000000,CO,21327
0.690000,0.740000,0.090000,0.100000,0.120000,64.790001,9.450000,1.790000,253.639999,38.290001,53701.449219,36.0,90.6,3.000000,CO,21328
0.690000,0.740000,0.090000,0.100000,0.120000,66.389999,10.380000,1.420000,251.809998,43.599998,52154.378906,36.02,90.77,3.000000,CO,21329
0.720000,0.770000,0.100000,0.110000,0.120000,67.150002,11.560000,-0.900000,252.979996,40.770000,52494.351562,36.05,91.1,3.000000,CO,21331
0.730000,0.780000,0.100000,0.110000,0.120000,66.629997,10.200000,-0.460000,254.729996,36.900002,53834.578125,36.07,91.27,3.000000,CO,21332
0.730000,0.780000,0.100000,0.110000,0.120000,66.089996,9.620000,0.080000,254.929993,37.340000,54103.210938,36.09,91.43,3.000000,CO,21333
0.730000,0.780000,0.100000,0.110000,0.120000,65.669998,9.720000,0.300000,255.029999,38.020000,54332.480469,36.11,91.6,3.000000,CO,21334
0.720000,0.780000,0.100000,0.110000,0.120000,66.959999,9.670000,0.350000,255.380005,38.169998,54801.789062,36.12,91.77,3.000000,CO,21335
0.730000,0.780000,0.100000,0.110000,0.120000,67.860001,9.880000,-0.180000,255.419998,38.869999,54923.109375,36.14,91.93,3.000000,CO,21336
0.730000,0.790000,0.100000,0.110000,0.120000,66.989998,10.620000,-0.400000,256.630005,36.720001,55757.539062,36.16,92.1,3.000000,CO,21337
0.730000,0.780000,0.100000,0.120000,0.120000,66.870003,10.030000,0.190000,259.450012,30.910000,57949.191406,36.17,92.27,3.000000,CO,21338
0.730000,0.780000,0.090000,0.120000,0.120000,65.050003,7.580000,0.480000,260.170013,30.830000,59059.929688,36.19,92.43,3.000000,CO,21339
0.720000,0.770000,0.100000,0.120000,0.120000,63.639999,5.990000,0.560000,257.989990,37.029999,57682.070312,36.2,92.6,3.000000,CO,21340
0.710000,0.770000,0.100000,0.120000,0.120000,62.759998,6.210000,-0.120000,256.519989,41.270000,56340.769531,36.22,92.77,3.000000,CO,21341
0.710000,0.770000,0.100000,0.120000,0.120000,64.720001,6.610000,-0.160000,256.739990,42.610001,56502.269531,36.23,92.94,3.000000,CO,21342
0.710000,0.760000,0.100000,0.110000,0.120000,63.820000,8.070000,1.000000,256.480011,43.580002,56198.601562,36.25,93.1,3.000000,CO,21343
0.700000,0.760000,0.100000,0.120000,0.120000,62.939999,9.510000,1.440000,258.140015,37.500000,56955.449219,36.27,93.27,3.000000,CO,21344
0.680000,0.740000,0.100000,0.120000,0.120000,59.799999,7.650000,0.390000,261.809998,29.700001,60413.210938,36.28,93.44,3.000000,CO,21345
0.670000,0.730000,0.110000,0.130000,0.120000,57.820000,5.370000,0.620000,263.720001,27.230000,63302.488281,36.29,93.61,3.000000,CO,21346
0.700000,0.770000,0.130000,0.150000,0.120000,56.259998,4.660000,0.430000,264.480011,27.230000,64919.378906,36.31,93.77,3.000000,CO,21347
0.870000,0.980000,0.210000,0.220000,0.120000,56.560001,3.280000,-0.260000,265.540009,28.150000,67414.328125,36.32,93.94,3.000000,CO,21348
1.190000,1.360000,0.350000,0.350000,0.120000,58.529999,1.740000,-0.330000,266.119995,31.059999,69854.093750,36.34,94.11,3.000000,CO,21349
1.460000,1.700000,0.470000,0.510000,0.130000,59.750000,1.750000,0.650000,266.079987,32.639999,70260.281250,36.35,94.28,3.250000,CO,21350
1.910000,2.250000,0.640000,0.720000,0.130000,59.349998,2.000000,0.400000,265.940002,33.759998,70171.960938,36.36,94.44,3.250000,CO,21351
5.690000,6.840000,2.120000,2.490000,0.150000,59.209999,1.080000,-0.740000,266.339996,35.860001,71470.203125,36.38,94.61,8.128572,PM2.5,21352
20.990000,25.940001,9.300000,13.020000,0.260000,52.029999,0.360000,-0.880000,266.250000,39.279999,72393.289062,36.39,94.78,29.985714,PM2.5,21353
12.150000,15.060000,5.330000,8.000000,0.200000,56.099998,0.450000,-0.450000,267.010010,35.189999,72669.648438,36.4,94.95,17.357141,PM2.5,21354
2.920000,3.520000,1.130000,1.700000,0.140000,62.810001,0.100000,-0.890000,267.049988,35.200001,72951.789062,36.42,95.12,4.171429,PM2.5,21355
1.970000,2.340000,0.730000,1.050000,0.130000,63.910000,-0.400000,-0.640000,266.720001,35.930000,72771.078125,36.43,95.28,3.250000,CO,21356
1.620000,1.900000,0.590000,0.810000,0.130000,63.849998,-0.430000,-0.110000,266.970001,35.080002,72894.351562,36.44,95.45,3.250000,CO,21357
1.260000,1.460000,0.450000,0.580000,0.130000,64.410004,-0.620000,-0.100000,267.290009,34.209999,73219.921875,36.45,95.62,3.250000,CO,21358
1.010000,1.160000,0.370000,0.430000,0.130000,65.709999,-1.240000,-0.220000,267.450012,34.110001,73414.367188,36.47,95.79,3.250000,CO,21359
0.910000,1.040000,0.350000,0.400000,0.130000,65.699997,-1.780000,-0.240000,267.549988,34.119999,73828.343750,36.48,95.96,3.250000,CO,21360
0.870000,0.980000,0.350000,0.420000,0.130000,67.040001,-2.180000,-0.170000,267.350006,34.880001,73933.671875,36.49,96.12,3.250000,CO,21361
0.900000,1.020000,0.360000,0.520000,0.130000,67.879997,-2.390000,-0.140000,266.950012,36.500000,73540.093750,36.5,96.29,3.250000,CO,21362
0.810000,0.920000,0.350000,0.430000,0.130000,69.059998,-2.240000,-0.160000,266.570007,37.330002,73396.406250,36.51,96.46,3.250000,CO,21363
0.720000,0.820000,0.360000,0.310000,0.130000,69.769997,-1.980000,-0.650000,266.290009,37.590000,73544.117188,36.52,96.63,3.250000,CO,21364
0.700000,0.800000,0.390000,0.300000,0.130000,70.129997,-1.910000,-0.930000,266.350006,36.730000,73566.320312,36.53,96.8,3.250000,CO,21365
0.700000,0.800000,0.420000,0.320000,0.120000,69.959999,-1.960000,-0.870000,266.410004,35.540001,73409.656250,36.54,96.97,3.000000,CO,21366
0.690000,0.790000,0.440000,0.350000,0.120000,69.629997,-1.990000,-0.680000,266.540009,34.259998,73208.140625,36.55,97.13,3.000000,CO,21367
0.670000,0.770000,0.440000,0.380000,0.120000,68.970001,-2.130000,-0.730000,266.720001,32.990002,73006.296875,36.56,97.3,3.000000,CO,21368
0.670000,0.760000,0.430000,0.420000,0.120000,68.699997,-2.230000,-0.600000,266.820007,32.160000,72652.601562,36.57,97.47,3.000000,CO,21369
0.650000,0.740000,0.350000,0.440000,0.120000,68.959999,-2.260000,-0.200000,266.730011,32.299999,72035.117188,36.58,97.64,3.000000,CO,21370
0.660000,0.760000,0.280000,0.480000,0.120000,68.059998,-2.190000,0.570000,266.450012,32.590000,71338.476562,36.59,97.81,3.000000,CO,21371
0.680000,0.780000,0.240000,0.480000,0.120000,67.639999,-1.870000,1.180000,265.570007,33.919998,69742.226562,36.6,97.98,3.000000,CO,21372
0.690000,0.790000,0.230000,0.480000,0.120000,70.349998,-1.330000,1.400000,264.049988,36.740002,67772.156250,36.61,98.15,3.000000,CO,21373
0.570000,0.640000,0.190000,0.390000,0.110000,70.160004,-0.680000,1.960000,262.750000,38.900002,66238.773438,36.62,98.32,2.750000,CO,21374
0.540000,0.620000,0.180000,0.360000,0.110000,69.970001,0.170000,2.650000,261.660004,40.529999,64797.460938,36.63,98.48,2.750000,CO,21375
0.540000,0.620000,0.200000,0.360000,0.110000,69.110001,1.350000,3.180000,260.869995,41.220001,64029.921875,36.63,98.65,2.750000,CO,21376
0.580000,0.660000,0.260000,0.390000,0.110000,69.099998,2.390000,2.530000,261.829987,36.759998,65095.238281,36.64,98.82,2.750000,CO,21377
0.800000,0.940000,0.550000,0.600000,0.110000,69.059998,1.700000,0.730000,264.179993,31.170000,68491.148438,36.65,98.99,2.750000,CO,21378
1.050000,1.240000,0.820000,0.850000,0.120000,69.150002,0.300000,-1.590000,264.910004,30.549999,70367.031250,36.66,99.16,3.000000,CO,21379
1.050000,1.260000,0.830000,0.940000,0.120000,70.320000,0.310000,-2.330000,264.260010,31.350000,68822.867188,36.66,99.33,3.000000,CO,21380
0.960000,1.150000,0.760000,0.850000,0.120000,70.370003,0.930000,-2.040000,262.079987,35.369999,65787.382812,36.67,99.5,3.000000,CO,21381
0.880000,1.060000,0.690000,0.760000,0.120000,70.959999,1.720000,-1.360000,260.329987,40.439999,63878.710938,36.68,99.67,3.000000,CO,21382
0.790000,0.980000,0.650000,0.690000,0.120000,72.970001,2.340000,-1.350000,261.850006,42.889999,65601.203125,36.69,99.84,3.000000,CO,21383
0.580000,0.790000,0.560000,0.490000,0.120000,78.849998,2.110000,-2.500000,265.329987,45.700001,68234.710938,36.69,100.0,3.000000,CO,21384
0.530000,0.730000,0.480000,0.440000,0.120000,80.050003,1.800000,-2.650000,266.250000,44.299999,68981.250000,36.7,100.17,3.000000,CO,21385
0.560000,0.740000,0.480000,0.470000,0.130000,80.720001,1.870000,-3.050000,266.279999,42.709999,68944.406250,36.7,100.34,3.250000,CO,21386
0.800000,1.020000,0.860000,0.750000,0.130000,80.970001,1.760000,-3.300000,266.709991,39.009998,69432.218750,36.71,100.51,3.250000,CO,21387
2.100000,2.680000,2.410000,1.740000,0.150000,78.610001,1.100000,-2.350000,266.029999,40.830002,68973.257812,36.72,100.68,3.750000,CO,21388
9.320000,12.500000,7.040000,4.040000,0.300000,68.209999,0.360000,-0.190000,262.910004,37.119999,67015.531250,36.72,100.85,13.314285,PM2.5,21389
17.129999,26.959999,14.850000,5.890000,0.550000,63.799999,-0.220000,0.540000,262.540009,33.639999,67416.328125,36.73,101.02,26.959999,PM10,21390
28.299999,52.180000,28.820000,9.570000,0.900000,56.130001,-0.530000,-0.370000,263.609985,31.430000,69722.250000,36.73,101.19,51.090000,PM10,21391
42.349998,86.330002,39.990002,15.050000,1.330000,49.150002,-0.550000,-0.850000,264.630005,29.510000,71247.281250,36.74,101.36,68.165001,PM10,21392
72.790001,152.169998,58.480000,28.650000,2.190000,33.669998,-0.290000,-0.530000,266.040009,28.040001,73359.890625,36.74,101.53,101.084999,PM10,21393
85.029999,171.380005,55.119999,38.270000,2.710000,24.639999,-0.270000,-0.260000,267.119995,26.580000,75384.656250,36.75,101.7,112.537498,PM2.5,21394
86.470001,161.639999,46.570000,38.220001,2.870000,23.760000,-0.940000,0.430000,267.049988,28.250000,75704.156250,36.75,101.87,114.337502,PM2.5,21395
60.220001,105.120003,25.709999,24.260000,1.980000,35.169998,-1.310000,0.210000,265.420013,30.610001,72696.882812,36.75,102.04,81.525002,PM2.5,21396
38.810001,60.860001,13.290000,14.100000,1.240000,45.930000,-0.700000,-0.360000,262.410004,36.029999,68350.773438,36.76,102.2,55.430000,PM10,21397
31.299999,42.980000,10.640000,11.770000,0.880000,47.340000,0.300000,0.250000,261.970001,38.900002,68088.617188,36.76,102.37,44.714283,PM2.5,21398
29.370001,40.919998,10.920000,13.170000,0.770000,44.459999,0.470000,0.830000,264.269989,36.849998,71689.710938,36.76,102.54,41.957146,PM2.5,21399
27.850000,42.779999,11.210000,17.820000,0.800000,42.549999,-0.180000,-0.170000,265.869995,35.419998,74414.179688,36.77,102.71,42.779999,PM10,21400
0.770000,0.830000,0.090000,0.110000,0.130000,66.699997,10.160000,1.570000,254.589996,36.660000,54658.980469,36.02,89.58,3.250000,CO,21568
0.770000,0.820000,0.090000,0.110000,0.130000,66.120003,9.660000,1.650000,254.720001,36.709999,54788.570312,36.04,89.74,3.250000,CO,21569
0.760000,0.820000,0.090000,0.110000,0.130000,66.730003,9.470000,1.620000,253.979996,38.849998,54172.339844,36.06,89.91,3.250000,CO,21570
0.760000,0.810000,0.090000,0.110000,0.130000,67.080002,10.150000,1.410000,253.639999,39.650002,53751.871094,36.08,90.08,3.250000,CO,21571
0.760000,0.810000,0.090000,0.110000,0.130000,67.660004,10.650000,0.960000,254.100006,38.529999,54016.109375,36.1,90.24,3.250000,CO,21572
0.760000,0.810000,0.090000,0.110000,0.130000,68.070000,10.450000,0.970000,254.449997,37.740002,54289.769531,36.11,90.41,3.250000,CO,21573
0.760000,0.810000,0.090000,0.110000,0.130000,66.639999,9.810000,1.610000,254.360001,38.680000,54508.390625,36.13,90.58,3.250000,CO,21574
0.780000,0.840000,0.100000,0.110000,0.120000,66.080002,10.830000,0.540000,254.509995,40.380001,54177.089844,36.21,91.24,3.000000,CO,21578
0.780000,0.840000,0.100000,0.110000,0.120000,65.430000,9.970000,0.760000,255.479996,38.570000,54990.730469,36.22,91.41,3.000000,CO,21579
0.770000,0.830000,0.110000,0.110000,0.120000,64.940002,9.760000,0.890000,255.039993,40.340000,54721.289062,36.24,91.58,3.000000,CO,21580
0.770000,0.830000,0.110000,0.110000,0.120000,64.879997,10.160000,0.760000,254.589996,42.009998,54323.488281,36.26,91.75,3.000000,CO,21581
0.770000,0.830000,0.110000,0.120000,0.120000,65.029999,10.810000,0.510000,255.089996,41.349998,54513.371094,36.27,91.91,3.000000,CO,21582
0.780000,0.840000,0.100000,0.120000,0.120000,66.120003,11.160000,0.240000,257.839996,34.959999,56533.000000,36.29,92.08,3.000000,CO,21583
0.780000,0.840000,0.100000,0.120000,0.120000,64.290001,9.250000,-0.930000,261.059998,29.549999,59350.179688,36.31,92.25,3.000000,CO,21584
0.760000,0.820000,0.100000,0.130000,0.120000,61.860001,5.680000,-0.990000,261.049988,32.049999,60436.238281,36.32,92.41,3.000000,CO,21585
0.740000,0.800000,0.100000,0.130000,0.120000,62.549999,4.080000,1.510000,260.200012,33.709999,60206.808594,36.34,92.58,3.000000,CO,21586
0.730000,0.790000,0.100000,0.130000,0.120000,63.000000,5.090000,2.030000,259.670013,34.240002,59624.750000,36.35,92.75,3.000000,CO,21587
0.720000,0.780000,0.100000,0.120000,0.120000,63.340000,7.390000,1.520000,259.000000,35.619999,58860.621094,36.37,92.92,3.000000,CO,21588
0.720000,0.780000,0.100000,0.120000,0.120000,62.799999,9.810000,2.270000,259.920013,33.389999,59314.289062,36.39,93.08,3.000000,CO,21589
0.700000,0.760000,0.100000,0.130000,0.120000,60.349998,8.960000,1.130000,263.209991,27.209999,62117.718750,36.4,93.25,3.000000,CO,21590
0.700000,0.760000,0.120000,0.150000,0.120000,56.250000,4.830000,-0.710000,265.399994,25.040001,65670.273438,36.42,93.42,3.000000,CO,21591
0.830000,0.920000,0.180000,0.210000,0.120000,56.110001,1.710000,-0.150000,265.809998,27.549999,68160.882812,36.43,93.59,3.000000,CO,21592
1.180000,1.340000,0.340000,0.350000,0.120000,59.270000,0.350000,-0.230000,265.619995,32.630001,69918.960938,36.44,93.76,3.000000,CO,21593
1.580000,1.830000,0.520000,0.520000,0.130000,63.500000,-0.190000,-0.720000,265.100006,39.919998,71297.906250,36.46,93.92,3.250000,CO,21594
1.810000,2.110000,0.640000,0.630000,0.130000,64.589996,-0.120000,-1.210000,264.829987,45.919998,72281.007812,36.47,94.09,3.250000,CO,21595
2.250000,2.660000,0.830000,0.860000,0.140000,64.650002,0.080000,-1.380000,265.140015,46.830002,73187.546875,36.49,94.26,3.500000,CO,21596
3.140000,3.740000,1.180000,1.340000,0.140000,63.439999,-0.130000,-0.880000,265.829987,43.830002,73644.601562,36.5,94.43,4.485714,PM2.5,21597
4.490000,5.380000,1.710000,2.100000,0.150000,62.049999,-0.330000,-0.390000,265.779999,44.200001,73312.148438,36.51,94.59,6.414285,PM2.5,21598
5.590000,6.830000,2.340000,3.270000,0.160000,61.759998,-0.390000,-0.510000,265.779999,45.310001,73077.796875,36.53,94.76,7.985714,PM2.5,21599
3.220000,3.950000,1.400000,1.960000,0.150000,62.900002,-0.650000,-0.870000,265.890015,44.700001,73275.398438,36.54,94.93,4.600000,PM2.5,21600
1.450000,1.710000,0.570000,0.740000,0.130000,64.269997,-1.000000,-0.780000,266.049988,43.540001,73418.789062,36.55,95.1,3.250000,CO,21601
1.190000,1.390000,0.470000,0.490000,0.130000,65.650002,-1.290000,-0.370000,266.089996,41.790001,73513.570312,36.56,95.27,3.250000,CO,21602
1.000000,1.160000,0.420000,0.380000,0.130000,66.690002,-1.670000,-0.180000,266.299988,40.599998,73638.812500,36.58,95.44,3.250000,CO,21603
0.850000,0.970000,0.380000,0.300000,0.130000,67.589996,-2.280000,-0.080000,266.500000,39.599998,73687.242188,36.59,95.6,3.250000,CO,21604
0.800000,0.910000,0.390000,0.290000,0.130000,67.940002,-2.790000,-0.040000,266.619995,39.029999,73682.296875,36.6,95.77,3.250000,CO,21605
0.780000,0.880000,0.400000,0.290000,0.130000,68.120003,-3.020000,-0.170000,266.649994,38.500000,73699.031250,36.61,95.94,3.250000,CO,21606
0.740000,0.850000,0.430000,0.330000,0.130000,68.760002,-3.030000,-0.250000,266.559998,37.689999,73729.812500,36.62,96.11,3.250000,CO,21607
0.720000,0.820000,0.460000,0.420000,0.130000,69.180000,-2.840000,-0.250000,266.350006,37.270000,73732.796875,36.64,96.28,3.250000,CO,21608
0.680000,0.780000,0.480000,0.400000,0.130000,69.500000,-2.520000,-0.540000,266.279999,36.180000,73760.382812,36.65,96.45,3.250000,CO,21609
0.670000,0.760000,0.530000,0.370000,0.130000,69.820000,-2.130000,-1.170000,266.339996,34.939999,73700.531250,36.66,96.62,3.250000,CO,21610
0.670000,0.770000,0.560000,0.380000,0.130000,70.220001,-1.660000,-1.600000,266.190002,34.939999,73426.960938,36.67,96.78,3.250000,CO,21611
0.690000,0.790000,0.590000,0.390000,0.130000,70.849998,-1.380000,-1.350000,266.140015,35.320000,73294.593750,36.68,96.95,3.250000,CO,21612
0.700000,0.810000,0.640000,0.430000,0.120000,71.019997,-1.640000,-1.080000,266.589996,32.439999,73132.906250,36.69,97.12,3.000000,CO,21613
0.700000,0.810000,0.670000,0.490000,0.120000,70.790001,-2.140000,-1.110000,266.910004,30.389999,72696.906250,36.7,97.29,3.000000,CO,21614
0.690000,0.800000,0.660000,0.550000,0.120000,70.300003,-2.500000,-1.060000,266.739990,29.850000,71821.492188,36.71,97.46,3.000000,CO,21615
0.650000,0.750000,0.510000,0.540000,0.120000,71.650002,-2.520000,-0.910000,266.000000,30.290001,70735.453125,36.72,97.63,3.000000,CO,21616
0.630000,0.730000,0.420000,0.560000,0.120000,72.129997,-2.510000,-0.370000,265.350006,31.660000,69895.398438,36.73,97.8,3.000000,CO,21617
0.660000,0.760000,0.380000,0.540000,0.120000,71.419998,-2.420000,0.110000,264.480011,33.980000,68688.343750,36.74,97.97,3.000000,CO,21618
0.740000,0.860000,0.380000,0.560000,0.120000,71.910004,-1.710000,0.840000,263.269989,36.860001,67190.750000,36.74,98.14,3.000000,CO,21619
0.740000,0.860000,0.400000,0.560000,0.120000,71.110001,-0.780000,2.100000,262.600006,37.950001,66207.656250,36.75,98.3,3.000000,CO,21620
0.730000,0.860000,0.410000,0.560000,0.120000,70.290001,-0.010000,2.660000,262.470001,37.580002,66344.179688,36.76,98.47,3.000000,CO,21621
0.800000,0.940000,0.560000,0.620000,0.120000,70.489998,0.860000,2.210000,262.500000,36.470001,66771.593750,36.77,98.64,3.000000,CO,21622
0.920000,1.090000,0.760000,0.770000,0.120000,70.870003,1.560000,0.910000,263.010010,34.169998,67659.726562,36.78,98.81,3.000000,CO,21623
1.050000,1.250000,0.930000,0.910000,0.120000,70.480003,0.830000,-1.310000,264.190002,31.090000,69541.132812,36.79,98.98,3.000000,CO,21624
1.110000,1.330000,0.960000,0.940000,0.120000,70.389999,0.230000,-2.070000,263.500000,31.690001,68208.203125,36.79,99.15,3.000000,CO,21625
1.030000,1.230000,0.900000,0.910000,0.130000,71.370003,1.240000,-1.490000,260.959991,36.049999,64635.128906,36.8,99.32,3.250000,CO,21626
0.950000,1.150000,0.830000,0.860000,0.130000,71.889999,2.220000,-0.790000,260.359985,36.650002,63941.699219,36.81,99.49,3.250000,CO,21627
0.850000,1.040000,0.770000,0.780000,0.130000,72.349998,2.520000,-0.560000,261.970001,38.820000,66029.882812,36.81,99.66,3.250000,CO,21628
0.610000,0.800000,0.650000,0.540000,0.120000,77.110001,2.290000,-1.810000,265.489990,41.660000,68762.101562,36.82,99.83,3.000000,CO,21629
0.510000,0.660000,0.550000,0.440000,0.120000,79.209999,1.800000,-2.190000,266.600006,40.150002,69663.539062,36.83,100.0,3.000000,CO,21630
0.480000,0.620000,0.440000,0.400000,0.120000,79.739998,1.420000,-2.370000,266.339996,40.599998,69302.093750,36.83,100.17,3.000000,CO,21631
0.560000,0.720000,0.570000,0.520000,0.130000,80.599998,1.320000,-2.770000,266.269989,38.880001,69285.539062,36.84,100.34,3.250000,CO,21632
1.240000,1.560000,1.790000,1.400000,0.140000,79.430000,0.740000,-2.700000,266.190002,37.599998,69277.296875,36.85,100.5,3.500000,CO,21633
3.290000,4.210000,5.940000,3.930000,0.160000,73.930000,-0.420000,-1.540000,265.049988,39.560001,68702.562500,36.85,100.67,5.940000,SO2,21634
7.620000,10.090000,14.900000,6.190000,0.260000,65.610001,-1.120000,0.570000,263.320007,30.080000,68826.343750,36.86,100.84,14.900000,SO2,21635
10.400000,15.460000,20.719999,5.590000,0.370000,64.779999,-1.550000,0.600000,263.230011,28.000000,69012.156250,36.86,101.01,20.719999,SO2,21636
14.290000,24.440001,15.150000,5.590000,0.520000,64.160004,-1.330000,-0.520000,262.489990,27.670000,67873.757812,36.87,101.18,24.440001,PM10,21637
22.850000,44.009998,24.520000,9.400000,0.800000,61.099998,-0.240000,-0.750000,262.929993,27.879999,68539.773438,36.87,101.35,44.009998,PM10,21638
44.189999,90.260002,54.230000,24.059999,1.470000,45.959999,0.620000,-0.370000,264.790009,26.280001,71371.210938,36.88,101.52,70.130005,PM10,21639
56.139999,112.930000,46.430000,29.080000,1.910000,39.650002,0.430000,-0.590000,266.260010,24.809999,73926.101562,36.88,101.69,81.464996,PM10,21640
53.959999,101.709999,24.180000,21.570000,1.880000,45.299999,-0.420000,-0.590000,266.549988,26.690001,74362.203125,36.88,101.86,75.854996,PM10,21641
46.080002,78.949997,15.640000,17.420000,1.580000,46.480000,-0.110000,0.030000,264.029999,31.150000,70558.671875,36.89,102.03,64.474998,PM10,21642
33.980000,52.009998,10.990000,12.860000,1.100000,50.980000,1.030000,0.020000,261.029999,34.980000,66253.757812,36.89,102.2,51.004997,PM10,21643
25.740000,37.060001,8.850000,10.460000,0.760000,51.869999,1.080000,0.530000,262.540009,35.560001,68518.523438,36.9,102.37,37.060001,PM10,21644
23.610001,34.520000,8.570000,11.020000,0.680000,49.020000,0.090000,0.290000,265.230011,34.650002,73129.906250,36.9,102.54,34.520000,PM10,21645
0.820000,0.880000,0.100000,0.120000,0.130000,66.019997,8.490000,2.160000,253.199997,44.110001,54532.750000,36.21,90.05,3.250000,CO,21818
0.840000,0.900000,0.110000,0.120000,0.130000,64.849998,9.960000,1.440000,253.649994,45.439999,54664.601562,36.32,91.06,3.250000,CO,21824
0.840000,0.910000,0.110000,0.120000,0.130000,64.360001,10.260000,0.630000,254.410004,43.639999,55232.519531,36.34,91.22,3.250000,CO,21825
0.840000,0.910000,0.110000,0.120000,0.120000,64.120003,10.150000,0.720000,255.279999,41.759998,55989.109375,36.36,91.39,3.000000,CO,21826
0.840000,0.900000,0.110000,0.120000,0.120000,65.209999,10.290000,1.810000,256.359985,39.099998,56728.300781,36.37,91.56,3.000000,CO,21827
0.840000,0.900000,0.110000,0.130000,0.120000,65.389999,10.560000,2.680000,257.260010,37.070000,57167.570312,36.39,91.72,3.000000,CO,21828
0.840000,0.900000,0.110000,0.130000,0.120000,65.129997,10.960000,2.340000,258.480011,34.779999,57824.480469,36.41,91.89,3.000000,CO,21829
0.830000,0.900000,0.110000,0.130000,0.120000,63.680000,10.550000,0.510000,261.160004,30.370001,59948.851562,36.42,92.06,3.000000,CO,21830
0.830000,0.890000,0.110000,0.140000,0.120000,61.310001,8.390000,-1.970000,262.730011,29.959999,62158.460938,36.44,92.23,3.000000,CO,21831
0.810000,0.870000,0.110000,0.140000,0.120000,59.459999,5.510000,-1.690000,262.649994,31.440001,63378.359375,36.46,92.39,3.000000,CO,21832
0.760000,0.830000,0.100000,0.140000,0.120000,58.639999,3.810000,1.480000,263.230011,29.629999,64522.519531,36.47,92.56,3.000000,CO,21833
0.730000,0.800000,0.100000,0.130000,0.120000,59.590000,4.330000,3.250000,262.989990,29.040001,64119.050781,36.49,92.73,3.000000,CO,21834
0.720000,0.780000,0.100000,0.130000,0.120000,59.730000,7.380000,3.140000,261.329987,31.500000,62075.621094,36.5,92.9,3.000000,CO,21835
0.720000,0.780000,0.110000,0.130000,0.120000,59.740002,10.240000,2.280000,262.730011,28.490000,62708.718750,36.52,93.07,3.000000,CO,21836
0.690000,0.750000,0.110000,0.140000,0.120000,56.830002,7.650000,-0.420000,265.959991,23.709999,66064.570312,36.54,93.23,3.000000,CO,21837
0.780000,0.870000,0.160000,0.190000,0.120000,54.730000,2.260000,-1.330000,265.730011,27.750000,68492.343750,36.55,93.4,3.000000,CO,21838
1.230000,1.400000,0.350000,0.420000,0.120000,60.750000,-0.250000,-0.200000,264.779999,36.919998,69727.921875,36.56,93.57,3.000000,CO,21839
1.470000,1.690000,0.470000,0.580000,0.130000,63.860001,-0.470000,-0.560000,264.559998,43.730000,71439.312500,36.58,93.74,3.250000,CO,21840
1.500000,1.730000,0.510000,0.590000,0.130000,65.080002,-0.110000,-0.910000,264.399994,48.419998,72806.382812,36.59,93.91,3.250000,CO,21841
1.520000,1.770000,0.540000,0.580000,0.130000,65.139999,-0.000000,-1.080000,264.269989,52.340000,73090.242188,36.61,94.07,3.250000,CO,21842
1.600000,1.880000,0.600000,0.570000,0.130000,65.750000,-0.340000,-1.260000,264.309998,53.439999,73192.039062,36.62,94.24,3.250000,CO,21843
1.690000,1.980000,0.640000,0.620000,0.130000,65.750000,-0.720000,-1.080000,264.730011,51.669998,73358.273438,36.63,94.41,3.250000,CO,21844
1.690000,1.980000,0.650000,0.650000,0.130000,65.639999,-0.670000,-0.450000,264.970001,50.389999,73466.062500,36.65,94.58,3.250000,CO,21845
1.460000,1.720000,0.580000,0.620000,0.130000,65.599998,-0.500000,-0.200000,265.269989,48.779999,73510.296875,36.66,94.75,3.250000,CO,21846
1.130000,1.320000,0.460000,0.480000,0.130000,66.190002,-0.730000,-0.190000,265.429993,47.029999,73564.812500,36.67,94.92,3.250000,CO,21847
0.950000,1.090000,0.400000,0.440000,0.130000,66.940002,-1.080000,-0.080000,265.589996,45.470001,73626.296875,36.69,95.08,3.250000,CO,21848
0.860000,0.980000,0.390000,0.340000,0.130000,67.489998,-1.550000,0.220000,265.820007,42.919998,73709.843750,36.7,95.25,3.250000,CO,21849
0.770000,0.870000,0.390000,0.310000,0.130000,68.169998,-2.150000,0.370000,266.019989,40.500000,73763.843750,36.71,95.42,3.250000,CO,21850
0.720000,0.820000,0.410000,0.290000,0.130000,68.400002,-2.610000,0.370000,266.220001,39.290001,73786.617188,36.72,95.59,3.250000,CO,21851
0.700000,0.800000,0.440000,0.290000,0.130000,68.629997,-2.770000,0.490000,266.459991,38.000000,73816.156250,36.74,95.76,3.250000,CO,21852
0.690000,0.790000,0.470000,0.300000,0.130000,68.809998,-2.910000,0.910000,266.609985,37.529999,73822.546875,36.75,95.93,3.250000,CO,21853
0.650000,0.750000,0.510000,0.340000,0.120000,69.250000,-2.940000,0.280000,266.600006,35.090000,73825.218750,36.76,96.1,3.000000,CO,21854
0.630000,0.720000,0.560000,0.420000,0.120000,69.309998,-2.930000,-0.270000,266.790009,32.419998,73920.531250,36.77,96.26,3.000000,CO,21855
0.620000,0.720000,0.630000,0.450000,0.120000,69.190002,-2.980000,-1.360000,266.989990,30.330000,73678.023438,36.78,96.43,3.000000,CO,21856
0.620000,0.730000,0.720000,0.490000,0.120000,68.769997,-2.440000,-2.360000,266.540009,31.030001,72950.453125,36.79,96.6,3.000000,CO,21857
0.660000,0.770000,0.770000,0.500000,0.120000,69.000000,-1.460000,-2.420000,266.049988,32.590000,72662.507812,36.8,96.77,3.000000,CO,21858
0.700000,0.810000,0.790000,0.500000,0.130000,70.449997,-1.160000,-1.570000,266.000000,34.450001,72785.156250,36.81,96.94,3.250000,CO,21859
0.730000,0.840000,0.840000,0.510000,0.130000,71.199997,-1.490000,-1.390000,266.459991,31.610001,72375.078125,36.82,97.11,3.250000,CO,21860
0.750000,0.880000,0.920000,0.600000,0.130000,71.220001,-1.640000,-1.210000,266.299988,30.780001,71546.617188,36.83,97.28,3.250000,CO,21861
0.770000,0.900000,0.980000,0.700000,0.130000,71.010002,-1.580000,-0.750000,265.760010,30.440001,70437.203125,36.84,97.45,3.250000,CO,21862
0.700000,0.820000,0.750000,0.690000,0.130000,72.330002,-1.500000,-0.230000,265.019989,30.600000,69267.078125,36.85,97.62,3.250000,CO,21863
0.700000,0.830000,0.650000,0.500000,0.120000,73.660004,-1.750000,0.360000,264.279999,31.379999,68158.523438,36.86,97.79,3.000000,CO,21864
0.770000,0.920000,0.680000,0.580000,0.120000,72.610001,-1.860000,0.740000,263.029999,33.709999,66910.492188,36.87,97.96,3.000000,CO,21865
0.970000,1.170000,0.830000,0.770000,0.130000,70.639999,-1.050000,0.940000,262.709991,35.130001,67395.867188,36.88,98.12,3.250000,CO,21866
1.550000,1.900000,1.410000,1.320000,0.130000,70.940002,-1.000000,1.340000,264.290009,32.220001,69357.906250,36.89,98.29,3.250000,CO,21867
1.530000,1.870000,1.460000,1.340000,0.130000,72.660004,-1.680000,1.160000,263.959991,31.709999,68767.093750,36.9,98.46,3.250000,CO,21868
1.290000,1.560000,1.340000,1.150000,0.130000,72.949997,-0.680000,-0.210000,262.250000,33.490002,66798.523438,36.91,98.63,3.250000,CO,21869
1.200000,1.450000,1.250000,1.130000,0.130000,72.349998,0.650000,-1.060000,262.339996,32.240002,66898.710938,36.91,98.8,3.250000,CO,21870
1.150000,1.390000,1.150000,1.080000,0.130000,71.589996,0.510000,-1.790000,262.230011,31.709999,66640.109375,36.92,98.97,3.250000,CO,21871
1.150000,1.380000,1.080000,1.020000,0.130000,71.669998,1.120000,-1.140000,260.190002,35.270000,63972.988281,36.93,99.14,3.250000,CO,21872
1.010000,1.220000,0.990000,0.910000,0.130000,72.699997,2.600000,-0.620000,259.369995,36.150002,62762.441406,36.94,99.31,3.250000,CO,21873
0.950000,1.150000,0.920000,0.880000,0.130000,71.800003,2.920000,-0.100000,261.510010,32.770000,65562.328125,36.94,99.48,3.250000,CO,21874
0.690000,0.870000,0.760000,0.660000,0.120000,74.500000,2.380000,-1.330000,264.929993,38.099998,68728.156250,36.95,99.65,3.000000,CO,21875
0.540000,0.690000,0.620000,0.500000,0.120000,76.459999,1.850000,-1.840000,265.850006,38.189999,69403.968750,36.96,99.82,3.000000,CO,21876
0.480000,0.630000,0.480000,0.420000,0.120000,78.070000,0.920000,-1.640000,265.910004,40.000000,69216.960938,36.96,99.99,3.000000,CO,21877
0.510000,0.670000,0.410000,0.440000,0.130000,79.139999,0.390000,-2.380000,265.850006,38.590000,69199.250000,36.97,100.16,3.250000,CO,21878
0.660000,0.830000,0.600000,0.620000,0.130000,80.169998,0.180000,-2.640000,265.790009,37.830002,69234.437500,36.98,100.33,3.250000,CO,21879
0.910000,1.140000,1.080000,1.000000,0.130000,79.099998,-0.420000,-2.770000,264.920013,36.410000,68911.976562,36.98,100.5,3.250000,CO,21880
1.700000,2.110000,2.360000,1.940000,0.150000,72.620003,-0.500000,-2.120000,263.070007,22.370001,68421.492188,36.99,100.67,3.750000,CO,21881
3.300000,4.230000,7.790000,3.620000,0.180000,69.750000,-0.710000,-1.120000,263.730011,20.620001,69128.031250,36.99,100.84,7.790000,SO2,21882
4.960000,6.750000,11.600000,3.520000,0.230000,68.580002,-1.020000,-0.870000,263.649994,19.500000,68767.171875,37.0,101.01,11.600000,SO2,21883
7.490000,11.290000,6.100000,3.140000,0.330000,70.089996,-0.600000,-1.100000,261.829987,23.049999,66533.429688,37.0,101.18,11.290000,PM10,21884
13.070000,22.100000,11.760000,5.690000,0.530000,68.120003,0.700000,-1.390000,262.250000,24.510000,67572.812500,37.01,101.35,22.100000,PM10,21885
24.299999,44.410000,26.990000,13.720000,0.900000,60.180000,1.160000,-1.930000,264.630005,23.059999,71091.773438,37.01,101.52,44.410000,PM10,21886
30.799999,56.439999,24.850000,16.879999,1.140000,55.020000,0.370000,-1.830000,265.239990,24.070000,72131.812500,37.02,101.69,53.220001,PM10,21887
29.780001,51.650002,12.900000,13.060000,1.090000,57.189999,-0.130000,-1.160000,264.279999,27.549999,71152.750000,37.02,101.86,50.825001,PM10,21888
27.900000,44.360001,8.690000,11.560000,0.950000,56.500000,0.580000,0.530000,262.739990,31.540001,68885.906250,37.02,102.03,44.360001,PM10,21889
20.820000,30.020000,6.720000,8.530000,0.640000,58.340000,1.010000,0.860000,262.170013,33.540001,68059.453125,37.03,102.2,30.020000,PM10,21890
15.060000,20.900000,5.490000,6.730000,0.440000,59.200001,-0.110000,-0.090000,263.579987,33.950001,70650.367188,37.03,102.37,21.514286,PM2.5,21891
0.890000,0.960000,0.120000,0.130000,0.120000,63.529999,8.590000,0.880000,252.410004,53.430000,54668.988281,36.46,91.03,3.000000,CO,22074
0.890000,0.960000,0.120000,0.130000,0.120000,63.340000,9.610000,0.500000,251.949997,54.459999,54124.640625,36.47,91.2,3.000000,CO,22075
0.890000,0.960000,0.130000,0.130000,0.120000,63.430000,11.180000,0.910000,253.649994,48.049999,54942.738281,36.49,91.37,3.000000,CO,22076
0.900000,0.970000,0.120000,0.130000,0.120000,65.120003,11.170000,1.390000,257.779999,37.580002,57834.761719,36.51,91.54,3.000000,CO,22077
0.890000,0.960000,0.120000,0.140000,0.120000,63.490002,10.050000,1.850000,261.190002,31.330000,61000.398438,36.53,91.7,3.000000,CO,22078
0.880000,0.950000,0.120000,0.150000,0.120000,61.669998,8.830000,0.720000,263.100006,29.290001,63249.410156,36.54,91.87,3.000000,CO,22079
0.870000,0.940000,0.120000,0.150000,0.120000,59.320000,7.630000,-2.120000,263.429993,30.049999,64584.039062,36.56,92.04,3.000000,CO,22080
0.860000,0.930000,0.120000,0.140000,0.120000,58.180000,7.170000,-4.050000,263.109985,31.740000,65205.230469,36.58,92.21,3.000000,CO,22081
0.840000,0.910000,0.120000,0.140000,0.120000,57.160000,6.960000,-3.480000,263.070007,31.940001,65269.960938,36.59,92.37,3.000000,CO,22082
0.810000,0.880000,0.110000,0.140000,0.120000,56.000000,5.850000,-0.530000,263.339996,31.299999,65551.117188,36.61,92.54,3.000000,CO,22083
0.760000,0.820000,0.110000,0.140000,0.120000,56.630001,5.450000,2.930000,263.320007,30.820000,65503.128906,36.62,92.71,3.000000,CO,22084
0.730000,0.790000,0.110000,0.140000,0.120000,56.980000,7.630000,4.100000,263.269989,29.830000,64876.109375,36.64,92.88,3.000000,CO,22085
0.710000,0.770000,0.110000,0.140000,0.120000,56.480000,8.900000,2.050000,265.130005,26.280001,66166.921875,36.65,93.05,3.000000,CO,22086
0.690000,0.760000,0.120000,0.160000,0.120000,54.450001,5.780000,-1.260000,266.040009,26.000000,68506.640625,36.67,93.21,3.000000,CO,22087
0.810000,0.900000,0.180000,0.210000,0.120000,54.900002,1.630000,-0.820000,264.959991,31.590000,69714.703125,36.68,93.38,3.000000,CO,22088
1.210000,1.380000,0.350000,0.410000,0.130000,60.790001,-0.130000,0.680000,264.450012,40.779999,70711.671875,36.7,93.55,3.250000,CO,22089
1.350000,1.550000,0.430000,0.490000,0.130000,64.180000,-0.160000,-0.000000,264.239990,47.349998,72307.796875,36.71,93.72,3.250000,CO,22090
1.300000,1.500000,0.430000,0.460000,0.130000,65.669998,0.100000,-0.840000,263.799988,52.080002,73287.867188,36.73,93.89,3.250000,CO,22091
1.250000,1.440000,0.440000,0.430000,0.130000,66.870003,0.130000,-1.000000,263.570007,55.130001,73395.117188,36.74,94.06,3.250000,CO,22092
1.220000,1.410000,0.460000,0.390000,0.130000,67.459999,0.030000,-0.730000,263.709991,55.790001,73507.843750,36.76,94.22,3.250000,CO,22093
1.190000,1.370000,0.460000,0.380000,0.130000,67.330002,-0.110000,-0.500000,264.059998,54.230000,73622.531250,36.77,94.39,3.250000,CO,22094
1.110000,1.280000,0.440000,0.370000,0.130000,67.220001,-0.270000,-0.160000,264.529999,51.720001,73693.546875,36.78,94.56,3.250000,CO,22095
0.990000,1.140000,0.410000,0.360000,0.130000,67.089996,-0.600000,0.100000,264.970001,48.619999,73728.312500,36.8,94.73,3.250000,CO,22096
0.870000,1.000000,0.390000,0.340000,0.130000,67.620003,-1.010000,0.230000,265.250000,46.160000,73750.968750,36.81,94.9,3.250000,CO,22097
0.780000,0.890000,0.370000,0.350000,0.130000,67.980003,-1.330000,0.510000,265.619995,43.680000,73780.671875,36.82,95.07,3.250000,CO,22098
0.730000,0.830000,0.380000,0.380000,0.130000,68.050003,-1.930000,0.970000,265.880005,42.209999,73833.539062,36.83,95.24,3.250000,CO,22099
0.670000,0.760000,0.400000,0.390000,0.130000,68.459999,-2.650000,0.630000,266.079987,39.180000,73863.007812,36.85,95.41,3.250000,CO,22100
0.630000,0.720000,0.430000,0.320000,0.120000,68.809998,-3.060000,0.500000,266.510010,38.270000,73872.750000,36.86,95.57,3.000000,CO,22101
0.610000,0.700000,0.460000,0.310000,0.120000,69.129997,-3.130000,0.390000,267.140015,38.169998,73949.632812,36.87,95.74,3.000000,CO,22102
0.590000,0.680000,0.490000,0.300000,0.120000,68.370003,-3.130000,0.360000,268.250000,39.389999,74070.757812,36.88,95.91,3.000000,CO,22103
0.560000,0.650000,0.530000,0.350000,0.120000,69.290001,-3.020000,-0.760000,267.529999,27.030001,74042.257812,36.89,96.08,3.000000,CO,22104
0.560000,0.650000,0.630000,0.420000,0.120000,68.879997,-3.110000,-1.530000,267.589996,26.780001,73767.273438,36.91,96.25,3.000000,CO,22105
0.570000,0.670000,0.770000,0.500000,0.120000,68.440002,-3.230000,-2.540000,266.709991,26.780001,72541.757812,36.92,96.42,3.000000,CO,22106
0.600000,0.710000,0.890000,0.600000,0.120000,67.430000,-2.260000,-3.110000,265.420013,29.740000,71294.757812,36.93,96.59,3.000000,CO,22107
0.670000,0.800000,1.030000,0.660000,0.120000,67.699997,-1.020000,-2.830000,265.500000,31.270000,71838.562500,36.94,96.76,3.000000,CO,22108
0.720000,0.850000,1.070000,0.660000,0.120000,69.330002,-1.200000,-1.280000,265.880005,34.709999,72296.523438,36.95,96.93,3.000000,CO,22109
0.780000,0.910000,1.130000,0.660000,0.130000,70.739998,-1.780000,-0.920000,265.709991,31.040001,71517.953125,36.96,97.1,3.250000,CO,22110
0.850000,1.000000,1.330000,0.820000,0.130000,70.500000,-1.700000,-0.600000,265.290009,31.370001,70705.218750,36.97,97.27,3.250000,CO,22111
0.890000,1.070000,1.520000,1.020000,0.130000,70.400002,-1.700000,-0.090000,265.130005,29.840000,70343.257812,36.98,97.44,3.250000,CO,22112
0.730000,0.860000,1.020000,0.820000,0.120000,71.330002,-2.270000,0.440000,264.970001,28.889999,70131.937500,36.99,97.61,3.000000,CO,22113
0.710000,0.840000,0.860000,0.610000,0.120000,71.870003,-3.230000,1.160000,264.529999,29.020000,69389.773438,37.0,97.77,3.000000,CO,22114
0.780000,0.920000,0.940000,0.680000,0.120000,70.720001,-3.380000,1.420000,263.630005,30.260000,68550.000000,37.01,97.94,3.000000,CO,22115
1.000000,1.200000,1.280000,0.890000,0.120000,69.800003,-2.400000,0.330000,263.350006,30.450001,68525.226562,37.02,98.11,3.000000,CO,22116
1.330000,1.610000,1.540000,1.180000,0.130000,70.330002,-2.170000,-0.600000,264.100006,28.570000,69047.250000,37.02,98.28,3.250000,CO,22117
1.260000,1.530000,1.460000,1.150000,0.130000,71.360001,-2.030000,-0.340000,262.920013,29.770000,66991.796875,37.03,98.45,3.250000,CO,22118
1.260000,1.530000,1.490000,1.200000,0.130000,71.610001,-0.060000,-0.910000,260.429993,32.900002,63888.070312,37.04,98.62,3.250000,CO,22119
1.070000,1.280000,1.260000,1.080000,0.120000,71.930000,1.760000,-1.330000,260.690002,30.650000,64193.089844,37.05,98.79,3.000000,CO,22120
1.030000,1.240000,1.160000,1.040000,0.120000,71.230003,2.070000,-1.060000,260.380005,30.850000,64223.351562,37.06,98.96,3.000000,CO,22121
1.030000,1.240000,1.110000,0.980000,0.130000,71.110001,2.530000,0.040000,259.510010,31.010000,63133.878906,37.06,99.13,3.250000,CO,22122
0.930000,1.120000,1.010000,0.920000,0.120000,69.260002,3.080000,0.220000,260.929993,28.610001,64890.160156,37.07,99.3,3.000000,CO,22123
0.810000,0.990000,0.840000,0.820000,0.120000,67.150002,2.750000,-0.510000,262.730011,28.240000,67562.617188,37.08,99.47,3.000000,CO,22124
0.730000,0.890000,0.660000,0.730000,0.130000,66.029999,1.990000,-2.100000,263.179993,26.360001,68923.796875,37.09,99.64,3.250000,CO,22125
0.500000,0.650000,0.470000,0.480000,0.120000,72.809998,0.920000,-1.540000,265.119995,37.660000,69330.843750,37.09,99.81,3.000000,CO,22126
0.510000,0.670000,0.350000,0.450000,0.130000,74.879997,-0.220000,-1.870000,265.239990,38.150002,69305.796875,37.1,99.98,3.250000,CO,22127
0.610000,0.800000,0.340000,0.520000,0.130000,76.809998,-0.650000,-2.870000,264.929993,37.720001,69318.242188,37.1,100.15,3.250000,CO,22128
0.760000,0.950000,0.420000,0.670000,0.130000,78.050003,-1.160000,-3.090000,264.660004,36.779999,69275.687500,37.11,100.32,3.250000,CO,22129
0.900000,1.080000,0.530000,0.900000,0.140000,75.379997,-1.410000,-3.180000,262.410004,21.180000,68615.867188,37.12,100.49,3.500000,CO,22130
0.820000,0.990000,0.680000,0.920000,0.140000,76.559998,-0.850000,-3.240000,262.839996,22.280001,67657.203125,37.12,100.66,3.500000,CO,22131
1.100000,1.380000,2.270000,1.460000,0.140000,74.980003,-0.130000,-3.120000,262.690002,20.150000,66972.351562,37.13,100.83,3.500000,CO,22132
1.600000,2.030000,3.660000,1.730000,0.150000,74.290001,0.910000,-2.520000,262.279999,19.110001,66364.023438,37.13,101.0,3.750000,CO,22133
3.940000,5.280000,2.280000,1.820000,0.230000,74.489998,1.140000,-2.240000,262.079987,20.090000,66574.273438,37.14,101.17,5.750000,CO,22134
7.870000,11.530000,4.530000,3.370000,0.360000,72.309998,0.960000,-2.570000,262.170013,22.520000,67920.468750,37.14,101.34,11.530000,PM10,22135
13.870000,21.719999,9.340000,7.160000,0.550000,68.800003,1.160000,-3.250000,262.779999,23.790001,68902.617188,37.15,101.51,21.719999,PM10,22136
16.330000,25.510000,9.480000,8.980000,0.640000,66.230003,1.400000,-2.450000,262.929993,25.600000,69114.570312,37.15,101.68,25.510000,PM10,22137
14.240000,21.049999,5.650000,7.330000,0.550000,67.379997,1.080000,-1.130000,263.170013,27.459999,69825.289062,37.16,101.85,21.049999,PM10,22138
12.310000,17.100000,3.730000,6.030000,0.450000,68.660004,0.510000,0.100000,263.269989,28.520000,69975.648438,37.16,102.02,17.585714,PM2.5,22139
9.800000,13.590000,3.270000,4.520000,0.360000,68.430000,0.020000,0.240000,263.100006,29.969999,69791.890625,37.16,102.19,14.000000,PM2.5,22140
9.570000,13.990000,3.550000,4.420000,0.350000,66.500000,-0.410000,-0.730000,262.500000,32.549999,68899.406250,37.17,102.36,13.990000,PM10,22141
11.400000,17.889999,4.180000,5.200000,0.420000,63.779999,0.860000,-0.590000,260.320007,37.820000,66022.773438,37.17,102.53,17.889999,PM10,22142
0.950000,1.030000,0.130000,0.130000,0.120000,63.830002,9.140000,1.280000,252.259995,55.509998,54601.968750,36.57,90.84,3.000000,CO,22325
0.950000,1.020000,0.130000,0.130000,0.120000,63.439999,9.940000,1.810000,251.729996,56.840000,53950.769531,36.59,91.01,3.000000,CO,22326
0.940000,1.020000,0.130000,0.130000,0.120000,63.110001,11.170000,2.150000,252.639999,52.709999,54168.398438,36.61,91.18,3.000000,CO,22327
0.940000,1.010000,0.130000,0.140000,0.120000,63.650002,11.820000,1.970000,256.369995,41.770000,56817.750000,36.63,91.35,3.000000,CO,22328
0.930000,1.000000,0.120000,0.140000,0.120000,62.700001,10.920000,0.300000,260.619995,33.509998,60604.730469,36.64,91.51,3.000000,CO,22329
0.920000,0.990000,0.120000,0.150000,0.120000,61.150002,8.780000,-1.880000,262.630005,31.700001,63364.519531,36.66,91.68,3.000000,CO,22330
0.900000,0.970000,0.120000,0.150000,0.120000,59.279999,6.980000,-4.090000,262.380005,32.860001,64389.121094,36.68,91.85,3.000000,CO,22331
0.890000,0.960000,0.120000,0.150000,0.120000,58.779999,7.380000,-5.330000,261.690002,33.919998,63918.378906,36.69,92.02,3.000000,CO,22332
0.870000,0.940000,0.120000,0.140000,0.120000,58.500000,9.110000,-4.720000,261.459991,33.490002,63127.800781,36.71,92.19,3.000000,CO,22333
0.860000,0.930000,0.120000,0.140000,0.120000,58.049999,10.510000,-3.100000,261.720001,31.879999,62650.429688,36.73,92.35,3.000000,CO,22334
0.830000,0.900000,0.120000,0.140000,0.120000,56.400002,9.320000,-1.820000,263.619995,28.780001,64198.218750,36.74,92.52,3.000000,CO,22335
0.770000,0.830000,0.110000,0.150000,0.120000,54.450001,6.490000,0.660000,265.059998,28.680000,67080.257812,36.76,92.69,3.000000,CO,22336
0.710000,0.770000,0.110000,0.160000,0.120000,54.230000,5.570000,2.080000,265.369995,28.280001,68542.710938,36.77,92.86,3.000000,CO,22337
0.690000,0.760000,0.130000,0.180000,0.120000,54.080002,4.980000,0.370000,265.450012,28.120001,69682.960938,36.79,93.03,3.000000,CO,22338
0.720000,0.800000,0.150000,0.240000,0.120000,54.310001,2.740000,-1.290000,264.670013,32.720001,70872.906250,36.8,93.2,3.000000,CO,22339
0.830000,0.930000,0.210000,0.290000,0.120000,55.650002,0.630000,-0.010000,264.079987,37.330002,71428.953125,36.82,93.36,3.000000,CO,22340
1.120000,1.290000,0.330000,0.390000,0.130000,60.570000,-0.030000,0.550000,264.010010,44.330002,72228.281250,36.83,93.53,3.250000,CO,22341
1.170000,1.340000,0.360000,0.340000,0.130000,64.230003,0.000000,-0.390000,263.809998,49.509998,73143.179688,36.85,93.7,3.250000,CO,22342
1.150000,1.320000,0.380000,0.270000,0.130000,66.320000,0.180000,-0.770000,263.220001,53.099998,73506.546875,36.86,93.87,3.250000,CO,22343
1.100000,1.260000,0.380000,0.250000,0.130000,67.860001,0.280000,-0.740000,263.220001,55.169998,73601.828125,36.88,94.04,3.250000,CO,22344
1.040000,1.190000,0.390000,0.260000,0.130000,68.800003,0.160000,-0.480000,263.320007,55.820000,73746.882812,36.89,94.21,3.250000,CO,22345
0.980000,1.130000,0.390000,0.270000,0.130000,68.660004,0.030000,-0.150000,263.619995,54.490002,73808.093750,36.9,94.38,3.250000,CO,22346
0.910000,1.040000,0.370000,0.280000,0.130000,68.519997,-0.260000,0.110000,264.230011,51.070000,73790.296875,36.92,94.55,3.250000,CO,22347
0.820000,0.940000,0.360000,0.280000,0.130000,68.239998,-0.800000,0.320000,264.809998,48.040001,73776.203125,36.93,94.71,3.250000,CO,22348
0.740000,0.840000,0.350000,0.290000,0.130000,68.110001,-1.280000,0.450000,265.279999,46.930000,73828.179688,36.94,94.88,3.250000,CO,22349
0.680000,0.770000,0.360000,0.310000,0.130000,67.779999,-1.790000,0.540000,266.079987,46.410000,73918.976562,36.96,95.05,3.250000,CO,22350
0.640000,0.730000,0.370000,0.360000,0.120000,66.660004,-2.610000,0.710000,267.549988,46.970001,73990.023438,36.97,95.22,3.000000,CO,22351
0.600000,0.690000,0.390000,0.430000,0.120000,67.980003,-3.010000,0.180000,266.309998,33.139999,73917.523438,36.98,95.39,3.000000,CO,22352
0.570000,0.660000,0.420000,0.380000,0.120000,68.169998,-3.160000,0.030000,266.890015,32.660000,73770.546875,36.99,95.56,3.000000,CO,22353
0.540000,0.630000,0.450000,0.350000,0.120000,68.470001,-3.370000,-0.130000,267.250000,29.650000,73480.179688,37.01,95.73,3.000000,CO,22354
0.520000,0.610000,0.490000,0.340000,0.120000,68.790001,-3.140000,-0.550000,267.040009,28.040001,72652.656250,37.02,95.9,3.000000,CO,22355
0.510000,0.600000,0.550000,0.370000,0.120000,69.129997,-2.830000,-1.450000,266.540009,26.000000,71754.203125,37.03,96.07,3.000000,CO,22356
0.510000,0.600000,0.680000,0.450000,0.120000,68.669998,-2.820000,-2.380000,266.029999,25.020000,71207.281250,37.04,96.24,3.000000,CO,22357
0.530000,0.640000,0.870000,0.550000,0.120000,67.940002,-2.580000,-3.090000,265.059998,24.940001,70390.640625,37.05,96.41,3.000000,CO,22358
0.590000,0.710000,1.070000,0.700000,0.120000,66.459999,-1.340000,-3.130000,264.450012,26.350000,70173.218750,37.06,96.58,3.000000,CO,22359
0.720000,0.880000,1.400000,0.880000,0.120000,66.830002,-0.350000,-2.500000,265.230011,28.000000,71519.656250,37.07,96.75,3.000000,CO,22360
0.810000,0.990000,1.680000,1.010000,0.120000,67.040001,-1.300000,-1.160000,266.970001,38.189999,72391.968750,37.08,96.91,3.000000,CO,22361
1.030000,1.250000,2.130000,1.280000,0.120000,67.900002,-2.380000,0.050000,265.540009,28.100000,71981.789062,37.09,97.08,3.000000,CO,22362
1.290000,1.600000,2.960000,1.930000,0.130000,66.500000,-2.400000,0.130000,265.260010,28.379999,71559.156250,37.1,97.25,3.250000,CO,22363
1.280000,1.580000,2.930000,2.040000,0.120000,65.820000,-2.590000,-0.040000,265.140015,25.510000,71495.046875,37.11,97.42,3.000000,CO,22364
0.830000,1.010000,1.650000,1.230000,0.120000,66.389999,-3.070000,-0.330000,265.179993,24.760000,70940.593750,37.12,97.59,3.000000,CO,22365
0.690000,0.820000,1.110000,0.800000,0.120000,67.589996,-3.440000,0.370000,264.700012,25.830000,69849.062500,37.13,97.76,3.000000,CO,22366
0.740000,0.880000,1.110000,0.770000,0.120000,68.570000,-3.330000,0.630000,263.970001,26.900000,68509.601562,37.14,97.93,3.000000,CO,22367
0.800000,0.950000,1.190000,0.770000,0.120000,69.709999,-2.310000,-0.240000,262.329987,29.520000,66365.023438,37.15,98.1,3.000000,CO,22368
0.860000,1.020000,1.240000,0.800000,0.120000,70.269997,-1.400000,-0.610000,261.329987,31.180000,65338.648438,37.16,98.27,3.000000,CO,22369
0.930000,1.110000,1.320000,0.890000,0.120000,70.959999,-0.880000,0.250000,260.559998,32.290001,64265.910156,37.17,98.44,3.000000,CO,22370
1.120000,1.360000,1.520000,1.140000,0.130000,71.250000,0.810000,0.270000,258.540009,33.770000,61698.011719,37.18,98.61,3.250000,CO,22371
0.960000,1.150000,1.290000,1.030000,0.120000,70.790001,2.860000,-0.490000,258.869995,29.860001,62073.500000,37.18,98.78,3.000000,CO,22372
0.890000,1.070000,1.140000,0.950000,0.120000,69.120003,3.140000,-0.630000,260.739990,25.590000,64511.550781,37.19,98.95,3.000000,CO,22373
0.910000,1.100000,1.010000,0.890000,0.120000,67.010002,2.390000,0.010000,261.459991,25.209999,65933.609375,37.2,99.12,3.000000,CO,22374
0.730000,0.890000,0.760000,0.740000,0.120000,65.059998,1.700000,-0.440000,262.230011,25.469999,67469.750000,37.21,99.29,3.000000,CO,22375
0.590000,0.720000,0.540000,0.600000,0.120000,64.559998,0.840000,-1.790000,262.459991,24.850000,67956.320312,37.21,99.46,3.000000,CO,22376
0.550000,0.670000,0.400000,0.540000,0.130000,64.459999,0.290000,-2.220000,262.540009,24.590000,67664.289062,37.22,99.63,3.250000,CO,22377
0.460000,0.560000,0.290000,0.440000,0.130000,65.669998,0.350000,-2.100000,262.890015,23.940001,68231.312500,37.23,99.8,3.250000,CO,22378
0.540000,0.650000,0.260000,0.470000,0.130000,67.230003,0.040000,-2.520000,262.820007,21.799999,68707.117188,37.23,99.97,3.250000,CO,22379
0.710000,0.860000,0.310000,0.600000,0.130000,71.239998,-0.480000,-3.430000,262.059998,22.209999,68608.062500,37.24,100.14,3.250000,CO,22380
0.770000,0.930000,0.320000,0.710000,0.130000,73.940002,-0.910000,-3.690000,261.940002,23.320000,68429.968750,37.25,100.31,3.250000,CO,22381
0.700000,0.840000,0.330000,0.740000,0.140000,76.279999,-1.680000,-3.830000,262.260010,24.200001,68033.281250,37.25,100.48,3.500000,CO,22382
0.630000,0.750000,0.410000,0.740000,0.140000,77.750000,-1.590000,-3.720000,261.640015,21.459999,66412.781250,37.26,100.65,3.500000,CO,22383
0.700000,0.850000,0.940000,0.860000,0.130000,77.470001,0.320000,-3.270000,259.519989,22.450001,63508.601562,37.26,100.82,3.250000,CO,22384
1.010000,1.240000,1.390000,1.140000,0.140000,76.389999,2.610000,-2.810000,258.769989,22.530001,62611.109375,37.27,100.99,3.500000,CO,22385
1.950000,2.410000,1.060000,1.190000,0.170000,76.419998,3.070000,-3.120000,261.239990,20.410000,65499.019531,37.27,101.16,4.250000,CO,22386
4.050000,5.190000,1.460000,1.850000,0.230000,75.000000,1.780000,-3.330000,261.899994,22.600000,67707.078125,37.28,101.33,5.785715,PM2.5,22387
7.210000,9.580000,2.920000,3.500000,0.330000,73.330002,1.780000,-2.400000,261.190002,25.830000,67488.328125,37.28,101.51,10.300000,PM2.5,22388
8.140000,10.900000,3.110000,4.300000,0.360000,72.980003,2.490000,-2.140000,262.070007,25.900000,68482.726562,37.29,101.68,11.628572,PM2.5,22389
6.570000,8.560000,2.160000,3.760000,0.310000,75.110001,1.850000,-2.340000,263.820007,23.760000,70003.789062,37.29,101.85,9.385715,PM2.5,22390
5.810000,7.830000,1.820000,3.280000,0.290000,77.000000,1.320000,-2.320000,263.480011,23.719999,69072.726562,37.3,102.02,8.300000,PM2.5,22391
5.450000,7.950000,1.900000,2.930000,0.290000,76.110001,1.690000,-1.630000,261.690002,26.370001,66933.296875,37.3,102.19,7.950000,PM10,22392
6.240000,9.660000,2.220000,3.040000,0.310000,73.709999,1.990000,-0.970000,260.190002,31.270000,65541.250000,37.3,102.36,9.660000,PM10,22393
1.010000,1.090000,0.130000,0.140000,0.130000,65.339996,10.260000,2.750000,253.479996,53.130001,55269.250000,36.71,90.82,3.250000,CO,22578
1.000000,1.070000,0.120000,0.140000,0.120000,64.750000,10.750000,2.780000,254.899994,48.250000,56231.109375,36.73,90.99,3.000000,CO,22579
0.980000,1.050000,0.120000,0.140000,0.120000,63.500000,10.390000,2.010000,257.380005,41.810001,58392.730469,36.74,91.16,3.000000,CO,22580
0.960000,1.030000,0.120000,0.150000,0.120000,62.230000,9.590000,-0.360000,259.760010,37.360001,61091.871094,36.76,91.32,3.000000,CO,22581
0.940000,1.010000,0.120000,0.150000,0.120000,60.470001,8.660000,-3.080000,260.570007,36.430000,62681.968750,36.78,91.49,3.000000,CO,22582
0.920000,1.000000,0.130000,0.150000,0.120000,59.790001,8.330000,-4.650000,259.920013,38.049999,62488.230469,36.8,91.66,3.000000,CO,22583
0.910000,0.980000,0.130000,0.140000,0.120000,59.160000,9.120000,-4.390000,258.850006,39.639999,61153.710938,36.81,91.83,3.000000,CO,22584
0.900000,0.970000,0.120000,0.140000,0.120000,60.060001,10.570000,-2.750000,258.670013,39.150002,60258.031250,36.83,92.0,3.000000,CO,22585
0.890000,0.960000,0.120000,0.140000,0.120000,60.290001,11.570000,-1.050000,260.279999,34.279999,61071.410156,36.85,92.17,3.000000,CO,22586
0.860000,0.930000,0.120000,0.140000,0.120000,58.400002,10.640000,-0.710000,262.890015,29.150000,63363.660156,36.86,92.33,3.000000,CO,22587
0.810000,0.880000,0.120000,0.150000,0.120000,56.080002,7.920000,-1.500000,264.630005,28.559999,66317.843750,36.88,92.5,3.000000,CO,22588
0.730000,0.790000,0.120000,0.170000,0.120000,54.349998,4.810000,-1.240000,264.829987,31.830000,69111.031250,36.89,92.67,3.000000,CO,22589
0.670000,0.740000,0.130000,0.220000,0.120000,54.369999,2.560000,-0.890000,264.089996,34.619999,70863.476562,36.91,92.84,3.000000,CO,22590
0.700000,0.780000,0.160000,0.270000,0.120000,56.410000,1.240000,-0.950000,263.529999,38.169998,71579.171875,36.92,93.01,3.000000,CO,22591
0.810000,0.910000,0.210000,0.330000,0.120000,59.720001,-0.080000,-0.750000,263.160004,44.490002,72077.671875,36.94,93.18,3.000000,CO,22592
0.890000,1.010000,0.250000,0.320000,0.130000,59.959999,-0.510000,-0.090000,262.829987,48.509998,72544.992188,36.95,93.35,3.250000,CO,22593
1.010000,1.150000,0.300000,0.300000,0.130000,62.290001,-0.090000,-0.120000,262.929993,50.919998,73026.406250,36.97,93.51,3.250000,CO,22594
1.040000,1.180000,0.320000,0.250000,0.130000,65.029999,0.130000,-0.770000,262.859985,52.200001,73414.953125,36.98,93.68,3.250000,CO,22595
1.040000,1.190000,0.340000,0.220000,0.130000,67.269997,0.130000,-0.810000,262.820007,52.259998,73549.460938,37.0,93.85,3.250000,CO,22596
1.000000,1.140000,0.350000,0.220000,0.130000,68.760002,0.090000,-0.660000,263.019989,53.950001,73645.593750,37.01,94.02,3.250000,CO,22597
0.930000,1.060000,0.350000,0.230000,0.130000,69.370003,0.080000,-0.370000,263.269989,54.119999,73763.226562,37.03,94.19,3.250000,CO,22598
0.860000,0.980000,0.340000,0.240000,0.130000,69.180000,-0.070000,0.010000,263.690002,51.759998,73818.109375,37.04,94.36,3.250000,CO,22599
0.790000,0.900000,0.330000,0.260000,0.130000,68.750000,-0.590000,0.350000,264.359985,48.459999,73804.062500,37.05,94.53,3.250000,CO,22600
0.720000,0.820000,0.320000,0.270000,0.130000,68.269997,-1.410000,0.630000,265.010010,45.849998,73802.890625,37.07,94.7,3.250000,CO,22601
0.660000,0.750000,0.320000,0.290000,0.120000,67.940002,-2.080000,0.570000,265.640015,42.860001,73864.843750,37.08,94.87,3.000000,CO,22602
0.610000,0.690000,0.330000,0.330000,0.120000,67.739998,-2.540000,0.230000,266.290009,38.000000,73910.601562,37.09,95.04,3.000000,CO,22603
0.580000,0.670000,0.350000,0.410000,0.120000,67.480003,-2.740000,-0.250000,266.670013,32.560001,73793.460938,37.1,95.21,3.000000,CO,22604
0.550000,0.640000,0.370000,0.460000,0.120000,67.599998,-2.840000,-0.680000,266.709991,29.129999,73416.859375,37.12,95.37,3.000000,CO,22605
0.540000,0.620000,0.400000,0.430000,0.120000,67.669998,-2.980000,-0.740000,266.709991,28.549999,72913.148438,37.13,95.54,3.000000,CO,22606
0.510000,0.590000,0.430000,0.400000,0.120000,68.070000,-3.060000,-0.470000,266.309998,27.950001,71837.289062,37.14,95.71,3.000000,CO,22607
0.490000,0.570000,0.480000,0.380000,0.120000,68.629997,-2.980000,-0.260000,264.980011,28.740000,69744.593750,37.15,95.88,3.000000,CO,22608
0.470000,0.560000,0.570000,0.410000,0.120000,68.650002,-2.700000,-0.770000,263.790009,28.490000,68139.078125,37.16,96.05,3.000000,CO,22609
0.480000,0.570000,0.750000,0.500000,0.120000,68.389999,-2.350000,-1.910000,263.359985,26.440001,67781.656250,37.18,96.22,3.000000,CO,22610
0.510000,0.620000,1.010000,0.650000,0.110000,67.989998,-1.550000,-2.710000,263.089996,24.400000,67850.156250,37.19,96.39,2.750000,CO,22611
0.570000,0.700000,1.270000,0.830000,0.110000,66.010002,-0.170000,-2.740000,263.730011,22.080000,69106.062500,37.2,96.56,2.750000,CO,22612
0.780000,0.960000,1.800000,1.120000,0.120000,64.919998,0.670000,-1.880000,265.209991,20.350000,71459.617188,37.21,96.73,3.000000,CO,22613
1.070000,1.340000,2.700000,1.630000,0.120000,66.610001,-0.120000,-1.060000,266.109985,20.450001,72745.656250,37.22,96.9,3.000000,CO,22614
1.550000,1.970000,4.110000,2.550000,0.120000,65.790001,-1.040000,-0.210000,266.350006,20.260000,72743.078125,37.23,97.07,4.110000,SO2,22615
2.420000,3.120000,6.820000,4.650000,0.130000,61.720001,-1.140000,-0.460000,266.579987,18.889999,72693.757812,37.24,97.24,6.820000,SO2,22616
2.220000,2.880000,6.280000,4.480000,0.130000,61.619999,-1.460000,-1.320000,266.329987,18.139999,71974.406250,37.25,97.41,6.280000,SO2,22617
0.910000,1.150000,2.300000,1.700000,0.120000,63.380001,-1.620000,-1.940000,264.980011,19.209999,69756.148438,37.26,97.58,3.000000,CO,22618
0.490000,0.610000,0.980000,0.730000,0.120000,65.559998,-1.720000,-1.100000,263.959991,20.900000,68394.742188,37.27,97.75,3.000000,CO,22619
0.420000,0.510000,0.660000,0.500000,0.120000,66.809998,-1.810000,-0.290000,263.040009,23.450001,67004.882812,37.28,97.92,3.000000,CO,22620
0.440000,0.530000,0.600000,0.440000,0.120000,67.910004,-1.140000,-0.140000,260.649994,27.969999,64308.769531,37.29,98.09,3.000000,CO,22621
0.530000,0.640000,0.700000,0.510000,0.120000,68.629997,-0.450000,-0.100000,259.679993,31.440001,63804.519531,37.29,98.26,3.000000,CO,22622
0.660000,0.800000,0.910000,0.650000,0.120000,69.379997,-0.120000,0.520000,259.410004,33.369999,63684.320312,37.3,98.43,3.000000,CO,22623
0.820000,0.990000,1.120000,0.870000,0.120000,69.989998,1.250000,1.210000,258.329987,32.270000,61990.820312,37.31,98.6,3.000000,CO,22624
0.760000,0.910000,0.980000,0.840000,0.120000,68.959999,3.010000,0.440000,259.000000,26.969999,62659.109375,37.32,98.77,3.000000,CO,22625
0.760000,0.930000,0.840000,0.810000,0.120000,67.209999,2.870000,-0.850000,261.309998,22.730000,65584.679688,37.33,98.94,3.000000,CO,22626
1.010000,1.240000,0.770000,0.900000,0.130000,64.790001,1.310000,-1.300000,262.140015,22.730000,67154.390625,37.33,99.11,3.250000,CO,22627
0.520000,0.630000,0.430000,0.480000,0.120000,64.750000,0.090000,-2.020000,261.959991,22.750000,66953.406250,37.34,99.28,3.000000,CO,22628
0.400000,0.490000,0.310000,0.350000,0.120000,65.230003,-0.150000,-2.420000,261.510010,22.650000,66118.312500,37.35,99.45,3.000000,CO,22629
0.370000,0.450000,0.250000,0.300000,0.120000,65.540001,0.320000,-2.270000,261.260010,22.870001,65654.343750,37.36,99.62,3.000000,CO,22630
0.400000,0.480000,0.220000,0.320000,0.130000,66.589996,0.980000,-2.350000,261.649994,22.950001,65962.593750,37.36,99.79,3.250000,CO,22631
0.490000,0.590000,0.220000,0.400000,0.130000,67.980003,1.060000,-2.820000,262.040009,23.080000,66610.976562,37.37,99.96,3.250000,CO,22632
0.660000,0.790000,0.270000,0.560000,0.130000,71.720001,0.540000,-3.730000,261.549988,26.020000,66838.671875,37.38,100.14,3.250000,CO,22633
0.540000,0.640000,0.200000,0.530000,0.130000,74.629997,-0.210000,-3.980000,261.190002,26.379999,66758.320312,37.38,100.31,3.250000,CO,22634
0.490000,0.570000,0.190000,0.570000,0.130000,76.949997,-1.440000,-3.940000,260.750000,25.100000,66604.117188,37.39,100.48,3.250000,CO,22635
0.480000,0.570000,0.250000,0.620000,0.130000,77.940002,-1.750000,-2.510000,259.649994,24.680000,64942.500000,37.39,100.65,3.250000,CO,22636
0.520000,0.620000,0.520000,0.580000,0.130000,77.949997,0.390000,-1.110000,257.709991,25.430000,62468.160156,37.4,100.82,3.250000,CO,22637
0.770000,0.930000,0.810000,0.800000,0.140000,76.959999,3.350000,-0.950000,257.290009,25.610001,61965.300781,37.4,100.99,3.500000,CO,22638
1.360000,1.620000,0.750000,0.980000,0.150000,76.029999,4.620000,-1.880000,259.450012,23.850000,64367.941406,37.41,101.16,3.750000,CO,22639
2.360000,2.830000,0.750000,1.340000,0.180000,75.610001,3.750000,-3.130000,261.500000,24.049999,67804.343750,37.41,101.33,4.500000,CO,22640
3.150000,3.830000,0.850000,1.640000,0.200000,76.559998,2.240000,-2.770000,262.380005,24.299999,69168.992188,37.42,101.5,5.000000,CO,22641
3.970000,5.360000,1.200000,2.060000,0.240000,76.750000,1.180000,-3.370000,262.290009,23.950001,68130.500000,37.42,101.67,6.000000,CO,22642
2.840000,3.800000,0.880000,1.830000,0.210000,79.290001,0.830000,-3.950000,261.149994,24.790001,66269.312500,37.43,101.84,5.250000,CO,22643
2.710000,4.000000,0.890000,1.660000,0.220000,81.440002,1.840000,-3.960000,259.329987,26.309999,64056.710938,37.43,102.01,5.500000,CO,22644
2.940000,4.610000,0.990000,1.660000,0.240000,79.879997,4.050000,-2.990000,257.820007,27.670000,62346.640625,37.43,102.18,6.000000,CO,22645
1.020000,1.090000,0.120000,0.150000,0.120000,62.650002,9.040000,3.180000,256.730011,45.230000,58492.261719,36.84,90.8,3.000000,CO,22832
0.980000,1.060000,0.120000,0.150000,0.120000,61.509998,8.150000,0.940000,257.899994,42.619999,60028.449219,36.86,90.97,3.000000,CO,22833
0.950000,1.020000,0.120000,0.150000,0.120000,60.930000,6.630000,-2.390000,257.920013,43.299999,61047.339844,36.88,91.13,3.000000,CO,22834
0.930000,1.000000,0.120000,0.140000,0.120000,60.310001,6.880000,-4.670000,257.679993,43.189999,60875.550781,36.9,91.3,3.000000,CO,22835
0.920000,0.990000,0.130000,0.140000,0.120000,60.480000,8.820000,-4.730000,257.540009,42.459999,60230.351562,36.91,91.47,3.000000,CO,22836
0.920000,0.990000,0.130000,0.140000,0.120000,61.290001,10.760000,-2.850000,257.730011,41.240002,59688.019531,36.93,91.64,3.000000,CO,22837
0.910000,0.980000,0.120000,0.140000,0.120000,61.700001,11.780000,-0.470000,258.679993,38.150002,59997.210938,36.95,91.81,3.000000,CO,22838
0.900000,0.970000,0.130000,0.140000,0.120000,60.320000,11.770000,0.950000,260.869995,32.849998,61767.371094,36.96,91.98,3.000000,CO,22839
0.870000,0.940000,0.120000,0.140000,0.120000,58.650002,10.380000,0.530000,263.410004,28.450001,64380.199219,36.98,92.15,3.000000,CO,22840
0.810000,0.870000,0.120000,0.140000,0.120000,56.520000,7.530000,-0.910000,264.750000,28.209999,67260.343750,37.0,92.31,3.000000,CO,22841
0.720000,0.780000,0.120000,0.180000,0.120000,55.220001,4.730000,-1.360000,263.989990,33.049999,69381.851562,37.01,92.48,3.000000,CO,22842
0.660000,0.730000,0.130000,0.250000,0.120000,55.580002,2.780000,-1.150000,262.899994,39.759998,70637.859375,37.03,92.65,3.000000,CO,22843
0.680000,0.760000,0.160000,0.270000,0.120000,57.349998,1.330000,-1.050000,262.350006,44.619999,71695.656250,37.04,92.82,3.000000,CO,22844
0.760000,0.870000,0.200000,0.240000,0.120000,61.889999,0.030000,-0.750000,262.579987,47.730000,72247.132812,37.06,92.99,3.000000,CO,22845
0.810000,0.920000,0.220000,0.180000,0.120000,62.290001,-0.690000,-0.530000,262.510010,51.610001,72509.828125,37.07,93.16,3.000000,CO,22846
0.860000,0.970000,0.240000,0.170000,0.130000,62.590000,-0.510000,-0.590000,262.440002,52.849998,72797.281250,37.09,93.33,3.250000,CO,22847
0.920000,1.040000,0.270000,0.170000,0.130000,63.700001,-0.270000,-0.600000,262.690002,51.650002,73122.031250,37.1,93.5,3.250000,CO,22848
0.960000,1.090000,0.290000,0.180000,0.130000,65.800003,0.010000,-0.820000,262.540009,51.330002,73435.953125,37.12,93.67,3.250000,CO,22849
0.960000,1.100000,0.310000,0.190000,0.130000,67.400002,0.150000,-0.810000,262.600006,51.959999,73606.976562,37.13,93.83,3.250000,CO,22850
0.930000,1.060000,0.320000,0.210000,0.130000,68.970001,0.080000,-0.450000,262.869995,53.700001,73688.007812,37.15,94.0,3.250000,CO,22851
0.850000,0.970000,0.320000,0.220000,0.130000,69.550003,-0.090000,0.010000,263.329987,52.369999,73719.546875,37.16,94.17,3.250000,CO,22852
0.780000,0.890000,0.310000,0.240000,0.130000,69.209999,-0.450000,0.380000,263.959991,48.799999,73746.093750,37.17,94.34,3.250000,CO,22853
0.710000,0.810000,0.290000,0.260000,0.130000,68.529999,-1.120000,0.610000,264.640015,45.459999,73831.656250,37.19,94.51,3.250000,CO,22854
0.650000,0.740000,0.290000,0.280000,0.120000,68.199997,-2.080000,0.710000,265.510010,40.810001,73886.187500,37.2,94.68,3.000000,CO,22855
0.600000,0.690000,0.290000,0.310000,0.120000,68.050003,-2.720000,0.440000,266.200012,35.849998,73695.320312,37.21,94.85,3.000000,CO,22856
0.570000,0.650000,0.300000,0.350000,0.120000,67.940002,-2.870000,-0.050000,266.470001,32.139999,73332.226562,37.23,95.02,3.000000,CO,22857
0.550000,0.630000,0.320000,0.430000,0.120000,67.849998,-2.860000,-0.480000,266.309998,30.170000,72636.437500,37.24,95.19,3.000000,CO,22858
0.530000,0.620000,0.340000,0.490000,0.120000,67.779999,-2.750000,-0.780000,265.679993,29.270000,71628.898438,37.25,95.36,3.000000,CO,22859
0.520000,0.610000,0.370000,0.480000,0.120000,67.690002,-2.580000,-0.780000,265.079987,28.690001,70784.953125,37.26,95.53,3.000000,CO,22860
0.490000,0.580000,0.400000,0.470000,0.120000,68.010002,-2.530000,-0.610000,264.489990,28.530001,69893.140625,37.28,95.7,3.000000,CO,22861
0.460000,0.540000,0.460000,0.470000,0.120000,68.639999,-2.590000,-0.420000,263.739990,28.660000,68663.046875,37.29,95.87,3.000000,CO,22862
0.450000,0.540000,0.600000,0.510000,0.120000,68.919998,-2.580000,-0.570000,262.850006,28.040001,67333.976562,37.3,96.04,3.000000,CO,22863
0.460000,0.570000,0.870000,0.630000,0.110000,68.480003,-2.110000,-1.250000,261.950012,26.190001,66185.937500,37.31,96.21,2.750000,CO,22864
0.510000,0.630000,1.210000,0.800000,0.110000,66.940002,-1.030000,-1.960000,261.720001,23.889999,65948.492188,37.32,96.38,2.750000,CO,22865
0.600000,0.760000,1.600000,1.050000,0.110000,64.699997,-0.060000,-2.400000,263.339996,19.000000,68150.046875,37.33,96.55,2.750000,CO,22866
0.700000,0.890000,1.920000,1.220000,0.110000,63.090000,-0.110000,-1.870000,265.709991,15.670000,71340.476562,37.34,96.72,2.750000,CO,22867
0.930000,1.200000,2.710000,1.620000,0.120000,63.840000,-0.580000,-1.350000,266.299988,15.770000,71926.906250,37.35,96.89,3.000000,CO,22868
1.640000,2.110000,4.660000,2.830000,0.120000,63.209999,-0.500000,-1.320000,265.390015,16.480000,70273.593750,37.36,97.06,4.660000,SO2,22869
3.670000,4.880000,12.140000,8.110000,0.140000,58.119999,-0.250000,-1.370000,264.769989,16.830000,69084.226562,37.37,97.23,12.140000,SO2,22870
3.630000,4.840000,12.020000,8.390000,0.140000,57.919998,-0.130000,-1.950000,264.239990,17.250000,68274.226562,37.38,97.4,12.020000,SO2,22871
1.060000,1.380000,3.140000,2.240000,0.120000,63.009998,-0.020000,-2.530000,263.160004,17.830000,67107.156250,37.39,97.57,3.140000,SO2,22872
0.450000,0.560000,0.970000,0.700000,0.120000,64.730003,0.040000,-2.240000,263.109985,17.139999,66931.742188,37.4,97.74,3.000000,CO,22873
0.340000,0.420000,0.560000,0.410000,0.120000,66.209999,0.480000,-1.880000,262.350006,17.780001,65683.117188,37.41,97.91,3.000000,CO,22874
0.310000,0.370000,0.400000,0.310000,0.120000,66.949997,1.280000,-1.310000,260.070007,20.490000,63105.878906,37.42,98.08,3.000000,CO,22875
0.320000,0.380000,0.320000,0.270000,0.120000,66.699997,1.660000,-0.730000,259.059998,22.389999,62346.660156,37.43,98.25,3.000000,CO,22876
0.360000,0.430000,0.330000,0.290000,0.120000,66.370003,1.820000,0.060000,258.790009,26.030001,62794.031250,37.44,98.42,3.000000,CO,22877
0.460000,0.560000,0.460000,0.450000,0.120000,67.209999,2.050000,1.250000,259.029999,27.120001,63438.570312,37.45,98.59,3.000000,CO,22878
0.490000,0.590000,0.440000,0.510000,0.120000,66.800003,2.030000,0.670000,259.239990,25.520000,63857.039062,37.45,98.76,3.000000,CO,22879
0.550000,0.670000,0.400000,0.520000,0.120000,66.160004,1.660000,-1.000000,259.720001,23.820000,64243.300781,37.46,98.93,3.000000,CO,22880
0.830000,1.030000,0.490000,0.700000,0.130000,65.480003,0.970000,-1.700000,260.359985,22.600000,64677.460938,37.47,99.1,3.250000,CO,22881
0.390000,0.480000,0.260000,0.320000,0.120000,65.970001,0.290000,-1.800000,259.950012,22.840000,64268.558594,37.48,99.27,3.000000,CO,22882
0.300000,0.370000,0.190000,0.230000,0.120000,66.839996,0.150000,-1.740000,259.209991,23.450001,63638.679688,37.48,99.44,3.000000,CO,22883
0.290000,0.350000,0.170000,0.200000,0.120000,67.400002,0.640000,-1.970000,259.200012,23.129999,63328.070312,37.49,99.62,3.000000,CO,22884
0.310000,0.380000,0.160000,0.230000,0.130000,68.050003,1.470000,-2.100000,259.529999,22.490000,63529.031250,37.5,99.79,3.250000,CO,22885
0.360000,0.440000,0.160000,0.280000,0.130000,68.970001,1.780000,-2.510000,260.239990,22.120001,64629.910156,37.51,99.96,3.250000,CO,22886
0.480000,0.580000,0.190000,0.400000,0.130000,72.209999,1.390000,-3.480000,260.019989,24.510000,65279.968750,37.51,100.13,3.250000,CO,22887
0.510000,0.600000,0.180000,0.510000,0.130000,74.750000,0.940000,-3.600000,259.529999,26.090000,64995.460938,37.52,100.3,3.250000,CO,22888
0.510000,0.600000,0.180000,0.560000,0.130000,76.129997,0.570000,-3.070000,259.100006,27.709999,64903.179688,37.52,100.47,3.250000,CO,22889
0.510000,0.600000,0.210000,0.620000,0.130000,76.610001,0.290000,-1.370000,258.690002,27.959999,65054.671875,37.53,100.64,3.250000,CO,22890
0.510000,0.610000,0.350000,0.630000,0.130000,76.779999,1.190000,0.140000,258.489990,27.080000,64691.199219,37.53,100.81,3.250000,CO,22891
0.670000,0.800000,0.530000,0.760000,0.140000,76.550003,3.250000,0.370000,258.500000,26.910000,64374.800781,37.54,100.98,3.500000,CO,22892
1.040000,1.230000,0.570000,0.890000,0.140000,75.410004,4.200000,-0.800000,259.670013,26.840000,66102.937500,37.54,101.15,3.500000,CO,22893
1.560000,1.830000,0.470000,1.010000,0.160000,76.629997,3.070000,-3.720000,260.779999,26.520000,67788.609375,37.55,101.32,4.000000,CO,22894
1.830000,2.410000,0.540000,1.010000,0.170000,77.720001,1.860000,-4.720000,260.519989,24.110001,66047.906250,37.55,101.49,4.250000,CO,22895
1.910000,2.850000,0.680000,1.050000,0.190000,76.839996,1.570000,-3.890000,258.869995,25.930000,63931.238281,37.56,101.66,4.750000,CO,22896
1.970000,2.990000,0.850000,1.380000,0.200000,78.519997,1.510000,-2.470000,258.130005,28.090000,63499.769531,37.56,101.84,5.000000,CO,22897
2.100000,3.320000,0.870000,1.330000,0.210000,79.360001,2.740000,-1.720000,257.239990,28.750000,62495.089844,37.57,102.01,5.250000,CO,22898
0.910000,0.980000,0.130000,0.130000,0.120000,62.669998,11.380000,-2.660000,256.350006,43.529999,57874.679688,37.05,91.45,3.000000,CO,23089
0.910000,0.980000,0.130000,0.140000,0.120000,62.119999,12.480000,-0.890000,259.049988,35.900002,59916.398438,37.06,91.62,3.000000,CO,23090
0.890000,0.960000,0.140000,0.140000,0.120000,61.060001,11.490000,0.170000,261.420013,31.280001,62214.488281,37.08,91.79,3.000000,CO,23091
0.860000,0.920000,0.130000,0.140000,0.120000,58.990002,8.990000,-0.320000,263.429993,28.240000,64696.621094,37.1,91.96,3.000000,CO,23092
0.770000,0.830000,0.130000,0.140000,0.120000,57.099998,6.250000,-1.400000,264.019989,29.190001,67006.890625,37.11,92.12,3.000000,CO,23093
0.670000,0.730000,0.120000,0.150000,0.110000,56.680000,4.140000,-1.800000,263.480011,33.439999,69087.218750,37.13,92.29,2.750000,CO,23094
0.620000,0.680000,0.130000,0.210000,0.110000,56.830002,2.350000,-1.610000,262.510010,40.959999,70766.023438,37.15,92.46,2.750000,CO,23095
0.620000,0.700000,0.150000,0.320000,0.120000,59.459999,0.830000,-0.990000,261.859985,47.259998,71765.820312,37.16,92.63,3.000000,CO,23096
0.710000,0.810000,0.190000,0.310000,0.120000,61.459999,0.150000,-0.450000,261.529999,51.740002,72259.882812,37.18,92.8,3.000000,CO,23097
0.760000,0.860000,0.210000,0.240000,0.120000,63.110001,-0.260000,-0.570000,261.899994,54.430000,72525.117188,37.19,92.97,3.000000,CO,23098
0.790000,0.890000,0.220000,0.160000,0.130000,62.419998,-0.430000,-0.700000,261.890015,56.070000,72726.578125,37.21,93.14,3.250000,CO,23099
0.820000,0.920000,0.230000,0.150000,0.130000,63.720001,-0.120000,-0.880000,261.980011,54.869999,72997.828125,37.22,93.31,3.250000,CO,23100
0.860000,0.970000,0.250000,0.150000,0.130000,64.180000,0.100000,-1.030000,262.230011,53.419998,73323.156250,37.24,93.48,3.250000,CO,23101
0.910000,1.030000,0.270000,0.170000,0.130000,65.790001,0.300000,-0.920000,262.209991,52.630001,73557.109375,37.25,93.65,3.250000,CO,23102
0.910000,1.040000,0.290000,0.180000,0.130000,67.510002,0.340000,-0.710000,262.410004,52.310001,73702.468750,37.27,93.82,3.250000,CO,23103
0.880000,1.000000,0.300000,0.220000,0.130000,69.120003,0.150000,-0.230000,262.730011,53.320000,73779.242188,37.28,93.99,3.250000,CO,23104
0.800000,0.920000,0.290000,0.260000,0.130000,69.580002,-0.300000,0.400000,263.420013,50.430000,73732.257812,37.3,94.16,3.250000,CO,23105
0.730000,0.830000,0.280000,0.290000,0.130000,68.910004,-1.010000,0.800000,264.269989,45.709999,73669.593750,37.31,94.33,3.250000,CO,23106
0.660000,0.750000,0.270000,0.320000,0.120000,68.379997,-1.810000,0.800000,265.119995,41.029999,73680.281250,37.32,94.49,3.000000,CO,23107
0.610000,0.700000,0.270000,0.340000,0.120000,68.360001,-2.620000,0.780000,265.920013,35.980000,73485.742188,37.34,94.66,3.000000,CO,23108
0.580000,0.660000,0.270000,0.370000,0.120000,68.410004,-3.010000,0.630000,266.010010,32.959999,72734.109375,37.35,94.83,3.000000,CO,23109
0.550000,0.630000,0.280000,0.410000,0.120000,68.489998,-2.920000,0.280000,265.519989,31.650000,71677.046875,37.36,95.0,3.000000,CO,23110
0.530000,0.610000,0.290000,0.470000,0.120000,68.320000,-2.610000,-0.010000,264.820007,31.090000,70560.257812,37.38,95.17,3.000000,CO,23111
0.520000,0.610000,0.320000,0.550000,0.120000,68.419998,-2.240000,0.000000,264.019989,30.170000,69536.546875,37.39,95.34,3.000000,CO,23112
0.510000,0.600000,0.340000,0.560000,0.110000,68.260002,-2.050000,-0.040000,263.720001,28.080000,69030.617188,37.4,95.51,2.750000,CO,23113
0.480000,0.570000,0.360000,0.540000,0.110000,68.190002,-1.980000,-0.650000,263.660004,26.559999,68710.171875,37.41,95.68,2.750000,CO,23114
0.440000,0.520000,0.390000,0.510000,0.110000,68.800003,-1.780000,-1.030000,263.239990,26.230000,67986.093750,37.42,95.85,2.750000,CO,23115
0.410000,0.500000,0.440000,0.480000,0.110000,68.430000,-1.580000,-0.920000,262.459991,26.059999,66757.968750,37.43,96.02,2.750000,CO,23116
0.400000,0.490000,0.580000,0.510000,0.110000,67.790001,-1.280000,-0.940000,261.399994,25.090000,65369.878906,37.45,96.19,2.750000,CO,23117
0.410000,0.510000,0.780000,0.610000,0.110000,66.690002,-0.720000,-1.510000,261.029999,22.209999,64997.769531,37.46,96.36,2.750000,CO,23118
0.460000,0.570000,0.960000,0.730000,0.110000,64.839996,-0.220000,-2.210000,262.200012,17.400000,66269.531250,37.47,96.54,2.750000,CO,23119
0.500000,0.620000,1.110000,0.780000,0.110000,63.700001,-0.260000,-2.150000,263.920013,15.090000,68203.203125,37.48,96.71,2.750000,CO,23120
0.600000,0.760000,1.460000,0.930000,0.110000,63.959999,-0.640000,-2.060000,264.010010,15.540000,68253.476562,37.49,96.88,2.750000,CO,23121
0.860000,1.090000,2.150000,1.270000,0.110000,64.459999,-0.220000,-1.700000,261.380005,18.190001,64651.179688,37.5,97.05,2.750000,CO,23122
2.000000,2.650000,6.830000,4.320000,0.120000,61.660000,0.860000,-1.220000,259.029999,20.350000,61656.761719,37.51,97.22,6.830000,SO2,23123
2.220000,2.970000,8.070000,5.420000,0.130000,60.029999,1.330000,-1.570000,259.309998,19.610001,62291.589844,37.52,97.39,8.070000,SO2,23124
0.810000,1.050000,2.520000,1.760000,0.120000,64.370003,0.650000,-2.580000,260.209991,18.320000,63628.531250,37.53,97.56,3.000000,CO,23125
0.350000,0.430000,0.690000,0.490000,0.120000,66.300003,0.410000,-2.560000,260.209991,17.610001,63295.410156,37.54,97.73,3.000000,CO,23126
0.290000,0.350000,0.450000,0.330000,0.120000,65.919998,1.980000,-2.490000,258.250000,18.889999,60869.578125,37.55,97.9,3.000000,CO,23127
0.270000,0.320000,0.340000,0.260000,0.120000,66.150002,3.740000,-2.010000,257.119995,19.680000,59502.578125,37.56,98.07,3.000000,CO,23128
0.260000,0.310000,0.260000,0.220000,0.120000,66.320000,3.820000,-1.530000,258.140015,19.530001,60707.949219,37.57,98.24,3.000000,CO,23129
0.260000,0.310000,0.200000,0.190000,0.120000,65.680000,2.950000,-1.000000,259.109985,20.340000,62389.859375,37.57,98.41,3.000000,CO,23130
0.300000,0.370000,0.160000,0.280000,0.120000,65.680000,1.670000,-0.190000,259.670013,21.490000,64068.609375,37.58,98.58,3.000000,CO,23131
0.310000,0.390000,0.160000,0.270000,0.120000,66.919998,0.330000,0.040000,258.970001,22.959999,63580.960938,37.59,98.75,3.000000,CO,23132
0.330000,0.410000,0.160000,0.250000,0.120000,67.599998,0.370000,-0.680000,257.890015,23.750000,61916.960938,37.6,98.92,3.000000,CO,23133
0.390000,0.480000,0.180000,0.280000,0.120000,67.949997,0.960000,-0.850000,258.040009,23.400000,62002.589844,37.61,99.09,3.000000,CO,23134
0.240000,0.300000,0.120000,0.160000,0.120000,68.349998,0.880000,-0.690000,258.339996,23.500000,62741.820312,37.61,99.26,3.000000,CO,23135
0.220000,0.270000,0.110000,0.140000,0.120000,69.120003,0.480000,-0.980000,258.170013,23.530001,62828.351562,37.62,99.44,3.000000,CO,23136
0.230000,0.280000,0.110000,0.150000,0.120000,69.379997,1.060000,-1.420000,257.529999,23.200001,61658.941406,37.63,99.61,3.000000,CO,23137
0.250000,0.300000,0.110000,0.160000,0.130000,69.370003,2.390000,-1.450000,257.700012,23.080000,61683.328125,37.63,99.78,3.250000,CO,23138
0.280000,0.340000,0.120000,0.190000,0.130000,69.459999,2.640000,-1.610000,258.859985,23.000000,63239.449219,37.64,99.95,3.250000,CO,23139
0.350000,0.420000,0.130000,0.270000,0.130000,72.269997,2.330000,-2.190000,258.589996,26.240000,63722.910156,37.65,100.12,3.250000,CO,23140
0.450000,0.530000,0.160000,0.450000,0.130000,74.769997,2.500000,-2.140000,258.220001,27.620001,63734.500000,37.65,100.29,3.250000,CO,23141
0.490000,0.580000,0.170000,0.530000,0.130000,76.019997,2.710000,-1.970000,258.410004,28.110001,64244.351562,37.66,100.46,3.250000,CO,23142
0.510000,0.600000,0.190000,0.590000,0.130000,76.480003,2.280000,-1.830000,258.500000,29.139999,65173.718750,37.66,100.63,3.250000,CO,23143
0.520000,0.610000,0.240000,0.630000,0.130000,76.870003,2.410000,-1.380000,258.350006,28.650000,65044.730469,37.67,100.8,3.250000,CO,23144
0.620000,0.730000,0.350000,0.710000,0.140000,76.800003,3.500000,-1.060000,258.700012,28.330000,65225.101562,37.68,100.97,3.500000,CO,23145
0.970000,1.230000,0.410000,0.780000,0.150000,76.589996,2.760000,-2.380000,259.700012,28.920000,67072.726562,37.68,101.15,3.750000,CO,23146
1.730000,2.350000,0.570000,1.020000,0.170000,77.650002,1.390000,-3.780000,259.040009,27.920000,65325.578125,37.69,101.32,4.250000,CO,23147
1.990000,3.020000,0.690000,1.020000,0.200000,78.070000,2.740000,-3.090000,256.799988,26.389999,61942.460938,37.69,101.49,5.000000,CO,23148
1.850000,2.980000,0.700000,0.960000,0.200000,77.739998,4.130000,-1.510000,258.420013,25.190001,63446.500000,37.69,101.66,5.000000,CO,23149
2.110000,3.440000,1.010000,1.250000,0.210000,77.400002,3.810000,1.500000,261.510010,24.200001,67360.648438,37.7,102.0,5.250000,CO,23151
0.890000,0.960000,0.140000,0.130000,0.120000,64.589996,12.310000,-0.910000,256.350006,42.730000,57480.519531,37.18,91.43,3.000000,CO,23345
0.890000,0.950000,0.140000,0.130000,0.120000,63.570000,12.710000,-1.890000,259.790009,33.490002,60267.980469,37.2,91.6,3.000000,CO,23346
0.860000,0.930000,0.140000,0.130000,0.120000,61.549999,9.970000,-2.190000,262.480011,28.780001,62941.378906,37.22,91.77,3.000000,CO,23347
0.780000,0.840000,0.130000,0.140000,0.110000,58.610001,5.770000,-2.550000,263.600006,28.219999,65475.648438,37.23,91.94,2.750000,CO,23348
0.680000,0.740000,0.130000,0.140000,0.110000,58.560001,3.480000,-1.810000,263.440002,31.120001,67709.968750,37.25,92.1,2.750000,CO,23349
0.610000,0.670000,0.120000,0.200000,0.110000,57.630001,2.120000,-1.150000,262.739990,37.630001,69866.382812,37.27,92.27,2.750000,CO,23350
0.590000,0.650000,0.130000,0.290000,0.120000,58.389999,0.700000,-1.000000,261.609985,46.889999,71393.960938,37.28,92.44,3.000000,CO,23351
0.620000,0.700000,0.160000,0.300000,0.120000,60.980000,0.020000,-0.650000,260.850006,55.509998,72173.117188,37.3,92.61,3.000000,CO,23352
0.670000,0.750000,0.180000,0.230000,0.120000,62.279999,0.030000,-0.380000,260.690002,60.209999,72678.453125,37.31,92.78,3.000000,CO,23353
0.710000,0.800000,0.190000,0.180000,0.120000,63.340000,-0.010000,-0.490000,260.980011,61.250000,72823.796875,37.33,92.95,3.000000,CO,23354
0.750000,0.840000,0.200000,0.140000,0.130000,63.610001,0.020000,-0.620000,261.519989,58.610001,72910.843750,37.34,93.12,3.250000,CO,23355
0.790000,0.890000,0.220000,0.140000,0.130000,64.059998,0.250000,-0.910000,261.690002,57.619999,73273.453125,37.36,93.29,3.250000,CO,23356
0.830000,0.940000,0.240000,0.150000,0.130000,64.580002,0.500000,-1.090000,261.769989,56.470001,73587.281250,37.37,93.46,3.250000,CO,23357
0.880000,0.990000,0.260000,0.160000,0.130000,66.290001,0.530000,-0.860000,261.929993,53.970001,73735.140625,37.39,93.63,3.250000,CO,23358
0.880000,0.990000,0.280000,0.180000,0.130000,68.029999,0.380000,-0.560000,262.239990,52.939999,73842.750000,37.4,93.8,3.250000,CO,23359
0.830000,0.950000,0.280000,0.220000,0.130000,69.290001,0.150000,0.020000,262.640015,52.799999,73904.210938,37.42,93.97,3.250000,CO,23360
0.770000,0.880000,0.270000,0.280000,0.130000,69.260002,-0.610000,0.870000,263.619995,47.990002,73751.031250,37.43,94.14,3.250000,CO,23361
0.700000,0.790000,0.260000,0.310000,0.130000,68.669998,-1.590000,1.310000,264.690002,42.439999,73424.046875,37.44,94.31,3.250000,CO,23362
0.630000,0.720000,0.250000,0.310000,0.120000,68.459999,-2.210000,1.350000,265.290009,38.340000,73037.250000,37.46,94.48,3.000000,CO,23363
0.590000,0.670000,0.250000,0.320000,0.120000,68.660004,-2.630000,1.510000,265.459991,35.189999,72329.328125,37.47,94.65,3.000000,CO,23364
0.560000,0.640000,0.260000,0.340000,0.120000,68.930000,-2.870000,1.590000,265.010010,33.820000,71172.992188,37.48,94.82,3.000000,CO,23365
0.530000,0.610000,0.260000,0.360000,0.120000,69.209999,-2.740000,1.440000,264.079987,33.799999,69676.242188,37.5,94.99,3.000000,CO,23366
0.510000,0.600000,0.270000,0.420000,0.120000,69.540001,-1.980000,1.090000,263.149994,33.009998,68372.929688,37.51,95.16,3.000000,CO,23367
0.510000,0.610000,0.300000,0.540000,0.110000,69.680000,-1.390000,0.750000,263.190002,28.469999,68403.859375,37.52,95.33,2.750000,CO,23368
0.510000,0.620000,0.320000,0.560000,0.110000,68.830002,-1.630000,0.060000,263.799988,23.000000,68660.242188,37.53,95.5,2.750000,CO,23369
0.480000,0.590000,0.320000,0.510000,0.110000,68.180000,-1.490000,-0.660000,262.910004,22.629999,67138.398438,37.55,95.67,2.750000,CO,23370
0.430000,0.510000,0.310000,0.410000,0.110000,68.059998,-0.890000,-0.820000,261.500000,25.030001,65504.589844,37.56,95.84,2.750000,CO,23371
0.390000,0.470000,0.340000,0.360000,0.110000,68.070000,-0.590000,-0.720000,260.820007,25.270000,64758.429688,37.57,96.01,2.750000,CO,23372
0.360000,0.430000,0.380000,0.330000,0.110000,67.449997,-0.360000,-0.600000,260.260010,23.750000,63883.570312,37.58,96.18,2.750000,CO,23373
0.350000,0.420000,0.500000,0.390000,0.110000,66.449997,-0.210000,-1.060000,259.829987,20.889999,63430.640625,37.59,96.35,2.750000,CO,23374
0.350000,0.430000,0.580000,0.440000,0.110000,65.550003,0.160000,-1.530000,259.640015,18.090000,62943.320312,37.6,96.52,2.750000,CO,23375
0.360000,0.440000,0.630000,0.460000,0.110000,64.919998,0.470000,-1.780000,259.700012,17.139999,62794.390625,37.61,96.69,2.750000,CO,23376
0.390000,0.470000,0.730000,0.510000,0.110000,64.860001,-0.160000,-1.950000,259.910004,17.420000,63211.449219,37.62,96.86,2.750000,CO,23377
0.480000,0.580000,0.960000,0.650000,0.110000,65.470001,0.240000,-1.100000,258.079987,19.690001,61125.750000,37.63,97.03,2.750000,CO,23378
0.870000,1.110000,2.620000,1.790000,0.110000,64.900002,2.030000,-0.120000,256.570007,20.680000,59108.609375,37.64,97.2,2.750000,CO,23379
1.220000,1.600000,4.190000,2.970000,0.120000,62.259998,2.020000,-1.230000,257.149994,20.139999,60421.789062,37.65,97.37,4.190000,SO2,23380
0.660000,0.840000,1.960000,1.370000,0.120000,65.120003,0.760000,-2.390000,258.040009,19.170000,61449.890625,37.66,97.55,3.000000,CO,23381
0.370000,0.450000,0.770000,0.550000,0.120000,67.529999,0.970000,-1.960000,257.089996,19.920000,59995.859375,37.67,97.72,3.000000,CO,23382
0.310000,0.370000,0.500000,0.370000,0.120000,66.309998,2.860000,-1.150000,255.029999,22.410000,57844.281250,37.68,97.89,3.000000,CO,23383
0.280000,0.330000,0.380000,0.290000,0.120000,65.769997,4.760000,-0.990000,254.940002,22.730000,57635.980469,37.69,98.06,3.000000,CO,23384
0.260000,0.310000,0.280000,0.230000,0.120000,65.650002,4.870000,-1.400000,257.130005,21.480000,59992.730469,37.7,98.23,3.000000,CO,23385
0.240000,0.290000,0.200000,0.180000,0.120000,66.320000,3.570000,-1.710000,258.709991,21.309999,62139.750000,37.71,98.4,3.000000,CO,23386
0.260000,0.320000,0.120000,0.220000,0.120000,67.059998,1.970000,-1.730000,259.170013,20.680000,63215.828125,37.72,98.57,3.000000,CO,23387
0.260000,0.330000,0.110000,0.200000,0.120000,67.919998,0.780000,-0.770000,258.299988,22.219999,62572.250000,37.73,98.74,3.000000,CO,23388
0.280000,0.350000,0.110000,0.190000,0.120000,68.769997,1.110000,-0.600000,256.850006,24.080000,60786.441406,37.73,98.91,3.000000,CO,23389
0.310000,0.390000,0.130000,0.210000,0.120000,69.040001,1.940000,-0.730000,256.929993,23.750000,60911.710938,37.74,99.08,3.000000,CO,23390
0.230000,0.290000,0.100000,0.140000,0.120000,69.480003,1.710000,-0.650000,257.739990,22.639999,62039.320312,37.75,99.26,3.000000,CO,23391
0.210000,0.250000,0.090000,0.120000,0.120000,70.070000,1.190000,-0.760000,257.500000,22.900000,62074.261719,37.76,99.43,3.000000,CO,23392
0.210000,0.260000,0.090000,0.130000,0.130000,70.099998,1.970000,-0.420000,256.529999,22.959999,60919.339844,37.76,99.6,3.250000,CO,23393
0.230000,0.280000,0.090000,0.150000,0.130000,69.849998,3.330000,-0.230000,256.859985,22.190001,61155.558594,37.77,99.77,3.250000,CO,23394
0.260000,0.310000,0.100000,0.180000,0.130000,69.730003,3.450000,-0.260000,258.070007,22.459999,62723.011719,37.78,99.94,3.250000,CO,23395
0.330000,0.390000,0.120000,0.260000,0.130000,72.169998,3.190000,-0.340000,258.100006,25.900000,63549.691406,37.78,100.11,3.250000,CO,23396
0.400000,0.480000,0.140000,0.420000,0.130000,74.870003,3.230000,-0.310000,257.989990,27.610001,64017.050781,37.79,100.28,3.250000,CO,23397
0.450000,0.530000,0.160000,0.500000,0.130000,75.779999,3.080000,-0.550000,257.799988,28.700001,64163.078125,37.79,100.45,3.250000,CO,23398
0.500000,0.580000,0.180000,0.520000,0.130000,75.419998,3.010000,-1.000000,257.820007,27.860001,64191.789062,37.8,100.63,3.250000,CO,23399
0.540000,0.640000,0.210000,0.590000,0.130000,75.629997,3.420000,-1.130000,258.049988,26.910000,64222.570312,37.81,100.8,3.250000,CO,23400
0.630000,0.770000,0.290000,0.650000,0.140000,76.430000,3.620000,-1.620000,258.149994,28.639999,64725.390625,37.81,100.97,3.500000,CO,23401
0.850000,1.140000,0.360000,0.700000,0.150000,76.879997,2.970000,-2.600000,258.209991,30.280001,64806.648438,37.82,101.14,3.750000,CO,23402
1.500000,2.320000,0.590000,0.900000,0.190000,77.480003,4.990000,0.010000,258.910004,25.719999,64484.398438,37.83,101.48,4.750000,CO,23404
0.880000,0.950000,0.140000,0.120000,0.120000,64.330002,10.480000,2.430000,254.479996,50.150002,56436.960938,37.3,91.24,3.000000,CO,23601
0.900000,0.970000,0.150000,0.130000,0.120000,64.080002,11.680000,0.990000,256.559998,42.459999,57728.898438,37.32,91.41,3.000000,CO,23602
0.900000,0.970000,0.150000,0.130000,0.120000,63.639999,12.190000,-0.880000,258.730011,35.330002,59217.671875,37.33,91.58,3.000000,CO,23603
0.860000,0.930000,0.140000,0.130000,0.120000,61.509998,9.890000,-2.700000,262.220001,28.969999,62283.429688,37.35,91.74,3.000000,CO,23604
0.740000,0.800000,0.130000,0.150000,0.110000,58.360001,5.080000,-2.560000,264.269989,29.059999,66565.789062,37.37,91.91,2.750000,CO,23605
0.640000,0.700000,0.120000,0.170000,0.110000,58.740002,2.170000,-0.890000,263.459991,33.290001,69151.000000,37.38,92.08,2.750000,CO,23606
0.580000,0.640000,0.130000,0.300000,0.110000,58.700001,0.960000,-0.260000,262.000000,42.709999,70508.500000,37.4,92.25,2.750000,CO,23607
0.580000,0.640000,0.140000,0.410000,0.120000,60.000000,0.460000,-0.010000,261.100006,51.480000,71512.226562,37.42,92.42,3.000000,CO,23608
0.590000,0.660000,0.150000,0.240000,0.120000,61.820000,0.470000,-0.030000,260.769989,58.270000,72405.703125,37.43,92.59,3.000000,CO,23609
0.630000,0.700000,0.160000,0.170000,0.120000,63.110001,0.520000,-0.280000,260.399994,63.849998,73032.789062,37.45,92.76,3.000000,CO,23610
0.680000,0.760000,0.180000,0.140000,0.120000,64.070000,0.390000,-0.390000,260.589996,64.690002,73136.406250,37.46,92.93,3.000000,CO,23611
0.730000,0.820000,0.200000,0.140000,0.130000,64.690002,0.310000,-0.530000,261.149994,60.860001,73195.476562,37.48,93.1,3.250000,CO,23612
0.780000,0.880000,0.220000,0.150000,0.130000,64.940002,0.470000,-0.870000,261.440002,58.360001,73460.710938,37.49,93.27,3.250000,CO,23613
0.830000,0.940000,0.240000,0.160000,0.130000,65.620003,0.510000,-0.980000,261.589996,56.560001,73733.039062,37.51,93.44,3.250000,CO,23614
0.860000,0.970000,0.260000,0.170000,0.130000,67.070000,0.250000,-0.700000,261.920013,53.919998,73809.367188,37.52,93.61,3.250000,CO,23615
0.840000,0.960000,0.270000,0.180000,0.130000,68.800003,-0.110000,-0.330000,262.559998,50.320000,73720.226562,37.54,93.78,3.250000,CO,23616
0.790000,0.900000,0.260000,0.200000,0.130000,69.260002,-0.350000,0.280000,263.019989,49.189999,73754.242188,37.55,93.95,3.250000,CO,23617
0.730000,0.830000,0.250000,0.220000,0.130000,68.870003,-0.980000,1.240000,263.950012,45.150002,73628.570312,37.57,94.12,3.250000,CO,23618
0.670000,0.760000,0.240000,0.230000,0.120000,68.440002,-1.760000,1.900000,264.859985,40.669998,73053.250000,37.58,94.29,3.000000,CO,23619
0.620000,0.700000,0.240000,0.240000,0.120000,68.230003,-2.030000,2.230000,265.089996,38.240002,72405.367188,37.59,94.46,3.000000,CO,23620
0.580000,0.660000,0.240000,0.250000,0.120000,68.610001,-2.210000,2.530000,265.029999,35.849998,71556.242188,37.61,94.63,3.000000,CO,23621
0.540000,0.620000,0.240000,0.270000,0.120000,69.050003,-2.410000,2.580000,264.540009,34.610001,70416.750000,37.62,94.8,3.000000,CO,23622
0.520000,0.600000,0.240000,0.300000,0.120000,69.879997,-2.290000,2.460000,263.709991,33.709999,69022.421875,37.63,94.97,3.000000,CO,23623
0.500000,0.590000,0.250000,0.380000,0.120000,70.870003,-1.740000,2.250000,263.010010,30.629999,67900.460938,37.65,95.14,3.000000,CO,23624
0.540000,0.660000,0.290000,0.570000,0.110000,70.650002,-1.380000,0.920000,263.480011,22.559999,68185.281250,37.66,95.31,2.750000,CO,23625
0.540000,0.670000,0.290000,0.590000,0.110000,70.029999,-0.740000,-0.760000,263.170013,19.690001,67091.609375,37.67,95.48,2.750000,CO,23626
0.500000,0.620000,0.280000,0.510000,0.110000,68.809998,0.450000,-1.040000,260.779999,21.020000,63934.839844,37.68,95.65,2.750000,CO,23627
0.440000,0.530000,0.270000,0.400000,0.110000,68.059998,0.560000,-0.350000,259.839996,21.920000,63289.871094,37.69,95.82,2.750000,CO,23628
0.380000,0.460000,0.260000,0.310000,0.110000,67.489998,-0.180000,-0.470000,259.690002,22.530001,63541.148438,37.71,96.0,2.750000,CO,23629
0.330000,0.390000,0.270000,0.260000,0.110000,67.470001,0.140000,-0.570000,258.989990,20.990000,62433.761719,37.72,96.17,2.750000,CO,23630
0.310000,0.370000,0.310000,0.270000,0.110000,67.180000,0.880000,-1.170000,258.760010,18.760000,62155.789062,37.73,96.34,2.750000,CO,23631
0.310000,0.360000,0.350000,0.290000,0.110000,66.930000,1.290000,-1.290000,258.350006,17.959999,61503.300781,37.74,96.51,2.750000,CO,23632
0.310000,0.370000,0.390000,0.300000,0.110000,65.910004,1.970000,-1.070000,257.279999,18.510000,60168.140625,37.75,96.68,2.750000,CO,23633
0.320000,0.380000,0.450000,0.340000,0.110000,64.919998,1.820000,-0.980000,256.899994,18.940001,60069.941406,37.76,96.85,2.750000,CO,23634
0.360000,0.440000,0.590000,0.440000,0.110000,65.290001,1.290000,-0.290000,256.429993,20.860001,60401.078125,37.77,97.02,2.750000,CO,23635
0.550000,0.680000,1.300000,0.950000,0.110000,65.550003,1.400000,0.130000,256.589996,20.990000,60551.820312,37.78,97.19,2.750000,CO,23636
0.820000,1.050000,2.460000,1.810000,0.120000,64.559998,1.150000,-1.120000,256.609985,20.670000,60326.269531,37.79,97.36,3.000000,CO,23637
0.610000,0.770000,1.690000,1.220000,0.120000,65.650002,1.420000,-1.450000,255.949997,20.580000,59115.980469,37.8,97.53,3.000000,CO,23638
0.440000,0.540000,0.990000,0.720000,0.120000,66.550003,2.760000,-0.880000,254.929993,22.340000,58000.171875,37.81,97.7,3.000000,CO,23639
0.350000,0.430000,0.660000,0.490000,0.120000,66.699997,4.030000,-0.070000,254.800003,24.090000,57968.289062,37.82,97.88,3.000000,CO,23640
0.310000,0.380000,0.490000,0.380000,0.120000,66.120003,4.870000,-0.030000,255.610001,24.670000,58722.429688,37.83,98.05,3.000000,CO,23641
0.280000,0.340000,0.360000,0.290000,0.120000,65.550003,4.620000,-0.330000,257.100006,24.040001,60457.480469,37.84,98.22,3.000000,CO,23642
0.240000,0.300000,0.230000,0.200000,0.120000,66.559998,3.300000,-0.880000,257.519989,24.200001,61443.300781,37.84,98.39,3.000000,CO,23643
0.230000,0.290000,0.110000,0.170000,0.120000,68.160004,2.610000,-1.500000,257.190002,23.510000,61104.160156,37.85,98.56,3.000000,CO,23644
0.230000,0.290000,0.090000,0.160000,0.120000,68.930000,2.500000,-1.050000,257.029999,23.510000,60998.109375,37.86,98.73,3.000000,CO,23645
0.240000,0.310000,0.100000,0.150000,0.120000,69.629997,2.520000,-0.650000,256.299988,24.299999,60266.808594,37.87,98.9,3.000000,CO,23646
0.260000,0.330000,0.100000,0.160000,0.120000,69.989998,2.930000,-0.990000,256.179993,23.139999,60024.578125,37.88,99.07,3.000000,CO,23647
0.230000,0.280000,0.090000,0.140000,0.120000,70.019997,2.880000,-0.960000,256.820007,20.980000,60760.710938,37.88,99.25,3.000000,CO,23648
0.210000,0.260000,0.080000,0.120000,0.120000,70.239998,2.790000,-0.440000,256.940002,20.780001,61236.339844,37.89,99.42,3.000000,CO,23649
0.210000,0.260000,0.080000,0.130000,0.130000,70.430000,3.340000,0.280000,257.059998,20.639999,61579.101562,37.9,99.59,3.250000,CO,23650
0.220000,0.270000,0.080000,0.160000,0.130000,70.449997,3.770000,0.450000,257.670013,20.559999,62449.769531,37.9,99.76,3.250000,CO,23651
0.250000,0.300000,0.090000,0.200000,0.130000,70.360001,3.570000,0.530000,258.089996,22.430000,63343.230469,37.91,99.93,3.250000,CO,23652
0.340000,0.400000,0.120000,0.300000,0.130000,72.690002,3.530000,0.720000,258.019989,26.080000,63874.078125,37.92,100.1,3.250000,CO,23653
0.380000,0.450000,0.130000,0.430000,0.130000,74.370003,3.700000,1.190000,258.540009,26.240000,64725.550781,37.92,100.28,3.250000,CO,23654
0.440000,0.520000,0.160000,0.500000,0.130000,74.410004,3.300000,1.370000,258.700012,26.889999,65266.371094,37.93,100.45,3.250000,CO,23655
0.530000,0.630000,0.200000,0.510000,0.130000,74.309998,2.930000,0.510000,257.809998,29.740000,64980.820312,37.94,100.62,3.250000,CO,23656
0.690000,0.840000,0.270000,0.630000,0.140000,75.010002,3.160000,0.180000,257.279999,32.279999,64705.910156,37.94,100.79,3.500000,CO,23657
0.790000,1.000000,0.320000,0.680000,0.150000,76.089996,3.700000,-0.030000,257.299988,32.220001,64333.300781,37.95,100.96,3.750000,CO,23658
0.900000,0.970000,0.150000,0.130000,0.120000,63.650002,10.830000,5.080000,257.559998,41.500000,59015.300781,37.43,91.22,3.000000,CO,23855
0.900000,0.970000,0.140000,0.130000,0.120000,64.449997,11.430000,3.680000,259.790009,35.080002,60549.449219,37.45,91.38,3.000000,CO,23856
0.890000,0.950000,0.140000,0.130000,0.120000,63.959999,10.750000,1.250000,261.940002,30.680000,62230.781250,37.47,91.55,3.000000,CO,23857
0.800000,0.860000,0.130000,0.150000,0.110000,60.730000,7.910000,-1.330000,263.519989,30.219999,64996.320312,37.49,91.72,2.750000,CO,23858
0.690000,0.750000,0.130000,0.200000,0.110000,58.740002,4.110000,-1.400000,264.040009,32.630001,68511.906250,37.5,91.89,2.750000,CO,23859
0.620000,0.670000,0.120000,0.240000,0.110000,58.840000,1.360000,0.060000,262.660004,38.369999,69914.648438,37.52,92.06,2.750000,CO,23860
0.560000,0.620000,0.120000,0.280000,0.110000,59.410000,0.360000,0.610000,261.489990,47.040001,70379.117188,37.54,92.23,2.750000,CO,23861
0.560000,0.620000,0.140000,0.270000,0.120000,60.910000,0.390000,0.890000,261.119995,53.849998,71556.476562,37.55,92.4,3.000000,CO,23862
0.590000,0.650000,0.150000,0.180000,0.120000,62.669998,0.300000,0.390000,260.839996,59.450001,72563.828125,37.57,92.57,3.000000,CO,23863
0.640000,0.700000,0.160000,0.130000,0.120000,64.209999,0.220000,-0.190000,260.649994,64.379997,72935.546875,37.58,92.74,3.000000,CO,23864
0.690000,0.770000,0.180000,0.130000,0.130000,65.160004,0.160000,-0.420000,260.809998,63.930000,73172.523438,37.6,92.91,3.250000,CO,23865
0.750000,0.830000,0.200000,0.150000,0.130000,65.730003,0.230000,-0.630000,260.989990,61.220001,73438.906250,37.61,93.08,3.250000,CO,23866
0.790000,0.890000,0.220000,0.170000,0.130000,66.110001,0.380000,-0.830000,261.130005,58.849998,73632.093750,37.63,93.25,3.250000,CO,23867
0.830000,0.930000,0.240000,0.190000,0.130000,66.809998,0.170000,-0.730000,261.519989,55.430000,73688.367188,37.64,93.42,3.250000,CO,23868
0.830000,0.940000,0.250000,0.200000,0.130000,67.879997,-0.400000,-0.400000,262.350006,50.230000,73506.781250,37.66,93.59,3.250000,CO,23869
0.810000,0.920000,0.250000,0.200000,0.130000,68.970001,-0.720000,0.010000,262.940002,48.029999,73324.812500,37.67,93.76,3.250000,CO,23870
0.760000,0.860000,0.250000,0.210000,0.130000,69.050003,-0.690000,0.570000,263.230011,47.599998,73442.960938,37.69,93.93,3.250000,CO,23871
0.700000,0.800000,0.240000,0.230000,0.130000,68.410004,-0.900000,1.310000,263.959991,44.320000,73433.671875,37.7,94.1,3.250000,CO,23872
0.650000,0.740000,0.230000,0.230000,0.120000,68.040001,-1.350000,2.040000,264.880005,40.000000,72957.382812,37.71,94.27,3.000000,CO,23873
0.600000,0.680000,0.220000,0.230000,0.120000,68.080002,-1.560000,2.530000,265.200012,37.389999,72454.859375,37.73,94.44,3.000000,CO,23874
0.550000,0.630000,0.210000,0.240000,0.120000,68.449997,-1.860000,2.650000,265.290009,34.490002,71849.000000,37.74,94.61,3.000000,CO,23875
0.520000,0.600000,0.210000,0.260000,0.120000,69.050003,-2.070000,2.420000,264.690002,32.770000,70648.328125,37.75,94.79,3.000000,CO,23876
0.510000,0.590000,0.220000,0.300000,0.120000,70.510002,-1.580000,2.100000,263.760010,30.440001,69229.882812,37.77,94.96,3.000000,CO,23877
0.520000,0.620000,0.240000,0.420000,0.110000,72.250000,-1.330000,1.580000,264.200012,22.360001,69268.671875,37.78,95.13,2.750000,CO,23878
0.660000,0.830000,0.320000,0.630000,0.110000,71.400002,-1.300000,0.020000,264.000000,18.879999,68010.273438,37.79,95.3,2.750000,CO,23879
0.630000,0.800000,0.300000,0.600000,0.110000,71.339996,0.320000,-1.440000,259.769989,22.219999,62493.109375,37.8,95.47,2.750000,CO,23880
0.530000,0.660000,0.260000,0.470000,0.110000,70.400002,2.900000,-1.150000,257.040009,24.670000,59158.941406,37.82,95.64,2.750000,CO,23881
0.480000,0.590000,0.250000,0.400000,0.110000,69.400002,3.120000,-0.510000,258.640015,20.670000,60897.679688,37.83,95.81,2.750000,CO,23882
0.390000,0.470000,0.220000,0.280000,0.110000,68.730003,1.550000,-1.300000,259.320007,18.879999,62479.820312,37.84,95.98,2.750000,CO,23883
0.310000,0.370000,0.200000,0.210000,0.110000,69.290001,1.220000,-1.770000,258.820007,18.200001,62069.238281,37.85,96.15,2.750000,CO,23884
0.290000,0.340000,0.200000,0.190000,0.110000,69.360001,2.200000,-2.440000,258.420013,17.530001,61210.820312,37.86,96.32,2.750000,CO,23885
0.280000,0.330000,0.210000,0.190000,0.110000,68.940002,3.550000,-2.030000,257.470001,17.920000,59932.390625,37.87,96.49,2.750000,CO,23886
0.280000,0.330000,0.240000,0.200000,0.110000,67.349998,4.270000,-0.900000,256.630005,18.500000,59147.210938,37.88,96.67,2.750000,CO,23887
0.290000,0.340000,0.280000,0.230000,0.110000,65.720001,3.720000,-0.620000,256.459991,19.299999,59497.339844,37.89,96.84,2.750000,CO,23888
0.310000,0.360000,0.360000,0.290000,0.110000,65.790001,2.630000,-0.600000,256.149994,20.980000,59955.390625,37.91,97.01,2.750000,CO,23889
0.390000,0.470000,0.660000,0.510000,0.110000,66.160004,2.160000,-0.640000,256.040009,20.709999,59697.281250,37.92,97.18,2.750000,CO,23890
0.560000,0.700000,1.380000,1.040000,0.110000,65.949997,2.340000,-0.470000,255.380005,21.160000,58728.550781,37.93,97.35,2.750000,CO,23891
0.530000,0.670000,1.330000,0.990000,0.120000,66.309998,3.190000,0.480000,254.649994,21.770000,57770.449219,37.93,97.52,3.000000,CO,23892
0.450000,0.560000,1.010000,0.760000,0.120000,66.910004,4.320000,0.820000,254.669998,23.650000,57667.039062,37.94,97.69,3.000000,CO,23893
0.380000,0.480000,0.750000,0.570000,0.120000,67.370003,4.950000,0.590000,255.369995,25.660000,58435.441406,37.95,97.86,3.000000,CO,23894
0.340000,0.420000,0.580000,0.450000,0.120000,67.250000,5.000000,0.210000,256.510010,26.080000,59687.539062,37.96,98.04,3.000000,CO,23895
0.290000,0.380000,0.430000,0.340000,0.120000,66.879997,4.010000,-0.000000,257.649994,25.620001,61389.109375,37.97,98.21,3.000000,CO,23896
0.250000,0.320000,0.260000,0.220000,0.120000,68.120003,2.480000,-0.050000,257.320007,25.660000,61656.808594,37.98,98.38,3.000000,CO,23897
0.220000,0.280000,0.130000,0.160000,0.120000,69.680000,2.390000,-0.610000,256.369995,25.250000,60327.601562,37.99,98.55,3.000000,CO,23898
0.210000,0.270000,0.090000,0.140000,0.120000,70.750000,3.230000,-0.810000,256.570007,23.600000,60317.890625,38.0,98.72,3.000000,CO,23899
0.220000,0.280000,0.090000,0.140000,0.120000,71.410004,3.380000,-0.570000,256.570007,22.320000,60466.781250,38.0,98.89,3.000000,CO,23900
0.230000,0.290000,0.090000,0.140000,0.120000,71.760002,3.570000,-0.780000,256.160004,20.719999,59979.660156,38.01,99.07,3.000000,CO,23901
0.220000,0.270000,0.080000,0.130000,0.120000,71.510002,3.870000,-0.710000,256.720001,18.740000,60615.410156,38.02,99.24,3.000000,CO,23902
0.210000,0.260000,0.080000,0.120000,0.130000,71.669998,3.800000,-0.420000,257.670013,17.820000,61908.179688,38.03,99.41,3.250000,CO,23903
0.210000,0.260000,0.080000,0.150000,0.130000,72.139999,3.630000,-0.290000,258.119995,18.299999,62854.960938,38.03,99.58,3.250000,CO,23904
0.230000,0.270000,0.080000,0.190000,0.130000,72.300003,3.500000,-0.260000,257.959991,20.020000,63200.800781,38.04,99.75,3.250000,CO,23905
0.260000,0.310000,0.090000,0.230000,0.130000,72.269997,3.490000,-0.110000,257.799988,22.010000,63134.640625,38.05,99.92,3.250000,CO,23906
0.430000,0.520000,0.150000,0.410000,0.130000,73.580002,3.850000,1.010000,258.929993,23.209999,64332.601562,38.05,100.1,3.250000,CO,23907
0.620000,0.740000,0.270000,0.630000,0.130000,73.080002,2.810000,2.030000,260.339996,24.219999,67003.296875,38.06,100.27,3.250000,CO,23908
0.860000,1.040000,0.420000,0.870000,0.140000,73.919998,0.620000,1.500000,259.029999,27.940001,67046.906250,38.06,100.44,3.500000,CO,23909
0.810000,0.990000,0.370000,0.840000,0.140000,74.769997,1.590000,0.390000,257.019989,32.500000,64411.738281,38.07,100.61,3.500000,CO,23910
1.140000,1.400000,0.460000,0.920000,0.150000,74.800003,4.350000,0.980000,257.290009,32.540001,63923.281250,38.08,100.78,3.750000,CO,23911
0.930000,1.000000,0.150000,0.130000,0.120000,63.290001,10.940000,6.490000,258.760010,40.400002,60985.781250,37.55,91.02,3.000000,CO,24111
0.920000,0.990000,0.150000,0.130000,0.120000,63.080002,11.300000,5.870000,262.079987,32.080002,63563.710938,37.57,91.19,3.000000,CO,24112
0.900000,0.970000,0.150000,0.140000,0.120000,62.119999,10.470000,3.900000,264.309998,27.930000,65451.699219,37.59,91.36,3.000000,CO,24113
0.780000,0.840000,0.140000,0.150000,0.110000,59.250000,6.770000,1.000000,265.410004,28.020000,67718.187500,37.6,91.53,2.750000,CO,24114
0.640000,0.700000,0.130000,0.240000,0.110000,57.709999,2.570000,-1.040000,263.420013,36.380001,69668.656250,37.62,91.7,2.750000,CO,24115
0.590000,0.650000,0.130000,0.350000,0.120000,58.959999,0.410000,-0.670000,262.230011,43.009998,70532.171875,37.64,91.87,3.000000,CO,24116
0.560000,0.620000,0.130000,0.350000,0.110000,58.990002,-0.580000,1.340000,261.880005,44.830002,70118.781250,37.65,92.04,2.750000,CO,24117
0.540000,0.590000,0.130000,0.300000,0.120000,59.490002,-0.280000,1.860000,261.579987,49.250000,70490.656250,37.67,92.21,3.000000,CO,24118
0.550000,0.610000,0.130000,0.220000,0.120000,61.110001,0.040000,1.460000,261.190002,55.560001,72091.929688,37.69,92.38,3.000000,CO,24119
0.590000,0.660000,0.150000,0.150000,0.120000,63.270000,0.020000,0.500000,260.640015,61.500000,72807.726562,37.7,92.55,3.000000,CO,24120
0.650000,0.720000,0.170000,0.130000,0.120000,64.839996,-0.000000,-0.100000,260.609985,65.180000,72905.953125,37.72,92.72,3.000000,CO,24121
0.710000,0.790000,0.190000,0.140000,0.130000,65.790001,0.030000,-0.470000,260.790009,63.099998,73172.812500,37.73,92.89,3.250000,CO,24122
0.760000,0.850000,0.210000,0.190000,0.130000,66.379997,0.170000,-0.770000,260.959991,60.009998,73472.750000,37.75,93.06,3.250000,CO,24123
0.800000,0.900000,0.230000,0.250000,0.130000,66.910004,0.170000,-0.710000,260.869995,58.650002,73781.921875,37.76,93.23,3.250000,CO,24124
0.820000,0.920000,0.240000,0.280000,0.130000,67.660004,-0.380000,-0.420000,261.609985,53.230000,73555.242188,37.78,93.4,3.250000,CO,24125
0.810000,0.920000,0.250000,0.290000,0.130000,68.440002,-0.860000,-0.090000,262.510010,48.160000,73136.812500,37.79,93.57,3.250000,CO,24126
0.770000,0.880000,0.240000,0.270000,0.130000,69.059998,-0.810000,0.210000,262.500000,49.000000,73302.242188,37.81,93.74,3.250000,CO,24127
0.720000,0.820000,0.230000,0.270000,0.130000,69.000000,-0.880000,0.610000,262.880005,47.400002,73452.421875,37.82,93.92,3.250000,CO,24128
0.660000,0.750000,0.220000,0.320000,0.130000,68.220001,-1.050000,1.060000,263.670013,43.220001,73268.523438,37.84,94.09,3.250000,CO,24129
0.610000,0.690000,0.210000,0.320000,0.120000,67.790001,-1.130000,1.440000,264.350006,39.549999,73012.773438,37.85,94.26,3.000000,CO,24130
0.550000,0.630000,0.200000,0.320000,0.120000,68.160004,-1.400000,1.800000,264.809998,35.590000,72755.953125,37.86,94.43,3.000000,CO,24131
0.510000,0.590000,0.190000,0.310000,0.120000,68.760002,-1.860000,1.330000,265.170013,30.690001,72394.093750,37.88,94.6,3.000000,CO,24132
0.490000,0.580000,0.190000,0.330000,0.110000,69.500000,-1.780000,1.130000,264.709991,28.000000,70931.226562,37.89,94.77,2.750000,CO,24133
0.500000,0.600000,0.200000,0.360000,0.110000,71.349998,-1.220000,0.960000,263.980011,24.110001,69341.117188,37.9,94.94,2.750000,CO,24134
0.560000,0.690000,0.240000,0.470000,0.110000,73.059998,-1.330000,0.480000,264.239990,19.180000,68633.023438,37.91,95.11,2.750000,CO,24135
0.790000,1.020000,0.360000,0.670000,0.110000,72.940002,-1.090000,-0.200000,261.059998,21.170000,64187.480469,37.93,95.28,2.750000,CO,24136
0.740000,0.950000,0.340000,0.640000,0.110000,71.320000,1.740000,0.400000,255.660004,27.230000,57769.859375,37.94,95.45,2.750000,CO,24137
0.600000,0.760000,0.280000,0.490000,0.110000,70.500000,4.820000,0.600000,254.300003,27.900000,56074.691406,37.95,95.62,2.750000,CO,24138
0.500000,0.620000,0.240000,0.370000,0.110000,69.099998,4.620000,-0.290000,256.100006,24.049999,58113.511719,37.96,95.8,2.750000,CO,24139
0.380000,0.460000,0.190000,0.240000,0.110000,69.050003,2.710000,-2.080000,257.570007,20.650000,60365.730469,37.98,95.97,2.750000,CO,24140
0.300000,0.350000,0.160000,0.170000,0.110000,70.900002,2.000000,-2.740000,257.709991,19.020000,60436.339844,37.99,96.14,2.750000,CO,24141
0.280000,0.320000,0.150000,0.140000,0.110000,70.980003,3.570000,-2.630000,255.750000,20.799999,58099.390625,38.0,96.31,2.750000,CO,24142
0.270000,0.310000,0.150000,0.140000,0.110000,70.230003,5.950000,-1.640000,254.639999,21.700001,56659.140625,38.01,96.48,2.750000,CO,24143
0.270000,0.310000,0.160000,0.150000,0.110000,68.470001,6.350000,-0.820000,255.729996,19.969999,57684.578125,38.02,96.65,2.750000,CO,24144
0.270000,0.310000,0.190000,0.170000,0.110000,66.599998,4.790000,-0.760000,256.329987,20.299999,59159.558594,38.03,96.82,2.750000,CO,24145
0.270000,0.320000,0.240000,0.210000,0.110000,67.879997,3.500000,-0.590000,255.639999,22.309999,59290.281250,38.04,96.99,2.750000,CO,24146
0.320000,0.370000,0.380000,0.320000,0.110000,68.010002,3.650000,0.150000,255.100006,22.190001,58437.699219,38.05,97.17,2.750000,CO,24147
0.420000,0.500000,0.740000,0.600000,0.110000,67.629997,4.150000,1.040000,255.110001,22.620001,58384.820312,38.06,97.34,2.750000,CO,24148
0.450000,0.550000,0.880000,0.710000,0.120000,67.779999,4.160000,1.890000,256.140015,22.410000,59333.441406,38.07,97.51,3.000000,CO,24149
0.420000,0.530000,0.820000,0.640000,0.120000,68.790001,4.260000,1.410000,256.820007,25.010000,59969.710938,38.08,97.68,3.000000,CO,24150
0.380000,0.490000,0.680000,0.530000,0.120000,69.570000,4.400000,0.920000,256.670013,28.139999,59984.460938,38.09,97.85,3.000000,CO,24151
0.330000,0.440000,0.540000,0.430000,0.120000,70.660004,4.440000,-0.060000,256.309998,30.400000,59818.250000,38.1,98.02,3.000000,CO,24152
0.280000,0.390000,0.410000,0.330000,0.120000,71.070000,3.640000,-0.360000,257.070007,28.020000,60674.441406,38.11,98.2,3.000000,CO,24153
0.240000,0.330000,0.270000,0.230000,0.120000,70.800003,2.230000,0.160000,256.980011,25.660000,61145.191406,38.11,98.37,3.000000,CO,24154
0.210000,0.280000,0.140000,0.160000,0.120000,71.629997,2.440000,-0.240000,255.919998,24.240000,59699.781250,38.12,98.54,3.000000,CO,24155
0.200000,0.260000,0.100000,0.130000,0.120000,72.660004,3.750000,-0.780000,255.850006,21.360001,59303.710938,38.13,98.71,3.000000,CO,24156
0.200000,0.250000,0.090000,0.120000,0.120000,73.709999,4.250000,-1.010000,256.500000,18.900000,60019.269531,38.14,98.88,3.000000,CO,24157
0.200000,0.260000,0.080000,0.130000,0.120000,73.970001,4.310000,-1.010000,256.700012,17.620001,60311.140625,38.15,99.06,3.000000,CO,24158
0.200000,0.260000,0.080000,0.120000,0.130000,73.820000,4.150000,-0.850000,257.429993,17.080000,61338.761719,38.15,99.23,3.250000,CO,24159
0.200000,0.250000,0.080000,0.130000,0.130000,74.019997,3.820000,-0.870000,257.839996,17.299999,62122.019531,38.16,99.4,3.250000,CO,24160
0.210000,0.260000,0.080000,0.160000,0.130000,74.599998,3.760000,-0.850000,258.089996,18.070000,62668.968750,38.17,99.57,3.250000,CO,24161
0.220000,0.270000,0.080000,0.200000,0.130000,75.800003,4.110000,-0.400000,257.940002,19.000000,62787.800781,38.18,99.74,3.250000,CO,24162
0.270000,0.320000,0.090000,0.260000,0.130000,75.160004,4.610000,-0.310000,258.440002,20.209999,63119.789062,38.18,99.92,3.250000,CO,24163
0.500000,0.600000,0.180000,0.490000,0.130000,73.830002,2.960000,0.840000,260.850006,21.629999,66772.218750,38.19,100.09,3.250000,CO,24164
0.900000,1.090000,0.430000,0.920000,0.140000,74.470001,-0.390000,1.040000,260.799988,24.690001,68634.710938,38.19,100.26,3.500000,CO,24165
1.110000,1.350000,0.590000,1.130000,0.140000,75.930000,0.270000,1.250000,257.859985,29.430000,64788.949219,38.2,100.43,3.500000,CO,24166
1.070000,1.330000,0.520000,1.060000,0.140000,73.550003,4.200000,1.500000,256.880005,31.219999,62577.851562,38.21,100.6,3.500000,CO,24167
0.930000,1.010000,0.150000,0.130000,0.120000,63.639999,10.760000,5.770000,257.970001,41.840000,59951.050781,37.67,90.83,3.000000,CO,24369
0.900000,0.970000,0.150000,0.140000,0.120000,62.230000,10.950000,4.920000,263.089996,30.770000,64575.750000,37.69,91.0,3.000000,CO,24370
0.850000,0.920000,0.150000,0.140000,0.120000,60.529999,8.900000,3.530000,265.630005,27.559999,67544.640625,37.7,91.17,3.000000,CO,24371
0.730000,0.790000,0.140000,0.150000,0.110000,58.619999,6.230000,1.820000,265.359985,29.500000,68307.273438,37.72,91.34,2.750000,CO,24372
0.620000,0.680000,0.130000,0.180000,0.110000,57.049999,2.600000,-0.310000,263.640015,35.310001,69319.890625,37.74,91.51,2.750000,CO,24373
0.560000,0.610000,0.130000,0.320000,0.120000,57.389999,-0.250000,-1.680000,261.779999,44.490002,70882.773438,37.75,91.68,3.000000,CO,24374
0.540000,0.600000,0.140000,0.430000,0.120000,59.610001,-0.980000,-0.960000,260.660004,53.549999,71614.343750,37.77,91.85,3.000000,CO,24375
0.540000,0.590000,0.130000,0.360000,0.120000,59.340000,-0.810000,1.150000,261.160004,52.250000,71598.328125,37.79,92.02,3.000000,CO,24376
0.530000,0.590000,0.130000,0.280000,0.120000,59.689999,-0.530000,1.660000,261.369995,53.049999,72099.593750,37.8,92.19,3.000000,CO,24377
0.550000,0.610000,0.140000,0.180000,0.120000,61.520000,-0.310000,1.140000,260.809998,58.330002,72762.679688,37.82,92.36,3.000000,CO,24378
0.600000,0.670000,0.150000,0.140000,0.120000,63.709999,-0.100000,0.300000,260.359985,64.709999,72969.367188,37.84,92.53,3.000000,CO,24379
0.660000,0.730000,0.170000,0.150000,0.130000,65.050003,0.070000,-0.110000,260.299988,65.849998,73154.437500,37.85,92.7,3.250000,CO,24380
0.710000,0.790000,0.190000,0.180000,0.130000,66.070000,0.200000,-0.440000,260.450012,63.459999,73351.906250,37.87,92.87,3.250000,CO,24381
0.770000,0.860000,0.220000,0.270000,0.130000,66.750000,0.200000,-0.630000,260.649994,60.380001,73585.132812,37.88,93.04,3.250000,CO,24382
0.790000,0.890000,0.230000,0.340000,0.130000,67.330002,-0.220000,-0.590000,260.950012,57.099998,73764.992188,37.9,93.21,3.250000,CO,24383
0.790000,0.890000,0.240000,0.370000,0.130000,68.000000,-0.910000,-0.280000,261.760010,51.049999,73405.046875,37.91,93.38,3.250000,CO,24384
0.770000,0.870000,0.240000,0.390000,0.130000,68.400002,-1.160000,0.100000,262.070007,48.970001,73198.406250,37.93,93.56,3.250000,CO,24385
0.720000,0.820000,0.230000,0.350000,0.130000,68.779999,-1.260000,0.150000,262.220001,47.720001,73430.226562,37.94,93.73,3.250000,CO,24386
0.670000,0.760000,0.220000,0.340000,0.130000,68.669998,-1.470000,0.420000,262.950012,43.639999,73298.726562,37.96,93.9,3.250000,CO,24387
0.610000,0.700000,0.200000,0.340000,0.120000,68.059998,-1.390000,0.780000,263.359985,40.139999,73121.273438,37.97,94.07,3.000000,CO,24388
0.550000,0.630000,0.190000,0.340000,0.120000,67.879997,-1.430000,0.840000,264.000000,34.799999,73176.179688,37.98,94.24,3.000000,CO,24389
0.490000,0.570000,0.170000,0.350000,0.120000,68.709999,-2.110000,0.740000,264.950012,29.260000,72834.203125,38.0,94.41,3.000000,CO,24390
0.450000,0.520000,0.160000,0.400000,0.110000,71.070000,-2.290000,-0.260000,264.850006,25.520000,71950.523438,38.01,94.58,2.750000,CO,24391
0.430000,0.500000,0.160000,0.450000,0.110000,71.830002,-1.660000,-0.210000,264.339996,22.879999,70690.578125,38.02,94.75,2.750000,CO,24392
0.430000,0.510000,0.170000,0.430000,0.110000,72.510002,-1.400000,0.400000,264.220001,20.120001,69511.226562,38.04,94.92,2.750000,CO,24393
0.420000,0.500000,0.180000,0.330000,0.110000,73.470001,-1.410000,1.190000,262.190002,20.740000,66019.976562,38.05,95.09,2.750000,CO,24394
0.490000,0.610000,0.210000,0.330000,0.100000,72.720001,0.300000,1.950000,257.559998,25.760000,60274.308594,38.06,95.27,2.500000,CO,24395
0.490000,0.600000,0.220000,0.340000,0.100000,72.290001,3.360000,3.190000,255.740005,27.059999,57817.250000,38.07,95.44,2.500000,CO,24396
0.440000,0.540000,0.200000,0.290000,0.100000,71.629997,4.180000,2.110000,255.929993,25.520000,57951.859375,38.09,95.61,2.500000,CO,24397
0.370000,0.450000,0.170000,0.220000,0.110000,70.650002,2.920000,0.260000,255.160004,26.170000,57916.179688,38.1,95.78,2.750000,CO,24398
0.310000,0.360000,0.150000,0.160000,0.110000,71.099998,2.410000,-1.400000,255.130005,24.219999,57995.921875,38.11,95.95,2.750000,CO,24399
0.280000,0.330000,0.140000,0.140000,0.110000,71.660004,3.270000,-1.220000,254.399994,23.760000,57003.171875,38.12,96.12,2.750000,CO,24400
0.270000,0.310000,0.130000,0.120000,0.110000,71.500000,5.490000,-0.130000,253.110001,24.690001,55523.980469,38.13,96.29,2.750000,CO,24401
0.260000,0.300000,0.130000,0.120000,0.110000,71.970001,7.160000,0.130000,254.479996,21.930000,56389.011719,38.14,96.47,2.750000,CO,24402
0.260000,0.300000,0.130000,0.130000,0.110000,71.519997,6.270000,-0.320000,256.209991,20.049999,58350.589844,38.15,96.64,2.750000,CO,24403
0.260000,0.290000,0.140000,0.130000,0.110000,70.779999,4.890000,-0.260000,255.479996,22.709999,58532.628906,38.16,96.81,2.750000,CO,24404
0.260000,0.300000,0.160000,0.150000,0.110000,70.580002,4.750000,0.090000,255.000000,23.719999,58354.171875,38.18,96.98,2.750000,CO,24405
0.280000,0.320000,0.220000,0.210000,0.110000,70.279999,5.110000,0.810000,255.380005,23.000000,58745.851562,38.19,97.15,2.750000,CO,24406
0.320000,0.380000,0.380000,0.330000,0.110000,70.050003,4.780000,1.120000,256.339996,23.410000,59842.500000,38.2,97.33,2.750000,CO,24407
0.350000,0.450000,0.510000,0.440000,0.120000,71.989998,4.810000,1.770000,257.459991,21.000000,61313.000000,38.2,97.5,3.000000,CO,24408
0.290000,0.430000,0.430000,0.350000,0.120000,83.750000,4.500000,0.900000,260.109985,38.070000,61756.199219,38.21,97.67,3.000000,CO,24409
0.310000,0.470000,0.460000,0.380000,0.120000,78.220001,4.020000,0.280000,258.059998,33.139999,60703.289062,38.22,97.84,3.000000,CO,24410
0.290000,0.430000,0.420000,0.340000,0.120000,76.010002,4.640000,-0.320000,256.130005,31.809999,59182.050781,38.23,98.01,3.000000,CO,24411
0.260000,0.370000,0.340000,0.290000,0.120000,74.949997,4.140000,-0.150000,256.670013,24.870001,59749.238281,38.24,98.19,3.000000,CO,24412
0.230000,0.320000,0.250000,0.220000,0.120000,73.209999,2.780000,0.890000,257.029999,21.309999,60843.488281,38.25,98.36,3.000000,CO,24413
0.210000,0.280000,0.160000,0.160000,0.120000,73.849998,2.780000,1.200000,255.820007,20.620001,59685.769531,38.26,98.53,3.000000,CO,24414
0.200000,0.260000,0.120000,0.140000,0.120000,73.779999,4.050000,0.600000,255.039993,20.180000,58900.269531,38.27,98.7,3.000000,CO,24415
0.190000,0.250000,0.090000,0.120000,0.120000,73.480003,4.930000,-0.180000,255.389999,18.910000,59277.589844,38.27,98.87,3.000000,CO,24416
0.190000,0.240000,0.090000,0.120000,0.120000,74.889999,5.000000,-0.770000,256.250000,18.049999,60027.449219,38.28,99.05,3.000000,CO,24417
0.190000,0.240000,0.080000,0.120000,0.130000,74.830002,4.530000,-1.030000,257.299988,17.760000,61263.488281,38.29,99.22,3.250000,CO,24418
0.200000,0.240000,0.070000,0.140000,0.130000,75.889999,4.280000,-0.820000,257.600006,18.230000,61807.769531,38.3,99.39,3.250000,CO,24419
0.210000,0.250000,0.070000,0.200000,0.130000,76.320000,4.440000,-0.570000,258.609985,18.080000,63091.910156,38.3,99.56,3.250000,CO,24420
0.230000,0.270000,0.080000,0.240000,0.130000,76.260002,4.600000,0.160000,259.410004,18.469999,64343.078125,38.31,99.74,3.250000,CO,24421
0.270000,0.320000,0.090000,0.300000,0.130000,75.290001,4.350000,0.600000,260.279999,19.440001,65487.320312,38.32,99.91,3.250000,CO,24422
0.650000,0.770000,0.290000,0.650000,0.130000,74.239998,1.250000,1.340000,258.670013,27.010000,65584.367188,38.33,100.25,3.250000,CO,24424
0.920000,1.000000,0.160000,0.130000,0.120000,61.930000,9.970000,6.610000,260.019989,36.439999,61543.058594,37.78,90.64,3.000000,CO,24628
0.890000,0.970000,0.160000,0.140000,0.120000,61.080002,9.360000,4.600000,264.380005,28.320000,65611.789062,37.8,90.81,3.000000,CO,24629
0.830000,0.910000,0.180000,0.190000,0.120000,59.820000,6.730000,1.860000,266.579987,25.680000,68937.968750,37.82,90.98,3.000000,CO,24630
0.740000,0.820000,0.160000,0.210000,0.120000,59.290001,4.020000,1.070000,266.339996,26.980000,70200.140625,37.84,91.15,3.000000,CO,24631
0.690000,0.750000,0.150000,0.240000,0.110000,57.759998,2.340000,1.130000,264.339996,30.690001,69237.960938,37.85,91.32,2.750000,CO,24632
0.610000,0.680000,0.140000,0.320000,0.110000,56.820000,1.890000,0.110000,262.609985,34.860001,68195.289062,37.87,91.49,2.750000,CO,24633
0.560000,0.620000,0.140000,0.420000,0.120000,56.970001,1.050000,-0.610000,261.760010,41.950001,69668.781250,37.89,91.66,3.000000,CO,24634
0.550000,0.620000,0.150000,0.450000,0.120000,59.419998,-0.050000,-0.620000,260.890015,51.369999,71956.289062,37.91,91.83,3.000000,CO,24635
0.560000,0.630000,0.150000,0.380000,0.120000,61.130001,-0.300000,0.030000,260.489990,56.520000,73148.140625,37.92,92.0,3.000000,CO,24636
0.560000,0.620000,0.140000,0.250000,0.120000,61.459999,-0.460000,0.330000,260.399994,59.619999,73422.726562,37.94,92.17,3.000000,CO,24637
0.580000,0.640000,0.150000,0.200000,0.120000,62.750000,-0.450000,0.460000,260.260010,64.190002,73150.906250,37.96,92.34,3.000000,CO,24638
0.630000,0.700000,0.170000,0.230000,0.130000,64.370003,-0.160000,0.110000,260.290009,65.980003,73141.007812,37.97,92.51,3.250000,CO,24639
0.680000,0.760000,0.180000,0.260000,0.130000,65.470001,0.100000,-0.140000,260.230011,64.919998,73355.953125,37.99,92.68,3.250000,CO,24640
0.730000,0.820000,0.200000,0.290000,0.130000,66.449997,0.160000,-0.300000,260.299988,62.549999,73541.601562,38.0,92.85,3.250000,CO,24641
0.770000,0.860000,0.220000,0.300000,0.130000,67.000000,-0.260000,-0.390000,260.880005,58.110001,73622.812500,38.02,93.02,3.250000,CO,24642
0.770000,0.870000,0.230000,0.300000,0.130000,67.599998,-0.910000,-0.400000,261.649994,51.910000,73372.476562,38.03,93.2,3.250000,CO,24643
0.760000,0.860000,0.230000,0.310000,0.130000,68.110001,-1.410000,-0.040000,262.079987,48.110001,73091.601562,38.05,93.37,3.250000,CO,24644
0.730000,0.830000,0.230000,0.370000,0.130000,68.360001,-1.770000,0.310000,262.390015,46.169998,73100.656250,38.06,93.54,3.250000,CO,24645
0.700000,0.790000,0.220000,0.420000,0.130000,68.570000,-1.900000,0.300000,262.869995,42.939999,72974.820312,38.08,93.71,3.250000,CO,24646
0.640000,0.730000,0.210000,0.420000,0.130000,68.709999,-1.530000,0.440000,263.019989,40.459999,72906.843750,38.09,93.88,3.250000,CO,24647
0.560000,0.650000,0.180000,0.310000,0.120000,68.860001,-1.000000,0.540000,263.339996,37.080002,73170.671875,38.11,94.05,3.000000,CO,24648
0.500000,0.580000,0.170000,0.320000,0.120000,69.680000,-1.360000,0.490000,264.579987,30.660000,73387.640625,38.12,94.22,3.000000,CO,24649
0.450000,0.520000,0.160000,0.350000,0.120000,70.930000,-2.530000,0.620000,265.200012,27.629999,72178.062500,38.13,94.39,3.000000,CO,24650
0.400000,0.460000,0.140000,0.420000,0.110000,72.860001,-2.720000,0.080000,263.670013,27.100000,69725.757812,38.15,94.56,2.750000,CO,24651
0.370000,0.420000,0.130000,0.460000,0.110000,74.129997,-2.220000,-0.590000,263.170013,23.840000,68869.367188,38.16,94.74,2.750000,CO,24652
0.360000,0.410000,0.130000,0.410000,0.110000,75.430000,-2.080000,-0.240000,263.350006,20.219999,68509.390625,38.17,94.91,2.750000,CO,24653
0.360000,0.420000,0.140000,0.270000,0.110000,74.480003,-1.300000,1.520000,260.700012,22.200001,64583.500000,38.18,95.08,2.750000,CO,24654
0.420000,0.500000,0.170000,0.260000,0.100000,73.599998,0.760000,3.350000,257.299988,26.000000,60310.089844,38.2,95.25,2.500000,CO,24655
0.420000,0.510000,0.180000,0.260000,0.100000,73.669998,1.930000,3.230000,256.070007,27.230000,59186.050781,38.21,95.42,2.500000,CO,24656
0.370000,0.440000,0.160000,0.210000,0.110000,75.330002,1.530000,1.390000,255.339996,27.010000,58697.031250,38.22,95.59,2.750000,CO,24657
0.320000,0.370000,0.140000,0.160000,0.110000,75.400002,1.800000,0.720000,254.369995,27.320000,57486.421875,38.23,95.77,2.750000,CO,24658
0.250000,0.290000,0.110000,0.120000,0.110000,71.419998,4.290000,0.400000,255.429993,23.760000,58925.679688,38.3,96.8,2.750000,CO,24664
0.250000,0.290000,0.120000,0.120000,0.110000,69.989998,4.740000,0.820000,255.309998,23.490000,58686.718750,38.31,96.97,2.750000,CO,24665
0.250000,0.290000,0.140000,0.140000,0.110000,69.419998,4.760000,0.470000,255.740005,25.040001,59315.210938,38.32,97.14,2.750000,CO,24666
0.260000,0.300000,0.160000,0.160000,0.110000,71.199997,4.420000,-0.300000,256.119995,24.120001,60512.949219,38.33,97.31,2.750000,CO,24667
0.230000,0.340000,0.180000,0.160000,0.120000,82.870003,4.890000,-0.360000,259.200012,39.799999,61360.710938,38.34,97.49,3.000000,CO,24668
0.210000,0.370000,0.170000,0.150000,0.120000,87.760002,4.900000,-0.440000,259.519989,43.799999,60750.851562,38.35,97.66,3.000000,CO,24669
0.240000,0.390000,0.220000,0.200000,0.120000,81.669998,4.730000,-0.720000,256.140015,35.320000,58770.019531,38.36,97.83,3.000000,CO,24670
0.240000,0.360000,0.250000,0.220000,0.120000,78.570000,5.520000,-0.110000,255.139999,26.940001,58093.789062,38.37,98.0,3.000000,CO,24671
0.230000,0.330000,0.240000,0.210000,0.120000,75.970001,4.710000,0.090000,257.399994,18.690001,60396.820312,38.38,98.17,3.000000,CO,24672
0.230000,0.300000,0.200000,0.190000,0.120000,73.449997,2.900000,0.840000,258.200012,16.969999,62287.570312,38.39,98.35,3.000000,CO,24673
0.210000,0.270000,0.150000,0.160000,0.120000,73.449997,2.700000,1.900000,257.119995,18.820000,61479.320312,38.39,98.52,3.000000,CO,24674
0.200000,0.260000,0.120000,0.140000,0.120000,74.199997,3.500000,1.900000,256.440002,19.860001,60696.160156,38.4,98.69,3.000000,CO,24675
0.200000,0.250000,0.100000,0.130000,0.120000,74.019997,4.210000,1.340000,256.279999,20.270000,60545.441406,38.41,98.86,3.000000,CO,24676
0.200000,0.240000,0.090000,0.120000,0.120000,74.410004,4.820000,0.500000,256.170013,20.850000,60404.160156,38.42,99.04,3.000000,CO,24677
0.200000,0.240000,0.080000,0.140000,0.130000,74.760002,5.080000,-0.160000,257.040009,19.910000,61203.089844,38.42,99.21,3.250000,CO,24678
0.210000,0.250000,0.080000,0.190000,0.130000,75.970001,4.870000,-0.490000,258.230011,19.370001,62669.289062,38.43,99.38,3.250000,CO,24679
0.220000,0.260000,0.080000,0.250000,0.130000,76.360001,4.880000,-0.810000,259.000000,19.670000,63911.839844,38.44,99.55,3.250000,CO,24680
0.380000,0.450000,0.140000,0.440000,0.130000,74.070000,2.660000,2.320000,260.519989,23.190001,66984.453125,38.46,100.07,3.250000,CO,24683
0.900000,0.980000,0.180000,0.170000,0.120000,60.619999,7.270000,3.960000,266.459991,24.850000,67964.523438,37.92,90.62,3.000000,CO,24886
1.240000,1.440000,0.380000,0.530000,0.120000,59.180000,2.690000,0.550000,266.720001,24.889999,70845.367188,37.94,90.79,3.000000,CO,24887
1.120000,1.310000,0.360000,0.600000,0.120000,58.950001,-1.270000,-0.620000,265.640015,27.780001,71743.617188,37.95,90.96,3.000000,CO,24888
0.710000,0.790000,0.180000,0.360000,0.120000,59.459999,-2.920000,-0.610000,265.299988,28.540001,71333.210938,37.97,91.13,3.000000,CO,24889
0.630000,0.700000,0.150000,0.330000,0.110000,58.650002,-1.850000,0.730000,263.670013,30.809999,69287.523438,37.99,91.3,2.750000,CO,24890
0.580000,0.650000,0.150000,0.360000,0.110000,58.150002,-0.160000,1.400000,261.959991,35.779999,68191.867188,38.01,91.47,2.750000,CO,24891
0.560000,0.630000,0.150000,0.420000,0.120000,58.490002,0.010000,0.790000,261.140015,44.520000,70263.648438,38.02,91.64,3.000000,CO,24892
0.610000,0.710000,0.180000,0.570000,0.120000,61.139999,-0.290000,-0.050000,260.920013,51.709999,72638.078125,38.04,91.81,3.000000,CO,24893
0.640000,0.730000,0.190000,0.580000,0.120000,62.959999,-0.460000,-0.260000,260.130005,61.299999,73414.132812,38.06,91.98,3.000000,CO,24894
0.630000,0.710000,0.180000,0.520000,0.130000,63.509998,-0.640000,-0.220000,259.970001,65.500000,73447.656250,38.07,92.15,3.250000,CO,24895
0.640000,0.710000,0.180000,0.400000,0.130000,64.309998,-0.470000,-0.040000,259.940002,65.930000,73390.476562,38.09,92.32,3.250000,CO,24896
0.680000,0.760000,0.190000,0.400000,0.130000,65.139999,-0.100000,-0.130000,259.959991,65.360001,73424.593750,38.11,92.49,3.250000,CO,24897
0.720000,0.800000,0.210000,0.380000,0.130000,65.900002,0.060000,-0.160000,260.029999,63.869999,73496.726562,38.12,92.66,3.250000,CO,24898
0.750000,0.840000,0.220000,0.350000,0.130000,66.680000,-0.300000,-0.030000,260.720001,59.970001,73407.718750,38.14,92.83,3.250000,CO,24899
0.760000,0.860000,0.220000,0.330000,0.130000,67.300003,-0.890000,0.040000,261.790009,52.759998,72955.078125,38.15,93.0,3.250000,CO,24900
0.760000,0.850000,0.220000,0.290000,0.130000,67.809998,-1.200000,0.070000,262.019989,49.220001,72738.820312,38.17,93.18,3.250000,CO,24901
0.740000,0.830000,0.220000,0.290000,0.130000,68.250000,-1.640000,0.400000,262.190002,47.020000,72779.539062,38.18,93.35,3.250000,CO,24902
0.710000,0.810000,0.220000,0.350000,0.130000,68.519997,-2.100000,0.670000,262.850006,43.669998,72629.132812,38.2,93.52,3.250000,CO,24903
0.670000,0.760000,0.210000,0.400000,0.130000,68.940002,-1.870000,0.640000,262.899994,41.810001,72619.468750,38.21,93.69,3.250000,CO,24904
0.610000,0.690000,0.190000,0.370000,0.120000,69.730003,-1.080000,0.370000,263.010010,39.290001,73074.703125,38.23,93.86,3.000000,CO,24905
0.520000,0.600000,0.170000,0.290000,0.120000,70.220001,-0.670000,-0.060000,263.649994,34.799999,73599.703125,38.24,94.03,3.000000,CO,24906
0.470000,0.550000,0.160000,0.310000,0.120000,71.230003,-1.300000,0.190000,264.959991,29.260000,73352.468750,38.25,94.2,3.000000,CO,24907
0.430000,0.500000,0.150000,0.350000,0.120000,72.349998,-2.340000,1.810000,264.179993,29.150000,70688.390625,38.27,94.38,3.000000,CO,24908
0.380000,0.440000,0.130000,0.400000,0.120000,73.750000,-2.880000,2.720000,261.859985,30.190001,67181.296875,38.28,94.55,3.000000,CO,24909
0.350000,0.400000,0.120000,0.390000,0.120000,75.489998,-2.870000,1.570000,261.100006,27.440001,66069.382812,38.29,94.72,3.000000,CO,24910
0.330000,0.380000,0.120000,0.330000,0.110000,76.970001,-2.310000,0.690000,260.480011,25.209999,64986.628906,38.31,94.89,2.750000,CO,24911
0.330000,0.380000,0.120000,0.220000,0.110000,76.400002,-0.500000,2.220000,258.079987,26.860001,61997.628906,38.32,95.06,2.750000,CO,24912
0.250000,0.280000,0.090000,0.100000,0.110000,71.470001,4.860000,0.530000,256.369995,22.709999,59818.269531,38.43,96.78,2.750000,CO,24922
0.240000,0.280000,0.080000,0.100000,0.110000,71.730003,3.480000,0.780000,256.489990,23.670000,60577.601562,38.45,96.96,2.750000,CO,24923
0.240000,0.270000,0.090000,0.100000,0.110000,72.620003,2.420000,-0.230000,255.490005,26.809999,60273.230469,38.46,97.13,2.750000,CO,24924
0.230000,0.260000,0.080000,0.100000,0.120000,74.459999,2.480000,-1.120000,255.130005,27.469999,59846.519531,38.47,97.3,3.000000,CO,24925
0.220000,0.260000,0.090000,0.100000,0.120000,76.070000,2.400000,-1.010000,255.470001,27.900000,59619.679688,38.47,97.47,3.000000,CO,24926
0.220000,0.260000,0.090000,0.100000,0.120000,77.489998,2.900000,-0.430000,254.820007,31.730000,58350.199219,38.48,97.65,3.000000,CO,24927
0.220000,0.260000,0.110000,0.110000,0.120000,75.559998,5.040000,0.110000,253.869995,27.650000,57233.730469,38.49,97.82,3.000000,CO,24928
0.210000,0.260000,0.120000,0.120000,0.120000,74.690002,5.700000,0.290000,256.459991,19.549999,59214.839844,38.5,97.99,3.000000,CO,24929
0.200000,0.240000,0.100000,0.110000,0.120000,73.019997,3.700000,-0.120000,258.220001,17.110001,61678.570312,38.51,98.16,3.000000,CO,24930
0.200000,0.240000,0.110000,0.120000,0.120000,71.750000,2.850000,0.300000,257.119995,19.030001,61539.070312,38.52,98.34,3.000000,CO,24931
0.210000,0.240000,0.110000,0.140000,0.120000,71.690002,3.670000,1.460000,256.769989,20.190001,61310.589844,38.53,98.51,3.000000,CO,24932
0.210000,0.250000,0.100000,0.140000,0.120000,72.290001,3.950000,1.560000,257.049988,20.860001,61656.070312,38.54,98.68,3.000000,CO,24933
0.210000,0.250000,0.090000,0.130000,0.120000,72.529999,4.240000,1.390000,256.739990,22.280001,61494.789062,38.54,98.85,3.000000,CO,24934
0.220000,0.260000,0.090000,0.150000,0.130000,73.199997,4.750000,1.340000,257.170013,21.879999,61755.140625,38.55,99.03,3.250000,CO,24935
0.240000,0.280000,0.090000,0.240000,0.130000,74.379997,4.760000,0.610000,258.179993,20.830000,62807.519531,38.56,99.2,3.250000,CO,24936
0.270000,0.310000,0.090000,0.380000,0.130000,74.690002,4.770000,-0.160000,258.019989,22.120001,63185.300781,38.57,99.37,3.250000,CO,24937
1.890000,2.240000,0.670000,1.040000,0.120000,58.380001,-0.400000,-0.050000,266.000000,25.160000,71455.796875,38.05,90.59,3.000000,CO,25136
2.190000,2.630000,0.800000,1.360000,0.130000,57.959999,-3.690000,-2.100000,265.130005,28.190001,72200.507812,38.07,90.76,3.250000,CO,25137
1.730000,2.060000,0.620000,1.080000,0.120000,56.299999,-4.550000,-1.980000,265.250000,28.170000,71607.742188,38.09,90.93,3.000000,CO,25138
0.740000,0.850000,0.220000,0.440000,0.120000,55.650002,-3.850000,-1.360000,263.570007,31.690001,69818.718750,38.11,91.1,3.000000,CO,25139
0.600000,0.680000,0.160000,0.290000,0.120000,56.360001,-2.060000,0.090000,261.480011,38.099998,68697.617188,38.12,91.27,3.000000,CO,25140
0.560000,0.630000,0.150000,0.310000,0.120000,57.700001,-0.640000,1.090000,260.989990,42.230000,69726.406250,38.14,91.45,3.000000,CO,25141
0.560000,0.630000,0.150000,0.340000,0.120000,59.490002,-0.240000,0.550000,261.040009,47.259998,71958.546875,38.16,91.62,3.000000,CO,25142
0.650000,0.750000,0.200000,0.590000,0.120000,62.049999,-0.370000,0.010000,260.559998,54.849998,73163.031250,38.17,91.79,3.000000,CO,25143
0.670000,0.770000,0.200000,0.600000,0.130000,63.490002,-0.620000,-0.130000,260.140015,63.860001,73234.773438,38.19,91.96,3.250000,CO,25144
0.660000,0.750000,0.200000,0.550000,0.130000,64.190002,-0.680000,-0.210000,260.170013,64.410004,73222.820312,38.21,92.13,3.250000,CO,25145
0.680000,0.760000,0.210000,0.430000,0.130000,65.150002,-0.450000,-0.320000,259.989990,64.800003,73378.007812,38.22,92.3,3.250000,CO,25146
0.720000,0.810000,0.230000,0.420000,0.130000,65.790001,-0.210000,-0.360000,259.929993,64.620003,73488.406250,38.24,92.47,3.250000,CO,25147
0.740000,0.840000,0.230000,0.380000,0.130000,66.260002,-0.330000,-0.140000,260.109985,62.470001,73517.062500,38.26,92.64,3.250000,CO,25148
0.750000,0.850000,0.230000,0.340000,0.130000,66.839996,-0.900000,0.220000,261.230011,56.889999,73120.070312,38.27,92.81,3.250000,CO,25149
0.760000,0.860000,0.230000,0.310000,0.130000,67.400002,-1.170000,0.590000,261.910004,51.459999,72528.546875,38.29,92.99,3.250000,CO,25150
0.740000,0.840000,0.230000,0.290000,0.130000,68.120003,-1.100000,0.620000,261.720001,49.970001,72651.890625,38.3,93.16,3.250000,CO,25151
0.720000,0.810000,0.220000,0.290000,0.130000,68.879997,-1.530000,0.760000,261.970001,47.099998,72768.031250,38.32,93.33,3.250000,CO,25152
0.670000,0.760000,0.210000,0.310000,0.130000,69.519997,-2.020000,1.040000,262.630005,42.410000,72637.789062,38.33,93.5,3.250000,CO,25153
0.620000,0.700000,0.190000,0.270000,0.120000,70.199997,-2.330000,0.740000,263.079987,38.750000,73014.679688,38.35,93.67,3.000000,CO,25154
0.570000,0.640000,0.170000,0.200000,0.120000,70.779999,-2.550000,-0.470000,264.160004,34.730000,73335.187500,38.36,93.84,3.000000,CO,25155
0.520000,0.590000,0.160000,0.210000,0.120000,71.250000,-2.110000,-1.170000,264.519989,32.630001,73133.382812,38.37,94.02,3.000000,CO,25156
0.460000,0.530000,0.150000,0.270000,0.120000,71.480003,-1.410000,-0.310000,263.989990,31.660000,71844.968750,38.39,94.19,3.000000,CO,25157
0.430000,0.490000,0.140000,0.340000,0.120000,72.019997,-0.960000,2.850000,262.779999,32.049999,69230.781250,38.4,94.36,3.000000,CO,25158
0.230000,0.260000,0.070000,0.080000,0.120000,74.730003,1.240000,-0.950000,254.889999,26.860001,59481.179688,38.59,97.12,3.000000,CO,25174
0.220000,0.240000,0.070000,0.080000,0.120000,75.000000,3.800000,-0.830000,254.440002,24.680000,58427.769531,38.6,97.29,3.000000,CO,25175
0.210000,0.240000,0.070000,0.080000,0.120000,75.550003,4.350000,0.840000,255.160004,23.969999,59092.871094,38.61,97.46,3.000000,CO,25176
0.210000,0.240000,0.070000,0.080000,0.120000,76.300003,4.620000,1.680000,254.660004,26.620001,58107.531250,38.62,97.63,3.000000,CO,25177
0.200000,0.240000,0.070000,0.080000,0.120000,75.849998,5.820000,1.320000,255.750000,23.000000,58786.890625,38.63,97.81,3.000000,CO,25178
0.190000,0.220000,0.070000,0.080000,0.120000,74.070000,4.680000,0.020000,258.760010,17.280001,61968.031250,38.64,97.98,3.000000,CO,25179
0.190000,0.220000,0.060000,0.080000,0.120000,72.790001,3.040000,0.170000,257.760010,19.030001,61847.250000,38.65,98.15,3.000000,CO,25180
0.190000,0.220000,0.060000,0.090000,0.120000,71.320000,3.650000,1.080000,256.660004,20.680000,60810.140625,38.66,98.32,3.000000,CO,25181
0.200000,0.230000,0.080000,0.130000,0.120000,71.870003,4.020000,1.180000,257.809998,20.420000,62244.339844,38.66,98.5,3.000000,CO,25182
0.210000,0.250000,0.080000,0.150000,0.120000,72.320000,3.680000,1.100000,257.309998,23.080000,62453.089844,38.67,98.67,3.000000,CO,25183
0.220000,0.260000,0.090000,0.160000,0.120000,71.940002,4.540000,1.290000,256.630005,24.420000,61802.800781,38.68,98.84,3.000000,CO,25184
0.240000,0.280000,0.090000,0.190000,0.130000,73.580002,4.540000,0.500000,258.059998,23.100000,63382.699219,38.69,99.02,3.250000,CO,25185
0.280000,0.330000,0.100000,0.310000,0.130000,74.220001,3.940000,-0.140000,258.160004,23.809999,63927.000000,38.69,99.19,3.250000,CO,25186
0.300000,0.350000,0.100000,0.450000,0.130000,74.169998,5.160000,0.790000,257.450012,24.379999,62921.488281,38.7,99.36,3.250000,CO,25187
2.090000,2.490000,0.760000,1.210000,0.130000,60.580002,-1.930000,-1.740000,266.079987,24.889999,72446.476562,38.19,90.57,3.250000,CO,25378
2.850000,3.430000,1.070000,1.770000,0.130000,57.669998,-2.880000,-2.960000,265.649994,26.070000,72037.117188,38.2,90.74,4.071428,PM2.5,25379
2.720000,3.270000,1.020000,1.700000,0.130000,55.709999,-3.670000,-2.340000,263.670013,30.680000,70054.617188,38.22,90.91,3.885714,PM2.5,25380
1.080000,1.260000,0.360000,0.620000,0.120000,55.630001,-2.370000,-0.550000,261.190002,39.049999,68561.296875,38.24,91.08,3.000000,CO,25381
0.670000,0.760000,0.200000,0.320000,0.120000,57.939999,-0.670000,0.200000,260.429993,45.660000,69989.617188,38.26,91.25,3.000000,CO,25382
0.600000,0.680000,0.170000,0.280000,0.120000,59.570000,-0.200000,0.220000,260.890015,47.139999,72093.546875,38.27,91.42,3.000000,CO,25383
0.580000,0.660000,0.170000,0.290000,0.120000,61.160000,-0.500000,0.260000,260.649994,52.389999,72784.296875,38.29,91.59,3.000000,CO,25384
0.630000,0.720000,0.190000,0.390000,0.130000,63.169998,-0.720000,0.130000,260.500000,58.610001,73028.968750,38.31,91.77,3.250000,CO,25385
0.650000,0.740000,0.200000,0.370000,0.130000,64.300003,-0.830000,0.130000,260.399994,61.849998,73222.179688,38.33,91.94,3.250000,CO,25386
0.680000,0.770000,0.220000,0.380000,0.130000,65.000000,-0.830000,-0.050000,260.320007,62.230000,73263.203125,38.34,92.11,3.250000,CO,25387
0.720000,0.820000,0.250000,0.420000,0.130000,65.629997,-0.630000,-0.300000,260.239990,61.880001,73299.296875,38.36,92.28,3.250000,CO,25388
0.770000,0.890000,0.280000,0.430000,0.130000,66.190002,-0.500000,-0.360000,260.019989,61.680000,73494.070312,38.37,92.45,3.250000,CO,25389
0.800000,0.920000,0.300000,0.400000,0.130000,66.650002,-0.950000,-0.120000,260.230011,59.310001,73492.312500,38.39,92.62,3.250000,CO,25390
0.810000,0.930000,0.300000,0.340000,0.130000,67.120003,-1.350000,0.090000,261.029999,55.029999,73049.273438,38.41,92.79,3.250000,CO,25391
0.820000,0.950000,0.310000,0.350000,0.130000,67.699997,-1.070000,0.480000,261.250000,53.400002,72858.960938,38.42,92.97,3.250000,CO,25392
0.810000,0.940000,0.310000,0.360000,0.130000,68.480003,-0.830000,0.650000,261.029999,52.950001,73011.820312,38.44,93.14,3.250000,CO,25393
0.800000,0.950000,0.320000,0.410000,0.130000,69.269997,-0.840000,0.840000,261.630005,48.259998,73003.453125,38.45,93.31,3.250000,CO,25394
0.670000,0.770000,0.220000,0.290000,0.120000,69.660004,-1.650000,1.230000,262.609985,41.240002,73196.453125,38.47,93.48,3.000000,CO,25395
0.600000,0.680000,0.180000,0.200000,0.120000,69.540001,-3.340000,1.270000,264.040009,35.910000,72799.109375,38.48,93.65,3.000000,CO,25396
0.570000,0.650000,0.170000,0.140000,0.120000,69.180000,-3.460000,0.480000,263.239990,37.500000,70779.656250,38.5,93.83,3.000000,CO,25397
0.530000,0.600000,0.160000,0.150000,0.120000,69.730003,-1.450000,0.420000,261.890015,39.590000,68884.109375,38.51,94.0,3.000000,CO,25398
0.500000,0.570000,0.160000,0.220000,0.120000,71.300003,0.580000,1.300000,261.390015,38.959999,68328.171875,38.52,94.17,3.000000,CO,25399
0.450000,0.510000,0.150000,0.340000,0.120000,71.070000,1.190000,3.090000,261.929993,34.790001,68820.906250,38.54,94.34,3.000000,CO,25400
0.220000,0.250000,0.070000,0.080000,0.110000,73.269997,2.480000,0.890000,253.429993,27.389999,57383.281250,38.73,97.1,2.750000,CO,25416
0.210000,0.240000,0.060000,0.070000,0.110000,72.910004,6.210000,0.850000,253.940002,23.080000,57336.660156,38.74,97.28,2.750000,CO,25417
0.200000,0.230000,0.060000,0.070000,0.110000,74.400002,6.130000,1.250000,257.040009,18.709999,60249.410156,38.74,97.45,2.750000,CO,25418
0.200000,0.230000,0.060000,0.070000,0.120000,73.370003,4.850000,1.920000,257.250000,20.400000,60699.230469,38.75,97.62,3.000000,CO,25419
0.190000,0.220000,0.060000,0.070000,0.120000,74.720001,4.760000,0.780000,257.630005,19.440001,61133.851562,38.76,97.79,3.000000,CO,25420
0.190000,0.220000,0.050000,0.080000,0.120000,73.099998,3.980000,-0.530000,258.339996,18.340000,62416.640625,38.77,97.97,3.000000,CO,25421
0.200000,0.230000,0.060000,0.110000,0.120000,72.980003,2.970000,0.140000,258.200012,19.080000,62894.210938,38.78,98.14,3.000000,CO,25422
0.230000,0.270000,0.070000,0.210000,0.120000,72.690002,2.230000,0.550000,259.049988,19.190001,64322.800781,38.79,98.31,3.000000,CO,25423
0.240000,0.280000,0.080000,0.250000,0.120000,73.690002,1.420000,0.370000,258.339996,22.600000,64284.050781,38.8,98.49,3.000000,CO,25424
0.260000,0.300000,0.090000,0.260000,0.130000,74.279999,2.260000,0.380000,256.760010,26.379999,62649.980469,38.81,98.66,3.250000,CO,25425
0.280000,0.320000,0.090000,0.260000,0.130000,74.239998,3.640000,0.820000,256.570007,27.320000,62425.699219,38.81,98.83,3.250000,CO,25426
0.290000,0.340000,0.100000,0.270000,0.130000,74.779999,3.890000,-0.320000,256.380005,27.000000,62264.558594,38.82,99.01,3.250000,CO,25427
1.990000,2.360000,0.720000,1.160000,0.130000,60.770000,1.260000,-1.970000,265.459991,25.590000,70450.796875,38.32,90.55,3.250000,CO,25622
4.060000,4.910000,1.590000,2.570000,0.140000,58.139999,0.920000,-2.050000,264.579987,26.959999,69973.078125,38.34,90.72,5.800000,PM2.5,25623
6.100000,7.410000,2.450000,3.790000,0.150000,55.959999,0.060000,-0.810000,262.149994,33.000000,68363.093750,38.36,90.89,8.714286,PM2.5,25624
2.880000,3.470000,1.120000,1.640000,0.130000,57.480000,-0.470000,-0.010000,260.570007,42.000000,69423.671875,38.37,91.06,4.114286,PM2.5,25625
1.080000,1.270000,0.380000,0.500000,0.120000,60.919998,-0.230000,-0.100000,260.880005,46.400002,72350.179688,38.39,91.23,3.000000,CO,25626
0.670000,0.770000,0.210000,0.260000,0.120000,62.419998,-0.400000,-0.020000,260.779999,50.700001,73493.921875,38.41,91.4,3.000000,CO,25627
0.590000,0.670000,0.170000,0.230000,0.120000,62.930000,-0.890000,0.660000,260.589996,55.790001,73229.687500,38.43,91.57,3.000000,CO,25628
0.580000,0.660000,0.170000,0.220000,0.120000,64.470001,-0.930000,0.310000,260.820007,54.720001,73344.843750,38.44,91.74,3.000000,CO,25629
0.600000,0.670000,0.180000,0.200000,0.120000,65.680000,-0.760000,-0.090000,261.250000,51.820000,73669.726562,38.46,91.92,3.000000,CO,25630
0.660000,0.750000,0.220000,0.260000,0.130000,66.330002,-0.700000,-0.410000,261.100006,52.740002,73601.578125,38.48,92.09,3.250000,CO,25631
0.750000,0.860000,0.290000,0.350000,0.130000,66.860001,-0.540000,-0.240000,260.600006,56.430000,73395.132812,38.49,92.26,3.250000,CO,25632
0.820000,0.950000,0.340000,0.380000,0.130000,67.269997,-0.680000,0.050000,260.350006,57.049999,73556.750000,38.51,92.43,3.250000,CO,25633
0.860000,1.010000,0.370000,0.410000,0.130000,67.589996,-1.460000,-0.150000,260.700012,52.369999,73573.398438,38.52,92.6,3.250000,CO,25634
0.910000,1.070000,0.410000,0.490000,0.130000,67.910004,-1.740000,-0.570000,261.070007,49.240002,73207.632812,38.54,92.77,3.250000,CO,25635
1.010000,1.210000,0.500000,0.600000,0.130000,69.040001,-1.130000,-0.350000,260.959991,49.779999,73151.187500,38.56,92.95,3.250000,CO,25636
1.060000,1.300000,0.560000,0.700000,0.130000,68.940002,-0.820000,0.500000,260.989990,51.259998,73131.257812,38.57,93.12,3.250000,CO,25637
1.240000,1.570000,0.700000,0.890000,0.130000,69.260002,-0.720000,0.850000,261.890015,46.099998,73049.500000,38.59,93.29,3.250000,CO,25638
0.820000,0.980000,0.360000,0.440000,0.130000,69.580002,-1.380000,1.520000,263.220001,38.990002,73143.070312,38.6,93.46,3.250000,CO,25639
0.600000,0.680000,0.180000,0.160000,0.120000,69.459999,-2.590000,2.770000,263.529999,37.509998,71193.656250,38.62,93.63,3.000000,CO,25640
0.580000,0.650000,0.170000,0.140000,0.120000,69.099998,-1.790000,3.870000,261.000000,43.080002,67203.640625,38.63,93.81,3.000000,CO,25641
0.540000,0.610000,0.160000,0.140000,0.120000,69.809998,0.610000,4.210000,259.790009,45.349998,65565.140625,38.64,93.98,3.000000,CO,25642
0.520000,0.590000,0.160000,0.200000,0.120000,70.540001,1.960000,3.540000,261.220001,40.480000,67550.156250,38.66,94.15,3.000000,CO,25643
0.490000,0.550000,0.150000,0.320000,0.120000,69.830002,1.790000,2.440000,262.820007,34.820000,70230.203125,38.67,94.32,3.000000,CO,25644
0.220000,0.250000,0.070000,0.080000,0.110000,73.529999,4.040000,4.100000,255.460007,24.129999,58964.609375,38.86,97.09,2.750000,CO,25660
0.210000,0.240000,0.060000,0.080000,0.110000,73.370003,6.270000,2.740000,256.970001,19.719999,60010.718750,38.87,97.26,2.750000,CO,25661
0.200000,0.230000,0.060000,0.070000,0.110000,73.699997,5.810000,1.070000,258.649994,17.750000,61988.339844,38.88,97.44,2.750000,CO,25662
0.200000,0.230000,0.060000,0.070000,0.120000,73.519997,4.590000,0.690000,258.399994,19.750000,62507.761719,38.89,97.61,3.000000,CO,25663
0.190000,0.220000,0.050000,0.080000,0.120000,74.620003,4.030000,0.550000,257.730011,21.410000,62124.621094,38.9,97.78,3.000000,CO,25664
0.300000,0.350000,0.090000,0.420000,0.130000,76.379997,0.270000,-1.110000,259.299988,20.740000,65844.921875,38.93,98.3,3.250000,CO,25667
0.300000,0.340000,0.100000,0.400000,0.130000,75.779999,0.600000,0.250000,257.390015,24.459999,63278.460938,38.93,98.48,3.250000,CO,25668
0.290000,0.330000,0.090000,0.340000,0.130000,75.940002,3.400000,0.290000,255.899994,26.080000,61186.500000,38.94,98.65,3.250000,CO,25669
0.300000,0.350000,0.100000,0.320000,0.130000,75.589996,4.770000,0.470000,256.489990,24.209999,61520.429688,38.95,98.82,3.250000,CO,25670
0.320000,0.370000,0.100000,0.330000,0.130000,73.769997,5.550000,1.260000,255.919998,24.030001,60759.929688,38.96,99.0,3.250000,CO,25671
0.930000,1.030000,0.250000,0.400000,0.120000,62.650002,-1.470000,2.860000,263.890015,28.540001,67704.437500,38.42,90.18,3.000000,CO,25864
1.120000,1.270000,0.340000,0.550000,0.120000,64.180000,1.380000,1.820000,261.250000,32.810001,64701.078125,38.44,90.35,3.000000,CO,25865
1.230000,1.410000,0.390000,0.640000,0.120000,63.880001,4.420000,0.570000,260.730011,33.330002,64198.828125,38.45,90.52,3.000000,CO,25866
2.000000,2.360000,0.740000,1.190000,0.130000,61.750000,6.340000,0.670000,261.070007,32.180000,64626.980469,38.47,90.69,3.250000,CO,25867
3.510000,4.230000,1.380000,2.160000,0.130000,58.650002,5.530000,1.860000,261.519989,31.959999,65762.648438,38.49,90.86,5.014286,PM2.5,25868
2.570000,3.090000,0.990000,1.510000,0.130000,58.270000,1.110000,0.680000,261.190002,39.110001,69354.406250,38.51,91.04,3.671428,PM2.5,25869
0.670000,0.770000,0.210000,0.220000,0.120000,64.730003,-0.850000,-0.540000,260.970001,47.349998,72759.882812,38.53,91.21,3.000000,CO,25870
0.560000,0.630000,0.170000,0.170000,0.120000,66.120003,-0.430000,-0.160000,260.880005,49.880001,73787.476562,38.54,91.38,3.000000,CO,25871
0.550000,0.610000,0.160000,0.170000,0.120000,65.680000,-0.880000,0.560000,261.290009,48.740002,73505.203125,38.56,91.55,3.000000,CO,25872
0.550000,0.610000,0.160000,0.160000,0.120000,66.040001,-1.270000,0.200000,261.540009,46.389999,72370.617188,38.58,91.72,3.000000,CO,25873
0.550000,0.620000,0.160000,0.150000,0.120000,66.290001,-0.880000,-0.490000,261.299988,46.759998,71320.289062,38.59,91.89,3.000000,CO,25874
0.590000,0.670000,0.190000,0.170000,0.120000,66.580002,0.010000,-0.330000,261.320007,48.160000,71733.656250,38.61,92.07,3.000000,CO,25875
0.710000,0.810000,0.270000,0.240000,0.130000,67.769997,0.120000,0.370000,261.420013,49.380001,73068.023438,38.63,92.24,3.250000,CO,25876
0.800000,0.930000,0.330000,0.320000,0.130000,68.519997,-0.920000,0.450000,261.290009,49.770000,73711.679688,38.64,92.41,3.250000,CO,25877
0.840000,0.990000,0.360000,0.370000,0.130000,68.500000,-2.170000,-0.510000,262.119995,45.389999,73292.398438,38.66,92.58,3.250000,CO,25878
0.900000,1.060000,0.410000,0.470000,0.130000,68.489998,-2.050000,-1.400000,261.980011,43.980000,72818.281250,38.67,92.75,3.250000,CO,25879
1.060000,1.280000,0.530000,0.610000,0.130000,70.559998,-0.920000,-1.310000,261.670013,43.099998,73091.281250,38.69,92.93,3.250000,CO,25880
1.200000,1.480000,0.670000,0.810000,0.130000,70.300003,-0.620000,0.690000,261.670013,45.970001,73238.023438,38.71,93.1,3.250000,CO,25881
1.380000,1.750000,0.810000,0.990000,0.130000,69.730003,-1.030000,1.090000,262.320007,41.590000,73075.953125,38.72,93.27,3.250000,CO,25882
1.050000,1.300000,0.540000,0.660000,0.130000,69.779999,-1.420000,1.580000,263.279999,37.430000,72857.820312,38.74,93.44,3.250000,CO,25883
0.640000,0.730000,0.210000,0.220000,0.120000,69.470001,-1.290000,2.670000,263.350006,37.080002,71057.593750,38.75,93.62,3.000000,CO,25884
0.220000,0.250000,0.060000,0.080000,0.110000,73.309998,4.520000,4.380000,258.959991,20.620001,63007.828125,39.0,97.08,2.750000,CO,25904
0.210000,0.240000,0.060000,0.080000,0.120000,73.699997,4.380000,2.050000,259.149994,19.809999,63503.011719,39.01,97.25,3.000000,CO,25905
0.210000,0.240000,0.060000,0.080000,0.120000,73.760002,3.630000,0.120000,257.739990,22.780001,62783.089844,39.01,97.42,3.000000,CO,25906
0.220000,0.250000,0.060000,0.080000,0.120000,73.529999,4.040000,-0.150000,257.040009,25.040001,62440.160156,39.02,97.6,3.000000,CO,25907
0.260000,0.300000,0.090000,0.280000,0.130000,73.760002,6.470000,2.110000,256.790009,21.850000,60912.199219,39.08,98.81,3.250000,CO,25914
1.410000,1.630000,0.460000,0.710000,0.120000,61.220001,8.350000,3.480000,260.850006,30.629999,63026.601562,38.61,90.67,3.000000,CO,26109
2.050000,2.420000,0.740000,1.140000,0.130000,58.389999,6.390000,3.130000,262.709991,28.020000,65466.128906,38.62,90.84,3.250000,CO,26110
1.760000,2.080000,0.640000,0.930000,0.120000,59.889999,0.560000,1.570000,260.869995,39.549999,68875.578125,38.64,91.01,3.000000,CO,26111
0.640000,0.730000,0.200000,0.180000,0.120000,68.360001,-1.240000,-0.810000,260.679993,46.560001,72003.656250,38.66,91.19,3.000000,CO,26112
0.550000,0.620000,0.160000,0.150000,0.120000,69.440002,-0.410000,-0.710000,261.619995,44.180000,73356.023438,38.68,91.36,3.000000,CO,26113
0.530000,0.590000,0.150000,0.140000,0.120000,68.699997,-0.670000,-0.090000,261.589996,43.509998,72380.281250,38.69,91.53,3.000000,CO,26114
0.520000,0.580000,0.150000,0.130000,0.110000,68.360001,-1.160000,0.650000,260.660004,44.060001,69359.617188,38.71,91.7,2.750000,CO,26115
0.520000,0.580000,0.150000,0.130000,0.120000,67.750000,0.600000,0.780000,259.480011,44.380001,66499.273438,38.73,91.87,3.000000,CO,26116
0.550000,0.620000,0.170000,0.150000,0.120000,66.940002,2.380000,2.150000,259.950012,46.750000,67896.093750,38.75,92.05,3.000000,CO,26117
0.670000,0.770000,0.240000,0.210000,0.120000,67.900002,0.800000,2.440000,261.630005,45.730000,72037.843750,38.76,92.22,3.000000,CO,26118
0.730000,0.840000,0.280000,0.250000,0.130000,69.519997,-1.940000,1.460000,261.989990,46.389999,72970.539062,38.78,92.39,3.250000,CO,26119
0.750000,0.870000,0.290000,0.270000,0.130000,68.580002,-2.910000,0.420000,261.459991,47.599998,71070.203125,38.79,92.56,3.250000,CO,26120
0.820000,0.960000,0.340000,0.350000,0.130000,68.970001,-1.550000,-0.860000,261.299988,45.279999,71173.289062,38.81,92.73,3.250000,CO,26121
1.030000,1.230000,0.470000,0.520000,0.130000,72.000000,-0.610000,-1.490000,262.160004,38.180000,73244.062500,38.82,92.91,3.250000,CO,26122
1.230000,1.500000,0.580000,0.720000,0.130000,72.510002,-1.270000,0.130000,262.940002,35.049999,73921.546875,38.84,93.08,3.250000,CO,26123
1.420000,1.750000,0.670000,0.930000,0.130000,72.500000,-2.210000,0.240000,263.570007,32.240002,73267.679688,38.85,93.25,3.250000,CO,26124
1.240000,1.510000,0.540000,0.810000,0.130000,73.019997,-2.410000,0.210000,263.679993,31.920000,72352.156250,38.87,93.42,3.250000,CO,26125
0.690000,0.810000,0.270000,0.450000,0.130000,74.500000,-1.490000,-0.010000,263.239990,32.549999,71147.437500,38.88,93.6,3.250000,CO,26126
0.610000,0.710000,0.230000,0.420000,0.130000,74.610001,-0.260000,0.110000,262.859985,33.369999,70547.156250,38.9,93.77,3.250000,CO,26127
0.220000,0.250000,0.060000,0.080000,0.120000,73.620003,3.950000,2.890000,258.609985,22.790001,64065.429688,39.13,97.06,3.000000,CO,26146
0.220000,0.250000,0.060000,0.080000,0.120000,73.839996,2.490000,1.550000,257.070007,25.049999,62506.589844,39.14,97.24,3.000000,CO,26147
0.530000,0.600000,0.160000,0.130000,0.110000,68.610001,-0.280000,2.780000,259.579987,43.099998,67198.851562,38.85,91.68,2.750000,CO,26357
0.530000,0.590000,0.150000,0.130000,0.110000,67.669998,3.220000,3.280000,259.559998,37.450001,64946.878906,38.86,91.85,2.750000,CO,26358
0.540000,0.610000,0.160000,0.140000,0.120000,66.089996,4.490000,5.210000,260.480011,39.889999,66647.546875,38.88,92.02,3.000000,CO,26359
0.660000,0.750000,0.230000,0.200000,0.120000,67.050003,0.740000,5.790000,261.299988,44.570000,70685.101562,38.9,92.2,3.000000,CO,26360
0.700000,0.810000,0.270000,0.230000,0.120000,68.889999,-2.640000,5.120000,260.899994,48.459999,70434.156250,38.91,92.37,3.000000,CO,26361
0.730000,0.850000,0.280000,0.250000,0.120000,67.940002,-2.500000,4.760000,259.820007,49.509998,67942.250000,38.93,92.54,3.000000,CO,26362
0.830000,0.980000,0.340000,0.340000,0.130000,70.410004,-1.470000,2.500000,259.910004,48.240002,69204.210938,38.94,92.71,3.250000,CO,26363
0.950000,1.140000,0.410000,0.450000,0.130000,73.099998,-2.330000,0.310000,261.899994,38.669998,71754.593750,38.96,92.89,3.250000,CO,26364
1.060000,1.280000,0.470000,0.560000,0.130000,72.980003,-3.240000,0.480000,262.820007,35.150002,71617.937500,38.97,93.06,3.250000,CO,26365
0.730000,0.850000,0.280000,0.260000,0.120000,67.059998,-1.940000,10.720000,261.890015,41.040001,68956.703125,39.06,92.52,3.000000,CO,26605
0.830000,0.970000,0.340000,0.340000,0.120000,69.480003,-3.630000,8.130000,260.329987,46.330002,68749.320312,39.08,92.69,3.000000,CO,26606
0.910000,1.090000,0.390000,0.420000,0.130000,71.360001,-4.370000,5.800000,260.000000,44.639999,68221.609375,39.09,92.87,3.250000,CO,26607
0.980000,1.170000,0.420000,0.490000,0.120000,71.599998,-3.740000,5.640000,259.940002,42.619999,67075.078125,39.11,93.04,3.000000,CO,26608
