PM2.5(微克每立方米),PM10(微克每立方米),SO2(微克每立方米),NO2(微克每立方米),CO(毫克每立方米),O3(微克每立方米),U(m/s),V(m/s),TEMP(K),RH(%),PSFC(Pa),lat,lon,AQI,Major pollutants,id
21.709999,43.910000,12.870000,6.760000,0.730000,40.220001,-3.750000,-0.080000,297.010010,86.290001,91653.710938,28.3,108.78,43.910000,PM10,6402
20.760000,44.040001,11.430000,7.390000,0.830000,37.139999,-2.850000,-0.910000,297.220001,86.010002,92093.703125,28.29,108.93,44.040001,PM10,6403
18.709999,42.529999,9.900000,8.150000,0.920000,34.570000,-2.300000,-1.380000,298.190002,83.269997,93406.117188,28.29,109.08,42.529999,PM10,6404
22.820000,43.900002,15.070000,6.420000,0.640000,43.509998,-4.390000,-0.110000,298.489990,80.570000,93055.187500,28.44,108.63,43.900002,PM10,6582
23.170000,45.230000,14.700000,7.210000,0.720000,39.540001,-4.260000,-1.050000,297.559998,84.389999,92131.718750,28.43,108.78,45.230000,PM10,6583
22.180000,45.320000,13.280000,7.740000,0.820000,36.650002,-3.200000,-1.530000,297.640015,84.879997,92562.429688,28.43,108.94,45.320000,PM10,6584
20.430000,44.279999,12.640000,9.000000,0.920000,34.139999,-2.390000,-1.430000,298.209991,82.989998,93386.773438,28.42,109.09,44.279999,PM10,6585
20.969999,28.530001,6.330000,6.290000,0.350000,74.099998,-3.290000,4.180000,297.209991,78.379997,88972.046875,28.62,106.47,29.957142,PM2.5,6757
23.240000,43.730000,15.850000,5.910000,0.610000,45.750000,-4.590000,-1.270000,298.940002,78.269997,93215.617188,28.57,108.63,43.730000,PM10,6771
25.010000,46.080002,14.400000,6.270000,0.670000,41.480000,-4.280000,-1.930000,297.410004,84.339996,91759.320312,28.57,108.79,46.080002,PM10,6772
24.110001,46.520000,12.530000,6.410000,0.770000,38.580002,-2.610000,-1.960000,297.709991,84.889999,92773.429688,28.56,108.94,46.520000,PM10,6773
22.080000,45.049999,11.140000,7.320000,0.860000,36.709999,-2.030000,-1.110000,298.390015,82.739998,93720.648438,28.56,109.1,45.049999,PM10,6774
21.160000,43.169998,8.860000,8.020000,0.910000,35.540001,-2.720000,-1.130000,299.239990,79.720001,94635.976562,28.55,109.25,43.169998,PM10,6775
19.600000,27.680000,6.440000,6.220000,0.350000,76.370003,-3.340000,3.740000,299.760010,69.440002,91677.546875,28.76,106.32,28.000000,PM2.5,6949
20.719999,28.500000,6.480000,6.500000,0.350000,75.610001,-3.740000,3.770000,298.980011,72.080002,90900.640625,28.75,106.47,29.599998,PM2.5,6950
20.799999,28.440001,6.810000,7.000000,0.360000,74.320000,-3.220000,2.870000,300.130005,69.070000,92667.226562,28.75,106.63,29.714285,PM2.5,6951
23.440001,30.110001,7.530000,6.630000,0.360000,75.019997,-3.320000,2.450000,301.070007,66.970001,94111.578125,28.75,106.78,33.485714,PM2.5,6952
25.240000,45.189999,16.639999,5.440000,0.540000,53.090000,-4.410000,-0.030000,298.119995,79.970001,91868.968750,28.71,108.48,45.189999,PM10,6963
25.370001,45.389999,16.540001,5.700000,0.580000,48.619999,-5.010000,-1.630000,297.690002,81.699997,91469.890625,28.71,108.64,45.389999,PM10,6964
26.150000,46.849998,15.980000,6.500000,0.650000,43.369999,-3.650000,-2.280000,297.329987,84.540001,91755.343750,28.7,108.79,46.849998,PM10,6965
25.160000,47.230000,13.810000,5.980000,0.730000,41.209999,-1.620000,-1.990000,298.440002,81.900002,93787.437500,28.7,108.95,47.230000,PM10,6966
22.770000,45.259998,12.280000,6.630000,0.820000,39.549999,-1.660000,-0.810000,299.480011,78.860001,95139.179688,28.69,109.1,45.259998,PM10,6967
19.440001,27.940001,6.470000,6.640000,0.360000,76.750000,-3.330000,2.680000,301.730011,63.900002,94057.132812,28.89,106.32,27.940001,PM10,7148
20.670000,28.950001,6.630000,7.140000,0.360000,76.320000,-4.330000,3.380000,300.899994,66.010002,93165.429688,28.89,106.47,29.528572,PM2.5,7149
21.910000,30.040001,7.050000,7.920000,0.370000,75.459999,-4.110000,3.130000,301.089996,66.419998,94027.421875,28.89,106.63,31.299999,PM2.5,7150
24.469999,32.130001,7.720000,8.240000,0.370000,76.230003,-4.160000,2.820000,301.079987,67.290001,94309.812500,28.89,106.78,34.957142,PM2.5,7151
28.610001,35.049999,8.270000,5.720000,0.360000,77.949997,-5.930000,2.680000,299.299988,72.540001,91920.289062,28.88,106.94,40.871429,PM2.5,7152
37.029999,42.599998,8.730000,4.400000,0.360000,73.309998,-5.180000,1.130000,294.660004,90.980003,87277.859375,28.88,107.25,52.537498,PM2.5,7154
27.250000,47.230000,17.160000,5.630000,0.520000,55.299999,-4.670000,0.630000,297.279999,81.239998,90319.968750,28.85,108.49,47.230000,PM10,7162
28.030001,48.360001,17.740000,6.100000,0.570000,50.480000,-5.360000,-0.550000,296.179993,86.260002,89413.757812,28.84,108.64,48.360001,PM10,7163
27.480000,48.619999,18.879999,7.420000,0.640000,44.849998,-3.330000,-1.880000,296.980011,85.529999,91211.812500,28.84,108.8,48.619999,PM10,7164
25.950001,47.610001,15.230000,5.800000,0.710000,43.849998,-1.490000,-2.060000,299.209991,78.889999,94647.648438,28.84,108.95,47.610001,PM10,7165
24.160000,45.700001,12.380000,5.210000,0.760000,42.470001,-2.390000,-1.080000,299.989990,76.339996,95437.953125,28.83,109.11,45.700001,PM10,7166
14.150000,24.620001,6.540000,10.300000,0.370000,72.559998,-1.390000,-0.090000,303.059998,63.820000,96945.218750,29.03,105.85,24.620001,PM10,7347
15.640000,26.270000,6.520000,9.740000,0.380000,73.550003,-1.720000,0.040000,303.359985,61.910000,96968.648438,29.03,106.01,26.270000,PM10,7348
17.040001,27.270000,6.470000,8.660000,0.380000,74.849998,-2.400000,0.740000,303.559998,59.840000,96708.250000,29.03,106.17,27.270000,PM10,7349
18.469999,28.100000,6.540000,7.880000,0.380000,76.010002,-3.270000,1.900000,303.230011,59.889999,96065.906250,29.03,106.32,28.100000,PM10,7350
19.910000,29.410000,6.750000,8.430000,0.390000,76.440002,-4.160000,3.220000,302.459991,61.959999,95218.921875,29.03,106.48,29.410000,PM10,7351
22.270000,31.420000,7.190000,8.910000,0.390000,76.570000,-4.050000,3.910000,301.609985,64.940002,94546.828125,29.02,106.63,31.814287,PM2.5,7352
24.950001,33.360001,7.700000,8.270000,0.390000,77.760002,-3.700000,3.830000,300.940002,66.620003,93740.671875,29.02,106.79,35.642857,PM2.5,7353
27.500000,35.080002,8.280000,6.960000,0.380000,79.570000,-4.520000,3.260000,300.029999,67.930000,92248.617188,29.02,106.94,39.285713,PM2.5,7354
32.680000,38.939999,8.780000,5.050000,0.360000,80.500000,-5.980000,3.540000,296.829987,77.989998,88159.421875,29.02,107.1,46.685715,PM2.5,7355
38.480000,44.250000,8.780000,4.140000,0.350000,77.040001,-5.790000,3.740000,294.000000,91.389999,85677.710938,29.01,107.25,54.349998,PM2.5,7356
41.419998,53.750000,12.490000,4.930000,0.380000,73.400002,-3.350000,0.200000,295.480011,89.910004,89029.562500,29.0,107.87,58.024998,PM2.5,7360
30.040001,50.110001,16.610001,5.450000,0.470000,62.200001,-1.940000,-0.480000,298.309998,79.430000,92474.421875,28.99,108.34,50.055000,PM10,7363
28.900000,49.320000,17.440001,5.430000,0.510000,57.759998,-4.130000,0.610000,298.130005,78.139999,91322.218750,28.99,108.49,49.320000,PM10,7364
30.240000,50.930000,17.700001,5.500000,0.550000,54.060001,-5.630000,0.640000,296.179993,85.489998,89140.492188,28.98,108.65,50.465000,PM10,7365
30.170000,51.560001,18.030001,6.580000,0.620000,47.610001,-3.900000,-0.800000,296.399994,87.480003,90400.187500,28.98,108.8,50.779999,PM10,7366
27.820000,49.119999,14.950000,5.210000,0.680000,46.410000,-2.080000,-2.020000,298.829987,79.779999,93962.218750,28.97,108.96,49.119999,PM10,7367
26.410000,47.430000,12.780000,4.610000,0.730000,44.900002,-2.830000,-1.660000,299.420013,77.940002,94619.671875,28.97,109.11,47.430000,PM10,7368
15.460000,26.990000,6.730000,11.700000,0.400000,69.620003,-2.320000,0.460000,302.739990,64.330002,96422.078125,29.17,105.86,26.990000,PM10,7565
16.799999,28.650000,6.810000,11.570000,0.410000,70.769997,-2.590000,0.270000,303.130005,62.340000,96619.210938,29.17,106.01,28.650000,PM10,7566
17.969999,29.559999,6.890000,10.830000,0.410000,72.510002,-2.920000,0.570000,303.570007,59.730000,96781.296875,29.17,106.17,29.559999,PM10,7567
19.190001,30.309999,6.990000,9.800000,0.410000,74.279999,-3.180000,1.620000,303.790009,58.750000,97008.031250,29.16,106.32,30.309999,PM10,7568
20.750000,31.680000,7.180000,10.030000,0.420000,75.559998,-3.560000,2.970000,303.230011,60.110001,96316.843750,29.16,106.48,31.680000,PM10,7569
23.059999,33.709999,7.500000,10.440000,0.420000,75.690002,-3.360000,3.600000,302.070007,63.450001,94977.953125,29.16,106.63,33.709999,PM10,7570
25.440001,34.930000,7.740000,8.450000,0.410000,76.129997,-2.640000,3.010000,301.239990,65.120003,93750.453125,29.16,106.79,36.342857,PM2.5,7571
27.410000,36.029999,8.200000,7.690000,0.400000,77.000000,-2.880000,2.390000,300.790009,65.150002,92851.921875,29.16,106.94,39.157143,PM2.5,7572
30.260000,38.090000,8.850000,6.610000,0.380000,78.440002,-4.560000,3.830000,299.929993,66.650002,91591.703125,29.15,107.1,43.228573,PM2.5,7573
35.570000,42.169998,8.970000,4.380000,0.350000,78.610001,-5.860000,5.500000,297.790009,75.029999,89498.703125,29.15,107.26,50.712502,PM2.5,7574
44.970001,58.150002,13.550000,5.680000,0.400000,73.589996,-2.400000,0.070000,296.609985,86.730003,90904.000000,29.14,107.88,62.462502,PM2.5,7578
40.750000,57.000000,14.500000,5.300000,0.410000,72.650002,-3.050000,0.300000,296.790009,85.519997,90709.359375,29.13,108.03,57.187500,PM2.5,7579
37.200001,56.110001,15.320000,5.170000,0.440000,68.320000,-3.120000,-0.030000,296.570007,85.709999,90165.898438,29.13,108.19,53.055000,PM10,7580
33.849998,54.000000,16.230000,5.040000,0.460000,64.519997,-2.480000,-0.420000,298.070007,80.330002,92107.867188,29.13,108.34,52.000000,PM10,7581
31.920000,52.110001,16.219999,4.780000,0.480000,60.480000,-3.750000,0.100000,298.929993,76.139999,92577.210938,29.12,108.5,51.055000,PM10,7582
31.930000,52.310001,15.770000,4.590000,0.530000,56.900002,-5.570000,1.040000,297.440002,80.879997,90564.656250,29.12,108.65,51.154999,PM10,7583
32.430000,53.119999,14.730000,4.780000,0.580000,51.660000,-4.920000,0.350000,296.269989,87.430000,89987.539062,29.11,108.81,51.559998,PM10,7584
30.370001,51.259998,13.900000,4.540000,0.650000,49.180000,-3.030000,-1.520000,297.410004,84.160004,91887.312500,29.11,108.97,50.629997,PM10,7585
28.139999,49.080002,12.920000,4.410000,0.710000,47.509998,-2.800000,-1.860000,298.880005,79.309998,93900.632812,29.1,109.12,49.080002,PM10,7586
13.460000,24.260000,6.170000,12.420000,0.400000,66.250000,-2.930000,1.410000,302.029999,68.290001,95800.882812,29.31,105.55,24.260000,PM10,7785
15.200000,27.059999,6.160000,13.860000,0.410000,65.269997,-2.780000,1.320000,301.910004,66.970001,95446.703125,29.31,105.7,27.059999,PM10,7786
16.219999,29.139999,6.490000,14.890000,0.430000,65.570000,-2.770000,1.070000,302.459991,64.559998,95912.406250,29.3,105.86,29.139999,PM10,7787
17.230000,30.690001,6.830000,14.850000,0.440000,67.309998,-3.160000,0.830000,302.869995,62.639999,96179.312500,29.3,106.01,30.690001,PM10,7788
18.610001,32.389999,7.080000,16.180000,0.460000,68.290001,-3.280000,1.020000,303.130005,60.680000,96259.953125,29.3,106.17,32.389999,PM10,7789
19.700001,33.580002,7.360000,17.520000,0.470000,69.139999,-3.020000,1.720000,303.549988,59.470001,96818.843750,29.3,106.32,33.580002,PM10,7790
21.400000,34.580002,7.720000,16.200001,0.470000,71.019997,-2.870000,2.390000,303.309998,60.000000,96498.937500,29.3,106.48,34.580002,PM10,7791
23.459999,35.680000,8.100000,14.070000,0.460000,71.580002,-2.830000,2.140000,302.679993,61.169998,95566.960938,29.3,106.64,35.680000,PM10,7792
26.030001,36.139999,7.800000,8.880000,0.420000,73.070000,-2.570000,1.180000,301.859985,62.820000,94534.539062,29.29,106.79,37.185715,PM2.5,7793
29.209999,38.240002,8.300000,7.890000,0.410000,74.730003,-2.820000,0.990000,300.679993,65.809998,92981.242188,29.29,106.95,41.728569,PM2.5,7794
31.360001,39.630001,8.880000,6.520000,0.390000,77.089996,-4.030000,2.250000,300.570007,65.790001,92697.726562,29.29,107.1,44.799999,PM2.5,7795
34.349998,41.660000,9.350000,4.810000,0.360000,79.360001,-5.630000,3.580000,300.350006,66.550003,92424.148438,29.29,107.26,49.071426,PM2.5,7796
39.660000,46.509998,10.120000,4.280000,0.350000,80.750000,-7.080000,3.510000,297.829987,74.949997,89610.140625,29.28,107.41,55.825001,PM2.5,7797
45.709999,53.130001,10.990000,4.560000,0.350000,79.040001,-6.440000,2.530000,295.179993,87.410004,87615.046875,29.28,107.57,63.387497,PM2.5,7798
48.189999,58.259998,12.320000,6.060000,0.380000,73.169998,-3.920000,0.760000,295.920013,88.260002,89899.492188,29.28,107.73,66.487495,PM2.5,7799
45.650002,59.389999,14.380000,5.970000,0.400000,75.029999,-2.810000,-0.460000,297.679993,82.760002,92324.937500,29.27,107.88,63.312500,PM2.5,7800
42.250000,59.470001,15.730000,5.710000,0.430000,73.110001,-3.220000,-0.340000,297.700012,82.239998,91894.031250,29.27,108.04,59.062500,PM2.5,7801
38.959999,58.689999,16.490000,5.310000,0.450000,69.750000,-3.370000,0.000000,297.679993,82.099998,91720.093750,29.27,108.19,54.949997,PM2.5,7802
36.709999,57.500000,16.860001,5.070000,0.470000,66.190002,-3.480000,-0.130000,298.029999,80.129997,91916.273438,29.26,108.35,53.750000,PM10,7803
35.599998,56.490002,16.799999,4.850000,0.490000,62.779999,-3.890000,-0.410000,298.100006,79.080002,91621.593750,29.26,108.5,53.245003,PM10,7804
34.029999,54.959999,16.270000,4.640000,0.530000,59.279999,-4.840000,0.510000,297.739990,79.809998,90897.296875,29.25,108.66,52.480000,PM10,7805
33.529999,54.410000,15.390000,4.460000,0.570000,55.840000,-5.490000,1.230000,296.410004,84.989998,89388.070312,29.25,108.82,52.205002,PM10,7806
32.910000,54.040001,14.330000,4.570000,0.630000,51.740002,-4.090000,-0.220000,295.970001,88.730003,89664.812500,29.24,108.97,52.020000,PM10,7807
12.590000,22.530001,6.110000,11.670000,0.400000,66.199997,-2.960000,1.350000,301.989990,69.209999,95939.453125,29.44,105.39,22.530001,PM10,8011
14.030000,25.600000,5.690000,13.410000,0.410000,64.040001,-2.850000,1.640000,301.980011,68.419998,95816.671875,29.44,105.55,25.600000,PM10,8012
15.290000,28.049999,5.770000,15.360000,0.430000,63.070000,-2.930000,1.710000,302.089996,66.580002,95630.523438,29.44,105.7,28.049999,PM10,8013
15.990000,29.930000,6.130000,16.980000,0.450000,63.049999,-3.090000,1.380000,302.459991,64.459999,95819.710938,29.44,105.86,29.930000,PM10,8014
16.870001,31.700001,6.700000,17.670000,0.470000,64.510002,-3.310000,1.210000,302.880005,62.560001,96179.906250,29.44,106.01,31.700001,PM10,8015
18.030001,34.099998,7.050000,21.299999,0.500000,63.810001,-3.340000,1.500000,302.980011,61.130001,96212.000000,29.44,106.17,34.099998,PM10,8016
19.170000,36.360001,7.420000,26.540001,0.540000,61.759998,-2.880000,1.680000,303.230011,60.080002,96518.296875,29.44,106.33,36.360001,PM10,8017
20.480000,36.660000,7.970000,25.370001,0.540000,63.419998,-2.340000,1.430000,303.459991,59.110001,96743.898438,29.43,106.48,36.660000,PM10,8018
22.830000,37.090000,8.420000,20.620001,0.520000,65.260002,-2.130000,0.720000,303.089996,59.669998,96238.382812,29.43,106.64,37.090000,PM10,8019
26.930000,37.200001,7.900000,8.450000,0.420000,74.180000,-2.700000,0.580000,302.459991,60.689999,95195.937500,29.43,106.79,38.471428,PM2.5,8020
30.480000,39.720001,8.450000,7.230000,0.410000,76.440002,-3.940000,1.310000,301.209991,64.089996,93482.531250,29.43,106.95,43.542858,PM2.5,8021
33.520000,42.060001,9.110000,6.240000,0.390000,79.010002,-5.160000,2.140000,300.149994,67.589996,92326.546875,29.42,107.11,47.885715,PM2.5,8022
36.689999,44.540001,9.990000,5.710000,0.370000,81.699997,-6.290000,2.570000,299.339996,70.150002,91481.093750,29.42,107.26,52.112499,PM2.5,8023
40.740002,47.950001,10.730000,4.910000,0.360000,83.639999,-7.170000,2.910000,298.010010,76.269997,90426.882812,29.42,107.42,57.175003,PM2.5,8024
45.320000,52.730000,11.400000,4.570000,0.350000,83.320000,-7.100000,2.660000,296.290009,84.440002,89048.601562,29.42,107.57,62.900002,PM2.5,8025
48.009998,57.799999,12.730000,5.510000,0.370000,80.139999,-5.400000,0.890000,295.570007,88.750000,88797.687500,29.41,107.73,66.262497,PM2.5,8026
45.340000,59.320000,14.680000,6.310000,0.400000,75.500000,-3.880000,-0.560000,297.000000,84.480003,90924.351562,29.41,107.89,62.924999,PM2.5,8027
41.419998,58.910000,16.690001,6.130000,0.430000,74.010002,-3.600000,-0.790000,298.079987,80.320000,92207.492188,29.41,108.04,58.024998,PM2.5,8028
38.950001,58.900002,17.459999,5.580000,0.450000,71.059998,-3.680000,-0.970000,298.369995,79.050003,92462.062500,29.4,108.2,54.937500,PM2.5,8029
38.490002,59.860001,18.170000,5.420000,0.480000,68.010002,-4.150000,-0.840000,297.739990,80.580002,91402.679688,29.4,108.35,54.930000,PM10,8030
38.520000,60.509998,18.510000,5.440000,0.510000,64.739998,-4.020000,-0.440000,296.809998,83.500000,90134.023438,29.39,108.51,55.254997,PM10,8031
35.720001,57.840000,18.280001,5.570000,0.550000,60.959999,-3.760000,-0.230000,297.559998,81.129997,91248.679688,29.39,108.67,53.919998,PM10,8032
33.320000,55.009998,16.900000,5.320000,0.590000,57.869999,-4.870000,0.900000,297.480011,80.739998,90623.718750,29.38,108.82,52.504997,PM10,8033
14.110000,24.299999,6.030000,10.070000,0.400000,65.809998,-2.980000,1.390000,301.920013,69.790001,95988.023438,29.58,105.39,24.299999,PM10,8241
15.200000,26.480000,5.890000,11.220000,0.410000,64.959999,-2.940000,1.640000,301.910004,68.639999,95741.867188,29.58,105.55,26.480000,PM10,8242
15.730000,28.020000,6.050000,12.740000,0.430000,64.410004,-3.130000,1.640000,302.200012,66.379997,95762.773438,29.58,105.7,28.020000,PM10,8243
16.459999,29.870001,6.350000,14.650000,0.450000,64.440002,-3.380000,1.500000,302.500000,64.269997,95763.820312,29.58,105.86,29.870001,PM10,8244
17.230000,32.270000,6.650000,17.950001,0.490000,63.320000,-3.410000,1.500000,302.510010,63.630001,95753.289062,29.57,106.02,32.270000,PM10,8245
17.430000,35.259998,6.850000,24.440001,0.550000,59.720001,-3.170000,1.560000,302.619995,62.290001,95836.039062,29.57,106.17,35.259998,PM10,8246
17.799999,38.919998,7.180000,30.780001,0.640000,57.380001,-2.550000,1.190000,302.980011,60.980000,96439.937500,29.57,106.33,38.919998,PM10,8247
19.680000,41.160000,7.900000,36.139999,0.680000,55.130001,-2.060000,0.470000,303.440002,59.189999,96932.250000,29.57,106.48,45.174999,NO2,8248
21.969999,40.419998,8.270000,34.099998,0.650000,55.779999,-2.220000,0.140000,303.500000,58.240002,96754.171875,29.57,106.64,42.625000,NO2,8249
25.920000,36.790001,7.990000,9.250000,0.440000,73.860001,-3.040000,0.710000,303.290009,58.029999,96053.406250,29.57,106.8,37.028572,PM2.5,8250
29.360001,39.220001,8.770000,8.680000,0.420000,76.480003,-4.040000,1.840000,302.399994,60.549999,94848.453125,29.56,106.95,41.942860,PM2.5,8251
32.380001,41.770000,9.890000,9.180000,0.410000,79.059998,-4.910000,2.690000,301.600006,63.060001,93975.773438,29.56,107.11,46.257145,PM2.5,8252
35.000000,44.480000,11.660000,11.470000,0.420000,80.550003,-5.670000,3.190000,300.809998,65.720001,93233.523438,29.56,107.27,50.000000,PM2.5,8253
38.139999,46.740002,12.620000,8.830000,0.400000,83.919998,-6.100000,3.660000,299.739990,69.339996,92200.531250,29.55,107.42,53.924999,PM2.5,8254
43.320000,50.759998,11.890000,4.540000,0.350000,86.470001,-6.370000,3.210000,296.730011,79.400002,88564.578125,29.55,107.58,60.400002,PM2.5,8255
49.180000,59.189999,12.580000,5.380000,0.370000,78.339996,-5.940000,2.710000,293.589996,92.160004,85259.218750,29.55,107.73,67.724998,PM2.5,8256
46.669998,60.230000,13.780000,5.160000,0.380000,77.209999,-4.860000,1.650000,294.519989,90.919998,86989.171875,29.54,107.89,64.587494,PM2.5,8257
42.869999,59.500000,15.410000,5.110000,0.410000,74.750000,-4.420000,0.370000,296.119995,85.959999,89172.312500,29.54,108.05,59.837498,PM2.5,8258
40.689999,60.070000,17.320000,5.600000,0.450000,71.860001,-4.070000,-1.240000,296.720001,83.830002,90117.953125,29.54,108.2,57.112499,PM2.5,8259
40.000000,61.369999,19.820000,6.260000,0.480000,68.760002,-3.520000,-1.600000,297.170013,83.050003,91132.296875,29.53,108.36,56.250000,PM2.5,8260
38.860001,61.400002,21.900000,6.650000,0.520000,65.510002,-3.490000,-0.150000,297.339996,82.129997,91206.023438,29.53,108.51,55.700001,PM10,8261
36.290001,59.320000,23.090000,7.180000,0.570000,61.150002,-3.660000,-0.200000,297.779999,80.430000,91752.906250,29.52,108.67,54.660000,PM10,8262
33.500000,56.470001,21.879999,7.170000,0.620000,57.400002,-4.130000,-0.160000,297.959991,79.690002,91851.632812,29.52,108.83,53.235001,PM10,8263
15.550000,27.080000,6.000000,11.200000,0.420000,64.059998,-3.150000,1.380000,301.619995,69.040001,95232.296875,29.71,105.55,27.080000,PM10,8474
15.920000,28.389999,6.250000,12.860000,0.430000,63.709999,-3.280000,1.450000,302.140015,66.089996,95489.078125,29.71,105.7,28.389999,PM10,8475
16.330000,29.940001,6.590000,14.960000,0.460000,63.860001,-3.420000,1.660000,302.709991,63.509998,95935.726562,29.71,105.86,29.940001,PM10,8476
17.450001,32.549999,6.900000,18.700001,0.500000,62.259998,-3.480000,1.890000,302.390015,63.500000,95460.226562,29.71,106.02,32.549999,PM10,8477
18.170000,36.130001,7.130000,25.459999,0.570000,57.610001,-3.170000,1.600000,302.350006,62.810001,95442.468750,29.71,106.17,36.130001,PM10,8478
18.740000,39.849998,7.220000,30.910000,0.660000,54.830002,-2.770000,0.900000,302.910004,60.970001,96268.867188,29.71,106.33,39.849998,PM10,8479
20.520000,41.950001,7.280000,35.369999,0.710000,53.180000,-2.640000,0.180000,303.029999,60.009998,96303.179688,29.71,106.49,44.212498,NO2,8480
22.440001,40.259998,7.210000,33.450001,0.640000,55.099998,-2.870000,0.150000,303.119995,59.130001,96201.242188,29.7,106.64,41.812500,NO2,8481
24.540001,35.980000,7.630000,10.160000,0.450000,71.589996,-3.400000,0.840000,303.589996,57.380001,96452.960938,29.7,106.8,35.980000,PM10,8482
26.850000,37.669998,8.420000,10.110000,0.440000,73.720001,-3.700000,1.550000,303.500000,57.570000,96240.562500,29.7,106.96,38.357143,PM2.5,8483
29.120001,39.860001,9.550000,11.360000,0.440000,74.870003,-3.590000,1.890000,303.100006,58.720001,95833.062500,29.7,107.11,41.600002,PM2.5,8484
31.110001,42.639999,11.600000,15.310000,0.460000,74.089996,-3.100000,2.080000,302.820007,59.720001,95675.039062,29.69,107.27,44.442860,PM2.5,8485
32.930000,43.540001,12.670000,11.160000,0.420000,80.230003,-3.710000,2.560000,302.769989,59.040001,95342.976562,29.69,107.43,47.042858,PM2.5,8486
37.049999,46.450001,11.390000,5.100000,0.360000,85.410004,-5.140000,3.960000,300.399994,64.230003,91921.117188,29.69,107.58,52.562500,PM2.5,8487
42.189999,52.849998,11.970000,4.580000,0.360000,83.669998,-5.440000,5.170000,296.059998,79.510002,87143.546875,29.68,107.74,58.987499,PM2.5,8488
42.720001,56.000000,13.110000,4.150000,0.370000,83.559998,-5.410000,4.900000,294.750000,86.550003,86107.671875,29.68,107.89,59.650002,PM2.5,8489
41.990002,57.930000,14.510000,4.260000,0.400000,80.139999,-5.600000,3.190000,294.790009,87.849998,86640.593750,29.68,108.05,58.737503,PM2.5,8490
41.389999,60.080002,16.430000,5.640000,0.440000,74.129997,-4.680000,0.560000,294.690002,89.279999,87142.929688,29.67,108.21,57.987499,PM2.5,8491
39.680000,60.750000,20.139999,6.770000,0.490000,71.809998,-2.970000,-1.140000,296.649994,84.370003,90425.171875,29.67,108.36,55.849998,PM2.5,8492
37.540001,60.189999,23.040001,7.330000,0.530000,68.489998,-3.090000,-0.460000,298.410004,77.650002,92566.578125,29.66,108.52,55.095001,PM10,8493
36.610001,59.970001,24.940001,7.960000,0.580000,63.599998,-4.230000,0.170000,297.649994,79.790001,91207.132812,29.66,108.68,54.985001,PM10,8494
34.490002,58.099998,24.030001,8.000000,0.640000,59.349998,-4.060000,-0.290000,297.380005,81.269997,91179.656250,29.65,108.83,54.049999,PM10,8495
16.360001,29.969999,6.780000,15.180000,0.470000,62.500000,-3.020000,1.370000,303.149994,62.610001,96548.406250,29.85,105.86,29.969999,PM10,8706
16.750000,31.660000,7.160000,18.709999,0.500000,61.040001,-3.300000,1.560000,303.339996,60.740002,96508.859375,29.85,106.02,31.660000,PM10,8707
17.670000,34.259998,7.400000,23.129999,0.560000,57.840000,-3.190000,1.510000,303.260010,60.160000,96473.781250,29.85,106.18,34.259998,PM10,8708
19.049999,36.599998,7.340000,26.469999,0.610000,56.110001,-2.970000,1.060000,303.170013,59.840000,96386.617188,29.84,106.33,36.599998,PM10,8709
20.680000,37.490002,6.880000,26.559999,0.600000,56.980000,-3.100000,0.690000,302.549988,60.930000,95487.406250,29.84,106.49,37.490002,PM10,8710
21.900000,36.750000,6.630000,20.840000,0.550000,61.419998,-3.250000,0.700000,302.390015,61.009998,95208.750000,29.84,106.65,36.750000,PM10,8711
23.150000,35.630001,7.000000,12.060000,0.480000,68.559998,-3.340000,0.970000,302.769989,59.860001,95548.882812,29.84,106.8,35.630001,PM10,8712
24.299999,37.060001,7.600000,13.580000,0.490000,68.580002,-2.870000,0.880000,303.100006,59.220001,96028.726562,29.83,106.96,37.060001,PM10,8713
25.910000,39.810001,8.530000,17.040001,0.530000,66.529999,-2.040000,0.200000,303.119995,59.709999,96242.750000,29.83,107.12,39.810001,PM10,8714
27.879999,41.430000,9.810000,15.710000,0.500000,68.949997,-1.090000,-0.430000,302.820007,60.490002,95840.203125,29.83,107.27,41.430000,PM10,8715
29.030001,41.490002,10.960000,11.670000,0.440000,75.129997,-0.700000,-0.320000,303.000000,58.650002,95869.546875,29.83,107.43,41.490002,PM10,8716
30.549999,42.009998,10.980000,6.360000,0.380000,84.080002,-2.030000,2.070000,303.380005,55.980000,95526.703125,29.82,107.59,43.642857,PM2.5,8717
33.330002,45.070000,11.570000,4.780000,0.360000,86.760002,-3.810000,5.070000,301.630005,60.630001,93189.562500,29.82,107.74,47.614288,PM2.5,8718
35.180000,48.930000,12.790000,4.240000,0.370000,87.120003,-5.090000,5.740000,299.230011,68.660004,90760.976562,29.82,107.9,50.224998,PM2.5,8719
36.889999,52.650002,14.300000,4.110000,0.400000,85.470001,-6.320000,5.000000,297.010010,76.180000,88320.773438,29.81,108.06,52.362499,PM2.5,8720
40.119999,57.900002,15.840000,4.750000,0.420000,82.570000,-6.040000,3.240000,294.290009,88.120003,85919.656250,29.81,108.21,56.399998,PM2.5,8721
40.189999,60.480000,17.969999,6.430000,0.480000,75.129997,-3.820000,0.790000,294.980011,88.919998,87937.437500,29.8,108.37,56.487499,PM2.5,8722
15.780000,29.549999,6.970000,15.960000,0.470000,60.830002,-3.040000,0.930000,303.359985,62.340000,96918.546875,29.98,105.86,29.549999,PM10,8941
16.330000,30.910000,7.340000,18.620001,0.510000,59.630001,-3.060000,0.910000,303.700012,60.029999,97147.726562,29.98,106.02,30.910000,PM10,8942
17.139999,32.590000,7.540000,21.340000,0.540000,58.490002,-2.890000,1.050000,303.750000,58.939999,97117.617188,29.98,106.18,32.590000,PM10,8943
18.580000,33.930000,7.300000,22.459999,0.560000,58.930000,-2.900000,1.020000,303.619995,58.490002,96771.101562,29.98,106.33,33.930000,PM10,8944
20.230000,34.540001,6.600000,19.000000,0.540000,62.200001,-3.180000,1.150000,302.750000,60.150002,95540.476562,29.98,106.49,34.540001,PM10,8945
21.080000,34.529999,6.260000,14.790000,0.520000,65.300003,-3.290000,1.240000,302.079987,61.779999,94776.882812,29.98,106.65,34.529999,PM10,8946
21.590000,34.779999,6.440000,12.460000,0.510000,67.940002,-2.960000,0.830000,302.399994,60.990002,95177.210938,29.97,106.8,34.779999,PM10,8947
22.719999,36.849998,6.950000,14.640000,0.530000,68.199997,-2.190000,0.310000,302.730011,60.160000,95522.007812,29.97,106.96,36.849998,PM10,8948
24.049999,39.410000,7.920000,16.540001,0.550000,69.940002,-1.680000,-0.410000,302.760010,60.570000,95644.640625,29.97,107.12,39.410000,PM10,8949
24.629999,41.549999,9.110000,15.240000,0.570000,77.879997,-1.400000,-0.530000,302.279999,62.660000,95504.710938,29.97,107.28,41.549999,PM10,8950
26.219999,39.970001,9.500000,9.990000,0.440000,77.510002,-1.950000,-0.810000,302.600006,59.259998,95173.703125,29.96,107.43,39.970001,PM10,8951
27.240000,40.980000,10.590000,8.180000,0.410000,82.339996,-2.450000,-0.370000,303.299988,56.980000,95757.023438,29.96,107.59,40.980000,PM10,8952
28.559999,41.669998,11.130000,5.480000,0.370000,87.129997,-2.790000,1.810000,303.779999,55.470001,96054.437500,29.96,107.75,41.669998,PM10,8953
29.620001,43.869999,12.390000,4.620000,0.380000,88.900002,-4.150000,3.810000,302.440002,59.009998,94380.382812,29.95,107.9,43.869999,PM10,8954
31.650000,47.430000,13.890000,4.330000,0.400000,88.699997,-5.780000,4.320000,299.750000,66.139999,91122.023438,29.95,108.06,47.430000,PM10,8955
35.610001,52.660000,14.890000,4.380000,0.420000,87.580002,-6.720000,4.370000,296.470001,77.760002,87716.703125,29.94,108.22,51.330002,PM10,8956
39.110001,58.000000,15.570000,5.290000,0.460000,82.059998,-5.560000,2.940000,294.290009,88.550003,86062.000000,29.94,108.37,55.137501,PM2.5,8957
14.320000,27.600000,6.730000,14.730000,0.460000,60.480000,-3.030000,1.040000,302.829987,65.279999,96625.109375,30.12,105.71,27.600000,PM10,9175
15.050000,28.879999,7.200000,16.299999,0.480000,60.110001,-3.070000,0.950000,303.019989,63.450001,96623.968750,30.12,105.86,28.879999,PM10,9176
15.900000,30.040001,7.230000,17.270000,0.500000,60.060001,-3.010000,0.740000,303.260010,61.220001,96674.226562,30.12,106.02,30.040001,PM10,9177
16.879999,31.309999,7.240000,18.420000,0.530000,60.509998,-2.690000,0.790000,303.420013,59.790001,96771.632812,30.12,106.18,31.309999,PM10,9178
18.110001,32.200001,7.020000,17.969999,0.530000,62.380001,-2.670000,1.000000,303.690002,58.380001,96883.820312,30.12,106.34,32.200001,PM10,9179
19.670000,32.959999,6.510000,15.340000,0.510000,65.750000,-3.060000,1.530000,303.010010,59.439999,95807.789062,30.11,106.49,32.959999,PM10,9180
20.870001,34.189999,6.250000,13.020000,0.510000,67.410004,-3.130000,1.570000,301.779999,62.720001,94373.250000,30.11,106.65,34.189999,PM10,9181
22.440001,38.119999,7.610000,12.060000,0.520000,72.940002,-1.890000,-0.230000,302.339996,60.970001,95180.406250,30.1,107.12,38.119999,PM10,9184
23.600000,38.849998,8.530000,11.530000,0.490000,76.239998,-2.420000,0.170000,302.660004,59.669998,95466.953125,30.1,107.28,38.849998,PM10,9185
24.799999,39.520000,9.310000,9.840000,0.450000,79.019997,-3.320000,0.320000,302.989990,57.970001,95517.476562,30.1,107.44,39.520000,PM10,9186
26.170000,40.490002,9.930000,8.030000,0.410000,82.379997,-3.890000,0.030000,303.079987,57.220001,95316.671875,30.1,107.59,40.490002,PM10,9187
27.549999,41.730000,10.950000,6.880000,0.390000,85.550003,-3.410000,-0.240000,303.149994,57.220001,95513.726562,30.09,107.75,41.730000,PM10,9188
28.030001,42.959999,12.270000,5.590000,0.390000,88.349998,-3.310000,1.170000,302.700012,58.220001,94860.726562,30.09,107.91,42.959999,PM10,9189
29.959999,45.509998,13.430000,4.530000,0.400000,89.690002,-4.770000,2.830000,300.700012,63.000000,92236.710938,30.08,108.06,45.509998,PM10,9190
33.169998,49.430000,13.970000,4.140000,0.410000,89.150002,-6.070000,3.820000,297.970001,70.989998,89185.882812,30.08,108.22,49.430000,PM10,9191
36.849998,54.279999,14.070000,4.300000,0.440000,86.029999,-6.000000,3.650000,294.739990,83.019997,85663.171875,30.08,108.38,52.312500,PM2.5,9192
14.880000,28.629999,7.190000,15.550000,0.470000,60.750000,-3.200000,0.890000,302.910004,63.310001,96336.101562,30.26,105.87,28.629999,PM10,9411
16.120001,29.900000,7.140000,15.900000,0.490000,60.799999,-2.990000,0.760000,302.829987,62.549999,96275.976562,30.25,106.02,29.900000,PM10,9412
18.930000,32.580002,6.560000,14.520000,0.520000,66.629997,-2.690000,1.400000,303.359985,58.689999,96288.812500,30.25,106.5,32.580002,PM10,9415
22.190001,38.220001,8.420000,12.140000,0.490000,75.459999,-3.010000,0.400000,302.730011,58.880001,95281.398438,30.24,107.28,38.220001,PM10,9420
23.180000,38.730000,9.100000,10.840000,0.460000,78.180000,-3.820000,0.990000,303.029999,57.619999,95393.132812,30.23,107.44,38.730000,PM10,9421
24.190001,39.590000,9.640000,9.640000,0.430000,80.120003,-4.280000,1.040000,302.720001,57.610001,94749.109375,30.23,107.6,39.590000,PM10,9422
25.299999,40.709999,10.610000,9.310000,0.420000,81.580002,-3.170000,0.260000,302.450012,58.520000,94775.703125,30.23,107.75,40.709999,PM10,9423
25.570000,41.939999,12.440000,8.330000,0.420000,85.389999,-1.640000,-0.310000,302.950012,57.700001,95735.289062,30.22,107.91,41.939999,PM10,9424
27.299999,43.330002,13.670000,5.620000,0.410000,89.779999,-2.370000,0.820000,302.529999,57.470001,94574.062500,30.22,108.07,43.330002,PM10,9425
31.030001,46.959999,13.760000,4.260000,0.410000,91.230003,-4.470000,3.020000,299.179993,65.389999,90068.562500,30.22,108.23,46.959999,PM10,9426
34.349998,51.020000,13.180000,4.250000,0.430000,87.500000,-4.840000,3.680000,295.320007,77.730003,85778.546875,30.21,108.38,50.510002,PM10,9427
36.070000,53.630001,12.990000,4.420000,0.470000,85.489998,-4.420000,3.630000,294.079987,84.230003,84779.718750,30.21,108.54,51.815002,PM10,9428
14.910000,28.520000,6.680000,14.090000,0.470000,61.049999,-3.150000,0.710000,302.720001,64.320000,96360.906250,30.39,105.87,28.520000,PM10,9648
21.840000,38.970001,9.480000,13.210000,0.480000,77.370003,-3.850000,1.210000,302.660004,58.090000,94814.429688,30.37,107.44,38.970001,PM10,9658
22.530001,39.790001,10.140000,12.410000,0.470000,79.099998,-3.900000,1.280000,302.209991,58.470001,94157.976562,30.37,107.6,39.790001,PM10,9659
23.070000,40.580002,11.360000,12.570000,0.460000,80.239998,-3.010000,0.730000,302.049988,58.990002,94251.476562,30.36,107.76,40.580002,PM10,9660
22.240000,40.939999,13.260000,13.030000,0.470000,81.360001,-1.730000,-0.510000,303.089996,56.610001,95865.617188,30.36,107.92,40.939999,PM10,9661
24.030001,42.200001,15.760000,10.110000,0.450000,85.639999,-0.720000,-1.020000,303.709991,55.590000,96930.578125,30.36,108.07,42.200001,PM10,9662
27.410000,44.130001,14.390000,5.670000,0.420000,90.720001,-2.230000,1.320000,302.220001,56.790001,93742.679688,30.35,108.23,44.130001,PM10,9663
30.250000,47.419998,13.180000,4.830000,0.440000,89.480003,-4.300000,3.650000,298.489990,65.620003,88853.796875,30.35,108.39,47.419998,PM10,9664
21.549999,39.790001,10.040000,15.030000,0.500000,77.220001,-3.720000,0.660000,302.410004,58.820000,94677.890625,30.51,107.45,39.790001,PM10,9898
22.209999,40.709999,11.380000,15.510000,0.490000,78.820000,-3.540000,0.490000,302.420013,58.250000,94638.546875,30.5,107.6,40.709999,PM10,9899
23.209999,41.740002,13.340000,15.730000,0.480000,80.750000,-3.200000,-0.090000,302.309998,57.669998,94346.117188,30.5,107.76,41.740002,PM10,9900
23.100000,42.320000,14.770000,15.100000,0.480000,81.830002,-3.070000,-0.860000,302.720001,56.599998,94934.648438,30.5,107.92,42.320000,PM10,9901
22.660000,42.200001,15.510000,12.460000,0.480000,82.570000,-2.600000,-1.610000,303.700012,54.770000,96469.492188,30.49,108.08,42.200001,PM10,9902
24.209999,43.320000,15.670000,9.610000,0.460000,86.449997,-2.110000,-0.980000,303.519989,54.380001,95927.671875,30.49,108.24,43.320000,PM10,9903
27.020000,45.669998,13.920000,6.860000,0.460000,88.760002,-3.220000,2.350000,301.329987,58.110001,92346.992188,30.48,108.39,45.669998,PM10,9904
22.860001,42.750000,12.740000,18.610001,0.510000,78.790001,-3.710000,-0.280000,302.190002,58.849998,94386.046875,30.64,107.61,42.750000,PM10,10140
24.200001,44.139999,14.900000,18.650000,0.500000,80.160004,-3.660000,-0.840000,302.089996,58.810001,94216.437500,30.64,107.77,44.139999,PM10,10141
23.980000,44.090000,15.500000,16.580000,0.490000,81.580002,-3.980000,-1.150000,302.179993,57.950001,94147.796875,30.63,107.92,44.090000,PM10,10142
23.870001,44.150002,15.390000,13.740000,0.490000,82.669998,-4.270000,-1.880000,302.070007,58.070000,94053.476562,30.63,108.08,44.150002,PM10,10143
24.299999,44.990002,16.969999,13.400000,0.490000,83.620003,-3.740000,-2.380000,302.450012,56.869999,94625.187500,30.62,108.24,44.990002,PM10,10144
24.340000,45.200001,15.420000,11.280000,0.490000,84.620003,-3.420000,-0.310000,302.290009,57.020000,94199.500000,30.62,108.4,45.200001,PM10,10145
25.450001,46.349998,13.380000,8.810000,0.500000,84.269997,-4.030000,2.010000,300.850006,60.349998,92113.507812,30.62,108.56,46.349998,PM10,10146
26.080000,47.730000,13.250000,8.470000,0.550000,79.800003,-4.140000,2.560000,299.429993,64.459999,90632.726562,30.61,108.71,47.730000,PM10,10147
25.530001,47.349998,14.230000,7.880000,0.590000,74.190002,-3.400000,2.850000,299.829987,63.450001,91355.328125,30.61,108.87,47.349998,PM10,10148
28.010000,48.369999,14.240000,7.460000,0.690000,65.029999,-4.940000,3.260000,295.529999,74.540001,85819.453125,30.6,109.19,48.369999,PM10,10150
29.280001,49.970001,13.290000,8.890000,0.760000,59.410000,-4.610000,2.170000,293.510010,85.360001,84427.421875,30.59,109.35,49.970001,PM10,10151
23.410000,44.919998,14.360000,20.490000,0.530000,79.750000,-4.200000,-0.480000,301.720001,59.340000,93720.492188,30.77,107.61,44.919998,PM10,10381
24.360001,46.310001,16.389999,20.490000,0.520000,80.540001,-4.150000,-0.500000,301.799988,59.709999,94019.156250,30.77,107.77,46.310001,PM10,10382
24.490000,46.240002,17.370001,18.650000,0.510000,81.589996,-4.930000,-0.360000,301.989990,57.980000,93840.468750,30.77,107.93,46.240002,PM10,10383
26.260000,47.919998,18.190001,16.889999,0.510000,81.500000,-5.440000,-0.620000,300.540009,62.029999,92338.062500,30.76,108.09,47.919998,PM10,10384
25.790001,48.130001,20.370001,17.820000,0.520000,80.680000,-4.960000,-1.360000,300.970001,61.320000,93258.132812,30.76,108.25,48.130001,PM10,10385
23.299999,46.310001,18.820000,16.020000,0.530000,80.500000,-4.720000,-1.220000,302.850006,55.820000,95406.992188,30.76,108.4,46.310001,PM10,10386
22.830000,46.279999,14.880000,11.820000,0.540000,78.139999,-4.660000,-0.240000,302.200012,58.220001,94778.867188,30.75,108.56,46.279999,PM10,10387
23.760000,47.500000,14.250000,10.360000,0.570000,74.339996,-4.000000,0.230000,301.170013,61.139999,93722.593750,30.75,108.72,47.500000,PM10,10388
23.750000,47.330002,15.410000,9.030000,0.610000,69.860001,-2.600000,-0.120000,301.730011,59.779999,94650.023438,30.74,108.88,47.330002,PM10,10389
24.080000,47.189999,16.240000,7.900000,0.650000,66.279999,-1.860000,-0.220000,301.450012,59.549999,93888.273438,30.74,109.04,47.189999,PM10,10390
25.629999,47.310001,15.130000,7.800000,0.700000,62.430000,-3.090000,1.710000,299.040009,63.910000,89945.968750,30.73,109.19,47.310001,PM10,10391
27.290001,47.759998,13.870000,8.060000,0.740000,60.150002,-4.380000,3.820000,296.070007,72.760002,86440.578125,30.73,109.35,47.759998,PM10,10392
28.490000,49.630001,13.440000,8.020000,0.760000,58.090000,-4.260000,3.520000,293.929993,83.120003,84669.007812,30.72,109.51,49.630001,PM10,10393
27.180000,51.230000,25.850000,26.920000,0.560000,80.510002,-5.500000,0.320000,301.390015,59.930000,93446.398438,30.9,108.09,50.614998,PM10,10625
28.090000,53.669998,32.779999,33.119999,0.580000,77.089996,-5.320000,0.050000,300.709991,62.160000,92921.140625,30.9,108.25,51.834999,PM10,10626
24.969999,50.669998,28.570000,27.840000,0.570000,77.559998,-4.920000,-0.270000,301.890015,58.840000,94469.656250,30.89,108.41,50.334999,PM10,10627
23.100000,47.830002,17.740000,14.180000,0.550000,77.400002,-4.650000,-0.160000,302.230011,58.939999,95196.468750,30.89,108.57,47.830002,PM10,10628
23.480000,47.900002,15.730000,11.020000,0.570000,73.940002,-4.610000,-0.210000,302.209991,58.730000,95079.453125,30.88,108.73,47.900002,PM10,10629
23.840000,47.950001,16.340000,9.210000,0.590000,69.860001,-4.580000,-0.940000,302.279999,58.470001,95134.226562,30.88,108.88,47.950001,PM10,10630
24.660000,48.680000,17.049999,8.230000,0.630000,65.500000,-4.010000,-2.170000,301.570007,60.310001,94250.437500,30.87,109.04,48.680000,PM10,10631
24.540001,48.419998,16.469999,8.820000,0.710000,60.040001,-3.040000,-1.620000,300.690002,61.779999,92960.460938,30.87,109.2,48.419998,PM10,10632
23.879999,46.759998,15.010000,9.210000,0.760000,56.910000,-3.280000,1.080000,300.100006,60.889999,91267.367188,30.86,109.36,46.759998,PM10,10633
25.770000,47.779999,13.770000,7.840000,0.750000,57.060001,-4.670000,3.340000,297.880005,66.989998,88322.656250,30.86,109.52,47.779999,PM10,10634
28.299999,50.240002,13.700000,6.180000,0.710000,59.340000,-5.030000,3.370000,296.130005,73.379997,86742.789062,30.85,109.68,50.120003,PM10,10635
27.030001,50.340000,22.709999,20.719999,0.530000,85.559998,-5.470000,-0.110000,302.410004,57.320000,94725.023438,31.04,108.1,50.169998,PM10,10867
27.340000,52.000000,25.360001,23.740000,0.550000,82.680000,-5.160000,0.140000,301.350006,61.180000,93798.078125,31.03,108.25,51.000000,PM10,10868
25.600000,50.599998,22.379999,19.500000,0.540000,81.529999,-4.950000,0.340000,301.630005,60.169998,94119.476562,31.03,108.41,50.299999,PM10,10869
24.330000,48.799999,16.860001,11.210000,0.530000,80.209999,-5.150000,0.420000,302.130005,58.700001,94664.039062,31.02,108.57,48.799999,PM10,10870
24.809999,48.779999,16.620001,9.490000,0.540000,76.669998,-5.580000,-0.100000,302.420013,57.750000,94879.140625,31.02,108.73,48.779999,PM10,10871
25.950001,49.380001,17.610001,8.250000,0.560000,72.220001,-6.130000,-0.970000,301.920013,59.060001,94290.507812,31.01,108.89,49.380001,PM10,10872
27.420000,50.689999,18.370001,7.420000,0.580000,67.870003,-5.900000,-2.150000,300.579987,63.180000,92952.906250,31.01,109.05,50.345001,PM10,10873
26.170000,50.070000,17.870001,8.210000,0.650000,62.259998,-4.970000,-2.740000,301.100006,62.240002,93911.226562,31.0,109.21,50.035000,PM10,10874
24.059999,48.299999,17.059999,9.080000,0.720000,58.049999,-4.670000,-2.010000,302.149994,58.669998,94838.078125,31.0,109.37,48.299999,PM10,10875
24.940001,48.200001,15.940000,8.120000,0.720000,57.860001,-5.030000,-0.210000,301.390015,59.400002,93345.273438,30.99,109.52,48.200001,PM10,10876
26.860001,48.919998,14.960000,6.100000,0.670000,60.869999,-4.950000,1.190000,300.260010,62.650002,92056.406250,30.99,109.68,48.919998,PM10,10877
29.360001,49.770000,13.860000,4.140000,0.600000,65.919998,-5.300000,1.820000,299.540009,65.269997,91378.359375,30.98,109.84,49.770000,PM10,10878
31.139999,50.950001,12.570000,3.730000,0.590000,68.540001,-5.830000,1.590000,297.369995,73.080002,89249.976562,30.97,110.0,50.474998,PM10,10879
27.620001,50.270000,19.389999,17.350000,0.510000,89.019997,-5.580000,-0.270000,301.850006,59.080002,93996.656250,31.17,108.1,50.135002,PM10,11113
26.930000,50.810001,20.809999,18.809999,0.520000,86.419998,-4.950000,-0.000000,301.720001,60.110001,94130.656250,31.17,108.26,50.404999,PM10,11114
25.190001,49.580002,19.230000,15.090000,0.510000,84.339996,-4.770000,0.300000,302.320007,58.860001,94902.953125,31.16,108.42,49.580002,PM10,11115
24.690001,48.709999,16.650000,9.760000,0.500000,82.279999,-5.590000,0.390000,302.429993,57.720001,94694.960938,31.16,108.58,48.709999,PM10,11116
25.870001,49.139999,17.639999,8.770000,0.510000,79.180000,-6.420000,-0.090000,302.040009,57.939999,94015.429688,31.15,108.74,49.139999,PM10,11117
27.750000,50.240002,18.830000,7.530000,0.520000,75.150002,-6.680000,-0.720000,300.859985,61.930000,92849.773438,31.15,108.9,50.120003,PM10,11118
29.410000,51.740002,19.719999,6.690000,0.530000,71.230003,-6.460000,-1.150000,299.450012,66.419998,91484.679688,31.14,109.05,50.870003,PM10,11119
28.430000,51.509998,19.900000,7.040000,0.580000,66.750000,-5.740000,-1.880000,300.209991,64.830002,92725.601562,31.14,109.21,50.754997,PM10,11120
27.260000,51.060001,20.260000,7.510000,0.620000,63.970001,-5.460000,-2.230000,301.100006,62.389999,93853.453125,31.13,109.37,50.529999,PM10,11121
28.290001,51.320000,19.809999,7.390000,0.630000,64.150002,-5.240000,-1.390000,300.380005,64.730003,93108.867188,31.13,109.53,50.660000,PM10,11122
29.020000,50.110001,17.340000,5.990000,0.590000,67.269997,-4.690000,-0.250000,300.609985,64.410004,93590.453125,31.12,109.69,50.055000,PM10,11123
30.160000,49.029999,14.700000,4.260000,0.540000,71.910004,-5.310000,0.270000,300.809998,63.509998,93647.562500,31.12,109.85,49.029999,PM10,11124
32.419998,50.669998,13.070000,3.550000,0.530000,74.589996,-5.870000,0.380000,298.049988,72.190002,90489.796875,31.11,110.01,50.334999,PM10,11125
27.219999,50.000000,17.559999,18.620001,0.480000,87.370003,-4.920000,0.180000,300.950012,62.029999,93137.429688,31.3,108.26,50.000000,PM10,11357
25.170000,48.430000,16.990000,14.030000,0.480000,85.320000,-4.880000,0.170000,301.910004,59.660000,94316.796875,31.3,108.42,48.430000,PM10,11358
24.990000,47.939999,16.030001,9.140000,0.470000,82.870003,-5.720000,0.160000,301.630005,59.610001,93615.296875,31.3,108.58,47.939999,PM10,11359
27.090000,49.090000,17.400000,7.710000,0.470000,80.480003,-6.440000,0.110000,300.170013,63.279999,91766.343750,31.29,108.74,49.090000,PM10,11360
28.680000,50.040001,18.440001,6.650000,0.480000,76.940002,-6.460000,-0.060000,299.149994,66.750000,90799.703125,31.29,108.9,50.020000,PM10,11361
29.280001,50.299999,19.100000,5.710000,0.490000,73.739998,-6.230000,-0.360000,298.820007,68.000000,90539.281250,31.28,109.06,50.150002,PM10,11362
30.200001,51.560001,19.610001,5.680000,0.510000,70.150002,-5.560000,-1.240000,298.399994,69.669998,90267.546875,31.28,109.22,50.779999,PM10,11363
30.840000,52.990002,20.469999,5.860000,0.540000,67.919998,-4.490000,-1.610000,298.420013,69.980003,90669.820312,31.27,109.38,51.495003,PM10,11364
30.990000,52.500000,20.510000,5.750000,0.550000,68.610001,-3.850000,-0.600000,299.089996,68.339996,91813.773438,31.26,109.54,51.250000,PM10,11365
30.400000,50.259998,17.969999,5.030000,0.530000,70.570000,-4.310000,0.550000,299.809998,65.910004,92468.656250,31.26,109.7,50.129997,PM10,11366
31.610001,49.200001,14.780000,3.840000,0.510000,73.820000,-5.280000,0.050000,298.869995,67.980003,90888.046875,31.25,109.86,49.200001,PM10,11367
32.840000,49.480000,13.080000,3.130000,0.490000,76.389999,-5.340000,-0.050000,297.079987,74.250000,88947.851562,31.25,110.01,49.480000,PM10,11368
27.240000,48.619999,15.410000,17.760000,0.450000,88.169998,-4.540000,1.030000,300.339996,63.240002,92229.242188,31.44,108.27,48.619999,PM10,11596
26.020000,47.529999,15.450000,12.850000,0.440000,85.080002,-4.760000,0.560000,300.209991,63.360001,91965.531250,31.44,108.43,47.529999,PM10,11597
26.270000,47.320000,15.430000,8.000000,0.440000,82.260002,-5.210000,0.520000,299.309998,65.239998,90672.882812,31.43,108.59,47.320000,PM10,11598
28.010000,47.900002,16.420000,6.290000,0.430000,80.360001,-5.710000,0.910000,297.850006,69.190002,88797.296875,31.43,108.75,47.900002,PM10,11599
28.400000,47.549999,16.980000,5.320000,0.430000,77.320000,-5.920000,0.850000,297.290009,70.709999,88187.867188,31.42,108.91,47.549999,PM10,11600
28.780001,47.419998,17.170000,4.520000,0.430000,75.209999,-5.710000,-0.180000,296.720001,72.809998,87525.796875,31.42,109.07,47.419998,PM10,11601
30.549999,48.750000,17.940001,4.200000,0.440000,74.279999,-4.610000,-1.230000,295.920013,75.860001,86850.000000,31.41,109.23,48.750000,PM10,11602
32.070000,51.450001,18.120001,4.020000,0.460000,71.849998,-2.760000,-0.960000,296.760010,74.290001,88535.953125,31.41,109.38,50.724998,PM10,11603
32.119999,50.680000,17.580000,3.540000,0.470000,72.699997,-2.150000,-0.260000,298.170013,69.699997,90594.937500,31.4,109.54,50.340000,PM10,11604
32.599998,49.740002,15.690000,3.240000,0.470000,72.300003,-3.560000,1.220000,296.929993,72.410004,88438.773438,31.39,109.7,49.740002,PM10,11605
35.070000,50.070000,13.210000,2.560000,0.440000,73.919998,-4.670000,0.890000,293.529999,83.160004,83872.507812,31.39,109.86,50.087502,PM2.5,11606
35.590000,49.389999,11.990000,1.980000,0.430000,76.570000,-4.420000,0.880000,292.730011,86.279999,83219.500000,31.38,110.02,50.737499,PM2.5,11607
30.410000,49.200001,14.470000,5.980000,0.400000,85.070000,-4.610000,1.290000,297.549988,69.830002,88452.726562,31.57,108.43,49.200001,PM10,11840
29.809999,48.349998,14.700000,4.640000,0.400000,82.169998,-4.330000,1.350000,296.790009,71.669998,87586.351562,31.57,108.59,48.349998,PM10,11841
29.680000,47.380001,15.220000,3.960000,0.390000,79.290001,-4.440000,1.620000,295.950012,73.339996,86411.976562,31.56,108.75,47.380001,PM10,11842
30.040001,46.720001,15.370000,3.280000,0.380000,77.610001,-5.410000,1.270000,294.769989,75.720001,84624.218750,31.56,108.91,46.720001,PM10,11843
31.650000,47.610001,15.340000,2.860000,0.380000,76.449997,-5.670000,0.020000,292.769989,82.669998,82318.289062,31.55,109.07,47.610001,PM10,11844
32.900002,48.150002,15.430000,2.740000,0.370000,76.080002,-3.710000,-0.850000,293.119995,83.309998,83358.906250,31.55,109.23,48.150002,PM10,11845
32.709999,48.820000,15.970000,2.780000,0.390000,75.839996,-1.180000,-0.520000,295.869995,75.180000,87278.843750,31.54,109.39,48.820000,PM10,11846
32.810001,48.810001,15.410000,2.800000,0.410000,75.889999,-1.010000,-0.810000,296.489990,72.330002,88066.781250,31.54,109.55,48.810001,PM10,11847
33.730000,48.790001,14.130000,2.380000,0.410000,76.220001,-2.640000,0.000000,294.440002,76.820000,84722.796875,31.53,109.71,48.790001,PM10,11848
34.880001,48.660000,12.320000,2.020000,0.410000,77.010002,-3.590000,0.820000,292.869995,80.580002,82395.046875,31.52,109.87,49.828571,PM2.5,11849
32.230000,49.389999,14.470000,3.910000,0.370000,82.050003,-3.490000,2.010000,294.929993,76.260002,85113.546875,31.7,108.6,49.389999,PM10,12083
31.620001,48.119999,14.940000,3.320000,0.360000,80.309998,-3.570000,1.900000,294.450012,75.800003,84317.382812,31.7,108.76,48.119999,PM10,12084
31.950001,47.700001,14.900000,2.750000,0.350000,79.379997,-4.960000,1.520000,293.459991,76.820000,82689.882812,31.69,108.92,47.700001,PM10,12085
34.099998,49.349998,14.930000,2.440000,0.350000,78.800003,-5.640000,1.040000,291.179993,85.760002,80335.546875,31.69,109.08,49.349998,PM10,12086
35.770000,50.250000,14.480000,2.460000,0.350000,77.279999,-3.570000,0.160000,291.589996,86.809998,81509.937500,31.68,109.24,50.962502,PM2.5,12087
34.490002,48.779999,15.110000,2.370000,0.350000,80.070000,-0.970000,-0.710000,295.019989,75.800003,85872.898438,31.68,109.4,49.271431,PM2.5,12088
34.540001,48.299999,14.070000,2.530000,0.360000,80.129997,-0.940000,-1.920000,295.549988,74.169998,86708.609375,31.67,109.56,49.342857,PM2.5,12089
35.459999,48.950001,12.880000,2.320000,0.370000,80.400002,-1.750000,-1.640000,293.970001,78.150002,84543.609375,31.67,109.72,50.574997,PM2.5,12090
34.320000,50.730000,13.720000,4.390000,0.370000,81.620003,-3.420000,1.860000,294.700012,77.690002,84890.726562,31.84,108.44,50.364998,PM10,12326
32.820000,49.160000,14.020000,4.150000,0.360000,81.790001,-2.750000,1.480000,295.029999,75.180000,85339.250000,31.84,108.6,49.160000,PM10,12327
32.070000,47.709999,14.490000,3.110000,0.350000,82.339996,-2.860000,1.030000,294.950012,73.430000,84962.093750,31.83,108.76,47.709999,PM10,12328
32.790001,47.799999,14.700000,2.530000,0.340000,82.489998,-4.370000,0.990000,293.769989,75.160004,83058.937500,31.83,108.92,47.799999,PM10,12329
34.910000,49.610001,14.560000,2.170000,0.330000,81.120003,-5.340000,1.640000,291.250000,83.870003,80282.539062,31.82,109.08,49.871429,PM2.5,12330
33.169998,48.660000,12.960000,4.180000,0.360000,81.220001,-3.700000,1.140000,296.019989,73.610001,86468.093750,31.98,108.29,48.660000,PM10,12570
33.730000,49.459999,13.110000,4.040000,0.360000,80.120003,-3.520000,1.300000,295.190002,75.230003,85732.867188,31.98,108.45,49.459999,PM10,12571
32.869999,48.480000,13.390000,3.830000,0.350000,81.980003,-3.220000,0.100000,295.260010,73.419998,85759.351562,31.97,108.61,48.480000,PM10,12572
33.270000,48.500000,13.500000,3.000000,0.340000,82.849998,-3.400000,-0.590000,294.329987,74.779999,84261.078125,31.97,108.77,48.500000,PM10,12573
34.020000,49.070000,13.740000,2.560000,0.330000,82.320000,-4.200000,0.250000,293.299988,76.519997,82724.320312,31.97,108.93,49.070000,PM10,12574
31.940001,47.369999,12.670000,3.670000,0.360000,79.129997,-3.730000,0.500000,296.559998,69.760002,87134.703125,32.12,108.45,47.369999,PM10,12821
33.700001,49.090000,12.360000,3.430000,0.350000,79.500000,-4.110000,0.010000,294.100006,75.480003,83741.953125,32.11,108.62,49.090000,PM10,12822
