PM2.5(微克每立方米),PM10(微克每立方米),SO2(微克每立方米),NO2(微克每立方米),CO(毫克每立方米),O3(微克每立方米),U(m/s),V(m/s),TEMP(K),RH(%),PSFC(Pa),lat,lon,AQI,Major pollutants,id
35.389999,47.180000,21.299999,8.000000,0.990000,54.240002,1.290000,1.990000,267.079987,89.870003,74753.718750,32.71,104.6,50.487499,PM2.5,13804
31.719999,43.540001,21.930000,10.540000,1.080000,48.599998,-1.170000,-0.600000,267.140015,93.690002,80567.726562,32.71,104.76,45.314285,PM2.5,13805
26.809999,38.380001,23.200001,11.550000,1.070000,47.660000,-1.430000,-1.120000,268.709991,91.150002,85945.468750,32.71,104.92,38.380001,PM10,13806
25.340000,36.549999,23.150000,12.520000,1.070000,48.639999,-2.030000,-1.590000,269.260010,88.459999,87569.617188,32.71,105.08,36.549999,PM10,13807
24.950001,35.470001,21.889999,12.200000,1.070000,49.740002,-4.140000,-4.570000,268.739990,86.519997,87830.093750,32.71,105.24,35.642857,PM2.5,13808
33.849998,45.650002,20.080000,7.660000,0.940000,54.540001,0.310000,2.550000,268.290009,80.690002,73974.437500,32.84,104.43,48.357140,PM2.5,14060
34.930000,47.470001,22.280001,10.550000,1.080000,48.990002,-2.490000,2.000000,267.540009,89.180000,78826.898438,32.84,104.6,49.900002,PM2.5,14061
33.740002,45.669998,22.559999,12.470000,1.130000,46.869999,-2.460000,0.010000,267.440002,93.129997,83502.851562,32.84,104.76,48.200001,PM2.5,14062
29.600000,41.110001,23.379999,12.720000,1.110000,47.970001,-1.380000,-0.270000,269.690002,87.199997,87064.046875,32.84,104.92,42.285713,PM2.5,14063
28.629999,39.549999,24.020000,12.470000,1.090000,49.040001,-3.170000,-1.370000,269.320007,84.250000,86748.593750,32.84,105.08,40.899998,PM2.5,14064
26.990000,37.270000,22.059999,12.100000,1.090000,49.259998,-4.620000,-3.650000,267.429993,89.099998,85566.156250,32.84,105.24,38.557144,PM2.5,14065
37.209999,50.720001,22.590000,10.620000,1.110000,48.759998,-3.380000,1.270000,267.149994,90.220001,78517.679688,32.98,104.43,52.762497,PM2.5,14317
37.750000,50.830002,23.820000,12.660000,1.200000,47.470001,-3.980000,0.400000,267.339996,91.580002,81876.898438,32.98,104.59,53.437500,PM2.5,14318
36.110001,48.279999,24.400000,13.550000,1.210000,47.230000,-2.900000,-0.260000,267.589996,91.889999,82732.906250,32.98,104.76,51.387501,PM2.5,14319
32.759998,44.419998,24.770000,13.550000,1.170000,48.029999,-2.010000,-0.110000,269.399994,86.010002,85944.546875,32.98,104.92,46.799999,PM2.5,14320
31.320000,42.470001,25.230000,12.900000,1.130000,48.930000,-3.220000,-1.280000,268.899994,83.309998,85397.656250,32.98,105.08,44.742855,PM2.5,14321
28.770000,39.209999,22.850000,12.460000,1.110000,48.720001,-4.710000,-2.650000,267.170013,87.559998,84475.179688,32.98,105.24,41.100002,PM2.5,14322
27.680000,37.189999,22.650000,12.470000,1.090000,49.169998,-5.150000,-3.870000,267.510010,86.940002,86311.382812,32.98,105.41,39.542858,PM2.5,14323
26.459999,35.410000,22.200001,12.960000,1.090000,49.049999,-5.740000,-5.030000,267.230011,88.510002,87455.140625,32.98,105.57,37.799999,PM2.5,14324
24.820000,33.299999,22.650000,13.530000,1.120000,48.810001,-5.980000,-3.950000,267.010010,92.589996,88792.210938,32.98,105.73,35.457142,PM2.5,14325
23.379999,32.520000,21.160000,14.170000,1.160000,48.279999,-7.000000,-2.600000,267.640015,92.900002,90539.781250,32.98,105.89,33.399998,PM2.5,14326
38.340000,52.540001,23.309999,11.900000,1.210000,47.389999,-4.180000,1.990000,268.480011,84.839996,80748.023438,33.11,104.43,54.174999,PM2.5,14579
38.660000,51.939999,23.629999,13.350000,1.260000,46.520000,-4.040000,0.410000,266.859985,90.440002,79168.953125,33.11,104.59,54.575001,PM2.5,14580
37.400002,49.869999,24.620001,14.670000,1.280000,45.950001,-2.500000,-0.470000,266.640015,91.029999,80357.523438,33.12,104.76,53.000000,PM2.5,14581
33.830002,45.759998,25.160000,14.650000,1.230000,46.889999,-1.840000,-0.440000,268.160004,86.660004,83259.921875,33.12,104.92,48.328575,PM2.5,14582
31.879999,43.340000,25.309999,13.680000,1.180000,48.090000,-2.840000,-1.000000,267.540009,86.239998,82785.070312,33.12,105.08,45.542854,PM2.5,14583
29.670000,40.419998,24.059999,12.850000,1.130000,48.080002,-3.920000,-1.990000,266.709991,86.830002,82792.953125,33.12,105.24,42.385715,PM2.5,14584
28.709999,38.340000,23.709999,12.280000,1.100000,48.619999,-4.680000,-3.250000,266.269989,86.970001,83473.882812,33.11,105.41,41.014286,PM2.5,14585
27.459999,36.599998,22.059999,12.360000,1.090000,48.590000,-4.800000,-3.640000,265.679993,91.389999,84684.710938,33.11,105.57,39.228569,PM2.5,14586
24.820000,33.830002,22.709999,13.340000,1.120000,48.090000,-4.280000,-1.730000,266.549988,93.320000,87392.312500,33.11,105.73,35.457142,PM2.5,14587
23.160000,32.240002,21.990000,13.990000,1.140000,48.209999,-6.140000,-0.750000,267.670013,92.430000,89794.929688,33.11,105.89,33.085712,PM2.5,14588
1.210000,1.920000,0.180000,0.500000,0.130000,75.889999,9.610000,0.690000,270.579987,36.720001,63373.699219,33.21,101.83,3.250000,CO,14824
1.380000,2.170000,0.210000,0.720000,0.140000,73.139999,7.940000,0.460000,272.579987,33.439999,65154.820312,33.22,101.99,3.500000,CO,14825
38.799999,52.599998,23.260000,12.290000,1.230000,48.180000,-2.320000,0.930000,267.839996,85.459999,78450.546875,33.25,104.43,54.750000,PM2.5,14840
40.080002,53.680000,23.950001,13.870000,1.290000,45.980000,-2.510000,1.170000,265.880005,92.610001,76472.968750,33.25,104.59,56.350002,PM2.5,14841
37.250000,50.099998,24.430000,15.960000,1.330000,44.220001,-1.900000,0.540000,266.059998,91.820000,78795.953125,33.25,104.76,52.812500,PM2.5,14842
33.540001,45.799999,25.430000,15.980000,1.280000,45.209999,-1.690000,-0.260000,267.089996,88.290001,81437.679688,33.25,104.92,47.914288,PM2.5,14843
31.510000,43.430000,24.950001,15.020000,1.220000,46.070000,-3.210000,-0.370000,266.929993,86.610001,81825.382812,33.25,105.08,45.014286,PM2.5,14844
29.389999,40.700001,23.389999,13.900000,1.170000,45.939999,-5.090000,-1.160000,265.720001,88.040001,81404.640625,33.25,105.24,41.985714,PM2.5,14845
28.459999,38.939999,22.540001,13.050000,1.140000,46.330002,-4.700000,-1.540000,264.760010,91.660004,81562.210938,33.25,105.41,40.657143,PM2.5,14846
27.809999,37.340000,23.250000,12.820000,1.100000,46.980000,-3.380000,-1.090000,265.339996,91.379997,83767.257812,33.25,105.57,39.728569,PM2.5,14847
25.709999,35.400002,22.930000,13.640000,1.130000,46.689999,-2.990000,-0.130000,266.510010,92.599998,86442.093750,33.25,105.73,36.728569,PM2.5,14848
1.070000,1.590000,0.170000,0.640000,0.130000,76.860001,8.430000,0.110000,272.209991,32.660000,64995.789062,33.35,101.99,3.250000,CO,15083
1.190000,1.710000,0.200000,0.830000,0.130000,74.220001,6.470000,0.060000,272.910004,31.910000,65799.023438,33.36,102.15,3.250000,CO,15084
31.290001,42.759998,17.450001,8.450000,0.990000,55.090000,0.070000,1.430000,265.959991,86.000000,71536.093750,33.39,104.27,44.700001,PM2.5,15097
36.660000,49.689999,21.320000,11.370000,1.180000,49.799999,0.330000,2.330000,266.299988,89.000000,74785.031250,33.39,104.43,52.075001,PM2.5,15098
40.220001,54.029999,24.180000,14.710000,1.330000,45.119999,-1.440000,2.030000,266.209991,90.809998,76535.828125,33.39,104.59,56.525002,PM2.5,15099
37.730000,50.900002,26.240000,17.980000,1.420000,42.639999,-2.410000,0.480000,266.440002,89.980003,79465.281250,33.39,104.76,53.412498,PM2.5,15100
33.900002,46.439999,26.379999,18.000000,1.350000,43.430000,-1.870000,-0.440000,267.880005,85.370003,82566.429688,33.39,104.92,48.428574,PM2.5,15101
31.870001,44.189999,25.080000,16.620001,1.280000,44.349998,-3.280000,-0.210000,267.140015,85.070000,81910.062500,33.39,105.08,45.528572,PM2.5,15102
29.879999,41.700001,23.110001,15.040000,1.210000,44.209999,-4.580000,0.330000,265.010010,90.260002,80252.773438,33.39,105.24,42.685715,PM2.5,15103
28.799999,39.939999,22.110001,13.910000,1.170000,44.660000,-3.730000,0.850000,264.670013,92.120003,81628.359375,33.39,105.41,41.142857,PM2.5,15104
27.410000,38.150002,22.139999,14.010000,1.150000,44.810001,-2.880000,1.260000,265.790009,90.760002,84441.328125,33.39,105.57,39.157143,PM2.5,15105
0.980000,1.350000,0.150000,0.520000,0.130000,79.089996,8.490000,-0.490000,271.880005,32.380001,64971.718750,33.49,101.98,3.250000,CO,15342
1.020000,1.380000,0.170000,0.590000,0.130000,76.360001,6.730000,-0.580000,272.989990,30.400000,66077.367188,33.49,102.14,3.250000,CO,15343
1.150000,1.510000,0.210000,0.780000,0.140000,75.669998,6.460000,-0.220000,273.279999,29.980000,66476.070312,33.5,102.31,3.500000,CO,15344
24.930000,33.959999,12.700000,6.810000,0.830000,57.700001,2.980000,1.690000,268.350006,69.230003,69633.578125,33.52,104.27,35.614285,PM2.5,15356
36.270000,49.330002,20.219999,11.270000,1.180000,49.200001,-0.290000,4.630000,267.899994,77.639999,74767.828125,33.52,104.43,51.587502,PM2.5,15357
40.990002,55.200001,24.280001,15.340000,1.370000,44.029999,-3.200000,2.480000,266.029999,88.820000,77252.750000,33.52,104.59,57.487503,PM2.5,15358
39.480000,53.049999,25.980000,17.510000,1.400000,42.619999,-2.710000,0.270000,265.619995,88.650002,78337.507812,33.52,104.76,55.599998,PM2.5,15359
35.619999,48.520000,26.000000,18.139999,1.360000,42.480000,-1.790000,-0.430000,266.350006,88.129997,80342.320312,33.52,104.92,50.774998,PM2.5,15360
33.160000,45.849998,24.410000,17.430000,1.310000,42.790001,-2.830000,0.260000,266.029999,89.070000,80701.320312,33.52,105.08,47.371429,PM2.5,15361
31.590000,43.849998,23.170000,16.040001,1.240000,42.900002,-3.660000,1.760000,265.309998,89.849998,80995.046875,33.52,105.24,45.128571,PM2.5,15362
30.280001,42.020000,22.400000,14.850000,1.190000,43.430000,-3.080000,2.330000,266.100006,88.699997,83896.906250,33.52,105.41,43.257145,PM2.5,15363
28.980000,40.419998,22.240000,15.070000,1.170000,43.070000,-2.430000,2.490000,266.880005,88.629997,85885.531250,33.52,105.57,41.399998,PM2.5,15364
29.180000,40.020000,22.180000,14.880000,1.140000,43.490002,-1.770000,2.120000,267.559998,89.019997,87316.921875,33.52,105.73,41.685715,PM2.5,15365
0.940000,1.220000,0.130000,0.310000,0.120000,81.570000,11.290000,0.720000,269.489990,36.840000,63173.210938,33.62,101.65,3.000000,CO,15601
0.930000,1.200000,0.140000,0.370000,0.120000,80.559998,9.790000,-0.260000,271.000000,33.750000,64470.128906,33.62,101.81,3.000000,CO,15602
0.950000,1.220000,0.140000,0.420000,0.130000,79.300003,8.230000,-1.120000,271.690002,32.360001,65144.679688,33.62,101.98,3.250000,CO,15603
1.000000,1.280000,0.160000,0.440000,0.130000,78.260002,7.510000,-0.790000,272.739990,30.070000,66076.093750,33.63,102.14,3.250000,CO,15604
1.180000,1.480000,0.180000,0.580000,0.140000,75.980003,7.290000,-0.280000,273.200012,29.180000,66526.171875,33.63,102.3,3.500000,CO,15605
37.849998,51.520000,18.480000,10.160000,1.090000,48.970001,-1.560000,-0.230000,268.630005,73.489998,74029.921875,33.66,104.26,53.562500,PM2.5,15617
38.779999,52.779999,20.879999,11.900000,1.210000,47.200001,-3.700000,2.950000,268.470001,75.529999,77001.796875,33.66,104.43,54.724998,PM2.5,15618
41.889999,56.549999,23.930000,14.520000,1.350000,44.419998,-3.810000,2.710000,265.820007,87.120003,76392.593750,33.66,104.59,58.612499,PM2.5,15619
40.590000,54.820000,25.389999,17.090000,1.380000,42.169998,-1.960000,1.870000,264.890015,90.379997,75881.273438,33.66,104.75,56.987499,PM2.5,15620
36.860001,50.189999,26.280001,18.090000,1.340000,41.570000,-1.260000,1.030000,265.320007,90.169998,78328.906250,33.66,104.92,52.325001,PM2.5,15621
35.000000,48.189999,24.600000,18.110001,1.320000,41.459999,-2.620000,1.620000,266.089996,88.419998,81109.656250,33.66,105.08,50.000000,PM2.5,15622
34.770000,47.480000,23.820000,16.980000,1.270000,41.820000,-3.530000,2.580000,266.140015,88.629997,82899.703125,33.66,105.25,49.671429,PM2.5,15623
34.080002,46.340000,23.150000,15.960000,1.210000,42.200001,-2.510000,2.640000,266.760010,88.360001,85185.851562,33.66,105.41,48.685719,PM2.5,15624
31.570000,43.639999,22.549999,16.290001,1.190000,41.060001,-1.420000,2.580000,267.079987,89.400002,86056.593750,33.66,105.57,45.099998,PM2.5,15625
31.190001,42.549999,22.059999,15.980000,1.160000,41.130001,-0.720000,2.370000,267.899994,87.610001,87423.203125,33.66,105.74,44.557144,PM2.5,15626
32.130001,42.810001,22.040001,15.540000,1.150000,41.230000,0.360000,1.340000,269.350006,84.980003,89614.750000,33.66,105.9,45.900002,PM2.5,15627
33.480000,43.750000,21.100000,15.250000,1.170000,40.720001,1.120000,-0.400000,270.109985,85.290001,90850.718750,33.66,106.06,47.828571,PM2.5,15628
36.369999,45.389999,20.330000,12.410000,1.080000,43.389999,-0.090000,-1.670000,268.940002,87.360001,87672.460938,33.65,106.23,51.712498,PM2.5,15629
37.020000,45.730000,19.959999,10.830000,1.040000,47.259998,-3.340000,0.790000,266.690002,85.449997,81947.812500,33.65,106.39,52.525002,PM2.5,15630
37.240002,46.209999,20.309999,10.080000,1.020000,49.660000,-4.880000,3.100000,264.890015,90.150002,80428.328125,33.65,106.55,52.800003,PM2.5,15631
1.000000,1.430000,0.130000,0.270000,0.120000,80.180000,11.760000,0.330000,266.369995,45.720001,60996.089844,33.74,101.32,3.000000,CO,15859
0.980000,1.330000,0.130000,0.280000,0.120000,79.970001,11.850000,0.680000,267.779999,41.459999,62031.390625,33.75,101.48,3.000000,CO,15860
0.940000,1.170000,0.130000,0.300000,0.120000,80.769997,10.470000,0.210000,270.040009,36.000000,63922.988281,33.75,101.64,3.000000,CO,15861
0.950000,1.210000,0.140000,0.370000,0.120000,78.290001,8.900000,-0.470000,270.920013,33.990002,64729.171875,33.76,101.81,3.000000,CO,15862
1.040000,1.300000,0.160000,0.420000,0.130000,76.989998,8.630000,-0.640000,271.250000,32.810001,64978.031250,33.76,101.97,3.250000,CO,15863
1.230000,1.530000,0.180000,0.450000,0.140000,75.949997,8.430000,-0.580000,272.720001,29.650000,66187.679688,33.76,102.14,3.500000,CO,15864
1.760000,2.190000,0.200000,0.530000,0.150000,74.580002,7.800000,-0.440000,273.290009,28.610001,66747.296875,33.77,102.3,3.750000,CO,15865
9.010000,10.890000,1.810000,1.410000,0.280000,73.239998,6.300000,0.450000,270.119995,45.220001,64940.941406,33.78,103.28,12.871428,PM2.5,15871
14.360000,17.910000,3.850000,2.200000,0.360000,69.800003,4.690000,0.770000,270.480011,54.189999,66480.023438,33.79,103.44,20.514286,PM2.5,15872
16.510000,21.440001,5.220000,2.870000,0.450000,67.139999,3.900000,0.050000,271.730011,54.209999,68502.812500,33.79,103.61,23.585714,PM2.5,15873
18.570000,24.959999,6.800000,3.520000,0.540000,64.650002,3.470000,-0.290000,271.709991,55.959999,69310.726562,33.79,103.77,26.528570,PM2.5,15874
21.690001,30.080000,9.040000,4.440000,0.660000,61.369999,1.700000,1.020000,270.779999,60.099998,69340.382812,33.79,103.94,30.985716,PM2.5,15875
38.669998,52.900002,16.730000,8.840000,1.000000,51.220001,-2.380000,0.710000,267.959991,73.480003,72133.343750,33.79,104.1,54.587498,PM2.5,15876
41.419998,56.209999,19.330000,10.830000,1.130000,48.119999,-4.240000,-1.340000,266.720001,84.260002,75409.601562,33.79,104.26,58.024998,PM2.5,15877
42.349998,57.389999,21.110001,12.580000,1.250000,45.200001,-4.300000,0.720000,266.339996,84.430000,75790.562500,33.79,104.43,59.187500,PM2.5,15878
43.180000,58.700001,23.180000,15.220000,1.360000,42.520000,-3.950000,2.450000,265.339996,88.620003,75834.156250,33.8,104.59,60.224998,PM2.5,15879
41.250000,56.119999,24.090000,17.559999,1.370000,40.810001,-3.140000,1.700000,265.440002,88.790001,77292.148438,33.8,104.75,57.812500,PM2.5,15880
38.480000,52.700001,24.500000,18.860001,1.340000,40.540001,-2.850000,0.860000,266.369995,86.699997,80630.570312,33.8,104.92,54.349998,PM2.5,15881
38.020000,51.980000,25.250000,19.139999,1.320000,40.919998,-3.300000,1.900000,267.380005,82.139999,83234.437500,33.8,105.08,53.775002,PM2.5,15882
38.509998,51.930000,24.639999,17.870001,1.280000,41.029999,-3.820000,2.890000,266.510010,84.839996,83367.882812,33.8,105.25,54.387497,PM2.5,15883
39.119999,51.880001,23.639999,16.350000,1.220000,41.490002,-2.430000,2.750000,265.859985,89.129997,83294.156250,33.8,105.41,55.149998,PM2.5,15884
36.470001,48.910000,22.180000,16.600000,1.190000,39.950001,-0.450000,2.350000,266.480011,90.150002,84582.953125,33.79,105.57,51.837502,PM2.5,15885
34.639999,46.580002,22.139999,17.370001,1.210000,38.630001,0.630000,2.080000,268.109985,87.269997,87320.453125,33.79,105.74,49.485714,PM2.5,15886
35.119999,46.330002,21.940001,17.559999,1.220000,37.820000,0.600000,0.540000,269.299988,84.800003,89253.140625,33.79,105.9,50.149998,PM2.5,15887
36.139999,46.730000,21.240000,16.900000,1.240000,37.430000,-0.610000,-1.500000,269.910004,84.040001,90229.843750,33.79,106.06,51.424999,PM2.5,15888
37.459999,47.169998,20.559999,15.130000,1.180000,39.119999,-0.990000,-2.300000,269.420013,84.029999,89135.117188,33.79,106.23,53.074997,PM2.5,15889
37.869999,46.590000,21.450001,12.740000,1.090000,43.049999,-1.460000,-0.550000,268.679993,79.440002,86274.812500,33.79,106.39,53.587498,PM2.5,15890
1.230000,2.270000,0.130000,0.290000,0.120000,78.739998,11.230000,1.170000,265.779999,48.049999,60904.621094,33.87,101.15,3.000000,CO,16118
1.060000,1.620000,0.130000,0.230000,0.120000,79.480003,11.970000,1.280000,265.380005,48.430000,60429.679688,33.88,101.31,3.000000,CO,16119
1.030000,1.450000,0.130000,0.230000,0.120000,79.349998,11.710000,0.770000,266.730011,43.779999,61370.160156,33.88,101.48,3.000000,CO,16120
1.000000,1.340000,0.130000,0.240000,0.120000,78.519997,10.730000,-0.050000,268.809998,38.020000,63003.839844,33.89,101.64,3.000000,CO,16121
1.000000,1.300000,0.140000,0.320000,0.120000,77.209999,9.620000,-0.380000,270.609985,33.860001,64505.140625,33.89,101.8,3.000000,CO,16122
1.450000,1.780000,0.170000,0.410000,0.130000,76.010002,8.850000,-0.530000,271.720001,31.400000,65475.968750,33.9,101.97,3.250000,CO,16123
2.150000,2.630000,0.260000,0.520000,0.150000,75.029999,8.400000,-0.780000,272.329987,30.010000,66000.671875,33.9,102.13,3.750000,CO,16124
17.639999,21.440001,3.430000,1.910000,0.440000,69.629997,4.090000,1.620000,271.839996,46.470001,67448.140625,33.92,103.28,25.199999,PM2.5,16131
17.160000,20.969999,4.410000,2.380000,0.450000,66.690002,2.520000,0.620000,273.000000,49.480000,69914.593750,33.92,103.44,24.514286,PM2.5,16132
23.250000,30.010000,7.090000,3.940000,0.600000,60.840000,-0.710000,-0.010000,273.299988,51.080002,72060.656250,33.92,103.61,33.214287,PM2.5,16133
36.990002,49.380001,12.490000,6.710000,0.850000,54.180000,-3.840000,-0.510000,271.089996,61.770000,73210.750000,33.93,103.77,52.487503,PM2.5,16134
41.360001,55.790001,15.190000,8.290000,0.950000,51.259998,-4.860000,-0.230000,269.739990,67.879997,73560.953125,33.93,103.93,57.950001,PM2.5,16135
43.080002,58.459999,17.500000,9.590000,1.050000,48.970001,-4.850000,1.610000,267.540009,75.610001,72509.500000,33.93,104.1,60.100002,PM2.5,16136
45.529999,61.570000,20.110001,11.300000,1.170000,45.759998,-3.660000,0.670000,265.760010,83.949997,72696.632812,33.93,104.26,63.162498,PM2.5,16137
46.299999,62.450001,21.959999,13.730000,1.270000,42.889999,-3.790000,1.000000,264.959991,91.150002,75400.546875,33.93,104.43,64.125000,PM2.5,16138
45.080002,61.029999,23.200001,16.559999,1.320000,41.259998,-4.830000,1.360000,266.029999,85.540001,77409.257812,33.93,104.59,62.600002,PM2.5,16139
43.930000,59.279999,24.120001,18.049999,1.330000,40.509998,-4.520000,-0.320000,265.390015,88.199997,77906.968750,33.93,104.75,61.162498,PM2.5,16140
41.669998,56.880001,24.990000,19.110001,1.310000,39.820000,-3.080000,0.140000,265.809998,87.440002,80150.203125,33.93,104.92,58.337498,PM2.5,16141
41.029999,56.230000,25.879999,19.420000,1.310000,39.930000,-2.410000,1.610000,267.459991,81.449997,83366.460938,33.93,105.08,57.537498,PM2.5,16142
41.930000,56.509998,25.430000,18.639999,1.260000,40.150002,-2.820000,2.540000,266.679993,81.779999,82706.343750,33.93,105.25,58.662498,PM2.5,16143
43.000000,56.970001,24.260000,17.049999,1.230000,40.220001,-2.090000,2.590000,265.209991,87.889999,81135.203125,33.93,105.41,60.000000,PM2.5,16144
42.259998,55.119999,23.580000,16.629999,1.170000,39.270000,-0.550000,1.790000,266.070007,88.230003,82786.546875,33.93,105.57,59.074997,PM2.5,16145
39.310001,51.619999,22.639999,18.610001,1.230000,36.459999,0.110000,1.480000,267.510010,88.129997,85753.507812,33.93,105.74,55.387501,PM2.5,16146
38.930000,50.169998,22.530001,18.469999,1.240000,36.099998,-0.610000,-0.010000,268.339996,86.389999,87328.773438,33.93,105.9,54.912498,PM2.5,16147
40.250000,50.130001,22.200001,16.530001,1.180000,38.070000,-2.750000,-1.320000,268.720001,84.169998,87715.750000,33.93,106.07,56.562500,PM2.5,16148
41.060001,50.490002,21.600000,15.680000,1.150000,39.669998,-4.430000,-2.050000,269.089996,79.599998,88255.062500,33.93,106.23,57.575001,PM2.5,16149
40.830002,50.200001,22.010000,14.710000,1.150000,41.090000,-4.800000,-2.230000,269.649994,70.900002,88619.531250,33.92,106.39,57.287502,PM2.5,16150
1.590000,3.580000,0.140000,0.370000,0.130000,78.239998,11.580000,1.880000,265.480011,46.990002,60735.750000,34.01,100.98,3.580000,PM10,16378
1.550000,3.460000,0.140000,0.340000,0.130000,77.779999,12.100000,2.320000,264.679993,49.029999,59957.101562,34.01,101.14,3.460000,PM10,16379
1.120000,1.860000,0.130000,0.240000,0.120000,79.279999,12.000000,1.960000,265.019989,47.279999,60081.390625,34.01,101.31,3.000000,CO,16380
1.050000,1.530000,0.130000,0.230000,0.120000,78.839996,11.180000,0.860000,267.010010,41.200001,61577.121094,34.02,101.47,3.000000,CO,16381
1.020000,1.350000,0.140000,0.270000,0.120000,77.669998,10.140000,-0.440000,269.290009,35.619999,63465.871094,34.02,101.63,3.000000,CO,16382
1.010000,1.310000,0.150000,0.340000,0.130000,76.389999,9.190000,-1.300000,270.589996,32.740002,64670.578125,34.03,101.8,3.250000,CO,16383
1.120000,1.440000,0.170000,0.420000,0.130000,75.349998,8.690000,-1.420000,270.630005,32.360001,64749.601562,34.03,101.96,3.250000,CO,16384
1.420000,1.870000,0.270000,0.540000,0.140000,74.559998,8.530000,-0.960000,270.540009,32.340000,64641.589844,34.04,102.13,3.500000,CO,16385
1.940000,2.700000,0.320000,0.620000,0.160000,74.000000,8.480000,-0.540000,270.910004,31.740000,64913.539062,34.04,102.29,4.000000,CO,16386
17.459999,21.100000,3.530000,2.230000,0.470000,66.040001,2.270000,1.360000,273.750000,43.160000,70053.273438,34.06,103.28,24.942856,PM2.5,16392
16.180000,18.900000,4.080000,2.530000,0.460000,63.660000,2.440000,-0.010000,272.170013,49.590000,69122.656250,34.06,103.44,23.114286,PM2.5,16393
18.209999,21.910000,5.130000,3.140000,0.510000,60.980000,2.100000,-0.060000,272.100006,51.599998,69621.281250,34.06,103.6,26.014284,PM2.5,16394
31.610001,40.700001,10.190000,5.820000,0.720000,54.250000,-1.510000,-0.610000,271.250000,57.009998,71561.570312,34.06,103.77,45.157143,PM2.5,16395
40.650002,53.439999,14.300000,7.940000,0.860000,51.130001,-4.110000,-0.980000,268.609985,70.000000,71974.023438,34.06,103.93,57.062500,PM2.5,16396
44.799999,59.709999,17.070000,9.650000,0.980000,48.939999,-3.600000,1.170000,266.470001,79.800003,71834.906250,34.06,104.1,62.250000,PM2.5,16397
46.389999,62.099998,19.459999,11.370000,1.090000,46.610001,-3.280000,2.460000,265.970001,84.250000,74067.148438,34.07,104.26,64.237503,PM2.5,16398
46.160000,61.529999,20.879999,13.060000,1.150000,44.959999,-3.520000,1.940000,266.100006,84.540001,76087.273438,34.07,104.43,63.950001,PM2.5,16399
45.119999,60.020000,22.480000,14.800000,1.170000,43.480000,-3.290000,0.200000,266.260010,81.059998,75415.273438,34.07,104.59,62.649998,PM2.5,16400
45.119999,60.650002,25.299999,16.459999,1.240000,40.680000,-2.170000,-0.150000,264.720001,87.070000,74904.710938,34.07,104.75,62.649998,PM2.5,16401
43.259998,59.169998,26.639999,18.230000,1.250000,39.230000,-0.930000,1.280000,265.299988,86.500000,78192.953125,34.07,104.92,60.324997,PM2.5,16402
43.380001,59.549999,26.629999,19.600000,1.260000,38.610001,-1.010000,2.250000,267.440002,79.790001,82801.812500,34.07,105.08,60.475002,PM2.5,16403
44.799999,60.330002,26.629999,19.580000,1.250000,38.590000,-1.430000,2.110000,267.260010,77.470001,82940.890625,34.07,105.25,62.250000,PM2.5,16404
46.340000,61.220001,25.240000,18.670000,1.230000,38.290001,-1.550000,1.930000,266.209991,81.589996,81701.351562,34.07,105.41,64.175003,PM2.5,16405
46.090000,59.560001,23.670000,18.030001,1.180000,37.240002,-1.070000,1.540000,266.190002,85.440002,82381.062500,34.07,105.57,63.862499,PM2.5,16406
43.279999,55.369999,23.410000,18.129999,1.170000,36.209999,-0.980000,1.090000,266.609985,87.370003,83574.070312,34.07,105.74,60.349998,PM2.5,16407
42.630001,53.340000,23.360001,17.780001,1.160000,36.200001,-1.750000,0.170000,267.179993,87.029999,84942.476562,34.06,105.9,59.537502,PM2.5,16408
43.200001,52.930000,23.420000,16.559999,1.140000,37.750000,-2.940000,-0.530000,267.540009,85.330002,85665.750000,34.06,106.07,60.250000,PM2.5,16409
43.419998,52.889999,23.559999,16.520000,1.170000,37.959999,-4.140000,-1.090000,267.369995,83.949997,85747.359375,34.06,106.23,60.524998,PM2.5,16410
43.590000,53.119999,23.000000,16.780001,1.230000,37.509998,-4.780000,-1.650000,267.100006,82.900002,85760.343750,34.06,106.4,60.737499,PM2.5,16411
2.000000,5.040000,0.140000,0.440000,0.130000,77.199997,12.600000,2.910000,265.799988,44.410000,61005.699219,34.14,100.97,5.040000,PM10,16638
1.930000,4.840000,0.150000,0.400000,0.130000,76.470001,12.270000,2.490000,266.089996,43.200001,61098.500000,34.15,101.14,4.840000,PM10,16639
1.130000,1.970000,0.140000,0.250000,0.120000,78.080002,11.070000,1.150000,267.190002,40.110001,61934.089844,34.15,101.3,3.000000,CO,16640
1.010000,1.450000,0.140000,0.250000,0.120000,77.110001,9.480000,-0.350000,269.269989,35.230000,63795.878906,34.16,101.46,3.000000,CO,16641
1.000000,1.320000,0.150000,0.340000,0.120000,76.000000,8.570000,-1.340000,270.230011,32.939999,64767.871094,34.16,101.63,3.000000,CO,16642
1.310000,1.700000,0.250000,0.540000,0.140000,74.209999,9.400000,-0.520000,269.260010,34.330002,63678.980469,34.17,102.12,3.500000,CO,16645
1.720000,2.340000,0.310000,0.660000,0.150000,73.540001,8.900000,-0.290000,270.750000,31.750000,64924.000000,34.18,102.29,3.750000,CO,16646
2.120000,2.990000,0.370000,0.780000,0.160000,73.029999,8.780000,-0.190000,270.739990,32.060001,64915.339844,34.18,102.45,4.000000,CO,16647
2.470000,3.590000,0.390000,0.870000,0.180000,72.860001,9.060000,0.010000,270.600006,32.799999,64797.359375,34.18,102.62,4.500000,CO,16648
15.660000,19.290001,2.980000,2.400000,0.420000,66.599998,4.690000,1.120000,272.260010,41.799999,67656.000000,34.19,103.11,22.371428,PM2.5,16651
15.710000,19.090000,3.380000,2.470000,0.440000,64.849998,3.350000,1.170000,271.529999,45.299999,67427.093750,34.19,103.27,22.442858,PM2.5,16652
15.420000,17.740000,4.120000,2.810000,0.460000,63.029999,4.950000,1.220000,268.980011,50.900002,64828.511719,34.19,103.44,22.028572,PM2.5,16653
18.750000,21.440001,5.320000,3.410000,0.520000,60.939999,5.900000,0.110000,268.820007,55.840000,65348.250000,34.2,103.6,26.785715,PM2.5,16654
23.260000,27.750000,7.060000,4.330000,0.580000,58.299999,4.160000,-0.440000,269.690002,58.189999,67839.250000,34.2,103.77,33.228573,PM2.5,16655
30.510000,38.709999,10.140000,5.910000,0.670000,54.529999,0.850000,-0.070000,268.720001,64.379997,69716.062500,34.2,103.93,43.585716,PM2.5,16656
45.279999,58.750000,16.309999,9.840000,0.900000,49.209999,-2.260000,1.470000,266.799988,75.589996,72628.203125,34.2,104.1,62.849998,PM2.5,16657
44.939999,58.340000,17.330000,11.070000,0.930000,48.410000,-3.300000,1.440000,266.920013,77.349998,75056.406250,34.2,104.26,62.424999,PM2.5,16658
44.950001,58.759998,18.850000,12.110000,1.000000,46.070000,-2.910000,1.320000,266.470001,76.320000,73471.687500,34.2,104.42,62.437500,PM2.5,16659
45.950001,60.869999,22.290001,13.620000,1.100000,43.730000,-0.570000,0.640000,265.339996,77.989998,71201.789062,34.2,104.59,63.687500,PM2.5,16660
45.759998,61.230000,25.200001,14.980000,1.150000,41.419998,1.100000,1.320000,264.899994,82.050003,73039.578125,34.2,104.75,63.449997,PM2.5,16661
44.570000,60.279999,27.230000,17.209999,1.180000,39.340000,-0.350000,1.690000,266.549988,78.419998,78462.460938,34.2,104.92,61.962502,PM2.5,16662
45.650002,62.060001,27.790001,19.480000,1.220000,37.660000,-1.260000,2.290000,267.679993,78.690002,82797.976562,34.2,105.08,63.312500,PM2.5,16663
48.090000,64.050003,27.870001,20.459999,1.250000,36.869999,-0.680000,1.240000,267.760010,79.870003,83662.226562,34.2,105.25,66.362503,PM2.5,16664
50.000000,65.220001,26.670000,20.430000,1.250000,36.240002,-0.890000,0.910000,267.500000,79.750000,83329.710938,34.2,105.41,68.750000,PM2.5,16665
48.730000,62.410000,24.290001,19.450001,1.180000,35.709999,-1.120000,1.580000,266.760010,82.870003,82878.406250,34.2,105.58,67.162498,PM2.5,16666
45.849998,58.009998,23.850000,18.540001,1.140000,35.980000,-1.430000,1.280000,265.959991,86.739998,82187.000000,34.2,105.74,63.562500,PM2.5,16667
44.570000,55.259998,24.570000,18.230000,1.150000,35.430000,-2.400000,1.210000,265.779999,88.050003,82564.539062,34.2,105.9,61.962502,PM2.5,16668
44.619999,54.470001,24.910000,17.910000,1.180000,35.770000,-3.370000,0.680000,265.850006,86.720001,83181.812500,34.2,106.07,62.024998,PM2.5,16669
44.880001,54.330002,25.379999,18.950001,1.280000,34.099998,-3.830000,-0.350000,265.420013,86.150002,83249.312500,34.2,106.23,62.350002,PM2.5,16670
45.310001,54.480000,25.299999,19.940001,1.400000,31.830000,-3.800000,-1.130000,264.600006,88.019997,82967.078125,34.2,106.4,62.887501,PM2.5,16671
45.220001,54.610001,23.940001,20.559999,1.500000,29.530001,-3.210000,-1.440000,263.670013,91.080002,82532.093750,34.19,106.56,62.775002,PM2.5,16672
1.860000,4.470000,0.150000,0.430000,0.130000,77.589996,12.340000,2.740000,267.899994,38.590000,62990.238281,34.28,100.97,4.470000,PM10,16896
1.800000,4.340000,0.150000,0.400000,0.130000,75.970001,10.720000,1.290000,268.829987,36.610001,63755.320312,34.28,101.13,4.340000,PM10,16897
1.190000,1.510000,0.220000,0.510000,0.130000,73.059998,8.990000,-0.210000,270.839996,31.610001,65287.511719,34.31,102.28,3.250000,CO,16904
1.360000,1.770000,0.250000,0.600000,0.140000,72.779999,9.080000,-0.000000,270.089996,33.110001,64611.519531,34.31,102.45,3.500000,CO,16905
1.550000,2.080000,0.290000,0.700000,0.150000,72.489998,9.150000,0.170000,270.040009,33.360001,64511.078125,34.32,102.61,3.750000,CO,16906
2.400000,3.460000,0.530000,0.970000,0.170000,71.480003,8.840000,-0.100000,270.109985,33.430000,64542.480469,34.32,102.78,4.250000,CO,16907
7.770000,10.950000,1.610000,1.970000,0.280000,68.410004,7.720000,0.180000,270.269989,35.919998,64870.960938,34.32,102.94,11.100000,PM2.5,16908
16.650000,22.440001,3.750000,3.400000,0.460000,64.150002,5.520000,1.020000,270.649994,42.209999,65996.062500,34.33,103.11,23.785713,PM2.5,16909
19.370001,24.969999,5.120000,3.960000,0.530000,61.889999,4.230000,1.620000,269.339996,50.259998,65382.921875,34.33,103.27,27.671431,PM2.5,16910
22.280001,26.680000,7.250000,4.890000,0.620000,59.830002,4.130000,2.030000,268.130005,55.759998,64813.988281,34.33,103.44,31.828573,PM2.5,16911
27.010000,31.160000,9.200000,5.660000,0.710000,57.560001,4.240000,0.680000,268.670013,59.250000,66738.210938,34.33,103.6,38.585716,PM2.5,16912
29.850000,35.240002,10.060000,5.940000,0.700000,55.779999,3.290000,-0.770000,269.809998,58.349998,69116.929688,34.33,103.76,42.642857,PM2.5,16913
41.270000,51.779999,14.250000,8.360000,0.830000,50.930000,-0.330000,0.430000,269.320007,62.000000,71769.226562,34.34,103.93,57.837502,PM2.5,16914
49.380001,63.220001,17.879999,10.960000,0.940000,48.169998,-3.610000,2.090000,266.989990,73.349998,73580.406250,34.34,104.09,67.974998,PM2.5,16915
47.980000,61.549999,17.840000,11.380000,0.930000,47.599998,-3.580000,0.890000,265.760010,78.309998,72936.367188,34.34,104.26,66.224998,PM2.5,16916
47.590000,61.360001,19.420000,11.610000,0.980000,44.450001,-1.730000,1.500000,265.429993,77.269997,71684.062500,34.34,104.42,65.737503,PM2.5,16917
47.880001,62.419998,22.379999,12.720000,1.050000,42.980000,1.080000,1.610000,265.570007,75.250000,70982.062500,34.34,104.59,66.099998,PM2.5,16918
47.880001,62.709999,25.660000,14.400000,1.120000,40.820000,1.470000,1.220000,265.429993,78.080002,73292.187500,34.34,104.75,66.099998,PM2.5,16919
47.720001,63.459999,27.270000,17.629999,1.170000,38.400002,-0.930000,0.700000,265.649994,82.529999,78232.492188,34.34,104.92,65.900002,PM2.5,16920
48.660000,64.570000,28.280001,18.920000,1.200000,37.740002,-0.970000,0.900000,266.109985,81.699997,80858.937500,34.34,105.08,67.074997,PM2.5,16921
51.020000,66.629997,29.000000,19.959999,1.260000,36.630001,0.560000,0.410000,266.220001,82.639999,81573.867188,34.34,105.25,70.025002,PM2.5,16922
53.380001,68.639999,27.770000,20.570000,1.260000,35.790001,0.440000,1.090000,266.670013,83.930000,82436.117188,34.34,105.41,72.974998,PM2.5,16923
51.669998,65.410004,25.799999,21.040001,1.210000,34.330002,-0.420000,2.150000,266.510010,85.089996,82576.406250,34.34,105.58,70.837494,PM2.5,16924
47.549999,59.580002,24.490000,19.809999,1.170000,34.349998,-1.070000,2.200000,266.209991,85.000000,82411.781250,34.34,105.74,65.687500,PM2.5,16925
45.910000,56.380001,25.480000,19.389999,1.190000,34.150002,-2.290000,2.470000,266.079987,84.389999,82645.046875,34.34,105.91,63.637501,PM2.5,16926
45.770000,55.560001,25.090000,19.889999,1.250000,33.310001,-3.920000,2.540000,265.290009,85.480003,82210.078125,34.34,106.07,63.462502,PM2.5,16927
46.000000,55.160000,26.559999,21.600000,1.380000,30.430000,-4.290000,0.820000,263.760010,89.000000,81782.406250,34.33,106.24,63.750000,PM2.5,16928
46.209999,55.119999,25.620001,24.610001,1.600000,24.360001,-3.440000,-0.770000,262.980011,91.580002,83224.656250,34.33,106.4,64.012497,PM2.5,16929
45.830002,54.529999,27.600000,26.000000,1.780000,19.940001,-3.000000,-0.490000,264.059998,90.190002,85575.156250,34.33,106.56,63.537502,PM2.5,16930
1.230000,1.570000,0.170000,0.430000,0.130000,72.349998,8.870000,0.120000,271.290009,30.870001,65937.117188,34.45,102.28,3.250000,CO,17162
1.740000,2.340000,0.320000,0.600000,0.150000,71.889999,9.100000,0.380000,270.619995,32.080002,65283.710938,34.45,102.44,3.750000,CO,17163
3.850000,5.540000,0.940000,1.230000,0.190000,70.540001,8.620000,0.180000,270.980011,31.959999,65635.453125,34.45,102.61,5.540000,PM10,17164
12.760000,19.629999,3.350000,3.650000,0.390000,66.540001,7.270000,0.060000,270.489990,35.480000,65491.109375,34.46,102.77,19.629999,PM10,17165
25.260000,39.119999,6.690000,6.600000,0.630000,61.830002,5.660000,0.040000,270.220001,41.570000,65927.117188,34.46,102.94,39.119999,PM10,17166
30.879999,46.330002,8.650000,7.890000,0.760000,58.669998,3.650000,0.430000,270.739990,45.619999,67284.781250,34.46,103.1,46.330002,PM10,17167
32.939999,47.049999,10.740000,8.850000,0.840000,56.459999,1.840000,1.310000,269.869995,51.250000,67491.500000,34.46,103.27,47.057140,PM2.5,17168
34.080002,45.080002,12.630000,9.240000,0.890000,54.369999,1.480000,1.150000,269.630005,55.160000,68545.640625,34.47,103.43,48.685719,PM2.5,17169
36.029999,45.029999,13.500000,9.100000,0.900000,53.400002,0.930000,-0.760000,269.910004,56.590000,70466.273438,34.47,103.6,51.287498,PM2.5,17170
51.349998,64.610001,18.150000,11.300000,1.070000,48.939999,-1.240000,-1.760000,268.390015,66.059998,71948.476562,34.47,103.76,70.437500,PM2.5,17171
51.730000,65.099998,17.910000,10.870000,1.020000,48.369999,-3.370000,-0.000000,268.519989,66.830002,73915.140625,34.47,103.93,70.912498,PM2.5,17172
52.529999,66.550003,18.549999,11.500000,1.000000,47.000000,-4.200000,1.570000,267.160004,71.720001,73785.726562,34.47,104.09,71.912498,PM2.5,17173
51.049999,64.839996,18.290001,11.650000,0.980000,46.400002,-2.360000,1.240000,265.339996,78.279999,71987.593750,34.47,104.26,70.062500,PM2.5,17174
49.840000,63.560001,19.160000,11.780000,0.980000,44.450001,-0.020000,2.000000,265.670013,76.389999,72531.976562,34.47,104.42,68.550003,PM2.5,17175
50.779999,65.309998,22.459999,13.120000,1.070000,41.540001,1.120000,0.600000,266.380005,73.690002,73557.312500,34.48,104.59,69.724998,PM2.5,17176
50.740002,65.660004,25.150000,14.640000,1.120000,39.900002,0.550000,1.440000,265.630005,78.010002,74789.773438,34.48,104.75,69.675003,PM2.5,17177
50.570000,65.870003,27.530001,16.760000,1.140000,38.709999,-0.920000,2.170000,264.579987,86.860001,77174.976562,34.48,104.92,69.462502,PM2.5,17178
51.080002,65.709999,29.580000,17.680000,1.150000,38.029999,0.090000,2.320000,264.019989,88.500000,77681.273438,34.48,105.08,70.100006,PM2.5,17179
52.970001,67.559998,30.330000,18.280001,1.200000,37.380001,2.000000,2.550000,264.619995,86.389999,78608.851562,34.48,105.25,72.462502,PM2.5,17180
56.160000,71.269997,28.540001,20.309999,1.250000,35.639999,1.540000,2.780000,266.309998,83.360001,81394.046875,34.48,105.41,76.449997,PM2.5,17181
54.680000,68.290001,28.250000,23.600000,1.260000,32.009998,-0.400000,2.710000,266.959991,83.629997,82990.578125,34.47,105.58,74.599998,PM2.5,17182
49.570000,61.180000,26.590000,22.930000,1.250000,30.980000,-1.520000,1.910000,267.700012,77.709999,84544.546875,34.47,105.74,68.212502,PM2.5,17183
47.599998,57.910000,25.780001,21.830000,1.270000,30.600000,-2.720000,1.950000,268.290009,71.839996,85787.273438,34.47,105.91,65.750000,PM2.5,17184
47.130001,56.750000,25.879999,21.580000,1.330000,30.980000,-4.880000,2.990000,266.459991,76.400002,84203.351562,34.47,106.07,65.162498,PM2.5,17185
47.660000,56.590000,27.520000,22.940001,1.440000,29.870001,-5.540000,2.350000,263.459991,88.599998,82397.843750,34.47,106.24,65.824997,PM2.5,17186
48.410000,57.520000,26.510000,24.459999,1.640000,25.180000,-4.430000,0.680000,263.100006,92.489998,84356.453125,34.47,106.4,66.762497,PM2.5,17187
48.779999,57.930000,27.299999,25.620001,1.740000,22.889999,-4.150000,-0.360000,264.980011,90.059998,87290.921875,34.47,106.57,67.224998,PM2.5,17188
1.380000,1.770000,0.200000,0.400000,0.130000,72.059998,9.760000,-0.650000,270.359985,31.959999,65219.039062,34.58,102.11,3.250000,CO,17419
1.740000,2.310000,0.260000,0.540000,0.140000,71.320000,9.180000,0.140000,271.489990,30.070000,66215.187500,34.58,102.27,3.500000,CO,17420
7.740000,11.350000,1.890000,1.950000,0.270000,68.790001,7.910000,0.310000,271.529999,31.690001,66498.117188,34.59,102.44,11.350000,PM10,17421
19.950001,30.730000,5.180000,5.490000,0.520000,64.290001,6.100000,-0.010000,271.299988,36.529999,66850.156250,34.59,102.6,30.730000,PM10,17422
29.160000,46.560001,7.810000,8.650000,0.710000,60.160000,4.280000,0.070000,270.959991,41.310001,67266.382812,34.59,102.77,46.560001,PM10,17423
35.340000,56.700001,9.570000,10.730000,0.830000,57.700001,2.870000,0.350000,270.799988,45.660000,68029.726562,34.6,102.93,53.349998,PM10,17424
41.810001,65.580002,12.080000,12.850000,0.960000,55.209999,0.860000,0.190000,270.820007,49.209999,69142.156250,34.6,103.1,58.512501,PM2.5,17425
47.830002,72.529999,15.000000,14.770000,1.100000,52.680000,-1.060000,0.470000,270.260010,53.880001,70092.851562,34.6,103.27,66.037506,PM2.5,17426
51.049999,73.650002,17.760000,15.800000,1.190000,51.220001,-1.830000,-0.420000,269.320007,58.869999,70972.593750,34.6,103.43,70.062500,PM2.5,17427
58.000000,79.160004,20.350000,16.360001,1.280000,49.200001,-2.500000,-2.570000,267.339996,69.370003,71546.406250,34.6,103.6,78.750000,PM2.5,17428
55.860001,73.250000,19.180000,13.540000,1.170000,50.279999,-2.830000,-1.930000,266.739990,74.010002,72140.773438,34.61,103.76,76.074997,PM2.5,17429
53.680000,68.550003,17.330000,11.810000,1.080000,50.230000,-3.000000,-0.680000,267.089996,71.279999,72522.062500,34.61,103.93,73.349998,PM2.5,17430
55.209999,69.739998,18.020000,11.980000,1.070000,48.080002,-2.510000,-0.040000,266.059998,74.320000,71834.117188,34.61,104.09,75.262497,PM2.5,17431
54.630001,68.959999,18.070000,12.020000,1.050000,46.470001,-0.590000,0.430000,265.160004,78.940002,71868.773438,34.61,104.26,74.537498,PM2.5,17432
54.790001,69.389999,19.709999,12.530000,1.080000,43.220001,0.320000,0.210000,266.010010,76.750000,74279.093750,34.61,104.42,74.737503,PM2.5,17433
55.430000,70.279999,23.530001,14.750000,1.160000,39.060001,0.310000,-1.980000,266.899994,73.809998,77162.031250,34.61,104.59,75.537498,PM2.5,17434
53.740002,68.650002,24.870001,15.080000,1.160000,37.509998,-0.190000,0.710000,267.880005,69.080002,78699.257812,34.61,104.75,73.425003,PM2.5,17435
53.330002,68.389999,27.480000,16.290001,1.160000,36.650002,-0.890000,3.930000,266.850006,74.970001,79263.117188,34.61,104.92,72.912506,PM2.5,17436
54.630001,69.800003,28.830000,17.799999,1.190000,35.930000,0.470000,4.050000,266.359985,76.809998,79139.929688,34.61,105.08,74.537498,PM2.5,17437
55.599998,69.720001,30.879999,18.850000,1.240000,35.650002,1.540000,3.430000,267.179993,74.239998,80653.890625,34.61,105.25,75.750000,PM2.5,17438
58.509998,73.180000,29.389999,21.500000,1.300000,33.419998,-0.120000,3.270000,268.209991,74.489998,83466.046875,34.61,105.41,79.387497,PM2.5,17439
58.650002,72.260002,32.970001,28.570000,1.380000,28.180000,-2.430000,2.260000,268.000000,76.699997,84641.820312,34.61,105.58,79.562500,PM2.5,17440
53.410000,64.970001,30.920000,28.010000,1.380000,27.629999,-3.440000,1.310000,268.040009,73.709999,85805.906250,34.61,105.74,73.012497,PM2.5,17441
50.959999,61.419998,28.700001,25.590000,1.370000,28.299999,-4.110000,1.230000,268.179993,70.459999,86525.132812,34.61,105.91,69.949997,PM2.5,17442
49.369999,59.150002,26.620001,22.889999,1.370000,29.940001,-5.380000,2.480000,266.420013,75.919998,84935.109375,34.61,106.07,67.962502,PM2.5,17443
49.189999,58.470001,27.469999,22.700001,1.420000,30.170000,-5.770000,3.220000,264.329987,85.500000,83353.382812,34.61,106.24,67.737495,PM2.5,17444
1.470000,1.880000,0.210000,0.460000,0.130000,70.500000,9.090000,-0.460000,267.480011,37.169998,63019.089844,34.71,101.94,3.250000,CO,17675
1.670000,2.180000,0.230000,0.450000,0.140000,70.849998,10.070000,-0.530000,268.510010,34.770000,63732.351562,34.72,102.1,3.500000,CO,17676
3.590000,5.130000,0.690000,0.900000,0.180000,69.889999,9.360000,-0.470000,269.940002,32.279999,64922.648438,34.72,102.27,5.130000,PM10,17677
13.080000,19.900000,3.040000,3.200000,0.360000,66.680000,7.400000,-0.240000,270.820007,33.520000,66114.296875,34.72,102.44,19.900000,PM10,17678
22.340000,35.279999,5.440000,6.310000,0.550000,62.000000,4.840000,-0.140000,270.910004,38.520000,67022.640625,34.73,102.6,35.279999,PM10,17679
32.619999,52.590000,8.250000,10.340000,0.770000,58.009998,2.670000,0.080000,270.600006,44.750000,67819.523438,34.73,102.77,51.294998,PM10,17680
38.099998,61.540001,9.950000,12.590000,0.870000,56.770000,1.120000,0.120000,270.429993,49.360001,68759.687500,34.73,102.93,55.770000,PM10,17681
44.150002,70.940002,12.160000,14.580000,0.980000,55.750000,-0.240000,-0.110000,270.079987,51.980000,69149.781250,34.73,103.1,61.437500,PM2.5,17682
52.040001,82.570000,14.940000,17.209999,1.130000,53.900002,-0.760000,-0.180000,269.709991,53.560001,69248.781250,34.74,103.26,71.300003,PM2.5,17683
57.360001,88.760002,17.459999,18.639999,1.220000,52.000000,-0.830000,-1.480000,268.420013,58.410000,69313.906250,34.74,103.43,77.949997,PM2.5,17684
62.980000,93.519997,19.650000,18.750000,1.300000,49.580002,-1.410000,-2.420000,266.350006,70.790001,70429.656250,34.74,103.59,84.974998,PM2.5,17685
60.630001,85.419998,19.100000,15.650000,1.210000,50.490002,-2.320000,-1.570000,266.329987,74.400002,72007.960938,34.74,103.76,82.037498,PM2.5,17686
56.560001,76.629997,17.139999,13.160000,1.110000,51.020000,-2.070000,-1.080000,266.750000,68.639999,70725.476562,34.74,103.92,76.950005,PM2.5,17687
56.290001,73.089996,17.139999,12.390000,1.080000,50.279999,0.210000,-0.500000,265.480011,73.019997,69355.343750,34.74,104.09,76.612503,PM2.5,17688
57.139999,72.519997,17.920000,12.270000,1.090000,47.150002,1.170000,-0.490000,265.779999,74.970001,72125.101562,34.75,104.26,77.675003,PM2.5,17689
59.360001,74.559998,20.799999,13.790000,1.180000,42.150002,-0.390000,-1.530000,266.149994,76.940002,75904.687500,34.75,104.42,80.449997,PM2.5,17690
61.189999,76.470001,25.809999,17.280001,1.320000,36.080002,-1.380000,-3.240000,266.200012,78.199997,78861.492188,34.75,104.59,82.737495,PM2.5,17691
58.779999,72.959999,26.260000,17.360001,1.280000,35.160000,-1.920000,-2.220000,268.000000,69.680000,81186.406250,34.75,104.75,79.724998,PM2.5,17692
58.169998,71.919998,27.510000,17.549999,1.240000,34.869999,-2.280000,0.670000,268.470001,69.059998,82165.500000,34.75,104.92,78.962494,PM2.5,17693
58.509998,72.269997,30.450001,20.309999,1.290000,32.540001,-1.700000,0.820000,269.000000,68.430000,83613.882812,34.75,105.08,79.387497,PM2.5,17694
59.459999,73.500000,31.200001,21.030001,1.330000,32.259998,-2.060000,1.160000,269.880005,65.330002,85270.250000,34.75,105.25,80.574997,PM2.5,17695
60.540001,74.639999,30.049999,22.549999,1.330000,31.590000,-3.140000,2.180000,269.049988,70.089996,85525.523438,34.75,105.41,81.925003,PM2.5,17696
61.070000,75.129997,32.150002,27.299999,1.400000,28.760000,-3.670000,1.870000,267.970001,75.150002,85218.117188,34.75,105.58,82.587502,PM2.5,17697
57.110001,69.559998,31.389999,27.850000,1.390000,28.010000,-4.080000,2.190000,267.230011,78.769997,85067.117188,34.75,105.74,77.637497,PM2.5,17698
54.419998,65.720001,29.680000,26.440001,1.370000,28.510000,-4.110000,2.270000,266.339996,82.209999,84424.109375,34.74,105.91,74.274994,PM2.5,17699
51.639999,61.869999,26.930000,23.070000,1.340000,30.379999,-3.960000,2.790000,265.890015,81.760002,84017.890625,34.74,106.08,70.800003,PM2.5,17700
50.580002,60.119999,27.430000,22.809999,1.370000,29.549999,-4.250000,3.030000,265.790009,81.449997,83531.953125,34.74,106.24,69.475006,PM2.5,17701
49.880001,58.660000,28.870001,22.780001,1.410000,28.860001,-4.140000,1.990000,264.299988,86.550003,80977.109375,34.74,106.41,68.599998,PM2.5,17702
2.090000,2.800000,0.330000,0.570000,0.140000,69.760002,9.680000,-0.280000,267.670013,36.279999,63219.281250,34.85,102.1,3.500000,CO,17933
4.510000,6.640000,0.930000,1.160000,0.190000,68.980003,9.480000,-0.560000,268.510010,34.560001,63883.890625,34.86,102.27,6.640000,PM10,17934
11.750000,18.170000,2.620000,3.110000,0.330000,66.089996,7.910000,-0.450000,269.440002,34.799999,64953.160156,34.86,102.43,18.170000,PM10,17935
22.200001,34.980000,5.160000,6.860000,0.540000,60.980000,4.780000,-0.370000,269.820007,40.040001,66151.210938,34.86,102.6,34.980000,PM10,17936
35.150002,56.799999,9.290000,12.780000,0.820000,56.680000,2.190000,-0.400000,269.720001,47.009998,67482.203125,34.86,102.76,53.400002,PM10,17937
39.639999,64.050003,10.840000,15.240000,0.900000,56.130001,0.580000,-0.740000,269.730011,50.360001,68716.281250,34.87,102.93,57.025002,PM10,17938
40.259998,66.269997,10.900000,15.200000,0.890000,56.610001,0.410000,-0.410000,269.420013,49.139999,67892.546875,34.87,103.09,58.134998,PM10,17939
41.730000,69.430000,11.980000,15.600000,0.910000,56.310001,2.340000,-0.350000,268.670013,49.799999,66661.476562,34.87,103.26,59.715000,PM10,17940
50.770000,84.089996,15.540000,18.059999,1.040000,53.180000,2.590000,-0.850000,267.709991,55.290001,67019.273438,34.87,103.43,69.712502,PM2.5,17941
59.860001,96.889999,19.240000,19.510000,1.170000,50.680000,0.610000,-2.110000,266.739990,65.669998,69972.867188,34.88,103.59,81.074997,PM2.5,17942
63.599998,95.860001,21.080000,18.209999,1.210000,49.240002,-1.300000,-1.020000,267.149994,69.690002,73050.671875,34.88,103.76,85.750000,PM2.5,17943
59.139999,85.519997,19.000000,15.170000,1.130000,49.689999,-0.840000,-0.250000,266.700012,68.620003,71199.953125,34.88,103.92,80.175003,PM2.5,17944
57.770000,79.199997,18.260000,13.700000,1.120000,49.360001,1.310000,0.340000,265.700012,72.029999,69880.609375,34.88,104.09,78.462502,PM2.5,17945
60.619999,79.980003,21.100000,15.280000,1.250000,44.259998,0.430000,-1.060000,266.089996,74.019997,74008.937500,34.88,104.25,82.025002,PM2.5,17946
63.480000,81.639999,26.290001,19.629999,1.450000,36.790001,-1.690000,-1.880000,265.630005,79.790001,77670.671875,34.88,104.42,85.599998,PM2.5,17947
62.740002,79.199997,27.830000,20.299999,1.440000,35.200001,-2.350000,-2.420000,265.709991,80.029999,79447.453125,34.88,104.59,84.675003,PM2.5,17948
58.970001,72.629997,27.480000,20.090000,1.330000,35.419998,-3.310000,-2.650000,266.380005,76.540001,80650.656250,34.88,104.75,79.962502,PM2.5,17949
58.340000,71.150002,28.900000,21.280001,1.330000,34.150002,-3.750000,-2.010000,266.290009,78.309998,81163.781250,34.88,104.92,79.175003,PM2.5,17950
58.759998,71.660004,32.500000,23.250000,1.350000,33.160000,-3.980000,-1.670000,267.540009,74.889999,83527.007812,34.88,105.08,79.699997,PM2.5,17951
58.840000,71.599998,29.660000,21.840000,1.330000,33.599998,-4.530000,0.060000,268.519989,71.099998,84963.343750,34.88,105.25,79.800003,PM2.5,17952
59.310001,72.309998,28.430000,22.070000,1.320000,32.700001,-4.120000,1.320000,267.600006,76.300003,84285.960938,34.88,105.41,80.387505,PM2.5,17953
60.060001,74.139999,27.879999,23.610001,1.370000,30.590000,-3.380000,1.750000,267.359985,77.779999,84485.257812,34.88,105.58,81.325005,PM2.5,17954
58.419998,71.580002,27.760000,23.570000,1.320000,30.389999,-3.210000,2.870000,266.869995,79.989998,84146.570312,34.88,105.75,79.274994,PM2.5,17955
57.189999,69.449997,27.500000,23.270000,1.320000,30.879999,-3.130000,3.520000,265.730011,86.290001,83021.117188,34.88,105.91,77.737495,PM2.5,17956
54.900002,66.190002,27.420000,23.120001,1.330000,30.600000,-3.050000,3.540000,265.910004,84.959999,83132.046875,34.88,106.08,74.875000,PM2.5,17957
52.910000,63.150002,27.459999,22.320000,1.340000,30.090000,-3.410000,2.720000,265.820007,83.459999,82162.453125,34.88,106.24,72.387497,PM2.5,17958
51.520000,60.560001,29.389999,22.430000,1.390000,29.309999,-2.900000,2.050000,263.470001,89.779999,79116.578125,34.88,106.41,70.650002,PM2.5,17959
6.790000,9.940000,1.550000,1.840000,0.220000,67.199997,9.140000,0.070000,268.829987,34.110001,64486.750000,34.99,102.26,9.940000,PM10,18191
12.890000,19.889999,2.950000,3.880000,0.340000,63.779999,6.520000,-0.390000,269.380005,36.099998,65457.089844,34.99,102.43,19.889999,PM10,18192
21.910000,35.029999,5.370000,7.580000,0.510000,59.639999,3.300000,-0.690000,268.500000,43.869999,65559.046875,35.0,102.59,35.029999,PM10,18193
37.150002,60.849998,10.870000,14.740000,0.810000,55.450001,1.350000,-1.260000,268.269989,51.060001,67338.101562,35.0,102.76,55.424999,PM10,18194
39.430000,64.209999,12.640000,16.930000,0.850000,56.680000,-0.060000,-1.480000,269.100006,50.270000,68859.796875,35.0,102.93,57.105000,PM10,18195
38.790001,63.900002,11.250000,15.720000,0.820000,57.490002,0.700000,0.020000,268.549988,48.950001,66877.843750,35.01,103.09,56.950001,PM10,18196
43.610001,73.070000,13.050000,16.889999,0.890000,56.340000,3.990000,0.370000,267.130005,51.209999,65137.039062,35.01,103.26,61.535000,PM10,18197
53.180000,90.330002,17.430000,19.209999,1.030000,53.880001,4.060000,-0.380000,266.579987,57.259998,66242.437500,35.01,103.42,72.724998,PM2.5,18198
62.049999,105.199997,21.950001,21.090000,1.140000,50.049999,0.800000,-2.770000,266.950012,63.770000,70544.640625,35.01,103.59,83.812500,PM2.5,18199
65.080002,104.379997,24.049999,20.570000,1.190000,48.349998,-0.930000,-1.530000,267.890015,66.760002,74632.476562,35.01,103.75,87.600006,PM2.5,18200
62.459999,95.959999,22.700001,18.090000,1.170000,48.730000,-0.950000,-0.060000,267.119995,69.760002,73959.007812,35.02,103.92,84.324997,PM2.5,18201
62.810001,90.550003,24.059999,18.180000,1.300000,44.680000,-1.350000,0.310000,266.029999,73.779999,73994.656250,35.02,104.09,84.762505,PM2.5,18202
63.689999,87.620003,26.340000,19.799999,1.430000,39.759998,-2.200000,-1.270000,265.540009,78.360001,77206.906250,35.02,104.25,85.862495,PM2.5,18203
62.490002,82.430000,27.110001,19.459999,1.430000,37.520000,-2.420000,-1.730000,265.690002,79.449997,79299.390625,35.02,104.42,84.362503,PM2.5,18204
61.349998,78.519997,28.190001,19.400000,1.410000,36.250000,-2.580000,-2.130000,265.959991,77.570000,80314.328125,35.02,104.58,82.937500,PM2.5,18205
58.110001,71.730003,27.879999,19.230000,1.310000,36.119999,-3.340000,-1.900000,265.670013,78.580002,80393.976562,35.02,104.75,78.887497,PM2.5,18206
57.290001,69.739998,28.799999,20.209999,1.300000,34.810001,-3.560000,-1.250000,265.070007,82.150002,80141.523438,35.02,104.92,77.862503,PM2.5,18207
56.910000,68.830002,29.280001,20.520000,1.310000,34.349998,-3.660000,-1.050000,265.829987,80.180000,81481.476562,35.02,105.08,77.387497,PM2.5,18208
56.560001,68.010002,27.530001,20.350000,1.290000,34.020000,-3.890000,0.030000,266.269989,79.360001,82183.843750,35.02,105.25,76.950005,PM2.5,18209
57.669998,69.760002,26.410000,21.180000,1.310000,32.419998,-3.370000,1.010000,265.959991,82.419998,82261.773438,35.02,105.42,78.337494,PM2.5,18210
58.490002,71.769997,25.860001,22.450001,1.330000,30.469999,-2.640000,1.710000,266.500000,82.379997,83431.796875,35.02,105.58,79.362503,PM2.5,18211
58.570000,72.160004,26.690001,22.549999,1.320000,30.230000,-2.250000,2.570000,266.880005,79.220001,83850.890625,35.02,105.75,79.462502,PM2.5,18212
58.410000,71.800003,27.070000,22.379999,1.320000,30.740000,-2.230000,3.340000,266.709991,80.279999,83497.929688,35.02,105.91,79.262497,PM2.5,18213
57.119999,69.680000,27.389999,22.270000,1.320000,30.930000,-2.640000,3.600000,266.670013,81.459999,82969.781250,35.02,106.08,77.650002,PM2.5,18214
54.650002,65.480003,26.950001,21.299999,1.310000,31.280001,-2.710000,3.120000,264.899994,87.029999,79940.203125,35.01,106.25,74.562500,PM2.5,18215
53.220001,62.490002,29.480000,22.629999,1.380000,29.049999,-1.620000,2.730000,262.769989,92.070000,77730.921875,35.01,106.41,72.775002,PM2.5,18216
50.740002,57.790001,26.850000,20.889999,1.830000,27.730000,-0.450000,0.520000,265.910004,90.900002,87888.601562,35.0,107.24,69.675003,PM2.5,18221
50.340000,57.340000,25.670000,19.750000,1.790000,30.320000,-1.500000,0.930000,266.149994,90.279999,88237.562500,35.0,107.41,69.175003,PM2.5,18222
50.160000,57.139999,25.370001,19.709999,1.780000,31.500000,-1.730000,1.100000,266.200012,90.940002,88575.742188,34.99,107.57,68.949997,PM2.5,18223
49.849998,56.779999,26.420000,20.299999,1.780000,32.770000,-1.980000,1.280000,266.279999,90.279999,88839.546875,34.99,107.74,68.562500,PM2.5,18224
19.120001,29.500000,4.390000,6.040000,0.420000,60.209999,2.980000,-0.770000,269.380005,39.369999,66757.523438,35.13,102.42,29.500000,PM10,18445
31.309999,51.430000,8.090000,11.140000,0.650000,55.790001,0.300000,-0.750000,267.579987,49.130001,66392.953125,35.13,102.59,50.715000,PM10,18446
41.459999,68.400002,12.610000,16.150000,0.840000,54.250000,-0.460000,-1.420000,266.880005,56.549999,68043.203125,35.14,102.76,59.200001,PM10,18447
44.139999,72.809998,15.020000,18.350000,0.880000,55.299999,-1.230000,-1.390000,267.390015,54.480000,68189.953125,35.14,102.92,61.424999,PM2.5,18448
46.910000,78.160004,15.810000,18.160000,0.910000,55.290001,1.000000,0.890000,266.320007,55.360001,65508.980469,35.14,103.09,64.887497,PM2.5,18449
52.740002,89.300003,18.620001,20.290001,1.000000,53.439999,3.870000,0.650000,265.679993,59.700001,65659.890625,35.14,103.25,72.175003,PM2.5,18450
57.570000,98.510002,22.360001,21.540001,1.060000,51.130001,2.840000,-1.020000,265.899994,64.629997,68381.617188,35.15,103.42,78.212502,PM2.5,18451
64.919998,110.739998,26.930000,23.620001,1.160000,48.369999,0.770000,-2.330000,266.489990,68.489998,72347.539062,35.15,103.59,87.399994,PM2.5,18452
72.370003,116.620003,31.270000,25.270000,1.360000,44.790001,-1.050000,-1.720000,267.450012,68.480003,75890.960938,35.15,103.75,96.712502,PM2.5,18453
66.360001,103.260002,28.969999,22.389999,1.310000,43.880001,-2.830000,-0.450000,266.989990,69.949997,76619.539062,35.15,103.92,89.199997,PM2.5,18454
62.369999,92.070000,27.219999,20.350000,1.340000,42.189999,-3.310000,-0.190000,265.510010,76.769997,77067.109375,35.15,104.09,84.212502,PM2.5,18455
61.110001,86.750000,26.730000,19.450001,1.380000,40.810001,-2.890000,-1.330000,265.059998,79.500000,78358.171875,35.15,104.25,82.637497,PM2.5,18456
60.669998,82.849998,27.080000,19.059999,1.420000,38.680000,-2.870000,-2.010000,265.149994,78.629997,78829.101562,35.15,104.42,82.087494,PM2.5,18457
59.770000,78.680000,27.639999,18.830000,1.390000,37.400002,-2.940000,-2.360000,264.839996,80.059998,79229.476562,35.16,104.58,80.962502,PM2.5,18458
57.270000,72.089996,27.850000,18.680000,1.300000,36.759998,-3.000000,-1.970000,264.940002,79.900002,79849.570312,35.16,104.75,77.837502,PM2.5,18459
56.310001,69.440002,28.629999,19.440001,1.280000,35.500000,-3.080000,-1.200000,264.730011,81.290001,79842.351562,35.16,104.92,76.637505,PM2.5,18460
55.669998,67.680000,27.770000,19.170000,1.300000,35.009998,-2.940000,-0.780000,264.750000,82.099998,80045.203125,35.16,105.08,75.837494,PM2.5,18461
55.090000,66.110001,26.070000,18.799999,1.280000,34.740002,-2.590000,0.190000,264.880005,82.860001,80355.882812,35.16,105.25,75.112503,PM2.5,18462
55.959999,67.389999,25.059999,19.940001,1.290000,32.849998,-2.160000,0.900000,265.190002,83.040001,81141.023438,35.16,105.42,76.199997,PM2.5,18463
57.750000,70.480003,24.410000,21.190001,1.320000,30.650000,-1.910000,1.520000,266.059998,83.230003,82790.890625,35.15,105.58,78.437500,PM2.5,18464
58.340000,71.629997,25.650000,20.980000,1.320000,30.639999,-1.460000,1.830000,266.869995,79.070000,83758.218750,35.15,105.75,79.175003,PM2.5,18465
58.020000,71.230003,26.090000,20.700001,1.310000,31.559999,-1.050000,2.290000,267.250000,77.339996,83713.328125,35.15,105.91,78.775002,PM2.5,18466
57.439999,70.120003,26.680000,21.120001,1.310000,31.459999,-1.230000,3.010000,266.779999,80.379997,82344.898438,35.15,106.08,78.049995,PM2.5,18467
54.810001,65.489998,27.370001,19.950001,1.260000,32.660000,-1.160000,3.410000,264.510010,88.239998,78669.218750,35.15,106.25,74.762505,PM2.5,18468
53.660000,63.380001,29.230000,22.230000,1.350000,29.500000,-0.880000,3.200000,263.190002,90.949997,77791.406250,35.15,106.41,73.324997,PM2.5,18469
54.930000,65.370003,31.209999,28.370001,1.530000,23.049999,-1.090000,2.450000,263.410004,89.000000,82327.906250,35.15,106.58,74.912498,PM2.5,18470
55.110001,64.889999,30.379999,26.540001,1.650000,23.770000,-0.510000,1.410000,264.630005,86.720001,85847.976562,35.14,106.75,75.137497,PM2.5,18471
54.990002,63.610001,28.879999,26.299999,1.840000,21.809999,0.360000,1.050000,264.899994,89.620003,86608.656250,35.14,106.91,74.987503,PM2.5,18472
53.849998,60.799999,28.200001,24.139999,1.950000,23.360001,0.030000,0.770000,265.279999,91.010002,86979.382812,35.14,107.08,73.562500,PM2.5,18473
53.459999,60.009998,27.680000,21.610001,1.930000,27.490000,-1.190000,1.010000,265.660004,91.690002,87386.390625,35.14,107.24,73.074997,PM2.5,18474
53.509998,59.810001,27.100000,21.990000,1.960000,28.459999,-1.950000,1.120000,265.730011,91.839996,87747.281250,35.13,107.41,73.137497,PM2.5,18475
53.500000,59.680000,28.299999,23.420000,2.010000,28.549999,-1.870000,0.850000,265.899994,92.419998,88297.679688,35.13,107.58,73.125000,PM2.5,18476
22.010000,33.570000,4.870000,6.550000,0.440000,58.669998,1.480000,-1.300000,268.579987,43.509998,67284.781250,35.27,102.42,33.570000,PM10,18697
36.090000,59.500000,9.390000,12.380000,0.710000,55.840000,-0.770000,-0.730000,267.350006,50.830002,67550.039062,35.27,102.59,54.750000,PM10,18698
48.060001,79.580002,14.820000,17.660000,0.910000,53.169998,-1.030000,-1.360000,265.959991,59.939999,68382.398438,35.27,102.75,66.325005,PM2.5,18699
51.759998,86.099998,18.469999,20.070000,0.970000,52.549999,-0.720000,-0.150000,265.220001,64.639999,68614.367188,35.28,102.92,70.949997,PM2.5,18700
62.770000,105.900002,26.090000,23.080000,1.140000,51.880001,1.070000,0.860000,265.260010,64.919998,67815.062500,35.28,103.08,84.712502,PM2.5,18701
66.720001,114.400002,28.360001,25.330000,1.180000,50.189999,1.520000,-0.550000,266.119995,66.040001,70420.609375,35.28,103.25,89.650002,PM2.5,18702
70.480003,122.059998,32.490002,27.440001,1.230000,47.730000,0.100000,-1.250000,266.670013,68.510002,74035.257812,35.28,103.42,94.350006,PM2.5,18703
78.370003,131.100006,37.529999,30.240000,1.420000,44.150002,-0.680000,-1.020000,266.950012,69.809998,76041.523438,35.28,103.58,104.212502,PM2.5,18704
75.040001,121.410004,35.360001,28.290001,1.430000,41.990002,-1.950000,-0.530000,267.299988,69.800003,77569.726562,35.29,103.75,100.050003,PM2.5,18705
67.099998,104.610001,31.830000,24.280001,1.350000,41.310001,-3.490000,0.290000,266.600006,72.070000,77852.906250,35.29,103.92,90.125000,PM2.5,18706
59.950001,88.660004,28.070000,20.139999,1.320000,41.099998,-3.900000,-0.010000,265.160004,77.889999,77275.843750,35.29,104.08,81.187500,PM2.5,18707
59.080002,85.260002,26.959999,19.360001,1.380000,40.430000,-3.330000,-1.170000,264.459991,80.370003,76977.421875,35.29,104.25,80.100006,PM2.5,18708
58.750000,82.040001,27.330000,18.719999,1.400000,38.970001,-2.510000,-1.500000,263.920013,82.339996,77013.367188,35.29,104.42,79.687500,PM2.5,18709
58.560001,79.250000,27.820000,18.610001,1.380000,37.720001,-2.130000,-1.160000,263.929993,82.989998,78048.843750,35.29,104.58,79.450005,PM2.5,18710
56.689999,73.239998,27.959999,18.490000,1.310000,36.939999,-2.580000,-0.940000,264.440002,80.989998,79092.203125,35.29,104.75,77.112495,PM2.5,18711
55.810001,70.180000,28.459999,18.889999,1.290000,35.820000,-2.640000,-0.560000,264.000000,82.830002,78579.632812,35.29,104.92,76.012505,PM2.5,18712
55.020000,67.620003,27.059999,18.280001,1.310000,35.330002,-1.820000,-0.070000,263.739990,84.330002,78533.132812,35.29,105.08,75.025002,PM2.5,18713
54.169998,65.269997,25.100000,17.969999,1.270000,34.980000,-1.240000,0.560000,264.220001,83.320000,79398.382812,35.29,105.25,73.962494,PM2.5,18714
54.349998,65.449997,23.580000,18.920000,1.270000,33.130001,-1.200000,0.810000,264.899994,82.120003,80674.453125,35.29,105.42,74.187500,PM2.5,18715
57.189999,69.610001,23.809999,19.629999,1.290000,31.660000,-1.390000,1.240000,265.899994,82.389999,82418.078125,35.29,105.58,77.737495,PM2.5,18716
57.820000,70.320000,24.350000,19.830000,1.320000,31.090000,-1.100000,1.460000,266.329987,82.239998,83016.992188,35.29,105.75,78.525002,PM2.5,18717
57.750000,70.000000,24.760000,19.490000,1.300000,32.139999,-0.650000,1.780000,266.459991,82.139999,82605.453125,35.29,105.92,78.437500,PM2.5,18718
56.680000,68.629997,25.170000,19.980000,1.290000,32.270000,-0.390000,2.430000,265.489990,86.150002,80629.992188,35.29,106.08,77.099998,PM2.5,18719
54.910000,65.820000,25.350000,20.010000,1.250000,32.110001,-0.360000,2.830000,263.920013,90.589996,78170.312500,35.29,106.25,74.887497,PM2.5,18720
53.889999,64.110001,27.200001,23.160000,1.360000,28.370001,-1.190000,2.700000,263.559998,89.639999,79289.750000,35.28,106.42,73.612503,PM2.5,18721
55.250000,65.809998,30.000000,27.660000,1.500000,24.330000,-1.420000,2.500000,263.489990,87.949997,82580.898438,35.28,106.58,75.312500,PM2.5,18722
56.720001,66.760002,30.030001,27.420000,1.630000,23.270000,-0.230000,1.570000,264.350006,87.400002,85287.453125,35.28,106.75,77.150002,PM2.5,18723
56.759998,65.349998,29.510000,26.360001,1.850000,22.459999,0.410000,0.930000,265.489990,87.129997,87096.351562,35.28,106.92,77.199997,PM2.5,18724
56.270000,63.209999,29.330000,23.510000,2.010000,25.020000,-0.420000,0.760000,265.760010,90.010002,87415.023438,35.28,107.08,76.587502,PM2.5,18725
56.450001,62.830002,28.510000,22.190001,2.080000,27.459999,-1.520000,1.320000,265.630005,91.330002,87337.148438,35.27,107.25,76.812500,PM2.5,18726
56.270000,62.250000,28.440001,22.580000,2.140000,28.520000,-1.760000,1.390000,265.700012,91.470001,87722.617188,35.27,107.41,76.587502,PM2.5,18727
55.759998,61.599998,30.160000,23.730000,2.190000,28.940001,-1.710000,1.200000,265.929993,92.190002,88289.203125,35.27,107.58,75.949997,PM2.5,18728
54.500000,60.540001,33.799999,24.150000,2.220000,32.130001,-1.340000,1.400000,267.049988,92.269997,90218.046875,35.26,107.91,74.375000,PM2.5,18730
19.889999,28.500000,4.150000,5.510000,0.360000,58.910000,2.140000,-1.910000,267.700012,46.610001,67097.406250,35.4,102.42,28.500000,PM10,18946
30.600000,48.450001,6.860000,9.400000,0.570000,57.799999,1.500000,-1.590000,267.589996,45.880001,66551.757812,35.41,102.58,48.450001,PM10,18947
53.720001,87.809998,15.730000,18.450001,0.950000,52.930000,1.620000,-0.690000,265.390015,59.009998,66691.492188,35.41,102.75,73.400002,PM2.5,18948
67.519997,114.019997,25.650000,26.510000,1.170000,50.369999,0.360000,0.220000,265.339996,69.220001,71214.476562,35.41,102.92,90.649994,PM2.5,18949
89.290001,155.490005,42.340000,42.099998,1.490000,42.680000,-0.350000,-1.200000,266.399994,68.980003,74975.000000,35.41,103.08,117.862503,PM2.5,18950
91.089996,159.089996,46.610001,37.950001,1.520000,43.040001,-0.580000,-0.950000,266.779999,69.870003,76463.312500,35.42,103.25,120.112495,PM2.5,18951
83.919998,145.169998,44.240002,34.060001,1.480000,42.740002,-1.360000,-0.670000,267.269989,69.709999,77567.453125,35.42,103.42,111.149994,PM2.5,18952
78.699997,133.789993,41.869999,32.430000,1.470000,40.799999,-1.780000,-0.710000,267.649994,69.440002,78424.382812,35.42,103.58,104.625000,PM2.5,18953
72.699997,119.580002,37.810001,29.010000,1.430000,39.540001,-2.470000,0.420000,268.019989,67.779999,79390.007812,35.42,103.75,97.125000,PM2.5,18954
64.870003,102.500000,32.540001,24.190001,1.370000,39.630001,-3.750000,0.580000,267.170013,69.449997,78794.843750,35.42,103.92,87.337502,PM2.5,18955
57.099998,85.080002,28.139999,19.570000,1.330000,40.070000,-4.170000,-0.350000,265.459991,74.870003,76910.750000,35.42,104.08,77.625000,PM2.5,18956
57.020000,83.099998,26.980000,19.030001,1.380000,40.040001,-2.950000,-0.440000,264.250000,79.269997,75858.328125,35.43,104.25,77.525002,PM2.5,18957
56.840000,80.459999,27.200001,18.370001,1.380000,38.919998,-1.390000,0.110000,264.079987,80.489998,76683.890625,35.43,104.42,77.300003,PM2.5,18958
57.209999,79.349998,27.840000,18.400000,1.370000,37.869999,-1.200000,0.090000,264.570007,79.750000,78692.351562,35.43,104.58,77.762497,PM2.5,18959
55.880001,74.290001,28.280001,18.340000,1.310000,36.900002,-1.800000,0.130000,264.839996,78.660004,79326.382812,35.43,104.75,76.099998,PM2.5,18960
55.020000,70.820000,28.629999,18.690001,1.290000,35.919998,-1.710000,0.810000,264.339996,80.470001,78520.812500,35.43,104.92,75.025002,PM2.5,18961
54.090000,67.540001,26.780001,17.410000,1.280000,35.970001,-1.010000,1.270000,264.100006,82.190002,78706.609375,35.43,105.08,73.862503,PM2.5,18962
53.250000,64.559998,24.459999,16.900000,1.240000,35.709999,-0.740000,1.230000,264.320007,82.019997,79533.062500,35.43,105.25,72.812500,PM2.5,18963
52.880001,63.639999,23.090000,17.389999,1.220000,34.410000,-0.720000,0.980000,264.720001,81.489998,80410.109375,35.43,105.42,72.349998,PM2.5,18964
56.590000,68.870003,23.170000,18.340000,1.270000,32.419998,-0.850000,1.240000,265.640015,82.449997,81906.898438,35.43,105.58,76.987503,PM2.5,18965
56.840000,68.680000,23.670000,17.790001,1.260000,33.029999,-0.780000,1.580000,266.049988,83.459999,82442.453125,35.43,105.75,77.300003,PM2.5,18966
56.360001,67.879997,23.660000,17.360001,1.220000,34.200001,-0.630000,2.000000,265.809998,84.800003,81559.796875,35.42,105.92,76.699997,PM2.5,18967
55.209999,65.550003,28.120001,27.580000,1.490000,24.200001,-1.240000,2.180000,263.750000,86.379997,83023.500000,35.42,106.58,75.262497,PM2.5,18971
58.209999,68.209999,29.740000,28.049999,1.680000,23.129999,-0.510000,1.730000,264.239990,87.709999,84697.796875,35.42,106.75,79.012497,PM2.5,18972
59.150002,67.540001,30.549999,27.000000,1.950000,22.500000,-0.250000,1.020000,265.390015,88.209999,86743.820312,35.41,106.92,80.187500,PM2.5,18973
59.430000,66.510002,30.400000,24.270000,2.150000,25.209999,-0.810000,0.870000,265.929993,90.180000,87597.867188,35.41,107.08,80.537498,PM2.5,18974
60.410000,66.750000,30.230000,23.320000,2.320000,27.330000,-1.510000,1.420000,265.750000,91.529999,87580.703125,35.41,107.25,81.762497,PM2.5,18975
60.490002,66.320000,29.730000,22.790001,2.460000,29.040001,-1.680000,1.300000,265.920013,91.540001,88060.117188,35.41,107.42,81.862503,PM2.5,18976
58.889999,64.529999,29.670000,21.500000,2.470000,31.290001,-1.700000,0.980000,266.269989,91.720001,88750.656250,35.4,107.58,79.862503,PM2.5,18977
57.889999,63.400002,30.510000,20.990000,2.520000,33.259998,-1.510000,1.230000,266.329987,92.389999,89031.382812,35.4,107.75,78.612503,PM2.5,18978
55.770000,61.610001,30.040001,19.250000,2.390000,36.770000,-1.620000,1.470000,266.570007,92.110001,89355.062500,35.4,107.92,75.962502,PM2.5,18979
54.090000,60.529999,30.709999,18.490000,2.230000,39.759998,-2.700000,2.350000,266.420013,87.559998,89013.343750,35.39,108.08,73.862503,PM2.5,18980
51.669998,58.790001,29.209999,16.700001,1.930000,43.060001,-4.110000,2.580000,265.649994,83.879997,87870.789062,35.39,108.25,70.837494,PM2.5,18981
50.759998,58.320000,29.400000,16.090000,1.800000,44.740002,-4.830000,2.120000,264.290009,86.410004,86228.570312,35.38,108.42,69.699997,PM2.5,18982
50.099998,58.009998,30.709999,16.070000,1.670000,45.310001,-4.240000,1.300000,262.839996,88.500000,84881.117188,35.38,108.58,68.875000,PM2.5,18983
27.389999,40.560001,6.780000,8.230000,0.480000,56.900002,3.830000,-0.210000,265.260010,50.419998,64372.738281,35.54,102.58,40.560001,PM10,19192
56.480000,89.889999,17.309999,18.190001,0.940000,52.570000,3.790000,1.080000,264.640015,59.119999,65190.000000,35.54,102.74,76.849998,PM2.5,19193
82.279999,139.880005,34.939999,36.970001,1.360000,44.189999,-0.360000,-0.790000,265.700012,68.970001,73086.117188,35.55,102.91,109.099998,PM2.5,19194
92.500000,163.679993,50.000000,48.000000,1.550000,36.830002,-1.160000,-2.700000,267.260010,72.849998,79597.953125,35.55,103.08,121.875000,PM2.5,19195
78.370003,139.100006,48.049999,39.340000,1.390000,41.200001,-1.490000,-1.020000,267.730011,70.760002,79328.117188,35.55,103.25,104.212502,PM2.5,19196
70.300003,124.110001,43.959999,32.459999,1.330000,41.459999,-2.730000,-0.410000,267.079987,71.080002,78008.726562,35.55,103.41,94.125000,PM2.5,19197
65.050003,114.070000,38.320000,29.320000,1.340000,40.299999,-2.310000,-0.840000,267.489990,69.349998,78865.843750,35.56,103.58,87.562500,PM2.5,19198
61.750000,105.620003,34.450001,25.610001,1.350000,39.689999,-2.770000,0.030000,268.619995,63.200001,79752.203125,35.56,103.75,83.437500,PM2.5,19199
59.430000,97.620003,30.940001,21.900000,1.360000,40.029999,-4.060000,-0.970000,266.869995,68.050003,77503.046875,35.56,103.91,80.537498,PM2.5,19200
55.400002,84.650002,28.110001,18.920000,1.350000,39.740002,-3.410000,-1.690000,264.769989,75.260002,75393.539062,35.56,104.08,75.500000,PM2.5,19201
55.799999,83.309998,27.400000,18.920000,1.420000,38.860001,-1.450000,-0.110000,264.709991,76.930000,76245.250000,35.56,104.25,76.000000,PM2.5,19202
55.700001,81.000000,27.530001,18.490000,1.420000,37.840000,-0.860000,0.390000,265.510010,74.599998,78345.562500,35.56,104.42,75.875000,PM2.5,19203
56.310001,80.879997,28.260000,18.820000,1.420000,36.799999,-1.160000,0.180000,265.350006,76.260002,79632.773438,35.56,104.58,76.637505,PM2.5,19204
55.099998,75.309998,28.650000,18.590000,1.340000,35.970001,-1.010000,-0.130000,265.149994,77.040001,79630.328125,35.56,104.75,75.125000,PM2.5,19205
53.980000,71.050003,29.080000,18.730000,1.300000,35.090000,-0.740000,0.190000,265.380005,75.730003,79779.929688,35.56,104.92,73.724998,PM2.5,19206
52.759998,66.680000,26.620001,17.000000,1.250000,35.709999,-0.790000,0.980000,265.320007,76.589996,80212.179688,35.56,105.08,72.199997,PM2.5,19207
52.099998,63.619999,23.840000,16.150000,1.190000,36.209999,-0.950000,1.450000,264.600006,80.430000,79853.828125,35.56,105.25,71.375000,PM2.5,19208
51.660000,62.180000,22.309999,16.299999,1.170000,35.230000,-0.640000,1.360000,264.489990,81.690002,80027.453125,35.56,105.42,70.824997,PM2.5,19209
55.680000,67.720001,22.959999,17.450001,1.240000,33.220001,-0.490000,1.450000,265.359985,82.379997,81365.117188,35.56,105.58,75.849998,PM2.5,19210
56.110001,67.620003,23.530001,16.730000,1.230000,33.730000,-0.380000,1.670000,265.910004,83.919998,82078.453125,35.56,105.75,76.387497,PM2.5,19211
56.590000,66.820000,29.900000,31.500000,1.500000,21.250000,-1.220000,1.520000,264.440002,84.120003,84112.000000,35.55,106.59,76.987503,PM2.5,19216
58.830002,68.239998,31.790001,34.700001,1.740000,18.760000,-0.910000,1.580000,264.779999,86.239998,85226.882812,35.55,106.75,79.787506,PM2.5,19217
59.630001,67.610001,32.169998,32.139999,2.000000,19.770000,-1.010000,1.420000,265.070007,88.980003,86050.281250,35.55,106.92,80.787498,PM2.5,19218
60.750000,67.690002,30.350000,24.370001,2.240000,25.549999,-1.210000,1.310000,265.630005,90.010002,87071.843750,35.55,107.09,82.187500,PM2.5,19219
62.740002,68.930000,30.059999,23.170000,2.480000,27.530001,-1.580000,1.570000,265.750000,91.470001,87582.726562,35.54,107.26,84.675003,PM2.5,19220
63.250000,69.000000,30.400000,22.830000,2.650000,29.170000,-1.840000,1.520000,265.829987,91.410004,87969.242188,35.54,107.42,85.312500,PM2.5,19221
63.860001,69.410004,33.320000,23.830000,2.850000,29.790001,-1.730000,1.110000,265.920013,91.919998,88308.789062,35.54,107.59,86.074997,PM2.5,19222
59.380001,64.839996,30.190001,19.780001,2.660000,34.369999,-1.430000,0.800000,266.029999,92.690002,88649.828125,35.53,107.76,80.474998,PM2.5,19223
55.799999,61.639999,28.680000,17.290001,2.400000,38.509998,-1.250000,0.800000,266.339996,92.059998,89307.726562,35.53,107.92,76.000000,PM2.5,19224
53.240002,59.630001,28.559999,16.830000,2.160000,40.660000,-1.690000,1.670000,266.220001,87.839996,88849.812500,35.53,108.09,72.800003,PM2.5,19225
51.009998,58.070000,28.129999,16.129999,1.890000,43.060001,-3.100000,2.130000,265.609985,83.559998,87565.656250,35.52,108.26,70.012497,PM2.5,19226
50.240002,57.730000,28.510000,15.800000,1.760000,44.619999,-4.210000,2.380000,264.260010,85.150002,85936.101562,35.52,108.42,69.050003,PM2.5,19227
49.700001,57.549999,29.480000,15.810000,1.650000,45.279999,-3.930000,2.360000,262.640015,88.139999,84648.312500,35.51,108.59,68.375000,PM2.5,19228
60.529999,96.720001,24.070000,23.059999,0.960000,48.400002,-0.040000,1.230000,265.339996,64.440002,70222.726562,35.68,102.74,81.912498,PM2.5,19438
75.989998,132.679993,37.669998,43.549999,1.290000,41.360001,-1.290000,-1.300000,265.570007,70.639999,75673.117188,35.68,102.91,101.237495,PM2.5,19439
76.720001,139.830002,47.270000,45.380001,1.370000,37.299999,-1.710000,-2.790000,267.690002,69.150002,80400.140625,35.69,103.08,102.150002,PM2.5,19440
64.250000,120.580002,44.439999,42.599998,1.250000,40.520000,-3.080000,-1.760000,267.640015,69.440002,79909.179688,35.69,103.24,86.562500,PM2.5,19441
60.419998,113.110001,40.630001,35.919998,1.240000,41.279999,-3.800000,-0.940000,266.589996,71.059998,78349.242188,35.69,103.41,81.774994,PM2.5,19442
53.080002,102.430000,35.549999,34.060001,1.210000,42.330002,-2.880000,-2.000000,267.480011,66.510002,79373.820312,35.69,103.58,76.214996,PM10,19443
53.020000,99.959999,32.570000,28.209999,1.270000,42.060001,-3.470000,-1.900000,267.880005,61.540001,78529.703125,35.69,103.75,74.979996,PM10,19444
55.430000,99.010002,30.830000,22.520000,1.350000,42.299999,-3.400000,-1.650000,265.350006,67.120003,74182.296875,35.7,103.91,75.537498,PM2.5,19445
53.389999,87.669998,28.080000,18.910000,1.360000,40.799999,-0.910000,-1.490000,264.339996,72.940002,74089.820312,35.7,104.08,72.987503,PM2.5,19446
53.040001,82.410004,27.430000,18.420000,1.430000,38.689999,-0.420000,-0.620000,265.950012,70.870003,77818.796875,35.7,104.25,72.550003,PM2.5,19447
53.820000,80.370003,27.330000,18.450001,1.470000,36.470001,-1.780000,-0.400000,266.429993,71.239998,79881.039062,35.7,104.41,73.525002,PM2.5,19448
53.970001,79.050003,27.770000,18.469999,1.430000,36.130001,-1.750000,-0.310000,265.529999,75.199997,79987.867188,35.7,104.58,73.712502,PM2.5,19449
54.020000,76.129997,28.629999,18.950001,1.360000,34.889999,-0.950000,-1.000000,265.420013,75.690002,80104.601562,35.7,104.75,73.775002,PM2.5,19450
52.950001,71.730003,29.230000,19.059999,1.310000,34.180000,-0.710000,-1.570000,266.149994,72.300003,81006.882812,35.7,104.92,72.437500,PM2.5,19451
51.560001,66.250000,26.270000,16.639999,1.240000,35.419998,-0.680000,-0.470000,265.950012,73.769997,81212.242188,35.7,105.08,70.700005,PM2.5,19452
51.020000,62.869999,23.610001,15.530000,1.170000,36.020000,-0.810000,0.820000,265.059998,78.279999,80435.593750,35.7,105.25,70.025002,PM2.5,19453
50.480000,60.950001,21.780001,15.580000,1.140000,35.680000,-0.680000,1.260000,264.820007,80.330002,80359.343750,35.7,105.42,69.349998,PM2.5,19454
53.799999,65.459999,22.530001,16.510000,1.210000,33.950001,-0.450000,1.550000,265.200012,81.910004,80965.000000,35.7,105.59,73.500000,PM2.5,19455
56.070000,65.449997,30.690001,31.350000,1.540000,21.139999,-1.190000,1.030000,264.320007,84.989998,84060.882812,35.69,106.59,76.337502,PM2.5,19461
57.820000,66.430000,31.650000,35.279999,1.770000,17.930000,-1.050000,1.180000,264.970001,86.629997,85383.656250,35.69,106.76,78.525002,PM2.5,19462
59.490002,67.139999,32.349998,33.020000,2.030000,19.430000,-1.340000,1.420000,265.269989,88.110001,86194.648438,35.69,106.92,80.612503,PM2.5,19463
61.570000,68.410004,30.450001,23.830000,2.300000,26.250000,-1.450000,1.660000,265.549988,89.769997,86891.343750,35.68,107.09,83.212502,PM2.5,19464
64.129997,70.279999,30.500000,22.860001,2.570000,28.010000,-1.660000,1.870000,265.600006,91.470001,87297.742188,35.68,107.26,86.412498,PM2.5,19465
65.230003,70.949997,31.799999,22.930000,2.790000,29.299999,-1.870000,2.000000,265.559998,91.470001,87517.953125,35.68,107.43,87.787506,PM2.5,19466
66.150002,71.620003,35.700001,24.700001,3.070000,29.290001,-1.730000,1.600000,265.359985,92.330002,87398.351562,35.67,107.59,88.937500,PM2.5,19467
59.240002,64.809998,30.650000,19.490000,2.700000,34.849998,-1.380000,0.670000,265.670013,92.830002,88235.351562,35.67,107.76,80.300003,PM2.5,19468
54.020000,60.200001,28.379999,16.879999,2.270000,39.310001,-1.420000,0.430000,266.170013,91.529999,89304.523438,35.67,107.93,73.775002,PM2.5,19469
50.810001,57.560001,27.299999,15.820000,1.920000,42.150002,-2.480000,1.190000,265.779999,87.599998,88679.406250,35.66,108.09,69.762505,PM2.5,19470
49.490002,56.680000,27.010000,15.550000,1.750000,43.840000,-4.420000,1.770000,264.829987,84.919998,87343.328125,35.66,108.26,68.112503,PM2.5,19471
49.360001,56.980000,27.250000,15.690000,1.700000,44.549999,-5.550000,2.230000,263.480011,86.830002,86179.382812,35.65,108.43,67.949997,PM2.5,19472
61.250000,98.860001,33.889999,35.549999,0.950000,39.830002,-5.150000,-0.590000,265.869995,72.760002,77165.492188,35.82,102.74,82.812500,PM2.5,19681
65.379997,114.570000,38.900002,42.509998,1.160000,39.400002,-2.980000,-1.280000,265.809998,76.629997,78645.609375,35.82,102.91,87.974998,PM2.5,19682
57.400002,108.089996,41.470001,41.169998,1.170000,38.110001,-2.450000,-2.340000,266.980011,72.489998,80337.562500,35.82,103.07,79.044998,PM10,19683
49.549999,99.110001,39.290001,37.070000,1.150000,40.009998,-3.940000,-1.900000,267.029999,71.040001,80168.273438,35.82,103.24,74.555000,PM10,19684
45.459999,94.029999,36.820000,34.020000,1.140000,41.740002,-4.970000,-1.750000,266.079987,72.220001,78782.546875,35.83,103.41,72.014999,PM10,19685
42.330002,89.830002,33.430000,30.530001,1.160000,43.169998,-5.240000,-3.320000,266.279999,69.800003,79016.296875,35.83,103.58,69.915001,PM10,19686
40.720001,86.050003,29.330000,28.389999,1.200000,44.970001,-5.370000,-3.430000,265.700012,69.459999,77520.617188,35.83,103.74,68.025002,PM10,19687
45.820000,88.120003,29.719999,26.870001,1.320000,42.290001,-3.230000,-1.450000,264.339996,73.099998,74947.828125,35.83,103.91,69.059998,PM10,19688
52.439999,92.250000,29.299999,21.059999,1.480000,39.389999,-1.020000,-0.930000,265.459991,70.260002,77135.343750,35.83,104.08,71.799995,PM2.5,19689
50.889999,80.639999,28.030001,18.030001,1.470000,37.130001,-1.940000,-0.920000,266.549988,68.769997,79728.578125,35.83,104.25,69.862503,PM2.5,19690
50.590000,76.919998,26.610001,17.469999,1.460000,35.799999,-2.840000,-1.200000,265.690002,73.190002,79638.703125,35.83,104.41,69.487503,PM2.5,19691
51.540001,76.500000,26.670000,17.570000,1.430000,35.279999,-1.990000,-1.200000,265.279999,75.440002,79895.226562,35.83,104.58,70.675003,PM2.5,19692
52.580002,76.580002,28.480000,18.860001,1.380000,34.320000,-1.290000,-1.770000,265.540009,75.199997,80472.500000,35.84,104.75,71.975006,PM2.5,19693
51.880001,72.589996,29.100000,19.219999,1.320000,33.830002,-1.130000,-2.230000,265.869995,73.580002,81125.242188,35.84,104.92,71.099998,PM2.5,19694
50.610001,66.260002,25.559999,16.469999,1.220000,34.910000,-0.750000,-1.180000,265.790009,74.339996,81328.789062,35.84,105.08,69.512497,PM2.5,19695
50.009998,62.560001,23.280001,15.050000,1.160000,35.799999,-0.730000,-0.060000,265.339996,77.019997,80916.250000,35.84,105.25,68.762497,PM2.5,19696
58.130001,65.290001,32.509998,28.900000,2.000000,22.570000,-1.320000,1.530000,265.079987,87.650002,85792.296875,35.82,106.93,78.912498,PM2.5,19706
60.220001,66.980003,32.520000,22.830000,2.240000,27.540001,-1.480000,1.870000,265.320007,89.650002,86416.546875,35.82,107.09,81.525002,PM2.5,19707
62.330002,68.709999,32.930000,22.410000,2.480000,28.940001,-1.670000,1.980000,265.480011,90.830002,87007.710938,35.82,107.26,84.162506,PM2.5,19708
63.080002,69.129997,34.230000,22.610001,2.680000,30.260000,-1.760000,2.070000,265.420013,90.910004,87205.640625,35.81,107.43,85.100006,PM2.5,19709
63.250000,69.190002,36.910000,23.309999,2.930000,30.980000,-1.880000,1.670000,264.980011,91.790001,86839.156250,35.81,107.6,85.312500,PM2.5,19710
58.090000,64.239998,33.389999,20.200001,2.660000,35.189999,-1.830000,0.920000,265.329987,92.970001,87950.093750,35.81,107.76,78.862503,PM2.5,19711
53.330002,60.020000,30.190001,17.840000,2.260000,39.320000,-2.050000,1.020000,265.920013,91.470001,89247.796875,35.8,107.93,72.912506,PM2.5,19712
49.970001,57.040001,27.770000,16.120001,1.920000,42.459999,-3.260000,1.940000,265.470001,87.050003,88492.476562,35.8,108.1,68.712502,PM2.5,19713
48.470001,55.730000,27.690001,15.560000,1.750000,44.349998,-4.310000,2.370000,264.220001,87.349998,86889.851562,35.79,108.27,66.837502,PM2.5,19714
47.919998,55.200001,28.850000,15.480000,1.670000,45.330002,-4.230000,2.470000,263.100006,88.150002,85844.500000,35.79,108.43,66.149994,PM2.5,19715
50.669998,97.699997,39.430000,40.009998,1.160000,37.910000,-2.920000,-1.460000,266.459991,73.410004,80091.742188,35.96,103.07,73.849998,PM10,19926
45.520000,94.360001,38.189999,37.270000,1.190000,37.509998,-4.260000,-1.500000,267.040009,70.610001,80834.203125,35.96,103.24,72.180000,PM10,19927
43.049999,92.949997,37.799999,35.090000,1.210000,37.110001,-5.890000,-1.570000,265.859985,73.669998,79359.203125,35.96,103.41,71.474998,PM10,19928
41.810001,93.349998,37.680000,34.290001,1.250000,35.340000,-5.570000,-2.230000,265.089996,76.629997,78935.937500,35.96,103.57,71.675003,PM10,19929
37.730000,86.070000,28.549999,29.700001,1.300000,36.900002,-4.040000,-2.420000,265.260010,75.680000,79568.187500,35.97,103.74,68.035004,PM10,19930
42.880001,87.709999,30.000000,26.990000,1.460000,40.630001,-2.350000,-2.000000,266.190002,70.470001,80147.906250,35.97,103.91,68.854996,PM10,19931
49.720001,88.040001,30.010000,19.730000,1.520000,37.139999,-2.560000,-1.530000,267.269989,65.889999,81233.117188,35.97,104.08,69.020004,PM10,19932
48.570000,80.599998,27.719999,16.990000,1.470000,36.180000,-4.040000,-1.910000,266.019989,69.389999,79831.460938,35.97,104.24,66.962502,PM2.5,19933
49.150002,78.680000,25.530001,16.280001,1.460000,36.090000,-3.220000,-2.580000,264.260010,76.919998,78177.140625,35.97,104.41,67.687500,PM2.5,19934
50.189999,77.980003,25.549999,16.430000,1.440000,35.279999,-1.460000,-2.160000,264.579987,77.230003,79323.968750,35.97,104.58,68.987495,PM2.5,19935
51.500000,79.889999,28.850000,19.010000,1.420000,33.759998,-1.080000,-2.000000,265.299988,75.919998,80452.921875,35.97,104.75,70.625000,PM2.5,19936
51.090000,75.870003,29.400000,19.330000,1.350000,33.540001,-1.010000,-1.710000,265.519989,75.209999,81078.117188,35.97,104.92,70.112503,PM2.5,19937
49.639999,67.830002,25.090000,15.930000,1.210000,35.080002,-0.760000,-0.800000,265.649994,75.239998,81446.226562,35.97,105.08,68.300003,PM2.5,19938
49.230000,64.019997,22.900000,14.350000,1.140000,36.119999,-0.840000,-0.210000,265.209991,77.620003,80912.226562,35.97,105.25,67.787498,PM2.5,19939
56.029999,62.939999,33.340000,25.059999,1.990000,25.600000,-1.160000,1.770000,264.720001,87.129997,85061.710938,35.96,106.93,76.287498,PM2.5,19949
57.560001,64.320000,34.189999,21.719999,2.190000,29.070000,-1.560000,2.040000,265.140015,88.809998,86057.343750,35.95,107.1,78.200005,PM2.5,19950
59.090000,65.650002,34.500000,21.320000,2.350000,30.610001,-1.680000,2.020000,265.420013,89.839996,86898.257812,35.95,107.27,80.112503,PM2.5,19951
59.790001,66.239998,34.610001,21.400000,2.540000,31.730000,-1.690000,1.890000,265.239990,90.559998,86957.687500,35.95,107.43,80.987503,PM2.5,19952
59.939999,66.510002,36.270000,21.660000,2.750000,32.650002,-2.010000,1.630000,264.739990,91.760002,86708.687500,35.95,107.6,81.174995,PM2.5,19953
57.619999,64.500000,37.099998,21.430000,2.660000,34.580002,-1.960000,1.350000,265.160004,92.559998,87930.132812,35.94,107.77,78.275002,PM2.5,19954
54.040001,61.340000,33.869999,19.680000,2.370000,38.090000,-1.880000,1.510000,265.589996,91.790001,88928.632812,35.94,107.94,73.800003,PM2.5,19955
49.910000,57.610001,28.930000,17.010000,1.990000,41.950001,-2.470000,2.180000,265.140015,88.610001,88116.390625,35.93,108.1,68.637497,PM2.5,19956
48.060001,55.990002,28.809999,16.430000,1.830000,43.830002,-3.210000,2.700000,264.089996,87.739998,86535.531250,35.93,108.27,66.325005,PM2.5,19957
47.590000,55.830002,29.200001,16.570000,1.760000,44.340000,-3.240000,3.340000,263.049988,88.239998,85521.273438,35.93,108.44,65.737503,PM2.5,19958
49.540001,95.970001,39.070000,40.450001,1.190000,35.029999,-3.340000,0.110000,266.459991,71.959999,80258.226562,36.09,103.07,72.985001,PM10,20171
47.119999,99.150002,36.869999,41.689999,1.310000,34.139999,-4.720000,-0.370000,267.109985,69.209999,81328.062500,36.1,103.23,74.574997,PM10,20172
46.480000,102.639999,38.080002,42.470001,1.380000,31.540001,-5.930000,-0.240000,266.250000,72.830002,80656.351562,36.1,103.4,76.320000,PM10,20173
47.369999,109.830002,40.290001,45.680000,1.490000,26.740000,-5.360000,-0.150000,266.279999,72.669998,81155.281250,36.1,103.57,79.915001,PM10,20174
37.150002,88.529999,25.650000,34.080002,1.390000,33.689999,-4.230000,-1.300000,267.380005,67.949997,82572.906250,36.1,103.74,69.264999,PM10,20175
36.340000,81.269997,26.260000,25.790001,1.370000,40.299999,-3.830000,-2.820000,268.179993,63.240002,83452.937500,36.1,103.91,65.634995,PM10,20176
40.400002,78.779999,27.990000,18.049999,1.350000,37.869999,-4.850000,-3.040000,267.670013,62.410000,82157.179688,36.1,104.08,64.389999,PM10,20177
46.250000,81.540001,27.170000,15.910000,1.430000,36.610001,-5.050000,-3.180000,264.799988,72.199997,78416.632812,36.11,104.24,65.770004,PM10,20178
47.570000,80.820000,24.889999,15.300000,1.440000,36.290001,-2.390000,-3.080000,263.269989,79.070000,76892.203125,36.11,104.41,65.712502,PM2.5,20179
48.910000,80.620003,24.620001,15.600000,1.440000,35.139999,-0.130000,-2.510000,264.089996,77.860001,78827.046875,36.11,104.58,67.387497,PM2.5,20180
49.599998,82.750000,29.270000,19.260000,1.430000,33.310001,-0.280000,-1.920000,265.690002,74.070000,81144.882812,36.11,104.75,68.250000,PM2.5,20181
49.310001,78.570000,30.360001,19.799999,1.350000,33.250000,-0.740000,-1.170000,266.320007,72.360001,82285.718750,36.11,104.92,67.887505,PM2.5,20182
48.169998,69.400002,24.600000,15.350000,1.180000,35.389999,-0.820000,-0.130000,265.869995,74.339996,81888.296875,36.11,105.08,66.462494,PM2.5,20183
48.150002,66.019997,22.200001,13.510000,1.120000,36.590000,-1.090000,0.300000,265.019989,77.889999,80786.953125,36.11,105.25,66.437500,PM2.5,20184
47.660000,62.910000,21.490000,12.690000,1.070000,37.500000,-0.780000,0.650000,264.130005,81.430000,79530.656250,36.11,105.42,65.824997,PM2.5,20185
55.700001,62.500000,35.509998,20.889999,2.180000,29.950001,-1.340000,2.210000,264.989990,87.889999,85749.750000,36.09,107.1,75.875000,PM2.5,20195
57.270000,63.970001,35.799999,20.750000,2.350000,31.230000,-1.460000,2.280000,264.940002,89.510002,86151.187500,36.09,107.27,77.837502,PM2.5,20196
57.480000,64.269997,34.330002,20.809999,2.480000,32.180000,-1.760000,1.930000,264.730011,90.620003,86418.906250,36.08,107.44,78.099998,PM2.5,20197
57.259998,64.309998,35.939999,21.170000,2.610000,33.240002,-2.170000,1.700000,264.779999,91.599998,87162.023438,36.08,107.61,77.824997,PM2.5,20198
56.020000,63.529999,39.439999,22.080000,2.590000,34.439999,-2.070000,1.640000,265.209991,91.709999,88198.078125,36.08,107.77,76.275002,PM2.5,20199
53.709999,61.610001,36.880001,20.709999,2.390000,37.430000,-2.150000,1.790000,265.130005,91.419998,88195.093750,36.07,107.94,73.387497,PM2.5,20200
50.240002,58.480000,30.780001,18.080000,2.070000,40.980000,-2.760000,2.080000,264.470001,90.360001,87177.921875,36.07,108.11,69.050003,PM2.5,20201
49.040001,57.549999,30.450001,18.219999,2.000000,41.980000,-3.300000,2.590000,263.649994,89.680000,86234.828125,36.07,108.28,67.550003,PM2.5,20202
48.610001,57.590000,30.360001,18.600000,1.910000,42.279999,-3.370000,3.540000,263.269989,88.849998,86147.156250,36.06,108.45,67.012497,PM2.5,20203
48.400002,57.980000,30.450001,19.219999,1.830000,42.200001,-3.100000,4.120000,263.359985,87.970001,86911.062500,36.06,108.61,66.750000,PM2.5,20204
47.740002,90.580002,30.520000,34.349998,1.160000,37.880001,-3.630000,1.560000,266.869995,68.230003,80658.992188,36.23,103.06,70.290001,PM10,20416
44.419998,90.599998,28.450001,35.330002,1.240000,37.830002,-4.350000,0.880000,267.320007,65.480003,81449.242188,36.23,103.23,70.300003,PM10,20417
41.900002,90.809998,27.580000,36.509998,1.300000,36.630001,-5.040000,1.140000,267.529999,64.820000,81989.859375,36.23,103.4,70.404999,PM10,20418
39.919998,91.639999,27.500000,35.650002,1.360000,35.139999,-5.580000,0.520000,267.609985,64.050003,82253.703125,36.24,103.57,70.820000,PM10,20419
32.380001,77.320000,21.330000,26.730000,1.250000,39.930000,-5.840000,-1.830000,267.420013,64.470001,82242.242188,36.24,103.74,63.660000,PM10,20420
30.590000,73.349998,21.070000,21.889999,1.210000,41.150002,-6.130000,-3.840000,267.450012,64.089996,82772.117188,36.24,103.91,61.674999,PM10,20421
32.119999,72.949997,23.389999,16.809999,1.180000,39.389999,-6.230000,-4.790000,266.579987,66.830002,81815.906250,36.24,104.07,61.474998,PM10,20422
37.869999,75.800003,25.520000,14.830000,1.240000,38.180000,-4.550000,-3.390000,265.029999,72.160004,79596.796875,36.24,104.24,62.900002,PM10,20423
43.650002,79.370003,24.510000,14.170000,1.340000,36.709999,-1.490000,-2.600000,264.019989,75.769997,78216.953125,36.24,104.41,64.684998,PM10,20424
46.820000,81.660004,24.330000,14.610000,1.380000,35.090000,0.420000,-1.990000,264.390015,75.620003,79127.117188,36.24,104.58,65.830002,PM10,20425
46.970001,81.860001,29.629999,18.969999,1.360000,33.470001,0.060000,-1.720000,266.429993,70.699997,82229.953125,36.24,104.75,65.930000,PM10,20426
46.849998,77.430000,31.610001,20.059999,1.240000,33.820000,-0.650000,-1.120000,267.230011,68.760002,83593.390625,36.24,104.92,64.812500,PM2.5,20427
46.169998,69.589996,23.879999,14.420000,1.120000,36.360001,-0.930000,0.170000,265.869995,73.680000,81981.390625,36.24,105.08,63.962498,PM2.5,20428
46.500000,66.949997,21.600000,12.730000,1.070000,37.020000,-1.160000,0.780000,264.679993,78.230003,80312.210938,36.24,105.25,64.375000,PM2.5,20429
46.299999,63.810001,20.950001,11.630000,1.010000,38.130001,-0.440000,1.050000,263.529999,82.870003,78648.460938,36.24,105.42,64.125000,PM2.5,20430
51.060001,58.240002,29.040001,22.809999,1.690000,26.209999,-0.550000,1.670000,263.880005,84.830002,83497.179688,36.23,106.77,70.075005,PM2.5,20438
52.759998,59.630001,31.450001,21.150000,1.900000,28.059999,-0.650000,2.110000,264.359985,85.690002,84358.296875,36.23,106.94,72.199997,PM2.5,20439
54.650002,61.349998,32.959999,19.570000,2.100000,30.299999,-0.910000,2.490000,264.429993,88.180000,84797.492188,36.23,107.1,74.562500,PM2.5,20440
56.020000,62.570000,33.860001,19.850000,2.300000,31.400000,-1.340000,2.460000,264.500000,89.480003,85548.296875,36.22,107.27,76.275002,PM2.5,20441
55.950001,62.630001,33.150002,19.709999,2.360000,32.959999,-2.110000,2.050000,264.619995,90.230003,86581.656250,36.22,107.44,76.187500,PM2.5,20442
55.910000,62.900002,34.250000,19.910000,2.430000,34.279999,-2.340000,1.910000,264.839996,90.730003,87483.968750,36.22,107.61,76.137497,PM2.5,20443
55.310001,62.820000,38.570000,21.559999,2.460000,34.799999,-1.940000,1.880000,265.010010,91.080002,87913.343750,36.21,107.78,75.387505,PM2.5,20444
53.320000,61.189999,36.480000,20.379999,2.300000,37.590000,-2.040000,2.100000,264.769989,90.589996,87505.359375,36.21,107.95,72.900002,PM2.5,20445
50.320000,58.490002,31.520000,18.090000,2.040000,40.959999,-2.680000,2.320000,264.000000,89.870003,86361.382812,36.21,108.11,69.150002,PM2.5,20446
49.410000,57.990002,30.790001,18.620001,2.010000,41.500000,-3.060000,2.550000,263.260010,90.230003,85934.437500,36.2,108.28,68.012497,PM2.5,20447
49.139999,58.299999,30.610001,19.280001,1.930000,41.619999,-3.180000,3.110000,263.260010,90.190002,86595.609375,36.2,108.45,67.675003,PM2.5,20448
49.270000,59.139999,30.740000,20.350000,1.870000,40.910000,-3.080000,4.080000,263.260010,90.080002,87047.796875,36.19,108.62,67.837502,PM2.5,20449
55.060001,89.209999,30.040001,27.090000,1.050000,38.080002,-2.980000,2.610000,267.209991,66.190002,80348.250000,36.36,102.89,75.075005,PM2.5,20661
44.639999,82.269997,26.500000,23.690001,1.070000,41.849998,-3.420000,2.070000,266.440002,67.599998,79734.531250,36.36,103.06,66.134995,PM10,20662
40.720001,79.459999,24.940001,22.309999,1.100000,41.939999,-3.470000,1.680000,266.500000,66.769997,79993.289062,36.37,103.23,64.729996,PM10,20663
36.299999,74.720001,22.600000,20.590000,1.090000,41.400002,-4.020000,1.730000,267.609985,62.180000,81556.453125,36.37,103.4,62.360001,PM10,20664
32.150002,70.029999,19.980000,17.219999,1.070000,41.400002,-5.520000,0.290000,267.440002,62.939999,81314.468750,36.37,103.57,60.014999,PM10,20665
28.900000,66.660004,18.639999,14.870000,1.050000,41.759998,-6.250000,-2.570000,266.750000,65.570000,80972.210938,36.37,103.74,58.330002,PM10,20666
27.990000,67.910004,19.660000,15.360000,1.070000,40.889999,-6.130000,-4.670000,266.420013,66.839996,81483.203125,36.37,103.9,58.955002,PM10,20667
28.309999,70.639999,20.719999,16.900000,1.110000,39.970001,-5.220000,-5.680000,266.089996,68.860001,81795.226562,36.38,104.07,60.320000,PM10,20668
32.480000,71.529999,24.510000,14.550000,1.090000,39.139999,-3.310000,-4.580000,266.790009,66.739998,82842.726562,36.38,104.24,60.764999,PM10,20669
37.200001,74.949997,24.030001,13.780000,1.160000,37.540001,-1.110000,-3.800000,266.359985,68.290001,82126.406250,36.38,104.41,62.474998,PM10,20670
44.299999,80.860001,23.959999,13.740000,1.280000,35.299999,0.020000,-1.640000,266.059998,69.419998,81513.046875,36.38,104.58,65.430000,PM10,20671
44.340000,78.139999,30.100000,19.190001,1.190000,33.740002,-0.470000,-1.150000,267.200012,67.279999,83431.906250,36.38,104.75,64.070000,PM10,20672
44.930000,76.360001,32.490002,20.360001,1.140000,33.580002,-0.950000,-0.840000,266.769989,69.500000,83343.070312,36.38,104.92,63.180000,PM10,20673
44.040001,68.110001,23.360001,13.290000,1.020000,37.279999,-0.700000,0.260000,264.730011,76.980003,80618.617188,36.38,105.08,61.300003,PM2.5,20674
44.630001,66.139999,21.120001,11.940000,0.980000,37.599998,-0.170000,0.940000,263.899994,80.339996,79279.046875,36.38,105.25,62.037502,PM2.5,20675
47.549999,55.410000,25.299999,21.270000,1.420000,26.840000,-0.280000,1.290000,262.890015,86.680000,82001.687500,36.37,106.6,65.687500,PM2.5,20683
49.130001,56.430000,26.190001,20.809999,1.600000,27.049999,-0.060000,1.680000,263.690002,85.320000,83295.390625,36.37,106.77,67.662498,PM2.5,20684
51.169998,58.250000,28.350000,19.680000,1.800000,28.389999,-0.200000,2.200000,264.299988,85.379997,84254.273438,36.36,106.94,70.212494,PM2.5,20685
53.290001,60.169998,30.080000,19.299999,2.010000,29.629999,-0.800000,2.450000,264.410004,87.519997,84807.890625,36.36,107.11,72.862503,PM2.5,20686
54.299999,61.060001,32.160000,19.180000,2.170000,31.520000,-1.740000,2.310000,264.609985,88.849998,85986.656250,36.36,107.28,74.125000,PM2.5,20687
54.110001,60.910000,32.049999,18.730000,2.180000,33.590000,-2.410000,2.210000,264.619995,89.349998,86820.359375,36.36,107.45,73.887497,PM2.5,20688
53.950001,60.930000,31.940001,18.320000,2.190000,35.220001,-2.120000,2.330000,264.429993,89.989998,86856.882812,36.35,107.61,73.687500,PM2.5,20689
53.349998,60.770000,34.080002,19.070000,2.180000,36.450001,-1.660000,2.300000,264.489990,90.320000,87074.062500,36.35,107.78,72.937500,PM2.5,20690
51.980000,59.779999,32.750000,18.629999,2.090000,38.310001,-1.950000,2.560000,264.290009,90.139999,86742.609375,36.35,107.95,71.224998,PM2.5,20691
50.070000,58.110001,30.950001,18.030001,1.990000,40.220001,-2.510000,2.920000,263.579987,89.559998,85738.750000,36.34,108.12,68.837502,PM2.5,20692
49.470001,57.990002,31.260000,18.559999,1.990000,40.939999,-2.700000,3.290000,262.970001,89.779999,85471.976562,36.34,108.29,68.087502,PM2.5,20693
49.389999,58.540001,31.389999,19.709999,1.940000,40.639999,-2.550000,3.960000,262.730011,90.290001,85604.976562,36.33,108.46,67.987503,PM2.5,20694
49.680000,59.619999,31.709999,21.379999,1.910000,39.259998,-2.000000,4.980000,262.690002,90.519997,85790.718750,36.33,108.62,68.349998,PM2.5,20695
54.230000,92.269997,27.139999,26.969999,1.140000,40.130001,-1.810000,2.170000,266.660004,66.989998,79301.187500,36.5,102.89,74.037498,PM2.5,20907
44.389999,82.739998,23.400000,21.270000,1.100000,43.450001,-2.170000,1.910000,265.850006,68.779999,78145.023438,36.5,103.06,66.369995,PM10,20908
41.860001,81.050003,22.820000,19.000000,1.100000,43.099998,-1.760000,2.070000,265.450012,70.080002,77822.320312,36.5,103.23,65.525002,PM10,20909
35.889999,74.150002,19.750000,16.420000,1.060000,42.950001,-1.310000,1.850000,267.000000,63.650002,80012.203125,36.5,103.4,62.075001,PM10,20910
30.809999,68.389999,17.280001,13.630000,1.020000,43.150002,-3.070000,-0.220000,267.670013,61.570000,80516.312500,36.51,103.56,59.195000,PM10,20911
27.209999,63.919998,17.010000,12.590000,0.980000,42.599998,-5.270000,-3.300000,267.059998,63.060001,80344.210938,36.51,103.73,56.959999,PM10,20912
26.330000,65.709999,18.700001,13.720000,1.020000,41.380001,-5.600000,-5.860000,266.130005,66.610001,80579.953125,36.51,103.9,57.855000,PM10,20913
27.230000,72.449997,21.160000,17.690001,1.140000,38.990002,-4.180000,-6.830000,265.679993,68.949997,81242.539062,36.51,104.07,61.224998,PM10,20914
31.930000,72.690002,24.379999,14.320000,1.070000,38.400002,-2.500000,-6.830000,266.619995,65.870003,82901.093750,36.51,104.24,61.345001,PM10,20915
36.230000,73.800003,24.110001,13.200000,1.080000,37.290001,-1.120000,-5.910000,267.309998,63.889999,83837.250000,36.51,104.41,61.900002,PM10,20916
41.570000,80.180000,23.820000,13.680000,1.190000,34.959999,-0.710000,-2.050000,268.089996,61.570000,84330.273438,36.51,104.58,65.089996,PM10,20917
42.310001,78.059998,31.260000,20.340000,1.100000,32.900002,-1.190000,-0.490000,268.000000,63.250000,84665.296875,36.51,104.75,64.029999,PM10,20918
42.830002,76.379997,33.090000,21.379999,1.050000,32.750000,-1.140000,-0.320000,266.309998,69.709999,82915.507812,36.51,104.92,63.189999,PM10,20919
42.320000,68.339996,23.129999,12.720000,0.940000,37.270000,-0.170000,0.380000,263.989990,78.779999,79694.726562,36.51,105.08,59.169998,PM10,20920
43.340000,67.080002,21.040001,11.730000,0.920000,37.139999,1.320000,0.870000,263.510010,81.059998,78892.367188,36.51,105.25,60.424999,PM2.5,20921
44.990002,53.930000,22.990000,18.950001,1.200000,28.309999,-0.710000,2.060000,262.730011,87.040001,81437.828125,36.51,106.44,62.487503,PM2.5,20928
45.939999,54.400002,23.549999,19.420000,1.320000,27.690001,0.010000,1.770000,262.489990,87.599998,81442.742188,36.5,106.6,63.674999,PM2.5,20929
47.450001,55.380001,24.020000,19.340000,1.480000,27.459999,0.370000,1.910000,263.309998,86.389999,82728.718750,36.5,106.77,65.562500,PM2.5,20930
49.580002,57.200001,25.500000,18.690001,1.680000,28.280001,-0.070000,2.080000,264.250000,85.860001,84311.523438,36.5,106.94,68.225006,PM2.5,20931
51.520000,58.830002,27.520000,18.280001,1.870000,29.910000,-1.140000,2.080000,264.679993,87.019997,85509.976562,36.5,107.11,70.650002,PM2.5,20932
52.320000,59.450001,29.469999,18.020000,1.960000,32.009998,-2.040000,2.190000,264.670013,88.120003,86400.148438,36.49,107.28,71.650002,PM2.5,20933
52.240002,59.290001,29.920000,17.469999,1.980000,34.160000,-2.110000,2.500000,264.369995,88.540001,86456.953125,36.49,107.45,71.550003,PM2.5,20934
52.310001,59.430000,30.250000,17.209999,2.000000,35.740002,-1.590000,2.680000,264.059998,89.370003,86198.117188,36.49,107.62,71.637505,PM2.5,20935
52.209999,59.630001,31.340000,17.690001,2.030000,36.900002,-1.290000,2.700000,264.179993,89.639999,86528.453125,36.49,107.79,71.512497,PM2.5,20936
51.560001,59.349998,31.430000,17.809999,1.990000,38.169998,-1.490000,3.110000,263.869995,89.690002,85987.476562,36.48,107.96,70.700005,PM2.5,20937
50.330002,58.430000,31.309999,18.030001,1.980000,39.299999,-1.750000,3.710000,263.209991,89.639999,85039.179688,36.48,108.12,69.162506,PM2.5,20938
49.939999,58.540001,31.520000,19.219999,2.020000,39.209999,-1.880000,4.550000,262.829987,89.360001,84887.960938,36.47,108.29,68.674995,PM2.5,20939
51.820000,77.570000,22.350000,23.270000,0.950000,40.709999,-0.820000,3.000000,264.089996,73.419998,74182.843750,36.63,102.72,71.025002,PM2.5,21153
45.299999,78.820000,21.639999,26.000000,1.010000,41.950001,-0.730000,2.350000,265.209991,70.580002,76646.109375,36.63,102.89,64.410004,PM10,21154
38.790001,73.349998,18.410000,18.530001,0.990000,45.889999,-0.400000,1.450000,265.059998,69.870003,76033.828125,36.64,103.05,61.674999,PM10,21155
41.430000,80.900002,19.910000,17.379999,1.110000,44.130001,0.220000,2.090000,265.309998,69.720001,76886.492188,36.64,103.22,65.449997,PM10,21156
36.410000,76.089996,17.809999,15.190000,1.080000,43.950001,0.950000,1.610000,266.609985,63.799999,78867.437500,36.64,103.39,63.044998,PM10,21157
31.469999,70.669998,15.570000,13.170000,1.040000,44.939999,0.860000,-0.740000,267.299988,60.740002,79232.046875,36.64,103.56,60.334999,PM10,21158
25.440001,60.180000,14.480000,10.280000,0.900000,44.200001,-0.990000,-3.760000,266.980011,60.959999,78940.078125,36.64,103.73,55.090000,PM10,21159
24.389999,61.369999,16.940001,10.950000,0.910000,42.020000,-3.190000,-6.540000,265.630005,66.949997,79247.429688,36.65,103.9,55.684998,PM10,21160
26.889999,72.010002,22.170000,16.450001,1.100000,37.790001,-3.000000,-7.460000,264.890015,72.029999,80410.906250,36.65,104.07,61.005001,PM10,21161
31.670000,72.699997,24.110001,13.400000,1.020000,37.669998,-1.450000,-7.640000,265.250000,71.230003,81809.492188,36.65,104.24,61.349998,PM10,21162
34.820000,72.180000,22.910000,12.480000,0.990000,37.169998,-0.530000,-6.560000,266.769989,64.720001,83605.906250,36.65,104.41,61.090000,PM10,21163
38.279999,77.940002,22.639999,13.560000,1.080000,34.779999,-0.950000,-2.870000,268.649994,57.669998,85374.093750,36.65,104.58,63.970001,PM10,21164
39.590000,75.800003,27.580000,18.049999,0.990000,32.770000,-1.560000,-0.880000,268.350006,59.950001,85245.609375,36.65,104.75,62.900002,PM10,21165
40.270000,74.190002,28.549999,19.170000,0.940000,32.810001,-1.140000,-0.700000,266.130005,68.519997,82824.843750,36.65,104.92,62.095001,PM10,21166
40.570000,68.449997,21.110001,12.130000,0.870000,36.820000,0.460000,0.050000,264.040009,77.320000,79953.953125,36.65,105.08,59.224998,PM10,21167
44.450001,53.900002,22.350000,18.040001,1.210000,28.250000,0.190000,2.330000,262.700012,86.970001,81579.023438,36.64,106.61,61.812500,PM2.5,21176
45.930000,54.849998,22.459999,18.020000,1.350000,27.930000,0.480000,2.290000,263.059998,86.879997,82326.843750,36.64,106.78,63.662498,PM2.5,21177
47.880001,56.360001,23.250000,17.750000,1.520000,28.350000,-0.090000,2.210000,263.940002,86.709999,84020.148438,36.64,106.95,66.099998,PM2.5,21178
49.490002,57.520000,24.809999,17.370001,1.650000,30.129999,-1.130000,2.110000,264.459991,87.120003,85506.812500,36.63,107.11,68.112503,PM2.5,21179
50.180000,57.799999,26.370001,16.780001,1.700000,32.430000,-1.780000,2.530000,264.339996,87.660004,86011.171875,36.63,107.28,68.974998,PM2.5,21180
50.430000,57.759998,27.200001,16.320000,1.750000,34.439999,-1.640000,2.820000,264.019989,88.150002,85846.687500,36.63,107.45,69.287498,PM2.5,21181
51.009998,58.270000,27.990000,16.299999,1.820000,35.779999,-1.150000,2.900000,263.769989,88.949997,85686.843750,36.62,107.62,70.012497,PM2.5,21182
51.639999,59.049999,28.990000,16.920000,1.890000,36.549999,-0.770000,3.090000,263.750000,89.510002,85747.453125,36.62,107.79,70.800003,PM2.5,21183
51.689999,59.400002,30.250000,17.459999,1.920000,37.330002,-0.660000,3.620000,263.470001,89.459999,85147.453125,36.62,107.96,70.862495,PM2.5,21184
36.090000,66.760002,15.650000,20.870001,0.910000,46.230000,-0.210000,1.350000,264.220001,67.830002,73070.343750,36.77,102.88,58.380001,PM10,21401
30.150000,58.970001,12.670000,15.020000,0.840000,48.740002,0.890000,0.090000,264.250000,68.199997,73214.617188,36.77,103.05,54.485001,PM10,21402
31.570000,63.419998,13.480000,13.810000,0.910000,47.389999,1.090000,1.170000,265.510010,65.620003,75824.992188,36.77,103.22,56.709999,PM10,21403
30.219999,63.590000,13.190000,11.920000,0.930000,46.720001,1.370000,0.590000,265.899994,64.400002,76786.570312,36.78,103.39,56.794998,PM10,21404
25.400000,57.500000,11.810000,9.840000,0.860000,47.250000,1.900000,-2.050000,266.070007,61.660000,76628.007812,36.78,103.56,53.750000,PM10,21405
21.959999,52.689999,11.540000,8.150000,0.780000,45.990002,1.240000,-5.110000,266.260010,59.330002,77293.812500,36.78,103.73,51.345001,PM10,21406
22.370001,56.000000,14.270000,8.420000,0.790000,43.130001,-0.620000,-7.070000,265.529999,63.700001,78659.421875,36.78,103.9,53.000000,PM10,21407
26.780001,68.849998,21.510000,13.130000,0.970000,37.869999,-1.400000,-7.390000,265.059998,69.930000,80691.148438,36.78,104.07,59.424999,PM10,21408
31.170000,71.419998,23.400000,12.170000,0.930000,37.419998,-0.610000,-7.420000,265.609985,69.540001,82748.093750,36.78,104.24,60.709999,PM10,21409
33.490002,71.040001,22.209999,12.100000,0.900000,36.830002,-0.290000,-6.680000,266.750000,64.230003,84005.203125,36.78,104.41,60.520000,PM10,21410
35.439999,72.980003,21.340000,12.860000,0.930000,34.630001,-0.970000,-4.280000,267.609985,60.180000,84453.257812,36.79,104.58,61.490002,PM10,21411
37.619999,73.739998,22.770000,14.570000,0.890000,33.200001,-1.400000,-2.390000,266.980011,62.470001,83917.882812,36.79,104.75,61.869999,PM10,21412
38.009998,71.480003,23.160000,15.090000,0.840000,33.810001,-0.510000,-1.400000,265.049988,71.150002,81754.789062,36.79,104.92,60.740002,PM10,21413
38.700001,68.059998,19.610001,10.930000,0.780000,37.070000,1.690000,-0.540000,264.010010,76.349998,80036.757812,36.79,105.08,59.029999,PM10,21414
40.189999,68.599998,18.870001,10.990000,0.780000,35.950001,3.330000,0.070000,264.489990,75.430000,80565.953125,36.79,105.25,59.299999,PM10,21415
44.840000,54.750000,21.719999,17.150000,1.220000,27.969999,0.620000,2.520000,262.869995,87.239998,82106.281250,36.77,106.78,62.299999,PM2.5,21424
46.619999,55.939999,21.930000,17.080000,1.360000,28.219999,-0.130000,2.530000,263.760010,87.190002,83996.078125,36.77,106.95,64.525002,PM2.5,21425
48.020000,56.700001,22.930000,16.520000,1.450000,30.219999,-1.080000,2.680000,264.130005,87.209999,85284.617188,36.77,107.12,66.275002,PM2.5,21426
48.740002,56.790001,23.840000,15.990000,1.470000,32.250000,-1.430000,3.220000,263.940002,87.489998,85426.703125,36.77,107.29,67.175003,PM2.5,21427
49.119999,56.730000,24.670000,15.480000,1.530000,34.389999,-1.160000,3.300000,263.540009,87.970001,84969.773438,36.76,107.46,67.650002,PM2.5,21428
50.200001,57.630001,25.280001,15.700000,1.620000,35.340000,-0.570000,3.490000,263.179993,89.080002,84614.437500,36.76,107.63,69.000000,PM2.5,21429
51.340000,58.830002,26.280001,16.500000,1.750000,35.849998,-0.070000,3.750000,263.209991,89.370003,84674.101562,36.76,107.8,70.425003,PM2.5,21430
31.230000,54.820000,11.990000,14.070000,0.760000,47.320000,-0.280000,0.290000,264.679993,59.770000,71335.382812,36.9,102.71,52.410000,PM10,21646
23.719999,46.700001,8.480000,9.660000,0.730000,48.700001,1.790000,-1.950000,263.130005,63.419998,69763.789062,36.9,102.88,46.700001,PM10,21647
20.600000,41.799999,7.610000,8.190000,0.670000,50.540001,2.130000,-3.070000,264.519989,59.790001,72452.546875,36.91,103.05,41.799999,PM10,21648
21.730000,44.869999,8.440000,8.350000,0.700000,50.020000,1.120000,-1.770000,265.549988,59.150002,74426.546875,36.91,103.22,44.869999,PM10,21649
20.379999,43.950001,8.390000,7.320000,0.680000,49.470001,1.140000,-2.340000,264.829987,62.040001,73998.781250,36.91,103.39,43.950001,PM10,21650
19.320000,44.310001,8.960000,6.950000,0.670000,48.889999,2.110000,-4.740000,264.100006,63.549999,73915.757812,36.91,103.56,44.310001,PM10,21651
19.150000,46.299999,9.810000,6.750000,0.680000,46.849998,3.230000,-6.830000,264.220001,62.910000,74874.718750,36.92,103.73,46.299999,PM10,21652
20.700001,51.669998,12.200000,7.190000,0.710000,43.840000,2.350000,-7.740000,264.700012,63.660000,77517.781250,36.92,103.9,50.834999,PM10,21653
27.250000,66.320000,19.770000,10.190000,0.850000,38.650002,0.320000,-7.280000,265.029999,68.150002,80702.468750,36.92,104.07,58.160000,PM10,21654
30.799999,69.599998,22.370001,11.000000,0.830000,37.270000,-0.400000,-7.240000,265.609985,68.779999,82999.031250,36.92,104.24,59.799999,PM10,21655
32.840000,69.169998,21.270000,11.200000,0.810000,36.500000,-0.630000,-6.520000,265.519989,68.129997,82798.882812,36.92,104.41,59.584999,PM10,21656
34.320000,68.419998,20.040001,11.670000,0.810000,34.950001,-0.240000,-5.040000,264.570007,71.260002,81230.781250,36.92,104.58,59.209999,PM10,21657
36.020000,70.000000,20.040001,12.580000,0.790000,33.669998,0.590000,-3.410000,264.779999,70.980003,81680.976562,36.92,104.75,60.000000,PM10,21658
36.279999,68.730003,19.940001,12.470000,0.750000,33.880001,1.410000,-1.900000,265.010010,70.730003,82163.257812,36.92,104.92,59.365002,PM10,21659
37.419998,68.070000,18.750000,10.620000,0.720000,36.040001,2.580000,-1.710000,264.619995,73.639999,81446.523438,36.92,105.08,59.035000,PM10,21660
42.220001,53.910000,21.790001,16.520000,1.010000,28.110001,0.430000,3.390000,262.630005,86.949997,81367.843750,36.91,106.61,59.025002,PM2.5,21669
43.439999,54.560001,21.549999,16.520000,1.090000,27.889999,0.760000,2.700000,262.790009,87.690002,82100.742188,36.91,106.78,60.549999,PM2.5,21670
45.049999,55.439999,21.299999,16.270000,1.170000,28.400000,-0.060000,2.700000,263.690002,87.309998,84152.640625,36.91,106.95,62.562500,PM2.5,21671
46.410000,55.889999,21.790001,15.660000,1.220000,30.440001,-0.690000,3.150000,264.000000,86.790001,85203.648438,36.9,107.12,64.262497,PM2.5,21672
47.150002,55.880001,22.260000,15.230000,1.240000,32.220001,-0.770000,3.780000,263.929993,86.160004,85244.773438,36.9,107.29,65.187500,PM2.5,21673
47.779999,55.930000,22.930000,15.000000,1.290000,34.029999,-0.440000,3.720000,263.369995,86.820000,84439.476562,36.9,107.46,65.974998,PM2.5,21674
24.740000,42.360001,9.550000,10.450000,0.600000,50.070000,0.810000,-0.200000,264.600006,55.500000,69967.031250,37.03,102.54,42.360001,PM10,21892
24.200001,48.980000,8.800000,9.250000,0.740000,49.570000,1.960000,-1.840000,262.079987,60.869999,67458.507812,37.04,102.71,48.980000,PM10,21893
20.370001,45.259998,7.290000,7.320000,0.730000,49.169998,3.290000,-4.150000,261.769989,61.450001,68643.242188,37.04,102.88,45.259998,PM10,21894
18.309999,39.060001,6.910000,6.790000,0.630000,50.660000,3.010000,-6.170000,263.279999,56.529999,71350.406250,37.04,103.05,39.060001,PM10,21895
18.020000,38.709999,7.050000,6.530000,0.620000,50.240002,2.620000,-5.700000,263.730011,56.529999,71609.820312,37.05,103.22,38.709999,PM10,21896
17.950001,39.450001,7.340000,6.270000,0.610000,49.439999,3.010000,-5.640000,263.190002,60.169998,71947.156250,37.05,103.39,39.450001,PM10,21897
17.920000,41.840000,8.190000,6.260000,0.630000,48.299999,3.350000,-6.130000,262.350006,66.050003,72785.882812,37.05,103.56,41.840000,PM10,21898
18.080000,44.279999,9.150000,6.190000,0.640000,46.459999,4.770000,-6.100000,262.220001,69.120003,73693.929688,37.05,103.73,44.279999,PM10,21899
19.400000,49.259998,11.040000,6.590000,0.660000,43.549999,4.430000,-6.580000,263.760010,66.059998,77252.648438,37.05,103.9,49.259998,PM10,21900
25.270000,64.180000,18.549999,10.400000,0.810000,37.639999,1.870000,-6.250000,265.149994,66.839996,81448.062500,37.05,104.07,57.090000,PM10,21901
28.420000,66.269997,20.520000,10.310000,0.750000,36.270000,0.420000,-6.230000,265.579987,68.470001,83455.687500,37.06,104.24,58.134998,PM10,21902
30.910000,66.269997,19.690001,10.290000,0.720000,35.330002,-0.000000,-4.960000,264.940002,70.260002,82427.953125,37.06,104.4,58.134998,PM10,21903
33.009998,65.320000,18.889999,10.910000,0.720000,35.000000,0.840000,-3.450000,263.549988,75.599998,80294.593750,37.06,104.58,57.660000,PM10,21904
34.439999,67.500000,19.049999,11.850000,0.710000,33.750000,2.340000,-2.880000,264.140015,73.860001,81378.093750,37.06,104.74,58.750000,PM10,21905
34.820000,67.519997,19.209999,11.860000,0.680000,33.360001,2.400000,-2.720000,265.390015,69.540001,83225.656250,37.06,104.92,58.759998,PM10,21906
42.310001,55.139999,21.820000,16.180000,0.970000,27.790001,0.400000,2.950000,263.179993,86.959999,82837.523438,37.05,106.78,59.137501,PM2.5,21917
43.790001,55.709999,21.510000,15.800000,1.020000,28.690001,-0.130000,3.010000,263.480011,87.930000,84111.328125,37.04,106.95,60.987503,PM2.5,21918
44.970001,55.759998,21.600000,15.120000,1.030000,30.730000,-0.240000,3.540000,263.690002,87.290001,84760.117188,37.04,107.12,62.462502,PM2.5,21919
19.920000,49.189999,8.210000,6.490000,0.760000,49.950001,3.440000,-2.450000,260.100006,63.150002,65944.703125,37.17,102.7,49.189999,PM10,22143
18.580000,45.790001,7.470000,6.080000,0.720000,49.599998,2.260000,-3.910000,261.059998,62.779999,69450.773438,37.18,102.87,45.790001,PM10,22144
17.010000,38.939999,6.830000,5.940000,0.630000,50.639999,2.190000,-5.080000,260.480011,66.540001,69431.726562,37.18,103.04,38.939999,PM10,22145
17.190001,38.790001,6.910000,5.910000,0.620000,49.549999,4.430000,-5.240000,260.540009,66.019997,68894.421875,37.18,103.21,38.790001,PM10,22146
17.379999,38.930000,7.210000,5.790000,0.610000,48.630001,5.400000,-5.580000,261.720001,64.559998,71309.148438,37.18,103.38,38.930000,PM10,22147
17.549999,41.000000,8.080000,5.840000,0.620000,47.110001,5.310000,-5.550000,262.200012,66.349998,73830.976562,37.19,103.55,41.000000,PM10,22148
18.340000,44.380001,9.410000,5.980000,0.630000,44.869999,5.950000,-5.280000,262.910004,66.510002,76186.039062,37.19,103.72,44.380001,PM10,22149
22.030001,53.139999,13.230000,7.500000,0.670000,40.200001,4.460000,-5.530000,264.500000,64.379997,79916.398438,37.19,103.89,51.570000,PM10,22150
25.760000,63.009998,19.639999,11.380000,0.760000,34.880001,2.260000,-5.470000,265.549988,66.720001,83237.687500,37.19,104.06,56.504997,PM10,22151
26.520000,61.119999,19.830000,10.290000,0.650000,34.970001,1.430000,-5.640000,265.929993,66.550003,84642.351562,37.19,104.23,55.559998,PM10,22152
27.770000,59.939999,18.629999,9.440000,0.600000,34.750000,1.040000,-4.370000,265.690002,67.620003,84422.023438,37.19,104.4,54.970001,PM10,22153
30.040001,59.759998,17.990000,10.110000,0.610000,34.099998,1.560000,-2.590000,265.179993,69.550003,83295.312500,37.19,104.57,54.879997,PM10,22154
32.590000,64.290001,18.620001,11.090000,0.630000,33.270000,2.260000,-2.290000,265.130005,70.570000,83204.593750,37.19,104.74,57.145000,PM10,22155
18.040001,49.959999,8.860000,5.530000,0.720000,49.900002,3.250000,-0.630000,259.480011,64.709999,64910.371094,37.31,102.53,49.959999,PM10,22394
19.690001,57.040001,10.030000,5.560000,0.830000,48.700001,2.580000,-2.190000,260.230011,63.639999,68187.726562,37.31,102.7,53.520000,PM10,22395
19.250000,52.900002,9.300000,5.750000,0.810000,49.299999,1.240000,-2.470000,261.510010,64.349998,72076.710938,37.31,102.87,51.450001,PM10,22396
17.459999,44.169998,8.050000,5.500000,0.680000,49.509998,1.980000,-1.530000,260.700012,67.989998,71646.023438,37.31,103.04,44.169998,PM10,22397
17.629999,42.580002,7.920000,5.520000,0.660000,48.139999,4.380000,-1.870000,260.600006,68.940002,71569.203125,37.32,103.21,42.580002,PM10,22398
18.580000,42.270000,8.630000,5.610000,0.660000,46.259998,4.960000,-3.840000,262.160004,65.430000,74634.648438,37.32,103.38,42.270000,PM10,22399
19.059999,43.599998,9.480000,5.750000,0.660000,44.470001,5.040000,-4.540000,262.619995,66.180000,76818.390625,37.32,103.55,43.599998,PM10,22400
19.940001,46.060001,10.670000,5.980000,0.640000,42.029999,6.120000,-5.160000,262.950012,66.650002,77999.382812,37.32,103.72,46.060001,PM10,22401
23.080000,52.720001,13.950000,7.720000,0.630000,38.369999,5.330000,-5.680000,264.350006,64.410004,80800.882812,37.32,103.89,51.360001,PM10,22402
26.480000,59.939999,21.330000,12.850000,0.640000,31.879999,3.300000,-5.720000,265.320007,65.519997,83579.992188,37.33,104.06,54.970001,PM10,22403
26.430000,57.650002,20.080000,10.780000,0.570000,33.430000,2.310000,-5.790000,265.119995,67.519997,83976.992188,37.33,104.23,53.825001,PM10,22404
26.030001,54.259998,18.010000,9.310000,0.520000,34.290001,1.930000,-5.070000,265.179993,68.400002,84072.851562,37.33,104.4,52.129997,PM10,22405
26.709999,52.799999,17.530001,9.480000,0.500000,33.669998,1.740000,-4.040000,265.380005,68.949997,84699.632812,37.33,104.57,51.400002,PM10,22406
13.780000,39.650002,6.720000,4.530000,0.550000,55.279999,4.860000,0.230000,259.630005,62.610001,63091.250000,37.44,102.35,39.650002,PM10,22646
18.809999,64.300003,12.570000,5.100000,0.890000,48.669998,1.850000,-1.590000,260.350006,62.250000,68135.953125,37.44,102.52,57.150002,PM10,22647
25.100000,76.750000,16.680000,6.970000,1.090000,44.430000,-0.110000,-1.520000,262.010010,63.580002,73547.203125,37.44,102.69,63.375000,PM10,22648
27.480000,75.269997,17.030001,8.180000,1.110000,43.799999,-0.240000,-1.390000,262.630005,64.889999,76419.343750,37.45,102.87,62.634998,PM10,22649
24.790001,63.090000,14.840000,7.350000,0.940000,43.619999,1.170000,-0.880000,262.619995,64.889999,76618.046875,37.45,103.04,56.544998,PM10,22650
24.299999,58.599998,14.080000,6.920000,0.880000,42.450001,2.980000,-1.490000,262.750000,64.510002,77137.289062,37.45,103.21,54.299999,PM10,22651
24.770000,55.619999,14.120000,6.770000,0.820000,40.840000,3.650000,-3.060000,263.750000,61.380001,79541.671875,37.45,103.38,52.809998,PM10,22652
23.660000,53.310001,13.490000,6.470000,0.770000,40.500000,3.890000,-3.300000,263.579987,63.259998,80213.093750,37.46,103.55,51.654999,PM10,22653
22.430000,49.369999,12.870000,6.210000,0.680000,39.759998,5.300000,-3.730000,262.890015,65.360001,79188.617188,37.46,103.72,49.369999,PM10,22654
23.110001,50.520000,13.900000,6.840000,0.610000,37.770000,5.690000,-5.070000,263.820007,63.660000,80959.843750,37.46,103.89,50.260002,PM10,22655
25.650000,54.270000,19.760000,11.580000,0.560000,31.850000,4.030000,-5.430000,264.750000,65.830002,83488.187500,37.46,104.06,52.135002,PM10,22656
8.560000,25.250000,4.470000,2.770000,0.360000,56.250000,6.260000,0.700000,257.679993,65.779999,61334.320312,37.57,102.18,25.250000,PM10,22899
11.520000,43.980000,8.540000,3.350000,0.580000,52.200001,5.400000,-1.690000,259.690002,61.209999,64772.429688,37.57,102.35,43.980000,PM10,22900
21.160000,74.769997,17.219999,5.960000,1.030000,44.990002,0.720000,-2.870000,261.579987,63.189999,71819.687500,37.58,102.52,62.384998,PM10,22901
34.799999,102.639999,27.090000,10.360000,1.500000,37.590000,-1.160000,-1.280000,263.000000,63.970001,77644.039062,37.58,102.69,76.320000,PM10,22902
38.200001,105.410004,28.930000,11.380000,1.550000,36.770000,-0.560000,-1.400000,263.839996,62.410000,80425.070312,37.58,102.86,77.705002,PM10,22903
33.389999,87.029999,24.930000,9.380000,1.250000,37.849998,0.600000,-1.560000,264.029999,61.439999,81190.437500,37.59,103.03,68.514999,PM10,22904
30.820000,77.080002,22.190001,8.100000,1.090000,37.790001,2.260000,-2.030000,263.920013,61.340000,81262.328125,37.59,103.2,63.540001,PM10,22905
29.219999,68.910004,20.030001,7.430000,0.970000,37.450001,3.440000,-2.720000,264.040009,61.509998,81961.101562,37.59,103.37,59.455002,PM10,22906
28.080000,65.050003,18.680000,7.250000,0.900000,36.869999,3.960000,-2.720000,264.170013,61.610001,82388.078125,37.59,103.55,57.525002,PM10,22907
26.379999,57.410000,16.700001,6.930000,0.780000,36.369999,4.630000,-2.880000,264.100006,61.910000,82316.382812,37.59,103.72,53.705002,PM10,22908
6.400000,19.190001,3.500000,2.030000,0.290000,57.070000,2.510000,-0.170000,259.720001,61.540001,66131.179688,37.7,101.83,19.190001,PM10,23150
8.800000,32.860001,6.950000,2.660000,0.430000,53.759998,4.700000,-0.590000,260.079987,62.470001,67315.328125,37.71,102.17,32.860001,PM10,23152
13.080000,52.320000,12.190000,3.910000,0.670000,49.099998,3.450000,-2.900000,261.260010,63.259998,70638.476562,37.71,102.34,51.160000,PM10,23153
25.139999,86.209999,23.520000,7.710000,1.210000,41.000000,0.710000,-2.860000,262.589996,64.739998,76075.953125,37.71,102.52,68.104996,PM10,23154
37.560001,109.550003,33.150002,11.910000,1.630000,34.099998,-0.400000,-1.810000,264.049988,62.369999,80939.242188,37.72,102.69,79.775002,PM10,23155
39.709999,109.129997,34.209999,11.840000,1.580000,33.830002,0.020000,-1.750000,264.600006,62.529999,83438.343750,37.72,102.86,79.565002,PM10,23156
35.939999,96.629997,30.750000,9.950000,1.330000,34.849998,1.050000,-1.830000,264.429993,63.009998,83832.906250,37.72,103.03,73.315002,PM10,23157
33.099998,86.099998,27.230000,8.620000,1.150000,35.080002,2.300000,-2.110000,263.989990,63.599998,83332.507812,37.72,103.2,68.050003,PM10,23158
30.990000,75.669998,23.740000,7.890000,1.000000,34.970001,3.550000,-2.530000,263.790009,63.040001,82948.882812,37.73,103.37,62.834999,PM10,23159
29.860001,70.879997,21.910000,7.680000,0.930000,34.389999,4.380000,-2.780000,264.089996,61.750000,83301.656250,37.73,103.54,60.439999,PM10,23160
27.969999,60.680000,19.030001,7.350000,0.790000,33.950001,4.430000,-3.000000,264.600006,60.959999,84073.867188,37.73,103.71,55.340000,PM10,23161
7.030000,16.629999,3.170000,1.920000,0.230000,55.310001,1.770000,-1.820000,256.579987,68.139999,63115.691406,37.82,101.31,16.629999,PM10,23403
7.210000,22.520000,4.190000,2.060000,0.300000,56.799999,3.810000,0.420000,260.700012,59.349998,67609.789062,37.83,101.65,22.520000,PM10,23405
8.020000,27.790001,6.130000,2.700000,0.370000,55.419998,1.540000,-0.950000,262.609985,57.450001,70951.343750,37.83,101.83,27.790001,PM10,23406
9.850000,35.939999,8.410000,3.320000,0.480000,53.099998,0.670000,-1.550000,262.440002,60.540001,72136.976562,37.84,102.0,35.939999,PM10,23407
13.070000,49.720001,12.750000,4.300000,0.650000,49.200001,1.310000,-1.890000,261.940002,64.139999,72969.750000,37.84,102.17,49.720001,PM10,23408
20.840000,75.410004,20.850000,6.660000,1.020000,43.000000,1.210000,-2.370000,262.290009,67.089996,75604.671875,37.84,102.34,62.705002,PM10,23409
38.380001,118.910004,37.259998,13.350000,1.870000,33.549999,0.380000,-2.220000,263.649994,64.430000,79924.757812,37.85,102.51,84.455002,PM10,23410
45.840000,132.850006,42.669998,15.230000,2.060000,29.030001,0.050000,-2.360000,264.649994,64.250000,83930.507812,37.85,102.68,91.425003,PM10,23411
39.040001,108.599998,36.119999,10.930000,1.480000,32.470001,0.530000,-2.100000,264.540009,66.739998,85169.656250,37.85,102.85,79.300003,PM10,23412
35.290001,96.879997,32.820000,9.200000,1.240000,33.610001,1.470000,-2.290000,263.989990,67.029999,84484.656250,37.86,103.03,73.440002,PM10,23413
31.610001,83.419998,28.469999,8.110000,1.020000,33.750000,2.710000,-2.380000,263.790009,65.790001,83934.656250,37.86,103.2,66.709999,PM10,23414
29.129999,72.120003,24.490000,7.680000,0.860000,33.430000,3.640000,-2.410000,263.859985,64.720001,83860.726562,37.86,103.37,61.060001,PM10,23415
8.070000,19.680000,4.240000,2.030000,0.230000,54.279999,4.450000,-1.610000,256.309998,68.320000,63632.460938,37.95,101.13,19.680000,PM10,23659
8.730000,25.450001,4.940000,2.120000,0.280000,54.470001,5.650000,0.180000,257.839996,65.239998,65540.187500,37.96,101.31,25.450001,PM10,23660
8.520000,27.330000,4.890000,2.150000,0.310000,54.740002,5.820000,-0.060000,259.369995,62.490002,67657.992188,37.96,101.48,27.330000,PM10,23661
8.170000,27.889999,4.910000,2.190000,0.330000,55.040001,5.890000,-1.620000,260.390015,60.959999,69131.773438,37.96,101.65,27.889999,PM10,23662
9.080000,32.580002,6.250000,2.650000,0.410000,54.250000,4.240000,-2.750000,262.220001,59.669998,71799.406250,37.97,101.82,32.580002,PM10,23663
11.480000,42.849998,9.180000,3.570000,0.550000,51.700001,1.640000,-2.800000,262.459991,64.040001,73827.437500,37.97,101.99,42.849998,PM10,23664
16.400000,62.230000,16.930000,5.470000,0.810000,46.279999,0.580000,-1.960000,262.399994,67.739998,75761.140625,37.98,102.16,56.114998,PM10,23665
26.889999,88.910004,27.350000,8.630000,1.230000,38.419998,0.140000,-1.630000,263.589996,66.410004,79782.570312,37.98,102.34,69.455002,PM10,23666
39.020000,117.070000,38.169998,12.560000,1.740000,31.290001,0.090000,-2.210000,264.369995,66.419998,83501.656250,37.98,102.51,83.535004,PM10,23667
40.450001,119.410004,39.150002,12.330000,1.660000,30.270000,0.530000,-2.480000,264.489990,68.989998,85379.382812,37.99,102.68,84.705002,PM10,23668
34.230000,97.449997,33.150002,9.360000,1.150000,32.099998,0.970000,-2.480000,264.190002,70.040001,85600.031250,37.99,102.85,73.724998,PM10,23669
31.379999,86.870003,30.100000,8.260000,0.960000,32.799999,1.850000,-2.530000,263.839996,69.260002,84937.726562,37.99,103.02,68.434998,PM10,23670
28.450001,76.379997,27.020000,7.830000,0.800000,32.299999,2.860000,-2.500000,263.820007,67.900002,84700.687500,37.99,103.19,63.189999,PM10,23671
11.050000,28.930000,7.060000,2.700000,0.260000,53.430000,4.680000,-0.450000,256.649994,68.900002,64608.761719,38.08,100.96,28.930000,PM10,23912
11.690000,34.599998,7.630000,2.820000,0.320000,53.130001,6.200000,-0.040000,258.100006,65.730003,66744.859375,38.09,101.13,34.599998,PM10,23913
12.540000,40.590000,8.490000,2.970000,0.400000,53.009998,5.910000,-0.450000,260.089996,61.450001,69842.703125,38.09,101.3,40.590000,PM10,23914
11.870000,40.000000,8.110000,2.790000,0.430000,53.799999,5.050000,-0.210000,260.040009,63.759998,70627.539062,38.1,101.47,40.000000,PM10,23915
11.660000,41.000000,7.890000,2.880000,0.480000,53.849998,5.950000,-0.680000,260.059998,65.129997,70460.718750,38.1,101.64,41.000000,PM10,23916
12.510000,45.119999,8.370000,3.140000,0.560000,53.169998,5.200000,-2.190000,261.920013,63.020000,72883.101562,38.1,101.82,45.119999,PM10,23917
15.390000,54.180000,11.870000,4.420000,0.710000,49.919998,2.280000,-2.590000,263.459991,62.570000,76588.710938,38.11,101.99,52.090000,PM10,23918
24.219999,81.849998,26.170000,8.300000,1.100000,40.799999,0.190000,-2.120000,264.130005,65.120003,79899.546875,38.11,102.16,65.925003,PM10,23919
32.380001,103.199997,33.810001,10.510000,1.390000,34.040001,-0.420000,-2.520000,264.329987,69.269997,83161.929688,38.12,102.33,76.599998,PM10,23920
35.200001,107.199997,33.869999,10.660000,1.400000,31.830000,0.030000,-3.100000,264.480011,69.500000,85329.562500,38.12,102.5,78.599998,PM10,23921
34.130001,103.209999,31.230000,9.870000,1.190000,31.540001,0.530000,-3.060000,264.329987,68.150002,85926.398438,38.12,102.68,76.604996,PM10,23922
30.040001,88.750000,28.309999,8.720000,0.850000,31.700001,1.130000,-3.010000,263.989990,68.769997,85787.820312,38.12,102.85,69.375000,PM10,23923
28.719999,81.230003,26.709999,8.390000,0.760000,31.219999,1.940000,-2.770000,263.829987,68.930000,85445.382812,38.13,103.02,65.615005,PM10,23924
27.440001,74.430000,25.320000,8.380000,0.680000,30.230000,2.530000,-2.640000,263.850006,69.099998,85449.570312,38.13,103.19,62.215000,PM10,23925
26.299999,67.709999,23.360001,8.450000,0.600000,29.360001,2.710000,-2.590000,263.959991,69.400002,85556.960938,38.13,103.36,58.855000,PM10,23926
13.750000,36.119999,9.690000,3.240000,0.270000,52.270000,4.590000,-0.030000,257.500000,67.279999,65464.261719,38.21,100.78,36.119999,PM10,24168
18.100000,54.590000,13.650000,4.200000,0.400000,51.660000,4.240000,0.050000,259.549988,64.830002,69867.062500,38.22,100.95,52.294998,PM10,24169
16.770000,53.619999,12.810000,3.880000,0.450000,52.209999,4.670000,-0.640000,259.609985,66.220001,71221.132812,38.22,101.12,51.809998,PM10,24170
16.040001,52.830002,12.310000,3.670000,0.500000,52.900002,5.740000,-2.670000,259.309998,67.699997,71467.187500,38.23,101.29,51.415001,PM10,24171
16.000000,53.950001,12.190000,3.610000,0.560000,52.980000,6.090000,-1.110000,260.630005,63.950001,72863.843750,38.23,101.47,51.974998,PM10,24172
16.010000,55.090000,11.830000,3.760000,0.610000,52.540001,5.290000,0.260000,262.750000,58.959999,75229.507812,38.24,101.64,52.544998,PM10,24173
17.150000,58.380001,12.240000,4.220000,0.680000,51.009998,3.830000,-1.530000,263.769989,59.669998,77467.781250,38.24,101.81,54.190002,PM10,24174
20.660000,70.940002,18.750000,6.380000,0.880000,46.610001,2.810000,-2.460000,264.410004,60.139999,79845.773438,38.24,101.98,60.470001,PM10,24175
27.170000,98.010002,35.200001,10.150000,1.230000,38.529999,1.600000,-2.940000,264.679993,65.669998,81963.562500,38.25,102.15,74.005005,PM10,24176
31.840000,105.519997,35.049999,10.520000,1.260000,34.070000,0.590000,-3.490000,263.950012,71.699997,83485.296875,38.25,102.33,77.759995,PM10,24177
33.080002,105.940002,31.580000,10.240000,1.190000,32.110001,0.780000,-3.980000,263.820007,68.290001,84825.257812,38.25,102.5,77.970001,PM10,24178
32.029999,101.120003,28.639999,9.630000,1.000000,31.459999,1.050000,-3.740000,264.010010,64.949997,85735.429688,38.26,102.67,75.559998,PM10,24179
29.809999,90.519997,26.750000,9.050000,0.790000,30.780001,1.280000,-3.430000,263.950012,65.570000,86015.421875,38.26,102.84,70.259995,PM10,24180
29.080000,84.230003,25.080000,8.970000,0.730000,29.830000,1.560000,-2.950000,263.829987,67.230003,85855.601562,38.26,103.02,67.115005,PM10,24181
28.219999,77.620003,24.080000,8.950000,0.660000,28.889999,1.750000,-2.780000,263.790009,68.440002,85742.351562,38.27,103.19,63.810001,PM10,24182
27.340000,71.029999,23.110001,9.040000,0.590000,28.020000,1.740000,-2.700000,263.839996,69.199997,85856.460938,38.27,103.36,60.514999,PM10,24183
5.940000,9.170000,2.890000,1.600000,0.140000,55.160000,-0.190000,-2.750000,258.630005,61.320000,66669.000000,38.32,100.08,9.170000,PM10,24423
9.890000,20.150000,5.800000,2.420000,0.180000,53.049999,0.770000,0.660000,256.140015,69.690002,63379.761719,38.34,100.42,20.150000,PM10,24425
17.360001,43.360001,12.760000,3.860000,0.270000,51.639999,3.230000,1.070000,258.059998,67.519997,66618.226562,38.34,100.6,43.360001,PM10,24426
29.700001,81.989998,24.230000,6.460000,0.490000,49.130001,2.690000,-0.520000,260.640015,63.990002,72100.710938,38.35,100.77,65.994995,PM10,24427
38.490002,118.910004,32.020000,8.420000,0.780000,48.810001,1.000000,-0.990000,261.390015,65.190002,75537.273438,38.35,100.94,84.455002,PM10,24428
28.840000,93.019997,25.639999,6.740000,0.760000,52.340000,0.860000,-0.110000,259.739990,71.330002,74095.156250,38.36,101.11,71.509995,PM10,24429
23.469999,75.910004,20.150000,5.410000,0.710000,52.880001,4.760000,-1.730000,258.160004,74.849998,70848.828125,38.36,101.29,62.955002,PM10,24430
21.049999,68.760002,16.990000,4.880000,0.680000,52.689999,7.980000,-2.410000,260.429993,64.699997,72465.421875,38.37,101.46,59.380001,PM10,24431
21.150000,70.730003,15.930000,4.940000,0.720000,50.840000,6.290000,-2.880000,263.779999,55.959999,77529.820312,38.37,101.63,60.365002,PM10,24432
19.450001,64.720001,13.760000,4.620000,0.660000,50.020000,4.690000,-4.130000,263.640015,59.360001,79076.382812,38.38,101.8,57.360001,PM10,24433
20.580000,76.230003,18.760000,6.500000,0.820000,47.230000,4.730000,-3.560000,263.290009,62.099998,79088.703125,38.38,101.98,63.115002,PM10,24434
28.180000,116.430000,41.730000,12.030000,1.320000,37.259998,2.680000,-3.290000,264.130005,65.580002,81760.382812,38.38,102.15,83.214996,PM10,24435
29.590000,103.690002,32.869999,9.840000,0.970000,34.349998,0.700000,-3.350000,263.540009,70.099998,84049.078125,38.39,102.32,76.845001,PM10,24436
29.330000,97.970001,29.950001,9.250000,0.800000,32.950001,1.150000,-3.730000,263.369995,66.459999,84996.117188,38.39,102.5,73.985001,PM10,24437
28.600000,92.080002,26.799999,8.920000,0.720000,31.900000,1.570000,-3.710000,263.630005,63.860001,85857.476562,38.39,102.67,71.040001,PM10,24438
28.469999,88.290001,25.059999,8.850000,0.720000,30.780001,1.430000,-3.420000,263.799988,64.430000,86257.070312,38.4,102.84,69.145004,PM10,24439
28.180000,83.900002,23.330000,8.810000,0.700000,29.750000,1.230000,-2.920000,263.750000,66.309998,86164.320312,38.4,103.01,66.949997,PM10,24440
27.680000,78.099998,22.709999,8.870000,0.660000,28.740000,1.270000,-2.760000,263.600006,67.769997,85981.789062,38.4,103.19,64.050003,PM10,24441
27.020000,71.220001,22.219999,8.980000,0.580000,27.930000,1.350000,-2.700000,263.700012,68.290001,86278.539062,38.4,103.36,60.610001,PM10,24442
2.390000,2.660000,0.420000,0.290000,0.100000,55.880001,8.930000,2.440000,251.289993,73.389999,55403.761719,38.25,95.94,3.414286,PM2.5,24659
2.380000,2.640000,0.420000,0.270000,0.100000,57.470001,10.070000,4.050000,251.789993,68.639999,55307.871094,38.26,96.11,3.400000,PM2.5,24660
2.360000,2.610000,0.400000,0.240000,0.100000,58.689999,10.610000,4.470000,254.059998,58.330002,56825.359375,38.27,96.28,3.371428,PM2.5,24661
2.350000,2.590000,0.390000,0.230000,0.100000,58.669998,10.240000,2.870000,255.850006,52.580002,58393.191406,38.28,96.45,3.357143,PM2.5,24662
2.340000,2.580000,0.390000,0.230000,0.100000,56.990002,8.980000,1.350000,256.029999,53.139999,58947.539062,38.29,96.62,3.342857,PM2.5,24663
4.490000,6.620000,1.890000,1.220000,0.130000,55.450001,1.470000,-1.400000,257.660004,60.720001,64850.031250,38.45,99.73,6.620000,PM10,24681
5.680000,9.320000,2.790000,1.530000,0.140000,54.570000,0.220000,-1.530000,258.739990,60.480000,67369.281250,38.45,99.9,9.320000,PM10,24682
9.090000,18.280001,4.990000,2.070000,0.160000,53.529999,1.320000,0.150000,256.799988,69.230003,64949.949219,38.46,100.24,18.280001,PM10,24684
20.430000,48.270000,14.710000,4.450000,0.260000,49.970001,1.910000,1.270000,259.420013,66.070000,69665.898438,38.47,100.42,48.270000,PM10,24685
38.759998,99.239998,29.660000,7.600000,0.460000,46.130001,0.820000,-0.680000,261.790009,63.250000,75560.859375,38.48,100.59,74.619995,PM10,24686
42.570000,110.769997,34.410000,8.870000,0.610000,45.000000,0.500000,-1.520000,262.019989,65.300003,77845.687500,38.48,100.76,80.384995,PM10,24687
43.759998,123.019997,35.000000,9.330000,0.760000,46.119999,0.530000,-0.490000,261.440002,69.970001,78277.648438,38.49,100.94,86.509995,PM10,24688
33.410000,99.320000,28.410000,7.660000,0.740000,49.259998,1.490000,1.710000,260.839996,71.589996,76855.093750,38.49,101.11,74.660004,PM10,24689
27.600000,83.970001,23.010000,6.430000,0.710000,49.580002,4.940000,1.420000,259.910004,72.620003,74586.187500,38.5,101.28,66.985001,PM10,24690
24.760000,76.650002,19.639999,5.950000,0.690000,49.290001,8.320000,-1.390000,260.779999,68.400002,75324.539062,38.5,101.45,63.325001,PM10,24691
21.920000,68.870003,16.309999,5.310000,0.640000,49.740002,8.510000,-4.460000,261.640015,66.830002,77228.156250,38.51,101.63,59.435001,PM10,24692
20.160000,64.330002,13.990000,4.850000,0.600000,49.459999,8.500000,-5.460000,260.850006,69.339996,76317.281250,38.51,101.8,57.165001,PM10,24693
21.040001,75.309998,19.330000,6.500000,0.720000,46.099998,7.460000,-4.350000,262.029999,64.150002,77428.500000,38.51,101.97,62.654999,PM10,24694
28.580000,118.320000,45.639999,12.720000,1.160000,34.410000,2.860000,-3.920000,264.049988,62.860001,82664.742188,38.52,102.15,84.160004,PM10,24695
28.590000,102.099998,32.720001,9.540000,0.880000,33.410000,0.280000,-3.300000,264.010010,64.779999,85746.406250,38.52,102.32,76.050003,PM10,24696
27.770000,94.830002,26.959999,8.850000,0.760000,32.419998,1.020000,-3.330000,263.760010,62.480000,86165.671875,38.52,102.49,72.415001,PM10,24697
26.680000,86.800003,23.670000,8.390000,0.680000,31.650000,1.480000,-3.260000,263.829987,61.849998,86529.820312,38.53,102.66,68.400002,PM10,24698
26.200001,81.570000,22.219999,8.160000,0.660000,30.830000,1.250000,-3.160000,263.799988,63.310001,86621.476562,38.53,102.84,65.785004,PM10,24699
26.620001,80.080002,21.260000,8.380000,0.700000,29.820000,0.980000,-2.850000,263.720001,64.919998,86574.960938,38.53,103.01,65.040001,PM10,24700
26.840000,77.059998,22.049999,8.450000,0.690000,29.059999,1.050000,-2.830000,263.609985,65.919998,86599.906250,38.54,103.18,63.529999,PM10,24701
26.129999,68.709999,21.350000,8.260000,0.590000,28.709999,1.240000,-2.830000,263.730011,66.209999,86872.617188,38.54,103.36,59.355000,PM10,24702
25.709999,60.560001,21.420000,8.570000,0.520000,28.240000,1.290000,-2.580000,263.760010,67.150002,86909.351562,38.54,103.53,55.279999,PM10,24703
2.490000,2.770000,0.440000,0.350000,0.100000,57.169998,5.270000,5.850000,255.529999,66.180000,59612.109375,38.33,95.23,3.557143,PM2.5,24913
2.460000,2.740000,0.440000,0.350000,0.100000,55.320000,7.310000,5.030000,254.789993,66.330002,58660.828125,38.34,95.41,3.514286,PM2.5,24914
2.440000,2.710000,0.440000,0.330000,0.100000,54.500000,8.960000,3.690000,253.020004,70.610001,56870.070312,38.36,95.58,3.485714,PM2.5,24915
2.420000,2.690000,0.430000,0.300000,0.100000,54.910000,11.020000,3.400000,252.210007,70.110001,55829.628906,38.37,95.75,3.457143,PM2.5,24916
2.420000,2.680000,0.420000,0.280000,0.100000,55.480000,11.530000,3.560000,253.520004,61.980000,56613.828125,38.38,95.92,3.457143,PM2.5,24917
2.410000,2.650000,0.400000,0.260000,0.100000,55.840000,9.560000,2.560000,255.850006,54.209999,58882.101562,38.39,96.09,3.442857,PM2.5,24918
2.390000,2.630000,0.400000,0.250000,0.100000,54.730000,6.760000,0.980000,256.140015,55.320000,60081.531250,38.4,96.27,3.414286,PM2.5,24919
2.380000,2.630000,0.390000,0.240000,0.100000,54.000000,6.000000,0.220000,254.330002,64.300003,58950.148438,38.41,96.44,3.400000,PM2.5,24920
2.380000,2.630000,0.370000,0.230000,0.100000,54.169998,6.770000,-0.140000,253.559998,67.949997,58284.488281,38.42,96.61,3.400000,PM2.5,24921
3.960000,5.780000,1.430000,1.210000,0.130000,56.849998,2.490000,-1.320000,255.589996,64.540001,62320.039062,38.57,99.54,5.780000,PM10,24938
5.070000,8.560000,2.220000,1.420000,0.140000,55.080002,3.370000,-2.290000,256.600006,62.419998,63990.089844,38.58,99.72,8.560000,PM10,24939
6.240000,11.290000,3.010000,1.700000,0.150000,53.660000,2.440000,-2.840000,258.359985,60.340000,67389.976562,38.59,99.89,11.290000,PM10,24940
9.240000,18.180000,5.180000,2.590000,0.170000,51.740002,1.650000,-0.770000,258.679993,63.889999,68880.757812,38.59,100.06,18.180000,PM10,24941
20.610001,46.630001,13.770000,4.750000,0.240000,48.330002,1.570000,0.760000,259.850006,64.550003,71359.382812,38.6,100.24,46.630001,PM10,24942
45.240002,108.940002,32.660000,9.970000,0.440000,41.810001,0.170000,-1.290000,262.059998,64.099998,77568.250000,38.61,100.41,79.470001,PM10,24943
49.570000,123.910004,36.310001,9.870000,0.540000,43.310001,-0.690000,-2.080000,262.500000,67.410004,81343.546875,38.61,100.58,86.955002,PM10,24944
43.830002,112.220001,34.110001,9.480000,0.550000,44.040001,0.240000,-1.170000,262.040009,70.190002,81326.546875,38.62,100.76,81.110001,PM10,24945
41.590000,111.410004,32.880001,9.210000,0.610000,43.790001,1.630000,0.050000,261.859985,70.540001,80947.093750,38.62,100.93,80.705002,PM10,24946
37.590000,105.730003,29.950001,8.540000,0.670000,44.910000,2.800000,1.280000,262.010010,69.629997,80476.851562,38.63,101.1,77.865005,PM10,24947
32.320000,93.750000,25.820000,7.530000,0.680000,45.990002,4.500000,1.480000,261.739990,70.080002,79324.796875,38.63,101.27,71.875000,PM10,24948
28.610001,85.360001,22.350000,6.910000,0.670000,46.080002,6.060000,-0.240000,261.119995,72.559998,78368.351562,38.64,101.45,67.680000,PM10,24949
25.100000,76.839996,18.840000,6.150000,0.630000,46.090000,6.980000,-1.640000,260.109985,75.709999,77058.617188,38.64,101.62,63.419998,PM10,24950
22.820000,71.589996,16.299999,5.600000,0.600000,45.580002,8.450000,-2.270000,260.160004,72.360001,76065.789062,38.65,101.79,60.794998,PM10,24951
23.690001,83.360001,24.299999,7.800000,0.740000,40.650002,7.100000,-3.600000,262.299988,64.720001,79368.742188,38.65,101.97,66.680000,PM10,24952
28.129999,114.800003,44.130001,12.430000,1.060000,31.860001,2.900000,-4.510000,263.869995,61.919998,84428.117188,38.65,102.14,82.400002,PM10,24953
26.059999,94.230003,28.870001,8.650000,0.810000,32.610001,1.140000,-3.640000,264.149994,60.889999,86617.382812,38.66,102.31,72.115005,PM10,24954
25.020000,86.309998,23.770000,7.890000,0.700000,32.119999,1.300000,-3.150000,264.100006,59.410000,87011.921875,38.66,102.49,68.154999,PM10,24955
23.549999,76.760002,20.930000,7.390000,0.610000,31.690001,1.290000,-3.020000,264.000000,60.320000,87032.351562,38.66,102.66,63.380001,PM10,24956
22.730000,70.760002,19.459999,7.220000,0.590000,30.920000,1.090000,-3.150000,263.799988,61.759998,86957.843750,38.67,102.83,60.380001,PM10,24957
23.299999,70.489998,18.680000,7.520000,0.630000,30.090000,1.020000,-3.100000,263.589996,62.990002,86944.109375,38.67,103.01,60.244999,PM10,24958
23.520000,66.989998,19.410000,7.560000,0.620000,29.719999,1.200000,-3.170000,263.549988,63.630001,87068.226562,38.67,103.18,58.494999,PM10,24959
23.250000,59.580002,19.320000,7.360000,0.530000,29.530001,1.390000,-3.150000,263.589996,64.500000,87190.312500,38.67,103.35,54.790001,PM10,24960
23.059999,51.750000,19.420000,7.570000,0.470000,29.490000,1.450000,-2.790000,263.609985,65.809998,87180.406250,38.68,103.53,50.875000,PM10,24961
22.610001,43.919998,17.299999,7.730000,0.420000,29.510000,1.440000,-2.410000,263.630005,66.949997,87207.320312,38.68,103.7,43.919998,PM10,24962
21.860001,38.259998,15.390000,7.810000,0.370000,29.719999,1.360000,-2.250000,263.709991,67.440002,87287.351562,38.68,103.87,38.259998,PM10,24963
2.890000,3.130000,0.510000,0.380000,0.130000,62.220001,-1.720000,-1.960000,259.320007,68.199997,66502.976562,38.42,94.53,4.128572,PM2.5,25159
2.780000,3.020000,0.470000,0.330000,0.120000,62.529999,-0.630000,-0.290000,258.709991,66.220001,64461.199219,38.43,94.7,3.971429,PM2.5,25160
2.700000,2.950000,0.450000,0.270000,0.120000,64.180000,1.730000,2.320000,256.679993,67.989998,61266.421875,38.44,94.87,3.857143,PM2.5,25161
2.600000,2.860000,0.430000,0.280000,0.110000,61.130001,5.000000,4.120000,255.500000,67.709999,59770.710938,38.45,95.05,3.714286,PM2.5,25162
2.560000,2.820000,0.420000,0.290000,0.110000,59.470001,6.440000,3.900000,256.529999,60.990002,60568.121094,38.47,95.22,3.657143,PM2.5,25163
2.530000,2.780000,0.420000,0.290000,0.110000,56.840000,6.760000,3.340000,256.290009,61.480000,60538.238281,38.48,95.39,3.614286,PM2.5,25164
2.500000,2.760000,0.420000,0.290000,0.110000,55.360001,8.090000,3.670000,255.169998,64.839996,59345.648438,38.49,95.56,3.571429,PM2.5,25165
2.490000,2.740000,0.400000,0.270000,0.110000,55.410000,9.140000,2.460000,255.389999,63.310001,59286.011719,38.5,95.74,3.557143,PM2.5,25166
2.480000,2.730000,0.390000,0.260000,0.110000,55.070000,7.300000,0.080000,256.140015,61.619999,60625.480469,38.51,95.91,3.542857,PM2.5,25167
2.480000,2.730000,0.390000,0.220000,0.110000,54.689999,4.010000,-1.600000,255.059998,66.150002,60755.769531,38.53,96.08,3.542857,PM2.5,25168
2.470000,2.720000,0.380000,0.200000,0.110000,54.990002,3.200000,-0.690000,253.820007,70.339996,59672.359375,38.54,96.25,3.528571,PM2.5,25169
2.460000,2.720000,0.380000,0.200000,0.110000,54.349998,4.560000,0.890000,253.619995,70.830002,59198.171875,38.55,96.42,3.514286,PM2.5,25170
2.470000,2.740000,0.370000,0.200000,0.110000,54.540001,5.690000,0.920000,254.250000,69.080002,59739.328125,38.56,96.6,3.528571,PM2.5,25171
2.470000,2.740000,0.360000,0.200000,0.100000,54.610001,5.100000,0.540000,254.750000,67.720001,60519.550781,38.57,96.77,3.528571,PM2.5,25172
2.440000,2.710000,0.360000,0.200000,0.100000,55.820000,2.700000,0.270000,253.759995,69.900002,60558.851562,38.58,96.94,3.485714,PM2.5,25173
5.460000,9.540000,2.420000,1.670000,0.150000,54.669998,3.130000,-0.300000,256.010010,63.020000,64013.160156,38.71,99.54,9.540000,PM10,25188
6.640000,12.670000,3.290000,1.940000,0.150000,53.000000,2.990000,-1.050000,257.609985,60.380001,67045.890625,38.72,99.71,12.670000,PM10,25189
7.420000,14.300000,3.680000,2.070000,0.160000,52.070000,3.610000,-2.260000,258.299988,61.099998,68885.796875,38.72,99.88,14.300000,PM10,25190
14.200000,30.180000,8.160000,3.660000,0.200000,48.380001,2.500000,-1.050000,260.309998,60.480000,72679.710938,38.73,100.06,30.180000,PM10,25191
47.290001,112.019997,31.180000,10.930000,0.420000,37.110001,-0.190000,-0.920000,262.000000,64.099998,78643.539062,38.74,100.23,81.009995,PM10,25192
54.779999,131.820007,39.650002,13.380000,0.500000,38.799999,-0.730000,-1.860000,262.609985,68.760002,82952.367188,38.74,100.4,90.910004,PM10,25193
49.250000,121.070000,37.369999,11.250000,0.510000,42.400002,0.320000,-1.610000,263.089996,68.209999,84358.773438,38.75,100.58,85.535004,PM10,25194
39.189999,98.290001,31.950001,9.880000,0.460000,44.310001,1.690000,-1.770000,263.010010,66.779999,83857.812500,38.75,100.75,74.145004,PM10,25195
34.189999,88.019997,28.610001,8.880000,0.460000,44.049999,2.810000,-1.110000,262.619995,67.300003,82568.796875,38.76,100.92,69.009995,PM10,25196
32.990002,88.550003,27.680000,8.450000,0.530000,43.939999,3.190000,0.380000,261.910004,71.000000,81169.632812,38.76,101.1,69.275002,PM10,25197
30.180000,84.209999,24.860001,7.430000,0.560000,44.439999,4.300000,1.180000,260.959991,74.050003,79367.703125,38.77,101.27,67.104996,PM10,25198
24.260000,82.720001,28.219999,8.790000,0.730000,33.750000,4.330000,-3.220000,263.339996,62.840000,83881.023438,38.78,101.96,66.360001,PM10,25202
24.120001,89.830002,32.220001,9.690000,0.810000,30.750000,2.630000,-3.750000,263.779999,61.570000,86238.406250,38.79,102.14,69.915001,PM10,25203
22.170000,76.230003,23.540001,7.240000,0.650000,31.510000,2.000000,-3.130000,264.089996,58.259998,87054.273438,38.79,102.31,63.115002,PM10,25204
21.040001,69.480003,20.700001,6.630000,0.580000,31.530001,1.500000,-2.800000,264.170013,57.130001,87235.828125,38.8,102.48,59.740002,PM10,25205
19.920000,62.950001,18.920000,6.300000,0.530000,31.530001,1.110000,-3.080000,263.950012,58.110001,87041.476562,38.8,102.66,56.474998,PM10,25206
19.549999,59.369999,18.040001,6.320000,0.510000,30.980000,1.030000,-3.490000,263.559998,59.180000,86966.960938,38.8,102.83,54.684998,PM10,25207
19.900000,58.240002,17.500000,6.480000,0.520000,30.450001,1.230000,-3.530000,263.329987,60.130001,87147.796875,38.8,103.0,54.120003,PM10,25208
20.330000,55.250000,17.770000,6.570000,0.510000,30.270000,1.490000,-3.490000,263.250000,61.439999,87306.046875,38.81,103.18,52.625000,PM10,25209
20.690001,50.209999,18.420000,6.680000,0.470000,30.280001,1.650000,-3.220000,263.260010,63.000000,87306.492188,38.81,103.35,50.105000,PM10,25210
21.139999,43.849998,18.340000,6.960000,0.420000,30.450001,1.670000,-2.970000,263.320007,64.500000,87321.976562,38.81,103.52,43.849998,PM10,25211
20.760000,37.439999,16.870001,7.110000,0.370000,30.309999,1.580000,-2.540000,263.390015,65.730003,87424.718750,38.81,103.7,37.439999,PM10,25212
19.530001,32.290001,14.920000,7.210000,0.330000,30.490000,1.450000,-2.320000,263.390015,66.120003,87413.546875,38.81,103.87,32.290001,PM10,25213
2.980000,3.210000,0.540000,0.360000,0.130000,63.610001,0.400000,-1.850000,259.899994,69.269997,68640.117188,38.55,94.51,4.257143,PM2.5,25401
2.860000,3.100000,0.500000,0.280000,0.120000,62.750000,0.770000,0.220000,259.010010,69.330002,66291.476562,38.56,94.69,4.085714,PM2.5,25402
2.830000,3.060000,0.480000,0.260000,0.120000,63.740002,2.630000,2.080000,257.549988,69.699997,63102.699219,38.58,94.86,4.042857,PM2.5,25403
2.750000,2.990000,0.470000,0.240000,0.120000,61.910000,4.180000,1.880000,258.000000,65.970001,63188.960938,38.59,95.03,3.928571,PM2.5,25404
2.700000,2.940000,0.450000,0.230000,0.120000,60.090000,4.010000,0.630000,258.000000,66.570000,63697.941406,38.6,95.2,3.857143,PM2.5,25405
2.660000,2.900000,0.430000,0.210000,0.120000,59.259998,4.410000,0.770000,256.959991,69.099998,62690.949219,38.61,95.38,3.800000,PM2.5,25406
2.630000,2.870000,0.420000,0.200000,0.110000,58.349998,4.190000,0.720000,257.100006,67.769997,63053.820312,38.63,95.55,3.757143,PM2.5,25407
2.640000,2.880000,0.430000,0.190000,0.110000,58.500000,1.980000,-0.700000,256.540009,67.910004,63143.558594,38.64,95.72,3.771429,PM2.5,25408
2.620000,2.860000,0.420000,0.170000,0.110000,59.110001,1.820000,-1.370000,254.360001,71.709999,60448.679688,38.65,95.89,3.742857,PM2.5,25409
2.600000,2.840000,0.420000,0.170000,0.110000,58.740002,4.320000,-0.740000,252.729996,75.190002,58287.871094,38.66,96.07,3.714286,PM2.5,25410
2.590000,2.830000,0.410000,0.160000,0.110000,57.759998,5.090000,0.690000,254.279999,70.190002,60059.808594,38.67,96.24,3.700000,PM2.5,25411
2.570000,2.810000,0.410000,0.170000,0.110000,57.930000,4.230000,1.530000,256.559998,64.099998,63101.941406,38.68,96.41,3.671428,PM2.5,25412
2.560000,2.830000,0.410000,0.170000,0.110000,58.209999,3.930000,1.570000,256.799988,63.529999,63782.910156,38.69,96.58,3.657143,PM2.5,25413
2.510000,2.780000,0.380000,0.180000,0.110000,57.650002,2.760000,2.100000,255.169998,67.949997,62301.589844,38.7,96.76,3.585714,PM2.5,25414
2.430000,2.690000,0.370000,0.170000,0.100000,57.410000,1.570000,1.770000,253.089996,72.330002,59838.328125,38.72,96.93,3.471429,PM2.5,25415
4.080000,6.260000,1.680000,1.140000,0.140000,57.360001,4.640000,-2.790000,253.839996,66.389999,60594.828125,38.83,99.18,6.260000,PM10,25428
5.520000,10.470000,2.890000,1.580000,0.160000,55.700001,5.480000,-1.040000,255.470001,62.020000,62608.378906,38.84,99.35,10.470000,PM10,25429
8.220000,17.190001,4.680000,2.480000,0.190000,51.919998,2.390000,-0.630000,258.970001,54.619999,68861.039062,38.84,99.53,17.190001,PM10,25430
10.490000,22.100000,6.210000,3.370000,0.200000,49.689999,0.770000,-0.470000,260.850006,53.009998,73636.796875,38.85,99.7,22.100000,PM10,25431
11.460000,23.629999,6.650000,3.470000,0.200000,49.099998,2.030000,-0.380000,260.970001,55.910000,74595.937500,38.86,99.87,23.629999,PM10,25432
27.790001,60.740002,19.420000,7.030000,0.310000,42.119999,1.230000,-1.030000,261.609985,61.500000,77533.078125,38.86,100.05,55.370003,PM10,25433
59.619999,138.119995,46.310001,15.380000,0.540000,33.380001,-0.530000,-1.490000,262.709991,67.580002,82956.117188,38.87,100.22,94.059998,PM10,25434
63.500000,149.779999,51.709999,17.760000,0.590000,36.720001,-0.190000,-1.820000,264.070007,63.669998,85793.421875,38.88,100.39,99.889999,PM10,25435
46.220001,111.370003,37.580002,12.450000,0.490000,42.990002,0.940000,-2.250000,263.799988,63.099998,85324.648438,38.88,100.57,80.684998,PM10,25436
33.910000,82.970001,28.980000,9.610000,0.400000,44.820000,2.820000,-3.630000,262.470001,63.520000,82046.851562,38.89,100.74,66.485001,PM10,25437
28.670000,71.260002,25.480000,8.430000,0.370000,44.410000,4.840000,-3.010000,261.579987,63.520000,79106.703125,38.89,100.92,60.630001,PM10,25438
27.760000,72.470001,25.879999,8.070000,0.410000,42.820000,5.140000,-0.560000,261.970001,64.070000,79197.421875,38.9,101.09,61.235001,PM10,25439
18.680000,57.380001,22.270000,6.360000,0.520000,31.219999,2.520000,-3.190000,264.369995,55.779999,87117.632812,38.92,102.13,53.690002,PM10,25445
17.790001,55.160000,19.770000,5.930000,0.500000,31.230000,2.240000,-3.180000,264.320007,54.160000,86964.078125,38.93,102.31,52.580002,PM10,25446
17.400000,53.830002,18.320000,5.740000,0.490000,31.139999,1.730000,-3.220000,263.980011,54.580002,86634.953125,38.93,102.48,51.915001,PM10,25447
17.309999,52.470001,17.129999,5.680000,0.470000,31.260000,1.420000,-3.490000,263.500000,56.250000,86349.882812,38.93,102.65,51.235001,PM10,25448
17.459999,50.889999,17.209999,5.730000,0.460000,31.160000,1.580000,-3.810000,262.929993,57.860001,86320.023438,38.94,102.83,50.445000,PM10,25449
17.559999,48.470001,17.090000,5.810000,0.450000,30.889999,1.910000,-3.920000,262.850006,58.570000,86756.500000,38.94,103.0,48.470001,PM10,25450
18.070000,45.740002,17.459999,6.010000,0.430000,30.920000,1.970000,-3.760000,262.970001,59.669998,87212.046875,38.94,103.17,45.740002,PM10,25451
18.879999,42.430000,17.840000,6.290000,0.410000,31.459999,1.890000,-3.240000,263.049988,61.630001,87345.078125,38.94,103.35,42.430000,PM10,25452
19.670000,37.500000,17.719999,6.630000,0.370000,31.160000,1.880000,-3.000000,263.040009,63.540001,87341.718750,38.95,103.52,37.500000,PM10,25453
19.330000,32.209999,16.170000,6.810000,0.330000,31.030001,1.730000,-2.600000,263.160004,64.769997,87464.976562,38.95,103.7,32.209999,PM10,25454
17.990000,28.230000,14.640000,6.930000,0.310000,31.280001,1.510000,-2.480000,263.220001,65.080002,87559.273438,38.95,103.87,28.230000,PM10,25455
16.840000,27.080000,13.260000,7.010000,0.300000,31.790001,1.370000,-2.330000,263.140015,64.739998,87380.226562,38.95,104.04,27.080000,PM10,25456
3.020000,3.250000,0.560000,0.410000,0.140000,63.880001,1.540000,-2.010000,260.839996,67.839996,70378.500000,38.68,94.5,4.314286,PM2.5,25645
2.970000,3.200000,0.540000,0.320000,0.130000,62.880001,1.390000,-0.060000,260.320007,68.620003,68939.453125,38.7,94.67,4.242857,PM2.5,25646
2.950000,3.180000,0.540000,0.280000,0.130000,62.209999,1.830000,0.070000,259.769989,69.709999,67582.039062,38.71,94.84,4.214286,PM2.5,25647
2.920000,3.150000,0.530000,0.250000,0.130000,61.139999,1.750000,-0.500000,259.470001,70.529999,67220.687500,38.72,95.01,4.171429,PM2.5,25648
2.840000,3.070000,0.500000,0.210000,0.120000,60.180000,0.610000,-0.220000,258.630005,71.889999,66340.046875,38.74,95.19,4.057143,PM2.5,25649
2.780000,3.020000,0.490000,0.180000,0.120000,60.169998,-0.360000,-0.410000,257.750000,72.720001,65224.531250,38.75,95.36,3.971429,PM2.5,25650
2.770000,3.010000,0.480000,0.160000,0.120000,60.840000,-0.680000,-1.970000,257.070007,71.970001,64210.480469,38.76,95.53,3.957143,PM2.5,25651
2.720000,2.950000,0.470000,0.150000,0.120000,59.830002,0.450000,-1.150000,255.100006,74.500000,61604.230469,38.77,95.71,3.885714,PM2.5,25652
2.720000,2.950000,0.480000,0.160000,0.120000,59.720001,3.010000,0.790000,253.220001,76.720001,59276.699219,38.78,95.88,3.885714,PM2.5,25653
2.710000,2.950000,0.470000,0.160000,0.120000,59.290001,4.580000,0.910000,254.679993,71.910004,60720.339844,38.8,96.05,3.871429,PM2.5,25654
2.690000,2.920000,0.470000,0.160000,0.120000,58.459999,3.950000,0.230000,257.329987,65.370003,64546.800781,38.81,96.22,3.842857,PM2.5,25655
2.650000,2.900000,0.460000,0.150000,0.120000,58.959999,1.750000,-0.010000,257.899994,64.720001,66197.648438,38.82,96.4,3.785714,PM2.5,25656
2.630000,2.890000,0.450000,0.150000,0.120000,60.020000,0.150000,0.410000,256.420013,68.089996,64791.218750,38.83,96.57,3.757143,PM2.5,25657
2.550000,2.810000,0.420000,0.160000,0.110000,59.009998,0.210000,2.710000,254.679993,70.930000,62797.750000,38.84,96.74,3.642857,PM2.5,25658
2.450000,2.710000,0.380000,0.160000,0.100000,57.950001,1.880000,4.750000,253.380005,72.000000,60284.500000,38.85,96.92,3.500000,PM2.5,25659
2.690000,3.380000,0.610000,0.250000,0.120000,59.209999,4.490000,-1.280000,256.040009,64.959999,61595.621094,38.91,97.96,3.842857,PM2.5,25665
2.990000,3.890000,0.930000,0.570000,0.130000,60.410000,2.080000,-1.970000,257.549988,62.619999,63804.910156,38.92,98.13,4.271429,PM2.5,25666
5.140000,9.410000,2.830000,1.530000,0.170000,56.599998,7.100000,0.100000,253.139999,68.790001,60048.101562,38.96,99.17,9.410000,PM10,25672
7.810000,16.719999,4.930000,2.310000,0.220000,53.740002,6.580000,-1.020000,257.019989,57.459999,65319.289062,38.97,99.34,16.719999,PM10,25673
10.570000,23.370001,6.710000,3.230000,0.230000,50.360001,3.420000,-2.490000,260.399994,50.139999,72647.710938,38.98,99.52,23.370001,PM10,25674
12.060000,26.230000,7.350000,3.720000,0.220000,48.750000,2.710000,-2.530000,260.980011,51.990002,75983.406250,38.99,99.69,26.230000,PM10,25675
15.160000,32.180000,9.760000,4.600000,0.230000,46.130001,2.590000,-1.190000,261.600006,55.029999,77629.460938,38.99,99.87,32.180000,PM10,25676
32.580002,71.769997,24.440001,9.100000,0.360000,37.220001,0.460000,-1.350000,262.570007,61.810001,81514.656250,39.0,100.04,60.884998,PM10,25677
48.279999,108.830002,39.680000,14.870000,0.460000,31.510000,-0.430000,-1.780000,263.540009,64.110001,85230.203125,39.01,100.21,79.415001,PM10,25678
51.930000,119.139999,47.900002,18.090000,0.490000,33.209999,0.160000,-1.940000,264.359985,59.500000,86576.382812,39.01,100.39,84.570000,PM10,25679
33.290001,78.089996,31.350000,10.540000,0.360000,42.340000,0.410000,-1.500000,263.200012,60.150002,84319.046875,39.02,100.56,64.044998,PM10,25680
27.000000,64.139999,26.270000,8.480000,0.320000,43.639999,2.660000,-1.900000,260.059998,67.379997,78228.640625,39.02,100.73,57.070000,PM10,25681
17.280001,50.830002,22.049999,6.120000,0.470000,31.030001,2.630000,-3.360000,263.220001,57.270000,85557.179688,39.06,101.95,50.415001,PM10,25688
16.600000,48.959999,20.120001,5.640000,0.460000,30.950001,2.950000,-3.940000,262.869995,56.320000,85084.429688,39.06,102.13,48.959999,PM10,25689
16.000000,47.700001,18.350000,5.360000,0.450000,31.020000,3.090000,-4.050000,262.589996,55.480000,84795.796875,39.06,102.3,47.700001,PM10,25690
15.560000,46.500000,17.209999,5.300000,0.440000,30.870001,2.790000,-3.890000,262.579987,54.980000,85157.046875,39.07,102.47,46.500000,PM10,25691
15.370000,45.220001,16.610001,5.350000,0.420000,31.330000,2.280000,-3.610000,262.500000,55.639999,85606.257812,39.07,102.65,45.220001,PM10,25692
15.420000,43.209999,16.719999,5.410000,0.410000,31.469999,2.160000,-3.460000,262.179993,58.000000,85651.156250,39.07,102.82,43.209999,PM10,25693
15.450000,40.580002,16.860001,5.530000,0.390000,31.379999,2.440000,-3.650000,261.929993,59.500000,85715.179688,39.07,103.0,40.580002,PM10,25694
15.680000,37.310001,17.420000,5.690000,0.370000,31.430000,2.750000,-3.750000,262.149994,60.259998,86229.023438,39.08,103.17,37.310001,PM10,25695
16.260000,33.700001,17.760000,5.930000,0.350000,31.530001,2.710000,-3.410000,262.600006,61.130001,86979.593750,39.08,103.35,33.700001,PM10,25696
17.160000,29.980000,17.490000,6.280000,0.330000,31.430000,2.370000,-2.960000,262.910004,62.459999,87379.351562,39.08,103.52,29.980000,PM10,25697
17.240000,26.910000,15.950000,6.590000,0.310000,31.620001,1.960000,-2.630000,262.970001,63.529999,87386.562500,39.08,103.69,26.910000,PM10,25698
16.549999,25.080000,14.460000,6.760000,0.290000,32.020000,1.660000,-2.580000,262.970001,63.889999,87275.382812,39.08,103.87,25.080000,PM10,25699
15.720000,24.790001,13.300000,6.850000,0.290000,32.490002,1.430000,-2.530000,262.989990,63.779999,87192.742188,39.09,104.04,24.790001,PM10,25700
3.100000,3.350000,0.600000,0.290000,0.130000,61.560001,-3.110000,1.920000,260.250000,73.730003,68249.523438,38.76,93.79,4.428571,PM2.5,25885
3.070000,3.310000,0.580000,0.290000,0.130000,61.189999,-2.850000,2.300000,259.619995,74.269997,68495.960938,38.78,93.96,4.385714,PM2.5,25886
3.080000,3.320000,0.580000,0.360000,0.130000,61.900002,-1.880000,0.120000,260.529999,71.510002,70416.578125,38.79,94.13,4.400000,PM2.5,25887
3.100000,3.330000,0.580000,0.500000,0.140000,65.410004,-0.280000,-3.900000,261.309998,64.470001,71392.773438,38.81,94.31,4.428571,PM2.5,25888
3.060000,3.290000,0.580000,0.470000,0.140000,64.699997,0.170000,-2.700000,261.239990,66.620003,70901.523438,38.82,94.48,4.371428,PM2.5,25889
3.010000,3.240000,0.570000,0.370000,0.140000,63.750000,-0.800000,-1.180000,260.869995,70.019997,70042.046875,38.83,94.65,4.300000,PM2.5,25890
3.010000,3.240000,0.560000,0.350000,0.130000,63.139999,-1.360000,-2.230000,260.420013,72.690002,69276.968750,38.85,94.82,4.300000,PM2.5,25891
2.990000,3.230000,0.560000,0.310000,0.130000,62.430000,-1.390000,-1.910000,259.839996,73.199997,68241.398438,38.86,95.0,4.271429,PM2.5,25892
2.910000,3.140000,0.530000,0.240000,0.130000,61.340000,-1.410000,-1.350000,259.410004,72.690002,67446.500000,38.87,95.17,4.157143,PM2.5,25893
2.840000,3.070000,0.510000,0.180000,0.120000,61.200001,-0.910000,-2.000000,258.559998,72.389999,65857.609375,38.88,95.34,4.057143,PM2.5,25894
2.790000,3.020000,0.500000,0.160000,0.120000,60.720001,1.830000,-1.520000,255.639999,75.730003,61915.789062,38.9,95.52,3.985714,PM2.5,25895
2.790000,3.020000,0.510000,0.170000,0.120000,60.099998,3.890000,0.200000,254.089996,75.870003,60141.378906,38.91,95.69,3.985714,PM2.5,25896
2.820000,3.050000,0.530000,0.190000,0.120000,60.130001,3.490000,0.160000,256.480011,70.160004,63542.761719,38.92,95.86,4.028571,PM2.5,25897
2.790000,3.020000,0.530000,0.180000,0.120000,59.310001,2.380000,-0.330000,258.619995,65.879997,66737.570312,38.93,96.04,3.985714,PM2.5,25898
2.750000,2.980000,0.510000,0.160000,0.120000,60.959999,0.350000,-1.110000,258.250000,67.320000,66664.320312,38.94,96.21,3.928571,PM2.5,25899
2.720000,2.960000,0.520000,0.140000,0.120000,61.930000,-1.000000,-1.400000,256.850006,69.559998,64824.601562,38.95,96.38,3.885714,PM2.5,25900
2.700000,2.950000,0.510000,0.140000,0.120000,61.500000,-0.330000,-0.510000,254.860001,72.419998,62413.328125,38.96,96.56,3.857143,PM2.5,25901
2.640000,2.900000,0.470000,0.140000,0.120000,59.980000,1.270000,1.720000,253.529999,74.089996,61523.429688,38.97,96.73,3.771429,PM2.5,25902
2.560000,2.810000,0.430000,0.150000,0.110000,58.599998,2.960000,4.630000,254.259995,70.169998,61694.410156,38.98,96.9,3.657143,PM2.5,25903
2.740000,3.500000,0.680000,0.240000,0.120000,60.139999,4.660000,-0.010000,256.089996,64.180000,62476.531250,39.03,97.77,3.914286,PM2.5,25908
3.000000,4.140000,1.020000,0.480000,0.130000,61.049999,2.380000,-0.940000,256.730011,64.889999,63350.191406,39.04,97.94,4.285714,PM2.5,25909
3.230000,4.640000,1.410000,0.820000,0.130000,61.840000,1.860000,-3.200000,256.429993,64.419998,62897.480469,39.05,98.12,4.640000,PM10,25910
3.370000,4.900000,1.690000,1.030000,0.140000,61.330002,2.710000,-2.020000,255.770004,65.730003,61965.058594,39.06,98.29,4.900000,PM10,25911
3.970000,6.150000,2.320000,1.420000,0.150000,59.779999,2.530000,-0.690000,254.460007,68.540001,61232.589844,39.07,98.47,6.150000,PM10,25912
4.420000,7.180000,2.740000,1.470000,0.160000,59.029999,3.740000,-0.350000,252.750000,71.559998,59839.820312,39.08,98.64,7.180000,PM10,25913
5.930000,11.080000,4.070000,2.100000,0.200000,56.389999,6.860000,1.100000,254.940002,64.379997,62932.691406,39.09,98.99,11.080000,PM10,25915
9.000000,18.770000,6.610000,3.200000,0.260000,53.520000,6.030000,0.970000,257.329987,57.330002,66966.531250,39.1,99.16,18.770000,PM10,25916
14.100000,31.700001,9.830000,4.480000,0.330000,48.689999,4.440000,-1.740000,260.220001,49.959999,73362.890625,39.11,99.34,31.700001,PM10,25917
15.660000,35.310001,10.150000,4.590000,0.310000,46.459999,3.100000,-2.200000,261.019989,49.180000,77581.796875,39.11,99.51,35.310001,PM10,25918
15.130000,33.439999,9.560000,4.400000,0.270000,46.410000,4.210000,-1.610000,260.109985,54.860001,77208.343750,39.12,99.68,33.439999,PM10,25919
17.520000,37.759998,11.450000,5.120000,0.270000,43.939999,4.720000,-1.390000,261.079987,55.900002,78637.976562,39.13,99.86,37.759998,PM10,25920
30.879999,67.440002,23.129999,8.680000,0.360000,35.660000,1.790000,-2.150000,263.459991,53.139999,83916.671875,39.13,100.03,58.720001,PM10,25921
38.560001,85.330002,31.730000,12.630000,0.400000,31.950001,0.190000,-2.230000,264.179993,53.639999,86664.226562,39.14,100.21,67.665001,PM10,25922
39.840000,88.629997,42.509998,16.500000,0.400000,33.189999,0.480000,-1.720000,263.750000,55.169998,85979.242188,39.15,100.38,69.315002,PM10,25923
27.719999,62.639999,29.180000,10.340000,0.310000,37.849998,0.840000,-0.250000,262.339996,58.430000,83516.593750,39.15,100.55,56.320000,PM10,25924
23.980000,55.119999,25.830000,8.510000,0.290000,39.009998,3.280000,1.260000,260.670013,62.220001,79847.179688,39.16,100.73,52.559998,PM10,25925
14.690000,40.900002,17.209999,5.060000,0.400000,30.900000,4.540000,-3.470000,261.000000,56.330002,83256.476562,39.2,102.3,40.900002,PM10,25934
13.960000,39.200001,15.900000,5.060000,0.390000,30.930000,3.880000,-3.620000,261.910004,54.500000,85153.242188,39.2,102.47,39.200001,PM10,25935
15.250000,28.209999,16.379999,5.840000,0.320000,31.889999,3.400000,-3.020000,262.290009,60.360001,86747.390625,39.21,103.34,28.209999,PM10,25940
16.120001,25.670000,16.200001,6.150000,0.300000,31.889999,2.770000,-2.790000,262.790009,60.779999,87410.429688,39.22,103.52,25.670000,PM10,25941
16.250000,23.920000,15.050000,6.380000,0.290000,32.310001,2.110000,-2.460000,262.799988,61.389999,87267.992188,39.22,103.69,23.920000,PM10,25942
15.720000,23.170000,13.930000,6.590000,0.280000,32.740002,1.840000,-2.220000,262.619995,62.430000,86801.617188,39.22,103.87,23.170000,PM10,25943
15.100000,23.320000,13.090000,6.710000,0.280000,33.070000,1.760000,-2.260000,262.679993,61.950001,86711.976562,39.22,104.04,23.320000,PM10,25944
3.110000,3.350000,0.590000,0.400000,0.130000,62.669998,-0.750000,0.810000,261.029999,72.419998,70782.312500,38.91,93.94,4.442857,PM2.5,26128
3.120000,3.350000,0.600000,0.430000,0.130000,62.430000,-0.650000,-1.880000,261.989990,63.660000,72023.132812,38.93,94.12,4.457143,PM2.5,26129
3.120000,3.350000,0.590000,0.520000,0.140000,64.300003,-0.890000,-6.290000,261.839996,57.630001,72050.773438,38.94,94.29,4.457143,PM2.5,26130
3.080000,3.310000,0.600000,0.490000,0.140000,64.739998,-1.160000,-4.830000,261.869995,58.930000,71059.210938,38.95,94.46,4.400000,PM2.5,26131
3.040000,3.270000,0.580000,0.350000,0.140000,64.260002,-1.550000,-3.040000,261.010010,66.370003,69717.976562,38.97,94.64,4.342857,PM2.5,26132
3.040000,3.280000,0.580000,0.320000,0.140000,64.080002,-1.430000,-3.900000,259.750000,71.629997,68092.648438,38.98,94.81,4.342857,PM2.5,26133
3.040000,3.280000,0.590000,0.300000,0.130000,63.830002,-1.270000,-3.660000,259.010010,71.800003,66751.656250,38.99,94.98,4.342857,PM2.5,26134
2.950000,3.180000,0.550000,0.230000,0.130000,63.259998,-0.760000,-2.760000,258.149994,71.720001,65337.230469,39.01,95.15,4.214286,PM2.5,26135
2.890000,3.120000,0.530000,0.180000,0.130000,62.750000,1.440000,-1.520000,255.550003,75.440002,62020.308594,39.02,95.33,4.128572,PM2.5,26136
2.880000,3.110000,0.530000,0.180000,0.130000,61.520000,4.690000,0.720000,253.729996,76.849998,59765.769531,39.03,95.5,4.114286,PM2.5,26137
2.910000,3.140000,0.570000,0.230000,0.130000,60.090000,4.080000,-0.370000,256.390015,69.419998,63272.699219,39.04,95.67,4.157143,PM2.5,26138
2.900000,3.140000,0.590000,0.220000,0.130000,61.520000,0.980000,-2.470000,259.010010,66.129997,67553.140625,39.05,95.85,4.142857,PM2.5,26139
2.860000,3.090000,0.570000,0.180000,0.130000,63.880001,-0.300000,-2.190000,258.320007,68.260002,66223.976562,39.07,96.02,4.085714,PM2.5,26140
2.790000,3.010000,0.540000,0.150000,0.130000,62.650002,-0.030000,-1.800000,256.040009,71.720001,63290.011719,39.08,96.2,3.985714,PM2.5,26141
2.800000,3.040000,0.590000,0.140000,0.130000,64.129997,0.670000,-1.500000,254.699997,73.250000,62023.261719,39.09,96.37,4.000000,PM2.5,26142
2.790000,3.030000,0.570000,0.130000,0.120000,63.509998,1.850000,-0.890000,253.910004,74.550003,61274.480469,39.1,96.54,3.985714,PM2.5,26143
2.750000,2.990000,0.540000,0.130000,0.120000,61.700001,3.370000,-0.030000,253.559998,74.709999,61014.921875,39.11,96.72,3.928571,PM2.5,26144
2.690000,2.960000,0.500000,0.140000,0.120000,59.840000,3.600000,1.480000,254.350006,71.900002,62398.238281,39.12,96.89,3.842857,PM2.5,26145
2.700000,3.300000,0.630000,0.140000,0.120000,60.400002,4.560000,-2.140000,253.309998,72.449997,60706.160156,39.15,97.41,3.857143,PM2.5,26148
2.790000,3.600000,0.740000,0.160000,0.120000,61.310001,6.470000,-2.090000,254.770004,65.150002,61214.070312,39.16,97.59,3.985714,PM2.5,26149
2.910000,4.000000,0.960000,0.320000,0.130000,60.869999,4.360000,-0.450000,256.839996,61.770000,63273.250000,39.17,97.76,4.157143,PM2.5,26150
3.290000,5.000000,1.690000,0.730000,0.140000,62.290001,0.450000,-0.730000,257.970001,62.180000,65317.160156,39.18,97.93,5.000000,PM10,26151
3.470000,5.460000,2.100000,1.010000,0.140000,62.680000,1.300000,-2.470000,255.050003,68.940002,61662.609375,39.19,98.11,5.460000,PM10,26152
3.720000,6.060000,2.600000,1.230000,0.150000,60.810001,5.320000,-1.570000,252.539993,72.720001,58543.011719,39.2,98.28,6.060000,PM10,26153
4.810000,8.520000,3.840000,1.940000,0.180000,59.180000,6.060000,-0.280000,253.639999,68.599998,60259.429688,39.2,98.46,8.520000,PM10,26154
6.500000,12.060000,5.270000,2.820000,0.220000,57.130001,5.590000,1.330000,254.279999,67.629997,61989.570312,39.21,98.63,12.060000,PM10,26155
9.370000,18.660000,7.200000,4.120000,0.270000,55.310001,6.170000,1.200000,256.350006,61.660000,65172.078125,39.22,98.8,18.660000,PM10,26156
13.980000,29.090000,10.400000,5.820000,0.360000,51.500000,5.170000,0.110000,259.040009,53.259998,70567.453125,39.23,98.98,29.090000,PM10,26157
18.969999,41.009998,14.200000,7.350000,0.440000,45.970001,2.990000,-1.400000,261.399994,47.389999,77081.898438,39.23,99.15,41.009998,PM10,26158
24.000000,53.080002,17.209999,8.340000,0.480000,39.439999,1.150000,-2.020000,262.260010,47.150002,82226.453125,39.24,99.33,51.540001,PM10,26159
23.830000,53.009998,16.780001,7.320000,0.420000,38.040001,1.170000,-0.730000,261.679993,49.980000,83249.906250,39.25,99.5,51.504997,PM10,26160
23.330000,51.630001,16.190001,6.700000,0.360000,37.810001,2.710000,0.250000,261.769989,50.990002,82896.718750,39.26,99.67,50.815002,PM10,26161
25.760000,55.869999,17.620001,7.110000,0.350000,35.810001,3.140000,-0.990000,262.519989,51.360001,84093.320312,39.26,99.85,52.934998,PM10,26162
29.670000,64.199997,20.400000,7.520000,0.350000,33.090000,2.140000,-2.290000,263.540009,48.830002,86396.593750,39.27,100.02,57.099998,PM10,26163
30.670000,65.919998,22.660000,8.520000,0.350000,31.370001,1.290000,-2.200000,263.869995,47.270000,86893.617188,39.28,100.2,57.959999,PM10,26164
31.320000,67.529999,30.049999,10.910000,0.350000,31.780001,1.110000,-1.580000,262.920013,49.570000,85371.328125,39.28,100.37,58.764999,PM10,26165
24.709999,53.419998,26.090000,8.900000,0.310000,33.930000,1.970000,-0.420000,261.970001,53.290001,83718.578125,39.29,100.55,51.709999,PM10,26166
21.049999,46.139999,24.219999,7.800000,0.290000,34.889999,3.610000,0.750000,262.000000,53.680000,83116.531250,39.29,100.72,46.139999,PM10,26167
14.690000,21.459999,15.290000,6.150000,0.280000,32.439999,2.580000,-2.280000,262.739990,58.279999,87413.726562,39.35,103.51,21.459999,PM10,26183
14.970000,20.980000,14.660000,6.420000,0.270000,32.610001,2.190000,-2.090000,262.799988,58.430000,87413.476562,39.35,103.69,21.385715,PM2.5,26184
14.910000,21.400000,13.920000,6.610000,0.270000,33.049999,1.970000,-1.740000,262.920013,58.029999,87425.421875,39.35,103.86,21.400000,PM10,26185
14.610000,22.010000,13.450000,6.790000,0.270000,33.470001,1.700000,-1.600000,262.970001,56.680000,87319.398438,39.36,104.04,22.010000,PM10,26186
3.430000,3.730000,0.730000,0.330000,0.140000,69.339996,-1.480000,-5.490000,261.700012,59.910000,69909.820312,38.99,93.23,4.900000,PM2.5,26366
3.430000,3.740000,0.730000,0.380000,0.130000,66.050003,-0.840000,-3.530000,260.890015,65.730003,68598.062500,39.0,93.41,4.900000,PM2.5,26367
3.220000,3.480000,0.630000,0.240000,0.130000,64.709999,0.230000,-3.020000,259.700012,69.930000,67072.968750,39.02,93.58,4.600000,PM2.5,26368
3.200000,3.450000,0.610000,0.240000,0.130000,63.779999,1.660000,-2.210000,258.519989,73.440002,65777.632812,39.03,93.75,4.571429,PM2.5,26369
3.170000,3.420000,0.610000,0.270000,0.130000,63.200001,2.580000,-1.110000,259.010010,73.129997,66717.773438,39.05,93.93,4.528572,PM2.5,26370
3.130000,3.360000,0.610000,0.440000,0.130000,60.419998,1.990000,-5.310000,261.299988,60.470001,70170.648438,39.06,94.1,4.471429,PM2.5,26371
3.130000,3.360000,0.590000,0.520000,0.140000,62.119999,-0.300000,-9.060000,261.299988,57.849998,71461.843750,39.07,94.27,4.471429,PM2.5,26372
3.100000,3.330000,0.600000,0.500000,0.140000,63.590000,-1.820000,-7.530000,260.450012,60.860001,69416.843750,39.09,94.44,4.428571,PM2.5,26373
3.070000,3.290000,0.580000,0.300000,0.140000,63.770000,-1.180000,-5.000000,259.010010,68.379997,67176.218750,39.1,94.62,4.385714,PM2.5,26374
3.060000,3.290000,0.600000,0.260000,0.130000,63.639999,-0.920000,-4.460000,257.459991,72.680000,65536.828125,39.11,94.79,4.371428,PM2.5,26375
3.070000,3.310000,0.620000,0.260000,0.130000,63.580002,-0.950000,-3.250000,255.860001,74.750000,63446.988281,39.13,94.97,4.385714,PM2.5,26376
3.000000,3.230000,0.580000,0.220000,0.130000,63.779999,1.030000,-1.350000,254.080002,77.169998,60897.121094,39.14,95.14,4.285714,PM2.5,26377
2.980000,3.210000,0.570000,0.210000,0.130000,63.700001,4.070000,0.800000,253.250000,77.269997,59663.718750,39.15,95.31,4.257143,PM2.5,26378
2.980000,3.220000,0.590000,0.240000,0.130000,61.360001,5.060000,0.600000,254.919998,71.629997,61598.550781,39.16,95.49,4.257143,PM2.5,26379
2.990000,3.230000,0.650000,0.300000,0.130000,58.740002,2.760000,-2.520000,257.309998,68.779999,65718.750000,39.18,95.66,4.271429,PM2.5,26380
2.930000,3.170000,0.620000,0.220000,0.130000,60.939999,-0.110000,-3.340000,257.640015,69.599998,65931.359375,39.19,95.83,4.185714,PM2.5,26381
2.870000,3.100000,0.590000,0.180000,0.130000,62.790001,0.000000,-2.340000,255.119995,73.059998,62060.300781,39.2,96.01,4.100000,PM2.5,26382
2.830000,3.050000,0.560000,0.160000,0.130000,63.439999,1.780000,-1.390000,253.589996,74.529999,60430.089844,39.21,96.18,4.042857,PM2.5,26383
2.850000,3.090000,0.650000,0.140000,0.130000,65.000000,2.010000,-1.820000,253.789993,74.300003,61302.378906,39.22,96.35,4.071428,PM2.5,26384
2.850000,3.080000,0.620000,0.130000,0.130000,63.630001,2.810000,-2.490000,253.710007,74.709999,61121.019531,39.23,96.53,4.071428,PM2.5,26385
2.850000,3.090000,0.620000,0.140000,0.130000,62.820000,4.570000,-1.480000,253.330002,75.320000,60178.039062,39.24,96.7,4.071428,PM2.5,26386
2.840000,3.160000,0.630000,0.150000,0.130000,60.580002,4.240000,-0.530000,253.919998,72.879997,61556.421875,39.25,96.88,4.057143,PM2.5,26387
2.820000,3.250000,0.630000,0.150000,0.130000,62.389999,2.010000,0.820000,254.690002,71.650002,63374.558594,39.26,97.05,4.028571,PM2.5,26388
2.780000,3.380000,0.680000,0.140000,0.120000,63.279999,1.260000,0.850000,253.850006,73.199997,62221.359375,39.27,97.22,3.971429,PM2.5,26389
2.820000,3.590000,0.790000,0.140000,0.120000,63.570000,3.890000,-0.450000,252.190002,76.529999,59774.269531,39.28,97.4,4.028571,PM2.5,26390
2.880000,3.850000,0.910000,0.220000,0.120000,63.650002,7.380000,-1.300000,252.990005,70.529999,59358.968750,39.29,97.57,4.114286,PM2.5,26391
3.000000,4.360000,1.310000,0.420000,0.130000,63.029999,6.200000,-1.800000,256.519989,60.650002,62487.980469,39.3,97.75,4.360000,PM10,26392
3.390000,5.580000,2.280000,0.850000,0.140000,62.669998,1.900000,-1.810000,257.309998,62.000000,64372.789062,39.31,97.92,5.580000,PM10,26393
3.790000,6.720000,3.210000,1.090000,0.160000,62.080002,2.660000,-0.120000,253.660004,72.440002,60645.328125,39.32,98.1,6.720000,PM10,26394
4.630000,8.590000,4.830000,1.540000,0.180000,59.910000,6.250000,0.860000,252.779999,72.669998,59436.988281,39.33,98.27,8.590000,PM10,26395
8.560000,16.139999,8.350000,4.240000,0.260000,57.020000,5.920000,-0.240000,256.079987,63.259998,64210.550781,39.34,98.44,16.139999,PM10,26396
17.520000,31.680000,11.730000,9.190000,0.430000,52.840000,3.980000,0.270000,258.890015,55.040001,70029.007812,39.35,98.62,31.680000,PM10,26397
25.240000,49.430000,15.520000,11.960000,0.560000,47.320000,2.830000,-0.800000,260.950012,49.900002,75911.781250,39.35,98.79,49.430000,PM10,26398
29.629999,60.180000,18.690001,12.920000,0.610000,41.849998,1.770000,-1.640000,261.880005,48.220001,80877.203125,39.36,98.97,55.090000,PM10,26399
29.040001,60.700001,19.900000,11.920000,0.590000,37.860001,1.170000,-1.850000,262.040009,48.910000,84225.117188,39.37,99.14,55.349998,PM10,26400
25.270000,53.540001,20.049999,10.380000,0.520000,35.299999,1.020000,-1.260000,261.739990,50.990002,85836.000000,39.38,99.32,51.770000,PM10,26401
25.780001,55.770000,19.930000,8.910000,0.480000,34.119999,1.630000,-0.460000,261.910004,50.990002,86240.679688,39.38,99.49,52.885002,PM10,26402
27.469999,59.439999,19.450001,8.120000,0.430000,33.270000,2.150000,-0.730000,262.809998,49.889999,87056.156250,39.39,99.67,54.720001,PM10,26403
28.870001,62.090000,20.219999,7.760000,0.400000,32.669998,1.870000,-1.740000,263.190002,48.889999,87411.273438,39.4,99.84,56.044998,PM10,26404
27.559999,58.500000,18.799999,6.670000,0.350000,31.709999,1.610000,-2.160000,263.269989,46.029999,86833.007812,39.4,100.02,54.250000,PM10,26405
24.320000,50.439999,17.080000,5.910000,0.320000,31.760000,1.450000,-1.940000,263.019989,45.279999,86137.328125,39.41,100.19,50.220001,PM10,26406
20.480000,41.150002,18.820000,6.120000,0.290000,32.169998,1.620000,-1.230000,262.540009,46.459999,85315.843750,39.42,100.36,41.150002,PM10,26407
3.320000,3.580000,0.660000,0.200000,0.140000,68.449997,-1.330000,-4.760000,256.970001,74.239998,65583.843750,39.12,93.21,4.742857,PM2.5,26609
3.200000,3.440000,0.620000,0.140000,0.130000,65.379997,-0.530000,-3.520000,256.500000,75.430000,63784.640625,39.14,93.39,4.571429,PM2.5,26610
3.180000,3.420000,0.600000,0.140000,0.130000,64.930000,2.390000,-3.120000,254.740005,79.550003,61006.281250,39.15,93.56,4.542857,PM2.5,26611
3.190000,3.430000,0.600000,0.150000,0.130000,64.099998,5.040000,-1.650000,253.789993,80.449997,59647.320312,39.17,93.73,4.557143,PM2.5,26612
3.170000,3.410000,0.600000,0.200000,0.130000,61.529999,4.740000,-1.520000,255.660004,75.650002,62220.050781,39.18,93.91,4.528572,PM2.5,26613
3.170000,3.400000,0.610000,0.420000,0.130000,58.750000,3.180000,-6.240000,257.619995,70.389999,66705.046875,39.2,94.08,4.528572,PM2.5,26614
3.160000,3.390000,0.600000,0.560000,0.140000,59.240002,0.970000,-7.890000,257.640015,72.199997,68051.468750,39.21,94.25,4.514286,PM2.5,26615
3.130000,3.360000,0.600000,0.590000,0.140000,61.119999,-0.550000,-5.840000,256.230011,76.580002,65700.820312,39.22,94.43,4.471429,PM2.5,26616
3.090000,3.320000,0.580000,0.390000,0.140000,61.400002,0.760000,-3.810000,254.759995,79.430000,62958.550781,39.24,94.6,4.414286,PM2.5,26617
3.080000,3.300000,0.600000,0.340000,0.140000,60.419998,1.830000,-2.440000,254.309998,79.250000,62546.660156,39.25,94.77,4.400000,PM2.5,26618
3.140000,3.380000,0.680000,0.360000,0.140000,61.009998,1.680000,-0.290000,254.350006,78.029999,62763.269531,39.26,94.95,4.485714,PM2.5,26619
3.110000,3.350000,0.670000,0.330000,0.130000,62.060001,3.050000,0.830000,254.229996,76.760002,62073.179688,39.27,95.12,4.442857,PM2.5,26620
3.110000,3.350000,0.660000,0.340000,0.130000,62.919998,4.100000,0.630000,255.690002,72.650002,63915.859375,39.29,95.3,4.442857,PM2.5,26621
3.130000,3.370000,0.710000,0.370000,0.130000,60.830002,3.360000,-0.900000,256.600006,72.139999,65793.328125,39.3,95.47,4.471429,PM2.5,26622
3.090000,3.330000,0.720000,0.360000,0.130000,59.119999,1.930000,-2.400000,255.860001,74.089996,64985.710938,39.31,95.64,4.414286,PM2.5,26623
2.950000,3.180000,0.640000,0.240000,0.130000,61.090000,0.280000,-1.700000,255.229996,74.309998,63525.128906,39.32,95.82,4.214286,PM2.5,26624
2.900000,3.130000,0.610000,0.200000,0.130000,62.950001,0.500000,-0.480000,254.100006,75.250000,61673.730469,39.33,95.99,4.142857,PM2.5,26625
2.850000,3.070000,0.580000,0.170000,0.130000,63.939999,1.750000,-0.610000,253.479996,75.339996,61133.160156,39.35,96.17,4.071428,PM2.5,26626
2.870000,3.110000,0.700000,0.150000,0.130000,64.550003,2.010000,-2.040000,253.169998,75.620003,60779.710938,39.36,96.34,4.100000,PM2.5,26627
2.870000,3.100000,0.660000,0.140000,0.130000,63.369999,4.510000,-2.110000,252.000000,77.559998,58693.250000,39.37,96.51,4.100000,PM2.5,26628
2.900000,3.180000,0.700000,0.160000,0.130000,61.200001,6.520000,-0.890000,252.570007,74.510002,58740.000000,39.38,96.69,4.142857,PM2.5,26629
3.000000,3.460000,0.790000,0.210000,0.130000,59.840000,4.000000,-0.560000,255.309998,68.650002,62971.339844,39.39,96.86,4.285714,PM2.5,26630
3.020000,3.650000,0.830000,0.190000,0.140000,64.709999,1.040000,0.880000,256.679993,69.540001,66149.812500,39.4,97.04,4.314286,PM2.5,26631
2.880000,3.550000,0.850000,0.150000,0.120000,66.699997,0.650000,2.050000,255.139999,71.919998,64317.570312,39.41,97.21,4.114286,PM2.5,26632
2.870000,3.730000,0.950000,0.140000,0.120000,65.470001,3.850000,2.220000,252.490005,76.129997,60568.378906,39.42,97.39,4.100000,PM2.5,26633
2.930000,4.060000,1.200000,0.310000,0.130000,63.560001,7.270000,1.750000,253.089996,72.190002,60064.210938,39.43,97.56,4.185714,PM2.5,26634
3.240000,5.250000,2.210000,0.660000,0.140000,63.189999,7.290000,-1.400000,254.850006,68.269997,61741.570312,39.44,97.74,5.250000,PM10,26635
3.720000,6.970000,3.670000,1.130000,0.160000,62.029999,5.940000,-1.480000,254.699997,70.349998,62035.648438,39.45,97.91,6.970000,PM10,26636
5.370000,11.710000,7.490000,2.300000,0.210000,59.270000,4.970000,0.820000,255.470001,68.730003,63605.890625,39.46,98.08,11.710000,PM10,26637
11.240000,23.410000,15.530000,6.280000,0.350000,55.119999,3.830000,0.410000,258.170013,60.820000,68442.273438,39.46,98.26,23.410000,PM10,26638
24.620001,49.250000,23.309999,14.760000,0.600000,48.880001,1.910000,-1.140000,260.600006,52.970001,75056.921875,39.47,98.43,49.250000,PM10,26639
42.009998,72.610001,20.940001,22.070000,0.840000,44.279999,0.460000,-1.590000,261.670013,50.650002,80857.046875,39.48,98.61,61.305000,PM10,26640
34.770000,63.759998,19.600000,16.490000,0.680000,40.680000,0.350000,-1.860000,261.950012,50.490002,84380.546875,39.49,98.78,56.879997,PM10,26641
31.240000,59.889999,20.270000,13.730000,0.610000,38.169998,0.580000,-1.620000,261.910004,49.869999,86117.593750,39.5,98.96,54.945000,PM10,26642
27.350000,54.860001,20.700001,11.320000,0.550000,36.099998,0.850000,-1.000000,261.269989,51.750000,86524.023438,39.5,99.13,52.430000,PM10,26643
24.240000,50.040001,20.139999,9.620000,0.500000,34.310001,1.430000,-0.910000,260.959991,52.209999,86625.750000,39.51,99.31,50.020000,PM10,26644
23.330000,48.849998,19.340000,8.200000,0.460000,32.830002,1.620000,-0.800000,261.559998,51.910000,87296.843750,39.52,99.48,48.849998,PM10,26645
22.070000,45.900002,17.520000,6.850000,0.400000,32.619999,0.690000,-1.360000,262.320007,49.799999,87602.703125,39.53,99.66,45.900002,PM10,26646
20.330000,42.230000,16.600000,5.810000,0.340000,31.959999,0.310000,-1.790000,261.910004,48.500000,86109.187500,39.53,99.83,42.230000,PM10,26647
18.840000,38.330002,15.240000,5.170000,0.300000,31.650000,1.370000,-2.120000,261.420013,46.549999,84609.828125,39.54,100.01,38.330002,PM10,26648
16.570000,32.240002,13.570000,4.730000,0.270000,31.530001,2.080000,-1.930000,261.820007,45.180000,84846.851562,39.55,100.18,32.240002,PM10,26649
3.300000,3.530000,0.690000,0.080000,0.150000,57.970001,1.220000,0.290000,259.880005,76.050003,74337.726562,39.2,92.5,4.714286,PM2.5,26848
3.250000,3.480000,0.650000,0.080000,0.140000,59.720001,1.160000,-0.150000,258.070007,80.150002,71439.906250,39.21,92.67,4.642857,PM2.5,26849
3.210000,3.440000,0.610000,0.120000,0.140000,61.820000,0.500000,-1.350000,256.940002,81.029999,68966.078125,39.23,92.85,4.585714,PM2.5,26850
3.210000,3.450000,0.650000,0.170000,0.140000,61.549999,0.150000,-1.020000,256.790009,79.709999,68367.687500,39.24,93.02,4.585714,PM2.5,26851
3.200000,3.450000,0.620000,0.200000,0.140000,65.239998,-0.710000,-1.330000,256.670013,78.370003,67151.882812,39.26,93.19,4.571429,PM2.5,26852
3.080000,3.310000,0.610000,0.140000,0.120000,63.610001,-0.460000,-0.330000,255.070007,79.750000,63422.300781,39.27,93.37,4.400000,PM2.5,26853
3.090000,3.320000,0.610000,0.140000,0.130000,64.639999,3.870000,0.910000,252.119995,84.489998,58710.429688,39.29,93.54,4.414286,PM2.5,26854
3.100000,3.330000,0.610000,0.180000,0.130000,62.130001,7.160000,0.580000,252.520004,80.209999,58502.578125,39.3,93.72,4.428571,PM2.5,26855
3.130000,3.360000,0.610000,0.310000,0.130000,58.509998,5.300000,-2.200000,255.279999,75.430000,63381.878906,39.32,93.89,4.471429,PM2.5,26856
3.150000,3.380000,0.590000,0.500000,0.130000,56.369999,3.270000,-3.230000,256.230011,77.720001,67254.351562,39.33,94.06,4.500000,PM2.5,26857
3.130000,3.360000,0.560000,0.660000,0.140000,56.259998,2.550000,-2.050000,256.260010,78.930000,67913.039062,39.34,94.24,4.471429,PM2.5,26858
3.130000,3.360000,0.600000,0.810000,0.140000,56.980000,1.860000,-0.340000,255.880005,79.290001,66818.289062,39.36,94.41,4.471429,PM2.5,26859
3.110000,3.340000,0.600000,0.570000,0.140000,58.259998,2.400000,0.450000,254.830002,80.440002,64568.519531,39.37,94.58,4.442857,PM2.5,26860
3.160000,3.400000,0.700000,0.550000,0.140000,57.939999,3.200000,0.350000,255.300003,78.610001,65004.671875,39.38,94.76,4.514286,PM2.5,26861
3.420000,3.710000,1.040000,0.810000,0.140000,58.869999,2.640000,0.160000,257.329987,74.230003,68380.507812,39.4,94.93,4.885715,PM2.5,26862
3.340000,3.610000,0.920000,0.620000,0.140000,61.630001,2.190000,0.440000,257.390015,74.540001,68553.382812,39.41,95.11,4.771429,PM2.5,26863
3.300000,3.560000,0.870000,0.520000,0.140000,62.779999,2.770000,-0.990000,256.179993,76.269997,66823.500000,39.42,95.28,4.714286,PM2.5,26864
3.270000,3.530000,0.860000,0.500000,0.140000,61.560001,3.220000,-1.430000,255.699997,76.500000,65730.453125,39.43,95.45,4.671429,PM2.5,26865
3.230000,3.490000,0.850000,0.510000,0.140000,59.660000,2.900000,-0.550000,255.020004,77.180000,64419.070312,39.45,95.63,4.614286,PM2.5,26866
3.110000,3.360000,0.790000,0.450000,0.130000,59.590000,1.660000,0.560000,255.229996,75.480003,64263.750000,39.46,95.8,4.442857,PM2.5,26867
3.080000,3.320000,0.760000,0.420000,0.130000,61.130001,0.770000,0.860000,255.589996,74.839996,64530.078125,39.47,95.98,4.400000,PM2.5,26868
2.930000,3.160000,0.670000,0.330000,0.130000,63.439999,1.540000,1.170000,254.460007,76.220001,62845.980469,39.48,96.15,4.185714,PM2.5,26869
2.900000,3.160000,0.780000,0.270000,0.130000,64.180000,3.780000,1.110000,252.449997,78.779999,59856.519531,39.49,96.33,4.142857,PM2.5,26870
2.920000,3.170000,0.750000,0.240000,0.130000,62.380001,6.780000,1.720000,252.199997,77.529999,58717.570312,39.5,96.5,4.171429,PM2.5,26871
3.040000,3.410000,0.860000,0.290000,0.130000,59.090000,6.260000,0.180000,254.279999,71.519997,61184.648438,39.51,96.68,4.342857,PM2.5,26872
3.270000,3.990000,1.010000,0.350000,0.140000,58.459999,1.940000,-1.000000,256.820007,68.779999,66306.343750,39.52,96.85,4.671429,PM2.5,26873
3.250000,4.130000,1.050000,0.270000,0.140000,64.730003,-0.620000,0.300000,257.600006,69.980003,68749.312500,39.53,97.02,4.642857,PM2.5,26874
3.020000,3.900000,1.040000,0.190000,0.130000,65.720001,1.390000,2.400000,255.130005,73.580002,65006.578125,39.54,97.2,4.314286,PM2.5,26875
3.000000,4.070000,1.150000,0.180000,0.130000,65.029999,5.880000,3.830000,253.770004,74.230003,62268.179688,39.55,97.37,4.285714,PM2.5,26876
3.640000,6.480000,3.520000,0.790000,0.150000,62.689999,6.560000,2.330000,256.640015,64.180000,64724.921875,39.56,97.55,6.480000,PM10,26877
5.280000,12.120000,8.320000,2.210000,0.210000,60.070000,4.940000,-0.280000,256.799988,67.540001,65986.796875,39.57,97.72,12.120000,PM10,26878
7.000000,17.709999,12.870000,3.560000,0.270000,57.270000,5.000000,-0.480000,256.980011,67.239998,67019.812500,39.58,97.9,17.709999,PM10,26879
12.090000,30.639999,20.639999,7.140000,0.390000,51.400002,3.160000,-1.110000,260.119995,55.369999,73027.601562,39.59,98.07,30.639999,PM10,26880
29.830000,66.489998,37.099998,17.629999,0.730000,45.590000,0.340000,-1.570000,261.570007,51.650002,79102.882812,39.6,98.25,58.244999,PM10,26881
39.619999,82.000000,32.830002,23.830000,0.840000,44.990002,-0.310000,-1.630000,261.679993,51.599998,82981.273438,39.61,98.42,66.000000,PM10,26882
46.950001,81.160004,23.170000,25.209999,0.900000,43.860001,-0.000000,-1.640000,262.209991,49.209999,85858.906250,39.62,98.6,65.580002,PM10,26883
31.910000,56.570000,18.690001,15.630000,0.610000,40.830002,0.230000,-1.090000,261.950012,49.430000,86683.773438,39.62,98.77,53.285000,PM10,26884
27.980000,51.290001,19.209999,12.450000,0.550000,38.340000,0.610000,-1.200000,261.089996,49.950001,86713.078125,39.63,98.95,50.645000,PM10,26885
23.570000,46.009998,18.920000,10.010000,0.490000,36.160000,0.950000,-1.220000,261.200012,50.020000,86831.906250,39.64,99.12,46.009998,PM10,26886
21.450001,43.279999,18.290001,8.560000,0.450000,34.189999,1.090000,-1.080000,261.250000,50.299999,87087.578125,39.65,99.3,43.279999,PM10,26887
19.530001,39.450001,16.230000,6.940000,0.400000,33.580002,0.500000,-1.330000,261.660004,49.900002,87291.531250,39.65,99.47,39.450001,PM10,26888
18.160000,36.290001,14.880000,5.720000,0.360000,33.150002,-0.290000,-1.640000,261.769989,48.209999,86870.156250,39.66,99.65,36.290001,PM10,26889
15.000000,29.090000,13.620000,4.650000,0.300000,32.660000,0.190000,-1.310000,261.070007,48.400002,85370.453125,39.67,99.82,29.090000,PM10,26890
13.520000,25.219999,12.450000,4.190000,0.270000,32.410000,1.750000,-1.390000,260.739990,47.070000,84205.140625,39.67,100.0,25.219999,PM10,26891
12.060000,21.299999,10.940000,3.810000,0.240000,32.349998,2.660000,-1.880000,261.609985,45.360001,84946.523438,39.68,100.17,21.299999,PM10,26892
3.200000,3.430000,0.730000,0.080000,0.150000,55.259998,1.540000,0.710000,262.609985,69.610001,79176.906250,39.33,92.48,4.571429,PM2.5,27093
3.210000,3.440000,0.700000,0.080000,0.150000,56.820000,2.320000,1.050000,261.440002,71.580002,77082.882812,39.35,92.65,4.585714,PM2.5,27094
3.200000,3.430000,0.680000,0.090000,0.150000,57.480000,2.450000,0.770000,260.690002,72.059998,75655.656250,39.36,92.83,4.571429,PM2.5,27095
3.200000,3.430000,0.680000,0.150000,0.150000,57.400002,2.150000,0.510000,260.380005,71.800003,75024.281250,39.38,93.0,4.571429,PM2.5,27096
3.190000,3.420000,0.670000,0.210000,0.140000,57.560001,1.690000,0.160000,259.700012,73.169998,73700.789062,39.39,93.18,4.557143,PM2.5,27097
3.140000,3.370000,0.660000,0.180000,0.140000,58.419998,1.400000,0.890000,258.049988,75.610001,70082.406250,39.41,93.35,4.485714,PM2.5,27098
3.150000,3.380000,0.660000,0.180000,0.130000,58.730000,2.770000,1.980000,256.130005,78.500000,66407.117188,39.42,93.52,4.500000,PM2.5,27099
3.190000,3.420000,0.690000,0.290000,0.140000,55.299999,4.170000,-0.340000,256.820007,75.639999,67711.492188,39.44,93.7,4.557143,PM2.5,27100
3.230000,3.460000,0.720000,0.450000,0.140000,52.240002,3.240000,-2.290000,258.940002,70.540001,72494.460938,39.45,93.87,4.614286,PM2.5,27101
3.280000,3.520000,0.750000,0.620000,0.140000,51.119999,2.390000,-0.570000,260.350006,66.330002,75495.070312,39.46,94.04,4.685714,PM2.5,27102
3.390000,3.660000,0.920000,0.870000,0.140000,51.660000,2.780000,0.800000,260.839996,64.150002,76066.492188,39.48,94.22,4.842857,PM2.5,27103
3.540000,3.850000,1.170000,1.160000,0.150000,52.919998,3.070000,1.110000,260.700012,63.759998,75363.796875,39.49,94.39,5.057143,PM2.5,27104
3.560000,3.870000,1.160000,1.040000,0.150000,52.740002,2.820000,0.880000,260.140015,65.339996,74188.156250,39.51,94.57,5.085714,PM2.5,27105
4.020000,4.440000,1.920000,1.680000,0.150000,51.919998,1.950000,-0.080000,260.410004,65.620003,74845.203125,39.52,94.74,5.742857,PM2.5,27106
4.630000,5.190000,2.900000,2.590000,0.160000,54.250000,0.980000,-0.890000,260.519989,66.680000,75646.593750,39.53,94.92,6.614286,PM2.5,27107
3.730000,4.080000,1.510000,1.290000,0.140000,61.759998,0.690000,0.420000,258.000000,74.540001,71010.343750,39.54,95.09,5.328571,PM2.5,27108
3.510000,3.820000,1.250000,1.030000,0.140000,61.970001,2.200000,0.910000,254.789993,81.000000,65111.390625,39.56,95.26,5.014286,PM2.5,27109
3.460000,3.750000,1.150000,0.970000,0.140000,61.320000,4.600000,0.480000,254.270004,79.699997,63258.191406,39.57,95.44,4.942857,PM2.5,27110
3.440000,3.730000,1.100000,0.980000,0.140000,59.509998,4.500000,0.600000,255.309998,75.779999,64186.890625,39.58,95.61,4.914286,PM2.5,27111
3.480000,3.770000,1.120000,1.010000,0.130000,56.439999,1.640000,0.950000,257.109985,73.080002,67287.593750,39.59,95.79,4.971428,PM2.5,27112
3.550000,3.850000,1.150000,0.970000,0.140000,56.930000,0.210000,0.400000,258.309998,71.610001,69817.437500,39.6,95.96,5.071428,PM2.5,27113
3.270000,3.540000,0.950000,0.700000,0.130000,60.259998,2.030000,1.510000,257.029999,73.190002,67582.453125,39.62,96.14,4.671429,PM2.5,27114
3.220000,3.580000,1.110000,0.550000,0.130000,60.680000,5.210000,2.910000,255.470001,74.449997,64521.011719,39.63,96.31,4.600000,PM2.5,27115
3.290000,3.660000,1.070000,0.540000,0.130000,59.099998,5.890000,2.000000,257.100006,67.139999,65874.296875,39.64,96.49,4.700000,PM2.5,27116
3.600000,4.230000,1.310000,0.630000,0.140000,55.049999,2.990000,-0.840000,257.899994,67.360001,68330.843750,39.65,96.66,5.142857,PM2.5,27117
3.820000,4.940000,1.510000,0.610000,0.150000,55.020000,0.980000,-0.960000,257.529999,71.129997,69513.500000,39.66,96.84,5.457143,PM2.5,27118
3.620000,5.030000,1.480000,0.470000,0.140000,59.700001,1.030000,0.700000,257.660004,71.419998,69978.007812,39.67,97.01,5.171428,PM2.5,27119
3.410000,4.890000,1.480000,0.370000,0.140000,61.419998,3.660000,3.360000,256.299988,72.940002,67330.132812,39.68,97.19,4.890000,PM10,27120
3.640000,5.940000,2.420000,0.500000,0.150000,61.049999,6.950000,3.200000,256.470001,69.269997,66186.632812,39.69,97.36,5.940000,PM10,27121
6.840000,17.180000,12.970000,3.240000,0.250000,55.580002,5.420000,-0.720000,259.179993,59.220001,70174.898438,39.7,97.54,17.180000,PM10,27122
11.920000,34.750000,27.090000,7.310000,0.400000,50.790001,2.580000,-1.320000,260.230011,56.299999,74219.062500,39.71,97.71,34.750000,PM10,27123
16.040001,45.119999,31.400000,9.450000,0.480000,47.990002,2.270000,-1.090000,261.049988,53.110001,77136.750000,39.72,97.89,45.119999,PM10,27124
21.850000,56.320000,32.029999,12.380000,0.560000,45.709999,1.640000,-1.990000,261.600006,50.790001,80399.656250,39.73,98.06,53.160000,PM10,27125
32.939999,84.230003,46.509998,20.120001,0.760000,45.430000,0.570000,-1.560000,261.640015,50.610001,82945.726562,39.73,98.24,67.115005,PM10,27126
40.779999,103.519997,42.060001,26.709999,0.840000,45.310001,0.460000,-1.440000,261.809998,48.130001,84931.687500,39.74,98.41,76.759995,PM10,27127
40.680000,79.709999,25.690001,22.940001,0.800000,44.029999,0.670000,-1.550000,261.980011,45.759998,86237.562500,39.75,98.59,64.854996,PM10,27128
28.490000,52.439999,18.700001,14.640000,0.570000,40.990002,0.630000,-1.450000,261.809998,45.000000,86831.343750,39.76,98.76,51.220001,PM10,27129
24.230000,44.310001,17.570000,11.330000,0.490000,38.279999,0.750000,-1.330000,261.480011,44.830002,87095.031250,39.77,98.94,44.310001,PM10,27130
20.340000,39.209999,17.150000,8.840000,0.430000,36.080002,0.950000,-1.320000,261.510010,44.389999,87149.921875,39.77,99.11,39.209999,PM10,27131
18.309999,36.110001,15.830000,7.340000,0.390000,34.470001,0.730000,-1.150000,261.630005,45.110001,87404.968750,39.78,99.29,36.110001,PM10,27132
15.650000,30.330000,13.220000,5.640000,0.330000,34.630001,0.110000,-1.340000,261.720001,43.910000,86894.921875,39.79,99.46,30.330000,PM10,27133
14.420000,27.190001,12.350000,4.600000,0.310000,33.700001,0.230000,-1.450000,261.200012,44.669998,85725.046875,39.8,99.64,27.190001,PM10,27134
12.110000,21.440001,11.110000,3.810000,0.270000,33.590000,1.110000,-1.120000,261.079987,44.410000,85604.242188,39.8,99.81,21.440001,PM10,27135
3.140000,3.380000,0.760000,0.100000,0.150000,53.549999,2.250000,1.180000,263.350006,67.260002,80865.296875,39.48,92.63,4.485714,PM2.5,27350
3.160000,3.390000,0.740000,0.110000,0.150000,53.730000,2.630000,1.060000,262.739990,67.790001,79813.382812,39.5,92.81,4.514286,PM2.5,27351
3.170000,3.400000,0.740000,0.150000,0.150000,53.099998,2.790000,0.760000,262.399994,67.739998,79234.578125,39.51,92.98,4.528572,PM2.5,27352
3.170000,3.400000,0.750000,0.230000,0.150000,52.330002,2.840000,0.340000,262.390015,66.370003,79153.820312,39.53,93.16,4.528572,PM2.5,27353
3.170000,3.400000,0.760000,0.310000,0.150000,51.419998,3.040000,-0.130000,262.000000,65.930000,78394.132812,39.54,93.33,4.528572,PM2.5,27354
3.190000,3.430000,0.780000,0.390000,0.150000,50.279999,3.110000,-0.680000,261.959991,63.500000,78049.226562,39.56,93.5,4.557143,PM2.5,27355
3.210000,3.460000,0.810000,0.480000,0.150000,49.459999,2.880000,-1.650000,262.369995,60.919998,79366.960938,39.57,93.68,4.585714,PM2.5,27356
3.250000,3.500000,0.850000,0.580000,0.150000,48.009998,2.600000,-1.350000,263.119995,57.930000,81131.148438,39.58,93.85,4.642857,PM2.5,27357
3.400000,3.680000,0.950000,0.720000,0.150000,47.230000,2.240000,-0.290000,263.859985,55.349998,82620.273438,39.6,94.03,4.857143,PM2.5,27358
3.790000,4.170000,1.550000,1.220000,0.160000,46.689999,2.150000,-0.020000,264.250000,53.610001,83310.328125,39.61,94.2,5.414286,PM2.5,27359
4.180000,4.650000,2.160000,1.710000,0.160000,46.939999,2.370000,-0.060000,263.920013,54.000000,82805.093750,39.63,94.38,5.971428,PM2.5,27360
4.190000,4.630000,2.000000,1.580000,0.160000,47.680000,2.250000,-0.330000,263.600006,54.340000,82175.312500,39.64,94.55,5.985714,PM2.5,27361
4.650000,5.190000,2.690000,2.200000,0.160000,49.360001,1.360000,-0.290000,263.369995,54.860001,81717.742188,39.65,94.72,6.642857,PM2.5,27362
5.140000,5.810000,3.600000,3.040000,0.170000,51.990002,1.260000,0.740000,262.040009,59.720001,79132.093750,39.67,94.9,7.342857,PM2.5,27363
4.300000,4.760000,2.270000,1.910000,0.150000,56.959999,2.260000,2.520000,259.350006,69.449997,73907.250000,39.68,95.07,6.142858,PM2.5,27364
3.920000,4.300000,1.710000,1.440000,0.140000,58.380001,3.130000,2.910000,257.630005,73.309998,69764.843750,39.69,95.25,5.600000,PM2.5,27365
3.830000,4.190000,1.580000,1.310000,0.140000,56.849998,4.220000,1.540000,256.690002,75.260002,67921.796875,39.7,95.42,5.471428,PM2.5,27366
3.850000,4.200000,1.550000,1.310000,0.140000,54.570000,4.810000,0.140000,256.839996,74.400002,67964.273438,39.72,95.6,5.500000,PM2.5,27367
3.910000,4.280000,1.520000,1.330000,0.140000,52.250000,3.020000,-0.620000,258.899994,68.220001,71361.031250,39.73,95.77,5.585714,PM2.5,27368
4.070000,4.430000,1.580000,1.260000,0.140000,52.049999,0.860000,-0.730000,260.690002,61.619999,75101.148438,39.74,95.95,5.814286,PM2.5,27369
3.880000,4.220000,1.410000,1.080000,0.140000,55.160000,1.730000,-0.040000,259.829987,64.620003,73933.070312,39.75,96.12,5.542857,PM2.5,27370
3.870000,4.390000,1.700000,0.950000,0.140000,55.759998,4.860000,0.710000,258.329987,68.930000,71140.812500,39.76,96.3,5.528571,PM2.5,27371
3.940000,4.490000,1.640000,0.900000,0.140000,53.860001,6.210000,-0.980000,259.109985,64.559998,71554.296875,39.77,96.47,5.628572,PM2.5,27372
4.140000,4.960000,1.790000,0.850000,0.150000,51.330002,3.560000,-1.830000,260.440002,60.220001,74030.781250,39.78,96.65,5.914286,PM2.5,27373
4.360000,5.840000,1.970000,0.780000,0.160000,52.540001,1.590000,-0.410000,260.350006,61.669998,74744.257812,39.79,96.82,6.228571,PM2.5,27374
4.310000,6.490000,2.140000,0.780000,0.160000,54.509998,3.270000,1.270000,259.079987,66.620003,72916.640625,39.8,97.0,6.490000,PM10,27375
4.450000,7.620000,2.920000,0.940000,0.170000,55.290001,5.520000,2.680000,259.350006,63.369999,72404.960938,39.81,97.17,7.620000,PM10,27376
7.110000,16.469999,9.080000,2.880000,0.240000,50.389999,5.570000,0.070000,260.510010,57.419998,74407.937500,39.82,97.35,16.469999,PM10,27377
15.380000,46.279999,36.169998,10.490000,0.480000,46.220001,3.730000,-2.040000,260.920013,55.139999,77323.468750,39.83,97.52,46.279999,PM10,27378
24.070000,76.849998,58.119999,17.530001,0.710000,44.459999,1.870000,-1.460000,261.410004,52.490002,80337.476562,39.84,97.7,63.424999,PM10,27379
22.110001,64.540001,42.590000,14.310000,0.600000,44.990002,1.120000,-0.930000,261.339996,51.119999,81581.101562,39.85,97.87,57.270000,PM10,27380
24.209999,68.919998,37.040001,15.640000,0.600000,44.750000,1.460000,-0.890000,260.750000,51.020000,81602.960938,39.86,98.05,59.459999,PM10,27381
41.250000,143.960007,72.540001,31.379999,0.940000,41.549999,1.580000,-1.190000,261.170013,47.900002,83478.000000,39.87,98.23,96.980003,PM10,27382
52.439999,176.100006,72.449997,38.290001,1.050000,36.759998,1.270000,-1.320000,261.899994,43.970001,85789.023438,39.88,98.4,113.050003,PM10,27383
33.700001,78.730003,30.160000,21.120001,0.680000,42.610001,1.110000,-1.190000,261.959991,41.560001,86673.953125,39.89,98.58,64.365005,PM10,27384
24.709999,49.230000,19.160000,14.000000,0.520000,39.980000,1.130000,-1.190000,261.859985,39.849998,87060.343750,39.89,98.75,49.230000,PM10,27385
20.709999,38.880001,16.100000,10.560000,0.440000,37.939999,1.260000,-1.080000,261.880005,38.849998,87295.062500,39.9,98.93,38.880001,PM10,27386
16.820000,32.150002,14.570000,7.850000,0.380000,36.209999,1.180000,-0.930000,262.019989,38.169998,87565.093750,39.91,99.1,32.150002,PM10,27387
14.950000,28.469999,12.740000,6.170000,0.340000,35.000000,0.700000,-0.790000,262.079987,38.360001,87751.281250,39.92,99.28,28.469999,PM10,27388
13.100000,24.360001,11.020000,4.740000,0.300000,34.400002,0.310000,-0.660000,261.809998,38.720001,87301.210938,39.92,99.45,24.360001,PM10,27389
3.150000,3.390000,0.820000,0.140000,0.150000,49.939999,2.150000,1.440000,263.029999,66.480003,81195.773438,39.63,92.79,4.500000,PM2.5,27604
3.150000,3.390000,0.820000,0.180000,0.150000,49.509998,2.700000,1.050000,263.350006,63.730000,81550.906250,39.65,92.96,4.500000,PM2.5,27605
3.150000,3.390000,0.830000,0.250000,0.150000,48.759998,2.800000,0.480000,263.679993,61.430000,82072.296875,39.66,93.14,4.500000,PM2.5,27606
3.170000,3.410000,0.860000,0.360000,0.150000,48.029999,2.890000,0.050000,263.779999,59.840000,82442.617188,39.68,93.31,4.528572,PM2.5,27607
3.200000,3.450000,0.890000,0.430000,0.150000,47.220001,2.910000,-0.630000,263.980011,57.900002,83072.820312,39.69,93.49,4.571429,PM2.5,27608
3.240000,3.500000,0.920000,0.500000,0.150000,46.540001,2.870000,-0.490000,263.920013,56.900002,83324.773438,39.7,93.66,4.628572,PM2.5,27609
3.340000,3.610000,0.980000,0.610000,0.150000,45.689999,2.850000,-0.430000,263.950012,55.860001,83724.679688,39.72,93.83,4.771429,PM2.5,27610
3.560000,3.860000,1.130000,0.750000,0.150000,44.689999,2.550000,-0.390000,264.309998,54.180000,84706.812500,39.73,94.01,5.085714,PM2.5,27611
3.960000,4.350000,1.620000,1.160000,0.160000,44.250000,2.130000,-0.210000,264.440002,52.700001,85331.578125,39.75,94.18,5.657143,PM2.5,27612
4.320000,4.800000,2.170000,1.630000,0.160000,44.419998,1.810000,0.260000,264.160004,52.459999,85055.281250,39.76,94.36,6.171429,PM2.5,27613
4.320000,4.780000,2.030000,1.470000,0.160000,45.439999,1.660000,0.570000,263.690002,52.880001,84064.867188,39.77,94.53,6.171429,PM2.5,27614
4.560000,5.060000,2.380000,1.770000,0.160000,47.099998,1.650000,1.140000,263.320007,53.490002,82853.179688,39.79,94.71,6.514286,PM2.5,27615
4.860000,5.440000,2.940000,2.280000,0.160000,48.900002,2.410000,2.160000,263.000000,54.330002,81365.867188,39.8,94.88,6.942857,PM2.5,27616
4.520000,5.020000,2.440000,1.880000,0.160000,51.459999,3.780000,2.690000,262.640015,55.709999,79618.843750,39.81,95.06,6.457143,PM2.5,27617
4.300000,4.750000,2.100000,1.590000,0.150000,51.470001,4.340000,1.630000,262.190002,56.500000,78077.953125,39.83,95.23,6.142858,PM2.5,27618
4.260000,4.690000,1.960000,1.460000,0.150000,50.230000,4.150000,0.250000,261.549988,58.160000,76986.726562,39.84,95.41,6.085715,PM2.5,27619
4.300000,4.720000,1.910000,1.330000,0.150000,48.900002,4.100000,-0.580000,260.709991,61.060001,76104.117188,39.85,95.58,6.142858,PM2.5,27620
4.310000,4.720000,1.850000,1.260000,0.150000,47.959999,4.070000,-1.090000,260.779999,60.919998,76531.546875,39.86,95.76,6.157143,PM2.5,27621
4.300000,4.700000,1.790000,1.190000,0.150000,48.400002,3.220000,-0.730000,261.670013,57.619999,78030.093750,39.87,95.93,6.142858,PM2.5,27622
4.250000,4.640000,1.700000,1.140000,0.150000,50.520000,2.800000,-0.000000,261.299988,58.509998,77452.882812,39.88,96.11,6.071429,PM2.5,27623
4.310000,4.940000,2.170000,1.010000,0.150000,51.340000,4.220000,0.410000,259.750000,64.440002,75124.203125,39.9,96.28,6.157143,PM2.5,27624
4.370000,5.020000,1.970000,0.940000,0.150000,51.619999,6.460000,-0.560000,258.910004,67.250000,73534.703125,39.91,96.46,6.242857,PM2.5,27625
4.480000,5.390000,2.090000,0.880000,0.160000,50.189999,6.070000,-1.400000,260.970001,58.860001,75788.882812,39.92,96.63,6.400000,PM2.5,27626
4.760000,6.410000,2.250000,0.910000,0.170000,50.259998,3.850000,-1.040000,262.309998,53.930000,78429.187500,39.93,96.81,6.800000,PM2.5,27627
5.030000,7.960000,2.950000,1.130000,0.180000,49.830002,3.950000,0.440000,261.410004,56.470001,77506.296875,39.94,96.98,7.960000,PM10,27628
7.840000,17.150000,7.770000,3.660000,0.230000,44.720001,3.590000,-0.240000,262.019989,52.700001,79124.546875,39.95,97.16,17.150000,PM10,27629
15.370000,41.919998,24.160000,9.880000,0.390000,39.180000,1.140000,-1.640000,262.089996,50.360001,82183.906250,39.96,97.34,41.919998,PM10,27630
24.160000,73.529999,52.590000,17.110001,0.620000,40.360001,-0.200000,-1.030000,261.459991,50.939999,82822.726562,39.97,97.51,61.764999,PM10,27631
26.870001,83.019997,59.570000,18.379999,0.720000,40.619999,-0.200000,-0.570000,261.239990,49.389999,83490.578125,39.98,97.69,66.509995,PM10,27632
21.650000,61.270000,33.020000,14.120000,0.530000,42.509998,0.120000,-0.260000,261.339996,47.020000,83727.078125,39.99,97.86,55.635002,PM10,27633
22.360001,63.080002,28.190001,14.760000,0.510000,43.139999,0.910000,-0.010000,261.209991,45.730000,83609.132812,39.99,98.04,56.540001,PM10,27634
30.059999,99.070000,45.470001,22.719999,0.660000,42.060001,1.430000,-0.470000,261.579987,43.560001,85102.367188,40.0,98.21,74.535004,PM10,27635
32.500000,101.860001,43.540001,25.170000,0.680000,41.240002,1.450000,-0.660000,262.190002,40.430000,86838.250000,40.01,98.39,75.930000,PM10,27636
22.760000,52.590000,21.990000,13.970000,0.490000,40.639999,1.550000,-0.530000,262.260010,38.080002,87584.726562,40.02,98.57,51.294998,PM10,27637
17.670000,33.990002,14.230000,9.410000,0.400000,38.599998,1.730000,-0.500000,262.399994,35.439999,87955.562500,40.03,98.74,33.990002,PM10,27638
15.020000,26.230000,11.190000,7.040000,0.350000,37.680000,1.660000,-0.500000,262.649994,34.040001,88130.468750,40.04,98.92,26.230000,PM10,27639
12.730000,22.230000,9.970000,5.360000,0.310000,36.560001,1.290000,-0.460000,262.739990,33.009998,88362.093750,40.04,99.09,22.230000,PM10,27640
11.180000,19.610001,8.780000,4.320000,0.280000,35.570000,0.820000,-0.320000,262.670013,32.790001,88474.156250,40.05,99.27,19.610001,PM10,27641
10.160000,17.270000,7.710000,3.580000,0.250000,35.139999,0.580000,-0.080000,262.480011,33.040001,88389.382812,40.06,99.45,17.270000,PM10,27642
9.080000,14.370000,7.140000,2.910000,0.240000,35.189999,0.730000,-0.140000,262.209991,33.340000,87991.179688,40.07,99.62,14.370000,PM10,27643
8.050000,11.540000,6.510000,2.520000,0.220000,35.250000,1.270000,-0.660000,261.820007,33.950001,87281.476562,40.07,99.8,11.540000,PM10,27644
3.200000,3.470000,1.010000,0.240000,0.150000,45.720001,1.250000,1.350000,264.540009,58.970001,84711.976562,39.76,92.77,4.571429,PM2.5,27861
3.220000,3.490000,1.010000,0.260000,0.150000,45.529999,1.900000,0.890000,264.510010,58.130001,84647.578125,39.78,92.94,4.600000,PM2.5,27862
3.250000,3.520000,1.020000,0.310000,0.150000,45.180000,2.290000,0.470000,264.359985,57.619999,84553.476562,39.79,93.12,4.642857,PM2.5,27863
3.280000,3.560000,1.040000,0.390000,0.150000,44.930000,2.590000,0.200000,264.350006,56.560001,84714.843750,39.81,93.29,4.685714,PM2.5,27864
3.330000,3.620000,1.080000,0.430000,0.150000,44.799999,2.680000,-0.020000,264.390015,55.310001,85024.398438,39.82,93.47,4.757143,PM2.5,27865
3.410000,3.700000,1.110000,0.470000,0.150000,44.630001,2.610000,0.090000,264.260010,54.340000,84976.687500,39.84,93.64,4.871428,PM2.5,27866
3.550000,3.860000,1.190000,0.540000,0.160000,44.000000,2.510000,-0.030000,264.420013,52.540001,85470.578125,39.85,93.82,5.071428,PM2.5,27867
3.890000,4.240000,1.360000,0.640000,0.160000,42.880001,2.180000,-0.240000,264.880005,50.049999,86753.976562,39.87,93.99,5.557143,PM2.5,27868
4.240000,4.640000,1.590000,0.930000,0.160000,43.029999,1.640000,-0.060000,264.850006,48.869999,87205.203125,39.88,94.17,6.057143,PM2.5,27869
4.430000,4.860000,1.810000,1.330000,0.160000,42.770000,1.250000,0.680000,264.230011,49.660000,86345.429688,39.89,94.34,6.328571,PM2.5,27870
4.510000,4.960000,1.890000,1.320000,0.160000,43.349998,1.430000,1.180000,263.820007,49.660000,85017.578125,39.91,94.52,6.442857,PM2.5,27871
4.630000,5.110000,2.060000,1.360000,0.160000,44.230000,1.910000,1.480000,263.799988,49.590000,84248.078125,39.92,94.69,6.614286,PM2.5,27872
4.650000,5.140000,2.180000,1.420000,0.160000,45.220001,2.440000,1.660000,263.950012,49.459999,83793.203125,39.93,94.87,6.642857,PM2.5,27873
4.550000,5.010000,2.060000,1.320000,0.160000,46.070000,3.230000,1.390000,263.809998,50.130001,82930.726562,39.95,95.04,6.500000,PM2.5,27874
4.500000,4.950000,1.990000,1.250000,0.160000,45.849998,3.700000,0.460000,263.839996,50.090000,82504.406250,39.96,95.22,6.428571,PM2.5,27875
4.560000,5.010000,1.990000,1.210000,0.160000,45.139999,3.350000,-0.540000,263.910004,49.880001,82727.453125,39.97,95.39,6.514286,PM2.5,27876
4.610000,5.070000,1.990000,1.130000,0.160000,45.110001,2.920000,-0.550000,263.670013,50.660000,82726.312500,39.98,95.57,6.585714,PM2.5,27877
4.610000,5.060000,1.950000,1.090000,0.160000,45.270000,3.100000,-0.040000,263.260010,51.939999,82098.601562,40.0,95.74,6.585714,PM2.5,27878
4.620000,5.070000,1.930000,1.060000,0.160000,45.540001,3.390000,0.220000,263.040009,52.480000,81528.250000,40.01,95.92,6.600000,PM2.5,27879
4.710000,5.170000,1.990000,1.090000,0.160000,46.000000,3.440000,0.550000,263.119995,51.889999,81330.046875,40.02,96.09,6.728571,PM2.5,27880
4.770000,5.530000,2.680000,1.010000,0.160000,47.340000,3.910000,0.980000,262.820007,52.650002,80594.078125,40.03,96.27,6.814286,PM2.5,27881
4.780000,5.560000,2.490000,0.950000,0.160000,47.779999,5.150000,0.680000,262.010010,55.200001,79208.406250,40.04,96.44,6.828572,PM2.5,27882
5.000000,6.060000,2.680000,1.070000,0.170000,46.720001,5.440000,-0.650000,262.089996,54.520000,79419.843750,40.05,96.62,7.142857,PM2.5,27883
5.920000,8.300000,3.560000,2.000000,0.180000,44.230000,3.840000,-1.270000,262.470001,52.119999,80827.546875,40.06,96.8,8.457143,PM2.5,27884
7.450000,13.240000,6.000000,3.340000,0.210000,41.380001,1.800000,-0.690000,262.279999,51.090000,81719.023438,40.07,96.97,13.240000,PM10,27885
12.700000,30.570000,17.000000,7.820000,0.320000,35.560001,-0.020000,-1.120000,261.769989,49.680000,83400.218750,40.08,97.15,30.570000,PM10,27886
17.459999,49.389999,30.209999,11.550000,0.420000,34.820000,-1.240000,-0.850000,261.649994,46.910000,84612.078125,40.09,97.32,49.389999,PM10,27887
16.760000,46.299999,26.070000,10.450000,0.400000,36.560001,-1.170000,-0.390000,261.410004,45.459999,84658.953125,40.1,97.5,46.299999,PM10,27888
14.340000,36.500000,16.240000,8.750000,0.350000,38.209999,-0.410000,-0.270000,261.720001,43.349998,85688.179688,40.11,97.68,36.500000,PM10,27889
13.550000,34.410000,12.650000,8.570000,0.330000,40.180000,0.070000,-0.090000,262.489990,40.779999,87058.539062,40.12,97.85,34.410000,PM10,27890
14.330000,37.520000,11.890000,9.230000,0.330000,40.869999,0.240000,0.220000,262.880005,39.330002,87505.453125,40.13,98.03,37.520000,PM10,27891
15.550000,42.570000,13.350000,10.570000,0.350000,41.459999,0.660000,0.160000,262.600006,39.060001,87617.429688,40.14,98.2,42.570000,PM10,27892
13.490000,32.220001,10.270000,8.510000,0.320000,40.410000,1.250000,-0.180000,262.619995,37.669998,87994.593750,40.15,98.38,32.220001,PM10,27893
10.540000,19.350000,6.900000,5.110000,0.270000,39.630001,1.580000,-0.320000,262.720001,35.779999,88462.468750,40.16,98.56,19.350000,PM10,27894
10.000000,16.430000,6.500000,4.200000,0.260000,39.060001,1.640000,-0.490000,263.029999,34.209999,88656.601562,40.16,98.73,16.430000,PM10,27895
9.750000,15.250000,6.060000,3.730000,0.260000,38.529999,1.490000,-0.670000,263.290009,33.410000,88682.906250,40.17,98.91,15.250000,PM10,27896
8.700000,13.850000,5.710000,3.070000,0.240000,36.990002,1.120000,-0.630000,263.399994,32.669998,88829.898438,40.18,99.08,13.850000,PM10,27897
7.800000,12.490000,5.370000,2.690000,0.230000,36.220001,0.660000,-0.460000,263.239990,31.980000,89027.789062,40.19,99.26,12.490000,PM10,27898
7.530000,11.570000,5.160000,2.530000,0.220000,35.680000,0.580000,-0.230000,263.049988,31.400000,89157.289062,40.19,99.44,11.570000,PM10,27899
7.410000,10.600000,5.180000,2.280000,0.220000,35.720001,0.900000,-0.070000,262.760010,30.680000,88990.101562,40.2,99.61,10.600000,PM10,27900
6.860000,9.000000,4.990000,2.110000,0.210000,35.700001,1.500000,-0.290000,262.619995,30.750000,88720.929688,40.21,99.79,9.800000,PM2.5,27901
6.420000,7.890000,4.760000,2.030000,0.210000,35.700001,2.170000,-0.660000,262.679993,31.250000,88724.312500,40.21,99.97,9.171429,PM2.5,27902
3.320000,3.640000,1.400000,0.410000,0.160000,43.820000,1.200000,0.290000,265.750000,54.660000,88705.789062,39.91,92.92,4.742857,PM2.5,28122
3.350000,3.680000,1.390000,0.430000,0.160000,43.599998,1.800000,0.420000,265.769989,53.529999,88602.953125,39.93,93.1,4.785714,PM2.5,28123
3.390000,3.720000,1.390000,0.460000,0.160000,43.410000,2.180000,0.430000,265.869995,52.220001,88712.976562,39.94,93.27,4.842857,PM2.5,28124
3.460000,3.790000,1.420000,0.500000,0.160000,43.380001,2.230000,0.410000,265.910004,50.880001,88841.648438,39.96,93.45,4.942857,PM2.5,28125
3.560000,3.900000,1.450000,0.540000,0.160000,43.029999,2.060000,0.540000,265.799988,49.759998,88740.367188,39.97,93.62,5.085714,PM2.5,28126
3.730000,4.100000,1.520000,0.610000,0.160000,42.369999,1.900000,0.460000,265.640015,48.590000,88676.921875,39.99,93.8,5.328571,PM2.5,28127
4.040000,4.430000,1.660000,0.720000,0.160000,41.490002,1.580000,0.100000,265.519989,47.400002,88957.320312,40.0,93.97,5.771429,PM2.5,28128
4.400000,4.840000,1.830000,0.910000,0.160000,41.090000,1.150000,0.060000,265.079987,47.230000,88739.617188,40.02,94.15,6.285715,PM2.5,28129
4.700000,5.180000,2.020000,1.270000,0.170000,40.990002,1.150000,0.710000,264.709991,47.299999,88108.828125,40.03,94.32,6.714285,PM2.5,28130
5.880000,6.580000,2.740000,2.210000,0.180000,40.230000,1.670000,1.250000,264.700012,46.490002,87514.843750,40.04,94.5,8.400001,PM2.5,28131
6.570000,7.410000,3.180000,2.650000,0.190000,39.830002,2.120000,1.140000,264.929993,45.820000,87138.960938,40.06,94.67,9.385715,PM2.5,28132
5.560000,6.180000,2.530000,1.900000,0.180000,41.139999,2.290000,0.910000,264.910004,46.180000,86622.453125,40.07,94.85,7.942857,PM2.5,28133
5.290000,5.850000,2.370000,1.640000,0.170000,41.680000,2.480000,0.710000,264.649994,47.090000,85756.851562,40.08,95.02,7.557143,PM2.5,28134
5.190000,5.730000,2.340000,1.460000,0.170000,41.529999,2.500000,0.050000,264.670013,47.119999,85647.273438,40.09,95.2,7.414286,PM2.5,28135
5.260000,5.810000,2.400000,1.370000,0.170000,41.099998,2.060000,-0.550000,264.739990,46.889999,85930.218750,40.11,95.38,7.514286,PM2.5,28136
5.370000,5.930000,2.480000,1.350000,0.170000,41.230000,1.490000,-0.440000,264.820007,46.529999,86188.617188,40.12,95.55,7.671428,PM2.5,28137
5.410000,5.980000,2.520000,1.340000,0.170000,41.549999,1.450000,0.060000,264.589996,47.020000,85717.531250,40.13,95.73,7.728571,PM2.5,28138
5.500000,6.090000,2.620000,1.390000,0.170000,41.310001,1.970000,0.210000,264.279999,47.549999,85047.796875,40.14,95.9,7.857143,PM2.5,28139
5.750000,6.370000,2.880000,1.520000,0.170000,40.750000,2.190000,-0.210000,264.570007,46.230000,85410.476562,40.15,96.08,8.214286,PM2.5,28140
5.990000,7.070000,3.970000,1.640000,0.180000,41.470001,2.160000,-0.060000,264.670013,45.750000,85393.929688,40.16,96.25,8.557142,PM2.5,28141
6.040000,7.180000,3.840000,1.710000,0.180000,42.119999,2.110000,0.320000,264.200012,46.810001,84537.117188,40.18,96.43,8.628572,PM2.5,28142
6.530000,8.020000,4.320000,2.110000,0.190000,40.900002,1.590000,0.120000,263.230011,48.720001,83646.890625,40.19,96.61,9.328571,PM2.5,28143
7.580000,10.490000,5.510000,3.050000,0.200000,38.529999,0.520000,-0.340000,262.489990,49.080002,83588.578125,40.2,96.78,10.828571,PM2.5,28144
9.220000,16.180000,9.310000,4.670000,0.250000,35.250000,-0.800000,-0.340000,262.119995,47.380001,84309.031250,40.21,96.96,16.180000,PM10,28145
11.250000,25.510000,15.100000,6.610000,0.300000,33.759998,-1.720000,0.000000,261.750000,44.700001,85059.156250,40.22,97.13,25.510000,PM10,28146
13.100000,34.939999,20.889999,8.420000,0.350000,34.060001,-1.890000,-0.250000,261.690002,41.930000,85746.460938,40.23,97.31,34.939999,PM10,28147
11.250000,28.780001,14.880000,6.520000,0.310000,35.919998,-1.510000,-0.180000,261.980011,40.250000,86494.156250,40.24,97.49,28.780001,PM10,28148
8.960000,19.559999,7.570000,4.410000,0.260000,37.380001,-1.020000,-0.210000,262.510010,38.549999,87626.796875,40.25,97.66,19.559999,PM10,28149
7.880000,16.309999,5.140000,3.770000,0.230000,39.560001,-0.680000,-0.350000,263.029999,36.910000,88692.203125,40.26,97.84,16.309999,PM10,28150
7.810000,15.880000,4.300000,3.750000,0.230000,40.759998,-0.440000,-0.470000,263.290009,35.970001,89071.156250,40.26,98.02,15.880000,PM10,28151
7.900000,15.350000,4.420000,3.780000,0.230000,41.349998,-0.060000,-0.450000,263.059998,36.000000,88785.796875,40.27,98.19,15.350000,PM10,28152
6.700000,10.700000,3.620000,2.690000,0.210000,41.279999,0.380000,-1.040000,262.869995,35.790001,88319.179688,40.28,98.37,10.700000,PM10,28153
6.200000,8.950000,3.590000,2.170000,0.210000,41.150002,0.520000,-1.690000,263.070007,35.130001,88208.703125,40.29,98.54,8.950000,PM10,28154
6.570000,9.470000,3.890000,2.230000,0.210000,40.900002,0.510000,-2.150000,263.329987,34.610001,88155.421875,40.3,98.72,9.470000,PM10,28155
6.570000,9.550000,3.930000,2.150000,0.210000,40.650002,0.580000,-2.420000,263.500000,34.270000,88068.773438,40.31,98.9,9.550000,PM10,28156
6.050000,9.040000,3.810000,1.930000,0.210000,39.660000,0.600000,-2.170000,263.619995,33.349998,88249.007812,40.31,99.07,9.040000,PM10,28157
5.780000,8.690000,3.690000,1.920000,0.200000,38.150002,0.440000,-1.860000,263.510010,32.099998,88551.718750,40.32,99.25,8.690000,PM10,28158
5.690000,8.160000,3.670000,1.910000,0.200000,37.110001,0.610000,-1.480000,263.320007,30.870001,88927.976562,40.33,99.43,8.160000,PM10,28159
6.130000,8.150000,3.790000,1.810000,0.200000,37.040001,1.050000,-0.950000,263.190002,29.670000,89303.226562,40.33,99.6,8.757143,PM2.5,28160
6.030000,7.520000,4.020000,1.860000,0.210000,36.580002,1.520000,-0.750000,263.070007,29.219999,89478.156250,40.34,99.78,8.614286,PM2.5,28161
5.760000,6.860000,4.010000,1.820000,0.200000,36.389999,2.010000,-1.040000,263.190002,30.530001,89478.273438,40.35,99.96,8.228572,PM2.5,28162
5.350000,6.240000,4.070000,1.810000,0.200000,36.090000,2.520000,-1.420000,263.000000,32.049999,89137.203125,40.35,100.13,7.642857,PM2.5,28163
3.120000,3.450000,1.580000,0.430000,0.160000,44.790001,0.780000,-0.540000,266.510010,55.610001,91615.726562,40.05,92.9,4.457143,PM2.5,28385
3.220000,3.560000,1.580000,0.460000,0.160000,44.130001,1.290000,-0.160000,266.630005,53.779999,91721.593750,40.06,93.08,4.600000,PM2.5,28386
3.280000,3.620000,1.580000,0.490000,0.160000,43.540001,1.480000,0.110000,266.630005,51.810001,91576.476562,40.08,93.25,4.685714,PM2.5,28387
3.360000,3.710000,1.590000,0.510000,0.160000,42.959999,1.370000,0.220000,266.510010,50.099998,91356.296875,40.09,93.43,4.800000,PM2.5,28388
3.470000,3.830000,1.610000,0.550000,0.160000,42.230000,1.100000,0.410000,266.329987,48.630001,91102.070312,40.11,93.6,4.957143,PM2.5,28389
3.660000,4.030000,1.660000,0.600000,0.160000,41.310001,0.730000,0.500000,266.040009,47.560001,90690.539062,40.12,93.78,5.228571,PM2.5,28390
3.960000,4.360000,1.770000,0.690000,0.160000,40.470001,0.370000,0.300000,265.600006,47.299999,90141.382812,40.14,93.95,5.657143,PM2.5,28391
4.320000,4.750000,1.940000,0.850000,0.170000,40.549999,0.280000,0.140000,265.209991,47.419998,89580.921875,40.15,94.13,6.171429,PM2.5,28392
4.590000,5.070000,2.120000,1.120000,0.170000,41.009998,0.800000,0.120000,265.100006,48.200001,89440.882812,40.16,94.31,6.557143,PM2.5,28393
6.070000,6.810000,2.970000,2.130000,0.180000,39.820000,1.560000,0.460000,265.299988,47.470001,89640.500000,40.18,94.48,8.671429,PM2.5,28394
7.050000,7.980000,3.540000,2.840000,0.190000,38.430000,1.930000,0.500000,265.690002,45.930000,89781.421875,40.19,94.66,10.071429,PM2.5,28395
5.850000,6.520000,2.760000,1.970000,0.180000,38.840000,1.840000,0.430000,266.010010,44.779999,89688.656250,40.2,94.83,8.357142,PM2.5,28396
5.660000,6.280000,2.670000,1.780000,0.180000,38.540001,1.530000,0.190000,265.980011,44.389999,89348.773438,40.22,95.01,8.085714,PM2.5,28397
5.630000,6.250000,2.720000,1.630000,0.180000,38.029999,1.110000,-0.230000,265.700012,44.619999,88879.218750,40.23,95.18,8.042857,PM2.5,28398
5.820000,6.450000,2.890000,1.610000,0.180000,37.400002,0.580000,-0.430000,265.390015,44.810001,88412.601562,40.24,95.36,8.314286,PM2.5,28399
6.100000,6.770000,3.130000,1.670000,0.180000,37.049999,0.110000,-0.300000,265.260010,44.099998,88189.203125,40.25,95.54,8.714286,PM2.5,28400
6.290000,6.990000,3.310000,1.740000,0.180000,37.150002,-0.110000,-0.080000,264.980011,43.860001,87574.546875,40.26,95.71,8.985714,PM2.5,28401
6.490000,7.220000,3.540000,1.860000,0.180000,36.700001,-0.170000,-0.250000,264.630005,44.080002,87053.539062,40.28,95.89,9.271428,PM2.5,28402
6.680000,7.430000,3.760000,1.980000,0.180000,36.040001,-0.570000,-0.810000,264.690002,42.840000,87277.382812,40.29,96.06,9.542857,PM2.5,28403
7.100000,8.410000,5.180000,2.170000,0.190000,36.250000,-1.260000,-0.470000,264.649994,42.639999,87131.382812,40.3,96.24,10.142857,PM2.5,28404
7.290000,8.670000,5.110000,2.240000,0.190000,36.570000,-1.630000,0.210000,264.040009,43.630001,86353.421875,40.31,96.42,10.414286,PM2.5,28405
7.570000,9.150000,5.380000,2.400000,0.200000,36.080002,-1.790000,0.560000,263.170013,44.720001,85529.812500,40.32,96.59,10.814286,PM2.5,28406
7.900000,10.310000,5.680000,2.880000,0.210000,35.000000,-2.110000,0.490000,262.510010,44.470001,85257.093750,40.33,96.77,11.285714,PM2.5,28407
7.790000,11.730000,6.080000,3.130000,0.230000,35.040001,-2.530000,0.350000,262.359985,42.070000,85734.406250,40.34,96.94,11.730000,PM10,28408
8.000000,14.530000,7.040000,3.610000,0.240000,34.970001,-2.560000,0.180000,262.239990,39.950001,86387.023438,40.35,97.12,14.530000,PM10,28409
6.950000,14.340000,6.980000,3.430000,0.230000,35.669998,-2.060000,-0.420000,262.290009,38.360001,87032.523438,40.36,97.3,14.340000,PM10,28410
6.370000,12.780000,5.320000,2.670000,0.220000,36.959999,-1.530000,-0.790000,262.730011,36.700001,87853.359375,40.37,97.47,12.780000,PM10,28411
5.770000,10.280000,3.550000,1.930000,0.210000,38.119999,-1.260000,-1.060000,263.089996,35.439999,88518.437500,40.38,97.65,10.280000,PM10,28412
5.260000,8.860000,2.840000,1.690000,0.190000,40.299999,-1.030000,-1.420000,263.170013,34.880001,88763.593750,40.39,97.83,8.860000,PM10,28413
5.270000,8.700000,2.760000,1.760000,0.190000,41.599998,-0.770000,-1.870000,263.190002,34.759998,88673.750000,40.4,98.0,8.700000,PM10,28414
5.200000,8.100000,2.700000,1.780000,0.190000,42.139999,-0.620000,-2.230000,263.070007,35.340000,88241.726562,40.41,98.18,8.100000,PM10,28415
5.070000,7.500000,2.700000,1.740000,0.190000,42.130001,-0.580000,-2.810000,262.760010,36.700001,87450.226562,40.42,98.36,7.500000,PM10,28416
4.950000,7.210000,2.760000,1.660000,0.190000,42.340000,-0.500000,-3.530000,262.390015,38.410000,86683.789062,40.42,98.53,7.210000,PM10,28417
4.800000,7.010000,2.820000,1.580000,0.190000,42.450001,-0.280000,-4.020000,262.200012,39.389999,86157.609375,40.43,98.71,7.010000,PM10,28418
4.650000,6.810000,2.840000,1.490000,0.190000,42.410000,0.190000,-4.290000,262.160004,39.560001,85946.726562,40.44,98.89,6.810000,PM10,28419
4.490000,6.590000,2.740000,1.360000,0.190000,41.930000,0.760000,-4.070000,262.440002,38.020000,86322.171875,40.45,99.06,6.590000,PM10,28420
4.500000,6.430000,2.810000,1.430000,0.190000,40.880001,1.140000,-3.710000,262.600006,35.439999,86950.062500,40.46,99.24,6.430000,PM10,28421
4.520000,6.080000,2.920000,1.500000,0.190000,39.290001,1.400000,-3.260000,262.829987,32.689999,87717.031250,40.46,99.42,6.457143,PM2.5,28422
4.810000,6.030000,3.030000,1.410000,0.190000,38.529999,1.590000,-2.620000,263.160004,30.350000,88789.601562,40.47,99.59,6.871428,PM2.5,28423
4.850000,5.790000,3.190000,1.480000,0.200000,37.900002,1.830000,-1.970000,263.220001,28.879999,89533.546875,40.48,99.77,6.928571,PM2.5,28424
4.850000,5.660000,3.350000,1.540000,0.200000,37.590000,2.230000,-1.840000,263.239990,29.790001,89667.546875,40.48,99.95,6.928571,PM2.5,28425
4.750000,5.490000,3.740000,1.700000,0.200000,37.139999,2.800000,-1.900000,263.290009,30.969999,89673.796875,40.49,100.13,6.785714,PM2.5,28426
2.970000,3.290000,1.550000,0.400000,0.160000,45.439999,-0.030000,-1.330000,266.970001,58.619999,92698.507812,40.18,92.88,4.242857,PM2.5,28647
3.020000,3.340000,1.530000,0.420000,0.160000,44.700001,0.290000,-0.740000,266.829987,56.419998,92669.156250,40.2,93.06,4.314286,PM2.5,28648
3.040000,3.360000,1.510000,0.450000,0.160000,44.029999,0.060000,-0.090000,266.630005,52.820000,92233.406250,40.21,93.23,4.342857,PM2.5,28649
3.110000,3.440000,1.530000,0.480000,0.160000,43.389999,-0.430000,0.230000,266.309998,50.720001,91774.023438,40.23,93.41,4.442857,PM2.5,28650
3.180000,3.520000,1.550000,0.530000,0.160000,42.689999,-0.830000,0.330000,266.170013,49.770000,91455.492188,40.24,93.58,4.542857,PM2.5,28651
3.320000,3.670000,1.600000,0.560000,0.160000,42.290001,-1.130000,0.350000,266.109985,49.500000,91161.500000,40.26,93.76,4.742857,PM2.5,28652
3.480000,3.850000,1.660000,0.600000,0.160000,42.540001,-1.140000,0.200000,265.880005,50.160000,90797.562500,40.27,93.94,4.971428,PM2.5,28653
3.670000,4.050000,1.750000,0.680000,0.160000,43.419998,-0.820000,-0.030000,265.619995,51.400002,90465.421875,40.28,94.11,5.242857,PM2.5,28654
3.870000,4.280000,1.910000,0.840000,0.170000,43.360001,-0.160000,-0.670000,265.500000,51.959999,90293.382812,40.3,94.29,5.528571,PM2.5,28655
4.770000,5.280000,2.320000,1.230000,0.170000,42.150002,0.580000,-0.550000,265.570007,49.810001,90411.062500,40.31,94.46,6.814286,PM2.5,28656
5.610000,6.240000,2.750000,1.700000,0.180000,39.500000,0.900000,-0.240000,265.790009,46.880001,90669.203125,40.32,94.64,8.014286,PM2.5,28657
5.320000,5.880000,2.580000,1.550000,0.180000,38.270000,0.640000,-0.150000,265.980011,44.720001,90855.007812,40.34,94.82,7.600000,PM2.5,28658
5.380000,5.950000,2.660000,1.520000,0.180000,37.250000,0.010000,-0.270000,266.089996,43.380001,90814.570312,40.35,94.99,7.685714,PM2.5,28659
5.550000,6.130000,2.830000,1.500000,0.180000,36.290001,-0.530000,-0.360000,265.980011,42.700001,90337.726562,40.36,95.17,7.928572,PM2.5,28660
5.870000,6.490000,3.150000,1.640000,0.180000,35.959999,-0.790000,-0.330000,265.779999,41.970001,89823.523438,40.37,95.34,8.385715,PM2.5,28661
6.410000,7.090000,3.450000,1.760000,0.180000,35.310001,-0.750000,-0.140000,265.720001,41.220001,89558.671875,40.39,95.52,9.157143,PM2.5,28662
6.520000,7.220000,3.590000,1.770000,0.180000,35.680000,-1.240000,0.100000,265.579987,40.419998,89033.093750,40.4,95.7,9.314285,PM2.5,28663
6.440000,7.140000,3.700000,1.820000,0.180000,34.689999,-2.190000,0.060000,264.980011,40.759998,88284.257812,40.41,95.87,9.200000,PM2.5,28664
6.060000,6.720000,3.540000,1.760000,0.180000,34.650002,-2.650000,-0.260000,264.510010,39.860001,87882.679688,40.42,96.05,8.657143,PM2.5,28665
5.930000,6.890000,4.050000,1.760000,0.190000,35.419998,-3.160000,-0.190000,264.329987,39.360001,87718.562500,40.43,96.23,8.471428,PM2.5,28666
5.940000,6.930000,3.790000,1.800000,0.190000,34.990002,-3.690000,0.160000,263.880005,40.000000,87295.546875,40.44,96.4,8.485714,PM2.5,28667
5.940000,7.010000,3.780000,1.840000,0.190000,35.410000,-3.620000,0.360000,263.290009,40.910000,86746.046875,40.45,96.58,8.485714,PM2.5,28668
5.920000,7.250000,3.850000,1.960000,0.190000,35.790001,-3.450000,0.440000,262.910004,40.389999,86503.000000,40.47,96.75,8.457143,PM2.5,28669
5.840000,7.730000,3.990000,2.070000,0.200000,36.040001,-3.340000,0.040000,262.700012,39.660000,86574.078125,40.48,96.93,8.342857,PM2.5,28670
5.810000,8.690000,4.120000,2.180000,0.210000,36.180000,-2.920000,-0.760000,262.589996,38.590000,86709.921875,40.49,97.11,8.690000,PM10,28671
4.700000,7.530000,3.400000,1.790000,0.190000,37.330002,-2.300000,-1.610000,262.649994,37.180000,86919.890625,40.5,97.28,7.530000,PM10,28672
4.440000,7.220000,2.830000,1.480000,0.190000,38.869999,-1.690000,-2.180000,262.739990,35.900002,87253.773438,40.51,97.46,7.220000,PM10,28673
4.320000,6.770000,2.410000,1.220000,0.190000,39.810001,-1.230000,-2.590000,262.809998,35.340000,87562.406250,40.51,97.64,6.770000,PM10,28674
4.180000,6.440000,2.230000,1.150000,0.180000,41.240002,-0.990000,-2.990000,262.839996,35.299999,87798.671875,40.52,97.82,6.440000,PM10,28675
4.280000,6.570000,2.250000,1.220000,0.180000,42.320000,-0.850000,-3.290000,262.570007,36.720001,87490.117188,40.53,97.99,6.570000,PM10,28676
4.400000,6.680000,2.320000,1.300000,0.180000,43.020000,-0.700000,-3.580000,262.130005,38.639999,86730.242188,40.54,98.17,6.680000,PM10,28677
4.380000,6.500000,2.330000,1.310000,0.180000,43.310001,-0.660000,-3.870000,261.690002,40.380001,86011.523438,40.55,98.35,6.500000,PM10,28678
4.350000,6.340000,2.340000,1.410000,0.180000,43.689999,-0.550000,-4.040000,261.000000,42.959999,85058.718750,40.56,98.52,6.340000,PM10,28679
4.330000,6.250000,2.330000,1.440000,0.180000,43.509998,-0.050000,-4.160000,260.410004,45.139999,84123.773438,40.57,98.7,6.250000,PM10,28680
4.260000,6.140000,2.360000,1.370000,0.190000,43.139999,0.840000,-4.260000,260.119995,45.779999,83800.523438,40.57,98.88,6.140000,PM10,28681
4.090000,5.790000,2.410000,1.180000,0.180000,42.680000,1.840000,-4.340000,260.489990,43.959999,84389.929688,40.58,99.05,5.842857,PM2.5,28682
3.880000,5.290000,2.470000,1.170000,0.180000,42.150002,2.440000,-4.300000,261.220001,40.480000,85544.882812,40.59,99.23,5.542857,PM2.5,28683
3.660000,4.690000,2.490000,1.160000,0.180000,41.250000,2.670000,-4.210000,261.940002,36.570000,86720.421875,40.6,99.41,5.228571,PM2.5,28684
3.570000,4.300000,2.520000,1.030000,0.180000,40.779999,2.740000,-4.010000,262.720001,33.270000,87994.593750,40.6,99.59,5.100000,PM2.5,28685
3.790000,4.410000,2.600000,1.110000,0.190000,40.090000,2.670000,-3.440000,263.239990,30.629999,89181.140625,40.61,99.76,5.414286,PM2.5,28686
3.990000,4.570000,2.790000,1.230000,0.190000,39.240002,2.710000,-2.720000,263.239990,29.690001,89766.210938,40.62,99.94,5.700000,PM2.5,28687
4.170000,4.790000,3.480000,1.570000,0.190000,38.540001,3.080000,-2.480000,263.359985,30.620001,89939.679688,40.62,100.12,5.957143,PM2.5,28688
2.890000,3.200000,1.480000,0.430000,0.160000,44.439999,-1.240000,-1.170000,267.320007,56.730000,93070.882812,40.33,93.04,4.128572,PM2.5,28912
2.820000,3.130000,1.410000,0.470000,0.160000,43.799999,-1.680000,-0.290000,266.959991,53.860001,92642.453125,40.35,93.21,4.028571,PM2.5,28913
2.820000,3.130000,1.400000,0.500000,0.160000,43.349998,-2.330000,-0.150000,266.700012,53.709999,91963.382812,40.36,93.39,4.028571,PM2.5,28914
2.870000,3.190000,1.410000,0.530000,0.160000,43.150002,-2.630000,-0.510000,266.700012,54.279999,91443.031250,40.38,93.57,4.100000,PM2.5,28915
2.970000,3.290000,1.450000,0.510000,0.160000,43.389999,-2.290000,-0.790000,266.649994,54.680000,91059.726562,40.39,93.74,4.242857,PM2.5,28916
3.090000,3.420000,1.520000,0.540000,0.160000,43.990002,-1.670000,-1.210000,266.519989,55.410000,90820.523438,40.4,93.92,4.414286,PM2.5,28917
3.270000,3.620000,1.640000,0.600000,0.160000,43.959999,-1.300000,-1.530000,266.399994,54.880001,90756.421875,40.42,94.09,4.671429,PM2.5,28918
3.740000,4.130000,1.900000,0.760000,0.160000,42.610001,-1.110000,-2.050000,266.170013,52.810001,90771.742188,40.43,94.27,5.342857,PM2.5,28919
4.540000,5.000000,2.260000,0.970000,0.170000,40.639999,-1.110000,-1.430000,266.089996,48.669998,90834.500000,40.45,94.45,6.485714,PM2.5,28920
5.250000,5.770000,2.610000,1.220000,0.170000,38.709999,-1.280000,-0.610000,266.029999,45.849998,90829.367188,40.46,94.62,7.500000,PM2.5,28921
5.370000,5.910000,2.800000,1.490000,0.180000,36.740002,-1.420000,-0.320000,265.989990,44.230000,90745.296875,40.47,94.8,7.671428,PM2.5,28922
5.470000,6.030000,2.950000,1.580000,0.180000,35.709999,-1.600000,-0.180000,265.970001,42.889999,90590.812500,40.48,94.97,7.814285,PM2.5,28923
5.490000,6.060000,3.100000,1.650000,0.180000,35.169998,-1.810000,-0.090000,265.950012,41.570000,90354.703125,40.5,95.15,7.842857,PM2.5,28924
5.510000,6.110000,3.210000,1.710000,0.180000,35.240002,-2.010000,-0.070000,265.920013,40.090000,90121.421875,40.51,95.33,7.871429,PM2.5,28925
5.690000,6.310000,3.270000,1.810000,0.180000,35.320000,-2.160000,-0.030000,265.899994,38.990002,89874.359375,40.52,95.5,8.128572,PM2.5,28926
5.620000,6.250000,3.280000,1.880000,0.180000,36.040001,-2.810000,0.070000,265.799988,38.410000,89493.210938,40.53,95.68,8.028571,PM2.5,28927
5.400000,6.000000,3.180000,1.880000,0.180000,35.939999,-3.510000,0.100000,265.230011,38.770000,88835.203125,40.54,95.86,7.714286,PM2.5,28928
4.890000,5.420000,2.940000,1.660000,0.180000,36.439999,-3.790000,-0.080000,264.670013,39.380001,88172.953125,40.56,96.03,6.985714,PM2.5,28929
4.740000,5.410000,3.100000,1.640000,0.180000,36.860001,-4.040000,-0.340000,264.299988,39.720001,87789.109375,40.57,96.21,6.771428,PM2.5,28930
4.780000,5.470000,2.960000,1.610000,0.180000,36.860001,-4.140000,-0.440000,263.890015,40.349998,87351.328125,40.58,96.39,6.828572,PM2.5,28931
4.840000,5.570000,2.930000,1.580000,0.180000,36.919998,-3.970000,-0.470000,263.339996,40.970001,86844.476562,40.59,96.56,6.914286,PM2.5,28932
4.700000,5.510000,2.990000,1.540000,0.180000,37.509998,-3.620000,-0.570000,263.000000,41.560001,86494.890625,40.6,96.74,6.714285,PM2.5,28933
4.540000,5.520000,3.060000,1.490000,0.180000,37.709999,-3.200000,-0.970000,262.679993,41.689999,86088.031250,40.61,96.92,6.485714,PM2.5,28934
4.260000,5.470000,2.940000,1.320000,0.180000,38.250000,-2.490000,-1.750000,262.190002,41.619999,85551.250000,40.62,97.09,6.085715,PM2.5,28935
3.870000,5.230000,2.650000,1.240000,0.180000,39.470001,-1.740000,-2.500000,261.690002,41.209999,85134.843750,40.63,97.27,5.528571,PM2.5,28936
3.760000,5.250000,2.400000,1.130000,0.180000,40.389999,-1.080000,-2.910000,261.459991,40.049999,85162.289062,40.64,97.45,5.371428,PM2.5,28937
3.700000,5.260000,2.200000,1.010000,0.180000,40.959999,-0.650000,-3.170000,261.450012,39.290001,85538.656250,40.65,97.63,5.285714,PM2.5,28938
3.640000,5.250000,2.030000,0.950000,0.180000,41.930000,-0.530000,-3.500000,261.500000,39.049999,85957.273438,40.66,97.8,5.250000,PM10,28939
3.660000,5.330000,1.930000,0.960000,0.180000,43.049999,-0.490000,-3.700000,261.390015,40.099998,86046.500000,40.67,97.98,5.330000,PM10,28940
3.760000,5.490000,1.990000,1.020000,0.180000,43.910000,-0.330000,-3.740000,261.059998,42.099998,85517.476562,40.68,98.16,5.490000,PM10,28941
3.860000,5.620000,2.060000,1.080000,0.180000,44.270000,-0.050000,-3.880000,260.690002,43.939999,84880.617188,40.68,98.33,5.620000,PM10,28942
3.870000,5.410000,2.320000,1.220000,0.180000,43.990002,1.600000,-3.060000,259.630005,46.650002,83868.546875,40.71,98.87,5.528571,PM2.5,28945
3.570000,4.550000,2.470000,1.050000,0.180000,43.180000,3.300000,-3.740000,260.399994,42.500000,84807.640625,40.72,99.22,5.100000,PM2.5,28947
3.370000,4.070000,2.430000,1.060000,0.180000,42.910000,3.450000,-4.090000,261.290009,38.860001,86106.929688,40.73,99.4,4.814286,PM2.5,28948
3.220000,3.750000,2.350000,0.920000,0.180000,42.520000,3.630000,-4.370000,261.929993,36.480000,87170.093750,40.74,99.58,4.600000,PM2.5,28949
3.280000,3.750000,2.350000,0.930000,0.180000,42.110001,3.810000,-4.270000,262.779999,33.720001,88565.273438,40.75,99.75,4.685714,PM2.5,28950
3.400000,3.880000,2.460000,1.000000,0.180000,41.290001,3.570000,-3.630000,263.480011,31.920000,89852.609375,40.75,99.93,4.857143,PM2.5,28951
3.700000,4.240000,3.160000,1.390000,0.190000,40.150002,3.350000,-3.120000,263.410004,31.360001,90161.796875,40.76,100.11,5.285714,PM2.5,28952
2.920000,3.240000,1.520000,0.420000,0.160000,45.049999,-2.480000,-2.030000,267.859985,57.529999,93145.328125,40.47,93.02,4.171429,PM2.5,29177
2.780000,3.090000,1.430000,0.430000,0.160000,44.310001,-2.870000,-1.570000,267.570007,56.720001,92529.687500,40.48,93.19,4.000000,CO,29178
2.700000,3.000000,1.360000,0.440000,0.160000,43.830002,-3.380000,-1.560000,267.149994,57.320000,91415.656250,40.49,93.37,4.000000,CO,29179
2.700000,3.000000,1.350000,0.450000,0.160000,43.790001,-3.320000,-1.890000,266.709991,58.610001,90240.562500,40.51,93.55,4.000000,CO,29180
2.750000,3.060000,1.360000,0.440000,0.160000,44.320000,-2.410000,-2.290000,266.220001,60.419998,89212.476562,40.52,93.72,4.000000,CO,29181
2.860000,3.170000,1.420000,0.470000,0.160000,44.900002,-1.310000,-2.880000,266.059998,60.869999,88878.617188,40.54,93.9,4.085714,PM2.5,29182
3.090000,3.430000,1.580000,0.560000,0.160000,44.490002,-0.760000,-3.390000,266.230011,58.599998,89341.203125,40.55,94.08,4.414286,PM2.5,29183
3.550000,3.930000,1.880000,0.740000,0.160000,42.810001,-0.960000,-3.570000,266.140015,55.040001,89870.421875,40.57,94.25,5.071428,PM2.5,29184
4.240000,4.700000,2.300000,0.970000,0.170000,40.500000,-1.580000,-2.310000,266.170013,50.220001,89948.476562,40.58,94.43,6.057143,PM2.5,29185
4.770000,5.270000,2.620000,1.160000,0.170000,39.439999,-2.010000,-0.870000,266.059998,47.599998,89835.062500,40.59,94.6,6.814286,PM2.5,29186
5.100000,5.620000,2.810000,1.350000,0.180000,38.040001,-2.000000,-0.350000,265.989990,45.930000,89884.218750,40.61,94.78,7.285714,PM2.5,29187
5.170000,5.710000,2.930000,1.520000,0.180000,37.130001,-1.940000,-0.110000,266.000000,44.119999,90010.640625,40.62,94.96,7.385715,PM2.5,29188
5.020000,5.570000,2.960000,1.670000,0.180000,37.259998,-2.060000,-0.040000,265.940002,42.750000,89904.640625,40.63,95.13,7.171429,PM2.5,29189
4.830000,5.370000,2.940000,1.590000,0.180000,37.869999,-2.260000,-0.070000,265.779999,42.230000,89518.382812,40.64,95.31,6.900000,PM2.5,29190
4.940000,5.500000,2.940000,1.670000,0.180000,38.150002,-2.560000,-0.150000,265.579987,42.029999,89069.468750,40.66,95.49,7.057143,PM2.5,29191
4.960000,5.520000,2.910000,1.740000,0.180000,38.310001,-3.000000,-0.240000,265.329987,42.090000,88583.796875,40.67,95.67,7.085714,PM2.5,29192
4.840000,5.390000,2.840000,1.710000,0.180000,38.250000,-3.270000,-0.520000,264.850006,42.669998,87916.500000,40.68,95.84,6.914286,PM2.5,29193
4.370000,4.840000,2.610000,1.470000,0.170000,38.779999,-3.360000,-0.750000,264.299988,44.009998,87194.953125,40.69,96.02,6.242857,PM2.5,29194
4.180000,4.720000,2.610000,1.400000,0.170000,39.279999,-3.360000,-0.860000,263.799988,45.340000,86624.226562,40.7,96.2,5.971428,PM2.5,29195
4.230000,4.780000,2.560000,1.410000,0.170000,39.330002,-3.250000,-1.070000,263.299988,46.279999,86099.750000,40.71,96.37,6.042857,PM2.5,29196
4.360000,4.930000,2.540000,1.380000,0.170000,39.360001,-3.060000,-1.300000,262.829987,46.380001,85657.468750,40.72,96.55,6.228571,PM2.5,29197
4.190000,4.790000,2.540000,1.300000,0.170000,39.599998,-2.730000,-1.560000,262.380005,46.410000,85196.328125,40.73,96.73,5.985714,PM2.5,29198
4.000000,4.640000,2.550000,1.230000,0.180000,39.709999,-2.220000,-1.800000,261.769989,46.869999,84453.140625,40.74,96.9,5.714286,PM2.5,29199
3.750000,4.450000,2.460000,1.030000,0.170000,40.180000,-1.480000,-2.200000,261.160004,47.200001,83864.000000,40.75,97.08,5.357143,PM2.5,29200
3.570000,4.360000,2.360000,0.990000,0.170000,41.110001,-0.820000,-2.590000,260.679993,46.770000,83659.656250,40.76,97.26,5.100000,PM2.5,29201
3.470000,4.370000,2.290000,0.950000,0.170000,41.820000,-0.320000,-2.600000,260.519989,44.820000,83880.679688,40.77,97.44,4.957143,PM2.5,29202
3.400000,4.400000,2.190000,0.890000,0.180000,42.040001,-0.080000,-2.420000,260.630005,42.990002,84515.117188,40.78,97.61,4.857143,PM2.5,29203
3.330000,4.410000,2.060000,0.840000,0.180000,42.740002,-0.080000,-2.570000,260.760010,42.150002,85147.609375,40.79,97.79,4.757143,PM2.5,29204
3.300000,4.430000,1.950000,0.820000,0.170000,43.970001,-0.090000,-3.030000,260.809998,42.580002,85483.601562,40.8,97.97,4.714286,PM2.5,29205
3.320000,4.510000,1.950000,0.840000,0.180000,44.930000,-0.010000,-3.270000,260.649994,44.160000,85257.476562,40.81,98.15,4.742857,PM2.5,29206
3.390000,4.590000,2.020000,0.880000,0.180000,45.669998,0.510000,-3.200000,260.320007,45.830002,84891.968750,40.82,98.32,4.842857,PM2.5,29207
2.970000,3.380000,2.180000,0.810000,0.180000,43.630001,4.110000,-4.330000,262.399994,35.709999,88164.687500,40.88,99.75,4.500000,CO,29215
3.020000,3.420000,2.260000,0.840000,0.180000,43.240002,3.930000,-4.400000,263.209991,34.040001,89382.117188,40.89,99.92,4.500000,CO,29216
2.650000,2.940000,1.330000,0.390000,0.160000,45.950001,-3.160000,-3.070000,265.700012,65.199997,88753.390625,40.64,93.53,4.000000,CO,29449
2.640000,2.920000,1.300000,0.380000,0.160000,46.599998,-2.420000,-3.260000,264.570007,69.800003,86829.843750,40.66,93.7,4.000000,CO,29450
2.680000,2.970000,1.310000,0.390000,0.160000,46.869999,-0.920000,-3.530000,263.959991,71.870003,85856.570312,40.67,93.88,4.000000,CO,29451
2.760000,3.060000,1.370000,0.440000,0.160000,46.700001,0.390000,-3.880000,264.250000,68.970001,86555.218750,40.69,94.06,4.000000,CO,29452
3.060000,3.400000,1.580000,0.580000,0.160000,45.990002,0.490000,-3.850000,264.459991,65.699997,87399.320312,40.7,94.23,4.371428,PM2.5,29453
3.760000,4.180000,2.030000,0.840000,0.170000,43.349998,-0.450000,-2.710000,264.769989,60.680000,87380.101562,40.71,94.41,5.371428,PM2.5,29454
4.260000,4.730000,2.360000,1.040000,0.170000,42.750000,-1.340000,-1.330000,265.010010,55.369999,87236.203125,40.73,94.59,6.085715,PM2.5,29455
4.550000,5.030000,2.550000,1.190000,0.170000,42.070000,-1.640000,-0.630000,265.100006,52.020000,87471.343750,40.74,94.76,6.500000,PM2.5,29456
4.660000,5.170000,2.690000,1.330000,0.170000,41.070000,-1.580000,-0.270000,265.290009,49.240002,87933.171875,40.75,94.94,6.657143,PM2.5,29457
4.590000,5.100000,2.740000,1.510000,0.170000,40.709999,-1.570000,-0.240000,265.329987,47.759998,88107.226562,40.76,95.12,6.557143,PM2.5,29458
4.430000,4.940000,2.700000,1.490000,0.170000,41.009998,-1.760000,-0.400000,265.049988,47.430000,87755.187500,40.78,95.3,6.328571,PM2.5,29459
4.410000,4.910000,2.660000,1.500000,0.170000,40.910000,-2.030000,-0.410000,264.640015,47.639999,87259.351562,40.79,95.47,6.300000,PM2.5,29460
4.260000,4.740000,2.520000,1.420000,0.170000,40.939999,-2.380000,-0.580000,264.239990,48.349998,86761.937500,40.8,95.65,6.085715,PM2.5,29461
4.060000,4.520000,2.340000,1.310000,0.170000,41.250000,-2.680000,-1.000000,263.660004,49.840000,86059.218750,40.81,95.83,5.800000,PM2.5,29462
3.690000,4.100000,2.160000,1.090000,0.170000,41.820000,-2.740000,-1.220000,263.029999,51.869999,85322.257812,40.82,96.0,5.271429,PM2.5,29463
3.510000,3.940000,2.080000,0.980000,0.170000,42.049999,-2.450000,-1.270000,262.609985,52.880001,84823.578125,40.84,96.18,5.014286,PM2.5,29464
3.510000,3.940000,2.040000,0.980000,0.170000,41.500000,-2.140000,-1.440000,262.320007,53.139999,84418.851562,40.85,96.36,5.014286,PM2.5,29465
3.640000,4.080000,2.060000,1.040000,0.170000,41.349998,-1.980000,-1.790000,261.880005,52.869999,84042.890625,40.86,96.54,5.200000,PM2.5,29466
3.570000,4.020000,2.090000,1.040000,0.170000,41.490002,-1.750000,-2.140000,261.369995,52.660000,83634.351562,40.87,96.71,5.100000,PM2.5,29467
3.480000,3.960000,2.110000,1.010000,0.170000,41.740002,-1.300000,-2.370000,260.750000,53.139999,82949.609375,40.88,96.89,4.971428,PM2.5,29468
3.390000,3.880000,2.120000,0.890000,0.170000,42.320000,-0.440000,-2.690000,260.380005,52.860001,82589.320312,40.89,97.07,4.842857,PM2.5,29469
3.310000,3.830000,2.120000,0.850000,0.170000,42.889999,0.360000,-2.790000,260.380005,50.869999,83026.593750,40.9,97.25,4.728571,PM2.5,29470
3.250000,3.820000,2.140000,0.820000,0.170000,43.560001,0.620000,-2.200000,260.649994,47.490002,83827.156250,40.91,97.42,4.642857,PM2.5,29471
3.160000,3.790000,2.110000,0.790000,0.170000,43.889999,0.370000,-1.550000,261.000000,44.430000,84831.679688,40.92,97.6,4.514286,PM2.5,29472
3.080000,3.760000,2.050000,0.750000,0.170000,44.580002,0.050000,-1.590000,261.279999,42.770000,85801.039062,40.93,97.78,4.400000,PM2.5,29473
3.040000,3.760000,2.000000,0.730000,0.170000,45.689999,-0.020000,-2.290000,261.029999,43.580002,85816.640625,40.94,97.96,4.342857,PM2.5,29474
3.040000,3.790000,2.000000,0.730000,0.170000,46.430000,0.320000,-2.810000,260.660004,45.130001,85456.437500,40.95,98.13,4.342857,PM2.5,29475
2.680000,2.960000,1.300000,0.380000,0.160000,47.980000,-0.260000,-3.130000,262.489990,76.419998,84796.773438,40.81,93.86,4.000000,CO,29722
2.670000,2.960000,1.300000,0.390000,0.160000,47.860001,1.280000,-2.850000,262.700012,73.830002,85504.468750,40.82,94.04,4.000000,CO,29723
2.790000,3.090000,1.400000,0.460000,0.160000,48.240002,1.230000,-2.560000,262.859985,71.070000,85744.460938,40.83,94.22,4.000000,CO,29724
3.160000,3.510000,1.670000,0.630000,0.160000,48.169998,0.200000,-2.190000,263.010010,71.239998,84706.898438,40.85,94.39,4.514286,PM2.5,29725
3.600000,4.000000,1.980000,0.830000,0.160000,47.810001,-0.380000,-1.570000,263.200012,69.639999,84025.828125,40.86,94.57,5.142857,PM2.5,29726
3.850000,4.290000,2.170000,0.970000,0.170000,47.139999,-0.590000,-1.020000,263.279999,66.129997,84031.500000,40.87,94.75,5.500000,PM2.5,29727
3.990000,4.440000,2.300000,1.090000,0.170000,46.189999,-0.680000,-0.650000,263.459991,61.270000,84417.476562,40.89,94.92,5.700000,PM2.5,29728
4.050000,4.520000,2.360000,1.240000,0.170000,45.410000,-0.630000,-0.670000,263.649994,58.020000,84958.609375,40.9,95.1,5.785715,PM2.5,29729
4.150000,4.640000,2.430000,1.440000,0.170000,44.610001,-0.730000,-1.010000,263.559998,56.439999,85173.640625,40.91,95.28,5.928572,PM2.5,29730
4.100000,4.590000,2.470000,1.480000,0.170000,43.660000,-1.010000,-0.710000,263.250000,55.619999,84964.648438,40.92,95.46,5.857143,PM2.5,29731
3.810000,4.250000,2.340000,1.370000,0.170000,43.450001,-1.310000,-0.660000,262.890015,56.270000,84607.117188,40.94,95.63,5.442857,PM2.5,29732
3.380000,3.750000,1.870000,1.010000,0.170000,43.980000,-1.750000,-1.070000,262.440002,57.779999,84280.718750,40.95,95.81,4.828572,PM2.5,29733
3.170000,3.510000,1.750000,0.880000,0.160000,44.480000,-2.210000,-1.360000,261.970001,58.689999,83890.218750,40.96,95.99,4.528572,PM2.5,29734
3.060000,3.400000,1.680000,0.810000,0.160000,44.709999,-2.390000,-1.700000,261.619995,58.840000,83454.453125,40.97,96.17,4.371428,PM2.5,29735
3.020000,3.360000,1.640000,0.770000,0.160000,44.599998,-2.160000,-2.100000,261.200012,59.330002,82792.523438,40.98,96.34,4.314286,PM2.5,29736
3.070000,3.410000,1.640000,0.790000,0.160000,43.959999,-1.550000,-2.530000,260.690002,59.759998,82096.203125,40.99,96.52,4.385714,PM2.5,29737
3.120000,3.480000,1.720000,0.860000,0.160000,44.180000,-0.970000,-2.870000,260.250000,59.490002,81864.039062,41.0,96.7,4.457143,PM2.5,29738
3.120000,3.490000,1.790000,0.910000,0.170000,44.380001,-0.390000,-2.960000,259.820007,59.340000,81576.820312,41.01,96.88,4.457143,PM2.5,29739
3.100000,3.490000,1.860000,0.810000,0.170000,44.619999,0.590000,-3.050000,259.549988,58.650002,81435.968750,41.02,97.06,4.428571,PM2.5,29740
3.060000,3.460000,1.910000,0.750000,0.170000,45.049999,1.550000,-2.950000,259.959991,55.130001,82305.656250,41.03,97.23,4.371428,PM2.5,29741
3.010000,3.420000,1.970000,0.720000,0.170000,45.759998,1.540000,-2.270000,260.859985,50.060001,83725.828125,41.04,97.41,4.300000,PM2.5,29742
2.930000,3.360000,2.000000,0.690000,0.170000,46.330002,0.710000,-1.600000,261.489990,46.330002,85015.226562,41.05,97.59,4.250000,CO,29743
2.850000,3.300000,2.000000,0.670000,0.170000,47.180000,0.080000,-1.810000,261.779999,44.439999,86024.757812,41.06,97.77,4.250000,CO,29744
2.790000,3.250000,1.990000,0.640000,0.170000,48.250000,0.030000,-2.490000,261.549988,44.520000,86307.640625,41.07,97.95,4.250000,CO,29745
2.720000,3.010000,1.320000,0.420000,0.160000,48.099998,2.020000,-1.570000,263.119995,71.800003,87524.210938,40.95,94.02,4.000000,CO,29996
2.770000,3.070000,1.370000,0.450000,0.160000,48.689999,1.340000,-0.560000,262.760010,71.410004,86523.398438,40.97,94.2,4.000000,CO,29997
3.050000,3.400000,1.600000,0.590000,0.160000,49.810001,0.340000,-0.850000,262.309998,72.089996,83870.656250,40.98,94.38,4.357143,PM2.5,29998
3.230000,3.590000,1.740000,0.680000,0.160000,51.410000,0.130000,-1.170000,261.959991,74.800003,82164.421875,40.99,94.55,4.614286,PM2.5,29999
3.290000,3.670000,1.800000,0.730000,0.160000,52.349998,0.200000,-1.140000,261.750000,75.910004,81487.703125,41.01,94.73,4.700000,PM2.5,30000
3.450000,3.840000,1.900000,0.830000,0.160000,51.520000,0.300000,-1.030000,261.589996,75.169998,81248.773438,41.02,94.91,4.928572,PM2.5,30001
3.790000,4.220000,2.080000,1.060000,0.170000,48.939999,0.440000,-0.950000,261.660004,72.080002,81794.656250,41.03,95.08,5.414286,PM2.5,30002
4.310000,4.830000,2.400000,1.600000,0.170000,46.900002,0.110000,-1.090000,261.700012,67.169998,82598.296875,41.05,95.26,6.157143,PM2.5,30003
4.380000,4.930000,2.660000,1.840000,0.170000,45.869999,-0.450000,-0.740000,261.679993,64.169998,82664.062500,41.06,95.44,6.257143,PM2.5,30004
4.230000,4.820000,3.150000,2.090000,0.170000,45.060001,-0.660000,-0.710000,261.480011,63.740002,82349.007812,41.07,95.62,6.042857,PM2.5,30005
3.180000,3.540000,1.810000,1.000000,0.160000,45.959999,-0.940000,-1.180000,261.420013,63.119999,82584.343750,41.08,95.8,4.542857,PM2.5,30006
2.950000,3.270000,1.570000,0.850000,0.160000,46.970001,-1.800000,-1.780000,261.320007,62.799999,82739.453125,41.09,95.97,4.214286,PM2.5,30007
2.860000,3.170000,1.490000,0.800000,0.160000,46.790001,-2.570000,-2.590000,260.730011,64.029999,82300.578125,41.1,96.15,4.085714,PM2.5,30008
2.840000,3.130000,1.440000,0.720000,0.160000,47.150002,-2.470000,-3.040000,259.920013,65.959999,81300.382812,41.12,96.33,4.057143,PM2.5,30009
2.830000,3.120000,1.440000,0.690000,0.160000,47.310001,-1.580000,-3.400000,259.140015,67.750000,80305.828125,41.13,96.51,4.042857,PM2.5,30010
2.820000,3.120000,1.470000,0.730000,0.160000,47.349998,-0.440000,-3.730000,258.880005,67.070000,80122.867188,41.14,96.69,4.028571,PM2.5,30011
2.810000,3.130000,1.540000,0.810000,0.160000,47.529999,0.550000,-3.700000,258.920013,65.080002,80399.500000,41.15,96.86,4.014286,PM2.5,30012
2.820000,3.150000,1.650000,0.720000,0.160000,47.930000,1.390000,-3.430000,259.179993,61.889999,81102.148438,41.16,97.04,4.028571,PM2.5,30013
2.780000,3.110000,1.730000,0.640000,0.170000,49.029999,1.810000,-3.360000,260.000000,56.779999,82361.273438,41.17,97.22,4.250000,CO,30014
2.750000,3.100000,1.830000,0.610000,0.170000,49.820000,1.350000,-3.090000,261.049988,51.520000,83672.500000,41.18,97.4,4.250000,CO,30015
2.720000,3.080000,1.900000,0.610000,0.170000,49.849998,0.430000,-2.830000,261.600006,48.250000,84762.367188,41.19,97.58,4.250000,CO,30016
2.660000,3.020000,1.930000,0.600000,0.170000,50.639999,0.110000,-3.320000,261.760010,46.540001,85710.789062,41.2,97.75,4.250000,CO,30017
2.800000,3.100000,1.380000,0.480000,0.160000,48.689999,1.300000,-1.370000,263.929993,67.820000,89022.796875,41.09,94.0,4.000000,PM2.5,30269
2.850000,3.160000,1.420000,0.510000,0.160000,49.250000,0.770000,0.540000,263.380005,68.209999,87677.976562,41.1,94.18,4.071428,PM2.5,30270
3.050000,3.390000,1.600000,0.590000,0.160000,50.490002,0.520000,0.540000,262.970001,68.230003,85292.328125,41.12,94.36,4.357143,PM2.5,30271
3.130000,3.480000,1.680000,0.640000,0.160000,52.930000,0.230000,-0.070000,262.329987,71.230003,83389.828125,41.13,94.53,4.471429,PM2.5,30272
3.140000,3.490000,1.690000,0.660000,0.160000,54.360001,0.160000,-0.360000,261.660004,73.959999,81991.968750,41.14,94.71,4.485714,PM2.5,30273
3.180000,3.530000,1.700000,0.690000,0.160000,54.259998,0.400000,-0.440000,261.040009,75.709999,80992.687500,41.15,94.89,4.542857,PM2.5,30274
3.470000,3.840000,1.800000,0.860000,0.160000,52.040001,0.730000,-0.400000,260.750000,74.910004,81013.328125,41.17,95.07,4.957143,PM2.5,30275
4.130000,4.620000,2.190000,1.490000,0.170000,49.090000,0.390000,-0.210000,260.600006,71.419998,81576.351562,41.18,95.25,5.900000,PM2.5,30276
4.280000,4.820000,2.460000,1.790000,0.170000,47.680000,-0.370000,-0.200000,260.519989,69.750000,81224.398438,41.19,95.42,6.114286,PM2.5,30277
4.220000,4.820000,3.180000,2.150000,0.180000,46.669998,-0.480000,-0.640000,260.269989,69.860001,80474.726562,41.2,95.6,6.028571,PM2.5,30278
3.210000,3.590000,1.870000,1.110000,0.160000,48.070000,-0.500000,-1.520000,260.489990,67.589996,80643.453125,41.22,95.78,4.585714,PM2.5,30279
2.930000,3.240000,1.540000,0.860000,0.160000,48.490002,-1.160000,-2.460000,260.459991,66.750000,80889.726562,41.23,95.96,4.185714,PM2.5,30280
2.830000,3.130000,1.430000,0.790000,0.160000,48.160000,-1.790000,-3.420000,259.600006,69.199997,80554.226562,41.24,96.14,4.042857,PM2.5,30281
2.810000,3.100000,1.380000,0.700000,0.160000,48.520000,-1.830000,-3.620000,258.549988,72.599998,79946.546875,41.25,96.32,4.014286,PM2.5,30282
2.790000,3.070000,1.370000,0.670000,0.160000,48.669998,-1.210000,-3.590000,257.799988,74.599998,79392.492188,41.26,96.49,4.000000,CO,30283
2.760000,3.040000,1.380000,0.710000,0.160000,48.750000,-0.000000,-3.820000,257.570007,74.010002,79210.406250,41.27,96.67,4.000000,CO,30284
2.730000,3.030000,1.440000,0.760000,0.160000,48.910000,1.310000,-4.120000,257.940002,70.919998,79713.117188,41.28,96.85,4.000000,CO,30285
2.740000,3.050000,1.570000,0.690000,0.160000,49.650002,1.960000,-4.240000,258.890015,64.459999,81039.789062,41.29,97.03,4.000000,CO,30286
2.720000,3.040000,1.690000,0.620000,0.160000,50.389999,1.840000,-4.570000,259.899994,58.500000,82119.359375,41.3,97.21,4.000000,CO,30287
2.700000,3.030000,1.800000,0.600000,0.170000,51.070000,1.500000,-4.740000,260.540009,54.610001,82696.500000,41.31,97.39,4.250000,CO,30288
2.660000,3.010000,1.900000,0.600000,0.170000,51.439999,1.280000,-4.800000,260.920013,51.599998,83709.343750,41.32,97.56,4.250000,CO,30289
2.780000,3.090000,1.370000,0.530000,0.160000,50.119999,-0.740000,0.060000,263.369995,66.269997,87618.796875,41.24,94.16,4.000000,CO,30545
2.890000,3.210000,1.440000,0.560000,0.160000,50.980000,-0.330000,0.600000,263.140015,67.330002,86571.898438,41.25,94.34,4.128572,PM2.5,30546
2.960000,3.290000,1.510000,0.600000,0.160000,52.570000,-0.380000,0.470000,262.730011,68.839996,85445.726562,41.26,94.52,4.228571,PM2.5,30547
2.960000,3.290000,1.510000,0.630000,0.160000,53.060001,-0.750000,0.560000,262.100006,69.879997,84195.218750,41.28,94.7,4.228571,PM2.5,30548
3.000000,3.320000,1.510000,0.680000,0.160000,52.639999,-0.980000,0.530000,261.299988,71.139999,83059.562500,41.29,94.87,4.285714,PM2.5,30549
3.120000,3.450000,1.540000,0.770000,0.160000,51.849998,-0.830000,0.310000,260.679993,71.820000,82555.773438,41.3,95.05,4.457143,PM2.5,30550
3.380000,3.760000,1.690000,1.090000,0.170000,50.090000,-0.990000,0.330000,260.359985,71.010002,82324.570312,41.31,95.23,4.828572,PM2.5,30551
3.430000,3.820000,1.780000,1.180000,0.170000,49.500000,-1.440000,0.110000,260.320007,69.940002,81296.398438,41.33,95.41,4.900000,PM2.5,30552
3.420000,3.840000,2.060000,1.240000,0.170000,48.980000,-1.450000,-0.470000,259.850006,71.489998,79889.351562,41.34,95.59,4.885715,PM2.5,30553
3.070000,3.410000,1.640000,0.880000,0.160000,49.290001,-1.220000,-1.530000,259.309998,72.620003,78927.109375,41.35,95.76,4.385714,PM2.5,30554
2.930000,3.230000,1.480000,0.750000,0.160000,49.340000,-0.960000,-2.370000,258.700012,73.830002,78363.218750,41.36,95.94,4.185714,PM2.5,30555
2.840000,3.120000,1.400000,0.690000,0.160000,49.279999,-0.610000,-3.090000,257.890015,75.910004,78346.726562,41.37,96.12,4.057143,PM2.5,30556
2.850000,3.120000,1.360000,0.660000,0.160000,49.250000,-0.280000,-3.260000,257.309998,77.620003,78664.000000,41.38,96.3,4.071428,PM2.5,30557
2.810000,3.080000,1.350000,0.670000,0.160000,49.189999,0.060000,-3.160000,256.970001,78.120003,78993.906250,41.39,96.48,4.014286,PM2.5,30558
2.770000,3.030000,1.360000,0.730000,0.160000,49.119999,0.660000,-3.110000,256.739990,78.019997,79234.718750,41.4,96.66,4.000000,CO,30559
2.730000,2.990000,1.400000,0.750000,0.160000,49.119999,1.570000,-3.630000,256.950012,76.089996,79552.562500,41.42,96.84,4.000000,CO,30560
2.700000,2.980000,1.500000,0.680000,0.160000,50.040001,2.130000,-4.460000,257.790009,70.489998,80226.656250,41.43,97.02,4.000000,CO,30561
2.690000,2.970000,1.590000,0.630000,0.160000,50.660000,2.230000,-5.060000,258.410004,65.830002,80509.093750,41.44,97.19,4.000000,CO,30562
2.680000,2.960000,1.670000,0.610000,0.170000,50.880001,2.670000,-5.210000,258.839996,62.330002,80943.281250,41.45,97.37,4.250000,CO,30563
2.640000,2.930000,1.750000,0.600000,0.170000,51.119999,3.050000,-5.330000,259.640015,57.340000,82553.921875,41.45,97.55,4.250000,CO,30564
2.890000,3.390000,1.300000,0.640000,0.160000,50.090000,-3.860000,0.420000,262.100006,68.169998,86028.500000,41.4,94.5,4.128572,PM2.5,30820
2.870000,3.330000,1.290000,0.680000,0.160000,50.080002,-4.180000,0.350000,261.399994,69.540001,85238.148438,41.41,94.68,4.100000,PM2.5,30821
2.880000,3.290000,1.320000,0.720000,0.160000,48.950001,-4.000000,0.170000,260.529999,71.879997,84473.617188,41.42,94.86,4.114286,PM2.5,30822
2.880000,3.270000,1.340000,0.780000,0.160000,49.240002,-3.620000,-0.110000,260.079987,72.300003,83797.742188,41.43,95.03,4.114286,PM2.5,30823
2.930000,3.300000,1.380000,0.900000,0.160000,49.450001,-3.450000,-0.230000,259.950012,71.580002,83057.320312,41.45,95.21,4.185714,PM2.5,30824
2.990000,3.350000,1.440000,0.950000,0.160000,49.490002,-3.360000,-0.100000,259.980011,70.540001,82019.218750,41.46,95.39,4.271429,PM2.5,30825
3.030000,3.410000,1.550000,0.880000,0.160000,49.660000,-3.210000,0.090000,259.600006,71.360001,80700.609375,41.47,95.57,4.328571,PM2.5,30826
2.940000,3.280000,1.470000,0.760000,0.160000,50.250000,-2.640000,-0.160000,258.510010,74.739998,79019.476562,41.48,95.75,4.200000,PM2.5,30827
2.840000,3.130000,1.410000,0.700000,0.160000,50.970001,-1.340000,-0.660000,257.209991,78.849998,77666.539062,41.49,95.93,4.057143,PM2.5,30828
2.780000,3.050000,1.360000,0.660000,0.160000,51.040001,0.010000,-1.580000,256.500000,80.419998,77582.710938,41.51,96.11,4.000000,CO,30829
2.770000,3.040000,1.340000,0.620000,0.160000,50.650002,0.870000,-2.590000,256.500000,80.070000,78146.070312,41.52,96.29,4.000000,CO,30830
2.760000,3.020000,1.330000,0.610000,0.160000,49.910000,1.370000,-2.830000,256.720001,79.089996,78996.570312,41.53,96.46,4.000000,CO,30831
2.730000,3.000000,1.350000,0.630000,0.160000,49.560001,1.430000,-2.550000,256.750000,78.389999,79964.929688,41.54,96.64,4.000000,CO,30832
2.700000,2.970000,1.380000,0.670000,0.160000,49.810001,1.540000,-2.650000,256.730011,77.290001,80280.210938,41.55,96.82,4.000000,CO,30833
2.690000,2.960000,1.470000,0.660000,0.160000,50.410000,2.120000,-3.420000,256.989990,74.599998,80041.312500,41.56,97.0,4.000000,CO,30834
2.680000,2.960000,1.560000,0.650000,0.160000,50.770000,3.040000,-3.980000,257.339996,71.209999,80022.398438,41.57,97.18,4.000000,CO,30835
2.660000,2.940000,1.640000,0.620000,0.170000,50.939999,3.920000,-4.180000,258.269989,65.320000,81257.507812,41.58,97.36,4.250000,CO,30836
2.630000,2.920000,1.730000,0.610000,0.170000,51.119999,3.950000,-4.380000,259.609985,58.090000,83445.593750,41.59,97.54,4.250000,CO,30837
2.590000,2.880000,1.800000,0.610000,0.170000,51.389999,3.480000,-4.690000,260.440002,52.939999,85114.203125,41.6,97.72,4.250000,CO,30838
2.850000,3.280000,1.300000,0.890000,0.160000,47.689999,-5.720000,-0.150000,259.790009,72.410004,84210.750000,41.56,94.84,4.071428,PM2.5,31096
2.840000,3.250000,1.310000,0.980000,0.160000,48.200001,-5.720000,-0.540000,259.299988,73.709999,83725.781250,41.57,95.02,4.057143,PM2.5,31097
2.840000,3.220000,1.330000,1.050000,0.160000,48.849998,-5.690000,-1.060000,258.839996,74.620003,83219.476562,41.58,95.2,4.057143,PM2.5,31098
2.810000,3.170000,1.340000,1.020000,0.160000,49.630001,-5.470000,-1.230000,258.339996,75.260002,82596.531250,41.59,95.38,4.014286,PM2.5,31099
2.780000,3.120000,1.360000,0.860000,0.160000,50.549999,-5.130000,-0.670000,257.929993,75.449997,81717.710938,41.61,95.55,4.000000,CO,31100
2.760000,3.090000,1.370000,0.790000,0.160000,51.330002,-4.270000,-0.080000,257.309998,76.930000,80429.742188,41.62,95.73,4.000000,CO,31101
2.700000,2.980000,1.350000,0.730000,0.160000,51.990002,-2.740000,-0.260000,256.450012,79.370003,79247.382812,41.63,95.91,4.000000,CO,31102
2.670000,2.930000,1.320000,0.660000,0.160000,52.759998,-1.070000,-1.360000,255.899994,81.050003,78526.750000,41.64,96.09,4.000000,CO,31103
2.670000,2.930000,1.310000,0.600000,0.160000,52.299999,0.670000,-2.650000,255.910004,81.129997,78191.226562,41.65,96.27,4.000000,CO,31104
2.680000,2.940000,1.320000,0.580000,0.160000,51.130001,2.120000,-3.020000,256.350006,79.610001,78986.953125,41.66,96.45,4.000000,CO,31105
2.680000,2.930000,1.340000,0.600000,0.160000,50.240002,2.240000,-2.770000,256.989990,77.139999,80600.242188,41.67,96.63,4.000000,CO,31106
2.650000,2.910000,1.380000,0.630000,0.160000,50.549999,1.920000,-2.440000,257.250000,76.070000,81459.429688,41.68,96.81,4.000000,CO,31107
2.630000,2.890000,1.450000,0.650000,0.160000,51.029999,2.510000,-2.600000,257.420013,73.430000,81413.921875,41.69,96.99,4.000000,CO,31108
2.640000,2.910000,1.540000,0.670000,0.170000,51.290001,3.690000,-3.000000,257.839996,69.269997,81670.781250,41.7,97.17,4.250000,CO,31109
2.640000,2.910000,1.640000,0.640000,0.170000,51.330002,4.330000,-3.540000,258.989990,62.570000,83066.812500,41.71,97.35,4.250000,CO,31110
2.620000,2.900000,1.730000,0.630000,0.170000,51.299999,3.820000,-3.900000,260.260010,55.860001,84829.617188,41.72,97.53,4.250000,CO,31111
2.600000,2.890000,1.790000,0.620000,0.170000,51.669998,3.130000,-4.530000,260.519989,52.790001,85485.546875,41.73,97.71,4.250000,CO,31112
2.850000,3.280000,1.280000,0.970000,0.160000,49.770000,-4.320000,-0.280000,259.839996,73.010002,83198.843750,41.7,95.0,4.071428,PM2.5,31369
2.840000,3.230000,1.290000,1.070000,0.160000,49.919998,-4.550000,-1.530000,259.399994,73.730003,82361.546875,41.71,95.18,4.057143,PM2.5,31370
2.740000,3.070000,1.310000,0.930000,0.160000,50.840000,-4.110000,-2.710000,257.390015,77.870003,80983.046875,41.74,95.54,4.000000,CO,31372
2.700000,3.020000,1.310000,0.880000,0.160000,51.919998,-3.690000,-2.590000,256.779999,78.370003,80526.656250,41.75,95.72,4.000000,CO,31373
2.640000,2.910000,1.310000,0.850000,0.160000,52.709999,-2.900000,-2.700000,256.190002,79.080002,79790.062500,41.76,95.9,4.000000,CO,31374
2.610000,2.860000,1.300000,0.750000,0.160000,53.590000,-1.410000,-2.920000,255.710007,80.419998,78915.882812,41.77,96.08,4.000000,CO,31375
2.630000,2.880000,1.300000,0.660000,0.160000,53.369999,0.840000,-3.180000,255.529999,81.279999,78356.750000,41.79,96.26,4.000000,CO,31376
2.650000,2.900000,1.320000,0.650000,0.160000,52.070000,2.760000,-3.540000,255.899994,79.849998,79086.960938,41.8,96.44,4.000000,CO,31377
2.650000,2.910000,1.340000,0.660000,0.160000,50.730000,3.100000,-3.610000,256.779999,76.389999,80764.218750,41.81,96.62,4.000000,CO,31378
2.630000,2.890000,1.390000,0.650000,0.160000,50.570000,2.750000,-3.440000,257.320007,74.480003,81997.921875,41.82,96.79,4.000000,CO,31379
2.590000,2.860000,1.450000,0.660000,0.160000,51.200001,3.070000,-3.310000,257.929993,70.760002,82625.226562,41.83,96.97,4.000000,CO,31380
2.600000,2.870000,1.540000,0.710000,0.170000,51.599998,3.760000,-3.400000,258.640015,65.580002,83202.562500,41.84,97.15,4.250000,CO,31381
2.600000,2.880000,1.640000,0.660000,0.170000,51.660000,3.980000,-3.680000,259.459991,60.250000,84034.851562,41.85,97.33,4.250000,CO,31382
2.600000,2.880000,1.710000,0.630000,0.170000,51.750000,3.470000,-4.010000,260.179993,55.790001,84960.703125,41.86,97.51,4.250000,CO,31383
2.600000,2.890000,1.770000,0.610000,0.170000,52.009998,2.980000,-4.560000,260.019989,54.740002,85127.226562,41.87,97.69,4.250000,CO,31384
2.610000,2.860000,1.300000,0.950000,0.160000,53.310001,0.170000,-3.010000,255.550003,81.370003,78405.242188,41.91,96.06,4.000000,CO,31649
2.630000,2.880000,1.300000,0.820000,0.160000,53.310001,1.880000,-3.130000,255.309998,81.449997,78523.390625,41.92,96.24,4.000000,CO,31650
2.660000,2.910000,1.330000,0.760000,0.160000,52.000000,3.340000,-3.940000,255.500000,80.120003,79281.296875,41.93,96.42,4.000000,CO,31651
2.660000,2.920000,1.360000,0.710000,0.160000,50.730000,3.790000,-4.440000,256.279999,76.830002,80626.000000,41.94,96.6,4.000000,CO,31652
2.640000,2.900000,1.420000,0.660000,0.160000,50.680000,3.610000,-4.580000,256.880005,74.400002,81848.781250,41.95,96.78,4.000000,CO,31653
2.600000,2.860000,1.470000,0.640000,0.160000,51.520000,3.740000,-4.720000,257.519989,69.889999,82566.367188,41.96,96.96,4.000000,CO,31654
2.580000,2.850000,1.520000,0.700000,0.170000,52.169998,4.180000,-4.840000,258.410004,63.930000,83168.976562,41.97,97.14,4.250000,CO,31655
2.570000,2.840000,1.590000,0.640000,0.170000,52.410000,4.250000,-4.760000,259.399994,58.639999,84120.500000,41.98,97.32,4.250000,CO,31656
2.580000,2.860000,1.670000,0.620000,0.170000,52.410000,3.860000,-4.720000,260.040009,55.320000,85134.273438,41.99,97.5,4.250000,CO,31657
2.630000,2.880000,1.290000,0.730000,0.160000,54.639999,1.820000,-1.620000,255.119995,82.339996,79132.750000,42.05,96.23,4.000000,CO,31919
2.670000,2.930000,1.340000,0.700000,0.160000,52.549999,3.310000,-2.870000,255.149994,81.070000,79455.273438,42.06,96.41,4.000000,CO,31920
2.670000,2.930000,1.390000,0.620000,0.160000,50.939999,4.220000,-3.920000,255.830002,77.269997,80592.906250,42.07,96.59,4.000000,CO,31921
2.660000,2.930000,1.450000,0.580000,0.160000,50.840000,4.130000,-4.410000,256.339996,74.580002,81733.953125,42.08,96.77,4.000000,CO,31922
2.630000,2.890000,1.500000,0.570000,0.170000,51.669998,4.180000,-4.920000,256.519989,71.820000,81925.093750,42.09,96.95,4.250000,CO,31923
2.590000,2.860000,1.520000,0.650000,0.170000,52.459999,5.020000,-5.530000,257.250000,66.720001,82207.367188,42.11,97.13,4.250000,CO,31924
2.570000,2.840000,1.560000,0.620000,0.170000,52.849998,5.590000,-5.830000,258.589996,60.529999,83669.781250,42.11,97.31,4.250000,CO,31925
2.580000,2.860000,1.630000,0.610000,0.170000,52.869999,5.330000,-5.790000,259.679993,56.270000,85328.117188,42.12,97.49,4.250000,CO,31926
2.690000,2.940000,1.440000,0.660000,0.160000,53.279999,1.270000,0.380000,255.619995,79.209999,81281.882812,42.19,96.21,4.000000,CO,32183
2.720000,2.980000,1.460000,0.640000,0.160000,52.250000,2.940000,-0.590000,255.350006,79.080002,80998.953125,42.2,96.39,4.000000,CO,32184
2.720000,2.980000,1.480000,0.590000,0.160000,50.919998,4.320000,-1.960000,255.729996,76.349998,81564.078125,42.21,96.57,4.000000,CO,32185
2.720000,2.990000,1.530000,0.570000,0.170000,50.709999,4.540000,-2.720000,256.220001,73.540001,82443.781250,42.22,96.75,4.250000,CO,32186
2.680000,2.950000,1.560000,0.570000,0.170000,51.110001,4.710000,-3.190000,256.269989,71.910004,82408.570312,42.23,96.93,4.250000,CO,32187
2.630000,2.910000,1.530000,0.640000,0.170000,51.750000,5.790000,-4.020000,256.829987,67.860001,82636.859375,42.24,97.11,4.250000,CO,32188
2.610000,2.890000,1.580000,0.610000,0.170000,52.299999,6.770000,-5.020000,257.910004,63.299999,83992.773438,42.25,97.29,4.250000,CO,32189
2.630000,2.910000,1.640000,0.600000,0.170000,52.470001,6.890000,-5.600000,258.890015,59.570000,85404.593750,42.26,97.48,4.250000,CO,32190
2.780000,3.060000,1.570000,0.600000,0.170000,51.959999,1.110000,0.940000,256.220001,76.849998,83489.453125,42.32,96.2,4.250000,CO,32444
2.800000,3.080000,1.580000,0.590000,0.170000,51.560001,2.850000,0.590000,255.960007,76.589996,83064.476562,42.33,96.38,4.250000,CO,32445
2.830000,3.110000,1.610000,0.570000,0.170000,50.720001,4.400000,-0.400000,256.149994,74.589996,83178.406250,42.34,96.56,4.250000,CO,32446
2.850000,3.140000,1.640000,0.620000,0.170000,50.330002,5.090000,-1.100000,256.769989,71.410004,83966.203125,42.35,96.74,4.250000,CO,32447
2.830000,3.110000,1.660000,0.650000,0.170000,50.639999,5.450000,-1.360000,257.250000,69.330002,84485.710938,42.36,96.92,4.250000,CO,32448
2.780000,3.070000,1.670000,0.620000,0.170000,51.209999,6.250000,-2.050000,257.690002,66.779999,84924.617188,42.37,97.1,4.250000,CO,32449
2.760000,3.050000,1.680000,0.610000,0.170000,51.509998,7.090000,-3.070000,258.170013,64.580002,85614.500000,42.38,97.28,4.250000,CO,32450
2.990000,3.290000,1.600000,0.600000,0.170000,50.840000,-1.050000,0.760000,257.049988,73.309998,85270.570312,42.44,96.0,4.271429,PM2.5,32693
3.020000,3.320000,1.660000,0.590000,0.170000,51.180000,0.960000,0.370000,256.290009,75.290001,84338.726562,42.45,96.18,4.314286,PM2.5,32694
3.030000,3.330000,1.670000,0.590000,0.170000,51.020000,3.150000,0.150000,256.089996,75.010002,83957.953125,42.46,96.36,4.328571,PM2.5,32695
3.070000,3.370000,1.700000,0.600000,0.170000,50.480000,4.860000,-0.350000,256.649994,72.260002,84540.492188,42.48,96.54,4.385714,PM2.5,32696
3.060000,3.370000,1.730000,0.620000,0.170000,50.570000,5.670000,-0.800000,257.579987,69.250000,85667.757812,42.49,96.72,4.371428,PM2.5,32697
3.040000,3.350000,1.740000,0.630000,0.170000,50.849998,5.980000,-0.990000,258.429993,67.239998,86790.007812,42.5,96.91,4.342857,PM2.5,32698
3.010000,3.320000,1.760000,0.610000,0.170000,51.240002,6.430000,-1.340000,258.920013,65.570000,87395.273438,42.51,97.09,4.300000,PM2.5,32699
2.990000,3.300000,1.770000,0.600000,0.170000,51.270000,7.140000,-1.760000,259.059998,65.019997,87559.062500,42.52,97.27,4.271429,PM2.5,32700
3.410000,3.740000,1.760000,0.660000,0.170000,50.540001,1.170000,-0.080000,256.630005,72.500000,85277.250000,42.59,96.17,4.871428,PM2.5,32933
3.370000,3.690000,1.740000,0.670000,0.170000,50.340000,3.600000,-0.500000,256.420013,72.690002,84802.570312,42.6,96.35,4.814286,PM2.5,32934
3.310000,3.620000,1.740000,0.650000,0.170000,50.450001,5.440000,-1.200000,257.220001,69.589996,85705.296875,42.61,96.53,4.728571,PM2.5,32935
3.240000,3.550000,1.750000,0.630000,0.170000,51.209999,6.140000,-1.630000,258.350006,66.709999,87195.046875,42.62,96.71,4.628572,PM2.5,32936
3.190000,3.510000,1.780000,0.610000,0.170000,51.610001,6.340000,-1.770000,259.070007,66.519997,88253.601562,42.63,96.89,4.557143,PM2.5,32937
3.160000,3.480000,1.790000,0.600000,0.170000,51.700001,6.760000,-1.650000,259.399994,66.580002,88588.078125,42.64,97.07,4.514286,PM2.5,32938
