PM2.5(微克每立方米),PM10(微克每立方米),SO2(微克每立方米),NO2(微克每立方米),CO(毫克每立方米),O3(微克每立方米),U(m/s),V(m/s),TEMP(K),RH(%),PSFC(Pa),lat,lon,AQI,Major pollutants,id
21.170000,26.490000,6.290000,4.550000,0.250000,65.370003,-2.420000,-7.850000,278.119995,91.919998,75242.203125,32.71,104.6,30.242857,PM2.5,13804
20.160000,26.250000,6.540000,6.500000,0.280000,63.040001,-1.260000,-7.190000,282.260010,79.500000,80800.492188,32.71,104.76,28.799999,PM2.5,13805
18.870001,26.049999,7.180000,9.160000,0.320000,59.660000,-0.270000,-6.730000,286.269989,68.099998,85838.406250,32.71,104.92,26.957144,PM2.5,13806
18.549999,27.100000,8.020000,11.930000,0.370000,56.759998,-0.950000,-6.120000,287.649994,64.489998,87325.726562,32.71,105.08,27.100000,PM10,13807
19.070000,28.750000,8.140000,13.010000,0.400000,53.529999,-2.590000,-7.470000,287.790009,63.340000,87558.023438,32.71,105.24,28.750000,PM10,13808
21.370001,26.200001,6.610000,4.570000,0.230000,66.120003,-1.470000,-5.470000,277.320007,94.709999,74536.976562,32.84,104.43,30.528572,PM2.5,14060
20.650000,26.180000,6.720000,7.400000,0.250000,64.620003,-0.760000,-4.340000,280.890015,83.889999,79187.039062,32.84,104.6,29.500000,PM2.5,14061
19.290001,25.490000,6.600000,9.250000,0.280000,62.950001,-0.790000,-5.680000,284.720001,70.550003,83571.460938,32.84,104.76,27.557144,PM2.5,14062
18.620001,25.910000,6.800000,11.820000,0.320000,58.150002,-0.980000,-6.440000,287.359985,63.500000,86889.953125,32.84,104.92,26.600000,PM2.5,14063
18.430000,26.260000,7.730000,12.580000,0.350000,56.560001,-1.910000,-6.230000,287.230011,63.689999,86570.093750,32.84,105.08,26.328571,PM2.5,14064
19.410000,27.990000,7.870000,12.230000,0.370000,54.410000,-2.790000,-8.020000,286.019989,67.040001,85445.789062,32.84,105.24,27.990000,PM10,14065
20.250000,25.080000,6.490000,5.370000,0.230000,68.860001,-0.080000,-3.050000,280.920013,81.910004,78912.031250,32.98,104.43,28.928572,PM2.5,14317
19.260000,24.719999,6.380000,8.120000,0.240000,66.860001,-0.640000,-3.850000,283.750000,72.139999,82056.921875,32.98,104.59,27.514286,PM2.5,14318
18.889999,24.920000,6.470000,10.030000,0.250000,65.120003,-1.850000,-6.510000,284.390015,69.230003,82834.039062,32.98,104.76,26.985714,PM2.5,14319
18.480000,25.410000,6.730000,12.670000,0.290000,60.410000,-2.050000,-7.470000,286.660004,63.200001,85845.062500,32.98,104.92,26.400000,PM2.5,14320
18.650000,25.879999,7.480000,12.740000,0.310000,58.180000,-2.630000,-7.280000,286.209991,64.629997,85309.289062,32.98,105.08,26.642857,PM2.5,14321
19.780001,27.629999,7.710000,11.430000,0.330000,55.980000,-2.880000,-8.230000,285.100006,68.809998,84430.320312,32.98,105.24,28.257143,PM2.5,14322
19.770000,27.930000,8.530000,9.980000,0.350000,56.349998,-2.650000,-8.780000,286.260010,66.000000,86135.882812,32.98,105.41,28.242857,PM2.5,14323
20.549999,29.830000,9.270000,10.290000,0.370000,55.200001,-2.680000,-9.790000,286.809998,66.099998,87184.640625,32.98,105.57,29.830000,PM10,14324
20.639999,31.190001,10.770000,12.730000,0.430000,55.360001,-2.230000,-8.270000,287.440002,66.400002,88413.851562,32.98,105.73,31.190001,PM10,14325
22.080000,34.770000,12.150000,15.360000,0.490000,52.279999,-1.950000,-7.520000,288.380005,66.500000,90030.726562,32.98,105.89,34.770000,PM10,14326
18.930000,23.570000,6.330000,6.150000,0.220000,69.889999,-0.260000,-3.240000,283.079987,71.410004,81028.843750,33.11,104.43,27.042858,PM2.5,14579
19.219999,24.370001,6.320000,7.460000,0.220000,69.620003,-1.970000,-5.360000,281.899994,75.099998,79483.679688,33.11,104.59,27.457142,PM2.5,14580
19.219999,25.190001,6.460000,10.300000,0.240000,67.019997,-2.670000,-7.200000,282.489990,73.419998,80600.617188,33.12,104.76,27.457142,PM2.5,14581
18.969999,25.760000,6.690000,13.070000,0.270000,61.959999,-2.490000,-8.140000,284.510010,68.230003,83335.632812,33.12,104.92,27.099998,PM2.5,14582
19.480000,26.549999,7.250000,13.020000,0.290000,59.139999,-2.880000,-7.950000,284.010010,70.639999,82874.203125,33.12,105.08,27.828571,PM2.5,14583
20.150000,27.330000,7.710000,10.680000,0.290000,59.240002,-3.090000,-8.480000,283.679993,72.309998,82874.148438,33.12,105.24,28.785713,PM2.5,14584
20.420000,27.570000,8.420000,8.300000,0.300000,61.040001,-2.790000,-9.000000,283.899994,72.930000,83497.320312,33.11,105.41,29.171429,PM2.5,14585
21.490000,29.730000,8.990000,7.940000,0.320000,58.799999,-2.100000,-9.350000,284.459991,72.760002,84614.390625,33.11,105.57,30.699999,PM2.5,14586
21.730000,31.100000,10.270000,9.920000,0.370000,58.869999,-1.180000,-8.200000,286.279999,68.750000,87122.242188,33.11,105.73,31.100000,PM10,14587
22.559999,33.570000,11.790000,12.060000,0.430000,57.810001,-0.790000,-7.580000,287.950012,65.930000,89340.929688,33.11,105.89,33.570000,PM10,14588
20.469999,23.299999,5.510000,1.270000,0.210000,73.940002,-3.820000,-3.760000,271.959991,95.480003,64035.671875,33.21,101.83,29.242857,PM2.5,14824
20.410000,23.580000,5.750000,1.370000,0.210000,73.019997,-3.130000,-3.950000,273.250000,93.199997,65817.632812,33.22,101.99,29.157143,PM2.5,14825
19.330000,23.740000,6.250000,6.150000,0.210000,71.419998,-1.830000,-5.620000,281.440002,73.129997,78824.656250,33.25,104.43,27.614286,PM2.5,14840
19.940001,24.930000,6.350000,7.670000,0.220000,70.800003,-2.730000,-5.930000,279.600006,81.599998,76930.796875,33.25,104.59,28.485716,PM2.5,14841
19.440001,25.139999,6.360000,10.430000,0.230000,68.400002,-2.840000,-6.270000,281.140015,77.110001,79147.539062,33.25,104.76,27.771429,PM2.5,14842
19.070000,25.440001,6.670000,13.120000,0.240000,64.440002,-2.440000,-7.250000,282.929993,72.459999,81643.562500,33.25,104.92,27.242857,PM2.5,14843
19.780001,26.469999,7.060000,13.000000,0.260000,61.349998,-2.770000,-7.420000,283.079987,73.570000,81996.671875,33.25,105.08,28.257143,PM2.5,14844
20.730000,27.570000,7.470000,10.460000,0.270000,60.700001,-3.600000,-8.250000,282.390015,76.440002,81585.296875,33.25,105.24,29.614285,PM2.5,14845
21.690001,28.730000,7.970000,8.050000,0.280000,60.840000,-3.000000,-8.490000,282.000000,79.790001,81725.023438,33.25,105.41,30.985716,PM2.5,14846
21.870001,29.610001,8.760000,7.720000,0.300000,61.080002,-1.540000,-7.730000,283.410004,76.830002,83785.703125,33.25,105.57,31.242859,PM2.5,14847
22.719999,31.740000,9.830000,9.260000,0.340000,60.590000,-0.910000,-8.040000,285.339996,71.400002,86265.656250,33.25,105.73,32.457142,PM2.5,14848
21.379999,24.280001,5.670000,1.320000,0.200000,75.190002,-3.460000,-3.520000,273.000000,93.160004,65677.656250,33.35,101.99,30.542856,PM2.5,15083
21.549999,24.490000,6.090000,1.210000,0.200000,75.110001,-3.450000,-3.600000,273.839996,90.690002,66457.937500,33.36,102.15,30.785713,PM2.5,15084
19.680000,22.860001,5.960000,4.390000,0.190000,73.150002,-1.980000,-6.310000,276.299988,85.269997,72170.453125,33.39,104.27,28.114286,PM2.5,15097
19.660000,23.580000,6.060000,5.830000,0.200000,71.910004,-1.640000,-6.260000,278.160004,83.349998,75338.257812,33.39,104.43,28.085714,PM2.5,15098
19.610001,24.250000,6.220000,7.910000,0.210000,70.940002,-1.920000,-5.270000,279.519989,80.610001,77015.656250,33.39,104.59,28.014286,PM2.5,15099
19.100000,24.480000,6.430000,11.880000,0.220000,69.339996,-2.490000,-5.280000,281.769989,73.349998,79792.101562,33.39,104.76,27.285715,PM2.5,15100
18.950001,25.059999,6.680000,14.660000,0.230000,65.230003,-2.640000,-6.500000,283.859985,68.279999,82719.140625,33.39,104.92,27.071430,PM2.5,15101
20.000000,26.430000,6.890000,13.700000,0.240000,62.439999,-3.100000,-7.200000,283.010010,73.230003,82087.187500,33.39,105.08,28.571428,PM2.5,15102
21.209999,27.870001,7.220000,11.000000,0.260000,60.959999,-3.340000,-7.240000,281.190002,81.620003,80516.453125,33.39,105.24,30.299999,PM2.5,15103
22.059999,29.070000,7.680000,8.550000,0.270000,60.240002,-2.490000,-6.730000,281.779999,81.739998,81813.218750,33.39,105.41,31.514284,PM2.5,15104
23.049999,31.389999,8.420000,8.230000,0.300000,59.470001,-1.750000,-6.650000,283.670013,77.199997,84438.890625,33.39,105.57,32.928570,PM2.5,15105
21.900000,24.889999,5.550000,1.300000,0.200000,76.169998,-3.630000,-2.970000,272.970001,91.919998,65667.406250,33.49,101.98,31.285713,PM2.5,15342
22.000000,24.850000,5.940000,1.180000,0.200000,74.570000,-3.650000,-3.110000,274.040009,87.599998,66754.257812,33.49,102.14,31.428572,PM2.5,15343
22.080000,24.820000,6.080000,1.200000,0.200000,75.480003,-3.890000,-3.010000,274.570007,85.389999,67148.398438,33.5,102.31,31.542856,PM2.5,15344
19.410000,22.260000,5.550000,4.130000,0.190000,71.269997,-0.690000,-5.470000,273.779999,97.349998,70374.656250,33.52,104.27,27.728571,PM2.5,15356
19.230000,22.870001,5.790000,5.420000,0.200000,71.529999,0.090000,-4.420000,277.989990,83.680000,75382.046875,33.52,104.43,27.471428,PM2.5,15357
19.190001,23.500000,6.020000,7.150000,0.210000,71.330002,-1.480000,-4.610000,280.230011,76.029999,77714.562500,33.52,104.59,27.414286,PM2.5,15358
18.959999,23.639999,6.100000,9.180000,0.210000,70.080002,-2.740000,-5.690000,280.940002,74.400002,78718.968750,33.52,104.76,27.085712,PM2.5,15359
19.030001,24.360001,6.300000,11.910000,0.220000,66.330002,-3.030000,-6.700000,282.040009,73.029999,80618.843750,33.52,104.92,27.185715,PM2.5,15360
20.260000,26.190001,6.490000,13.090000,0.240000,62.889999,-2.790000,-7.110000,281.779999,77.500000,80958.437500,33.52,105.08,28.942858,PM2.5,15361
21.219999,27.639999,6.980000,11.740000,0.250000,61.180000,-2.420000,-5.930000,281.570007,81.099998,81234.906250,33.52,105.24,30.314285,PM2.5,15362
22.100000,29.110001,7.530000,8.820000,0.270000,60.770000,-2.190000,-5.260000,283.489990,76.519997,83955.523438,33.52,105.41,31.571428,PM2.5,15363
22.860001,31.090000,8.200000,8.030000,0.290000,61.630001,-2.420000,-5.890000,284.910004,72.050003,85794.093750,33.52,105.57,32.657143,PM2.5,15364
23.270000,32.279999,8.860000,8.250000,0.310000,62.810001,-2.330000,-6.800000,285.850006,68.540001,87118.312500,33.52,105.73,33.242859,PM2.5,15365
21.930000,25.440001,5.260000,1.430000,0.210000,76.459999,-3.390000,-2.150000,271.359985,94.919998,63897.929688,33.62,101.65,31.328571,PM2.5,15601
22.290001,26.110001,5.280000,1.510000,0.200000,76.769997,-3.100000,-2.350000,272.309998,94.639999,65191.531250,33.62,101.81,31.842859,PM2.5,15602
22.080000,25.520000,5.330000,1.400000,0.190000,76.669998,-3.490000,-2.390000,272.850006,92.669998,65846.109375,33.62,101.98,31.542856,PM2.5,15603
22.000000,25.120001,5.620000,1.270000,0.190000,75.379997,-3.880000,-2.450000,274.029999,85.150002,66773.453125,33.63,102.14,31.428572,PM2.5,15604
22.080000,24.980000,5.720000,1.280000,0.180000,75.730003,-4.300000,-2.690000,274.570007,81.970001,67221.382812,33.63,102.3,31.542856,PM2.5,15605
18.660000,21.370001,5.280000,3.850000,0.190000,71.779999,0.030000,-2.930000,277.200012,85.610001,74711.023438,33.66,104.26,26.657143,PM2.5,15617
18.410000,21.760000,5.510000,4.990000,0.190000,71.820000,-0.350000,-2.940000,279.980011,75.050003,77544.273438,33.66,104.43,26.299999,PM2.5,15618
18.680000,22.530001,5.750000,6.370000,0.200000,72.139999,-2.630000,-4.200000,279.589996,76.379997,76912.203125,33.66,104.59,26.685715,PM2.5,15619
18.670000,22.740000,5.710000,7.630000,0.200000,70.739998,-3.600000,-5.660000,278.750000,81.029999,76405.148438,33.66,104.75,26.671429,PM2.5,15620
18.580000,23.180000,5.940000,10.400000,0.210000,67.910004,-2.830000,-5.920000,280.260010,78.510002,78737.539062,33.66,104.92,26.542856,PM2.5,15621
19.969999,25.549999,6.210000,12.890000,0.230000,63.549999,-1.960000,-6.230000,282.010010,75.889999,81363.742188,33.66,105.08,28.528570,PM2.5,15622
20.969999,27.240000,6.720000,11.430000,0.240000,63.009998,-1.760000,-5.330000,283.190002,74.629997,83030.117188,33.66,105.25,29.957142,PM2.5,15623
21.750000,28.549999,7.130000,8.750000,0.260000,62.590000,-2.370000,-5.480000,284.880005,69.849998,85146.843750,33.66,105.41,31.071428,PM2.5,15624
22.549999,30.670000,7.660000,7.970000,0.280000,63.130001,-3.010000,-5.740000,285.359985,68.709999,85947.578125,33.66,105.57,32.214283,PM2.5,15625
23.070000,32.150002,8.330000,8.050000,0.290000,64.320000,-2.940000,-6.030000,285.989990,67.470001,87229.382812,33.66,105.74,32.957142,PM2.5,15626
23.230000,33.270000,9.120000,8.680000,0.320000,66.320000,-2.890000,-6.020000,287.640015,61.070000,89269.679688,33.66,105.9,33.270000,PM10,15627
23.370001,34.290001,9.590000,9.340000,0.340000,68.800003,-3.790000,-6.660000,288.820007,57.090000,90398.648438,33.66,106.06,34.290001,PM10,15628
24.840000,36.820000,9.880000,10.000000,0.360000,71.339996,-5.500000,-6.410000,286.820007,62.919998,87412.859375,33.65,106.23,36.820000,PM10,15629
27.540001,41.540001,9.880000,10.670000,0.380000,70.440002,-6.480000,-5.900000,282.380005,78.500000,82052.437500,33.65,106.39,41.540001,PM10,15630
29.219999,44.660000,10.270000,12.260000,0.410000,69.540001,-4.930000,-4.880000,280.769989,86.029999,80641.046875,33.65,106.55,44.660000,PM10,15631
20.469999,31.559999,5.340000,1.420000,0.410000,77.190002,-4.130000,-1.140000,270.089996,93.519997,61705.878906,33.74,101.32,31.559999,PM10,15859
21.120001,28.559999,5.420000,1.500000,0.330000,76.720001,-3.280000,-1.580000,270.660004,94.839996,62764.429688,33.75,101.48,30.171431,PM2.5,15860
21.309999,26.280001,5.460000,1.580000,0.240000,76.900002,-2.760000,-1.460000,272.119995,93.199997,64660.890625,33.75,101.64,30.442856,PM2.5,15861
21.750000,26.370001,5.140000,1.710000,0.200000,77.059998,-3.050000,-1.620000,272.440002,94.180000,65449.910156,33.76,101.81,31.071428,PM2.5,15862
21.309999,25.330000,5.070000,1.590000,0.190000,76.940002,-3.560000,-1.740000,272.649994,92.919998,65692.242188,33.76,101.97,30.442856,PM2.5,15863
21.080000,25.059999,5.190000,1.450000,0.190000,75.620003,-3.970000,-2.000000,274.260010,82.559998,66908.703125,33.76,102.14,30.114286,PM2.5,15864
21.160000,25.709999,5.290000,1.380000,0.180000,75.989998,-4.510000,-2.340000,274.779999,78.879997,67464.406250,33.77,102.3,30.228571,PM2.5,15865
21.090000,26.940001,5.580000,1.400000,0.180000,77.000000,-6.360000,-2.720000,270.989990,95.660004,65695.796875,33.78,103.28,30.128572,PM2.5,15871
20.250000,24.170000,5.370000,1.650000,0.170000,74.900002,-5.370000,-2.530000,271.660004,96.519997,67256.289062,33.79,103.44,28.928572,PM2.5,15872
19.389999,21.809999,5.310000,2.260000,0.170000,74.160004,-4.090000,-2.320000,273.029999,94.129997,69298.937500,33.79,103.61,27.699999,PM2.5,15873
18.750000,20.980000,5.220000,2.410000,0.170000,74.529999,-3.250000,-2.940000,273.679993,92.230003,70106.773438,33.79,103.77,26.785715,PM2.5,15874
18.200001,20.309999,5.070000,2.550000,0.170000,74.529999,-2.410000,-3.060000,273.589996,93.639999,70136.328125,33.79,103.94,26.000002,PM2.5,15875
18.010000,20.180000,5.000000,2.620000,0.180000,73.019997,-1.190000,-3.070000,275.750000,87.680000,72868.273438,33.79,104.1,25.728571,PM2.5,15876
17.620001,20.070000,4.980000,3.510000,0.180000,72.230003,-0.820000,-3.520000,278.809998,76.529999,76013.648438,33.79,104.26,25.171431,PM2.5,15877
17.580000,20.530001,5.140000,4.600000,0.190000,71.669998,-1.830000,-3.390000,279.339996,73.959999,76356.109375,33.79,104.43,25.114286,PM2.5,15878
17.790001,21.230000,5.280000,6.120000,0.190000,70.839996,-3.460000,-3.240000,279.089996,76.070000,76383.312500,33.8,104.59,25.414288,PM2.5,15879
17.680000,21.629999,5.280000,7.520000,0.200000,68.820000,-4.150000,-4.820000,279.920013,74.779999,77763.460938,33.8,104.75,25.257143,PM2.5,15880
18.049999,23.230000,5.310000,10.480000,0.210000,66.220001,-3.230000,-5.510000,282.179993,70.440002,80922.898438,33.8,104.92,25.785713,PM2.5,15881
19.350000,25.600000,5.800000,12.710000,0.220000,64.709999,-1.930000,-5.900000,283.890015,68.349998,83368.796875,33.8,105.08,27.642859,PM2.5,15882
20.580000,27.389999,6.270000,11.500000,0.240000,64.580002,-1.940000,-5.740000,283.950012,69.620003,83467.046875,33.8,105.25,29.400000,PM2.5,15883
21.700001,28.450001,6.500000,9.140000,0.250000,63.849998,-2.600000,-6.380000,283.700012,71.379997,83370.093750,33.8,105.41,31.000002,PM2.5,15884
22.400000,30.320000,6.950000,7.970000,0.270000,64.860001,-2.530000,-5.770000,284.410004,70.459999,84574.640625,33.79,105.57,32.000000,PM2.5,15885
22.820000,32.090000,7.740000,8.230000,0.290000,66.089996,-2.550000,-5.540000,286.079987,66.050003,87140.773438,33.79,105.74,32.599998,PM2.5,15886
22.860001,33.160000,8.400000,8.580000,0.300000,68.720001,-3.350000,-5.320000,287.529999,60.349998,88936.453125,33.79,105.9,33.160000,PM10,15887
22.930000,34.330002,8.740000,9.280000,0.320000,71.559998,-5.080000,-5.630000,288.279999,57.369999,89832.468750,33.79,106.06,34.330002,PM10,15888
24.020000,37.169998,8.840000,10.470000,0.340000,73.190002,-6.200000,-6.000000,287.380005,59.990002,88810.109375,33.79,106.23,37.169998,PM10,15889
25.770000,40.630001,9.260000,12.140000,0.370000,75.180000,-5.590000,-4.510000,285.149994,67.879997,86152.023438,33.79,106.39,40.630001,PM10,15890
19.700001,38.009998,5.660000,1.390000,0.500000,77.680000,-3.780000,-0.290000,270.549988,88.980003,61606.308594,33.87,101.15,38.009998,PM10,16118
20.709999,35.310001,5.530000,1.450000,0.480000,77.250000,-4.000000,-0.700000,269.640015,93.110001,61164.039062,33.88,101.31,35.310001,PM10,16119
21.120001,30.090000,5.400000,1.550000,0.350000,77.209999,-3.300000,-1.100000,270.079987,94.669998,62117.589844,33.88,101.48,30.171431,PM2.5,16120
21.240000,26.850000,5.180000,1.740000,0.240000,77.870003,-2.670000,-1.310000,271.200012,95.589996,63747.300781,33.89,101.64,30.342857,PM2.5,16121
20.830000,25.719999,4.910000,1.900000,0.200000,78.279999,-2.890000,-1.070000,272.250000,94.370003,65241.238281,33.89,101.8,29.757143,PM2.5,16122
20.250000,24.660000,4.830000,1.760000,0.190000,78.879997,-3.820000,-1.520000,273.630005,85.440002,66206.421875,33.9,101.97,28.928572,PM2.5,16123
20.120001,24.770000,4.830000,1.670000,0.190000,77.459999,-4.330000,-2.420000,274.170013,81.629997,66733.273438,33.9,102.13,28.742859,PM2.5,16124
21.129999,29.480000,5.250000,1.530000,0.180000,75.029999,-5.370000,0.450000,272.769989,93.250000,68240.632812,33.92,103.28,30.185713,PM2.5,16131
19.719999,24.750000,5.110000,1.690000,0.170000,74.809998,-4.780000,0.660000,274.429993,87.849998,70718.726562,33.92,103.44,28.171427,PM2.5,16132
18.090000,20.719999,5.020000,2.050000,0.170000,73.519997,-4.170000,-0.870000,276.309998,80.099998,72850.437500,33.92,103.61,25.842857,PM2.5,16133
17.420000,19.709999,4.940000,2.190000,0.170000,74.290001,-3.570000,-2.580000,277.279999,75.989998,73972.882812,33.93,103.77,24.885714,PM2.5,16134
17.090000,19.250000,4.830000,2.310000,0.170000,74.720001,-2.920000,-3.680000,277.589996,74.769997,74299.156250,33.93,103.93,24.414286,PM2.5,16135
17.150000,19.370001,4.710000,2.570000,0.170000,73.120003,-2.560000,-4.840000,276.489990,79.949997,73230.476562,33.93,104.1,24.500000,PM2.5,16136
17.049999,19.530001,4.700000,3.450000,0.180000,71.900002,-1.770000,-5.330000,276.529999,80.940002,73384.656250,33.93,104.26,24.357141,PM2.5,16137
16.680000,19.709999,4.790000,4.680000,0.180000,71.010002,-1.410000,-3.970000,279.000000,71.639999,75976.546875,33.93,104.43,23.828571,PM2.5,16138
16.610001,20.570000,4.950000,6.280000,0.190000,70.610001,-2.680000,-3.390000,280.859985,65.639999,77873.187500,33.93,104.59,23.728573,PM2.5,16139
16.860001,21.980000,5.070000,7.510000,0.190000,70.699997,-3.910000,-5.380000,280.859985,67.349998,78325.156250,33.93,104.75,24.085714,PM2.5,16140
17.610001,25.059999,5.150000,10.320000,0.210000,69.029999,-3.250000,-6.430000,282.029999,68.070000,80453.320312,33.93,104.92,25.157145,PM2.5,16141
19.070000,27.969999,5.580000,12.360000,0.220000,66.769997,-1.960000,-6.340000,284.040009,66.349998,83494.601562,33.93,105.08,27.969999,PM10,16142
20.299999,29.070000,5.770000,11.640000,0.230000,66.309998,-2.050000,-6.110000,283.459991,70.150002,82859.171875,33.93,105.25,29.070000,PM10,16143
21.510000,28.680000,5.940000,9.790000,0.240000,65.129997,-2.300000,-6.580000,282.000000,75.989998,81366.257812,33.93,105.41,30.728571,PM2.5,16144
22.020000,29.750000,6.480000,8.340000,0.260000,67.519997,-1.660000,-5.740000,283.070007,73.800003,82913.656250,33.93,105.57,31.457144,PM2.5,16145
22.540001,31.860001,7.040000,8.330000,0.270000,68.379997,-1.860000,-5.540000,285.200012,67.080002,85680.070312,33.93,105.74,32.200001,PM2.5,16146
22.400000,32.680000,7.670000,8.220000,0.290000,72.269997,-2.950000,-5.520000,286.339996,62.349998,87138.093750,33.93,105.9,32.680000,PM10,16147
22.530001,33.830002,7.970000,8.740000,0.300000,76.379997,-4.220000,-5.270000,286.540009,61.279999,87494.359375,33.93,106.07,33.830002,PM10,16148
23.459999,37.180000,8.030000,10.400000,0.320000,76.519997,-5.530000,-5.900000,286.829987,60.009998,87996.281250,33.93,106.23,37.180000,PM10,16149
24.770000,41.060001,8.380000,12.440000,0.350000,76.949997,-6.060000,-5.820000,286.940002,59.849998,88335.687500,33.92,106.39,41.060001,PM10,16150
18.459999,41.590000,6.100000,1.450000,0.520000,78.250000,-2.580000,-0.920000,270.809998,87.400002,61448.828125,34.01,100.98,41.590000,PM10,16378
20.010000,47.299999,6.490000,1.650000,0.630000,79.019997,-3.390000,-0.530000,269.820007,91.120003,60698.328125,34.01,101.14,47.299999,PM10,16379
20.610001,38.590000,5.590000,1.580000,0.530000,77.629997,-3.480000,-0.330000,269.380005,94.180000,60838.808594,34.01,101.31,38.590000,PM10,16380
20.650000,30.040001,5.180000,1.630000,0.350000,77.480003,-2.840000,-0.350000,270.179993,95.379997,62331.179688,34.02,101.47,30.040001,PM10,16381
20.379999,25.330000,4.930000,1.760000,0.230000,79.110001,-2.450000,-0.340000,271.589996,93.949997,64215.000000,34.02,101.63,29.114285,PM2.5,16382
19.540001,23.650000,4.690000,1.770000,0.190000,79.720001,-3.180000,-1.060000,272.880005,87.470001,65415.339844,34.03,101.8,27.914288,PM2.5,16383
19.160000,22.930000,4.530000,1.780000,0.190000,79.879997,-4.390000,-2.480000,273.109985,83.760002,65488.359375,34.03,101.96,27.371428,PM2.5,16384
19.260000,23.580000,4.450000,1.840000,0.180000,79.680000,-4.500000,-3.190000,272.440002,88.389999,65387.570312,34.04,102.13,27.514286,PM2.5,16385
19.459999,25.180000,4.460000,1.760000,0.180000,80.029999,-4.480000,-2.800000,272.470001,88.489998,65663.726562,34.04,102.29,27.799999,PM2.5,16386
19.250000,27.129999,4.860000,1.630000,0.180000,74.620003,-2.940000,1.310000,275.670013,79.470001,70852.382812,34.06,103.28,27.500000,PM2.5,16392
17.959999,22.780001,4.720000,1.660000,0.170000,74.690002,-3.860000,-0.770000,274.910004,78.690002,69902.218750,34.06,103.44,25.657141,PM2.5,16393
17.270000,19.969999,4.680000,1.850000,0.170000,74.809998,-4.080000,-3.650000,275.040009,76.519997,70410.703125,34.06,103.6,24.671429,PM2.5,16394
17.040001,19.430000,4.680000,2.080000,0.170000,74.309998,-3.710000,-5.140000,276.290009,73.589996,72330.062500,34.06,103.77,24.342859,PM2.5,16395
16.830000,19.090000,4.580000,2.170000,0.170000,74.389999,-3.770000,-6.080000,276.170013,76.309998,72715.312500,34.06,103.93,24.042856,PM2.5,16396
16.600000,18.950001,4.440000,2.420000,0.170000,74.250000,-2.820000,-6.230000,275.359985,83.010002,72569.070312,34.06,104.1,23.714287,PM2.5,16397
16.129999,18.889999,4.460000,3.430000,0.180000,72.839996,-1.030000,-5.580000,277.489990,74.650002,74731.687500,34.07,104.26,23.042856,PM2.5,16398
15.790000,19.110001,4.530000,4.570000,0.180000,72.800003,-1.600000,-5.360000,279.809998,64.260002,76632.281250,34.07,104.43,22.557142,PM2.5,16399
15.940000,20.360001,4.700000,5.720000,0.180000,73.459999,-3.150000,-6.350000,279.380005,65.379997,75955.062500,34.07,104.59,22.771427,PM2.5,16400
16.340000,22.160000,4.940000,7.000000,0.190000,73.660004,-3.050000,-6.570000,278.230011,73.940002,75463.273438,34.07,104.75,23.342857,PM2.5,16401
17.110001,26.400000,5.100000,9.920000,0.210000,71.910004,-1.820000,-6.620000,280.320007,72.019997,78619.343750,34.07,104.92,26.400000,PM10,16402
18.559999,29.990000,5.390000,12.140000,0.220000,68.180000,-1.280000,-6.230000,283.549988,66.500000,82979.781250,34.07,105.08,29.990000,PM10,16403
19.670000,30.670000,5.440000,11.800000,0.230000,67.519997,-2.040000,-5.810000,283.589996,68.519997,83094.476562,34.07,105.25,30.670000,PM10,16404
20.790001,28.780001,5.380000,10.210000,0.240000,65.739998,-2.120000,-6.220000,282.420013,73.760002,81922.453125,34.07,105.41,29.700001,PM2.5,16405
21.790001,30.280001,5.770000,9.210000,0.250000,66.400002,-1.710000,-6.110000,282.750000,73.970001,82552.203125,34.07,105.57,31.128572,PM2.5,16406
21.799999,30.730000,6.450000,8.160000,0.260000,70.949997,-1.930000,-6.080000,283.670013,70.440002,83649.546875,34.07,105.74,31.142857,PM2.5,16407
21.490000,31.080000,6.920000,7.310000,0.260000,75.660004,-2.730000,-6.040000,284.630005,66.449997,84914.992188,34.06,105.9,31.080000,PM10,16408
21.799999,32.669998,7.170000,7.590000,0.270000,79.279999,-3.690000,-5.930000,285.079987,64.480003,85583.242188,34.06,106.07,32.669998,PM10,16409
22.610001,35.549999,7.370000,9.070000,0.300000,81.269997,-4.710000,-6.540000,284.980011,64.769997,85647.312500,34.06,106.23,35.549999,PM10,16410
24.379999,40.459999,7.630000,11.130000,0.330000,80.440002,-6.140000,-7.900000,284.760010,65.690002,85640.968750,34.06,106.4,40.459999,PM10,16411
19.150000,49.330002,7.070000,1.770000,0.580000,78.860001,-2.580000,-1.760000,270.750000,89.050003,61760.570312,34.14,100.97,49.330002,PM10,16638
20.180000,52.369999,7.190000,1.920000,0.620000,79.989998,-3.210000,-0.680000,270.600006,90.980003,61862.308594,34.15,101.14,51.184998,PM10,16639
19.910000,35.250000,5.360000,1.620000,0.430000,78.379997,-3.290000,0.070000,270.850006,92.650002,62692.949219,34.15,101.3,35.250000,PM10,16640
19.770000,25.860001,4.830000,1.590000,0.260000,78.879997,-2.730000,0.400000,272.070007,90.830002,64545.890625,34.16,101.46,28.242857,PM2.5,16641
19.020000,22.190001,4.570000,1.580000,0.190000,79.800003,-3.250000,-0.360000,273.010010,85.419998,65512.500000,34.16,101.63,27.171429,PM2.5,16642
18.170000,21.750000,4.170000,1.870000,0.180000,78.370003,-3.870000,-2.830000,271.000000,95.160004,64452.300781,34.17,102.12,25.957144,PM2.5,16645
18.590000,23.719999,4.310000,1.830000,0.180000,79.870003,-3.820000,-2.410000,272.190002,90.209999,65699.046875,34.18,102.29,26.557142,PM2.5,16646
18.709999,25.600000,4.460000,1.750000,0.180000,81.010002,-4.880000,-2.200000,272.369995,85.419998,65684.421875,34.18,102.45,26.728571,PM2.5,16647
18.830000,27.030001,4.560000,1.680000,0.180000,81.330002,-5.600000,-2.440000,271.859985,87.690002,65579.679688,34.18,102.62,27.030001,PM10,16648
18.450001,25.549999,4.640000,1.690000,0.180000,77.330002,-3.510000,-2.570000,273.579987,82.720001,68471.843750,34.19,103.11,26.357143,PM2.5,16651
17.920000,23.330000,4.570000,1.570000,0.180000,77.110001,-4.120000,-2.600000,273.820007,76.860001,68209.523438,34.19,103.27,25.600000,PM2.5,16652
17.430000,21.150000,4.610000,1.560000,0.180000,78.809998,-4.770000,-4.740000,271.000000,85.760002,65600.382812,34.19,103.44,24.900000,PM2.5,16653
16.940001,19.500000,4.480000,1.720000,0.180000,77.820000,-3.720000,-5.800000,270.470001,93.970001,66158.703125,34.2,103.6,24.200001,PM2.5,16654
17.129999,19.580000,4.520000,2.030000,0.180000,76.529999,-2.740000,-6.190000,272.089996,92.110001,68652.382812,34.2,103.77,24.471428,PM2.5,16655
16.730000,19.129999,4.360000,2.150000,0.170000,75.820000,-2.210000,-5.930000,273.390015,89.080002,70507.656250,34.2,103.93,23.900000,PM2.5,16656
16.139999,18.740000,4.270000,2.470000,0.170000,74.260002,-1.400000,-5.200000,275.839996,81.519997,73357.906250,34.2,104.1,23.057142,PM2.5,16657
15.520000,18.549999,4.230000,3.280000,0.180000,73.300003,-1.940000,-5.940000,278.369995,68.370003,75685.343750,34.2,104.26,22.171429,PM2.5,16658
15.710000,19.309999,4.310000,4.240000,0.180000,74.440002,-3.820000,-7.690000,277.019989,71.419998,74116.742188,34.2,104.42,22.442858,PM2.5,16659
15.920000,20.860001,4.370000,5.660000,0.190000,74.870003,-3.520000,-8.240000,274.899994,80.489998,71905.921875,34.2,104.59,22.742857,PM2.5,16660
15.980000,22.850000,4.640000,6.950000,0.190000,73.110001,-1.570000,-6.780000,276.149994,81.129997,73708.796875,34.2,104.75,22.850000,PM10,16661
16.809999,28.350000,4.830000,9.990000,0.210000,71.680000,-0.190000,-6.520000,280.329987,71.519997,78906.039062,34.2,104.92,28.350000,PM10,16662
17.879999,31.309999,5.150000,11.590000,0.230000,69.540001,-0.470000,-6.040000,283.630005,64.519997,82981.226562,34.2,105.08,31.309999,PM10,16663
18.879999,31.530001,5.140000,11.490000,0.230000,68.800003,-2.020000,-6.000000,284.339996,63.520000,83772.898438,34.2,105.25,31.530001,PM10,16664
19.990000,29.040001,5.000000,10.570000,0.230000,66.160004,-2.180000,-6.440000,283.739990,67.739998,83457.937500,34.2,105.41,29.040001,PM10,16665
21.450001,31.000000,5.310000,10.750000,0.250000,65.919998,-1.990000,-6.420000,283.190002,71.480003,83027.953125,34.2,105.58,31.000000,PM10,16666
22.360001,32.910000,5.870000,9.820000,0.260000,68.430000,-2.150000,-6.480000,282.519989,74.320000,82368.703125,34.2,105.74,32.910000,PM10,16667
21.990000,32.369999,6.400000,7.550000,0.260000,75.419998,-2.560000,-5.730000,282.690002,72.860001,82713.062500,34.2,105.9,32.369999,PM10,16668
22.040001,33.299999,6.620000,7.200000,0.260000,80.050003,-3.820000,-5.800000,283.019989,70.790001,83275.937500,34.2,106.07,33.299999,PM10,16669
22.549999,35.500000,6.850000,8.410000,0.280000,83.129997,-5.150000,-6.190000,282.790009,71.959999,83318.648438,34.2,106.23,35.500000,PM10,16670
23.980000,39.470001,7.130000,10.330000,0.310000,83.120003,-5.980000,-6.870000,282.089996,75.970001,83043.820312,34.2,106.4,39.470001,PM10,16671
27.020000,47.009998,7.510000,13.790000,0.360000,79.110001,-5.900000,-6.790000,281.320007,80.800003,82640.242188,34.19,106.56,47.009998,PM10,16672
18.980000,44.430000,6.580000,1.660000,0.490000,78.290001,-2.440000,-2.010000,272.250000,85.150002,63766.589844,34.28,100.97,44.430000,PM10,16896
19.500000,45.250000,6.570000,1.760000,0.510000,79.389999,-2.960000,-0.750000,272.739990,85.430000,64515.160156,34.28,101.13,45.250000,PM10,16897
17.780001,23.469999,4.260000,1.740000,0.180000,79.980003,-3.600000,-2.530000,272.339996,89.279999,66082.312500,34.31,102.28,25.400002,PM2.5,16904
18.180000,26.049999,4.370000,1.750000,0.190000,81.059998,-4.450000,-2.580000,271.690002,89.250000,65401.429688,34.31,102.45,26.049999,PM10,16905
18.360001,27.250000,4.450000,1.640000,0.190000,81.809998,-4.940000,-2.510000,271.339996,90.040001,65312.171875,34.32,102.61,27.250000,PM10,16906
18.490000,27.219999,4.550000,1.580000,0.190000,81.690002,-5.160000,-2.680000,270.980011,90.940002,65345.191406,34.32,102.78,27.219999,PM10,16907
18.420000,26.330000,4.520000,1.540000,0.190000,81.620003,-4.880000,-3.280000,270.720001,93.589996,65687.843750,34.32,102.94,26.330000,PM10,16908
18.110001,24.650000,4.520000,1.550000,0.190000,81.019997,-4.970000,-3.980000,271.519989,89.940002,66818.570312,34.33,103.11,25.871429,PM2.5,16909
17.590000,22.889999,4.410000,1.590000,0.190000,79.730003,-5.850000,-4.310000,270.779999,90.660004,66183.976562,34.33,103.27,25.128572,PM2.5,16910
16.959999,20.990000,4.300000,1.680000,0.190000,77.599998,-4.910000,-3.970000,269.730011,96.720001,65634.023438,34.33,103.44,24.228571,PM2.5,16911
16.629999,19.719999,4.380000,1.930000,0.180000,76.330002,-2.950000,-3.720000,270.980011,96.139999,67582.687500,34.33,103.6,23.757141,PM2.5,16912
17.270000,20.260000,4.560000,2.470000,0.190000,75.010002,-1.790000,-3.850000,272.750000,92.080002,69955.156250,34.33,103.76,24.671429,PM2.5,16913
16.709999,19.590000,4.440000,2.580000,0.190000,74.260002,-0.980000,-3.460000,274.890015,85.519997,72564.906250,34.34,103.93,23.871428,PM2.5,16914
15.760000,18.680000,4.150000,2.690000,0.180000,73.629997,-1.780000,-3.930000,276.809998,76.320000,74303.179688,34.34,104.09,22.514286,PM2.5,16915
15.480000,18.660000,4.010000,2.930000,0.180000,73.980003,-3.780000,-6.450000,276.119995,76.510002,73638.382812,34.34,104.26,22.114285,PM2.5,16916
15.580000,19.230000,4.040000,3.760000,0.180000,74.730003,-4.370000,-7.520000,274.529999,83.540001,72413.929688,34.34,104.42,22.257143,PM2.5,16917
15.650000,20.650000,4.100000,5.340000,0.190000,73.250000,-2.540000,-7.170000,273.820007,86.580002,71742.210938,34.34,104.59,22.357141,PM2.5,16918
15.940000,23.049999,4.440000,7.130000,0.200000,71.279999,-0.220000,-6.670000,275.959991,82.580002,73984.226562,34.34,104.75,23.049999,PM10,16919
16.650000,28.910000,4.570000,9.980000,0.220000,69.870003,0.840000,-7.070000,279.929993,73.349998,78695.406250,34.34,104.92,28.910000,PM10,16920
17.219999,30.540001,4.730000,10.840000,0.220000,70.300003,-0.120000,-6.410000,282.170013,67.839996,81145.078125,34.34,105.08,30.540001,PM10,16921
18.330000,31.320000,4.790000,10.980000,0.230000,69.760002,-1.700000,-6.710000,282.690002,66.870003,81806.726562,34.34,105.25,31.320000,PM10,16922
19.510000,29.379999,4.630000,10.930000,0.230000,65.900002,-1.700000,-6.790000,282.929993,69.339996,82628.679688,34.34,105.41,29.379999,PM10,16923
21.530001,32.590000,5.140000,13.300000,0.260000,64.500000,-1.610000,-6.140000,282.779999,72.800003,82759.312500,34.34,105.58,32.590000,PM10,16924
22.740000,35.200001,5.610000,12.540000,0.270000,65.809998,-1.670000,-5.680000,282.459991,75.459999,82604.437500,34.34,105.74,35.200001,PM10,16925
22.850000,35.110001,6.070000,9.710000,0.270000,71.870003,-2.010000,-4.400000,282.559998,74.720001,82823.343750,34.34,105.91,35.110001,PM10,16926
23.000000,36.009998,6.120000,8.370000,0.270000,75.980003,-3.610000,-4.160000,282.059998,74.790001,82398.007812,34.34,106.07,36.009998,PM10,16927
23.370001,37.810001,6.500000,9.290000,0.290000,81.070000,-5.070000,-3.990000,281.230011,79.190002,81968.773438,34.33,106.24,37.810001,PM10,16928
24.790001,42.450001,6.710000,11.510000,0.320000,80.470001,-5.150000,-3.880000,281.700012,79.709999,83312.476562,34.33,106.4,42.450001,PM10,16929
26.420000,47.340000,7.590000,14.870000,0.370000,85.040001,-4.540000,-3.040000,283.149994,75.889999,85506.468750,34.33,106.56,47.340000,PM10,16930
16.959999,22.469999,4.100000,1.680000,0.180000,79.510002,-4.190000,-2.900000,272.399994,87.459999,66759.203125,34.45,102.28,24.228571,PM2.5,17162
17.260000,25.020000,4.150000,1.790000,0.180000,79.860001,-4.460000,-2.670000,271.670013,90.360001,66109.343750,34.45,102.44,25.020000,PM10,17163
17.490000,26.270000,4.180000,1.770000,0.180000,79.769997,-4.610000,-2.290000,271.809998,89.989998,66469.046875,34.45,102.61,26.270000,PM10,17164
17.850000,26.629999,4.230000,1.720000,0.190000,79.839996,-5.110000,-1.940000,271.359985,91.570000,66318.843750,34.46,102.77,26.629999,PM10,17165
18.010000,26.040001,4.240000,1.580000,0.190000,79.779999,-5.230000,-1.940000,271.250000,93.080002,66772.289062,34.46,102.94,26.040001,PM10,17166
17.670000,24.340000,4.220000,1.590000,0.190000,79.339996,-5.190000,-2.350000,272.029999,91.320000,68142.828125,34.46,103.1,25.242857,PM2.5,17167
17.190001,22.610001,4.180000,1.730000,0.190000,78.330002,-5.110000,-2.270000,271.890015,92.739998,68338.976562,34.46,103.27,24.557144,PM2.5,17168
16.830000,20.910000,4.220000,1.970000,0.190000,77.550003,-4.170000,-2.000000,272.549988,91.779999,69393.757812,34.47,103.43,24.042856,PM2.5,17169
16.680000,19.719999,4.260000,2.300000,0.190000,76.089996,-2.770000,-2.600000,273.970001,88.160004,71300.453125,34.47,103.6,23.828571,PM2.5,17170
16.860001,19.610001,4.310000,2.480000,0.190000,74.440002,-1.500000,-2.900000,275.130005,84.889999,72746.648438,34.47,103.76,24.085714,PM2.5,17171
15.650000,18.110001,3.960000,2.350000,0.180000,73.669998,-1.200000,-2.340000,277.209991,74.820000,74660.859375,34.47,103.93,22.357141,PM2.5,17172
15.130000,17.610001,3.710000,2.550000,0.180000,73.589996,-3.170000,-3.800000,277.279999,71.139999,74501.687500,34.47,104.09,21.614286,PM2.5,17173
15.270000,17.980000,3.670000,2.680000,0.180000,74.489998,-4.510000,-6.080000,274.920013,82.279999,72733.343750,34.47,104.26,21.814287,PM2.5,17174
15.320000,18.549999,3.740000,3.470000,0.180000,72.779999,-3.470000,-5.850000,275.109985,83.739998,73275.250000,34.47,104.42,21.885714,PM2.5,17175
15.580000,20.090000,3.990000,4.930000,0.190000,70.919998,-1.780000,-5.450000,275.839996,83.209999,74269.023438,34.48,104.59,22.257143,PM2.5,17176
15.980000,22.620001,4.160000,6.780000,0.200000,68.360001,-0.040000,-5.870000,276.850006,81.809998,75449.718750,34.48,104.75,22.828571,PM2.5,17177
16.420000,26.940001,4.300000,9.140000,0.210000,68.750000,0.630000,-6.420000,278.760010,78.750000,77712.429688,34.48,104.92,26.940001,PM10,17178
16.790001,28.100000,4.510000,10.130000,0.210000,70.589996,-0.110000,-6.250000,279.329987,77.949997,78164.023438,34.48,105.08,28.100000,PM10,17179
18.010000,29.990000,4.530000,11.170000,0.230000,69.529999,-0.630000,-5.870000,280.000000,77.019997,79048.171875,34.48,105.25,29.990000,PM10,17180
19.440001,30.150000,4.360000,11.760000,0.240000,64.570000,-0.190000,-5.520000,281.850006,73.839996,81692.570312,34.48,105.41,30.150000,PM10,17181
21.740000,34.369999,5.340000,16.200001,0.280000,63.520000,-0.360000,-4.750000,282.950012,72.379997,83174.132812,34.47,105.58,34.369999,PM10,17182
22.860001,37.349998,5.750000,16.230000,0.290000,64.559998,-0.810000,-4.040000,284.000000,70.419998,84622.976562,34.47,105.74,37.349998,PM10,17183
23.370001,38.450001,5.810000,13.160000,0.290000,67.959999,-1.430000,-2.910000,284.940002,67.919998,85783.273438,34.47,105.91,38.450001,PM10,17184
22.920000,37.000000,5.660000,9.430000,0.280000,73.949997,-3.070000,-2.460000,283.739990,69.040001,84282.992188,34.47,106.07,37.000000,PM10,17185
23.270000,38.240002,6.040000,9.410000,0.280000,80.739998,-4.260000,-1.690000,281.859985,76.639999,82564.671875,34.47,106.24,38.240002,PM10,17186
24.230000,42.029999,6.300000,11.300000,0.310000,81.440002,-4.560000,-1.840000,282.970001,74.199997,84372.632812,34.47,106.4,42.029999,PM10,17187
25.500000,46.869999,6.840000,13.980000,0.350000,83.989998,-5.130000,-2.980000,285.160004,67.040001,87084.937500,34.47,106.57,46.869999,PM10,17188
16.320000,19.370001,3.840000,1.500000,0.170000,79.459999,-4.490000,-1.990000,271.579987,88.699997,66064.953125,34.58,102.11,23.314285,PM2.5,17419
16.370001,20.850000,3.850000,1.660000,0.170000,79.669998,-4.360000,-2.550000,272.209991,87.839996,67073.390625,34.58,102.27,23.385715,PM2.5,17420
16.370001,22.340000,3.850000,1.760000,0.180000,79.430000,-4.220000,-2.560000,272.190002,89.650002,67356.453125,34.59,102.44,23.385715,PM2.5,17421
16.410000,23.049999,3.850000,1.840000,0.180000,78.989998,-4.160000,-2.200000,272.420013,89.489998,67706.460938,34.59,102.6,23.442858,PM2.5,17422
16.820000,23.700001,3.900000,1.970000,0.180000,78.330002,-4.280000,-1.440000,272.649994,89.720001,68121.109375,34.59,102.77,24.028570,PM2.5,17423
17.650000,24.490000,4.060000,1.900000,0.190000,77.919998,-4.570000,-0.240000,273.029999,89.419998,68894.507812,34.6,102.93,25.214285,PM2.5,17424
17.600000,23.770000,4.100000,1.930000,0.190000,77.529999,-4.840000,-0.020000,273.559998,88.220001,70008.187500,34.6,103.1,25.142859,PM2.5,17425
16.790001,21.750000,3.990000,2.110000,0.190000,77.459999,-4.850000,-0.710000,274.140015,85.559998,70941.867188,34.6,103.27,23.985716,PM2.5,17426
16.240000,19.920000,3.920000,2.170000,0.180000,77.300003,-4.400000,-2.320000,274.760010,82.190002,71800.453125,34.6,103.43,23.199999,PM2.5,17427
16.219999,19.049999,3.910000,2.470000,0.190000,75.680000,-3.250000,-3.770000,275.049988,81.500000,72351.718750,34.6,103.6,23.171427,PM2.5,17428
16.250000,18.620001,3.840000,2.260000,0.180000,74.139999,-1.710000,-4.090000,275.480011,80.480003,72927.656250,34.61,103.76,23.214285,PM2.5,17429
15.190000,17.270000,3.490000,2.090000,0.180000,73.269997,-2.120000,-3.710000,276.369995,72.830002,73284.867188,34.61,103.93,21.699999,PM2.5,17430
14.860000,16.920000,3.340000,2.160000,0.170000,74.889999,-4.170000,-5.020000,275.429993,75.970001,72588.500000,34.61,104.09,21.228571,PM2.5,17431
14.940000,17.250000,3.370000,2.410000,0.170000,73.309998,-3.930000,-5.740000,274.700012,83.300003,72625.039062,34.61,104.26,21.342857,PM2.5,17432
15.150000,17.950001,3.490000,3.170000,0.180000,70.470001,-2.190000,-4.830000,276.519989,80.300003,74970.789062,34.61,104.42,21.642857,PM2.5,17433
15.630000,19.430000,3.790000,4.770000,0.190000,67.570000,-0.920000,-4.120000,278.660004,76.220001,77746.929688,34.61,104.59,22.328571,PM2.5,17434
15.980000,21.240000,3.840000,6.420000,0.200000,66.449997,0.090000,-4.060000,279.790009,75.120003,79220.390625,34.61,104.75,22.828571,PM2.5,17435
16.110001,23.850000,3.930000,8.260000,0.210000,66.260002,0.350000,-4.600000,280.290009,74.769997,79745.906250,34.61,104.92,23.850000,PM10,17436
16.530001,26.110001,4.130000,10.020000,0.210000,66.339996,0.230000,-4.910000,280.339996,74.660004,79611.468750,34.61,105.08,26.110001,PM10,17437
18.010000,29.200001,4.300000,11.430000,0.230000,66.940002,0.530000,-3.620000,281.470001,72.879997,81046.007812,34.61,105.25,29.200001,PM10,17438
19.290001,30.530001,4.380000,12.530000,0.250000,64.220001,0.650000,-3.020000,283.450012,68.849998,83673.843750,34.61,105.41,30.530001,PM10,17439
21.879999,35.849998,5.730000,18.950001,0.290000,62.700001,-0.030000,-3.330000,284.320007,66.790001,84733.632812,34.61,105.58,35.849998,PM10,17440
22.709999,38.560001,5.770000,19.070000,0.300000,63.759998,-0.730000,-3.340000,285.260010,64.389999,85798.148438,34.61,105.74,38.560001,PM10,17441
23.540001,40.650002,5.790000,16.959999,0.310000,66.269997,-1.560000,-3.010000,285.929993,62.380001,86452.203125,34.61,105.91,40.650002,PM10,17442
22.959999,38.180000,5.290000,11.100000,0.280000,71.459999,-2.590000,-2.250000,284.559998,65.760002,84953.648438,34.61,106.07,38.180000,PM10,17443
22.480000,37.049999,5.430000,9.690000,0.280000,77.629997,-3.230000,-1.040000,283.100006,69.739998,83464.390625,34.61,106.24,37.049999,PM10,17444
16.360001,19.389999,3.810000,1.440000,0.190000,80.379997,-5.140000,-0.420000,269.929993,91.489998,63837.601562,34.71,101.94,23.371429,PM2.5,17675
15.930000,18.580000,3.580000,1.450000,0.170000,79.550003,-4.580000,-1.380000,270.140015,92.260002,64585.949219,34.72,102.1,22.757143,PM2.5,17676
15.740000,18.709999,3.550000,1.540000,0.170000,79.580002,-4.380000,-2.010000,270.959991,90.059998,65791.062500,34.72,102.27,22.485714,PM2.5,17677
15.550000,18.940001,3.520000,1.540000,0.170000,79.820000,-4.290000,-2.450000,271.760010,87.720001,66987.546875,34.72,102.44,22.214287,PM2.5,17678
15.380000,19.150000,3.460000,1.620000,0.170000,79.599998,-4.060000,-2.460000,272.350006,86.870003,67891.343750,34.73,102.6,21.971428,PM2.5,17679
15.350000,19.370001,3.380000,1.830000,0.170000,78.660004,-3.260000,-1.980000,272.859985,87.760002,68686.812500,34.73,102.77,21.928572,PM2.5,17680
15.640000,19.620001,3.440000,1.770000,0.170000,78.139999,-2.600000,-0.340000,273.690002,86.980003,69627.453125,34.73,102.93,22.342857,PM2.5,17681
15.740000,19.540001,3.480000,1.700000,0.170000,77.790001,-3.060000,0.750000,274.070007,83.389999,70010.281250,34.73,103.1,22.485714,PM2.5,17682
15.100000,18.400000,3.360000,1.730000,0.170000,77.230003,-4.430000,-1.380000,274.230011,76.070000,70098.492188,34.74,103.26,21.571428,PM2.5,17683
15.380000,18.270000,3.400000,1.920000,0.180000,77.980003,-5.000000,-3.820000,273.559998,80.889999,70156.640625,34.74,103.43,21.971428,PM2.5,17684
15.880000,18.510000,3.490000,2.380000,0.180000,75.480003,-3.490000,-4.820000,273.679993,85.889999,71254.093750,34.74,103.59,22.685715,PM2.5,17685
16.040001,18.290001,3.500000,2.120000,0.180000,74.650002,-1.870000,-4.850000,274.850006,84.129997,72798.507812,34.74,103.76,22.914288,PM2.5,17686
15.280000,17.240000,3.240000,2.000000,0.180000,74.209999,-2.670000,-4.870000,274.100006,82.900002,71526.281250,34.74,103.92,21.828571,PM2.5,17687
14.600000,16.450001,3.030000,2.010000,0.170000,74.250000,-3.760000,-5.370000,272.769989,86.220001,70168.476562,34.74,104.09,20.857143,PM2.5,17688
14.820000,16.790001,3.140000,2.260000,0.170000,71.669998,-2.340000,-4.950000,274.739990,83.269997,72894.046875,34.75,104.26,21.171429,PM2.5,17689
15.110000,17.459999,3.280000,2.860000,0.180000,68.480003,-0.710000,-4.270000,277.820007,76.010002,76539.578125,34.75,104.42,21.585714,PM2.5,17690
15.390000,18.209999,3.580000,3.990000,0.190000,68.040001,-0.180000,-3.980000,280.230011,70.269997,79361.132812,34.75,104.59,21.985714,PM2.5,17691
15.130000,18.370001,3.570000,4.810000,0.190000,67.599998,0.010000,-3.740000,282.149994,65.110001,81574.976562,34.75,104.75,21.614286,PM2.5,17692
15.150000,19.629999,3.640000,6.260000,0.190000,66.660004,-0.110000,-3.840000,282.910004,63.980000,82491.976562,34.75,104.92,21.642857,PM2.5,17693
16.010000,23.059999,4.110000,9.530000,0.210000,65.550003,0.210000,-3.570000,284.040009,61.990002,83848.312500,34.75,105.08,23.059999,PM10,17694
17.450001,26.740000,3.940000,10.830000,0.230000,64.769997,0.710000,-2.330000,285.250000,60.360001,85395.539062,34.75,105.25,26.740000,PM10,17695
18.580000,29.370001,4.060000,12.420000,0.250000,63.150002,-0.010000,-2.360000,285.429993,60.480000,85592.117188,34.75,105.41,29.370001,PM10,17696
20.410000,33.189999,4.980000,16.309999,0.280000,62.689999,-0.930000,-3.370000,285.179993,61.209999,85268.640625,34.75,105.58,33.189999,PM10,17697
20.840000,34.880001,4.940000,15.580000,0.280000,64.610001,-1.470000,-3.800000,285.070007,61.610001,85103.593750,34.75,105.74,34.880001,PM10,17698
22.000000,37.799999,5.080000,15.180000,0.290000,66.129997,-1.830000,-3.830000,284.540009,63.720001,84480.250000,34.74,105.91,37.799999,PM10,17699
22.250000,37.310001,4.900000,11.340000,0.280000,69.650002,-1.780000,-2.660000,284.079987,65.680000,84092.218750,34.74,106.08,37.310001,PM10,17700
21.459999,35.410000,4.940000,9.580000,0.270000,74.639999,-2.950000,-1.860000,283.769989,65.349998,83630.953125,34.74,106.24,35.410000,PM10,17701
21.530001,35.580002,5.070000,9.230000,0.270000,79.400002,-5.180000,-3.350000,281.600006,72.000000,81211.398438,34.74,106.41,35.580002,PM10,17702
15.560000,18.230000,3.520000,1.430000,0.170000,80.019997,-4.450000,-1.060000,269.549988,92.449997,64080.058594,34.85,102.1,22.228573,PM2.5,17933
15.350000,18.540001,3.390000,1.460000,0.170000,80.269997,-4.050000,-1.670000,269.829987,92.989998,64756.199219,34.86,102.27,21.928572,PM2.5,17934
15.230000,19.020000,3.320000,1.500000,0.170000,80.949997,-3.910000,-1.890000,270.480011,91.750000,65834.796875,34.86,102.43,21.757143,PM2.5,17935
15.050000,19.230000,3.240000,1.570000,0.170000,81.389999,-3.700000,-2.390000,271.339996,89.190002,67030.593750,34.86,102.6,21.500000,PM2.5,17936
14.880000,19.330000,3.220000,1.830000,0.180000,80.550003,-2.550000,-2.500000,272.390015,86.139999,68356.656250,34.86,102.76,21.257143,PM2.5,17937
14.360000,18.629999,3.100000,1.710000,0.170000,79.760002,-1.560000,-1.300000,273.950012,78.139999,69580.523438,34.87,102.93,20.514286,PM2.5,17938
13.900000,17.790001,2.960000,1.450000,0.170000,79.440002,-2.770000,-0.700000,273.450012,76.769997,68749.976562,34.87,103.09,19.857141,PM2.5,17939
14.000000,17.730000,2.940000,1.410000,0.170000,80.639999,-4.650000,-3.640000,271.829987,80.809998,67517.343750,34.87,103.26,20.000000,PM2.5,17940
14.390000,17.980000,3.010000,1.670000,0.170000,79.660004,-4.450000,-4.620000,271.149994,89.919998,67890.617188,34.87,103.43,20.557144,PM2.5,17941
15.670000,19.320000,3.280000,2.280000,0.190000,77.339996,-2.580000,-4.520000,273.109985,87.559998,70813.968750,34.88,103.59,22.385714,PM2.5,17942
16.059999,19.160000,3.410000,2.230000,0.190000,76.389999,-1.460000,-4.350000,275.529999,82.739998,73817.320312,34.88,103.76,22.942856,PM2.5,17943
15.490000,18.139999,3.190000,2.100000,0.180000,75.089996,-2.420000,-4.210000,274.160004,85.110001,71995.843750,34.88,103.92,22.128571,PM2.5,17944
14.650000,16.969999,2.970000,2.130000,0.180000,73.839996,-2.690000,-3.940000,273.000000,86.760002,70704.882812,34.88,104.09,20.928572,PM2.5,17945
14.840000,17.250000,3.100000,2.470000,0.180000,71.540001,-1.010000,-3.330000,276.230011,79.629997,74731.890625,34.88,104.25,21.200001,PM2.5,17946
14.970000,17.680000,3.180000,3.050000,0.190000,69.120003,-0.130000,-3.370000,279.200012,71.849998,78230.289062,34.88,104.42,21.385715,PM2.5,17947
15.210000,18.320000,3.530000,4.170000,0.190000,68.580002,-0.170000,-3.960000,280.790009,66.239998,79912.453125,34.88,104.59,21.728571,PM2.5,17948
14.320000,17.230000,3.360000,4.280000,0.180000,68.550003,-0.250000,-4.500000,282.000000,61.669998,81050.867188,34.88,104.75,20.457142,PM2.5,17949
14.170000,17.730000,3.380000,5.300000,0.180000,67.540001,-0.550000,-4.760000,282.549988,60.619999,81515.312500,34.88,104.92,20.242857,PM2.5,17950
15.200000,21.340000,4.090000,9.090000,0.200000,66.099998,-0.610000,-4.380000,284.470001,56.660000,83733.468750,34.88,105.08,21.714285,PM2.5,17951
15.720000,22.930000,3.440000,8.900000,0.210000,65.410004,-0.870000,-3.780000,285.600006,54.810001,85066.750000,34.88,105.25,22.930000,PM10,17952
16.510000,24.860001,3.330000,9.660000,0.220000,64.800003,-1.580000,-4.220000,285.010010,56.700001,84399.507812,34.88,105.41,24.860001,PM10,17953
17.790001,27.590000,3.500000,11.180000,0.240000,64.400002,-1.650000,-4.490000,284.920013,58.189999,84574.929688,34.88,105.58,27.590000,PM10,17954
18.379999,29.610001,3.670000,11.020000,0.250000,65.129997,-1.700000,-4.360000,284.529999,60.270000,84245.703125,34.88,105.75,29.610001,PM10,17955
19.709999,32.720001,4.010000,11.350000,0.260000,65.790001,-1.520000,-3.880000,283.489990,65.000000,83179.257812,34.88,105.91,32.720001,PM10,17956
20.430000,33.939999,4.460000,10.710000,0.260000,69.239998,-1.690000,-2.830000,283.730011,63.590000,83274.593750,34.88,106.08,33.939999,PM10,17957
19.889999,32.570000,4.390000,9.050000,0.260000,72.900002,-3.770000,-3.080000,283.160004,63.570000,82344.546875,34.88,106.24,32.570000,PM10,17958
20.549999,33.759998,4.580000,8.970000,0.260000,76.639999,-4.930000,-3.640000,280.170013,75.440002,79465.742188,34.88,106.41,33.759998,PM10,17959
14.870000,17.860001,3.310000,1.560000,0.170000,80.139999,-3.790000,-1.330000,270.019989,91.839996,65381.929688,34.99,102.26,21.242857,PM2.5,18191
14.870000,18.709999,3.160000,1.530000,0.170000,81.720001,-3.720000,-1.490000,270.679993,90.589996,66351.812500,34.99,102.43,21.242857,PM2.5,18192
14.590000,18.920000,2.980000,1.490000,0.180000,83.160004,-3.680000,-2.170000,270.549988,90.860001,66442.132812,35.0,102.59,20.842857,PM2.5,18193
14.280000,18.820000,2.920000,1.720000,0.180000,83.150002,-2.260000,-2.640000,271.959991,87.019997,68216.703125,35.0,102.76,20.400000,PM2.5,18194
13.730000,18.160000,2.840000,1.610000,0.170000,81.930000,-2.250000,-2.460000,274.130005,72.129997,69716.601562,35.0,102.93,19.614285,PM2.5,18195
13.440000,17.700001,2.740000,1.390000,0.170000,81.160004,-4.570000,-3.090000,272.339996,75.570000,67727.437500,35.01,103.09,19.199999,PM2.5,18196
13.550000,17.820000,2.650000,1.490000,0.170000,82.180000,-4.960000,-4.400000,269.790009,89.110001,66008.000000,35.01,103.26,19.357143,PM2.5,18197
14.170000,18.549999,2.810000,1.750000,0.180000,79.610001,-3.180000,-3.830000,270.170013,93.040001,67138.367188,35.01,103.42,20.242857,PM2.5,18198
15.960000,20.719999,3.230000,2.510000,0.200000,79.330002,-1.500000,-3.430000,273.510010,86.110001,71379.320312,35.01,103.59,22.799999,PM2.5,18199
16.420000,20.750000,3.350000,2.590000,0.200000,78.629997,-0.810000,-3.090000,276.739990,79.010002,75358.406250,35.01,103.75,23.457144,PM2.5,18200
15.920000,19.730000,3.190000,2.460000,0.190000,76.739998,-1.430000,-2.770000,276.209991,80.949997,74693.687500,35.02,103.92,22.742857,PM2.5,18201
14.880000,18.030001,2.940000,2.290000,0.180000,74.169998,-1.290000,-2.150000,276.190002,80.029999,74721.171875,35.02,104.09,21.257143,PM2.5,18202
14.670000,17.799999,2.910000,2.560000,0.190000,71.459999,-0.450000,-1.980000,278.980011,71.129997,77798.382812,35.02,104.25,20.957144,PM2.5,18203
14.420000,17.530001,2.880000,2.950000,0.190000,70.250000,-0.500000,-2.670000,280.769989,65.059998,79775.031250,35.02,104.42,20.600000,PM2.5,18204
14.240000,17.400000,3.080000,3.620000,0.190000,69.660004,-0.840000,-3.710000,281.720001,60.590000,80728.523438,35.02,104.58,20.342857,PM2.5,18205
13.530000,16.350000,3.110000,3.700000,0.180000,69.410004,-0.970000,-4.620000,281.829987,59.580002,80798.718750,35.02,104.75,19.328571,PM2.5,18206
13.440000,16.559999,3.220000,4.340000,0.180000,68.870003,-0.940000,-5.230000,281.619995,60.910000,80547.250000,35.02,104.92,19.199999,PM2.5,18207
13.940000,18.500000,3.270000,6.110000,0.190000,67.870003,-0.970000,-5.460000,282.839996,58.340000,81798.476562,35.02,105.08,19.914286,PM2.5,18208
14.320000,19.420000,3.010000,6.390000,0.190000,67.220001,-1.520000,-5.460000,283.489990,57.400002,82441.867188,35.02,105.25,20.457142,PM2.5,18209
15.050000,21.200001,2.930000,7.520000,0.210000,65.699997,-1.800000,-5.410000,283.410004,58.480000,82496.921875,35.02,105.42,21.500000,PM2.5,18210
16.110001,23.559999,3.090000,8.750000,0.220000,65.269997,-1.520000,-5.180000,284.220001,57.150002,83585.000000,35.02,105.58,23.559999,PM10,18211
17.240000,27.160000,3.370000,10.050000,0.240000,65.250000,-1.380000,-4.740000,284.489990,56.930000,83970.117188,35.02,105.75,27.160000,PM10,18212
18.049999,29.750000,3.630000,10.630000,0.250000,66.430000,-1.260000,-3.900000,284.119995,58.669998,83635.992188,35.02,105.91,29.750000,PM10,18213
18.080000,29.940001,3.870000,10.240000,0.250000,69.339996,-2.020000,-3.500000,284.010010,57.189999,83132.437500,35.02,106.08,29.940001,PM10,18214
17.760000,28.360001,3.960000,8.720000,0.240000,72.230003,-3.810000,-4.180000,281.730011,62.720001,80257.476562,35.01,106.25,28.360001,PM10,18215
18.900000,30.780001,4.290000,9.650000,0.250000,73.650002,-3.770000,-3.830000,279.190002,76.180000,78172.382812,35.01,106.41,30.780001,PM10,18216
25.990000,41.529999,6.470000,13.240000,0.340000,73.150002,-1.550000,-1.280000,285.679993,64.570000,87655.929688,35.0,107.24,41.529999,PM10,18221
26.090000,40.959999,6.580000,13.570000,0.360000,73.709999,-1.760000,-0.940000,285.920013,62.560001,87977.250000,35.0,107.41,40.959999,PM10,18222
26.120001,40.509998,6.700000,14.230000,0.370000,76.290001,-1.610000,-0.750000,286.000000,63.669998,88287.906250,34.99,107.57,40.509998,PM10,18223
26.809999,41.599998,7.100000,16.400000,0.410000,78.910004,-1.640000,-0.460000,286.079987,64.300003,88530.343750,34.99,107.74,41.599998,PM10,18224
14.490000,18.070000,3.030000,1.610000,0.180000,81.889999,-3.830000,-1.050000,271.619995,86.260002,67660.921875,35.13,102.42,20.699999,PM2.5,18445
14.200000,18.360001,2.800000,1.540000,0.180000,83.820000,-4.080000,-1.720000,271.029999,87.570000,67275.687500,35.13,102.59,20.285713,PM2.5,18446
14.030000,18.389999,2.760000,1.680000,0.180000,84.519997,-3.290000,-2.950000,272.390015,82.639999,68913.546875,35.14,102.76,20.042856,PM2.5,18447
13.660000,18.139999,2.680000,1.610000,0.180000,84.050003,-4.140000,-3.950000,272.929993,76.809998,69043.273438,35.14,102.92,19.514286,PM2.5,18448
13.280000,17.730000,2.560000,1.460000,0.180000,84.180000,-5.420000,-3.540000,270.119995,87.889999,66375.398438,35.14,103.09,18.971428,PM2.5,18449
13.490000,18.200001,2.470000,1.620000,0.180000,81.800003,-3.940000,-2.880000,269.540009,92.750000,66560.257812,35.14,103.25,19.271429,PM2.5,18450
14.290000,19.290001,2.680000,2.020000,0.190000,80.489998,-1.740000,-2.290000,271.700012,89.430000,69254.992188,35.15,103.42,20.414286,PM2.5,18451
16.090000,21.750000,3.110000,2.790000,0.210000,81.339996,-0.420000,-2.060000,274.899994,82.360001,73137.742188,35.15,103.59,22.985714,PM2.5,18452
16.570000,22.170000,3.240000,2.930000,0.210000,79.800003,0.130000,-2.000000,277.970001,73.760002,76570.648438,35.15,103.75,23.671429,PM2.5,18453
15.930000,21.070000,3.090000,2.760000,0.200000,78.019997,-0.310000,-1.790000,278.630005,72.500000,77261.132812,35.15,103.92,22.757143,PM2.5,18454
14.490000,18.629999,2.780000,2.410000,0.190000,75.099998,-0.710000,-1.540000,279.100006,69.529999,77671.773438,35.15,104.09,20.699999,PM2.5,18455
13.970000,17.770000,2.630000,2.520000,0.190000,73.190002,-0.930000,-2.110000,280.290009,64.459999,78886.890625,35.15,104.25,19.957144,PM2.5,18456
13.710000,17.250000,2.610000,2.780000,0.180000,71.930000,-1.320000,-3.240000,280.709991,61.810001,79324.718750,35.15,104.42,19.585714,PM2.5,18457
13.590000,16.959999,2.800000,3.350000,0.180000,71.019997,-1.490000,-4.240000,280.929993,60.410000,79696.320312,35.16,104.58,19.414286,PM2.5,18458
13.000000,15.920000,2.960000,3.490000,0.180000,70.470001,-1.290000,-4.790000,281.399994,58.840000,80276.546875,35.16,104.75,18.571428,PM2.5,18459
12.990000,15.980000,3.130000,3.940000,0.170000,69.910004,-1.220000,-5.170000,281.399994,59.680000,80259.078125,35.16,104.92,18.557142,PM2.5,18460
13.390000,17.209999,2.970000,4.900000,0.180000,68.800003,-1.230000,-5.590000,281.579987,60.230000,80438.898438,35.16,105.08,19.128572,PM2.5,18461
13.680000,17.730000,2.820000,5.240000,0.190000,67.940002,-1.370000,-5.590000,281.850006,60.919998,80720.968750,35.16,105.25,19.542858,PM2.5,18462
14.170000,18.900000,2.760000,6.130000,0.200000,66.610001,-1.410000,-5.310000,282.480011,59.540001,81449.132812,35.16,105.42,20.242857,PM2.5,18463
15.060000,20.879999,2.880000,7.120000,0.210000,66.019997,-1.170000,-5.150000,283.799988,56.410000,82987.117188,35.15,105.58,21.514286,PM2.5,18464
16.090000,24.160000,3.180000,8.500000,0.230000,66.300003,-0.910000,-5.060000,284.619995,53.650002,83882.890625,35.15,105.75,24.160000,PM10,18465
16.389999,25.950001,3.340000,9.280000,0.240000,67.519997,-1.360000,-4.550000,284.649994,52.930000,83833.000000,35.15,105.91,25.950001,PM10,18466
16.209999,26.030001,3.510000,9.210000,0.240000,69.830002,-2.880000,-4.390000,283.739990,53.570000,82540.000000,35.15,106.08,26.030001,PM10,18467
15.570000,23.959999,3.590000,8.010000,0.220000,73.500000,-3.750000,-4.830000,280.589996,62.529999,79073.093750,35.15,106.25,23.959999,PM10,18468
16.340000,25.850000,3.840000,9.120000,0.230000,72.949997,-2.410000,-4.470000,279.339996,71.279999,78251.382812,35.15,106.41,25.850000,PM10,18469
21.260000,39.520000,5.860000,18.330000,0.340000,71.330002,-0.830000,-2.910000,282.410004,68.309998,82507.906250,35.15,106.58,39.520000,PM10,18470
23.580000,42.700001,5.350000,14.110000,0.340000,72.820000,-0.340000,-1.670000,284.589996,66.860001,85775.109375,35.14,106.75,42.700001,PM10,18471
24.500000,42.349998,5.780000,13.450000,0.330000,74.150002,-0.340000,-1.230000,285.019989,66.680000,86474.703125,35.14,106.91,42.349998,PM10,18472
24.040001,38.709999,5.770000,12.080000,0.310000,71.809998,-0.500000,-1.040000,285.160004,66.730003,86815.179688,35.14,107.08,38.709999,PM10,18473
23.910000,37.410000,5.880000,11.740000,0.320000,69.959999,-0.660000,-1.060000,285.470001,65.160004,87189.726562,35.14,107.24,37.410000,PM10,18474
24.219999,37.410000,6.070000,12.150000,0.330000,69.910004,-0.980000,-0.810000,285.769989,62.750000,87519.843750,35.13,107.41,37.410000,PM10,18475
24.639999,37.959999,6.380000,13.390000,0.350000,71.879997,-1.090000,-0.610000,286.100006,62.209999,88025.500000,35.13,107.58,37.959999,PM10,18476
13.950000,17.059999,2.940000,1.640000,0.180000,81.919998,-3.750000,0.060000,271.970001,84.269997,68185.343750,35.27,102.42,19.928572,PM2.5,18697
13.990000,17.889999,2.710000,1.610000,0.190000,83.779999,-4.760000,-1.100000,271.959991,82.680000,68427.968750,35.27,102.59,19.985714,PM2.5,18698
14.070000,18.250000,2.630000,1.740000,0.190000,85.410004,-4.860000,-3.330000,272.250000,82.519997,69247.296875,35.27,102.75,20.100000,PM2.5,18699
14.040000,18.570000,2.570000,1.760000,0.190000,85.519997,-4.230000,-3.970000,272.160004,85.279999,69470.726562,35.28,102.92,20.057142,PM2.5,18700
13.600000,18.400000,2.670000,1.880000,0.200000,84.220001,-3.810000,-1.930000,271.589996,87.720001,68683.437500,35.28,103.08,19.428572,PM2.5,18701
14.720000,20.139999,2.560000,2.170000,0.200000,82.160004,-2.750000,-0.340000,273.220001,84.750000,71263.070312,35.28,103.25,21.028572,PM2.5,18702
15.280000,20.910000,2.790000,2.550000,0.210000,83.309998,-0.960000,-0.420000,276.040009,78.760002,74785.656250,35.28,103.42,21.828571,PM2.5,18703
16.150000,22.719999,3.000000,3.220000,0.230000,83.279999,0.100000,-1.090000,278.010010,72.959999,76716.476562,35.28,103.58,23.071428,PM2.5,18704
16.620001,23.430000,3.060000,3.480000,0.230000,83.000000,0.550000,-1.210000,279.480011,68.050003,78184.046875,35.29,103.75,23.742859,PM2.5,18705
15.540000,21.740000,2.900000,3.110000,0.210000,81.209999,0.250000,-1.340000,279.920013,66.059998,78442.343750,35.29,103.92,22.200001,PM2.5,18706
13.350000,17.750000,2.430000,2.230000,0.180000,77.309998,-1.040000,-1.950000,279.640015,64.099998,77869.273438,35.29,104.08,19.071428,PM2.5,18707
13.030000,17.010000,2.370000,2.190000,0.180000,75.430000,-1.880000,-3.250000,279.350006,63.230000,77569.593750,35.29,104.25,18.614285,PM2.5,18708
13.020000,16.799999,2.420000,2.460000,0.180000,73.660004,-1.830000,-4.030000,279.079987,65.330002,77596.882812,35.29,104.42,18.600000,PM2.5,18709
13.080000,16.790001,2.650000,3.220000,0.180000,72.730003,-1.470000,-4.410000,279.820007,62.959999,78579.289062,35.29,104.58,18.685715,PM2.5,18710
12.680000,15.880000,2.920000,3.550000,0.180000,72.190002,-1.240000,-4.800000,280.709991,59.610001,79563.179688,35.29,104.75,18.114286,PM2.5,18711
12.800000,15.880000,3.160000,3.910000,0.170000,71.459999,-1.350000,-5.260000,280.260010,61.650002,79066.171875,35.29,104.92,18.285715,PM2.5,18712
13.130000,16.639999,2.960000,4.400000,0.180000,70.070000,-1.120000,-5.510000,280.170013,63.070000,79012.343750,35.29,105.08,18.757143,PM2.5,18713
13.310000,16.870001,2.730000,4.450000,0.180000,68.720001,-0.950000,-5.230000,280.959991,62.330002,79820.851562,35.29,105.25,19.014286,PM2.5,18714
13.780000,17.780001,2.650000,5.080000,0.190000,67.160004,-1.010000,-4.910000,282.100006,59.020000,81012.296875,35.29,105.42,19.685715,PM2.5,18715
14.720000,19.840000,2.950000,6.220000,0.210000,67.080002,-1.070000,-4.840000,283.589996,54.950001,82640.046875,35.29,105.58,21.028572,PM2.5,18716
15.270000,21.900000,3.100000,7.260000,0.220000,67.180000,-1.050000,-5.070000,284.089996,53.029999,83191.656250,35.29,105.75,21.900000,PM10,18717
15.260000,22.879999,3.190000,7.900000,0.230000,68.510002,-1.580000,-5.130000,283.880005,52.130001,82794.562500,35.29,105.92,22.879999,PM10,18718
15.120000,23.020000,3.300000,8.130000,0.230000,70.440002,-3.220000,-5.030000,282.350006,54.820000,80924.843750,35.29,106.08,23.020000,PM10,18719
14.870000,22.530001,3.330000,8.120000,0.220000,71.510002,-3.650000,-5.060000,279.920013,62.740002,78611.906250,35.29,106.25,22.530001,PM10,18720
15.160000,23.799999,3.540000,9.470000,0.240000,71.540001,-1.730000,-4.720000,280.450012,64.070000,79678.171875,35.28,106.42,23.799999,PM10,18721
17.430000,30.700001,4.850000,14.820000,0.290000,71.940002,-0.230000,-3.820000,282.899994,61.450001,82745.710938,35.28,106.58,30.700001,PM10,18722
19.639999,34.759998,4.810000,13.140000,0.310000,73.440002,0.060000,-2.610000,284.690002,60.869999,85250.820312,35.28,106.75,34.759998,PM10,18723
21.420000,36.240002,5.210000,12.220000,0.310000,73.209999,0.220000,-1.530000,285.839996,60.799999,86924.867188,35.28,106.92,36.240002,PM10,18724
21.180000,33.540001,5.220000,10.390000,0.290000,70.820000,-0.040000,-1.010000,285.940002,61.880001,87215.242188,35.28,107.08,33.540001,PM10,18725
20.840000,32.110001,5.300000,9.800000,0.290000,69.389999,-0.340000,-1.080000,285.869995,61.580002,87140.406250,35.27,107.25,32.110001,PM10,18726
21.100000,31.969999,5.440000,9.650000,0.290000,68.660004,-0.540000,-1.180000,286.209991,59.000000,87492.679688,35.27,107.41,31.969999,PM10,18727
21.879999,33.169998,5.890000,10.510000,0.310000,69.860001,-0.840000,-0.840000,286.540009,58.480000,88011.453125,35.27,107.58,33.169998,PM10,18728
24.260000,37.630001,6.910000,15.230000,0.400000,72.260002,-1.350000,-0.790000,287.559998,58.270000,89792.726562,35.26,107.91,37.630001,PM10,18730
13.470000,15.940000,3.030000,1.650000,0.180000,80.849998,-3.430000,0.680000,272.079987,81.839996,67993.906250,35.4,102.42,19.242857,PM2.5,18946
13.640000,17.100000,2.740000,1.570000,0.190000,83.510002,-5.390000,-0.920000,271.549988,79.720001,67435.710938,35.41,102.58,19.485714,PM2.5,18947
13.990000,18.129999,2.550000,1.790000,0.200000,84.580002,-5.350000,-2.310000,270.540009,89.050003,67583.257812,35.41,102.75,19.985714,PM2.5,18948
15.370000,20.370001,2.530000,2.090000,0.210000,84.629997,-2.560000,-1.880000,273.690002,83.349998,72044.476562,35.41,102.92,21.957142,PM2.5,18949
17.129999,23.420000,2.870000,2.760000,0.250000,86.000000,-1.420000,-0.160000,276.989990,73.849998,75681.593750,35.41,103.08,24.471428,PM2.5,18950
16.040001,22.459999,2.800000,2.820000,0.230000,85.639999,-1.650000,1.160000,278.510010,69.330002,77118.679688,35.42,103.25,22.914288,PM2.5,18951
16.110001,22.940001,2.840000,3.260000,0.240000,87.360001,-1.150000,0.860000,279.399994,67.000000,78184.601562,35.42,103.42,23.014286,PM2.5,18952
16.920000,25.129999,3.010000,4.120000,0.260000,88.820000,0.010000,-0.360000,280.309998,62.820000,79003.796875,35.42,103.58,25.129999,PM10,18953
17.030001,25.730000,3.060000,4.450000,0.260000,88.639999,0.870000,-0.390000,281.260010,60.500000,79923.218750,35.42,103.75,25.730000,PM10,18954
15.000000,22.260000,2.680000,3.530000,0.220000,85.050003,0.170000,-0.630000,280.940002,60.230000,79341.632812,35.42,103.92,22.260000,PM10,18955
12.530000,17.190001,2.210000,2.140000,0.180000,80.250000,-1.910000,-2.730000,279.549988,60.320000,77522.203125,35.42,104.08,17.900000,PM2.5,18956
12.720000,17.120001,2.300000,2.120000,0.170000,77.470001,-2.460000,-3.810000,278.220001,65.820000,76504.023438,35.43,104.25,18.171429,PM2.5,18957
12.610000,16.670000,2.380000,2.260000,0.170000,75.400002,-1.540000,-3.810000,278.709991,65.730003,77291.382812,35.43,104.42,18.014286,PM2.5,18958
12.770000,16.930000,2.640000,3.210000,0.180000,74.730003,-1.130000,-3.910000,280.369995,60.110001,79195.437500,35.43,104.58,18.242857,PM2.5,18959
12.570000,16.290001,2.980000,3.720000,0.180000,74.059998,-1.180000,-4.480000,280.859985,58.360001,79790.609375,35.43,104.75,17.957142,PM2.5,18960
12.760000,16.240000,3.270000,4.130000,0.180000,72.550003,-1.160000,-4.780000,280.079987,61.419998,79026.382812,35.43,104.92,18.228571,PM2.5,18961
13.020000,16.650000,3.010000,4.310000,0.180000,70.650002,-0.510000,-4.750000,280.209991,62.259998,79196.531250,35.43,105.08,18.600000,PM2.5,18962
13.150000,16.620001,2.730000,4.150000,0.180000,69.379997,-0.260000,-4.530000,281.040009,60.959999,79959.609375,35.43,105.25,18.785713,PM2.5,18963
13.670000,17.440001,2.690000,4.740000,0.190000,67.900002,-0.570000,-4.360000,281.880005,58.459999,80767.867188,35.43,105.42,19.528572,PM2.5,18964
14.740000,19.660000,3.060000,5.990000,0.210000,67.500000,-0.830000,-4.310000,283.190002,54.540001,82165.218750,35.43,105.58,21.057142,PM2.5,18965
14.900000,20.840000,3.220000,6.880000,0.220000,68.279999,-1.080000,-4.630000,283.679993,52.330002,82661.406250,35.43,105.75,21.285713,PM2.5,18966
14.680000,21.200001,3.240000,7.280000,0.220000,69.730003,-1.840000,-5.010000,283.029999,51.919998,81824.273438,35.42,105.92,21.200001,PM10,18967
15.350000,24.900000,3.950000,11.780000,0.250000,73.029999,0.070000,-4.020000,283.390015,55.369999,83163.039062,35.42,106.58,24.900000,PM10,18971
17.410000,29.930000,4.510000,13.840000,0.290000,74.070000,0.560000,-3.090000,284.529999,56.900002,84706.296875,35.42,106.75,29.930000,PM10,18972
18.830000,31.730000,4.900000,12.900000,0.290000,73.800003,0.740000,-2.300000,286.000000,55.830002,86593.960938,35.41,106.92,31.730000,PM10,18973
18.930000,29.920000,4.820000,9.430000,0.270000,71.160004,0.240000,-1.770000,286.600006,55.590000,87377.781250,35.41,107.08,29.920000,PM10,18974
18.750000,28.879999,5.020000,8.700000,0.270000,70.230003,-0.500000,-1.650000,286.559998,54.930000,87356.406250,35.41,107.25,28.879999,PM10,18975
19.090000,28.959999,5.260000,8.330000,0.280000,69.360001,-0.840000,-1.760000,286.829987,53.730000,87795.351562,35.41,107.42,28.959999,PM10,18976
19.920000,30.190001,5.580000,8.440000,0.290000,69.709999,-1.050000,-1.470000,287.160004,54.110001,88429.906250,35.4,107.58,30.190001,PM10,18977
20.469999,30.860001,5.630000,8.750000,0.310000,69.820000,-1.280000,-1.130000,287.140015,55.779999,88688.656250,35.4,107.75,30.860001,PM10,18978
21.350000,31.950001,5.690000,9.470000,0.330000,70.610001,-1.240000,-0.990000,287.179993,56.639999,88990.882812,35.4,107.92,31.950001,PM10,18979
22.510000,33.529999,5.840000,10.140000,0.370000,71.000000,-1.130000,-0.740000,286.839996,58.070000,88677.460938,35.39,108.08,33.529999,PM10,18980
22.330000,32.180000,5.740000,9.270000,0.380000,71.599998,-0.960000,-0.310000,285.859985,61.070000,87625.460938,35.39,108.25,32.180000,PM10,18981
22.010000,31.030001,5.920000,8.860000,0.390000,74.029999,-0.780000,-0.020000,284.529999,65.690002,86101.031250,35.38,108.42,31.442858,PM2.5,18982
21.000000,29.209999,6.580000,8.930000,0.400000,78.430000,-0.800000,0.180000,283.390015,69.870003,84833.929688,35.38,108.58,30.000000,PM2.5,18983
13.370000,16.389999,2.910000,1.840000,0.200000,80.599998,-5.300000,-0.920000,269.579987,89.349998,65268.070312,35.54,102.58,19.100000,PM2.5,19192
13.850000,17.930000,2.600000,2.170000,0.220000,81.680000,-4.520000,-0.130000,269.500000,92.750000,66109.953125,35.54,102.74,19.785715,PM2.5,19193
16.120001,21.620001,2.600000,2.520000,0.240000,81.830002,-1.150000,0.570000,275.380005,77.720001,73867.429688,35.55,102.91,23.028572,PM2.5,19194
18.469999,26.100000,3.080000,3.700000,0.300000,87.820000,0.870000,1.490000,280.890015,60.900002,80118.726562,35.55,103.08,26.385714,PM2.5,19195
16.850000,24.400000,2.950000,3.600000,0.270000,89.610001,-0.030000,1.530000,281.019989,61.799999,79859.898438,35.55,103.25,24.400000,PM10,19196
16.059999,23.750000,3.010000,3.730000,0.250000,93.639999,-1.230000,0.550000,280.200012,62.570000,78595.273438,35.55,103.41,23.750000,PM10,19197
16.520000,25.600000,3.050000,4.390000,0.250000,93.860001,-0.650000,-0.410000,281.040009,57.520000,79414.820312,35.56,103.58,25.600000,PM10,19198
15.530000,24.469999,2.840000,4.220000,0.240000,93.099998,0.360000,-0.440000,281.869995,55.160000,80265.648438,35.56,103.75,24.469999,PM10,19199
13.590000,20.639999,2.390000,3.170000,0.210000,88.070000,-1.310000,-1.600000,280.290009,55.980000,78101.203125,35.56,103.91,20.639999,PM10,19200
12.390000,17.680000,2.170000,2.400000,0.180000,83.550003,-3.170000,-3.940000,278.200012,60.959999,76062.531250,35.56,104.08,17.700001,PM2.5,19201
12.650000,17.950001,2.330000,2.600000,0.180000,79.269997,-2.250000,-3.430000,278.480011,64.129997,76877.406250,35.56,104.25,18.071428,PM2.5,19202
12.840000,18.059999,2.570000,2.840000,0.180000,77.849998,-1.120000,-2.870000,280.179993,60.139999,78877.453125,35.56,104.42,18.342857,PM2.5,19203
13.280000,18.990000,2.980000,3.770000,0.190000,78.070000,-1.040000,-3.410000,281.239990,56.459999,80082.937500,35.56,104.58,18.990000,PM10,19204
12.640000,17.040001,3.190000,3.860000,0.180000,76.059998,-1.200000,-4.210000,281.100006,56.990002,80078.000000,35.56,104.75,18.057144,PM2.5,19205
12.700000,16.650000,3.490000,4.270000,0.180000,74.610001,-0.780000,-4.320000,281.109985,57.279999,80224.453125,35.56,104.92,18.142857,PM2.5,19206
12.770000,16.580000,3.090000,4.180000,0.180000,72.459999,0.060000,-4.200000,281.500000,57.230000,80628.218750,35.56,105.08,18.242857,PM2.5,19207
13.050000,16.559999,2.770000,4.140000,0.180000,70.480003,0.190000,-4.180000,281.350006,58.689999,80271.453125,35.56,105.25,18.642857,PM2.5,19208
13.600000,17.250000,2.740000,4.740000,0.190000,68.739998,-0.110000,-4.070000,281.589996,57.810001,80417.218750,35.56,105.42,19.428572,PM2.5,19209
14.970000,20.020000,3.340000,6.340000,0.220000,67.839996,-0.480000,-3.910000,282.790009,54.060001,81662.921875,35.56,105.58,21.385715,PM2.5,19210
15.250000,21.570000,3.610000,7.050000,0.230000,68.459999,-1.010000,-4.280000,283.450012,51.119999,82325.968750,35.56,105.75,21.785715,PM2.5,19211
16.110001,27.059999,4.750000,15.510000,0.290000,72.360001,0.490000,-3.740000,284.350006,50.580002,84178.343750,35.55,106.59,27.059999,PM10,19216
16.780001,28.410000,5.080000,19.350000,0.280000,73.519997,0.600000,-2.960000,285.190002,51.419998,85199.617188,35.55,106.75,28.410000,PM10,19217
17.540001,28.709999,5.220000,16.709999,0.270000,74.010002,0.580000,-2.760000,285.829987,51.480000,85953.296875,35.55,106.92,28.709999,PM10,19218
17.430000,26.650000,4.650000,8.260000,0.250000,71.800003,0.160000,-2.590000,286.589996,50.369999,86889.820312,35.55,107.09,26.650000,PM10,19219
17.340000,25.799999,4.820000,7.060000,0.240000,70.540001,-0.470000,-2.570000,286.910004,49.389999,87353.406250,35.54,107.26,25.799999,PM10,19220
17.860001,26.500000,5.170000,7.120000,0.250000,69.379997,-0.850000,-2.520000,287.089996,49.470001,87703.796875,35.54,107.42,26.500000,PM10,19221
19.330000,29.730000,5.950000,8.890000,0.290000,69.309998,-0.960000,-2.290000,287.119995,51.000000,88013.156250,35.54,107.59,29.730000,PM10,19222
19.160000,28.670000,5.680000,7.750000,0.280000,69.190002,-0.960000,-1.720000,287.100006,52.790001,88328.726562,35.53,107.76,28.670000,PM10,19223
19.420000,28.600000,5.470000,7.730000,0.300000,69.720001,-0.840000,-1.310000,287.399994,53.040001,88937.703125,35.53,107.92,28.600000,PM10,19224
19.610001,28.340000,5.300000,7.540000,0.310000,69.830002,-0.670000,-1.210000,287.040009,54.220001,88515.609375,35.53,108.09,28.340000,PM10,19225
19.450001,27.309999,5.170000,7.030000,0.310000,69.889999,-0.510000,-0.850000,286.089996,56.419998,87333.453125,35.52,108.26,27.785715,PM2.5,19226
19.500000,26.980000,5.320000,6.970000,0.320000,70.739998,-0.280000,-0.540000,284.799988,60.240002,85824.773438,35.52,108.42,27.857143,PM2.5,19227
19.070000,26.180000,5.940000,7.210000,0.330000,73.379997,-0.140000,0.010000,283.730011,65.230003,84614.656250,35.51,108.59,27.242857,PM2.5,19228
15.060000,19.469999,2.910000,2.480000,0.230000,80.449997,-4.220000,1.520000,273.829987,80.129997,71070.859375,35.68,102.74,21.514286,PM2.5,19438
16.889999,23.650000,2.800000,2.970000,0.260000,82.349998,-1.380000,2.370000,278.089996,66.940002,76348.976562,35.68,102.91,24.128571,PM2.5,19439
19.290001,28.299999,3.330000,4.390000,0.330000,89.779999,0.710000,2.400000,281.880005,57.330002,80869.429688,35.69,103.08,28.299999,PM10,19440
18.070000,27.160000,3.320000,4.500000,0.290000,94.199997,-0.060000,1.600000,281.679993,59.029999,80404.828125,35.69,103.24,27.160000,PM10,19441
17.740000,27.820000,3.460000,5.110000,0.270000,97.500000,-1.500000,0.020000,280.679993,58.849998,78912.039062,35.69,103.41,27.820000,PM10,19442
17.219999,28.400000,3.380000,5.610000,0.260000,97.820000,-1.410000,-1.130000,281.640015,53.000000,79892.539062,35.69,103.58,28.400000,PM10,19443
15.580000,25.879999,2.950000,4.890000,0.240000,96.320000,-1.790000,-2.450000,281.209991,51.750000,79090.062500,35.69,103.75,25.879999,PM10,19444
14.320000,22.860001,2.570000,3.790000,0.220000,93.879997,-3.470000,-3.680000,277.309998,61.520000,74901.976562,35.7,103.91,22.860001,PM10,19445
12.470000,18.709999,2.200000,2.660000,0.190000,86.860001,-2.890000,-3.820000,276.739990,64.730003,74806.968750,35.7,104.08,18.709999,PM10,19446
11.920000,17.990000,2.300000,2.690000,0.180000,80.029999,-1.160000,-2.710000,279.989990,57.540001,78377.132812,35.7,104.25,17.990000,PM10,19447
11.980000,17.700001,2.530000,2.770000,0.180000,78.379997,-1.050000,-2.400000,281.700012,53.759998,80324.632812,35.7,104.41,17.700001,PM10,19448
12.590000,18.650000,2.970000,3.530000,0.180000,78.059998,-1.310000,-3.300000,281.679993,53.930000,80415.390625,35.7,104.58,18.650000,PM10,19449
12.660000,17.820000,3.460000,4.030000,0.180000,76.540001,-1.040000,-3.960000,281.519989,54.970001,80525.593750,35.7,104.75,18.085714,PM2.5,19450
12.900000,17.620001,3.830000,4.630000,0.180000,75.389999,-0.340000,-4.110000,282.170013,53.560001,81376.703125,35.7,104.92,18.428572,PM2.5,19451
12.820000,17.219999,3.210000,4.130000,0.180000,73.290001,0.520000,-4.200000,282.429993,53.400002,81563.093750,35.7,105.08,18.314285,PM2.5,19452
13.010000,16.799999,2.780000,3.950000,0.180000,71.120003,0.600000,-4.190000,281.980011,54.540001,80820.523438,35.7,105.25,18.585714,PM2.5,19453
13.460000,17.129999,2.740000,4.420000,0.190000,69.309998,0.230000,-3.980000,282.019989,53.759998,80735.671875,35.7,105.42,19.228571,PM2.5,19454
14.730000,19.750000,3.420000,5.720000,0.220000,68.449997,-0.340000,-4.030000,282.630005,51.160000,81291.359375,35.7,105.59,21.042856,PM2.5,19455
16.160000,26.950001,4.920000,13.660000,0.300000,72.680000,0.930000,-3.880000,284.510010,47.919998,84128.968750,35.69,106.59,26.950001,PM10,19461
16.330000,26.639999,5.040000,16.250000,0.270000,73.430000,0.590000,-3.390000,285.589996,46.650002,85342.023438,35.69,106.76,26.639999,PM10,19462
16.830000,26.490000,5.140000,14.130000,0.250000,73.480003,0.230000,-3.260000,286.209991,46.419998,86084.117188,35.69,106.92,26.490000,PM10,19463
16.910000,25.150000,4.700000,7.410000,0.240000,71.610001,-0.130000,-3.200000,286.679993,46.410000,86720.140625,35.68,107.09,25.150000,PM10,19464
17.010000,24.750000,4.900000,6.510000,0.230000,70.199997,-0.450000,-3.210000,286.869995,46.540001,87087.953125,35.68,107.26,24.750000,PM10,19465
17.290001,25.110001,5.160000,6.410000,0.240000,69.410004,-0.520000,-3.160000,286.890015,47.599998,87284.453125,35.68,107.43,25.110001,PM10,19466
18.469999,27.950001,5.960000,8.050000,0.270000,69.180000,-0.440000,-3.010000,286.649994,49.470001,87167.906250,35.67,107.59,27.950001,PM10,19467
18.080000,26.610001,5.770000,6.880000,0.260000,69.059998,-0.400000,-2.400000,287.049988,50.119999,87939.296875,35.67,107.76,26.610001,PM10,19468
17.959999,26.020000,5.490000,6.560000,0.270000,69.410004,-0.260000,-1.850000,287.690002,49.779999,88924.437500,35.67,107.93,26.020000,PM10,19469
17.760000,24.950001,5.100000,5.960000,0.260000,69.120003,-0.010000,-1.730000,287.170013,51.419998,88346.023438,35.66,108.09,25.371429,PM2.5,19470
17.570000,24.110001,4.980000,5.710000,0.260000,69.209999,0.020000,-1.410000,286.190002,53.779999,87111.601562,35.66,108.26,25.100000,PM2.5,19471
17.580000,23.900000,5.170000,5.710000,0.270000,69.480003,-0.130000,-0.870000,285.230011,56.630001,86030.671875,35.65,108.43,25.114286,PM2.5,19472
15.950000,20.450001,3.840000,3.230000,0.230000,76.519997,-3.220000,1.930000,279.809998,60.290001,77777.046875,35.82,102.74,22.785713,PM2.5,19681
17.469999,24.549999,3.410000,3.490000,0.270000,81.550003,-1.480000,2.810000,280.869995,58.560001,79178.351562,35.82,102.91,24.957142,PM2.5,19682
19.150000,28.740000,3.690000,4.770000,0.310000,89.400002,-0.080000,2.520000,282.140015,56.430000,80794.968750,35.82,103.07,28.740000,PM10,19683
19.500000,32.000000,4.000000,6.060000,0.300000,97.480003,-0.350000,1.440000,282.190002,56.130001,80638.406250,35.82,103.24,32.000000,PM10,19684
20.580000,36.410000,4.400000,7.730000,0.310000,101.660004,-1.720000,-0.250000,281.220001,55.080002,79317.976562,35.83,103.41,36.410000,PM10,19685
19.440001,35.240002,4.120000,8.070000,0.290000,101.500000,-2.980000,-1.770000,281.450012,51.150002,79541.648438,35.83,103.58,35.240002,PM10,19686
17.670000,31.750000,3.560000,7.000000,0.270000,99.360001,-3.880000,-3.430000,280.089996,53.180000,78113.687500,35.83,103.74,31.750000,PM10,19687
15.640000,27.440001,3.090000,5.450000,0.240000,97.019997,-3.290000,-3.350000,277.540009,61.490002,75636.640625,35.83,103.91,27.440001,PM10,19688
13.310000,22.379999,2.600000,3.620000,0.210000,86.839996,-1.410000,-2.380000,279.339996,57.240002,77724.859375,35.83,104.08,22.379999,PM10,19689
11.550000,18.270000,2.600000,2.620000,0.180000,81.820000,-0.740000,-2.230000,281.679993,51.250000,80186.156250,35.83,104.25,18.270000,PM10,19690
10.940000,16.430000,2.620000,2.260000,0.170000,78.550003,-1.640000,-3.080000,281.700012,50.610001,80087.617188,35.83,104.41,16.430000,PM10,19691
11.360000,16.790001,2.960000,2.820000,0.170000,77.040001,-1.750000,-3.780000,281.649994,52.009998,80328.203125,35.83,104.58,16.790001,PM10,19692
12.080000,17.510000,3.730000,4.030000,0.180000,76.720001,-0.890000,-4.160000,281.910004,52.930000,80872.523438,35.84,104.75,17.510000,PM10,19693
12.630000,17.770000,4.120000,4.790000,0.180000,75.620003,0.000000,-4.430000,282.369995,52.349998,81485.023438,35.84,104.92,18.042858,PM2.5,19694
12.320000,16.760000,3.270000,3.740000,0.180000,73.239998,0.730000,-4.410000,282.589996,52.200001,81669.546875,35.84,105.08,17.600000,PM2.5,19695
12.620000,16.750000,2.850000,3.500000,0.180000,71.750000,0.390000,-4.090000,282.429993,51.939999,81268.843750,35.84,105.25,18.028572,PM2.5,19696
16.299999,29.219999,4.920000,10.010000,0.290000,79.019997,0.360000,-3.740000,285.980011,44.470001,85709.757812,35.82,106.93,29.219999,PM10,19706
16.490000,27.190001,4.860000,6.810000,0.260000,77.010002,0.100000,-3.580000,286.359985,44.900002,86279.687500,35.82,107.09,27.190001,PM10,19707
16.610001,25.770000,5.080000,5.970000,0.240000,74.860001,-0.030000,-3.510000,286.690002,44.950001,86819.773438,35.82,107.26,25.770000,PM10,19708
16.760000,24.910000,5.280000,5.700000,0.230000,72.989998,-0.090000,-3.460000,286.679993,46.169998,86995.953125,35.81,107.43,24.910000,PM10,19709
17.389999,26.389999,5.820000,6.420000,0.240000,72.370003,0.060000,-3.380000,286.220001,48.790001,86651.500000,35.81,107.6,26.389999,PM10,19710
17.320000,26.049999,6.060000,6.380000,0.250000,71.180000,0.100000,-2.990000,286.890015,48.959999,87671.953125,35.81,107.76,26.049999,PM10,19711
17.070000,25.150000,5.850000,6.130000,0.250000,70.300003,-0.110000,-2.450000,287.720001,48.590000,88863.000000,35.8,107.93,25.150000,PM10,19712
16.549999,23.280001,5.210000,5.090000,0.240000,70.059998,-0.050000,-2.110000,287.059998,51.209999,88164.906250,35.8,108.1,23.642857,PM2.5,19713
16.350000,22.379999,5.040000,4.810000,0.240000,69.709999,0.140000,-1.790000,285.859985,54.820000,86685.023438,35.79,108.27,23.357143,PM2.5,19714
16.309999,22.080000,5.250000,4.850000,0.250000,71.059998,0.220000,-1.230000,285.000000,57.970001,85711.406250,35.79,108.43,23.299999,PM2.5,19715
20.490000,33.720001,4.870000,6.910000,0.320000,90.120003,-0.990000,1.720000,282.279999,54.220001,80547.953125,35.96,103.07,33.720001,PM10,19926
23.049999,42.009998,5.250000,9.600000,0.350000,100.320000,-1.310000,0.820000,282.940002,51.349998,81258.773438,35.96,103.24,42.009998,PM10,19927
25.490000,48.889999,5.700000,12.090000,0.380000,106.099998,-2.570000,-0.570000,281.690002,52.099998,79860.460938,35.96,103.41,48.889999,PM10,19928
27.790001,54.619999,6.060000,15.510000,0.420000,107.209999,-3.500000,-1.530000,281.190002,51.650002,79453.726562,35.96,103.57,52.309998,PM10,19929
25.360001,49.529999,5.250000,14.030000,0.380000,106.269997,-3.500000,-1.690000,281.549988,50.290001,80044.242188,35.97,103.74,49.529999,PM10,19930
21.530001,41.610001,4.920000,11.650000,0.340000,103.699997,-2.370000,-1.450000,281.880005,49.770000,80588.531250,35.97,103.91,41.610001,PM10,19931
13.780000,24.840000,3.530000,4.660000,0.230000,90.550003,-0.910000,-1.820000,282.799988,47.799999,81618.882812,35.97,104.08,24.840000,PM10,19932
11.210000,18.719999,3.090000,2.500000,0.180000,82.300003,-1.360000,-3.380000,281.940002,48.180000,80284.453125,35.97,104.24,18.719999,PM10,19933
10.710000,16.889999,3.050000,2.180000,0.170000,78.550003,-2.210000,-4.340000,280.380005,52.169998,78707.976562,35.97,104.41,16.889999,PM10,19934
11.010000,17.020000,3.350000,2.640000,0.170000,76.559998,-1.730000,-4.450000,281.070007,52.189999,79790.718750,35.97,104.58,17.020000,PM10,19935
12.180000,18.870001,4.330000,4.370000,0.180000,76.980003,-1.010000,-4.500000,281.829987,52.270000,80855.281250,35.97,104.75,18.870001,PM10,19936
12.810000,19.219999,4.640000,5.360000,0.180000,75.860001,-0.060000,-4.530000,282.239990,52.330002,81442.218750,35.97,104.92,19.219999,PM10,19937
12.170000,17.160000,3.430000,3.690000,0.170000,73.209999,0.620000,-4.140000,282.609985,51.860001,81780.359375,35.97,105.08,17.385714,PM2.5,19938
12.370000,17.160000,2.920000,3.270000,0.180000,71.980003,-0.010000,-4.040000,282.369995,51.450001,81262.906250,35.97,105.25,17.671429,PM2.5,19939
16.160000,32.439999,4.990000,7.790000,0.320000,86.449997,0.610000,-3.830000,285.429993,43.810001,85038.117188,35.96,106.93,32.439999,PM10,19949
16.360001,29.570000,5.090000,6.400000,0.280000,83.279999,0.410000,-3.690000,286.089996,43.669998,85951.148438,35.95,107.1,29.570000,PM10,19950
16.490000,27.139999,5.310000,5.620000,0.250000,79.849998,0.240000,-3.830000,286.619995,43.520000,86719.703125,35.95,107.27,27.139999,PM10,19951
16.559999,24.910000,5.430000,5.160000,0.220000,76.099998,0.300000,-3.860000,286.470001,45.090000,86766.843750,35.95,107.43,24.910000,PM10,19952
16.830000,25.590000,5.690000,5.420000,0.230000,74.550003,0.490000,-3.570000,286.079987,47.689999,86531.539062,35.95,107.6,25.590000,PM10,19953
16.840000,26.090000,6.350000,6.230000,0.240000,73.180000,0.460000,-3.190000,286.880005,47.820000,87652.570312,35.94,107.77,26.090000,PM10,19954
16.510000,25.190001,6.180000,5.980000,0.240000,71.519997,0.200000,-2.730000,287.519989,48.119999,88564.703125,35.94,107.94,25.190001,PM10,19955
15.880000,22.930000,5.270000,4.600000,0.230000,70.370003,0.050000,-2.190000,286.799988,51.290001,87812.953125,35.93,108.1,22.930000,PM10,19956
15.720000,22.270000,5.140000,4.430000,0.230000,70.010002,0.140000,-1.760000,285.559998,55.340000,86354.117188,35.93,108.27,22.457144,PM2.5,19957
15.860000,22.740000,5.220000,4.760000,0.260000,69.379997,0.440000,-1.310000,284.709991,58.459999,85411.843750,35.93,108.44,22.740000,PM10,19958
22.520000,37.529999,6.750000,10.270000,0.360000,89.169998,-1.950000,0.940000,282.489990,51.570000,80698.171875,36.09,103.07,37.529999,PM10,20171
26.590000,48.540001,6.840000,13.830000,0.420000,101.180000,-2.190000,0.520000,283.279999,49.360001,81717.726562,36.1,103.23,48.540001,PM10,20172
31.450001,60.310001,8.020000,18.209999,0.480000,107.019997,-2.840000,0.070000,282.679993,49.820000,81080.843750,36.1,103.4,55.154999,PM10,20173
41.430000,82.820000,10.990000,28.530001,0.650000,107.250000,-2.940000,-0.100000,282.910004,47.700001,81547.070312,36.1,103.57,66.410004,PM10,20174
35.340000,70.870003,8.800000,24.230000,0.570000,110.639999,-2.600000,-0.380000,283.970001,45.400002,82880.921875,36.1,103.74,60.435001,PM10,20175
26.830000,53.669998,7.750000,18.270000,0.450000,106.849998,-2.180000,-1.360000,284.690002,43.349998,83712.210938,36.1,103.91,51.834999,PM10,20176
13.170000,24.520000,4.230000,4.370000,0.210000,90.120003,-2.240000,-3.110000,283.750000,44.529999,82495.531250,36.1,104.08,24.520000,PM10,20177
11.250000,19.570000,3.690000,2.550000,0.180000,82.150002,-2.620000,-4.900000,280.470001,52.180000,78951.640625,36.11,104.24,19.570000,PM10,20178
10.950000,18.410000,3.760000,2.380000,0.170000,78.500000,-1.940000,-5.070000,278.910004,57.439999,77491.460938,36.11,104.41,18.410000,PM10,20179
11.280000,18.980000,4.080000,2.830000,0.170000,77.010002,-1.010000,-4.800000,280.470001,53.860001,79321.460938,36.11,104.58,18.980000,PM10,20180
12.630000,21.440001,5.160000,4.970000,0.190000,77.660004,-0.490000,-4.330000,282.290009,51.240002,81508.523438,36.11,104.75,21.440001,PM10,20181
13.230000,21.309999,5.390000,6.160000,0.190000,76.250000,0.380000,-3.920000,283.089996,50.650002,82578.476562,36.11,104.92,21.309999,PM10,20182
12.120000,17.850000,3.540000,3.680000,0.180000,72.900002,0.690000,-3.710000,282.920013,51.070000,82192.437500,36.11,105.08,17.850000,PM10,20183
12.210000,17.760000,2.910000,3.060000,0.180000,71.820000,-0.440000,-4.260000,282.250000,50.700001,81144.156250,36.11,105.25,17.760000,PM10,20184
12.670000,19.980000,3.050000,3.680000,0.200000,72.860001,-1.050000,-5.060000,281.369995,50.599998,79950.281250,36.11,105.42,19.980000,PM10,20185
16.389999,31.830000,5.430000,6.280000,0.300000,88.660004,0.530000,-3.880000,285.869995,42.639999,85671.062500,36.09,107.1,31.830000,PM10,20195
16.660000,28.879999,5.700000,5.560000,0.260000,83.779999,0.480000,-4.010000,286.010010,43.439999,86034.507812,36.09,107.27,28.879999,PM10,20196
16.719999,25.590000,5.670000,5.000000,0.220000,77.599998,0.810000,-3.930000,285.989990,44.810001,86273.851562,36.08,107.44,25.590000,PM10,20197
16.750000,25.760000,5.850000,5.150000,0.220000,75.300003,1.010000,-3.550000,286.410004,45.439999,86950.507812,36.08,107.61,25.760000,PM10,20198
16.740000,26.379999,6.660000,6.190000,0.240000,73.790001,0.770000,-3.260000,287.130005,45.610001,87896.421875,36.08,107.77,26.379999,PM10,20199
16.420000,25.629999,6.420000,5.910000,0.230000,72.110001,0.470000,-2.940000,287.029999,47.619999,87887.453125,36.07,107.94,25.629999,PM10,20200
15.790000,23.469999,5.330000,4.550000,0.220000,70.500000,0.430000,-2.400000,286.170013,51.320000,86943.843750,36.07,108.11,23.469999,PM10,20201
15.700000,23.549999,5.270000,5.090000,0.240000,69.010002,0.650000,-1.820000,285.369995,54.369999,86068.859375,36.07,108.28,23.549999,PM10,20202
15.770000,24.580000,5.330000,5.920000,0.280000,67.489998,0.880000,-1.190000,285.200012,55.900002,85981.773438,36.06,108.45,24.580000,PM10,20203
15.800000,25.940001,5.540000,6.820000,0.310000,66.169998,0.910000,-1.050000,285.559998,56.349998,86675.601562,36.06,108.61,25.940001,PM10,20204
19.370001,30.389999,5.690000,8.610000,0.340000,84.650002,-2.140000,0.950000,282.850006,50.119999,81078.203125,36.23,103.06,30.389999,PM10,20416
21.850000,36.689999,6.220000,11.250000,0.380000,92.190002,-1.920000,0.710000,283.399994,49.000000,81829.656250,36.23,103.23,36.689999,PM10,20417
25.629999,45.959999,7.680000,15.040000,0.420000,97.760002,-2.140000,0.590000,283.820007,47.340000,82342.000000,36.23,103.4,45.959999,PM10,20418
34.209999,65.739998,11.920000,24.480000,0.570000,102.040001,-2.180000,0.240000,283.950012,45.720001,82590.773438,36.24,103.57,57.869999,PM10,20419
27.510000,53.770000,9.760000,19.940001,0.490000,101.470001,-2.300000,-1.020000,283.959991,44.990002,82574.421875,36.24,103.74,51.885002,PM10,20420
22.120001,43.990002,8.680000,14.950000,0.390000,99.040001,-2.860000,-2.370000,284.279999,43.750000,83072.117188,36.24,103.91,43.990002,PM10,20421
13.450000,26.129999,5.160000,4.570000,0.210000,89.180000,-3.260000,-3.760000,283.239990,45.799999,82171.406250,36.24,104.07,26.129999,PM10,20422
11.450000,20.250000,4.460000,2.840000,0.180000,81.480003,-2.830000,-4.320000,281.109985,51.970001,80063.117188,36.24,104.24,20.250000,PM10,20423
10.950000,18.580000,4.590000,2.610000,0.170000,77.809998,-1.510000,-4.610000,279.829987,56.020000,78742.742188,36.24,104.41,18.580000,PM10,20424
11.340000,19.520000,4.950000,3.090000,0.170000,77.010002,-0.300000,-4.640000,280.609985,54.209999,79603.828125,36.24,104.58,19.520000,PM10,20425
12.460000,21.670000,6.040000,5.410000,0.180000,77.959999,0.180000,-4.020000,283.130005,49.279999,82529.203125,36.24,104.75,21.670000,PM10,20426
12.990000,21.400000,6.190000,6.730000,0.190000,76.690002,0.650000,-3.730000,284.160004,48.040001,83803.257812,36.24,104.92,21.400000,PM10,20427
11.950000,17.920000,3.520000,3.410000,0.170000,72.690002,0.360000,-3.890000,283.070007,49.689999,82273.062500,36.24,105.08,17.920000,PM10,20428
12.140000,17.950001,2.830000,2.790000,0.170000,71.839996,-1.080000,-4.540000,281.890015,50.389999,80696.210938,36.24,105.25,17.950001,PM10,20429
12.610000,20.070000,2.940000,3.420000,0.200000,72.769997,-1.330000,-5.130000,280.429993,53.380001,79126.906250,36.24,105.42,20.070000,PM10,20430
15.490000,33.959999,5.230000,6.780000,0.360000,89.480003,1.540000,-4.710000,284.109985,44.700001,83605.992188,36.23,106.77,33.959999,PM10,20438
16.070000,33.689999,5.390000,6.460000,0.330000,90.220001,1.070000,-4.420000,284.799988,43.220001,84398.093750,36.23,106.94,33.689999,PM10,20439
16.580000,30.930000,5.620000,5.800000,0.280000,86.070000,0.720000,-4.100000,285.059998,43.330002,84798.109375,36.23,107.1,30.930000,PM10,20440
16.930000,28.309999,5.920000,5.300000,0.250000,81.099998,0.830000,-3.910000,285.459991,43.560001,85486.828125,36.22,107.27,28.309999,PM10,20441
17.010000,25.059999,5.950000,4.800000,0.210000,74.809998,1.300000,-3.680000,286.040009,43.709999,86431.390625,36.22,107.44,25.059999,PM10,20442
16.959999,25.330000,5.960000,4.980000,0.210000,72.339996,1.320000,-3.500000,286.619995,43.820000,87248.593750,36.22,107.61,25.330000,PM10,20443
16.980000,26.090000,6.680000,6.090000,0.230000,71.019997,0.900000,-3.430000,286.880005,44.450001,87632.617188,36.21,107.78,26.090000,PM10,20444
16.760000,25.639999,6.390000,6.000000,0.230000,69.570000,0.660000,-3.200000,286.480011,46.849998,87251.687500,36.21,107.95,25.639999,PM10,20445
16.280001,24.150000,5.460000,5.040000,0.210000,68.430000,0.860000,-2.720000,285.529999,50.889999,86190.882812,36.21,108.11,24.150000,PM10,20446
16.190001,24.730000,5.370000,6.090000,0.240000,67.040001,1.180000,-2.190000,285.170013,53.270000,85785.703125,36.2,108.28,24.730000,PM10,20447
16.139999,26.240000,5.420000,7.470000,0.280000,65.699997,1.230000,-1.820000,285.570007,53.700001,86383.406250,36.2,108.45,26.240000,PM10,20448
16.200001,28.280001,5.670000,8.940000,0.310000,64.449997,1.020000,-1.790000,285.679993,54.470001,86793.203125,36.19,108.62,28.280001,PM10,20449
18.370001,26.030001,7.860000,7.940000,0.330000,75.440002,-1.880000,1.210000,282.779999,49.709999,80784.382812,36.36,102.89,26.242859,PM2.5,20661
15.880000,22.840000,5.050000,6.280000,0.300000,79.540001,-1.800000,0.930000,282.170013,52.279999,80202.289062,36.36,103.06,22.840000,PM10,20662
14.960000,21.840000,4.210000,6.190000,0.280000,82.019997,-1.500000,0.260000,282.339996,50.980000,80449.312500,36.37,103.23,21.840000,PM10,20663
15.660000,23.969999,4.470000,7.030000,0.280000,84.010002,-1.470000,-0.010000,283.600006,47.070000,81939.460938,36.37,103.4,23.969999,PM10,20664
16.379999,26.620001,5.360000,8.580000,0.300000,86.639999,-1.700000,-0.760000,283.309998,46.810001,81719.429688,36.37,103.57,26.620001,PM10,20665
14.330000,23.840000,5.170000,6.770000,0.260000,86.769997,-2.010000,-2.410000,282.989990,46.189999,81388.812500,36.37,103.74,23.840000,PM10,20666
13.760000,24.280001,5.830000,5.980000,0.240000,87.660004,-2.430000,-3.100000,283.200012,45.700001,81858.648438,36.37,103.9,24.280001,PM10,20667
14.280000,28.230000,6.750000,5.320000,0.220000,88.730003,-2.740000,-3.400000,283.140015,46.410000,82140.343750,36.38,104.07,28.230000,PM10,20668
11.850000,20.530001,5.630000,3.410000,0.180000,81.650002,-2.490000,-3.300000,283.739990,45.910000,83116.890625,36.38,104.24,20.530001,PM10,20669
10.970000,17.690001,5.460000,2.860000,0.170000,76.980003,-1.430000,-3.680000,283.019989,48.119999,82437.296875,36.38,104.41,17.690001,PM10,20670
11.370000,18.670000,5.710000,3.390000,0.170000,76.309998,-0.110000,-3.950000,282.529999,49.810001,81859.109375,36.38,104.58,18.670000,PM10,20671
12.250000,20.190001,7.140000,6.200000,0.180000,77.500000,0.430000,-3.700000,284.100006,47.220001,83659.726562,36.38,104.75,20.190001,PM10,20672
12.880000,20.690001,7.350000,7.650000,0.180000,76.209999,0.490000,-3.990000,283.920013,48.380001,83564.500000,36.38,104.92,20.690001,PM10,20673
11.860000,17.250000,3.330000,2.940000,0.170000,72.709999,-0.120000,-4.490000,281.980011,51.349998,80988.437500,36.38,105.08,17.250000,PM10,20674
12.040000,17.020000,2.650000,2.430000,0.170000,72.120003,-1.220000,-4.810000,280.869995,52.889999,79726.468750,36.38,105.25,17.200001,PM2.5,20675
14.880000,29.330000,4.880000,6.480000,0.320000,83.940002,2.080000,-4.960000,282.630005,49.240002,82230.242188,36.37,106.6,29.330000,PM10,20683
15.290000,28.389999,5.100000,5.410000,0.290000,84.010002,1.940000,-4.740000,283.809998,45.580002,83420.703125,36.37,106.77,28.389999,PM10,20684
15.880000,28.459999,5.450000,5.200000,0.270000,83.940002,1.440000,-4.560000,284.570007,43.680000,84306.937500,36.36,106.94,28.459999,PM10,20685
16.549999,27.309999,5.760000,5.040000,0.240000,80.419998,1.160000,-4.240000,284.929993,43.150002,84816.632812,36.36,107.11,27.309999,PM10,20686
17.070000,25.990000,6.140000,4.960000,0.220000,76.570000,1.300000,-3.880000,285.709991,42.410000,85899.507812,36.36,107.28,25.990000,PM10,20687
17.139999,23.770000,6.070000,4.390000,0.190000,71.480003,1.550000,-3.680000,286.200012,42.610001,86656.781250,36.36,107.45,24.485714,PM2.5,20688
17.040001,23.860001,5.900000,4.260000,0.190000,69.169998,1.430000,-3.600000,286.130005,43.860001,86675.382812,36.35,107.61,24.342859,PM2.5,20689
17.020000,24.290001,6.160000,4.910000,0.200000,67.650002,1.130000,-3.500000,286.209991,44.500000,86864.148438,36.35,107.78,24.314287,PM2.5,20690
16.940001,24.450001,5.880000,5.280000,0.210000,66.230003,1.000000,-3.280000,285.880005,46.220001,86551.093750,36.35,107.95,24.450001,PM10,20691
16.820000,24.750000,5.560000,5.760000,0.210000,65.449997,1.190000,-2.900000,285.049988,49.279999,85618.906250,36.34,108.12,24.750000,PM10,20692
16.820000,26.410000,5.660000,7.350000,0.250000,64.739998,1.420000,-2.550000,284.760010,51.209999,85363.523438,36.34,108.29,26.410000,PM10,20693
16.910000,29.260000,5.830000,9.530000,0.300000,63.509998,1.650000,-2.590000,284.720001,52.580002,85475.359375,36.33,108.46,29.260000,PM10,20694
16.870001,31.820000,6.100000,11.330000,0.340000,62.849998,1.770000,-2.420000,284.760010,53.080002,85640.273438,36.33,108.62,31.820000,PM10,20695
15.950000,22.330000,7.300000,7.580000,0.320000,75.510002,-1.180000,0.910000,281.799988,53.040001,79791.773438,36.5,102.89,22.785713,PM2.5,20907
13.910000,19.120001,4.720000,5.160000,0.270000,76.709999,-1.320000,0.030000,280.929993,54.750000,78692.398438,36.5,103.06,19.871428,PM2.5,20908
13.060000,18.020000,3.630000,4.520000,0.240000,76.599998,-1.400000,-1.030000,280.739990,52.290001,78389.851562,36.5,103.23,18.657143,PM2.5,20909
13.050000,18.660000,3.610000,4.620000,0.230000,78.080002,-1.280000,-1.080000,282.579987,46.730000,80483.093750,36.5,103.4,18.660000,PM10,20910
13.440000,20.299999,4.220000,5.330000,0.240000,81.459999,-1.680000,-1.560000,282.890015,45.500000,80976.281250,36.51,103.56,20.299999,PM10,20911
12.240000,18.490000,4.460000,4.300000,0.220000,81.669998,-2.060000,-2.940000,282.579987,44.930000,80810.812500,36.51,103.73,18.490000,PM10,20912
11.910000,18.690001,5.420000,3.700000,0.200000,82.320000,-2.140000,-4.030000,282.579987,44.820000,81012.750000,36.51,103.9,18.690001,PM10,20913
15.930000,30.910000,9.070000,7.010000,0.240000,89.070000,-2.160000,-4.680000,282.820007,45.450001,81616.476562,36.51,104.07,30.910000,PM10,20914
12.330000,20.270000,6.570000,4.020000,0.190000,80.849998,-1.850000,-4.540000,283.859985,44.919998,83169.078125,36.51,104.24,20.270000,PM10,20915
10.770000,15.680000,5.770000,2.900000,0.170000,75.589996,-1.170000,-4.290000,284.440002,44.630001,84046.062500,36.51,104.41,15.680000,PM10,20916
11.850000,19.129999,6.400000,4.170000,0.180000,76.160004,-0.250000,-3.580000,284.839996,44.439999,84510.867188,36.51,104.58,19.129999,PM10,20917
13.110000,21.770000,9.870000,8.860000,0.180000,78.589996,0.080000,-3.460000,285.119995,44.779999,84818.101562,36.51,104.75,21.770000,PM10,20918
13.660000,22.049999,10.050000,10.180000,0.190000,77.410004,-0.090000,-4.190000,283.579987,48.740002,83163.976562,36.51,104.92,22.049999,PM10,20919
12.070000,17.400000,3.330000,2.820000,0.170000,72.940002,-0.410000,-4.980000,281.049988,53.580002,80125.039062,36.51,105.08,17.400000,PM10,20920
12.180000,16.930000,2.710000,2.330000,0.170000,72.139999,-0.630000,-4.960000,280.290009,54.959999,79370.781250,36.51,105.25,17.400000,PM2.5,20921
14.570000,25.660000,4.850000,6.520000,0.290000,79.139999,2.000000,-4.540000,281.859985,53.009998,81734.867188,36.51,106.44,25.660000,PM10,20928
15.070000,25.660000,5.090000,5.440000,0.270000,79.050003,2.330000,-4.770000,282.029999,50.970001,81718.687500,36.5,106.6,25.660000,PM10,20929
15.540000,25.070000,5.350000,4.850000,0.250000,78.760002,2.290000,-4.770000,283.220001,46.990002,82900.171875,36.5,106.77,25.070000,PM10,20930
16.059999,24.860001,5.700000,4.690000,0.230000,78.059998,1.910000,-4.700000,284.470001,43.889999,84362.593750,36.5,106.94,24.860001,PM10,20931
16.670000,24.209999,5.940000,4.510000,0.210000,75.339996,1.590000,-4.450000,285.320007,42.430000,85468.492188,36.5,107.11,24.209999,PM10,20932
17.160000,23.500000,6.160000,4.300000,0.200000,72.400002,1.420000,-4.310000,285.859985,42.130001,86283.062500,36.49,107.28,24.514286,PM2.5,20933
17.360001,22.490000,6.110000,3.970000,0.180000,68.830002,1.460000,-4.110000,285.809998,43.110001,86324.023438,36.49,107.45,24.800001,PM2.5,20934
17.379999,22.799999,6.090000,3.920000,0.180000,67.230003,1.420000,-3.720000,285.579987,44.299999,86073.757812,36.49,107.62,24.828569,PM2.5,20935
17.400000,23.389999,6.170000,4.450000,0.190000,65.660004,1.320000,-3.490000,285.779999,44.490002,86369.148438,36.49,107.79,24.857141,PM2.5,20936
17.459999,24.280001,6.110000,5.310000,0.200000,64.489998,1.280000,-3.270000,285.279999,46.310001,85862.523438,36.48,107.96,24.942856,PM2.5,20937
17.440001,25.690001,6.030000,6.720000,0.220000,63.660000,1.420000,-2.980000,284.510010,48.560001,84979.882812,36.48,108.12,25.690001,PM10,20938
17.510000,28.709999,6.150000,8.900000,0.270000,62.450001,1.690000,-2.680000,284.260010,50.220001,84835.093750,36.47,108.29,28.709999,PM10,20939
12.280000,14.980000,4.290000,5.400000,0.220000,71.080002,-1.000000,0.710000,277.579987,65.459999,74914.578125,36.63,102.72,17.542856,PM2.5,21153
12.270000,15.830000,4.650000,5.960000,0.240000,75.080002,-0.890000,0.200000,279.679993,58.029999,77264.187500,36.63,102.89,17.528572,PM2.5,21154
11.470000,14.750000,3.300000,3.870000,0.210000,76.220001,-1.090000,-1.260000,279.250000,56.720001,76681.367188,36.64,103.05,16.385715,PM2.5,21155
11.370000,14.860000,2.810000,3.300000,0.200000,75.330002,-1.020000,-1.540000,280.040009,51.689999,77503.820312,36.64,103.22,16.242857,PM2.5,21156
11.500000,15.370000,2.880000,3.260000,0.200000,75.790001,-0.760000,-1.150000,281.709991,46.990002,79397.328125,36.64,103.39,16.428572,PM2.5,21157
12.070000,16.870001,3.410000,3.610000,0.210000,77.940002,-1.060000,-1.900000,281.869995,46.520000,79753.726562,36.64,103.56,17.242857,PM2.5,21158
11.270000,15.460000,3.570000,2.840000,0.190000,78.180000,-1.450000,-3.310000,281.489990,46.410000,79479.273438,36.64,103.73,16.100000,PM2.5,21159
11.090000,15.430000,4.420000,2.600000,0.180000,78.089996,-1.680000,-4.830000,281.540009,46.060001,79752.953125,36.65,103.9,15.842857,PM2.5,21160
14.970000,26.850000,8.480000,6.090000,0.230000,85.120003,-1.670000,-5.860000,282.149994,45.950001,80832.453125,36.65,104.07,26.850000,PM10,21161
11.970000,18.209999,5.560000,3.360000,0.180000,78.790001,-1.110000,-5.970000,282.880005,46.650002,82137.992188,36.65,104.24,18.209999,PM10,21162
10.670000,14.300000,4.710000,2.400000,0.160000,74.260002,-0.250000,-5.520000,284.190002,45.080002,83820.937500,36.65,104.41,15.242857,PM2.5,21163
11.640000,16.730000,5.400000,3.630000,0.180000,73.470001,0.030000,-4.190000,285.690002,42.230000,85480.796875,36.65,104.58,16.730000,PM10,21164
12.710000,19.230000,8.790000,7.630000,0.180000,76.169998,-0.430000,-4.010000,285.609985,43.230000,85355.250000,36.65,104.75,19.230000,PM10,21165
13.150000,19.799999,8.640000,8.450000,0.180000,76.529999,-0.570000,-4.920000,283.480011,48.340000,83078.093750,36.65,104.92,19.799999,PM10,21166
12.050000,16.480000,3.080000,2.520000,0.170000,72.650002,-0.260000,-5.250000,281.059998,53.830002,80376.226562,36.65,105.08,17.214287,PM2.5,21167
15.540000,22.770000,5.410000,4.730000,0.230000,75.160004,2.370000,-4.580000,282.000000,51.040001,81854.882812,36.64,106.61,22.770000,PM10,21176
16.020000,22.350000,5.650000,4.450000,0.210000,74.599998,2.400000,-4.720000,282.769989,47.970001,82534.367188,36.64,106.78,22.885715,PM2.5,21177
16.490000,22.110001,5.950000,4.370000,0.200000,73.360001,2.280000,-4.970000,284.109985,44.430000,84098.382812,36.64,106.95,23.557142,PM2.5,21178
17.049999,22.100000,6.190000,4.280000,0.190000,71.339996,2.060000,-4.840000,285.140015,43.020000,85467.882812,36.63,107.11,24.357141,PM2.5,21179
17.450001,21.980000,6.280000,3.980000,0.180000,69.650002,1.620000,-4.760000,285.380005,43.470001,85925.023438,36.63,107.28,24.928572,PM2.5,21180
17.629999,21.920000,6.270000,3.790000,0.180000,67.910004,1.450000,-4.480000,285.209991,44.459999,85761.921875,36.63,107.45,25.185713,PM2.5,21181
17.809999,22.420000,6.360000,3.890000,0.180000,66.769997,1.350000,-3.900000,285.089996,45.070000,85604.953125,36.62,107.62,25.442856,PM2.5,21182
18.030001,23.330000,6.490000,4.330000,0.190000,65.629997,1.380000,-3.610000,285.119995,45.110001,85654.843750,36.62,107.79,25.757143,PM2.5,21183
18.260000,24.770000,6.570000,5.530000,0.200000,64.889999,1.600000,-3.330000,284.600006,46.610001,85096.851562,36.62,107.96,26.085714,PM2.5,21184
10.330000,12.510000,2.850000,3.770000,0.190000,78.910004,-0.740000,-1.660000,276.779999,63.080002,73842.953125,36.77,102.88,14.757143,PM2.5,21401
10.090000,12.190000,2.270000,2.450000,0.180000,79.050003,-0.250000,-3.030000,276.959991,58.930000,73984.046875,36.77,103.05,14.414286,PM2.5,21402
9.900000,12.010000,1.960000,1.920000,0.170000,77.930000,-0.010000,-2.620000,279.459991,49.150002,76487.601562,36.77,103.22,14.142857,PM2.5,21403
9.920000,12.000000,1.900000,1.680000,0.170000,77.500000,-0.310000,-2.490000,280.220001,46.840000,77402.296875,36.78,103.39,14.171429,PM2.5,21404
10.370000,12.900000,2.110000,1.710000,0.170000,77.870003,-0.590000,-3.510000,279.850006,48.380001,77258.203125,36.78,103.56,14.814285,PM2.5,21405
10.270000,12.620000,2.260000,1.420000,0.160000,77.239998,-0.890000,-4.700000,280.179993,47.709999,77903.773438,36.78,103.73,14.671430,PM2.5,21406
10.360000,12.860000,2.750000,1.470000,0.160000,76.150002,-1.190000,-5.650000,281.010010,46.689999,79192.656250,36.78,103.9,14.799999,PM2.5,21407
12.250000,18.600000,5.040000,3.330000,0.180000,79.360001,-1.090000,-6.150000,282.290009,45.790001,81095.992188,36.78,104.07,18.600000,PM10,21408
11.060000,15.180000,3.600000,2.120000,0.160000,76.250000,-0.480000,-6.180000,283.570007,45.380001,83020.546875,36.78,104.24,15.800000,PM2.5,21409
10.490000,13.240000,3.150000,1.610000,0.160000,73.370003,0.460000,-6.110000,284.470001,44.840000,84196.648438,36.78,104.41,14.985714,PM2.5,21410
10.900000,13.980000,3.410000,2.070000,0.160000,72.199997,0.310000,-5.640000,285.040009,43.110001,84609.851562,36.79,104.58,15.571428,PM2.5,21411
11.470000,15.280000,4.750000,3.690000,0.160000,73.559998,-0.640000,-5.530000,284.510010,44.759998,84102.062500,36.79,104.75,16.385715,PM2.5,21412
11.950000,16.190001,4.860000,4.300000,0.170000,74.269997,-0.560000,-5.830000,282.470001,50.459999,82073.257812,36.79,104.92,17.071428,PM2.5,21413
11.960000,15.690000,2.820000,2.230000,0.170000,72.940002,0.410000,-5.280000,280.950012,54.810001,80460.156250,36.79,105.08,17.085714,PM2.5,21414
12.240000,16.129999,2.780000,2.370000,0.170000,72.330002,1.150000,-4.740000,281.359985,53.060001,80962.007812,36.79,105.25,17.485714,PM2.5,21415
16.700001,22.680000,6.300000,4.800000,0.210000,73.349998,2.530000,-4.780000,282.440002,48.549999,82337.507812,36.77,106.78,23.857143,PM2.5,21424
17.000000,22.420000,6.530000,4.690000,0.200000,71.620003,2.610000,-5.080000,283.890015,44.980000,84085.640625,36.77,106.95,24.285715,PM2.5,21425
17.500000,22.389999,6.720000,4.580000,0.190000,69.699997,2.490000,-4.960000,284.760010,44.070000,85269.117188,36.77,107.12,25.000000,PM2.5,21426
17.910000,22.270000,6.810000,4.370000,0.190000,68.400002,1.980000,-4.780000,284.700012,45.389999,85391.687500,36.77,107.29,25.585714,PM2.5,21427
18.080000,22.190001,6.770000,4.140000,0.180000,67.510002,1.700000,-4.510000,284.399994,46.389999,84957.351562,36.76,107.46,25.828571,PM2.5,21428
18.370001,22.700001,6.890000,4.210000,0.180000,66.739998,1.510000,-4.080000,284.190002,46.730000,84618.867188,36.76,107.63,26.242859,PM2.5,21429
18.719999,23.730000,7.040000,4.590000,0.190000,65.650002,1.550000,-3.770000,284.239990,46.380001,84670.406250,36.76,107.8,26.742857,PM2.5,21430
9.170000,10.370000,1.770000,1.690000,0.170000,80.050003,-0.840000,-2.040000,275.440002,64.410004,72177.640625,36.9,102.71,13.100000,PM2.5,21646
9.420000,10.650000,1.620000,1.470000,0.160000,83.519997,-0.290000,-4.300000,273.750000,67.910004,70652.796875,36.9,102.88,13.457143,PM2.5,21647
9.590000,11.070000,1.690000,1.530000,0.160000,80.970001,0.750000,-5.180000,276.230011,57.080002,73254.476562,36.91,103.05,13.700000,PM2.5,21648
9.550000,10.990000,1.570000,1.390000,0.160000,79.080002,0.790000,-4.990000,278.160004,49.689999,75144.609375,36.91,103.22,13.642858,PM2.5,21649
9.660000,10.970000,1.490000,1.160000,0.160000,78.739998,0.070000,-5.490000,277.690002,51.169998,74728.703125,36.91,103.39,13.800000,PM2.5,21650
10.030000,11.560000,1.610000,1.110000,0.150000,78.510002,0.100000,-6.030000,277.230011,54.520000,74655.453125,36.91,103.56,14.328571,PM2.5,21651
10.180000,11.720000,1.680000,1.020000,0.150000,77.160004,0.270000,-6.550000,277.820007,53.810001,75585.648438,36.92,103.73,14.542857,PM2.5,21652
10.200000,11.860000,1.810000,1.040000,0.150000,75.570000,0.040000,-6.640000,279.799988,50.340000,78106.898438,36.92,103.9,14.571428,PM2.5,21653
10.550000,13.270000,2.350000,1.460000,0.150000,75.900002,-0.050000,-6.410000,282.140015,46.869999,81104.148438,36.92,104.07,15.071429,PM2.5,21654
10.540000,13.220000,2.400000,1.390000,0.150000,75.019997,0.120000,-6.330000,283.679993,45.689999,83253.773438,36.92,104.24,15.057143,PM2.5,21655
10.460000,12.680000,2.220000,1.160000,0.150000,73.129997,0.510000,-6.470000,283.359985,47.889999,83065.859375,36.92,104.41,14.942857,PM2.5,21656
10.550000,12.460000,2.040000,1.080000,0.150000,71.529999,0.550000,-6.650000,282.179993,50.259998,81588.500000,36.92,104.58,15.071429,PM2.5,21657
10.820000,12.990000,2.070000,1.240000,0.150000,71.360001,0.070000,-6.440000,282.459991,49.980000,82005.773438,36.92,104.75,15.457143,PM2.5,21658
11.180000,13.770000,2.200000,1.480000,0.160000,71.160004,0.220000,-5.840000,282.559998,51.230000,82461.359375,36.92,104.92,15.971429,PM2.5,21659
11.960000,15.250000,2.740000,2.080000,0.160000,72.309998,1.230000,-5.250000,281.890015,53.110001,81789.351562,36.92,105.08,17.085714,PM2.5,21660
17.010000,23.770000,6.650000,5.190000,0.220000,74.230003,2.370000,-4.940000,281.700012,50.299999,81672.867188,36.91,106.61,24.300001,PM2.5,21669
17.500000,23.639999,6.920000,5.100000,0.210000,73.320000,2.740000,-4.900000,282.260010,48.840000,82344.343750,36.91,106.78,25.000000,PM2.5,21670
17.690001,23.209999,7.130000,5.000000,0.200000,71.389999,2.920000,-5.050000,283.799988,45.669998,84238.781250,36.91,106.95,25.271429,PM2.5,21671
18.150000,23.020000,7.280000,4.850000,0.190000,69.540001,2.660000,-4.790000,284.519989,45.070000,85199.421875,36.9,107.12,25.928572,PM2.5,21672
18.530001,22.850000,7.380000,4.780000,0.190000,68.169998,2.030000,-4.580000,284.410004,46.360001,85229.656250,36.9,107.29,26.471430,PM2.5,21673
18.660000,22.750000,7.380000,4.570000,0.190000,67.309998,1.860000,-4.280000,283.850006,47.889999,84474.976562,36.9,107.46,26.657143,PM2.5,21674
8.460000,9.270000,1.350000,1.080000,0.160000,81.510002,-0.810000,-1.350000,274.450012,64.550003,70858.007812,37.03,102.54,12.085714,PM2.5,21892
9.010000,10.090000,1.610000,1.410000,0.170000,83.680000,-1.190000,-4.690000,271.660004,73.620003,68407.281250,37.04,102.71,12.871428,PM2.5,21893
9.590000,10.850000,1.590000,1.470000,0.160000,83.849998,0.080000,-6.080000,272.179993,72.099998,69566.062500,37.04,102.88,13.700000,PM2.5,21894
9.630000,10.870000,1.610000,1.440000,0.160000,81.010002,1.250000,-6.730000,274.730011,62.060001,72187.828125,37.04,103.05,13.757143,PM2.5,21895
9.660000,10.800000,1.480000,1.340000,0.160000,79.459999,0.930000,-6.840000,275.170013,58.570000,72437.203125,37.05,103.22,13.800000,PM2.5,21896
9.810000,10.830000,1.420000,1.170000,0.150000,78.959999,0.590000,-6.920000,275.220001,59.799999,72765.609375,37.05,103.39,14.014286,PM2.5,21897
10.190000,11.480000,1.610000,1.180000,0.150000,78.260002,0.920000,-6.710000,275.559998,61.700001,73571.156250,37.05,103.56,14.557142,PM2.5,21898
10.350000,11.600000,1.710000,1.080000,0.150000,76.650002,1.490000,-6.650000,276.209991,61.080002,74443.156250,37.05,103.73,14.785715,PM2.5,21899
10.370000,11.770000,1.890000,1.150000,0.150000,74.870003,1.510000,-6.440000,279.160004,54.009998,77841.617188,37.05,103.9,14.814285,PM2.5,21900
10.940000,13.590000,2.760000,1.880000,0.160000,74.849998,1.050000,-5.970000,282.540009,47.200001,81793.859375,37.05,104.07,15.628571,PM2.5,21901
10.800000,13.230000,2.500000,1.570000,0.160000,73.279999,0.650000,-5.830000,283.959991,45.900002,83666.406250,37.06,104.24,15.428572,PM2.5,21902
10.620000,12.550000,2.150000,1.140000,0.150000,71.589996,0.540000,-5.740000,282.940002,49.639999,82702.117188,37.06,104.4,15.171429,PM2.5,21903
10.630000,12.200000,1.980000,0.950000,0.150000,70.680000,0.820000,-5.860000,281.049988,54.950001,80702.093750,37.06,104.58,15.185715,PM2.5,21904
10.900000,12.770000,2.050000,1.050000,0.150000,70.570000,1.050000,-5.910000,281.890015,52.950001,81724.703125,37.06,104.74,15.571428,PM2.5,21905
11.220000,13.470000,2.190000,1.270000,0.150000,70.690002,1.140000,-5.640000,283.339996,49.830002,83455.367188,37.06,104.92,16.028572,PM2.5,21906
18.370001,25.430000,7.640000,5.490000,0.220000,74.139999,2.920000,-4.840000,282.630005,48.090000,83047.703125,37.05,106.78,26.242859,PM2.5,21917
18.840000,25.070000,7.870000,5.400000,0.210000,71.900002,3.130000,-4.850000,283.570007,46.459999,84208.078125,37.04,106.95,26.914286,PM2.5,21918
19.190001,24.530001,7.980000,5.150000,0.200000,69.779999,2.750000,-4.640000,284.070007,46.279999,84792.671875,37.04,107.12,27.414286,PM2.5,21919
9.130000,10.260000,1.650000,1.490000,0.170000,83.449997,-1.150000,-5.480000,269.510010,82.940002,66939.640625,37.17,102.7,13.042857,PM2.5,22143
9.870000,11.150000,1.690000,1.720000,0.170000,82.559998,0.280000,-5.540000,272.190002,75.160004,70341.648438,37.18,102.87,14.099999,PM2.5,22144
9.790000,10.960000,1.600000,1.550000,0.160000,81.699997,1.080000,-6.180000,272.250000,74.110001,70316.398438,37.18,103.04,13.985714,PM2.5,22145
9.860000,10.900000,1.450000,1.460000,0.160000,80.099998,1.530000,-6.380000,271.859985,73.610001,69805.507812,37.18,103.21,14.085713,PM2.5,22146
9.970000,10.880000,1.390000,1.270000,0.150000,79.440002,1.840000,-6.280000,274.029999,67.290001,72147.109375,37.18,103.38,14.242858,PM2.5,22147
10.280000,11.310000,1.560000,1.230000,0.150000,77.889999,2.140000,-6.040000,276.130005,62.209999,74566.257812,37.19,103.55,14.685714,PM2.5,22148
10.430000,11.450000,1.690000,1.160000,0.150000,75.120003,2.640000,-5.710000,278.059998,57.930000,76823.546875,37.19,103.72,14.900001,PM2.5,22149
10.480000,11.590000,1.880000,1.220000,0.150000,73.660004,2.350000,-5.480000,281.209991,50.450001,80354.351562,37.19,103.89,14.971428,PM2.5,22150
10.960000,12.910000,2.900000,2.030000,0.160000,73.830002,1.690000,-5.390000,283.920013,45.189999,83461.101562,37.19,104.06,15.657143,PM2.5,22151
10.890000,12.730000,2.610000,1.640000,0.150000,72.639999,1.310000,-5.430000,284.890015,44.349998,84766.203125,37.19,104.23,15.557143,PM2.5,22152
10.770000,12.360000,2.190000,1.180000,0.150000,71.190002,0.990000,-4.880000,284.570007,45.980000,84555.992188,37.19,104.4,15.385715,PM2.5,22153
10.780000,12.150000,2.020000,1.000000,0.150000,70.309998,0.960000,-4.630000,283.500000,49.130001,83505.976562,37.19,104.57,15.400000,PM2.5,22154
11.030000,12.680000,2.060000,1.050000,0.150000,70.559998,1.160000,-5.020000,283.339996,49.759998,83426.851562,37.19,104.74,15.757142,PM2.5,22155
8.630000,9.530000,1.320000,1.130000,0.160000,85.250000,-1.460000,-4.690000,268.690002,84.459999,65929.500000,37.31,102.53,12.328571,PM2.5,22394
9.910000,11.140000,1.720000,1.810000,0.170000,82.879997,-0.410000,-4.390000,271.179993,77.980003,69122.109375,37.31,102.7,14.157143,PM2.5,22395
10.360000,11.670000,1.840000,2.050000,0.170000,80.360001,0.470000,-4.030000,274.339996,69.269997,72867.203125,37.31,102.87,14.799999,PM2.5,22396
10.300000,11.460000,1.720000,1.880000,0.170000,78.120003,1.210000,-4.170000,273.989990,70.459999,72446.976562,37.31,103.04,14.714286,PM2.5,22397
10.370000,11.350000,1.540000,1.590000,0.160000,77.040001,1.950000,-4.340000,273.970001,70.010002,72378.507812,37.32,103.21,14.814285,PM2.5,22398
10.320000,11.130000,1.450000,1.280000,0.150000,76.779999,2.300000,-4.660000,276.700012,62.000000,75318.539062,37.32,103.38,14.742857,PM2.5,22399
10.470000,11.270000,1.530000,1.200000,0.150000,74.809998,2.950000,-4.760000,278.429993,58.349998,77398.312500,37.32,103.55,14.957143,PM2.5,22400
10.650000,11.420000,1.660000,1.150000,0.150000,73.809998,3.520000,-4.880000,279.500000,55.950001,78535.906250,37.32,103.72,15.214285,PM2.5,22401
10.700000,11.520000,1.900000,1.240000,0.150000,72.769997,2.830000,-5.250000,281.910004,50.110001,81186.796875,37.32,103.89,15.285714,PM2.5,22402
10.970000,12.230000,3.240000,2.210000,0.150000,72.410004,2.270000,-5.440000,284.059998,46.070000,83779.593750,37.33,104.06,15.671429,PM2.5,22403
11.010000,12.310000,2.770000,1.730000,0.150000,72.320000,2.160000,-5.460000,284.179993,46.869999,84144.109375,37.33,104.23,15.728572,PM2.5,22404
10.950000,12.180000,2.190000,1.190000,0.150000,70.900002,1.800000,-5.030000,284.260010,46.939999,84230.539062,37.33,104.4,15.642857,PM2.5,22405
10.990000,12.220000,2.060000,1.070000,0.150000,70.169998,1.370000,-4.700000,284.670013,46.150002,84814.140625,37.33,104.57,15.700000,PM2.5,22406
8.080000,8.890000,1.080000,0.790000,0.150000,87.709999,0.800000,-4.620000,267.660004,81.959999,64141.128906,37.44,102.35,11.542857,PM2.5,22646
9.400000,10.580000,1.410000,1.340000,0.170000,86.160004,-0.170000,-3.980000,271.510010,73.860001,69070.156250,37.44,102.52,13.428571,PM2.5,22647
10.470000,11.940000,1.990000,2.220000,0.180000,83.129997,0.220000,-3.490000,275.799988,62.779999,74273.570312,37.44,102.69,14.957143,PM2.5,22648
10.820000,12.210000,2.180000,2.600000,0.180000,77.989998,0.870000,-2.930000,278.220001,57.799999,77006.531250,37.45,102.87,15.457143,PM2.5,22649
10.780000,11.890000,1.940000,2.140000,0.170000,75.669998,1.580000,-2.820000,278.450012,57.919998,77187.859375,37.45,103.04,15.400000,PM2.5,22650
10.820000,11.730000,1.720000,1.670000,0.160000,74.430000,2.260000,-3.130000,278.829987,57.290001,77680.906250,37.45,103.21,15.457143,PM2.5,22651
10.850000,11.630000,1.610000,1.420000,0.160000,73.599998,2.580000,-3.290000,280.779999,52.990002,79956.273438,37.45,103.38,15.500001,PM2.5,22652
10.960000,11.700000,1.600000,1.280000,0.160000,72.980003,2.940000,-3.380000,281.250000,52.680000,80586.960938,37.46,103.55,15.657143,PM2.5,22653
11.050000,11.720000,1.640000,1.140000,0.150000,72.790001,3.230000,-4.050000,280.399994,55.580002,79637.000000,37.46,103.72,15.785714,PM2.5,22654
11.070000,11.770000,1.820000,1.180000,0.150000,72.370003,3.040000,-4.900000,281.750000,52.570000,81323.812500,37.46,103.89,15.814285,PM2.5,22655
11.110000,12.030000,2.730000,1.760000,0.150000,71.739998,2.760000,-5.090000,283.690002,48.520000,83688.562500,37.46,104.06,15.871428,PM2.5,22656
8.030000,8.670000,1.000000,0.790000,0.150000,87.919998,2.680000,-4.340000,265.089996,91.760002,62411.628906,37.57,102.18,11.471428,PM2.5,22899
8.640000,9.640000,1.150000,1.070000,0.160000,88.339996,3.160000,-4.110000,268.570007,82.519997,65799.593750,37.57,102.35,12.342857,PM2.5,22900
10.070000,11.650000,1.660000,1.860000,0.180000,86.690002,1.720000,-4.010000,274.809998,63.400002,72612.679688,37.58,102.52,14.385714,PM2.5,22901
10.960000,12.900000,2.650000,3.200000,0.200000,82.599998,0.990000,-3.360000,279.529999,52.849998,78156.882812,37.58,102.69,15.657143,PM2.5,22902
11.640000,13.580000,3.340000,4.170000,0.220000,78.470001,1.050000,-2.480000,281.679993,49.790001,80774.656250,37.58,102.86,16.628572,PM2.5,22903
11.510000,12.860000,2.820000,3.230000,0.200000,75.690002,1.480000,-2.220000,282.250000,49.610001,81488.960938,37.59,103.03,16.442858,PM2.5,22904
11.450000,12.460000,2.310000,2.320000,0.180000,73.839996,2.320000,-2.520000,282.209991,50.040001,81557.406250,37.59,103.2,16.357143,PM2.5,22905
11.410000,12.260000,2.000000,1.770000,0.170000,72.800003,2.670000,-2.810000,282.790009,48.880001,82215.218750,37.59,103.37,16.299999,PM2.5,22906
11.450000,12.310000,1.870000,1.560000,0.160000,72.029999,2.580000,-3.030000,283.070007,48.779999,82618.343750,37.59,103.55,16.357143,PM2.5,22907
11.420000,12.220000,1.750000,1.330000,0.160000,71.309998,2.730000,-3.460000,282.839996,50.029999,82560.859375,37.59,103.72,16.314285,PM2.5,22908
7.510000,8.100000,1.080000,0.880000,0.160000,91.019997,0.670000,-3.150000,269.450012,79.190002,67121.203125,37.7,101.83,10.728572,PM2.5,23150
8.950000,9.910000,1.180000,1.100000,0.160000,89.739998,3.030000,-1.680000,270.410004,79.089996,68277.367188,37.71,102.17,12.785714,PM2.5,23152
9.870000,11.220000,1.390000,1.540000,0.170000,88.349998,3.470000,-2.570000,273.529999,68.779999,71488.421875,37.71,102.34,14.099999,PM2.5,23153
10.790000,13.020000,2.330000,3.040000,0.200000,85.500000,2.770000,-3.550000,278.410004,54.580002,76672.609375,37.71,102.52,15.414286,PM2.5,23154
11.750000,14.320000,3.610000,4.510000,0.230000,82.440002,1.830000,-3.140000,282.329987,47.790001,81252.851562,37.72,102.69,16.785715,PM2.5,23155
12.250000,14.370000,4.140000,4.970000,0.240000,79.480003,1.370000,-2.440000,284.250000,45.299999,83580.843750,37.72,102.86,17.500000,PM2.5,23156
12.160000,13.580000,3.610000,3.850000,0.210000,75.570000,1.570000,-2.310000,284.420013,45.400002,83947.101562,37.72,103.03,17.371428,PM2.5,23157
12.010000,13.070000,2.950000,2.760000,0.190000,73.400002,2.260000,-2.460000,283.880005,46.540001,83484.273438,37.72,103.2,17.157143,PM2.5,23158
11.910000,12.820000,2.440000,2.100000,0.180000,72.110001,2.630000,-2.830000,283.500000,47.369999,83132.851562,37.73,103.37,17.014286,PM2.5,23159
11.880000,12.830000,2.190000,1.820000,0.170000,71.489998,2.710000,-3.110000,283.679993,47.220001,83470.359375,37.73,103.54,16.971428,PM2.5,23160
11.760000,12.680000,1.960000,1.520000,0.160000,70.860001,2.760000,-3.320000,284.179993,46.889999,84198.726562,37.73,103.71,16.800001,PM2.5,23161
6.980000,7.280000,0.860000,0.560000,0.150000,90.750000,-0.220000,-5.070000,266.839996,83.309998,64169.519531,37.82,101.31,9.971429,PM2.5,23403
8.050000,8.710000,1.120000,0.880000,0.160000,90.820000,1.980000,-2.790000,270.829987,71.989998,68568.953125,37.83,101.65,11.500000,PM2.5,23405
9.060000,10.150000,1.770000,1.510000,0.170000,90.120003,1.910000,-1.720000,273.809998,64.970001,71799.593750,37.83,101.83,12.942858,PM2.5,23406
9.850000,11.090000,1.910000,1.720000,0.180000,88.790001,2.220000,-0.930000,274.809998,64.349998,72930.726562,37.84,102.0,14.071429,PM2.5,23407
10.520000,11.980000,1.880000,1.920000,0.190000,87.500000,2.890000,-1.250000,275.559998,63.290001,73721.117188,37.84,102.17,15.028572,PM2.5,23408
11.040000,12.920000,2.110000,2.590000,0.200000,85.230003,3.070000,-2.340000,277.970001,56.029999,76225.031250,37.84,102.34,15.771428,PM2.5,23409
12.200000,16.240000,4.630000,7.090000,0.290000,83.620003,2.550000,-3.120000,281.579987,48.349998,80299.898438,37.85,102.51,17.428572,PM2.5,23410
13.510000,17.930000,6.860000,9.480000,0.340000,81.449997,1.910000,-2.650000,284.630005,44.160000,84036.101562,37.85,102.68,19.300001,PM2.5,23411
13.220000,15.570000,5.660000,5.800000,0.280000,78.190002,1.580000,-2.250000,285.529999,43.119999,85181.023438,37.85,102.85,18.885715,PM2.5,23412
12.980000,14.490000,4.860000,4.130000,0.240000,75.400002,1.920000,-2.380000,284.760010,44.680000,84550.117188,37.86,103.03,18.542856,PM2.5,23413
12.630000,13.690000,3.830000,2.960000,0.210000,72.690002,2.450000,-2.380000,284.239990,45.700001,84044.437500,37.86,103.2,18.042858,PM2.5,23414
12.390000,13.250000,3.020000,2.210000,0.180000,71.290001,2.680000,-2.500000,284.089996,46.259998,83981.726562,37.86,103.37,17.700001,PM2.5,23415
7.200000,7.480000,0.900000,0.560000,0.140000,90.029999,0.740000,-4.630000,266.970001,85.570000,64684.269531,37.95,101.13,10.285714,PM2.5,23659
7.510000,7.900000,0.960000,0.640000,0.150000,90.129997,1.710000,-3.520000,268.559998,80.879997,66552.953125,37.96,101.31,10.728572,PM2.5,23660
8.160000,8.730000,1.030000,0.780000,0.150000,90.010002,2.800000,-2.770000,270.390015,75.940002,68611.406250,37.96,101.48,11.657143,PM2.5,23661
8.970000,9.810000,1.230000,1.080000,0.160000,89.620003,3.470000,-2.470000,271.899994,72.389999,70035.718750,37.96,101.65,12.814286,PM2.5,23662
9.910000,11.220000,1.740000,1.640000,0.180000,88.809998,3.050000,-2.050000,274.619995,64.690002,72605.679688,37.97,101.82,14.157143,PM2.5,23663
10.640000,12.190000,1.910000,1.960000,0.190000,86.430000,2.510000,-1.920000,276.589996,58.959999,74538.632812,37.97,101.99,15.200001,PM2.5,23664
11.170000,13.090000,2.050000,2.380000,0.210000,84.790001,2.410000,-2.330000,278.279999,54.470001,76371.203125,37.98,102.16,15.957143,PM2.5,23665
11.660000,14.050000,2.430000,3.190000,0.230000,83.230003,2.250000,-2.950000,281.510010,47.270000,80164.039062,37.98,102.34,16.657143,PM2.5,23666
12.840000,17.160000,4.410000,6.730000,0.320000,82.790001,2.500000,-2.830000,284.299988,43.070000,83633.773438,37.98,102.51,18.342857,PM2.5,23667
13.730000,18.209999,5.770000,8.370000,0.350000,81.269997,2.410000,-2.320000,285.679993,41.860001,85370.492188,37.99,102.68,19.614285,PM2.5,23668
13.390000,15.730000,4.970000,5.110000,0.280000,77.669998,1.940000,-2.330000,285.720001,42.230000,85575.023438,37.99,102.85,19.128572,PM2.5,23669
13.210000,14.780000,4.720000,3.900000,0.250000,74.730003,2.260000,-2.430000,284.970001,43.810001,84968.156250,37.99,103.02,18.871429,PM2.5,23670
12.920000,14.030000,4.150000,3.010000,0.220000,73.199997,2.670000,-2.270000,284.630005,44.810001,84755.789062,37.99,103.19,18.457144,PM2.5,23671
7.540000,7.920000,1.010000,0.790000,0.150000,89.480003,0.910000,-4.390000,267.619995,86.709999,65643.023438,38.08,100.96,10.771428,PM2.5,23912
7.600000,8.050000,1.030000,0.750000,0.150000,89.889999,2.250000,-3.500000,269.359985,80.730003,67726.039062,38.09,101.13,10.857142,PM2.5,23913
8.310000,8.960000,1.150000,0.900000,0.160000,89.430000,2.950000,-2.320000,272.029999,71.720001,70729.296875,38.09,101.3,11.871429,PM2.5,23914
9.050000,9.920000,1.230000,1.060000,0.160000,88.900002,3.530000,-1.450000,272.809998,71.389999,71473.242188,38.1,101.47,12.928572,PM2.5,23915
9.780000,11.000000,1.370000,1.390000,0.180000,88.050003,4.000000,-1.450000,272.910004,73.199997,71311.046875,38.1,101.64,13.971428,PM2.5,23916
10.540000,12.190000,1.510000,1.590000,0.190000,87.739998,3.780000,-2.210000,275.489990,63.400002,73638.367188,38.1,101.82,15.057143,PM2.5,23917
11.040000,13.440000,1.820000,2.310000,0.220000,85.639999,3.230000,-2.630000,278.799988,53.049999,77163.796875,38.11,101.99,15.771428,PM2.5,23918
11.450000,15.080000,2.400000,3.320000,0.250000,84.510002,3.140000,-2.720000,281.519989,46.450001,80280.640625,38.11,102.16,16.357143,PM2.5,23919
12.170000,16.490000,2.990000,4.310000,0.290000,83.129997,3.120000,-2.810000,284.059998,41.590000,83321.257812,38.12,102.33,17.385714,PM2.5,23920
12.940000,17.629999,3.650000,5.000000,0.320000,82.559998,3.130000,-2.450000,285.670013,39.790001,85324.632812,38.12,102.5,18.485714,PM2.5,23921
13.460000,17.940001,4.180000,5.270000,0.330000,80.910004,2.750000,-2.260000,286.029999,40.250000,85872.257812,38.12,102.68,19.228571,PM2.5,23922
13.440000,16.670000,4.470000,4.240000,0.290000,77.570000,2.440000,-2.500000,285.660004,41.160000,85747.718750,38.12,102.85,19.199999,PM2.5,23923
13.300000,15.970000,4.680000,3.790000,0.260000,75.070000,2.870000,-2.520000,285.220001,42.500000,85437.453125,38.13,103.02,19.000000,PM2.5,23924
13.140000,15.180000,4.560000,3.340000,0.240000,73.139999,3.030000,-2.280000,285.089996,43.529999,85447.828125,38.13,103.19,18.771429,PM2.5,23925
12.880000,14.390000,4.110000,2.840000,0.210000,71.349998,2.780000,-2.070000,285.040009,44.730000,85553.882812,38.13,103.36,18.400000,PM2.5,23926
7.940000,8.410000,1.140000,1.060000,0.160000,88.260002,1.000000,-4.160000,268.429993,85.480003,66483.382812,38.21,100.78,11.342857,PM2.5,24168
8.210000,8.800000,1.200000,1.180000,0.160000,89.139999,2.050000,-3.000000,272.049988,72.290001,70741.203125,38.22,100.95,11.728572,PM2.5,24169
8.590000,9.250000,1.200000,1.060000,0.160000,89.489998,3.480000,-2.270000,272.970001,71.129997,72040.398438,38.22,101.12,12.271429,PM2.5,24170
9.230000,10.080000,1.280000,1.120000,0.170000,88.809998,4.400000,-1.820000,273.309998,71.940002,72281.203125,38.23,101.29,13.185714,PM2.5,24171
9.970000,11.040000,1.360000,1.270000,0.170000,88.269997,4.210000,-1.000000,274.989990,66.650002,73623.078125,38.23,101.47,14.242858,PM2.5,24172
10.710000,12.260000,1.540000,1.730000,0.190000,87.169998,3.680000,-1.010000,277.309998,59.360001,75878.203125,38.24,101.64,15.300000,PM2.5,24173
11.220000,13.540000,1.720000,2.130000,0.220000,86.269997,3.620000,-1.530000,279.220001,53.540001,77996.851562,38.24,101.81,16.028572,PM2.5,24174
11.460000,16.040001,2.550000,3.250000,0.270000,84.730003,3.800000,-1.870000,281.190002,48.590000,80238.773438,38.24,101.98,16.371429,PM2.5,24175
11.440000,20.700001,4.340000,5.620000,0.370000,85.160004,3.790000,-2.060000,282.929993,44.730000,82216.617188,38.25,102.15,20.700001,PM10,24176
12.830000,20.760000,4.670000,5.470000,0.380000,83.650002,3.860000,-2.560000,284.119995,42.330002,83621.937500,38.25,102.33,20.760000,PM10,24177
13.550000,21.340000,5.110000,5.790000,0.390000,82.500000,4.150000,-2.760000,285.149994,40.389999,84856.726562,38.25,102.5,21.340000,PM10,24178
14.070000,21.080000,5.460000,5.750000,0.380000,80.790001,3.770000,-2.610000,285.820007,39.459999,85693.031250,38.26,102.67,21.080000,PM10,24179
14.090000,19.760000,5.880000,5.210000,0.340000,77.599998,3.230000,-2.690000,285.820007,39.950001,85953.828125,38.26,102.84,20.128572,PM2.5,24180
13.890000,18.690001,6.140000,4.850000,0.310000,74.769997,3.300000,-2.640000,285.510010,41.500000,85812.851562,38.26,103.02,19.842857,PM2.5,24181
13.640000,17.209999,5.970000,4.370000,0.280000,72.389999,3.120000,-2.420000,285.250000,43.150002,85714.796875,38.27,103.19,19.485714,PM2.5,24182
13.270000,15.700000,5.350000,3.750000,0.250000,70.449997,2.620000,-2.230000,285.140015,44.540001,85826.460938,38.27,103.36,18.957144,PM2.5,24183
8.000000,8.270000,0.910000,0.670000,0.140000,86.750000,0.570000,-3.200000,270.200012,71.870003,67651.273438,38.32,100.08,11.428572,PM2.5,24423
6.890000,7.260000,1.080000,0.920000,0.150000,85.790001,0.090000,-3.850000,266.839996,91.370003,64446.820312,38.34,100.42,9.842857,PM2.5,24425
8.400000,8.970000,1.200000,1.280000,0.160000,86.570000,1.330000,-3.380000,269.559998,81.930000,67602.796875,38.34,100.6,11.999999,PM2.5,24426
9.130000,10.090000,1.670000,2.130000,0.180000,87.699997,2.030000,-2.650000,274.320007,64.139999,72882.312500,38.35,100.77,13.042857,PM2.5,24427
9.270000,10.560000,2.130000,2.790000,0.200000,87.620003,2.640000,-1.270000,277.019989,56.459999,76150.609375,38.35,100.94,13.242858,PM2.5,24428
9.680000,11.000000,2.020000,2.420000,0.200000,87.610001,3.620000,-0.940000,275.630005,63.820000,74772.140625,38.36,101.11,13.828572,PM2.5,24429
10.180000,11.380000,1.680000,1.750000,0.190000,87.419998,4.660000,-1.600000,272.809998,77.430000,71680.796875,38.36,101.29,14.542857,PM2.5,24430
10.770000,12.080000,1.590000,1.660000,0.190000,87.589996,4.780000,-2.200000,274.820007,68.830002,73253.820312,38.37,101.46,15.385715,PM2.5,24431
11.380000,13.330000,1.770000,2.160000,0.220000,86.349998,4.220000,-2.430000,279.320007,53.840000,78072.617188,38.37,101.63,16.257143,PM2.5,24432
11.790000,14.690000,1.930000,2.500000,0.230000,84.830002,4.020000,-2.140000,280.470001,51.349998,79516.140625,38.38,101.8,16.842857,PM2.5,24433
11.460000,21.219999,4.630000,5.160000,0.360000,84.959999,3.890000,-2.270000,280.440002,51.910000,79522.390625,38.38,101.98,21.219999,PM10,24434
10.650000,32.849998,10.140000,10.790000,0.610000,88.849998,3.780000,-2.510000,282.760010,45.220001,82017.390625,38.38,102.15,32.849998,PM10,24435
13.910000,27.879999,8.950000,8.060000,0.480000,85.349998,4.080000,-2.790000,284.579987,40.810001,84131.703125,38.39,102.32,27.879999,PM10,24436
14.700000,26.520000,8.610000,7.260000,0.440000,82.809998,4.540000,-3.000000,285.239990,39.549999,85003.226562,38.39,102.5,26.520000,PM10,24437
15.240000,24.920000,8.280000,6.610000,0.400000,80.169998,3.990000,-2.840000,285.790009,39.320000,85798.187500,38.39,102.67,24.920000,PM10,24438
14.960000,23.299999,8.060000,6.250000,0.380000,77.260002,3.400000,-2.870000,285.859985,40.349998,86171.968750,38.4,102.84,23.299999,PM10,24439
14.540000,21.469999,7.740000,5.710000,0.350000,74.010002,3.450000,-2.700000,285.619995,41.939999,86092.546875,38.4,103.01,21.469999,PM10,24440
14.100000,19.120001,7.150000,5.100000,0.310000,71.339996,3.060000,-2.550000,285.309998,43.680000,85929.523438,38.4,103.19,20.142859,PM2.5,24441
13.570000,16.780001,6.150000,4.310000,0.280000,69.220001,2.500000,-2.390000,285.309998,44.590000,86209.851562,38.4,103.36,19.385714,PM2.5,24442
5.530000,5.670000,0.550000,0.170000,0.130000,77.269997,1.410000,0.520000,263.709991,69.989998,56587.949219,38.25,95.94,7.900000,PM2.5,24659
5.400000,5.540000,0.550000,0.150000,0.130000,77.160004,1.990000,0.770000,263.410004,73.349998,56504.019531,38.26,96.11,7.714286,PM2.5,24660
5.000000,5.130000,0.540000,0.140000,0.130000,76.870003,1.970000,-0.130000,265.109985,67.510002,57996.691406,38.27,96.28,7.142857,PM2.5,24661
4.610000,4.740000,0.520000,0.130000,0.130000,78.150002,0.930000,-1.530000,266.450012,66.150002,59530.609375,38.28,96.45,6.585714,PM2.5,24662
4.410000,4.550000,0.540000,0.120000,0.130000,78.339996,0.040000,-1.920000,266.630005,68.650002,60064.679688,38.29,96.62,6.300000,PM2.5,24663
7.860000,8.120000,0.860000,0.750000,0.140000,85.440002,0.060000,-2.070000,268.279999,76.269997,65894.421875,38.45,99.73,11.228572,PM2.5,24681
8.530000,8.840000,0.910000,0.840000,0.140000,86.339996,-0.150000,-2.240000,270.510010,69.800003,68334.679688,38.45,99.9,12.185714,PM2.5,24682
9.140000,9.590000,1.050000,1.050000,0.150000,86.000000,0.640000,-3.600000,268.279999,85.589996,65978.828125,38.46,100.24,13.057143,PM2.5,24684
9.510000,10.090000,1.120000,1.360000,0.150000,85.150002,1.390000,-2.970000,272.480011,70.529999,70545.546875,38.47,100.42,13.585714,PM2.5,24685
9.280000,10.110000,1.350000,1.860000,0.170000,85.860001,2.430000,-1.940000,277.329987,54.709999,76170.539062,38.48,100.59,13.257142,PM2.5,24686
9.660000,10.670000,1.720000,2.450000,0.180000,85.790001,3.090000,-1.400000,279.309998,50.160000,78319.632812,38.48,100.76,13.800000,PM2.5,24687
10.050000,11.320000,2.050000,2.970000,0.200000,85.150002,2.950000,-0.590000,279.500000,51.410000,78720.492188,38.49,100.94,14.357143,PM2.5,24688
10.450000,11.810000,2.030000,2.750000,0.210000,85.120003,3.350000,-0.280000,278.220001,57.119999,77378.953125,38.49,101.11,14.928571,PM2.5,24689
10.970000,12.180000,1.720000,2.120000,0.200000,84.900002,4.370000,-0.870000,276.320007,64.750000,75237.281250,38.5,101.28,15.671429,PM2.5,24690
11.470000,12.750000,1.640000,2.000000,0.200000,85.059998,5.250000,-2.090000,277.000000,62.689999,75959.742188,38.5,101.45,16.385715,PM2.5,24691
12.100000,13.540000,1.630000,1.870000,0.200000,84.800003,5.540000,-2.720000,278.760010,57.070000,77772.250000,38.51,101.63,17.285715,PM2.5,24692
12.820000,14.520000,1.690000,1.800000,0.210000,83.500000,5.220000,-2.870000,277.970001,60.060001,76915.796875,38.51,101.8,18.314285,PM2.5,24693
12.250000,21.120001,5.510000,4.800000,0.330000,84.250000,4.630000,-3.200000,279.100006,55.590000,77967.000000,38.51,101.97,21.120001,PM10,24694
11.540000,33.900002,13.650000,11.540000,0.580000,89.209999,4.250000,-3.480000,283.649994,42.380001,82851.351562,38.52,102.15,33.900002,PM10,24695
14.250000,30.360001,12.000000,9.290000,0.510000,85.199997,4.310000,-3.250000,286.000000,37.349998,85685.671875,38.52,102.32,30.360001,PM10,24696
15.160000,28.040001,10.510000,7.860000,0.460000,81.989998,4.380000,-3.280000,286.170013,37.619999,86068.906250,38.52,102.49,28.040001,PM10,24697
15.660000,25.030001,9.220000,6.500000,0.400000,78.949997,3.640000,-3.040000,286.230011,38.930000,86409.179688,38.53,102.66,25.030001,PM10,24698
15.220000,23.000000,8.510000,5.790000,0.370000,75.440002,3.170000,-2.750000,285.910004,41.349998,86502.773438,38.53,102.84,23.000000,PM10,24699
14.730000,20.950001,7.710000,5.380000,0.340000,71.800003,3.190000,-2.670000,285.859985,42.450001,86463.757812,38.53,103.01,21.042856,PM2.5,24700
14.290000,18.980000,7.080000,5.050000,0.310000,69.639999,2.820000,-2.630000,285.630005,43.730000,86492.421875,38.54,103.18,20.414286,PM2.5,24701
13.710000,16.520000,5.780000,3.940000,0.270000,67.449997,2.430000,-2.540000,285.579987,44.500000,86752.093750,38.54,103.36,19.585714,PM2.5,24702
13.030000,14.720000,4.350000,2.860000,0.220000,65.959999,1.770000,-2.490000,285.269989,45.959999,86798.796875,38.54,103.53,18.614285,PM2.5,24703
5.780000,5.920000,0.580000,0.210000,0.130000,76.849998,0.800000,1.390000,268.230011,51.580002,60684.878906,38.33,95.23,8.257143,PM2.5,24913
5.770000,5.920000,0.580000,0.220000,0.130000,77.120003,1.430000,0.980000,267.390015,53.660000,59763.460938,38.34,95.41,8.242857,PM2.5,24914
5.760000,5.910000,0.570000,0.200000,0.130000,77.300003,1.560000,0.540000,265.450012,60.139999,58021.699219,38.36,95.58,8.228572,PM2.5,24915
5.650000,5.790000,0.570000,0.190000,0.130000,77.169998,1.780000,0.550000,264.160004,65.900002,57024.429688,38.37,95.75,8.071428,PM2.5,24916
5.460000,5.600000,0.560000,0.160000,0.130000,77.040001,1.600000,0.340000,264.940002,64.339996,57804.609375,38.38,95.92,7.800000,PM2.5,24917
5.020000,5.150000,0.540000,0.140000,0.130000,76.139999,0.640000,-0.720000,267.040009,60.480000,60014.558594,38.39,96.09,7.171429,PM2.5,24918
4.840000,4.970000,0.550000,0.130000,0.130000,76.220001,-0.330000,-1.860000,267.750000,60.799999,61168.078125,38.4,96.27,6.914286,PM2.5,24919
4.620000,4.750000,0.540000,0.130000,0.130000,76.980003,-0.380000,-1.950000,266.380005,66.449997,60060.800781,38.41,96.44,6.600000,PM2.5,24920
4.360000,4.510000,0.540000,0.130000,0.130000,79.889999,-0.300000,-1.820000,265.640015,70.940002,59421.750000,38.42,96.61,6.228571,PM2.5,24921
7.960000,8.260000,0.880000,0.890000,0.140000,84.169998,0.660000,-1.800000,265.929993,85.029999,63428.519531,38.57,99.54,11.371428,PM2.5,24938
8.640000,9.000000,0.940000,0.950000,0.140000,86.040001,0.340000,-3.250000,267.559998,79.860001,65056.921875,38.58,99.72,12.342857,PM2.5,24939
9.520000,9.910000,1.010000,1.040000,0.150000,86.959999,0.070000,-3.380000,270.690002,69.269997,68350.242188,38.59,99.89,13.600000,PM2.5,24940
10.130000,10.610000,1.090000,1.380000,0.150000,86.220001,0.180000,-3.050000,272.000000,67.529999,69783.132812,38.59,100.06,14.471429,PM2.5,24941
10.590000,11.260000,1.250000,1.750000,0.150000,85.900002,1.280000,-2.770000,274.160004,63.049999,72167.640625,38.6,100.24,15.128572,PM2.5,24942
10.070000,10.970000,1.390000,2.260000,0.160000,85.559998,2.400000,-1.960000,279.250000,49.349998,78057.203125,38.61,100.41,14.385714,PM2.5,24943
10.010000,11.190000,1.620000,2.650000,0.180000,85.550003,3.170000,-0.980000,282.100006,43.439999,81584.156250,38.61,100.58,14.300000,PM2.5,24944
10.520000,11.730000,1.690000,2.800000,0.190000,84.510002,3.310000,-0.730000,282.019989,45.099998,81563.882812,38.62,100.76,15.028572,PM2.5,24945
10.820000,12.090000,1.790000,2.980000,0.200000,83.239998,3.150000,-0.520000,281.589996,47.720001,81210.351562,38.62,100.93,15.457143,PM2.5,24946
11.180000,12.590000,1.880000,3.120000,0.210000,83.019997,3.590000,0.070000,281.130005,50.430000,80773.328125,38.63,101.1,15.971429,PM2.5,24947
11.720000,13.040000,1.790000,2.820000,0.210000,82.989998,4.330000,0.020000,280.170013,53.930000,79699.726562,38.63,101.27,16.742857,PM2.5,24948
12.260000,13.600000,1.720000,2.530000,0.210000,83.150002,5.030000,-0.740000,279.359985,56.700001,78808.921875,38.64,101.45,17.514286,PM2.5,24949
12.910000,14.260000,1.690000,2.030000,0.210000,82.180000,5.160000,-1.610000,278.309998,60.250000,77585.453125,38.64,101.62,18.442858,PM2.5,24950
13.410000,14.690000,1.670000,1.760000,0.200000,81.419998,5.120000,-2.430000,277.549988,62.389999,76667.281250,38.65,101.79,19.157143,PM2.5,24951
12.910000,20.570000,5.720000,4.510000,0.310000,82.320000,5.280000,-3.360000,280.700012,50.509998,79786.078125,38.65,101.97,20.570000,PM10,24952
12.510000,32.709999,14.720000,10.730000,0.540000,86.500000,5.330000,-3.710000,284.940002,39.540001,84478.382812,38.65,102.14,32.709999,PM10,24953
14.550000,28.270000,11.320000,8.000000,0.450000,83.290001,5.160000,-3.460000,286.709991,35.959999,86478.398438,38.66,102.31,28.270000,PM10,24954
15.270000,26.719999,9.890000,6.740000,0.430000,79.500000,4.780000,-3.450000,286.709991,37.020000,86840.046875,38.66,102.49,26.719999,PM10,24955
15.750000,23.530001,8.360000,5.360000,0.370000,76.449997,3.970000,-2.910000,286.369995,39.650002,86866.773438,38.66,102.66,23.530001,PM10,24956
15.270000,21.180000,7.250000,4.600000,0.340000,73.370003,3.230000,-2.440000,286.000000,42.320000,86806.453125,38.67,102.83,21.814287,PM2.5,24957
14.720000,19.420000,6.470000,4.360000,0.310000,69.940002,3.070000,-2.530000,285.890015,43.470001,86799.039062,38.67,103.01,21.028572,PM2.5,24958
14.280000,17.620001,5.660000,3.910000,0.280000,67.550003,2.970000,-2.690000,285.859985,43.869999,86918.601562,38.67,103.18,20.400000,PM2.5,24959
13.700000,15.680000,4.480000,2.940000,0.240000,65.279999,2.520000,-2.700000,285.709991,44.509998,87040.257812,38.67,103.35,19.571428,PM2.5,24960
12.960000,14.200000,3.450000,2.130000,0.200000,64.330002,1.890000,-2.590000,285.309998,45.900002,87044.820312,38.68,103.53,18.514286,PM2.5,24961
12.280000,13.180000,2.430000,1.380000,0.180000,62.779999,1.550000,-2.520000,285.019989,46.540001,87084.187500,38.68,103.7,17.542856,PM2.5,24962
11.730000,12.470000,1.790000,0.910000,0.160000,62.410000,0.920000,-2.320000,284.829987,46.360001,87172.281250,38.68,103.87,16.757143,PM2.5,24963
4.940000,5.050000,0.690000,0.260000,0.140000,74.269997,-1.520000,-6.110000,272.359985,42.349998,67361.906250,38.42,94.53,7.057143,PM2.5,25159
4.900000,5.010000,0.650000,0.220000,0.130000,73.669998,-1.460000,-3.210000,271.760010,43.779999,65380.390625,38.43,94.7,7.000000,PM2.5,25160
4.990000,5.110000,0.630000,0.180000,0.130000,74.040001,-1.790000,-0.970000,269.440002,48.840000,62283.000000,38.44,94.87,7.128571,PM2.5,25161
5.260000,5.380000,0.620000,0.160000,0.130000,75.230003,-0.910000,-0.470000,267.790009,53.770000,60850.761719,38.45,95.05,7.514286,PM2.5,25162
5.090000,5.220000,0.590000,0.170000,0.130000,75.120003,-0.010000,-0.140000,268.839996,50.290001,61630.628906,38.47,95.22,7.271429,PM2.5,25163
5.380000,5.510000,0.590000,0.170000,0.130000,76.559998,0.230000,-0.020000,268.940002,49.889999,61594.550781,38.48,95.39,7.685714,PM2.5,25164
5.440000,5.570000,0.580000,0.170000,0.130000,76.889999,0.520000,0.200000,267.670013,54.250000,60445.949219,38.49,95.56,7.771429,PM2.5,25165
5.070000,5.200000,0.560000,0.160000,0.130000,76.699997,0.230000,-0.250000,267.440002,56.200001,60404.371094,38.5,95.74,7.242857,PM2.5,25166
4.920000,5.040000,0.560000,0.140000,0.130000,76.599998,-0.670000,-1.550000,268.420013,54.680000,61706.230469,38.51,95.91,7.028572,PM2.5,25167
4.880000,5.010000,0.570000,0.130000,0.130000,76.629997,-1.290000,-2.610000,268.190002,57.080002,61820.839844,38.53,96.08,6.971429,PM2.5,25168
4.710000,4.860000,0.570000,0.140000,0.130000,76.050003,-1.630000,-2.340000,266.739990,64.410004,60771.890625,38.54,96.25,6.728571,PM2.5,25169
4.480000,4.640000,0.570000,0.140000,0.130000,77.320000,-1.450000,-1.930000,266.010010,68.930000,60319.589844,38.55,96.42,6.400000,PM2.5,25170
4.390000,4.570000,0.580000,0.160000,0.130000,80.959999,-0.830000,-1.760000,266.489990,68.980003,60850.750000,38.56,96.6,6.271429,PM2.5,25171
4.440000,4.610000,0.590000,0.160000,0.130000,83.620003,-0.540000,-1.570000,267.359985,63.070000,61605.281250,38.57,96.77,6.342857,PM2.5,25172
4.440000,4.600000,0.580000,0.160000,0.130000,84.750000,-0.470000,-1.620000,267.679993,56.320000,61628.320312,38.58,96.94,6.342857,PM2.5,25173
9.190000,9.600000,1.000000,1.060000,0.150000,84.389999,0.220000,-1.560000,267.290009,82.419998,65083.109375,38.71,99.54,13.128571,PM2.5,25188
9.660000,10.100000,1.030000,1.140000,0.150000,85.550003,0.610000,-2.520000,269.940002,72.809998,68018.218750,38.72,99.71,13.800000,PM2.5,25189
10.510000,10.990000,1.100000,1.200000,0.150000,86.089996,1.370000,-3.250000,271.809998,66.059998,69790.929688,38.72,99.88,15.014286,PM2.5,25190
11.020000,11.630000,1.230000,1.590000,0.150000,84.570000,1.570000,-2.940000,275.459991,55.930000,73422.843750,38.73,100.06,15.742858,PM2.5,25191
11.130000,12.280000,1.650000,3.000000,0.160000,83.680000,2.230000,-2.100000,280.339996,45.380001,79058.492188,38.74,100.23,15.900001,PM2.5,25192
10.790000,12.470000,2.080000,3.850000,0.180000,84.309998,2.740000,-1.080000,283.640015,39.910000,83064.781250,38.74,100.4,15.414286,PM2.5,25193
11.030000,12.970000,2.400000,4.250000,0.200000,82.089996,2.480000,-0.330000,284.339996,39.970001,84368.203125,38.75,100.58,15.757142,PM2.5,25194
11.520000,13.390000,2.500000,4.370000,0.210000,81.940002,2.150000,-0.030000,283.640015,43.580002,83909.406250,38.75,100.75,16.457144,PM2.5,25195
11.930000,13.690000,2.570000,4.340000,0.220000,80.800003,2.390000,0.120000,282.410004,48.360001,82721.093750,38.76,100.92,17.042858,PM2.5,25196
12.450000,14.250000,2.630000,4.230000,0.230000,80.589996,3.250000,0.540000,281.290009,52.619999,81421.382812,38.76,101.1,17.785713,PM2.5,25197
12.960000,14.580000,2.390000,3.550000,0.230000,79.639999,4.000000,0.610000,279.899994,56.759998,79739.867188,38.77,101.27,18.514286,PM2.5,25198
13.560000,17.920000,4.200000,3.640000,0.270000,78.389999,5.960000,-2.520000,284.359985,41.470001,83959.039062,38.78,101.96,19.371429,PM2.5,25202
13.550000,24.190001,8.870000,6.520000,0.380000,79.680000,6.150000,-2.760000,286.250000,37.360001,86127.562500,38.79,102.14,24.190001,PM10,25203
14.630000,22.709999,7.560000,5.330000,0.350000,77.309998,5.880000,-2.900000,286.739990,37.080002,86874.976562,38.79,102.31,22.709999,PM10,25204
15.160000,21.530001,6.580000,4.450000,0.340000,74.959999,5.310000,-2.980000,286.649994,38.610001,87043.507812,38.8,102.48,21.657143,PM2.5,25205
15.440000,19.950001,5.770000,3.650000,0.310000,72.779999,4.070000,-2.450000,286.239990,41.459999,86870.250000,38.8,102.66,22.057142,PM2.5,25206
15.070000,18.490000,5.100000,3.250000,0.280000,70.550003,3.290000,-2.180000,285.899994,43.700001,86808.851562,38.8,102.83,21.528570,PM2.5,25207
14.590000,17.370001,4.670000,3.060000,0.260000,68.160004,3.080000,-2.080000,285.799988,44.490002,86983.140625,38.8,103.0,20.842857,PM2.5,25208
14.090000,16.059999,4.040000,2.640000,0.240000,65.550003,3.010000,-2.320000,285.750000,44.730000,87136.656250,38.81,103.18,20.128572,PM2.5,25209
13.550000,14.820000,3.320000,2.060000,0.210000,63.959999,2.690000,-2.360000,285.549988,45.220001,87146.546875,38.81,103.35,19.357143,PM2.5,25210
12.770000,13.640000,2.640000,1.520000,0.190000,62.480000,1.790000,-2.490000,285.230011,45.950001,87172.906250,38.81,103.52,18.242857,PM2.5,25211
11.830000,12.530000,2.050000,1.050000,0.170000,62.480000,1.090000,-2.230000,284.839996,46.480000,87283.656250,38.81,103.7,16.900000,PM2.5,25212
11.700000,12.280000,1.610000,0.720000,0.150000,61.869999,0.350000,-2.070000,284.589996,45.900002,87287.523438,38.81,103.87,16.714285,PM2.5,25213
5.100000,5.210000,0.720000,0.240000,0.140000,74.650002,0.630000,-5.210000,273.640015,38.650002,69426.281250,38.55,94.51,7.285714,PM2.5,25401
4.790000,4.910000,0.680000,0.160000,0.140000,74.470001,-1.080000,-3.160000,272.630005,41.360001,67160.421875,38.56,94.69,6.842857,PM2.5,25402
4.780000,4.890000,0.650000,0.150000,0.130000,73.720001,-2.220000,-1.780000,270.600006,45.889999,64085.429688,38.58,94.86,6.828572,PM2.5,25403
4.840000,4.950000,0.640000,0.140000,0.130000,74.750000,-1.830000,-1.380000,270.640015,45.410000,64178.480469,38.59,95.03,6.914286,PM2.5,25404
4.810000,4.930000,0.620000,0.140000,0.130000,75.440002,-1.460000,-1.350000,271.279999,43.270000,64659.031250,38.6,95.2,6.871428,PM2.5,25405
5.070000,5.190000,0.600000,0.140000,0.130000,75.510002,-1.470000,-1.110000,270.399994,45.930000,63687.750000,38.61,95.38,7.242857,PM2.5,25406
5.240000,5.360000,0.590000,0.140000,0.130000,75.769997,-1.680000,-1.410000,270.670013,46.020000,64046.300781,38.63,95.55,7.485714,PM2.5,25407
4.880000,4.990000,0.580000,0.140000,0.130000,75.980003,-2.150000,-1.820000,270.649994,46.540001,64126.898438,38.64,95.72,6.971429,PM2.5,25408
4.830000,4.950000,0.580000,0.130000,0.130000,76.550003,-1.900000,-2.220000,267.839996,55.130001,61524.609375,38.65,95.89,6.900000,PM2.5,25409
4.850000,4.980000,0.600000,0.130000,0.130000,75.980003,-1.520000,-2.250000,265.160004,67.139999,59444.371094,38.66,96.07,6.928571,PM2.5,25410
4.730000,4.890000,0.610000,0.140000,0.130000,77.260002,-1.440000,-2.030000,266.269989,68.070000,61179.328125,38.67,96.24,6.757143,PM2.5,25411
4.610000,4.770000,0.600000,0.140000,0.140000,82.230003,-0.850000,-2.030000,269.309998,57.770000,64125.820312,38.68,96.41,6.585714,PM2.5,25412
4.770000,4.940000,0.610000,0.160000,0.140000,83.989998,-0.510000,-1.720000,270.149994,54.049999,64775.828125,38.69,96.58,6.814286,PM2.5,25413
4.860000,5.030000,0.610000,0.170000,0.130000,85.660004,-0.870000,-1.650000,268.980011,53.820000,63334.140625,38.7,96.76,6.942857,PM2.5,25414
4.850000,5.000000,0.610000,0.170000,0.130000,86.290001,-1.200000,-1.810000,266.700012,55.160000,60939.531250,38.72,96.93,6.928571,PM2.5,25415
8.920000,9.320000,0.980000,0.770000,0.140000,82.370003,1.140000,-2.370000,264.679993,87.290001,61736.570312,38.83,99.18,12.742857,PM2.5,25428
9.610000,10.120000,1.030000,0.970000,0.150000,83.949997,0.520000,-2.310000,266.390015,84.949997,63716.351562,38.84,99.35,13.728571,PM2.5,25429
10.440000,10.960000,1.080000,1.260000,0.150000,85.250000,0.380000,-2.040000,271.559998,66.489998,69771.328125,38.84,99.53,14.914285,PM2.5,25430
10.940000,11.460000,1.110000,1.510000,0.150000,85.889999,1.370000,-1.920000,275.609985,53.880001,74340.593750,38.85,99.7,15.628571,PM2.5,25431
11.590000,12.170000,1.180000,1.620000,0.150000,84.849998,2.330000,-2.300000,276.779999,51.150002,75245.460938,38.86,99.87,16.557142,PM2.5,25432
11.930000,12.890000,1.400000,2.310000,0.160000,82.169998,2.860000,-2.510000,279.540009,45.570000,78011.773438,38.86,100.05,17.042858,PM2.5,25433
12.050000,14.420000,2.710000,5.990000,0.190000,80.870003,2.960000,-2.070000,284.019989,37.680000,83059.406250,38.87,100.22,17.214287,PM2.5,25434
11.930000,16.959999,5.050000,11.450000,0.260000,79.910004,2.010000,-1.060000,285.769989,36.779999,85678.789062,38.88,100.39,17.042858,PM2.5,25435
12.690000,15.790000,4.270000,8.200000,0.250000,79.379997,0.810000,-0.230000,284.859985,41.779999,85255.609375,38.88,100.57,18.128571,PM2.5,25436
13.160000,15.440000,3.890000,6.690000,0.240000,79.080002,0.890000,0.160000,282.260010,49.310001,82231.968750,38.89,100.74,18.799999,PM2.5,25437
13.700000,15.660000,3.770000,5.920000,0.240000,76.790001,2.180000,0.320000,279.869995,57.020000,79502.390625,38.89,100.92,19.571428,PM2.5,25438
13.940000,16.299999,4.200000,5.940000,0.260000,75.519997,3.330000,0.610000,279.970001,56.529999,79589.382812,38.9,101.09,19.914286,PM2.5,25439
14.560000,16.450001,3.470000,3.260000,0.240000,73.330002,5.930000,-2.310000,286.649994,38.419998,86931.000000,38.92,102.13,20.800001,PM2.5,25445
14.870000,16.910000,3.670000,3.090000,0.250000,72.180000,5.440000,-2.610000,286.399994,39.849998,86793.140625,38.93,102.31,21.242857,PM2.5,25446
14.980000,17.059999,3.770000,2.850000,0.260000,70.459999,4.700000,-2.630000,285.970001,41.840000,86489.976562,38.93,102.48,21.400000,PM2.5,25447
14.820000,16.750000,3.680000,2.490000,0.250000,68.730003,3.650000,-2.360000,285.589996,44.209999,86230.671875,38.93,102.65,21.171429,PM2.5,25448
14.620000,16.299999,3.550000,2.360000,0.240000,68.000000,3.520000,-2.120000,285.279999,45.549999,86211.171875,38.94,102.83,20.885714,PM2.5,25449
14.560000,15.940000,3.350000,2.140000,0.220000,66.650002,3.310000,-1.860000,285.429993,45.320000,86621.656250,38.94,103.0,20.800001,PM2.5,25450
13.970000,15.070000,3.100000,1.880000,0.210000,64.879997,2.870000,-1.950000,285.500000,45.430000,87050.687500,38.94,103.17,19.957144,PM2.5,25451
13.240000,14.060000,2.670000,1.520000,0.190000,63.090000,2.120000,-2.160000,285.369995,45.730000,87181.109375,38.94,103.35,18.914286,PM2.5,25452
12.510000,13.140000,2.230000,1.150000,0.170000,61.570000,1.310000,-2.190000,284.890015,46.419998,87192.351562,38.95,103.52,17.871429,PM2.5,25453
12.100000,12.600000,1.760000,0.790000,0.160000,61.709999,0.480000,-1.860000,284.679993,46.040001,87320.906250,38.95,103.7,17.285715,PM2.5,25454
11.710000,12.190000,1.550000,0.590000,0.150000,61.790001,-0.200000,-1.690000,284.279999,45.240002,87425.796875,38.95,103.87,16.728571,PM2.5,25455
11.910000,12.450000,1.540000,0.490000,0.150000,61.490002,-0.110000,-1.470000,283.929993,45.189999,87274.953125,38.95,104.04,17.014286,PM2.5,25456
5.340000,5.460000,0.760000,0.270000,0.140000,75.440002,1.270000,-3.830000,275.269989,34.950001,71099.046875,38.68,94.5,7.628572,PM2.5,25645
4.990000,5.100000,0.730000,0.180000,0.140000,75.809998,-1.550000,-2.770000,274.769989,35.060001,69714.273438,38.7,94.67,7.128571,PM2.5,25646
4.940000,5.050000,0.710000,0.160000,0.140000,75.000000,-3.020000,-2.200000,274.140015,36.270000,68410.273438,38.71,94.84,7.057143,PM2.5,25647
4.900000,5.010000,0.680000,0.150000,0.140000,75.309998,-3.080000,-1.640000,273.980011,36.320000,68060.117188,38.72,95.01,7.000000,PM2.5,25648
4.820000,4.930000,0.660000,0.140000,0.140000,76.260002,-3.580000,-1.770000,273.399994,37.060001,67205.906250,38.74,95.19,6.885715,PM2.5,25649
4.760000,4.860000,0.640000,0.130000,0.140000,77.120003,-4.300000,-2.050000,272.390015,39.459999,66130.953125,38.75,95.36,6.800000,PM2.5,25650
4.700000,4.800000,0.630000,0.130000,0.140000,77.320000,-4.450000,-2.770000,271.339996,42.790001,65159.160156,38.76,95.53,6.714285,PM2.5,25651
4.590000,4.690000,0.630000,0.130000,0.140000,76.739998,-4.010000,-2.920000,268.540009,51.959999,62650.761719,38.77,95.71,6.557143,PM2.5,25652
5.030000,5.140000,0.630000,0.130000,0.140000,76.129997,-2.680000,-2.490000,265.670013,64.519997,60416.390625,38.78,95.88,7.185715,PM2.5,25653
4.890000,5.030000,0.620000,0.140000,0.140000,77.309998,-1.130000,-1.690000,266.790009,62.639999,61831.070312,38.8,96.05,6.985714,PM2.5,25654
5.050000,5.220000,0.640000,0.150000,0.140000,79.910004,-0.400000,-1.270000,270.309998,51.310001,65534.601562,38.81,96.22,7.214286,PM2.5,25655
5.130000,5.290000,0.640000,0.160000,0.140000,83.620003,-0.350000,-1.070000,271.989990,46.689999,67114.132812,38.82,96.4,7.328572,PM2.5,25656
5.290000,5.450000,0.630000,0.170000,0.140000,86.760002,-1.640000,-1.450000,270.970001,47.630001,65751.343750,38.83,96.57,7.557143,PM2.5,25657
5.250000,5.410000,0.630000,0.180000,0.140000,88.199997,-2.770000,-2.210000,268.940002,51.130001,63827.039062,38.84,96.74,7.500000,PM2.5,25658
5.210000,5.360000,0.630000,0.190000,0.140000,89.959999,-2.620000,-2.190000,266.420013,55.439999,61397.421875,38.85,96.92,7.442857,PM2.5,25659
5.930000,6.240000,0.720000,0.310000,0.140000,90.629997,-0.460000,-1.100000,267.399994,60.669998,62707.769531,38.91,97.96,8.471428,PM2.5,25665
6.680000,7.040000,0.780000,0.440000,0.140000,89.620003,-0.790000,-1.220000,269.380005,55.299999,64859.039062,38.92,98.13,9.542857,PM2.5,25666
9.550000,10.280000,1.130000,1.110000,0.150000,82.690002,1.620000,-3.820000,264.279999,91.580002,61211.328125,38.96,99.17,13.642858,PM2.5,25672
10.190000,10.920000,1.140000,1.180000,0.150000,84.680000,1.690000,-3.440000,268.730011,76.449997,66352.570312,38.97,99.34,14.557142,PM2.5,25673
10.870000,11.500000,1.140000,1.470000,0.150000,85.870003,2.210000,-3.210000,274.799988,56.650002,73394.562500,38.98,99.52,15.528571,PM2.5,25674
11.240000,11.850000,1.150000,1.700000,0.150000,85.680000,3.440000,-3.050000,277.559998,49.840000,76561.007812,38.99,99.69,16.057142,PM2.5,25675
12.130000,12.780000,1.230000,1.790000,0.150000,83.330002,4.140000,-2.940000,279.350006,45.910000,78103.898438,38.99,99.87,17.328571,PM2.5,25676
12.520000,13.650000,1.580000,2.880000,0.160000,79.419998,3.680000,-3.000000,282.859985,38.799999,81720.867188,39.0,100.04,17.885715,PM2.5,25677
12.830000,14.840000,2.580000,6.050000,0.180000,76.629997,2.830000,-2.890000,285.730011,34.779999,85148.968750,39.01,100.21,18.328571,PM2.5,25678
13.360000,17.240000,5.030000,12.270000,0.240000,75.739998,1.300000,-1.210000,286.160004,37.070000,86393.828125,39.01,100.39,19.085714,PM2.5,25679
13.580000,16.110001,4.320000,8.430000,0.230000,76.000000,0.770000,-0.130000,284.209991,42.639999,84319.562500,39.02,100.56,19.400000,PM2.5,25680
13.910000,15.800000,3.850000,6.330000,0.220000,75.349998,2.250000,-0.400000,279.549988,54.509998,78659.476562,39.02,100.73,19.871428,PM2.5,25681
15.440000,17.160000,4.150000,3.830000,0.230000,71.500000,5.700000,-2.770000,285.269989,41.880001,85491.046875,39.06,101.95,22.057142,PM2.5,25688
15.570000,17.160000,3.950000,3.420000,0.230000,70.650002,5.460000,-2.990000,284.859985,43.330002,85061.132812,39.06,102.13,22.242857,PM2.5,25689
15.470000,17.080000,3.920000,3.000000,0.230000,69.739998,5.300000,-3.110000,284.600006,44.189999,84795.187500,39.06,102.3,22.100000,PM2.5,25690
15.110000,16.670000,3.810000,2.660000,0.230000,68.180000,4.660000,-2.960000,284.899994,43.650002,85121.101562,39.07,102.47,21.585714,PM2.5,25691
14.570000,16.100000,3.720000,2.460000,0.230000,67.360001,3.570000,-2.810000,284.920013,44.930000,85536.882812,39.07,102.65,20.814285,PM2.5,25692
14.280000,15.550000,3.450000,2.160000,0.220000,66.279999,3.390000,-2.500000,284.609985,46.959999,85590.179688,39.07,102.82,20.400000,PM2.5,25693
14.160000,15.180000,3.180000,1.860000,0.200000,65.000000,3.110000,-2.140000,284.440002,47.759998,85662.593750,39.07,103.0,20.228571,PM2.5,25694
13.560000,14.360000,2.890000,1.540000,0.190000,63.529999,2.510000,-2.150000,284.489990,48.119999,86148.382812,39.08,103.17,19.371429,PM2.5,25695
12.680000,13.320000,2.530000,1.200000,0.180000,62.169998,1.840000,-2.090000,284.640015,47.580002,86848.382812,39.08,103.35,18.114286,PM2.5,25696
12.180000,12.670000,2.100000,0.900000,0.160000,61.549999,0.850000,-1.590000,284.519989,47.070000,87229.796875,39.08,103.52,17.400000,PM2.5,25697
11.890000,12.320000,1.740000,0.660000,0.150000,61.320000,0.050000,-1.140000,284.160004,46.400002,87253.921875,39.08,103.69,16.985714,PM2.5,25698
11.960000,12.390000,1.650000,0.540000,0.150000,61.349998,-0.240000,-0.920000,283.829987,45.700001,87167.921875,39.08,103.87,17.085714,PM2.5,25699
12.380000,12.940000,1.750000,0.480000,0.140000,61.230000,-0.800000,-0.870000,283.470001,47.200001,87104.812500,39.09,104.04,17.685715,PM2.5,25700
5.780000,5.890000,0.790000,0.250000,0.140000,82.639999,-8.150000,-5.000000,273.049988,40.509998,69103.203125,38.76,93.79,8.257143,PM2.5,25885
5.970000,6.080000,0.820000,0.280000,0.140000,81.059998,-4.840000,-6.250000,272.760010,43.599998,69354.468750,38.78,93.96,8.528571,PM2.5,25886
6.150000,6.270000,0.840000,0.320000,0.140000,79.239998,-0.790000,-6.440000,274.459991,40.400002,71181.218750,38.79,94.13,8.785714,PM2.5,25887
6.530000,6.650000,0.820000,0.360000,0.140000,77.459999,0.830000,-4.600000,275.890015,35.709999,72085.812500,38.81,94.31,9.328571,PM2.5,25888
5.550000,5.660000,0.800000,0.300000,0.140000,77.879997,-0.880000,-3.100000,275.940002,32.720001,71607.382812,38.82,94.48,7.928572,PM2.5,25889
5.370000,5.490000,0.780000,0.230000,0.140000,78.019997,-2.950000,-3.560000,275.799988,31.379999,70775.406250,38.83,94.65,7.671428,PM2.5,25890
5.260000,5.370000,0.750000,0.220000,0.140000,77.230003,-3.540000,-3.330000,275.450012,32.070000,70036.328125,38.85,94.82,7.514286,PM2.5,25891
5.200000,5.310000,0.720000,0.180000,0.140000,77.010002,-3.960000,-3.040000,274.839996,32.980000,69037.476562,38.86,95.0,7.428571,PM2.5,25892
5.120000,5.220000,0.690000,0.150000,0.140000,77.690002,-5.060000,-3.290000,274.339996,33.740002,68268.382812,38.87,95.17,7.314286,PM2.5,25893
4.970000,5.070000,0.670000,0.130000,0.140000,78.739998,-6.020000,-3.770000,272.880005,36.910000,66742.468750,38.88,95.34,7.100000,PM2.5,25894
4.750000,4.850000,0.670000,0.130000,0.140000,78.760002,-5.490000,-3.960000,268.559998,49.410000,62956.738281,38.9,95.52,6.785714,PM2.5,25895
3.980000,4.050000,0.670000,0.130000,0.140000,79.570000,-3.160000,-3.010000,265.899994,61.959999,61272.730469,38.91,95.69,5.685714,PM2.5,25896
5.190000,5.300000,0.670000,0.140000,0.140000,78.190002,-0.610000,-2.390000,268.739990,54.200001,64582.878906,38.92,95.86,7.414286,PM2.5,25897
5.510000,5.620000,0.680000,0.150000,0.140000,79.419998,0.530000,-1.160000,271.959991,45.369999,67654.679688,38.93,96.04,7.871429,PM2.5,25898
5.580000,5.690000,0.660000,0.160000,0.140000,82.440002,0.240000,-0.760000,272.260010,43.869999,67573.101562,38.94,96.21,7.971428,PM2.5,25899
5.540000,5.660000,0.640000,0.160000,0.140000,85.839996,-1.050000,-0.490000,270.959991,45.650002,65795.617188,38.95,96.38,7.914286,PM2.5,25900
5.470000,5.610000,0.640000,0.170000,0.140000,87.709999,-3.040000,-1.270000,268.510010,51.330002,63466.871094,38.96,96.56,7.814285,PM2.5,25901
5.430000,5.580000,0.650000,0.180000,0.140000,89.070000,-3.950000,-2.240000,266.950012,57.650002,62613.910156,38.97,96.73,7.757143,PM2.5,25902
5.480000,5.630000,0.670000,0.200000,0.140000,89.830002,-2.910000,-2.270000,266.649994,60.279999,62797.109375,38.98,96.9,7.828571,PM2.5,25903
6.700000,7.120000,0.830000,0.420000,0.140000,90.440002,0.010000,-1.870000,268.149994,57.169998,63568.628906,39.03,97.77,9.571428,PM2.5,25908
7.010000,7.580000,0.860000,0.540000,0.140000,89.290001,-0.200000,-1.810000,268.980011,55.290001,64413.550781,39.04,97.94,10.014286,PM2.5,25909
8.050000,8.840000,0.970000,0.790000,0.140000,88.989998,0.260000,-1.660000,268.309998,59.009998,63979.070312,39.05,98.12,11.500000,PM2.5,25910
8.700000,9.720000,1.090000,0.910000,0.140000,86.980003,0.260000,-1.590000,267.390015,65.919998,63073.390625,39.06,98.29,12.428571,PM2.5,25911
9.200000,10.450000,1.210000,1.020000,0.140000,85.040001,0.030000,-2.510000,266.269989,75.720001,62361.851562,39.07,98.47,13.142857,PM2.5,25912
9.690000,11.010000,1.290000,1.050000,0.150000,82.519997,0.440000,-4.050000,264.230011,88.070000,61004.281250,39.08,98.64,13.842856,PM2.5,25913
10.690000,11.810000,1.290000,1.160000,0.150000,82.730003,1.790000,-3.790000,266.600006,85.699997,64036.828125,39.09,98.99,15.271428,PM2.5,25915
11.060000,12.220000,1.340000,1.690000,0.150000,83.290001,2.500000,-3.420000,270.019989,73.629997,67947.007812,39.1,99.16,15.800000,PM2.5,25916
11.280000,12.410000,1.360000,2.010000,0.150000,83.419998,3.050000,-2.530000,275.279999,56.380001,74077.210938,39.11,99.34,16.114285,PM2.5,25917
11.210000,12.150000,1.290000,2.110000,0.150000,83.089996,3.960000,-1.970000,278.470001,48.139999,78065.937500,39.11,99.51,16.014286,PM2.5,25918
11.720000,12.510000,1.250000,1.980000,0.150000,83.510002,5.140000,-2.230000,278.390015,48.759998,77709.851562,39.12,99.68,16.742857,PM2.5,25919
12.640000,13.390000,1.320000,1.940000,0.150000,82.220001,5.470000,-3.050000,280.160004,45.029999,79049.210938,39.13,99.86,18.057144,PM2.5,25920
13.150000,14.390000,1.730000,3.300000,0.160000,77.940002,4.370000,-3.430000,284.760010,35.840000,83941.867188,39.13,100.03,18.785713,PM2.5,25921
13.640000,15.550000,2.610000,6.480000,0.180000,73.230003,2.710000,-2.860000,286.480011,34.540001,86466.117188,39.14,100.21,19.485714,PM2.5,25922
14.370000,17.160000,4.470000,11.170000,0.210000,72.669998,1.210000,-1.250000,285.559998,38.610001,85841.460938,39.15,100.38,20.528572,PM2.5,25923
14.280000,16.350000,4.020000,8.300000,0.210000,72.150002,0.980000,0.110000,283.549988,43.520000,83573.929688,39.15,100.55,20.400000,PM2.5,25924
14.280000,15.920000,3.690000,6.460000,0.200000,72.010002,2.610000,0.030000,280.730011,50.209999,80174.203125,39.16,100.73,20.400000,PM2.5,25925
15.130000,16.280001,3.690000,2.640000,0.210000,67.730003,5.720000,-3.360000,283.269989,47.000000,83370.093750,39.2,102.3,21.614286,PM2.5,25934
15.120000,16.150000,3.350000,2.260000,0.210000,66.010002,4.890000,-3.380000,284.929993,43.029999,85111.046875,39.2,102.47,21.600000,PM2.5,25935
12.700000,13.170000,2.110000,0.970000,0.160000,60.560001,2.080000,-1.900000,284.269989,48.900002,86634.437500,39.21,103.34,18.142857,PM2.5,25940
12.230000,12.640000,1.860000,0.780000,0.150000,60.459999,0.810000,-1.030000,284.350006,47.660000,87258.773438,39.22,103.52,17.471428,PM2.5,25941
12.040000,12.430000,1.680000,0.620000,0.150000,60.599998,-0.220000,-0.490000,283.899994,47.320000,87142.992188,39.22,103.69,17.200001,PM2.5,25942
12.160000,12.590000,1.720000,0.540000,0.140000,60.880001,-0.580000,-0.340000,283.339996,47.730000,86727.906250,39.22,103.87,17.371428,PM2.5,25943
12.800000,13.350000,1.820000,0.490000,0.140000,60.810001,-1.410000,-0.500000,282.959991,50.049999,86659.937500,39.22,104.04,18.285715,PM2.5,25944
6.050000,6.170000,0.840000,0.290000,0.140000,81.290001,-5.450000,-8.810000,275.510010,36.799999,71530.359375,38.91,93.94,8.642858,PM2.5,26128
6.120000,6.240000,0.850000,0.340000,0.140000,78.980003,-3.050000,-9.000000,276.100006,38.020000,72724.851562,38.93,94.12,8.742857,PM2.5,26129
5.950000,6.070000,0.840000,0.330000,0.140000,78.050003,-2.390000,-6.280000,276.720001,33.310001,72723.539062,38.94,94.29,8.500000,PM2.5,26130
5.780000,5.900000,0.840000,0.270000,0.140000,78.540001,-4.340000,-5.180000,276.589996,30.100000,71762.906250,38.95,94.46,8.257143,PM2.5,26131
5.670000,5.790000,0.810000,0.220000,0.140000,78.540001,-5.600000,-6.330000,275.570007,31.600000,70470.671875,38.97,94.64,8.100000,PM2.5,26132
5.550000,5.670000,0.790000,0.200000,0.140000,78.110001,-5.320000,-6.250000,274.170013,34.470001,68909.062500,38.98,94.81,7.928572,PM2.5,26133
5.430000,5.540000,0.760000,0.180000,0.140000,77.580002,-5.260000,-5.430000,273.309998,35.750000,67617.710938,38.99,94.98,7.757143,PM2.5,26134
5.400000,5.510000,0.720000,0.150000,0.140000,78.070000,-5.850000,-4.910000,272.160004,38.000000,66255.789062,39.01,95.15,7.714286,PM2.5,26135
5.250000,5.350000,0.700000,0.140000,0.140000,78.599998,-6.270000,-4.440000,268.529999,47.740002,63062.558594,39.02,95.33,7.500000,PM2.5,26136
5.320000,5.420000,0.690000,0.140000,0.140000,78.820000,-4.470000,-3.500000,265.140015,61.320000,60913.300781,39.03,95.5,7.600000,PM2.5,26137
5.400000,5.510000,0.690000,0.150000,0.140000,79.239998,-1.250000,-2.500000,268.049988,55.189999,64341.898438,39.04,95.67,7.714286,PM2.5,26138
6.010000,6.120000,0.710000,0.170000,0.140000,78.709999,0.230000,-2.350000,272.170013,45.009998,68456.460938,39.05,95.85,8.585714,PM2.5,26139
6.210000,6.320000,0.700000,0.160000,0.140000,80.160004,-0.910000,-1.880000,271.720001,43.470001,67163.710938,39.07,96.02,8.871428,PM2.5,26140
6.300000,6.410000,0.690000,0.150000,0.140000,82.580002,-2.060000,-1.830000,269.290009,47.419998,64325.000000,39.08,96.2,9.000000,PM2.5,26141
5.960000,6.070000,0.660000,0.150000,0.140000,86.320000,-2.600000,-0.920000,268.059998,51.020000,63097.550781,39.09,96.37,8.514286,PM2.5,26142
5.980000,6.110000,0.670000,0.170000,0.140000,87.120003,-3.490000,-1.290000,266.970001,54.630001,62377.179688,39.1,96.54,8.542857,PM2.5,26143
6.090000,6.240000,0.700000,0.180000,0.140000,87.690002,-3.300000,-2.050000,266.079987,60.990002,62139.878906,39.11,96.72,8.700000,PM2.5,26144
5.970000,6.140000,0.720000,0.220000,0.140000,87.599998,-1.840000,-2.530000,266.820007,62.660000,63493.109375,39.12,96.89,8.528571,PM2.5,26145
7.090000,7.420000,0.870000,0.340000,0.140000,90.160004,-0.210000,-2.440000,265.730011,62.360001,61844.621094,39.15,97.41,10.128572,PM2.5,26148
7.200000,7.680000,0.890000,0.460000,0.140000,89.389999,-0.200000,-2.410000,266.529999,58.959999,62352.820312,39.16,97.59,10.285714,PM2.5,26149
7.600000,8.290000,0.950000,0.660000,0.140000,87.290001,-0.740000,-2.250000,268.540009,56.080002,64360.750000,39.17,97.76,10.857142,PM2.5,26150
8.330000,9.260000,1.020000,0.840000,0.140000,86.180000,-0.150000,-2.050000,270.529999,50.910000,66330.671875,39.18,97.93,11.900000,PM2.5,26151
8.830000,10.100000,1.100000,1.050000,0.140000,87.760002,0.530000,-2.870000,266.910004,65.459999,62774.261719,39.19,98.11,12.614285,PM2.5,26152
9.730000,11.650000,1.330000,1.320000,0.150000,84.489998,0.510000,-4.030000,263.519989,82.320000,59742.890625,39.2,98.28,13.900000,PM2.5,26153
9.670000,11.990000,1.450000,1.490000,0.150000,85.580002,0.370000,-4.390000,264.709991,85.419998,61429.589844,39.2,98.46,13.814286,PM2.5,26154
10.700000,13.130000,1.590000,1.580000,0.150000,82.849998,0.950000,-4.170000,265.679993,87.580002,63114.511719,39.21,98.63,15.285714,PM2.5,26155
10.390000,12.350000,1.480000,1.470000,0.150000,84.160004,2.190000,-3.720000,268.579987,77.220001,66213.718750,39.22,98.8,14.842857,PM2.5,26156
11.490000,13.410000,1.510000,1.710000,0.150000,83.650002,2.900000,-2.860000,273.160004,62.480000,71410.468750,39.23,98.98,16.414286,PM2.5,26157
11.420000,13.310000,1.520000,2.330000,0.160000,83.050003,3.780000,-1.580000,278.149994,49.160000,77597.117188,39.23,99.15,16.314285,PM2.5,26158
11.370000,13.190000,1.620000,2.790000,0.160000,81.040001,4.690000,-0.360000,281.869995,41.040001,82401.937500,39.24,99.33,16.242857,PM2.5,26159
11.760000,13.250000,1.600000,2.740000,0.160000,78.940002,5.290000,0.380000,282.709991,39.560001,83341.898438,39.25,99.5,16.800001,PM2.5,26160
12.420000,13.610000,1.540000,2.550000,0.160000,78.589996,5.650000,-0.030000,282.859985,39.540001,83010.640625,39.26,99.67,17.742857,PM2.5,26161
13.220000,14.310000,1.620000,2.580000,0.160000,78.120003,5.790000,-1.430000,284.209991,37.340000,84109.140625,39.26,99.85,18.885715,PM2.5,26162
13.850000,15.200000,1.900000,3.570000,0.160000,73.930000,5.140000,-2.340000,286.119995,34.450001,86219.960938,39.27,100.02,19.785715,PM2.5,26163
14.510000,16.030001,2.290000,4.870000,0.170000,69.570000,3.270000,-2.070000,286.269989,36.070000,86675.843750,39.28,100.2,20.728571,PM2.5,26164
14.830000,16.719999,3.400000,7.690000,0.190000,69.699997,1.820000,-1.110000,284.869995,40.060001,85281.187500,39.28,100.37,21.185715,PM2.5,26165
14.700000,16.290001,3.360000,6.680000,0.190000,69.599998,2.040000,-0.010000,283.519989,43.779999,83761.539062,39.29,100.55,21.000000,PM2.5,26166
14.540000,15.900000,3.280000,5.840000,0.190000,69.470001,3.100000,0.340000,283.140015,45.230000,83210.843750,39.29,100.72,20.771429,PM2.5,26167
12.450000,12.760000,1.580000,0.650000,0.150000,59.470001,0.660000,-0.960000,284.230011,48.270000,87261.273438,39.35,103.51,17.785713,PM2.5,26183
12.090000,12.430000,1.630000,0.600000,0.140000,59.919998,-0.660000,-0.390000,283.700012,48.340000,87277.968750,39.35,103.69,17.271429,PM2.5,26184
12.770000,13.170000,1.730000,0.570000,0.140000,60.459999,-1.470000,-0.010000,283.369995,49.480000,87304.710938,39.35,103.86,18.242857,PM2.5,26185
14.600000,15.150000,1.910000,0.530000,0.140000,61.000000,-2.140000,-0.070000,282.890015,51.770000,87225.468750,39.36,104.04,20.857143,PM2.5,26186
6.280000,6.460000,0.920000,0.400000,0.140000,79.760002,-1.270000,-4.260000,275.769989,32.560001,70686.070312,38.99,93.23,8.971429,PM2.5,26366
6.380000,6.640000,1.010000,0.590000,0.140000,81.480003,-0.040000,-0.990000,274.920013,31.030001,69423.257812,39.0,93.41,9.114285,PM2.5,26367
5.890000,6.030000,0.830000,0.310000,0.140000,82.080002,-0.060000,-1.900000,273.690002,32.270000,67953.859375,39.02,93.58,8.414286,PM2.5,26368
5.750000,5.870000,0.800000,0.240000,0.140000,80.940002,-2.230000,-6.410000,272.339996,37.669998,66703.812500,39.03,93.75,8.214286,PM2.5,26369
5.990000,6.110000,0.850000,0.280000,0.140000,80.680000,-3.590000,-10.610000,271.839996,45.330002,67625.937500,39.05,93.93,8.557142,PM2.5,26370
6.200000,6.320000,0.890000,0.370000,0.140000,78.959999,-3.050000,-11.290000,274.019989,45.520000,70970.242188,39.06,94.1,8.857142,PM2.5,26371
6.140000,6.260000,0.880000,0.330000,0.140000,77.720001,-4.000000,-9.230000,275.920013,37.830002,72178.406250,39.07,94.27,8.771428,PM2.5,26372
5.970000,6.100000,0.880000,0.270000,0.140000,78.400002,-6.090000,-7.860000,274.920013,35.459999,70201.406250,39.09,94.44,8.528571,PM2.5,26373
5.850000,5.970000,0.850000,0.200000,0.140000,78.650002,-6.810000,-8.240000,272.720001,39.369999,68047.132812,39.1,94.62,8.357142,PM2.5,26374
5.760000,5.880000,0.840000,0.190000,0.140000,78.470001,-6.360000,-8.210000,270.880005,44.639999,66471.046875,39.11,94.79,8.228572,PM2.5,26375
5.640000,5.750000,0.810000,0.180000,0.140000,77.580002,-5.810000,-6.390000,269.170013,48.439999,64455.851562,39.13,94.97,8.057142,PM2.5,26376
5.680000,5.790000,0.760000,0.150000,0.140000,77.290001,-5.230000,-4.720000,266.690002,55.389999,61992.058594,39.14,95.14,8.114285,PM2.5,26377
5.590000,5.700000,0.730000,0.150000,0.140000,78.410004,-4.160000,-2.900000,265.000000,61.270000,60816.820312,39.15,95.31,7.985714,PM2.5,26378
5.770000,5.870000,0.720000,0.150000,0.140000,79.230003,-2.350000,-1.460000,266.350006,59.220001,62721.960938,39.16,95.49,8.242857,PM2.5,26379
6.180000,6.290000,0.730000,0.170000,0.140000,79.699997,-1.290000,-2.310000,270.109985,50.240002,66705.359375,39.18,95.66,8.828571,PM2.5,26380
6.640000,6.750000,0.740000,0.170000,0.140000,80.160004,-2.350000,-3.250000,270.660004,48.320000,66894.273438,39.19,95.83,9.485714,PM2.5,26381
6.860000,6.970000,0.740000,0.160000,0.140000,80.949997,-3.420000,-3.170000,267.459991,54.310001,63142.410156,39.2,96.01,9.800000,PM2.5,26382
6.900000,7.000000,0.720000,0.160000,0.140000,82.250000,-2.560000,-2.790000,265.859985,57.439999,61566.199219,39.21,96.18,9.857143,PM2.5,26383
6.550000,6.660000,0.690000,0.160000,0.140000,86.559998,-2.280000,-1.510000,266.890015,54.259998,62409.878906,39.22,96.35,9.357143,PM2.5,26384
6.870000,7.000000,0.720000,0.180000,0.140000,86.400002,-3.040000,-1.860000,266.700012,52.820000,62237.058594,39.23,96.53,9.814285,PM2.5,26385
6.850000,7.000000,0.740000,0.190000,0.140000,86.860001,-2.760000,-2.900000,265.230011,61.259998,61337.449219,39.24,96.7,9.785714,PM2.5,26386
7.100000,7.300000,0.800000,0.240000,0.140000,85.160004,-1.170000,-2.850000,265.660004,67.610001,62691.089844,39.25,96.88,10.142857,PM2.5,26387
6.820000,7.080000,0.820000,0.300000,0.140000,89.430000,-0.220000,-2.320000,267.369995,63.860001,64444.148438,39.26,97.05,9.742857,PM2.5,26388
7.070000,7.420000,0.870000,0.350000,0.140000,91.160004,-0.350000,-2.330000,266.630005,64.699997,63316.449219,39.27,97.22,10.100000,PM2.5,26389
7.440000,7.940000,0.920000,0.420000,0.140000,89.949997,-0.280000,-2.650000,264.679993,66.910004,60940.070312,39.28,97.4,10.628572,PM2.5,26390
8.020000,8.780000,1.020000,0.640000,0.140000,87.699997,0.040000,-3.240000,264.450012,67.230003,60553.121094,39.29,97.57,11.457144,PM2.5,26391
8.400000,9.470000,1.090000,0.890000,0.140000,86.790001,0.140000,-3.170000,267.489990,61.410000,63613.769531,39.3,97.75,11.999999,PM2.5,26392
9.040000,10.470000,1.190000,1.110000,0.150000,85.519997,-0.360000,-3.100000,269.320007,58.139999,65422.929688,39.31,97.92,12.914286,PM2.5,26393
9.540000,11.450000,1.270000,1.300000,0.150000,86.300003,-0.180000,-3.750000,265.220001,78.360001,61793.671875,39.32,98.1,13.628572,PM2.5,26394
10.440000,13.190000,1.530000,1.640000,0.150000,84.949997,0.920000,-4.190000,263.700012,90.180000,60637.328125,39.33,98.27,14.914285,PM2.5,26395
10.270000,13.830000,1.750000,2.040000,0.160000,86.599998,1.630000,-4.130000,267.899994,76.800003,65287.941406,39.34,98.44,14.671430,PM2.5,26396
11.510000,15.410000,1.920000,2.590000,0.160000,87.070000,2.110000,-3.110000,272.869995,60.680000,70891.609375,39.35,98.62,16.442858,PM2.5,26397
11.440000,15.210000,2.000000,3.310000,0.170000,86.080002,3.080000,-1.850000,277.519989,48.290001,76492.117188,39.35,98.79,16.342857,PM2.5,26398
11.790000,15.680000,2.080000,3.840000,0.170000,85.830002,4.340000,-0.640000,281.089996,41.299999,81144.210938,39.36,98.97,16.842857,PM2.5,26399
12.050000,15.270000,2.010000,3.930000,0.170000,84.220001,5.180000,0.170000,283.549988,37.529999,84237.617188,39.37,99.14,17.214287,PM2.5,26400
12.450000,15.000000,2.020000,4.030000,0.170000,80.739998,5.300000,0.660000,284.670013,36.570000,85712.578125,39.38,99.32,17.785713,PM2.5,26401
12.950000,15.050000,2.020000,3.850000,0.170000,77.730003,5.510000,0.780000,285.070007,36.290001,86080.781250,39.38,99.49,18.500000,PM2.5,26402
13.780000,15.610000,2.000000,3.740000,0.170000,75.690002,5.380000,0.230000,286.019989,35.180000,86824.203125,39.39,99.67,19.685715,PM2.5,26403
14.600000,16.450001,2.230000,4.270000,0.170000,73.680000,4.920000,-0.730000,286.329987,35.419998,87150.023438,39.4,99.84,20.857143,PM2.5,26404
15.420000,17.110001,2.250000,4.270000,0.170000,69.110001,4.290000,-1.430000,285.940002,37.099998,86620.593750,39.4,100.02,22.028572,PM2.5,26405
15.560000,16.900000,2.140000,3.650000,0.170000,67.349998,2.920000,-1.630000,285.350006,39.119999,85981.992188,39.41,100.19,22.228573,PM2.5,26406
15.420000,16.570000,2.320000,3.990000,0.170000,66.800003,2.040000,-1.110000,284.600006,41.720001,85226.656250,39.42,100.36,22.028572,PM2.5,26407
6.140000,6.260000,0.850000,0.240000,0.140000,78.730003,-2.240000,-5.950000,271.059998,46.330002,66523.359375,39.12,93.21,8.771428,PM2.5,26609
5.890000,6.050000,0.880000,0.290000,0.140000,81.169998,-1.580000,-1.190000,270.309998,41.810001,64782.261719,39.14,93.39,8.414286,PM2.5,26610
5.730000,5.850000,0.810000,0.220000,0.140000,81.800003,-1.680000,-0.870000,267.760010,46.040001,62099.589844,39.15,93.56,8.185715,PM2.5,26611
5.630000,5.750000,0.800000,0.220000,0.140000,79.889999,-2.380000,-5.600000,265.619995,58.959999,60796.441406,39.17,93.73,8.042857,PM2.5,26612
5.650000,5.770000,0.830000,0.300000,0.140000,77.160004,-2.190000,-7.960000,266.559998,66.610001,63311.800781,39.18,93.91,8.071428,PM2.5,26613
6.010000,6.140000,0.890000,0.400000,0.140000,77.139999,-2.240000,-9.520000,270.209991,59.610001,67650.882812,39.2,94.08,8.585714,PM2.5,26614
6.260000,6.390000,0.930000,0.370000,0.140000,77.330002,-4.420000,-9.580000,271.790009,53.830002,68924.421875,39.21,94.25,8.942858,PM2.5,26615
6.060000,6.190000,0.920000,0.300000,0.140000,77.349998,-6.470000,-7.640000,270.269989,52.970001,66643.546875,39.22,94.43,8.657143,PM2.5,26616
5.940000,6.070000,0.900000,0.210000,0.140000,76.910004,-6.360000,-6.650000,267.500000,60.130001,64000.660156,39.24,94.6,8.485714,PM2.5,26617
5.920000,6.050000,0.880000,0.210000,0.140000,76.699997,-5.110000,-6.460000,266.559998,64.940002,63616.199219,39.25,94.77,8.457143,PM2.5,26618
6.060000,6.190000,0.870000,0.210000,0.140000,76.699997,-3.980000,-4.830000,266.839996,62.900002,63830.218750,39.26,94.95,8.657143,PM2.5,26619
6.210000,6.330000,0.800000,0.180000,0.140000,76.430000,-2.620000,-2.700000,266.470001,63.330002,63169.589844,39.27,95.12,8.871428,PM2.5,26620
5.970000,6.080000,0.750000,0.170000,0.140000,79.120003,-1.780000,-0.890000,268.320007,58.009998,64968.238281,39.29,95.3,8.528571,PM2.5,26621
6.440000,6.550000,0.750000,0.170000,0.140000,79.620003,-2.300000,-0.480000,270.200012,50.029999,66775.187500,39.3,95.47,9.200000,PM2.5,26622
6.800000,6.910000,0.760000,0.170000,0.140000,79.930000,-3.350000,-2.440000,269.269989,54.610001,65991.437500,39.31,95.64,9.714286,PM2.5,26623
7.140000,7.250000,0.770000,0.170000,0.140000,79.980003,-4.120000,-3.300000,267.799988,60.279999,64576.500000,39.32,95.82,10.200000,PM2.5,26624
7.510000,7.620000,0.770000,0.170000,0.140000,79.930000,-3.440000,-2.880000,266.010010,67.589996,62783.210938,39.33,95.99,10.728572,PM2.5,26625
7.710000,7.810000,0.770000,0.170000,0.140000,81.459999,-2.070000,-2.660000,265.760010,66.540001,62259.289062,39.35,96.17,11.014286,PM2.5,26626
7.580000,7.690000,0.740000,0.170000,0.140000,84.739998,-2.140000,-2.470000,266.140015,57.410000,61907.460938,39.36,96.34,10.828571,PM2.5,26627
7.720000,7.850000,0.760000,0.180000,0.140000,84.769997,-2.650000,-2.920000,264.100006,60.130001,59884.160156,39.37,96.51,11.028571,PM2.5,26628
7.930000,8.080000,0.790000,0.200000,0.140000,83.760002,-1.750000,-3.130000,263.429993,69.370003,59957.421875,39.38,96.69,11.328571,PM2.5,26629
7.970000,8.190000,0.850000,0.270000,0.140000,83.739998,-0.350000,-2.480000,267.010010,63.480000,64080.160156,39.39,96.86,11.385714,PM2.5,26630
7.740000,8.060000,0.890000,0.350000,0.140000,87.559998,0.050000,-1.340000,269.980011,56.490002,67136.539062,39.4,97.04,11.057142,PM2.5,26631
7.830000,8.280000,0.950000,0.410000,0.140000,88.639999,-0.470000,-1.220000,268.410004,62.279999,65356.089844,39.41,97.21,11.185714,PM2.5,26632
8.190000,8.830000,1.020000,0.500000,0.140000,87.620003,-0.620000,-1.870000,264.950012,72.820000,61725.289062,39.42,97.39,11.700000,PM2.5,26633
9.140000,10.190000,1.200000,0.830000,0.140000,84.680000,0.340000,-2.930000,264.480011,75.199997,61254.429688,39.43,97.56,13.057143,PM2.5,26634
9.180000,10.680000,1.260000,1.150000,0.140000,85.400002,1.100000,-3.740000,266.190002,70.000000,62884.968750,39.44,97.74,13.114286,PM2.5,26635
9.760000,11.770000,1.370000,1.450000,0.150000,84.639999,0.880000,-3.870000,266.350006,73.989998,63163.640625,39.45,97.91,13.942858,PM2.5,26636
10.390000,13.070000,1.490000,1.720000,0.150000,85.629997,1.070000,-3.500000,267.529999,73.750000,64698.371094,39.46,98.08,14.842857,PM2.5,26637
11.310000,15.300000,1.810000,2.510000,0.160000,87.699997,1.880000,-3.200000,271.730011,60.619999,69374.203125,39.46,98.26,16.157143,PM2.5,26638
11.620000,17.680000,2.410000,3.870000,0.180000,91.029999,2.710000,-2.350000,277.089996,46.880001,75680.156250,39.47,98.43,17.680000,PM10,26639
12.170000,20.360001,3.230000,6.230000,0.200000,93.040001,3.700000,-0.830000,281.500000,38.259998,81117.351562,39.48,98.61,20.360001,PM10,26640
12.790000,19.600000,3.050000,6.050000,0.190000,88.290001,4.320000,0.370000,284.049988,34.860001,84370.367188,39.49,98.78,19.600000,PM10,26641
13.470000,19.450001,3.010000,5.970000,0.190000,85.529999,4.350000,0.830000,285.100006,34.549999,85962.382812,39.5,98.96,19.450001,PM10,26642
14.060000,18.930000,2.960000,5.510000,0.190000,82.360001,4.580000,0.740000,285.230011,35.369999,86333.039062,39.5,99.13,20.085714,PM2.5,26643
14.630000,18.370001,2.830000,5.060000,0.180000,78.199997,4.930000,0.240000,285.399994,36.009998,86423.093750,39.51,99.31,20.900000,PM2.5,26644
15.160000,18.170000,2.700000,4.650000,0.180000,74.589996,5.080000,0.140000,285.950012,36.130001,87033.289062,39.52,99.48,21.657143,PM2.5,26645
16.070000,18.510000,2.510000,4.240000,0.180000,71.690002,4.380000,-0.190000,286.209991,36.980000,87315.257812,39.53,99.66,22.957142,PM2.5,26646
16.750000,18.760000,2.470000,3.750000,0.170000,68.930000,3.690000,-0.640000,284.959991,39.970001,85954.523438,39.53,99.83,23.928572,PM2.5,26647
16.969999,18.450001,2.260000,3.120000,0.170000,66.459999,3.410000,-1.260000,284.089996,41.369999,84577.117188,39.54,100.01,24.242857,PM2.5,26648
16.920000,18.040001,2.060000,2.640000,0.160000,65.320000,2.540000,-1.640000,284.329987,41.619999,84792.546875,39.55,100.18,24.171429,PM2.5,26649
6.520000,6.650000,0.870000,0.220000,0.140000,74.989998,-3.590000,-3.040000,276.290009,48.680000,74923.937500,39.2,92.5,9.314285,PM2.5,26848
6.600000,6.730000,0.860000,0.230000,0.140000,74.650002,-5.670000,-4.660000,273.950012,52.509998,72157.546875,39.21,92.67,9.428572,PM2.5,26849
6.560000,6.680000,0.840000,0.250000,0.140000,74.669998,-5.740000,-5.400000,271.730011,57.349998,69797.617188,39.23,92.85,9.371428,PM2.5,26850
6.840000,6.960000,0.880000,0.280000,0.140000,74.910004,-4.110000,-6.220000,271.329987,56.759998,69224.382812,39.24,93.02,9.771429,PM2.5,26851
6.470000,6.590000,0.860000,0.290000,0.140000,76.889999,-3.350000,-5.810000,271.299988,51.590000,68040.117188,39.26,93.19,9.242857,PM2.5,26852
5.880000,6.010000,0.860000,0.280000,0.140000,79.129997,-4.190000,-2.500000,269.320007,50.330002,64433.078125,39.27,93.37,8.400001,PM2.5,26853
5.780000,5.900000,0.820000,0.270000,0.140000,79.110001,-4.730000,-0.360000,264.779999,62.400002,59878.578125,39.29,93.54,8.257143,PM2.5,26854
5.820000,5.940000,0.800000,0.350000,0.140000,78.099998,-3.580000,-1.960000,263.119995,78.040001,59716.589844,39.3,93.72,8.314286,PM2.5,26855
5.660000,5.780000,0.810000,0.430000,0.140000,75.709999,-2.270000,-3.170000,266.980011,70.830002,64465.011719,39.32,93.89,8.085714,PM2.5,26856
5.780000,5.910000,0.870000,0.500000,0.140000,73.639999,-2.140000,-4.820000,270.160004,63.540001,68187.273438,39.33,94.06,8.257143,PM2.5,26857
6.140000,6.280000,0.930000,0.450000,0.140000,73.510002,-3.430000,-5.970000,270.790009,62.580002,68806.570312,39.34,94.24,8.771428,PM2.5,26858
6.390000,6.540000,0.970000,0.390000,0.140000,73.980003,-5.280000,-5.330000,270.000000,63.029999,67747.382812,39.36,94.41,9.128572,PM2.5,26859
6.390000,6.530000,0.940000,0.270000,0.140000,73.699997,-5.170000,-3.690000,268.000000,67.919998,65585.796875,39.37,94.58,9.128572,PM2.5,26860
6.400000,6.540000,0.960000,0.280000,0.140000,73.459999,-2.940000,-2.830000,268.290009,67.029999,66023.781250,39.38,94.76,9.142858,PM2.5,26861
6.810000,6.960000,0.980000,0.320000,0.140000,75.019997,-0.990000,-2.040000,271.480011,55.419998,69271.343750,39.4,94.93,9.728571,PM2.5,26862
7.180000,7.300000,0.880000,0.250000,0.140000,76.250000,-0.740000,-1.390000,271.980011,52.259998,69426.312500,39.41,95.11,10.257143,PM2.5,26863
7.080000,7.200000,0.810000,0.220000,0.140000,77.279999,-1.700000,-0.960000,270.839996,53.619999,67763.031250,39.42,95.28,10.114285,PM2.5,26864
7.150000,7.260000,0.790000,0.210000,0.140000,78.739998,-3.280000,-1.360000,270.100006,53.400002,66713.976562,39.43,95.45,10.214286,PM2.5,26865
7.380000,7.490000,0.800000,0.210000,0.140000,79.599998,-4.090000,-2.350000,268.359985,61.230000,65453.718750,39.45,95.63,10.542857,PM2.5,26866
7.730000,7.850000,0.800000,0.230000,0.140000,78.690002,-3.350000,-2.170000,267.820007,65.610001,65310.191406,39.46,95.8,11.042857,PM2.5,26867
8.320000,8.440000,0.810000,0.220000,0.140000,79.769997,-2.250000,-2.150000,268.079987,66.300003,65566.742188,39.47,95.98,11.885714,PM2.5,26868
8.520000,8.630000,0.810000,0.220000,0.140000,81.370003,-2.110000,-2.620000,266.959991,69.160004,63928.941406,39.48,96.15,12.171430,PM2.5,26869
8.200000,8.320000,0.770000,0.200000,0.140000,84.489998,-2.630000,-2.700000,264.660004,70.709999,61024.609375,39.49,96.33,11.714286,PM2.5,26870
8.580000,8.720000,0.800000,0.210000,0.140000,82.449997,-1.840000,-2.420000,263.299988,73.220001,59936.628906,39.5,96.5,12.257143,PM2.5,26871
8.910000,9.090000,0.840000,0.250000,0.140000,81.580002,-0.450000,-2.300000,265.369995,70.169998,62356.250000,39.51,96.68,12.728571,PM2.5,26872
8.660000,8.920000,0.890000,0.340000,0.140000,82.690002,-0.040000,-2.450000,270.230011,54.209999,67302.828125,39.52,96.85,12.371428,PM2.5,26873
8.690000,9.070000,0.960000,0.440000,0.140000,84.480003,-0.280000,-1.060000,272.220001,51.090000,69637.187500,39.53,97.02,12.414285,PM2.5,26874
8.850000,9.390000,1.060000,0.520000,0.140000,85.620003,-0.510000,-0.570000,268.790009,63.840000,66032.070312,39.54,97.2,12.642858,PM2.5,26875
9.150000,9.970000,1.150000,0.640000,0.140000,85.120003,-0.080000,-0.760000,266.279999,73.599998,63403.320312,39.55,97.37,13.071428,PM2.5,26876
9.610000,11.110000,1.390000,1.120000,0.150000,84.510002,0.560000,-1.790000,268.739990,64.010002,65800.523438,39.56,97.55,13.728571,PM2.5,26877
10.020000,12.160000,1.540000,1.610000,0.150000,83.010002,1.120000,-2.840000,269.850006,61.810001,67000.273438,39.57,97.72,14.314286,PM2.5,26878
10.800000,13.600000,1.670000,2.090000,0.150000,82.360001,1.620000,-3.070000,270.670013,61.340000,68002.226562,39.58,97.9,15.428572,PM2.5,26879
12.130000,15.950000,1.890000,2.720000,0.160000,86.949997,2.160000,-2.400000,275.760010,47.580002,73756.023438,39.59,98.07,17.328571,PM2.5,26880
12.260000,19.549999,2.750000,4.810000,0.180000,93.580002,3.410000,-1.440000,280.459991,38.230000,79477.523438,39.6,98.25,19.549999,PM10,26881
12.700000,23.330000,3.820000,7.290000,0.210000,95.550003,4.150000,-0.580000,283.540009,34.259998,83067.062500,39.61,98.42,23.330000,PM10,26882
14.550000,27.340000,4.880000,10.910000,0.230000,91.029999,3.680000,0.300000,285.600006,32.209999,85706.750000,39.62,98.6,27.340000,PM10,26883
16.100000,25.830000,4.330000,9.630000,0.210000,82.610001,3.060000,0.270000,285.989990,32.889999,86464.109375,39.62,98.77,25.830000,PM10,26884
16.760000,25.330000,4.180000,8.630000,0.210000,79.599998,3.400000,-0.110000,285.769989,34.180000,86494.281250,39.63,98.95,25.330000,PM10,26885
17.320000,23.740000,3.700000,7.030000,0.200000,76.550003,4.010000,-0.320000,285.869995,35.130001,86602.078125,39.64,99.12,24.742857,PM2.5,26886
17.740000,22.650000,3.380000,5.880000,0.190000,73.260002,4.200000,-0.620000,286.000000,35.619999,86834.171875,39.65,99.3,25.342857,PM2.5,26887
18.320000,21.860001,2.910000,4.830000,0.180000,70.290001,3.890000,-0.480000,286.070007,36.970001,87021.117188,39.65,99.47,26.171429,PM2.5,26888
19.030001,21.459999,2.500000,3.800000,0.180000,68.089996,2.880000,-0.620000,285.649994,38.490002,86640.226562,39.66,99.65,27.185715,PM2.5,26889
19.030001,20.610001,2.190000,2.650000,0.160000,65.910004,2.390000,-0.680000,284.519989,40.650002,85269.109375,39.67,99.82,27.185715,PM2.5,26890
18.889999,20.040001,1.990000,2.180000,0.160000,64.610001,2.510000,-1.250000,283.790009,42.099998,84199.390625,39.67,100.0,26.985714,PM2.5,26891
18.680000,19.549999,1.840000,1.850000,0.160000,63.840000,2.490000,-1.710000,284.380005,42.150002,84881.242188,39.68,100.17,26.685715,PM2.5,26892
6.670000,6.810000,0.920000,0.240000,0.140000,73.989998,-3.840000,-1.490000,280.299988,40.799999,79494.601562,39.33,92.48,9.528571,PM2.5,27093
7.070000,7.210000,0.920000,0.270000,0.140000,73.660004,-5.470000,-2.480000,278.559998,43.169998,77519.843750,39.35,92.65,10.100000,PM2.5,27094
7.460000,7.590000,0.920000,0.290000,0.140000,74.050003,-5.530000,-2.920000,277.290009,44.660000,76175.148438,39.36,92.83,10.657143,PM2.5,27095
7.830000,7.960000,0.920000,0.330000,0.140000,74.760002,-5.170000,-4.330000,276.899994,43.889999,75573.343750,39.38,93.0,11.185714,PM2.5,27096
7.590000,7.720000,0.910000,0.340000,0.140000,75.519997,-5.810000,-5.440000,276.250000,42.849998,74300.101562,39.39,93.18,10.842857,PM2.5,27097
6.270000,6.400000,0.890000,0.330000,0.140000,76.129997,-7.440000,-4.020000,273.890015,45.400002,70846.609375,39.41,93.35,8.957143,PM2.5,27098
6.100000,6.230000,0.880000,0.350000,0.140000,76.080002,-7.830000,-0.600000,270.690002,52.930000,67347.507812,39.42,93.52,8.714286,PM2.5,27099
6.220000,6.350000,0.880000,0.430000,0.140000,74.870003,-6.000000,1.440000,271.130005,54.830002,68632.203125,39.44,93.7,8.885714,PM2.5,27100
6.610000,6.750000,0.930000,0.530000,0.140000,74.470001,-3.630000,1.310000,274.820007,48.509998,73214.000000,39.45,93.87,9.442858,PM2.5,27101
6.820000,6.970000,1.050000,0.650000,0.140000,74.040001,-2.220000,0.380000,277.209991,44.689999,76053.718750,39.46,94.04,9.742857,PM2.5,27102
7.080000,7.270000,1.240000,0.790000,0.140000,73.300003,-2.200000,-0.920000,277.799988,43.990002,76585.960938,39.48,94.22,10.114285,PM2.5,27103
7.220000,7.420000,1.310000,0.790000,0.140000,72.529999,-3.140000,-1.910000,277.489990,44.619999,75915.953125,39.49,94.39,10.314285,PM2.5,27104
7.320000,7.510000,1.300000,0.680000,0.140000,73.750000,-3.270000,-1.150000,276.540009,46.270000,74806.750000,39.51,94.57,10.457143,PM2.5,27105
7.540000,7.770000,1.560000,0.900000,0.140000,74.150002,-1.740000,-0.300000,277.079987,44.439999,75431.468750,39.52,94.74,10.771428,PM2.5,27106
8.110000,8.330000,1.560000,0.990000,0.150000,74.959999,-0.250000,-1.000000,277.720001,42.919998,76178.570312,39.53,94.92,11.585713,PM2.5,27107
8.190000,8.320000,0.950000,0.460000,0.140000,75.669998,-1.300000,-2.780000,274.339996,50.680000,71769.953125,39.54,95.09,11.700000,PM2.5,27108
7.930000,8.050000,0.880000,0.370000,0.140000,76.220001,-3.190000,-2.450000,269.299988,62.270000,66122.429688,39.56,95.26,11.328571,PM2.5,27109
7.720000,7.840000,0.840000,0.350000,0.140000,76.889999,-3.280000,-2.240000,267.399994,68.080002,64347.378906,39.57,95.44,11.028571,PM2.5,27110
7.900000,8.020000,0.850000,0.330000,0.140000,77.730003,-2.720000,-1.780000,268.010010,66.889999,65252.109375,39.58,95.61,11.285714,PM2.5,27111
8.380000,8.500000,0.850000,0.380000,0.140000,77.029999,-2.050000,-1.060000,270.609985,59.220001,68240.656250,39.59,95.79,11.971429,PM2.5,27112
9.290000,9.420000,0.880000,0.360000,0.140000,78.639999,-1.120000,-1.350000,272.730011,53.220001,70662.140625,39.6,95.96,13.271428,PM2.5,27113
9.600000,9.730000,0.900000,0.360000,0.140000,80.610001,-1.010000,-2.180000,270.929993,59.770000,68515.343750,39.62,96.14,13.714286,PM2.5,27114
9.480000,9.610000,0.890000,0.280000,0.140000,82.120003,-1.420000,-1.950000,268.260010,68.199997,65580.562500,39.63,96.31,13.542856,PM2.5,27115
9.340000,9.500000,0.890000,0.290000,0.140000,82.080002,-1.010000,-1.460000,269.609985,59.570000,66910.960938,39.64,96.49,13.342857,PM2.5,27116
9.870000,10.060000,0.920000,0.320000,0.140000,81.120003,-0.070000,-1.720000,271.799988,52.430000,69258.070312,39.65,96.66,14.099999,PM2.5,27117
10.140000,10.440000,0.990000,0.430000,0.140000,80.910004,0.440000,-2.240000,272.859985,50.459999,70378.859375,39.66,96.84,14.485715,PM2.5,27118
9.720000,10.150000,1.060000,0.550000,0.140000,81.820000,0.120000,-1.020000,273.239990,50.070000,70816.250000,39.67,97.01,13.885715,PM2.5,27119
10.180000,10.830000,1.200000,0.710000,0.140000,82.010002,0.210000,-0.480000,270.829987,58.759998,68284.203125,39.68,97.19,14.542857,PM2.5,27120
10.400000,11.490000,1.370000,0.920000,0.140000,81.570000,0.950000,-0.820000,269.950012,62.560001,67209.539062,39.69,97.36,14.857142,PM2.5,27121
11.350000,13.680000,1.880000,1.750000,0.150000,81.940002,1.120000,-1.570000,273.600006,51.660000,71042.523438,39.7,97.54,16.214287,PM2.5,27122
11.930000,15.400000,2.200000,2.680000,0.160000,80.959999,1.450000,-1.810000,276.880005,44.160000,74878.773438,39.71,97.71,17.042858,PM2.5,27123
12.610000,16.670000,2.300000,3.220000,0.160000,82.660004,2.540000,-1.690000,279.109985,40.220001,77633.992188,39.72,97.89,18.014286,PM2.5,27124
12.770000,18.420000,2.680000,4.020000,0.170000,87.449997,3.630000,-1.210000,281.779999,35.900002,80679.656250,39.73,98.06,18.420000,PM10,27125
12.300000,24.850000,4.870000,8.230000,0.210000,96.800003,4.260000,-0.910000,283.809998,33.099998,83026.218750,39.73,98.24,24.850000,PM10,27126
13.650000,32.820000,7.250000,13.990000,0.250000,96.820000,3.990000,-1.270000,285.359985,31.650000,84845.281250,39.74,98.41,32.820000,PM10,27127
17.690001,32.520000,6.090000,14.050000,0.240000,83.750000,3.090000,-1.260000,286.230011,31.510000,86041.726562,39.75,98.59,32.520000,PM10,27128
19.160000,29.990000,4.980000,11.290000,0.220000,76.239998,2.730000,-1.290000,286.410004,32.480000,86587.960938,39.76,98.76,29.990000,PM10,27129
19.840000,28.940001,4.390000,9.330000,0.210000,73.400002,3.300000,-0.920000,286.299988,33.560001,86831.703125,39.77,98.94,28.940001,PM10,27130
20.230000,26.879999,3.730000,7.120000,0.190000,70.599998,3.560000,-0.920000,286.220001,34.360001,86883.203125,39.77,99.11,28.900000,PM2.5,27131
20.559999,25.290001,3.180000,5.470000,0.190000,68.620003,3.380000,-0.850000,286.250000,35.110001,87118.156250,39.78,99.29,29.371428,PM2.5,27132
20.549999,23.170000,2.460000,3.690000,0.170000,67.419998,2.730000,-1.160000,285.920013,36.580002,86654.453125,39.79,99.46,29.357141,PM2.5,27133
20.510000,22.219999,2.140000,2.680000,0.170000,65.339996,1.990000,-1.380000,284.980011,38.669998,85587.171875,39.8,99.64,29.300001,PM2.5,27134
20.379999,21.510000,1.890000,1.890000,0.160000,64.199997,2.000000,-1.300000,284.790009,39.570000,85476.187500,39.8,99.81,29.114285,PM2.5,27135
7.030000,7.170000,0.960000,0.290000,0.140000,73.029999,-4.820000,-1.610000,281.850006,37.849998,81075.179688,39.48,92.63,10.042857,PM2.5,27350
7.870000,8.010000,0.960000,0.320000,0.140000,73.239998,-5.730000,-2.080000,280.989990,38.619999,80087.812500,39.5,92.81,11.242857,PM2.5,27351
9.270000,9.410000,0.960000,0.360000,0.140000,73.660004,-6.370000,-2.840000,280.570007,38.279999,79543.820312,39.51,92.98,13.242858,PM2.5,27352
10.740000,10.880000,0.960000,0.390000,0.140000,74.120003,-7.040000,-3.360000,280.619995,36.669998,79461.906250,39.53,93.16,15.342856,PM2.5,27353
6.550000,6.690000,0.960000,0.420000,0.140000,74.330002,-7.590000,-2.630000,280.160004,36.080002,78746.460938,39.54,93.33,9.357143,PM2.5,27354
6.540000,6.670000,0.950000,0.450000,0.140000,74.199997,-7.180000,0.010000,280.019989,35.889999,78434.093750,39.56,93.5,9.342857,PM2.5,27355
6.540000,6.680000,0.950000,0.490000,0.140000,73.959999,-5.350000,2.630000,280.970001,34.970001,79683.726562,39.57,93.68,9.342857,PM2.5,27356
6.630000,6.780000,1.000000,0.580000,0.140000,73.430000,-2.910000,3.520000,282.140015,34.080002,81342.656250,39.58,93.85,9.471429,PM2.5,27357
6.780000,6.950000,1.140000,0.710000,0.140000,73.150002,-1.320000,2.990000,283.220001,32.849998,82728.289062,39.6,94.03,9.685715,PM2.5,27358
7.010000,7.230000,1.400000,0.930000,0.140000,73.080002,-1.450000,1.770000,283.820007,32.240002,83362.617188,39.61,94.2,10.014286,PM2.5,27359
7.300000,7.540000,1.550000,1.030000,0.140000,73.459999,-2.260000,0.490000,283.589996,32.810001,82888.609375,39.63,94.38,10.428572,PM2.5,27360
7.560000,7.780000,1.500000,0.930000,0.140000,73.879997,-2.330000,0.260000,283.140015,33.610001,82303.367188,39.64,94.55,10.800000,PM2.5,27361
8.100000,8.360000,1.780000,1.210000,0.150000,74.330002,-2.160000,0.090000,282.709991,34.610001,81875.343750,39.65,94.72,11.571429,PM2.5,27362
8.620000,8.860000,1.650000,1.110000,0.150000,75.360001,-2.650000,-1.770000,280.649994,39.299999,79449.687500,39.67,94.9,12.314285,PM2.5,27363
8.760000,8.910000,1.070000,0.560000,0.140000,75.639999,-3.400000,-3.730000,276.450012,48.830002,74532.132812,39.68,95.07,12.514286,PM2.5,27364
8.920000,9.050000,0.960000,0.440000,0.140000,74.910004,-3.210000,-2.990000,272.809998,58.150002,70606.992188,39.69,95.25,12.742857,PM2.5,27365
9.030000,9.160000,0.970000,0.430000,0.140000,75.169998,-2.360000,-2.360000,271.160004,63.130001,68850.953125,39.7,95.42,12.900000,PM2.5,27366
9.110000,9.240000,0.960000,0.450000,0.140000,75.430000,-1.700000,-1.870000,271.279999,61.849998,68898.312500,39.72,95.6,13.014285,PM2.5,27367
9.270000,9.410000,0.930000,0.450000,0.140000,75.680000,-1.100000,-1.000000,274.250000,51.959999,72146.656250,39.73,95.77,13.242858,PM2.5,27368
9.470000,9.600000,0.940000,0.430000,0.140000,78.129997,-0.460000,-0.270000,277.170013,44.340000,75691.101562,39.74,95.95,13.528572,PM2.5,27369
10.130000,10.270000,0.970000,0.430000,0.140000,79.349998,0.150000,-1.090000,276.220001,46.980000,74580.687500,39.75,96.12,14.471429,PM2.5,27370
10.550000,10.690000,0.970000,0.330000,0.140000,78.800003,0.360000,-1.480000,274.079987,52.450001,71940.148438,39.76,96.3,15.071429,PM2.5,27371
10.510000,10.680000,0.980000,0.340000,0.140000,78.589996,0.300000,-1.260000,274.559998,49.799999,72351.632812,39.77,96.47,15.014286,PM2.5,27372
10.580000,10.790000,1.020000,0.390000,0.140000,78.339996,0.590000,-0.900000,276.630005,43.639999,74695.031250,39.78,96.65,15.114285,PM2.5,27373
10.840000,11.170000,1.110000,0.510000,0.140000,78.029999,1.070000,-0.770000,277.239990,42.310001,75354.648438,39.79,96.82,15.485715,PM2.5,27374
10.890000,11.380000,1.200000,0.690000,0.140000,78.150002,0.990000,-0.530000,275.809998,45.980000,73621.171875,39.8,97.0,15.557143,PM2.5,27375
11.450000,12.250000,1.420000,1.040000,0.140000,77.989998,1.010000,-0.460000,275.390015,47.680000,73151.070312,39.81,97.17,16.357143,PM2.5,27376
12.020000,13.740000,1.940000,1.850000,0.150000,77.809998,1.860000,-0.900000,277.079987,43.869999,75060.593750,39.82,97.35,17.171429,PM2.5,27377
12.560000,17.410000,3.770000,5.280000,0.180000,80.059998,2.360000,-1.380000,279.549988,39.150002,77805.226562,39.83,97.52,17.942858,PM2.5,27378
13.230000,20.219999,4.160000,7.070000,0.190000,80.790001,2.890000,-1.320000,281.869995,35.340000,80616.882812,39.84,97.7,20.219999,PM10,27379
13.920000,19.440001,3.120000,5.890000,0.180000,78.820000,3.550000,-1.290000,282.799988,34.430000,81765.250000,39.85,97.87,19.885714,PM2.5,27380
13.820000,21.889999,3.730000,7.250000,0.190000,82.400002,3.460000,-1.520000,282.799988,35.070000,81782.007812,39.86,98.05,21.889999,PM10,27381
13.160000,38.450001,9.710000,19.750000,0.290000,95.529999,3.590000,-2.400000,284.239990,33.090000,83510.210938,39.87,98.23,38.450001,PM10,27382
15.340000,49.660000,13.320000,28.080000,0.350000,97.889999,3.610000,-3.060000,285.989990,31.139999,85626.609375,39.88,98.4,49.660000,PM10,27383
20.129999,34.959999,6.490000,15.230000,0.240000,77.250000,3.230000,-2.840000,286.600006,30.920000,86434.609375,39.89,98.58,34.959999,PM10,27384
21.230000,30.650000,4.690000,10.390000,0.210000,71.000000,3.290000,-1.960000,286.559998,32.049999,86791.023438,39.89,98.75,30.650000,PM10,27385
22.320000,28.990000,3.680000,7.700000,0.190000,68.930000,3.300000,-0.900000,286.559998,32.930000,87006.117188,39.9,98.93,31.885714,PM2.5,27386
22.760000,26.940001,2.880000,5.280000,0.180000,66.610001,2.760000,-0.690000,286.609985,33.740002,87255.976562,39.91,99.1,32.514286,PM2.5,27387
22.680000,25.129999,2.290000,3.440000,0.170000,65.260002,1.950000,-0.540000,286.600006,34.520000,87429.773438,39.92,99.28,32.400002,PM2.5,27388
22.120001,23.600000,1.920000,2.370000,0.160000,64.239998,1.490000,-1.040000,286.109985,36.130001,87022.351562,39.92,99.45,31.600000,PM2.5,27389
6.180000,6.330000,0.980000,0.320000,0.140000,72.459999,-4.260000,-1.710000,282.170013,37.639999,81389.781250,39.63,92.79,8.828571,PM2.5,27604
6.670000,6.810000,0.980000,0.370000,0.140000,72.489998,-4.620000,-1.610000,282.510010,35.939999,81721.078125,39.65,92.96,9.528571,PM2.5,27605
7.520000,7.660000,0.970000,0.430000,0.140000,72.480003,-5.260000,-1.190000,283.079987,33.900002,82202.812500,39.66,93.14,10.742857,PM2.5,27606
6.180000,6.320000,0.970000,0.470000,0.140000,72.790001,-5.580000,-0.230000,283.440002,32.270000,82546.968750,39.68,93.31,8.828571,PM2.5,27607
6.270000,6.410000,0.980000,0.480000,0.140000,72.889999,-4.940000,1.280000,283.950012,31.059999,83137.148438,39.69,93.49,8.957143,PM2.5,27608
6.320000,6.470000,0.980000,0.510000,0.140000,72.790001,-3.630000,2.680000,284.100006,31.080000,83375.242188,39.7,93.66,9.028572,PM2.5,27609
6.380000,6.540000,1.020000,0.590000,0.140000,72.510002,-1.950000,3.120000,284.260010,31.040001,83751.039062,39.72,93.83,9.114285,PM2.5,27610
6.520000,6.700000,1.160000,0.710000,0.140000,72.059998,-0.580000,2.680000,284.899994,30.389999,84661.000000,39.73,94.01,9.314285,PM2.5,27611
6.770000,6.990000,1.410000,0.930000,0.140000,72.139999,-0.740000,1.860000,285.339996,30.129999,85233.617188,39.75,94.18,9.671429,PM2.5,27612
7.130000,7.370000,1.560000,1.050000,0.150000,72.839996,-1.730000,1.020000,285.200012,30.860001,84974.546875,39.76,94.36,10.185715,PM2.5,27613
7.510000,7.740000,1.490000,0.910000,0.150000,73.360001,-2.130000,0.330000,284.549988,32.419998,84055.890625,39.77,94.53,10.728572,PM2.5,27614
7.960000,8.200000,1.610000,1.000000,0.150000,74.110001,-2.810000,-0.240000,283.670013,34.820000,82931.468750,39.79,94.71,11.371428,PM2.5,27615
8.390000,8.610000,1.500000,0.880000,0.150000,75.089996,-3.240000,-1.100000,282.500000,37.459999,81550.117188,39.8,94.88,11.985715,PM2.5,27616
8.680000,8.840000,1.150000,0.520000,0.150000,75.839996,-2.900000,-1.430000,280.980011,39.820000,79928.796875,39.81,95.06,12.400001,PM2.5,27617
9.060000,9.210000,1.060000,0.430000,0.140000,76.349998,-2.250000,-1.110000,279.640015,42.040001,78494.789062,39.83,95.23,12.942858,PM2.5,27618
9.410000,9.550000,1.060000,0.410000,0.140000,76.720001,-1.280000,-1.140000,278.760010,43.669998,77470.351562,39.84,95.41,13.442857,PM2.5,27619
9.660000,9.810000,1.060000,0.340000,0.140000,76.879997,-0.440000,-1.260000,278.130005,44.840000,76638.226562,39.85,95.58,13.800000,PM2.5,27620
9.540000,9.680000,1.030000,0.370000,0.140000,76.290001,0.430000,-1.020000,278.570007,43.560001,77043.406250,39.86,95.76,13.628572,PM2.5,27621
9.330000,9.470000,0.980000,0.390000,0.140000,76.690002,0.790000,0.120000,279.720001,40.919998,78449.820312,39.87,95.93,13.328571,PM2.5,27622
9.720000,9.860000,0.990000,0.440000,0.140000,77.720001,0.830000,-0.100000,279.230011,41.919998,77901.773438,39.88,96.11,13.885715,PM2.5,27623
10.320000,10.470000,1.000000,0.350000,0.140000,77.580002,1.460000,-0.900000,277.399994,46.070000,75712.906250,39.9,96.28,14.742857,PM2.5,27624
10.520000,10.680000,0.980000,0.330000,0.140000,76.230003,1.860000,-1.570000,276.359985,48.080002,74222.843750,39.91,96.46,15.028572,PM2.5,27625
10.790000,11.000000,1.030000,0.390000,0.140000,76.389999,1.710000,-1.410000,278.309998,42.459999,76359.781250,39.92,96.63,15.414286,PM2.5,27626
11.200000,11.520000,1.100000,0.520000,0.140000,75.430000,1.470000,-0.310000,280.380005,37.790001,78830.187500,39.93,96.81,16.000000,PM2.5,27627
11.380000,11.850000,1.200000,0.670000,0.140000,75.470001,1.430000,0.290000,279.570007,39.430000,77962.453125,39.94,96.98,16.257143,PM2.5,27628
11.870000,12.650000,1.410000,1.050000,0.140000,75.120003,2.100000,0.310000,280.950012,36.799999,79488.101562,39.95,97.16,16.957142,PM2.5,27629
12.650000,14.540000,2.040000,2.090000,0.150000,75.489998,3.010000,0.060000,283.359985,32.779999,82327.468750,39.96,97.34,18.071428,PM2.5,27630
13.280000,17.160000,3.180000,4.490000,0.170000,75.489998,2.930000,-0.650000,283.929993,32.500000,82908.898438,39.97,97.51,18.971428,PM2.5,27631
14.040000,19.180000,3.370000,5.500000,0.180000,75.419998,2.920000,-1.030000,284.209991,32.580002,83522.312500,39.98,97.69,20.057142,PM2.5,27632
14.960000,18.610001,2.370000,4.340000,0.160000,72.820000,3.320000,-1.730000,284.250000,33.180000,83739.343750,39.99,97.86,21.371429,PM2.5,27633
15.340000,19.799999,2.460000,4.670000,0.170000,73.180000,2.980000,-2.170000,284.119995,34.029999,83632.101562,39.99,98.04,21.914286,PM2.5,27634
16.020000,27.910000,4.990000,10.020000,0.210000,78.059998,3.360000,-2.750000,285.179993,32.860001,85003.046875,40.0,98.21,27.910000,PM10,27635
17.629999,34.119999,6.660000,13.550000,0.230000,79.510002,3.580000,-3.110000,286.420013,31.660000,86586.718750,40.01,98.39,34.119999,PM10,27636
20.730000,28.350000,3.710000,7.290000,0.190000,71.339996,3.610000,-3.150000,286.910004,31.180000,87265.171875,40.02,98.57,29.614285,PM2.5,27637
22.430000,26.590000,2.510000,4.910000,0.170000,67.169998,3.430000,-2.450000,287.339996,30.770000,87599.031250,40.03,98.74,32.042858,PM2.5,27638
23.590000,26.040001,1.940000,3.800000,0.170000,65.769997,2.110000,-1.390000,287.470001,31.330000,87760.578125,40.04,98.92,33.700001,PM2.5,27639
23.969999,25.240000,1.630000,2.470000,0.160000,64.769997,1.160000,-0.750000,287.320007,32.619999,87978.703125,40.04,99.09,34.242855,PM2.5,27640
23.730000,24.440001,1.480000,1.750000,0.150000,63.500000,0.690000,-0.620000,287.179993,33.880001,88084.968750,40.05,99.27,33.899998,PM2.5,27641
23.280001,23.780001,1.390000,1.300000,0.150000,62.490002,0.710000,-0.720000,286.869995,35.439999,88010.507812,40.06,99.45,33.257145,PM2.5,27642
22.690001,23.090000,1.330000,1.010000,0.150000,61.880001,0.950000,-0.780000,286.380005,37.160000,87650.929688,40.07,99.62,32.414288,PM2.5,27643
22.120001,22.450001,1.290000,0.870000,0.150000,61.090000,1.350000,-1.270000,285.670013,39.389999,87008.023438,40.07,99.8,31.600000,PM2.5,27644
5.570000,5.710000,1.010000,0.290000,0.140000,72.250000,-2.870000,-0.830000,284.959991,33.730000,84669.843750,39.76,92.77,7.957143,PM2.5,27861
5.700000,5.840000,1.000000,0.330000,0.140000,72.260002,-2.830000,-0.900000,284.970001,32.820000,84607.203125,39.78,92.94,8.142857,PM2.5,27862
5.810000,5.960000,1.000000,0.380000,0.140000,72.300003,-3.090000,-0.680000,285.019989,31.750000,84516.429688,39.79,93.12,8.300000,PM2.5,27863
5.880000,6.020000,0.990000,0.430000,0.140000,72.250000,-3.260000,0.150000,285.209991,30.590000,84665.093750,39.81,93.29,8.400001,PM2.5,27864
5.960000,6.110000,0.990000,0.440000,0.140000,72.099998,-2.850000,1.080000,285.489990,29.680000,84951.757812,39.82,93.47,8.514286,PM2.5,27865
6.020000,6.170000,1.000000,0.460000,0.140000,71.989998,-2.020000,1.890000,285.450012,29.690001,84909.132812,39.84,93.64,8.600000,PM2.5,27866
6.070000,6.230000,1.030000,0.520000,0.140000,71.830002,-0.830000,2.400000,285.730011,29.350000,85369.070312,39.85,93.82,8.671429,PM2.5,27867
6.260000,6.430000,1.140000,0.620000,0.140000,71.279999,0.320000,2.400000,286.549988,28.520000,86552.296875,39.87,93.99,8.942858,PM2.5,27868
6.490000,6.700000,1.290000,0.790000,0.140000,70.339996,0.220000,1.730000,286.730011,29.090000,86963.828125,39.88,94.17,9.271428,PM2.5,27869
6.730000,6.950000,1.400000,0.920000,0.140000,72.040001,-1.000000,1.120000,286.070007,30.730000,86170.953125,39.89,94.34,9.614285,PM2.5,27870
6.990000,7.210000,1.390000,0.820000,0.150000,72.690002,-1.510000,0.300000,285.230011,32.610001,84945.343750,39.91,94.52,9.985714,PM2.5,27871
7.170000,7.390000,1.410000,0.780000,0.150000,73.480003,-1.890000,0.140000,284.649994,34.380001,84234.937500,39.92,94.69,10.242857,PM2.5,27872
7.480000,7.670000,1.300000,0.650000,0.150000,74.510002,-2.110000,0.230000,284.299988,34.840000,83815.546875,39.93,94.87,10.685715,PM2.5,27873
7.900000,8.060000,1.150000,0.480000,0.150000,75.370003,-1.610000,0.220000,283.619995,35.730000,83018.640625,39.95,95.04,11.285714,PM2.5,27874
8.420000,8.570000,1.100000,0.430000,0.140000,75.800003,-1.100000,0.430000,283.220001,36.240002,82629.218750,39.96,95.22,12.028571,PM2.5,27875
8.850000,9.000000,1.100000,0.410000,0.140000,76.300003,-0.410000,0.510000,283.359985,35.830002,82839.570312,39.97,95.39,12.642858,PM2.5,27876
9.230000,9.380000,1.100000,0.330000,0.140000,76.510002,0.370000,0.420000,283.359985,35.580002,82837.648438,39.98,95.57,13.185714,PM2.5,27877
9.330000,9.480000,1.080000,0.350000,0.140000,75.750000,1.290000,0.060000,282.959991,36.040001,82253.367188,40.0,95.74,13.328571,PM2.5,27878
9.280000,9.430000,1.030000,0.360000,0.140000,75.230003,1.730000,0.460000,282.559998,36.560001,81722.812500,40.01,95.92,13.257142,PM2.5,27879
9.510000,9.650000,1.020000,0.400000,0.140000,75.690002,1.880000,0.720000,282.410004,36.759998,81538.242188,40.02,96.09,13.585714,PM2.5,27880
9.870000,10.020000,1.010000,0.350000,0.140000,75.849998,2.140000,0.280000,281.859985,37.700001,80852.406250,40.03,96.27,14.099999,PM2.5,27881
10.070000,10.240000,1.010000,0.330000,0.140000,75.400002,2.820000,-0.680000,280.809998,39.320000,79561.546875,40.04,96.44,14.385714,PM2.5,27882
10.730000,10.910000,1.030000,0.340000,0.140000,74.720001,3.420000,-1.300000,281.149994,37.950001,79762.218750,40.05,96.62,15.328570,PM2.5,27883
11.820000,12.130000,1.140000,0.650000,0.140000,74.690002,3.010000,-0.710000,282.309998,35.590000,81071.140625,40.06,96.8,16.885714,PM2.5,27884
12.150000,12.630000,1.260000,0.820000,0.140000,74.309998,2.460000,0.490000,282.959991,34.470001,81893.703125,40.07,96.97,17.357141,PM2.5,27885
12.870000,13.790000,1.590000,1.280000,0.150000,73.540001,2.750000,0.690000,284.209991,32.520000,83442.906250,40.08,97.15,18.385714,PM2.5,27886
13.860000,16.030001,2.350000,2.570000,0.160000,73.559998,3.010000,0.260000,285.019989,31.660000,84552.953125,40.09,97.32,19.799999,PM2.5,27887
14.600000,16.910000,2.170000,2.780000,0.160000,71.779999,2.900000,-0.370000,284.920013,32.310001,84594.062500,40.1,97.5,20.857143,PM2.5,27888
15.680000,17.270000,1.650000,2.100000,0.150000,70.209999,2.890000,-0.820000,285.600006,31.680000,85535.250000,40.11,97.68,22.400000,PM2.5,27889
17.030001,18.370001,1.500000,1.850000,0.150000,69.010002,3.050000,-1.620000,286.470001,30.969999,86789.351562,40.12,97.85,24.328573,PM2.5,27890
17.980000,19.100000,1.400000,1.630000,0.150000,68.510002,2.470000,-1.880000,286.829987,31.129999,87197.843750,40.13,98.03,25.685713,PM2.5,27891
19.790001,20.790001,1.400000,1.600000,0.150000,68.430000,2.620000,-2.150000,286.700012,31.879999,87300.773438,40.14,98.2,28.271429,PM2.5,27892
21.850000,22.709999,1.370000,1.520000,0.150000,67.760002,2.950000,-2.420000,287.029999,31.750000,87640.468750,40.15,98.38,31.214287,PM2.5,27893
23.840000,24.639999,1.350000,1.450000,0.150000,67.059998,2.560000,-2.760000,287.480011,30.860001,88063.726562,40.16,98.56,34.057144,PM2.5,27894
24.750000,25.620001,1.340000,1.760000,0.150000,66.099998,2.160000,-2.920000,287.809998,30.540001,88238.460938,40.16,98.73,35.357143,PM2.5,27895
24.790001,25.490000,1.310000,1.990000,0.150000,65.010002,1.370000,-2.560000,287.850006,30.910000,88264.953125,40.17,98.91,35.414288,PM2.5,27896
24.450001,24.860001,1.270000,1.420000,0.150000,63.889999,0.630000,-1.530000,287.769989,32.360001,88402.968750,40.18,99.08,34.928574,PM2.5,27897
24.110001,24.410000,1.260000,1.100000,0.150000,62.700001,0.040000,-0.940000,287.600006,33.860001,88586.351562,40.19,99.26,34.442860,PM2.5,27898
23.709999,23.980000,1.220000,0.910000,0.150000,61.230000,0.110000,-0.770000,287.350006,35.730000,88709.179688,40.19,99.44,33.871426,PM2.5,27899
22.940001,23.200001,1.190000,0.760000,0.140000,60.380001,0.090000,-0.650000,286.940002,37.529999,88562.398438,40.2,99.61,32.771431,PM2.5,27900
22.389999,22.639999,1.180000,0.730000,0.140000,59.240002,0.530000,-0.970000,286.390015,39.810001,88326.117188,40.21,99.79,31.985714,PM2.5,27901
21.820000,22.059999,1.170000,0.760000,0.140000,58.450001,1.420000,-1.290000,286.170013,41.240002,88336.726562,40.21,99.97,31.171429,PM2.5,27902
5.380000,5.530000,1.030000,0.290000,0.150000,72.209999,-1.260000,0.200000,287.880005,29.879999,88351.656250,39.91,92.92,7.685714,PM2.5,28122
5.550000,5.700000,1.030000,0.330000,0.140000,71.970001,-1.150000,0.340000,287.940002,29.000000,88256.632812,39.93,93.1,7.928572,PM2.5,28123
5.680000,5.830000,1.020000,0.360000,0.140000,71.879997,-1.200000,0.860000,288.160004,27.770000,88357.468750,39.94,93.27,8.114285,PM2.5,28124
5.780000,5.930000,1.020000,0.380000,0.140000,71.699997,-1.000000,1.320000,288.339996,26.930000,88474.890625,39.96,93.45,8.257143,PM2.5,28125
5.840000,6.000000,1.010000,0.410000,0.140000,71.180000,-0.340000,1.750000,288.309998,26.840000,88380.406250,39.97,93.62,8.342857,PM2.5,28126
5.860000,6.020000,1.030000,0.460000,0.140000,70.720001,0.470000,2.110000,288.230011,26.930000,88320.289062,39.99,93.8,8.371428,PM2.5,28127
6.030000,6.210000,1.130000,0.560000,0.140000,70.169998,1.050000,2.350000,288.209991,27.150000,88575.273438,40.0,93.97,8.614286,PM2.5,28128
6.290000,6.500000,1.290000,0.720000,0.140000,69.830002,1.010000,2.170000,287.619995,28.760000,88375.906250,40.02,94.15,8.985714,PM2.5,28129
6.460000,6.690000,1.420000,0.900000,0.150000,70.959999,0.070000,1.590000,287.239990,30.180000,87795.468750,40.03,94.32,9.228572,PM2.5,28130
6.890000,7.200000,1.710000,1.340000,0.150000,71.279999,-0.280000,0.860000,287.019989,31.040001,87250.460938,40.04,94.5,9.842857,PM2.5,28131
7.050000,7.370000,1.760000,1.440000,0.150000,71.589996,-0.540000,0.710000,286.859985,31.830000,86905.609375,40.06,94.67,10.071429,PM2.5,28132
6.950000,7.150000,1.330000,0.840000,0.150000,73.639999,-1.080000,0.850000,286.329987,32.779999,86433.953125,40.07,94.85,9.928571,PM2.5,28133
7.310000,7.490000,1.210000,0.630000,0.150000,74.389999,-0.490000,0.670000,285.640015,33.500000,85640.140625,40.08,95.02,10.442857,PM2.5,28134
7.800000,7.970000,1.150000,0.480000,0.150000,74.760002,0.350000,0.790000,285.529999,33.419998,85542.156250,40.09,95.2,11.142858,PM2.5,28135
8.250000,8.410000,1.130000,0.400000,0.140000,75.099998,0.920000,0.990000,285.739990,32.980000,85803.476562,40.11,95.38,11.785714,PM2.5,28136
8.680000,8.840000,1.120000,0.340000,0.140000,75.290001,1.410000,1.100000,285.950012,32.380001,86041.671875,40.12,95.55,12.400001,PM2.5,28137
8.950000,9.110000,1.110000,0.340000,0.140000,74.820000,2.030000,0.920000,285.670013,32.650002,85606.367188,40.13,95.73,12.785714,PM2.5,28138
9.130000,9.290000,1.080000,0.350000,0.140000,74.059998,2.590000,0.960000,285.269989,33.180000,84987.968750,40.14,95.9,13.042857,PM2.5,28139
9.400000,9.560000,1.060000,0.370000,0.140000,73.790001,2.940000,1.310000,285.609985,32.340000,85321.828125,40.15,96.08,13.428571,PM2.5,28140
9.730000,9.900000,1.040000,0.350000,0.140000,73.650002,3.020000,1.450000,285.570007,32.389999,85306.093750,40.16,96.25,13.900000,PM2.5,28141
9.990000,10.170000,1.040000,0.330000,0.140000,73.459999,3.310000,1.240000,284.890015,33.220001,84514.921875,40.18,96.43,14.271428,PM2.5,28142
10.580000,10.760000,1.040000,0.320000,0.140000,73.040001,4.000000,0.400000,284.279999,33.730000,83686.203125,40.19,96.61,15.114285,PM2.5,28143
12.120000,12.390000,1.130000,0.550000,0.140000,72.379997,4.030000,-0.040000,284.350006,33.509998,83622.460938,40.2,96.78,17.314285,PM2.5,28144
13.380000,13.880000,1.320000,0.840000,0.140000,72.059998,3.140000,0.590000,284.899994,32.669998,84276.703125,40.21,96.96,19.114286,PM2.5,28145
14.190000,15.080000,1.630000,1.250000,0.150000,71.070000,2.610000,0.340000,285.329987,32.180000,84959.148438,40.22,97.13,20.271427,PM2.5,28146
15.690000,17.480000,2.260000,2.270000,0.160000,70.110001,2.650000,-0.340000,285.640015,32.200001,85587.140625,40.23,97.31,22.414286,PM2.5,28147
17.430000,18.959999,1.930000,1.980000,0.160000,68.639999,2.510000,-0.500000,286.029999,32.189999,86270.000000,40.24,97.49,24.900000,PM2.5,28148
19.000000,19.780001,1.430000,1.200000,0.150000,68.059998,2.110000,-0.960000,286.720001,31.559999,87303.546875,40.25,97.66,27.142857,PM2.5,28149
20.600000,21.200001,1.350000,1.040000,0.150000,67.959999,2.130000,-1.910000,287.390015,30.889999,88275.296875,40.26,97.84,29.428572,PM2.5,28150
21.959999,22.450001,1.290000,0.920000,0.150000,68.239998,1.520000,-2.050000,287.760010,30.780001,88617.750000,40.26,98.02,31.371428,PM2.5,28151
24.020000,24.420000,1.300000,1.000000,0.150000,68.500000,1.340000,-1.960000,287.459991,31.379999,88360.882812,40.27,98.19,34.314285,PM2.5,28152
25.299999,25.670000,1.290000,1.070000,0.150000,67.779999,1.510000,-2.430000,287.269989,31.559999,87935.812500,40.28,98.37,36.142857,PM2.5,28153
25.900000,26.230000,1.270000,1.010000,0.150000,66.680000,1.360000,-3.040000,287.339996,31.389999,87837.601562,40.29,98.54,37.000000,PM2.5,28154
25.860001,26.219999,1.260000,1.160000,0.150000,65.720001,1.350000,-3.140000,287.359985,31.490000,87792.257812,40.3,98.72,36.942860,PM2.5,28155
25.379999,25.719999,1.250000,1.320000,0.150000,65.160004,1.290000,-2.950000,287.269989,32.200001,87716.117188,40.31,98.9,36.257141,PM2.5,28156
24.760000,25.030001,1.230000,1.050000,0.150000,64.150002,1.140000,-2.370000,287.359985,33.060001,87879.257812,40.31,99.07,35.371429,PM2.5,28157
24.580000,24.820000,1.200000,0.890000,0.150000,62.330002,0.510000,-2.100000,287.309998,34.500000,88155.460938,40.32,99.25,35.114285,PM2.5,28158
24.139999,24.379999,1.170000,0.810000,0.140000,60.639999,0.040000,-1.600000,287.239990,36.080002,88502.242188,40.33,99.43,34.485714,PM2.5,28159
23.280001,23.530001,1.130000,0.720000,0.140000,59.119999,-0.460000,-1.270000,287.140015,37.770000,88851.562500,40.33,99.6,33.257145,PM2.5,28160
22.700001,22.969999,1.160000,0.760000,0.140000,58.029999,-0.310000,-0.970000,286.589996,41.009998,89023.296875,40.34,99.78,32.428574,PM2.5,28161
22.040001,22.299999,1.160000,0.760000,0.140000,57.000000,0.610000,-1.170000,286.220001,43.810001,89033.203125,40.35,99.96,31.485716,PM2.5,28162
21.389999,21.629999,1.210000,0.780000,0.140000,57.060001,1.450000,-1.430000,285.839996,45.540001,88728.343750,40.35,100.13,30.557142,PM2.5,28163
5.200000,5.350000,1.060000,0.230000,0.150000,72.510002,0.020000,0.620000,289.640015,28.870001,91015.320312,40.05,92.9,7.428571,PM2.5,28385
5.270000,5.420000,1.050000,0.270000,0.150000,71.879997,0.490000,0.810000,289.829987,27.910000,91112.437500,40.06,93.08,7.528572,PM2.5,28386
5.370000,5.520000,1.040000,0.300000,0.150000,71.349998,0.580000,1.250000,289.899994,26.889999,90979.578125,40.08,93.25,7.671428,PM2.5,28387
5.510000,5.660000,1.030000,0.320000,0.140000,71.230003,0.560000,1.370000,289.829987,26.280001,90777.890625,40.09,93.43,7.871429,PM2.5,28388
5.700000,5.850000,1.040000,0.340000,0.140000,71.190002,0.880000,1.470000,289.690002,26.320000,90543.398438,40.11,93.6,8.142857,PM2.5,28389
5.810000,5.970000,1.050000,0.380000,0.140000,70.440002,1.280000,1.610000,289.359985,26.730000,90164.539062,40.12,93.78,8.300000,PM2.5,28390
5.910000,6.080000,1.120000,0.480000,0.140000,69.379997,1.810000,1.890000,288.839996,27.230000,89659.570312,40.14,93.95,8.442857,PM2.5,28391
6.070000,6.280000,1.270000,0.630000,0.140000,69.260002,1.910000,2.350000,288.269989,28.110001,89145.117188,40.15,94.13,8.671429,PM2.5,28392
6.240000,6.480000,1.400000,0.800000,0.150000,69.820000,1.310000,1.970000,288.079987,29.510000,89016.632812,40.16,94.31,8.914286,PM2.5,28393
6.780000,7.100000,1.750000,1.330000,0.150000,70.000000,1.030000,1.240000,288.239990,30.230000,89200.859375,40.18,94.48,9.685715,PM2.5,28394
7.250000,7.630000,1.950000,1.780000,0.150000,69.730003,0.630000,0.860000,288.480011,30.270000,89331.656250,40.19,94.66,10.357142,PM2.5,28395
7.040000,7.270000,1.380000,0.990000,0.150000,71.320000,-0.070000,0.960000,288.290009,31.160000,89252.531250,40.2,94.83,10.057143,PM2.5,28396
7.430000,7.640000,1.290000,0.790000,0.150000,72.580002,0.420000,1.150000,287.929993,31.490000,88945.460938,40.22,95.01,10.614285,PM2.5,28397
7.890000,8.070000,1.220000,0.590000,0.150000,73.279999,1.430000,1.250000,287.679993,31.610001,88513.437500,40.23,95.18,11.271428,PM2.5,28398
8.200000,8.380000,1.180000,0.470000,0.150000,73.589996,1.830000,1.210000,287.399994,31.870001,88084.117188,40.24,95.36,11.714286,PM2.5,28399
8.610000,8.780000,1.160000,0.410000,0.150000,73.739998,2.310000,1.050000,287.309998,31.180000,87878.656250,40.25,95.54,12.299999,PM2.5,28400
8.970000,9.140000,1.150000,0.390000,0.150000,73.570000,2.870000,1.020000,286.989990,31.290001,87311.546875,40.26,95.71,12.814286,PM2.5,28401
9.330000,9.510000,1.140000,0.400000,0.140000,73.000000,3.230000,0.900000,286.690002,31.709999,86830.007812,40.28,95.89,13.328571,PM2.5,28402
9.780000,9.950000,1.100000,0.390000,0.140000,71.480003,3.590000,0.680000,286.989990,30.809999,87031.703125,40.29,96.06,13.971428,PM2.5,28403
10.120000,10.300000,1.070000,0.380000,0.140000,70.599998,3.580000,0.950000,286.859985,31.070000,86896.117188,40.3,96.24,14.457143,PM2.5,28404
10.480000,10.680000,1.070000,0.390000,0.140000,70.879997,3.380000,1.310000,286.119995,32.180000,86179.968750,40.31,96.42,14.971428,PM2.5,28405
11.340000,11.540000,1.080000,0.370000,0.140000,70.550003,3.900000,0.800000,285.489990,32.869999,85414.812500,40.32,96.59,16.200001,PM2.5,28406
13.360000,13.640000,1.130000,0.500000,0.140000,69.820000,4.220000,0.540000,285.399994,33.060001,85150.453125,40.33,96.77,19.085714,PM2.5,28407
14.910000,15.340000,1.270000,0.720000,0.150000,69.650002,2.860000,0.530000,285.910004,32.560001,85576.398438,40.34,96.94,21.299999,PM2.5,28408
16.990000,17.670000,1.460000,1.020000,0.150000,68.089996,1.640000,0.180000,286.119995,32.450001,86169.539062,40.35,97.12,24.271429,PM2.5,28409
19.450001,20.080000,1.500000,0.950000,0.150000,67.639999,1.770000,-0.300000,286.200012,32.770000,86761.328125,40.36,97.3,27.785715,PM2.5,28410
21.410000,21.879999,1.360000,0.650000,0.150000,67.709999,1.860000,-1.070000,286.799988,32.080002,87508.593750,40.37,97.47,30.585714,PM2.5,28411
22.520000,22.889999,1.280000,0.470000,0.150000,67.870003,0.960000,-1.470000,287.420013,31.209999,88111.867188,40.38,97.65,32.171429,PM2.5,28412
23.760000,24.080000,1.290000,0.440000,0.150000,68.279999,0.620000,-1.720000,287.459991,31.330000,88338.218750,40.39,97.83,33.942856,PM2.5,28413
24.809999,25.110001,1.290000,0.500000,0.150000,68.430000,0.620000,-2.240000,287.429993,31.270000,88258.023438,40.4,98.0,35.442856,PM2.5,28414
25.860001,26.139999,1.290000,0.670000,0.150000,68.089996,0.530000,-2.730000,287.200012,31.500000,87867.203125,40.41,98.18,36.942860,PM2.5,28415
26.410000,26.670000,1.270000,0.800000,0.150000,66.959999,0.540000,-3.220000,286.649994,32.580002,87148.359375,40.42,98.36,37.728573,PM2.5,28416
26.549999,26.780001,1.250000,0.780000,0.150000,66.099998,0.810000,-3.880000,286.070007,33.410000,86451.000000,40.42,98.53,37.928570,PM2.5,28417
26.360001,26.580000,1.220000,0.750000,0.150000,65.320000,1.160000,-4.220000,285.779999,33.689999,85970.187500,40.43,98.71,37.657143,PM2.5,28418
26.049999,26.270000,1.210000,0.770000,0.150000,64.690002,1.210000,-4.090000,285.519989,35.029999,85778.289062,40.44,98.89,37.214283,PM2.5,28419
25.690001,25.900000,1.180000,0.680000,0.140000,63.439999,1.420000,-3.810000,285.799988,35.349998,86121.859375,40.45,99.06,36.700001,PM2.5,28420
25.830000,26.030001,1.170000,0.660000,0.140000,62.259998,1.480000,-3.600000,286.000000,36.139999,86697.593750,40.46,99.24,36.900002,PM2.5,28421
25.730000,25.930000,1.120000,0.640000,0.140000,60.439999,0.890000,-2.880000,286.339996,36.880001,87400.453125,40.46,99.42,36.757141,PM2.5,28422
25.180000,25.389999,1.080000,0.600000,0.140000,58.779999,0.090000,-2.420000,286.609985,38.180000,88389.656250,40.47,99.59,35.971428,PM2.5,28423
24.190001,24.410000,1.080000,0.640000,0.140000,57.570000,-0.170000,-1.730000,286.540009,40.869999,89079.843750,40.48,99.77,34.557144,PM2.5,28424
23.260000,23.480000,1.110000,0.670000,0.140000,56.759998,0.070000,-1.500000,286.089996,44.709999,89212.976562,40.48,99.95,33.228573,PM2.5,28425
22.549999,22.799999,1.300000,0.790000,0.140000,56.740002,0.850000,-1.540000,285.850006,46.520000,89227.476562,40.49,100.13,32.214283,PM2.5,28426
5.470000,5.630000,1.130000,0.170000,0.150000,73.470001,0.850000,0.470000,289.970001,30.760000,92004.382812,40.18,92.88,7.814285,PM2.5,28647
5.360000,5.520000,1.110000,0.200000,0.150000,72.930000,1.170000,0.450000,290.040009,29.870001,91978.789062,40.2,93.06,7.657143,PM2.5,28648
5.370000,5.530000,1.070000,0.230000,0.150000,71.989998,0.820000,0.140000,290.170013,27.920000,91578.898438,40.21,93.23,7.671428,PM2.5,28649
5.540000,5.690000,1.080000,0.260000,0.150000,72.650002,0.570000,0.090000,289.829987,27.590000,91159.296875,40.23,93.41,7.914286,PM2.5,28650
5.900000,6.060000,1.100000,0.270000,0.150000,72.360001,0.880000,0.000000,289.579987,28.129999,90865.773438,40.24,93.58,8.428572,PM2.5,28651
6.240000,6.410000,1.110000,0.280000,0.150000,71.730003,1.070000,0.300000,289.279999,28.870001,90595.109375,40.26,93.76,8.914286,PM2.5,28652
6.370000,6.540000,1.130000,0.320000,0.150000,71.019997,1.640000,0.810000,288.940002,28.910000,90259.851562,40.27,93.94,9.099999,PM2.5,28653
6.220000,6.410000,1.210000,0.450000,0.140000,70.489998,2.150000,1.570000,288.769989,28.080000,89952.953125,40.28,94.11,8.885714,PM2.5,28654
6.280000,6.480000,1.280000,0.560000,0.140000,70.510002,2.060000,1.290000,288.510010,28.740000,89796.640625,40.3,94.29,8.971429,PM2.5,28655
6.920000,7.160000,1.380000,0.720000,0.150000,70.300003,2.020000,0.360000,288.369995,30.469999,89908.781250,40.31,94.46,9.885715,PM2.5,28656
7.820000,8.100000,1.520000,0.980000,0.150000,69.099998,1.690000,0.040000,288.519989,31.450001,90148.921875,40.32,94.64,11.171429,PM2.5,28657
8.910000,9.140000,1.350000,0.830000,0.150000,69.410004,1.090000,0.550000,288.429993,32.200001,90322.750000,40.34,94.82,12.728571,PM2.5,28658
10.050000,10.260000,1.290000,0.680000,0.150000,70.029999,1.310000,0.900000,288.429993,32.000000,90285.429688,40.35,94.99,14.357143,PM2.5,28659
11.090000,11.280000,1.230000,0.550000,0.150000,69.919998,1.800000,0.630000,288.380005,31.680000,89844.968750,40.36,95.17,15.842857,PM2.5,28660
11.930000,12.120000,1.220000,0.550000,0.150000,71.019997,1.820000,0.540000,288.029999,31.840000,89373.726562,40.37,95.34,17.042858,PM2.5,28661
11.650000,11.850000,1.220000,0.540000,0.150000,71.610001,2.480000,0.450000,287.869995,31.309999,89131.453125,40.39,95.52,16.642857,PM2.5,28662
11.790000,11.990000,1.210000,0.530000,0.150000,71.360001,2.870000,0.430000,287.850006,30.740000,88644.132812,40.4,95.7,16.842857,PM2.5,28663
12.560000,12.770000,1.270000,0.580000,0.150000,71.290001,2.650000,0.250000,287.220001,31.750000,87955.289062,40.41,95.87,17.942858,PM2.5,28664
14.080000,14.290000,1.250000,0.570000,0.150000,70.660004,3.110000,-0.010000,286.899994,31.830000,87584.132812,40.42,96.05,20.114286,PM2.5,28665
15.250000,15.460000,1.200000,0.550000,0.150000,69.669998,3.430000,-0.160000,286.970001,31.030001,87425.539062,40.43,96.23,21.785715,PM2.5,28666
16.110001,16.330000,1.150000,0.540000,0.150000,68.669998,2.900000,0.350000,286.660004,31.209999,87031.531250,40.44,96.4,23.014286,PM2.5,28667
17.920000,18.139999,1.170000,0.530000,0.150000,68.260002,3.140000,0.680000,286.119995,32.110001,86522.078125,40.45,96.58,25.600000,PM2.5,28668
19.160000,19.410000,1.170000,0.570000,0.150000,68.720001,2.880000,-0.140000,286.220001,31.750000,86286.140625,40.47,96.75,27.371428,PM2.5,28669
21.090000,21.420000,1.270000,0.700000,0.150000,68.559998,1.520000,-0.340000,286.179993,32.299999,86344.343750,40.48,96.93,30.128572,PM2.5,28670
22.840000,23.309999,1.390000,0.840000,0.150000,67.570000,1.090000,-0.400000,286.140015,32.400002,86465.593750,40.49,97.11,32.628571,PM2.5,28671
24.270000,24.629999,1.350000,0.600000,0.150000,67.570000,0.810000,-0.570000,286.290009,32.270000,86656.257812,40.5,97.28,34.671429,PM2.5,28672
25.299999,25.580000,1.320000,0.420000,0.150000,68.330002,0.640000,-1.300000,286.540009,31.809999,86961.429688,40.51,97.46,36.142857,PM2.5,28673
25.459999,25.709999,1.300000,0.340000,0.150000,68.339996,0.510000,-1.930000,286.820007,31.570000,87242.382812,40.51,97.64,36.371426,PM2.5,28674
25.450001,25.680000,1.290000,0.310000,0.150000,68.300003,0.180000,-2.330000,286.959991,31.750000,87458.609375,40.52,97.82,36.357143,PM2.5,28675
25.959999,26.180000,1.280000,0.370000,0.150000,67.849998,-0.210000,-3.110000,286.559998,32.660000,87180.062500,40.53,97.99,37.085712,PM2.5,28676
26.480000,26.700001,1.280000,0.460000,0.150000,67.120003,-0.080000,-3.910000,285.880005,33.759998,86489.210938,40.54,98.17,37.828571,PM2.5,28677
26.660000,26.860001,1.260000,0.460000,0.150000,65.989998,0.120000,-4.310000,285.320007,34.720001,85832.640625,40.55,98.35,38.085712,PM2.5,28678
26.850000,27.040001,1.240000,0.570000,0.150000,65.330002,0.460000,-4.810000,284.440002,36.439999,84962.187500,40.56,98.52,38.357143,PM2.5,28679
26.650000,26.840000,1.210000,0.620000,0.150000,64.559998,1.020000,-5.080000,283.750000,37.590000,84103.992188,40.57,98.7,38.071426,PM2.5,28680
26.690001,26.879999,1.190000,0.590000,0.150000,64.180000,1.540000,-5.060000,283.399994,38.619999,83808.820312,40.57,98.88,38.128571,PM2.5,28681
26.799999,26.980000,1.170000,0.450000,0.140000,63.389999,2.350000,-4.730000,283.809998,38.490002,84352.250000,40.58,99.05,38.285713,PM2.5,28682
27.000000,27.180000,1.140000,0.440000,0.140000,61.990002,2.460000,-4.160000,284.730011,37.650002,85413.453125,40.59,99.23,38.571430,PM2.5,28683
26.959999,27.129999,1.080000,0.440000,0.140000,59.740002,1.690000,-3.830000,285.529999,37.400002,86493.226562,40.6,99.41,38.514286,PM2.5,28684
26.799999,26.969999,1.030000,0.420000,0.140000,58.349998,0.760000,-3.520000,285.929993,38.860001,87668.921875,40.6,99.59,38.285713,PM2.5,28685
25.969999,26.139999,1.000000,0.490000,0.140000,57.070000,0.210000,-3.000000,286.230011,40.689999,88764.867188,40.61,99.76,37.099998,PM2.5,28686
25.020000,25.209999,1.060000,0.560000,0.140000,56.610001,0.090000,-2.430000,286.089996,43.470001,89309.046875,40.62,99.94,35.742859,PM2.5,28687
24.469999,24.719999,1.390000,0.810000,0.140000,56.400002,0.370000,-1.920000,285.820007,46.020000,89477.898438,40.62,100.12,34.957142,PM2.5,28688
6.330000,6.500000,1.200000,0.190000,0.150000,73.519997,0.040000,-0.220000,290.149994,31.160000,92344.367188,40.33,93.04,9.042857,PM2.5,28912
6.460000,6.640000,1.190000,0.230000,0.150000,73.190002,-0.210000,-0.780000,290.079987,29.959999,91952.312500,40.35,93.21,9.228572,PM2.5,28913
6.720000,6.890000,1.190000,0.260000,0.150000,73.019997,-0.120000,-1.120000,289.790009,30.280001,91329.593750,40.36,93.39,9.599999,PM2.5,28914
6.990000,7.170000,1.200000,0.290000,0.150000,72.910004,0.060000,-1.480000,289.529999,30.820000,90851.296875,40.38,93.57,9.985714,PM2.5,28915
7.280000,7.460000,1.200000,0.250000,0.150000,72.709999,0.070000,-1.390000,289.329987,31.120001,90497.656250,40.39,93.74,10.400001,PM2.5,28916
7.510000,7.690000,1.200000,0.230000,0.150000,72.809998,0.220000,-1.060000,289.119995,31.150000,90277.671875,40.4,93.92,10.728572,PM2.5,28917
7.510000,7.690000,1.190000,0.220000,0.150000,72.610001,0.380000,-0.770000,289.089996,30.549999,90217.500000,40.42,94.09,10.728572,PM2.5,28918
7.810000,8.000000,1.210000,0.240000,0.150000,72.750000,0.740000,-0.860000,288.820007,30.799999,90233.789062,40.43,94.27,11.157143,PM2.5,28919
8.630000,8.820000,1.200000,0.240000,0.150000,72.489998,1.580000,-1.120000,288.760010,31.690001,90293.523438,40.45,94.45,12.328571,PM2.5,28920
10.380000,10.560000,1.200000,0.260000,0.150000,71.589996,1.780000,-1.030000,288.670013,32.540001,90290.093750,40.46,94.62,14.828571,PM2.5,28921
12.750000,12.930000,1.200000,0.330000,0.150000,70.610001,1.310000,-0.030000,288.500000,32.660000,90215.398438,40.47,94.8,18.214285,PM2.5,28922
15.060000,15.250000,1.210000,0.380000,0.150000,69.930000,0.830000,0.510000,288.290009,32.360001,90073.976562,40.48,94.97,21.514286,PM2.5,28923
16.700001,16.889999,1.230000,0.440000,0.150000,69.709999,0.860000,0.080000,288.089996,32.130001,89856.679688,40.5,95.15,23.857143,PM2.5,28924
18.260000,18.450001,1.260000,0.500000,0.150000,69.879997,0.940000,-0.070000,287.940002,31.860001,89641.648438,40.51,95.33,26.085714,PM2.5,28925
19.580000,19.780001,1.300000,0.590000,0.150000,70.059998,1.380000,-0.020000,287.829987,31.350000,89414.367188,40.52,95.5,27.971428,PM2.5,28926
20.120001,20.340000,1.350000,0.710000,0.150000,70.169998,1.420000,-0.450000,287.869995,30.540001,89059.187500,40.53,95.68,28.742859,PM2.5,28927
22.120001,22.360001,1.430000,0.870000,0.150000,70.010002,1.170000,-0.580000,287.329987,30.530001,88453.703125,40.54,95.86,31.600000,PM2.5,28928
23.110001,23.320000,1.360000,0.790000,0.150000,70.169998,1.390000,-0.620000,286.920013,30.430000,87842.023438,40.56,96.03,33.014286,PM2.5,28929
23.889999,24.090000,1.290000,0.730000,0.150000,70.070000,1.670000,-0.820000,286.730011,29.799999,87483.703125,40.57,96.21,34.128571,PM2.5,28930
24.110001,24.299999,1.230000,0.710000,0.150000,69.559998,1.710000,-0.870000,286.630005,29.600000,87072.460938,40.58,96.39,34.442860,PM2.5,28931
24.860001,25.040001,1.210000,0.690000,0.150000,69.349998,1.100000,-0.670000,286.279999,30.190001,86600.773438,40.59,96.56,35.514286,PM2.5,28932
25.370001,25.549999,1.220000,0.640000,0.150000,70.809998,0.560000,-1.140000,285.970001,30.719999,86276.976562,40.6,96.74,36.242859,PM2.5,28933
25.940001,26.160000,1.270000,0.630000,0.150000,70.440002,0.190000,-0.910000,285.649994,31.940001,85901.929688,40.61,96.92,37.057144,PM2.5,28934
25.889999,26.139999,1.320000,0.480000,0.150000,70.279999,-0.020000,-1.000000,285.269989,33.250000,85405.976562,40.62,97.09,36.985714,PM2.5,28935
26.080000,26.309999,1.310000,0.360000,0.150000,69.639999,-0.090000,-1.570000,285.000000,34.040001,85021.406250,40.63,97.27,37.257141,PM2.5,28936
25.570000,25.760000,1.280000,0.280000,0.150000,69.099998,-0.110000,-2.180000,285.049988,34.360001,85045.468750,40.64,97.45,36.528572,PM2.5,28937
25.100000,25.290001,1.280000,0.260000,0.150000,68.699997,-0.080000,-3.000000,285.200012,34.549999,85390.820312,40.65,97.63,35.857143,PM2.5,28938
25.350000,25.540001,1.280000,0.260000,0.150000,68.139999,-0.080000,-3.760000,285.339996,34.689999,85774.226562,40.66,97.8,36.214287,PM2.5,28939
25.799999,25.990000,1.280000,0.290000,0.150000,67.510002,-0.150000,-4.120000,285.179993,35.290001,85857.617188,40.67,97.98,36.857143,PM2.5,28940
26.200001,26.389999,1.280000,0.340000,0.150000,66.529999,-0.070000,-4.390000,284.630005,36.500000,85376.398438,40.68,98.16,37.428574,PM2.5,28941
26.490000,26.660000,1.240000,0.340000,0.150000,64.639999,0.250000,-4.760000,284.179993,37.369999,84793.843750,40.68,98.33,37.842857,PM2.5,28942
27.170000,27.330000,1.180000,0.420000,0.140000,63.290001,2.120000,-4.440000,282.989990,40.090000,83870.343750,40.71,98.87,38.814285,PM2.5,28945
27.870001,28.030001,1.110000,0.340000,0.140000,61.099998,2.620000,-4.200000,283.869995,39.189999,84735.976562,40.72,99.22,39.814285,PM2.5,28947
27.889999,28.049999,1.060000,0.390000,0.140000,59.580002,1.780000,-4.340000,284.609985,39.169998,85934.460938,40.73,99.4,39.842857,PM2.5,28948
27.490000,27.650000,0.990000,0.360000,0.140000,57.759998,1.000000,-4.230000,284.970001,40.840000,86919.023438,40.74,99.58,39.271427,PM2.5,28949
27.030001,27.190001,0.960000,0.410000,0.140000,56.430000,0.530000,-4.070000,285.510010,42.209999,88209.296875,40.75,99.75,38.614288,PM2.5,28950
26.379999,26.559999,1.000000,0.480000,0.140000,56.139999,0.500000,-3.540000,286.019989,43.259998,89397.929688,40.75,99.93,37.685715,PM2.5,28951
25.969999,26.209999,1.370000,0.790000,0.140000,56.080002,0.210000,-2.810000,285.929993,44.669998,89686.703125,40.76,100.11,37.099998,PM2.5,28952
6.720000,6.890000,1.250000,0.190000,0.150000,73.260002,-1.250000,-1.520000,290.589996,30.900000,92406.882812,40.47,93.02,9.599999,PM2.5,29177
6.820000,6.990000,1.240000,0.210000,0.150000,73.300003,-1.080000,-2.050000,290.329987,30.660000,91846.007812,40.48,93.19,9.742857,PM2.5,29178
6.970000,7.150000,1.230000,0.230000,0.150000,73.440002,-0.690000,-2.440000,289.760010,31.020000,90828.187500,40.49,93.37,9.957143,PM2.5,29179
7.130000,7.300000,1.220000,0.240000,0.150000,73.650002,-0.240000,-2.770000,289.130005,31.680000,89750.093750,40.51,93.55,10.185715,PM2.5,29180
7.310000,7.490000,1.210000,0.220000,0.150000,73.690002,0.080000,-3.030000,288.619995,32.169998,88802.617188,40.52,93.72,10.442857,PM2.5,29181
7.520000,7.700000,1.210000,0.200000,0.150000,73.480003,0.090000,-3.080000,288.429993,32.310001,88494.773438,40.54,93.9,10.742857,PM2.5,29182
7.660000,7.840000,1.210000,0.200000,0.150000,73.760002,0.240000,-3.200000,288.570007,32.040001,88921.242188,40.55,94.08,10.942857,PM2.5,29183
8.020000,8.200000,1.200000,0.190000,0.150000,73.730003,0.870000,-3.210000,288.739990,31.830000,89404.953125,40.57,94.25,11.457144,PM2.5,29184
8.850000,9.030000,1.190000,0.190000,0.150000,73.360001,1.560000,-2.850000,288.750000,32.000000,89473.953125,40.58,94.43,12.642858,PM2.5,29185
10.280000,10.460000,1.180000,0.190000,0.150000,72.389999,1.760000,-2.200000,288.570007,32.180000,89368.046875,40.59,94.6,14.685714,PM2.5,29186
12.780000,12.950000,1.180000,0.230000,0.150000,71.230003,1.360000,-1.400000,288.429993,31.510000,89412.796875,40.61,94.78,18.257143,PM2.5,29187
15.840000,16.020000,1.200000,0.310000,0.150000,70.250000,0.820000,-0.220000,288.309998,30.680000,89531.296875,40.62,94.96,22.628572,PM2.5,29188
18.299999,18.480000,1.230000,0.430000,0.150000,69.839996,0.370000,-0.100000,288.140015,30.090000,89434.046875,40.63,95.13,26.142857,PM2.5,29189
20.600000,20.780001,1.280000,0.490000,0.150000,69.540001,0.120000,-0.470000,287.820007,29.969999,89079.382812,40.64,95.31,29.428572,PM2.5,29190
22.530001,22.730000,1.340000,0.620000,0.150000,69.599998,0.180000,-0.510000,287.540009,29.709999,88666.093750,40.66,95.49,32.185715,PM2.5,29191
23.799999,24.020000,1.460000,0.800000,0.150000,69.580002,0.360000,-0.840000,287.279999,29.440001,88218.046875,40.67,95.67,34.000000,PM2.5,29192
24.850000,25.080000,1.450000,0.840000,0.150000,69.550003,0.540000,-0.930000,286.869995,29.299999,87601.953125,40.68,95.84,35.500000,PM2.5,29193
25.320000,25.520000,1.340000,0.700000,0.150000,69.830002,0.660000,-1.060000,286.420013,29.450001,86934.757812,40.69,96.02,36.171429,PM2.5,29194
25.740000,25.920000,1.270000,0.610000,0.150000,69.970001,0.750000,-1.180000,286.089996,29.660000,86404.726562,40.7,96.2,36.771427,PM2.5,29195
25.910000,26.090000,1.240000,0.590000,0.150000,70.040001,0.660000,-1.130000,285.809998,30.000000,85916.140625,40.71,96.37,37.014286,PM2.5,29196
25.629999,25.790001,1.220000,0.570000,0.150000,70.879997,0.290000,-1.850000,285.500000,30.700001,85505.796875,40.72,96.55,36.614285,PM2.5,29197
25.430000,25.600000,1.220000,0.540000,0.150000,71.559998,0.000000,-1.780000,285.149994,31.760000,85079.812500,40.73,96.73,36.328571,PM2.5,29198
25.700001,25.879999,1.250000,0.530000,0.150000,71.070000,-0.100000,-1.490000,284.589996,33.759998,84394.890625,40.74,96.9,36.714287,PM2.5,29199
25.770000,25.950001,1.270000,0.370000,0.150000,70.400002,-0.080000,-1.820000,284.089996,35.439999,83851.242188,40.75,97.08,36.814285,PM2.5,29200
25.260000,25.430000,1.270000,0.290000,0.150000,69.699997,-0.020000,-2.720000,283.799988,36.509998,83662.781250,40.76,97.26,36.085716,PM2.5,29201
24.629999,24.790001,1.270000,0.260000,0.150000,69.519997,0.100000,-3.630000,283.829987,36.849998,83865.382812,40.77,97.44,35.185715,PM2.5,29202
24.559999,24.730000,1.270000,0.250000,0.150000,68.699997,0.200000,-4.030000,284.170013,36.549999,84447.687500,40.78,97.61,35.085712,PM2.5,29203
24.870001,25.040001,1.280000,0.240000,0.150000,67.940002,0.290000,-3.970000,284.489990,36.490002,85027.937500,40.79,97.79,35.528572,PM2.5,29204
25.299999,25.469999,1.280000,0.250000,0.150000,67.309998,0.180000,-4.070000,284.579987,37.049999,85337.226562,40.8,97.97,36.142857,PM2.5,29205
25.719999,25.889999,1.280000,0.270000,0.150000,66.400002,0.060000,-4.280000,284.260010,38.139999,85133.890625,40.81,98.15,36.742855,PM2.5,29206
26.330000,26.500000,1.270000,0.270000,0.150000,65.010002,0.510000,-4.280000,283.779999,39.480000,84803.046875,40.82,98.32,37.614285,PM2.5,29207
26.959999,27.110001,0.890000,0.340000,0.140000,55.560001,0.450000,-4.250000,284.600006,46.209999,87851.453125,40.88,99.75,38.514286,PM2.5,29215
26.709999,26.879999,0.940000,0.400000,0.140000,55.759998,0.760000,-4.340000,285.329987,45.509998,88977.156250,40.89,99.92,38.157143,PM2.5,29216
7.070000,7.240000,1.230000,0.220000,0.150000,74.330002,-0.600000,-4.100000,288.230011,32.169998,88383.546875,40.64,93.53,10.100000,PM2.5,29449
7.190000,7.360000,1.230000,0.210000,0.150000,74.540001,-0.030000,-4.320000,287.010010,33.709999,86611.929688,40.66,93.7,10.271429,PM2.5,29450
7.390000,7.560000,1.220000,0.190000,0.150000,74.260002,0.660000,-4.480000,286.350006,34.459999,85712.617188,40.67,93.88,10.557142,PM2.5,29451
7.510000,7.690000,1.220000,0.190000,0.150000,74.180000,1.160000,-4.550000,286.720001,34.049999,86355.812500,40.69,94.06,10.728572,PM2.5,29452
7.880000,8.050000,1.200000,0.190000,0.150000,73.970001,1.590000,-4.720000,287.119995,33.779999,87130.617188,40.7,94.23,11.257143,PM2.5,29453
8.720000,8.900000,1.190000,0.180000,0.150000,73.970001,2.120000,-4.470000,287.269989,32.980000,87108.859375,40.71,94.41,12.457143,PM2.5,29454
9.890000,10.060000,1.180000,0.180000,0.150000,73.760002,2.240000,-3.670000,287.269989,32.080002,86972.890625,40.73,94.59,14.128572,PM2.5,29455
11.720000,11.890000,1.170000,0.190000,0.150000,72.779999,1.890000,-2.810000,287.329987,31.139999,87185.906250,40.74,94.76,16.742857,PM2.5,29456
14.100000,14.260000,1.170000,0.220000,0.150000,71.699997,1.550000,-1.560000,287.470001,30.500000,87610.562500,40.75,94.94,20.142859,PM2.5,29457
17.020000,17.200001,1.210000,0.340000,0.150000,70.370003,1.190000,-0.740000,287.399994,30.270000,87773.500000,40.76,95.12,24.314287,PM2.5,29458
19.879999,20.059999,1.270000,0.470000,0.150000,69.540001,0.790000,-0.960000,286.899994,30.469999,87451.343750,40.78,95.3,28.400000,PM2.5,29459
22.260000,22.459999,1.360000,0.630000,0.150000,69.410004,0.580000,-0.970000,286.470001,30.430000,86994.343750,40.79,95.47,31.800001,PM2.5,29460
23.709999,23.930000,1.500000,0.770000,0.150000,69.550003,0.550000,-1.040000,286.140015,30.280001,86534.648438,40.8,95.65,33.871426,PM2.5,29461
24.730000,24.930000,1.360000,0.630000,0.150000,69.860001,0.580000,-1.160000,285.649994,30.570000,85884.843750,40.81,95.83,35.328571,PM2.5,29462
25.070000,25.240000,1.270000,0.510000,0.150000,70.430000,0.480000,-1.100000,285.140015,31.180000,85202.953125,40.82,96.0,35.814285,PM2.5,29463
25.430000,25.600000,1.230000,0.440000,0.150000,70.629997,0.720000,-1.320000,284.850006,31.379999,84740.046875,40.84,96.18,36.328571,PM2.5,29464
25.400000,25.559999,1.200000,0.400000,0.150000,70.029999,0.790000,-1.340000,284.760010,31.469999,84362.390625,40.85,96.36,36.285713,PM2.5,29465
25.629999,25.780001,1.210000,0.420000,0.150000,70.629997,0.430000,-1.330000,284.369995,32.590000,84015.406250,40.86,96.54,36.614285,PM2.5,29466
25.170000,25.320000,1.220000,0.420000,0.150000,71.199997,0.320000,-1.900000,283.970001,34.200001,83639.000000,40.87,96.71,35.957142,PM2.5,29467
24.920000,25.080000,1.240000,0.430000,0.150000,71.080002,0.180000,-2.270000,283.390015,36.279999,83008.171875,40.88,96.89,35.599998,PM2.5,29468
24.709999,24.860001,1.250000,0.330000,0.150000,70.379997,0.120000,-2.910000,283.010010,37.779999,82677.093750,40.89,97.07,35.299999,PM2.5,29469
24.110001,24.260000,1.260000,0.290000,0.150000,69.879997,0.270000,-3.660000,283.179993,37.939999,83079.398438,40.9,97.25,34.442860,PM2.5,29470
23.900000,24.049999,1.270000,0.260000,0.150000,69.300003,0.550000,-4.050000,283.679993,37.130001,83814.507812,40.91,97.42,34.142857,PM2.5,29471
23.930000,24.080000,1.270000,0.250000,0.150000,68.680000,0.690000,-4.050000,284.339996,36.500000,84735.351562,40.92,97.6,34.185715,PM2.5,29472
24.090000,24.250000,1.280000,0.240000,0.150000,68.120003,0.580000,-3.900000,284.940002,36.160000,85622.273438,40.93,97.78,34.414288,PM2.5,29473
24.469999,24.620001,1.280000,0.230000,0.150000,67.459999,0.250000,-4.050000,284.760010,37.330002,85638.679688,40.94,97.96,34.957142,PM2.5,29474
25.020000,25.180000,1.280000,0.230000,0.150000,66.330002,0.420000,-4.260000,284.309998,38.590000,85312.968750,40.95,98.13,35.742859,PM2.5,29475
7.490000,7.670000,1.240000,0.190000,0.150000,74.250000,1.020000,-4.250000,285.000000,36.959999,84736.406250,40.81,93.86,10.700000,PM2.5,29722
7.650000,7.820000,1.230000,0.200000,0.150000,74.070000,1.660000,-4.080000,285.339996,36.919998,85387.476562,40.82,94.04,10.928572,PM2.5,29723
8.060000,8.230000,1.210000,0.180000,0.150000,73.949997,1.920000,-4.210000,285.450012,36.720001,85607.843750,40.83,94.22,11.514286,PM2.5,29724
9.020000,9.190000,1.200000,0.180000,0.150000,74.400002,2.280000,-4.450000,285.089996,35.590000,84649.359375,40.85,94.39,12.885715,PM2.5,29725
10.130000,10.300000,1.180000,0.170000,0.150000,74.790001,2.440000,-4.460000,284.880005,33.950001,84014.921875,40.86,94.57,14.471429,PM2.5,29726
11.370000,11.530000,1.160000,0.170000,0.150000,74.629997,2.320000,-4.160000,284.980011,32.320000,84014.359375,40.87,94.75,16.242857,PM2.5,29727
12.900000,13.060000,1.150000,0.170000,0.150000,73.870003,2.200000,-3.460000,285.279999,31.309999,84365.132812,40.89,94.92,18.428572,PM2.5,29728
15.210000,15.370000,1.170000,0.230000,0.150000,72.879997,1.820000,-2.350000,285.549988,30.840000,84863.843750,40.9,95.1,21.728571,PM2.5,29729
18.080000,18.260000,1.270000,0.450000,0.150000,71.699997,1.310000,-1.870000,285.320007,31.240000,85065.218750,40.91,95.28,25.828571,PM2.5,29730
20.900000,21.100000,1.380000,0.660000,0.150000,70.980003,1.020000,-1.470000,285.000000,31.440001,84872.929688,40.92,95.46,29.857141,PM2.5,29731
22.840000,23.070000,1.620000,0.850000,0.150000,70.519997,0.910000,-1.380000,284.679993,31.600000,84541.929688,40.94,95.63,32.628571,PM2.5,29732
24.020000,24.200001,1.330000,0.520000,0.150000,70.650002,0.750000,-1.380000,284.339996,32.119999,84238.507812,40.95,95.81,34.314285,PM2.5,29733
24.510000,24.670000,1.240000,0.430000,0.150000,71.099998,0.460000,-1.050000,284.019989,32.840000,83876.687500,40.96,95.99,35.014286,PM2.5,29734
24.459999,24.620001,1.210000,0.390000,0.150000,72.010002,0.290000,-1.450000,283.769989,33.220001,83474.226562,40.97,96.17,34.942856,PM2.5,29735
24.650000,24.799999,1.200000,0.360000,0.150000,71.809998,0.760000,-1.980000,283.380005,33.689999,82861.867188,40.98,96.34,35.214287,PM2.5,29736
24.450001,24.590000,1.180000,0.350000,0.150000,70.870003,0.790000,-1.670000,282.970001,35.220001,82215.882812,40.99,96.52,34.928574,PM2.5,29737
24.379999,24.530001,1.220000,0.390000,0.150000,71.580002,0.240000,-1.840000,282.579987,37.410000,82004.570312,41.0,96.7,34.828571,PM2.5,29738
24.040001,24.190001,1.250000,0.430000,0.150000,71.279999,0.040000,-2.640000,282.170013,39.470001,81742.796875,41.01,96.88,34.342857,PM2.5,29739
23.639999,23.780001,1.260000,0.340000,0.150000,70.809998,0.170000,-3.380000,281.869995,40.660000,81613.546875,41.02,97.06,33.771427,PM2.5,29740
23.379999,23.520000,1.260000,0.290000,0.150000,70.190002,0.850000,-3.970000,282.429993,39.639999,82416.968750,41.03,97.23,33.399998,PM2.5,29741
23.270000,23.420000,1.270000,0.270000,0.150000,69.580002,1.340000,-4.300000,283.500000,37.599998,83722.820312,41.04,97.41,33.242859,PM2.5,29742
23.219999,23.370001,1.270000,0.250000,0.150000,68.889999,1.190000,-4.440000,284.519989,36.160000,84903.851562,41.05,97.59,33.171429,PM2.5,29743
23.280001,23.430000,1.280000,0.230000,0.150000,68.290001,0.870000,-4.590000,285.260010,35.490002,85826.148438,41.06,97.77,33.257145,PM2.5,29744
23.620001,23.770000,1.280000,0.210000,0.150000,67.510002,0.460000,-4.600000,285.230011,36.590000,86085.953125,41.07,97.95,33.742859,PM2.5,29745
8.310000,8.480000,1.240000,0.200000,0.150000,73.820000,2.060000,-2.480000,286.299988,36.240002,87240.281250,40.95,94.02,11.871429,PM2.5,29996
8.910000,9.090000,1.230000,0.180000,0.150000,74.760002,1.820000,-2.390000,285.660004,36.480000,86322.492188,40.97,94.2,12.728571,PM2.5,29997
9.830000,10.000000,1.220000,0.170000,0.150000,75.290001,1.970000,-2.960000,284.200012,36.270000,83880.492188,40.98,94.38,14.042857,PM2.5,29998
10.790000,10.950000,1.200000,0.170000,0.150000,75.570000,2.380000,-3.610000,283.119995,36.049999,82299.523438,40.99,94.55,15.414286,PM2.5,29999
11.780000,11.940000,1.170000,0.160000,0.150000,75.459999,2.690000,-4.050000,282.709991,35.139999,81666.976562,41.01,94.73,16.828571,PM2.5,30000
12.870000,13.020000,1.150000,0.160000,0.150000,75.120003,2.890000,-4.110000,282.670013,34.070000,81438.898438,41.02,94.91,18.385714,PM2.5,30001
14.650000,14.810000,1.170000,0.200000,0.150000,74.320000,2.590000,-3.800000,283.109985,32.770000,81939.601562,41.03,95.08,20.928572,PM2.5,30002
17.230000,17.430000,1.340000,0.520000,0.150000,73.610001,1.830000,-3.240000,283.410004,32.340000,82682.476562,41.05,95.26,24.614285,PM2.5,30003
19.650000,19.879999,1.530000,0.820000,0.150000,73.169998,1.410000,-2.570000,283.369995,32.380001,82744.156250,41.06,95.44,28.071428,PM2.5,30004
21.600000,21.889999,2.040000,1.200000,0.150000,72.540001,1.380000,-2.180000,283.149994,32.650002,82451.593750,41.07,95.62,30.857143,PM2.5,30005
22.910000,23.100000,1.420000,0.570000,0.150000,72.169998,1.410000,-1.670000,283.220001,32.790001,82666.906250,41.08,95.8,32.728573,PM2.5,30006
23.440001,23.600000,1.230000,0.410000,0.150000,71.730003,0.750000,-1.030000,283.369995,33.150002,82808.867188,41.09,95.97,33.485714,PM2.5,30007
23.760000,23.900000,1.210000,0.400000,0.150000,73.120003,0.120000,-1.370000,282.869995,34.790001,82406.953125,41.1,96.15,33.942856,PM2.5,30008
23.700001,23.840000,1.200000,0.360000,0.150000,73.339996,0.500000,-1.810000,282.040009,36.599998,81481.992188,41.12,96.33,33.857143,PM2.5,30009
23.520000,23.660000,1.200000,0.330000,0.150000,72.800003,0.560000,-2.310000,281.260010,39.049999,80560.750000,41.13,96.51,33.600002,PM2.5,30010
23.480000,23.620001,1.230000,0.360000,0.150000,71.959999,0.130000,-2.540000,280.989990,41.209999,80395.101562,41.14,96.69,33.542858,PM2.5,30011
23.180000,23.330000,1.260000,0.420000,0.150000,71.790001,0.170000,-3.340000,281.010010,42.299999,80654.929688,41.15,96.86,33.114285,PM2.5,30012
22.950001,23.090000,1.260000,0.350000,0.150000,71.080002,0.700000,-3.850000,281.359985,42.009998,81305.179688,41.16,97.04,32.785717,PM2.5,30013
22.770000,22.920000,1.270000,0.300000,0.150000,70.419998,1.360000,-4.170000,282.279999,40.139999,82468.531250,41.17,97.22,32.528572,PM2.5,30014
22.629999,22.770000,1.270000,0.270000,0.150000,69.750000,1.700000,-4.630000,283.429993,37.810001,83677.296875,41.18,97.4,32.328571,PM2.5,30015
22.510000,22.650000,1.280000,0.250000,0.150000,69.150002,1.470000,-5.140000,284.399994,36.310001,84676.593750,41.19,97.58,32.157143,PM2.5,30016
22.559999,22.709999,1.280000,0.230000,0.150000,68.550003,1.320000,-5.560000,285.040009,35.880001,85542.437500,41.2,97.75,32.228569,PM2.5,30017
9.640000,9.810000,1.270000,0.200000,0.150000,73.459999,2.200000,-2.040000,286.920013,35.779999,88613.437500,41.09,94.0,13.771429,PM2.5,30269
10.400000,10.570000,1.250000,0.180000,0.150000,74.660004,1.840000,-1.380000,286.269989,34.980000,87381.273438,41.1,94.18,14.857142,PM2.5,30270
11.390000,11.560000,1.240000,0.170000,0.150000,75.839996,1.940000,-1.530000,285.070007,34.119999,85189.796875,41.12,94.36,16.271429,PM2.5,30271
12.240000,12.400000,1.220000,0.170000,0.150000,76.220001,2.390000,-1.960000,283.850006,34.380001,83433.726562,41.13,94.53,17.485714,PM2.5,30272
13.010000,13.170000,1.190000,0.160000,0.150000,76.059998,2.810000,-2.320000,282.829987,34.959999,82137.726562,41.14,94.71,18.585714,PM2.5,30273
13.840000,14.000000,1.170000,0.160000,0.150000,75.660004,3.110000,-2.740000,282.130005,35.090000,81206.882812,41.15,94.89,19.771429,PM2.5,30274
15.100000,15.250000,1.170000,0.180000,0.150000,75.080002,2.970000,-3.030000,282.149994,34.220001,81221.039062,41.17,95.07,21.571428,PM2.5,30275
17.299999,17.490000,1.320000,0.490000,0.150000,74.410004,2.330000,-2.810000,282.339996,33.810001,81740.000000,41.18,95.25,24.714285,PM2.5,30276
19.469999,19.690001,1.480000,0.760000,0.150000,73.889999,1.860000,-2.480000,282.119995,33.700001,81412.242188,41.19,95.42,27.814285,PM2.5,30277
21.110001,21.389999,1.960000,1.090000,0.150000,73.449997,1.910000,-2.300000,281.660004,34.220001,80715.109375,41.2,95.6,30.157145,PM2.5,30278
21.809999,21.990000,1.390000,0.540000,0.150000,72.839996,1.970000,-2.230000,281.940002,33.919998,80866.703125,41.22,95.78,31.157143,PM2.5,30279
22.760000,22.920000,1.210000,0.360000,0.150000,72.730003,0.990000,-1.860000,282.130005,34.549999,81095.031250,41.23,95.96,32.514286,PM2.5,30280
23.360001,23.500000,1.210000,0.360000,0.150000,73.660004,0.200000,-1.730000,281.549988,37.060001,80788.710938,41.24,96.14,33.371429,PM2.5,30281
23.219999,23.350000,1.210000,0.330000,0.150000,73.940002,0.190000,-1.810000,280.839996,39.700001,80225.617188,41.25,96.32,33.171429,PM2.5,30282
22.969999,23.110001,1.230000,0.320000,0.150000,73.080002,-0.160000,-2.310000,280.190002,42.750000,79714.023438,41.26,96.49,32.814285,PM2.5,30283
22.719999,22.850000,1.250000,0.370000,0.150000,72.349998,-0.190000,-2.850000,279.829987,45.040001,79548.476562,41.27,96.67,32.457142,PM2.5,30284
22.549999,22.690001,1.270000,0.400000,0.150000,71.620003,0.490000,-3.500000,280.079987,45.189999,80019.796875,41.28,96.85,32.214283,PM2.5,30285
22.350000,22.490000,1.270000,0.350000,0.150000,71.120003,1.290000,-4.040000,281.070007,43.169998,81250.500000,41.29,97.03,31.928572,PM2.5,30286
22.160000,22.299999,1.270000,0.290000,0.150000,70.599998,1.730000,-4.570000,282.010010,41.099998,82250.367188,41.3,97.21,31.657143,PM2.5,30287
21.990000,22.129999,1.280000,0.260000,0.150000,70.050003,1.900000,-5.200000,282.660004,39.619999,82785.656250,41.31,97.39,31.414286,PM2.5,30288
21.860001,22.000000,1.280000,0.240000,0.150000,69.519997,1.910000,-5.740000,283.489990,38.150002,83716.726562,41.32,97.56,31.228573,PM2.5,30289
12.070000,12.230000,1.270000,0.180000,0.150000,74.760002,1.920000,-1.320000,286.149994,33.689999,87325.531250,41.24,94.16,17.242857,PM2.5,30545
12.810000,12.970000,1.250000,0.180000,0.150000,75.519997,2.120000,-1.010000,285.760010,32.610001,86361.250000,41.25,94.34,18.300001,PM2.5,30546
13.500000,13.660000,1.230000,0.170000,0.150000,75.769997,2.450000,-0.970000,285.130005,32.320000,85322.921875,41.26,94.52,19.285715,PM2.5,30547
14.330000,14.480000,1.210000,0.170000,0.150000,75.510002,2.750000,-0.900000,284.320007,32.619999,84167.281250,41.28,94.7,20.471428,PM2.5,30548
15.460000,15.610000,1.190000,0.170000,0.150000,75.070000,2.790000,-1.210000,283.519989,32.970001,83115.132812,41.29,94.87,22.085714,PM2.5,30549
17.110001,17.270000,1.200000,0.200000,0.150000,74.559998,2.580000,-1.580000,283.019989,33.389999,82645.593750,41.3,95.05,24.442858,PM2.5,30550
18.830000,19.000000,1.240000,0.380000,0.150000,74.169998,1.980000,-1.550000,282.670013,33.900002,82429.937500,41.31,95.23,26.900000,PM2.5,30551
20.379999,20.549999,1.270000,0.520000,0.150000,73.970001,1.540000,-1.600000,282.049988,34.320000,81478.593750,41.33,95.41,29.114285,PM2.5,30552
21.469999,21.660000,1.410000,0.540000,0.150000,73.910004,1.440000,-1.690000,281.040009,36.040001,80173.593750,41.34,95.59,30.671427,PM2.5,30553
22.260000,22.420000,1.260000,0.360000,0.150000,73.949997,1.560000,-2.150000,280.309998,37.709999,79277.390625,41.35,95.76,31.800001,PM2.5,30554
23.049999,23.200001,1.220000,0.270000,0.150000,73.949997,1.170000,-2.250000,279.869995,39.320000,78751.187500,41.36,95.94,32.928570,PM2.5,30555
23.420000,23.559999,1.220000,0.260000,0.150000,73.720001,0.320000,-2.010000,279.579987,41.820000,78739.078125,41.37,96.12,33.457142,PM2.5,30556
23.080000,23.219999,1.250000,0.290000,0.150000,73.620003,-0.130000,-1.950000,279.559998,43.869999,79035.351562,41.38,96.3,32.971428,PM2.5,30557
22.620001,22.750000,1.270000,0.320000,0.150000,73.209999,-0.280000,-2.320000,279.559998,45.590000,79342.882812,41.39,96.48,32.314285,PM2.5,30558
22.230000,22.370001,1.280000,0.380000,0.150000,72.489998,0.010000,-2.710000,279.510010,46.779999,79567.742188,41.4,96.66,31.757143,PM2.5,30559
21.969999,22.100000,1.280000,0.380000,0.150000,71.629997,0.820000,-3.190000,279.640015,46.959999,79867.429688,41.42,96.84,31.385714,PM2.5,30560
21.740000,21.879999,1.280000,0.340000,0.150000,71.000000,1.540000,-3.970000,280.179993,45.740002,80497.453125,41.43,97.02,31.057142,PM2.5,30561
21.549999,21.680000,1.280000,0.300000,0.150000,70.370003,1.890000,-4.800000,280.510010,44.950001,80763.640625,41.44,97.19,30.785713,PM2.5,30562
21.400000,21.530001,1.280000,0.270000,0.150000,69.800003,2.360000,-5.330000,280.929993,43.919998,81166.453125,41.45,97.37,30.571428,PM2.5,30563
21.280001,21.410000,1.280000,0.250000,0.150000,69.199997,2.770000,-5.550000,282.190002,41.360001,82650.531250,41.45,97.55,30.400002,PM2.5,30564
14.870000,15.130000,1.250000,0.190000,0.150000,75.419998,2.280000,-0.830000,285.299988,31.850000,85846.812500,41.4,94.5,21.242857,PM2.5,30820
15.790000,16.030001,1.200000,0.180000,0.150000,74.510002,2.090000,-0.820000,284.920013,31.719999,85111.382812,41.41,94.68,22.557142,PM2.5,30821
17.170000,17.389999,1.200000,0.190000,0.150000,74.680000,1.750000,-1.000000,284.200012,32.529999,84404.250000,41.42,94.86,24.528572,PM2.5,30822
18.540001,18.740000,1.200000,0.220000,0.150000,74.550003,1.610000,-1.140000,283.609985,33.430000,83779.992188,41.43,95.03,26.485716,PM2.5,30823
19.980000,20.170000,1.200000,0.350000,0.150000,74.410004,1.250000,-1.130000,283.130005,33.910000,83096.953125,41.45,95.21,28.542856,PM2.5,30824
21.110001,21.290001,1.210000,0.450000,0.150000,74.470001,0.930000,-1.140000,282.489990,34.770000,82139.859375,41.46,95.39,30.157145,PM2.5,30825
21.799999,21.990000,1.240000,0.370000,0.150000,74.760002,0.680000,-1.170000,281.489990,36.590000,80921.398438,41.47,95.57,31.142857,PM2.5,30826
22.350000,22.520000,1.220000,0.290000,0.150000,75.230003,0.700000,-1.250000,280.130005,39.599998,79361.671875,41.48,95.75,31.928572,PM2.5,30827
22.510000,22.660000,1.230000,0.260000,0.150000,75.349998,0.600000,-1.690000,278.950012,42.919998,78101.507812,41.49,95.93,32.157143,PM2.5,30828
22.360001,22.490000,1.250000,0.260000,0.150000,74.889999,0.090000,-1.840000,278.630005,45.380001,78026.109375,41.51,96.11,31.942858,PM2.5,30829
22.070000,22.200001,1.280000,0.280000,0.150000,73.940002,-0.130000,-1.940000,278.890015,46.419998,78553.632812,41.52,96.29,31.528570,PM2.5,30830
21.670000,21.799999,1.290000,0.290000,0.150000,72.849998,-0.020000,-2.350000,279.410004,46.430000,79344.843750,41.53,96.46,30.957144,PM2.5,30831
21.280001,21.420000,1.290000,0.320000,0.150000,72.050003,0.240000,-2.690000,279.950012,46.080002,80239.859375,41.54,96.64,30.400002,PM2.5,30832
21.040001,21.180000,1.290000,0.350000,0.150000,71.500000,0.800000,-3.090000,279.970001,46.490002,80533.953125,41.55,96.82,30.057144,PM2.5,30833
20.910000,21.049999,1.290000,0.350000,0.150000,70.949997,1.510000,-3.730000,279.700012,47.439999,80320.148438,41.56,97.0,29.871428,PM2.5,30834
20.799999,20.940001,1.290000,0.320000,0.150000,70.339996,2.360000,-4.320000,279.739990,47.349998,80307.226562,41.57,97.18,29.714285,PM2.5,30835
20.680000,20.820000,1.290000,0.280000,0.150000,69.739998,3.190000,-4.630000,280.809998,44.770000,81448.257812,41.58,97.36,29.542858,PM2.5,30836
20.549999,20.690001,1.290000,0.260000,0.150000,69.199997,3.500000,-4.860000,282.549988,41.150002,83460.796875,41.59,97.54,29.357141,PM2.5,30837
20.469999,20.600000,1.290000,0.250000,0.150000,68.510002,3.110000,-5.050000,283.700012,39.650002,84993.820312,41.6,97.72,29.242857,PM2.5,30838
18.549999,18.770000,1.210000,0.210000,0.150000,73.989998,1.100000,-1.000000,283.829987,33.330002,84154.203125,41.56,94.84,26.499998,PM2.5,31096
19.900000,20.110001,1.210000,0.300000,0.150000,74.050003,0.820000,-0.940000,283.429993,34.320000,83703.226562,41.57,95.02,28.428572,PM2.5,31097
21.160000,21.350000,1.220000,0.450000,0.150000,74.400002,0.320000,-0.890000,283.010010,35.189999,83232.820312,41.58,95.2,30.228571,PM2.5,31098
21.690001,21.870001,1.240000,0.510000,0.150000,74.790001,-0.090000,-0.910000,282.519989,36.259998,82655.968750,41.59,95.38,30.985716,PM2.5,31099
21.969999,22.139999,1.250000,0.380000,0.150000,75.019997,-0.460000,-0.710000,281.869995,37.650002,81845.976562,41.61,95.55,31.385714,PM2.5,31100
22.040001,22.209999,1.260000,0.320000,0.150000,75.889999,-0.590000,-0.590000,280.859985,39.970001,80658.328125,41.62,95.73,31.485716,PM2.5,31101
21.740000,21.889999,1.270000,0.310000,0.150000,76.139999,-0.410000,-1.090000,279.799988,42.810001,79564.710938,41.63,95.91,31.057142,PM2.5,31102
21.209999,21.350000,1.280000,0.310000,0.150000,75.900002,-0.140000,-1.700000,279.089996,45.270000,78900.296875,41.64,96.09,30.299999,PM2.5,31103
20.830000,20.959999,1.290000,0.290000,0.150000,74.220001,0.130000,-2.120000,278.760010,46.910000,78595.828125,41.65,96.27,29.757143,PM2.5,31104
20.530001,20.670000,1.300000,0.290000,0.150000,72.860001,0.420000,-2.730000,279.309998,46.619999,79336.453125,41.66,96.45,29.328573,PM2.5,31105
20.180000,20.320000,1.300000,0.320000,0.150000,72.070000,0.640000,-3.180000,280.440002,44.520000,80824.523438,41.67,96.63,28.828571,PM2.5,31106
19.980000,20.120001,1.300000,0.350000,0.150000,71.559998,1.020000,-3.400000,280.839996,44.279999,81615.648438,41.68,96.81,28.542856,PM2.5,31107
19.850000,19.990000,1.300000,0.350000,0.150000,71.080002,1.800000,-3.600000,280.649994,45.240002,81579.070312,41.69,96.99,28.357143,PM2.5,31108
19.760000,19.889999,1.290000,0.340000,0.150000,70.470001,2.870000,-3.870000,280.850006,44.919998,81820.546875,41.7,97.17,28.228571,PM2.5,31109
19.620001,19.760000,1.290000,0.300000,0.150000,69.790001,3.600000,-4.260000,282.029999,42.270000,83106.476562,41.71,97.35,28.028572,PM2.5,31110
19.469999,19.600000,1.290000,0.270000,0.150000,69.059998,3.540000,-4.710000,283.440002,39.480000,84724.500000,41.72,97.53,27.814285,PM2.5,31111
19.420000,19.559999,1.290000,0.250000,0.150000,68.250000,3.000000,-5.130000,283.859985,39.230000,85329.359375,41.73,97.71,27.742857,PM2.5,31112
20.360001,20.570000,1.200000,0.350000,0.150000,73.320000,0.580000,-1.020000,283.309998,34.540001,83216.382812,41.7,95.0,29.085714,PM2.5,31369
21.410000,21.600000,1.220000,0.470000,0.150000,73.790001,-0.440000,-1.080000,282.619995,35.869999,82445.171875,41.71,95.18,30.585714,PM2.5,31370
21.750000,21.930000,1.290000,0.430000,0.150000,74.660004,-1.390000,-1.100000,281.149994,40.209999,81168.023438,41.74,95.54,31.071428,PM2.5,31372
21.420000,21.600000,1.310000,0.440000,0.150000,75.290001,-1.390000,-0.950000,280.649994,41.750000,80745.578125,41.75,95.72,30.600000,PM2.5,31373
20.760000,20.910000,1.310000,0.450000,0.150000,75.570000,-0.980000,-1.130000,279.970001,43.570000,80068.203125,41.76,95.9,29.657143,PM2.5,31374
20.200001,20.340000,1.300000,0.400000,0.150000,75.199997,-0.370000,-1.760000,279.200012,45.790001,79264.250000,41.77,96.08,28.857143,PM2.5,31375
19.750000,19.889999,1.300000,0.340000,0.150000,74.139999,0.270000,-2.430000,278.700012,47.590000,78751.093750,41.79,96.26,28.214285,PM2.5,31376
19.420000,19.549999,1.310000,0.320000,0.150000,72.910004,0.910000,-3.220000,279.170013,47.360001,79431.843750,41.8,96.44,27.742857,PM2.5,31377
19.190001,19.320000,1.310000,0.340000,0.150000,72.029999,1.430000,-3.890000,280.429993,44.439999,80978.390625,41.81,96.62,27.414286,PM2.5,31378
18.980000,19.110001,1.310000,0.350000,0.150000,71.419998,1.710000,-4.160000,281.260010,42.980000,82110.937500,41.82,96.79,27.114285,PM2.5,31379
18.790001,18.930000,1.300000,0.360000,0.150000,70.930000,2.270000,-4.230000,281.600006,42.730000,82689.921875,41.83,96.97,26.842859,PM2.5,31380
18.610001,18.740000,1.300000,0.370000,0.150000,70.349998,3.080000,-4.360000,282.010010,42.080002,83224.242188,41.84,97.15,26.585714,PM2.5,31381
18.410000,18.549999,1.300000,0.310000,0.150000,69.639999,3.490000,-4.720000,282.739990,40.549999,83990.476562,41.85,97.33,26.299999,PM2.5,31382
18.290001,18.430000,1.300000,0.280000,0.150000,68.830002,3.300000,-5.160000,283.519989,39.040001,84840.406250,41.86,97.51,26.128572,PM2.5,31383
18.379999,18.520000,1.300000,0.250000,0.150000,67.959999,2.870000,-5.420000,283.529999,39.610001,84995.531250,41.87,97.69,26.257141,PM2.5,31384
18.980000,19.120001,1.320000,0.490000,0.150000,74.339996,-0.520000,-2.110000,278.609985,47.930000,78793.953125,41.91,96.06,27.114285,PM2.5,31649
18.709999,18.850000,1.310000,0.370000,0.150000,73.809998,0.340000,-2.630000,278.570007,48.700001,78907.218750,41.92,96.24,26.728571,PM2.5,31650
18.490000,18.629999,1.320000,0.330000,0.150000,72.959999,1.250000,-3.420000,279.040009,48.060001,79614.500000,41.93,96.42,26.414286,PM2.5,31651
18.260000,18.400000,1.320000,0.330000,0.150000,72.019997,2.010000,-4.150000,280.059998,45.630001,80857.226562,41.94,96.6,26.085714,PM2.5,31652
18.010000,18.139999,1.320000,0.310000,0.150000,71.470001,2.370000,-4.610000,280.950012,43.790001,81980.906250,41.95,96.78,25.728571,PM2.5,31653
17.760000,17.889999,1.310000,0.320000,0.150000,70.879997,2.810000,-4.950000,281.420013,43.099998,82643.203125,41.96,96.96,25.371429,PM2.5,31654
17.510000,17.650000,1.310000,0.370000,0.150000,70.160004,3.430000,-5.230000,281.940002,42.029999,83201.007812,41.97,97.14,25.014286,PM2.5,31655
17.299999,17.430000,1.300000,0.310000,0.150000,69.480003,3.710000,-5.520000,282.809998,40.080002,84073.117188,41.98,97.32,24.714285,PM2.5,31656
17.250000,17.379999,1.300000,0.280000,0.150000,68.650002,3.610000,-5.660000,283.600006,38.630001,84998.929688,41.99,97.5,24.642857,PM2.5,31657
17.809999,17.950001,1.310000,0.300000,0.150000,72.769997,0.410000,-2.680000,278.779999,48.400002,79467.656250,42.05,96.23,25.442856,PM2.5,31919
17.650000,17.790001,1.330000,0.300000,0.150000,72.750000,1.520000,-3.320000,278.859985,48.669998,79773.179688,42.06,96.41,25.214285,PM2.5,31920
17.350000,17.480000,1.330000,0.260000,0.150000,71.989998,2.400000,-3.980000,279.720001,46.790001,80826.937500,42.07,96.59,24.785715,PM2.5,31921
17.040001,17.170000,1.330000,0.250000,0.150000,71.400002,2.780000,-4.550000,280.600006,44.790001,81876.148438,42.08,96.77,24.342859,PM2.5,31922
16.760000,16.900000,1.320000,0.270000,0.150000,70.860001,3.170000,-5.060000,280.640015,44.950001,82057.953125,42.09,96.95,23.942858,PM2.5,31923
16.500000,16.639999,1.310000,0.350000,0.150000,69.879997,3.860000,-5.410000,280.970001,44.230000,82326.203125,42.11,97.13,23.571428,PM2.5,31924
16.330000,16.459999,1.310000,0.310000,0.150000,69.290001,4.450000,-5.810000,282.269989,41.139999,83670.367188,42.11,97.31,23.328571,PM2.5,31925
16.370001,16.500000,1.300000,0.290000,0.150000,68.370003,4.600000,-5.800000,283.559998,38.759998,85183.117188,42.12,97.49,23.385715,PM2.5,31926
17.020000,17.160000,1.370000,0.280000,0.150000,73.690002,0.520000,-2.180000,280.029999,45.810001,81445.539062,42.19,96.21,24.314287,PM2.5,32183
16.660000,16.799999,1.360000,0.280000,0.150000,73.099998,1.880000,-2.810000,279.769989,46.680000,81189.507812,42.2,96.39,23.799999,PM2.5,32184
16.290001,16.420000,1.350000,0.260000,0.150000,72.169998,2.810000,-3.610000,280.239990,45.639999,81712.773438,42.21,96.57,23.271429,PM2.5,32185
15.890000,16.030001,1.340000,0.260000,0.150000,71.389999,3.230000,-4.260000,280.929993,44.060001,82520.023438,42.22,96.75,22.700001,PM2.5,32186
15.670000,15.800000,1.330000,0.280000,0.150000,70.660004,3.600000,-4.580000,280.799988,44.619999,82492.882812,42.23,96.93,22.385714,PM2.5,32187
15.420000,15.560000,1.300000,0.320000,0.150000,68.919998,4.330000,-4.790000,281.089996,44.139999,82711.539062,42.24,97.11,22.028572,PM2.5,32188
15.430000,15.570000,1.310000,0.300000,0.150000,68.790001,5.200000,-5.160000,282.200012,41.410000,83960.476562,42.25,97.29,22.042858,PM2.5,32189
15.610000,15.740000,1.300000,0.290000,0.150000,67.769997,5.520000,-5.220000,283.299988,39.840000,85252.273438,42.26,97.48,22.299999,PM2.5,32190
15.540000,15.680000,1.390000,0.250000,0.150000,72.889999,0.730000,-2.300000,281.559998,42.419998,83463.226562,42.32,96.2,22.200001,PM2.5,32444
15.050000,15.190000,1.370000,0.250000,0.150000,72.440002,2.050000,-2.900000,281.190002,43.380001,83078.750000,42.33,96.38,21.500000,PM2.5,32445
14.630000,14.770000,1.360000,0.250000,0.150000,71.650002,3.170000,-3.600000,281.329987,43.080002,83187.242188,42.34,96.56,20.900000,PM2.5,32446
14.290000,14.430000,1.350000,0.290000,0.150000,70.830002,3.800000,-4.110000,281.959991,41.799999,83908.281250,42.35,96.74,20.414286,PM2.5,32447
14.170000,14.300000,1.340000,0.320000,0.150000,70.050003,4.230000,-4.110000,282.290009,41.340000,84385.242188,42.36,96.92,20.242857,PM2.5,32448
14.230000,14.370000,1.330000,0.290000,0.150000,69.199997,4.960000,-4.000000,282.570007,41.040001,84792.656250,42.37,97.1,20.328571,PM2.5,32449
14.410000,14.550000,1.320000,0.290000,0.150000,68.209999,5.710000,-4.040000,283.140015,39.950001,85427.242188,42.38,97.28,20.585714,PM2.5,32450
14.300000,14.440000,1.390000,0.220000,0.150000,70.580002,-0.250000,-2.590000,282.829987,40.080002,85086.726562,42.44,96.0,20.428572,PM2.5,32693
13.680000,13.820000,1.400000,0.240000,0.150000,71.430000,1.150000,-3.300000,281.989990,41.880001,84240.578125,42.45,96.18,19.542858,PM2.5,32694
13.190000,13.330000,1.380000,0.260000,0.150000,71.120003,2.600000,-3.810000,281.730011,42.400002,83897.117188,42.46,96.36,18.842857,PM2.5,32695
12.850000,12.990000,1.370000,0.260000,0.150000,70.570000,3.820000,-4.180000,282.260010,41.180000,84431.070312,42.48,96.54,18.357143,PM2.5,32696
12.570000,12.710000,1.360000,0.280000,0.150000,69.849998,4.540000,-4.430000,283.140015,39.529999,85457.992188,42.49,96.72,17.957142,PM2.5,32697
12.520000,12.650000,1.350000,0.290000,0.150000,69.019997,4.930000,-4.130000,283.950012,38.150002,86479.031250,42.5,96.91,17.885715,PM2.5,32698
12.750000,12.880000,1.340000,0.290000,0.150000,67.980003,5.260000,-3.600000,284.369995,37.480000,87032.453125,42.51,97.09,18.214285,PM2.5,32699
13.230000,13.370000,1.310000,0.290000,0.150000,66.639999,5.360000,-3.170000,284.450012,38.230000,87187.296875,42.52,97.27,18.900000,PM2.5,32700
11.780000,11.930000,1.410000,0.270000,0.150000,69.870003,1.570000,-3.870000,282.500000,41.430000,85100.031250,42.59,96.17,16.828571,PM2.5,32933
11.510000,11.650000,1.390000,0.300000,0.150000,69.690002,3.250000,-4.330000,282.190002,42.000000,84671.703125,42.6,96.35,16.442858,PM2.5,32934
11.310000,11.450000,1.370000,0.290000,0.150000,69.349998,4.630000,-4.670000,282.980011,40.130001,85495.132812,42.61,96.53,16.157143,PM2.5,32935
11.190000,11.330000,1.370000,0.290000,0.150000,68.830002,5.380000,-4.850000,284.140015,37.959999,86846.226562,42.62,96.71,15.985714,PM2.5,32936
11.270000,11.410000,1.360000,0.290000,0.150000,68.010002,5.600000,-4.490000,284.970001,36.470001,87804.343750,42.63,96.89,16.100000,PM2.5,32937
11.750000,11.890000,1.330000,0.300000,0.150000,66.529999,5.120000,-3.720000,285.279999,36.060001,88112.453125,42.64,97.07,16.785715,PM2.5,32938
