PM2.5(微克每立方米),PM10(微克每立方米),SO2(微克每立方米),NO2(微克每立方米),CO(毫克每立方米),O3(微克每立方米),U(m/s),V(m/s),TEMP(K),RH(%),PSFC(Pa),lat,lon,AQI,Major pollutants,id
20.270000,34.889999,14.660000,10.330000,0.660000,62.180000,-6.100000,-7.090000,292.630005,63.689999,101892.468750,20.3,110.04,34.889999,PM10,155
18.629999,34.529999,13.320000,10.420000,0.740000,65.029999,-6.410000,-7.500000,292.890015,66.480003,101628.250000,20.3,110.18,34.529999,PM10,156
19.030001,35.689999,13.180000,10.130000,0.710000,66.529999,-7.180000,-8.050000,293.170013,68.230003,101647.656250,20.29,110.32,35.689999,PM10,157
19.059999,33.459999,13.760000,10.590000,0.750000,63.919998,-6.550000,-7.550000,292.160004,65.419998,101443.078125,20.43,110.05,33.459999,PM10,158
18.180000,33.820000,12.410000,10.020000,0.780000,67.010002,-6.940000,-7.600000,292.209991,68.320000,100887.453125,20.43,110.19,33.820000,PM10,159
18.780001,34.770000,12.250000,9.500000,0.750000,68.309998,-7.120000,-7.650000,292.510010,68.739998,101073.882812,20.42,110.33,34.770000,PM10,160
19.840000,35.810001,13.160000,9.130000,0.650000,68.190002,-7.410000,-8.200000,293.230011,68.160004,101767.953125,20.41,110.47,35.810001,PM10,161
22.719999,35.209999,15.430000,11.300000,0.740000,61.119999,-5.800000,-7.900000,291.119995,60.630001,101511.273438,20.57,109.91,35.209999,PM10,162
18.450001,32.740002,13.600000,11.080000,0.800000,64.879997,-6.370000,-7.960000,291.309998,65.089996,100908.703125,20.57,110.05,32.740002,PM10,163
18.980000,34.110001,12.900000,10.180000,0.770000,67.820000,-6.830000,-7.830000,291.649994,68.419998,100605.226562,20.56,110.2,34.110001,PM10,164
19.760000,35.000000,12.910000,9.570000,0.720000,69.610001,-7.270000,-7.900000,292.519989,68.510002,101157.851562,20.55,110.34,35.000000,PM10,165
21.389999,36.000000,14.060000,9.210000,0.610000,68.949997,-7.770000,-7.960000,293.179993,67.250000,101862.859375,20.55,110.48,36.000000,PM10,166
27.340000,38.330002,16.700001,11.750000,0.740000,57.750000,-5.370000,-8.060000,289.910004,51.540001,101975.578125,20.71,109.78,39.057144,PM2.5,167
19.920000,33.090000,14.970000,12.280000,0.850000,61.790001,-5.500000,-7.940000,290.760010,59.240002,101574.257812,20.71,109.92,33.090000,PM10,168
17.889999,31.969999,13.600000,11.970000,0.850000,65.080002,-6.080000,-7.710000,291.079987,62.419998,101256.101562,20.7,110.06,31.969999,PM10,169
18.840000,33.400002,13.510000,10.820000,0.750000,68.300003,-6.630000,-7.510000,291.880005,65.480003,101313.960938,20.69,110.2,33.400002,PM10,170
24.760000,36.820000,16.540001,12.400000,0.830000,58.029999,-5.710000,-7.440000,289.820007,48.490002,101994.750000,20.85,109.78,36.820000,PM10,171
19.410000,32.770000,15.070000,13.300000,0.930000,61.240002,-5.300000,-7.800000,290.239990,53.750000,101874.929688,20.84,109.92,32.770000,PM10,172
18.750000,32.380001,14.370000,13.180000,0.880000,64.120003,-5.740000,-7.760000,290.959991,58.189999,101896.093750,20.83,110.07,32.380001,PM10,173
19.830000,33.410000,14.640000,11.710000,0.730000,68.070000,-6.330000,-7.690000,292.019989,61.580002,101981.062500,20.83,110.21,33.410000,PM10,174
24.280001,36.709999,16.690001,12.960000,0.860000,57.369999,-5.760000,-6.630000,289.589996,46.240002,101944.718750,20.98,109.79,36.709999,PM10,175
20.209999,33.310001,15.470000,14.260000,0.980000,59.930000,-5.320000,-7.140000,289.809998,49.540001,101902.328125,20.97,109.93,33.310001,PM10,176
19.860001,33.220001,14.960000,14.590000,0.910000,62.689999,-5.760000,-7.640000,290.250000,52.730000,102005.679688,20.97,110.07,33.220001,PM10,177
23.480000,36.099998,16.740000,13.430000,0.890000,56.759998,-5.730000,-5.840000,289.700012,46.860001,101928.742188,21.11,109.79,36.099998,PM10,178
20.730000,33.610001,15.960000,15.120000,1.010000,58.369999,-5.320000,-6.190000,289.579987,47.150002,101828.828125,21.11,109.94,33.610001,PM10,179
20.400000,33.299999,15.780000,16.260000,0.970000,59.250000,-5.420000,-6.700000,289.489990,47.180000,101828.187500,21.1,110.08,33.299999,PM10,180
20.740000,34.119999,15.970000,16.709999,0.890000,61.779999,-5.500000,-7.340000,289.700012,49.189999,101924.007812,21.09,110.22,34.119999,PM10,181
23.240000,35.860001,16.760000,13.000000,0.840000,56.779999,-5.660000,-6.180000,289.980011,49.299999,102024.437500,21.25,109.8,35.860001,PM10,185
21.440001,34.299999,16.389999,15.250000,1.000000,57.299999,-4.990000,-5.510000,289.500000,47.369999,101860.078125,21.24,109.94,34.299999,PM10,186
20.230000,33.009998,15.930000,17.230000,1.030000,57.310001,-5.340000,-6.000000,289.489990,48.480000,101730.210938,21.23,110.09,33.009998,PM10,187
20.120001,33.200001,15.970000,18.650000,1.000000,57.680000,-5.430000,-5.930000,289.399994,47.540001,101777.632812,21.23,110.23,33.200001,PM10,188
19.770000,33.090000,15.450000,17.080000,0.930000,60.450001,-5.180000,-6.400000,289.480011,47.369999,101973.562500,21.22,110.37,33.090000,PM10,189
19.740000,33.750000,15.290000,13.720000,0.790000,65.739998,-6.190000,-6.990000,290.170013,50.849998,102105.953125,21.21,110.52,33.750000,PM10,190
21.090000,33.930000,16.150000,14.890000,0.980000,56.689999,-5.200000,-5.760000,289.429993,45.840000,101937.039062,21.37,109.95,33.930000,PM10,195
20.100000,33.090000,15.840000,17.370001,1.060000,56.470001,-4.880000,-5.880000,289.540009,47.070000,101882.117188,21.37,110.09,33.090000,PM10,196
20.000000,33.230000,16.190001,19.230000,1.030000,56.549999,-5.270000,-5.510000,289.559998,46.759998,101931.468750,21.36,110.24,33.230000,PM10,197
19.580000,32.779999,15.840000,18.719999,1.000000,57.779999,-5.370000,-5.370000,289.609985,46.880001,102014.156250,21.35,110.38,32.779999,PM10,198
19.510000,33.279999,15.680000,16.450001,0.920000,60.650002,-5.690000,-5.420000,289.630005,46.080002,102067.179688,21.35,110.52,33.279999,PM10,199
19.799999,35.299999,16.180000,14.830000,0.800000,63.840000,-6.740000,-6.410000,289.809998,48.299999,102109.343750,21.34,110.67,35.299999,PM10,200
21.010000,33.450001,16.080000,13.280000,0.950000,55.459999,-5.200000,-7.590000,289.000000,46.520000,102007.851562,21.51,109.81,33.450001,PM10,214
19.940001,32.639999,15.380000,14.140000,0.980000,56.259998,-5.300000,-6.720000,289.290009,47.029999,101919.703125,21.51,109.96,32.639999,PM10,215
19.180000,32.340000,15.070000,15.570000,1.010000,56.779999,-4.860000,-6.160000,289.510010,46.290001,101982.203125,21.5,110.1,32.340000,PM10,216
19.100000,32.740002,15.630000,17.090000,1.000000,57.110001,-4.810000,-5.500000,289.630005,45.830002,102004.453125,21.49,110.24,32.740002,PM10,217
19.000000,32.709999,15.880000,17.709999,0.990000,57.480000,-5.000000,-5.250000,289.549988,45.849998,101947.546875,21.49,110.39,32.709999,PM10,218
18.980000,32.770000,16.139999,17.809999,0.970000,57.740002,-5.320000,-4.720000,289.529999,45.820000,101973.390625,21.48,110.53,32.770000,PM10,219
19.459999,34.709999,16.990000,17.790001,0.910000,58.279999,-5.810000,-4.580000,289.410004,44.970001,102044.203125,21.47,110.67,34.709999,PM10,220
19.610001,36.400002,17.469999,16.219999,0.810000,60.320000,-6.580000,-5.490000,289.170013,44.270000,102049.617188,21.47,110.82,36.400002,PM10,221
19.639999,37.209999,17.330000,14.220000,0.700000,62.580002,-8.340000,-6.840000,289.339996,47.610001,102037.906250,21.46,110.96,37.209999,PM10,222
18.570000,31.219999,15.010000,13.550000,0.970000,56.980000,-5.640000,-7.660000,288.940002,46.669998,101928.539062,21.64,109.96,31.219999,PM10,251
18.110001,31.209999,14.520000,14.020000,0.940000,57.389999,-5.060000,-7.080000,289.220001,46.360001,101905.210938,21.63,110.11,31.209999,PM10,252
18.040001,31.820000,14.840000,14.650000,0.930000,58.090000,-4.750000,-6.160000,289.399994,45.740002,101824.132812,21.63,110.25,31.820000,PM10,253
17.940001,32.099998,15.350000,15.780000,0.930000,57.980000,-4.630000,-5.570000,289.420013,45.770000,101730.242188,21.62,110.39,32.099998,PM10,254
17.860001,32.110001,16.230000,17.400000,0.940000,57.410000,-4.680000,-4.810000,289.549988,45.480000,101838.453125,21.61,110.54,32.110001,PM10,255
18.430000,33.700001,17.480000,18.740000,0.910000,57.279999,-5.210000,-4.060000,289.640015,45.240002,102000.867188,21.61,110.68,33.700001,PM10,256
18.850000,35.419998,17.930000,17.879999,0.850000,58.349998,-6.470000,-4.160000,289.429993,44.400002,102039.750000,21.6,110.83,35.419998,PM10,257
18.629999,35.570000,17.090000,15.030000,0.790000,60.369999,-8.150000,-5.970000,289.000000,43.180000,102023.523438,21.59,110.97,35.570000,PM10,258
19.059999,36.340000,16.459999,13.840000,0.770000,60.509998,-9.710000,-8.410000,288.260010,44.230000,101537.382812,21.58,111.11,36.340000,PM10,259
20.150000,37.619999,17.100000,14.320000,0.750000,58.650002,-9.980000,-10.410000,287.829987,45.790001,101374.398438,21.58,111.26,37.619999,PM10,260
21.209999,38.700001,18.230000,15.400000,0.740000,56.279999,-8.930000,-11.520000,287.910004,45.529999,102130.789062,21.57,111.4,38.700001,PM10,261
23.200001,40.389999,20.260000,16.700001,0.670000,54.250000,-7.630000,-11.640000,287.899994,47.380001,102108.976562,21.56,111.54,40.389999,PM10,262
17.910000,30.639999,15.220000,13.100000,0.920000,57.560001,-5.850000,-8.240000,288.209991,47.880001,101391.640625,21.77,109.97,30.639999,PM10,295
17.180000,30.139999,14.440000,13.240000,0.880000,57.840000,-5.420000,-7.760000,288.649994,46.830002,101648.773438,21.77,110.11,30.139999,PM10,296
16.930000,30.520000,14.450000,13.490000,0.850000,58.220001,-5.050000,-7.020000,289.000000,45.970001,101705.117188,21.76,110.26,30.520000,PM10,297
16.860001,31.020000,14.760000,14.120000,0.850000,58.330002,-4.640000,-6.220000,289.220001,45.099998,101650.406250,21.75,110.4,31.020000,PM10,298
16.570000,31.020000,15.420000,15.280000,0.850000,58.020000,-4.220000,-5.240000,289.500000,44.250000,101800.953125,21.75,110.55,31.020000,PM10,299
16.610001,31.530001,16.480000,16.240000,0.820000,58.340000,-4.480000,-4.260000,289.739990,43.450001,101984.046875,21.74,110.69,31.530001,PM10,300
17.209999,32.959999,16.930000,15.570000,0.780000,59.820000,-6.420000,-4.240000,289.589996,43.230000,101935.296875,21.73,110.83,32.959999,PM10,301
17.190001,33.150002,16.020000,13.490000,0.750000,61.650002,-9.500000,-7.030000,289.239990,43.110001,101935.460938,21.73,110.98,33.150002,PM10,302
18.049999,34.299999,15.680000,12.810000,0.740000,61.369999,-11.540000,-10.230000,288.739990,44.830002,101857.109375,21.72,111.12,34.299999,PM10,303
19.260000,36.029999,16.070000,13.470000,0.750000,59.070000,-11.240000,-12.220000,287.549988,48.490002,100763.828125,21.71,111.26,36.029999,PM10,304
20.170000,37.650002,17.190001,14.860000,0.770000,56.020000,-9.150000,-12.750000,286.869995,50.910000,100336.382812,21.7,111.41,37.650002,PM10,305
21.110001,39.150002,18.969999,16.850000,0.760000,53.529999,-6.600000,-11.560000,286.989990,49.389999,101191.437500,21.69,111.55,39.150002,PM10,306
21.510000,38.740002,20.809999,17.559999,0.700000,53.250000,-4.870000,-9.290000,287.179993,46.570000,101420.546875,21.69,111.7,38.740002,PM10,307
25.620001,38.810001,20.860001,20.020000,0.500000,54.900002,-7.870000,-12.580000,290.459991,57.990002,102022.062500,21.63,112.56,38.810001,PM10,308
16.350000,29.260000,14.630000,12.790000,0.830000,58.419998,-5.720000,-7.740000,288.179993,46.750000,101403.382812,21.9,110.12,29.260000,PM10,344
16.110001,29.389999,14.320000,12.590000,0.780000,58.950001,-5.580000,-7.630000,288.640015,45.700001,101677.039062,21.89,110.27,29.389999,PM10,345
15.910000,29.670000,14.310000,12.700000,0.760000,59.049999,-5.070000,-7.010000,288.940002,44.970001,101677.453125,21.89,110.41,29.670000,PM10,346
15.550000,29.650000,14.490000,13.090000,0.750000,59.000000,-4.320000,-6.120000,289.380005,43.810001,101845.789062,21.88,110.55,29.650000,PM10,347
15.170000,29.500000,14.910000,13.250000,0.730000,59.820000,-4.440000,-5.050000,289.750000,42.500000,101943.359375,21.87,110.7,29.500000,PM10,348
15.640000,30.400000,15.190000,12.760000,0.710000,61.419998,-7.500000,-4.810000,289.709991,41.419998,101825.500000,21.87,110.84,30.400000,PM10,349
16.900000,31.920000,15.100000,12.020000,0.690000,62.410000,-12.000000,-7.940000,288.709991,42.130001,100993.562500,21.86,110.99,31.920000,PM10,350
18.500000,33.730000,15.190000,11.910000,0.690000,61.320000,-13.340000,-11.320000,287.279999,45.619999,100227.007812,21.85,111.13,33.730000,PM10,351
19.990000,35.770000,15.650000,12.680000,0.710000,58.180000,-11.270000,-11.900000,285.450012,51.459999,98842.476562,21.84,111.27,35.770000,PM10,352
20.870001,37.720001,16.760000,14.310000,0.740000,54.639999,-7.760000,-11.020000,284.609985,55.419998,97989.789062,21.84,111.42,37.720001,PM10,353
20.870001,38.869999,18.190001,16.530001,0.760000,52.700001,-5.130000,-10.310000,286.269989,51.590000,100392.632812,21.83,111.56,38.869999,PM10,354
20.650000,39.040001,19.270000,18.129999,0.750000,51.160000,-4.660000,-9.040000,287.730011,48.160000,102076.093750,21.82,111.7,39.040001,PM10,355
20.830000,39.020000,19.370001,18.889999,0.730000,50.520000,-5.240000,-8.680000,287.760010,46.230000,101918.023438,21.81,111.85,39.020000,PM10,356
20.980000,38.869999,19.719999,18.930000,0.700000,51.020000,-6.480000,-9.840000,287.940002,46.060001,102200.523438,21.8,111.99,38.869999,PM10,357
22.629999,40.450001,21.330000,21.309999,0.660000,49.200001,-6.690000,-10.460000,286.799988,45.540001,100857.492188,21.78,112.28,40.450001,PM10,358
23.299999,38.720001,19.240000,22.330000,0.590000,52.900002,-7.010000,-12.090000,289.279999,53.580002,101878.671875,21.77,112.57,38.720001,PM10,359
25.600000,38.119999,20.400000,21.049999,0.490000,56.250000,-8.120000,-12.640000,290.109985,58.770000,101695.757812,21.75,112.85,38.119999,PM10,360
15.540000,28.910000,14.550000,12.230000,0.700000,59.619999,-6.030000,-7.790000,288.480011,44.720001,101564.570312,22.02,110.42,28.910000,PM10,397
15.190000,28.790001,14.540000,12.360000,0.680000,59.450001,-5.190000,-7.320000,288.920013,43.669998,101696.882812,22.01,110.56,28.790001,PM10,398
14.570000,28.260000,14.600000,12.270000,0.660000,60.060001,-4.990000,-6.280000,289.429993,42.320000,101689.500000,22.01,110.71,28.260000,PM10,399
14.800000,28.620001,14.680000,11.850000,0.650000,61.389999,-8.360000,-5.530000,289.850006,40.470001,101763.343750,22.0,110.85,28.620001,PM10,400
16.750000,30.750000,14.700000,11.420000,0.640000,62.049999,-13.520000,-7.400000,288.480011,42.270000,100220.976562,21.99,110.99,30.750000,PM10,401
18.879999,33.119999,14.870000,11.500000,0.650000,60.110001,-13.490000,-9.600000,285.619995,49.700001,97830.406250,21.99,111.14,33.119999,PM10,402
19.920000,34.930000,15.500000,12.530000,0.680000,56.700001,-9.660000,-9.590000,284.630005,53.959999,97998.679688,21.98,111.28,34.930000,PM10,403
19.910000,36.220001,16.730000,14.350000,0.730000,54.020000,-6.770000,-8.440000,285.679993,51.919998,99579.867188,21.97,111.43,36.220001,PM10,404
19.809999,37.119999,17.660000,16.030001,0.750000,52.459999,-5.120000,-8.940000,286.769989,48.900002,101167.820312,21.96,111.57,37.119999,PM10,405
20.049999,37.660000,18.270000,17.459999,0.740000,51.360001,-4.740000,-9.640000,287.489990,47.250000,102190.789062,21.95,111.71,37.660000,PM10,406
20.100000,37.799999,17.969999,18.549999,0.740000,50.740002,-5.550000,-9.130000,287.739990,46.230000,101933.023438,21.94,111.86,37.799999,PM10,407
20.350000,37.869999,17.750000,19.299999,0.740000,50.189999,-6.800000,-9.360000,287.579987,45.700001,101806.523438,21.94,112.0,37.869999,PM10,408
20.490000,38.290001,17.350000,20.740000,0.750000,49.330002,-7.180000,-10.510000,287.290009,45.049999,101768.109375,21.93,112.15,38.290001,PM10,409
20.770000,38.930000,17.520000,22.700001,0.760000,47.500000,-6.410000,-10.180000,287.130005,46.779999,101394.796875,21.92,112.29,38.930000,PM10,410
20.570000,38.430000,16.150000,24.340000,0.770000,47.369999,-5.550000,-10.230000,286.989990,43.980000,101278.101562,21.91,112.43,38.430000,PM10,411
22.090000,38.630001,17.920000,24.879999,0.710000,48.070000,-5.670000,-10.740000,287.399994,46.610001,101302.031250,21.9,112.58,38.630001,PM10,412
19.990000,35.720001,15.870000,22.000000,0.590000,59.360001,-7.730000,-12.840000,289.760010,56.599998,101900.250000,21.87,113.01,35.720001,PM10,413
20.150000,35.349998,17.969999,20.629999,0.540000,61.389999,-7.160000,-12.920000,289.910004,57.439999,101970.117188,21.86,113.15,35.349998,PM10,414
15.790000,28.799999,15.010000,12.070000,0.650000,59.980000,-7.020000,-8.160000,287.609985,45.799999,100864.046875,22.16,110.42,28.799999,PM10,456
15.650000,28.700001,14.850000,11.990000,0.630000,60.000000,-6.480000,-8.270000,287.989990,44.529999,101113.546875,22.15,110.57,28.700001,PM10,457
14.860000,27.930000,14.720000,11.840000,0.620000,60.290001,-5.730000,-7.660000,288.750000,42.680000,101437.976562,22.14,110.71,27.930000,PM10,458
14.700000,27.680000,14.580000,11.430000,0.600000,61.209999,-8.160000,-6.630000,289.500000,40.459999,101530.992188,22.13,110.86,27.680000,PM10,459
16.510000,29.580000,14.560000,11.120000,0.600000,61.650002,-12.960000,-7.530000,288.190002,41.860001,99694.523438,22.13,111.0,29.580000,PM10,460
18.740000,32.180000,14.700000,11.310000,0.620000,59.220001,-12.860000,-9.770000,285.429993,49.389999,97187.890625,22.12,111.15,32.180000,PM10,461
19.459999,33.630001,15.280000,12.260000,0.660000,55.660000,-8.700000,-10.430000,285.059998,51.610001,97971.062500,22.11,111.29,33.630001,PM10,462
19.320000,34.730000,16.430000,13.980000,0.700000,53.430000,-6.560000,-9.920000,286.359985,49.220001,100196.570312,22.1,111.43,34.730000,PM10,463
19.350000,35.619999,17.100000,15.390000,0.720000,52.279999,-6.080000,-10.010000,286.829987,48.110001,101121.726562,22.1,111.58,35.619999,PM10,464
19.820000,36.380001,17.450001,16.469999,0.720000,51.529999,-5.570000,-10.300000,286.769989,48.869999,101504.218750,22.09,111.72,36.380001,PM10,465
19.900000,36.700001,17.059999,17.379999,0.720000,51.080002,-5.860000,-10.070000,286.820007,48.290001,101210.890625,22.08,111.87,36.700001,PM10,466
20.330000,37.090000,16.360001,18.320000,0.730000,50.700001,-6.980000,-10.190000,286.739990,47.869999,100762.757812,22.07,112.01,37.090000,PM10,467
20.260000,37.500000,15.760000,20.129999,0.760000,49.480000,-7.040000,-10.410000,286.940002,47.330002,101207.453125,22.06,112.16,37.500000,PM10,468
19.799999,37.970001,15.150000,22.870001,0.800000,47.580002,-6.080000,-10.650000,287.329987,45.880001,101852.156250,22.05,112.3,37.970001,PM10,469
19.459999,37.840000,14.110000,24.920000,0.830000,46.869999,-5.700000,-9.800000,287.600006,45.680000,101673.023438,22.04,112.44,37.840000,PM10,470
20.160000,37.889999,14.530000,25.900000,0.810000,46.889999,-5.580000,-9.780000,287.290009,45.490002,101338.773438,22.03,112.59,37.889999,PM10,471
20.650000,37.730000,15.640000,26.379999,0.780000,47.830002,-5.580000,-10.210000,287.410004,45.730000,101425.273438,22.02,112.73,37.730000,PM10,472
20.230000,37.000000,16.670000,25.340000,0.710000,51.380001,-6.550000,-11.010000,288.209991,48.459999,101697.867188,22.01,112.88,37.000000,PM10,473
18.260000,31.160000,18.799999,15.230000,0.470000,65.750000,-6.870000,-11.840000,290.899994,56.689999,102010.546875,21.95,113.74,31.160000,PM10,474
15.980000,28.540001,15.160000,11.800000,0.590000,60.110001,-7.890000,-9.350000,287.630005,44.299999,100825.593750,22.28,110.72,28.540001,PM10,520
15.700000,28.059999,14.880000,11.370000,0.580000,60.810001,-9.430000,-8.710000,288.149994,42.029999,100588.429688,22.27,110.87,28.059999,PM10,521
16.990000,28.950001,14.720000,10.820000,0.570000,62.169998,-13.020000,-8.540000,286.709991,44.230000,98258.343750,22.26,111.01,28.950001,PM10,522
19.340000,32.020000,14.560000,11.080000,0.590000,58.090000,-12.830000,-10.390000,283.470001,53.509998,95112.453125,22.25,111.15,32.020000,PM10,523
20.030001,33.290001,14.980000,11.910000,0.630000,54.160000,-8.150000,-11.400000,282.540009,58.099998,95176.726562,22.24,111.3,33.290001,PM10,524
20.150000,34.630001,16.139999,13.650000,0.680000,52.230000,-5.540000,-11.180000,283.869995,55.680000,97252.882812,22.24,111.44,34.630001,PM10,525
19.950001,35.180000,16.650000,14.950000,0.700000,51.459999,-5.460000,-10.890000,285.130005,51.549999,98896.820312,22.23,111.59,35.180000,PM10,526
19.580000,35.119999,16.760000,16.020000,0.700000,50.970001,-5.410000,-10.660000,286.079987,49.650002,100762.250000,22.22,111.73,35.119999,PM10,527
19.770000,35.529999,16.350000,16.770000,0.710000,50.799999,-6.220000,-10.400000,286.140015,49.709999,100840.296875,22.21,111.88,35.529999,PM10,528
20.680000,36.590000,15.710000,17.520000,0.720000,50.650002,-7.240000,-10.800000,285.179993,51.439999,99247.742188,22.2,112.02,36.590000,PM10,529
20.709999,37.349998,15.140000,19.170000,0.750000,49.820000,-6.420000,-10.670000,285.489990,50.070000,99638.906250,22.19,112.17,37.349998,PM10,530
19.709999,37.560001,14.510000,22.459999,0.810000,47.189999,-5.220000,-10.540000,286.850006,46.810001,101562.109375,22.18,112.31,37.560001,PM10,531
19.030001,37.630001,13.630000,25.250000,0.850000,46.180000,-5.080000,-9.680000,287.600006,43.709999,102151.617188,22.18,112.45,37.630001,PM10,532
18.780001,37.340000,12.820000,26.740000,0.860000,46.380001,-5.600000,-9.470000,287.670013,43.820000,101885.937500,22.17,112.6,37.340000,PM10,533
18.650000,36.930000,12.220000,27.530001,0.870000,47.209999,-6.320000,-9.920000,287.410004,46.419998,101301.507812,22.16,112.74,36.930000,PM10,534
18.799999,36.820000,13.500000,27.120001,0.820000,49.680000,-6.710000,-10.630000,287.399994,49.240002,100899.273438,22.15,112.89,36.820000,PM10,535
17.809999,35.400002,15.370000,26.510000,0.780000,52.189999,-5.410000,-10.320000,287.769989,44.860001,102072.546875,22.13,113.17,35.400002,PM10,536
17.010000,34.119999,14.440000,24.520000,0.740000,57.110001,-5.670000,-11.070000,288.670013,49.770000,102102.093750,22.12,113.32,34.119999,PM10,537
17.500000,29.700001,15.590000,11.920000,0.570000,59.000000,-9.340000,-9.800000,285.950012,48.430000,99307.953125,22.41,110.73,29.700001,PM10,588
17.639999,29.799999,15.230000,11.650000,0.570000,58.810001,-11.470000,-9.640000,286.149994,47.080002,99367.476562,22.4,110.87,29.799999,PM10,589
18.469999,30.629999,14.810000,11.320000,0.570000,58.110001,-14.250000,-8.760000,284.899994,49.630001,97666.343750,22.39,111.02,30.629999,PM10,590
19.389999,31.709999,14.590000,11.440000,0.590000,55.070000,-12.880000,-8.190000,282.209991,58.259998,94749.523438,22.39,111.16,31.709999,PM10,591
19.820000,32.820000,14.900000,12.530000,0.630000,50.709999,-7.630000,-8.510000,281.299988,63.730000,94478.281250,22.38,111.31,32.820000,PM10,592
19.840000,33.990002,15.960000,14.130000,0.690000,49.660000,-4.620000,-8.820000,282.959991,59.799999,96709.703125,22.37,111.45,33.990002,PM10,593
19.860001,34.310001,16.230000,14.900000,0.690000,49.820000,-4.720000,-9.250000,283.779999,55.599998,97428.921875,22.36,111.6,34.310001,PM10,594
19.459999,34.060001,16.070000,15.730000,0.690000,50.020000,-5.110000,-9.680000,285.100006,51.599998,99451.960938,22.35,111.74,34.060001,PM10,595
19.219999,33.990002,15.680000,16.400000,0.700000,50.200001,-6.420000,-9.940000,285.950012,49.709999,100912.273438,22.35,111.89,33.990002,PM10,596
20.190001,35.270000,15.160000,17.090000,0.720000,50.040001,-7.610000,-10.440000,284.489990,53.320000,98925.476562,22.34,112.03,35.270000,PM10,597
20.350000,36.330002,14.550000,18.750000,0.760000,48.660000,-6.360000,-10.540000,284.410004,53.549999,98772.921875,22.33,112.17,36.330002,PM10,598
19.459999,36.790001,14.000000,21.700001,0.810000,47.139999,-4.740000,-10.410000,286.290009,48.430000,101030.507812,22.32,112.32,36.790001,PM10,599
18.500000,36.980000,13.360000,24.990000,0.860000,45.869999,-4.690000,-9.500000,287.459991,44.820000,102157.390625,22.31,112.46,36.980000,PM10,600
18.350000,37.369999,12.850000,27.549999,0.880000,45.279999,-5.570000,-8.930000,287.660004,42.549999,102115.687500,22.3,112.61,37.369999,PM10,601
18.360001,37.380001,12.430000,28.879999,0.890000,45.560001,-6.470000,-9.510000,287.269989,43.610001,101526.312500,22.29,112.75,37.380001,PM10,602
18.260000,37.080002,12.700000,29.090000,0.880000,46.939999,-6.390000,-10.150000,287.130005,46.930000,101003.156250,22.28,112.9,37.080002,PM10,603
17.309999,36.000000,12.270000,28.490000,0.870000,49.509998,-5.920000,-10.590000,287.829987,47.540001,101562.117188,22.27,113.04,36.000000,PM10,604
17.260000,35.410000,12.020000,28.610001,0.890000,49.450001,-5.540000,-9.700000,287.880005,45.560001,102063.437500,22.26,113.19,35.762501,NO2,605
16.580000,34.180000,11.370000,26.280001,0.850000,54.169998,-5.760000,-10.370000,288.170013,48.110001,101931.992188,22.25,113.33,34.180000,PM10,606
16.080000,33.380001,12.640000,23.900000,0.750000,58.520000,-6.680000,-11.770000,288.679993,50.880001,101911.273438,22.24,113.47,33.380001,PM10,607
18.410000,30.280001,15.630000,12.000000,0.570000,56.299999,-10.490000,-8.630000,285.209991,50.349998,98585.406250,22.54,110.88,30.280001,PM10,662
18.980000,30.950001,15.290000,11.990000,0.580000,55.080002,-12.520000,-7.820000,284.230011,52.570000,97609.093750,22.53,111.03,30.950001,PM10,663
19.410000,31.730000,15.120000,12.500000,0.610000,52.119999,-11.390000,-6.190000,282.739990,57.590000,96233.242188,22.52,111.17,31.730000,PM10,664
19.209999,32.580002,15.370000,14.040000,0.670000,48.070000,-7.180000,-5.510000,282.720001,60.040001,96770.703125,22.51,111.32,32.580002,PM10,665
18.490000,32.660000,15.930000,15.080000,0.710000,47.660000,-4.600000,-6.050000,284.500000,55.459999,99086.226562,22.5,111.46,32.660000,PM10,666
18.670000,32.849998,15.960000,15.370000,0.700000,48.169998,-4.930000,-6.930000,284.459991,54.040001,98698.343750,22.5,111.61,32.849998,PM10,667
18.940001,32.889999,15.660000,15.680000,0.690000,48.959999,-5.570000,-7.890000,284.429993,52.919998,98624.828125,22.49,111.75,32.889999,PM10,668
18.690001,32.740002,15.280000,16.209999,0.700000,49.459999,-6.690000,-8.890000,285.380005,50.470001,100214.070312,22.48,111.9,32.740002,PM10,669
19.160000,33.590000,14.810000,16.930000,0.720000,49.360001,-7.530000,-9.530000,284.739990,52.310001,99643.671875,22.47,112.04,33.590000,PM10,670
19.469999,34.830002,14.210000,18.299999,0.760000,48.439999,-6.330000,-9.730000,284.309998,53.500000,99077.500000,22.46,112.18,34.830002,PM10,671
19.049999,35.669998,13.690000,20.750000,0.810000,47.360001,-4.750000,-9.930000,285.450012,50.130001,100332.062500,22.45,112.33,35.669998,PM10,672
18.280001,36.119999,13.190000,23.980000,0.850000,46.189999,-4.370000,-9.630000,286.779999,46.270000,101674.273438,22.44,112.47,36.119999,PM10,673
17.900000,36.840000,12.800000,27.209999,0.880000,45.090000,-5.300000,-9.000000,287.559998,43.330002,102134.312500,22.43,112.62,36.840000,PM10,674
17.799999,37.389999,12.460000,29.559999,0.910000,44.450001,-6.460000,-9.440000,287.529999,42.330002,101944.453125,22.42,112.76,37.389999,PM10,675
17.549999,37.400002,12.060000,30.820000,0.920000,44.700001,-6.510000,-9.790000,287.579987,44.250000,101792.796875,22.41,112.91,38.525002,NO2,676
17.129999,37.080002,11.180000,30.070000,0.900000,49.490002,-6.200000,-10.290000,288.480011,48.130001,102010.906250,22.4,113.05,37.587502,NO2,677
17.440001,36.450001,11.610000,30.809999,0.930000,46.849998,-5.820000,-9.330000,287.730011,43.430000,102122.078125,22.39,113.2,38.512501,NO2,678
17.070000,35.029999,10.790000,28.020000,0.900000,51.770000,-5.920000,-9.910000,287.809998,46.750000,101761.796875,22.38,113.34,35.029999,PM10,679
15.840000,33.580002,10.960000,24.549999,0.810000,56.869999,-6.800000,-11.080000,288.239990,50.090000,101683.000000,22.37,113.49,33.580002,PM10,680
19.360001,31.790001,15.680000,13.330000,0.630000,50.080002,-9.840000,-5.080000,283.200012,56.810001,96663.312500,22.65,111.18,31.790001,PM10,744
18.600000,31.780001,15.580000,14.560000,0.680000,47.299999,-6.920000,-4.300000,283.929993,56.119999,98079.812500,22.65,111.32,31.780001,PM10,745
17.100000,30.600000,15.790000,15.190000,0.700000,46.889999,-5.010000,-4.860000,285.970001,50.830002,100919.937500,22.64,111.47,30.600000,PM10,746
16.809999,30.320000,15.660000,15.540000,0.700000,47.160000,-5.230000,-5.640000,286.170013,49.099998,101119.640625,22.63,111.61,30.320000,PM10,747
17.540001,30.750000,15.290000,15.540000,0.680000,48.259998,-6.200000,-6.420000,285.299988,50.410000,99903.718750,22.62,111.76,30.750000,PM10,748
17.969999,31.309999,14.990000,16.010000,0.690000,48.990002,-7.430000,-7.910000,285.029999,50.669998,99695.148438,22.61,111.9,31.309999,PM10,749
18.150000,31.940001,14.610000,16.790001,0.720000,48.930000,-7.660000,-8.770000,284.910004,51.470001,99943.710938,22.6,112.05,31.940001,PM10,750
18.090000,32.790001,14.000000,17.879999,0.760000,48.439999,-6.380000,-8.700000,285.089996,51.340000,100366.757812,22.6,112.19,32.790001,PM10,751
18.010000,33.810001,13.520000,19.820000,0.800000,47.860001,-5.190000,-9.150000,285.579987,49.619999,100817.781250,22.59,112.34,33.810001,PM10,752
17.889999,34.750000,13.090000,22.549999,0.830000,47.009998,-4.970000,-9.700000,286.269989,47.310001,101425.226562,22.58,112.48,34.750000,PM10,753
17.969999,36.090000,12.700000,25.639999,0.860000,46.110001,-5.790000,-10.120000,286.619995,45.500000,101333.921875,22.57,112.63,36.090000,PM10,754
18.070000,37.619999,12.320000,29.080000,0.900000,44.189999,-6.330000,-10.510000,286.489990,44.490002,100814.093750,22.56,112.77,37.619999,PM10,755
17.620001,38.470001,12.110000,32.139999,0.930000,41.779999,-5.500000,-9.660000,287.019989,41.990002,101557.656250,22.55,112.92,40.174999,NO2,756
17.549999,39.340000,12.760000,35.369999,0.970000,39.700001,-4.900000,-9.340000,287.600006,40.400002,102285.921875,22.54,113.06,44.212498,NO2,757
17.629999,37.849998,11.910000,33.439999,0.960000,43.770000,-5.300000,-9.140000,287.910004,43.310001,102219.062500,22.53,113.21,41.799999,NO2,758
17.160000,35.810001,10.930000,30.150000,0.920000,49.139999,-5.730000,-9.070000,287.750000,44.779999,101978.320312,22.52,113.35,37.687500,NO2,759
16.010000,33.820000,10.660000,25.400000,0.830000,54.900002,-6.490000,-10.140000,287.980011,47.240002,101902.421875,22.51,113.5,33.820000,PM10,760
18.309999,30.490000,15.570000,14.060000,0.650000,47.439999,-6.660000,-3.970000,284.709991,53.070000,98959.523438,22.78,111.33,30.490000,PM10,835
16.940001,29.299999,15.650000,14.600000,0.670000,46.880001,-5.540000,-4.840000,285.950012,50.080002,100688.453125,22.77,111.48,29.299999,PM10,836
15.980000,28.450001,15.470000,15.090000,0.680000,47.080002,-5.590000,-5.710000,286.790009,47.169998,101899.796875,22.76,111.62,28.450001,PM10,837
16.270000,28.540001,14.940000,15.100000,0.660000,48.180000,-6.830000,-6.540000,286.279999,47.540001,101255.359375,22.76,111.77,28.540001,PM10,838
17.190001,29.700001,14.740000,15.690000,0.680000,48.860001,-8.160000,-7.640000,285.000000,50.119999,99685.343750,22.75,111.91,29.700001,PM10,839
17.400000,30.400000,14.480000,16.549999,0.710000,48.770000,-7.720000,-8.170000,284.709991,51.250000,99656.460938,22.74,112.06,30.400000,PM10,840
16.990000,30.830000,13.860000,17.170000,0.740000,48.980000,-6.490000,-8.200000,285.640015,49.270000,101137.140625,22.73,112.2,30.830000,PM10,841
17.080000,31.930000,13.450000,18.700001,0.780000,48.700001,-6.040000,-8.880000,285.950012,48.279999,101512.882812,22.72,112.35,31.930000,PM10,842
17.459999,33.439999,13.160000,21.240000,0.820000,47.849998,-6.280000,-9.740000,285.980011,47.759998,101401.117188,22.71,112.49,33.439999,PM10,843
17.940001,35.410000,12.850000,24.600000,0.850000,46.389999,-6.740000,-10.540000,285.589996,48.160000,100607.632812,22.7,112.64,35.410000,PM10,844
18.129999,37.540001,12.400000,28.580000,0.890000,43.830002,-5.880000,-10.470000,285.269989,48.330002,99720.476562,22.69,112.78,37.540001,PM10,845
17.389999,38.849998,11.790000,32.150002,0.920000,40.869999,-4.510000,-9.240000,286.739990,44.270000,101139.726562,22.68,112.93,40.187500,NO2,846
17.180000,40.020000,11.890000,35.849998,0.960000,38.209999,-4.650000,-8.330000,287.790009,41.389999,102231.531250,22.67,113.07,44.812500,NO2,847
17.490000,38.279999,11.140000,34.349998,0.950000,41.869999,-5.320000,-9.070000,287.829987,41.250000,102265.796875,22.66,113.22,42.937500,NO2,848
16.750000,35.590000,10.450000,31.040001,0.910000,47.139999,-5.580000,-8.940000,287.920013,43.990002,102209.382812,22.65,113.36,38.800003,NO2,849
15.620000,33.130001,10.440000,25.430000,0.830000,53.549999,-6.350000,-9.200000,288.040009,45.490002,102189.398438,22.64,113.51,33.130001,PM10,850
16.549999,37.360001,9.310000,29.020000,0.840000,53.490002,-8.140000,-12.440000,287.480011,48.529999,101803.257812,22.61,113.94,37.360001,PM10,851
17.280001,39.130001,9.250000,37.000000,0.900000,44.650002,-6.720000,-10.710000,286.049988,42.470001,100949.593750,22.6,114.09,46.250000,NO2,852
15.470000,32.020000,9.560000,19.190001,0.750000,58.110001,-5.050000,-11.790000,286.089996,42.220001,100787.570312,22.58,114.23,32.020000,PM10,853
13.000000,25.129999,8.670000,8.070000,0.540000,71.269997,-5.830000,-12.650000,289.910004,49.250000,102131.718750,22.56,114.52,25.129999,PM10,854
17.480000,28.820000,15.370000,13.810000,0.640000,47.060001,-6.220000,-5.350000,285.000000,51.189999,99324.406250,22.91,111.49,28.820000,PM10,931
16.520000,28.080000,15.230000,14.410000,0.650000,47.160000,-6.150000,-6.230000,285.600006,49.689999,100262.679688,22.9,111.63,28.080000,PM10,932
16.070000,27.580000,14.580000,14.420000,0.650000,48.230000,-7.100000,-7.030000,285.760010,48.580002,100643.703125,22.89,111.78,27.580000,PM10,933
16.440001,28.180000,14.460000,15.180000,0.660000,48.750000,-8.040000,-7.310000,284.929993,50.119999,99671.578125,22.88,111.92,28.180000,PM10,934
16.650000,28.820000,14.400000,16.240000,0.690000,48.810001,-7.620000,-7.370000,284.690002,50.689999,99629.382812,22.87,112.07,28.820000,PM10,935
16.350000,29.190001,13.790000,16.219999,0.720000,49.950001,-6.860000,-7.880000,285.440002,49.029999,100884.953125,22.86,112.21,29.190001,PM10,936
16.400000,30.160000,13.420000,17.270000,0.760000,49.830002,-6.780000,-8.740000,285.799988,48.279999,101480.203125,22.85,112.36,30.160000,PM10,937
16.799999,31.830000,13.220000,19.559999,0.800000,48.930000,-6.900000,-9.380000,285.970001,47.599998,101647.718750,22.84,112.5,31.830000,PM10,938
17.170000,34.040001,13.000000,23.340000,0.840000,46.889999,-6.700000,-9.700000,285.940002,47.220001,101482.023438,22.83,112.65,34.040001,PM10,939
17.270000,36.639999,12.550000,28.190001,0.880000,43.529999,-5.490000,-9.510000,285.959991,46.610001,101223.203125,22.82,112.8,36.639999,PM10,940
16.910000,38.680000,11.550000,31.770000,0.910000,40.549999,-4.110000,-8.990000,286.880005,43.209999,101821.218750,22.82,112.94,39.712502,NO2,941
16.790001,39.900002,10.790000,34.770000,0.930000,38.730000,-4.020000,-7.880000,287.670013,40.349998,102293.070312,22.8,113.09,43.462502,NO2,942
16.680000,37.119999,9.990000,34.020000,0.920000,41.320000,-4.960000,-8.290000,287.769989,40.450001,102262.289062,22.79,113.23,42.525002,NO2,943
16.320000,35.020000,9.720000,31.309999,0.890000,46.139999,-5.510000,-9.170000,287.850006,42.669998,102268.156250,22.78,113.38,39.137501,NO2,944
15.970000,33.060001,10.000000,21.320000,0.800000,57.799999,-6.970000,-10.100000,287.779999,44.630001,102214.828125,22.76,113.67,33.060001,PM10,945
16.500000,35.060001,10.360000,23.450001,0.860000,53.709999,-7.390000,-10.220000,286.700012,39.040001,102073.203125,22.75,113.81,35.060001,PM10,946
16.150000,34.560001,9.530000,24.870001,0.850000,53.189999,-7.580000,-11.110000,286.299988,41.770000,101694.156250,22.74,113.96,34.560001,PM10,947
16.010000,34.590000,8.870000,26.799999,0.850000,51.990002,-6.840000,-10.950000,286.160004,44.700001,101266.226562,22.73,114.1,34.590000,PM10,948
15.480000,31.530001,9.590000,16.450001,0.750000,59.639999,-5.510000,-10.790000,286.239990,44.020000,101206.648438,22.72,114.25,31.530001,PM10,949
14.590000,29.090000,9.290000,12.540000,0.700000,62.310001,-4.730000,-12.140000,286.690002,41.639999,101382.976562,22.71,114.39,29.090000,PM10,950
13.490000,26.250000,8.650000,8.790000,0.590000,68.500000,-4.970000,-12.490000,288.399994,46.990002,101548.179688,22.69,114.54,26.250000,PM10,951
13.860000,24.180000,9.490000,6.790000,0.490000,66.440002,-4.840000,-11.240000,288.130005,38.900002,101459.578125,22.67,114.82,24.180000,PM10,952
17.620001,28.180000,14.810000,12.960000,0.620000,46.919998,-6.240000,-5.210000,285.040009,50.740002,99442.132812,23.04,111.5,28.180000,PM10,1033
16.889999,27.670000,14.490000,13.430000,0.630000,46.970001,-6.220000,-5.410000,284.950012,51.000000,99410.687500,23.03,111.64,27.670000,PM10,1034
15.940000,26.850000,14.130000,13.640000,0.630000,47.810001,-6.520000,-5.800000,285.369995,49.599998,100181.617188,23.02,111.79,26.850000,PM10,1035
15.530000,26.620001,13.910000,13.990000,0.650000,48.820000,-7.060000,-6.010000,285.399994,48.910000,100321.546875,23.01,111.93,26.620001,PM10,1036
15.560000,26.969999,13.840000,14.500000,0.670000,49.980000,-7.460000,-6.400000,285.209991,48.840000,100216.882812,23.01,112.08,26.969999,PM10,1037
15.540000,27.490000,13.620000,14.960000,0.700000,50.869999,-7.550000,-7.560000,285.380005,48.360001,100777.523438,23.0,112.22,27.490000,PM10,1038
15.750000,28.410000,13.370000,15.700000,0.730000,51.180000,-7.500000,-8.910000,285.730011,47.880001,101517.070312,22.99,112.37,28.410000,PM10,1039
16.299999,30.129999,13.180000,17.350000,0.770000,50.549999,-7.270000,-9.710000,285.910004,47.549999,101776.820312,22.98,112.51,30.129999,PM10,1040
16.730000,32.529999,13.010000,20.750000,0.820000,48.799999,-6.570000,-9.610000,286.109985,46.630001,101873.343750,22.97,112.66,32.529999,PM10,1041
16.660000,35.169998,12.480000,25.889999,0.860000,45.459999,-5.680000,-9.340000,286.559998,45.209999,102275.328125,22.96,112.81,35.169998,PM10,1042
16.480000,37.720001,11.350000,30.280001,0.880000,41.939999,-4.910000,-9.490000,286.959991,43.430000,102328.281250,22.95,112.95,37.850002,NO2,1043
16.299999,39.220001,9.980000,34.029999,0.900000,38.680000,-4.210000,-8.110000,287.399994,41.310001,102232.320312,22.94,113.1,42.537498,NO2,1044
15.960000,36.049999,9.280000,33.020000,0.890000,42.299999,-4.460000,-7.140000,287.779999,38.970001,102285.023438,22.93,113.24,41.275002,NO2,1045
16.290001,35.459999,9.100000,32.189999,0.880000,44.430000,-5.520000,-8.850000,287.720001,41.189999,102337.132812,22.92,113.39,40.237499,NO2,1046
15.760000,33.439999,9.030000,26.730000,0.830000,53.290001,-6.180000,-9.470000,288.190002,44.740002,102275.757812,22.91,113.53,33.439999,PM10,1047
15.910000,32.189999,9.960000,22.650000,0.840000,53.419998,-6.270000,-8.810000,287.079987,39.310001,102093.960938,22.9,113.68,32.189999,PM10,1048
15.350000,31.469999,10.020000,18.600000,0.830000,57.360001,-6.880000,-8.710000,287.040009,42.240002,101951.859375,22.89,113.82,31.469999,PM10,1049
15.170000,30.770000,9.970000,15.940000,0.790000,59.619999,-7.670000,-9.520000,286.450012,42.369999,101778.023438,22.87,113.97,30.770000,PM10,1050
15.270000,30.309999,9.850000,14.340000,0.770000,60.750000,-7.350000,-10.940000,286.140015,42.860001,101638.828125,22.86,114.11,30.309999,PM10,1051
15.250000,30.209999,9.620000,13.770000,0.750000,61.250000,-6.720000,-11.880000,286.260010,43.520000,101613.117188,22.85,114.26,30.209999,PM10,1052
15.030000,29.590000,9.420000,12.490000,0.720000,61.549999,-5.680000,-12.550000,286.140015,44.060001,101069.156250,22.84,114.4,29.590000,PM10,1053
13.960000,27.139999,9.270000,9.790000,0.650000,63.270000,-4.110000,-11.250000,286.209991,40.529999,100637.859375,22.83,114.55,27.139999,PM10,1054
12.920000,24.799999,9.010000,8.010000,0.600000,65.480003,-3.890000,-10.020000,287.049988,39.660000,101026.156250,22.82,114.69,24.799999,PM10,1055
13.450000,24.629999,9.010000,7.240000,0.560000,65.940002,-4.780000,-11.650000,287.350006,40.709999,100905.023438,22.8,114.84,24.629999,PM10,1056
14.470000,24.500000,9.280000,6.970000,0.520000,65.959999,-4.880000,-12.380000,287.880005,38.520000,100876.117188,22.79,114.98,24.500000,PM10,1057
16.580000,24.980000,10.940000,8.260000,0.500000,64.440002,-4.750000,-9.320000,289.390015,36.230000,102038.828125,22.75,115.42,24.980000,PM10,1058
17.330000,27.690001,14.930000,12.770000,0.600000,46.340000,-5.430000,-4.610000,285.920013,48.279999,100608.617188,23.17,111.51,27.690001,PM10,1146
16.480000,26.959999,14.190000,12.890000,0.610000,46.730000,-5.430000,-4.190000,285.989990,48.029999,100727.531250,23.17,111.65,26.959999,PM10,1147
15.450000,26.000000,13.870000,13.000000,0.610000,47.750000,-5.770000,-4.200000,286.200012,47.060001,101164.773438,23.16,111.8,26.000000,PM10,1148
14.610000,25.200001,13.530000,12.940000,0.620000,49.259998,-6.390000,-5.020000,286.350006,46.150002,101450.812500,23.15,111.94,25.200001,PM10,1149
14.590000,25.360001,13.410000,13.150000,0.640000,50.950001,-7.320000,-6.090000,285.839996,46.580002,100873.257812,23.14,112.09,25.360001,PM10,1150
14.920000,26.120001,13.390000,13.770000,0.670000,52.060001,-8.400000,-7.810000,285.399994,47.330002,100600.750000,23.13,112.23,26.120001,PM10,1151
15.400000,27.129999,13.210000,14.330000,0.700000,52.430000,-8.710000,-9.640000,285.179993,48.259998,100807.859375,23.12,112.38,27.129999,PM10,1152
16.059999,28.709999,13.070000,15.400000,0.740000,51.939999,-7.830000,-10.160000,285.089996,49.180000,100961.523438,23.11,112.53,28.709999,PM10,1153
16.540001,31.000000,13.000000,18.000000,0.790000,50.470001,-6.440000,-9.800000,285.420013,48.060001,101321.703125,23.1,112.67,31.000000,PM10,1154
16.620001,33.580002,12.620000,22.059999,0.830000,48.570000,-5.570000,-9.460000,286.119995,45.830002,102054.343750,23.09,112.82,33.580002,PM10,1155
16.129999,35.540001,11.410000,27.620001,0.860000,44.450001,-5.320000,-9.890000,286.549988,44.330002,102331.101562,23.08,112.96,35.540001,PM10,1156
16.139999,38.209999,9.870000,32.310001,0.880000,40.730000,-4.430000,-9.000000,286.950012,42.590000,102260.156250,23.07,113.11,40.387501,NO2,1157
15.190000,33.000000,9.150000,29.459999,0.860000,46.869999,-3.970000,-7.210000,287.679993,38.650002,102212.859375,23.06,113.25,36.824997,NO2,1158
16.440001,36.270000,8.770000,32.369999,0.890000,42.290001,-4.850000,-8.370000,287.239990,39.689999,102127.382812,23.05,113.4,40.462498,NO2,1159
16.459999,34.570000,8.630000,29.950001,0.870000,46.270000,-5.360000,-8.620000,287.100006,38.720001,102091.007812,23.04,113.54,37.437500,NO2,1160
15.640000,31.920000,9.700000,22.900000,0.840000,53.160000,-5.390000,-8.250000,287.230011,40.450001,102126.101562,23.03,113.69,31.920000,PM10,1161
14.830000,30.110001,10.330000,16.760000,0.800000,58.840000,-6.190000,-8.200000,287.209991,39.389999,102300.382812,23.02,113.83,30.110001,PM10,1162
14.770000,29.650000,10.360000,14.100000,0.770000,61.220001,-7.640000,-9.700000,286.850006,41.130001,102183.007812,23.01,113.98,29.650000,PM10,1163
15.020000,29.650000,10.210000,12.920000,0.750000,61.759998,-8.160000,-11.480000,286.410004,42.480000,102091.296875,23.0,114.13,29.650000,PM10,1164
15.190000,30.110001,9.940000,13.360000,0.750000,61.330002,-7.520000,-12.640000,286.040009,43.180000,101690.882812,22.98,114.27,30.110001,PM10,1165
15.340000,30.059999,9.700000,12.150000,0.720000,61.610001,-5.850000,-13.130000,285.910004,44.230000,101357.328125,22.97,114.42,30.059999,PM10,1166
14.000000,27.440001,9.240000,9.580000,0.660000,63.369999,-4.280000,-10.980000,286.559998,43.279999,101146.359375,22.96,114.56,27.440001,PM10,1167
13.020000,24.980000,9.040000,7.940000,0.610000,66.739998,-4.580000,-9.740000,287.000000,40.549999,100968.671875,22.95,114.71,24.980000,PM10,1168
13.160000,24.719999,8.840000,7.420000,0.580000,66.220001,-5.510000,-11.560000,286.579987,41.610001,100437.359375,22.94,114.85,24.719999,PM10,1169
14.250000,25.350000,9.010000,7.300000,0.560000,65.519997,-5.180000,-13.110000,286.220001,42.820000,99485.117188,22.92,115.0,25.350000,PM10,1170
14.870000,25.490000,9.480000,7.520000,0.540000,65.290001,-3.630000,-12.270000,286.820007,38.400002,99593.281250,22.91,115.14,25.490000,PM10,1171
14.670000,25.830000,10.240000,8.730000,0.560000,64.459999,-3.000000,-10.710000,288.380005,37.000000,101376.906250,22.9,115.29,25.830000,PM10,1172
14.700000,25.900000,10.500000,9.060000,0.580000,64.099998,-3.790000,-8.610000,289.299988,36.630001,102170.117188,22.89,115.43,25.900000,PM10,1173
15.760000,26.830000,10.400000,8.770000,0.590000,64.949997,-4.630000,-11.130000,289.320007,35.650002,102028.703125,22.87,115.58,26.830000,PM10,1174
16.940001,27.940001,10.440000,9.580000,0.600000,67.059998,-5.520000,-11.510000,290.420013,41.029999,102131.843750,22.86,115.72,27.940001,PM10,1175
19.280001,29.770000,12.210000,11.210000,0.630000,62.470001,-5.420000,-10.920000,289.220001,35.959999,102096.367188,22.85,115.87,29.770000,PM10,1176
18.920000,29.860001,18.870001,14.430000,0.610000,45.119999,-5.320000,-4.540000,285.989990,47.990002,100795.593750,23.32,111.37,29.860001,PM10,1263
17.240000,27.790001,15.790000,12.970000,0.590000,45.930000,-4.870000,-4.710000,286.290009,46.810001,101074.679688,23.31,111.51,27.790001,PM10,1264
16.309999,26.870001,14.260000,12.430000,0.580000,46.799999,-5.000000,-4.590000,286.260010,46.430000,100855.828125,23.3,111.66,26.870001,PM10,1265
15.530000,26.090000,13.870000,12.330000,0.580000,48.150002,-5.750000,-4.700000,286.010010,46.240002,100495.187500,23.29,111.81,26.090000,PM10,1266
14.730000,25.190001,13.430000,12.250000,0.590000,49.639999,-6.570000,-6.120000,286.070007,45.689999,100853.296875,23.28,111.95,25.190001,PM10,1267
14.360000,24.780001,13.160000,12.330000,0.610000,51.419998,-7.560000,-7.110000,285.829987,45.849998,100754.476562,23.27,112.1,24.780001,PM10,1268
14.740000,25.360001,13.070000,12.690000,0.630000,52.930000,-9.030000,-8.310000,284.950012,47.259998,99789.976562,23.26,112.24,25.360001,PM10,1269
15.100000,26.090000,12.940000,13.200000,0.670000,53.009998,-9.080000,-9.450000,284.359985,49.380001,99660.351562,23.26,112.39,26.090000,PM10,1270
15.330000,27.040001,12.930000,14.080000,0.710000,52.650002,-7.500000,-9.080000,284.859985,49.189999,100733.398438,23.25,112.54,27.040001,PM10,1271
15.850000,28.830000,13.010000,15.640000,0.760000,52.060001,-6.290000,-9.100000,285.579987,47.580002,101738.296875,23.24,112.68,28.830000,PM10,1272
16.110001,30.760000,12.830000,18.459999,0.800000,50.480000,-5.850000,-9.440000,286.010010,46.060001,102185.953125,23.23,112.83,30.760000,PM10,1273
16.100000,32.619999,12.030000,22.459999,0.830000,48.349998,-5.770000,-9.760000,286.290009,44.680000,102310.367188,23.22,112.97,32.619999,PM10,1274
16.070000,34.410000,10.860000,26.240000,0.850000,46.259998,-5.340000,-9.580000,286.489990,43.959999,102336.937500,23.21,113.12,34.410000,PM10,1275
16.209999,33.980000,10.900000,25.139999,0.850000,48.509998,-4.760000,-8.610000,286.690002,43.099998,102028.156250,23.2,113.26,33.980000,PM10,1276
15.690000,33.290001,10.060000,25.790001,0.850000,48.340000,-5.030000,-8.680000,286.890015,41.669998,101611.843750,23.19,113.41,33.290001,PM10,1277
15.460000,32.330002,9.530000,24.639999,0.840000,50.340000,-5.250000,-7.960000,286.959991,40.689999,101717.007812,23.17,113.56,32.330002,PM10,1278
14.690000,29.990000,10.320000,19.150000,0.810000,55.660000,-5.240000,-8.010000,287.059998,39.730000,102223.281250,23.16,113.7,29.990000,PM10,1279
14.470000,28.950001,10.800000,14.590000,0.770000,60.410000,-6.850000,-9.340000,286.760010,40.549999,101759.140625,23.15,113.85,28.950001,PM10,1280
15.040000,29.260000,10.770000,12.550000,0.750000,62.430000,-8.390000,-11.400000,286.100006,41.950001,101197.406250,23.14,113.99,29.260000,PM10,1281
15.200000,29.469999,10.600000,11.900000,0.740000,62.130001,-8.110000,-12.230000,285.839996,43.689999,101493.351562,23.13,114.14,29.469999,PM10,1282
15.070000,29.730000,10.350000,12.750000,0.730000,61.549999,-7.050000,-12.040000,285.570007,44.200001,101292.703125,23.12,114.28,29.730000,PM10,1283
15.720000,30.520000,10.070000,11.760000,0.710000,61.349998,-5.500000,-13.080000,285.690002,44.230000,101587.570312,23.11,114.43,30.520000,PM10,1284
14.670000,28.270000,9.530000,9.280000,0.650000,62.930000,-5.110000,-12.070000,286.399994,42.259998,101733.312500,23.09,114.57,28.270000,PM10,1285
14.110000,26.840000,9.190000,8.040000,0.610000,64.410004,-6.010000,-11.740000,286.010010,41.930000,100254.523438,23.08,114.72,26.840000,PM10,1286
13.520000,24.990000,9.090000,7.260000,0.570000,66.959999,-5.810000,-11.310000,285.820007,42.480000,99876.476562,23.07,114.86,24.990000,PM10,1287
14.080000,25.650000,8.940000,7.380000,0.560000,65.000000,-5.080000,-12.470000,285.220001,44.630001,99176.757812,23.06,115.01,25.650000,PM10,1288
14.430000,26.049999,9.110000,7.420000,0.550000,66.099998,-3.410000,-11.700000,285.079987,45.720001,97960.882812,23.05,115.16,26.049999,PM10,1289
13.790000,25.870001,9.440000,8.120000,0.580000,65.550003,-2.100000,-11.360000,287.279999,40.060001,100136.750000,23.03,115.3,25.870001,PM10,1290
13.340000,25.410000,9.780000,8.430000,0.600000,65.470001,-3.320000,-9.590000,289.089996,36.430000,102131.492188,23.02,115.45,25.410000,PM10,1291
14.930000,27.520000,10.070000,8.970000,0.640000,64.849998,-4.590000,-12.420000,288.579987,37.500000,101566.398438,23.01,115.59,27.520000,PM10,1292
15.990000,29.250000,10.600000,10.090000,0.690000,64.260002,-4.690000,-12.350000,288.760010,35.250000,101059.328125,22.99,115.74,29.250000,PM10,1293
17.040001,30.530001,11.700000,11.790000,0.740000,63.020000,-4.220000,-10.750000,288.920013,37.680000,101538.218750,22.98,115.88,30.530001,PM10,1294
19.799999,33.950001,13.180000,14.200000,0.790000,60.910000,-3.350000,-11.810000,288.829987,36.400002,102130.929688,22.97,116.03,33.950001,PM10,1295
20.629999,33.209999,14.580000,16.160000,0.740000,59.959999,-3.620000,-10.660000,289.369995,37.459999,102106.187500,22.95,116.17,33.209999,PM10,1296
16.870001,27.700001,16.250000,12.790000,0.560000,46.490002,-4.900000,-5.350000,286.200012,46.880001,101072.210938,23.44,111.52,27.700001,PM10,1386
16.570000,27.520000,14.650000,12.320000,0.560000,46.910000,-5.110000,-5.830000,285.850006,47.400002,100483.523438,23.43,111.67,27.520000,PM10,1387
16.389999,27.290001,14.170000,12.130000,0.560000,48.279999,-6.450000,-6.130000,284.690002,48.750000,98689.710938,23.43,111.82,27.290001,PM10,1388
15.870000,26.590000,13.610000,12.040000,0.570000,49.599998,-7.190000,-7.390000,284.079987,49.689999,98117.500000,23.42,111.96,26.590000,PM10,1389
14.940000,25.469999,13.140000,12.050000,0.580000,51.110001,-7.240000,-7.850000,284.670013,48.360001,99290.242188,23.41,112.11,25.469999,PM10,1390
14.840000,25.309999,12.880000,11.980000,0.600000,53.259998,-7.830000,-7.600000,284.299988,48.470001,98874.023438,23.4,112.25,25.309999,PM10,1391
14.600000,25.340000,12.740000,12.620000,0.640000,52.849998,-7.660000,-7.680000,284.190002,49.099998,99308.023438,23.39,112.4,25.340000,PM10,1392
14.450000,25.660000,12.860000,13.350000,0.680000,53.400002,-7.100000,-7.730000,285.399994,46.650002,101286.320312,23.38,112.55,25.660000,PM10,1393
15.300000,27.270000,12.950000,14.000000,0.720000,53.110001,-7.010000,-9.080000,285.869995,46.200001,102224.273438,23.37,112.69,27.270000,PM10,1394
15.990000,28.840000,13.080000,15.230000,0.760000,52.680000,-6.480000,-9.510000,285.880005,46.080002,102249.203125,23.36,112.84,28.840000,PM10,1395
16.360001,30.219999,12.850000,17.180000,0.800000,51.820000,-5.920000,-9.740000,285.970001,45.290001,102160.507812,23.35,112.98,30.219999,PM10,1396
16.400000,30.980000,12.410000,18.540001,0.810000,51.639999,-5.710000,-9.880000,286.220001,44.209999,102306.742188,23.34,113.13,30.980000,PM10,1397
16.410000,31.040001,12.300000,17.770000,0.810000,53.250000,-5.400000,-9.830000,286.339996,43.320000,102084.593750,23.33,113.28,31.040001,PM10,1398
15.800000,30.670000,11.720000,17.850000,0.810000,53.439999,-4.940000,-9.320000,286.239990,42.650002,101353.187500,23.32,113.42,30.670000,PM10,1399
14.870000,29.580000,11.290000,16.700001,0.800000,55.549999,-4.650000,-7.710000,286.500000,41.049999,101196.382812,23.31,113.57,29.580000,PM10,1400
14.140000,28.049999,11.330000,14.360000,0.770000,58.970001,-5.970000,-7.790000,286.940002,39.849998,102042.929688,23.3,113.71,28.049999,PM10,1401
14.740000,28.320000,11.280000,12.510000,0.740000,62.000000,-8.460000,-10.150000,285.799988,42.009998,100869.023438,23.29,113.86,28.320000,PM10,1402
15.590000,29.090000,11.150000,11.210000,0.720000,63.470001,-8.310000,-11.270000,284.269989,46.150002,99137.882812,23.28,114.0,29.090000,PM10,1403
15.540000,29.420000,11.000000,11.230000,0.720000,62.139999,-6.520000,-11.640000,284.670013,46.689999,100139.476562,23.26,114.15,29.420000,PM10,1404
15.250000,29.160000,10.850000,11.740000,0.710000,62.700001,-5.560000,-10.230000,285.109985,45.330002,100845.031250,23.25,114.3,29.160000,PM10,1405
15.910000,30.430000,10.420000,11.350000,0.690000,60.889999,-5.240000,-12.180000,285.269989,45.830002,101437.796875,23.24,114.44,30.430000,PM10,1406
15.360000,29.090000,9.950000,9.500000,0.640000,62.230000,-5.870000,-12.620000,285.600006,45.209999,101403.851562,23.23,114.59,29.090000,PM10,1407
15.010000,28.139999,9.510000,8.200000,0.600000,63.250000,-6.450000,-11.920000,284.790009,45.119999,99272.007812,23.22,114.73,28.139999,PM10,1408
14.440000,26.920000,9.230000,7.820000,0.570000,63.470001,-5.790000,-10.820000,284.709991,45.330002,98903.859375,23.2,114.88,26.920000,PM10,1409
14.000000,25.830000,9.110000,7.700000,0.560000,64.070000,-4.820000,-10.890000,285.200012,44.200001,99499.187500,23.19,115.02,25.830000,PM10,1410
14.250000,26.110001,9.170000,7.770000,0.560000,64.879997,-4.180000,-11.170000,284.899994,44.610001,98953.687500,23.18,115.17,26.110001,PM10,1411
14.210000,26.309999,9.390000,7.940000,0.570000,65.820000,-3.620000,-12.620000,285.670013,42.459999,98873.843750,23.17,115.31,26.309999,PM10,1412
13.990000,25.910000,9.710000,8.000000,0.590000,66.779999,-3.300000,-11.750000,287.000000,39.930000,99804.679688,23.15,115.46,25.910000,PM10,1413
15.400000,28.219999,9.980000,8.900000,0.650000,64.699997,-3.620000,-12.890000,286.690002,41.220001,99876.617188,23.14,115.61,28.219999,PM10,1414
16.379999,29.959999,10.400000,10.070000,0.710000,63.439999,-3.600000,-12.480000,286.609985,41.099998,98742.312500,23.13,115.75,29.959999,PM10,1415
16.459999,30.459999,11.420000,11.670000,0.770000,64.000000,-2.820000,-10.480000,287.480011,39.130001,99897.898438,23.11,115.9,30.459999,PM10,1416
19.010000,36.060001,12.880000,15.160000,0.890000,60.830002,-2.580000,-12.000000,288.190002,40.200001,101373.007812,23.1,116.04,36.060001,PM10,1417
20.219999,36.709999,14.880000,18.510000,0.900000,59.180000,-2.890000,-11.170000,288.359985,39.720001,101043.382812,23.08,116.19,36.709999,PM10,1418
20.280001,35.900002,15.810000,21.190001,0.900000,58.220001,-3.220000,-10.140000,288.660004,38.049999,101393.343750,23.07,116.33,35.900002,PM10,1419
18.730000,31.799999,14.600000,20.940001,0.800000,60.290001,-3.770000,-10.140000,289.570007,39.619999,101987.062500,23.06,116.48,31.799999,PM10,1420
15.890000,26.840000,16.400000,12.080000,0.530000,48.130001,-4.840000,-5.760000,286.140015,46.250000,100975.460938,23.58,111.53,26.840000,PM10,1512
16.580000,28.170000,15.360000,12.470000,0.540000,46.529999,-5.190000,-6.300000,286.070007,46.889999,101020.109375,23.57,111.68,28.170000,PM10,1513
16.780001,28.350000,14.860000,12.470000,0.550000,47.310001,-6.560000,-6.490000,284.630005,49.860001,98991.617188,23.56,111.82,28.350000,PM10,1514
16.590000,27.940001,14.130000,12.530000,0.560000,47.790001,-6.770000,-6.320000,283.329987,52.330002,97350.359375,23.55,111.97,27.940001,PM10,1515
15.500000,26.629999,13.490000,12.720000,0.580000,48.619999,-6.020000,-6.340000,283.980011,50.590000,98543.101562,23.54,112.12,26.629999,PM10,1516
14.600000,25.490000,13.060000,12.570000,0.590000,51.090000,-5.730000,-5.530000,284.350006,49.169998,99175.578125,23.53,112.26,25.490000,PM10,1517
14.030000,24.840000,12.770000,12.470000,0.610000,52.740002,-6.030000,-5.950000,284.470001,47.990002,99538.203125,23.52,112.41,24.840000,PM10,1518
14.110000,24.629999,12.810000,12.340000,0.630000,55.259998,-7.100000,-8.200000,284.920013,46.599998,100400.648438,23.51,112.56,24.629999,PM10,1519
15.080000,26.549999,12.810000,12.940000,0.670000,53.990002,-7.670000,-10.660000,285.369995,46.639999,101523.843750,23.5,112.7,26.549999,PM10,1520
15.580000,27.770000,13.130000,13.880000,0.720000,53.660000,-6.910000,-10.420000,285.869995,45.830002,102412.500000,23.49,112.85,27.770000,PM10,1521
16.219999,29.160000,13.190000,15.060000,0.760000,53.000000,-6.200000,-10.110000,285.820007,45.560001,102234.390625,23.48,112.99,29.160000,PM10,1522
16.639999,29.930000,13.080000,15.160000,0.780000,53.389999,-6.250000,-10.080000,285.589996,45.830002,101816.968750,23.47,113.14,29.930000,PM10,1523
16.610001,29.860001,12.960000,13.990000,0.780000,54.709999,-6.030000,-10.590000,285.600006,45.759998,101702.671875,23.46,113.29,29.860001,PM10,1524
16.240000,29.600000,12.680000,13.450000,0.770000,55.630001,-4.940000,-9.730000,285.869995,44.189999,101464.210938,23.45,113.43,29.600000,PM10,1525
15.370000,28.540001,12.390000,12.140000,0.760000,57.810001,-4.700000,-7.880000,286.190002,42.230000,101018.656250,23.44,113.58,28.540001,PM10,1526
14.860000,27.600000,12.040000,11.330000,0.730000,60.400002,-6.860000,-8.570000,286.420013,40.299999,101149.328125,23.43,113.73,27.600000,PM10,1527
14.930000,27.469999,11.750000,10.680000,0.700000,62.799999,-8.870000,-9.970000,285.570007,42.400002,100693.976562,23.42,113.87,27.469999,PM10,1528
15.250000,27.610001,11.630000,10.110000,0.680000,64.120003,-7.690000,-9.760000,284.109985,47.660000,99600.296875,23.41,114.02,27.610001,PM10,1529
15.850000,29.049999,11.580000,10.470000,0.680000,62.490002,-5.520000,-10.440000,284.059998,48.869999,99702.757812,23.4,114.16,29.049999,PM10,1530
16.389999,30.209999,11.300000,10.820000,0.670000,61.619999,-4.770000,-9.860000,284.929993,46.360001,100844.523438,23.39,114.31,30.209999,PM10,1531
16.219999,30.309999,10.880000,10.710000,0.650000,60.630001,-5.630000,-11.760000,285.450012,44.880001,101786.117188,23.37,114.45,30.309999,PM10,1532
15.940000,29.629999,10.540000,9.790000,0.620000,61.459999,-6.230000,-13.010000,285.109985,46.049999,101445.851562,23.36,114.6,29.629999,PM10,1533
15.290000,28.590000,9.960000,8.350000,0.590000,62.380001,-5.460000,-11.230000,284.859985,45.189999,100191.203125,23.35,114.75,28.590000,PM10,1534
14.490000,27.280001,9.600000,8.040000,0.570000,62.779999,-5.010000,-10.000000,285.149994,43.840000,99771.976562,23.34,114.89,27.280001,PM10,1535
13.780000,25.790001,9.350000,7.870000,0.550000,63.490002,-5.060000,-10.030000,285.600006,42.750000,100054.960938,23.33,115.04,25.790001,PM10,1536
13.980000,25.860001,9.300000,7.820000,0.560000,64.400002,-5.870000,-10.540000,285.329987,43.990002,99813.617188,23.31,115.18,25.860001,PM10,1537
14.920000,26.799999,9.460000,7.710000,0.560000,65.940002,-5.880000,-12.580000,283.739990,47.470001,97620.773438,23.3,115.33,26.799999,PM10,1538
15.530000,27.889999,9.610000,7.960000,0.590000,64.620003,-2.920000,-12.090000,283.309998,49.369999,96588.382812,23.29,115.47,27.889999,PM10,1539
15.810000,28.549999,10.020000,8.730000,0.650000,64.839996,-1.050000,-11.890000,284.850006,45.650002,98371.429688,23.27,115.62,28.549999,PM10,1540
16.280001,30.129999,10.290000,10.110000,0.710000,62.090000,-1.770000,-10.970000,285.989990,41.639999,98689.773438,23.26,115.77,30.129999,PM10,1541
16.920000,32.279999,11.070000,12.050000,0.790000,60.720001,-2.520000,-9.720000,286.940002,39.910000,99507.359375,23.25,115.91,32.279999,PM10,1542
19.309999,38.009998,12.720000,15.190000,0.910000,60.360001,-2.540000,-11.150000,287.059998,40.490002,100501.046875,23.23,116.06,38.009998,PM10,1543
20.309999,38.779999,14.640000,18.580000,0.940000,58.740002,-1.900000,-10.910000,287.170013,41.439999,100091.578125,23.22,116.2,38.779999,PM10,1544
20.070000,38.830002,15.730000,21.940001,0.990000,57.400002,-1.990000,-9.230000,288.440002,40.189999,101110.617188,23.2,116.35,38.830002,PM10,1545
19.090000,36.130001,15.420000,23.410000,0.980000,57.849998,-3.120000,-8.740000,289.399994,38.660000,101940.171875,23.19,116.49,36.130001,PM10,1546
16.680000,28.480000,11.810000,17.290001,0.750000,66.300003,-4.440000,-10.530000,290.250000,43.310001,102000.101562,23.17,116.64,28.480000,PM10,1547
16.570000,28.879999,16.200001,12.730000,0.530000,46.259998,-5.220000,-5.510000,286.200012,45.340000,101107.593750,23.7,111.69,28.879999,PM10,1641
16.650000,29.040001,15.730000,12.970000,0.540000,46.369999,-5.920000,-5.830000,285.359985,48.209999,100257.156250,23.69,111.83,29.040001,PM10,1642
16.580000,28.940001,15.050000,13.300000,0.560000,46.200001,-5.390000,-4.970000,284.519989,50.209999,99171.820312,23.68,111.98,28.940001,PM10,1643
15.820000,27.900000,14.360000,13.550000,0.570000,46.849998,-4.080000,-4.270000,284.850006,48.959999,99678.773438,23.68,112.13,27.900000,PM10,1644
14.400000,25.850000,13.590000,13.100000,0.570000,49.930000,-3.640000,-3.390000,285.450012,47.200001,100759.023438,23.67,112.27,25.850000,PM10,1645
14.170000,25.299999,12.960000,12.370000,0.570000,52.470001,-6.130000,-5.470000,285.100006,46.000000,100205.367188,23.66,112.42,25.299999,PM10,1646
15.060000,25.980000,12.600000,11.940000,0.590000,54.450001,-8.820000,-9.630000,283.709991,48.430000,98771.687500,23.65,112.57,25.980000,PM10,1647
15.400000,26.580000,12.650000,12.280000,0.630000,54.180000,-8.110000,-11.950000,283.769989,49.619999,99494.500000,23.64,112.71,26.580000,PM10,1648
15.650000,27.520000,13.060000,13.200000,0.680000,53.660000,-6.640000,-11.970000,284.899994,47.770000,101265.093750,23.63,112.86,27.520000,PM10,1649
16.260000,28.650000,13.290000,13.940000,0.710000,53.529999,-6.210000,-11.040000,285.320007,46.590000,101830.000000,23.62,113.01,28.650000,PM10,1650
16.719999,29.440001,13.320000,13.850000,0.740000,53.810001,-6.250000,-10.320000,285.160004,46.610001,101460.312500,23.61,113.15,29.440001,PM10,1651
16.830000,29.600000,13.220000,12.800000,0.740000,54.930000,-6.020000,-10.550000,284.980011,46.680000,101185.328125,23.6,113.3,29.600000,PM10,1652
16.719999,29.709999,12.960000,12.420000,0.740000,55.779999,-5.300000,-10.640000,285.459991,45.340000,101550.140625,23.59,113.44,29.709999,PM10,1653
16.320000,29.219999,12.670000,11.830000,0.720000,57.540001,-6.220000,-10.250000,285.880005,42.779999,101171.796875,23.58,113.59,29.219999,PM10,1654
16.440001,28.860001,12.370000,10.860000,0.690000,60.060001,-8.280000,-10.820000,285.070007,42.470001,99375.671875,23.57,113.74,28.860001,PM10,1655
16.530001,28.620001,12.140000,10.320000,0.670000,62.480000,-8.230000,-10.640000,284.230011,44.349998,98603.601562,23.55,113.88,28.620001,PM10,1656
16.389999,28.860001,12.110000,10.380000,0.660000,62.209999,-6.570000,-9.620000,283.970001,47.669998,99402.703125,23.54,114.03,28.860001,PM10,1657
16.709999,29.980000,12.110000,10.740000,0.660000,61.090000,-5.180000,-9.570000,284.040009,48.930000,100046.117188,23.53,114.18,29.980000,PM10,1658
17.740000,32.049999,11.880000,11.150000,0.660000,58.889999,-5.160000,-11.310000,284.390015,48.360001,100494.546875,23.52,114.32,32.049999,PM10,1659
17.040001,31.150000,11.640000,11.090000,0.630000,59.880001,-6.090000,-12.640000,284.559998,47.020000,100671.953125,23.51,114.47,31.150000,PM10,1660
16.590000,30.430000,11.240000,10.440000,0.610000,60.270000,-5.940000,-13.880000,284.559998,47.480000,101094.437500,23.5,114.61,30.430000,PM10,1661
15.910000,29.110001,10.430000,8.520000,0.580000,61.740002,-5.250000,-12.660000,284.790009,45.490002,100726.320312,23.48,114.76,29.110001,PM10,1662
15.250000,27.990000,9.960000,8.090000,0.560000,62.470001,-5.010000,-11.400000,284.869995,44.250000,99925.968750,23.47,114.91,27.990000,PM10,1663
14.020000,26.129999,9.630000,7.940000,0.550000,63.220001,-5.080000,-10.750000,285.320007,42.560001,99913.820312,23.46,115.05,26.129999,PM10,1664
14.430000,26.389999,9.510000,7.800000,0.550000,64.339996,-6.010000,-10.930000,285.019989,43.770000,99660.320312,23.45,115.2,26.389999,PM10,1665
15.740000,28.559999,9.420000,8.160000,0.580000,61.919998,-6.210000,-11.510000,283.369995,49.320000,98287.546875,23.43,115.34,28.559999,PM10,1666
16.700001,30.090000,9.590000,8.440000,0.610000,61.270000,-3.040000,-10.900000,282.299988,53.290001,96962.882812,23.42,115.49,30.090000,PM10,1667
16.730000,30.430000,9.900000,9.130000,0.670000,61.580002,-0.070000,-12.090000,283.859985,48.830002,98090.953125,23.41,115.63,30.430000,PM10,1668
15.730000,29.070000,10.170000,9.830000,0.690000,61.779999,-0.490000,-11.530000,286.750000,40.020000,99907.460938,23.39,115.78,29.070000,PM10,1669
15.810000,30.580000,10.810000,11.580000,0.760000,60.619999,-2.090000,-10.750000,288.260010,36.400002,101042.718750,23.38,115.93,30.580000,PM10,1670
18.840000,38.820000,12.550000,15.140000,0.920000,60.060001,-2.500000,-10.460000,287.540009,39.799999,101272.437500,23.37,116.07,38.820000,PM10,1671
19.730000,39.220001,14.440000,18.440001,0.950000,58.270000,-1.510000,-9.770000,287.500000,40.259998,100928.312500,23.35,116.22,39.220001,PM10,1672
19.790001,39.650002,15.420000,21.090000,1.000000,57.180000,-1.300000,-8.600000,288.450012,38.669998,101459.523438,23.34,116.36,39.650002,PM10,1673
20.290001,40.529999,16.670000,24.980000,1.080000,55.299999,-2.450000,-7.750000,288.989990,37.349998,101681.710938,23.32,116.51,40.529999,PM10,1674
18.080000,33.410000,14.450000,20.990000,0.930000,58.290001,-3.750000,-8.260000,289.179993,36.759998,101831.867188,23.31,116.65,33.410000,PM10,1675
16.070000,28.980000,17.120001,12.690000,0.520000,47.060001,-4.830000,-4.470000,286.609985,42.669998,101297.156250,23.84,111.7,28.980000,PM10,1771
15.980000,28.980000,16.670000,13.070000,0.520000,46.740002,-5.990000,-5.100000,286.149994,44.459999,101063.617188,23.83,111.84,28.980000,PM10,1772
16.020000,29.250000,16.209999,13.610000,0.540000,46.119999,-5.030000,-5.070000,285.510010,47.290001,100505.476562,23.82,111.99,29.250000,PM10,1773
15.390000,28.400000,15.700000,14.130000,0.560000,46.310001,-2.830000,-3.600000,285.809998,46.820000,100876.101562,23.81,112.14,28.400000,PM10,1774
14.060000,26.120001,14.740000,13.400000,0.540000,49.189999,-3.100000,-2.820000,286.250000,45.160000,101491.617188,23.8,112.28,26.120001,PM10,1775
14.380000,25.830000,13.680000,12.560000,0.540000,51.880001,-7.340000,-6.660000,285.290009,44.360001,99994.867188,23.79,112.43,25.830000,PM10,1776
15.310000,26.260000,12.870000,11.820000,0.550000,54.369999,-9.670000,-10.000000,283.160004,49.430000,98030.429688,23.78,112.58,26.260000,PM10,1777
15.570000,26.610001,12.660000,12.040000,0.590000,53.410000,-7.560000,-10.760000,282.589996,53.000000,98274.078125,23.77,112.72,26.610001,PM10,1778
15.820000,27.430000,13.050000,12.820000,0.630000,53.200001,-5.900000,-11.640000,283.679993,50.299999,99828.640625,23.76,112.87,27.430000,PM10,1779
16.510000,28.379999,13.320000,13.220000,0.660000,53.730000,-6.030000,-11.790000,284.320007,48.380001,100771.476562,23.75,113.02,28.379999,PM10,1780
16.920000,29.150000,13.470000,13.330000,0.690000,53.840000,-6.170000,-11.460000,284.559998,47.639999,100941.789062,23.74,113.16,29.150000,PM10,1781
16.879999,29.350000,13.430000,12.850000,0.700000,54.590000,-5.980000,-10.820000,284.739990,47.009998,101072.476562,23.73,113.31,29.350000,PM10,1782
17.510000,30.360001,13.190000,12.460000,0.700000,55.270000,-6.720000,-12.450000,284.790009,46.669998,101088.867188,23.72,113.46,30.360001,PM10,1783
17.799999,30.639999,12.980000,11.910000,0.690000,56.869999,-8.220000,-13.320000,284.279999,47.080002,99927.328125,23.71,113.6,30.639999,PM10,1784
18.180000,30.389999,12.820000,11.020000,0.660000,59.200001,-8.670000,-11.990000,283.230011,47.959999,97859.492188,23.7,113.75,30.389999,PM10,1785
19.150000,31.959999,12.590000,10.850000,0.650000,58.400002,-7.490000,-10.420000,282.450012,49.529999,96878.500000,23.69,113.9,31.959999,PM10,1786
18.100000,30.709999,12.720000,10.760000,0.640000,59.860001,-5.570000,-9.500000,282.970001,49.139999,98068.710938,23.68,114.04,30.709999,PM10,1787
17.629999,30.590000,12.730000,10.700000,0.630000,60.250000,-5.140000,-9.580000,284.040009,48.419998,100121.390625,23.67,114.19,30.590000,PM10,1788
18.580000,32.560001,12.660000,11.040000,0.630000,58.119999,-6.310000,-12.420000,283.649994,50.220001,99854.773438,23.65,114.33,32.560001,PM10,1789
17.870001,31.750000,12.440000,11.070000,0.620000,59.320000,-5.970000,-11.600000,282.890015,51.450001,98826.148438,23.64,114.48,31.750000,PM10,1790
17.290001,31.219999,11.890000,10.760000,0.610000,58.810001,-5.200000,-13.260000,283.600006,50.000000,100112.882812,23.63,114.63,31.219999,PM10,1791
16.799999,29.969999,10.910000,8.770000,0.570000,60.689999,-5.540000,-13.410000,283.660004,48.860001,99946.656250,23.62,114.77,29.969999,PM10,1792
16.540001,29.209999,10.340000,8.160000,0.550000,62.080002,-5.020000,-12.580000,283.000000,49.349998,98336.773438,23.61,114.92,29.209999,PM10,1793
15.250000,27.340000,9.980000,7.940000,0.540000,63.389999,-4.380000,-11.870000,283.329987,47.549999,97951.843750,23.59,115.07,27.340000,PM10,1794
15.490000,28.430000,9.660000,8.230000,0.560000,61.139999,-4.870000,-12.440000,283.850006,45.660000,98187.398438,23.58,115.21,28.430000,PM10,1795
15.390000,28.570000,9.630000,8.310000,0.580000,60.970001,-5.280000,-11.820000,284.380005,45.099998,99156.062500,23.57,115.36,28.570000,PM10,1796
16.209999,30.100000,9.770000,8.760000,0.630000,60.360001,-3.900000,-11.550000,283.880005,48.630001,99305.617188,23.55,115.5,30.100000,PM10,1797
16.540001,30.139999,9.950000,9.140000,0.670000,61.029999,-1.980000,-12.470000,283.489990,49.650002,98087.750000,23.54,115.65,30.139999,PM10,1798
16.270000,28.740000,10.050000,9.390000,0.670000,61.770000,-1.130000,-13.630000,284.529999,44.410000,97757.921875,23.53,115.8,28.740000,PM10,1799
15.790000,29.379999,10.520000,10.900000,0.730000,60.439999,-0.480000,-13.640000,286.779999,38.650002,99457.429688,23.51,115.94,29.379999,PM10,1800
16.879999,33.970001,11.400000,13.260000,0.830000,60.790001,-0.450000,-11.320000,287.700012,38.470001,101610.546875,23.5,116.09,33.970001,PM10,1801
17.950001,36.209999,13.440000,16.959999,0.890000,58.889999,-0.970000,-9.990000,288.269989,38.070000,102121.609375,23.49,116.23,36.209999,PM10,1802
18.450001,37.759998,14.110000,18.860001,0.950000,58.180000,-1.400000,-9.410000,288.940002,37.450001,102236.632812,23.47,116.38,37.759998,PM10,1803
19.680000,40.650002,15.320000,22.610001,1.070000,55.950001,-2.240000,-7.370000,289.179993,37.200001,101903.906250,23.46,116.52,40.650002,PM10,1804
18.170000,35.299999,14.060000,20.889999,0.970000,56.400002,-3.520000,-6.660000,289.390015,35.869999,102031.773438,23.44,116.67,35.299999,PM10,1805
15.690000,27.410000,11.300000,15.230000,0.750000,60.740002,-4.260000,-8.850000,289.269989,35.340000,102140.507812,23.43,116.82,27.410000,PM10,1806
15.430000,28.980000,17.100000,13.350000,0.510000,47.029999,-5.480000,-5.850000,285.760010,44.820000,100802.343750,23.95,112.0,28.980000,PM10,1907
14.880000,28.590000,16.879999,14.070000,0.520000,46.049999,-3.450000,-4.240000,286.190002,45.419998,101589.406250,23.94,112.15,28.590000,PM10,1908
15.090000,28.129999,16.200001,13.990000,0.530000,47.000000,-5.470000,-5.250000,285.769989,45.470001,100523.171875,23.94,112.29,28.129999,PM10,1909
15.530000,27.850000,15.040000,13.500000,0.540000,49.430000,-9.700000,-8.610000,283.839996,48.060001,97925.007812,23.93,112.44,27.850000,PM10,1910
15.680000,27.440001,13.700000,12.750000,0.540000,50.919998,-9.480000,-9.460000,282.540009,51.849998,97246.750000,23.92,112.59,27.440001,PM10,1911
15.130000,26.770000,13.110000,12.990000,0.580000,49.980000,-6.610000,-8.320000,282.929993,53.130001,98938.507812,23.91,112.73,26.770000,PM10,1912
15.410000,26.850000,13.200000,12.720000,0.600000,52.279999,-6.040000,-9.680000,284.019989,49.410000,100450.546875,23.9,112.88,26.850000,PM10,1913
16.610001,27.990000,13.370000,12.570000,0.610000,53.540001,-7.000000,-11.890000,283.679993,50.130001,100192.007812,23.89,113.03,27.990000,PM10,1914
17.389999,29.129999,13.620000,12.810000,0.640000,53.610001,-6.920000,-12.720000,283.230011,51.369999,99652.890625,23.88,113.17,29.129999,PM10,1915
17.450001,29.270000,13.860000,12.830000,0.660000,54.709999,-6.330000,-11.950000,283.679993,49.270000,99946.617188,23.87,113.32,29.270000,PM10,1916
18.309999,30.959999,13.580000,12.600000,0.670000,54.139999,-7.440000,-13.240000,283.589996,49.389999,99868.281250,23.86,113.47,30.959999,PM10,1917
18.830000,31.620001,13.390000,12.140000,0.660000,54.950001,-7.970000,-13.320000,282.709991,52.160000,98776.132812,23.84,113.61,31.620001,PM10,1918
19.459999,32.259998,13.250000,11.630000,0.650000,55.230000,-6.960000,-11.300000,282.410004,52.529999,97887.359375,23.83,113.76,32.259998,PM10,1919
19.850000,32.919998,13.290000,11.480000,0.640000,55.709999,-6.410000,-9.690000,282.489990,50.520000,97436.031250,23.82,113.91,32.919998,PM10,1920
19.840000,32.849998,13.330000,11.060000,0.620000,57.209999,-6.070000,-9.460000,282.500000,50.029999,97580.617188,23.81,114.05,32.849998,PM10,1921
19.150000,31.850000,13.420000,10.690000,0.610000,58.939999,-6.300000,-10.650000,282.730011,51.009998,98533.843750,23.8,114.2,31.850000,PM10,1922
19.540001,33.220001,13.420000,10.940000,0.620000,56.740002,-6.290000,-12.250000,282.500000,53.639999,98769.312500,23.79,114.35,33.220001,PM10,1923
17.920000,31.360001,13.300000,11.010000,0.610000,58.480000,-4.940000,-9.290000,282.899994,53.160000,99373.742188,23.78,114.49,31.360001,PM10,1924
17.620001,31.600000,12.510000,10.730000,0.600000,57.480000,-4.900000,-10.890000,283.570007,50.270000,100224.953125,23.76,114.64,31.600000,PM10,1925
17.190001,30.540001,11.490000,9.310000,0.570000,58.950001,-5.630000,-11.950000,283.269989,50.270000,99905.343750,23.75,114.79,30.540001,PM10,1926
16.580000,29.570000,10.740000,8.790000,0.560000,59.299999,-5.260000,-11.220000,282.869995,51.000000,99142.242188,23.74,114.93,29.570000,PM10,1927
16.290001,29.180000,10.170000,8.550000,0.550000,59.509998,-4.470000,-11.000000,282.320007,51.459999,97813.078125,23.73,115.08,29.180000,PM10,1928
16.059999,29.010000,9.920000,8.410000,0.560000,60.099998,-4.170000,-12.090000,282.329987,49.369999,96938.953125,23.71,115.23,29.010000,PM10,1929
15.760000,28.799999,9.840000,8.330000,0.570000,60.209999,-4.320000,-12.880000,283.119995,46.779999,97707.781250,23.7,115.37,28.799999,PM10,1930
16.200001,30.070000,9.940000,8.830000,0.620000,59.500000,-3.640000,-12.620000,283.750000,47.570000,99195.507812,23.69,115.52,30.070000,PM10,1931
16.260000,29.750000,10.060000,9.320000,0.670000,60.029999,-3.030000,-11.650000,283.290009,50.139999,98677.617188,23.67,115.66,29.750000,PM10,1932
17.000000,29.459999,10.080000,9.620000,0.670000,60.049999,-1.800000,-12.080000,281.519989,54.130001,95504.992188,23.66,115.81,29.459999,PM10,1933
16.750000,29.930000,10.530000,10.870000,0.720000,59.380001,1.500000,-12.890000,282.779999,49.040001,95802.007812,23.65,115.96,29.930000,PM10,1934
15.990000,30.590000,10.840000,12.110000,0.770000,61.189999,2.300000,-11.260000,286.299988,41.349998,100148.859375,23.63,116.1,30.590000,PM10,1935
16.799999,32.990002,12.410000,15.190000,0.830000,59.740002,-0.210000,-11.870000,287.670013,38.500000,101524.226562,23.62,116.25,32.990002,PM10,1936
17.270000,34.500000,12.580000,16.180000,0.880000,59.480000,-0.980000,-11.530000,287.760010,38.860001,101136.640625,23.6,116.39,34.500000,PM10,1937
17.610001,36.389999,12.310000,16.980000,0.960000,58.490002,-1.240000,-8.110000,289.190002,36.040001,102015.320312,23.59,116.54,36.389999,PM10,1938
16.549999,32.849998,11.360000,16.150000,0.900000,58.090000,-3.190000,-6.870000,289.739990,34.790001,102178.273438,23.58,116.69,32.849998,PM10,1939
15.450000,28.270000,10.590000,14.960000,0.780000,58.740002,-4.200000,-8.290000,289.160004,35.320000,102094.343750,23.56,116.83,28.270000,PM10,1940
15.110000,26.520000,10.940000,15.720000,0.690000,59.750000,-4.440000,-8.850000,289.089996,34.869999,101858.296875,23.55,116.98,26.520000,PM10,1941
15.980000,29.450001,17.730000,12.860000,0.480000,48.290001,-5.750000,-7.670000,285.100006,43.450001,99237.000000,24.09,112.01,29.450001,PM10,2044
15.890000,29.799999,17.730000,13.730000,0.500000,46.570000,-5.840000,-7.680000,285.850006,44.360001,101006.351562,24.08,112.16,29.799999,PM10,2045
17.000000,31.030001,17.639999,14.310000,0.520000,45.939999,-7.860000,-10.670000,284.410004,48.570000,99070.242188,24.07,112.3,31.030001,PM10,2046
17.219999,30.559999,17.110001,14.730000,0.540000,47.360001,-8.490000,-10.020000,282.339996,53.349998,96248.546875,24.06,112.45,30.559999,PM10,2047
16.639999,30.559999,15.300000,14.960000,0.570000,45.810001,-6.270000,-8.070000,281.989990,54.560001,96611.976562,24.05,112.6,30.559999,PM10,2048
15.070000,27.660000,13.760000,13.960000,0.580000,48.180000,-4.590000,-6.350000,283.829987,49.889999,99674.890625,24.04,112.75,27.660000,PM10,2049
15.040000,26.610001,13.480000,13.050000,0.570000,50.939999,-6.270000,-7.760000,284.600006,47.369999,101078.312500,24.03,112.89,26.610001,PM10,2050
16.530001,27.760000,13.620000,12.790000,0.580000,52.369999,-8.240000,-10.220000,283.410004,50.590000,99969.609375,24.02,113.04,27.760000,PM10,2051
17.610001,29.160000,13.900000,13.150000,0.600000,52.180000,-7.950000,-11.510000,282.570007,53.990002,99303.617188,24.01,113.19,29.160000,PM10,2052
18.370001,30.520000,14.180000,13.480000,0.630000,51.740002,-6.950000,-11.740000,282.690002,53.270000,99275.218750,24.0,113.33,30.520000,PM10,2053
18.680000,31.200001,14.110000,13.100000,0.640000,52.150002,-6.800000,-11.270000,282.709991,52.049999,98999.671875,23.99,113.48,31.200001,PM10,2054
18.910000,31.639999,13.930000,12.590000,0.640000,52.790001,-6.180000,-10.550000,282.589996,52.689999,99120.703125,23.98,113.63,31.639999,PM10,2055
19.400000,32.200001,13.890000,12.070000,0.630000,53.770000,-5.530000,-10.180000,282.679993,52.130001,98867.867188,23.97,113.77,32.200001,PM10,2056
20.110001,33.119999,14.020000,11.810000,0.630000,54.360001,-6.100000,-10.090000,282.230011,51.509998,97537.601562,23.96,113.92,33.119999,PM10,2057
20.500000,33.580002,14.090000,11.530000,0.620000,54.770000,-6.810000,-9.680000,281.899994,51.490002,96987.453125,23.95,114.07,33.580002,PM10,2058
20.510000,33.720001,14.080000,11.180000,0.610000,55.259998,-7.080000,-10.090000,281.750000,53.160000,97474.781250,23.93,114.21,33.720001,PM10,2059
20.490000,34.110001,14.160000,11.150000,0.610000,54.910000,-5.810000,-10.780000,281.790009,55.070000,98051.320312,23.92,114.36,34.110001,PM10,2060
19.120001,33.040001,13.990000,11.200000,0.610000,55.849998,-4.200000,-8.560000,283.190002,51.770000,99786.156250,23.91,114.51,33.040001,PM10,2061
17.889999,31.879999,13.250000,10.740000,0.600000,56.650002,-4.740000,-9.220000,283.910004,49.360001,100712.062500,23.9,114.65,31.879999,PM10,2062
17.520000,31.200001,12.210000,9.890000,0.580000,57.639999,-5.190000,-10.880000,283.399994,49.939999,100197.453125,23.89,114.8,31.200001,PM10,2063
16.570000,29.770000,11.260000,9.220000,0.560000,58.320000,-4.570000,-10.510000,283.769989,48.009998,100393.718750,23.87,114.95,29.770000,PM10,2064
15.990000,28.969999,10.490000,8.890000,0.550000,58.599998,-4.770000,-10.100000,283.730011,47.900002,100059.781250,23.86,115.09,28.969999,PM10,2065
16.110001,29.139999,10.210000,8.840000,0.560000,58.930000,-5.330000,-10.930000,282.369995,50.310001,97755.343750,23.85,115.24,29.139999,PM10,2066
15.960000,28.850000,10.050000,8.590000,0.570000,59.169998,-4.200000,-11.510000,281.570007,51.070000,96342.523438,23.83,115.39,28.850000,PM10,2067
16.520000,30.590000,10.070000,9.060000,0.630000,58.259998,-2.130000,-11.300000,282.829987,49.119999,98201.773438,23.82,115.53,30.590000,PM10,2068
15.760000,29.410000,10.160000,9.720000,0.680000,59.009998,-1.800000,-9.830000,283.989990,47.209999,99735.070312,23.81,115.68,29.410000,PM10,2069
16.790001,30.080000,10.320000,10.690000,0.720000,57.900002,-1.180000,-8.900000,282.019989,54.139999,97325.226562,23.79,115.83,30.080000,PM10,2070
16.719999,29.889999,10.860000,11.590000,0.740000,58.799999,1.670000,-8.910000,281.679993,55.139999,96095.617188,23.78,115.97,29.889999,PM10,2071
15.420000,28.309999,10.900000,11.700000,0.730000,61.820000,1.860000,-9.630000,284.510010,45.470001,98222.687500,23.77,116.12,28.309999,PM10,2072
15.980000,29.740000,11.290000,13.240000,0.770000,60.240002,-0.080000,-12.440000,284.910004,43.900002,98299.148438,23.75,116.26,29.740000,PM10,2073
15.900000,30.020000,11.010000,13.600000,0.780000,60.380001,0.480000,-11.760000,285.429993,43.799999,98800.109375,23.74,116.41,30.020000,PM10,2074
15.510000,30.610001,10.740000,13.880000,0.820000,60.270000,-0.160000,-10.060000,288.070007,37.360001,100670.617188,23.72,116.56,30.610001,PM10,2075
15.070000,29.020000,10.340000,13.610000,0.800000,59.380001,-2.560000,-9.390000,289.000000,34.810001,100984.906250,23.71,116.7,29.020000,PM10,2076
14.530000,26.570000,9.770000,12.980000,0.730000,59.029999,-3.310000,-8.930000,288.660004,36.150002,101450.648438,23.69,116.85,26.570000,PM10,2077
14.250000,25.219999,10.180000,13.710000,0.670000,58.599998,-3.730000,-8.460000,288.959991,34.080002,101666.148438,23.68,116.99,25.219999,PM10,2078
17.309999,30.590000,18.260000,12.450000,0.470000,49.430000,-6.220000,-10.090000,283.220001,45.709999,96324.859375,24.22,112.02,30.590000,PM10,2185
17.450001,31.040001,18.129999,13.230000,0.480000,47.990002,-8.200000,-12.880000,284.029999,46.049999,98388.906250,24.21,112.17,31.040001,PM10,2186
18.879999,33.330002,18.510000,14.400000,0.510000,44.830002,-8.090000,-14.630000,282.059998,54.849998,96955.843750,24.2,112.31,33.330002,PM10,2187
19.740000,36.119999,19.150000,16.620001,0.570000,42.150002,-4.360000,-10.640000,281.339996,59.599998,96328.406250,24.19,112.46,36.119999,PM10,2188
17.719999,33.590000,17.000000,16.580000,0.580000,43.480000,-1.870000,-6.490000,282.420013,55.720001,97683.679688,24.19,112.61,33.590000,PM10,2189
15.760000,29.040001,14.530000,14.610000,0.570000,46.840000,-2.360000,-4.670000,283.869995,50.279999,99488.476562,24.18,112.76,29.040001,PM10,2190
14.920000,26.600000,13.810000,13.330000,0.550000,49.560001,-5.050000,-5.450000,284.660004,46.700001,100709.093750,24.17,112.9,26.600000,PM10,2191
15.770000,26.900000,13.900000,13.100000,0.560000,50.950001,-7.560000,-7.000000,284.329987,47.230000,100886.523438,24.16,113.05,26.900000,PM10,2192
16.799999,28.049999,14.290000,13.480000,0.580000,51.119999,-8.210000,-9.140000,283.739990,50.310001,100845.007812,24.15,113.2,28.049999,PM10,2193
17.990000,29.809999,14.740000,13.910000,0.600000,50.529999,-7.080000,-10.620000,283.369995,51.740002,100556.531250,24.13,113.34,29.809999,PM10,2194
18.520000,30.860001,14.790000,13.620000,0.620000,50.880001,-5.930000,-9.260000,283.299988,50.509998,99935.320312,24.12,113.49,30.860001,PM10,2195
18.690001,31.290001,14.590000,12.920000,0.620000,51.650002,-5.600000,-8.450000,283.510010,49.740002,100323.257812,24.11,113.64,31.290001,PM10,2196
19.049999,31.690001,14.570000,12.400000,0.620000,52.630001,-5.900000,-8.960000,283.279999,50.939999,100221.960938,24.1,113.79,31.690001,PM10,2197
20.020000,32.799999,14.730000,12.050000,0.610000,53.360001,-6.230000,-9.980000,281.940002,53.490002,97984.156250,24.09,113.93,32.799999,PM10,2198
20.620001,33.570000,14.890000,11.820000,0.610000,53.560001,-5.370000,-9.040000,281.380005,52.599998,96571.429688,24.08,114.08,33.570000,PM10,2199
20.490000,33.639999,14.940000,11.530000,0.600000,54.590000,-5.250000,-8.030000,282.160004,50.689999,97754.968750,24.07,114.23,33.639999,PM10,2200
20.840000,34.490002,14.960000,11.590000,0.600000,53.520000,-5.740000,-10.270000,282.290009,52.930000,98864.382812,24.06,114.37,34.490002,PM10,2201
20.070000,33.480000,14.980000,11.430000,0.590000,55.470001,-4.610000,-9.590000,282.410004,53.849998,99136.781250,24.04,114.52,33.480000,PM10,2202
18.879999,32.639999,14.300000,11.060000,0.590000,56.360001,-4.360000,-9.450000,283.329987,50.529999,99963.500000,24.03,114.67,32.639999,PM10,2203
17.959999,31.980000,13.030000,10.310000,0.570000,56.590000,-5.010000,-10.520000,283.250000,50.650002,100278.500000,24.02,114.81,31.980000,PM10,2204
17.230000,30.520000,11.870000,9.370000,0.550000,57.799999,-4.640000,-11.440000,283.040009,49.810001,99781.742188,24.01,114.96,30.520000,PM10,2205
16.600000,29.549999,10.900000,9.020000,0.550000,57.990002,-4.900000,-11.370000,283.350006,48.080002,99761.296875,23.99,115.11,29.549999,PM10,2206
16.180000,29.490000,10.650000,9.510000,0.570000,57.630001,-5.070000,-10.310000,282.630005,49.919998,98635.031250,23.98,115.25,29.490000,PM10,2207
15.680000,28.520000,10.570000,9.190000,0.580000,59.029999,-3.100000,-8.730000,282.049988,51.259998,97667.226562,23.97,115.4,28.520000,PM10,2208
16.500000,30.879999,10.380000,9.500000,0.630000,57.880001,-1.030000,-8.890000,283.410004,47.080002,99186.703125,23.96,115.55,30.879999,PM10,2209
15.270000,28.820000,10.360000,9.870000,0.670000,59.389999,-0.800000,-7.950000,284.750000,43.700001,100577.500000,23.94,115.69,28.820000,PM10,2210
15.730000,29.420000,10.580000,11.510000,0.740000,57.860001,-0.690000,-7.430000,284.549988,45.349998,100334.992188,23.93,115.84,29.420000,PM10,2211
15.550000,27.990000,11.200000,11.910000,0.730000,60.320000,0.070000,-7.440000,283.540009,49.099998,98541.226562,23.91,115.99,27.990000,PM10,2212
14.540000,25.790001,11.030000,11.500000,0.700000,62.430000,0.170000,-8.380000,283.239990,48.650002,96917.117188,23.9,116.13,25.790001,PM10,2213
14.680000,26.320000,10.240000,11.640000,0.700000,59.930000,0.370000,-10.550000,283.839996,46.849998,97605.289062,23.89,116.28,26.320000,PM10,2214
14.140000,25.580000,9.620000,11.410000,0.700000,60.889999,0.560000,-10.750000,284.899994,45.040001,98710.078125,23.87,116.43,25.580000,PM10,2215
14.260000,26.219999,9.570000,11.470000,0.710000,61.779999,-0.800000,-12.080000,285.309998,42.360001,97599.937500,23.86,116.57,26.219999,PM10,2216
14.640000,26.760000,9.650000,11.880000,0.720000,60.240002,-1.020000,-11.550000,286.160004,39.779999,97760.359375,23.84,116.72,26.760000,PM10,2217
13.820000,24.850000,9.150000,11.250000,0.680000,59.400002,-0.970000,-9.250000,287.839996,37.400002,100505.523438,23.83,116.86,24.850000,PM10,2218
13.210000,23.250000,9.150000,10.940000,0.620000,59.639999,-3.030000,-9.350000,288.290009,34.570000,100799.976562,23.81,117.01,23.250000,PM10,2219
18.910000,32.040001,18.270000,12.720000,0.470000,47.869999,-8.900000,-14.450000,281.070007,52.230000,94875.640625,24.35,112.18,32.040001,PM10,2329
20.100000,34.889999,19.049999,14.590000,0.510000,41.310001,-4.220000,-13.300000,279.820007,62.830002,95337.820312,24.34,112.32,34.889999,PM10,2330
21.000000,38.459999,20.440001,17.459999,0.580000,39.919998,0.660000,-10.240000,281.529999,60.110001,97609.382812,24.33,112.47,38.459999,PM10,2331
18.340000,34.750000,18.100000,17.110001,0.580000,41.869999,0.970000,-6.040000,283.809998,51.919998,99396.929688,24.32,112.62,34.750000,PM10,2332
16.809999,30.090000,15.190000,14.500000,0.550000,46.450001,-1.080000,-2.860000,284.179993,49.150002,99247.500000,24.31,112.77,30.090000,PM10,2333
15.480000,26.740000,14.140000,12.940000,0.520000,49.779999,-3.090000,-3.530000,284.859985,45.200001,100250.953125,24.3,112.91,26.740000,PM10,2334
15.500000,26.180000,13.960000,12.670000,0.520000,50.919998,-6.020000,-6.780000,285.269989,42.840000,101211.140625,24.29,113.06,26.180000,PM10,2335
16.250000,26.879999,14.330000,13.040000,0.540000,50.950001,-8.220000,-9.600000,284.420013,46.509998,101111.429688,24.28,113.21,26.879999,PM10,2336
17.809999,29.160000,15.010000,13.850000,0.580000,49.500000,-7.250000,-11.500000,283.880005,50.380001,101435.460938,24.27,113.36,29.160000,PM10,2337
18.420000,30.219999,15.320000,13.720000,0.600000,50.279999,-5.660000,-10.120000,283.839996,49.220001,100895.429688,24.26,113.5,30.219999,PM10,2338
18.730000,30.809999,15.220000,12.940000,0.600000,51.009998,-5.410000,-9.090000,283.589996,48.459999,100236.359375,24.25,113.65,30.809999,PM10,2339
18.790001,31.040001,15.220000,12.460000,0.600000,51.740002,-5.860000,-8.090000,283.540009,49.389999,100546.460938,24.24,113.8,31.040001,PM10,2340
19.559999,31.920000,15.360000,12.210000,0.600000,52.270000,-6.070000,-8.870000,282.739990,52.299999,99736.953125,24.23,113.95,31.920000,PM10,2341
20.450001,32.970001,15.590000,11.950000,0.590000,52.799999,-5.090000,-8.730000,281.540009,53.560001,97548.007812,24.21,114.09,32.970001,PM10,2342
20.440001,32.700001,15.760000,11.530000,0.580000,54.770000,-4.620000,-8.210000,281.549988,51.480000,96902.812500,24.2,114.24,32.700001,PM10,2343
21.500000,34.830002,15.670000,11.670000,0.580000,52.410000,-5.860000,-12.890000,282.010010,52.259998,98324.921875,24.19,114.39,34.830002,PM10,2344
21.660000,35.459999,15.730000,11.840000,0.590000,52.439999,-5.960000,-12.560000,281.700012,56.029999,98743.226562,24.18,114.53,35.459999,PM10,2345
20.780001,35.000000,15.200000,11.600000,0.580000,53.250000,-4.890000,-11.470000,282.290009,53.220001,98925.796875,24.17,114.68,35.000000,PM10,2346
18.540001,32.270000,13.930000,10.590000,0.560000,55.630001,-5.050000,-10.420000,283.170013,50.820000,100174.632812,24.15,114.83,32.270000,PM10,2347
17.700001,30.730000,12.560000,9.510000,0.540000,57.259998,-5.170000,-11.300000,282.459991,52.049999,99453.039062,24.14,114.97,30.730000,PM10,2348
17.320000,29.969999,11.290000,9.000000,0.540000,57.480000,-4.010000,-11.480000,281.989990,51.740002,98468.671875,24.13,115.12,29.969999,PM10,2349
16.200001,29.510000,11.030000,9.950000,0.570000,56.709999,-2.990000,-8.970000,282.940002,48.509998,99234.031250,24.12,115.27,29.510000,PM10,2350
16.370001,30.420000,10.900000,10.410000,0.610000,56.299999,-2.150000,-7.430000,283.570007,46.840000,99805.062500,24.1,115.41,30.420000,PM10,2351
16.110001,30.650000,10.600000,9.980000,0.640000,57.340000,-1.250000,-7.680000,284.220001,44.090000,100362.898438,24.09,115.56,30.650000,PM10,2352
15.130000,28.330000,10.480000,9.790000,0.650000,59.970001,-0.910000,-7.390000,284.760010,43.360001,100841.531250,24.08,115.71,28.330000,PM10,2353
14.990000,28.040001,10.650000,11.000000,0.700000,59.250000,-1.150000,-7.240000,285.109985,43.009998,101158.921875,24.06,115.86,28.040001,PM10,2354
15.610000,28.270000,11.070000,12.100000,0.720000,58.500000,-1.600000,-8.550000,284.140015,46.250000,99601.593750,24.05,116.0,28.270000,PM10,2355
14.620000,25.770000,11.030000,11.650000,0.690000,61.169998,-0.610000,-8.100000,282.790009,49.610001,97041.046875,24.03,116.15,25.770000,PM10,2356
14.090000,25.400000,10.460000,11.750000,0.690000,59.910000,0.460000,-9.210000,284.040009,46.540001,98173.046875,24.02,116.29,25.400000,PM10,2357
13.710000,24.820000,9.750000,11.380000,0.680000,60.599998,-0.700000,-10.560000,284.649994,45.259998,98625.992188,24.01,116.44,24.820000,PM10,2358
14.270000,25.860001,9.550000,11.510000,0.700000,60.849998,-0.920000,-11.210000,282.940002,48.880001,95705.000000,23.99,116.59,25.860001,PM10,2359
14.700000,26.330000,9.560000,11.890000,0.710000,59.360001,1.450000,-10.080000,283.899994,46.250000,96211.679688,23.98,116.73,26.330000,PM10,2360
13.710000,24.209999,8.950000,10.750000,0.650000,59.180000,0.890000,-8.570000,286.829987,39.380001,99396.328125,23.96,116.88,24.209999,PM10,2361
19.870001,33.150002,19.500000,12.150000,0.460000,48.369999,-10.580000,-10.280000,281.059998,53.070000,95344.390625,24.49,112.04,33.150002,PM10,2473
20.340000,33.830002,18.889999,12.840000,0.470000,44.549999,-7.890000,-11.730000,278.920013,60.970001,93352.226562,24.48,112.19,33.830002,PM10,2474
21.670000,37.900002,20.360001,15.610000,0.530000,38.369999,-1.370000,-10.200000,279.519989,66.019997,96063.726562,24.47,112.33,37.900002,PM10,2475
21.830000,39.299999,21.100000,17.480000,0.580000,38.400002,1.810000,-9.560000,281.970001,58.990002,98679.617188,24.46,112.48,39.299999,PM10,2476
19.320000,35.090000,18.709999,16.620001,0.560000,40.349998,1.570000,-6.290000,284.000000,49.410000,98828.968750,24.45,112.63,35.090000,PM10,2477
17.469999,29.790001,15.860000,13.780000,0.520000,46.380001,-0.150000,-1.290000,284.440002,47.230000,98786.187500,24.44,112.78,29.790001,PM10,2478
16.410000,27.129999,14.540000,12.500000,0.500000,49.349998,-3.630000,-5.220000,284.519989,44.259998,99016.710938,24.43,112.93,27.129999,PM10,2479
16.910000,27.070000,14.010000,11.900000,0.500000,51.439999,-7.540000,-11.440000,283.239990,45.610001,97979.156250,24.42,113.07,27.070000,PM10,2480
17.000000,26.660000,14.280000,12.110000,0.510000,51.549999,-7.300000,-12.110000,282.239990,49.750000,97705.773438,24.41,113.22,26.660000,PM10,2481
18.240000,29.200001,15.190000,13.680000,0.560000,47.849998,-5.710000,-12.750000,282.880005,52.430000,100081.078125,24.4,113.37,29.200001,PM10,2482
18.799999,30.110001,15.750000,13.870000,0.580000,49.060001,-5.380000,-11.660000,283.089996,51.959999,100382.648438,24.39,113.52,30.110001,PM10,2483
19.230000,30.639999,15.720000,12.780000,0.590000,50.580002,-4.900000,-10.700000,282.369995,51.540001,98888.843750,24.38,113.66,30.639999,PM10,2484
18.809999,30.330000,15.800000,12.070000,0.590000,51.759998,-4.610000,-7.940000,282.920013,49.270000,99443.046875,24.37,113.81,30.330000,PM10,2485
19.320000,31.129999,16.010000,12.020000,0.580000,51.799999,-5.290000,-8.040000,283.079987,50.369999,100128.937500,24.36,113.96,31.129999,PM10,2486
20.459999,32.490002,16.209999,11.820000,0.580000,52.110001,-6.480000,-10.130000,282.250000,52.840000,99206.226562,24.35,114.1,32.490002,PM10,2487
21.180000,32.810001,16.320000,11.280000,0.570000,54.400002,-7.030000,-11.290000,280.619995,55.400002,96505.156250,24.34,114.25,32.810001,PM10,2488
22.209999,34.840000,16.270000,11.410000,0.570000,51.770000,-5.830000,-14.940000,279.890015,58.330002,95927.148438,24.32,114.4,34.840000,PM10,2489
22.469999,35.619999,16.450001,11.730000,0.580000,51.369999,-4.490000,-15.180000,280.399994,60.330002,97445.218750,24.31,114.55,35.619999,PM10,2490
22.020000,35.540001,15.990000,11.580000,0.580000,52.169998,-3.940000,-13.860000,281.049988,57.490002,97841.453125,24.3,114.69,35.540001,PM10,2491
19.440001,32.119999,14.730000,10.550000,0.550000,55.110001,-3.970000,-11.340000,282.369995,52.759998,99201.398438,24.29,114.84,32.119999,PM10,2492
17.670000,29.780001,13.230000,9.480000,0.530000,57.099998,-4.260000,-10.300000,282.869995,51.520000,100196.796875,24.28,114.99,29.780001,PM10,2493
17.020000,28.780001,11.660000,8.840000,0.520000,57.380001,-2.990000,-10.070000,282.700012,50.509998,99845.460938,24.26,115.14,28.780001,PM10,2494
15.970000,27.719999,11.180000,8.910000,0.530000,58.529999,-1.550000,-7.950000,283.309998,46.980000,99934.093750,24.25,115.28,27.719999,PM10,2495
16.240000,28.549999,10.990000,9.060000,0.550000,58.549999,-1.300000,-7.300000,283.790009,45.480000,100196.273438,24.24,115.43,28.549999,PM10,2496
16.250000,28.820000,10.820000,8.790000,0.570000,59.180000,-1.490000,-7.910000,284.279999,43.259998,100545.882812,24.22,115.58,28.820000,PM10,2497
16.180000,28.850000,10.450000,9.040000,0.610000,58.889999,-2.040000,-8.470000,284.329987,43.169998,100403.507812,24.21,115.72,28.850000,PM10,2498
14.670000,26.209999,10.790000,9.460000,0.620000,61.919998,-2.330000,-8.060000,284.190002,43.990002,100048.546875,24.2,115.87,26.209999,PM10,2499
15.190000,27.230000,11.410000,11.760000,0.680000,58.799999,-2.250000,-9.400000,284.089996,45.000000,99844.640625,24.18,116.02,27.230000,PM10,2500
14.650000,25.719999,11.280000,11.690000,0.670000,60.020000,-1.360000,-8.130000,283.200012,48.310001,98192.273438,24.17,116.16,25.719999,PM10,2501
13.730000,24.389999,10.870000,11.470000,0.660000,61.099998,-0.090000,-8.410000,283.119995,48.910000,97368.273438,24.15,116.31,24.389999,PM10,2502
13.370000,24.170000,10.000000,11.350000,0.660000,60.240002,0.080000,-9.410000,283.820007,47.470001,98014.539062,24.14,116.46,24.170000,PM10,2503
13.540000,24.860001,9.730000,11.940000,0.700000,60.020000,0.880000,-8.520000,283.769989,47.320000,97563.546875,24.13,116.6,24.860001,PM10,2504
13.930000,25.020000,9.670000,12.180000,0.680000,59.650002,2.340000,-7.400000,284.619995,44.939999,97832.757812,24.11,116.75,25.020000,PM10,2505
13.400000,23.430000,8.940000,10.760000,0.620000,59.000000,0.410000,-7.160000,285.869995,41.000000,98112.156250,24.1,116.9,23.430000,PM10,2506
21.010000,34.820000,20.290001,12.150000,0.460000,47.250000,-10.150000,-10.720000,280.670013,56.369999,95976.718750,24.63,112.05,34.820000,PM10,2618
21.780001,36.619999,20.110001,13.460000,0.490000,41.669998,-6.500000,-9.050000,278.790009,64.699997,94323.523438,24.62,112.2,36.619999,PM10,2619
23.049999,40.799999,21.730000,16.370001,0.550000,37.189999,-1.000000,-8.170000,280.269989,63.419998,97230.312500,24.61,112.34,40.799999,PM10,2620
22.540001,39.560001,21.559999,16.900000,0.560000,37.720001,0.870000,-8.750000,281.799988,58.740002,98526.882812,24.6,112.49,39.560001,PM10,2621
20.590000,35.119999,19.110001,15.390000,0.530000,40.160000,0.310000,-6.570000,283.260010,48.910000,97352.070312,24.59,112.64,35.119999,PM10,2622
18.540001,30.469999,16.780001,13.450000,0.500000,44.950001,-2.090000,-2.880000,283.630005,45.110001,96399.210938,24.58,112.79,30.469999,PM10,2623
17.940001,28.629999,15.220000,12.470000,0.490000,47.380001,-7.260000,-8.920000,282.820007,45.700001,95737.617188,24.57,112.94,28.629999,PM10,2624
18.500000,28.680000,14.430000,12.130000,0.500000,47.840000,-10.090000,-13.420000,280.589996,54.200001,95023.851562,24.56,113.08,28.680000,PM10,2625
18.790001,29.340000,14.560000,12.840000,0.520000,45.000000,-6.980000,-11.590000,280.019989,57.610001,95426.882812,24.55,113.23,29.340000,PM10,2626
18.549999,29.340000,15.510000,13.810000,0.560000,45.270000,-4.130000,-11.350000,281.959991,54.130001,98798.781250,24.54,113.38,29.340000,PM10,2627
18.950001,29.950001,16.309999,14.280000,0.570000,47.150002,-4.130000,-10.960000,282.970001,52.820000,100534.156250,24.53,113.53,29.950001,PM10,2628
19.459999,30.389999,16.250000,12.810000,0.580000,49.520000,-4.520000,-10.960000,282.000000,53.790001,98970.976562,24.52,113.67,30.389999,PM10,2629
19.230000,29.700001,16.400000,11.460000,0.570000,52.860001,-4.130000,-9.330000,281.750000,52.029999,98120.398438,24.5,113.82,29.700001,PM10,2630
19.549999,30.219999,16.709999,11.430000,0.570000,52.980000,-4.720000,-8.850000,282.059998,51.680000,98560.398438,24.49,113.97,30.219999,PM10,2631
20.950001,32.320000,16.900000,11.590000,0.570000,51.419998,-7.780000,-12.070000,281.769989,54.869999,98901.179688,24.48,114.12,32.320000,PM10,2632
22.260000,33.950001,17.170000,11.510000,0.570000,51.180000,-9.310000,-13.740000,279.720001,62.139999,96665.140625,24.47,114.27,33.950001,PM10,2633
22.830000,34.820000,17.020000,11.320000,0.570000,50.509998,-6.260000,-13.450000,278.290009,67.400002,95047.968750,24.46,114.41,34.820000,PM10,2634
23.260000,35.750000,17.160000,11.740000,0.580000,49.820000,-3.670000,-14.790000,278.790009,67.589996,96047.093750,24.45,114.56,35.750000,PM10,2635
23.170000,35.959999,16.590000,11.620000,0.580000,50.919998,-3.080000,-14.570000,279.309998,65.169998,96409.382812,24.43,114.71,35.959999,PM10,2636
20.690001,31.990000,15.330000,10.390000,0.550000,55.380001,-2.220000,-12.290000,280.540009,58.740002,97261.273438,24.42,114.85,31.990000,PM10,2637
18.340000,29.030001,13.730000,9.140000,0.520000,58.380001,-1.860000,-10.760000,282.019989,54.099998,99211.648438,24.41,115.0,29.030001,PM10,2638
16.760000,27.299999,11.890000,8.530000,0.500000,58.340000,-1.680000,-9.590000,283.149994,49.189999,100562.859375,24.4,115.15,27.299999,PM10,2639
16.700001,27.520000,10.910000,8.160000,0.500000,57.900002,-1.390000,-8.040000,283.480011,45.770000,100343.312500,24.38,115.3,27.520000,PM10,2640
17.250000,28.540001,10.730000,8.080000,0.520000,58.099998,-1.330000,-7.830000,283.230011,45.779999,99693.156250,24.37,115.44,28.540001,PM10,2641
17.510000,29.139999,10.780000,8.030000,0.530000,58.400002,-2.070000,-9.960000,283.579987,44.000000,99858.046875,24.36,115.59,29.139999,PM10,2642
16.639999,28.090000,10.550000,8.000000,0.550000,59.790001,-3.380000,-10.550000,283.549988,43.980000,99553.289062,24.34,115.74,28.090000,PM10,2643
15.240000,25.990000,10.710000,8.380000,0.570000,62.029999,-2.930000,-9.520000,283.119995,45.910000,99071.226562,24.33,115.89,25.990000,PM10,2644
14.840000,26.379999,11.790000,11.430000,0.640000,58.939999,-1.770000,-9.160000,283.929993,44.490002,99871.382812,24.32,116.03,26.379999,PM10,2645
14.770000,26.090000,11.440000,11.790000,0.650000,58.020000,-1.270000,-7.900000,284.140015,44.650002,99778.570312,24.3,116.18,26.090000,PM10,2646
13.650000,24.400000,10.930000,11.730000,0.640000,59.000000,-0.030000,-6.880000,283.589996,47.669998,98596.046875,24.29,116.33,24.400000,PM10,2647
12.360000,22.690001,10.230000,11.380000,0.640000,60.310001,1.030000,-7.240000,284.470001,45.330002,99067.218750,24.27,116.47,22.690001,PM10,2648
11.970000,22.340000,9.920000,11.720000,0.640000,61.740002,1.490000,-7.030000,285.549988,41.860001,99635.359375,24.26,116.62,22.340000,PM10,2649
12.200000,21.950001,9.700000,11.770000,0.610000,61.840000,1.330000,-6.370000,286.029999,39.240002,99165.140625,24.24,116.77,21.950001,PM10,2650
12.480000,21.709999,8.990000,10.620000,0.560000,60.200001,-1.240000,-6.470000,285.540009,39.660000,97364.703125,24.23,116.91,21.709999,PM10,2651
22.000000,36.500000,20.950001,12.160000,0.470000,44.599998,-8.450000,-10.280000,279.440002,60.349998,94858.617188,24.76,112.06,36.500000,PM10,2763
23.100000,39.880001,21.580000,14.200000,0.520000,39.570000,-4.410000,-6.700000,279.510010,62.779999,95666.703125,24.75,112.21,39.880001,PM10,2764
23.860001,42.130001,22.820000,16.610001,0.570000,36.590000,-0.990000,-5.660000,281.130005,60.549999,98621.968750,24.74,112.36,42.130001,PM10,2765
23.100000,39.680000,22.030001,16.320000,0.560000,37.330002,-0.710000,-7.690000,281.450012,59.549999,98472.742188,24.73,112.5,39.680000,PM10,2766
22.150000,36.669998,19.850000,15.090000,0.540000,39.279999,-3.380000,-8.930000,282.160004,50.740002,96269.617188,24.72,112.65,36.669998,PM10,2767
21.280001,34.279999,18.030001,13.980000,0.520000,41.730000,-6.950000,-9.100000,282.029999,46.509998,93888.781250,24.71,112.8,34.279999,PM10,2768
20.090000,31.049999,16.570000,13.300000,0.510000,44.389999,-7.780000,-10.660000,280.690002,49.990002,92427.882812,24.7,112.95,31.049999,PM10,2769
19.910000,30.910000,15.370000,13.440000,0.530000,42.099998,-6.470000,-10.230000,280.010010,57.230000,94077.687500,24.69,113.1,30.910000,PM10,2770
19.719999,31.389999,15.280000,14.190000,0.550000,41.279999,-5.010000,-8.800000,280.910004,55.540001,96495.710938,24.68,113.24,31.389999,PM10,2771
18.410000,29.450001,15.830000,14.330000,0.560000,43.090000,-3.710000,-8.730000,282.329987,52.549999,99270.421875,24.67,113.39,29.450001,PM10,2772
18.780001,29.760000,16.650000,14.550000,0.580000,45.090000,-3.630000,-9.300000,283.429993,51.090000,101159.570312,24.66,113.54,29.760000,PM10,2773
19.540001,30.280001,16.570000,12.660000,0.580000,48.189999,-5.030000,-9.950000,282.380005,53.660000,99809.750000,24.65,113.69,30.280001,PM10,2774
20.340000,30.879999,16.680000,11.420000,0.570000,50.759998,-6.140000,-10.730000,280.630005,56.849998,97456.890625,24.64,113.83,30.879999,PM10,2775
20.500000,30.580000,17.110001,11.060000,0.560000,53.240002,-6.340000,-10.930000,280.160004,57.020000,96568.742188,24.63,113.98,30.580000,PM10,2776
21.600000,31.940001,17.490000,11.210000,0.570000,51.880001,-6.770000,-12.510000,279.589996,61.740002,96341.921875,24.62,114.13,31.940001,PM10,2777
22.790001,33.919998,18.090000,11.670000,0.590000,49.240002,-6.930000,-11.970000,278.790009,66.809998,95901.710938,24.6,114.28,33.919998,PM10,2778
22.270000,32.939999,15.620000,10.460000,0.560000,53.509998,-1.620000,-11.690000,278.910004,67.500000,96154.273438,24.56,114.87,32.939999,PM10,2782
19.650000,29.490000,13.900000,9.040000,0.530000,57.509998,-0.120000,-10.660000,280.250000,60.950001,97575.546875,24.54,115.02,29.490000,PM10,2783
16.969999,26.000000,12.110000,7.880000,0.490000,60.610001,0.040000,-9.410000,282.170013,51.720001,99486.929688,24.53,115.16,26.000000,PM10,2784
16.820000,25.969999,11.070000,7.320000,0.480000,60.310001,-1.050000,-9.250000,283.079987,45.939999,99874.562500,24.52,115.31,25.969999,PM10,2785
17.160000,26.790001,10.880000,7.170000,0.480000,60.450001,-2.100000,-9.160000,282.720001,46.150002,99170.742188,24.5,115.46,26.790001,PM10,2786
17.930000,28.370001,10.850000,7.210000,0.500000,59.389999,-2.830000,-11.670000,282.040009,47.419998,98165.796875,24.49,115.61,28.370001,PM10,2787
17.200001,27.809999,10.760000,7.410000,0.520000,60.110001,-3.240000,-12.040000,282.209991,46.660000,98078.171875,24.48,115.75,27.809999,PM10,2788
15.740000,26.240000,10.660000,7.940000,0.530000,60.240002,-2.560000,-10.770000,282.820007,46.349998,99073.046875,24.46,115.9,26.240000,PM10,2789
14.100000,24.650000,11.570000,9.900000,0.570000,60.990002,-1.360000,-8.730000,283.649994,44.430000,99728.007812,24.45,116.05,24.650000,PM10,2790
13.920000,24.350000,11.150000,9.830000,0.570000,60.520000,-0.980000,-8.180000,284.459991,42.619999,100232.453125,24.44,116.19,24.350000,PM10,2791
12.180000,21.910000,10.880000,9.950000,0.570000,62.700001,-0.690000,-6.400000,284.880005,43.000000,100247.578125,24.42,116.34,21.910000,PM10,2792
10.950000,20.160000,10.250000,10.080000,0.560000,63.660000,-0.010000,-6.490000,285.299988,42.150002,100102.632812,24.41,116.49,20.160000,PM10,2793
10.520000,19.490000,10.040000,10.840000,0.560000,64.949997,0.150000,-6.580000,285.820007,39.779999,99952.382812,24.39,116.64,19.490000,PM10,2794
10.810000,19.190001,9.820000,11.040000,0.520000,65.419998,-0.610000,-6.600000,285.519989,37.700001,98476.031250,24.38,116.78,19.190001,PM10,2795
23.000000,39.810001,21.809999,14.030000,0.530000,39.570000,-2.740000,-5.510000,281.260010,56.230000,97813.187500,24.89,112.22,39.810001,PM10,2909
23.340000,40.619999,22.600000,15.570000,0.560000,37.099998,-2.160000,-5.430000,282.790009,54.270000,100570.023438,24.88,112.37,40.619999,PM10,2910
23.879999,40.410000,22.080000,16.040001,0.570000,36.279999,-3.980000,-8.640000,281.380005,60.110001,98917.953125,24.87,112.51,40.410000,PM10,2911
24.110001,39.189999,20.440001,15.450000,0.560000,37.180000,-7.080000,-11.230000,279.519989,61.919998,94892.203125,24.86,112.66,39.189999,PM10,2912
24.020000,38.049999,18.969999,14.720000,0.560000,37.990002,-8.920000,-11.950000,278.829987,59.549999,92247.226562,24.85,112.81,38.049999,PM10,2913
24.270000,38.330002,18.290001,15.580000,0.580000,34.380001,-6.100000,-10.110000,277.899994,62.880001,90712.726562,24.84,112.96,38.330002,PM10,2914
22.290001,34.180000,16.660000,14.850000,0.570000,38.130001,-2.780000,-8.150000,279.290009,60.220001,92885.023438,24.83,113.11,34.180000,PM10,2915
20.900000,33.680000,15.660000,15.190000,0.580000,38.450001,-2.910000,-7.790000,281.410004,54.270000,96590.343750,24.82,113.25,33.680000,PM10,2916
18.139999,29.100000,15.960000,14.530000,0.570000,42.500000,-3.050000,-6.910000,282.769989,50.709999,99622.617188,24.81,113.4,29.100000,PM10,2917
18.469999,29.320000,16.620001,14.280000,0.570000,44.320000,-3.130000,-7.360000,283.760010,49.250000,101526.546875,24.8,113.55,29.320000,PM10,2918
19.200001,29.709999,16.600000,12.430000,0.580000,47.250000,-4.970000,-8.140000,283.190002,51.349998,100870.296875,24.78,113.7,29.709999,PM10,2919
20.500000,30.830000,17.000000,11.610000,0.580000,49.290001,-7.670000,-9.140000,280.799988,58.299999,98200.656250,24.77,113.85,30.830000,PM10,2920
21.500000,31.490000,17.600000,11.400000,0.570000,50.750000,-7.930000,-9.660000,278.760010,65.010002,95971.656250,24.76,114.0,31.490000,PM10,2921
23.110001,34.139999,18.219999,12.110000,0.590000,47.200001,-5.790000,-9.970000,278.170013,70.930000,95770.679688,24.75,114.14,34.139999,PM10,2922
23.040001,33.419998,19.049999,12.050000,0.590000,49.599998,-4.490000,-8.920000,279.019989,66.230003,96383.960938,24.74,114.29,33.419998,PM10,2923
20.389999,29.780001,13.950000,9.240000,0.540000,56.279999,0.180000,-9.670000,280.390015,62.119999,98295.507812,24.68,115.03,29.780001,PM10,2928
17.930000,26.309999,12.120000,7.730000,0.490000,60.529999,-0.030000,-9.440000,281.339996,54.049999,98681.023438,24.67,115.18,26.309999,PM10,2929
18.049999,26.650000,11.060000,7.150000,0.470000,59.939999,-1.330000,-10.330000,281.429993,49.279999,97973.617188,24.65,115.33,26.650000,PM10,2930
18.000000,27.139999,10.810000,6.990000,0.480000,59.369999,-2.600000,-9.850000,281.890015,47.480000,98373.000000,24.64,115.47,27.139999,PM10,2931
15.760000,25.639999,10.730000,7.550000,0.500000,60.619999,-1.790000,-11.430000,282.410004,46.790001,98678.593750,24.6,115.92,25.639999,PM10,2934
13.630000,23.010000,11.010000,8.050000,0.510000,64.150002,-1.210000,-8.900000,283.049988,45.349998,99192.500000,24.58,116.06,23.010000,PM10,2935
13.740000,23.540001,10.570000,8.060000,0.510000,62.150002,-1.100000,-9.380000,283.250000,44.709999,98998.421875,24.57,116.21,23.540001,PM10,2936
12.360000,21.820000,10.340000,7.970000,0.510000,63.900002,-1.110000,-8.170000,283.910004,44.590000,99279.859375,24.56,116.36,21.820000,PM10,2937
10.770000,19.540001,9.810000,8.570000,0.500000,64.489998,-0.420000,-7.480000,284.720001,42.160000,99491.617188,24.54,116.51,19.540001,PM10,2938
10.190000,18.629999,9.950000,10.110000,0.490000,65.800003,-0.850000,-6.910000,285.440002,39.380001,99514.531250,24.53,116.65,18.629999,PM10,2939
23.090000,38.639999,20.570000,13.100000,0.510000,40.279999,-3.090000,-9.210000,281.239990,54.520000,97472.976562,25.02,112.23,38.639999,PM10,3054
24.170000,40.529999,21.070000,14.380000,0.560000,37.450001,-4.090000,-10.340000,281.570007,55.549999,98277.789062,25.01,112.38,40.529999,PM10,3055
25.190001,41.939999,21.420000,15.700000,0.590000,35.369999,-5.450000,-10.840000,280.029999,65.309998,97776.593750,25.0,112.52,41.939999,PM10,3056
25.400000,41.560001,20.469999,15.840000,0.600000,34.169998,-6.210000,-9.510000,278.640015,70.320000,95810.421875,24.99,112.67,41.560001,PM10,3057
26.570000,42.119999,17.540001,16.799999,0.650000,30.520000,-0.070000,-6.930000,277.380005,73.330002,92507.671875,24.96,113.12,42.119999,PM10,3060
22.920000,36.580002,15.680000,15.680000,0.620000,35.759998,0.410000,-6.700000,280.220001,60.009998,95176.203125,24.95,113.27,36.580002,PM10,3061
19.650000,31.660000,15.210000,14.740000,0.580000,40.099998,-0.720000,-4.840000,282.950012,50.840000,99770.492188,24.94,113.41,31.660000,PM10,3062
17.840000,28.139999,15.840000,13.330000,0.560000,45.119999,-2.470000,-5.490000,284.420013,46.610001,102272.507812,24.93,113.56,28.139999,PM10,3063
18.809999,28.809999,15.990000,11.870000,0.560000,47.570000,-4.440000,-7.190000,283.709991,48.610001,101246.687500,24.92,113.71,28.809999,PM10,3064
20.180000,29.980000,16.920000,11.680000,0.570000,49.139999,-6.650000,-6.440000,281.649994,56.130001,99170.296875,24.91,113.86,29.980000,PM10,3065
22.080000,32.320000,17.770000,12.120000,0.590000,48.500000,-6.980000,-6.700000,280.230011,62.200001,98418.789062,24.9,114.01,32.320000,PM10,3066
23.320000,34.340000,18.510000,12.580000,0.600000,47.330002,-5.680000,-7.550000,280.149994,63.790001,98635.609375,24.89,114.16,34.340000,PM10,3067
23.820000,34.090000,19.250000,12.410000,0.610000,48.630001,-5.270000,-8.790000,278.989990,68.610001,97047.640625,24.87,114.3,34.090000,PM10,3068
17.280001,26.639999,11.070000,7.010000,0.490000,60.730000,-2.550000,-10.840000,280.910004,51.009998,97332.820312,24.75,115.78,26.639999,PM10,3078
15.870000,25.250000,10.850000,7.380000,0.490000,60.740002,-1.690000,-11.360000,281.709991,48.450001,98045.367188,24.73,115.93,25.250000,PM10,3079
14.090000,23.080000,11.110000,7.820000,0.480000,64.040001,-1.530000,-9.560000,282.230011,47.220001,98508.656250,24.72,116.08,23.080000,PM10,3080
14.000000,23.120001,10.800000,7.630000,0.470000,63.990002,-1.430000,-10.560000,281.809998,47.830002,97512.203125,24.7,116.23,23.120001,PM10,3081
12.760000,21.980000,10.390000,7.670000,0.480000,63.869999,-0.680000,-9.750000,282.410004,47.410000,97866.328125,24.69,116.37,21.980000,PM10,3082
10.270000,18.650000,9.920000,9.780000,0.460000,65.410004,-1.230000,-7.250000,284.510010,39.869999,98406.632812,24.66,116.67,18.650000,PM10,3084
23.930000,38.529999,18.990000,12.620000,0.520000,40.480000,-4.120000,-11.820000,277.239990,69.230003,93496.453125,25.15,112.24,38.529999,PM10,3199
27.799999,43.480000,18.430000,16.900000,0.680000,28.650000,0.920000,-5.160000,277.540009,77.529999,94417.382812,25.1,113.13,43.480000,PM10,3205
24.559999,38.660000,15.970000,15.670000,0.650000,33.919998,3.210000,-4.390000,279.720001,65.379997,95589.539062,25.09,113.28,38.660000,PM10,3206
19.270000,30.250000,14.380000,13.170000,0.570000,42.820000,1.350000,-2.760000,282.880005,51.520000,99381.828125,25.08,113.43,30.250000,PM10,3207
17.360001,26.469999,14.350000,11.280000,0.530000,48.230000,-3.250000,-5.570000,283.950012,45.590000,100911.617188,25.06,113.57,26.469999,PM10,3208
18.610001,27.830000,14.790000,10.960000,0.550000,48.470001,-4.570000,-7.450000,283.170013,48.430000,100511.906250,25.05,113.72,27.830000,PM10,3209
20.200001,29.639999,15.970000,11.220000,0.570000,49.099998,-5.470000,-6.250000,282.320007,51.240002,99080.531250,25.04,113.87,29.639999,PM10,3210
22.510000,32.980000,16.879999,11.800000,0.580000,47.790001,-7.430000,-8.350000,281.109985,56.240002,98477.210938,25.03,114.02,32.980000,PM10,3211
23.400000,33.939999,17.969999,12.440000,0.600000,47.480000,-7.350000,-8.550000,280.529999,61.790001,99061.031250,25.02,114.17,33.939999,PM10,3212
24.540001,34.779999,18.930000,12.900000,0.620000,47.250000,-6.310000,-9.220000,279.019989,70.260002,97725.953125,25.01,114.32,35.057144,PM2.5,3213
15.740000,24.580000,10.970000,7.250000,0.470000,61.020000,-1.140000,-10.170000,281.459991,48.540001,97877.507812,24.87,115.95,24.580000,PM10,3224
14.560000,23.270000,11.210000,7.680000,0.460000,63.290001,-2.180000,-9.570000,281.570007,48.439999,98021.359375,24.85,116.09,23.270000,PM10,3225
26.290001,40.880001,18.250000,15.960000,0.670000,29.879999,1.140000,-4.910000,279.339996,71.379997,97657.570312,25.23,113.14,40.880001,PM10,3349
23.709999,36.099998,14.900000,13.480000,0.620000,37.160000,2.850000,-3.050000,279.779999,66.989998,96656.421875,25.22,113.29,36.099998,PM10,3350
18.889999,28.040001,13.120000,10.640000,0.530000,48.580002,-0.580000,-4.140000,281.269989,51.549999,95543.500000,25.21,113.44,28.040001,PM10,3351
17.969999,26.070000,13.410000,9.790000,0.510000,51.419998,-4.020000,-8.170000,281.440002,48.450001,96349.859375,25.2,113.59,26.070000,PM10,3352
18.410000,26.690001,13.870000,9.860000,0.520000,50.930000,-3.830000,-7.470000,282.559998,48.820000,99813.781250,25.19,113.74,26.690001,PM10,3353
20.219999,28.780001,14.970000,10.270000,0.540000,50.900002,-5.600000,-7.860000,281.929993,51.669998,98840.843750,25.18,113.88,28.885714,PM2.5,3354
22.780001,32.400002,15.970000,11.140000,0.570000,48.410000,-8.000000,-11.060000,279.079987,61.919998,95574.109375,25.17,114.03,32.542858,PM2.5,3355
23.629999,33.080002,17.240000,12.040000,0.600000,48.029999,-6.810000,-9.380000,279.130005,65.309998,96866.601562,25.15,114.18,33.757141,PM2.5,3356
25.170000,36.060001,18.170000,13.610000,0.660000,44.700001,-4.930000,-8.170000,280.149994,66.110001,99421.523438,25.14,114.33,36.060001,PM10,3357
25.340000,36.060001,18.740000,14.010000,0.690000,45.759998,-3.550000,-7.770000,280.279999,67.050003,99796.468750,25.13,114.48,36.200001,PM2.5,3358
24.760000,34.500000,18.730000,13.520000,0.700000,48.990002,-2.700000,-8.170000,280.220001,66.660004,99542.242188,25.12,114.63,35.371429,PM2.5,3359
25.180000,39.099998,17.700001,15.020000,0.640000,31.120001,0.310000,-6.610000,280.579987,65.879997,99323.687500,25.37,113.15,39.099998,PM10,3495
22.590000,33.730000,13.520000,11.090000,0.560000,40.689999,-1.980000,-5.320000,280.040009,59.459999,95416.117188,25.36,113.3,33.730000,PM10,3496
20.389999,29.270000,12.360000,9.420000,0.510000,49.689999,-4.490000,-7.210000,278.649994,54.240002,91373.382812,25.34,113.45,29.270000,PM10,3497
18.520000,25.860001,13.210000,8.800000,0.490000,54.180000,-3.460000,-8.240000,281.200012,50.700001,97517.117188,25.32,113.75,26.457144,PM2.5,3499
20.420000,28.200001,14.120000,9.340000,0.510000,53.130001,-5.850000,-9.690000,280.420013,55.310001,97320.109375,25.31,113.9,29.171429,PM2.5,3500
24.330000,34.259998,16.450001,12.010000,0.620000,45.720001,-5.240000,-9.840000,279.290009,64.889999,96923.476562,25.29,114.19,34.757141,PM2.5,3502
24.830000,34.980000,17.420000,12.970000,0.660000,46.240002,-4.130000,-8.890000,280.859985,61.330002,99770.382812,25.28,114.34,35.471428,PM2.5,3503
25.020000,34.810001,18.219999,13.710000,0.710000,47.270000,-3.580000,-8.400000,280.589996,65.209999,100189.453125,25.26,114.49,35.742859,PM2.5,3504
25.090000,34.919998,18.190001,13.860000,0.740000,48.389999,-3.100000,-8.950000,280.239990,67.080002,99850.789062,25.25,114.64,35.842857,PM2.5,3505
25.209999,33.810001,18.020000,13.370000,0.740000,49.389999,-3.100000,-10.080000,279.440002,69.260002,98853.796875,25.4,114.51,36.014286,PM2.5,3647
