PM2.5(微克每立方米),PM10(微克每立方米),SO2(微克每立方米),NO2(微克每立方米),CO(毫克每立方米),O3(微克每立方米),U(m/s),V(m/s),TEMP(K),RH(%),PSFC(Pa),lat,lon,AQI,Major pollutants,id
51.029999,55.220001,13.140000,1.100000,0.480000,71.339996,-0.950000,2.370000,287.700012,78.349998,91339.109375,21.29,101.34,70.037498,PM2.5,182
51.970001,56.220001,13.280000,1.180000,0.480000,71.220001,-1.980000,1.960000,287.269989,79.550003,90054.273438,21.29,101.49,71.212502,PM2.5,183
55.259998,59.630001,13.690000,1.220000,0.490000,70.239998,-1.580000,1.450000,285.679993,85.620003,88632.718750,21.3,101.63,75.324997,PM2.5,184
49.330002,53.410000,12.610000,1.160000,0.470000,73.300003,0.510000,1.120000,288.369995,76.989998,93064.562500,21.42,101.2,67.912506,PM2.5,191
50.480000,54.709999,13.110000,1.330000,0.480000,72.019997,-1.100000,1.540000,288.679993,75.239998,93526.468750,21.42,101.34,69.349998,PM2.5,192
52.299999,56.599998,13.420000,1.380000,0.490000,71.309998,-2.410000,1.380000,287.410004,78.870003,91206.656250,21.43,101.48,71.625000,PM2.5,193
55.779999,60.240002,14.040000,1.450000,0.500000,69.959999,-2.160000,1.380000,285.790009,84.639999,89576.101562,21.43,101.63,75.974998,PM2.5,194
44.529999,48.299999,11.040000,1.650000,0.430000,76.860001,-0.910000,1.090000,288.309998,77.629997,90472.687500,21.52,100.33,61.912498,PM2.5,201
45.810001,49.680000,11.550000,1.790000,0.440000,75.760002,-0.420000,0.680000,287.320007,81.690002,88687.601562,21.52,100.47,63.512501,PM2.5,202
46.709999,50.689999,12.140000,1.960000,0.450000,74.989998,0.090000,0.130000,288.000000,79.239998,90712.546875,21.53,100.62,64.637497,PM2.5,203
49.419998,53.580002,12.550000,1.220000,0.470000,72.449997,-2.750000,0.500000,288.500000,75.330002,93129.453125,21.56,101.33,68.024994,PM2.5,204
52.009998,56.259998,12.940000,1.180000,0.480000,71.599998,-2.630000,0.410000,286.609985,81.940002,90495.031250,21.56,101.48,71.262497,PM2.5,205
54.900002,59.290001,13.460000,1.160000,0.490000,70.580002,-2.150000,0.470000,285.649994,84.889999,90184.093750,21.56,101.62,74.875000,PM2.5,206
42.840000,46.439999,10.570000,1.690000,0.420000,78.070000,-1.030000,1.020000,288.100006,77.529999,90168.906250,21.65,100.18,59.799999,PM2.5,224
44.060001,47.730000,10.640000,1.700000,0.420000,77.419998,-0.400000,2.140000,287.089996,81.000000,87863.070312,21.65,100.32,61.325001,PM2.5,225
46.349998,50.180000,11.500000,1.940000,0.440000,77.010002,0.980000,1.950000,285.779999,85.959999,85706.539062,21.66,100.47,64.187500,PM2.5,226
48.470001,52.599998,13.050000,2.500000,0.460000,75.059998,1.300000,1.180000,286.579987,83.690002,87619.406250,21.66,100.61,66.837502,PM2.5,227
48.009998,51.980000,11.620000,1.680000,0.450000,73.860001,0.760000,0.790000,288.190002,78.279999,91633.453125,21.67,100.75,66.262497,PM2.5,228
48.869999,52.930000,12.120000,1.210000,0.460000,73.250000,-1.470000,1.780000,287.839996,78.239998,91813.039062,21.68,101.19,67.337502,PM2.5,229
49.110001,53.180000,12.160000,1.250000,0.460000,73.199997,-1.920000,1.540000,287.480011,78.889999,90289.117188,21.69,101.33,67.637497,PM2.5,230
50.810001,54.939999,12.390000,1.160000,0.470000,73.080002,-1.280000,1.290000,285.920013,84.690002,88360.968750,21.69,101.47,69.762505,PM2.5,231
53.490002,57.770000,12.950000,1.100000,0.480000,72.050003,-1.100000,0.690000,285.320007,86.199997,89141.351562,21.7,101.62,73.112503,PM2.5,232
55.799999,60.220001,13.130000,0.820000,0.490000,70.519997,-1.290000,0.890000,284.989990,87.940002,88276.593750,21.7,101.76,76.000000,PM2.5,233
41.720001,45.130001,10.020000,1.550000,0.410000,78.099998,-0.530000,1.280000,287.480011,79.389999,88637.242188,21.77,100.03,58.400002,PM2.5,263
42.619999,46.139999,10.300000,1.770000,0.410000,77.860001,-0.320000,1.700000,287.019989,80.860001,88127.843750,21.78,100.17,59.524998,PM2.5,264
43.939999,47.560001,10.570000,1.920000,0.420000,77.519997,0.240000,2.680000,286.809998,81.000000,87689.710938,21.79,100.32,61.174999,PM2.5,265
45.230000,48.980000,11.180000,2.010000,0.430000,77.220001,1.560000,2.650000,286.070007,82.029999,85553.226562,21.79,100.46,62.787498,PM2.5,266
48.209999,52.250000,12.600000,2.330000,0.450000,76.660004,1.890000,1.920000,285.690002,84.889999,85401.328125,21.8,100.6,66.512497,PM2.5,267
49.290001,53.369999,12.570000,2.160000,0.460000,74.639999,0.900000,1.330000,287.510010,80.239998,90245.359375,21.8,100.75,67.862503,PM2.5,268
48.290001,52.240002,12.110000,1.780000,0.460000,75.180000,0.320000,1.120000,288.760010,75.570000,93649.976562,21.81,100.89,66.612503,PM2.5,269
46.980000,50.880001,11.450000,1.330000,0.450000,74.930000,-0.560000,1.300000,288.559998,75.730003,93220.406250,21.81,101.04,64.974998,PM2.5,270
47.779999,51.740002,11.550000,1.270000,0.450000,73.699997,-1.380000,1.600000,288.130005,76.940002,92423.796875,21.82,101.18,65.974998,PM2.5,271
48.639999,52.669998,11.780000,1.310000,0.460000,73.309998,-1.260000,2.480000,287.670013,78.099998,90491.679688,21.82,101.32,67.050003,PM2.5,272
49.919998,53.990002,11.960000,1.210000,0.460000,73.349998,-0.830000,2.180000,286.170013,83.820000,88355.656250,21.83,101.47,68.649994,PM2.5,273
52.709999,56.900002,12.440000,1.070000,0.470000,72.160004,-0.760000,1.160000,285.119995,87.360001,88136.296875,21.83,101.61,72.137497,PM2.5,274
40.480000,43.740002,9.400000,1.420000,0.390000,78.550003,0.600000,2.070000,286.809998,80.370003,86958.710938,21.91,100.02,56.849998,PM2.5,309
42.209999,45.630001,10.020000,1.830000,0.410000,78.260002,1.350000,2.510000,286.350006,82.080002,86119.960938,21.91,100.17,59.012497,PM2.5,310
44.389999,48.000000,10.700000,2.260000,0.430000,77.230003,1.060000,2.460000,286.309998,81.839996,87400.640625,21.92,100.31,61.737499,PM2.5,311
45.110001,48.840000,11.050000,2.210000,0.430000,76.699997,1.430000,2.770000,286.470001,79.629997,86601.203125,21.93,100.45,62.637501,PM2.5,312
47.740002,51.689999,12.050000,2.170000,0.450000,76.639999,1.610000,2.140000,286.220001,81.459999,86200.617188,21.93,100.6,65.925003,PM2.5,313
49.830002,53.980000,12.910000,2.470000,0.460000,74.510002,0.270000,1.620000,287.730011,78.570000,90818.929688,21.94,100.74,68.537506,PM2.5,314
48.570000,52.599998,12.390000,2.030000,0.460000,73.940002,-0.920000,0.990000,288.630005,75.739998,93627.546875,21.94,100.89,66.962502,PM2.5,315
46.599998,50.470001,11.270000,1.400000,0.440000,74.639999,-1.880000,0.640000,288.190002,77.199997,92329.328125,21.95,101.03,64.500000,PM2.5,316
47.009998,50.840000,11.090000,1.200000,0.440000,74.059998,-1.720000,0.220000,287.420013,80.430000,91941.851562,21.95,101.18,65.012497,PM2.5,317
48.369999,52.290001,11.400000,1.300000,0.450000,72.779999,-1.350000,1.060000,287.470001,80.089996,92109.726562,21.96,101.32,66.712502,PM2.5,318
48.930000,52.889999,11.530000,1.200000,0.450000,73.129997,-1.340000,1.930000,286.420013,82.559998,89610.257812,21.96,101.46,67.412498,PM2.5,319
40.220001,43.500000,9.560000,1.690000,0.390000,78.029999,1.650000,1.930000,286.230011,80.089996,86990.328125,22.04,100.02,56.525002,PM2.5,361
42.060001,45.560001,10.410000,2.120000,0.410000,77.559998,1.610000,2.230000,286.559998,79.129997,87025.343750,22.05,100.16,58.825001,PM2.5,362
43.680000,47.299999,10.710000,2.200000,0.420000,77.540001,1.140000,1.760000,286.309998,80.809998,87224.046875,22.05,100.3,60.849998,PM2.5,363
45.590000,49.349998,11.130000,2.240000,0.430000,76.680000,1.620000,2.090000,285.820007,82.349998,86135.242188,22.06,100.45,63.237499,PM2.5,364
47.389999,51.270000,11.650000,2.000000,0.440000,76.209999,1.780000,2.000000,286.250000,81.089996,86603.343750,22.07,100.59,65.487503,PM2.5,365
49.799999,54.000000,14.000000,2.720000,0.470000,74.620003,0.040000,1.490000,287.829987,77.559998,91322.617188,22.07,100.74,68.500000,PM2.5,366
49.590000,53.700001,13.580000,2.400000,0.470000,73.540001,-1.270000,1.020000,288.070007,78.160004,92888.289062,22.08,100.88,68.237503,PM2.5,367
47.450001,51.299999,11.560000,1.370000,0.440000,74.269997,-1.800000,1.180000,287.380005,80.410004,90629.929688,22.08,101.03,65.562500,PM2.5,368
48.959999,52.810001,11.180000,1.060000,0.450000,72.910004,-1.430000,0.410000,286.049988,85.160004,89784.476562,22.09,101.17,67.449997,PM2.5,369
49.240002,53.130001,11.370000,1.120000,0.450000,72.959999,-1.370000,0.170000,286.040009,85.430000,90585.109375,22.09,101.31,67.800003,PM2.5,370
50.549999,54.549999,11.780000,1.140000,0.460000,72.110001,-1.550000,1.200000,285.709991,85.610001,89855.609375,22.1,101.46,69.437500,PM2.5,371
34.099998,36.889999,7.270000,0.990000,0.360000,76.139999,-0.110000,2.250000,287.899994,76.000000,87890.953125,22.14,99.29,48.714283,PM2.5,415
36.189999,39.090000,7.480000,1.070000,0.360000,76.620003,1.860000,1.350000,286.350006,80.949997,86305.640625,22.15,99.43,51.487499,PM2.5,416
36.330002,39.270000,7.790000,1.270000,0.360000,77.980003,1.830000,0.100000,287.149994,78.410004,88430.429688,22.16,99.58,51.662502,PM2.5,417
37.279999,40.279999,8.100000,1.220000,0.370000,77.830002,1.290000,1.050000,286.929993,78.190002,87873.992188,22.16,99.72,52.849998,PM2.5,418
37.669998,40.689999,8.270000,1.180000,0.370000,78.500000,1.860000,1.680000,286.470001,79.260002,86318.148438,22.17,99.86,53.337498,PM2.5,419
39.740002,43.029999,9.590000,1.810000,0.390000,78.239998,1.930000,0.800000,286.260010,79.330002,87444.500000,22.18,100.01,55.925003,PM2.5,420
40.630001,44.119999,10.380000,2.220000,0.400000,78.790001,1.540000,0.590000,287.010010,77.400002,88274.250000,22.18,100.15,57.037502,PM2.5,421
41.980000,45.560001,10.400000,2.200000,0.410000,78.180000,1.310000,0.870000,286.459991,80.099998,87380.210938,22.19,100.3,58.724998,PM2.5,422
44.439999,48.139999,10.850000,2.250000,0.420000,77.010002,2.290000,2.310000,285.500000,82.959999,85356.906250,22.19,100.44,61.799999,PM2.5,423
46.549999,50.349998,11.370000,1.980000,0.430000,76.040001,2.160000,2.400000,286.160004,81.139999,86150.390625,22.2,100.59,64.437500,PM2.5,424
49.869999,54.060001,14.130000,2.740000,0.470000,74.440002,-0.410000,1.780000,287.429993,79.389999,90586.046875,22.2,100.73,68.587502,PM2.5,425
50.130001,54.220001,13.520000,2.430000,0.470000,73.730003,-1.900000,1.300000,287.049988,82.250000,91535.062500,22.21,100.88,68.912498,PM2.5,426
49.349998,53.259998,11.840000,1.510000,0.450000,73.470001,-1.750000,1.350000,286.239990,84.489998,89880.437500,22.21,101.02,67.937500,PM2.5,427
50.090000,53.959999,11.300000,1.120000,0.450000,72.940002,-1.210000,0.880000,285.540009,86.589996,89326.976562,22.22,101.17,68.862503,PM2.5,428
51.689999,55.660000,11.590000,1.190000,0.460000,71.480003,-1.250000,0.670000,285.119995,88.500000,89101.617188,22.22,101.31,70.862495,PM2.5,429
53.509998,57.639999,12.200000,1.260000,0.470000,70.779999,-1.110000,0.980000,284.809998,88.889999,89265.679688,22.23,101.45,73.137497,PM2.5,430
34.419998,37.259998,7.320000,1.110000,0.360000,75.980003,0.020000,2.810000,287.829987,77.489998,88362.492188,22.28,99.28,49.171425,PM2.5,475
35.980000,38.919998,7.510000,1.210000,0.360000,76.269997,1.080000,2.140000,286.500000,80.610001,86873.000000,22.28,99.42,51.224998,PM2.5,476
36.939999,39.970001,8.000000,1.540000,0.370000,77.059998,1.600000,0.670000,286.589996,79.580002,87436.953125,22.29,99.57,52.424999,PM2.5,477
38.029999,41.139999,8.350000,1.490000,0.380000,77.430000,1.420000,0.710000,286.480011,78.919998,87767.273438,22.3,99.71,53.787498,PM2.5,478
38.340000,41.459999,8.530000,1.460000,0.380000,77.550003,1.230000,1.200000,286.529999,78.980003,87388.507812,22.3,99.86,54.174999,PM2.5,479
38.570000,41.770000,9.030000,1.710000,0.380000,78.309998,1.290000,0.380000,286.470001,79.639999,87026.078125,22.31,100.0,54.462502,PM2.5,480
37.689999,40.840000,8.990000,1.750000,0.380000,78.970001,2.250000,0.040000,285.950012,80.620003,85213.476562,22.32,100.15,53.362499,PM2.5,481
38.900002,42.139999,9.210000,1.760000,0.380000,78.360001,3.720000,1.160000,285.779999,81.089996,84876.953125,22.32,100.29,54.875000,PM2.5,482
40.560001,43.950001,9.760000,1.870000,0.400000,76.739998,3.680000,2.290000,287.000000,76.290001,86660.750000,22.33,100.44,56.950001,PM2.5,483
45.020000,48.740002,11.140000,1.840000,0.430000,75.000000,0.960000,2.440000,288.040009,74.339996,89128.796875,22.33,100.58,62.525002,PM2.5,484
49.139999,53.130001,12.670000,2.160000,0.460000,74.739998,-1.600000,2.230000,287.359985,79.989998,90883.296875,22.34,100.73,67.675003,PM2.5,485
49.450001,53.349998,12.050000,1.990000,0.450000,73.620003,-2.080000,1.440000,286.600006,83.769997,90163.156250,22.34,100.87,68.062500,PM2.5,486
49.880001,53.750000,11.420000,1.560000,0.450000,72.919998,-1.550000,1.170000,285.769989,86.080002,88930.179688,22.35,101.02,68.599998,PM2.5,487
50.889999,54.779999,11.300000,1.290000,0.450000,72.180000,-1.080000,0.790000,285.380005,87.540001,89131.031250,22.35,101.16,69.862503,PM2.5,488
52.930000,56.950001,11.740000,1.240000,0.460000,70.959999,-0.960000,0.690000,284.929993,89.320000,89557.507812,22.36,101.3,72.412498,PM2.5,489
55.070000,59.279999,12.550000,1.420000,0.480000,70.900002,-0.890000,0.840000,284.529999,90.050003,89537.546875,22.36,101.45,75.087502,PM2.5,490
58.160000,62.619999,13.690000,1.820000,0.500000,70.089996,-1.060000,0.660000,284.589996,91.160004,89870.296875,22.37,101.59,78.949997,PM2.5,491
35.680000,38.619999,7.560000,1.410000,0.360000,76.040001,0.670000,2.740000,287.170013,79.690002,87159.039062,22.42,99.42,50.849998,PM2.5,538
37.340000,40.439999,8.140000,1.810000,0.380000,76.080002,1.870000,1.540000,286.220001,81.410004,86068.296875,22.42,99.56,52.924999,PM2.5,539
38.490002,41.669998,8.280000,1.750000,0.380000,76.169998,1.780000,0.700000,286.529999,80.320000,87248.640625,22.43,99.71,54.362503,PM2.5,540
38.970001,42.130001,8.540000,1.650000,0.380000,77.610001,1.110000,0.650000,286.339996,81.309998,87487.382812,22.44,99.85,54.962502,PM2.5,541
38.779999,41.930000,8.680000,1.690000,0.380000,77.589996,1.600000,1.410000,285.790009,83.500000,85790.500000,22.44,100.0,54.724998,PM2.5,542
38.849998,41.970001,8.780000,1.690000,0.380000,77.959999,3.740000,2.030000,284.630005,84.379997,83255.078125,22.45,100.14,54.812500,PM2.5,543
38.430000,41.549999,8.860000,1.650000,0.380000,77.269997,4.730000,2.330000,285.880005,77.410004,83685.726562,22.46,100.29,54.287498,PM2.5,544
41.360001,44.790001,9.730000,1.710000,0.410000,74.300003,1.970000,1.370000,288.320007,71.070000,88432.109375,22.46,100.43,57.950001,PM2.5,545
46.150002,49.869999,10.900000,1.710000,0.430000,74.629997,-1.670000,1.550000,288.760010,73.430000,91896.382812,22.47,100.57,63.937500,PM2.5,546
48.160000,51.970001,11.500000,1.910000,0.440000,74.000000,-2.670000,2.320000,287.109985,81.540001,90222.296875,22.47,100.72,66.449997,PM2.5,547
49.669998,53.509998,11.360000,1.960000,0.450000,72.510002,-1.740000,1.760000,285.609985,87.040001,88176.117188,22.48,100.86,68.337494,PM2.5,548
50.820000,54.709999,11.280000,1.840000,0.450000,72.209999,-0.910000,1.360000,285.059998,88.099998,87883.117188,22.48,101.01,69.775002,PM2.5,549
51.910000,55.860001,11.390000,1.720000,0.460000,71.830002,-0.800000,1.120000,284.829987,89.529999,87695.046875,22.49,101.15,71.137497,PM2.5,550
54.060001,58.150002,11.890000,1.510000,0.470000,70.860001,-0.990000,0.420000,284.649994,91.150002,89008.273438,22.49,101.3,73.825005,PM2.5,551
56.169998,60.459999,12.730000,1.760000,0.480000,70.550003,-1.370000,0.290000,284.500000,91.050003,89779.546875,22.5,101.44,76.462494,PM2.5,552
59.570000,64.110001,13.790000,2.120000,0.500000,69.320000,-1.580000,0.190000,284.260010,92.449997,89461.976562,22.5,101.59,80.712502,PM2.5,553
61.689999,66.419998,14.090000,2.090000,0.520000,68.500000,-1.520000,-0.090000,284.480011,91.389999,90291.546875,22.51,101.73,83.362495,PM2.5,554
64.050003,68.930000,14.350000,1.990000,0.530000,67.930000,-1.850000,0.420000,284.239990,91.930000,89291.656250,22.51,101.88,86.312500,PM2.5,555
67.779999,72.870003,14.640000,1.950000,0.540000,66.160004,-1.670000,0.910000,283.410004,95.550003,88963.453125,22.51,102.02,90.974998,PM2.5,556
66.910004,72.019997,14.520000,1.870000,0.540000,67.370003,-1.550000,1.000000,283.760010,93.360001,90900.773438,22.52,102.17,89.887505,PM2.5,557
74.419998,80.150002,15.810000,2.850000,0.590000,65.550003,-0.280000,1.970000,283.670013,91.180000,90569.453125,22.53,103.04,99.274994,PM2.5,559
35.830002,38.880001,7.650000,1.730000,0.370000,75.820000,0.000000,2.030000,287.450012,79.449997,88192.562500,22.55,99.41,51.037502,PM2.5,608
36.689999,39.799999,7.920000,1.800000,0.370000,76.349998,0.910000,1.660000,286.500000,82.010002,86774.671875,22.56,99.55,52.112499,PM2.5,609
37.779999,40.950001,8.240000,1.930000,0.380000,75.849998,1.930000,0.720000,286.130005,82.900002,85910.257812,22.56,99.7,53.474998,PM2.5,610
39.799999,43.189999,8.890000,2.220000,0.400000,76.330002,2.320000,0.730000,285.820007,83.510002,86003.328125,22.57,99.84,56.000000,PM2.5,611
39.410000,42.650002,8.830000,2.120000,0.390000,76.099998,2.730000,1.680000,285.529999,84.629997,85426.226562,22.58,99.99,55.512501,PM2.5,612
38.889999,42.080002,8.720000,1.970000,0.390000,76.430000,4.080000,2.550000,285.570007,82.360001,84997.171875,22.58,100.13,54.862499,PM2.5,613
38.180000,41.369999,8.530000,1.800000,0.380000,74.680000,4.050000,2.200000,287.450012,73.129997,86495.953125,22.59,100.28,53.974998,PM2.5,614
42.139999,45.580002,9.650000,1.730000,0.410000,74.190002,0.840000,1.290000,288.260010,72.150002,89238.789062,22.59,100.42,58.924999,PM2.5,615
45.560001,49.189999,10.580000,1.760000,0.430000,75.650002,-1.760000,2.010000,287.690002,78.269997,90396.156250,22.6,100.57,63.200001,PM2.5,616
47.610001,51.320000,11.020000,1.880000,0.440000,73.940002,-1.680000,3.310000,286.269989,84.250000,88196.757812,22.61,100.71,65.762497,PM2.5,617
50.029999,53.849998,11.200000,2.010000,0.450000,72.809998,-0.850000,2.650000,284.829987,89.279999,86647.453125,22.61,100.86,68.787498,PM2.5,618
51.650002,55.599998,11.340000,2.190000,0.460000,72.089996,-0.360000,1.470000,284.609985,89.839996,87281.851562,22.62,101.0,70.812500,PM2.5,619
53.279999,57.340000,11.660000,2.250000,0.460000,71.750000,-0.580000,0.940000,284.480011,91.260002,87477.656250,22.62,101.15,72.849998,PM2.5,620
55.270000,59.419998,12.010000,1.870000,0.470000,70.900002,-1.020000,0.390000,284.190002,93.480003,88478.593750,22.63,101.29,75.337502,PM2.5,621
57.380001,61.720001,12.770000,2.010000,0.490000,70.099998,-1.320000,0.240000,283.980011,93.650002,88975.546875,22.63,101.44,77.974998,PM2.5,622
60.299999,64.870003,13.720000,2.320000,0.500000,69.199997,-1.620000,0.400000,283.720001,94.010002,88527.648438,22.64,101.59,81.625000,PM2.5,623
62.509998,67.250000,14.110000,2.360000,0.520000,69.000000,-1.610000,-0.180000,283.640015,94.739998,88975.851562,22.64,101.73,84.387497,PM2.5,624
65.279999,70.209999,14.440000,2.340000,0.530000,68.550003,-1.300000,-0.370000,283.380005,95.760002,89526.070312,22.64,101.88,87.849998,PM2.5,625
64.019997,68.900002,13.920000,1.920000,0.520000,69.489998,-1.150000,0.300000,284.100006,91.839996,91180.820312,22.65,102.02,86.274994,PM2.5,626
62.220001,67.019997,13.510000,1.730000,0.510000,69.730003,-1.460000,0.490000,284.570007,88.760002,91854.820312,22.65,102.17,84.025002,PM2.5,627
61.090000,65.750000,13.070000,1.680000,0.500000,70.400002,-1.300000,0.760000,283.989990,91.470001,90302.921875,22.65,102.31,82.612503,PM2.5,628
64.089996,68.959999,13.350000,1.570000,0.510000,70.260002,0.730000,2.530000,282.459991,91.820000,85722.023438,22.67,102.89,86.362495,PM2.5,629
70.269997,75.730003,15.060000,2.710000,0.560000,67.589996,-1.460000,0.830000,283.549988,93.769997,91845.187500,22.67,103.04,94.087494,PM2.5,630
63.209999,68.239998,12.970000,2.300000,0.520000,69.260002,-0.860000,0.300000,284.279999,90.050003,92338.250000,22.67,103.18,85.262497,PM2.5,631
55.209999,59.380001,11.490000,1.460000,0.450000,73.709999,3.020000,3.030000,280.809998,92.870003,83672.062500,22.68,103.47,75.262497,PM2.5,632
89.800003,97.050003,19.070000,3.300000,0.690000,69.430000,-1.750000,0.810000,286.260010,77.559998,97350.929688,22.68,103.91,118.500000,PM2.5,633
35.009998,38.070000,7.470000,1.950000,0.370000,76.470001,0.190000,0.120000,287.369995,78.870003,87926.296875,22.68,99.4,50.012497,PM2.5,681
35.220001,38.250000,7.520000,1.880000,0.370000,76.559998,0.620000,0.580000,286.690002,81.360001,87010.492188,22.69,99.55,50.275002,PM2.5,682
36.880001,39.970001,7.960000,1.950000,0.380000,76.290001,2.240000,1.130000,285.149994,85.650002,84350.148438,22.7,99.69,52.350002,PM2.5,683
37.950001,41.169998,8.400000,2.170000,0.390000,75.639999,3.510000,1.130000,285.279999,84.400002,84415.773438,22.7,99.84,53.687500,PM2.5,684
38.180000,41.410000,8.110000,2.160000,0.390000,73.510002,3.880000,1.040000,285.269989,84.190002,84841.882812,22.71,99.98,53.974998,PM2.5,685
38.480000,41.619999,8.290000,2.110000,0.390000,74.309998,4.840000,1.700000,285.380005,83.809998,85038.406250,22.72,100.13,54.349998,PM2.5,686
37.930000,41.099998,8.110000,1.930000,0.390000,72.589996,4.570000,1.880000,287.619995,74.110001,87568.390625,22.72,100.27,53.662498,PM2.5,687
40.759998,44.060001,9.030000,1.780000,0.400000,73.250000,2.090000,2.030000,287.950012,73.360001,89104.296875,22.73,100.42,57.199997,PM2.5,688
45.119999,48.669998,10.240000,1.790000,0.420000,74.680000,-0.020000,3.610000,287.040009,80.059998,88931.007812,22.73,100.56,62.649998,PM2.5,689
47.759998,51.480000,10.790000,1.940000,0.440000,72.580002,-0.790000,4.830000,286.350006,83.070000,88151.656250,22.74,100.71,65.949997,PM2.5,690
49.630001,53.430000,11.280000,2.160000,0.450000,72.360001,-1.040000,3.410000,285.109985,87.800003,86756.703125,22.75,100.85,68.287498,PM2.5,691
52.290001,56.279999,11.650000,2.470000,0.460000,70.959999,-0.620000,1.940000,284.059998,92.220001,85867.656250,22.75,101.0,71.612503,PM2.5,692
53.820000,57.880001,11.470000,2.410000,0.460000,69.440002,-0.450000,1.070000,283.980011,94.199997,86462.750000,22.76,101.14,73.525002,PM2.5,693
55.299999,59.389999,11.560000,1.920000,0.470000,70.489998,-0.630000,0.820000,283.880005,95.660004,87384.726562,22.76,101.29,75.375000,PM2.5,694
57.470001,61.740002,12.430000,1.970000,0.480000,69.980003,-0.700000,0.860000,283.329987,96.529999,87549.820312,22.76,101.43,78.087502,PM2.5,695
59.959999,64.459999,13.310000,2.200000,0.500000,69.690002,-1.090000,1.020000,283.059998,96.260002,87824.046875,22.77,101.58,81.199997,PM2.5,696
61.630001,66.279999,13.580000,2.370000,0.510000,69.900002,-1.470000,0.650000,282.959991,96.900002,88140.539062,22.77,101.73,83.287498,PM2.5,697
61.160000,65.790001,13.310000,2.290000,0.500000,70.699997,-1.430000,0.050000,283.500000,94.500000,89633.156250,22.78,101.87,82.699997,PM2.5,698
59.080002,63.619999,12.680000,2.100000,0.490000,70.959999,-1.440000,0.010000,284.239990,91.010002,90688.679688,22.78,102.02,80.100006,PM2.5,699
58.560001,63.020000,12.380000,1.980000,0.490000,69.930000,-1.140000,0.220000,283.859985,91.720001,89773.468750,22.78,102.16,79.450005,PM2.5,700
58.779999,63.200001,12.240000,2.250000,0.480000,70.400002,0.100000,0.560000,283.119995,94.669998,88339.710938,22.79,102.31,79.724998,PM2.5,701
58.000000,62.330002,12.080000,2.030000,0.470000,71.989998,1.500000,1.530000,282.420013,97.489998,87216.882812,22.79,102.45,78.750000,PM2.5,702
56.040001,60.240002,11.610000,1.440000,0.460000,71.430000,2.760000,3.930000,282.829987,96.139999,87515.867188,22.79,102.6,76.300003,PM2.5,703
56.009998,60.430000,12.080000,1.470000,0.480000,71.559998,1.350000,2.140000,285.010010,82.540001,88930.546875,22.8,102.74,76.262497,PM2.5,704
63.189999,68.080002,13.080000,1.930000,0.510000,69.599998,-2.170000,2.360000,283.470001,89.699997,88452.210938,22.8,102.89,85.237495,PM2.5,705
69.320000,74.669998,14.170000,2.990000,0.550000,64.739998,-1.900000,2.150000,281.200012,99.459999,86661.546875,22.8,103.04,92.900002,PM2.5,706
63.570000,68.510002,12.450000,2.510000,0.510000,65.959999,1.160000,2.930000,280.640015,99.550003,85125.523438,22.81,103.18,85.712502,PM2.5,707
66.389999,71.550003,13.950000,2.140000,0.540000,67.680000,1.210000,1.890000,283.320007,84.800003,88066.757812,22.81,103.47,89.237503,PM2.5,708
77.040001,83.110001,15.670000,2.450000,0.600000,67.449997,-2.060000,0.890000,284.790009,81.370003,92754.687500,22.81,103.62,102.550003,PM2.5,709
83.019997,89.550003,17.650000,2.960000,0.640000,69.449997,-2.230000,1.260000,284.059998,86.190002,93370.773438,22.81,103.76,110.024994,PM2.5,710
76.059998,82.120003,16.049999,2.940000,0.600000,70.570000,-0.930000,0.750000,284.250000,84.830002,93211.929688,22.81,103.91,101.324997,PM2.5,711
76.169998,82.250000,15.850000,3.590000,0.600000,69.839996,-0.200000,0.690000,283.100006,87.879997,90705.273438,22.82,104.05,101.462494,PM2.5,712
90.129997,97.110001,16.440001,3.180000,0.660000,64.099998,1.390000,2.840000,280.630005,96.139999,87291.296875,22.82,104.34,118.912498,PM2.5,713
92.800003,99.919998,16.639999,3.160000,0.670000,63.119999,1.340000,3.340000,280.450012,97.949997,87913.953125,22.82,104.49,122.250000,PM2.5,714
34.310001,37.209999,7.230000,1.750000,0.360000,76.879997,3.100000,0.690000,285.420013,84.019997,84001.742188,22.82,99.54,49.014286,PM2.5,763
34.410000,37.279999,7.410000,1.640000,0.360000,77.760002,3.660000,1.950000,285.440002,82.480003,84254.453125,22.83,99.68,49.157143,PM2.5,764
35.740002,38.700001,7.750000,1.850000,0.370000,76.239998,3.500000,2.040000,285.420013,83.040001,84199.000000,22.84,99.83,50.925003,PM2.5,765
36.279999,39.209999,7.800000,1.870000,0.370000,75.500000,4.370000,1.020000,284.739990,84.349998,83244.546875,22.84,99.97,51.599998,PM2.5,766
36.290001,39.320000,7.720000,1.860000,0.380000,73.720001,5.220000,1.690000,286.149994,79.500000,84977.789062,22.85,100.12,51.612503,PM2.5,767
35.980000,38.990002,7.890000,1.660000,0.380000,72.860001,3.640000,1.190000,288.769989,69.980003,88781.523438,22.86,100.27,51.224998,PM2.5,768
40.220001,43.459999,8.630000,1.550000,0.390000,72.370003,1.620000,2.450000,288.209991,72.470001,89585.898438,22.86,100.41,56.525002,PM2.5,769
44.509998,48.009998,10.200000,1.810000,0.420000,73.500000,0.460000,3.570000,287.179993,78.610001,89147.937500,22.87,100.56,61.887497,PM2.5,770
47.660000,51.529999,11.800000,2.530000,0.440000,71.489998,-0.760000,4.690000,287.109985,79.870003,89206.562500,22.87,100.7,65.824997,PM2.5,771
49.259998,53.290001,13.310000,3.250000,0.460000,71.690002,-0.920000,3.890000,285.799988,85.269997,87201.281250,22.88,100.85,67.824997,PM2.5,772
50.689999,54.770000,13.130000,3.180000,0.460000,71.610001,0.510000,3.020000,283.950012,91.250000,84267.703125,22.88,100.99,69.612495,PM2.5,773
52.830002,56.869999,11.980000,2.510000,0.460000,70.080002,1.440000,2.620000,282.989990,95.959999,83617.812500,22.89,101.14,72.287506,PM2.5,774
54.720001,58.770000,11.700000,1.980000,0.460000,69.750000,1.430000,2.710000,282.929993,97.750000,84756.851562,22.89,101.28,74.650002,PM2.5,775
57.029999,61.209999,12.050000,1.880000,0.470000,68.620003,0.880000,2.290000,282.820007,98.169998,86121.328125,22.9,101.43,77.537498,PM2.5,776
58.400002,62.740002,12.440000,1.820000,0.480000,68.970001,-0.100000,1.770000,283.040009,96.300003,87425.296875,22.9,101.58,79.250000,PM2.5,777
59.799999,64.279999,12.710000,2.260000,0.490000,70.699997,-1.300000,1.660000,282.970001,96.470001,88107.031250,22.91,101.72,81.000000,PM2.5,778
60.450001,64.930000,12.580000,2.500000,0.490000,69.709999,-1.560000,1.310000,282.730011,96.959999,87493.968750,22.91,101.87,81.812500,PM2.5,779
59.389999,63.830002,12.100000,2.370000,0.480000,69.809998,-0.990000,0.870000,282.529999,97.010002,87037.226562,22.92,102.01,80.487503,PM2.5,780
57.060001,61.310001,11.340000,2.130000,0.470000,70.070000,-0.140000,0.860000,282.399994,97.309998,86481.929688,22.92,102.16,77.575005,PM2.5,781
55.700001,59.869999,11.310000,2.410000,0.460000,71.849998,2.120000,0.590000,281.869995,98.900002,85318.523438,22.92,102.3,75.875000,PM2.5,782
55.360001,59.500000,11.370000,2.480000,0.460000,71.540001,3.670000,1.240000,282.190002,97.150002,85720.843750,22.93,102.45,75.449997,PM2.5,783
55.430000,59.660000,10.920000,2.120000,0.470000,67.489998,2.850000,3.010000,283.410004,92.750000,87957.773438,22.93,102.6,75.537498,PM2.5,784
55.959999,60.320000,11.070000,1.750000,0.480000,67.760002,0.720000,2.390000,284.109985,89.129997,88964.406250,22.93,102.74,76.199997,PM2.5,785
60.040001,64.650002,11.880000,1.880000,0.490000,68.110001,0.310000,3.610000,282.299988,94.949997,86108.640625,22.93,102.89,81.300003,PM2.5,786
63.619999,68.500000,13.120000,2.650000,0.520000,67.230003,2.110000,3.920000,281.470001,95.889999,84468.328125,22.94,103.03,85.775002,PM2.5,787
63.310001,68.279999,12.400000,2.580000,0.520000,65.129997,2.530000,4.460000,282.440002,92.330002,86326.171875,22.94,103.18,85.387505,PM2.5,788
63.500000,68.519997,13.880000,2.350000,0.520000,68.300003,-0.100000,2.460000,283.739990,86.059998,89018.687500,22.94,103.32,85.625000,PM2.5,789
70.260002,75.860001,15.160000,2.380000,0.560000,69.750000,-2.250000,-0.380000,284.209991,86.040001,92450.773438,22.94,103.47,94.075005,PM2.5,790
72.320000,78.080002,15.300000,2.340000,0.570000,69.660004,-2.080000,0.300000,284.420013,85.309998,93039.226562,22.95,103.62,96.650002,PM2.5,791
74.320000,80.139999,15.450000,2.500000,0.580000,69.250000,-1.140000,0.520000,283.660004,87.790001,92080.781250,22.95,103.76,99.150002,PM2.5,792
61.720001,66.550003,12.540000,2.140000,0.500000,71.650002,-0.180000,-0.110000,282.799988,90.480003,90188.671875,22.95,103.91,83.400002,PM2.5,793
59.410000,64.120003,11.840000,2.970000,0.490000,70.220001,2.220000,-0.030000,281.049988,93.889999,86288.109375,22.95,104.05,80.512497,PM2.5,794
67.510002,72.870003,12.820000,3.290000,0.540000,66.389999,5.130000,2.710000,280.500000,94.110001,85028.953125,22.95,104.2,90.637505,PM2.5,795
78.080002,84.209999,14.270000,3.280000,0.600000,63.900002,4.730000,5.020000,280.720001,93.449997,85847.039062,22.95,104.34,103.850006,PM2.5,796
85.540001,92.169998,15.270000,3.340000,0.630000,62.240002,2.680000,5.200000,280.260010,96.500000,86244.390625,22.95,104.49,113.175003,PM2.5,797
92.360001,99.440002,16.049999,3.710000,0.670000,59.160000,2.460000,3.650000,280.070007,97.230003,86661.703125,22.95,104.64,121.699997,PM2.5,798
100.940002,108.620003,17.580000,3.710000,0.720000,59.259998,1.250000,3.260000,281.769989,91.150002,89656.523438,22.95,104.78,132.425003,PM2.5,799
32.619999,35.400002,6.950000,1.590000,0.350000,76.510002,5.150000,1.790000,285.910004,78.820000,84264.546875,22.97,99.68,46.599998,PM2.5,855
33.830002,36.720001,7.270000,1.750000,0.360000,75.180000,4.130000,2.800000,286.339996,78.570000,85299.078125,22.97,99.82,48.328575,PM2.5,856
34.650002,37.459999,7.530000,1.800000,0.360000,75.540001,4.810000,1.780000,284.929993,81.870003,82796.023438,22.98,99.97,49.500004,PM2.5,857
35.290001,38.250000,7.740000,1.790000,0.370000,72.940002,4.430000,1.350000,287.209991,73.059998,85574.953125,22.98,100.11,50.362503,PM2.5,858
38.840000,41.950001,8.510000,1.520000,0.390000,73.360001,1.130000,-0.040000,288.910004,69.480003,90282.367188,22.99,100.26,54.799999,PM2.5,859
41.529999,44.759998,8.940000,1.530000,0.400000,72.610001,0.010000,1.690000,287.440002,75.870003,89365.953125,23.0,100.4,58.162498,PM2.5,860
45.450001,48.939999,10.160000,1.790000,0.420000,71.750000,0.650000,2.540000,286.339996,81.190002,88507.421875,23.0,100.55,63.062500,PM2.5,861
47.400002,51.240002,11.840000,2.610000,0.440000,70.650002,0.210000,3.320000,286.970001,79.980003,89292.523438,23.01,100.7,65.500000,PM2.5,862
47.770000,51.669998,13.170000,3.250000,0.450000,71.360001,0.090000,3.950000,286.309998,82.940002,87502.789062,23.01,100.84,65.962502,PM2.5,863
48.470001,52.380001,12.840000,3.060000,0.450000,72.070000,2.120000,3.980000,284.510010,88.089996,84262.093750,23.02,100.99,66.837502,PM2.5,864
49.689999,53.590000,12.250000,2.700000,0.450000,72.029999,3.590000,3.910000,283.929993,90.760002,83573.507812,23.02,101.13,68.362495,PM2.5,865
50.259998,54.080002,11.600000,2.120000,0.450000,71.839996,2.750000,4.020000,284.329987,90.000000,84746.296875,23.03,101.28,69.074997,PM2.5,866
54.009998,58.000000,11.760000,1.880000,0.460000,69.209999,1.260000,3.430000,283.640015,94.339996,85772.843750,23.03,101.43,73.762497,PM2.5,867
57.279999,61.540001,12.240000,1.900000,0.480000,68.800003,0.050000,2.990000,283.190002,95.599998,87069.523438,23.04,101.57,77.849998,PM2.5,868
58.759998,63.160000,12.410000,2.320000,0.490000,70.370003,-1.250000,2.680000,283.040009,95.680000,87518.406250,23.04,101.72,79.699997,PM2.5,869
59.500000,63.889999,12.230000,2.570000,0.490000,68.940002,-1.310000,2.280000,282.399994,97.860001,86088.750000,23.05,101.86,80.625000,PM2.5,870
58.630001,62.970001,11.380000,2.360000,0.480000,67.709999,-0.340000,1.580000,281.970001,99.150002,85425.406250,23.05,102.01,79.537498,PM2.5,871
55.090000,59.200001,11.060000,2.090000,0.460000,68.730003,0.760000,1.450000,281.750000,99.790001,84579.031250,23.05,102.15,75.112503,PM2.5,872
53.220001,57.259998,11.130000,2.250000,0.450000,70.529999,3.540000,1.870000,280.850006,99.750000,82710.273438,23.06,102.3,72.775002,PM2.5,873
52.730000,56.610001,11.340000,2.390000,0.450000,70.930000,5.780000,1.870000,281.220001,96.250000,82651.312500,23.06,102.45,72.162498,PM2.5,874
53.900002,58.070000,11.180000,2.530000,0.470000,66.160004,4.700000,2.870000,282.510010,92.849998,85183.546875,23.06,102.59,73.625000,PM2.5,875
55.730000,60.139999,11.020000,2.400000,0.480000,65.139999,2.730000,4.200000,283.450012,91.349998,87508.687500,23.07,102.74,75.912498,PM2.5,876
58.080002,62.689999,11.340000,2.350000,0.490000,65.230003,2.030000,4.790000,283.709991,89.139999,87370.382812,23.07,102.88,78.850006,PM2.5,877
59.570000,64.400002,11.960000,2.710000,0.510000,64.650002,0.970000,2.860000,284.200012,86.660004,88272.578125,23.07,103.03,80.712502,PM2.5,878
58.099998,62.779999,12.440000,2.420000,0.500000,68.610001,-0.840000,1.260000,284.660004,84.669998,90365.679688,23.07,103.18,78.875000,PM2.5,879
56.610001,61.119999,12.230000,1.900000,0.480000,71.750000,-1.360000,0.350000,283.730011,87.970001,90032.000000,23.08,103.32,77.012497,PM2.5,880
61.450001,66.239998,12.940000,2.080000,0.500000,69.839996,-0.630000,0.790000,281.839996,93.949997,87464.226562,23.08,103.47,83.062500,PM2.5,881
68.370003,73.680000,14.410000,2.350000,0.540000,69.419998,-0.020000,1.040000,281.269989,95.949997,87159.460938,23.08,103.61,91.712502,PM2.5,882
66.379997,71.550003,12.510000,2.260000,0.530000,69.220001,-0.220000,0.580000,282.549988,92.379997,89925.140625,23.08,103.76,89.224998,PM2.5,883
50.520000,54.480000,9.190000,1.910000,0.430000,71.699997,0.160000,-0.340000,281.519989,94.769997,87878.210938,23.08,103.91,69.400002,PM2.5,884
48.330002,52.220001,8.960000,2.100000,0.420000,70.169998,4.800000,0.660000,279.869995,94.230003,83418.679688,23.08,104.05,66.662506,PM2.5,885
52.139999,56.369999,9.720000,2.390000,0.440000,68.199997,9.010000,2.910000,280.959991,86.820000,83587.546875,23.09,104.2,71.425003,PM2.5,886
62.380001,67.400002,11.530000,2.920000,0.510000,64.089996,6.420000,4.930000,282.700012,81.529999,86495.812500,23.09,104.34,84.224998,PM2.5,887
74.750000,80.699997,13.670000,3.140000,0.580000,63.160000,2.200000,5.740000,282.390015,86.389999,87936.218750,23.09,104.49,99.687500,PM2.5,888
85.769997,92.459999,14.990000,3.690000,0.640000,59.310001,2.120000,5.060000,280.269989,95.029999,85753.757812,23.09,104.64,113.462494,PM2.5,889
96.099998,103.410004,16.030001,3.640000,0.690000,57.669998,2.760000,4.670000,280.119995,96.250000,86432.203125,23.09,104.78,126.375000,PM2.5,890
31.840000,34.509998,7.010000,1.750000,0.340000,78.000000,4.830000,2.150000,284.739990,83.860001,82644.539062,23.09,99.52,45.485714,PM2.5,954
31.459999,34.099998,7.060000,1.810000,0.350000,77.230003,5.500000,1.390000,286.049988,76.779999,83756.187500,23.1,99.67,44.942856,PM2.5,955
32.720001,35.590000,7.560000,2.070000,0.360000,74.970001,4.170000,1.590000,287.260010,73.190002,86230.210938,23.11,99.82,46.742859,PM2.5,956
33.779999,36.660000,7.920000,2.140000,0.370000,75.099998,4.010000,1.640000,286.619995,75.059998,85310.523438,23.11,99.96,48.257141,PM2.5,957
34.950001,37.860001,7.910000,1.790000,0.370000,74.400002,3.210000,0.420000,287.220001,72.779999,86588.929688,23.12,100.11,49.928574,PM2.5,958
39.130001,42.220001,8.640000,1.660000,0.390000,75.000000,1.250000,-0.180000,287.339996,74.029999,88538.078125,23.13,100.25,55.162502,PM2.5,959
42.180000,45.400002,9.070000,1.690000,0.400000,72.940002,0.900000,1.410000,286.290009,78.910004,87814.992188,23.13,100.4,58.974998,PM2.5,960
44.830002,48.220001,9.780000,1.700000,0.410000,71.720001,1.100000,2.300000,286.019989,81.389999,88039.117188,23.14,100.54,62.287502,PM2.5,961
45.959999,49.520000,10.770000,2.060000,0.420000,71.410004,1.290000,2.490000,286.429993,81.639999,88667.476562,23.14,100.69,63.699997,PM2.5,962
46.430000,50.110001,11.430000,2.530000,0.430000,69.379997,1.560000,3.020000,286.700012,81.199997,88414.476562,23.15,100.84,64.287498,PM2.5,963
46.820000,50.520000,11.920000,2.740000,0.440000,71.150002,2.790000,3.550000,285.589996,83.809998,86095.421875,23.15,100.98,64.775002,PM2.5,964
47.779999,51.540001,12.150000,2.860000,0.450000,71.589996,4.010000,3.370000,285.209991,84.889999,85430.882812,23.16,101.13,65.974998,PM2.5,965
47.290001,50.950001,11.340000,2.200000,0.440000,72.089996,2.980000,3.280000,285.600006,82.900002,86348.359375,23.16,101.27,65.362503,PM2.5,966
50.419998,54.189999,11.230000,1.860000,0.450000,69.839996,1.220000,3.200000,284.640015,89.059998,86120.523438,23.17,101.42,69.274994,PM2.5,967
56.110001,60.330002,11.310000,1.990000,0.480000,65.239998,-0.050000,3.760000,283.869995,93.139999,87367.382812,23.17,101.57,76.387497,PM2.5,968
56.980000,61.270000,11.980000,2.330000,0.480000,69.589996,-1.260000,3.530000,283.790009,92.269997,87696.679688,23.18,101.71,77.474998,PM2.5,969
57.450001,61.680000,11.220000,2.630000,0.480000,66.500000,-0.990000,2.780000,282.619995,97.180000,85478.117188,23.18,101.86,78.062500,PM2.5,970
54.779999,58.820000,10.800000,2.300000,0.460000,68.080002,1.420000,1.900000,281.519989,99.970001,83181.781250,23.18,102.0,74.724998,PM2.5,971
52.500000,56.389999,10.540000,1.980000,0.440000,69.419998,3.980000,3.400000,281.000000,100.000000,82478.132812,23.19,102.15,71.875000,PM2.5,972
50.090000,53.580002,10.600000,1.950000,0.430000,72.059998,5.870000,4.940000,281.820007,95.099998,83031.171875,23.19,102.3,68.862503,PM2.5,973
49.840000,53.610001,10.850000,2.220000,0.440000,70.639999,6.930000,4.160000,283.209991,84.160004,83407.390625,23.19,102.44,68.550003,PM2.5,974
48.770000,52.410000,11.200000,2.500000,0.450000,69.080002,4.220000,2.580000,284.299988,80.000000,84891.726562,23.2,102.59,67.212502,PM2.5,975
51.790001,55.970001,11.130000,2.850000,0.480000,66.680000,0.410000,3.150000,285.100006,82.480003,88707.296875,23.2,102.73,70.987503,PM2.5,976
52.090000,56.500000,10.560000,2.770000,0.470000,65.930000,-0.810000,2.570000,285.940002,80.260002,90649.492188,23.2,102.88,71.362503,PM2.5,977
50.779999,54.950001,10.780000,2.490000,0.450000,71.250000,-0.140000,1.040000,283.299988,89.870003,87244.679688,23.21,103.03,69.724998,PM2.5,978
53.220001,57.470001,10.780000,2.700000,0.460000,68.620003,1.280000,1.300000,281.100006,96.739998,84179.796875,23.21,103.17,72.775002,PM2.5,979
54.860001,59.119999,10.640000,2.050000,0.460000,67.029999,2.260000,3.200000,280.440002,98.459999,84128.453125,23.21,103.32,74.824997,PM2.5,980
58.790001,63.320000,11.730000,2.100000,0.480000,67.169998,2.710000,3.630000,279.920013,98.250000,83463.750000,23.21,103.47,79.737503,PM2.5,981
62.860001,67.730003,12.160000,2.280000,0.500000,64.860001,1.910000,2.170000,279.920013,98.279999,84088.468750,23.21,103.61,84.824997,PM2.5,982
59.169998,63.770000,10.670000,2.180000,0.480000,68.230003,0.860000,0.770000,280.660004,97.199997,85775.507812,23.22,103.76,80.212494,PM2.5,983
49.540001,53.400002,8.660000,1.850000,0.420000,69.180000,2.030000,0.480000,279.649994,99.550003,83987.953125,23.22,103.9,68.175003,PM2.5,984
47.049999,50.820000,8.370000,1.920000,0.410000,67.910004,7.010000,3.810000,279.399994,95.220001,82335.062500,23.22,104.05,65.062500,PM2.5,985
47.009998,50.810001,8.700000,2.110000,0.420000,67.830002,10.230000,4.390000,281.980011,78.839996,83525.773438,23.22,104.2,65.012497,PM2.5,986
52.639999,57.020000,10.180000,2.650000,0.460000,65.160004,6.490000,3.860000,283.339996,74.190002,85553.039062,23.22,104.34,72.050003,PM2.5,987
67.580002,73.080002,12.430000,3.310000,0.550000,61.590000,2.450000,5.440000,282.630005,83.430000,87339.421875,23.22,104.49,90.725006,PM2.5,988
77.389999,83.559998,13.780000,3.520000,0.600000,60.389999,3.060000,6.370000,281.540009,88.559998,86324.820312,23.22,104.63,102.987503,PM2.5,989
90.120003,97.029999,14.860000,3.510000,0.660000,57.790001,2.650000,5.980000,281.209991,90.830002,86597.023438,23.22,104.78,118.900002,PM2.5,990
104.739998,112.580002,17.480000,3.380000,0.740000,59.500000,-0.540000,4.440000,281.570007,93.000000,90464.421875,23.22,104.93,137.175003,PM2.5,991
109.059998,117.180000,18.059999,3.380000,0.750000,58.779999,3.980000,3.790000,280.269989,97.389999,89851.453125,23.22,105.51,142.574997,PM2.5,992
31.750000,34.540001,6.980000,1.230000,0.350000,76.320000,-0.660000,1.870000,288.510010,73.330002,90343.812500,23.2,98.93,45.357143,PM2.5,1060
31.020000,33.779999,6.810000,1.430000,0.350000,77.139999,-0.210000,2.180000,287.850006,74.589996,88145.117188,23.21,99.08,44.314285,PM2.5,1061
31.709999,34.480000,7.120000,1.790000,0.350000,77.419998,2.040000,2.000000,285.239990,82.290001,83931.226562,23.21,99.22,45.299999,PM2.5,1062
31.110001,33.770000,7.080000,1.730000,0.340000,78.589996,4.490000,2.630000,284.970001,82.180000,83222.273438,23.22,99.37,44.442860,PM2.5,1063
30.900000,33.619999,6.890000,1.820000,0.340000,76.129997,5.320000,2.630000,286.589996,75.089996,84799.117188,23.23,99.52,44.142857,PM2.5,1064
31.330000,34.049999,7.080000,1.950000,0.350000,75.750000,4.290000,1.030000,286.920013,72.739998,85683.851562,23.23,99.66,44.757141,PM2.5,1065
33.299999,36.200001,7.920000,2.360000,0.360000,74.599998,3.580000,0.250000,286.049988,75.480003,85389.312500,23.24,99.81,47.571426,PM2.5,1066
34.500000,37.529999,8.300000,2.450000,0.370000,73.989998,3.560000,-0.080000,286.929993,72.339996,86536.476562,23.25,99.95,49.285713,PM2.5,1067
35.570000,38.540001,7.880000,1.710000,0.370000,73.669998,2.820000,-0.060000,287.700012,69.540001,87989.976562,23.25,100.1,50.712502,PM2.5,1068
37.799999,40.779999,8.350000,1.670000,0.380000,74.910004,2.760000,0.710000,286.570007,72.989998,86542.890625,23.26,100.25,53.500000,PM2.5,1069
40.529999,43.630001,8.790000,1.700000,0.390000,72.889999,2.610000,1.650000,286.380005,75.739998,86996.953125,23.27,100.39,56.912498,PM2.5,1070
44.029999,47.380001,9.840000,1.890000,0.410000,71.489998,1.500000,1.730000,286.440002,78.480003,88498.968750,23.27,100.54,61.287498,PM2.5,1071
44.970001,48.439999,10.400000,2.040000,0.420000,71.309998,1.290000,2.290000,286.140015,81.290001,87793.437500,23.28,100.68,62.462502,PM2.5,1072
43.799999,47.200001,10.180000,1.980000,0.410000,70.980003,1.570000,1.920000,286.470001,82.010002,88215.867188,23.28,100.83,61.000000,PM2.5,1073
44.570000,48.049999,10.690000,2.290000,0.420000,70.510002,2.510000,2.190000,285.829987,84.070000,87061.132812,23.29,100.98,61.962502,PM2.5,1074
45.950001,49.639999,11.250000,2.580000,0.430000,70.690002,3.720000,2.310000,284.820007,87.029999,85509.531250,23.29,101.12,63.687500,PM2.5,1075
46.209999,49.860001,10.900000,2.250000,0.430000,70.919998,3.200000,2.730000,285.209991,84.620003,86476.367188,23.3,101.27,64.012497,PM2.5,1076
48.430000,52.189999,10.870000,1.970000,0.440000,69.870003,1.130000,2.780000,285.130005,86.320000,86574.773438,23.3,101.42,66.787498,PM2.5,1077
55.270000,59.830002,11.950000,2.660000,0.480000,65.309998,-0.510000,3.360000,284.130005,92.120003,87401.953125,23.31,101.56,75.337502,PM2.5,1078
55.900002,60.560001,11.270000,2.740000,0.480000,65.000000,-1.430000,3.790000,284.130005,92.110001,87879.187500,23.31,101.71,76.125000,PM2.5,1079
53.349998,57.730000,10.650000,2.770000,0.450000,66.080002,0.340000,3.770000,282.230011,98.570000,84153.421875,23.31,101.85,72.937500,PM2.5,1080
49.630001,53.790001,10.090000,2.340000,0.430000,68.699997,5.540000,4.500000,281.549988,94.839996,81527.648438,23.32,102.0,68.287498,PM2.5,1081
48.119999,52.419998,10.030000,2.230000,0.430000,68.580002,8.380000,5.570000,284.049988,80.970001,83760.507812,23.32,102.15,66.400002,PM2.5,1082
46.110001,50.560001,10.190000,2.350000,0.430000,68.360001,7.080000,4.950000,285.760010,74.860001,86305.390625,23.33,102.29,63.887501,PM2.5,1083
45.290001,50.080002,10.160000,2.610000,0.440000,67.010002,3.760000,3.650000,286.279999,72.589996,87539.546875,23.33,102.44,62.862503,PM2.5,1084
45.990002,51.049999,10.370000,2.600000,0.440000,68.800003,-0.270000,1.980000,285.190002,77.989998,87291.437500,23.33,102.59,63.737503,PM2.5,1085
46.049999,50.820000,9.940000,2.420000,0.430000,71.019997,-2.340000,2.100000,283.260010,89.550003,86102.296875,23.33,102.73,63.812500,PM2.5,1086
45.660000,50.290001,9.350000,2.440000,0.420000,70.370003,-1.730000,2.030000,281.940002,95.410004,84989.203125,23.34,102.88,63.325001,PM2.5,1087
46.340000,51.250000,10.780000,3.150000,0.420000,70.050003,2.090000,3.110000,279.790009,99.830002,81630.289062,23.34,103.02,64.175003,PM2.5,1088
49.599998,54.990002,11.960000,3.710000,0.440000,67.930000,6.760000,5.900000,280.239990,91.800003,80658.281250,23.34,103.17,68.250000,PM2.5,1089
52.299999,57.799999,12.760000,3.770000,0.460000,65.279999,5.900000,7.280000,281.720001,87.879997,83426.390625,23.34,103.32,71.625000,PM2.5,1090
57.299999,63.130001,14.640000,4.160000,0.490000,64.580002,2.780000,5.310000,280.910004,93.250000,83755.609375,23.35,103.46,77.875000,PM2.5,1091
58.330002,63.650002,11.920000,2.690000,0.480000,64.110001,2.290000,3.380000,279.750000,97.120003,82800.000000,23.35,103.61,79.162506,PM2.5,1092
54.560001,59.330002,10.100000,2.210000,0.450000,65.330002,2.910000,3.060000,278.820007,99.889999,81521.468750,23.35,103.76,74.450005,PM2.5,1093
48.700001,52.709999,9.220000,1.870000,0.420000,69.139999,6.040000,4.020000,279.200012,93.059998,80495.156250,23.35,103.9,67.125000,PM2.5,1094
46.779999,50.880001,9.500000,2.200000,0.420000,68.410004,9.940000,6.740000,281.970001,77.599998,82841.382812,23.35,104.05,64.724998,PM2.5,1095
45.430000,49.520000,9.760000,2.520000,0.420000,67.470001,9.240000,4.920000,284.000000,68.629997,84967.843750,23.35,104.2,63.037498,PM2.5,1096
48.380001,52.740002,10.100000,3.020000,0.440000,64.160004,5.040000,3.300000,283.320007,72.949997,85192.843750,23.36,104.34,66.724998,PM2.5,1097
61.750000,67.099998,11.700000,3.460000,0.520000,60.790001,2.820000,5.180000,282.420013,81.599998,86093.273438,23.36,104.49,83.437500,PM2.5,1098
71.300003,77.080002,12.720000,3.560000,0.570000,59.540001,2.990000,5.570000,282.420013,83.660004,86780.867188,23.36,104.63,95.375000,PM2.5,1099
88.309998,95.129997,14.350000,3.500000,0.660000,57.200001,0.480000,4.700000,282.359985,86.610001,88041.906250,23.36,104.78,116.637497,PM2.5,1100
103.459999,111.180000,16.780001,3.410000,0.730000,58.880001,-1.750000,4.450000,280.929993,96.040001,89434.132812,23.36,104.93,135.574997,PM2.5,1101
103.070000,110.830002,17.639999,3.890000,0.730000,59.160000,0.090000,5.490000,279.489990,99.970001,87559.437500,23.36,105.07,135.087494,PM2.5,1102
103.879997,111.669998,17.490000,3.790000,0.730000,57.650002,3.040000,6.270000,278.739990,100.000000,85819.710938,23.36,105.22,136.099991,PM2.5,1103
105.379997,113.260002,17.440001,3.730000,0.740000,57.080002,4.620000,5.740000,278.880005,99.980003,86278.476562,23.36,105.37,137.974991,PM2.5,1104
106.470001,114.370003,17.230000,3.390000,0.740000,57.259998,5.210000,6.530000,279.329987,99.330002,87394.703125,23.36,105.51,139.337494,PM2.5,1105
107.300003,115.080002,17.420000,3.090000,0.740000,59.380001,5.470000,7.730000,279.820007,97.919998,88971.757812,23.36,105.66,140.375000,PM2.5,1106
31.670000,34.430000,6.860000,1.300000,0.350000,75.639999,0.190000,3.230000,287.869995,74.800003,88563.476562,23.33,98.92,45.242859,PM2.5,1178
30.770000,33.490002,6.680000,1.390000,0.340000,76.570000,1.110000,3.850000,287.600006,75.199997,87233.781250,23.34,99.07,43.957142,PM2.5,1179
31.559999,34.310001,6.910000,1.680000,0.350000,76.690002,3.640000,3.400000,285.190002,81.349998,83332.703125,23.35,99.22,45.085712,PM2.5,1180
31.250000,33.950001,7.030000,1.830000,0.350000,76.589996,5.330000,2.820000,286.019989,76.190002,83735.796875,23.35,99.36,44.642857,PM2.5,1181
31.760000,34.570000,7.040000,2.090000,0.350000,74.279999,3.670000,0.890000,287.480011,70.070000,86547.492188,23.36,99.51,45.371429,PM2.5,1182
33.340000,36.250000,7.310000,2.360000,0.360000,74.070000,1.890000,-0.030000,287.109985,71.129997,87042.007812,23.37,99.65,47.628571,PM2.5,1183
34.410000,37.380001,7.790000,2.670000,0.370000,73.800003,2.770000,0.300000,285.589996,75.550003,85191.343750,23.37,99.8,49.157143,PM2.5,1184
35.490002,38.590000,7.950000,2.780000,0.380000,73.720001,4.280000,-0.570000,285.399994,75.000000,84106.343750,23.38,99.95,50.612503,PM2.5,1185
34.770000,37.630001,7.590000,1.880000,0.370000,74.040001,4.110000,0.360000,286.839996,70.629997,85830.367188,23.39,100.09,49.671429,PM2.5,1186
36.689999,39.590000,8.030000,1.730000,0.380000,73.949997,3.550000,1.790000,287.130005,69.580002,86733.906250,23.39,100.24,52.112499,PM2.5,1187
40.590000,43.750000,8.660000,1.750000,0.400000,71.360001,2.680000,2.090000,286.809998,72.300003,87675.976562,23.4,100.39,56.987499,PM2.5,1188
44.150002,47.630001,10.600000,2.350000,0.420000,70.830002,1.830000,1.530000,286.429993,77.680000,88406.226562,23.41,100.53,61.437500,PM2.5,1189
44.220001,47.730000,10.810000,2.500000,0.420000,71.230003,1.460000,2.100000,286.239990,78.970001,87673.757812,23.41,100.68,61.525002,PM2.5,1190
41.880001,45.110001,9.460000,1.890000,0.400000,72.209999,1.290000,1.940000,285.369995,83.820000,86414.218750,23.42,100.82,58.600002,PM2.5,1191
41.700001,45.080002,9.420000,1.810000,0.400000,72.300003,3.030000,1.980000,284.339996,87.760002,84849.343750,23.42,100.97,58.375000,PM2.5,1192
42.349998,45.840000,9.760000,1.900000,0.410000,72.220001,4.550000,2.540000,284.570007,86.570000,84766.593750,23.43,101.12,59.187500,PM2.5,1193
43.889999,47.599998,10.090000,2.130000,0.430000,71.010002,3.700000,3.000000,285.510010,83.180000,86637.429688,23.43,101.26,61.112499,PM2.5,1194
47.959999,52.290001,10.570000,2.370000,0.480000,68.300003,1.360000,3.430000,285.480011,84.269997,87385.820312,23.44,101.41,66.199997,PM2.5,1195
53.880001,59.590000,12.200000,3.520000,0.560000,65.639999,-0.300000,3.620000,284.329987,89.910004,86790.953125,23.44,101.56,73.599998,PM2.5,1196
55.669998,61.450001,12.100000,3.790000,0.570000,65.180000,0.300000,3.620000,282.760010,97.900002,85431.546875,23.44,101.7,75.837494,PM2.5,1197
50.980000,56.130001,10.800000,3.160000,0.540000,67.379997,3.820000,5.950000,282.299988,96.650002,83531.343750,23.45,101.85,69.974998,PM2.5,1198
45.840000,50.619999,10.370000,2.840000,0.530000,70.019997,6.500000,5.230000,285.279999,78.500000,85176.453125,23.45,102.0,63.549999,PM2.5,1199
43.439999,49.419998,10.270000,3.260000,0.590000,67.699997,4.040000,2.640000,287.989990,66.470001,88790.507812,23.46,102.14,60.549999,PM2.5,1200
45.270000,53.009998,10.680000,3.610000,0.700000,68.410004,0.900000,1.640000,286.529999,71.889999,88158.617188,23.46,102.29,62.837502,PM2.5,1201
45.599998,53.799999,10.420000,3.520000,0.710000,68.489998,0.250000,1.810000,284.470001,80.000000,85873.687500,23.46,102.44,63.250000,PM2.5,1202
45.459999,53.619999,10.090000,3.020000,0.700000,69.279999,0.210000,3.090000,283.230011,86.440002,84775.343750,23.47,102.58,63.074997,PM2.5,1203
45.439999,53.119999,9.940000,2.950000,0.670000,69.500000,0.640000,5.110000,281.940002,91.250000,83209.093750,23.47,102.73,63.049999,PM2.5,1204
44.660000,51.919998,9.550000,2.970000,0.630000,69.019997,2.230000,6.330000,280.440002,95.360001,81124.960938,23.47,102.88,62.075001,PM2.5,1205
43.980000,50.869999,10.740000,3.560000,0.610000,70.540001,6.090000,6.870000,280.769989,89.989998,80761.070312,23.47,103.02,61.224998,PM2.5,1206
44.700001,52.570000,12.220000,4.460000,0.630000,68.209999,7.640000,7.430000,284.470001,70.989998,84272.398438,23.48,103.17,62.125000,PM2.5,1207
49.570000,58.330002,14.570000,5.560000,0.660000,63.369999,3.250000,6.690000,284.579987,73.400002,85905.507812,23.48,103.31,68.212502,PM2.5,1208
55.490002,64.110001,16.610001,5.800000,0.650000,64.389999,1.530000,5.190000,280.570007,91.680000,82505.078125,23.48,103.46,75.612503,PM2.5,1209
54.849998,61.700001,13.120000,3.690000,0.560000,64.739998,4.890000,5.060000,278.980011,95.970001,80546.671875,23.48,103.61,74.812500,PM2.5,1210
53.639999,59.700001,11.480000,2.880000,0.520000,65.339996,7.860000,7.460000,279.170013,96.290001,80974.617188,23.48,103.75,73.300003,PM2.5,1211
49.939999,55.250000,10.510000,2.420000,0.480000,67.480003,9.840000,8.030000,282.079987,78.570000,82753.117188,23.49,103.9,68.674995,PM2.5,1212
46.970001,52.000000,10.530000,2.640000,0.470000,66.870003,8.860000,5.860000,284.739990,65.769997,85084.843750,23.49,104.05,64.962502,PM2.5,1213
46.340000,51.250000,10.920000,3.330000,0.460000,64.540001,5.440000,2.660000,284.029999,68.879997,85164.742188,23.49,104.19,64.175003,PM2.5,1214
49.509998,54.669998,11.910000,4.010000,0.480000,64.410004,3.280000,2.770000,282.959991,74.629997,84869.429688,23.49,104.34,68.137497,PM2.5,1215
59.080002,64.599998,11.740000,3.780000,0.520000,60.189999,2.530000,4.340000,282.309998,80.349998,85709.531250,23.49,104.49,80.100006,PM2.5,1216
68.300003,73.879997,11.970000,3.620000,0.560000,58.049999,1.830000,4.380000,282.429993,82.639999,86521.609375,23.49,104.63,91.625000,PM2.5,1217
84.050003,90.570000,13.390000,3.420000,0.640000,56.919998,-0.080000,4.220000,281.809998,88.970001,87274.820312,23.49,104.78,111.312500,PM2.5,1218
98.970001,106.349998,15.440000,3.270000,0.700000,57.480000,-0.120000,5.340000,280.109985,98.040001,87557.296875,23.49,104.93,129.962494,PM2.5,1219
98.940002,106.379997,16.280001,3.670000,0.710000,57.990002,2.190000,6.320000,279.790009,98.809998,87380.679688,23.49,105.07,129.925003,PM2.5,1220
98.370003,105.730003,16.209999,3.550000,0.700000,57.990002,3.710000,6.570000,279.809998,96.820000,86668.187500,23.49,105.22,129.212509,PM2.5,1221
99.559998,106.910004,16.250000,3.440000,0.710000,57.680000,5.720000,6.510000,279.130005,98.620003,85813.000000,23.49,105.37,130.699997,PM2.5,1222
100.849998,108.070000,16.459999,3.130000,0.710000,59.020000,7.680000,8.670000,279.859985,95.650002,86852.218750,23.49,105.51,132.312500,PM2.5,1223
101.029999,106.559998,17.379999,2.820000,0.710000,63.520000,7.360000,9.930000,281.269989,89.360001,89152.242188,23.49,105.66,132.537506,PM2.5,1224
31.080000,33.820000,6.760000,1.400000,0.350000,75.070000,1.180000,2.930000,288.440002,71.519997,89766.140625,23.47,98.92,44.400002,PM2.5,1300
30.250000,32.990002,6.810000,1.470000,0.350000,75.589996,1.790000,3.100000,289.040009,69.000000,90007.851562,23.47,99.06,43.214287,PM2.5,1301
30.809999,33.590000,7.050000,1.720000,0.350000,75.570000,3.190000,2.920000,287.730011,71.669998,87197.523438,23.48,99.21,44.014286,PM2.5,1302
31.389999,34.180000,7.330000,1.990000,0.350000,75.599998,4.120000,1.610000,286.920013,72.690002,85739.148438,23.49,99.35,44.842857,PM2.5,1303
33.080002,36.000000,7.580000,2.270000,0.360000,75.000000,3.060000,-0.010000,286.440002,73.150002,85721.343750,23.5,99.5,47.257145,PM2.5,1304
33.130001,35.950001,7.390000,2.170000,0.360000,76.129997,2.990000,-0.580000,285.760010,74.809998,84334.460938,23.5,99.65,47.328571,PM2.5,1305
34.099998,37.119999,7.720000,2.540000,0.370000,73.540001,4.040000,-0.150000,285.660004,74.230003,84255.617188,23.51,99.79,48.714283,PM2.5,1306
35.060001,38.139999,7.910000,2.560000,0.380000,73.370003,5.150000,0.320000,284.769989,75.480003,83022.656250,23.52,99.94,50.075001,PM2.5,1307
34.639999,37.410000,7.720000,2.200000,0.370000,73.930000,5.210000,0.510000,285.500000,72.250000,83281.609375,23.52,100.09,49.485714,PM2.5,1308
36.810001,39.810001,7.980000,1.870000,0.380000,71.389999,3.340000,1.360000,287.660004,66.260002,87108.882812,23.53,100.23,52.262501,PM2.5,1309
40.139999,43.299999,8.760000,1.720000,0.400000,71.800003,1.590000,1.910000,287.260010,70.860001,88499.140625,23.53,100.38,56.424999,PM2.5,1310
44.200001,47.720001,10.580000,2.420000,0.420000,70.489998,1.600000,1.900000,286.040009,78.050003,87593.687500,23.54,100.53,61.500000,PM2.5,1311
42.689999,46.130001,10.420000,2.420000,0.410000,71.459999,1.850000,1.920000,286.329987,77.760002,87676.273438,23.55,100.67,59.612499,PM2.5,1312
39.500000,42.570000,8.930000,1.630000,0.380000,73.519997,2.130000,2.860000,285.149994,81.910004,85516.710938,23.55,100.82,55.625000,PM2.5,1313
39.419998,42.630001,8.840000,1.580000,0.390000,73.389999,4.090000,2.470000,283.760010,84.260002,82910.523438,23.56,100.97,55.524998,PM2.5,1314
39.180000,42.459999,8.950000,1.630000,0.400000,73.349998,4.500000,2.280000,285.049988,79.870003,84230.093750,23.56,101.11,55.224998,PM2.5,1315
40.790001,44.400002,9.260000,1.880000,0.420000,71.230003,2.440000,2.590000,286.299988,77.739998,86830.039062,23.57,101.26,57.237503,PM2.5,1316
44.529999,48.849998,9.930000,2.170000,0.460000,70.239998,0.600000,3.580000,286.480011,79.839996,88329.101562,23.57,101.41,61.912498,PM2.5,1317
49.599998,55.380001,10.860000,3.400000,0.540000,66.750000,0.750000,4.570000,284.559998,88.169998,86229.617188,23.57,101.55,68.250000,PM2.5,1318
51.400002,57.509998,11.280000,3.790000,0.570000,66.709999,4.430000,4.730000,282.070007,96.029999,82660.898438,23.58,101.7,70.500000,PM2.5,1319
47.029999,52.570000,10.920000,3.540000,0.570000,68.930000,6.080000,5.830000,285.200012,82.089996,85837.546875,23.58,101.85,65.037498,PM2.5,1320
43.910000,51.799999,10.920000,4.710000,0.660000,66.820000,1.980000,1.810000,288.750000,66.919998,90709.023438,23.59,101.99,61.137501,PM2.5,1321
42.410000,50.759998,10.520000,4.620000,0.680000,70.599998,-0.350000,0.070000,287.329987,70.370003,88867.656250,23.59,102.14,59.262501,PM2.5,1322
44.139999,53.810001,10.790000,4.570000,0.760000,69.800003,0.950000,1.470000,284.839996,78.620003,85847.343750,23.59,102.29,61.424999,PM2.5,1323
44.689999,54.730000,10.510000,4.290000,0.790000,69.120003,2.500000,3.240000,283.380005,83.529999,84031.117188,23.6,102.43,62.112499,PM2.5,1324
44.650002,54.759998,10.040000,3.740000,0.790000,68.510002,4.180000,4.790000,282.549988,86.070000,82976.750000,23.6,102.58,62.062500,PM2.5,1325
43.189999,52.950001,9.850000,3.550000,0.760000,68.300003,5.100000,6.870000,283.420013,83.410004,84104.929688,23.6,102.73,60.237499,PM2.5,1326
41.610001,51.080002,9.770000,3.640000,0.740000,68.120003,5.630000,8.210000,284.119995,78.190002,84532.570312,23.61,102.87,58.262501,PM2.5,1327
40.500000,49.759998,10.820000,4.530000,0.710000,67.910004,6.890000,6.890000,284.660004,72.180000,84149.250000,23.61,103.02,56.875000,PM2.5,1328
42.310001,52.750000,13.310000,6.480000,0.740000,64.089996,4.770000,4.110000,285.970001,66.169998,86103.859375,23.61,103.17,59.137501,PM2.5,1329
47.520000,58.630001,15.240000,6.930000,0.760000,62.220001,0.980000,5.800000,284.500000,73.110001,85669.039062,23.61,103.31,65.650002,PM2.5,1330
52.180000,62.459999,16.530001,6.400000,0.700000,63.849998,3.580000,7.130000,280.970001,86.150002,81385.218750,23.62,103.46,71.474998,PM2.5,1331
50.430000,58.470001,13.480000,4.410000,0.590000,64.820000,8.610000,6.840000,281.019989,82.629997,80514.882812,23.62,103.61,69.287498,PM2.5,1332
48.930000,55.990002,12.240000,3.880000,0.540000,64.699997,9.390000,6.610000,283.190002,75.250000,83528.039062,23.62,103.75,67.412498,PM2.5,1333
47.180000,53.860001,11.650000,3.830000,0.520000,63.410000,7.680000,5.100000,284.940002,68.430000,85906.867188,23.62,103.9,65.224998,PM2.5,1334
46.430000,52.770000,11.270000,3.850000,0.510000,62.490002,6.150000,2.580000,284.570007,69.150002,85752.046875,23.62,104.05,64.287498,PM2.5,1335
47.349998,53.250000,11.670000,4.090000,0.490000,62.320000,5.210000,2.150000,283.299988,73.290001,84491.539062,23.62,104.19,65.437500,PM2.5,1336
50.130001,55.880001,12.460000,4.450000,0.490000,61.980000,4.040000,3.370000,282.429993,77.339996,84289.460938,23.62,104.34,68.912498,PM2.5,1337
56.650002,62.259998,12.060000,3.940000,0.510000,60.270000,2.930000,4.210000,281.980011,80.589996,84609.750000,23.62,104.49,77.062500,PM2.5,1338
64.070000,69.320000,11.280000,3.390000,0.530000,58.299999,1.990000,4.620000,282.010010,82.900002,85324.296875,23.63,104.63,86.337502,PM2.5,1339
78.480003,84.599998,12.350000,3.260000,0.600000,56.730000,0.500000,5.270000,281.109985,90.260002,85947.226562,23.63,104.78,104.350006,PM2.5,1340
92.150002,99.019997,14.160000,2.980000,0.660000,57.360001,0.940000,5.900000,279.399994,98.660004,85875.976562,23.63,104.93,121.437500,PM2.5,1341
92.760002,99.660004,14.700000,3.160000,0.660000,57.450001,2.940000,6.200000,279.089996,99.820000,86050.921875,23.63,105.07,122.200005,PM2.5,1342
92.089996,98.839996,14.670000,3.030000,0.660000,57.709999,5.080000,6.860000,278.920013,99.500000,85542.062500,23.63,105.22,121.362495,PM2.5,1343
91.769997,98.320000,14.830000,2.800000,0.660000,59.180000,8.470000,8.570000,279.929993,93.690002,85507.648438,23.63,105.37,120.962494,PM2.5,1344
92.959999,99.339996,15.290000,2.740000,0.670000,60.299999,9.460000,9.130000,282.149994,82.980003,87747.140625,23.62,105.51,122.449997,PM2.5,1345
93.790001,99.680000,15.840000,2.800000,0.680000,60.720001,6.670000,8.080000,283.640015,77.989998,90607.460938,23.62,105.66,123.487503,PM2.5,1346
96.980003,102.839996,16.180000,2.790000,0.700000,61.090000,4.300000,7.700000,283.989990,77.559998,92520.367188,23.62,105.81,127.475006,PM2.5,1347
102.699997,109.669998,16.379999,2.960000,0.730000,60.000000,2.960000,8.370000,284.459991,75.949997,94002.476562,23.62,105.95,134.625000,PM2.5,1348
108.440002,115.220001,17.930000,3.230000,0.750000,63.240002,1.750000,8.430000,283.589996,78.739998,93058.703125,23.62,106.1,141.800003,PM2.5,1349
31.610001,34.360001,6.710000,1.600000,0.360000,74.120003,1.370000,1.770000,287.149994,75.589996,87790.070312,23.6,98.91,45.157143,PM2.5,1426
31.080000,33.919998,7.360000,1.820000,0.360000,75.379997,1.710000,0.820000,288.250000,71.510002,89192.976562,23.61,99.05,44.400002,PM2.5,1427
31.080000,34.029999,8.060000,2.190000,0.360000,75.480003,2.250000,1.050000,288.369995,70.199997,89077.156250,23.62,99.2,44.400002,PM2.5,1428
32.340000,35.389999,8.780000,2.630000,0.370000,75.470001,2.600000,0.880000,287.290009,71.980003,87568.367188,23.62,99.35,46.200001,PM2.5,1429
32.689999,35.669998,8.250000,2.460000,0.360000,75.330002,2.290000,1.190000,286.899994,71.779999,86771.546875,23.63,99.49,46.699997,PM2.5,1430
32.570000,35.389999,7.580000,2.110000,0.350000,75.800003,3.570000,1.070000,284.790009,77.419998,83127.757812,23.64,99.64,46.528572,PM2.5,1431
32.790001,35.580002,7.760000,2.230000,0.360000,75.000000,5.740000,0.080000,283.799988,77.930000,81205.679688,23.64,99.79,46.842857,PM2.5,1432
32.700001,35.590000,7.700000,2.250000,0.360000,73.599998,6.330000,0.390000,284.799988,73.190002,82359.273438,23.65,99.93,46.714287,PM2.5,1433
32.419998,35.040001,7.550000,2.180000,0.360000,74.129997,5.720000,0.340000,285.369995,70.769997,82830.890625,23.66,100.08,46.314281,PM2.5,1434
35.180000,37.970001,7.920000,1.950000,0.370000,71.660004,3.530000,1.090000,286.899994,67.720001,85727.343750,23.66,100.23,50.224998,PM2.5,1435
40.389999,43.549999,8.890000,1.750000,0.400000,71.639999,1.480000,1.710000,286.799988,72.800003,88027.281250,23.67,100.37,56.737499,PM2.5,1436
44.490002,48.040001,10.240000,2.400000,0.430000,68.870003,1.690000,2.390000,285.489990,78.180000,86704.593750,23.67,100.52,61.862503,PM2.5,1437
42.290001,45.650002,10.140000,2.290000,0.410000,71.470001,2.430000,2.000000,285.619995,78.540001,86681.007812,23.68,100.67,59.112503,PM2.5,1438
38.680000,41.669998,8.840000,1.600000,0.380000,73.610001,2.880000,2.910000,285.679993,78.930000,86267.046875,23.68,100.81,54.599998,PM2.5,1439
38.310001,41.470001,8.610000,1.540000,0.380000,73.160004,4.420000,2.460000,284.459991,81.089996,83950.726562,23.69,100.96,54.137501,PM2.5,1440
38.080002,41.369999,8.590000,1.560000,0.390000,73.400002,5.140000,1.640000,284.510010,80.040001,83637.171875,23.7,101.11,53.850002,PM2.5,1441
39.349998,43.029999,8.780000,1.820000,0.410000,70.989998,2.760000,1.950000,285.970001,76.889999,85984.382812,23.7,101.25,55.437500,PM2.5,1442
41.660000,46.099998,9.280000,2.000000,0.450000,72.330002,0.550000,2.710000,286.670013,78.820000,88367.046875,23.7,101.4,58.325001,PM2.5,1443
45.610001,51.790001,9.760000,3.200000,0.510000,67.949997,2.920000,4.880000,284.320007,87.680000,85338.351562,23.71,101.55,63.262501,PM2.5,1444
45.500000,52.000000,10.260000,3.370000,0.540000,70.610001,6.580000,5.510000,284.140015,85.199997,83710.453125,23.71,101.69,63.125000,PM2.5,1445
44.759998,55.490002,10.700000,5.500000,0.690000,65.809998,3.100000,2.070000,288.480011,68.779999,89885.703125,23.72,101.84,62.199997,PM2.5,1446
44.680000,58.090000,11.120000,6.770000,0.800000,70.440002,-0.930000,0.730000,288.829987,67.500000,91383.312500,23.72,101.99,62.099998,PM2.5,1447
42.110001,53.360001,10.210000,5.720000,0.740000,70.110001,0.870000,2.430000,284.989990,78.510002,85603.273438,23.72,102.13,58.887501,PM2.5,1448
42.570000,55.250000,10.470000,5.750000,0.810000,70.160004,2.700000,2.970000,283.390015,83.040001,83427.328125,23.73,102.28,59.462502,PM2.5,1449
42.880001,56.369999,10.380000,5.750000,0.860000,68.690002,3.790000,3.880000,283.380005,82.379997,83857.320312,23.73,102.43,59.850002,PM2.5,1450
43.209999,57.070000,10.060000,5.300000,0.880000,67.510002,5.870000,4.810000,282.820007,83.400002,82947.859375,23.73,102.58,60.262497,PM2.5,1451
42.320000,56.639999,10.370000,5.210000,0.890000,67.690002,7.050000,5.380000,283.820007,79.919998,84016.203125,23.74,102.72,59.150002,PM2.5,1452
41.470001,56.410000,10.470000,5.620000,0.900000,65.739998,6.810000,5.440000,285.019989,75.110001,85663.476562,23.74,102.87,58.087502,PM2.5,1453
40.889999,55.590000,11.590000,6.810000,0.870000,64.839996,7.140000,4.920000,284.890015,73.519997,85080.250000,23.74,103.02,57.362499,PM2.5,1454
42.180000,57.860001,14.460000,9.650000,0.880000,61.799999,5.550000,3.090000,284.790009,72.379997,85181.546875,23.75,103.16,58.974998,PM2.5,1455
46.020000,61.369999,15.630000,8.990000,0.850000,60.900002,3.590000,6.020000,284.269989,74.389999,85114.578125,23.75,103.31,63.775002,PM2.5,1456
47.910000,61.549999,16.290001,7.670000,0.760000,63.570000,6.180000,8.190000,283.690002,73.660004,83527.171875,23.75,103.46,66.137497,PM2.5,1457
46.740002,58.060001,14.580000,6.130000,0.650000,64.580002,8.590000,5.840000,284.600006,67.169998,83782.148438,23.75,103.6,64.675003,PM2.5,1458
45.360001,56.080002,13.570000,6.080000,0.610000,62.470001,7.140000,1.450000,285.299988,66.139999,85360.882812,23.75,103.75,62.950001,PM2.5,1459
44.950001,54.840000,13.250000,5.730000,0.570000,63.580002,5.870000,0.260000,285.029999,67.669998,85399.953125,23.76,103.9,62.437500,PM2.5,1460
45.570000,54.349998,12.560000,5.250000,0.540000,62.700001,6.320000,1.590000,284.000000,71.589996,84456.953125,23.76,104.04,63.212502,PM2.5,1461
46.369999,53.750000,12.140000,4.810000,0.510000,62.110001,6.320000,3.470000,283.309998,74.169998,84089.406250,23.76,104.19,64.212502,PM2.5,1462
48.830002,55.529999,12.450000,4.720000,0.500000,61.509998,4.830000,4.630000,282.779999,76.629997,84361.656250,23.76,104.34,67.287506,PM2.5,1463
53.720001,59.660000,11.630000,4.030000,0.500000,59.750000,3.630000,5.340000,282.170013,80.320000,84187.031250,23.76,104.49,73.400002,PM2.5,1464
59.759998,64.720001,10.920000,3.340000,0.510000,59.000000,3.230000,5.970000,281.739990,82.349998,84286.476562,23.76,104.63,80.949997,PM2.5,1465
71.570000,77.209999,11.570000,3.120000,0.570000,57.520000,2.510000,7.180000,280.980011,87.930000,84529.812500,23.76,104.78,95.712502,PM2.5,1466
83.820000,90.080002,12.910000,2.890000,0.620000,57.090000,3.300000,8.320000,279.410004,95.650002,84118.539062,23.76,104.93,111.025002,PM2.5,1467
86.269997,92.589996,13.480000,2.830000,0.630000,57.709999,5.170000,8.530000,278.920013,98.470001,84575.867188,23.76,105.07,114.087494,PM2.5,1468
83.110001,88.099998,14.020000,2.520000,0.610000,62.970001,7.060000,8.640000,280.119995,93.629997,85941.718750,23.76,105.22,110.137497,PM2.5,1469
84.860001,90.529999,13.980000,2.500000,0.630000,61.389999,8.710000,9.690000,282.440002,81.519997,87649.273438,23.76,105.37,112.324997,PM2.5,1470
86.129997,92.019997,14.270000,2.680000,0.640000,59.759998,7.340000,7.540000,283.660004,76.099998,88704.250000,23.76,105.51,113.912498,PM2.5,1471
88.870003,94.779999,14.920000,2.920000,0.660000,59.150002,4.600000,5.890000,283.510010,77.879997,89584.351562,23.76,105.66,117.337502,PM2.5,1472
93.949997,99.970001,15.440000,2.890000,0.690000,59.389999,3.090000,6.200000,284.029999,77.190002,92001.507812,23.76,105.81,123.687500,PM2.5,1473
99.860001,106.720001,15.720000,3.020000,0.720000,58.500000,2.400000,7.320000,285.170013,73.400002,94862.968750,23.76,105.96,131.074997,PM2.5,1474
103.440002,109.970001,17.450001,3.200000,0.740000,62.730000,2.050000,7.490000,285.200012,72.690002,95090.101562,23.76,106.1,135.550003,PM2.5,1475
31.350000,34.040001,6.510000,1.670000,0.350000,74.360001,1.370000,2.380000,286.380005,77.739998,86260.726562,23.73,98.9,44.785713,PM2.5,1554
31.530001,34.360001,7.250000,1.890000,0.350000,76.750000,2.320000,1.390000,285.799988,78.800003,84852.929688,23.74,99.05,45.042858,PM2.5,1555
31.370001,34.220001,7.630000,2.000000,0.350000,77.930000,3.800000,1.090000,285.609985,78.680000,84233.039062,23.75,99.19,44.814285,PM2.5,1556
31.400000,34.360001,8.180000,2.350000,0.360000,76.980003,3.850000,1.330000,286.670013,73.839996,85836.773438,23.76,99.34,44.857143,PM2.5,1557
31.719999,34.680000,8.230000,2.420000,0.360000,76.339996,2.720000,1.710000,286.980011,72.120003,86844.968750,23.76,99.49,45.314285,PM2.5,1558
31.900000,34.759998,7.490000,2.080000,0.350000,75.160004,3.240000,2.950000,286.119995,73.620003,85394.976562,23.77,99.63,45.571426,PM2.5,1559
31.610001,34.320000,7.430000,2.010000,0.350000,75.839996,5.240000,2.190000,283.940002,78.110001,81830.140625,23.78,99.78,45.157143,PM2.5,1560
31.190001,33.799999,7.340000,2.040000,0.350000,75.500000,6.360000,0.580000,283.470001,76.389999,80494.328125,23.78,99.93,44.557144,PM2.5,1561
31.490000,34.259998,7.580000,2.330000,0.350000,73.529999,6.680000,-0.140000,284.109985,72.580002,81134.906250,23.79,100.07,44.985714,PM2.5,1562
31.400000,33.950001,7.670000,2.250000,0.350000,73.160004,5.230000,0.630000,285.739990,67.589996,82936.492188,23.8,100.22,44.857143,PM2.5,1563
37.889999,40.869999,8.550000,1.950000,0.390000,70.910004,2.550000,2.560000,286.320007,71.779999,86210.539062,23.8,100.37,53.612499,PM2.5,1564
42.950001,46.349998,10.000000,2.360000,0.420000,69.769997,2.010000,3.020000,285.290009,76.760002,85858.781250,23.81,100.51,59.937500,PM2.5,1565
42.680000,46.080002,10.190000,2.350000,0.420000,70.050003,2.620000,2.480000,284.959991,78.559998,85606.710938,23.81,100.66,59.599998,PM2.5,1566
38.740002,41.779999,8.980000,1.700000,0.380000,73.449997,2.780000,2.440000,285.739990,77.199997,86340.367188,23.82,100.81,54.675003,PM2.5,1567
37.939999,41.259998,8.660000,1.630000,0.390000,73.160004,3.960000,2.250000,284.760010,79.139999,84567.507812,23.82,100.95,53.674999,PM2.5,1568
37.540001,40.990002,8.490000,1.600000,0.390000,73.889999,5.020000,2.050000,284.410004,79.680000,83721.343750,23.83,101.1,53.175003,PM2.5,1569
37.880001,41.650002,8.460000,1.940000,0.410000,71.739998,3.320000,1.510000,285.859985,76.000000,85687.796875,23.83,101.25,53.600002,PM2.5,1570
39.410000,43.900002,8.640000,2.240000,0.440000,71.889999,2.150000,2.010000,285.609985,80.379997,86527.257812,23.84,101.4,55.512501,PM2.5,1571
41.970001,48.040001,9.160000,3.030000,0.500000,70.489998,5.080000,4.820000,284.239990,84.410004,84467.726562,23.84,101.54,58.712502,PM2.5,1572
42.040001,49.950001,9.730000,3.900000,0.590000,69.940002,4.940000,3.710000,286.549988,75.000000,86781.812500,23.85,101.69,58.800003,PM2.5,1573
43.840000,58.500000,10.240000,6.220000,0.810000,69.059998,0.780000,-0.370000,288.109985,69.040001,89503.796875,23.85,101.84,61.049999,PM2.5,1574
44.570000,61.189999,10.230000,7.040000,0.900000,70.989998,0.290000,1.680000,286.160004,76.459999,87650.562500,23.86,101.98,61.962502,PM2.5,1575
41.419998,54.590000,9.870000,6.850000,0.870000,68.949997,1.760000,4.450000,285.140015,77.820000,85962.828125,23.86,102.13,58.024998,PM2.5,1576
41.240002,55.480000,9.960000,6.540000,0.940000,68.760002,3.080000,3.450000,283.730011,81.260002,83979.492188,23.86,102.28,57.800003,PM2.5,1577
41.380001,55.939999,9.740000,6.690000,0.980000,67.239998,5.370000,2.820000,282.350006,84.970001,82063.343750,23.87,102.42,57.975002,PM2.5,1578
41.259998,55.939999,9.600000,6.500000,1.010000,66.529999,7.530000,3.750000,282.420013,83.949997,81996.500000,23.87,102.57,57.824997,PM2.5,1579
40.220001,55.119999,9.640000,6.210000,1.000000,66.680000,7.630000,3.570000,283.709991,79.290001,83585.562500,23.87,102.72,56.525002,PM2.5,1580
40.349998,56.090000,9.820000,6.340000,1.020000,65.639999,7.420000,2.990000,284.059998,78.309998,84306.382812,23.88,102.87,56.687500,PM2.5,1581
40.279999,56.119999,12.560000,8.610000,0.990000,64.290001,8.290000,3.950000,284.190002,77.459999,84522.953125,23.88,103.01,56.599998,PM2.5,1582
40.459999,56.560001,15.910000,11.940000,0.960000,60.740002,7.760000,3.680000,284.799988,74.080002,85220.750000,23.88,103.16,56.824997,PM2.5,1583
42.619999,59.310001,16.170000,11.620000,0.960000,59.459999,6.620000,4.960000,284.720001,73.889999,85504.296875,23.88,103.31,59.524998,PM2.5,1584
43.639999,59.270000,16.230000,9.800000,0.880000,61.849998,6.110000,5.760000,286.149994,66.489998,86689.648438,23.88,103.45,60.799999,PM2.5,1585
42.930000,56.840000,14.810000,8.530000,0.780000,62.650002,5.200000,2.520000,286.059998,66.279999,86864.343750,23.89,103.6,59.912498,PM2.5,1586
42.580002,54.889999,13.500000,7.040000,0.680000,63.220001,5.910000,-0.800000,284.190002,73.070000,84541.062500,23.89,103.75,59.475002,PM2.5,1587
42.040001,52.689999,12.580000,6.150000,0.590000,63.509998,8.520000,-0.290000,283.089996,75.709999,82668.656250,23.89,103.9,58.800003,PM2.5,1588
42.119999,51.430000,12.330000,5.510000,0.540000,64.370003,10.010000,2.680000,283.290009,73.389999,82589.460938,23.89,104.04,58.899998,PM2.5,1589
42.750000,50.529999,11.680000,4.930000,0.500000,62.889999,8.760000,4.280000,284.160004,70.220001,83792.500000,23.89,104.19,59.687500,PM2.5,1590
44.889999,51.950001,11.590000,4.560000,0.490000,62.119999,6.210000,5.260000,284.089996,71.449997,84875.820312,23.89,104.34,62.362499,PM2.5,1591
50.040001,56.230000,11.090000,4.000000,0.490000,60.139999,4.930000,6.340000,283.230011,76.250000,84800.273438,23.89,104.48,68.800003,PM2.5,1592
55.259998,59.910000,10.690000,3.370000,0.490000,59.689999,5.000000,7.070000,282.480011,79.739998,84541.421875,23.89,104.63,75.324997,PM2.5,1593
63.560001,68.610001,10.990000,3.050000,0.530000,59.189999,5.170000,8.100000,282.220001,82.190002,85107.117188,23.89,104.78,85.700005,PM2.5,1594
72.430000,77.860001,11.880000,2.700000,0.570000,59.509998,5.580000,9.730000,282.089996,83.360001,85664.796875,23.89,104.93,96.787498,PM2.5,1595
76.430000,81.949997,12.410000,2.540000,0.580000,60.049999,6.840000,9.980000,281.730011,84.779999,86010.179688,23.89,105.07,101.787498,PM2.5,1596
78.279999,83.500000,12.800000,2.460000,0.590000,60.709999,8.200000,9.300000,282.359985,82.269997,87265.273438,23.89,105.22,104.099998,PM2.5,1597
78.930000,84.290001,12.900000,2.490000,0.600000,59.330002,7.040000,7.150000,284.329987,74.300003,89785.023438,23.89,105.37,104.912498,PM2.5,1598
80.370003,85.559998,13.950000,2.590000,0.620000,60.630001,4.090000,5.500000,284.899994,71.940002,90472.031250,23.89,105.52,106.712502,PM2.5,1599
84.389999,89.760002,14.790000,2.750000,0.640000,60.930000,2.840000,5.550000,284.149994,74.959999,89642.976562,23.89,105.66,111.737503,PM2.5,1600
92.410004,98.330002,15.810000,2.970000,0.690000,60.169998,1.810000,5.520000,284.190002,76.250000,91530.343750,23.89,105.81,121.762505,PM2.5,1601
99.980003,106.760002,16.820000,3.410000,0.730000,59.150002,0.510000,5.780000,285.019989,73.470001,94766.523438,23.89,105.96,131.225006,PM2.5,1602
103.849998,110.879997,18.379999,4.090000,0.760000,60.070000,0.230000,5.370000,285.750000,70.559998,96413.601562,23.89,106.1,136.062500,PM2.5,1603
29.580000,32.130001,6.110000,1.410000,0.340000,75.320000,1.220000,2.190000,286.519989,76.720001,86153.773438,23.86,98.74,42.257141,PM2.5,1683
30.200001,32.830002,6.300000,1.650000,0.350000,75.010002,1.710000,2.710000,286.600006,75.959999,86283.687500,23.87,98.89,43.142857,PM2.5,1684
30.360001,33.150002,6.900000,2.030000,0.350000,77.379997,2.210000,2.940000,286.070007,76.940002,84951.843750,23.88,99.04,43.371429,PM2.5,1685
31.040001,33.889999,6.890000,2.100000,0.350000,75.720001,4.610000,2.460000,284.059998,82.029999,81820.421875,23.88,99.18,44.342857,PM2.5,1686
31.139999,34.000000,7.120000,2.090000,0.350000,75.779999,5.860000,2.790000,284.320007,80.029999,81984.398438,23.89,99.33,44.485714,PM2.5,1687
30.790001,33.540001,7.200000,2.040000,0.350000,76.500000,4.880000,2.150000,284.899994,77.580002,82692.453125,23.9,99.48,43.985714,PM2.5,1688
30.469999,33.189999,7.080000,1.980000,0.350000,75.989998,3.970000,2.500000,286.140015,73.300003,84818.296875,23.91,99.63,43.528572,PM2.5,1689
30.480000,33.150002,7.080000,1.990000,0.350000,75.629997,4.090000,3.620000,286.149994,71.949997,85247.210938,23.91,99.77,43.542858,PM2.5,1690
30.350000,32.900002,6.940000,1.940000,0.340000,75.300003,5.350000,2.640000,284.459991,75.220001,82384.390625,23.92,99.92,43.357143,PM2.5,1691
31.240000,34.020000,7.710000,2.440000,0.350000,73.400002,7.180000,0.920000,283.160004,75.919998,80328.398438,23.92,100.07,44.628571,PM2.5,1692
30.309999,32.599998,7.720000,2.410000,0.350000,74.559998,7.420000,-0.280000,283.779999,71.239998,80293.632812,23.93,100.21,43.299999,PM2.5,1693
33.150002,35.849998,7.890000,2.260000,0.360000,70.500000,4.700000,2.340000,286.500000,65.540001,84581.406250,23.94,100.36,47.357143,PM2.5,1694
40.349998,43.529999,9.460000,2.370000,0.400000,69.720001,2.490000,3.070000,285.600006,74.029999,85741.750000,23.94,100.51,56.687500,PM2.5,1695
42.040001,45.410000,9.860000,2.380000,0.410000,68.930000,2.930000,2.830000,284.809998,75.900002,84808.171875,23.95,100.65,58.800003,PM2.5,1696
40.419998,43.630001,9.130000,2.070000,0.400000,69.489998,3.560000,2.750000,284.700012,78.160004,85072.898438,23.95,100.8,56.774998,PM2.5,1697
38.939999,42.529999,8.930000,1.970000,0.400000,71.489998,4.500000,2.550000,284.170013,77.650002,83501.632812,23.96,100.95,54.924999,PM2.5,1698
37.529999,41.340000,8.600000,1.920000,0.410000,72.300003,4.330000,2.070000,285.640015,73.360001,84916.742188,23.96,101.1,53.162498,PM2.5,1699
36.840000,40.860001,8.190000,2.170000,0.410000,72.540001,3.100000,1.410000,285.559998,75.629997,85473.953125,23.97,101.24,52.299999,PM2.5,1700
37.599998,42.240002,8.230000,2.410000,0.440000,71.650002,5.610000,2.030000,283.410004,80.739998,82557.140625,23.97,101.39,53.250000,PM2.5,1701
38.340000,43.750000,8.680000,2.830000,0.500000,72.260002,7.160000,4.660000,284.910004,76.959999,84133.289062,23.98,101.54,54.174999,PM2.5,1702
40.020000,49.480000,9.310000,4.740000,0.660000,68.519997,3.030000,2.950000,287.279999,69.559998,87641.046875,23.98,101.68,56.275002,PM2.5,1703
42.400002,57.439999,10.590000,7.750000,0.900000,70.180000,2.070000,1.510000,284.850006,78.879997,84570.468750,23.99,101.83,59.250000,PM2.5,1704
44.049999,61.549999,10.820000,8.910000,1.040000,68.760002,4.400000,3.100000,283.750000,83.669998,83359.296875,23.99,101.98,61.312500,PM2.5,1705
41.560001,56.799999,10.350000,9.120000,1.070000,66.510002,2.850000,4.230000,285.500000,76.440002,86454.156250,23.99,102.13,58.200001,PM2.5,1706
40.830002,56.310001,10.380000,9.120000,1.150000,65.839996,2.560000,3.890000,284.179993,81.250000,84691.117188,24.0,102.27,57.287502,PM2.5,1707
40.910000,56.150002,10.350000,9.440000,1.200000,64.680000,6.590000,3.350000,281.859985,86.419998,81269.203125,24.0,102.42,57.387501,PM2.5,1708
40.220001,55.570000,10.240000,9.050000,1.240000,64.629997,8.690000,2.870000,282.500000,82.610001,81777.656250,24.0,102.57,56.525002,PM2.5,1709
39.520000,55.610001,10.400000,9.480000,1.280000,64.300003,7.550000,2.040000,283.709991,77.930000,83374.656250,24.01,102.72,55.650002,PM2.5,1710
40.310001,58.060001,10.830000,10.640000,1.330000,62.840000,8.030000,1.600000,283.359985,79.220001,82910.398438,24.01,102.86,56.637501,PM2.5,1711
39.880001,57.759998,12.320000,11.530000,1.270000,62.619999,9.140000,2.950000,284.339996,75.730003,84088.882812,24.01,103.01,56.100002,PM2.5,1712
39.590000,57.689999,14.350000,13.100000,1.180000,60.250000,8.270000,3.810000,285.570007,71.660004,85838.718750,24.01,103.16,55.737499,PM2.5,1713
41.310001,60.470001,15.330000,13.440000,1.150000,59.369999,8.100000,3.880000,284.899994,74.169998,85334.773438,24.02,103.31,57.887501,PM2.5,1714
42.130001,61.180000,15.650000,12.490000,1.080000,59.349998,7.180000,3.570000,286.269989,68.339996,87177.156250,24.02,103.45,58.912502,PM2.5,1715
42.279999,58.799999,14.630000,10.630000,0.950000,60.060001,4.750000,1.980000,286.049988,69.839996,87575.882812,24.02,103.6,59.099998,PM2.5,1716
41.820000,55.680000,13.310000,8.360000,0.790000,61.240002,6.050000,1.810000,282.510010,82.949997,83080.656250,24.02,103.75,58.525002,PM2.5,1717
39.639999,50.669998,12.310000,6.550000,0.630000,63.740002,10.550000,2.410000,281.220001,83.980003,80455.437500,24.02,103.89,55.799999,PM2.5,1718
38.660000,47.959999,11.730000,5.680000,0.550000,64.389999,11.840000,4.010000,283.399994,71.919998,81983.773438,24.03,104.04,54.575001,PM2.5,1719
39.009998,47.020000,11.320000,5.240000,0.500000,62.660000,8.900000,4.080000,285.339996,64.500000,84144.843750,24.03,104.19,55.012497,PM2.5,1720
41.150002,48.570000,11.040000,4.760000,0.490000,61.689999,6.520000,4.750000,285.200012,66.199997,85044.648438,24.03,104.34,57.687500,PM2.5,1721
45.560001,51.980000,10.590000,4.130000,0.480000,60.500000,5.960000,6.390000,284.679993,69.910004,85541.148438,24.03,104.48,63.200001,PM2.5,1722
50.189999,54.459999,10.300000,3.500000,0.460000,60.009998,6.010000,7.270000,283.880005,74.239998,85377.296875,24.03,104.63,68.987495,PM2.5,1723
56.040001,60.570000,10.450000,3.080000,0.490000,60.250000,6.520000,7.330000,283.429993,77.180000,85590.476562,24.03,104.78,76.300003,PM2.5,1724
62.340000,67.120003,10.960000,2.780000,0.520000,60.570000,6.700000,8.210000,283.910004,75.760002,86867.593750,24.03,104.93,84.175003,PM2.5,1725
67.610001,72.580002,11.520000,2.660000,0.550000,59.889999,7.310000,8.670000,283.799988,75.949997,87239.820312,24.03,105.07,90.762497,PM2.5,1726
71.120003,76.099998,11.810000,2.550000,0.570000,59.250000,7.520000,7.700000,283.820007,75.769997,87685.257812,24.03,105.22,95.150002,PM2.5,1727
76.419998,81.389999,13.530000,2.650000,0.610000,59.450001,4.800000,3.920000,284.649994,73.349998,90636.507812,24.03,105.37,101.774994,PM2.5,1728
79.489998,84.790001,14.370000,2.730000,0.630000,60.139999,2.150000,3.840000,285.619995,70.860001,92461.820312,24.03,105.52,105.612495,PM2.5,1729
84.489998,90.070000,15.260000,2.980000,0.660000,60.090000,1.170000,5.090000,285.250000,71.449997,91516.757812,24.03,105.66,111.862495,PM2.5,1730
94.680000,101.110001,17.180000,3.590000,0.710000,58.450001,-0.700000,4.620000,284.540009,74.580002,92409.039062,24.03,105.81,124.599998,PM2.5,1731
102.199997,109.449997,19.280001,4.440000,0.760000,57.330002,-2.910000,4.750000,284.709991,73.660004,95057.546875,24.03,105.96,134.000000,PM2.5,1732
24.709999,27.180000,4.840000,1.420000,0.300000,80.779999,0.560000,0.180000,288.359985,67.879997,90172.718750,23.93,97.56,35.299999,PM2.5,1816
25.570000,28.230000,5.400000,1.950000,0.310000,80.220001,0.610000,-0.650000,289.059998,65.209999,91819.351562,23.94,97.71,36.528572,PM2.5,1817
28.709999,31.230000,5.940000,1.660000,0.340000,75.449997,1.680000,1.740000,286.559998,73.970001,86414.500000,24.0,98.88,41.014286,PM2.5,1818
28.879999,31.500000,6.340000,1.880000,0.340000,77.110001,2.370000,2.970000,285.510010,77.589996,84120.351562,24.01,99.03,41.257141,PM2.5,1819
29.700001,32.410000,6.490000,1.990000,0.340000,75.930000,5.490000,3.480000,283.700012,79.930000,81123.609375,24.02,99.18,42.428574,PM2.5,1820
29.620001,32.389999,6.730000,2.090000,0.340000,74.940002,6.790000,3.540000,285.579987,71.790001,82961.492188,24.03,99.32,42.314285,PM2.5,1821
29.389999,32.139999,6.630000,2.110000,0.340000,74.209999,5.630000,2.740000,285.609985,71.870003,83129.187500,24.03,99.47,41.985714,PM2.5,1822
29.290001,31.860001,6.520000,2.020000,0.340000,74.889999,5.420000,1.130000,284.140015,75.919998,81155.453125,24.04,99.62,41.842857,PM2.5,1823
28.520000,31.049999,6.510000,1.950000,0.340000,74.959999,4.830000,1.850000,286.290009,68.889999,84117.640625,24.05,99.76,40.742859,PM2.5,1824
28.770000,31.309999,6.650000,2.010000,0.340000,74.779999,3.940000,3.400000,287.290009,66.099998,86314.960938,24.05,99.91,41.100002,PM2.5,1825
29.799999,32.439999,6.910000,2.180000,0.340000,72.800003,4.900000,3.080000,285.049988,72.690002,83349.812500,24.06,100.06,42.571426,PM2.5,1826
29.590000,31.980000,6.770000,2.030000,0.340000,73.830002,7.500000,0.670000,283.000000,75.279999,80119.148438,24.07,100.21,42.271427,PM2.5,1827
29.690001,32.240002,6.700000,2.100000,0.340000,70.589996,6.400000,0.820000,285.820007,65.019997,83226.023438,24.07,100.35,42.414288,PM2.5,1828
36.189999,39.169998,8.090000,2.190000,0.380000,68.309998,3.070000,2.750000,286.390015,68.339996,85983.632812,24.08,100.5,51.487499,PM2.5,1829
37.099998,40.080002,8.410000,2.100000,0.380000,69.470001,3.010000,2.390000,285.380005,72.070000,84699.726562,24.08,100.65,52.625000,PM2.5,1830
38.020000,41.009998,8.480000,2.060000,0.390000,69.900002,3.790000,2.340000,284.600006,75.550003,84545.070312,24.09,100.8,53.775002,PM2.5,1831
38.250000,42.070000,8.660000,2.180000,0.410000,70.510002,4.090000,2.560000,284.500000,75.279999,83810.007812,24.09,100.94,54.062500,PM2.5,1832
37.320000,41.889999,8.430000,2.450000,0.430000,71.309998,3.220000,1.370000,286.010010,71.160004,85582.203125,24.1,101.09,52.900002,PM2.5,1833
35.450001,40.049999,7.700000,2.310000,0.420000,72.169998,3.450000,1.700000,284.299988,76.989998,83702.710938,24.1,101.24,50.562500,PM2.5,1834
34.660000,39.639999,7.660000,2.260000,0.440000,73.290001,8.180000,3.320000,282.929993,74.669998,80684.171875,24.11,101.39,49.514286,PM2.5,1835
34.230000,40.310001,7.920000,3.030000,0.520000,70.120003,7.840000,3.510000,287.480011,59.450001,85578.078125,24.11,101.53,48.899998,PM2.5,1836
37.959999,48.189999,8.990000,5.980000,0.730000,67.139999,2.670000,4.170000,287.209991,65.709999,86904.492188,24.12,101.68,53.699997,PM2.5,1837
40.680000,55.660000,10.630000,9.190000,0.990000,67.760002,4.150000,5.220000,284.440002,74.809998,83120.078125,24.12,101.83,57.099998,PM2.5,1838
41.200001,57.630001,11.120000,10.730000,1.150000,66.650002,6.230000,4.620000,284.670013,73.839996,83050.500000,24.12,101.98,57.750000,PM2.5,1839
40.820000,55.450001,11.240000,12.310000,1.260000,64.099998,3.720000,3.340000,284.579987,76.550003,84442.007812,24.13,102.12,57.275002,PM2.5,1840
40.049999,54.160000,11.640000,12.800000,1.380000,64.239998,3.140000,3.900000,283.429993,84.540001,83450.367188,24.13,102.27,56.312500,PM2.5,1841
40.279999,53.970001,11.680000,13.060000,1.490000,62.119999,6.390000,4.110000,282.230011,86.720001,81654.171875,24.14,102.42,56.599998,PM2.5,1842
40.320000,55.400002,11.890000,13.380000,1.620000,61.400002,8.210000,2.660000,282.480011,83.699997,81557.953125,24.14,102.57,56.650002,PM2.5,1843
40.509998,57.830002,12.360000,14.810000,1.720000,60.330002,7.670000,1.860000,282.820007,81.470001,81892.140625,24.14,102.71,56.887497,PM2.5,1844
41.330002,61.029999,12.910000,16.680000,1.780000,58.939999,9.150000,1.290000,281.839996,83.220001,80497.000000,24.14,102.86,57.912502,PM2.5,1845
40.349998,60.099998,12.680000,15.470000,1.660000,60.590000,10.800000,1.550000,282.880005,78.160004,81374.257812,24.15,103.01,56.687500,PM2.5,1846
39.470001,59.849998,12.650000,15.080000,1.540000,58.959999,8.620000,3.300000,285.420013,69.559998,84580.273438,24.15,103.16,55.587502,PM2.5,1847
39.680000,59.630001,13.610000,14.140000,1.390000,61.180000,6.830000,3.530000,285.329987,71.470001,85033.250000,24.15,103.3,55.849998,PM2.5,1848
41.630001,63.470001,14.250000,13.890000,1.320000,59.639999,6.530000,3.360000,285.420013,71.620003,85596.382812,24.15,103.45,58.287502,PM2.5,1849
42.180000,61.410000,13.750000,12.280000,1.150000,59.520000,5.410000,3.420000,284.809998,75.410004,85939.953125,24.16,103.6,58.974998,PM2.5,1850
42.180000,58.400002,12.930000,9.750000,0.960000,59.709999,7.250000,4.970000,282.359985,85.599998,83126.898438,24.16,103.75,58.974998,PM2.5,1851
40.320000,53.230000,12.200000,7.490000,0.760000,62.400002,12.290000,5.620000,281.700012,84.610001,81452.289062,24.16,103.89,56.650002,PM2.5,1852
38.520000,49.160000,11.640000,6.420000,0.630000,62.939999,12.980000,4.710000,284.470001,70.129997,83544.726562,24.16,104.04,54.400002,PM2.5,1853
38.500000,47.599998,11.580000,5.900000,0.560000,62.360001,9.070000,3.190000,285.700012,64.360001,84840.023438,24.16,104.19,54.375000,PM2.5,1854
39.320000,47.349998,10.910000,5.260000,0.510000,61.270000,6.980000,3.510000,285.309998,65.599998,84754.367188,24.16,104.34,55.400002,PM2.5,1855
42.160000,48.970001,10.350000,4.530000,0.480000,60.110001,6.580000,5.250000,285.500000,65.860001,85842.210938,24.16,104.48,58.950001,PM2.5,1856
45.709999,49.630001,9.970000,3.650000,0.440000,59.970001,6.390000,6.710000,284.950012,69.489998,86099.820312,24.16,104.63,63.387497,PM2.5,1857
50.290001,54.439999,9.980000,3.260000,0.460000,60.189999,7.190000,7.010000,284.459991,71.919998,85786.156250,24.16,104.78,69.112503,PM2.5,1858
55.180000,59.540001,10.230000,2.990000,0.490000,60.000000,7.680000,7.190000,284.980011,70.910004,86971.062500,24.16,104.93,75.224998,PM2.5,1859
59.070000,63.040001,11.300000,2.890000,0.510000,61.689999,6.560000,6.180000,285.549988,69.040001,88451.328125,24.16,105.07,80.087502,PM2.5,1860
26.510000,29.309999,6.040000,2.540000,0.320000,80.320000,-0.020000,-1.490000,287.959991,67.050003,89643.140625,24.07,97.7,37.871429,PM2.5,1950
27.850000,30.760000,6.530000,2.950000,0.330000,78.760002,-0.010000,-1.090000,287.600006,68.339996,90218.093750,24.08,97.84,39.785713,PM2.5,1951
26.940001,29.580000,6.080000,2.270000,0.320000,76.940002,0.230000,0.630000,287.399994,69.790001,89537.843750,24.09,97.99,38.485714,PM2.5,1952
26.270000,28.719999,5.650000,1.630000,0.320000,75.989998,0.310000,1.610000,287.579987,69.489998,89365.828125,24.1,98.14,37.528572,PM2.5,1953
25.690001,27.930000,5.070000,1.130000,0.310000,76.730003,1.420000,0.640000,286.339996,72.639999,85827.000000,24.12,98.58,36.700001,PM2.5,1954
25.780001,28.049999,5.180000,1.400000,0.310000,77.660004,2.600000,0.120000,286.299988,71.650002,85539.367188,24.13,98.73,36.828571,PM2.5,1955
27.490000,29.920000,5.800000,1.710000,0.330000,76.669998,4.150000,3.510000,285.559998,74.599998,83973.546875,24.15,99.02,39.271427,PM2.5,1956
28.139999,30.700001,5.860000,1.810000,0.330000,74.180000,6.020000,3.670000,285.260010,73.949997,82874.406250,24.15,99.17,40.200001,PM2.5,1957
27.830000,30.360001,6.360000,2.050000,0.340000,74.559998,5.430000,1.680000,287.269989,65.510002,85117.796875,24.16,99.32,39.757141,PM2.5,1958
28.040001,30.709999,6.450000,2.230000,0.340000,73.589996,3.130000,1.840000,287.679993,63.919998,86538.992188,24.17,99.46,40.057144,PM2.5,1959
28.000000,30.510000,6.180000,2.030000,0.330000,74.629997,4.350000,1.450000,284.179993,73.320000,81805.757812,24.17,99.61,40.000000,PM2.5,1960
27.400000,29.820000,6.020000,1.910000,0.330000,75.290001,6.270000,-0.090000,283.600006,72.510002,80111.320312,24.18,99.76,39.142857,PM2.5,1961
26.760000,29.160000,6.020000,2.000000,0.330000,74.260002,4.680000,1.130000,286.339996,63.830002,83882.250000,24.19,99.91,38.228573,PM2.5,1962
28.090000,30.610001,6.160000,2.000000,0.330000,72.269997,3.170000,3.290000,286.070007,68.430000,84783.296875,24.19,100.05,40.128571,PM2.5,1963
28.799999,31.299999,6.260000,1.980000,0.330000,71.970001,6.300000,2.960000,283.190002,73.949997,80884.421875,24.2,100.2,41.142857,PM2.5,1964
28.809999,31.340000,6.240000,2.030000,0.330000,70.510002,8.210000,1.150000,284.390015,66.989998,81111.976562,24.21,100.35,41.157143,PM2.5,1965
30.379999,33.049999,6.650000,2.080000,0.350000,68.589996,4.840000,1.810000,287.130005,61.049999,85664.382812,24.21,100.5,43.399998,PM2.5,1966
32.380001,35.099998,6.880000,1.960000,0.350000,68.650002,3.710000,1.420000,285.700012,67.800003,84595.101562,24.22,100.64,46.257145,PM2.5,1967
33.380001,36.060001,7.210000,1.960000,0.360000,70.110001,5.110000,1.540000,284.640015,69.889999,82937.953125,24.22,100.79,47.685715,PM2.5,1968
34.669998,38.400002,7.810000,2.180000,0.390000,70.900002,3.750000,2.340000,285.899994,68.720001,84896.210938,24.23,100.94,49.528568,PM2.5,1969
35.259998,40.070000,7.780000,2.670000,0.430000,71.879997,2.720000,1.790000,285.079987,72.059998,84335.796875,24.23,101.09,50.324997,PM2.5,1970
34.700001,39.740002,7.500000,2.600000,0.450000,71.529999,6.200000,2.560000,282.640015,75.349998,80604.992188,24.24,101.23,49.571430,PM2.5,1971
32.630001,37.680000,7.380000,2.450000,0.470000,73.760002,9.080000,3.840000,284.350006,66.519997,81545.210938,24.24,101.38,46.614288,PM2.5,1972
31.120001,37.080002,7.490000,3.470000,0.560000,70.709999,5.900000,1.130000,288.070007,56.110001,86275.960938,24.25,101.53,44.457146,PM2.5,1973
35.369999,45.340000,8.560000,6.690000,0.790000,66.620003,2.910000,4.740000,287.869995,60.650002,87099.578125,24.25,101.68,50.462498,PM2.5,1974
37.080002,50.560001,9.930000,9.830000,1.050000,65.040001,4.230000,5.670000,287.959991,61.119999,87048.656250,24.26,101.82,52.600002,PM2.5,1975
37.880001,51.759998,10.840000,11.810000,1.240000,64.790001,5.220000,4.470000,286.510010,65.370003,85317.531250,24.26,101.97,53.600002,PM2.5,1976
38.209999,49.130001,11.220000,13.260000,1.370000,64.099998,4.990000,3.490000,283.459991,77.430000,82318.406250,24.26,102.12,54.012497,PM2.5,1977
38.360001,49.279999,12.100000,14.700000,1.590000,63.160000,4.910000,3.500000,282.959991,81.489998,81897.406250,24.27,102.27,54.200001,PM2.5,1978
38.540001,48.740002,12.630000,15.540000,1.740000,62.169998,5.780000,3.440000,282.799988,83.529999,81849.046875,24.27,102.41,54.425003,PM2.5,1979
41.130001,59.830002,17.379999,22.180000,2.130000,57.310001,7.260000,3.010000,282.809998,82.419998,81707.656250,24.27,102.56,57.662502,PM2.5,1980
42.250000,65.059998,18.610001,25.290001,2.290000,54.529999,7.570000,2.950000,282.670013,82.550003,81535.953125,24.28,102.71,59.062500,PM2.5,1981
41.880001,63.970001,17.139999,23.639999,2.220000,55.029999,9.430000,3.130000,281.359985,84.110001,79793.117188,24.28,102.86,58.600002,PM2.5,1982
40.570000,61.730000,15.890000,20.850000,2.030000,57.790001,12.060000,1.940000,282.010010,77.730003,79884.320312,24.28,103.01,56.962502,PM2.5,1983
39.529999,61.750000,14.700000,20.020000,1.900000,56.290001,9.750000,1.700000,284.890015,66.250000,82739.203125,24.28,103.15,55.875000,PM10,1984
40.509998,65.559998,15.790000,19.740000,1.790000,57.430000,6.100000,2.600000,285.339996,66.839996,84148.929688,24.29,103.3,57.779999,PM10,1985
42.439999,69.349998,16.049999,18.270000,1.640000,57.580002,5.580000,3.520000,284.670013,71.500000,84158.289062,24.29,103.45,59.674999,PM10,1986
42.349998,65.570000,14.510000,14.990000,1.380000,59.240002,6.400000,4.110000,283.450012,78.230003,83377.398438,24.29,103.6,59.187500,PM2.5,1987
41.990002,61.500000,12.890000,12.190000,1.150000,58.759998,8.900000,5.040000,282.429993,83.519997,82423.687500,24.29,103.74,58.737503,PM2.5,1988
39.270000,53.880001,11.810000,8.650000,0.880000,63.130001,12.280000,5.590000,283.179993,80.120003,82978.343750,24.29,103.89,55.337502,PM2.5,1989
38.290001,50.849998,11.420000,7.500000,0.750000,62.240002,11.930000,4.430000,285.799988,68.589996,85632.421875,24.29,104.04,54.112503,PM2.5,1990
38.049999,48.270000,10.950000,6.490000,0.630000,61.520000,9.340000,3.380000,286.230011,66.040001,86158.523438,24.3,104.19,53.812500,PM2.5,1991
38.980000,47.770000,10.580000,5.750000,0.560000,61.020000,8.910000,3.480000,285.350006,68.050003,85039.273438,24.3,104.33,54.974998,PM2.5,1992
39.680000,46.889999,10.420000,5.000000,0.510000,61.939999,8.270000,4.080000,285.959991,64.910004,85823.953125,24.3,104.48,55.849998,PM2.5,1993
41.200001,44.200001,10.270000,3.800000,0.410000,62.970001,7.010000,5.290000,286.299988,64.239998,86957.601562,24.3,104.63,57.750000,PM2.5,1994
45.480000,49.169998,9.840000,3.480000,0.440000,60.669998,6.670000,5.750000,286.850006,62.980000,88046.382812,24.3,104.78,63.099998,PM2.5,1995
53.880001,58.090000,10.670000,3.150000,0.490000,60.619999,5.120000,5.190000,287.079987,63.419998,89300.976562,24.3,104.93,73.599998,PM2.5,1996
65.599998,70.080002,13.260000,3.060000,0.560000,62.759998,2.230000,3.330000,286.670013,65.529999,90768.492188,24.3,105.07,88.250000,PM2.5,1997
28.459999,31.500000,6.660000,3.210000,0.340000,78.830002,0.650000,-1.110000,287.200012,68.230003,89243.593750,24.21,97.83,40.657143,PM2.5,2089
27.520000,30.400000,6.600000,2.940000,0.330000,79.160004,0.610000,-0.600000,287.239990,68.190002,89642.757812,24.22,97.98,39.314285,PM2.5,2090
26.360001,28.940001,5.990000,2.210000,0.320000,77.629997,0.640000,0.280000,287.570007,67.300003,90372.062500,24.23,98.13,37.657143,PM2.5,2091
25.450001,27.820000,5.400000,1.670000,0.310000,76.769997,0.330000,1.210000,288.000000,66.349998,90061.796875,24.24,98.28,36.357143,PM2.5,2092
24.520000,26.760000,5.070000,1.390000,0.300000,77.400002,0.180000,2.140000,287.630005,67.139999,87902.703125,24.25,98.42,35.028572,PM2.5,2093
24.540001,26.730000,5.100000,1.370000,0.300000,77.779999,1.400000,1.430000,285.510010,72.680000,84348.312500,24.26,98.57,35.057144,PM2.5,2094
24.670000,26.830000,5.080000,1.510000,0.300000,78.750000,4.390000,0.490000,283.089996,75.970001,80324.703125,24.26,98.72,35.242859,PM2.5,2095
24.490000,26.620001,5.130000,1.560000,0.300000,78.160004,5.810000,1.860000,285.250000,68.370003,82484.117188,24.27,98.86,34.985714,PM2.5,2096
24.490000,26.750000,5.430000,1.780000,0.310000,76.040001,3.980000,2.600000,288.829987,59.930000,87662.976562,24.28,99.01,34.985714,PM2.5,2097
25.480000,27.910000,5.720000,2.060000,0.320000,75.000000,2.920000,1.770000,288.190002,62.029999,87539.453125,24.29,99.16,36.399998,PM2.5,2098
26.799999,29.389999,6.160000,2.360000,0.330000,75.449997,3.200000,0.290000,286.540009,65.169998,86000.109375,24.29,99.31,38.285713,PM2.5,2099
26.590000,29.129999,6.140000,2.290000,0.330000,75.559998,2.580000,0.870000,287.079987,64.010002,86901.968750,24.3,99.46,37.985714,PM2.5,2100
26.260000,28.719999,5.760000,2.110000,0.320000,74.110001,2.890000,2.570000,286.670013,64.870003,85395.109375,24.31,99.6,37.514286,PM2.5,2101
25.799999,28.139999,5.560000,1.900000,0.310000,75.139999,5.460000,0.960000,283.579987,72.190002,81033.046875,24.32,99.75,36.857143,PM2.5,2102
25.030001,27.250000,5.410000,1.820000,0.310000,75.919998,6.890000,-0.440000,283.869995,68.389999,80500.187500,24.32,99.9,35.757145,PM2.5,2103
26.030001,28.379999,6.300000,2.330000,0.320000,74.480003,5.580000,1.550000,285.200012,65.389999,82800.406250,24.33,100.05,37.185715,PM2.5,2104
27.590000,30.120001,6.570000,2.420000,0.330000,71.989998,5.980000,3.680000,284.579987,67.419998,82609.109375,24.33,100.19,39.414288,PM2.5,2105
27.709999,30.240000,6.370000,2.330000,0.330000,70.989998,6.820000,2.180000,285.529999,63.180000,83007.710938,24.34,100.34,39.585712,PM2.5,2106
28.440001,30.990000,6.300000,2.260000,0.340000,70.879997,4.200000,0.620000,286.649994,61.139999,85375.781250,24.35,100.49,40.628571,PM2.5,2107
28.400000,30.790001,6.190000,2.030000,0.330000,72.500000,4.420000,0.690000,284.369995,68.169998,82492.773438,24.35,100.64,40.571426,PM2.5,2108
30.010000,32.490002,6.930000,2.330000,0.340000,72.129997,6.890000,1.520000,283.700012,68.250000,80827.046875,24.36,100.78,42.871429,PM2.5,2109
29.719999,33.259998,7.380000,2.610000,0.380000,73.339996,5.430000,1.930000,286.160004,63.700001,84148.421875,24.36,100.93,42.457142,PM2.5,2110
31.840000,36.490002,7.200000,2.720000,0.430000,71.040001,5.400000,2.930000,283.950012,70.199997,81929.742188,24.37,101.08,45.485714,PM2.5,2111
31.100000,35.529999,7.040000,2.450000,0.440000,73.910004,8.910000,4.560000,283.059998,69.589996,80078.000000,24.37,101.23,44.428574,PM2.5,2112
29.490000,34.450001,7.100000,2.880000,0.510000,72.110001,7.560000,2.240000,287.010010,56.290001,84060.023438,24.38,101.38,42.128571,PM2.5,2113
30.930000,37.830002,7.290000,4.370000,0.640000,69.220001,2.660000,0.320000,287.700012,58.480000,86786.953125,24.38,101.52,44.185715,PM2.5,2114
34.150002,43.509998,8.130000,6.780000,0.850000,66.709999,1.190000,3.320000,287.850006,60.549999,87696.382812,24.39,101.67,48.785717,PM2.5,2115
34.840000,45.480000,8.990000,9.370000,1.070000,66.300003,1.980000,3.250000,287.309998,63.320000,87323.453125,24.39,101.82,49.771427,PM2.5,2116
35.980000,45.709999,9.930000,11.600000,1.310000,64.500000,3.400000,4.230000,285.049988,70.849998,84548.656250,24.39,101.97,51.224998,PM2.5,2117
36.369999,43.139999,10.550000,14.060000,1.520000,62.150002,5.260000,4.360000,283.429993,75.470001,82153.500000,24.4,102.11,51.712498,PM2.5,2118
37.189999,46.169998,11.760000,16.219999,1.800000,60.400002,6.450000,3.090000,282.829987,77.099998,81089.703125,24.4,102.26,52.737499,PM2.5,2119
36.750000,45.169998,12.550000,17.209999,1.930000,61.730000,6.870000,2.320000,282.820007,78.010002,81000.437500,24.4,102.41,52.187500,PM2.5,2120
45.910000,85.800003,28.680000,42.840000,3.000000,43.930000,7.260000,2.760000,283.130005,78.790001,81395.906250,24.41,102.56,75.000000,CO,2121
47.720001,93.400002,31.459999,47.110001,3.180000,41.840000,8.330000,3.350000,282.910004,78.820000,81551.390625,24.41,102.71,79.500000,CO,2122
38.430000,64.839996,20.209999,27.750000,2.260000,60.290001,10.490000,4.400000,283.600006,81.680000,81392.109375,24.41,102.85,57.419998,PM10,2123
38.750000,64.550003,19.549999,26.690001,2.210000,58.349998,11.390000,2.950000,283.980011,76.400002,81608.796875,24.42,103.0,57.275002,PM10,2124
38.490002,64.180000,17.930000,25.309999,2.080000,57.169998,10.050000,1.100000,284.410004,72.139999,82059.929688,24.42,103.15,57.090000,PM10,2125
40.570000,71.959999,19.950001,27.059999,2.070000,55.389999,8.220000,1.760000,284.649994,69.820000,82386.812500,24.42,103.3,60.980000,PM10,2126
42.720001,76.279999,20.330000,26.090000,1.970000,54.860001,7.170000,3.180000,284.700012,69.510002,83117.703125,24.42,103.45,63.139999,PM10,2127
41.669998,69.790001,16.959999,20.080000,1.620000,58.669998,7.250000,4.320000,283.779999,74.360001,82609.906250,24.42,103.59,59.895000,PM10,2128
40.779999,62.180000,14.990000,16.010000,1.350000,62.049999,9.040000,3.760000,282.720001,78.559998,81396.117188,24.43,103.74,57.224998,PM2.5,2129
38.459999,55.599998,13.250000,11.800000,1.070000,65.070000,11.160000,2.680000,283.609985,75.470001,82238.726562,24.43,103.89,54.324997,PM2.5,2130
37.820000,52.549999,12.190000,9.600000,0.910000,62.820000,9.550000,2.700000,286.399994,65.610001,85728.500000,24.43,104.04,53.525002,PM2.5,2131
39.200001,50.060001,11.330000,6.740000,0.710000,63.150002,6.570000,3.680000,287.000000,64.720001,87737.687500,24.43,104.19,55.250000,PM2.5,2132
42.209999,50.799999,11.400000,5.480000,0.630000,65.400002,6.540000,3.840000,286.399994,66.529999,87329.187500,24.43,104.33,59.012497,PM2.5,2133
44.459999,51.480000,10.920000,4.690000,0.570000,63.720001,7.000000,3.250000,286.239990,66.550003,87381.429688,24.43,104.48,61.824997,PM2.5,2134
51.070000,54.730000,11.160000,3.370000,0.470000,63.529999,3.500000,3.620000,287.100006,63.380001,89517.046875,24.43,104.78,70.087502,PM2.5,2136
67.760002,72.309998,13.600000,3.070000,0.560000,64.070000,-1.060000,2.340000,285.850006,68.379997,90872.523438,24.43,105.07,90.950005,PM2.5,2138
25.370001,28.049999,5.560000,2.410000,0.310000,82.570000,0.470000,1.180000,286.690002,67.900002,86125.367188,24.34,97.68,36.242859,PM2.5,2231
27.410000,30.340000,6.340000,3.070000,0.330000,81.639999,0.690000,-0.080000,286.420013,69.610001,86912.281250,24.35,97.82,39.157143,PM2.5,2232
26.790001,29.639999,6.250000,2.970000,0.320000,80.820000,0.690000,-0.360000,286.880005,67.760002,88086.289062,24.36,97.97,38.271431,PM2.5,2233
24.780001,27.340000,5.650000,2.510000,0.310000,80.760002,0.800000,-0.360000,287.660004,64.070000,89405.078125,24.37,98.12,35.400002,PM2.5,2234
25.670000,28.290001,6.080000,2.630000,0.320000,78.559998,0.740000,-0.070000,287.549988,64.290001,89415.468750,24.37,98.27,36.671429,PM2.5,2235
24.360001,26.750000,5.590000,2.140000,0.310000,78.129997,0.570000,1.860000,287.670013,65.250000,88674.156250,24.38,98.41,34.799999,PM2.5,2236
24.950001,27.420000,6.220000,2.260000,0.310000,77.680000,1.580000,3.190000,286.640015,66.730003,86089.406250,24.39,98.56,35.642857,PM2.5,2237
24.889999,27.230000,5.940000,2.220000,0.310000,78.330002,5.000000,2.680000,283.649994,71.629997,81088.398438,24.4,98.71,35.557140,PM2.5,2238
24.100000,26.340000,5.690000,2.230000,0.310000,77.790001,6.460000,0.960000,285.320007,63.610001,82296.789062,24.41,98.86,34.428574,PM2.5,2239
23.260000,25.500000,5.570000,2.370000,0.300000,76.529999,4.480000,-0.280000,287.739990,57.730000,85940.843750,24.41,99.0,33.228573,PM2.5,2240
23.990000,26.320000,5.610000,2.480000,0.310000,75.889999,4.000000,-0.480000,286.959991,60.939999,85451.773438,24.42,99.15,34.271427,PM2.5,2241
24.660000,27.090000,5.620000,2.460000,0.310000,75.180000,4.050000,0.490000,287.130005,59.790001,86107.976562,24.43,99.3,35.228573,PM2.5,2242
24.680000,27.070000,5.460000,2.290000,0.310000,76.000000,2.670000,0.830000,286.920013,61.560001,86889.601562,24.44,99.45,35.257145,PM2.5,2243
25.559999,28.000000,5.470000,2.300000,0.320000,74.519997,2.230000,2.250000,286.769989,64.260002,86475.312500,24.44,99.6,36.514286,PM2.5,2244
24.809999,27.120001,5.400000,2.060000,0.310000,74.949997,3.490000,2.500000,285.279999,68.220001,83926.046875,24.45,99.74,35.442856,PM2.5,2245
23.770000,25.910000,5.160000,1.880000,0.300000,76.129997,6.390000,0.690000,283.019989,72.629997,80436.773438,24.46,99.89,33.957142,PM2.5,2246
24.340000,26.690001,5.780000,2.330000,0.310000,74.529999,8.720000,0.230000,283.649994,67.760002,80489.101562,24.46,100.04,34.771427,PM2.5,2247
24.870001,27.340000,6.200000,2.600000,0.320000,72.199997,7.730000,1.600000,285.700012,61.080002,83025.796875,24.47,100.19,35.528572,PM2.5,2248
25.410000,27.889999,5.990000,2.520000,0.320000,70.570000,4.950000,1.260000,286.820007,58.480000,85372.296875,24.48,100.33,36.299999,PM2.5,2249
26.590000,29.059999,5.880000,2.330000,0.320000,72.260002,3.620000,0.990000,285.809998,63.080002,84853.187500,24.48,100.48,37.985714,PM2.5,2250
26.420000,28.690001,5.760000,2.130000,0.310000,73.169998,6.160000,1.500000,283.799988,67.010002,81417.687500,24.49,100.63,37.742859,PM2.5,2251
26.030001,28.180000,5.970000,2.190000,0.320000,73.739998,7.970000,0.980000,284.880005,62.189999,82005.250000,24.49,100.78,37.185715,PM2.5,2252
26.430000,29.760000,6.310000,2.720000,0.360000,72.480003,6.900000,0.900000,284.890015,63.189999,82664.726562,24.5,100.93,37.757145,PM2.5,2253
27.450001,31.100000,6.390000,2.860000,0.400000,72.650002,8.250000,2.680000,283.700012,66.980003,80966.320312,24.5,101.07,39.214287,PM2.5,2254
27.590000,32.000000,6.450000,2.920000,0.440000,71.529999,8.900000,3.580000,286.420013,57.369999,83530.570312,24.51,101.22,39.414288,PM2.5,2255
28.920000,35.459999,6.640000,4.270000,0.590000,70.250000,4.480000,0.530000,288.260010,54.160000,86947.046875,24.51,101.37,41.314285,PM2.5,2256
30.250000,38.240002,7.070000,5.740000,0.740000,72.190002,0.590000,0.400000,287.859985,58.570000,87738.976562,24.52,101.52,43.214287,PM2.5,2257
30.809999,38.930000,7.270000,7.110000,0.870000,68.680000,0.800000,1.540000,286.390015,63.740002,85781.429688,24.52,101.67,44.014286,PM2.5,2258
32.139999,39.189999,8.030000,9.020000,1.070000,67.769997,2.560000,2.590000,284.260010,71.760002,83065.109375,24.52,101.81,45.914284,PM2.5,2259
33.720001,38.720001,9.200000,11.220000,1.350000,64.209999,3.770000,4.240000,283.980011,73.889999,82861.281250,24.53,101.96,48.171429,PM2.5,2260
34.259998,37.439999,10.750000,14.680000,1.640000,61.689999,4.400000,4.460000,284.089996,73.349998,82937.156250,24.53,102.11,48.942856,PM2.5,2261
33.869999,36.509998,11.340000,15.380000,1.790000,62.799999,5.920000,3.460000,282.850006,76.269997,80982.906250,24.54,102.26,48.385712,PM2.5,2262
33.080002,36.230000,11.450000,15.530000,1.870000,62.400002,8.400000,2.420000,282.040009,76.320000,79702.382812,24.54,102.41,47.257145,PM2.5,2263
36.029999,50.830002,17.709999,24.889999,2.300000,56.220001,9.590000,2.320000,282.339996,76.120003,79849.406250,24.54,102.56,57.500000,CO,2264
37.650002,60.799999,20.469999,29.850000,2.480000,53.270000,10.020000,2.750000,282.369995,74.989998,80306.031250,24.55,102.7,62.000000,CO,2265
32.299999,50.209999,15.390000,21.320000,1.980000,65.449997,10.870000,3.070000,284.170013,76.599998,81372.070312,24.55,102.85,50.105000,PM10,2266
33.380001,53.110001,15.990000,22.190001,2.000000,62.330002,10.680000,2.610000,284.700012,75.040001,81934.773438,24.55,103.0,51.555000,PM10,2267
33.730000,53.360001,15.170000,21.110001,1.890000,62.090000,10.040000,2.240000,284.179993,75.440002,81488.078125,24.55,103.15,51.680000,PM10,2268
34.480000,55.900002,14.960000,20.209999,1.780000,61.880001,9.490000,1.920000,283.989990,74.599998,81284.468750,24.56,103.3,52.950001,PM10,2269
35.189999,58.650002,14.770000,19.350000,1.650000,62.070000,8.850000,1.950000,284.279999,72.309998,81741.046875,24.56,103.44,54.325001,PM10,2270
36.049999,60.250000,14.190000,17.790001,1.500000,63.310001,8.780000,3.300000,284.320007,72.120003,82170.179688,24.56,103.59,55.125000,PM10,2271
36.939999,60.459999,13.530000,16.080000,1.350000,64.480003,10.070000,3.490000,283.510010,75.419998,81618.476562,24.56,103.74,55.230000,PM10,2272
36.889999,57.810001,12.780000,13.310000,1.190000,66.400002,12.410000,1.410000,282.920013,76.419998,80911.343750,24.56,103.89,53.904999,PM10,2273
36.349998,53.779999,12.120000,10.930000,1.010000,66.550003,12.010000,0.450000,284.459991,69.820000,82340.546875,24.56,104.04,51.889999,PM10,2274
37.900002,50.459999,11.710000,8.110000,0.820000,65.959999,7.660000,2.560000,286.250000,64.889999,85407.992188,24.57,104.18,53.625000,PM2.5,2275
47.009998,56.150002,11.820000,5.130000,0.690000,66.559998,4.110000,2.890000,286.660004,65.790001,88391.960938,24.57,104.33,65.012497,PM2.5,2276
53.750000,60.680000,12.090000,3.760000,0.610000,66.930000,3.290000,1.970000,286.660004,66.669998,90034.710938,24.57,104.48,73.437500,PM2.5,2277
23.690001,26.320000,5.320000,2.480000,0.300000,82.599998,0.050000,1.660000,287.859985,63.009998,87709.078125,24.47,97.67,33.842857,PM2.5,2376
27.309999,30.490000,7.190000,3.670000,0.330000,82.470001,1.110000,1.200000,286.450012,66.980003,86054.046875,24.48,97.81,39.014286,PM2.5,2377
27.370001,30.510000,7.240000,3.680000,0.330000,82.510002,1.800000,1.090000,286.119995,67.529999,85280.117188,24.49,97.96,39.100002,PM2.5,2378
25.889999,28.730000,6.280000,3.220000,0.320000,81.860001,1.970000,0.500000,286.119995,66.930000,85526.281250,24.5,98.11,36.985714,PM2.5,2379
25.639999,28.410000,6.090000,3.040000,0.310000,79.739998,1.240000,0.310000,286.239990,66.220001,86989.539062,24.51,98.26,36.628571,PM2.5,2380
24.690001,27.250000,5.720000,2.690000,0.310000,78.910004,0.950000,1.110000,286.149994,67.919998,86973.343750,24.52,98.4,35.271431,PM2.5,2381
24.709999,27.240000,6.550000,2.860000,0.310000,78.089996,1.560000,2.880000,286.450012,66.800003,86684.742188,24.53,98.55,35.299999,PM2.5,2382
24.309999,26.740000,6.250000,2.710000,0.310000,78.239998,3.160000,3.090000,285.549988,66.730003,84455.632812,24.53,98.7,34.728569,PM2.5,2383
24.230000,26.580000,5.940000,2.660000,0.310000,78.330002,4.850000,1.020000,283.940002,70.019997,82064.890625,24.54,98.85,34.614285,PM2.5,2384
23.900000,26.260000,5.820000,2.770000,0.310000,77.900002,5.580000,-0.190000,284.160004,67.239998,81762.773438,24.55,99.0,34.142857,PM2.5,2385
24.040001,26.430000,5.740000,2.900000,0.310000,76.540001,6.380000,-0.550000,284.140015,65.449997,81341.953125,24.56,99.14,34.342857,PM2.5,2386
23.379999,25.650000,5.640000,2.750000,0.310000,76.599998,6.050000,-0.060000,285.739990,59.830002,82948.109375,24.56,99.29,33.399998,PM2.5,2387
23.830000,26.170000,5.630000,2.730000,0.310000,76.050003,3.460000,1.330000,286.640015,59.009998,85270.468750,24.57,99.44,34.042858,PM2.5,2388
24.840000,27.299999,5.580000,2.680000,0.320000,77.269997,1.780000,1.550000,285.820007,64.949997,85607.492188,24.58,99.59,35.485714,PM2.5,2389
25.049999,27.520000,5.940000,2.600000,0.320000,76.230003,2.870000,2.780000,284.839996,69.779999,83833.148438,24.58,99.74,35.785713,PM2.5,2390
24.920000,27.330000,5.990000,2.570000,0.310000,75.629997,5.810000,3.110000,283.079987,73.730003,80833.656250,24.59,99.88,35.599998,PM2.5,2391
24.170000,26.350000,5.850000,2.460000,0.310000,76.430000,8.410000,1.870000,282.989990,69.160004,79901.796875,24.6,100.03,34.528572,PM2.5,2392
23.889999,25.870001,5.890000,2.590000,0.310000,75.309998,7.540000,0.450000,284.709991,61.910000,81318.273438,24.6,100.18,34.128571,PM2.5,2393
24.110001,26.290001,5.620000,2.520000,0.310000,74.190002,4.090000,-0.120000,285.500000,61.230000,83574.171875,24.61,100.33,34.442860,PM2.5,2394
26.040001,28.459999,5.630000,2.320000,0.310000,75.699997,3.030000,0.590000,284.980011,65.980003,83995.609375,24.62,100.48,37.200001,PM2.5,2395
25.469999,27.750000,5.440000,2.140000,0.310000,75.860001,5.360000,1.200000,284.119995,67.160004,82434.187500,24.62,100.62,36.385712,PM2.5,2396
24.750000,26.889999,5.280000,2.030000,0.300000,75.940002,6.690000,0.240000,284.179993,66.559998,82315.843750,24.63,100.77,35.357143,PM2.5,2397
24.209999,26.790001,5.340000,2.360000,0.330000,75.370003,7.320000,0.830000,283.339996,67.959999,80909.437500,24.63,100.92,34.585712,PM2.5,2398
23.559999,26.200001,5.320000,2.540000,0.360000,75.800003,8.510000,1.340000,283.940002,64.970001,80998.218750,24.64,101.07,33.657143,PM2.5,2399
23.030001,26.059999,5.390000,2.780000,0.390000,74.379997,7.240000,0.760000,286.279999,57.669998,83506.171875,24.64,101.22,32.900002,PM2.5,2400
24.620001,29.070000,5.770000,3.630000,0.510000,72.019997,4.550000,0.840000,286.959991,57.090000,84994.703125,24.65,101.37,35.171429,PM2.5,2401
26.610001,32.369999,6.420000,5.140000,0.670000,72.690002,3.130000,0.880000,286.850006,59.070000,85422.578125,24.65,101.51,38.014286,PM2.5,2402
27.750000,33.169998,6.900000,6.650000,0.830000,70.970001,4.180000,2.140000,284.690002,65.930000,83027.156250,24.66,101.66,39.642857,PM2.5,2403
29.110001,32.470001,7.370000,8.200000,1.030000,68.139999,5.510000,4.020000,283.820007,69.480003,81850.882812,24.66,101.81,41.585716,PM2.5,2404
30.280001,30.860001,8.430000,10.330000,1.290000,65.019997,4.760000,4.100000,284.109985,70.809998,82238.976562,24.66,101.96,43.257145,PM2.5,2405
31.920000,33.099998,10.780000,14.820000,1.650000,61.730000,4.840000,4.170000,283.269989,75.110001,81625.523438,24.67,102.11,45.599998,PM2.5,2406
31.400000,31.719999,11.010000,15.050000,1.780000,62.119999,6.340000,4.420000,282.799988,76.510002,80890.156250,24.67,102.26,44.857143,PM2.5,2407
30.230000,30.170000,10.920000,14.500000,1.810000,62.980000,8.670000,3.740000,281.970001,76.000000,79568.906250,24.67,102.4,45.250000,CO,2408
30.420000,34.799999,13.020000,17.379999,1.950000,61.590000,10.840000,2.980000,282.059998,74.300003,79251.820312,24.68,102.55,48.750000,CO,2409
30.830000,39.560001,14.430000,19.860001,2.040000,60.299999,11.130000,2.600000,282.730011,70.080002,79921.968750,24.68,102.7,51.000000,CO,2410
31.280001,43.410000,14.440000,20.870001,2.040000,60.060001,10.990000,1.890000,282.820007,69.870003,79921.953125,24.68,102.85,51.000000,CO,2411
31.440001,45.169998,13.680000,20.920000,1.980000,59.130001,10.820000,2.340000,283.470001,68.940002,80499.718750,24.69,103.0,49.500000,CO,2412
31.490000,46.529999,13.320000,20.240000,1.870000,60.180000,9.830000,3.120000,284.609985,66.540001,81726.851562,24.69,103.15,46.750000,CO,2413
31.780001,48.599998,12.800000,18.610001,1.730000,61.490002,9.030000,2.510000,284.679993,68.029999,81925.328125,24.69,103.29,48.599998,PM10,2414
33.110001,53.000000,12.390000,18.030001,1.620000,61.290001,9.660000,1.720000,283.450012,72.580002,80665.203125,24.69,103.44,51.500000,PM10,2415
34.049999,56.150002,12.070000,17.049999,1.500000,62.540001,10.910000,2.030000,283.079987,73.620003,80231.203125,24.69,103.59,53.075001,PM10,2416
34.000000,55.900002,11.670000,15.090000,1.330000,65.430000,11.080000,2.970000,283.670013,72.089996,81084.843750,24.7,103.74,52.950001,PM10,2417
33.430000,52.540001,10.730000,12.560000,1.150000,67.139999,11.510000,2.350000,283.399994,73.470001,80917.500000,24.7,103.89,51.270000,PM10,2418
33.970001,50.790001,10.500000,10.650000,1.020000,67.830002,13.080000,0.790000,282.679993,74.480003,80166.687500,24.7,104.04,50.395000,PM10,2419
33.689999,46.650002,10.080000,8.290000,0.830000,67.860001,11.140000,1.580000,284.290009,67.949997,81521.859375,24.7,104.18,48.128571,PM2.5,2420
44.160000,53.980000,11.020000,5.410000,0.720000,66.870003,5.010000,2.360000,285.950012,65.250000,85785.843750,24.7,104.33,61.450001,PM2.5,2421
52.730000,60.220001,11.720000,3.750000,0.620000,68.080002,1.350000,1.380000,286.380005,66.910004,89204.562500,24.7,104.48,72.162498,PM2.5,2422
23.180000,25.969999,5.600000,2.710000,0.290000,82.349998,-0.540000,1.110000,287.899994,60.970001,87738.476562,24.61,97.66,33.114285,PM2.5,2521
27.969999,31.580000,8.610000,4.380000,0.330000,82.589996,1.130000,0.740000,286.649994,63.619999,86536.109375,24.62,97.8,39.957142,PM2.5,2522
27.620001,31.090000,8.100000,4.240000,0.330000,82.239998,1.730000,1.460000,286.549988,63.900002,86703.843750,24.63,97.95,39.457146,PM2.5,2523
25.170000,28.129999,6.240000,3.430000,0.310000,81.709999,1.470000,1.310000,286.140015,64.940002,86069.070312,24.63,98.1,35.957142,PM2.5,2524
24.129999,26.900000,5.660000,3.100000,0.300000,80.480003,0.830000,0.490000,285.869995,64.239998,86952.406250,24.64,98.25,34.471428,PM2.5,2525
23.430000,26.030001,5.520000,3.000000,0.300000,79.589996,0.560000,0.200000,285.700012,65.769997,86451.578125,24.65,98.4,33.471428,PM2.5,2526
23.700001,26.280001,6.420000,3.520000,0.300000,79.120003,0.960000,1.220000,285.329987,68.139999,85635.250000,24.66,98.54,33.857143,PM2.5,2527
24.129999,26.620001,6.460000,3.220000,0.310000,78.540001,2.090000,2.460000,284.820007,70.250000,84369.320312,24.67,98.69,34.471428,PM2.5,2528
24.510000,27.010000,6.200000,3.060000,0.310000,78.370003,4.370000,2.440000,283.899994,70.910004,82239.218750,24.68,98.84,35.014286,PM2.5,2529
24.360001,26.860001,6.030000,3.090000,0.310000,77.699997,5.420000,1.650000,284.380005,66.830002,82485.312500,24.68,98.99,34.799999,PM2.5,2530
24.299999,26.790001,5.810000,3.110000,0.310000,77.089996,5.770000,0.810000,283.119995,71.279999,81102.203125,24.69,99.14,34.714283,PM2.5,2531
23.280001,25.540001,5.580000,2.830000,0.300000,78.279999,6.980000,0.590000,283.489990,65.730003,80327.039062,24.7,99.28,33.257145,PM2.5,2532
22.690001,24.920000,5.520000,2.830000,0.300000,77.260002,5.190000,1.340000,286.239990,56.869999,83603.351562,24.71,99.43,32.414288,PM2.5,2533
24.059999,26.580000,5.550000,2.990000,0.310000,76.959999,2.860000,0.560000,285.429993,61.470001,84179.796875,24.71,99.58,34.371429,PM2.5,2534
25.660000,28.420000,6.120000,3.170000,0.320000,76.720001,4.180000,1.880000,283.920013,68.250000,82464.406250,24.72,99.73,36.657143,PM2.5,2535
25.940001,28.740000,6.320000,3.150000,0.320000,75.279999,6.660000,3.560000,283.950012,69.209999,82194.179688,24.73,99.88,37.057144,PM2.5,2536
25.820000,28.660000,6.280000,3.150000,0.320000,74.400002,7.620000,3.130000,285.000000,64.129997,82738.976562,24.73,100.02,36.885715,PM2.5,2537
26.180000,29.120001,6.130000,3.220000,0.330000,73.410004,6.210000,0.810000,285.459991,61.959999,83698.773438,24.74,100.17,37.400002,PM2.5,2538
26.459999,29.379999,5.810000,2.990000,0.320000,74.339996,4.330000,-0.020000,284.730011,64.730003,83514.273438,24.74,100.32,37.799999,PM2.5,2539
26.370001,29.020000,5.610000,2.610000,0.320000,75.919998,4.580000,-0.030000,283.549988,69.419998,81846.382812,24.75,100.47,37.671429,PM2.5,2540
25.110001,27.500000,5.280000,2.300000,0.310000,77.050003,6.460000,0.240000,282.760010,70.239998,80302.328125,24.76,100.62,35.871429,PM2.5,2541
23.510000,25.480000,4.960000,2.030000,0.290000,78.629997,7.980000,0.740000,282.709991,68.339996,79831.093750,24.76,100.77,33.585716,PM2.5,2542
22.059999,24.139999,4.880000,2.200000,0.310000,79.419998,8.370000,1.850000,283.299988,65.870003,80275.218750,24.77,100.92,31.514284,PM2.5,2543
21.549999,23.580000,4.830000,2.410000,0.340000,79.150002,8.360000,1.140000,283.510010,64.940002,80403.718750,24.77,101.06,30.785713,PM2.5,2544
21.250000,23.450001,4.830000,2.630000,0.370000,78.680000,7.910000,0.500000,284.049988,62.939999,80735.281250,24.78,101.21,30.357143,PM2.5,2545
22.000000,25.160000,5.050000,3.330000,0.460000,74.480003,6.470000,1.710000,285.399994,59.730000,82409.343750,24.78,101.36,31.428572,PM2.5,2546
23.650000,27.559999,5.620000,4.420000,0.600000,72.750000,5.970000,2.470000,285.040009,62.509998,82517.703125,24.79,101.51,33.785713,PM2.5,2547
24.980000,28.240000,6.260000,5.720000,0.760000,70.769997,7.440000,3.800000,284.429993,64.430000,81811.453125,24.79,101.66,35.685715,PM2.5,2548
25.639999,25.770000,6.670000,6.830000,0.930000,68.940002,7.540000,4.520000,285.160004,62.340000,82795.046875,24.79,101.81,36.628571,PM2.5,2549
26.910000,24.299999,7.520000,8.720000,1.170000,66.379997,6.300000,4.600000,284.459991,66.230003,82181.296875,24.8,101.95,38.442856,PM2.5,2550
28.469999,25.760000,9.370000,12.520000,1.480000,63.270000,6.710000,4.460000,283.179993,71.449997,80697.187500,24.8,102.1,40.671429,PM2.5,2551
29.010000,27.940001,11.490000,15.180000,1.680000,62.060001,7.710000,4.380000,283.070007,73.389999,80794.726562,24.81,102.25,42.000000,CO,2552
29.100000,30.059999,12.840000,16.760000,1.800000,61.450001,8.870000,4.200000,282.790009,74.820000,80304.070312,24.81,102.4,45.000000,CO,2553
29.520000,34.730000,14.240000,18.740000,1.910000,60.580002,10.760000,3.510000,282.690002,71.410004,80275.421875,24.81,102.55,47.750000,CO,2554
25.750000,33.389999,11.840000,15.090000,1.630000,70.099998,11.740000,2.420000,284.339996,71.120003,80858.539062,24.82,102.7,40.750000,CO,2555
26.900000,37.910000,12.780000,17.430000,1.680000,65.379997,12.090000,1.460000,283.649994,71.330002,80076.359375,24.82,102.85,42.000000,CO,2556
28.570000,45.380001,15.120000,21.420000,1.740000,61.990002,11.970000,1.600000,284.339996,66.139999,80829.359375,24.82,102.99,45.380001,PM10,2557
30.370001,52.860001,17.930000,26.170000,1.810000,56.880001,9.550000,2.330000,286.230011,59.360001,83112.546875,24.82,103.14,51.430000,PM10,2558
31.879999,56.270000,16.600000,24.389999,1.780000,57.090000,7.510000,2.540000,285.709991,62.169998,82932.187500,24.83,103.29,53.135002,PM10,2559
33.349998,59.270000,14.750000,22.299999,1.690000,56.910000,8.480000,2.580000,283.700012,70.410004,80925.406250,24.83,103.44,54.635002,PM10,2560
33.439999,60.470001,13.920000,20.110001,1.520000,60.529999,10.370000,2.200000,283.000000,71.449997,79896.703125,24.83,103.59,55.235001,PM10,2561
32.950001,57.200001,13.160000,17.840000,1.360000,63.380001,11.200000,1.850000,283.470001,68.760002,80284.726562,24.83,103.74,53.599998,PM10,2562
32.279999,52.930000,12.310000,15.370000,1.200000,65.940002,11.500000,1.800000,283.899994,67.550003,80755.882812,24.83,103.89,51.465000,PM10,2563
32.099998,49.110001,11.680000,12.630000,1.050000,67.589996,12.680000,1.740000,283.450012,69.279999,80524.609375,24.83,104.03,49.110001,PM10,2564
32.230000,45.889999,11.080000,10.410000,0.890000,66.489998,11.900000,1.350000,284.420013,65.260002,81219.687500,24.84,104.18,46.042858,PM2.5,2565
42.230000,54.689999,12.500000,7.930000,0.830000,64.800003,6.500000,2.620000,285.640015,63.169998,84103.617188,24.84,104.33,59.037498,PM2.5,2566
53.189999,63.029999,14.050000,5.740000,0.720000,68.129997,2.200000,2.530000,285.200012,68.519997,85935.273438,24.84,104.48,72.737495,PM2.5,2567
21.309999,24.040001,4.790000,2.410000,0.270000,81.980003,0.020000,0.820000,287.839996,59.470001,87014.750000,24.74,97.64,30.442856,PM2.5,2666
25.490000,28.940001,7.300000,3.820000,0.300000,83.160004,2.490000,0.090000,285.220001,64.089996,82942.250000,24.75,97.79,36.414284,PM2.5,2667
25.530001,29.110001,7.240000,3.870000,0.310000,81.910004,2.540000,0.500000,287.309998,57.040001,86790.289062,24.76,97.94,36.471428,PM2.5,2668
22.580000,25.530001,5.310000,3.000000,0.290000,81.989998,1.690000,0.500000,287.679993,55.209999,88282.148438,24.77,98.09,32.257141,PM2.5,2669
21.969999,24.750000,5.020000,2.980000,0.280000,82.639999,1.930000,-0.120000,286.429993,57.700001,86570.757812,24.78,98.24,31.385714,PM2.5,2670
22.150000,24.830000,5.040000,3.120000,0.280000,81.139999,2.300000,-0.100000,285.420013,60.380001,85287.500000,24.79,98.39,31.642857,PM2.5,2671
22.480000,25.080000,5.630000,3.560000,0.290000,80.360001,2.640000,0.460000,284.799988,64.029999,84193.773438,24.79,98.53,32.114285,PM2.5,2672
22.600000,25.150000,5.670000,3.530000,0.290000,78.540001,2.830000,1.600000,284.679993,66.089996,84622.882812,24.8,98.68,32.285713,PM2.5,2673
23.440001,25.980000,5.820000,3.320000,0.300000,78.589996,3.140000,2.440000,285.179993,65.290001,84638.687500,24.81,98.83,33.485714,PM2.5,2674
23.719999,26.260000,5.780000,3.350000,0.310000,78.110001,3.510000,2.110000,284.679993,66.709999,83973.320312,24.82,98.98,33.885712,PM2.5,2675
24.530001,27.170000,6.040000,3.570000,0.310000,77.550003,5.430000,2.090000,283.149994,71.400002,81667.093750,24.83,99.13,35.042858,PM2.5,2676
24.010000,26.580000,5.830000,3.450000,0.310000,76.750000,7.940000,1.990000,284.279999,64.239998,81733.437500,24.83,99.28,34.299999,PM2.5,2677
23.240000,25.780001,5.560000,3.490000,0.310000,75.150002,6.220000,0.740000,286.329987,57.590000,84340.796875,24.84,99.42,33.200001,PM2.5,2678
24.840000,27.690001,6.180000,3.780000,0.320000,75.870003,4.950000,0.220000,284.350006,64.070000,82515.140625,24.85,99.57,35.485714,PM2.5,2679
26.129999,29.309999,6.210000,3.760000,0.320000,75.120003,6.980000,1.010000,283.519989,66.360001,81350.031250,24.85,99.72,37.328571,PM2.5,2680
25.690001,28.490000,6.070000,3.510000,0.320000,75.660004,7.580000,1.590000,284.790009,63.509998,82661.203125,24.86,99.87,36.700001,PM2.5,2681
26.520000,29.780001,5.910000,3.460000,0.320000,73.550003,5.630000,1.610000,286.059998,59.950001,84543.859375,24.87,100.02,37.885715,PM2.5,2682
26.850000,30.209999,5.710000,3.340000,0.320000,74.830002,3.250000,0.210000,285.809998,60.459999,85317.492188,24.87,100.17,38.357143,PM2.5,2683
26.520000,29.700001,5.760000,3.520000,0.320000,77.389999,3.180000,0.420000,284.100006,65.879997,83060.703125,24.88,100.32,37.885715,PM2.5,2684
25.690001,28.530001,5.470000,3.050000,0.310000,77.160004,5.450000,1.750000,282.570007,71.209999,80548.117188,24.88,100.46,36.700001,PM2.5,2685
25.250000,27.980000,5.220000,2.750000,0.310000,75.320000,8.670000,2.500000,281.380005,71.459999,78519.750000,24.89,100.61,36.071430,PM2.5,2686
22.350000,24.209999,4.750000,2.310000,0.290000,78.620003,10.410000,1.640000,282.709991,62.009998,78859.523438,24.9,100.76,31.928572,PM2.5,2687
21.500000,23.809999,4.750000,2.950000,0.320000,76.230003,9.670000,1.100000,284.690002,55.060001,80878.703125,24.9,100.91,30.714285,PM2.5,2688
21.059999,23.340000,4.640000,3.290000,0.350000,74.809998,9.380000,1.320000,284.230011,57.099998,80669.921875,24.91,101.06,30.085714,PM2.5,2689
20.959999,23.500000,4.630000,3.640000,0.390000,73.870003,9.830000,1.150000,284.100006,57.619999,80504.140625,24.91,101.21,29.942856,PM2.5,2690
20.830000,23.709999,4.750000,4.300000,0.470000,72.589996,8.990000,1.280000,284.850006,56.369999,81416.093750,24.92,101.36,29.757143,PM2.5,2691
21.600000,24.580000,5.170000,4.950000,0.580000,71.500000,8.540000,2.630000,284.489990,59.570000,81314.250000,24.92,101.5,30.857143,PM2.5,2692
22.480000,24.350000,5.770000,5.640000,0.720000,70.459999,8.920000,3.700000,284.529999,60.770000,81403.226562,24.92,101.65,32.114285,PM2.5,2693
22.190001,19.770000,6.080000,5.800000,0.820000,71.629997,7.710000,3.620000,285.519989,59.150002,82679.203125,24.93,101.8,31.700001,PM2.5,2694
23.440001,18.860001,6.690000,7.240000,1.020000,68.570000,6.380000,4.840000,285.750000,60.349998,83285.789062,24.93,101.95,33.485714,PM2.5,2695
24.629999,19.160000,7.830000,10.210000,1.260000,65.889999,6.850000,4.770000,284.609985,64.300003,81980.640625,24.94,102.1,35.185715,PM2.5,2696
26.400000,25.190001,11.460000,15.050000,1.510000,62.560001,8.210000,3.500000,283.390015,68.910004,80690.656250,24.94,102.25,37.750000,CO,2697
27.690001,31.270000,14.120000,18.600000,1.670000,60.250000,9.810000,3.270000,282.980011,71.209999,80160.890625,24.94,102.4,41.750000,CO,2698
30.010000,45.750000,17.889999,23.940001,1.840000,57.049999,10.530000,3.240000,283.119995,70.139999,80341.593750,24.95,102.54,46.000000,CO,2699
29.650000,45.279999,18.959999,27.070000,1.790000,58.450001,9.620000,2.140000,283.799988,68.339996,80919.132812,24.95,102.69,45.279999,PM10,2700
31.320000,56.619999,18.750000,30.090000,1.840000,54.009998,10.260000,1.250000,283.190002,70.550003,80225.359375,24.95,102.84,53.309998,PM10,2701
32.570000,63.660000,21.059999,32.750000,1.840000,52.340000,12.120000,0.540000,283.640015,67.260002,80516.179688,24.96,102.99,56.830002,PM10,2702
34.570000,73.129997,24.670000,37.950001,1.900000,47.439999,10.430000,1.380000,285.570007,60.240002,82640.843750,24.96,103.14,61.564999,PM10,2703
34.970001,72.040001,22.440001,34.160000,1.880000,49.299999,8.100000,2.680000,285.350006,61.889999,82730.890625,24.96,103.29,61.020000,PM10,2704
34.459999,68.260002,19.940001,29.420000,1.730000,53.049999,9.070000,3.060000,284.140015,66.889999,81418.156250,24.96,103.44,59.130001,PM10,2705
34.169998,66.000000,17.889999,26.070000,1.600000,55.790001,10.560000,2.570000,284.029999,67.110001,81171.203125,24.96,103.59,58.000000,PM10,2706
33.180000,60.340000,16.480000,22.730000,1.430000,60.290001,11.150000,1.860000,283.769989,67.330002,80784.507812,24.97,103.74,55.169998,PM10,2707
32.250000,54.470001,14.960000,19.559999,1.260000,63.450001,12.250000,1.330000,283.220001,68.269997,80062.296875,24.97,103.88,52.235001,PM10,2708
31.809999,49.930000,13.930000,16.190001,1.110000,65.510002,13.770000,1.090000,283.329987,66.800003,80112.226562,24.97,104.03,49.930000,PM10,2709
32.160000,47.270000,13.500000,13.680000,0.980000,65.349998,12.810000,0.670000,284.660004,61.340000,81334.359375,24.97,104.18,47.270000,PM10,2710
38.939999,52.700001,13.510000,10.550000,0.910000,62.630001,7.740000,2.410000,285.869995,59.720001,83899.500000,24.97,104.33,54.924999,PM2.5,2711
51.090000,62.040001,14.010000,7.070000,0.760000,64.050003,3.930000,3.800000,284.959991,67.400002,84923.960938,24.97,104.48,70.112503,PM2.5,2712
49.250000,53.639999,13.590000,4.470000,0.460000,67.410004,5.420000,4.580000,283.600006,71.650002,83020.218750,24.97,104.63,67.812500,PM2.5,2713
20.620001,23.469999,4.360000,2.390000,0.260000,82.910004,2.440000,0.690000,284.290009,65.209999,81631.257812,24.89,97.78,29.457144,PM2.5,2812
19.879999,22.709999,3.960000,2.270000,0.250000,82.480003,3.690000,-0.680000,284.750000,61.270000,82082.851562,24.89,97.93,28.400000,PM2.5,2813
18.870001,21.480000,3.730000,2.140000,0.250000,82.220001,3.680000,-0.490000,285.600006,57.599998,83403.242188,24.9,98.08,26.957144,PM2.5,2814
19.260000,21.840000,3.980000,2.480000,0.250000,81.430000,4.440000,0.210000,285.250000,58.369999,83103.882812,24.91,98.23,27.514286,PM2.5,2815
19.780001,22.389999,4.220000,2.830000,0.260000,78.769997,4.610000,0.570000,285.380005,57.720001,84142.476562,24.92,98.38,28.257143,PM2.5,2816
20.090000,22.600000,4.490000,3.130000,0.270000,79.099998,4.460000,0.640000,284.730011,59.810001,83567.156250,24.93,98.53,28.700001,PM2.5,2817
20.299999,22.830000,4.600000,3.330000,0.270000,76.040001,4.160000,0.450000,285.179993,57.380001,84822.851562,24.94,98.67,28.999998,PM2.5,2818
21.120001,23.540001,4.960000,3.290000,0.280000,77.980003,2.570000,1.660000,285.869995,59.840000,86581.703125,24.94,98.82,30.171431,PM2.5,2819
22.870001,25.430000,5.750000,3.650000,0.300000,78.930000,2.300000,1.960000,284.769989,64.589996,84504.171875,24.95,98.97,32.671429,PM2.5,2820
24.660000,27.629999,7.340000,4.610000,0.320000,77.279999,5.260000,1.340000,283.179993,68.919998,81946.976562,24.96,99.12,35.228573,PM2.5,2821
23.340000,26.030001,6.950000,4.310000,0.310000,78.339996,6.710000,1.240000,284.720001,62.770000,82978.906250,24.97,99.27,33.342857,PM2.5,2822
23.719999,26.559999,6.610000,4.280000,0.310000,76.699997,5.150000,0.800000,285.119995,60.810001,83754.710938,24.97,99.42,33.885712,PM2.5,2823
25.280001,28.389999,6.740000,4.260000,0.320000,76.669998,5.240000,1.230000,283.630005,65.989998,81915.171875,24.98,99.57,36.114288,PM2.5,2824
26.129999,29.450001,6.530000,4.100000,0.320000,77.120003,6.830000,0.810000,283.390015,67.050003,81450.906250,24.99,99.71,37.328571,PM2.5,2825
26.430000,29.770000,6.300000,3.930000,0.320000,77.089996,7.410000,0.230000,283.959991,64.180000,81720.218750,25.0,99.86,37.757145,PM2.5,2826
27.040001,30.780001,5.920000,3.820000,0.320000,74.570000,6.050000,0.430000,284.980011,61.000000,83192.953125,25.0,100.01,38.628574,PM2.5,2827
26.690001,30.330000,5.700000,3.590000,0.320000,74.650002,4.650000,0.190000,284.269989,63.189999,82859.929688,25.01,100.16,38.128571,PM2.5,2828
26.490000,29.889999,5.770000,3.530000,0.320000,75.589996,6.120000,0.820000,282.480011,68.430000,80411.093750,25.01,100.31,37.842857,PM2.5,2829
25.870001,29.129999,5.420000,3.320000,0.310000,74.440002,8.240000,2.390000,282.660004,68.320000,80344.140625,25.02,100.46,36.957146,PM2.5,2830
24.910000,27.959999,5.240000,3.040000,0.310000,74.860001,9.280000,4.050000,283.570007,64.379997,81077.359375,25.03,100.61,35.585712,PM2.5,2831
23.790001,26.600000,4.960000,2.880000,0.300000,75.129997,9.720000,2.230000,283.589996,61.959999,80675.437500,25.03,100.75,33.985714,PM2.5,2832
21.370001,23.020000,4.700000,3.010000,0.310000,78.389999,10.090000,-0.200000,283.089996,61.910000,79762.773438,25.04,100.9,30.528572,PM2.5,2833
20.500000,22.000000,4.580000,3.350000,0.340000,76.500000,10.580000,0.390000,283.690002,58.389999,80177.320312,25.04,101.05,29.285715,PM2.5,2834
20.389999,22.280001,4.780000,4.020000,0.390000,74.930000,10.270000,1.360000,284.380005,55.990002,80927.289062,25.05,101.2,29.128571,PM2.5,2835
20.620001,23.240000,5.220000,5.340000,0.510000,73.300003,10.170000,1.400000,284.019989,57.080002,80498.046875,25.05,101.35,29.457144,PM2.5,2836
21.299999,25.020000,6.860000,7.750000,0.670000,71.290001,10.520000,2.170000,284.420013,56.160000,80826.093750,25.06,101.5,30.428570,PM2.5,2837
22.340000,26.950001,9.180000,10.640000,0.860000,68.730003,10.240000,2.650000,284.690002,56.369999,81167.843750,25.06,101.65,31.914286,PM2.5,2838
22.049999,23.200001,8.730000,10.050000,0.920000,67.589996,9.110000,2.410000,284.980011,56.520000,81612.781250,25.06,101.8,31.499998,PM2.5,2839
22.469999,20.340000,8.420000,9.620000,1.040000,66.360001,7.240000,4.000000,286.089996,56.540001,83395.671875,25.07,101.95,32.099998,PM2.5,2840
23.639999,21.250000,9.350000,11.200000,1.230000,65.260002,6.160000,4.900000,285.410004,60.849998,82976.726562,25.07,102.09,33.771427,PM2.5,2841
24.379999,22.010000,10.500000,12.960000,1.350000,65.519997,6.750000,3.580000,283.339996,66.989998,80428.257812,25.08,102.24,34.828571,PM2.5,2842
24.170000,22.330000,11.070000,13.550000,1.390000,66.379997,8.500000,2.540000,282.690002,67.860001,79339.343750,25.08,102.39,34.750000,CO,2843
40.959999,104.169998,36.599998,49.959999,2.180000,39.450001,9.710000,3.000000,283.140015,66.639999,79826.632812,25.08,102.54,77.084999,PM10,2844
49.770000,147.740005,45.740002,68.750000,2.450000,27.049999,9.280000,2.330000,283.350006,66.949997,80245.867188,25.08,102.69,98.870003,PM10,2845
47.910000,139.070007,40.360001,64.220001,2.320000,30.340000,10.150000,1.910000,282.380005,70.860001,79310.046875,25.09,102.84,94.535004,PM10,2846
45.180000,127.290001,36.970001,58.369999,2.200000,34.130001,12.830000,1.160000,282.160004,69.550003,78855.117188,25.09,102.99,88.645004,PM10,2847
43.930000,122.279999,34.790001,55.700001,2.160000,35.630001,12.160000,1.040000,284.049988,61.439999,80615.953125,25.09,103.14,86.139999,PM10,2848
41.980000,109.139999,31.049999,49.950001,2.110000,38.570000,9.040000,2.550000,284.859985,59.930000,81882.609375,25.1,103.29,79.570000,PM10,2849
39.570000,93.320000,26.629999,42.029999,1.960000,44.290001,8.680000,3.150000,283.929993,64.879997,81106.117188,25.1,103.44,71.660004,PM10,2850
37.889999,83.849998,23.580000,36.320000,1.820000,49.480000,9.930000,2.530000,283.609985,66.919998,80707.570312,25.1,103.58,66.925003,PM10,2851
35.770000,71.199997,20.889999,30.740000,1.630000,55.560001,10.630000,2.800000,283.559998,67.120003,80598.257812,25.1,103.73,60.599998,PM10,2852
34.250000,61.160000,18.209999,25.580000,1.450000,59.790001,11.460000,2.810000,283.100006,68.620003,80076.781250,25.1,103.88,55.580002,PM10,2853
32.810001,53.150002,16.360001,20.360001,1.250000,63.279999,13.140000,1.440000,282.790009,68.309998,79605.046875,25.1,104.03,51.575001,PM10,2854
32.459999,48.389999,15.270000,16.420000,1.070000,64.400002,13.640000,0.100000,283.450012,64.419998,80060.750000,25.1,104.18,48.389999,PM10,2855
34.450001,48.459999,14.050000,13.280000,0.970000,62.099998,9.890000,1.400000,285.160004,59.209999,82318.937500,25.11,104.33,49.214287,PM2.5,2856
44.590000,55.840000,13.290000,8.910000,0.810000,62.099998,6.420000,3.770000,284.410004,66.059998,83276.148438,25.11,104.48,61.987499,PM2.5,2857
44.860001,49.009998,13.020000,5.210000,0.440000,64.739998,7.780000,5.800000,283.720001,68.889999,82618.453125,25.11,104.63,62.325001,PM2.5,2858
17.250000,19.670000,3.350000,1.890000,0.230000,82.519997,0.530000,1.100000,286.779999,58.470001,85481.343750,25.02,97.77,24.642857,PM2.5,2957
16.940001,19.170000,2.970000,1.720000,0.230000,83.309998,3.030000,-0.420000,283.179993,65.070000,80589.023438,25.03,97.92,24.200001,PM2.5,2958
15.930000,18.010000,2.750000,1.610000,0.220000,82.730003,4.770000,-0.180000,283.519989,60.770000,80551.976562,25.04,98.07,22.757143,PM2.5,2959
15.550000,17.590000,2.920000,1.840000,0.220000,81.690002,5.160000,-0.360000,284.250000,57.639999,81584.906250,25.05,98.22,22.214287,PM2.5,2960
15.560000,17.639999,3.280000,2.180000,0.230000,80.860001,5.060000,-0.840000,285.170013,54.570000,83061.632812,25.06,98.37,22.228573,PM2.5,2961
16.770000,19.020000,4.010000,2.610000,0.240000,78.839996,5.000000,0.120000,285.089996,54.919998,83262.750000,25.06,98.52,23.957144,PM2.5,2962
17.430000,19.700001,4.710000,2.920000,0.250000,77.589996,3.730000,-0.020000,285.450012,52.750000,84303.570312,25.07,98.66,24.900000,PM2.5,2963
17.879999,20.129999,4.740000,2.980000,0.260000,79.580002,1.350000,1.140000,286.329987,52.930000,86976.046875,25.08,98.81,25.542856,PM2.5,2964
18.900000,21.340000,5.900000,3.660000,0.270000,79.050003,1.400000,1.350000,285.089996,59.450001,84760.593750,25.09,98.96,27.000000,PM2.5,2965
22.760000,25.879999,8.930000,5.330000,0.310000,77.989998,5.250000,-0.030000,282.410004,66.769997,80414.617188,25.09,99.11,32.514286,PM2.5,2966
21.440001,24.410000,7.870000,4.820000,0.300000,76.320000,7.540000,0.280000,283.760010,60.529999,81008.226562,25.1,99.26,30.628572,PM2.5,2967
22.070000,25.080000,7.550000,4.650000,0.300000,76.290001,5.590000,1.410000,284.899994,57.910000,82592.187500,25.11,99.41,31.528570,PM2.5,2968
23.889999,27.250000,6.850000,4.260000,0.300000,76.269997,4.550000,1.550000,283.809998,63.639999,82179.539062,25.12,99.56,34.128571,PM2.5,2969
25.410000,29.160000,6.380000,4.060000,0.310000,76.839996,5.860000,0.800000,282.739990,67.220001,80902.898438,25.12,99.71,36.299999,PM2.5,2970
26.139999,30.049999,6.160000,3.950000,0.310000,77.309998,7.210000,1.120000,283.260010,63.470001,80677.671875,25.13,99.86,37.342857,PM2.5,2971
26.590000,30.760000,5.920000,3.900000,0.310000,75.410004,6.670000,1.020000,284.149994,59.150002,81611.710938,25.14,100.0,37.985714,PM2.5,2972
25.709999,29.480000,5.690000,3.690000,0.300000,75.730003,5.970000,0.850000,283.100006,63.750000,80933.421875,25.14,100.15,36.728569,PM2.5,2973
26.000000,29.719999,5.770000,3.630000,0.310000,74.690002,7.870000,2.130000,281.739990,68.360001,79258.453125,25.15,100.3,37.142857,PM2.5,2974
24.260000,26.969999,5.530000,3.240000,0.300000,77.690002,10.040000,1.850000,282.059998,64.209999,78712.773438,25.15,100.45,34.657143,PM2.5,2975
23.860001,26.820000,5.400000,3.280000,0.300000,75.190002,9.200000,2.320000,284.600006,56.099998,81358.203125,25.16,100.6,34.085716,PM2.5,2976
23.270000,26.129999,5.110000,3.230000,0.300000,74.589996,7.340000,2.450000,284.640015,57.270000,82073.570312,25.17,100.75,33.242859,PM2.5,2977
22.240000,24.309999,4.840000,3.630000,0.310000,73.669998,9.320000,1.320000,281.730011,65.989998,78751.039062,25.17,100.9,31.771429,PM2.5,2978
20.420000,21.850000,4.520000,3.610000,0.330000,74.209999,12.470000,0.450000,281.959991,61.290001,78177.000000,25.18,101.05,29.171429,PM2.5,2979
19.590000,21.000000,4.660000,4.170000,0.370000,73.500000,11.940000,0.870000,284.100006,52.830002,80000.796875,25.18,101.2,27.985714,PM2.5,2980
19.440001,21.129999,5.090000,5.540000,0.470000,72.139999,10.810000,1.570000,284.510010,51.509998,80478.367188,25.19,101.35,27.771429,PM2.5,2981
20.180000,23.219999,6.850000,8.220000,0.640000,70.320000,11.010000,2.400000,284.869995,51.180000,80898.968750,25.19,101.49,28.828571,PM2.5,2982
21.670000,26.969999,9.910000,12.280000,0.850000,67.379997,10.590000,2.820000,284.769989,52.610001,80980.070312,25.19,101.64,30.957144,PM2.5,2983
20.730000,21.200001,9.310000,11.210000,0.860000,69.050003,9.600000,2.390000,283.970001,55.779999,80126.093750,25.2,101.79,29.614285,PM2.5,2984
21.580000,20.750000,9.360000,11.320000,0.980000,65.750000,7.880000,3.190000,284.529999,56.150002,81075.703125,25.2,101.94,30.828571,PM2.5,2985
23.580000,23.650000,10.490000,12.850000,1.190000,63.520000,6.420000,4.950000,284.989990,60.139999,82441.679688,25.21,102.09,33.685715,PM2.5,2986
24.580000,25.850000,10.870000,13.740000,1.310000,62.730000,7.130000,5.210000,283.410004,66.070000,80651.656250,25.21,102.24,35.114285,PM2.5,2987
22.750000,21.889999,10.270000,12.260000,1.240000,67.239998,9.180000,3.720000,282.480011,65.440002,78929.640625,25.21,102.39,32.500000,PM2.5,2988
42.730000,120.639999,39.630001,54.619999,2.050000,35.189999,9.870000,3.300000,283.489990,60.980000,79773.476562,25.22,102.54,85.320000,PM10,2989
55.419998,180.979996,54.560001,78.639999,2.420000,23.820000,9.490000,2.850000,283.140015,63.029999,79558.640625,25.22,102.69,115.489998,PM10,2990
51.169998,160.429993,47.230000,71.000000,2.250000,25.940001,10.770000,2.740000,282.309998,66.160004,78701.406250,25.22,102.84,105.214996,PM10,2991
46.610001,139.830002,42.099998,63.820000,2.090000,29.459999,12.730000,2.180000,282.839996,63.369999,79087.031250,25.23,102.99,94.915001,PM10,2992
44.660000,129.910004,38.900002,59.590000,2.050000,32.619999,12.740000,1.050000,283.649994,59.389999,79761.710938,25.23,103.13,89.955002,PM10,2993
43.549999,121.830002,36.029999,56.349998,2.060000,35.090000,10.720000,1.680000,284.149994,57.840000,80413.593750,25.23,103.28,85.915001,PM10,2994
42.389999,109.550003,32.160000,50.930000,2.040000,39.279999,9.540000,2.710000,283.609985,61.169998,80184.226562,25.23,103.43,79.775002,PM10,2995
42.090000,101.379997,29.770000,46.490002,2.010000,43.919998,10.780000,2.670000,282.640015,65.349998,79217.773438,25.23,103.58,75.690002,PM10,2996
39.820000,85.050003,26.260000,40.160000,1.870000,50.060001,11.800000,3.280000,282.890015,64.620003,79383.460938,25.24,103.73,67.525002,PM10,2997
37.330002,70.000000,22.610001,32.930000,1.680000,55.669998,11.110000,3.510000,283.519989,63.779999,80137.359375,25.24,103.88,60.000000,PM10,2998
36.450001,61.840000,20.230000,26.580000,1.490000,58.759998,11.510000,2.300000,282.829987,66.120003,79460.679688,25.24,104.03,55.919998,PM10,2999
35.209999,54.119999,18.020000,20.840000,1.230000,61.630001,13.170000,0.840000,282.709991,65.959999,79245.460938,25.24,104.18,52.059998,PM10,3000
34.349998,49.529999,16.280001,17.000000,1.060000,62.330002,12.820000,1.290000,283.529999,62.619999,80055.882812,25.24,104.33,49.529999,PM10,3001
36.240002,47.700001,14.710000,13.110000,0.870000,62.439999,11.100000,3.640000,283.510010,63.930000,80505.226562,25.24,104.48,51.550003,PM2.5,3002
37.910000,41.580002,14.180000,6.970000,0.400000,63.950001,9.710000,5.490000,284.640015,62.330002,82376.046875,25.24,104.63,53.637501,PM2.5,3003
55.630001,61.880001,28.910000,7.720000,0.570000,59.369999,5.510000,4.960000,286.399994,59.299999,85554.921875,25.24,104.78,75.787498,PM2.5,3004
15.220000,17.120001,2.490000,1.450000,0.210000,83.220001,2.670000,0.840000,283.239990,63.540001,80566.593750,25.16,97.91,21.742857,PM2.5,3103
14.260000,16.030001,2.270000,1.330000,0.210000,83.099998,4.340000,-0.360000,283.200012,61.349998,80409.351562,25.17,98.06,20.371429,PM2.5,3104
13.600000,15.380000,2.370000,1.540000,0.210000,82.160004,4.310000,-1.790000,283.600006,58.400002,81195.148438,25.18,98.21,19.428572,PM2.5,3105
13.540000,15.360000,2.710000,1.890000,0.210000,81.110001,5.550000,-1.920000,283.750000,55.250000,80687.117188,25.19,98.36,19.342857,PM2.5,3106
14.250000,16.230000,3.330000,2.300000,0.220000,78.730003,6.140000,-0.240000,285.220001,49.480000,81960.390625,25.2,98.51,20.357143,PM2.5,3107
14.900000,16.940001,4.000000,2.640000,0.220000,76.199997,3.730000,-0.140000,285.339996,48.139999,83437.851562,25.21,98.66,21.285713,PM2.5,3108
14.010000,15.850000,3.400000,2.390000,0.220000,77.400002,1.310000,0.200000,285.640015,49.160000,84852.148438,25.21,98.8,20.014286,PM2.5,3109
14.730000,16.709999,4.320000,2.960000,0.230000,77.309998,1.430000,0.780000,284.410004,56.070000,83399.898438,25.22,98.95,21.042856,PM2.5,3110
18.770000,21.420000,7.210000,4.580000,0.270000,75.730003,5.330000,0.240000,281.519989,64.480003,78951.031250,25.23,99.1,26.814287,PM2.5,3111
17.150000,19.610001,5.980000,3.950000,0.260000,74.529999,8.220000,-0.100000,283.059998,57.630001,79574.390625,25.24,99.25,24.500000,PM2.5,3112
17.230000,19.740000,5.450000,3.800000,0.260000,73.290001,5.830000,1.100000,285.119995,52.029999,82144.546875,25.24,99.4,24.614285,PM2.5,3113
18.730000,21.430000,5.230000,3.650000,0.260000,74.269997,4.640000,1.400000,283.390015,59.650002,81029.570312,25.25,99.55,26.757143,PM2.5,3114
19.770000,22.629999,5.060000,3.560000,0.260000,74.790001,7.280000,1.100000,282.109985,62.980000,79276.296875,25.26,99.7,28.242857,PM2.5,3115
20.860001,24.129999,5.010000,3.630000,0.270000,73.639999,8.380000,1.900000,284.040009,56.209999,81002.562500,25.26,99.85,29.800001,PM2.5,3116
21.600000,25.010000,4.960000,3.620000,0.280000,72.989998,6.490000,1.780000,284.600006,55.310001,82208.718750,25.27,100.0,30.857143,PM2.5,3117
21.420000,24.480000,4.940000,3.490000,0.270000,74.320000,6.470000,1.090000,282.679993,60.630001,80022.601562,25.28,100.15,30.600000,PM2.5,3118
22.129999,25.040001,5.320000,3.560000,0.280000,74.919998,8.030000,2.200000,282.320007,62.450001,79602.359375,25.28,100.3,31.614285,PM2.5,3119
21.350000,23.700001,5.320000,3.320000,0.280000,77.110001,8.690000,2.020000,282.720001,60.020000,79598.750000,25.29,100.44,30.500000,PM2.5,3120
22.090000,24.799999,5.680000,3.690000,0.290000,74.589996,8.590000,1.180000,283.500000,56.099998,80113.226562,25.3,100.59,31.557142,PM2.5,3121
22.100000,24.850000,5.590000,3.790000,0.290000,73.570000,7.370000,1.980000,284.029999,55.240002,81099.937500,25.3,100.74,31.571428,PM2.5,3122
21.700001,23.700001,5.390000,4.330000,0.320000,72.279999,8.420000,3.190000,282.089996,63.189999,79190.656250,25.31,100.89,31.000002,PM2.5,3123
20.129999,21.450001,4.920000,4.240000,0.330000,72.559998,11.800000,2.110000,281.790009,60.020000,77970.296875,25.31,101.04,28.757141,PM2.5,3124
19.040001,20.139999,4.770000,4.420000,0.350000,72.760002,12.210000,0.560000,282.880005,53.950001,78606.820312,25.32,101.19,27.200001,PM2.5,3125
16.990000,16.760000,4.540000,4.610000,0.390000,76.160004,10.710000,0.250000,283.790009,49.480000,79085.843750,25.32,101.34,24.271429,PM2.5,3126
17.600000,18.340000,5.440000,6.500000,0.520000,72.470001,10.120000,1.800000,284.920013,46.119999,80282.671875,25.33,101.49,25.142859,PM2.5,3127
19.129999,21.770000,7.550000,9.620000,0.700000,69.610001,9.700000,3.710000,284.970001,47.790001,80744.421875,25.33,101.64,27.328569,PM2.5,3128
19.500000,20.750000,7.830000,10.160000,0.770000,68.269997,9.550000,4.210000,283.790009,52.400002,79628.710938,25.33,101.79,27.857143,PM2.5,3129
19.670000,17.799999,8.020000,10.250000,0.830000,68.349998,8.510000,3.280000,283.309998,54.669998,79039.828125,25.34,101.94,28.100000,PM2.5,3130
21.709999,20.680000,8.970000,11.340000,1.000000,64.769997,6.920000,4.040000,283.619995,58.939999,80138.351562,25.34,102.09,31.014284,PM2.5,3131
23.450001,25.120001,9.790000,12.560000,1.160000,63.529999,7.520000,6.080000,283.390015,64.959999,80477.367188,25.35,102.24,33.500000,PM2.5,3132
23.240000,26.020000,9.980000,12.450000,1.190000,64.660004,9.900000,5.800000,282.899994,64.580002,79615.703125,25.35,102.39,33.200001,PM2.5,3133
29.549999,59.259998,19.830000,26.980000,1.470000,53.939999,10.670000,4.250000,283.510010,59.959999,79843.203125,25.35,102.53,54.629997,PM10,3134
35.380001,87.720001,27.080000,39.110001,1.670000,44.580002,10.050000,3.500000,283.390015,59.509998,79597.531250,25.35,102.68,68.860001,PM10,3135
34.750000,84.769997,26.100000,38.389999,1.630000,45.080002,10.920000,2.340000,282.950012,60.770000,79023.257812,25.36,102.83,67.384995,PM10,3136
33.020000,78.239998,24.209999,35.730000,1.550000,47.310001,12.390000,1.110000,283.390015,59.099998,79436.046875,25.36,102.98,64.119995,PM10,3137
32.759998,77.139999,23.830000,35.189999,1.540000,48.139999,12.670000,1.210000,283.769989,57.750000,79835.843750,25.36,103.13,63.570000,PM10,3138
33.060001,77.150002,23.400000,35.230000,1.560000,48.669998,11.630000,1.890000,283.790009,57.419998,79860.960938,25.37,103.28,63.575001,PM10,3139
32.959999,73.400002,21.790001,34.139999,1.550000,50.150002,10.610000,2.560000,283.459991,59.279999,79643.296875,25.37,103.43,61.700001,PM10,3140
33.330002,70.019997,21.040001,33.020000,1.550000,52.419998,11.480000,3.070000,282.829987,61.470001,78960.859375,25.37,103.58,60.009998,PM10,3141
35.380001,71.169998,22.240000,33.869999,1.630000,53.680000,12.150000,3.290000,283.299988,59.580002,79380.289062,25.37,103.73,60.584999,PM10,3142
37.119999,68.900002,22.670000,32.500000,1.650000,54.919998,10.640000,2.940000,283.769989,59.049999,80057.523438,25.37,103.88,59.450001,PM10,3143
36.139999,60.840000,20.719999,26.639999,1.440000,58.060001,10.730000,2.480000,282.459991,64.629997,78797.453125,25.37,104.03,55.419998,PM10,3144
33.709999,51.189999,18.040001,20.280001,1.130000,61.820000,13.410000,1.930000,282.250000,64.930000,78490.070312,25.37,104.18,50.595001,PM10,3145
32.910000,47.650002,16.870001,17.480000,0.980000,63.250000,14.680000,2.410000,283.440002,59.070000,79431.617188,25.38,104.33,47.650002,PM10,3146
33.320000,44.869999,16.570000,15.750000,0.840000,62.220001,13.040000,3.220000,284.600006,55.689999,80698.523438,25.38,104.48,47.599998,PM2.5,3147
12.730000,14.470000,2.050000,1.350000,0.190000,81.690002,4.440000,-2.810000,282.290009,59.820000,79140.156250,25.32,98.2,18.185713,PM2.5,3249
12.340000,14.050000,2.290000,1.600000,0.200000,80.470001,6.500000,-2.050000,282.559998,53.779999,78418.953125,25.32,98.35,17.628572,PM2.5,3250
12.470000,14.260000,2.540000,1.830000,0.200000,77.330002,5.570000,0.090000,285.140015,45.369999,81462.312500,25.33,98.5,17.814285,PM2.5,3251
11.750000,13.350000,2.530000,1.900000,0.190000,75.500000,2.860000,-0.350000,284.970001,45.000000,82340.867188,25.34,98.65,16.785715,PM2.5,3252
11.410000,12.890000,2.320000,1.790000,0.190000,75.279999,2.780000,-0.190000,283.790009,48.099998,80649.609375,25.35,98.8,16.299999,PM2.5,3253
11.380000,12.840000,2.370000,1.860000,0.190000,74.830002,3.160000,0.780000,283.100006,52.619999,80640.523438,25.36,98.95,16.257143,PM2.5,3254
12.660000,14.350000,2.870000,2.310000,0.200000,73.910004,5.700000,0.500000,281.320007,58.919998,78260.703125,25.36,99.09,18.085714,PM2.5,3255
12.650000,14.380000,2.840000,2.420000,0.200000,72.800003,8.840000,-0.670000,282.109985,55.290001,78341.882812,25.37,99.24,18.071428,PM2.5,3256
12.610000,14.100000,2.840000,2.560000,0.210000,73.250000,7.290000,-0.150000,284.510010,48.889999,80701.859375,25.38,99.39,18.014286,PM2.5,3257
13.560000,15.430000,3.060000,2.800000,0.210000,72.169998,5.770000,1.260000,283.500000,52.959999,80436.812500,25.39,99.54,19.371429,PM2.5,3258
13.970000,15.820000,3.100000,2.820000,0.210000,73.599998,7.780000,1.080000,282.559998,55.799999,79208.507812,25.39,99.69,19.957144,PM2.5,3259
14.680000,16.850000,3.140000,3.020000,0.220000,71.730003,7.770000,0.970000,284.500000,49.740002,81212.882812,25.4,99.84,20.971430,PM2.5,3260
15.710000,17.959999,3.550000,3.220000,0.230000,72.739998,4.730000,1.430000,284.890015,50.830002,82797.953125,25.41,99.99,22.442858,PM2.5,3261
17.450001,19.930000,4.200000,3.430000,0.250000,72.470001,5.840000,1.380000,282.309998,57.070000,79660.843750,25.41,100.14,24.928572,PM2.5,3262
18.230000,20.620001,4.780000,3.560000,0.260000,73.750000,8.940000,1.020000,281.690002,58.090000,78476.578125,25.42,100.29,26.042856,PM2.5,3263
18.559999,20.629999,5.190000,3.640000,0.260000,74.860001,9.070000,1.410000,282.920013,54.009998,79603.101562,25.42,100.44,26.514284,PM2.5,3264
20.320000,22.879999,6.040000,4.220000,0.280000,72.690002,8.560000,2.380000,283.140015,53.570000,79952.367188,25.43,100.59,29.028570,PM2.5,3265
20.049999,22.190001,6.020000,4.190000,0.280000,74.019997,8.220000,2.340000,283.500000,52.970001,80302.929688,25.44,100.74,28.642857,PM2.5,3266
20.280001,22.020000,5.930000,4.900000,0.310000,72.019997,8.930000,3.510000,282.850006,56.400002,79768.242188,25.44,100.89,28.971430,PM2.5,3267
19.530001,20.719999,5.440000,4.920000,0.330000,71.489998,10.470000,3.170000,282.690002,56.630001,79354.703125,25.45,101.04,27.900002,PM2.5,3268
18.750000,19.740000,5.110000,4.920000,0.350000,71.400002,11.030000,2.070000,282.040009,57.750000,78434.117188,25.45,101.19,26.785715,PM2.5,3269
17.469999,18.020000,4.830000,5.220000,0.390000,71.940002,12.810000,0.700000,281.420013,56.270000,77177.882812,25.46,101.33,24.957142,PM2.5,3270
16.360001,16.610001,4.810000,5.650000,0.440000,72.449997,14.340000,1.210000,283.709991,45.779999,78682.703125,25.46,101.48,23.371429,PM2.5,3271
16.459999,16.830000,5.460000,6.960000,0.540000,71.110001,12.540000,3.950000,285.799988,40.259998,80651.226562,25.46,101.63,23.514284,PM2.5,3272
17.180000,17.440001,6.150000,8.260000,0.640000,69.370003,9.870000,6.020000,286.019989,42.200001,81316.351562,25.47,101.78,24.542858,PM2.5,3273
18.219999,17.830000,6.690000,9.200000,0.730000,67.519997,8.680000,4.920000,284.390015,47.919998,79773.718750,25.47,101.93,26.028570,PM2.5,3274
19.620001,18.900000,7.180000,9.740000,0.830000,65.720001,9.180000,3.390000,282.399994,55.250000,77804.773438,25.48,102.08,28.028572,PM2.5,3275
21.290001,22.730000,8.120000,10.930000,0.970000,64.239998,9.590000,4.770000,283.070007,58.400002,78997.218750,25.48,102.23,30.414288,PM2.5,3276
22.139999,25.709999,8.810000,11.550000,1.050000,64.230003,9.560000,5.910000,283.910004,59.599998,80387.976562,25.48,102.38,31.628571,PM2.5,3277
24.840000,38.369999,12.420000,16.980000,1.190000,60.189999,9.550000,5.040000,284.100006,59.320000,80644.000000,25.49,102.53,38.369999,PM10,3278
27.620001,51.490002,15.430000,22.350000,1.310000,55.570000,8.710000,3.520000,284.260010,58.150002,80869.460938,25.49,102.68,50.745003,PM10,3279
27.530001,51.720001,14.230000,21.809999,1.270000,54.790001,9.040000,1.700000,282.799988,62.970001,79353.562500,25.49,102.83,50.860001,PM10,3280
27.469999,52.610001,13.940000,21.379999,1.230000,55.669998,12.210000,0.490000,281.609985,65.790001,77898.953125,25.5,102.98,51.305000,PM10,3281
26.690001,51.660000,14.160000,21.320000,1.200000,57.130001,14.140000,1.000000,282.920013,58.689999,78823.296875,25.5,103.13,50.830002,PM10,3282
27.020000,53.330002,14.640000,22.240000,1.220000,56.759998,12.640000,2.220000,283.959991,54.590000,79821.000000,25.5,103.28,51.665001,PM10,3283
27.980000,55.770000,15.170000,23.410000,1.260000,56.910000,11.610000,3.120000,283.640015,56.139999,79627.953125,25.5,103.43,52.885002,PM10,3284
28.700001,54.799999,15.070000,23.590000,1.270000,57.389999,12.550000,3.650000,283.450012,57.310001,79459.601562,25.5,103.58,52.400002,PM10,3285
31.070000,57.950001,17.870001,27.530001,1.370000,55.730000,11.830000,3.400000,284.179993,55.689999,80217.507812,25.51,103.73,53.974998,PM10,3286
34.470001,58.770000,22.510000,31.530001,1.460000,55.169998,9.350000,2.950000,284.160004,56.470001,80391.859375,25.51,103.88,54.385002,PM10,3287
35.610001,57.630001,26.150000,29.379999,1.320000,54.720001,10.090000,3.130000,282.320007,63.669998,78588.273438,25.51,104.03,53.815002,PM10,3288
33.750000,50.310001,27.930000,24.540001,1.040000,57.080002,13.840000,2.460000,282.260010,61.599998,78142.203125,25.51,104.18,50.154999,PM10,3289
33.720001,48.540001,29.129999,22.700001,0.930000,58.330002,15.020000,2.190000,284.399994,53.160000,80026.007812,25.51,104.33,48.540001,PM10,3290
11.300000,12.890000,1.700000,1.170000,0.180000,80.519997,4.060000,-2.460000,280.230011,61.080002,76346.156250,25.45,98.19,16.142857,PM2.5,3395
10.730000,12.180000,1.830000,1.290000,0.180000,79.059998,7.600000,-2.480000,280.070007,52.980000,74732.578125,25.46,98.34,15.328570,PM2.5,3396
9.850000,11.170000,1.750000,1.320000,0.170000,75.480003,5.960000,-1.440000,284.519989,41.830002,79410.351562,25.47,98.49,14.071429,PM2.5,3397
9.710000,10.990000,1.750000,1.420000,0.170000,73.209999,3.590000,-1.380000,284.149994,42.810001,79992.367188,25.48,98.64,13.871428,PM2.5,3398
9.430000,10.620000,1.660000,1.400000,0.170000,73.209999,5.210000,-0.580000,282.369995,46.650002,77612.046875,25.48,98.79,13.471429,PM2.5,3399
9.290000,10.450000,1.650000,1.440000,0.170000,73.089996,5.210000,0.370000,283.040009,46.980000,79233.140625,25.49,98.94,13.271428,PM2.5,3400
10.250000,11.580000,2.050000,1.780000,0.180000,73.889999,5.750000,0.500000,281.320007,53.730000,77622.773438,25.5,99.09,14.642858,PM2.5,3401
10.800000,12.320000,2.150000,1.980000,0.180000,72.239998,8.450000,-0.200000,281.459991,52.380001,77170.156250,25.51,99.24,15.428572,PM2.5,3402
10.680000,11.980000,2.070000,2.010000,0.180000,73.959999,7.350000,-0.980000,284.339996,45.529999,79932.601562,25.51,99.38,15.257143,PM2.5,3403
11.690000,13.510000,2.130000,2.210000,0.190000,72.610001,5.900000,-0.690000,284.000000,46.360001,80565.289062,25.52,99.53,16.699999,PM2.5,3404
11.970000,13.790000,2.180000,2.220000,0.190000,74.000000,7.300000,-0.350000,282.799988,49.689999,79364.328125,25.53,99.68,17.100000,PM2.5,3405
12.420000,14.250000,2.380000,2.340000,0.190000,74.099998,6.900000,0.150000,283.429993,47.430000,79826.992188,25.53,99.83,17.742857,PM2.5,3406
14.750000,17.110001,4.690000,3.710000,0.220000,73.470001,4.330000,1.390000,283.570007,49.500000,80739.523438,25.54,99.98,21.071428,PM2.5,3407
18.160000,21.160000,8.310000,5.840000,0.260000,71.680000,5.350000,2.250000,281.730011,55.630001,78554.789062,25.55,100.13,25.942858,PM2.5,3408
18.110001,20.870001,8.190000,5.640000,0.260000,72.620003,9.220000,1.990000,280.779999,56.450001,76791.546875,25.55,100.28,25.871429,PM2.5,3409
17.129999,19.110001,7.760000,5.180000,0.250000,74.870003,10.620000,1.910000,282.440002,48.639999,77468.156250,25.56,100.43,24.471428,PM2.5,3410
18.559999,21.059999,7.860000,5.360000,0.270000,72.050003,8.680000,2.740000,284.690002,42.959999,79953.453125,25.56,100.58,26.514284,PM2.5,3411
18.690001,20.820000,7.530000,5.140000,0.270000,73.040001,6.960000,1.960000,284.510010,45.520000,80515.281250,25.57,100.73,26.700001,PM2.5,3412
18.990000,20.690001,7.040000,5.560000,0.300000,71.379997,8.020000,2.750000,282.489990,52.660000,79024.882812,25.58,100.88,27.128571,PM2.5,3413
17.809999,18.500000,6.150000,5.140000,0.310000,73.849998,9.020000,3.120000,282.649994,52.570000,78949.031250,25.58,101.03,25.442856,PM2.5,3414
18.370001,19.430000,6.000000,5.410000,0.350000,71.360001,8.700000,4.080000,282.250000,55.849998,78842.992188,25.59,101.18,26.242859,PM2.5,3415
16.059999,16.330000,5.480000,5.260000,0.370000,74.709999,10.480000,3.070000,281.869995,53.970001,77587.632812,25.59,101.33,22.942856,PM2.5,3416
15.560000,16.129999,5.500000,5.810000,0.420000,73.510002,14.410000,1.970000,283.670013,44.160000,78348.023438,25.6,101.48,22.228573,PM2.5,3417
15.010000,15.350000,5.430000,6.350000,0.470000,72.459999,14.040000,3.310000,287.500000,33.919998,81661.203125,25.6,101.63,21.442858,PM2.5,3418
15.680000,16.420000,5.730000,7.550000,0.570000,69.570000,8.970000,5.080000,289.649994,31.850000,84565.093750,25.6,101.78,22.400000,PM2.5,3419
17.270000,18.820000,6.190000,8.760000,0.680000,67.349998,6.310000,6.360000,287.209991,39.490002,82726.500000,25.61,101.93,24.671429,PM2.5,3420
18.590000,20.400000,6.440000,9.320000,0.740000,65.529999,9.000000,4.910000,283.089996,48.799999,78056.179688,25.61,102.08,26.557142,PM2.5,3421
19.299999,21.980000,6.850000,9.810000,0.810000,64.959999,11.860000,3.280000,282.649994,50.380001,77375.789062,25.62,102.23,27.571428,PM2.5,3422
20.350000,25.010000,7.470000,10.630000,0.880000,63.480000,10.860000,3.780000,283.989990,50.500000,79194.031250,25.62,102.38,29.071428,PM2.5,3423
22.450001,32.200001,9.190000,13.280000,1.000000,60.919998,8.220000,4.180000,285.049988,52.410000,81072.406250,25.62,102.53,32.200001,PM10,3424
24.799999,40.910000,10.730000,16.059999,1.080000,58.889999,6.540000,3.160000,284.540009,56.830002,81271.296875,25.62,102.68,40.910000,PM10,3425
25.240000,43.619999,10.540000,16.190001,1.070000,58.500000,8.210000,2.740000,281.880005,65.339996,78334.210938,25.63,102.83,43.619999,PM10,3426
24.530001,42.650002,10.190000,15.380000,1.030000,59.150002,12.610000,2.810000,280.519989,67.279999,76564.023438,25.63,102.98,42.650002,PM10,3427
22.389999,37.910000,9.460000,14.170000,0.950000,60.930000,14.790000,2.330000,282.380005,55.360001,77530.640625,25.63,103.13,37.910000,PM10,3428
22.780001,40.700001,10.110000,15.230000,0.990000,60.369999,13.220000,2.000000,283.980011,47.959999,78736.203125,25.64,103.28,40.700001,PM10,3429
23.690001,43.490002,10.570000,16.129999,1.020000,60.220001,11.820000,2.640000,284.209991,47.990002,79200.578125,25.64,103.43,43.490002,PM10,3430
24.879999,44.930000,11.000000,16.700001,1.050000,60.660000,12.160000,3.470000,284.250000,49.480000,79545.031250,25.64,103.58,44.930000,PM10,3431
28.639999,51.529999,16.090000,23.719999,1.190000,56.580002,11.500000,3.500000,284.630005,50.369999,80236.343750,25.64,103.73,50.764999,PM10,3432
34.119999,58.560001,23.629999,31.980000,1.340000,51.169998,9.730000,3.720000,284.309998,53.400002,80352.953125,25.64,103.88,54.279999,PM10,3433
35.470001,56.560001,31.650000,31.950001,1.200000,50.360001,10.160000,4.410000,282.820007,60.099998,79023.617188,25.64,104.03,53.279999,PM10,3434
33.840000,49.730000,36.320000,28.459999,0.940000,51.810001,13.180000,3.150000,282.299988,60.930000,78210.460938,25.64,104.18,49.730000,PM10,3435
8.180000,9.200000,1.110000,0.850000,0.150000,72.430000,7.200000,-3.820000,281.839996,49.310001,76410.296875,25.6,98.48,11.685715,PM2.5,3540
8.790000,9.890000,1.410000,1.140000,0.160000,71.690002,5.990000,-3.310000,282.170013,47.740002,77068.507812,25.61,98.63,12.557143,PM2.5,3541
8.350000,9.310000,1.340000,1.170000,0.160000,73.800003,6.470000,-2.520000,281.739990,48.900002,76777.492188,25.62,98.78,11.928572,PM2.5,3542
8.060000,9.030000,1.270000,1.230000,0.160000,74.330002,5.780000,-2.210000,282.950012,47.040001,79059.703125,25.63,98.93,11.514286,PM2.5,3543
9.060000,10.330000,1.690000,1.540000,0.170000,75.209999,6.400000,-1.020000,281.910004,49.820000,78293.382812,25.63,99.08,12.942858,PM2.5,3544
9.670000,11.150000,1.790000,1.700000,0.170000,74.160004,7.900000,-0.100000,283.149994,46.070000,79290.773438,25.64,99.23,13.814286,PM2.5,3545
10.680000,12.560000,1.740000,1.890000,0.180000,72.750000,6.600000,-0.870000,284.320007,43.770000,81034.617188,25.65,99.38,15.257143,PM2.5,3546
11.570000,13.710000,1.760000,2.010000,0.180000,72.790001,6.790000,-2.150000,282.220001,46.730000,78574.710938,25.66,99.53,16.528570,PM2.5,3547
11.550000,13.690000,1.770000,1.960000,0.180000,73.599998,9.410000,-1.500000,281.329987,46.450001,76635.757812,25.66,99.68,16.500000,PM2.5,3548
11.760000,13.480000,1.990000,2.050000,0.180000,74.559998,8.670000,-0.290000,282.989990,41.380001,77726.312500,25.67,99.83,16.800001,PM2.5,3549
13.300000,15.440000,3.810000,3.130000,0.200000,73.959999,6.030000,1.590000,283.140015,43.560001,78795.421875,25.68,99.98,19.000000,PM2.5,3550
17.059999,20.110001,8.140000,5.800000,0.250000,70.650002,7.400000,3.520000,281.700012,49.590000,77482.546875,25.68,100.13,24.371428,PM2.5,3551
17.030001,20.020000,7.910000,5.730000,0.250000,69.959999,10.840000,3.360000,282.029999,48.570000,77370.703125,25.69,100.28,24.328573,PM2.5,3552
17.230000,20.200001,8.320000,5.900000,0.260000,70.489998,11.130000,3.190000,284.700012,40.990002,79559.101562,25.69,100.43,24.614285,PM2.5,3553
17.920000,20.230000,8.440000,5.900000,0.260000,71.309998,7.840000,2.200000,286.140015,38.889999,81523.640625,25.7,100.58,25.600000,PM2.5,3554
18.379999,20.969999,8.080000,5.720000,0.270000,70.839996,6.870000,0.690000,283.489990,45.060001,79183.679688,25.71,100.72,26.257141,PM2.5,3555
17.459999,19.000000,7.330000,5.700000,0.280000,73.000000,9.730000,2.130000,281.709991,49.540001,77117.570312,25.71,100.87,24.942856,PM2.5,3556
16.510000,17.100000,6.570000,5.410000,0.290000,74.599998,10.230000,3.040000,283.329987,45.500000,78507.539062,25.72,101.02,23.585714,PM2.5,3557
17.200001,18.110001,6.500000,5.680000,0.330000,72.019997,9.020000,4.080000,283.929993,46.029999,79712.078125,25.72,101.17,24.571430,PM2.5,3558
16.910000,17.790001,6.460000,6.210000,0.380000,71.599998,10.340000,4.360000,283.019989,50.410000,79091.726562,25.73,101.32,24.157143,PM2.5,3559
14.630000,14.750000,5.690000,5.530000,0.380000,76.360001,13.360000,3.140000,284.290009,42.610001,79137.750000,25.73,101.47,20.900000,PM2.5,3560
14.780000,15.270000,5.800000,6.470000,0.450000,72.510002,11.730000,2.370000,289.010010,31.540001,83538.367188,25.73,101.62,21.114285,PM2.5,3561
15.840000,17.920000,5.940000,7.750000,0.560000,68.949997,5.060000,3.060000,291.170013,29.650000,86968.351562,25.74,101.77,22.628572,PM2.5,3562
17.530001,21.260000,6.080000,8.770000,0.670000,66.769997,3.150000,6.980000,288.369995,36.770000,84327.609375,25.74,101.92,25.042858,PM2.5,3563
18.059999,22.120001,6.070000,9.100000,0.700000,65.050003,6.710000,7.310000,284.890015,43.180000,80047.656250,25.75,102.07,25.799999,PM2.5,3564
17.360001,20.469999,6.000000,8.570000,0.680000,67.769997,9.620000,3.680000,283.049988,45.619999,77476.117188,25.75,102.22,24.800001,PM2.5,3565
19.180000,25.709999,6.470000,9.810000,0.770000,63.200001,9.420000,2.130000,283.070007,47.590000,77618.656250,25.75,102.37,27.400000,PM2.5,3566
22.379999,35.169998,7.810000,12.000000,0.890000,60.639999,6.010000,2.290000,284.179993,51.259998,79954.921875,25.76,102.52,35.169998,PM10,3567
25.440001,44.250000,9.150000,14.350000,0.990000,60.590000,4.510000,2.790000,283.480011,58.310001,79921.437500,25.76,102.67,44.250000,PM10,3568
24.809999,43.330002,8.830000,13.930000,0.960000,60.529999,8.410000,3.630000,281.329987,64.489998,77471.796875,25.76,102.82,43.330002,PM10,3569
22.860001,38.639999,8.330000,12.630000,0.890000,63.000000,13.560000,4.840000,281.459991,61.290001,77098.570312,25.77,102.97,38.639999,PM10,3570
21.799999,36.380001,8.010000,12.290000,0.870000,62.840000,14.620000,4.160000,283.640015,50.880001,78657.710938,25.77,103.12,36.380001,PM10,3571
21.959999,37.849998,8.240000,12.600000,0.890000,63.029999,12.850000,1.670000,284.399994,46.930000,79219.593750,25.77,103.27,37.849998,PM10,3572
21.900000,37.810001,8.100000,12.380000,0.880000,63.840000,12.710000,1.020000,284.250000,46.430000,79020.257812,25.77,103.42,37.810001,PM10,3573
22.299999,37.450001,8.220000,12.070000,0.890000,64.010002,13.010000,2.430000,284.589996,45.759998,79408.406250,25.77,103.57,37.450001,PM10,3574
25.520000,42.790001,12.510000,17.370001,0.990000,59.910000,11.420000,3.270000,284.600006,46.720001,79697.101562,25.78,103.72,42.790001,PM10,3575
30.840000,49.959999,19.170000,25.219999,1.100000,52.980000,9.700000,3.930000,283.899994,51.349998,79521.117188,25.78,103.87,49.959999,PM10,3576
32.619999,49.810001,27.959999,27.160000,0.990000,51.930000,9.870000,4.980000,283.130005,56.340000,79040.796875,25.78,104.02,49.810001,PM10,3577
32.419998,46.480000,33.770000,25.540001,0.800000,52.709999,12.130000,4.560000,282.109985,61.290001,78074.023438,25.78,104.17,46.480000,PM10,3578
32.150002,44.580002,36.320000,24.370001,0.700000,54.130001,15.380000,3.120000,282.970001,54.020000,78157.539062,25.78,104.32,45.928574,PM2.5,3579
8.400000,9.360000,1.170000,0.860000,0.150000,75.589996,5.780000,-2.620000,279.160004,62.480000,74840.296875,25.74,98.47,11.999999,PM2.5,3684
8.810000,9.790000,1.440000,1.090000,0.160000,75.720001,6.150000,-2.850000,279.910004,56.209999,75363.250000,25.75,98.62,12.585715,PM2.5,3685
8.270000,9.200000,1.280000,1.130000,0.160000,76.330002,5.990000,-3.470000,280.359985,54.919998,76330.140625,25.75,98.77,11.814286,PM2.5,3686
8.060000,9.010000,1.180000,1.200000,0.160000,78.239998,5.540000,-4.380000,280.940002,53.480000,77458.671875,25.76,98.92,11.514286,PM2.5,3687
8.670000,9.840000,1.500000,1.400000,0.160000,79.570000,6.970000,-4.000000,281.980011,47.830002,77904.523438,25.77,99.07,12.385715,PM2.5,3688
9.530000,11.050000,1.600000,1.570000,0.170000,78.209999,6.640000,-1.570000,285.000000,38.889999,81078.718750,25.78,99.22,13.614285,PM2.5,3689
12.390000,14.830000,1.760000,2.040000,0.190000,76.330002,3.710000,0.410000,284.380005,40.060001,81286.437500,25.78,99.37,17.700001,PM2.5,3690
13.060000,15.590000,1.760000,2.080000,0.190000,76.419998,5.480000,-0.390000,281.040009,44.599998,76408.609375,25.79,99.52,18.657143,PM2.5,3691
11.820000,13.830000,1.620000,1.810000,0.180000,78.680000,9.430000,-0.650000,281.250000,40.240002,75235.101562,25.8,99.67,16.885714,PM2.5,3692
12.100000,14.310000,1.790000,1.960000,0.180000,76.309998,9.400000,-0.710000,283.290009,34.759998,77047.773438,25.8,99.82,17.285715,PM2.5,3693
12.180000,14.020000,2.370000,2.270000,0.190000,76.949997,7.590000,0.290000,283.790009,34.910000,77993.726562,25.81,99.97,17.400000,PM2.5,3694
14.230000,16.420000,4.860000,3.830000,0.210000,74.930000,7.960000,2.980000,283.019989,39.459999,77950.656250,25.82,100.12,20.328571,PM2.5,3695
14.120000,16.490000,4.950000,3.900000,0.220000,73.800003,10.260000,2.470000,283.140015,39.740002,77646.726562,25.82,100.27,20.171429,PM2.5,3696
15.040000,17.650000,5.700000,4.440000,0.230000,71.540001,9.200000,2.220000,286.309998,34.400002,81013.507812,25.83,100.42,21.485714,PM2.5,3697
16.709999,19.440001,6.780000,5.110000,0.250000,71.269997,4.900000,3.030000,286.679993,35.740002,82487.359375,25.83,100.57,23.871428,PM2.5,3698
16.469999,19.020000,6.420000,4.780000,0.240000,71.800003,6.790000,2.180000,282.019989,45.119999,76806.046875,25.84,100.72,23.528570,PM2.5,3699
15.350000,17.320000,5.560000,4.720000,0.250000,71.139999,12.070000,1.880000,281.690002,44.209999,75585.828125,25.85,100.87,21.928572,PM2.5,3700
13.780000,14.310000,4.980000,4.430000,0.240000,73.620003,9.970000,1.300000,285.170013,37.110001,78990.843750,25.85,101.02,19.685715,PM2.5,3701
14.420000,15.140000,5.020000,4.670000,0.270000,71.879997,6.740000,1.920000,284.730011,39.889999,79613.421875,25.86,101.17,20.600000,PM2.5,3702
14.980000,15.570000,5.220000,5.160000,0.310000,71.269997,9.740000,3.850000,282.739990,47.470001,78289.906250,25.86,101.32,21.400000,PM2.5,3703
13.220000,13.120000,4.700000,4.620000,0.310000,76.370003,12.720000,3.260000,284.690002,39.750000,79147.757812,25.87,101.47,18.885715,PM2.5,3704
13.950000,14.530000,4.940000,5.580000,0.390000,71.129997,8.120000,1.370000,289.350006,31.070000,84425.742188,25.87,101.62,19.928572,PM2.5,3705
17.530001,21.940001,6.080000,7.820000,0.610000,66.279999,1.230000,3.570000,290.010010,32.779999,86541.703125,25.87,101.77,25.042858,PM2.5,3706
18.180000,23.510000,6.110000,8.450000,0.670000,65.910004,1.810000,7.980000,287.910004,37.090000,83908.421875,25.88,101.92,25.971430,PM2.5,3707
17.309999,22.010000,5.660000,8.430000,0.650000,65.489998,5.460000,8.990000,286.369995,39.419998,81776.023438,25.88,102.07,24.728571,PM2.5,3708
17.680000,22.969999,5.680000,8.550000,0.670000,65.349998,7.960000,5.830000,283.540009,44.270000,78268.992188,25.89,102.22,25.257143,PM2.5,3709
18.959999,26.410000,5.880000,8.940000,0.710000,64.349998,9.280000,2.610000,282.000000,48.450001,76536.367188,25.89,102.37,27.085712,PM2.5,3710
22.170000,35.900002,6.710000,10.310000,0.810000,63.009998,6.940000,2.060000,282.420013,52.580002,77665.921875,25.89,102.52,35.900002,PM10,3711
24.690001,43.680000,7.570000,12.210000,0.900000,62.900002,5.600000,3.160000,281.489990,58.959999,77181.562500,25.9,102.67,43.680000,PM10,3712
23.629999,41.709999,7.140000,11.610000,0.860000,63.869999,9.960000,2.360000,280.390015,60.610001,75609.343750,25.9,102.82,41.709999,PM10,3713
21.309999,36.549999,6.690000,10.550000,0.790000,66.300003,14.440000,3.030000,282.489990,50.450001,77036.289062,25.9,102.97,36.549999,PM10,3714
20.510000,35.110001,6.730000,10.700000,0.800000,65.629997,12.800000,3.590000,285.690002,42.119999,80289.468750,25.9,103.12,35.110001,PM10,3715
21.030001,36.320000,6.640000,10.830000,0.820000,65.120003,10.430000,1.380000,284.600006,44.570000,79515.437500,25.91,103.27,36.320000,PM10,3716
20.150000,33.580002,6.260000,9.890000,0.780000,66.589996,13.070000,0.900000,283.529999,44.820000,77993.859375,25.91,103.42,33.580002,PM10,3717
19.370001,30.660000,6.160000,8.900000,0.740000,67.800003,14.740000,2.950000,284.839996,40.700001,78945.382812,25.91,103.57,30.660000,PM10,3718
20.930000,32.230000,7.690000,9.970000,0.750000,65.730003,12.580000,4.030000,284.820007,41.869999,79213.382812,25.91,103.72,32.230000,PM10,3719
24.660000,37.139999,11.410000,13.740000,0.790000,61.740002,10.840000,4.540000,283.750000,47.139999,78703.593750,25.91,103.87,37.139999,PM10,3720
26.969999,38.840000,15.880000,16.490000,0.730000,58.450001,10.780000,5.070000,283.429993,50.910000,78790.359375,25.91,104.02,38.840000,PM10,3721
27.030001,36.619999,19.280001,16.610001,0.600000,59.040001,12.080000,5.700000,282.980011,56.290001,78751.429688,25.92,104.17,38.614288,PM2.5,3722
27.090000,35.639999,21.680000,16.750000,0.540000,59.150002,14.310000,5.210000,283.959991,50.560001,79112.398438,25.92,104.32,38.700001,PM2.5,3723
7.880000,8.930000,1.000000,1.000000,0.150000,78.260002,4.410000,-2.760000,279.470001,60.669998,76698.929688,25.89,98.76,11.257143,PM2.5,3828
8.530000,9.750000,1.120000,1.240000,0.160000,79.559998,4.510000,-4.670000,279.899994,56.240002,76814.453125,25.9,98.91,12.185714,PM2.5,3829
8.370000,9.460000,1.300000,1.200000,0.160000,82.190002,6.890000,-5.710000,280.660004,48.369999,75939.882812,25.9,99.06,11.957143,PM2.5,3830
9.040000,10.330000,1.380000,1.310000,0.170000,81.570000,6.600000,-3.500000,283.380005,37.950001,77702.570312,25.91,99.21,12.914286,PM2.5,3831
12.700000,15.140000,1.640000,1.870000,0.190000,78.120003,2.900000,1.690000,283.290009,38.810001,79083.289062,25.92,99.36,18.142857,PM2.5,3832
12.510000,14.820000,1.590000,1.800000,0.180000,78.629997,5.150000,1.400000,281.500000,40.779999,76241.953125,25.93,99.51,17.871429,PM2.5,3833
11.820000,13.980000,1.520000,1.680000,0.180000,77.449997,9.740000,-1.070000,282.239990,36.869999,76404.351562,25.93,99.66,16.885714,PM2.5,3834
11.260000,13.260000,1.580000,1.700000,0.180000,77.459999,9.500000,-1.100000,283.779999,33.419998,77851.406250,25.94,99.81,16.085714,PM2.5,3835
10.760000,12.240000,1.720000,1.780000,0.180000,78.629997,8.210000,-1.130000,283.600006,33.419998,77523.546875,25.95,99.96,15.371428,PM2.5,3836
10.720000,12.210000,2.000000,1.990000,0.180000,78.519997,8.470000,0.830000,284.279999,32.720001,78407.312500,25.95,100.11,15.314286,PM2.5,3837
11.600000,13.370000,2.610000,2.460000,0.190000,75.889999,10.160000,2.540000,284.290009,33.009998,78431.679688,25.96,100.26,16.571428,PM2.5,3838
12.280000,14.270000,3.160000,2.890000,0.200000,73.680000,9.830000,2.460000,286.929993,28.840000,80915.593750,25.96,100.41,17.542856,PM2.5,3839
14.580000,16.969999,4.660000,3.940000,0.230000,70.459999,5.900000,4.820000,286.989990,32.509998,82340.406250,25.97,100.56,20.828571,PM2.5,3840
14.920000,17.160000,5.070000,4.020000,0.230000,71.769997,6.910000,5.310000,283.250000,39.570000,77728.273438,25.98,100.71,21.314285,PM2.5,3841
13.070000,14.510000,4.250000,3.610000,0.220000,74.739998,10.170000,2.680000,283.070007,37.450001,76374.367188,25.98,100.86,18.671429,PM2.5,3842
12.130000,12.680000,3.860000,3.470000,0.220000,76.080002,9.090000,-0.190000,283.649994,36.660000,77029.093750,25.99,101.01,17.328571,PM2.5,3843
12.130000,12.490000,3.790000,3.540000,0.220000,75.900002,8.530000,-0.170000,282.679993,39.180000,76167.937500,25.99,101.16,17.328571,PM2.5,3844
11.520000,11.420000,3.610000,3.480000,0.230000,77.449997,10.500000,2.720000,282.890015,39.349998,76360.812500,26.0,101.31,16.457144,PM2.5,3845
11.250000,10.910000,3.620000,3.570000,0.250000,77.669998,10.480000,2.350000,285.519989,33.950001,78739.742188,26.0,101.46,16.071428,PM2.5,3846
13.900000,15.290000,4.470000,4.960000,0.370000,70.790001,4.110000,1.000000,288.220001,32.259998,83185.906250,26.0,101.61,19.857141,PM2.5,3847
18.020000,22.549999,5.900000,7.000000,0.580000,66.589996,-0.510000,5.610000,287.649994,37.529999,84077.609375,26.01,101.77,25.742857,PM2.5,3848
18.340000,23.580000,5.620000,7.430000,0.630000,64.080002,2.310000,8.720000,286.940002,38.980000,82909.140625,26.01,101.92,26.200001,PM2.5,3849
17.129999,22.160000,5.280000,7.480000,0.610000,64.599998,4.480000,9.900000,287.339996,38.000000,83088.109375,26.02,102.07,24.471428,PM2.5,3850
17.370001,23.299999,5.350000,7.830000,0.640000,65.070000,5.450000,8.730000,284.989990,41.130001,79973.773438,26.02,102.22,24.814287,PM2.5,3851
18.320000,25.500000,5.360000,8.050000,0.660000,64.459999,8.560000,5.180000,281.399994,47.500000,75498.828125,26.02,102.37,26.171429,PM2.5,3852
20.049999,30.020000,5.730000,8.820000,0.720000,64.209999,9.450000,3.970000,280.929993,50.380001,74965.812500,26.03,102.52,30.020000,PM10,3853
22.270000,36.299999,6.370000,10.300000,0.800000,64.260002,7.400000,5.620000,281.279999,52.720001,75715.796875,26.03,102.67,36.299999,PM10,3854
21.330000,34.669998,5.960000,9.830000,0.760000,65.320000,11.190000,3.380000,279.420013,51.720001,72814.640625,26.03,102.82,34.669998,PM10,3855
18.160000,28.889999,5.340000,8.500000,0.670000,68.190002,15.950000,1.200000,282.720001,36.490002,74385.859375,26.04,102.97,28.889999,PM10,3856
17.940001,29.219999,5.540000,9.140000,0.710000,65.349998,11.160000,1.410000,287.049988,29.459999,79138.859375,26.04,103.12,29.219999,PM10,3857
18.510000,29.660000,5.190000,8.770000,0.700000,65.400002,8.540000,0.050000,283.220001,37.700001,75901.007812,26.04,103.27,29.660000,PM10,3858
16.790001,25.780001,4.700000,7.420000,0.620000,69.010002,14.030000,0.240000,282.940002,36.160000,74919.718750,26.04,103.42,25.780001,PM10,3859
15.640000,22.940001,4.620000,6.480000,0.570000,70.089996,15.150000,2.560000,286.850006,28.639999,78529.312500,26.04,103.57,22.940001,PM10,3860
17.090000,24.660000,5.450000,6.800000,0.570000,67.930000,11.430000,4.510000,286.579987,31.270000,79222.078125,26.05,103.72,24.660000,PM10,3861
20.480000,29.190001,7.870000,8.950000,0.590000,65.150002,10.270000,5.810000,284.799988,39.029999,78661.523438,26.05,103.87,29.257143,PM2.5,3862
23.719999,32.889999,11.880000,13.080000,0.570000,61.919998,11.400000,5.600000,283.679993,45.400002,78282.117188,26.05,104.02,33.885712,PM2.5,3863
24.840000,32.779999,14.900000,15.050000,0.510000,60.689999,13.170000,5.720000,283.570007,49.290001,78615.039062,26.05,104.17,35.485714,PM2.5,3864
24.990000,32.070000,16.379999,14.880000,0.470000,60.820000,13.400000,5.580000,285.140015,46.340000,80283.328125,26.05,104.32,35.700001,PM2.5,3865
7.900000,9.040000,0.920000,0.820000,0.160000,81.599998,3.100000,-1.990000,279.570007,58.439999,76624.570312,26.02,98.75,11.285714,PM2.5,3969
9.250000,10.810000,1.110000,1.100000,0.170000,80.980003,2.840000,-3.840000,279.950012,53.980000,76378.796875,26.03,98.9,13.214286,PM2.5,3970
8.940000,10.180000,1.130000,1.070000,0.160000,81.389999,6.170000,-5.330000,278.260010,53.110001,73140.976562,26.04,99.05,12.771428,PM2.5,3971
8.230000,9.240000,1.050000,0.960000,0.160000,83.510002,8.780000,-4.640000,279.510010,41.400002,72350.203125,26.05,99.2,11.757142,PM2.5,3972
9.400000,10.740000,1.180000,1.240000,0.170000,80.300003,4.680000,-0.040000,282.480011,36.090000,76250.453125,26.05,99.35,13.428571,PM2.5,3973
9.740000,11.250000,1.210000,1.340000,0.170000,79.139999,4.350000,-0.460000,282.049988,37.349998,76319.890625,26.06,99.5,13.914286,PM2.5,3974
9.530000,11.040000,1.220000,1.340000,0.170000,78.300003,8.960000,-3.030000,281.440002,36.889999,75007.382812,26.07,99.65,13.614285,PM2.5,3975
8.930000,10.020000,1.340000,1.390000,0.170000,81.199997,9.090000,-2.280000,283.559998,32.080002,76395.648438,26.07,99.8,12.757143,PM2.5,3976
9.430000,10.740000,1.590000,1.710000,0.170000,78.669998,8.430000,-3.030000,283.269989,32.810001,76435.046875,26.08,99.95,13.471429,PM2.5,3977
10.310000,11.590000,1.590000,1.660000,0.170000,79.169998,10.370000,-2.820000,283.700012,30.620001,76042.156250,26.09,100.1,14.728572,PM2.5,3978
10.170000,11.450000,1.720000,1.890000,0.180000,75.160004,9.330000,1.130000,286.820007,26.730000,79535.187500,26.09,100.26,14.528571,PM2.5,3979
11.050000,12.630000,2.210000,2.380000,0.190000,71.250000,6.680000,2.010000,289.589996,24.990000,83983.023438,26.1,100.41,15.785714,PM2.5,3980
13.100000,15.150000,3.440000,3.230000,0.210000,69.459999,5.140000,5.750000,288.299988,29.230000,83804.546875,26.11,100.56,18.714287,PM2.5,3981
13.940000,16.090000,3.960000,3.500000,0.220000,68.570000,6.760000,6.300000,284.739990,36.000000,79792.500000,26.11,100.71,19.914286,PM2.5,3982
13.460000,15.200000,3.860000,3.490000,0.220000,70.190002,9.300000,4.180000,283.649994,36.889999,78170.476562,26.12,100.86,19.228571,PM2.5,3983
12.370000,13.330000,3.540000,3.230000,0.210000,72.370003,8.810000,2.830000,282.279999,39.189999,76338.492188,26.12,101.01,17.671429,PM2.5,3984
10.970000,11.390000,3.050000,2.750000,0.200000,74.449997,10.780000,1.440000,281.059998,38.279999,73780.601562,26.13,101.16,15.671429,PM2.5,3985
10.610000,10.840000,2.960000,2.890000,0.200000,73.669998,13.460000,2.060000,283.820007,31.809999,75810.976562,26.13,101.31,15.157143,PM2.5,3986
9.970000,9.710000,2.900000,2.920000,0.210000,74.230003,9.620000,1.360000,287.459991,26.110001,79420.843750,26.14,101.46,14.242858,PM2.5,3987
12.680000,13.660000,3.880000,4.250000,0.300000,69.629997,2.900000,1.460000,287.100006,31.330000,81205.593750,26.14,101.61,18.114286,PM2.5,3988
17.410000,21.180000,5.320000,5.920000,0.480000,66.070000,1.330000,6.700000,285.890015,39.160000,81430.250000,26.14,101.76,24.871428,PM2.5,3989
16.670000,22.070000,5.070000,6.690000,0.580000,65.739998,4.320000,10.840000,287.350006,36.130001,82662.093750,26.16,102.21,23.814285,PM2.5,3992
16.930000,22.980000,4.880000,6.820000,0.590000,64.559998,8.080000,9.280000,283.880005,39.320000,77687.773438,26.16,102.36,24.185715,PM2.5,3993
17.590000,24.760000,5.010000,7.250000,0.620000,65.019997,11.520000,6.550000,283.440002,37.830002,76140.476562,26.16,102.51,25.128572,PM2.5,3994
18.620001,27.709999,5.330000,8.080000,0.670000,65.320000,9.580000,7.220000,285.299988,37.380001,78726.328125,26.17,102.66,27.709999,PM10,3995
18.280001,27.120001,5.060000,7.740000,0.650000,66.430000,11.140000,7.080000,282.579987,40.020000,75303.703125,26.17,102.81,27.120001,PM10,3996
16.010000,23.299999,4.520000,6.770000,0.580000,67.809998,14.580000,3.710000,283.980011,31.940001,75055.296875,26.17,102.97,23.299999,PM10,3997
17.430000,26.860001,5.400000,8.090000,0.660000,66.120003,10.220000,1.070000,287.040009,27.260000,78606.578125,26.17,103.12,26.860001,PM10,3998
17.400000,25.879999,4.920000,7.220000,0.620000,68.300003,9.450000,0.340000,281.619995,36.250000,73174.273438,26.18,103.27,25.879999,PM10,3999
14.990000,21.420000,4.200000,5.780000,0.510000,71.199997,16.120001,-0.410000,282.299988,31.990000,72811.976562,26.18,103.42,21.420000,PM10,4000
13.570000,18.760000,4.040000,5.080000,0.450000,71.250000,16.139999,0.020000,288.440002,21.889999,78302.382812,26.18,103.57,19.385714,PM2.5,4001
14.590000,19.930000,4.470000,5.170000,0.440000,68.480003,9.510000,2.630000,288.470001,23.600000,79516.617188,26.18,103.72,20.842857,PM2.5,4002
18.610001,25.510000,6.590000,7.100000,0.480000,65.519997,7.160000,5.790000,286.260010,31.950001,78956.109375,26.18,103.87,26.585714,PM2.5,4003
22.379999,30.030001,10.930000,12.280000,0.490000,61.180000,9.750000,6.230000,284.220001,40.250000,77844.156250,26.18,104.02,31.971428,PM2.5,4004
23.780001,30.590000,13.490000,14.800000,0.450000,59.619999,12.780000,5.560000,284.010010,42.779999,77827.093750,26.19,104.17,33.971428,PM2.5,4005
23.910000,30.000000,14.030000,14.380000,0.430000,59.580002,12.180000,4.480000,285.660004,41.310001,79914.789062,26.19,104.32,34.157143,PM2.5,4006
26.969999,32.680000,16.250000,14.230000,0.430000,57.180000,9.110000,3.380000,284.709991,47.680000,80058.117188,26.19,104.47,38.528572,PM2.5,4007
8.690000,10.150000,0.900000,0.770000,0.160000,80.349998,3.870000,-0.950000,279.489990,57.180000,75562.289062,26.16,98.74,12.414285,PM2.5,4111
10.780000,12.840000,1.160000,1.160000,0.170000,81.500000,1.970000,-1.790000,279.540009,54.240002,75604.437500,26.17,98.89,15.400000,PM2.5,4112
10.860000,12.860000,1.150000,1.190000,0.170000,78.860001,5.480000,-3.270000,276.940002,56.720001,71729.226562,26.17,99.04,15.514285,PM2.5,4113
9.280000,10.670000,1.030000,1.010000,0.160000,81.769997,9.990000,-3.560000,277.329987,45.459999,70349.742188,26.18,99.19,13.257142,PM2.5,4114
9.310000,10.480000,1.090000,1.160000,0.160000,80.910004,7.620000,-3.520000,281.250000,36.389999,74140.093750,26.19,99.35,13.300000,PM2.5,4115
9.470000,10.910000,1.160000,1.310000,0.160000,78.769997,6.460000,-4.310000,281.079987,37.520000,74395.703125,26.2,99.5,13.528572,PM2.5,4116
9.110000,10.470000,1.190000,1.300000,0.160000,78.839996,9.610000,-3.300000,279.890015,38.349998,72654.789062,26.2,99.65,13.014285,PM2.5,4117
8.790000,9.810000,1.370000,1.440000,0.170000,81.019997,8.630000,-2.790000,281.809998,34.189999,74200.687500,26.21,99.8,12.557143,PM2.5,4118
9.300000,10.580000,1.600000,1.730000,0.170000,79.269997,7.780000,-4.370000,280.959991,37.040001,73799.031250,26.22,99.95,13.285714,PM2.5,4119
8.890000,10.130000,1.630000,1.690000,0.170000,79.730003,12.550000,-5.080000,280.329987,34.000000,71899.421875,26.22,100.1,12.700001,PM2.5,4120
8.820000,9.880000,1.790000,1.900000,0.170000,76.220001,8.690000,-1.890000,286.260010,25.120001,77632.523438,26.23,100.25,12.599999,PM2.5,4121
12.300000,14.200000,2.840000,3.010000,0.200000,66.730003,-0.060000,-0.370000,288.380005,28.740000,84303.046875,26.23,100.4,17.571428,PM2.5,4122
13.180000,15.270000,3.220000,3.210000,0.210000,68.269997,-0.740000,4.470000,287.429993,31.350000,83507.453125,26.24,100.55,18.828571,PM2.5,4123
13.650000,15.800000,3.580000,3.280000,0.210000,68.040001,3.850000,4.860000,283.250000,37.680000,78098.187500,26.25,100.7,19.500000,PM2.5,4124
12.990000,14.650000,3.370000,3.140000,0.210000,70.250000,8.960000,2.950000,282.089996,39.430000,76260.859375,26.25,100.85,18.557142,PM2.5,4125
12.260000,13.590000,3.110000,3.020000,0.210000,69.599998,10.010000,5.050000,283.500000,37.439999,77836.546875,26.26,101.0,17.514286,PM2.5,4126
10.530000,11.130000,2.720000,2.490000,0.190000,74.779999,11.150000,5.550000,283.579987,34.619999,76713.812500,26.26,101.15,15.042857,PM2.5,4127
9.770000,9.990000,2.570000,2.450000,0.190000,76.180000,11.910000,3.310000,286.609985,27.459999,78619.203125,26.27,101.3,13.957144,PM2.5,4128
10.040000,10.290000,2.650000,2.760000,0.200000,72.949997,8.670000,1.290000,288.820007,24.400000,81321.929688,26.27,101.45,14.342857,PM2.5,4129
16.530001,22.240000,4.670000,6.090000,0.560000,65.180000,10.580000,6.810000,287.450012,30.030001,80530.398438,26.3,102.51,23.614286,PM2.5,4136
16.430000,22.600000,4.420000,5.990000,0.560000,66.300003,12.230000,6.570000,285.809998,33.950001,79108.226562,26.3,102.81,23.471430,PM2.5,4138
15.640000,21.450001,4.250000,5.690000,0.530000,66.930000,13.070000,5.380000,287.649994,28.879999,80081.781250,26.31,102.96,22.342857,PM2.5,4139
17.240000,24.629999,4.950000,6.580000,0.590000,66.449997,8.700000,2.080000,288.380005,27.420000,81388.593750,26.31,103.11,24.629999,PM10,4140
18.020000,25.620001,5.890000,6.970000,0.570000,66.419998,8.990000,3.250000,283.109985,34.880001,75514.617188,26.31,103.26,25.742857,PM2.5,4141
14.960000,20.590000,5.200000,5.680000,0.440000,66.989998,15.410000,2.050000,282.260010,34.080002,73666.921875,26.31,103.42,21.371429,PM2.5,4142
13.600000,18.110001,4.890000,4.990000,0.390000,68.970001,17.500000,-0.150000,287.010010,24.100000,77369.679688,26.32,103.57,19.428572,PM2.5,4143
13.970000,18.240000,4.970000,4.940000,0.370000,66.629997,11.620000,0.720000,288.660004,22.320000,79495.546875,26.32,103.72,19.957144,PM2.5,4144
16.830000,21.910000,5.940000,5.830000,0.390000,64.209999,6.840000,3.840000,287.190002,28.059999,79535.789062,26.32,103.87,24.042856,PM2.5,4145
20.629999,26.650000,9.570000,10.270000,0.420000,60.849998,8.420000,5.670000,286.010010,33.169998,78858.343750,26.32,104.02,29.471428,PM2.5,4146
21.990000,27.420000,11.250000,12.150000,0.400000,58.500000,10.790000,4.840000,285.980011,35.049999,79006.789062,26.32,104.17,31.414286,PM2.5,4147
23.230000,28.290001,11.730000,12.130000,0.390000,58.060001,9.720000,2.730000,285.500000,39.389999,79353.226562,26.32,104.32,33.185715,PM2.5,4148
34.500000,40.349998,16.299999,11.690000,0.450000,55.400002,6.560000,2.970000,284.329987,48.500000,79663.117188,26.32,104.47,49.285713,PM2.5,4149
10.630000,12.760000,0.930000,0.980000,0.160000,76.330002,5.060000,-1.080000,279.450012,53.480000,74639.093750,26.29,98.73,15.185715,PM2.5,4253
14.670000,17.980000,1.330000,1.610000,0.180000,79.860001,1.510000,-0.680000,280.109985,50.250000,76233.156250,26.3,98.89,20.957144,PM2.5,4254
13.070000,15.870000,1.230000,1.450000,0.170000,78.099998,5.550000,-1.760000,277.399994,53.349998,72145.656250,26.31,99.04,18.671429,PM2.5,4255
11.340000,13.290000,1.150000,1.320000,0.170000,79.639999,9.910000,-2.420000,277.850006,46.330002,71390.632812,26.32,99.19,16.200001,PM2.5,4256
10.310000,11.670000,1.150000,1.350000,0.170000,80.239998,8.180000,-4.680000,278.980011,43.980000,72739.023438,26.32,99.34,14.728572,PM2.5,4257
9.730000,11.260000,1.240000,1.410000,0.160000,78.510002,8.850000,-5.770000,278.269989,44.049999,71661.296875,26.33,99.49,13.900000,PM2.5,4258
8.500000,9.540000,1.300000,1.310000,0.160000,81.779999,9.870000,-3.350000,280.309998,37.610001,72912.679688,26.34,99.64,12.142858,PM2.5,4259
8.800000,10.010000,1.580000,1.650000,0.170000,79.839996,6.440000,-2.000000,281.779999,35.200001,74796.296875,26.34,99.79,12.571429,PM2.5,4260
9.350000,10.740000,1.770000,1.940000,0.170000,77.559998,6.920000,-1.910000,279.529999,39.720001,72661.929688,26.35,99.94,13.357143,PM2.5,4261
8.920000,10.220000,1.680000,1.810000,0.170000,77.879997,13.630000,-2.710000,278.779999,37.189999,70878.851562,26.36,100.09,12.742857,PM2.5,4262
8.420000,9.570000,1.690000,1.890000,0.170000,74.690002,12.600000,-2.790000,284.859985,26.400000,76251.750000,26.36,100.24,12.028571,PM2.5,4263
11.580000,13.380000,2.690000,2.920000,0.200000,68.199997,3.290000,-1.070000,286.760010,27.930000,80700.773438,26.37,100.39,16.542856,PM2.5,4264
14.150000,16.469999,3.540000,3.420000,0.220000,68.699997,-0.040000,2.910000,285.200012,34.299999,80348.023438,26.38,100.54,20.214285,PM2.5,4265
13.730000,15.950000,3.530000,3.230000,0.210000,69.169998,4.060000,4.290000,283.489990,35.349998,77449.250000,26.38,100.69,19.614285,PM2.5,4266
11.790000,13.380000,2.920000,2.710000,0.200000,72.739998,9.510000,1.380000,282.730011,34.389999,75338.789062,26.39,100.85,16.842857,PM2.5,4267
9.930000,10.790000,2.440000,2.330000,0.180000,75.510002,11.440000,2.060000,285.750000,29.780001,78246.226562,26.39,101.0,14.185715,PM2.5,4268
10.000000,10.920000,2.510000,2.490000,0.190000,73.449997,11.700000,4.950000,288.019989,26.879999,80973.093750,26.4,101.15,14.285714,PM2.5,4269
9.690000,10.370000,2.480000,2.590000,0.190000,72.870003,11.220000,4.000000,290.820007,23.129999,83935.382812,26.4,101.3,13.842856,PM2.5,4270
9.880000,10.460000,2.500000,2.770000,0.200000,71.580002,9.060000,2.860000,290.890015,23.100000,84491.609375,26.41,101.45,14.114285,PM2.5,4271
9.880000,10.220000,2.580000,2.850000,0.210000,73.269997,8.720000,2.840000,288.940002,24.870001,81622.093750,26.41,101.6,14.114285,PM2.5,4272
17.139999,23.459999,4.450000,5.430000,0.530000,66.269997,6.270000,2.870000,287.200012,31.490000,81130.046875,26.44,103.11,24.485714,PM2.5,4282
18.150000,25.190001,6.340000,6.670000,0.530000,65.650002,8.320000,4.920000,283.850006,36.299999,77366.546875,26.45,103.26,25.928572,PM2.5,4283
15.700000,21.299999,6.020000,5.970000,0.420000,65.370003,14.260000,5.220000,283.190002,36.240002,75940.023438,26.45,103.41,22.428572,PM2.5,4284
14.010000,18.350000,5.420000,5.070000,0.360000,68.110001,17.459999,2.560000,285.510010,28.889999,77135.992188,26.45,103.56,20.014286,PM2.5,4285
13.860000,17.670000,5.360000,4.880000,0.330000,66.930000,14.380000,0.760000,287.670013,24.620001,79007.023438,26.45,103.72,19.799999,PM2.5,4286
15.300000,19.150000,5.750000,5.220000,0.330000,64.239998,8.850000,1.520000,287.019989,27.950001,79549.750000,26.45,103.87,21.857143,PM2.5,4287
20.680000,25.820000,8.630000,8.430000,0.390000,61.389999,7.720000,3.120000,286.070007,33.840000,79586.093750,26.46,104.02,29.542858,PM2.5,4288
25.660000,30.809999,10.510000,9.050000,0.400000,59.599998,8.040000,2.400000,285.390015,39.560001,79936.031250,26.46,104.17,36.657143,PM2.5,4289
36.410000,42.540001,14.160000,9.000000,0.460000,57.619999,6.760000,1.450000,283.750000,47.900002,79589.328125,26.46,104.32,51.762501,PM2.5,4290
44.099998,50.660000,17.510000,9.560000,0.500000,54.110001,4.280000,2.110000,283.290009,54.150002,80436.562500,26.46,104.47,61.375000,PM2.5,4291
59.230000,66.139999,24.760000,9.600000,0.580000,50.369999,0.910000,2.380000,282.540009,62.250000,81480.703125,26.46,104.62,80.287498,PM2.5,4292
14.720000,18.080000,1.300000,1.670000,0.180000,79.059998,1.800000,-1.140000,280.100006,49.299999,76064.281250,26.44,98.88,21.028572,PM2.5,4392
13.120000,15.950000,1.220000,1.520000,0.170000,78.410004,6.080000,-1.330000,277.290009,51.750000,71723.929688,26.44,99.03,18.742857,PM2.5,4393
11.740000,14.160000,1.180000,1.470000,0.170000,77.089996,9.760000,-2.490000,278.230011,45.700001,71927.109375,26.45,99.18,16.771429,PM2.5,4394
10.390000,11.950000,1.210000,1.460000,0.170000,78.860001,6.730000,-3.820000,277.869995,48.500000,72125.648438,26.46,99.33,14.842857,PM2.5,4395
9.630000,11.220000,1.400000,1.530000,0.160000,77.790001,8.730000,-5.110000,276.649994,50.099998,70417.210938,26.47,99.48,13.757143,PM2.5,4396
8.340000,9.680000,1.580000,1.460000,0.160000,79.730003,12.350000,-4.870000,279.820007,39.209999,72759.476562,26.47,99.63,11.914286,PM2.5,4397
8.120000,9.380000,1.670000,1.610000,0.160000,78.639999,9.570000,-2.770000,282.230011,33.419998,75039.242188,26.48,99.78,11.599999,PM2.5,4398
8.480000,9.800000,1.790000,1.840000,0.170000,77.300003,8.100000,0.380000,280.850006,36.419998,74148.593750,26.49,99.93,12.114285,PM2.5,4399
8.400000,9.690000,2.030000,1.970000,0.170000,77.040001,12.680000,-0.840000,279.730011,36.730000,72410.273438,26.49,100.08,11.999999,PM2.5,4400
8.420000,9.550000,2.040000,1.960000,0.160000,76.599998,12.660000,-2.900000,284.100006,28.389999,76262.687500,26.5,100.24,12.028571,PM2.5,4401
9.240000,10.520000,2.100000,2.240000,0.170000,72.690002,6.590000,-0.750000,285.549988,28.010000,78890.406250,26.5,100.39,13.200000,PM2.5,4402
12.530000,14.460000,3.040000,2.980000,0.200000,68.769997,4.730000,2.110000,284.459991,33.110001,78612.921875,26.51,100.54,17.900000,PM2.5,4403
12.990000,15.050000,3.230000,3.080000,0.210000,67.750000,5.720000,3.850000,284.839996,33.400002,79240.351562,26.52,100.69,18.557142,PM2.5,4404
11.250000,12.770000,2.810000,2.730000,0.190000,71.209999,9.040000,0.490000,283.649994,34.040001,77387.078125,26.52,100.84,16.071428,PM2.5,4405
9.640000,10.850000,2.400000,2.430000,0.180000,72.339996,14.170000,-1.410000,284.899994,29.969999,77784.023438,26.53,100.99,13.771429,PM2.5,4406
9.000000,9.990000,2.270000,2.420000,0.180000,71.650002,14.420000,0.860000,288.760010,24.080000,81316.210938,26.53,101.14,12.857142,PM2.5,4407
9.560000,10.600000,2.810000,3.010000,0.190000,69.820000,10.950000,2.070000,291.549988,21.459999,84670.406250,26.54,101.29,13.657144,PM2.5,4408
18.580000,25.150000,4.960000,5.330000,0.520000,66.000000,6.610000,4.920000,284.570007,35.669998,77987.656250,26.58,103.11,26.542856,PM2.5,4420
18.139999,24.360001,5.300000,5.500000,0.470000,65.879997,9.970000,5.430000,282.480011,39.189999,75673.789062,26.58,103.26,25.914286,PM2.5,4421
15.570000,20.320000,4.880000,4.880000,0.380000,67.010002,14.280000,6.510000,284.350006,34.840000,77188.023438,26.58,103.41,22.242857,PM2.5,4422
14.150000,17.940001,4.610000,4.360000,0.330000,68.370003,14.930000,5.300000,286.149994,30.080000,78436.546875,26.59,103.56,20.214285,PM2.5,4423
14.250000,17.620001,4.630000,4.290000,0.320000,66.309998,12.920000,2.570000,286.579987,28.280001,78663.359375,26.59,103.71,20.357143,PM2.5,4424
26.040001,30.309999,9.180000,5.820000,0.370000,63.009998,8.940000,1.070000,284.040009,42.509998,78593.937500,26.59,104.17,37.200001,PM2.5,4427
35.310001,40.480000,12.160000,6.720000,0.420000,60.150002,6.520000,1.480000,282.829987,51.439999,79844.289062,26.59,104.32,50.387501,PM2.5,4428
39.869999,45.259998,14.250000,7.410000,0.450000,57.930000,4.270000,1.860000,282.839996,57.180000,80696.328125,26.59,104.47,56.087498,PM2.5,4429
8.120000,9.280000,0.940000,1.020000,0.150000,80.169998,2.380000,-0.910000,278.500000,56.049999,74495.648438,26.57,98.87,11.599999,PM2.5,4530
8.940000,10.380000,1.020000,1.200000,0.160000,78.989998,6.440000,-0.490000,276.410004,55.180000,70834.453125,26.58,99.02,12.771428,PM2.5,4531
8.940000,10.440000,1.070000,1.280000,0.160000,77.010002,8.270000,-2.050000,278.209991,48.029999,72442.757812,26.59,99.17,12.771428,PM2.5,4532
9.240000,10.770000,1.270000,1.420000,0.160000,79.459999,4.330000,-2.760000,277.559998,53.349998,72733.953125,26.59,99.32,13.200000,PM2.5,4533
8.980000,10.380000,1.640000,1.610000,0.160000,79.269997,6.510000,-4.640000,275.989990,57.130001,70653.171875,26.6,99.47,12.828570,PM2.5,4534
6.970000,7.790000,1.730000,1.330000,0.150000,83.559998,10.870000,-4.940000,278.130005,43.520000,71233.460938,26.61,99.62,9.957143,PM2.5,4535
6.690000,7.370000,1.680000,1.400000,0.150000,83.150002,9.510000,-3.180000,280.679993,34.910000,72861.671875,26.62,99.77,9.557143,PM2.5,4536
7.060000,7.920000,1.790000,1.690000,0.160000,79.750000,7.570000,-0.590000,280.929993,34.400002,73707.289062,26.62,99.93,10.085714,PM2.5,4537
7.790000,8.840000,2.480000,2.190000,0.160000,77.540001,10.490000,-2.220000,279.750000,35.849998,72263.828125,26.63,100.08,11.128572,PM2.5,4538
6.630000,7.370000,2.250000,1.940000,0.160000,78.690002,9.530000,-3.530000,283.459991,29.809999,75573.359375,26.63,100.23,9.471429,PM2.5,4539
7.040000,7.980000,2.140000,2.080000,0.160000,74.389999,4.500000,-0.320000,285.429993,28.440001,78816.117188,26.64,100.38,10.057143,PM2.5,4540
10.650000,12.290000,3.110000,2.910000,0.190000,71.470001,4.250000,1.590000,284.820007,30.330000,78414.359375,26.65,100.53,15.214285,PM2.5,4541
11.600000,13.380000,3.300000,3.100000,0.200000,69.209999,4.800000,1.870000,284.260010,33.889999,78858.820312,26.65,100.68,16.571428,PM2.5,4542
10.480000,12.040000,2.900000,2.790000,0.180000,69.820000,8.050000,-1.130000,281.829987,36.369999,75577.296875,26.66,100.83,14.971428,PM2.5,4543
8.370000,9.540000,2.230000,2.210000,0.170000,71.260002,14.770000,-3.340000,282.290009,31.920000,74336.476562,26.66,100.98,11.957143,PM2.5,4544
7.010000,7.720000,1.990000,1.990000,0.160000,72.680000,12.230000,-1.660000,288.100006,22.549999,79252.523438,26.67,101.14,10.014286,PM2.5,4545
10.520000,12.110000,5.120000,4.110000,0.190000,67.709999,5.030000,0.960000,289.920013,22.590000,82762.117188,26.67,101.29,15.028572,PM2.5,4546
13.820000,16.290001,9.000000,6.390000,0.230000,65.580002,4.150000,3.100000,288.880005,25.969999,82675.218750,26.68,101.44,19.742857,PM2.5,4547
16.920000,18.930000,5.130000,3.660000,0.270000,65.519997,5.930000,6.350000,285.700012,33.970001,79267.289062,26.71,103.11,24.171429,PM2.5,4558
16.190001,18.129999,5.010000,3.530000,0.260000,65.989998,10.970000,6.070000,282.380005,38.509998,75179.703125,26.72,103.26,23.128572,PM2.5,4559
14.320000,15.940000,4.490000,3.210000,0.240000,68.379997,15.730000,5.940000,284.890015,32.560001,77082.968750,26.72,103.41,20.457142,PM2.5,4560
13.720000,15.220000,4.440000,3.180000,0.240000,67.620003,14.250000,5.830000,287.359985,28.530001,79579.757812,26.72,103.56,19.600000,PM2.5,4561
13.990000,15.490000,4.490000,3.280000,0.240000,65.269997,10.900000,4.060000,287.100006,28.980000,79640.507812,26.72,103.71,19.985714,PM2.5,4562
7.670000,8.630000,0.960000,1.020000,0.150000,79.300003,2.580000,0.490000,277.739990,60.570000,73881.203125,26.71,98.86,10.957143,PM2.5,4668
8.410000,9.620000,1.090000,1.190000,0.150000,78.489998,6.500000,-0.010000,276.149994,60.250000,70967.750000,26.71,99.01,12.014285,PM2.5,4669
8.690000,10.050000,1.200000,1.350000,0.160000,76.519997,6.300000,-1.430000,278.369995,52.590000,73478.757812,26.72,99.16,12.414285,PM2.5,4670
9.510000,11.190000,1.450000,1.590000,0.170000,81.110001,2.330000,-2.210000,277.970001,55.889999,73746.226562,26.73,99.31,13.585714,PM2.5,4671
8.810000,10.280000,1.630000,1.670000,0.160000,79.160004,5.590000,-4.740000,275.959991,58.750000,70741.609375,26.74,99.46,12.585715,PM2.5,4672
6.550000,7.350000,1.560000,1.250000,0.140000,82.379997,11.660000,-4.300000,277.059998,44.970001,69910.203125,26.74,99.62,9.357143,PM2.5,4673
6.360000,7.010000,1.550000,1.330000,0.140000,81.610001,11.270000,-2.470000,279.980011,34.680000,71829.976562,26.75,99.77,9.085714,PM2.5,4674
6.570000,7.360000,1.660000,1.600000,0.150000,77.800003,7.700000,-1.370000,280.750000,33.340000,73039.992188,26.76,99.92,9.385715,PM2.5,4675
7.450000,8.470000,2.700000,2.370000,0.160000,75.680000,8.350000,-3.630000,279.869995,36.490002,72514.718750,26.76,100.07,10.642857,PM2.5,4676
5.890000,6.540000,2.190000,1.900000,0.150000,78.199997,9.650000,-6.230000,282.540009,32.910000,75084.429688,26.77,100.22,8.414286,PM2.5,4677
5.640000,6.330000,2.050000,1.920000,0.150000,75.680000,7.220000,-2.590000,284.489990,29.350000,77299.476562,26.78,100.37,8.057142,PM2.5,4678
8.190000,9.360000,2.670000,2.490000,0.170000,71.970001,4.670000,1.150000,283.989990,31.320000,77710.460938,26.78,100.52,11.700000,PM2.5,4679
9.840000,11.270000,3.160000,2.910000,0.190000,72.279999,3.530000,1.580000,283.709991,32.630001,77880.960938,26.79,100.68,14.057143,PM2.5,4680
8.940000,10.180000,2.700000,2.630000,0.170000,71.589996,7.010000,0.220000,280.529999,35.849998,73397.382812,26.79,100.83,12.771428,PM2.5,4681
7.160000,8.100000,2.030000,2.060000,0.160000,71.500000,14.840000,-3.070000,280.549988,31.980000,71806.812500,26.8,100.98,10.228571,PM2.5,4682
6.010000,6.590000,1.750000,1.760000,0.150000,72.970001,12.460000,-3.240000,287.109985,21.740000,77437.546875,26.8,101.13,8.585714,PM2.5,4683
9.380000,10.910000,4.810000,3.470000,0.180000,66.250000,3.870000,0.710000,289.239990,22.320000,82081.796875,26.81,101.28,13.400001,PM2.5,4684
18.510000,20.879999,6.650000,4.520000,0.290000,63.220001,4.950000,5.340000,291.279999,26.209999,86008.429688,26.85,102.95,26.442858,PM2.5,4695
16.200001,18.190001,5.220000,3.620000,0.260000,66.309998,3.920000,6.740000,285.989990,33.860001,79933.468750,26.85,103.1,23.142859,PM2.5,4696
15.150000,16.990000,4.830000,3.320000,0.250000,64.709999,11.490000,8.520000,283.029999,37.360001,75934.890625,26.85,103.25,21.642857,PM2.5,4697
13.570000,15.110000,4.360000,3.000000,0.230000,67.440002,16.190001,6.870000,285.790009,29.309999,77449.601562,26.85,103.41,19.385714,PM2.5,4698
13.680000,15.170000,4.360000,3.150000,0.240000,64.970001,12.850000,4.590000,288.470001,25.430000,80092.117188,26.86,103.56,19.542858,PM2.5,4699
14.360000,15.960000,4.550000,3.250000,0.240000,62.599998,7.380000,3.410000,287.709991,28.420000,80483.882812,26.86,103.71,20.514286,PM2.5,4700
7.740000,8.680000,1.470000,1.240000,0.150000,76.599998,1.960000,0.820000,277.980011,62.860001,74450.000000,26.84,98.85,11.057142,PM2.5,4806
8.280000,9.380000,1.580000,1.390000,0.160000,76.900002,5.880000,-0.590000,276.299988,63.419998,71408.492188,26.85,99.0,11.828571,PM2.5,4807
8.790000,10.170000,1.560000,1.610000,0.160000,76.660004,5.350000,-0.920000,278.589996,55.250000,74036.843750,26.86,99.15,12.557143,PM2.5,4808
9.210000,10.840000,1.550000,1.840000,0.170000,83.040001,1.150000,-1.490000,278.869995,54.240002,74664.453125,26.86,99.3,13.157143,PM2.5,4809
8.350000,9.730000,1.420000,1.680000,0.150000,78.720001,5.240000,-3.550000,275.570007,58.619999,69996.023438,26.87,99.46,11.928572,PM2.5,4810
6.020000,6.730000,1.060000,1.030000,0.130000,80.599998,12.870000,-3.100000,275.609985,45.610001,67901.226562,26.88,99.61,8.600000,PM2.5,4811
5.820000,6.400000,1.230000,1.190000,0.140000,79.489998,11.470000,-2.740000,279.920013,33.560001,71252.039062,26.89,99.76,8.314286,PM2.5,4812
5.600000,6.210000,1.490000,1.460000,0.140000,76.529999,4.470000,-1.700000,282.209991,33.200001,75045.679688,26.89,99.91,8.000000,PM2.5,4813
6.830000,7.790000,2.880000,2.560000,0.160000,75.250000,4.300000,-4.500000,281.619995,36.230000,75191.539062,26.9,100.06,9.757143,PM2.5,4814
5.640000,6.440000,2.220000,2.050000,0.140000,74.519997,10.330000,-8.650000,280.899994,36.599998,73996.250000,26.9,100.21,8.057142,PM2.5,4815
4.800000,5.270000,1.720000,1.540000,0.140000,78.139999,12.240000,-5.200000,281.579987,31.139999,73052.328125,26.91,100.37,6.857143,PM2.5,4816
5.820000,6.440000,2.000000,1.910000,0.150000,74.019997,6.470000,0.190000,282.790009,30.230000,74926.070312,26.92,100.52,8.314286,PM2.5,4817
7.710000,8.740000,2.400000,2.350000,0.170000,72.279999,1.910000,2.010000,283.049988,32.639999,76729.640625,26.92,100.67,11.014286,PM2.5,4818
6.830000,7.710000,2.010000,2.220000,0.160000,71.279999,4.960000,1.390000,281.329987,33.160000,73916.476562,26.93,100.82,9.757143,PM2.5,4819
6.080000,6.850000,1.670000,1.890000,0.150000,69.919998,12.680000,-2.250000,280.500000,31.820000,72073.812500,26.93,100.97,8.685714,PM2.5,4820
6.270000,6.920000,1.420000,1.600000,0.140000,71.070000,16.040001,-5.050000,284.209991,24.080000,74606.476562,26.94,101.13,8.957143,PM2.5,4821
19.680000,22.260000,7.170000,4.890000,0.300000,65.919998,0.280000,5.100000,288.579987,29.510000,83080.023438,26.98,102.95,28.114286,PM2.5,4833
16.469999,18.530001,5.480000,3.720000,0.260000,65.250000,5.630000,8.100000,284.070007,36.450001,77693.679688,26.99,103.1,23.528570,PM2.5,4834
14.550000,16.280001,4.800000,3.290000,0.240000,66.260002,13.130000,10.410000,285.820007,31.420000,78470.343750,26.99,103.25,20.785715,PM2.5,4835
15.300000,17.059999,5.040000,3.310000,0.250000,65.790001,14.360000,6.970000,288.690002,25.809999,80689.882812,26.99,103.4,21.857143,PM2.5,4836
15.710000,17.540001,5.150000,3.570000,0.260000,63.389999,10.730000,3.120000,288.450012,26.700001,80784.609375,26.99,103.56,22.442858,PM2.5,4837
16.900000,18.959999,6.150000,3.740000,0.270000,63.180000,7.070000,3.240000,287.279999,29.430000,80146.921875,26.99,103.71,24.142857,PM2.5,4838
7.480000,8.360000,1.560000,1.220000,0.150000,78.059998,1.870000,0.080000,278.170013,64.580002,74687.617188,26.98,98.84,10.685715,PM2.5,4944
7.870000,8.860000,1.590000,1.310000,0.160000,78.099998,6.290000,-0.730000,275.940002,64.620003,70712.687500,26.98,98.99,11.242857,PM2.5,4945
8.060000,9.250000,1.620000,1.510000,0.160000,76.480003,5.450000,-0.730000,279.239990,53.980000,74395.773438,26.99,99.14,11.514286,PM2.5,4946
9.000000,10.550000,2.300000,2.270000,0.170000,83.250000,0.840000,-0.780000,279.369995,53.540001,75135.921875,27.0,99.3,12.857142,PM2.5,4947
8.740000,10.240000,2.230000,2.230000,0.160000,77.349998,6.390000,-0.800000,275.170013,60.070000,69458.226562,27.01,99.45,12.485714,PM2.5,4948
6.560000,7.420000,1.610000,1.470000,0.140000,78.889999,12.790000,-1.160000,276.119995,47.070000,68575.859375,27.01,99.6,9.371428,PM2.5,4949
5.660000,6.210000,1.520000,1.340000,0.140000,79.440002,10.930000,-4.520000,279.769989,39.110001,72110.796875,27.02,99.75,8.085714,PM2.5,4950
5.130000,5.720000,1.590000,1.410000,0.140000,77.739998,6.250000,-4.440000,283.540009,33.070000,76772.382812,27.03,99.9,7.328572,PM2.5,4951
5.440000,6.140000,1.830000,1.700000,0.140000,77.040001,4.870000,-3.730000,281.980011,35.029999,75541.218750,27.03,100.06,7.771429,PM2.5,4952
4.810000,5.410000,1.450000,1.410000,0.130000,70.459999,11.780000,-5.130000,277.230011,41.650002,69720.968750,27.04,100.21,6.871428,PM2.5,4953
4.490000,5.040000,1.320000,1.270000,0.130000,73.860001,17.650000,-3.270000,279.720001,31.000000,70342.062500,27.05,100.36,6.414285,PM2.5,4954
4.530000,5.090000,1.310000,1.400000,0.130000,70.800003,10.280000,-1.010000,284.200012,24.709999,75262.281250,27.05,100.51,6.471429,PM2.5,4955
5.460000,6.160000,1.490000,1.680000,0.140000,70.769997,3.090000,-0.000000,282.989990,29.690001,75993.109375,27.06,100.66,7.800000,PM2.5,4956
5.320000,5.990000,1.420000,1.840000,0.140000,71.470001,5.490000,-0.370000,281.119995,31.030001,73427.617188,27.06,100.82,7.600000,PM2.5,4957
5.230000,5.880000,1.300000,1.710000,0.130000,70.029999,11.540000,-2.030000,279.549988,31.750000,71010.156250,27.07,100.97,7.471428,PM2.5,4958
5.850000,6.440000,1.170000,1.430000,0.130000,71.250000,15.990000,-4.600000,281.600006,26.090000,71864.156250,27.07,101.12,8.357142,PM2.5,4959
19.280001,21.719999,6.770000,4.760000,0.300000,64.849998,2.200000,7.770000,285.500000,31.430000,78447.812500,27.12,102.95,27.542858,PM2.5,4971
16.450001,18.549999,5.730000,3.870000,0.260000,66.309998,9.150000,9.090000,285.000000,30.870001,77147.273438,27.12,103.1,23.500002,PM2.5,4972
17.580000,19.770000,6.060000,3.770000,0.270000,66.029999,10.920000,7.380000,289.160004,25.570000,81659.093750,27.12,103.25,25.114286,PM2.5,4973
26.530001,29.700001,8.660000,4.340000,0.330000,62.930000,7.750000,3.740000,289.709991,26.959999,83346.343750,27.13,103.4,37.900002,PM2.5,4974
29.580000,33.290001,10.840000,5.610000,0.370000,62.610001,7.240000,2.870000,287.859985,29.020000,81095.937500,27.13,103.55,42.257141,PM2.5,4975
6.850000,7.640000,1.160000,1.020000,0.150000,76.940002,2.610000,0.010000,277.290009,67.430000,73511.109375,27.11,98.83,9.785714,PM2.5,5082
7.050000,7.900000,1.190000,1.060000,0.150000,77.370003,6.860000,0.050000,275.459991,67.639999,70264.960938,27.12,98.98,10.071429,PM2.5,5083
6.930000,7.870000,1.180000,1.110000,0.150000,75.330002,6.340000,-1.530000,278.970001,55.610001,74173.859375,27.13,99.14,9.900000,PM2.5,5084
7.720000,8.930000,2.210000,2.060000,0.160000,77.599998,3.090000,-1.080000,278.459991,57.779999,74473.218750,27.14,99.29,11.028571,PM2.5,5085
8.000000,9.280000,2.340000,2.190000,0.160000,76.040001,7.690000,1.200000,275.570007,61.490002,70189.156250,27.14,99.44,11.428572,PM2.5,5086
6.440000,7.220000,1.760000,1.650000,0.150000,78.440002,10.630000,-1.820000,278.010010,50.040001,71821.906250,27.15,99.59,9.200000,PM2.5,5087
5.260000,5.770000,1.470000,1.310000,0.140000,80.500000,9.510000,-6.970000,279.049988,47.139999,73123.382812,27.16,99.74,7.514286,PM2.5,5088
4.530000,4.950000,1.330000,1.110000,0.130000,81.160004,10.470000,-7.400000,280.059998,38.959999,72907.156250,27.16,99.9,6.471429,PM2.5,5089
4.610000,5.120000,1.310000,1.200000,0.130000,78.260002,10.060000,-1.780000,279.279999,37.720001,71795.531250,27.17,100.05,6.585714,PM2.5,5090
4.350000,4.860000,1.150000,1.040000,0.130000,77.820000,13.660000,0.900000,276.350006,39.860001,67961.859375,27.18,100.2,6.214285,PM2.5,5091
4.070000,4.550000,1.080000,1.050000,0.130000,77.379997,16.430000,-1.840000,281.500000,27.450001,71847.710938,27.18,100.35,5.814286,PM2.5,5092
3.840000,4.310000,1.040000,1.130000,0.130000,73.830002,9.020000,-2.910000,286.160004,21.760000,77343.101562,27.19,100.51,5.485714,PM2.5,5093
4.410000,4.950000,1.140000,1.340000,0.130000,72.279999,4.970000,-1.600000,282.690002,26.540001,74309.726562,27.19,100.66,6.300000,PM2.5,5094
4.660000,5.210000,1.180000,1.520000,0.130000,71.480003,8.470000,-0.350000,280.079987,30.110001,71537.710938,27.2,100.81,6.657143,PM2.5,5095
4.740000,5.300000,1.140000,1.490000,0.130000,71.019997,12.450000,-0.510000,279.450012,30.000000,70434.976562,27.2,100.96,6.771428,PM2.5,5096
16.900000,19.049999,6.160000,4.330000,0.270000,65.169998,7.030000,8.500000,287.329987,26.180000,79259.593750,27.25,102.94,24.142857,PM2.5,5109
16.860001,19.020000,5.980000,4.060000,0.270000,65.440002,8.440000,7.770000,288.320007,24.930000,79986.156250,27.26,103.09,24.085714,PM2.5,5110
23.730000,26.600000,7.820000,4.340000,0.310000,63.200001,8.450000,3.440000,288.059998,26.910000,80458.921875,27.26,103.25,33.899998,PM2.5,5111
30.100000,33.709999,10.040000,4.860000,0.360000,61.770000,7.270000,2.130000,287.429993,29.400000,80395.187500,27.26,103.4,43.000000,PM2.5,5112
34.650002,39.060001,13.520000,6.450000,0.400000,61.590000,6.230000,3.480000,286.779999,32.730000,80694.156250,27.26,103.55,49.500004,PM2.5,5113
31.440001,35.619999,13.230000,5.920000,0.390000,62.049999,6.050000,3.930000,286.239990,33.889999,80191.296875,27.26,103.7,44.914288,PM2.5,5114
6.490000,7.230000,1.060000,0.950000,0.140000,77.309998,3.190000,0.920000,277.329987,66.610001,73450.906250,27.25,98.82,9.271428,PM2.5,5221
6.450000,7.160000,1.070000,0.970000,0.140000,77.519997,5.750000,0.240000,276.700012,65.949997,72217.906250,27.26,98.98,9.214286,PM2.5,5222
6.200000,6.970000,1.040000,0.990000,0.140000,76.389999,5.020000,-2.150000,277.920013,61.290001,74043.546875,27.26,99.13,8.857142,PM2.5,5223
6.470000,7.340000,1.600000,1.530000,0.140000,76.449997,4.630000,-1.270000,276.559998,64.680000,72606.023438,27.27,99.28,9.242857,PM2.5,5224
6.640000,7.480000,1.790000,1.690000,0.150000,77.099998,7.140000,0.970000,275.850006,63.689999,71083.539062,27.28,99.43,9.485714,PM2.5,5225
6.080000,6.840000,1.530000,1.640000,0.150000,76.970001,6.310000,-3.270000,277.989990,52.590000,73072.343750,27.28,99.58,8.685714,PM2.5,5226
4.820000,5.280000,1.210000,1.230000,0.130000,79.360001,6.810000,-6.830000,276.380005,52.189999,70433.773438,27.29,99.74,6.885715,PM2.5,5227
4.070000,4.550000,1.010000,0.940000,0.120000,77.019997,13.840000,-6.160000,274.720001,46.099998,66966.023438,27.3,99.89,5.814286,PM2.5,5228
3.910000,4.370000,0.990000,0.950000,0.120000,76.900002,16.459999,-2.150000,278.589996,32.910000,69487.703125,27.3,100.04,5.585714,PM2.5,5229
3.770000,4.220000,0.970000,0.980000,0.120000,75.570000,13.960000,-0.190000,280.750000,28.590000,71584.710938,27.31,100.19,5.385714,PM2.5,5230
3.610000,4.040000,0.930000,0.970000,0.120000,75.209999,13.790000,-4.140000,281.980011,26.420000,72790.171875,27.32,100.35,5.157143,PM2.5,5231
3.470000,3.880000,0.900000,0.980000,0.120000,74.500000,12.010000,-4.000000,283.679993,23.629999,74421.718750,27.32,100.5,4.957143,PM2.5,5232
3.600000,4.010000,0.920000,1.000000,0.120000,71.599998,9.970000,-1.300000,281.100006,27.870001,72173.257812,27.33,100.65,5.142857,PM2.5,5233
4.250000,4.740000,1.200000,1.240000,0.130000,71.410004,10.520000,0.670000,280.200012,28.980000,71398.257812,27.33,100.8,6.071429,PM2.5,5234
6.860000,7.380000,1.280000,1.310000,0.130000,71.250000,11.080000,0.780000,280.940002,27.980000,71973.898438,27.34,100.96,9.800000,PM2.5,5235
14.500000,16.240000,5.100000,3.650000,0.240000,63.200001,9.650000,4.090000,289.600006,22.459999,81499.429688,27.39,102.94,20.714285,PM2.5,5248
18.139999,20.320000,5.940000,3.920000,0.270000,63.160000,6.230000,5.770000,290.519989,23.480000,83480.617188,27.39,103.09,25.914286,PM2.5,5249
24.629999,27.530001,7.760000,4.310000,0.310000,62.490002,6.870000,4.380000,286.850006,27.680000,79094.429688,27.39,103.24,35.185715,PM2.5,5250
28.559999,31.910000,9.230000,4.730000,0.340000,62.150002,9.690000,2.900000,284.850006,30.700001,76632.171875,27.4,103.4,40.799999,PM2.5,5251
36.169998,40.869999,15.200000,7.340000,0.410000,60.220001,7.690000,3.230000,286.440002,31.290001,79459.757812,27.4,103.55,51.462498,PM2.5,5252
36.810001,41.720001,15.980000,7.250000,0.430000,60.560001,5.790000,4.150000,285.220001,35.290001,79022.156250,27.4,103.7,52.262501,PM2.5,5253
34.230000,38.709999,14.210000,5.880000,0.410000,61.360001,8.640000,6.120000,284.239990,37.209999,77696.406250,27.4,103.86,48.899998,PM2.5,5254
71.750000,79.680000,27.129999,5.710000,0.650000,60.009998,4.610000,2.360000,285.880005,42.680000,83251.148438,27.4,104.16,95.937500,PM2.5,5256
98.599998,109.290001,34.820000,7.150000,0.840000,55.590000,5.940000,1.430000,284.790009,46.709999,83134.882812,27.41,104.62,129.500000,PM2.5,5259
119.790001,133.289993,45.180000,10.180000,1.010000,53.680000,3.320000,0.610000,283.500000,53.869999,84138.859375,27.41,104.77,156.842865,PM2.5,5260
64.410004,76.360001,36.509998,12.160000,0.900000,48.340000,2.540000,2.680000,284.119995,51.540001,83981.968750,27.41,104.92,86.762505,PM2.5,5261
5.420000,6.050000,0.820000,0.690000,0.130000,76.910004,2.400000,0.960000,279.200012,58.500000,76407.882812,27.38,98.81,7.742857,PM2.5,5366
5.160000,5.770000,0.810000,0.710000,0.130000,76.910004,3.260000,-0.680000,277.940002,60.200001,74639.976562,27.39,98.97,7.371428,PM2.5,5367
5.310000,5.920000,0.900000,0.870000,0.130000,76.449997,4.620000,-1.900000,276.549988,63.000000,72852.148438,27.4,99.12,7.585714,PM2.5,5368
5.330000,5.960000,0.880000,0.900000,0.130000,75.309998,7.100000,-0.360000,275.019989,65.519997,70418.750000,27.41,99.27,7.614285,PM2.5,5369
5.310000,5.910000,0.990000,1.150000,0.130000,74.559998,6.410000,0.120000,276.410004,57.610001,71680.476562,27.41,99.42,7.585714,PM2.5,5370
5.500000,6.220000,1.300000,1.620000,0.140000,77.129997,2.390000,-2.170000,278.450012,47.630001,73226.296875,27.42,99.58,7.857143,PM2.5,5371
5.130000,5.810000,1.190000,1.490000,0.130000,73.070000,6.380000,-3.620000,274.339996,54.410000,67994.546875,27.43,99.73,7.328572,PM2.5,5372
4.150000,4.700000,0.960000,1.080000,0.120000,72.449997,16.219999,-3.020000,273.700012,47.970001,65980.359375,27.43,99.88,5.928572,PM2.5,5373
3.690000,4.150000,0.940000,1.000000,0.120000,74.250000,17.879999,-3.910000,279.000000,32.090000,70105.421875,27.44,100.03,5.271429,PM2.5,5374
3.550000,3.990000,0.930000,1.000000,0.120000,74.169998,13.820000,-4.070000,280.230011,29.280001,71326.773438,27.45,100.19,5.071428,PM2.5,5375
3.480000,3.900000,0.890000,0.960000,0.120000,74.019997,13.930000,-3.470000,278.559998,30.610001,69346.820312,27.45,100.34,4.971428,PM2.5,5376
3.160000,3.430000,0.840000,0.840000,0.120000,76.750000,12.750000,-3.090000,280.679993,26.440001,70831.906250,27.46,100.49,4.514286,PM2.5,5377
3.260000,3.620000,0.900000,0.930000,0.120000,73.019997,10.230000,-3.070000,280.769989,26.480000,71360.203125,27.46,100.65,4.657143,PM2.5,5378
3.710000,4.110000,1.110000,1.100000,0.120000,72.129997,10.160000,-1.370000,280.790009,26.410000,71505.796875,27.47,100.8,5.300000,PM2.5,5379
26.410000,29.350000,7.700000,4.080000,0.320000,63.279999,6.110000,6.800000,288.700012,25.670000,81506.726562,27.53,103.24,37.728573,PM2.5,5395
27.690001,30.850000,8.450000,4.350000,0.330000,63.259998,9.370000,5.270000,285.130005,29.160000,76903.726562,27.53,103.39,39.557144,PM2.5,5396
32.250000,36.160000,11.600000,5.770000,0.370000,62.189999,11.310000,3.800000,285.089996,29.850000,76831.296875,27.53,103.55,46.071430,PM2.5,5397
37.209999,41.770000,13.880000,6.350000,0.410000,60.500000,9.770000,5.260000,284.980011,34.259998,78354.546875,27.54,103.7,52.762497,PM2.5,5398
47.389999,52.810001,16.910000,5.810000,0.470000,59.970001,8.120000,5.320000,285.429993,37.200001,79508.773438,27.54,103.85,65.487503,PM2.5,5399
96.489998,106.220001,30.930000,6.100000,0.760000,58.360001,4.780000,-0.180000,284.470001,47.340000,84199.843750,27.54,104.01,126.862495,PM2.5,5400
95.699997,105.519997,31.750000,6.110000,0.770000,60.799999,2.920000,1.360000,284.329987,49.099998,84181.890625,27.54,104.16,125.875000,PM2.5,5401
85.400002,94.669998,31.010000,5.950000,0.740000,59.560001,6.530000,4.930000,284.209991,42.330002,80364.406250,27.54,104.31,113.000000,PM2.5,5402
97.580002,107.910004,34.049999,6.280000,0.820000,58.419998,7.980000,2.850000,284.630005,44.150002,81495.796875,27.54,104.46,128.225006,PM2.5,5403
132.039993,145.669998,41.380001,8.140000,1.040000,55.330002,4.030000,0.090000,282.920013,55.959999,84361.093750,27.54,104.62,174.342850,PM2.5,5404
140.800003,155.860001,46.400002,10.030000,1.130000,54.450001,1.860000,0.160000,282.089996,60.490002,84544.976562,27.54,104.77,186.857147,PM2.5,5405
82.080002,96.080002,37.400002,11.610000,1.020000,49.240002,1.750000,1.840000,282.519989,58.060001,84113.656250,27.54,104.92,108.850006,PM2.5,5406
68.930000,79.970001,35.220001,12.560000,0.920000,44.910000,2.020000,3.820000,283.260010,55.770000,84112.523438,27.54,105.08,92.412498,PM2.5,5407
67.070000,77.959999,42.730000,13.950000,0.960000,42.240002,1.980000,4.360000,282.940002,60.650002,84174.500000,27.54,105.23,90.087502,PM2.5,5408
4.460000,4.980000,0.600000,0.540000,0.120000,75.730003,2.430000,-1.040000,280.070007,51.310001,76403.703125,27.52,98.81,6.371428,PM2.5,5517
4.370000,4.880000,0.610000,0.560000,0.120000,75.580002,3.900000,-1.310000,278.019989,55.590000,73818.062500,27.53,98.96,6.242857,PM2.5,5518
4.560000,5.100000,0.680000,0.620000,0.120000,72.470001,7.770000,-0.400000,274.980011,62.450001,70055.328125,27.53,99.11,6.514286,PM2.5,5519
4.450000,4.890000,0.690000,0.700000,0.120000,73.639999,8.890000,0.460000,275.040009,58.650002,69510.046875,27.54,99.26,6.357142,PM2.5,5520
4.560000,5.080000,0.870000,1.170000,0.120000,72.779999,4.610000,-0.710000,277.170013,50.599998,71820.773438,27.55,99.42,6.514286,PM2.5,5521
4.650000,5.270000,1.190000,1.490000,0.130000,77.309998,1.460000,-0.920000,277.790009,47.169998,72056.351562,27.56,99.57,6.642857,PM2.5,5522
4.830000,5.490000,1.550000,1.600000,0.120000,74.320000,6.540000,-0.350000,273.529999,55.750000,67051.632812,27.56,99.72,6.900000,PM2.5,5523
3.800000,4.340000,1.290000,1.160000,0.110000,74.519997,14.400000,-1.970000,273.880005,47.580002,66136.601562,27.57,99.87,5.428571,PM2.5,5524
3.470000,3.930000,1.210000,1.080000,0.110000,75.419998,16.320000,-4.610000,276.989990,36.549999,68427.937500,27.58,100.03,4.957143,PM2.5,5525
3.320000,3.740000,1.110000,1.020000,0.110000,75.459999,15.950000,-3.190000,276.790009,34.299999,67745.007812,27.58,100.18,4.742857,PM2.5,5526
3.210000,3.600000,1.060000,1.000000,0.110000,74.610001,14.980000,-1.000000,278.869995,29.000000,69173.171875,27.59,100.33,4.585714,PM2.5,5527
3.110000,3.490000,1.000000,0.980000,0.110000,73.230003,11.740000,-2.470000,280.730011,26.750000,71336.531250,27.59,100.49,4.442857,PM2.5,5528
3.130000,3.500000,0.950000,0.950000,0.110000,72.290001,11.620000,-4.070000,278.750000,29.760000,69677.312500,27.6,100.64,4.471429,PM2.5,5529
2.990000,3.260000,0.900000,0.910000,0.110000,74.830002,11.870000,-2.610000,279.570007,27.990000,69969.132812,27.6,100.79,4.271429,PM2.5,5530
31.570000,34.970001,8.920000,4.240000,0.350000,60.990002,5.690000,6.870000,285.750000,30.209999,78765.976562,27.67,103.39,45.099998,PM2.5,5547
33.139999,36.970001,10.770000,5.120000,0.370000,62.000000,11.030000,6.110000,284.589996,30.450001,76280.007812,27.67,103.55,47.342857,PM2.5,5548
42.220001,47.029999,14.110000,5.740000,0.430000,58.849998,8.980000,3.640000,285.559998,34.630001,79456.406250,27.67,103.7,59.025002,PM2.5,5549
115.930000,127.120003,36.040001,5.660000,0.860000,58.759998,3.420000,0.540000,283.429993,49.900002,84149.703125,27.67,103.85,151.328568,PM2.5,5550
145.080002,159.029999,46.209999,6.550000,1.040000,60.220001,1.180000,-1.730000,281.179993,63.540001,86859.460938,27.67,104.0,192.971436,PM2.5,5551
136.070007,149.470001,43.540001,6.790000,1.020000,59.599998,1.370000,0.970000,282.089996,56.869999,84698.179688,27.68,104.16,180.100006,PM2.5,5552
124.169998,136.789993,39.470001,6.490000,0.970000,57.570000,2.960000,3.570000,282.739990,51.840000,82904.578125,27.68,104.31,163.099991,PM2.5,5553
148.449997,163.320007,46.849998,7.600000,1.120000,56.980000,2.580000,0.540000,281.549988,59.689999,84240.851562,27.68,104.46,197.785706,PM2.5,5554
171.789993,189.119995,52.759998,9.720000,1.290000,54.130001,0.290000,-0.720000,279.769989,69.150002,85105.539062,27.68,104.62,221.789993,PM2.5,5555
175.029999,193.139999,54.180000,10.870000,1.330000,52.900002,-0.540000,-0.380000,279.779999,69.089996,84589.117188,27.68,104.77,225.029999,PM2.5,5556
115.190002,133.669998,44.860001,12.170000,1.250000,48.619999,0.150000,0.610000,280.130005,67.800003,84270.421875,27.68,104.92,150.271439,PM2.5,5557
96.660004,111.510002,41.250000,12.790000,1.120000,44.330002,0.450000,1.000000,280.660004,67.070000,85144.578125,27.68,105.08,127.075005,PM2.5,5558
84.449997,97.900002,42.279999,13.590000,1.070000,41.830002,0.100000,2.640000,281.630005,65.970001,85397.296875,27.68,105.23,111.812500,PM2.5,5559
4.620000,5.140000,0.480000,0.240000,0.090000,71.160004,0.540000,0.290000,278.480011,62.790001,75390.500000,27.63,98.34,6.600000,PM2.5,5670
4.510000,5.000000,0.540000,0.550000,0.100000,73.550003,3.410000,-1.110000,276.529999,60.740002,72032.382812,27.65,98.64,6.442857,PM2.5,5671
4.090000,4.530000,0.510000,0.510000,0.110000,75.000000,3.330000,-2.250000,276.829987,55.849998,71495.093750,27.65,98.8,5.842857,PM2.5,5672
4.060000,4.510000,0.510000,0.510000,0.110000,73.940002,6.760000,-0.920000,274.890015,59.029999,68976.382812,27.66,98.95,5.800000,PM2.5,5673
3.980000,4.450000,0.550000,0.510000,0.110000,73.790001,10.090000,1.370000,274.410004,57.419998,68009.726562,27.67,99.1,5.685714,PM2.5,5674
3.960000,4.430000,0.590000,0.650000,0.110000,72.720001,9.040000,0.820000,275.489990,52.299999,69051.031250,27.68,99.26,5.657143,PM2.5,5675
4.130000,4.590000,0.700000,1.090000,0.120000,73.430000,5.450000,-0.870000,276.010010,50.430000,69730.453125,27.68,99.41,5.900000,PM2.5,5676
4.400000,4.970000,1.210000,1.510000,0.120000,76.160004,4.510000,-1.150000,275.089996,51.209999,68505.093750,27.69,99.56,6.285715,PM2.5,5677
4.560000,5.170000,1.530000,1.620000,0.120000,76.059998,7.530000,0.830000,272.850006,56.849998,66209.429688,27.7,99.71,6.514286,PM2.5,5678
3.900000,4.440000,1.410000,1.330000,0.110000,76.180000,12.630000,-1.020000,272.450012,52.490002,64955.878906,27.7,99.87,5.571429,PM2.5,5679
3.410000,3.860000,1.230000,1.130000,0.110000,76.690002,16.820000,-2.880000,274.359985,41.389999,65784.656250,27.71,100.02,4.871428,PM2.5,5680
3.130000,3.530000,1.110000,1.050000,0.110000,77.050003,17.660000,-2.170000,277.739990,31.450001,68145.007812,27.72,100.17,4.471429,PM2.5,5681
2.900000,3.270000,1.030000,1.030000,0.110000,74.669998,12.620000,-2.400000,282.250000,24.389999,72585.046875,27.72,100.33,4.142857,PM2.5,5682
2.750000,3.030000,0.890000,0.910000,0.110000,75.120003,7.550000,-2.360000,281.790009,26.790001,73056.078125,27.73,100.48,3.928571,PM2.5,5683
2.780000,3.080000,0.840000,0.870000,0.110000,73.570000,10.280000,-2.630000,279.350006,28.959999,70314.343750,27.73,100.63,3.971429,PM2.5,5684
66.029999,72.800003,20.309999,5.230000,0.560000,60.310001,4.940000,4.780000,286.179993,36.290001,81720.359375,27.81,103.54,88.787498,PM2.5,5703
112.230003,123.150002,35.369999,5.780000,0.840000,61.880001,1.150000,1.660000,282.429993,54.480000,83695.109375,27.81,103.7,146.537506,PM2.5,5704
140.690002,154.059998,44.119999,5.780000,1.000000,61.360001,-0.790000,-1.680000,280.980011,64.080002,87257.320312,27.81,103.85,186.699997,PM2.5,5705
166.199997,182.009995,52.360001,6.890000,1.160000,59.000000,-2.630000,-2.990000,279.760010,67.269997,88517.398438,27.81,104.0,216.199997,PM2.5,5706
177.789993,194.889999,55.740002,7.700000,1.250000,55.000000,-2.830000,-0.800000,278.850006,70.320000,85940.453125,27.81,104.16,227.789993,PM2.5,5707
183.050003,200.889999,56.090000,8.150000,1.300000,54.130001,-1.240000,-0.300000,278.500000,72.279999,85870.718750,27.81,104.31,233.050003,PM2.5,5708
199.320007,218.910004,63.900002,9.760000,1.420000,55.150002,-1.180000,-0.920000,278.040009,76.910004,87506.117188,27.81,104.46,249.320007,PM2.5,5709
206.309998,226.869995,65.029999,11.190000,1.490000,52.820000,-1.780000,-0.840000,277.720001,79.190002,87213.476562,27.81,104.62,256.309998,PM2.5,5710
198.979996,227.119995,63.520000,11.980000,1.490000,51.419998,-1.440000,-0.420000,277.920013,77.980003,86222.046875,27.81,104.77,248.979996,PM2.5,5711
158.580002,183.369995,56.160000,12.720000,1.440000,48.889999,-0.380000,0.210000,278.369995,76.820000,85628.109375,27.81,104.92,208.580002,PM2.5,5712
129.089996,149.759995,49.389999,12.870000,1.300000,45.990002,0.070000,0.190000,278.890015,76.300003,86067.593750,27.81,105.08,170.128571,PM2.5,5713
109.510002,128.350006,47.340000,14.380000,1.250000,41.639999,-0.650000,0.900000,279.880005,74.160004,86486.882812,27.81,105.23,143.137497,PM2.5,5714
3.770000,4.190000,0.440000,0.360000,0.080000,72.250000,0.060000,1.080000,277.989990,61.439999,74993.406250,27.76,98.33,5.385714,PM2.5,5826
4.230000,4.670000,0.510000,0.500000,0.090000,73.389999,2.680000,1.390000,275.049988,67.849998,71097.976562,27.77,98.48,6.042857,PM2.5,5827
4.000000,4.440000,0.610000,0.820000,0.100000,75.510002,2.620000,0.590000,275.670013,61.680000,71268.210938,27.78,98.64,5.714286,PM2.5,5828
3.820000,4.220000,0.540000,0.660000,0.100000,75.599998,4.170000,0.960000,273.339996,63.470001,67635.851562,27.79,98.79,5.457143,PM2.5,5829
3.530000,3.910000,0.490000,0.550000,0.100000,74.550003,9.830000,1.900000,272.380005,56.439999,65374.109375,27.8,98.94,5.042857,PM2.5,5830
3.300000,3.680000,0.500000,0.530000,0.100000,74.309998,11.170000,1.400000,275.040009,44.509998,67056.750000,27.8,99.09,4.714286,PM2.5,5831
3.480000,3.910000,0.580000,0.890000,0.110000,73.000000,6.450000,0.800000,276.670013,43.700001,69541.171875,27.81,99.25,4.971428,PM2.5,5832
3.690000,4.150000,0.660000,1.160000,0.120000,76.550003,3.740000,0.340000,276.070007,47.380001,69347.898438,27.82,99.4,5.271429,PM2.5,5833
4.200000,4.770000,1.530000,1.700000,0.120000,76.080002,6.590000,-1.130000,273.619995,51.259998,66458.976562,27.83,99.55,6.000000,PM2.5,5834
4.190000,4.770000,1.640000,1.710000,0.120000,76.129997,9.690000,0.040000,272.700012,52.290001,65600.093750,27.83,99.71,5.985714,PM2.5,5835
3.670000,4.170000,1.360000,1.380000,0.120000,76.790001,12.030000,-0.460000,272.119995,50.509998,64542.761719,27.84,99.86,5.242857,PM2.5,5836
3.000000,3.400000,1.040000,1.030000,0.110000,78.430000,15.130000,-2.170000,274.200012,40.919998,65625.460938,27.85,100.01,4.285714,PM2.5,5837
2.790000,3.140000,0.950000,0.970000,0.110000,77.739998,16.120001,-3.730000,277.940002,31.379999,68625.726562,27.85,100.17,3.985714,PM2.5,5838
2.420000,2.640000,0.740000,0.770000,0.110000,77.099998,9.350000,-3.130000,281.040009,26.260000,71765.289062,27.86,100.47,3.457143,PM2.5,5840
2.470000,2.740000,0.730000,0.730000,0.110000,75.220001,11.350000,-3.260000,278.779999,28.629999,69418.453125,27.87,100.63,3.528571,PM2.5,5841
114.180000,124.760002,33.070000,4.910000,0.830000,61.380001,0.160000,1.110000,283.390015,51.959999,83864.617188,27.94,103.54,148.975006,PM2.5,5860
123.129997,134.619995,37.299999,5.080000,0.880000,61.820000,0.430000,2.000000,281.750000,55.799999,82599.023438,27.94,103.69,161.614288,PM2.5,5861
138.940002,151.820007,44.049999,5.160000,0.970000,60.759998,0.500000,-0.220000,280.679993,61.860001,84238.148438,27.94,103.85,184.199997,PM2.5,5862
170.589996,186.619995,53.400002,6.510000,1.170000,57.000000,-1.980000,-2.900000,278.459991,71.089996,87046.843750,27.95,104.0,220.589996,PM2.5,5863
182.110001,199.380005,59.349998,7.450000,1.250000,56.720001,-2.020000,-1.890000,277.329987,78.080002,88139.476562,27.95,104.16,232.110001,PM2.5,5864
193.820007,212.550003,65.389999,8.750000,1.350000,57.599998,-1.050000,-0.910000,278.089996,75.800003,89306.468750,27.95,104.31,243.820007,PM2.5,5865
182.479996,218.979996,61.799999,13.450000,1.580000,50.110001,0.460000,0.180000,278.519989,76.760002,89726.703125,27.95,104.92,232.479996,PM2.5,5869
154.160004,185.949997,54.369999,13.310000,1.450000,47.119999,-0.180000,0.700000,278.040009,80.320000,87582.742188,27.95,105.08,204.160004,PM2.5,5870
137.660004,168.119995,51.720001,15.280000,1.450000,43.259998,-0.100000,0.530000,278.619995,78.080002,87045.546875,27.95,105.23,182.371429,PM2.5,5871
3.670000,4.070000,0.450000,0.610000,0.090000,76.349998,0.880000,1.890000,275.720001,65.959999,72329.203125,27.9,98.32,5.242857,PM2.5,5988
4.000000,4.420000,0.540000,0.760000,0.090000,75.230003,2.590000,1.930000,274.459991,68.139999,70698.929688,27.91,98.47,5.714286,PM2.5,5989
3.950000,4.380000,0.680000,0.950000,0.100000,75.900002,3.270000,1.800000,274.500000,65.480003,70478.796875,27.92,98.63,5.642857,PM2.5,5990
3.820000,4.230000,0.590000,0.760000,0.100000,74.949997,5.640000,4.680000,273.640015,62.599998,68261.812500,27.92,98.78,5.457143,PM2.5,5991
3.500000,3.900000,0.530000,0.650000,0.100000,74.480003,8.760000,3.460000,274.579987,52.320000,68096.000000,27.93,98.93,5.000000,PM2.5,5992
3.380000,3.770000,0.520000,0.630000,0.100000,73.940002,9.790000,0.100000,274.390015,49.570000,67479.437500,27.94,99.09,4.828572,PM2.5,5993
3.430000,3.840000,0.560000,0.900000,0.110000,74.080002,7.210000,0.070000,276.239990,45.000000,69638.148438,27.95,99.24,4.900000,PM2.5,5994
3.450000,3.890000,0.610000,1.130000,0.120000,77.790001,3.330000,1.350000,277.440002,42.570000,70975.843750,27.95,99.39,4.928572,PM2.5,5995
3.990000,4.500000,1.520000,1.660000,0.120000,77.620003,6.270000,0.130000,273.790009,48.889999,66669.656250,27.96,99.55,5.700000,PM2.5,5996
3.990000,4.520000,1.580000,1.650000,0.120000,75.269997,10.940000,-0.450000,272.369995,50.180000,65026.121094,27.97,99.7,5.700000,PM2.5,5997
3.600000,4.070000,1.290000,1.380000,0.110000,75.290001,12.680000,-1.300000,271.529999,50.750000,64095.000000,27.98,99.85,5.142857,PM2.5,5998
3.080000,3.460000,1.020000,1.080000,0.110000,76.440002,14.810000,-2.670000,272.480011,44.560001,64298.609375,27.98,100.01,4.400000,PM2.5,5999
114.449997,124.879997,33.340000,4.380000,0.820000,63.560001,0.500000,0.630000,282.049988,53.959999,82160.398438,28.08,103.54,149.312500,PM2.5,6022
128.910004,140.720001,39.060001,4.670000,0.910000,63.369999,2.110000,1.790000,281.489990,54.639999,81399.273438,28.08,103.69,169.871429,PM2.5,6023
141.279999,154.229996,44.160000,4.800000,0.980000,61.910000,1.870000,1.160000,280.190002,62.099998,82533.507812,28.08,103.85,187.542862,PM2.5,6024
160.399994,175.250000,52.259998,5.520000,1.090000,60.450001,-0.730000,-0.640000,277.859985,72.610001,85377.062500,28.08,104.0,210.399994,PM2.5,6025
175.229996,191.740005,57.750000,6.770000,1.200000,59.430000,-0.960000,-1.580000,278.209991,73.800003,89341.320312,28.08,104.15,225.229996,PM2.5,6026
189.160004,207.389999,64.169998,8.850000,1.310000,60.049999,-0.130000,-0.610000,279.589996,69.339996,92001.132812,28.08,104.31,239.160004,PM2.5,6027
3.300000,3.660000,0.290000,0.380000,0.080000,72.699997,4.330000,2.710000,273.130005,68.309998,68147.882812,28.03,98.16,4.714286,PM2.5,6159
3.430000,3.800000,0.360000,0.450000,0.090000,74.870003,2.910000,3.880000,274.369995,67.839996,70530.382812,28.04,98.31,4.900000,PM2.5,6160
3.730000,4.140000,0.470000,0.580000,0.090000,75.980003,2.730000,3.280000,273.989990,67.300003,69694.257812,28.04,98.46,5.328571,PM2.5,6161
3.700000,4.140000,0.560000,0.590000,0.100000,76.070000,4.310000,0.750000,273.720001,64.830002,69029.593750,28.05,98.62,5.285714,PM2.5,6162
3.570000,3.990000,0.540000,0.620000,0.100000,74.480003,5.840000,2.860000,274.260010,59.860001,69178.109375,28.06,98.77,5.100000,PM2.5,6163
3.430000,3.840000,0.520000,0.640000,0.100000,74.160004,5.720000,2.480000,275.179993,55.619999,70207.757812,28.07,98.92,4.900000,PM2.5,6164
3.320000,3.710000,0.480000,0.580000,0.100000,72.830002,8.240000,1.370000,273.000000,58.340000,67342.093750,28.08,99.08,4.742857,PM2.5,6165
3.740000,4.130000,0.490000,0.820000,0.100000,73.500000,8.560000,0.930000,274.220001,51.939999,67994.921875,28.08,99.23,5.342857,PM2.5,6166
3.590000,4.000000,0.550000,1.270000,0.110000,76.680000,3.470000,1.250000,277.079987,42.820000,70769.382812,28.09,99.38,5.128572,PM2.5,6167
3.540000,3.950000,0.760000,1.240000,0.110000,77.690002,5.360000,1.600000,273.880005,48.020000,66832.273438,28.1,99.54,5.057143,PM2.5,6168
3.280000,3.640000,0.720000,1.110000,0.110000,77.349998,9.630000,0.890000,271.989990,50.990002,64735.078125,28.1,99.69,4.685714,PM2.5,6169
2.990000,3.320000,0.600000,0.920000,0.100000,76.680000,11.060000,-0.560000,270.059998,55.200001,62851.308594,28.11,99.85,4.271429,PM2.5,6170
2.590000,2.890000,0.490000,0.710000,0.100000,78.010002,13.730000,-0.600000,270.670013,46.639999,62208.269531,28.12,100.0,3.700000,PM2.5,6171
165.229996,180.570007,51.459999,5.810000,1.130000,61.240002,-1.540000,-0.720000,279.100006,68.269997,86439.273438,28.21,103.69,215.229996,PM2.5,6195
170.220001,186.070007,54.419998,5.920000,1.160000,62.080002,-2.370000,0.370000,278.390015,71.220001,86510.796875,28.22,103.85,220.220001,PM2.5,6196
171.350006,187.320007,56.209999,6.010000,1.160000,62.810001,-2.210000,0.310000,277.089996,77.180000,86055.500000,28.22,104.0,221.350006,PM2.5,6197
176.529999,193.270004,58.599998,7.000000,1.210000,62.070000,-0.660000,-1.310000,278.739990,70.839996,89729.351562,28.22,104.15,226.529999,PM2.5,6198
186.830002,204.889999,63.450001,8.770000,1.300000,62.070000,0.120000,-1.230000,280.609985,64.379997,93017.078125,28.22,104.31,236.830002,PM2.5,6199
2.850000,3.170000,0.280000,0.430000,0.090000,71.309998,3.550000,3.660000,275.239990,55.610001,69875.968750,28.17,98.3,4.071428,PM2.5,6334
3.180000,3.560000,0.470000,0.500000,0.090000,76.930000,8.110000,-0.460000,271.890015,59.790001,65182.320312,28.2,98.76,4.542857,PM2.5,6337
3.020000,3.390000,0.440000,0.500000,0.100000,75.330002,8.300000,2.560000,272.880005,56.880001,66343.992188,28.2,98.91,4.314286,PM2.5,6338
2.970000,3.330000,0.430000,0.480000,0.100000,74.269997,8.900000,4.560000,272.540009,57.660000,66087.250000,28.21,99.07,4.242857,PM2.5,6339
3.050000,3.360000,0.460000,0.770000,0.100000,74.970001,6.670000,2.710000,274.489990,51.360001,68039.078125,28.22,99.22,4.357143,PM2.5,6340
3.200000,3.570000,0.610000,1.240000,0.110000,77.550003,5.970000,3.020000,272.380005,52.720001,65437.039062,28.23,99.53,4.571429,PM2.5,6342
3.090000,3.440000,0.600000,1.120000,0.110000,75.750000,9.840000,3.190000,271.660004,52.580002,64483.179688,28.24,99.68,4.414286,PM2.5,6343
2.920000,3.250000,0.540000,1.000000,0.110000,74.930000,12.050000,1.770000,269.709991,55.480000,62431.949219,28.25,99.84,4.171429,PM2.5,6344
2.530000,2.820000,0.450000,0.810000,0.100000,76.080002,13.550000,0.550000,271.690002,44.750000,63185.121094,28.25,99.99,3.614286,PM2.5,6345
2.390000,2.670000,0.420000,0.820000,0.100000,74.089996,9.750000,-1.640000,275.329987,35.290001,66695.328125,28.26,100.15,3.414286,PM2.5,6346
181.649994,198.800003,59.119999,7.080000,1.240000,63.139999,-1.830000,-0.100000,277.269989,76.099998,87170.351562,28.35,104.0,231.649994,PM2.5,6371
186.389999,204.250000,60.169998,7.780000,1.280000,62.040001,-0.500000,-1.220000,278.510010,70.900002,89265.882812,28.35,104.15,236.389999,PM2.5,6372
2.620000,2.920000,0.260000,0.460000,0.090000,70.870003,4.010000,1.650000,274.059998,48.529999,67115.796875,28.31,98.29,3.742857,PM2.5,6515
2.530000,2.830000,0.360000,0.440000,0.090000,72.430000,11.150000,1.920000,268.720001,56.980000,60939.378906,28.33,98.75,3.614286,PM2.5,6518
2.170000,2.430000,0.310000,0.410000,0.090000,75.269997,13.200000,2.920000,272.470001,40.810001,63163.851562,28.34,98.91,3.100000,PM2.5,6519
2.330000,2.620000,0.470000,0.610000,0.090000,72.050003,9.130000,3.670000,274.320007,40.040001,65457.960938,28.35,99.06,3.328571,PM2.5,6520
2.750000,3.080000,0.570000,0.910000,0.100000,69.830002,4.630000,3.890000,275.179993,45.160000,67768.453125,28.35,99.21,3.928571,PM2.5,6521
2.790000,3.120000,0.500000,0.990000,0.110000,74.650002,9.040000,4.710000,272.200012,49.299999,64266.179688,28.37,99.52,3.985714,PM2.5,6523
2.680000,2.990000,0.490000,0.930000,0.110000,73.910004,8.730000,4.180000,273.250000,45.740002,65375.050781,28.37,99.68,3.828572,PM2.5,6524
2.630000,2.930000,0.460000,0.900000,0.110000,73.510002,8.780000,2.160000,271.040009,50.389999,63366.718750,28.38,99.83,3.757143,PM2.5,6525
2.350000,2.630000,0.400000,0.790000,0.100000,74.500000,11.450000,-1.390000,271.579987,45.330002,63266.140625,28.39,99.98,3.357143,PM2.5,6526
188.809998,206.699997,61.160000,8.420000,1.290000,61.520000,-1.000000,-0.800000,277.839996,74.669998,88982.773438,28.49,103.84,238.809998,PM2.5,6551
190.410004,208.669998,62.830002,8.600000,1.310000,62.200001,-0.530000,-0.410000,278.440002,71.730003,89692.023438,28.49,104.0,240.410004,PM2.5,6552
197.380005,216.529999,63.270000,9.320000,1.370000,60.820000,0.440000,-0.910000,279.369995,67.720001,90890.398438,28.49,104.15,247.380005,PM2.5,6553
2.080000,2.340000,0.280000,0.350000,0.090000,75.379997,11.580000,6.060000,272.109985,41.700001,63157.601562,28.47,98.74,2.971428,PM2.5,6707
1.940000,2.180000,0.270000,0.390000,0.090000,76.389999,12.310000,1.940000,274.329987,33.509998,64528.300781,28.47,98.9,2.771429,PM2.5,6708
2.050000,2.300000,0.410000,0.650000,0.090000,71.180000,8.830000,-0.060000,274.089996,34.849998,64630.601562,28.48,99.05,2.928571,PM2.5,6709
2.790000,3.100000,0.470000,0.960000,0.110000,72.349998,9.600000,3.590000,273.760010,42.869999,65287.281250,28.5,99.51,3.985714,PM2.5,6712
2.800000,3.110000,0.470000,0.950000,0.110000,72.279999,7.300000,3.830000,274.380005,41.770000,66426.359375,28.51,99.67,4.000000,PM2.5,6713
2.670000,2.960000,0.430000,0.990000,0.110000,74.059998,6.120000,2.800000,271.299988,48.090000,63399.960938,28.52,99.82,3.814286,PM2.5,6714
2.430000,2.690000,0.380000,0.900000,0.100000,73.599998,11.070000,-1.140000,268.119995,52.689999,59837.820312,28.52,99.98,3.471429,PM2.5,6715
197.679993,216.860001,63.130001,9.740000,1.360000,59.369999,0.470000,-0.840000,278.880005,70.930000,91149.617188,28.62,103.84,247.679993,PM2.5,6740
208.679993,229.279999,65.169998,11.040000,1.460000,57.540001,1.570000,-1.760000,280.149994,65.709999,92868.828125,28.62,104.15,258.679993,PM2.5,6742
1.990000,2.240000,0.260000,0.340000,0.090000,76.519997,9.040000,5.610000,275.750000,37.040001,67175.976562,28.6,98.73,2.842857,PM2.5,6900
1.940000,2.190000,0.250000,0.380000,0.090000,77.190002,8.110000,1.000000,274.359985,38.570000,66086.718750,28.61,98.89,2.771429,PM2.5,6901
1.930000,2.180000,0.260000,0.500000,0.100000,74.870003,9.210000,-0.540000,272.100006,41.270000,63536.820312,28.62,99.04,2.757143,PM2.5,6902
2.930000,3.220000,0.420000,0.960000,0.110000,71.639999,6.720000,4.030000,273.130005,42.759998,65059.230469,28.65,99.66,4.185714,PM2.5,6906
2.750000,3.030000,0.410000,1.050000,0.110000,73.190002,4.150000,5.150000,272.589996,42.689999,64320.328125,28.65,99.82,3.928571,PM2.5,6907
2.000000,2.240000,0.230000,0.350000,0.090000,75.919998,8.070000,3.510000,272.720001,45.279999,64785.699219,28.74,98.72,2.857143,PM2.5,7099
1.950000,2.190000,0.230000,0.390000,0.100000,76.790001,6.710000,2.480000,271.250000,48.410000,63616.640625,28.75,98.88,2.785714,PM2.5,7100
1.870000,2.100000,0.230000,0.460000,0.100000,73.040001,9.600000,2.070000,269.859985,48.560001,61709.050781,28.75,99.03,2.671429,PM2.5,7101
2.490000,2.760000,0.400000,0.990000,0.110000,70.290001,6.620000,3.180000,273.890015,38.320000,65282.980469,28.78,99.65,3.557143,PM2.5,7105
1.650000,1.840000,0.170000,0.300000,0.100000,76.540001,9.570000,3.460000,270.519989,45.459999,61951.601562,28.87,98.72,2.500000,CO,7301
1.600000,1.790000,0.190000,0.370000,0.100000,76.110001,10.380000,4.360000,269.890015,46.029999,61209.250000,28.89,99.03,2.500000,CO,7303
1.420000,1.590000,0.170000,0.310000,0.100000,77.620003,10.560000,5.400000,272.429993,38.090000,63364.121094,29.02,99.02,2.500000,CO,7521
2.560000,2.710000,0.140000,0.260000,0.100000,79.879997,10.500000,4.230000,274.570007,32.410000,65331.269531,29.16,99.01,3.657143,PM2.5,7743
