PM2.5(微克每立方米),PM10(微克每立方米),SO2(微克每立方米),NO2(微克每立方米),CO(毫克每立方米),O3(微克每立方米),U(m/s),V(m/s),TEMP(K),RH(%),PSFC(Pa),lat,lon,AQI,Major pollutants,id
4.260000,8.190000,1.540000,2.850000,0.190000,38.580002,-5.370000,-2.720000,301.540009,81.320000,100059.078125,20.3,110.04,8.190000,PM10,155
3.830000,8.200000,1.980000,3.010000,0.210000,38.680000,-5.640000,-2.850000,301.410004,82.480003,99824.796875,20.3,110.18,8.200000,PM10,156
3.330000,7.880000,2.190000,2.890000,0.190000,40.290001,-6.180000,-2.690000,301.269989,84.180000,99856.671875,20.29,110.32,7.880000,PM10,157
4.010000,7.840000,0.840000,2.400000,0.210000,38.270000,-6.050000,-3.000000,301.239990,82.730003,99637.523438,20.43,110.05,7.840000,PM10,158
3.240000,6.860000,0.610000,1.920000,0.200000,38.950001,-5.940000,-2.750000,300.709991,85.160004,99124.078125,20.43,110.19,6.860000,PM10,159
2.450000,5.730000,0.440000,1.380000,0.160000,40.349998,-5.910000,-2.250000,300.679993,86.209999,99307.226562,20.42,110.33,5.730000,PM10,160
1.850000,5.030000,0.360000,0.810000,0.110000,42.360001,-6.850000,-2.000000,301.309998,84.620003,99968.070312,20.41,110.47,5.030000,PM10,161
4.950000,8.910000,1.260000,2.830000,0.190000,38.090000,-6.210000,-3.080000,301.109985,83.230003,99685.492188,20.57,109.91,8.910000,PM10,162
4.070000,8.050000,0.880000,2.270000,0.210000,38.750000,-6.320000,-2.810000,300.619995,86.089996,99130.062500,20.57,110.05,8.050000,PM10,163
3.240000,6.850000,0.590000,1.620000,0.180000,39.820000,-6.300000,-2.340000,300.329987,87.370003,98851.226562,20.56,110.2,6.850000,PM10,164
2.420000,5.660000,0.430000,1.040000,0.140000,41.099998,-6.340000,-1.880000,300.690002,86.599998,99380.406250,20.55,110.34,5.660000,PM10,165
1.720000,4.870000,0.340000,0.590000,0.090000,42.439999,-7.450000,-1.650000,301.529999,83.570000,100050.953125,20.55,110.48,4.870000,PM10,166
6.410000,10.790000,2.230000,4.080000,0.220000,37.270000,-6.390000,-2.950000,301.320007,81.500000,100092.343750,20.71,109.78,10.790000,PM10,167
5.310000,9.830000,1.820000,3.520000,0.230000,37.950001,-6.310000,-2.910000,301.029999,84.250000,99736.671875,20.71,109.92,9.830000,PM10,168
4.260000,8.610000,1.240000,2.570000,0.220000,39.750000,-6.530000,-2.520000,300.679993,86.419998,99446.976562,20.7,110.06,8.610000,PM10,169
3.030000,6.820000,0.740000,1.480000,0.150000,42.049999,-7.320000,-2.080000,300.950012,85.849998,99509.156250,20.69,110.2,6.820000,PM10,170
7.140000,12.240000,3.170000,5.160000,0.270000,36.709999,-6.890000,-2.680000,301.429993,80.489998,100097.523438,20.85,109.78,12.240000,PM10,171
6.320000,11.620000,2.850000,4.860000,0.290000,37.299999,-6.700000,-2.770000,301.250000,82.889999,99999.546875,20.84,109.92,11.620000,PM10,172
5.260000,10.070000,2.220000,3.590000,0.260000,39.529999,-6.820000,-2.510000,301.170013,84.180000,100031.023438,20.83,110.07,10.070000,PM10,173
3.480000,7.210000,1.300000,1.980000,0.160000,41.860001,-7.180000,-2.260000,301.470001,83.540001,100123.523438,20.83,110.21,7.210000,PM10,174
8.070000,14.000000,4.370000,6.710000,0.320000,36.349998,-7.260000,-2.680000,301.600006,78.730003,100037.179688,20.98,109.79,14.000000,PM10,175
7.440000,13.780000,4.260000,6.630000,0.360000,36.930000,-7.180000,-2.810000,301.459991,81.190002,100007.679688,20.97,109.93,13.780000,PM10,176
6.000000,11.940000,3.690000,5.460000,0.300000,39.490002,-8.040000,-2.890000,301.579987,81.629997,100112.226562,20.97,110.07,11.940000,PM10,177
9.430000,15.980000,5.560000,8.390000,0.380000,35.360001,-7.350000,-2.660000,301.890015,75.589996,100015.468750,21.11,109.79,15.980000,PM10,178
9.230000,16.379999,5.910000,8.890000,0.440000,35.099998,-7.150000,-2.840000,301.720001,77.720001,99927.851562,21.11,109.94,16.379999,PM10,179
8.140000,15.140000,6.060000,8.480000,0.400000,36.150002,-7.250000,-3.000000,301.570007,79.169998,99932.312500,21.1,110.08,15.140000,PM10,180
6.310000,12.720000,5.600000,7.030000,0.300000,38.680000,-8.030000,-3.240000,301.730011,80.040001,100030.546875,21.09,110.22,12.720000,PM10,181
10.550000,17.200001,6.250000,9.350000,0.390000,35.570000,-7.470000,-2.580000,302.179993,73.099998,100104.226562,21.25,109.8,17.200001,PM10,185
11.030000,18.540001,6.970000,10.310000,0.480000,34.660000,-7.240000,-2.580000,301.950012,74.680000,99952.390625,21.24,109.94,18.540001,PM10,186
10.630000,18.629999,7.590000,10.680000,0.500000,34.470001,-7.370000,-2.730000,301.709991,76.610001,99835.570312,21.23,110.09,18.629999,PM10,187
9.270000,16.900000,7.780000,9.940000,0.430000,35.400002,-7.290000,-2.770000,301.649994,77.720001,99882.578125,21.23,110.23,16.900000,PM10,188
6.960000,13.560000,5.200000,6.640000,0.310000,38.669998,-7.570000,-2.970000,301.839996,78.029999,100070.398438,21.22,110.37,13.560000,PM10,189
4.770000,10.350000,2.430000,3.460000,0.180000,42.169998,-8.890000,-2.990000,302.079987,78.650002,100208.226562,21.21,110.52,10.350000,PM10,190
13.510000,21.690001,7.830000,12.370000,0.540000,34.430000,-7.260000,-2.240000,302.170013,71.519997,100021.390625,21.37,109.95,21.690001,PM10,195
13.760000,22.750000,8.910000,13.310000,0.610000,33.910000,-7.270000,-2.310000,302.089996,73.129997,99976.968750,21.37,110.09,22.750000,PM10,196
12.870000,21.840000,9.580000,13.000000,0.570000,34.230000,-7.470000,-2.310000,302.019989,74.040001,100025.593750,21.36,110.24,21.840000,PM10,197
11.280000,19.820000,7.570000,10.140000,0.490000,36.540001,-7.540000,-2.440000,302.059998,74.760002,100104.023438,21.35,110.38,19.820000,PM10,198
9.200000,16.809999,4.580000,6.540000,0.360000,39.650002,-7.880000,-2.600000,302.109985,75.500000,100156.593750,21.35,110.52,16.809999,PM10,199
6.840000,13.530000,3.180000,4.520000,0.240000,42.020000,-9.060000,-2.830000,302.179993,76.830002,100205.609375,21.34,110.67,13.530000,PM10,200
15.870000,24.410000,6.560000,12.490000,0.590000,34.619999,-6.710000,-2.230000,302.339996,70.339996,100075.562500,21.51,109.81,24.410000,PM10,214
15.650000,24.580000,7.170000,13.010000,0.620000,34.450001,-6.790000,-2.030000,302.220001,70.919998,100004.703125,21.51,109.96,24.580000,PM10,215
15.280000,24.530001,8.060000,13.400000,0.660000,34.560001,-6.890000,-1.920000,302.239990,71.000000,100069.531250,21.5,110.1,24.530001,PM10,216
14.370000,23.520000,8.800000,13.020000,0.600000,35.080002,-7.270000,-1.890000,302.410004,70.330002,100092.101562,21.49,110.24,23.520000,PM10,217
13.550000,22.600000,8.090000,11.550000,0.550000,36.180000,-7.600000,-2.050000,302.309998,71.110001,100041.500000,21.49,110.39,22.600000,PM10,218
12.480000,21.180000,6.710000,9.610000,0.480000,37.610001,-7.700000,-2.130000,302.220001,72.000000,100069.046875,21.48,110.53,21.180000,PM10,219
10.430000,18.139999,5.950000,8.060000,0.380000,38.930000,-7.800000,-2.210000,302.190002,72.930000,100138.937500,21.47,110.67,18.139999,PM10,220
8.060000,14.800000,4.900000,6.320000,0.270000,40.700001,-8.210000,-2.380000,302.160004,74.000000,100150.476562,21.47,110.82,14.800000,PM10,221
6.290000,12.590000,3.280000,4.350000,0.190000,42.849998,-9.500000,-2.440000,302.200012,75.500000,100155.359375,21.46,110.96,12.590000,PM10,222
16.740000,26.200001,6.370000,12.920000,0.670000,35.160000,-6.540000,-1.970000,302.459991,69.129997,100006.429688,21.64,109.96,26.200001,PM10,251
16.320000,25.660000,6.960000,13.160000,0.670000,35.290001,-6.530000,-1.800000,302.359985,69.809998,99993.937500,21.63,110.11,25.660000,PM10,252
15.830000,25.129999,7.740000,13.030000,0.630000,35.779999,-6.920000,-1.630000,302.369995,69.570000,99923.671875,21.63,110.25,25.129999,PM10,253
15.370000,24.580000,8.310000,12.980000,0.590000,36.139999,-7.360000,-1.560000,302.380005,69.440002,99840.671875,21.62,110.39,24.580000,PM10,254
15.180000,24.250000,9.040000,13.270000,0.550000,36.009998,-7.530000,-1.540000,302.339996,69.790001,99947.593750,21.61,110.54,24.250000,PM10,255
13.720000,22.020000,9.610000,13.000000,0.490000,36.230000,-7.640000,-1.530000,302.380005,69.910004,100103.023438,21.61,110.68,22.020000,PM10,256
12.100000,19.610001,8.810000,11.520000,0.420000,37.290001,-7.810000,-1.590000,302.339996,70.320000,100146.890625,21.6,110.83,19.610001,PM10,257
11.140000,18.090000,6.140000,8.660000,0.340000,39.169998,-8.100000,-1.740000,302.239990,71.169998,100151.062500,21.59,110.97,18.090000,PM10,258
9.930000,16.360001,4.100000,6.610000,0.290000,40.730000,-8.600000,-1.980000,301.739990,73.680000,99721.281250,21.58,111.11,16.360001,PM10,259
8.200000,13.890000,3.450000,5.970000,0.220000,41.490002,-8.650000,-2.470000,301.440002,76.010002,99578.570312,21.58,111.26,13.890000,PM10,260
6.770000,12.030000,3.090000,5.440000,0.180000,42.709999,-8.430000,-3.060000,301.910004,75.720001,100274.093750,21.57,111.4,12.030000,PM10,261
5.190000,10.060000,2.530000,4.410000,0.130000,44.650002,-9.190000,-3.000000,301.980011,76.790001,100239.421875,21.56,111.54,10.060000,PM10,262
17.000000,26.940001,5.970000,12.260000,0.650000,36.180000,-6.220000,-1.860000,302.239990,69.349998,99500.257812,21.77,109.97,26.940001,PM10,295
16.330000,25.820000,6.230000,12.480000,0.640000,36.279999,-6.250000,-1.650000,302.359985,69.050003,99746.453125,21.77,110.11,25.820000,PM10,296
15.910000,25.180000,6.900000,12.490000,0.600000,36.520000,-6.510000,-1.450000,302.410004,68.889999,99808.117188,21.76,110.26,25.180000,PM10,297
15.500000,24.540001,7.530000,12.510000,0.560000,36.830002,-6.880000,-1.290000,302.459991,68.540001,99764.179688,21.75,110.4,24.540001,PM10,298
15.050000,23.879999,8.310000,12.810000,0.510000,36.779999,-7.120000,-1.130000,302.559998,68.239998,99911.429688,21.75,110.55,23.879999,PM10,299
13.640000,21.600000,9.020000,12.640000,0.450000,37.099998,-7.360000,-1.050000,302.660004,67.949997,100089.078125,21.74,110.69,21.600000,PM10,300
12.220000,19.270000,8.440000,11.310000,0.380000,38.240002,-7.700000,-1.050000,302.619995,68.099998,100062.617188,21.73,110.83,19.270000,PM10,301
11.490000,18.120001,6.170000,8.850000,0.330000,40.150002,-8.020000,-1.370000,302.529999,68.690002,100103.656250,21.73,110.98,18.120001,PM10,302
10.620000,16.799999,4.610000,7.240000,0.290000,41.540001,-8.630000,-1.870000,302.399994,69.580002,100062.906250,21.72,111.12,16.799999,PM10,303
9.670000,15.500000,4.220000,7.110000,0.260000,41.919998,-9.150000,-2.560000,301.369995,73.800003,99035.718750,21.71,111.26,15.500000,PM10,304
9.050000,14.720000,4.000000,7.170000,0.230000,42.230000,-8.480000,-3.330000,300.739990,77.330002,98612.523438,21.7,111.41,14.720000,PM10,305
7.570000,12.790000,3.680000,6.850000,0.190000,43.130001,-7.220000,-3.130000,301.079987,77.680000,99370.460938,21.69,111.55,12.790000,PM10,306
5.530000,9.870000,2.880000,5.100000,0.130000,46.230000,-7.180000,-2.240000,301.279999,77.930000,99567.617188,21.69,111.7,9.870000,PM10,307
3.200000,7.600000,1.040000,1.060000,0.070000,49.830002,-10.650000,-1.440000,301.959991,78.889999,100227.406250,21.63,112.56,7.600000,PM10,308
16.059999,25.700001,5.070000,10.520000,0.600000,38.419998,-5.990000,-1.270000,302.339996,68.510002,99506.242188,21.9,110.12,25.700001,PM10,344
14.760000,23.559999,5.030000,9.950000,0.530000,39.020000,-6.270000,-1.180000,302.649994,67.180000,99773.093750,21.89,110.27,23.559999,PM10,345
14.270000,22.709999,5.180000,9.680000,0.490000,39.310001,-6.520000,-0.990000,302.600006,67.419998,99785.843750,21.89,110.41,22.709999,PM10,346
13.770000,21.840000,5.430000,9.530000,0.440000,39.549999,-6.730000,-0.880000,302.750000,66.919998,99952.382812,21.88,110.55,21.840000,PM10,347
12.830000,20.280001,5.680000,9.040000,0.390000,40.270000,-6.980000,-0.780000,302.850006,66.470001,100058.101562,21.87,110.7,20.280001,PM10,348
11.560000,18.230000,5.510000,8.160000,0.330000,41.439999,-7.590000,-0.690000,302.799988,66.459999,99986.156250,21.87,110.84,18.230000,PM10,349
10.320000,16.219999,4.990000,7.120000,0.270000,42.709999,-8.500000,-1.280000,302.119995,68.669998,99265.203125,21.86,110.99,16.219999,PM10,350
9.520000,15.050000,4.710000,6.670000,0.240000,43.349998,-9.160000,-2.710000,301.320007,71.889999,98550.468750,21.85,111.13,15.050000,PM10,351
9.300000,14.790000,4.760000,7.010000,0.230000,43.220001,-9.410000,-3.260000,299.989990,77.370003,97199.101562,21.84,111.27,14.790000,PM10,352
9.770000,15.500000,4.710000,7.660000,0.230000,42.840000,-8.440000,-2.890000,299.000000,82.519997,96361.953125,21.84,111.42,15.500000,PM10,353
9.790000,15.750000,4.670000,8.710000,0.230000,42.459999,-6.950000,-2.510000,300.489990,78.610001,98586.867188,21.83,111.56,15.750000,PM10,354
8.430000,13.990000,4.300000,8.590000,0.200000,43.770000,-6.740000,-1.920000,301.809998,74.430000,100154.476562,21.82,111.7,13.990000,PM10,355
7.040000,12.170000,3.650000,7.470000,0.160000,45.580002,-7.340000,-1.900000,301.829987,74.669998,100022.546875,21.81,111.85,12.170000,PM10,356
6.090000,11.060000,3.220000,6.220000,0.130000,47.590000,-8.330000,-2.040000,302.209991,73.949997,100306.453125,21.8,111.99,11.060000,PM10,357
4.730000,9.520000,2.330000,4.400000,0.100000,49.000000,-9.430000,-1.600000,301.089996,78.230003,99089.046875,21.78,112.28,9.520000,PM10,358
4.210000,9.520000,1.800000,3.340000,0.080000,50.950001,-10.470000,-1.620000,301.839996,78.750000,100071.093750,21.77,112.57,9.520000,PM10,359
3.820000,8.570000,1.480000,1.790000,0.080000,50.400002,-10.370000,-1.210000,301.549988,80.739998,99937.453125,21.75,112.85,8.570000,PM10,360
14.090000,22.490000,5.160000,9.190000,0.460000,41.279999,-6.040000,-0.910000,302.760010,66.290001,99671.250000,22.02,110.42,22.490000,PM10,397
13.100000,20.820000,5.230000,8.890000,0.400000,41.509998,-6.260000,-0.850000,302.880005,65.809998,99807.656250,22.01,110.56,20.820000,PM10,398
12.080000,19.070000,5.370000,8.310000,0.350000,42.330002,-6.450000,-0.730000,302.910004,65.519997,99821.273438,22.01,110.71,19.070000,PM10,399
11.010000,17.209999,5.340000,7.540000,0.300000,43.639999,-7.400000,-0.650000,303.019989,65.089996,99939.492188,22.0,110.85,17.209999,PM10,400
10.210000,15.810000,5.220000,6.900000,0.260000,44.830002,-9.360000,-1.250000,301.779999,69.029999,98542.226562,21.99,110.99,15.810000,PM10,401
10.350000,15.900000,5.290000,7.000000,0.250000,44.759998,-9.860000,-2.490000,299.429993,78.320000,96260.117188,21.99,111.14,15.900000,PM10,402
11.240000,17.250000,5.600000,8.090000,0.260000,43.500000,-8.450000,-2.670000,299.040009,81.489998,96355.953125,21.98,111.28,17.250000,PM10,403
11.890000,18.370001,5.770000,9.380000,0.270000,43.270000,-7.270000,-1.840000,300.089996,78.290001,97802.250000,21.97,111.43,18.370001,PM10,404
12.330000,19.020000,5.850000,10.700000,0.280000,43.369999,-6.650000,-1.630000,301.269989,74.550003,99288.210938,21.96,111.57,19.020000,PM10,405
11.570000,17.870001,5.610000,11.510000,0.260000,43.750000,-6.750000,-1.670000,302.119995,71.669998,100255.601562,21.95,111.71,17.870001,PM10,406
10.550000,16.490000,4.930000,11.410000,0.230000,44.209999,-7.250000,-1.590000,301.910004,72.650002,100036.953125,21.94,111.86,16.490000,PM10,407
9.600000,15.290000,4.410000,10.820000,0.200000,44.669998,-7.390000,-1.910000,301.709991,73.949997,99942.718750,21.94,112.0,15.290000,PM10,408
8.670000,14.360000,3.860000,10.700000,0.180000,44.849998,-7.460000,-1.990000,301.670013,74.519997,99919.546875,21.93,112.15,14.360000,PM10,409
7.550000,13.210000,3.540000,10.450000,0.150000,45.080002,-7.660000,-1.430000,301.390015,76.089996,99571.046875,21.92,112.29,13.210000,PM10,410
6.730000,12.560000,3.130000,10.650000,0.130000,45.619999,-8.040000,-1.320000,301.269989,77.389999,99470.492188,21.91,112.43,13.312500,NO2,411
6.220000,12.320000,3.500000,10.710000,0.120000,45.930000,-8.890000,-1.340000,301.220001,79.269997,99511.343750,21.9,112.58,13.387500,NO2,412
4.890000,10.460000,2.320000,5.440000,0.090000,50.439999,-9.820000,-1.110000,301.540009,81.279999,100125.000000,21.87,113.01,10.460000,PM10,413
4.510000,9.740000,1.740000,2.640000,0.080000,52.139999,-9.680000,-1.000000,301.480011,81.489998,100204.390625,21.86,113.15,9.740000,PM10,414
14.730000,23.520000,5.860000,9.140000,0.460000,44.799999,-5.820000,-0.930000,302.380005,66.889999,99012.226562,22.16,110.42,23.520000,PM10,456
13.570000,21.570000,5.800000,8.830000,0.400000,44.630001,-5.760000,-0.710000,302.570007,66.230003,99257.289062,22.15,110.57,21.570000,PM10,457
12.370000,19.500000,5.690000,8.040000,0.350000,45.279999,-5.760000,-0.490000,302.820007,65.500000,99581.953125,22.14,110.71,19.500000,PM10,458
11.340000,17.610001,5.580000,7.220000,0.300000,46.410000,-7.030000,-0.410000,302.980011,64.940002,99720.656250,22.13,110.86,17.610001,PM10,459
10.790000,16.459999,5.620000,6.680000,0.260000,47.560001,-9.480000,-0.840000,301.579987,69.050003,98049.023438,22.13,111.0,16.459999,PM10,460
11.400000,17.150000,5.810000,6.900000,0.260000,47.470001,-9.940000,-1.520000,299.140015,78.790001,95664.187500,22.12,111.15,17.150000,PM10,461
12.660000,19.049999,6.170000,7.950000,0.280000,46.439999,-8.140000,-1.890000,299.299988,79.779999,96347.453125,22.11,111.29,19.049999,PM10,462
13.860000,20.980000,6.390000,9.370000,0.300000,46.500000,-6.800000,-1.800000,300.769989,75.489998,98401.820312,22.1,111.43,20.980000,PM10,463
14.800000,22.240000,6.400000,10.350000,0.310000,47.340000,-6.320000,-1.760000,301.450012,73.529999,99262.882812,22.1,111.58,22.240000,PM10,464
14.240000,21.219999,6.100000,10.530000,0.280000,48.459999,-6.470000,-1.540000,301.769989,72.459999,99620.929688,22.09,111.72,21.219999,PM10,465
12.990000,19.430000,5.280000,10.170000,0.250000,49.240002,-7.230000,-1.190000,301.570007,73.110001,99363.320312,22.08,111.87,19.430000,PM10,466
11.780000,17.969999,4.470000,9.920000,0.230000,49.509998,-7.570000,-1.580000,301.100006,75.309998,98976.406250,22.07,112.01,17.969999,PM10,467
11.260000,17.540001,4.100000,10.250000,0.230000,49.230000,-7.150000,-1.950000,301.269989,75.489998,99400.593750,22.06,112.16,17.540001,PM10,468
10.760000,17.230000,3.850000,10.470000,0.220000,48.919998,-6.900000,-1.560000,301.709991,74.430000,99988.953125,22.05,112.3,17.230000,PM10,469
9.380000,15.860000,3.350000,9.860000,0.190000,48.959999,-7.150000,-0.930000,301.630005,74.959999,99827.953125,22.04,112.44,15.860000,PM10,470
8.290000,14.820000,3.270000,9.150000,0.170000,48.990002,-7.420000,-0.670000,301.260010,77.120003,99526.929688,22.03,112.59,14.820000,PM10,471
7.700000,14.410000,3.390000,8.700000,0.150000,49.290001,-7.650000,-0.760000,301.190002,78.720001,99627.648438,22.02,112.73,14.410000,PM10,472
6.960000,14.030000,3.310000,7.280000,0.130000,51.150002,-8.230000,-0.900000,301.230011,80.620003,99908.250000,22.01,112.88,14.030000,PM10,473
4.760000,9.530000,1.300000,1.370000,0.090000,52.509998,-9.090000,-0.320000,301.480011,80.739998,100286.312500,21.95,113.74,9.530000,PM10,474
13.870000,22.270000,7.150000,9.180000,0.390000,47.939999,-4.570000,-1.000000,302.470001,66.349998,99009.601562,22.28,110.72,22.270000,PM10,520
12.450000,19.629999,6.790000,7.890000,0.330000,49.459999,-5.360000,-0.720000,302.600006,65.050003,98841.609375,22.27,110.87,19.629999,PM10,521
11.760000,17.959999,6.650000,6.960000,0.280000,51.029999,-8.340000,-0.590000,301.000000,69.349998,96709.562500,22.26,111.01,17.959999,PM10,522
12.670000,19.150000,6.640000,7.030000,0.280000,50.119999,-9.830000,-0.920000,298.089996,80.680000,93727.812500,22.25,111.15,19.150000,PM10,523
14.040000,21.030001,6.920000,7.880000,0.290000,49.259998,-8.320000,-1.460000,297.649994,84.110001,93746.218750,22.24,111.3,21.030001,PM10,524
15.140000,22.780001,7.060000,9.280000,0.310000,49.220001,-6.990000,-1.580000,298.950012,80.370003,95667.156250,22.24,111.44,22.780001,PM10,525
16.110001,24.139999,7.070000,10.390000,0.330000,50.299999,-6.260000,-1.720000,299.989990,77.639999,97197.648438,22.23,111.59,24.139999,PM10,526
15.760000,23.510000,6.970000,10.940000,0.310000,51.779999,-5.830000,-1.710000,301.269989,73.800003,98926.226562,22.22,111.73,23.510000,PM10,527
14.490000,21.700001,6.240000,10.560000,0.290000,53.009998,-6.780000,-1.090000,301.489990,72.680000,99007.703125,22.21,111.88,21.700001,PM10,528
13.480000,20.320000,5.400000,10.030000,0.260000,53.660000,-7.610000,-1.160000,300.209991,77.330002,97559.968750,22.2,112.02,20.320000,PM10,529
13.510000,20.450001,5.100000,10.500000,0.260000,53.639999,-6.840000,-1.570000,300.200012,78.680000,97930.062500,22.19,112.17,20.450001,PM10,530
13.620000,20.900000,5.050000,11.270000,0.270000,53.040001,-6.060000,-1.390000,301.420013,75.730003,99706.351562,22.18,112.31,20.900000,PM10,531
12.000000,19.270000,4.550000,10.480000,0.250000,53.139999,-6.200000,-0.800000,301.959991,74.029999,100257.140625,22.18,112.45,19.270000,PM10,532
10.610000,17.850000,4.070000,9.420000,0.220000,53.340000,-6.640000,-0.340000,301.790009,74.809998,100023.718750,22.17,112.6,17.850000,PM10,533
10.040000,17.340000,3.810000,8.900000,0.220000,53.330002,-7.070000,-0.170000,301.309998,77.139999,99503.187500,22.16,112.74,17.340000,PM10,534
9.060000,16.400000,3.990000,7.980000,0.190000,53.650002,-7.320000,-0.230000,300.859985,80.120003,99149.546875,22.15,112.89,16.400000,PM10,535
7.420000,13.980000,4.260000,6.810000,0.160000,51.110001,-7.070000,-0.260000,301.649994,77.290001,100248.179688,22.13,113.17,13.980000,PM10,536
7.550000,14.550000,4.280000,7.210000,0.160000,51.139999,-7.640000,-0.160000,301.459991,80.379997,100301.640625,22.12,113.32,14.550000,PM10,537
14.740000,24.410000,8.490000,9.950000,0.420000,49.959999,-6.210000,-1.760000,301.380005,69.099998,97589.343750,22.41,110.73,24.410000,PM10,588
14.020000,22.850000,8.290000,9.130000,0.380000,50.970001,-6.720000,-1.540000,301.600006,67.900002,97677.218750,22.4,110.87,22.850000,PM10,589
13.590000,21.660000,7.920000,8.250000,0.340000,52.150002,-8.570000,-1.150000,300.369995,71.480003,96116.781250,22.39,111.02,21.660000,PM10,590
14.390000,22.240000,7.850000,8.170000,0.320000,52.490002,-9.400000,-0.750000,297.779999,81.510002,93346.320312,22.39,111.16,22.240000,PM10,591
15.780000,23.969999,8.030000,9.030000,0.330000,51.840000,-7.790000,-0.700000,297.100006,85.739998,93043.617188,22.38,111.31,23.969999,PM10,592
16.000000,24.490000,7.940000,10.230000,0.340000,51.639999,-6.590000,-0.590000,298.579987,81.540001,95113.976562,22.37,111.45,24.490000,PM10,593
15.910000,24.200001,7.550000,10.670000,0.320000,53.070000,-6.400000,-0.540000,299.070007,80.080002,95796.867188,22.36,111.6,24.200001,PM10,594
16.110001,24.430000,7.310000,11.670000,0.330000,54.669998,-5.760000,-1.130000,300.380005,76.449997,97693.453125,22.35,111.74,24.430000,PM10,595
15.300000,23.410000,7.010000,11.940000,0.310000,56.049999,-6.290000,-1.130000,301.570007,72.400002,99061.460938,22.35,111.89,23.410000,PM10,596
14.930000,22.780001,6.510000,11.630000,0.300000,56.849998,-7.430000,-0.740000,300.100006,77.260002,97238.242188,22.34,112.03,22.780001,PM10,597
15.710000,23.610001,6.260000,12.180000,0.300000,56.930000,-6.750000,-0.760000,299.619995,80.610001,97102.687500,22.33,112.17,23.610001,PM10,598
16.170000,24.510000,6.380000,13.230000,0.320000,56.990002,-5.650000,-0.960000,301.109985,76.570000,99201.023438,22.32,112.32,24.510000,PM10,599
14.860000,23.400000,6.300000,13.200000,0.310000,57.419998,-5.620000,-0.830000,301.989990,73.910004,100252.078125,22.31,112.46,23.400000,PM10,600
13.630000,22.200001,6.110000,12.760000,0.290000,57.509998,-6.040000,-0.620000,302.019989,73.790001,100224.023438,22.3,112.61,22.200001,PM10,601
12.490000,21.070000,5.820000,12.120000,0.280000,57.360001,-6.470000,-0.480000,301.600006,75.300003,99692.687500,22.29,112.75,21.070000,PM10,602
11.300000,19.670000,5.570000,10.930000,0.250000,56.790001,-6.430000,-0.280000,301.100006,77.559998,99219.617188,22.28,112.9,19.670000,PM10,603
9.940000,17.959999,5.110000,9.840000,0.230000,55.919998,-6.150000,-0.110000,301.429993,77.059998,99749.437500,22.27,113.04,17.959999,PM10,604
9.340000,17.080000,4.830000,9.320000,0.220000,54.430000,-6.190000,-0.030000,301.760010,76.480003,100224.500000,22.26,113.19,17.080000,PM10,605
8.970000,16.600000,4.600000,8.910000,0.200000,53.360001,-6.570000,0.050000,301.589996,77.910004,100122.382812,22.25,113.33,16.600000,PM10,606
8.560000,15.930000,4.800000,8.270000,0.170000,52.820000,-7.330000,0.140000,301.390015,80.279999,100123.000000,22.24,113.47,15.930000,PM10,607
15.610000,25.809999,9.630000,10.030000,0.410000,54.480000,-7.140000,-1.310000,300.640015,72.019997,96912.921875,22.54,110.88,25.809999,PM10,662
15.860000,25.700001,9.690000,10.010000,0.390000,55.240002,-8.270000,-1.240000,299.809998,75.000000,96010.093750,22.53,111.03,25.700001,PM10,663
17.200001,27.150000,9.810000,10.610000,0.390000,55.410000,-8.350000,-0.720000,298.480011,80.550003,94689.546875,22.52,111.17,27.150000,PM10,664
18.709999,29.469999,10.110000,12.140000,0.420000,54.959999,-6.610000,-0.290000,298.519989,82.000000,95145.976562,22.51,111.32,29.469999,PM10,665
18.889999,30.020000,9.920000,13.250000,0.420000,55.900002,-5.520000,-0.140000,300.149994,76.879997,97288.570312,22.5,111.46,30.020000,PM10,666
18.480000,29.090000,9.390000,13.340000,0.390000,57.840000,-6.070000,0.270000,300.079987,76.510002,96942.593750,22.5,111.61,29.090000,PM10,667
18.540001,28.700001,8.840000,13.870000,0.380000,59.919998,-6.080000,0.040000,299.890015,77.639999,96898.593750,22.49,111.75,28.700001,PM10,668
17.930000,28.059999,8.510000,14.530000,0.370000,61.709999,-6.010000,-0.650000,301.000000,74.349998,98398.507812,22.48,111.9,28.059999,PM10,669
17.660000,27.780001,8.320000,14.830000,0.370000,62.880001,-6.610000,-0.460000,300.619995,75.559998,97881.710938,22.47,112.04,27.780001,PM10,670
18.450001,28.610001,8.150000,15.300000,0.370000,63.439999,-6.420000,0.020000,300.000000,78.589996,97357.117188,22.46,112.18,28.610001,PM10,671
18.870001,29.290001,8.310000,15.960000,0.380000,64.139999,-5.710000,-0.060000,300.769989,76.940002,98529.476562,22.45,112.33,29.290001,PM10,672
18.020000,28.780001,8.640000,16.500000,0.380000,64.879997,-5.570000,-0.170000,301.720001,74.269997,99787.523438,22.44,112.47,28.780001,PM10,673
17.010000,28.049999,8.940000,16.790001,0.370000,65.379997,-5.920000,-0.270000,302.089996,73.349998,100234.796875,22.43,112.62,28.049999,PM10,674
15.580000,26.799999,8.990000,16.510000,0.350000,65.730003,-6.220000,-0.450000,301.929993,74.410004,100078.921875,22.42,112.76,26.799999,PM10,675
14.670000,25.910000,8.920000,15.670000,0.330000,65.940002,-6.370000,-0.280000,301.739990,76.169998,99943.773438,22.41,112.91,25.910000,PM10,676
13.980000,25.160000,8.870000,14.710000,0.310000,66.849998,-6.220000,-0.030000,301.859985,76.800003,100157.382812,22.4,113.05,25.160000,PM10,677
13.270000,23.570000,9.370000,14.380000,0.300000,60.450001,-6.000000,0.020000,301.920013,75.199997,100262.906250,22.39,113.2,23.570000,PM10,678
13.360000,23.530001,10.010000,14.580000,0.280000,57.709999,-6.160000,0.120000,301.540009,77.730003,99945.242188,22.38,113.34,23.530001,PM10,679
12.950000,22.450001,11.190000,14.200000,0.250000,55.180000,-6.580000,0.400000,301.290009,79.949997,99887.406250,22.37,113.49,22.450001,PM10,680
19.230000,31.240000,9.720000,12.620000,0.470000,57.549999,-7.660000,-0.250000,298.630005,80.660004,95069.656250,22.65,111.18,31.240000,PM10,744
20.740000,33.900002,9.920000,14.330000,0.510000,57.500000,-6.010000,-0.010000,299.359985,79.570000,96356.476562,22.65,111.32,33.900002,PM10,745
20.650000,34.259998,9.840000,15.500000,0.510000,59.090000,-4.870000,-0.230000,301.410004,73.110001,98982.570312,22.64,111.47,34.259998,PM10,746
19.930000,33.060001,9.240000,15.680000,0.470000,61.470001,-5.390000,0.060000,301.859985,70.839996,99172.546875,22.63,111.61,33.060001,PM10,747
19.160000,31.459999,8.470000,15.660000,0.430000,63.900002,-6.130000,0.420000,300.970001,73.739998,98065.078125,22.62,111.76,31.459999,PM10,748
19.200001,31.420000,8.080000,16.240000,0.430000,65.860001,-6.260000,-0.160000,300.690002,75.230003,97904.632812,22.61,111.9,31.420000,PM10,749
19.309999,31.799999,7.900000,16.980000,0.440000,67.559998,-6.060000,-0.490000,300.779999,75.449997,98145.726562,22.6,112.05,31.799999,PM10,750
19.260000,32.060001,7.580000,17.450001,0.440000,69.129997,-5.780000,0.010000,301.059998,74.790001,98526.726562,22.6,112.19,32.060001,PM10,751
18.639999,31.610001,7.470000,17.700001,0.430000,70.639999,-5.530000,0.320000,301.399994,73.870003,98954.617188,22.59,112.34,31.610001,PM10,752
17.480000,30.549999,7.500000,17.990000,0.420000,72.059998,-5.540000,0.280000,301.880005,72.459999,99541.976562,22.58,112.48,30.549999,PM10,753
16.680000,29.990000,7.630000,18.309999,0.420000,73.519997,-6.000000,0.060000,301.839996,72.830002,99492.601562,22.57,112.63,29.990000,PM10,754
17.020000,30.969999,7.930000,18.959999,0.440000,74.400002,-6.060000,-0.330000,301.290009,75.629997,99033.687500,22.56,112.77,30.969999,PM10,755
16.910000,31.930000,8.350000,19.799999,0.460000,74.339996,-5.570000,-0.250000,301.679993,75.430000,99714.601562,22.55,112.92,31.930000,PM10,756
16.740000,32.910000,8.820000,21.070000,0.470000,72.849998,-5.370000,-0.000000,302.220001,73.910004,100388.679688,22.54,113.06,32.910000,PM10,757
15.900000,31.610001,7.870000,20.670000,0.450000,69.730003,-5.500000,0.060000,302.119995,74.540001,100339.898438,22.53,113.21,31.610001,PM10,758
14.930000,29.790001,7.130000,20.299999,0.410000,65.639999,-5.740000,0.320000,301.809998,76.459999,100126.726562,22.52,113.35,29.790001,PM10,759
13.570000,26.959999,6.810000,19.799999,0.350000,60.730000,-6.130000,0.710000,301.540009,78.860001,100068.476562,22.51,113.5,26.959999,PM10,760
20.600000,34.880001,10.260000,15.690000,0.550000,59.740002,-6.210000,0.550000,300.160004,76.150002,97172.906250,22.78,111.33,34.880001,PM10,835
21.200001,36.060001,10.090000,16.900000,0.550000,61.150002,-5.310000,-0.000000,301.380005,72.620003,98776.507812,22.77,111.48,36.060001,PM10,836
20.650000,35.369999,9.500000,17.430000,0.520000,63.150002,-5.230000,-0.250000,302.440002,68.849998,99901.789062,22.76,111.62,35.369999,PM10,837
19.580000,33.470001,8.530000,17.389999,0.480000,65.209999,-5.960000,0.030000,302.059998,69.849998,99321.296875,22.76,111.77,33.470001,PM10,838
20.040001,33.750000,8.180000,17.670000,0.470000,66.959999,-6.490000,-0.060000,300.799988,74.389999,97893.476562,22.75,111.91,33.750000,PM10,839
20.540001,34.650002,8.050000,18.410000,0.490000,68.599998,-5.950000,-0.330000,300.570007,76.089996,97869.609375,22.74,112.06,34.650002,PM10,840
20.450001,35.110001,7.640000,18.940001,0.500000,70.580002,-5.310000,-0.280000,301.619995,73.059998,99232.742188,22.73,112.2,35.110001,PM10,841
19.670000,34.639999,7.550000,19.160000,0.490000,72.650002,-5.230000,-0.120000,302.049988,71.379997,99591.726562,22.72,112.35,34.639999,PM10,842
18.510000,33.709999,7.600000,19.330000,0.480000,74.669998,-5.430000,-0.120000,302.040009,71.339996,99514.296875,22.71,112.49,33.709999,PM10,843
18.020000,33.430000,7.730000,19.570000,0.480000,76.680000,-5.990000,-0.130000,301.500000,73.099998,98805.468750,22.7,112.64,33.430000,PM10,844
18.709999,34.869999,7.980000,20.230000,0.500000,78.459999,-5.960000,-0.060000,300.640015,77.029999,97988.812500,22.69,112.78,34.869999,PM10,845
18.830000,36.590000,8.510000,21.690001,0.540000,79.830002,-5.320000,-0.020000,301.489990,75.339996,99304.093750,22.68,112.93,36.590000,PM10,846
19.260000,39.139999,9.210000,24.090000,0.580000,79.849998,-5.190000,0.010000,302.309998,72.870003,100324.523438,22.67,113.07,39.139999,PM10,847
18.930000,38.860001,8.460000,23.799999,0.570000,78.879997,-5.340000,0.080000,302.320007,73.000000,100367.203125,22.66,113.22,38.860001,PM10,848
18.030001,37.369999,7.870000,23.440001,0.540000,76.120003,-5.310000,0.350000,302.059998,75.199997,100328.328125,22.65,113.36,37.369999,PM10,849
16.610001,34.610001,7.750000,23.080000,0.490000,72.519997,-5.370000,0.810000,301.859985,77.190002,100321.398438,22.64,113.51,34.610001,PM10,850
17.110001,36.930000,9.160000,29.270000,0.580000,53.320000,-6.170000,0.740000,301.880005,76.220001,100020.921875,22.61,113.94,36.930000,PM10,851
14.020000,29.110001,8.570000,25.250000,0.480000,47.410000,-6.560000,0.570000,301.290009,77.120003,99226.789062,22.6,114.09,31.562500,NO2,852
10.580000,20.520000,5.440000,14.970000,0.310000,54.400002,-6.820000,0.940000,300.690002,81.529999,99085.593750,22.58,114.23,20.520000,PM10,853
9.240000,16.410000,3.490000,5.750000,0.210000,60.259998,-7.260000,0.790000,301.640015,78.930000,100388.078125,22.56,114.52,16.410000,PM10,854
21.910000,37.700001,11.590000,19.389999,0.590000,63.549999,-5.880000,0.110000,300.630005,74.559998,97523.523438,22.91,111.49,37.700001,PM10,931
22.070000,37.900002,11.000000,20.230000,0.580000,65.250000,-5.480000,-0.380000,301.279999,72.760002,98401.937500,22.9,111.63,37.900002,PM10,932
20.760000,35.590000,9.710000,20.059999,0.530000,67.370003,-5.730000,-0.430000,301.660004,71.309998,98766.320312,22.89,111.78,35.590000,PM10,933
21.110001,35.830002,9.890000,20.629999,0.520000,68.839996,-6.170000,-0.120000,300.869995,74.169998,97873.906250,22.88,111.92,35.830002,PM10,934
21.610001,36.520000,10.240000,21.500000,0.530000,70.260002,-5.800000,0.000000,300.670013,75.620003,97831.929688,22.87,112.07,36.520000,PM10,935
21.799999,37.119999,8.610000,21.070000,0.540000,72.190002,-5.250000,-0.160000,301.549988,73.199997,98997.273438,22.86,112.21,37.119999,PM10,936
21.549999,37.220001,8.130000,21.129999,0.540000,73.660004,-5.120000,-0.240000,302.040009,71.709999,99558.867188,22.85,112.36,37.220001,PM10,937
20.620001,36.740002,8.380000,21.600000,0.540000,74.750000,-5.190000,-0.230000,302.209991,71.129997,99729.203125,22.84,112.5,36.740002,PM10,938
19.780001,36.509998,8.660000,22.270000,0.540000,75.610001,-5.410000,-0.120000,302.119995,71.419998,99583.742188,22.83,112.65,36.509998,PM10,939
19.540001,36.939999,8.800000,23.080000,0.550000,76.139999,-5.410000,0.300000,301.859985,72.559998,99340.226562,22.82,112.8,36.939999,PM10,940
18.639999,36.980000,8.430000,23.400000,0.560000,76.260002,-5.160000,0.360000,302.230011,71.809998,99908.156250,22.82,112.94,36.980000,PM10,941
18.400000,38.090000,8.390000,24.690001,0.590000,75.419998,-5.060000,0.070000,302.549988,71.099998,100366.976562,22.8,113.09,38.090000,PM10,942
17.969999,37.610001,7.730000,24.440001,0.580000,73.889999,-5.050000,-0.030000,302.399994,72.209999,100353.023438,22.79,113.23,37.610001,PM10,943
17.270000,36.220001,7.510000,23.879999,0.550000,72.419998,-4.910000,0.190000,302.239990,73.550003,100369.750000,22.78,113.38,36.220001,PM10,944
18.160000,38.799999,8.200000,26.330000,0.580000,68.620003,-4.550000,1.270000,301.510010,79.489998,100355.117188,22.76,113.67,38.799999,PM10,945
17.040001,37.509998,8.790000,25.240000,0.620000,54.880001,-4.760000,0.050000,302.109985,73.930000,100228.328125,22.75,113.81,37.509998,PM10,946
16.559999,35.810001,9.300000,25.540001,0.610000,49.009998,-5.310000,-0.150000,301.950012,74.220001,99884.523438,22.74,113.96,35.810001,PM10,947
15.470000,32.770000,9.430000,26.110001,0.570000,44.430000,-5.440000,0.130000,301.459991,76.449997,99490.921875,22.73,114.1,32.770000,PM10,948
11.490000,22.260000,6.040000,15.760000,0.360000,55.889999,-5.530000,0.860000,301.269989,77.910004,99445.546875,22.72,114.25,22.260000,PM10,949
10.320000,19.230000,4.410000,8.750000,0.290000,59.380001,-5.920000,1.130000,301.260010,78.830002,99641.046875,22.71,114.39,19.230000,PM10,950
10.160000,18.360001,3.820000,6.340000,0.250000,62.840000,-6.280000,1.040000,301.200012,80.360001,99831.531250,22.69,114.54,18.360001,PM10,951
9.970000,16.910000,3.550000,5.110000,0.210000,60.880001,-6.570000,0.080000,301.209991,78.510002,99760.382812,22.67,114.82,16.910000,PM10,952
20.969999,36.400002,10.270000,19.250000,0.590000,63.450001,-5.980000,-0.120000,300.779999,73.919998,97634.953125,23.04,111.5,36.400002,PM10,1033
21.430000,36.730000,9.740000,20.070000,0.580000,65.110001,-5.820000,-0.260000,300.700012,74.570000,97610.523438,23.03,111.64,36.730000,PM10,1034
21.160000,35.970001,8.940000,20.430000,0.550000,66.940002,-5.620000,-0.430000,301.239990,72.940002,98328.507812,23.02,111.79,35.970001,PM10,1035
21.280001,35.869999,9.000000,20.870001,0.540000,68.870003,-5.730000,-0.150000,301.380005,72.440002,98458.703125,23.01,111.93,35.869999,PM10,1036
21.760000,36.419998,9.340000,21.620001,0.540000,70.760002,-5.650000,0.030000,301.209991,73.529999,98366.500000,23.01,112.08,36.419998,PM10,1037
22.530001,37.430000,8.770000,21.790001,0.560000,72.750000,-5.290000,-0.210000,301.609985,72.349998,98895.046875,23.0,112.22,37.430000,PM10,1038
22.610001,37.830002,8.490000,22.219999,0.560000,74.620003,-5.010000,-0.440000,302.170013,70.760002,99593.500000,22.99,112.37,37.830002,PM10,1039
22.280001,38.150002,8.560000,23.070000,0.570000,75.959999,-4.910000,-0.550000,302.399994,70.129997,99846.609375,22.98,112.51,38.150002,PM10,1040
21.790001,38.720001,8.980000,24.530001,0.580000,76.339996,-4.860000,-0.420000,302.480011,69.889999,99936.500000,22.97,112.66,38.720001,PM10,1041
20.870001,38.959999,9.120000,25.900000,0.600000,75.290001,-4.890000,-0.040000,302.799988,68.860001,100303.640625,22.96,112.81,38.959999,PM10,1042
19.260000,37.959999,8.430000,25.940001,0.590000,73.629997,-5.030000,0.320000,302.890015,68.339996,100365.140625,22.95,112.95,37.959999,PM10,1043
18.190001,37.470001,7.580000,26.080000,0.580000,70.489998,-5.070000,0.410000,302.649994,69.830002,100298.843750,22.94,113.1,37.470001,PM10,1044
16.730000,35.139999,6.810000,25.639999,0.550000,68.830002,-5.040000,0.260000,302.489990,71.029999,100363.593750,22.93,113.24,35.139999,PM10,1045
16.430000,34.439999,6.690000,25.420000,0.530000,67.669998,-4.910000,0.170000,302.320007,72.639999,100422.500000,22.92,113.39,34.439999,PM10,1046
17.830000,36.860001,6.890000,26.840000,0.550000,69.449997,-4.670000,0.590000,301.950012,75.459999,100387.523438,22.91,113.53,36.860001,PM10,1047
14.990000,31.260000,6.600000,23.240000,0.510000,57.799999,-4.520000,0.230000,302.000000,73.669998,100220.523438,22.9,113.68,31.260000,PM10,1048
14.710000,30.760000,6.590000,22.400000,0.530000,52.630001,-4.750000,-0.660000,302.140015,72.459999,100094.789062,22.89,113.82,30.760000,PM10,1049
14.190000,28.309999,6.610000,20.780001,0.490000,52.360001,-5.030000,-0.690000,301.920013,73.120003,99938.773438,22.87,113.97,28.309999,PM10,1050
13.230000,25.200001,6.410000,17.969999,0.440000,53.740002,-4.890000,-0.290000,301.649994,74.489998,99820.773438,22.86,114.11,25.200001,PM10,1051
12.030000,22.160000,5.940000,14.120000,0.390000,55.380001,-4.750000,0.120000,301.559998,75.040001,99816.929688,22.85,114.26,22.160000,PM10,1052
11.380000,20.480000,5.180000,10.680000,0.350000,56.049999,-4.870000,0.530000,301.119995,76.610001,99331.820312,22.84,114.4,20.480000,PM10,1053
10.910000,19.059999,4.250000,7.890000,0.300000,56.650002,-4.860000,0.760000,300.760010,77.940002,98941.101562,22.83,114.55,19.059999,PM10,1054
10.570000,18.459999,3.790000,6.640000,0.290000,57.049999,-5.050000,0.420000,301.109985,76.330002,99318.617188,22.82,114.69,18.459999,PM10,1055
10.710000,18.750000,3.760000,6.280000,0.290000,58.750000,-5.640000,0.220000,300.959991,77.180000,99232.406250,22.8,114.84,18.750000,PM10,1056
11.180000,19.459999,4.160000,6.260000,0.280000,62.759998,-5.790000,0.070000,300.640015,79.879997,99236.312500,22.79,114.98,19.459999,PM10,1057
11.420000,19.940001,5.210000,6.970000,0.290000,66.940002,-6.150000,-0.720000,301.630005,75.410004,100324.273438,22.75,115.42,19.940001,PM10,1058
18.950001,33.169998,8.590000,18.299999,0.570000,56.889999,-5.680000,0.100000,301.500000,71.980003,98709.117188,23.17,111.51,33.169998,PM10,1146
19.080000,32.970001,8.070000,18.969999,0.550000,57.939999,-5.710000,0.080000,301.640015,71.440002,98819.812500,23.17,111.65,32.970001,PM10,1147
19.260000,32.799999,7.490000,19.410000,0.530000,59.340000,-5.580000,-0.220000,301.989990,70.300003,99229.117188,23.16,111.8,32.799999,PM10,1148
19.629999,32.910000,7.420000,19.799999,0.520000,61.000000,-5.540000,-0.400000,302.220001,69.860001,99499.492188,23.15,111.94,32.910000,PM10,1149
20.280001,33.549999,7.750000,20.450001,0.520000,63.020000,-5.710000,-0.370000,301.850006,70.919998,98976.039062,23.14,112.09,33.549999,PM10,1150
21.750000,35.400002,8.290000,21.650000,0.540000,65.540001,-5.620000,-0.700000,301.630005,71.709999,98744.718750,23.13,112.23,35.400002,PM10,1151
22.549999,36.520000,8.220000,22.629999,0.550000,68.610001,-5.260000,-1.160000,301.790009,71.180000,98953.882812,23.12,112.38,36.520000,PM10,1152
23.150000,37.990002,8.180000,23.910000,0.570000,71.510002,-4.930000,-1.210000,301.880005,71.129997,99093.320312,23.11,112.53,37.990002,PM10,1153
23.910000,40.500000,8.900000,26.330000,0.620000,72.629997,-4.610000,-0.950000,302.140015,70.320000,99415.492188,23.1,112.67,40.500000,PM10,1154
23.910000,42.580002,9.670000,28.809999,0.660000,71.379997,-4.370000,-0.720000,302.709991,68.419998,100091.343750,23.09,112.82,42.580002,PM10,1155
23.299999,44.150002,9.790000,30.650000,0.680000,66.940002,-4.290000,-0.430000,302.980011,67.379997,100357.796875,23.08,112.96,44.150002,PM10,1156
21.410000,43.750000,8.800000,31.219999,0.670000,61.250000,-4.150000,-0.080000,303.070007,66.459999,100305.320312,23.07,113.11,43.750000,PM10,1157
15.350000,33.580002,6.090000,27.920000,0.530000,61.660000,-4.440000,0.120000,303.230011,65.180000,100277.117188,23.06,113.25,34.900002,NO2,1158
17.620001,39.009998,7.190000,29.040001,0.620000,56.230000,-4.660000,0.250000,302.299988,70.949997,100217.117188,23.05,113.4,39.009998,PM10,1159
16.790001,36.869999,7.410000,27.430000,0.590000,53.730000,-4.550000,0.190000,302.279999,71.120003,100194.687500,23.04,113.54,36.869999,PM10,1160
15.370000,32.810001,7.160000,24.250000,0.550000,51.709999,-4.600000,-0.260000,302.309998,70.699997,100232.507812,23.03,113.69,32.810001,PM10,1161
14.780000,30.090000,6.790000,21.900000,0.530000,50.900002,-4.770000,-0.600000,302.459991,69.879997,100406.671875,23.02,113.83,30.090000,PM10,1162
14.380000,27.980000,6.690000,19.770000,0.500000,51.750000,-4.830000,-0.940000,302.190002,71.169998,100325.476562,23.01,113.98,27.980000,PM10,1163
13.780000,25.700001,6.460000,17.139999,0.460000,52.669998,-4.580000,-0.840000,301.980011,72.290001,100254.343750,23.0,114.13,25.700001,PM10,1164
13.300000,24.440001,6.600000,15.520000,0.450000,52.700001,-4.370000,-0.550000,301.679993,73.089996,99890.156250,22.98,114.27,24.440001,PM10,1165
12.660000,22.920000,5.800000,12.540000,0.410000,53.169998,-4.210000,-0.200000,301.440002,73.580002,99572.562500,22.97,114.42,22.920000,PM10,1166
11.760000,20.950001,4.500000,9.240000,0.360000,54.180000,-4.190000,0.280000,301.390015,73.050003,99380.820312,22.96,114.56,20.950001,PM10,1167
11.260000,20.010000,4.140000,7.880000,0.350000,55.680000,-4.550000,0.090000,301.380005,72.510002,99250.640625,22.95,114.71,20.010000,PM10,1168
11.500000,20.719999,4.040000,7.640000,0.360000,55.540001,-5.230000,0.070000,300.880005,74.430000,98787.343750,22.94,114.85,20.719999,PM10,1169
12.170000,21.799999,4.420000,7.840000,0.370000,57.380001,-5.440000,0.110000,300.019989,77.940002,97913.328125,22.92,115.0,21.799999,PM10,1170
13.420000,23.860001,5.250000,8.880000,0.400000,58.660000,-4.720000,-0.580000,299.890015,79.260002,98035.640625,22.91,115.14,23.860001,PM10,1171
14.300000,26.150000,6.370000,10.380000,0.460000,58.980000,-4.100000,-1.340000,301.140015,75.419998,99693.882812,22.9,115.29,26.150000,PM10,1172
13.730000,25.600000,5.980000,9.310000,0.450000,61.770000,-4.560000,-1.040000,301.809998,73.339996,100432.710938,22.89,115.43,25.600000,PM10,1173
13.670000,25.520000,5.430000,8.080000,0.450000,65.290001,-5.470000,-0.830000,301.660004,74.620003,100313.460938,22.87,115.58,25.520000,PM10,1174
15.100000,27.650000,5.830000,8.450000,0.460000,68.910004,-5.790000,-1.320000,301.529999,76.410004,100433.140625,22.86,115.72,27.650000,PM10,1175
14.920000,26.250000,6.280000,8.380000,0.420000,65.720001,-6.000000,-1.920000,301.339996,75.900002,100388.750000,22.85,115.87,26.250000,PM10,1176
18.690001,33.639999,10.230000,18.240000,0.640000,49.680000,-5.790000,0.630000,301.869995,69.580002,98873.078125,23.32,111.37,33.639999,PM10,1263
16.559999,29.190001,7.590000,17.200001,0.530000,49.970001,-5.790000,0.580000,302.190002,68.209999,99134.671875,23.31,111.51,29.190001,PM10,1264
15.800000,27.430000,6.330000,17.000000,0.490000,50.450001,-6.030000,0.500000,302.079987,68.550003,98937.703125,23.3,111.66,27.430000,PM10,1265
15.970000,27.270000,5.790000,17.230000,0.460000,51.270000,-6.060000,-0.090000,301.809998,69.440002,98618.789062,23.29,111.81,27.270000,PM10,1266
16.480000,27.680000,5.690000,17.629999,0.460000,52.610001,-5.760000,-0.860000,302.059998,68.919998,98967.539062,23.28,111.95,27.680000,PM10,1267
17.290001,28.690001,5.980000,18.389999,0.460000,54.480000,-5.800000,-1.010000,301.989990,69.269997,98887.757812,23.27,112.1,28.690001,PM10,1268
18.780001,30.480000,6.560000,19.709999,0.470000,56.770000,-5.960000,-1.200000,301.239990,71.760002,98014.781250,23.26,112.24,30.480000,PM10,1269
20.129999,32.369999,6.680000,21.190001,0.490000,59.619999,-5.400000,-1.630000,300.950012,73.269997,97889.406250,23.26,112.39,32.369999,PM10,1270
21.080000,34.299999,6.860000,23.430000,0.530000,62.770000,-4.680000,-1.450000,301.619995,71.610001,98856.117188,23.25,112.54,34.299999,PM10,1271
21.760000,36.709999,7.660000,26.110001,0.570000,64.220001,-4.500000,-0.990000,302.440002,68.779999,99776.906250,23.24,112.68,36.709999,PM10,1272
22.639999,39.919998,8.690000,28.250000,0.630000,63.770000,-4.620000,-0.720000,302.809998,67.400002,100201.750000,23.23,112.83,39.919998,PM10,1273
22.969999,43.090000,9.460000,30.820000,0.680000,59.869999,-4.670000,-0.600000,302.940002,66.839996,100329.031250,23.22,112.97,43.090000,PM10,1274
21.930000,44.630001,8.950000,33.070000,0.700000,53.910000,-4.690000,-0.480000,302.989990,66.529999,100362.906250,23.21,113.12,44.630001,PM10,1275
18.010000,39.340000,7.260000,31.170000,0.640000,52.400002,-4.860000,-0.190000,302.750000,67.169998,100094.890625,23.2,113.26,39.340000,PM10,1276
17.120001,38.000000,7.360000,29.580000,0.610000,49.970001,-4.890000,0.090000,302.220001,69.400002,99733.726562,23.19,113.41,38.000000,PM10,1277
16.120001,35.910000,7.770000,27.230000,0.580000,48.130001,-4.550000,-0.260000,302.290009,69.150002,99839.718750,23.17,113.56,35.910000,PM10,1278
14.710000,31.600000,7.370000,23.799999,0.530000,48.189999,-4.620000,-0.280000,302.730011,67.370003,100313.046875,23.16,113.7,31.600000,PM10,1279
14.330000,28.910000,6.810000,21.330000,0.500000,48.720001,-5.210000,-0.550000,302.369995,68.260002,99928.226562,23.15,113.85,28.910000,PM10,1280
14.610000,27.840000,6.590000,19.010000,0.490000,49.830002,-5.120000,-1.220000,301.649994,71.370003,99454.117188,23.14,113.99,27.840000,PM10,1281
14.470000,26.650000,6.390000,16.799999,0.480000,50.360001,-4.420000,-1.470000,301.609985,72.269997,99714.718750,23.13,114.14,26.650000,PM10,1282
14.640000,27.040001,6.970000,16.809999,0.500000,49.939999,-3.970000,-1.130000,301.429993,72.750000,99509.289062,23.12,114.28,27.040001,PM10,1283
13.900000,25.430000,6.020000,13.780000,0.460000,50.869999,-3.640000,-0.800000,301.700012,71.190002,99762.812500,23.11,114.43,25.430000,PM10,1284
12.590000,22.570000,4.260000,9.500000,0.400000,51.980000,-4.080000,-0.070000,301.959991,69.820000,99916.476562,23.09,114.57,22.570000,PM10,1285
12.220000,21.639999,3.900000,8.250000,0.380000,52.759998,-4.630000,-0.290000,301.010010,72.010002,98587.703125,23.08,114.72,21.639999,PM10,1286
12.020000,21.309999,3.920000,7.940000,0.380000,54.770000,-4.510000,-0.450000,300.649994,73.489998,98244.742188,23.07,114.86,21.309999,PM10,1287
12.660000,22.809999,4.110000,8.420000,0.410000,54.980000,-4.890000,-0.160000,300.130005,75.209999,97580.242188,23.06,115.01,22.809999,PM10,1288
13.820000,25.000000,4.570000,9.200000,0.440000,56.490002,-4.740000,-0.100000,299.260010,78.370003,96457.617188,23.05,115.16,25.000000,PM10,1289
14.900000,28.000000,5.340000,10.740000,0.520000,56.480000,-3.840000,-0.720000,300.579987,75.430000,98523.031250,23.03,115.3,28.000000,PM10,1290
14.250000,27.590000,5.560000,10.400000,0.540000,58.270000,-3.910000,-1.200000,302.070007,70.389999,100411.820312,23.02,115.45,27.590000,PM10,1291
14.860000,28.870001,5.670000,9.970000,0.570000,60.279999,-4.600000,-1.680000,301.730011,71.410004,99889.703125,23.01,115.59,28.870001,PM10,1292
15.850000,30.820000,6.260000,10.350000,0.610000,62.180000,-4.810000,-2.070000,301.209991,73.580002,99426.171875,22.99,115.74,30.820000,PM10,1293
16.910000,31.730000,7.040000,10.770000,0.600000,63.490002,-4.490000,-2.370000,301.160004,75.389999,99864.289062,22.98,115.88,31.730000,PM10,1294
16.400000,30.260000,7.540000,10.580000,0.540000,64.800003,-4.470000,-2.200000,301.290009,75.239998,100404.890625,22.97,116.03,30.260000,PM10,1295
14.710000,26.240000,7.470000,9.550000,0.420000,66.500000,-5.280000,-2.300000,301.190002,75.629997,100394.218750,22.95,116.17,26.240000,PM10,1296
14.280000,25.129999,6.090000,15.330000,0.480000,44.730000,-5.130000,0.310000,302.470001,66.330002,99134.093750,23.44,111.52,25.129999,PM10,1386
12.840000,22.170000,4.460000,14.300000,0.410000,44.630001,-5.720000,0.590000,302.190002,66.650002,98594.843750,23.43,111.67,22.170000,PM10,1387
12.830000,21.719999,3.960000,13.880000,0.380000,45.240002,-6.440000,0.430000,300.850006,70.550003,96959.546875,23.43,111.82,21.719999,PM10,1388
13.440000,22.290001,3.710000,13.910000,0.370000,46.160000,-6.030000,-0.460000,300.220001,73.529999,96455.101562,23.42,111.96,22.290001,PM10,1389
13.770000,22.750000,3.740000,14.340000,0.370000,47.610001,-5.540000,-0.880000,300.980011,71.650002,97544.320312,23.41,112.11,22.750000,PM10,1390
14.340000,23.320000,3.870000,14.700000,0.370000,49.549999,-5.670000,-0.850000,300.630005,72.889999,97154.648438,23.4,112.25,23.320000,PM10,1391
15.620000,24.940001,4.170000,15.850000,0.390000,51.180000,-5.070000,-1.070000,300.619995,74.239998,97534.843750,23.39,112.4,24.940001,PM10,1392
16.139999,26.139999,4.710000,17.950001,0.420000,53.560001,-4.140000,-1.370000,301.970001,70.410004,99350.789062,23.38,112.55,26.139999,PM10,1393
15.960000,26.719999,4.950000,20.379999,0.430000,55.650002,-3.840000,-1.350000,302.760010,67.620003,100222.843750,23.37,112.69,26.719999,PM10,1394
15.980000,27.910000,5.560000,22.480000,0.460000,57.040001,-3.940000,-0.860000,302.880005,66.809998,100255.312500,23.36,112.84,28.099998,NO2,1395
16.070000,29.770000,6.350000,24.190001,0.500000,55.849998,-4.110000,-0.440000,302.899994,66.169998,100181.968750,23.35,112.98,30.237501,NO2,1396
15.830000,31.090000,6.530000,25.730000,0.520000,53.139999,-4.250000,-0.230000,303.010010,65.629997,100329.101562,23.34,113.13,32.162498,NO2,1397
14.230000,29.480000,6.110000,25.150000,0.490000,51.419998,-4.600000,-0.100000,302.880005,65.629997,100140.960938,23.33,113.28,31.437500,NO2,1398
14.140000,29.809999,6.380000,24.209999,0.490000,49.419998,-4.890000,0.020000,302.220001,67.779999,99480.906250,23.32,113.42,30.262499,NO2,1399
13.800000,29.309999,6.670000,22.900000,0.470000,47.380001,-4.550000,-0.320000,302.070007,68.070000,99345.726562,23.31,113.57,29.309999,PM10,1400
13.050000,26.780001,6.320000,21.010000,0.450000,46.759998,-4.460000,-0.700000,302.739990,65.959999,100153.078125,23.3,113.71,26.780001,PM10,1401
13.310000,25.700001,5.960000,18.639999,0.440000,47.799999,-5.200000,-0.860000,301.980011,67.820000,99120.796875,23.29,113.86,25.700001,PM10,1402
14.170000,25.639999,5.800000,16.270000,0.430000,49.240002,-5.170000,-1.120000,300.450012,73.190002,97524.906250,23.28,114.0,25.639999,PM10,1403
14.700000,26.200001,5.870000,15.430000,0.450000,48.889999,-4.110000,-1.460000,300.720001,74.059998,98429.351562,23.26,114.15,26.200001,PM10,1404
14.560000,26.410000,6.590000,15.850000,0.480000,49.770000,-3.450000,-1.240000,301.179993,72.599998,99056.546875,23.25,114.3,26.410000,PM10,1405
14.620000,26.410000,5.760000,13.520000,0.470000,49.540001,-3.170000,-1.080000,301.540009,71.389999,99595.546875,23.24,114.44,26.410000,PM10,1406
13.460000,24.059999,4.330000,9.810000,0.420000,50.689999,-3.880000,-0.520000,301.839996,69.349998,99595.718750,23.23,114.59,24.059999,PM10,1407
13.350000,23.379999,3.960000,8.580000,0.400000,51.110001,-4.930000,-0.220000,300.390015,72.959999,97636.953125,23.22,114.73,23.379999,PM10,1408
13.430000,23.650000,3.970000,8.590000,0.410000,51.590000,-4.530000,-0.420000,299.859985,75.440002,97289.421875,23.2,114.88,23.650000,PM10,1409
13.260000,23.840000,4.220000,9.030000,0.440000,52.939999,-4.120000,-0.440000,300.359985,73.779999,97841.648438,23.19,115.02,23.840000,PM10,1410
13.680000,24.990000,4.550000,9.560000,0.470000,55.060001,-4.260000,0.040000,300.149994,74.019997,97345.203125,23.18,115.17,24.990000,PM10,1411
14.740000,27.280001,5.030000,10.470000,0.520000,56.529999,-3.890000,-0.160000,300.140015,74.540001,97341.078125,23.17,115.31,27.280001,PM10,1412
14.880000,27.709999,5.470000,10.480000,0.550000,58.880001,-3.710000,-1.330000,300.890015,72.269997,98250.843750,23.15,115.46,27.709999,PM10,1413
16.820000,31.350000,5.960000,11.040000,0.610000,58.820000,-4.310000,-2.070000,300.730011,73.459999,98298.648438,23.14,115.61,31.350000,PM10,1414
18.340000,34.419998,6.840000,11.900000,0.660000,60.570000,-4.330000,-2.380000,299.750000,77.080002,97226.273438,23.13,115.75,34.419998,PM10,1415
18.459999,34.610001,8.090000,13.030000,0.680000,63.900002,-3.580000,-2.230000,300.239990,77.230003,98303.703125,23.11,115.9,34.610001,PM10,1416
18.340000,35.250000,9.040000,14.320000,0.680000,64.040001,-3.670000,-2.460000,300.940002,75.669998,99683.867188,23.1,116.04,35.250000,PM10,1417
17.530001,33.000000,9.780000,14.550000,0.600000,63.970001,-4.220000,-2.570000,300.589996,76.500000,99386.453125,23.08,116.19,33.000000,PM10,1418
16.059999,30.090000,9.750000,14.260000,0.510000,63.369999,-4.380000,-2.670000,300.459991,77.470001,99716.929688,23.07,116.33,30.090000,PM10,1419
13.020000,24.559999,8.250000,12.660000,0.380000,64.730003,-4.920000,-2.740000,300.799988,77.029999,100281.039062,23.06,116.48,24.559999,PM10,1420
12.990000,22.190001,4.460000,12.930000,0.430000,45.209999,-4.200000,-0.670000,302.299988,67.559998,99049.281250,23.58,111.53,22.190001,PM10,1512
12.370000,21.219999,3.900000,12.930000,0.400000,43.840000,-4.800000,-0.270000,302.540009,65.980003,99093.421875,23.57,111.68,21.219999,PM10,1513
12.490000,20.980000,3.540000,12.630000,0.370000,44.160000,-6.040000,0.230000,301.190002,69.419998,97235.437500,23.56,111.82,20.980000,PM10,1514
13.290000,21.570000,3.310000,12.490000,0.350000,44.750000,-6.100000,0.160000,299.709991,74.870003,95727.132812,23.55,111.97,21.570000,PM10,1515
13.460000,21.719999,3.280000,12.840000,0.350000,45.570000,-5.340000,-0.250000,300.399994,73.440002,96829.656250,23.54,112.12,21.719999,PM10,1516
13.710000,21.940001,3.390000,13.150000,0.350000,46.980000,-5.250000,-0.040000,300.820007,72.220001,97400.906250,23.53,112.26,21.940001,PM10,1517
13.850000,21.799999,3.450000,13.360000,0.350000,48.110001,-5.130000,-0.130000,301.000000,71.930000,97730.679688,23.52,112.41,21.799999,PM10,1518
13.920000,21.879999,3.680000,14.010000,0.350000,49.919998,-4.560000,-1.020000,301.549988,70.739998,98551.289062,23.51,112.56,21.879999,PM10,1519
14.410000,23.129999,3.830000,15.120000,0.370000,50.209999,-3.950000,-1.840000,302.299988,68.680000,99603.546875,23.5,112.7,23.129999,PM10,1520
13.680000,22.700001,4.220000,17.299999,0.370000,51.660000,-3.610000,-1.570000,302.970001,66.410004,100409.796875,23.49,112.85,22.700001,PM10,1521
13.190000,23.090000,4.760000,19.410000,0.390000,52.230000,-3.740000,-0.950000,302.929993,65.769997,100247.171875,23.48,112.99,24.262501,NO2,1522
12.680000,23.280001,4.720000,19.889999,0.400000,51.009998,-4.020000,-0.490000,302.690002,65.809998,99875.476562,23.47,113.14,24.862499,NO2,1523
11.830000,22.450001,4.330000,18.900000,0.380000,49.540001,-4.240000,-0.160000,302.619995,65.620003,99781.898438,23.46,113.29,23.625000,NO2,1524
11.460000,22.010000,4.290000,17.889999,0.370000,48.349998,-4.670000,0.250000,302.510010,65.440002,99563.117188,23.45,113.43,22.362499,NO2,1525
11.370000,21.600000,4.130000,15.690000,0.350000,47.990002,-4.960000,0.260000,302.140015,66.459999,99168.523438,23.44,113.58,21.600000,PM10,1526
11.440000,20.889999,4.210000,14.250000,0.350000,48.410000,-4.910000,-0.600000,302.190002,66.379997,99346.812500,23.43,113.73,20.889999,PM10,1527
11.950000,21.110001,4.300000,12.900000,0.350000,49.290001,-4.790000,-1.300000,301.779999,67.980003,98962.906250,23.42,113.87,21.110001,PM10,1528
12.870000,21.900000,4.320000,11.510000,0.360000,50.900002,-4.400000,-1.120000,300.779999,71.699997,97908.453125,23.41,114.02,21.900000,PM10,1529
13.870000,23.490000,4.350000,11.010000,0.380000,50.700001,-3.730000,-1.080000,300.570007,73.260002,97980.398438,23.4,114.16,23.490000,PM10,1530
14.490000,25.240000,4.650000,11.760000,0.420000,50.360001,-3.240000,-1.130000,301.250000,71.629997,99024.093750,23.39,114.31,25.240000,PM10,1531
14.660000,25.920000,4.580000,11.170000,0.440000,49.500000,-3.010000,-1.240000,301.859985,69.849998,99912.023438,23.37,114.45,25.920000,PM10,1532
14.370000,25.370001,4.280000,9.660000,0.440000,49.810001,-3.220000,-1.070000,301.769989,69.709999,99613.546875,23.36,114.6,25.370001,PM10,1533
14.390000,25.350000,4.090000,8.880000,0.440000,49.779999,-3.990000,-0.220000,301.040009,70.690002,98445.773438,23.35,114.75,25.350000,PM10,1534
14.230000,25.170000,4.180000,8.950000,0.450000,50.360001,-4.140000,-0.160000,300.649994,71.629997,98064.203125,23.34,114.89,25.170000,PM10,1535
13.700000,24.570000,4.430000,9.270000,0.460000,51.730000,-3.700000,-0.710000,300.869995,70.570000,98342.953125,23.33,115.04,24.570000,PM10,1536
13.450000,24.580000,4.750000,9.580000,0.480000,54.389999,-3.830000,-0.680000,300.980011,69.239998,98141.156250,23.31,115.18,24.580000,PM10,1537
14.430000,26.020000,5.160000,9.710000,0.510000,58.410000,-4.110000,-0.560000,299.619995,73.230003,96131.570312,23.3,115.33,26.020000,PM10,1538
17.330000,30.320000,5.650000,10.270000,0.580000,59.959999,-3.620000,-1.080000,298.709991,78.160004,95181.359375,23.29,115.47,30.320000,PM10,1539
19.070000,34.279999,6.440000,11.630000,0.660000,59.950001,-3.510000,-1.460000,299.720001,76.400002,96836.281250,23.27,115.62,34.279999,PM10,1540
20.480000,38.939999,7.510000,13.260000,0.760000,59.770000,-3.770000,-1.620000,299.609985,77.470001,97123.343750,23.26,115.77,38.939999,PM10,1541
20.770000,40.580002,8.860000,14.560000,0.800000,62.590000,-3.260000,-1.670000,299.910004,77.669998,97896.710938,23.25,115.91,40.580002,PM10,1542
20.540001,40.930000,10.230000,15.710000,0.790000,65.220001,-3.380000,-1.940000,300.329987,76.919998,98836.500000,23.23,116.06,40.930000,PM10,1543
19.700001,38.470001,10.790000,15.650000,0.710000,66.139999,-3.820000,-2.090000,299.850006,78.690002,98467.617188,23.22,116.2,38.470001,PM10,1544
17.950001,35.340000,10.640000,15.200000,0.630000,65.669998,-3.840000,-2.110000,300.239990,78.239998,99431.796875,23.2,116.35,35.340000,PM10,1545
14.960000,29.730000,9.200000,13.470000,0.510000,66.559998,-4.490000,-2.260000,300.730011,76.970001,100218.539062,23.19,116.49,29.730000,PM10,1546
12.180000,23.680000,7.090000,10.220000,0.370000,71.540001,-5.370000,-2.840000,300.720001,78.589996,100290.960938,23.17,116.64,23.680000,PM10,1547
12.350000,20.920000,3.610000,11.580000,0.390000,44.459999,-4.760000,-0.600000,302.410004,67.019997,99170.570312,23.7,111.69,20.920000,PM10,1641
12.210000,20.490000,3.270000,11.410000,0.360000,44.689999,-5.450000,-0.290000,301.850006,68.379997,98391.898438,23.69,111.83,20.490000,PM10,1642
12.560000,20.629999,3.060000,11.440000,0.350000,44.910000,-5.570000,0.140000,300.950012,71.400002,97392.726562,23.68,111.98,20.629999,PM10,1643
12.890000,20.940001,3.000000,11.680000,0.350000,45.200001,-4.890000,0.120000,301.160004,71.379997,97861.226562,23.68,112.13,20.940001,PM10,1644
12.750000,20.680000,3.020000,11.780000,0.340000,46.060001,-4.700000,0.200000,302.059998,68.260002,98849.710938,23.67,112.27,20.680000,PM10,1645
12.810000,20.450001,2.970000,11.580000,0.330000,47.049999,-5.290000,-0.010000,301.769989,68.919998,98357.273438,23.66,112.42,20.450001,PM10,1646
13.680000,21.180000,3.020000,11.670000,0.330000,47.930000,-5.250000,-0.850000,300.660004,72.589996,97084.289062,23.65,112.57,21.180000,PM10,1647
14.610000,22.600000,3.390000,12.480000,0.340000,48.730000,-4.140000,-1.690000,300.980011,72.400002,97751.406250,23.64,112.71,22.600000,PM10,1648
14.100000,22.070000,3.830000,13.280000,0.340000,50.240002,-3.230000,-1.830000,302.160004,69.000000,99358.570312,23.63,112.86,22.070000,PM10,1649
12.750000,20.580000,4.290000,14.290000,0.330000,51.240002,-3.310000,-1.290000,302.660004,66.559998,99872.140625,23.62,113.01,20.580000,PM10,1650
12.010000,19.799999,4.020000,14.810000,0.330000,51.220001,-3.530000,-0.910000,302.480011,66.110001,99542.406250,23.61,113.15,19.799999,PM10,1651
11.540000,19.430000,3.390000,13.980000,0.320000,50.849998,-3.550000,-0.440000,302.339996,65.760002,99292.187500,23.6,113.3,19.430000,PM10,1652
11.110000,19.200001,3.510000,13.210000,0.320000,50.349998,-3.840000,0.150000,302.760010,63.500000,99631.187500,23.59,113.44,19.200001,PM10,1653
10.900000,18.670000,3.550000,11.580000,0.310000,50.160000,-4.830000,0.360000,302.769989,62.320000,99329.437500,23.58,113.59,18.670000,PM10,1654
11.000000,17.910000,3.480000,9.670000,0.300000,50.360001,-5.430000,-0.340000,301.500000,65.690002,97739.132812,23.57,113.74,17.910000,PM10,1655
12.070000,19.299999,3.730000,9.470000,0.310000,50.750000,-4.780000,-1.200000,300.549988,70.029999,97016.492188,23.55,113.88,19.299999,PM10,1656
13.720000,22.540001,4.100000,10.440000,0.360000,49.139999,-3.870000,-1.360000,300.670013,71.379997,97702.023438,23.54,114.03,22.540001,PM10,1657
14.790000,24.889999,4.450000,11.170000,0.410000,48.689999,-3.490000,-0.970000,300.970001,70.900002,98267.382812,23.53,114.18,24.889999,PM10,1658
15.750000,27.090000,4.760000,12.120000,0.450000,47.840000,-3.560000,-1.090000,301.279999,70.199997,98703.078125,23.52,114.32,27.090000,PM10,1659
15.910000,27.740000,4.910000,12.130000,0.470000,47.889999,-3.260000,-1.570000,301.339996,70.360001,98910.726562,23.51,114.47,27.740000,PM10,1660
15.750000,27.690001,4.810000,11.200000,0.480000,48.279999,-2.770000,-1.610000,301.540009,70.139999,99286.937500,23.5,114.61,27.690001,PM10,1661
15.110000,26.730000,4.320000,9.250000,0.470000,48.790001,-3.290000,-0.810000,301.559998,68.779999,98943.406250,23.48,114.76,26.730000,PM10,1662
14.800000,26.290001,4.420000,9.240000,0.480000,49.650002,-4.020000,-0.550000,301.079987,69.440002,98224.906250,23.47,114.91,26.290001,PM10,1663
14.470000,25.990000,4.670000,9.600000,0.490000,50.869999,-3.930000,-0.860000,300.989990,69.820000,98226.546875,23.46,115.05,25.990000,PM10,1664
14.860000,27.120001,5.110000,10.160000,0.520000,53.290001,-3.820000,-1.270000,300.769989,70.570000,97992.023438,23.45,115.2,27.120001,PM10,1665
16.590000,30.209999,5.430000,10.670000,0.590000,54.599998,-3.990000,-1.130000,299.790009,73.720001,96696.523438,23.43,115.34,30.209999,PM10,1666
18.719999,33.520000,5.990000,10.960000,0.640000,57.770000,-3.830000,-0.590000,298.950012,76.860001,95452.468750,23.42,115.49,33.520000,PM10,1667
20.280001,37.660000,6.940000,12.450000,0.740000,58.680000,-3.680000,-0.610000,299.579987,75.870003,96534.257812,23.41,115.63,37.660000,PM10,1668
20.990000,41.340000,8.300000,14.360000,0.850000,59.580002,-3.770000,-0.960000,300.589996,73.669998,98258.187500,23.39,115.78,41.340000,PM10,1669
21.830000,44.689999,9.940000,16.010000,0.910000,62.340000,-3.350000,-1.630000,301.079987,73.110001,99334.601562,23.38,115.93,44.689999,PM10,1670
24.760000,52.680000,12.870000,19.059999,1.040000,64.300003,-3.130000,-1.640000,300.880005,74.919998,99538.593750,23.37,116.07,51.340000,PM10,1671
22.410000,46.240002,13.160000,18.280001,0.880000,66.629997,-3.340000,-1.220000,300.399994,76.690002,99219.203125,23.35,116.22,46.240002,PM10,1672
20.389999,41.919998,13.020000,17.639999,0.780000,65.820000,-3.480000,-1.470000,300.609985,75.919998,99732.226562,23.34,116.36,41.919998,PM10,1673
18.719999,38.209999,12.600000,16.719999,0.710000,64.599998,-3.790000,-1.930000,300.600006,76.080002,99957.109375,23.32,116.51,38.209999,PM10,1674
14.920000,30.200001,9.800000,12.380000,0.530000,66.709999,-4.490000,-2.300000,300.540009,77.010002,100107.968750,23.31,116.65,30.200001,PM10,1675
13.150000,22.580000,3.520000,10.090000,0.410000,44.900002,-4.700000,-0.170000,302.579987,65.889999,99339.609375,23.84,111.7,22.580000,PM10,1771
12.540000,21.260000,3.090000,10.060000,0.370000,45.160000,-5.110000,-0.350000,302.369995,66.650002,99131.898438,23.83,111.84,21.260000,PM10,1772
12.460000,20.850000,2.880000,10.280000,0.360000,45.250000,-5.000000,-0.150000,301.940002,68.040001,98619.796875,23.82,111.99,20.850000,PM10,1773
12.040000,19.950001,2.780000,10.550000,0.340000,45.279999,-4.520000,0.260000,302.179993,67.419998,98960.273438,23.81,112.14,19.950001,PM10,1774
11.090000,18.350000,2.670000,10.440000,0.320000,45.779999,-4.600000,0.080000,302.769989,65.300003,99532.492188,23.8,112.28,18.350000,PM10,1775
11.560000,18.660000,2.650000,10.310000,0.310000,46.779999,-5.310000,-0.730000,301.829987,67.610001,98202.218750,23.79,112.43,18.660000,PM10,1776
13.200000,20.420000,2.770000,10.520000,0.310000,47.740002,-5.150000,-1.430000,300.200012,73.529999,96420.070312,23.78,112.58,20.420000,PM10,1777
14.780000,22.670000,3.150000,11.340000,0.330000,48.599998,-3.900000,-1.760000,300.100006,74.919998,96595.242188,23.77,112.72,22.670000,PM10,1778
14.490000,22.420000,3.580000,12.090000,0.340000,49.830002,-2.920000,-1.740000,301.070007,72.389999,98009.218750,23.76,112.87,22.420000,PM10,1779
13.030000,20.660000,4.070000,12.770000,0.330000,50.720001,-3.110000,-1.490000,301.959991,68.290001,98885.101562,23.75,113.02,20.660000,PM10,1780
12.420000,19.760000,3.900000,12.500000,0.320000,51.009998,-3.350000,-1.430000,302.209991,66.410004,99066.429688,23.74,113.16,19.760000,PM10,1781
11.860000,19.070000,3.320000,10.900000,0.320000,51.299999,-3.080000,-1.130000,302.350006,65.360001,99193.648438,23.73,113.31,19.070000,PM10,1782
11.450000,18.660000,3.420000,10.580000,0.320000,50.930000,-3.350000,-0.640000,302.649994,62.939999,99231.312500,23.72,113.46,18.660000,PM10,1783
11.360000,18.340000,3.470000,9.780000,0.310000,50.430000,-4.360000,-0.400000,302.220001,62.259998,98212.507812,23.71,113.6,18.340000,PM10,1784
11.510000,17.760000,3.360000,8.210000,0.290000,50.770000,-5.330000,-0.330000,300.760010,65.790001,96302.273438,23.7,113.75,17.760000,PM10,1785
13.140000,20.309999,3.510000,8.640000,0.320000,48.680000,-5.070000,-0.620000,299.559998,71.269997,95354.960938,23.69,113.9,20.309999,PM10,1786
14.610000,23.180000,3.990000,9.690000,0.370000,48.119999,-3.700000,-1.060000,300.029999,71.769997,96436.351562,23.68,114.04,23.180000,PM10,1787
15.180000,25.150000,4.480000,10.800000,0.410000,47.799999,-3.140000,-1.240000,301.290009,68.809998,98332.859375,23.67,114.19,25.150000,PM10,1788
16.530001,27.830000,4.880000,12.090000,0.460000,46.680000,-3.580000,-1.480000,301.109985,69.400002,98120.703125,23.65,114.33,27.830000,PM10,1789
17.350000,29.260000,5.310000,12.930000,0.490000,46.939999,-3.210000,-1.450000,300.290009,72.209999,97174.132812,23.64,114.48,29.260000,PM10,1790
17.330000,29.670000,5.350000,12.530000,0.510000,47.419998,-2.420000,-1.600000,300.890015,71.519997,98347.312500,23.63,114.63,29.670000,PM10,1791
15.550000,26.910000,4.440000,8.890000,0.470000,49.009998,-2.970000,-1.260000,301.190002,68.830002,98207.023438,23.62,114.77,26.910000,PM10,1792
15.120000,26.170000,4.540000,8.780000,0.470000,50.439999,-3.740000,-0.820000,300.329987,70.019997,96733.250000,23.61,114.92,26.170000,PM10,1793
15.310000,26.690001,4.810000,9.280000,0.500000,51.779999,-3.910000,-0.670000,299.950012,71.760002,96387.156250,23.59,115.07,26.690001,PM10,1794
17.410000,31.100000,5.060000,10.430000,0.580000,50.599998,-3.810000,-1.140000,299.850006,72.910004,96608.351562,23.58,115.21,31.100000,PM10,1795
17.750000,32.869999,5.630000,11.270000,0.640000,52.080002,-3.270000,-1.450000,300.399994,71.480003,97495.960938,23.57,115.36,32.869999,PM10,1796
18.020000,34.230000,6.300000,12.000000,0.710000,54.889999,-3.260000,-0.940000,300.589996,70.970001,97615.679688,23.55,115.5,34.230000,PM10,1797
18.309999,35.189999,6.830000,12.560000,0.760000,57.220001,-4.010000,-0.520000,299.920013,72.410004,96512.648438,23.54,115.65,35.189999,PM10,1798
18.780001,36.880001,7.590000,13.600000,0.790000,58.650002,-4.550000,-1.040000,299.769989,72.330002,96268.023438,23.53,115.8,36.880001,PM10,1799
20.889999,42.880001,9.200000,15.710000,0.900000,61.040001,-3.850000,-1.970000,300.480011,72.239998,97881.929688,23.51,115.94,42.880001,PM10,1800
23.549999,51.020000,12.150000,18.680000,1.050000,64.580002,-2.920000,-1.820000,301.429993,71.300003,99858.796875,23.5,116.09,50.510002,PM10,1801
22.500000,48.680000,13.770000,19.570000,0.980000,67.320000,-3.120000,-1.080000,301.540009,71.440002,100323.031250,23.49,116.23,48.680000,PM10,1802
21.469999,46.369999,13.960000,19.360001,0.920000,66.750000,-3.570000,-1.320000,301.480011,71.290001,100452.921875,23.47,116.38,46.369999,PM10,1803
21.040001,44.770000,14.210000,19.500000,0.880000,64.279999,-3.680000,-1.680000,300.929993,73.330002,100153.593750,23.46,116.52,44.770000,PM10,1804
17.690001,36.590000,11.480000,15.920000,0.690000,64.419998,-3.780000,-1.940000,300.760010,74.720001,100281.953125,23.44,116.67,36.590000,PM10,1805
13.460000,26.660000,8.040000,10.600000,0.460000,65.550003,-4.570000,-2.460000,300.720001,75.730003,100390.687500,23.43,116.82,26.660000,PM10,1806
12.060000,20.230000,2.660000,9.150000,0.350000,45.240002,-4.280000,-0.480000,302.130005,67.059998,98895.523438,23.95,112.0,20.230000,PM10,1907
10.910000,18.270000,2.490000,9.400000,0.320000,45.480000,-4.000000,0.260000,302.839996,64.550003,99615.046875,23.94,112.15,18.270000,PM10,1908
9.810000,16.219999,2.310000,9.130000,0.290000,45.820000,-5.040000,0.200000,302.399994,64.709999,98663.703125,23.94,112.29,16.219999,PM10,1909
11.030000,17.520000,2.320000,9.150000,0.280000,46.680000,-5.790000,-0.790000,300.420013,70.970001,96335.968750,23.93,112.44,17.520000,PM10,1910
13.000000,19.900000,2.460000,9.600000,0.300000,47.360001,-4.730000,-1.420000,299.459991,75.989998,95674.539062,23.92,112.59,19.900000,PM10,1911
14.480000,22.410000,2.780000,10.520000,0.330000,48.299999,-2.980000,-1.490000,300.239990,75.400002,97167.093750,23.91,112.73,22.410000,PM10,1912
13.950000,21.740000,2.970000,10.610000,0.330000,50.310001,-2.360000,-1.430000,301.279999,72.440002,98553.226562,23.9,112.88,21.740000,PM10,1913
12.900000,20.340000,3.020000,10.200000,0.320000,51.320000,-3.050000,-1.600000,301.529999,69.610001,98348.890625,23.89,113.03,20.340000,PM10,1914
12.960000,20.290001,3.160000,9.990000,0.320000,51.779999,-3.340000,-1.640000,301.339996,68.820000,97881.492188,23.88,113.17,20.290001,PM10,1915
12.670000,19.969999,3.370000,9.900000,0.320000,52.299999,-3.160000,-1.540000,301.619995,67.000000,98161.992188,23.87,113.32,19.969999,PM10,1916
12.670000,19.980000,3.430000,9.740000,0.330000,50.869999,-3.580000,-1.270000,301.750000,65.389999,98114.148438,23.86,113.47,19.980000,PM10,1917
12.800000,19.950001,3.470000,9.280000,0.330000,50.110001,-4.330000,-0.650000,301.170013,66.059998,97102.679688,23.84,113.61,19.950001,PM10,1918
12.870000,19.650000,3.290000,8.230000,0.320000,49.410000,-4.900000,-0.020000,300.540009,67.459999,96248.671875,23.83,113.76,19.650000,PM10,1919
13.930000,21.410000,3.480000,8.600000,0.340000,48.009998,-4.920000,0.010000,300.029999,69.790001,95825.773438,23.82,113.91,21.410000,PM10,1920
15.130000,23.490000,3.800000,9.150000,0.380000,47.520000,-4.120000,-0.680000,299.980011,70.739998,95970.140625,23.81,114.05,23.490000,PM10,1921
15.680000,24.860001,4.210000,9.490000,0.400000,48.160000,-3.510000,-1.350000,300.500000,70.080002,96868.257812,23.8,114.2,24.860001,PM10,1922
17.120001,27.520000,4.590000,10.320000,0.440000,47.439999,-3.210000,-1.750000,300.390015,71.360001,97090.789062,23.79,114.35,27.520000,PM10,1923
17.780001,29.120001,5.300000,11.600000,0.480000,48.290001,-2.480000,-1.330000,300.559998,71.820000,97616.070312,23.78,114.49,29.120001,PM10,1924
18.370001,30.740000,5.380000,11.820000,0.520000,48.070000,-2.150000,-1.340000,300.989990,70.709999,98400.468750,23.76,114.64,30.740000,PM10,1925
16.850000,28.660000,4.660000,9.180000,0.500000,49.459999,-2.600000,-1.220000,301.100006,68.940002,98117.500000,23.75,114.79,28.660000,PM10,1926
16.049999,27.750000,4.710000,9.150000,0.510000,50.150002,-3.300000,-0.710000,300.779999,68.610001,97409.273438,23.74,114.93,27.750000,PM10,1927
15.820000,27.610001,4.810000,9.330000,0.520000,51.160000,-3.880000,-0.310000,300.070007,69.559998,96187.718750,23.73,115.08,27.610001,PM10,1928
17.120001,30.250000,4.920000,10.050000,0.570000,50.910000,-4.030000,-0.450000,299.470001,71.199997,95413.101562,23.71,115.23,30.250000,PM10,1929
17.950001,32.419998,5.410000,10.960000,0.640000,51.689999,-3.380000,-1.140000,299.790009,71.000000,96157.453125,23.7,115.37,32.419998,PM10,1930
17.610001,33.310001,6.240000,11.850000,0.710000,54.040001,-2.780000,-1.340000,300.670013,68.440002,97522.343750,23.69,115.52,33.310001,PM10,1931
16.309999,31.700001,6.610000,11.980000,0.730000,56.639999,-3.690000,-0.890000,300.640015,66.830002,97026.898438,23.67,115.66,31.700001,PM10,1932
17.030001,32.740002,6.930000,12.140000,0.730000,58.900002,-4.650000,-0.970000,298.570007,71.940002,94110.976562,23.66,115.81,32.740002,PM10,1933
20.809999,40.720001,8.120000,14.330000,0.850000,59.869999,-3.820000,-1.360000,298.239990,76.690002,94427.039062,23.65,115.96,40.720001,PM10,1934
22.160000,47.520000,10.730000,17.459999,1.000000,62.580002,-2.690000,-1.450000,300.809998,71.459999,98492.296875,23.63,116.1,47.520000,PM10,1935
22.180000,49.349998,13.090000,19.230000,1.050000,65.599998,-3.020000,-1.460000,301.700012,68.440002,99783.273438,23.62,116.25,49.349998,PM10,1936
22.219999,49.279999,12.700000,18.480000,1.020000,67.070000,-3.620000,-1.450000,301.239990,69.709999,99433.093750,23.6,116.39,49.279999,PM10,1937
21.330000,46.660000,11.160000,17.090000,0.960000,67.269997,-3.620000,-1.510000,301.420013,69.500000,100251.851562,23.59,116.54,46.660000,PM10,1938
18.709999,39.630001,9.350000,15.390000,0.790000,66.360001,-3.630000,-1.950000,301.220001,70.900002,100415.718750,23.58,116.69,39.630001,PM10,1939
16.150000,33.000000,8.480000,14.250000,0.610000,63.820000,-3.870000,-2.250000,300.799988,73.639999,100340.437500,23.56,116.83,33.000000,PM10,1940
14.400000,29.330000,8.550000,13.580000,0.500000,60.849998,-4.810000,-2.580000,300.529999,75.510002,100122.492188,23.55,116.98,29.330000,PM10,1941
11.240000,18.459999,2.430000,7.750000,0.320000,44.750000,-3.760000,-0.810000,301.179993,69.529999,97466.617188,24.09,112.01,18.459999,PM10,2044
10.360000,17.230000,2.360000,8.290000,0.310000,46.000000,-3.260000,-0.530000,302.559998,65.279999,99111.421875,24.08,112.16,17.230000,PM10,2045
10.120000,16.360001,2.270000,8.130000,0.280000,46.810001,-4.450000,-0.450000,301.540009,66.910004,97389.117188,24.07,112.3,16.360001,PM10,2046
11.430000,17.590000,2.330000,8.280000,0.280000,48.430000,-5.210000,-0.400000,299.279999,74.129997,94775.523438,24.06,112.45,17.590000,PM10,2047
13.800000,20.820000,2.420000,9.450000,0.310000,47.169998,-4.120000,-0.410000,298.920013,77.610001,95038.476562,24.05,112.6,20.820000,PM10,2048
14.200000,22.209999,2.770000,10.440000,0.340000,48.880001,-2.470000,-0.690000,300.730011,73.489998,97830.976562,24.04,112.75,22.209999,PM10,2049
13.890000,21.850000,2.940000,10.350000,0.340000,50.740002,-2.360000,-1.170000,301.640015,71.099998,99127.093750,24.03,112.89,21.850000,PM10,2050
13.850000,21.549999,3.060000,10.070000,0.340000,51.580002,-3.120000,-1.410000,301.179993,71.349998,98127.343750,24.02,113.04,21.549999,PM10,2051
14.610000,22.490000,3.370000,10.430000,0.360000,52.000000,-3.200000,-1.380000,300.750000,72.089996,97519.007812,24.01,113.19,22.490000,PM10,2052
14.890000,22.990000,3.580000,10.660000,0.380000,51.610001,-3.060000,-1.350000,300.809998,70.989998,97502.171875,24.0,113.33,22.990000,PM10,2053
14.790000,22.790001,3.480000,10.210000,0.380000,50.560001,-3.230000,-1.340000,300.829987,69.209999,97255.046875,23.99,113.48,22.790001,PM10,2054
14.550000,22.389999,3.430000,9.600000,0.380000,50.080002,-3.400000,-0.840000,301.059998,67.629997,97344.617188,23.98,113.63,22.389999,PM10,2055
14.250000,21.690001,3.310000,8.600000,0.360000,49.860001,-3.830000,-0.170000,301.130005,66.730003,97105.421875,23.97,113.77,21.690001,PM10,2056
14.860000,22.490000,3.460000,8.360000,0.360000,49.279999,-4.540000,0.160000,300.329987,68.599998,95906.007812,23.96,113.92,22.490000,PM10,2057
16.139999,24.330000,3.610000,8.440000,0.380000,48.110001,-4.360000,-0.500000,299.670013,71.660004,95418.570312,23.95,114.07,24.330000,PM10,2058
16.850000,25.600000,3.860000,8.150000,0.390000,48.490002,-3.650000,-1.170000,299.769989,72.230003,95861.101562,23.93,114.21,25.600000,PM10,2059
17.660000,27.280001,4.230000,8.410000,0.420000,48.840000,-3.050000,-1.240000,299.989990,72.320000,96374.421875,23.92,114.36,27.280001,PM10,2060
17.820000,28.520000,4.800000,9.190000,0.470000,49.340000,-2.480000,-1.370000,301.000000,69.970001,97968.757812,23.91,114.51,28.520000,PM10,2061
18.110001,29.950001,5.110000,9.870000,0.510000,50.040001,-2.290000,-1.660000,301.559998,68.449997,98829.562500,23.9,114.65,29.950001,PM10,2062
18.389999,30.780001,5.000000,10.000000,0.540000,50.860001,-2.260000,-1.480000,301.290009,68.889999,98358.929688,23.89,114.8,30.780001,PM10,2063
17.309999,29.690001,5.090000,9.900000,0.550000,51.830002,-2.330000,-1.040000,301.579987,66.959999,98537.539062,23.87,114.95,29.690001,PM10,2064
16.180000,28.610001,5.100000,9.780000,0.550000,52.299999,-2.960000,-0.600000,301.670013,64.989998,98233.640625,23.86,115.09,28.610001,PM10,2065
16.410000,29.160000,5.160000,9.800000,0.570000,52.730000,-3.880000,-0.350000,300.369995,66.959999,96139.546875,23.85,115.24,29.160000,PM10,2066
17.690001,31.620001,5.380000,10.530000,0.630000,52.430000,-3.680000,-0.410000,299.230011,70.550003,94854.679688,23.83,115.39,31.620001,PM10,2067
18.410000,34.410000,6.330000,11.890000,0.730000,53.869999,-2.320000,-0.630000,300.170013,69.199997,96559.929688,23.82,115.53,34.410000,PM10,2068
16.680000,32.880001,6.970000,12.610000,0.760000,55.639999,-2.670000,-0.840000,301.290009,65.099998,97962.953125,23.81,115.68,32.880001,PM10,2069
16.790001,33.400002,7.340000,12.990000,0.780000,57.660000,-3.970000,-0.340000,299.839996,67.900002,95729.953125,23.79,115.83,33.400002,PM10,2070
19.580000,38.980000,8.170000,14.410000,0.850000,58.889999,-3.400000,0.020000,298.549988,74.889999,94626.976562,23.78,115.97,38.980000,PM10,2071
21.100000,44.439999,9.880000,16.790001,0.950000,59.529999,-2.890000,-0.780000,299.750000,73.459999,96662.796875,23.77,116.12,44.439999,PM10,2072
21.820000,47.799999,11.700000,18.200001,1.030000,61.840000,-3.090000,-1.630000,299.730011,72.400002,96763.531250,23.75,116.26,47.799999,PM10,2073
21.670000,47.660000,11.220000,17.330000,1.010000,64.279999,-3.150000,-1.250000,299.929993,71.919998,97231.070312,23.74,116.41,47.660000,PM10,2074
20.190001,44.450001,9.710000,15.810000,0.940000,65.669998,-3.540000,-1.540000,301.130005,67.610001,98998.648438,23.72,116.56,44.450001,PM10,2075
17.910000,37.880001,8.230000,14.470000,0.780000,65.949997,-3.600000,-2.480000,300.959991,68.919998,99312.968750,23.71,116.7,37.880001,PM10,2076
16.299999,33.459999,7.800000,13.980000,0.650000,64.730003,-3.420000,-2.280000,300.720001,71.639999,99735.890625,23.69,116.85,33.459999,PM10,2077
14.890000,30.540001,8.050000,13.610000,0.550000,61.299999,-4.050000,-2.130000,300.670013,72.559998,99931.093750,23.68,116.99,30.540001,PM10,2078
11.700000,18.559999,2.370000,7.200000,0.310000,44.709999,-4.400000,0.090000,299.339996,74.050003,94804.960938,24.22,112.02,18.559999,PM10,2185
10.830000,17.559999,2.310000,7.880000,0.310000,45.540001,-3.990000,-0.810000,300.940002,69.250000,96784.359375,24.21,112.17,17.559999,PM10,2186
11.510000,17.969999,2.270000,7.980000,0.290000,46.549999,-4.410000,-1.200000,299.760010,73.540001,95450.500000,24.2,112.31,17.969999,PM10,2187
13.250000,20.150000,2.370000,8.590000,0.310000,47.310001,-4.160000,-0.310000,298.880005,77.519997,94781.296875,24.19,112.46,20.150000,PM10,2188
14.070000,21.510000,2.540000,9.520000,0.330000,48.119999,-3.180000,0.350000,299.579987,76.360001,95992.906250,24.19,112.61,21.510000,PM10,2189
14.570000,22.850000,2.820000,10.340000,0.360000,49.720001,-2.310000,-0.130000,300.600006,74.269997,97654.250000,24.18,112.76,22.850000,PM10,2190
14.320000,22.650000,2.970000,10.340000,0.370000,51.000000,-2.270000,-0.830000,301.380005,72.029999,98780.406250,24.17,112.9,22.650000,PM10,2191
14.090000,22.230000,3.150000,10.330000,0.370000,51.750000,-2.660000,-0.910000,301.529999,71.360001,98938.859375,24.16,113.05,22.230000,PM10,2192
14.890000,23.379999,3.630000,11.220000,0.410000,52.160000,-2.670000,-1.150000,301.519989,71.279999,98901.257812,24.15,113.2,23.379999,PM10,2193
15.670000,24.580000,3.860000,11.600000,0.430000,52.060001,-2.510000,-1.210000,301.399994,71.150002,98636.476562,24.13,113.34,24.580000,PM10,2194
15.980000,24.870001,3.510000,10.830000,0.440000,50.740002,-2.590000,-1.090000,301.149994,70.379997,98062.781250,24.12,113.49,24.870001,PM10,2195
15.550000,24.400000,3.250000,9.950000,0.440000,49.680000,-2.800000,-1.200000,301.660004,67.239998,98412.757812,24.11,113.64,24.400000,PM10,2196
15.200000,23.840000,3.390000,9.400000,0.430000,49.360001,-3.170000,-1.100000,301.980011,64.870003,98328.406250,24.1,113.79,23.840000,PM10,2197
15.930000,24.410000,3.590000,8.840000,0.410000,49.730000,-4.040000,-0.310000,300.769989,67.300003,96291.156250,24.09,113.93,24.410000,PM10,2198
17.360001,26.190001,3.820000,8.570000,0.420000,49.439999,-4.290000,-0.240000,299.559998,71.529999,95004.343750,24.08,114.08,26.190001,PM10,2199
18.180000,27.809999,4.110000,8.570000,0.430000,50.020000,-3.390000,-1.010000,299.980011,71.879997,96091.062500,24.07,114.23,27.809999,PM10,2200
18.629999,29.240000,4.530000,9.090000,0.470000,50.150002,-2.760000,-1.290000,300.630005,70.400002,97098.539062,24.06,114.37,29.240000,PM10,2201
18.480000,29.700001,5.130000,9.730000,0.500000,51.279999,-2.720000,-1.300000,301.010010,68.959999,97358.796875,24.04,114.52,29.700001,PM10,2202
19.129999,31.770000,5.430000,10.430000,0.550000,51.639999,-2.490000,-1.860000,301.410004,68.080002,98134.937500,24.03,114.67,31.770000,PM10,2203
20.549999,34.660000,5.490000,11.020000,0.610000,51.730000,-2.210000,-1.990000,301.390015,68.830002,98422.687500,24.02,114.81,34.660000,PM10,2204
19.490000,33.270000,5.520000,10.770000,0.600000,53.130001,-2.310000,-1.830000,301.320007,68.269997,97977.906250,24.01,114.96,33.270000,PM10,2205
18.370001,32.009998,5.540000,10.700000,0.600000,53.980000,-2.650000,-1.670000,301.429993,67.000000,97977.203125,23.99,115.11,32.009998,PM10,2206
18.379999,32.560001,5.820000,11.310000,0.640000,54.240002,-3.110000,-1.100000,300.799988,67.489998,96930.421875,23.98,115.25,32.560001,PM10,2207
17.740000,31.870001,5.880000,11.130000,0.660000,55.009998,-2.780000,-0.240000,300.200012,68.480003,96017.148438,23.97,115.4,31.870001,PM10,2208
18.500000,34.590000,6.270000,11.980000,0.740000,54.820000,-1.860000,0.000000,301.029999,66.889999,97417.281250,23.96,115.55,34.590000,PM10,2209
16.730000,32.959999,7.040000,12.890000,0.770000,55.820000,-1.910000,-0.620000,301.929993,64.290001,98709.812500,23.94,115.69,32.959999,PM10,2210
15.860000,32.060001,7.380000,13.360000,0.790000,57.439999,-2.730000,-0.180000,301.750000,64.209999,98487.531250,23.93,115.84,32.060001,PM10,2211
15.940000,32.259998,7.700000,13.420000,0.770000,60.340000,-3.060000,0.370000,300.480011,68.339996,96855.953125,23.91,115.99,32.259998,PM10,2212
17.629999,35.680000,7.880000,14.080000,0.790000,60.380001,-3.110000,-0.240000,299.079987,73.949997,95412.843750,23.9,116.13,35.680000,PM10,2213
18.510000,37.669998,7.470000,13.770000,0.810000,61.459999,-2.620000,-0.780000,299.190002,73.839996,96073.992188,23.89,116.28,37.669998,PM10,2214
17.250000,35.759998,6.830000,12.910000,0.770000,63.669998,-2.710000,-0.840000,300.010010,70.550003,97114.273438,23.87,116.43,35.759998,PM10,2215
16.690001,34.290001,6.140000,12.090000,0.720000,64.500000,-3.800000,-1.940000,299.529999,69.620003,96129.843750,23.86,116.57,34.290001,PM10,2216
16.900000,33.830002,6.090000,12.170000,0.670000,64.959999,-3.310000,-2.690000,299.130005,72.209999,96295.671875,23.84,116.72,33.830002,PM10,2217
15.460000,31.400000,6.470000,12.370000,0.610000,65.019997,-2.580000,-2.100000,300.459991,70.209999,98845.140625,23.83,116.86,31.400000,PM10,2218
14.250000,29.629999,6.810000,12.390000,0.550000,62.759998,-3.820000,-2.480000,300.679993,69.379997,99115.601562,23.81,117.01,29.629999,PM10,2219
11.230000,17.410000,2.290000,7.380000,0.290000,46.369999,-4.420000,-0.040000,298.619995,75.330002,93522.203125,24.35,112.18,17.410000,PM10,2329
12.460000,19.020000,2.340000,8.030000,0.300000,47.400002,-3.470000,-0.510000,298.369995,78.489998,93860.718750,24.34,112.32,19.020000,PM10,2330
13.710000,21.370001,2.600000,9.240000,0.340000,48.700001,-2.220000,0.010000,299.500000,77.089996,95916.640625,24.33,112.47,21.370001,PM10,2331
14.390000,22.860001,2.770000,10.080000,0.370000,49.709999,-2.030000,0.310000,300.519989,74.809998,97566.093750,24.32,112.62,22.860001,PM10,2332
14.430000,22.629999,2.750000,9.740000,0.370000,50.509998,-2.390000,0.050000,300.609985,73.980003,97430.453125,24.31,112.77,22.629999,PM10,2333
14.080000,22.440001,2.920000,10.050000,0.390000,51.150002,-2.520000,-0.340000,301.350006,71.070000,98354.539062,24.3,112.91,22.440001,PM10,2334
13.590000,22.049999,3.160000,10.520000,0.410000,51.610001,-2.810000,-0.680000,302.149994,68.330002,99260.273438,24.29,113.06,22.049999,PM10,2335
14.250000,23.100000,3.580000,11.550000,0.440000,51.700001,-2.850000,-1.590000,302.079987,68.519997,99188.007812,24.28,113.21,23.100000,PM10,2336
15.530000,24.840000,3.830000,12.150000,0.480000,52.049999,-2.190000,-1.870000,302.010010,69.739998,99446.656250,24.27,113.36,24.840000,PM10,2337
15.940000,25.330000,3.670000,11.600000,0.490000,51.610001,-2.150000,-1.340000,301.839996,69.370003,98936.703125,24.26,113.5,25.330000,PM10,2338
15.960000,25.230000,3.320000,10.380000,0.490000,49.959999,-2.840000,-1.330000,301.769989,67.309998,98333.796875,24.25,113.65,25.230000,PM10,2339
15.970000,25.200001,3.430000,9.700000,0.480000,49.169998,-3.030000,-1.600000,301.980011,65.800003,98621.609375,24.24,113.8,25.200001,PM10,2340
16.139999,25.250000,3.690000,9.190000,0.460000,49.540001,-3.380000,-1.090000,301.720001,65.680000,97872.687500,24.23,113.95,25.250000,PM10,2341
16.670000,25.500000,3.940000,8.470000,0.430000,50.599998,-4.030000,-0.400000,300.420013,68.620003,95870.539062,24.21,114.09,25.500000,PM10,2342
17.620001,27.000000,4.220000,8.470000,0.440000,51.680000,-3.880000,-0.740000,299.869995,70.849998,95315.359375,24.2,114.24,27.000000,PM10,2343
18.870001,29.400000,4.530000,9.200000,0.480000,50.669998,-3.060000,-1.740000,300.549988,69.870003,96651.718750,24.19,114.39,29.400000,PM10,2344
19.600000,31.030001,5.130000,10.010000,0.520000,51.459999,-2.680000,-1.560000,300.799988,69.360001,97012.632812,24.18,114.53,31.030001,PM10,2345
20.770000,33.849998,5.530000,10.890000,0.580000,52.209999,-2.440000,-1.550000,300.850006,69.580002,97179.421875,24.17,114.68,33.849998,PM10,2346
21.840000,36.720001,5.840000,11.800000,0.640000,52.770000,-1.970000,-1.920000,301.399994,69.139999,98323.906250,24.15,114.83,36.720001,PM10,2347
21.280001,36.049999,5.880000,11.620000,0.640000,53.799999,-2.130000,-2.090000,301.019989,69.879997,97661.929688,24.14,114.97,36.049999,PM10,2348
21.000000,36.080002,5.970000,11.830000,0.660000,54.480000,-2.180000,-2.020000,300.459991,71.059998,96760.218750,24.13,115.12,36.080002,PM10,2349
21.340000,37.799999,6.670000,13.460000,0.740000,54.549999,-2.020000,-1.520000,300.869995,69.949997,97447.218750,24.12,115.27,37.799999,PM10,2350
20.690001,37.959999,6.770000,13.870000,0.810000,54.919998,-1.800000,-0.730000,301.350006,67.839996,97956.593750,24.1,115.41,37.959999,PM10,2351
20.260000,38.720001,6.700000,13.900000,0.870000,54.810001,-1.620000,-0.360000,301.839996,65.800003,98477.117188,24.09,115.56,38.720001,PM10,2352
17.620001,35.220001,7.030000,14.270000,0.850000,55.799999,-1.810000,-0.530000,302.220001,64.269997,98934.921875,24.08,115.71,35.220001,PM10,2353
16.010000,32.779999,7.080000,14.180000,0.830000,56.529999,-2.500000,-0.500000,302.339996,63.439999,99249.421875,24.06,115.86,32.779999,PM10,2354
15.380000,31.580000,7.080000,13.850000,0.790000,58.040001,-3.210000,-0.290000,301.339996,65.370003,97834.890625,24.05,116.0,31.580000,PM10,2355
15.940000,32.180000,7.010000,13.350000,0.750000,60.099998,-3.000000,0.040000,299.399994,71.589996,95503.117188,24.03,116.15,32.180000,PM10,2356
17.080000,34.349998,6.360000,12.730000,0.760000,60.930000,-2.240000,-0.220000,299.660004,72.730003,96585.617188,24.02,116.29,34.349998,PM10,2357
15.690000,32.380001,5.670000,11.830000,0.730000,62.740002,-2.860000,-0.920000,300.239990,68.589996,97023.406250,24.01,116.44,32.380001,PM10,2358
16.480000,33.209999,5.230000,11.310000,0.700000,63.419998,-3.830000,-1.580000,298.350006,72.129997,94320.257812,23.99,116.59,33.209999,PM10,2359
16.840000,33.009998,5.240000,11.150000,0.640000,63.770000,-2.650000,-1.430000,298.220001,74.139999,94805.859375,23.98,116.73,33.009998,PM10,2360
14.840000,29.920000,5.510000,10.920000,0.570000,64.349998,-2.270000,-1.760000,300.079987,69.540001,97790.640625,23.96,116.88,29.920000,PM10,2361
9.690000,15.560000,2.630000,6.510000,0.280000,48.020000,-4.990000,1.380000,299.470001,70.430000,93883.726562,24.49,112.04,15.560000,PM10,2473
11.800000,18.299999,2.570000,7.480000,0.310000,48.080002,-4.430000,0.570000,297.470001,78.970001,92017.976562,24.48,112.19,18.299999,PM10,2474
12.780000,20.260000,2.680000,8.640000,0.340000,49.220001,-2.310000,0.320000,298.750000,78.080002,94460.718750,24.47,112.33,20.260000,PM10,2475
13.750000,22.309999,2.900000,9.760000,0.380000,50.189999,-1.360000,0.290000,300.170013,75.290001,96877.273438,24.46,112.48,22.309999,PM10,2476
13.890000,22.719999,2.800000,9.830000,0.390000,49.660000,-2.150000,0.340000,300.540009,73.150002,97044.507812,24.45,112.63,22.719999,PM10,2477
12.880000,20.879999,2.570000,9.050000,0.370000,49.680000,-3.110000,0.070000,300.910004,70.230003,97013.523438,24.44,112.78,20.879999,PM10,2478
12.850000,21.020000,2.750000,9.550000,0.400000,50.270000,-3.310000,-0.440000,301.350006,67.930000,97246.406250,24.43,112.93,21.020000,PM10,2479
13.690000,22.320000,3.000000,10.290000,0.430000,50.720001,-3.450000,-0.940000,300.880005,68.620003,96359.703125,24.42,113.07,22.320000,PM10,2480
14.940000,24.170000,3.350000,11.480000,0.480000,51.779999,-3.050000,-1.730000,300.459991,70.730003,96089.492188,24.41,113.22,24.170000,PM10,2481
15.940000,25.590000,3.640000,12.460000,0.530000,51.549999,-2.100000,-2.230000,301.399994,70.470001,98210.203125,24.4,113.37,25.590000,PM10,2482
16.600000,26.190001,4.010000,12.690000,0.550000,52.049999,-2.060000,-1.740000,301.540009,70.389999,98465.406250,24.39,113.52,26.190001,PM10,2483
16.750000,26.170000,3.580000,10.850000,0.540000,50.830002,-2.690000,-1.250000,300.989990,69.589996,97094.273438,24.38,113.66,26.170000,PM10,2484
16.570000,26.010000,3.480000,9.640000,0.520000,50.150002,-2.880000,-1.220000,301.350006,67.400002,97605.757812,24.37,113.81,26.010000,PM10,2485
16.570000,26.030001,3.770000,9.410000,0.510000,50.139999,-2.840000,-1.450000,301.850006,65.389999,98231.796875,24.36,113.96,26.030001,PM10,2486
16.389999,25.549999,4.010000,8.890000,0.480000,50.830002,-3.370000,-1.060000,301.600006,64.879997,97401.007812,24.35,114.1,25.549999,PM10,2487
16.950001,25.770000,4.210000,8.270000,0.450000,52.700001,-4.020000,-0.810000,300.000000,68.629997,94977.593750,24.34,114.25,25.770000,PM10,2488
19.340000,29.270000,4.410000,9.220000,0.490000,51.220001,-3.470000,-1.680000,299.250000,72.610001,94477.531250,24.32,114.4,29.270000,PM10,2489
19.920000,30.600000,4.940000,10.020000,0.520000,52.270000,-2.480000,-1.980000,300.059998,71.080002,95842.226562,24.31,114.55,30.600000,PM10,2490
20.969999,32.840000,5.360000,10.890000,0.570000,53.660000,-2.120000,-1.670000,300.309998,70.919998,96194.031250,24.3,114.69,32.840000,PM10,2491
21.780001,35.200001,5.790000,11.870000,0.630000,54.639999,-1.780000,-1.710000,301.040009,70.019997,97435.296875,24.29,114.84,35.200001,PM10,2492
21.450001,35.380001,5.950000,11.980000,0.640000,55.450001,-1.550000,-1.950000,301.399994,69.949997,98324.406250,24.28,114.99,35.380001,PM10,2493
21.559999,36.450001,6.200000,12.460000,0.670000,55.389999,-1.430000,-1.790000,301.109985,70.860001,97981.281250,24.26,115.14,36.450001,PM10,2494
21.020000,37.110001,6.880000,13.640000,0.740000,55.490002,-1.440000,-1.690000,301.369995,69.769997,98062.007812,24.25,115.28,37.110001,PM10,2495
20.080000,36.900002,6.880000,13.990000,0.800000,55.090000,-1.570000,-1.400000,301.700012,68.230003,98305.859375,24.24,115.43,36.900002,PM10,2496
19.290001,36.930000,6.700000,14.070000,0.850000,54.759998,-1.830000,-1.040000,302.119995,65.730003,98635.062500,24.22,115.58,36.930000,PM10,2497
18.120001,35.639999,6.680000,14.690000,0.880000,54.759998,-2.030000,-0.830000,302.040009,64.830002,98530.093750,24.21,115.72,35.639999,PM10,2498
16.379999,32.869999,6.860000,14.510000,0.820000,56.029999,-2.320000,-0.740000,301.790009,65.080002,98234.250000,24.2,115.87,32.869999,PM10,2499
15.710000,31.750000,6.870000,14.270000,0.790000,56.919998,-2.800000,-0.700000,301.429993,65.820000,98058.257812,24.18,116.02,31.750000,PM10,2500
15.190000,30.590000,6.700000,13.470000,0.740000,58.860001,-2.790000,-0.000000,300.369995,68.480003,96541.968750,24.17,116.16,30.590000,PM10,2501
16.330000,32.639999,6.190000,12.590000,0.720000,60.389999,-2.380000,-0.080000,299.429993,72.769997,95813.351562,24.15,116.31,32.639999,PM10,2502
16.580000,33.570000,5.520000,12.030000,0.730000,61.689999,-2.440000,-0.510000,299.750000,71.459999,96426.976562,24.14,116.46,33.570000,PM10,2503
16.940001,34.209999,5.210000,11.730000,0.720000,62.990002,-2.660000,-0.230000,299.450012,71.269997,96003.406250,24.13,116.6,34.209999,PM10,2504
15.920000,31.809999,5.110000,11.200000,0.630000,62.570000,-2.460000,-0.040000,299.420013,70.849998,96275.273438,24.11,116.75,31.809999,PM10,2505
14.540000,29.410000,5.100000,10.850000,0.550000,62.919998,-3.360000,-1.750000,299.609985,69.089996,96561.828125,24.1,116.9,29.410000,PM10,2506
10.140000,16.820000,3.450000,7.090000,0.320000,48.750000,-4.430000,0.410000,299.880005,69.559998,94454.289062,24.63,112.05,16.820000,PM10,2618
12.370000,19.969999,3.520000,8.310000,0.360000,49.590000,-3.840000,0.750000,298.059998,77.669998,92862.070312,24.62,112.2,19.969999,PM10,2619
13.660000,22.790001,3.740000,9.950000,0.410000,51.730000,-1.710000,0.470000,299.459991,76.620003,95505.093750,24.61,112.34,22.790001,PM10,2620
13.640000,22.730000,3.740000,10.140000,0.420000,53.650002,-1.190000,0.310000,300.209991,74.900002,96717.132812,24.6,112.49,22.730000,PM10,2621
12.490000,20.540001,3.210000,9.260000,0.400000,50.639999,-2.250000,0.680000,300.109985,72.029999,95674.078125,24.59,112.64,20.540001,PM10,2622
12.050000,19.320000,2.780000,8.500000,0.390000,49.740002,-3.580000,0.480000,299.940002,70.000000,94829.890625,24.58,112.79,19.320000,PM10,2623
13.290000,21.150000,2.860000,9.370000,0.440000,49.110001,-3.970000,-0.630000,299.489990,71.190002,94293.960938,24.57,112.94,21.150000,PM10,2624
14.620000,22.980000,3.090000,10.330000,0.480000,49.340000,-3.580000,-1.180000,298.839996,73.800003,93627.656250,24.56,113.08,22.980000,PM10,2625
15.830000,24.620001,3.500000,11.590000,0.530000,50.450001,-2.640000,-1.120000,298.809998,75.209999,93920.656250,24.55,113.23,24.620001,PM10,2626
16.330000,25.540001,4.190000,13.430000,0.590000,51.150002,-1.600000,-1.610000,300.630005,72.290001,96992.156250,24.54,113.38,25.540001,PM10,2627
16.840000,26.580000,5.400000,15.640000,0.650000,51.209999,-1.750000,-1.670000,301.570007,70.430000,98571.406250,24.53,113.53,26.580000,PM10,2628
17.090000,26.629999,4.410000,12.630000,0.630000,50.930000,-2.490000,-1.190000,300.959991,70.089996,97145.187500,24.52,113.67,26.629999,PM10,2629
16.520000,25.520000,3.700000,9.410000,0.570000,52.430000,-2.800000,-0.950000,300.700012,68.980003,96389.226562,24.5,113.82,25.520000,PM10,2630
16.740000,25.930000,3.960000,9.160000,0.570000,52.410000,-2.880000,-1.130000,301.079987,66.889999,96820.156250,24.49,113.97,25.930000,PM10,2631
16.930000,26.280001,4.150000,8.950000,0.560000,51.529999,-3.360000,-1.360000,301.369995,65.290001,97172.429688,24.48,114.12,26.280001,PM10,2632
17.570000,26.719999,4.330000,8.550000,0.530000,52.169998,-4.060000,-1.040000,300.059998,68.150002,95126.992188,24.47,114.27,26.719999,PM10,2633
19.709999,29.510000,4.620000,9.160000,0.550000,52.480000,-3.520000,-1.190000,298.700012,73.320000,93604.617188,24.46,114.41,29.510000,PM10,2634
20.750000,31.230000,5.060000,10.050000,0.590000,53.200001,-2.490000,-1.790000,299.119995,74.080002,94520.390625,24.45,114.56,31.230000,PM10,2635
21.250000,32.340000,5.350000,10.890000,0.610000,54.560001,-2.090000,-1.890000,299.470001,72.809998,94862.328125,24.43,114.71,32.340000,PM10,2636
20.930000,32.369999,5.690000,11.400000,0.620000,56.779999,-1.730000,-1.760000,300.119995,71.260002,95650.937500,24.42,114.85,32.369999,PM10,2637
20.490000,32.730000,5.870000,11.780000,0.640000,57.810001,-1.340000,-1.920000,301.190002,69.650002,97419.070312,24.41,115.0,32.730000,PM10,2638
21.240000,35.189999,6.080000,12.450000,0.690000,56.759998,-1.270000,-1.750000,301.679993,69.750000,98629.882812,24.4,115.15,35.189999,PM10,2639
20.709999,35.480000,6.190000,12.590000,0.730000,55.919998,-1.510000,-1.730000,301.660004,69.449997,98426.921875,24.38,115.3,35.480000,PM10,2640
19.520000,34.599998,6.240000,12.900000,0.760000,54.570000,-1.700000,-1.700000,301.470001,68.919998,97845.273438,24.37,115.44,34.599998,PM10,2641
18.129999,33.320000,6.470000,13.320000,0.770000,53.799999,-2.070000,-1.690000,301.799988,66.639999,98018.367188,24.36,115.59,33.320000,PM10,2642
17.219999,32.630001,6.320000,13.570000,0.800000,53.730000,-2.190000,-1.490000,301.619995,66.199997,97767.539062,24.34,115.74,32.630001,PM10,2643
16.950001,32.869999,7.060000,14.950000,0.810000,54.830002,-1.930000,-1.010000,301.200012,66.919998,97329.460938,24.33,115.89,32.869999,PM10,2644
17.000000,33.759998,8.220000,17.030001,0.830000,54.689999,-2.030000,-0.730000,301.399994,66.690002,98069.343750,24.32,116.03,33.759998,PM10,2645
15.940000,31.969999,7.450000,15.610000,0.770000,55.560001,-2.490000,-0.190000,301.369995,66.330002,97984.882812,24.3,116.18,31.969999,PM10,2646
16.190001,32.360001,6.580000,14.010000,0.720000,57.080002,-2.380000,0.240000,300.480011,69.519997,96910.117188,24.29,116.33,32.360001,PM10,2647
16.719999,33.639999,5.820000,12.860000,0.720000,58.990002,-1.820000,0.150000,300.540009,70.050003,97369.398438,24.27,116.47,33.639999,PM10,2648
16.379999,33.310001,5.280000,11.960000,0.710000,61.299999,-1.600000,0.400000,300.809998,68.889999,97913.843750,24.26,116.62,33.310001,PM10,2649
14.270000,29.379999,4.930000,11.030000,0.590000,60.900002,-2.490000,0.020000,300.609985,66.900002,97502.101562,24.24,116.77,29.379999,PM10,2650
13.730000,28.160000,4.810000,10.730000,0.520000,61.470001,-4.310000,-2.120000,299.549988,67.110001,95849.320312,24.23,116.91,28.160000,PM10,2651
11.710000,18.910000,4.220000,7.450000,0.340000,48.740002,-3.920000,0.020000,298.720001,74.139999,93374.429688,24.76,112.06,18.910000,PM10,2763
12.920000,21.440001,4.590000,9.000000,0.400000,50.509998,-2.830000,0.590000,298.859985,75.910004,94052.992188,24.75,112.21,21.440001,PM10,2764
13.860000,23.889999,4.810000,10.530000,0.470000,53.240002,-1.390000,0.480000,300.350006,74.199997,96748.117188,24.74,112.36,23.889999,PM10,2765
13.590000,23.200001,4.650000,10.590000,0.480000,55.770000,-1.330000,0.400000,300.309998,73.809998,96638.757812,24.73,112.5,23.200001,PM10,2766
12.270000,20.400000,3.800000,9.070000,0.440000,53.000000,-2.370000,0.740000,299.679993,71.900002,94683.390625,24.72,112.65,20.400000,PM10,2767
12.210000,19.459999,3.080000,8.070000,0.430000,51.240002,-3.690000,0.940000,298.549988,72.239998,92561.929688,24.71,112.8,19.459999,PM10,2768
13.750000,21.410000,3.170000,8.930000,0.470000,51.049999,-4.090000,0.070000,297.399994,76.059998,91218.601562,24.7,112.95,21.410000,PM10,2769
14.920000,23.360001,3.320000,10.250000,0.540000,49.950001,-2.850000,-0.630000,297.989990,76.489998,92669.039062,24.69,113.1,23.360001,PM10,2770
15.670000,24.690001,3.950000,12.050000,0.610000,51.060001,-1.580000,-0.670000,299.339996,74.440002,94846.000000,24.68,113.24,24.690001,PM10,2771
16.309999,25.860001,4.880000,14.290000,0.680000,51.360001,-1.090000,-0.910000,300.869995,71.980003,97384.039062,24.67,113.39,25.860001,PM10,2772
17.100000,27.360001,6.990000,17.920000,0.760000,50.400002,-1.410000,-1.300000,301.910004,69.750000,99116.406250,24.66,113.54,27.360001,PM10,2773
17.020000,26.610001,5.070000,13.510000,0.710000,50.810001,-2.420000,-1.020000,301.519989,68.269997,97889.507812,24.65,113.69,26.610001,PM10,2774
17.070000,26.070000,3.790000,9.420000,0.650000,52.200001,-3.040000,-0.870000,300.299988,69.720001,95775.570312,24.64,113.83,26.070000,PM10,2775
17.370001,26.280001,4.100000,8.850000,0.620000,54.029999,-3.040000,-0.820000,299.929993,69.620003,95017.242188,24.63,113.98,26.280001,PM10,2776
18.059999,27.209999,4.350000,8.600000,0.620000,54.029999,-3.180000,-1.130000,299.750000,69.769997,94813.203125,24.62,114.13,27.209999,PM10,2777
19.070000,28.510000,4.620000,8.630000,0.630000,53.160000,-3.480000,-0.680000,299.250000,71.459999,94359.359375,24.6,114.28,28.510000,PM10,2778
21.809999,32.709999,5.820000,11.000000,0.690000,57.849998,-1.790000,-1.480000,299.359985,73.419998,94578.617188,24.56,114.87,32.709999,PM10,2782
21.270000,32.630001,5.930000,11.170000,0.680000,58.669998,-1.160000,-1.650000,300.209991,71.769997,95883.093750,24.54,115.02,32.630001,PM10,2783
20.510000,32.650002,6.110000,11.360000,0.690000,58.630001,-1.070000,-1.740000,301.329987,69.809998,97633.343750,24.53,115.16,32.650002,PM10,2784
19.770000,32.509998,6.090000,11.430000,0.700000,57.419998,-1.450000,-1.850000,301.589996,69.449997,98001.500000,24.52,115.31,32.509998,PM10,2785
18.730000,31.750000,6.020000,11.440000,0.710000,55.470001,-1.660000,-1.860000,301.250000,69.669998,97376.960938,24.5,115.46,31.750000,PM10,2786
18.110001,31.549999,5.980000,11.570000,0.720000,53.259998,-2.140000,-1.990000,300.799988,69.559998,96484.531250,24.49,115.61,31.549999,PM10,2787
17.660000,31.709999,6.000000,12.190000,0.750000,52.520000,-2.060000,-2.000000,300.720001,69.370003,96419.382812,24.48,115.75,31.709999,PM10,2788
17.270000,32.430000,6.960000,14.250000,0.780000,52.360001,-1.410000,-1.490000,301.119995,68.239998,97319.109375,24.46,115.9,32.430000,PM10,2789
16.700001,32.959999,9.000000,18.240000,0.820000,50.990002,-1.590000,-0.900000,301.549988,66.389999,97925.640625,24.45,116.05,32.959999,PM10,2790
15.540000,30.910000,8.060000,17.230000,0.730000,51.240002,-1.970000,-0.820000,301.799988,65.529999,98398.640625,24.44,116.19,30.910000,PM10,2791
14.860000,29.490000,6.980000,15.190000,0.650000,52.700001,-1.880000,-0.340000,301.709991,66.120003,98427.796875,24.42,116.34,29.490000,PM10,2792
15.230000,30.280001,6.120000,13.320000,0.640000,54.779999,-1.570000,-0.370000,301.429993,67.570000,98317.656250,24.41,116.49,30.280001,PM10,2793
14.430000,29.010000,5.290000,11.470000,0.600000,57.630001,-1.150000,-0.280000,301.279999,67.300003,98201.187500,24.39,116.64,29.010000,PM10,2794
12.470000,25.750000,4.820000,10.780000,0.520000,59.020000,-2.600000,-0.670000,300.709991,64.519997,96854.968750,24.38,116.78,25.750000,PM10,2795
13.190000,22.490000,6.050000,9.300000,0.440000,50.889999,-1.820000,0.310000,299.970001,73.550003,95997.078125,24.89,112.22,22.490000,PM10,2909
13.730000,24.840000,6.860000,11.240000,0.540000,54.580002,-1.050000,-0.020000,301.619995,70.050003,98528.937500,24.88,112.37,24.840000,PM10,2910
12.920000,22.990000,6.380000,11.210000,0.540000,54.889999,-1.450000,-0.170000,300.920013,71.099998,97053.609375,24.87,112.51,22.990000,PM10,2911
12.630000,21.559999,5.000000,9.570000,0.520000,53.709999,-2.710000,0.490000,298.980011,72.820000,93431.953125,24.86,112.66,21.559999,PM10,2912
12.740000,20.629999,3.710000,7.910000,0.510000,53.250000,-3.950000,0.950000,297.510010,74.220001,91018.171875,24.85,112.81,20.629999,PM10,2913
14.280000,22.459999,3.680000,8.870000,0.550000,52.380001,-4.070000,0.940000,296.250000,78.480003,89546.437500,24.84,112.96,22.459999,PM10,2914
15.110000,23.959999,3.960000,10.820000,0.620000,52.349998,-2.680000,0.370000,297.339996,77.830002,91528.710938,24.83,113.11,23.959999,PM10,2915
15.850000,26.320000,5.030000,13.300000,0.750000,51.770000,-1.180000,-0.450000,299.500000,73.769997,94925.757812,24.82,113.25,26.320000,PM10,2916
16.270000,27.240000,6.380000,15.200000,0.820000,52.650002,-0.560000,-0.840000,301.179993,71.089996,97691.562500,24.81,113.4,27.240000,PM10,2917
17.389999,28.700001,9.510000,18.469999,0.890000,50.959999,-0.990000,-0.920000,302.119995,69.610001,99428.156250,24.8,113.55,28.700001,PM10,2918
16.850000,26.920000,5.900000,13.420000,0.800000,51.709999,-1.990000,-0.660000,302.119995,66.919998,98837.453125,24.78,113.7,26.920000,PM10,2919
17.090000,26.430000,4.070000,9.790000,0.730000,52.970001,-2.910000,-0.600000,300.820007,67.769997,96433.312500,24.77,113.85,26.430000,PM10,2920
17.910000,27.219999,4.370000,9.110000,0.710000,54.950001,-3.170000,-0.500000,299.549988,69.889999,94399.093750,24.76,114.0,27.219999,PM10,2921
19.440001,29.320000,4.580000,9.170000,0.750000,53.880001,-2.790000,-0.440000,299.170013,71.830002,94182.703125,24.75,114.14,29.320000,PM10,2922
19.430000,29.020000,5.030000,8.840000,0.720000,55.700001,-2.590000,-0.360000,299.470001,71.699997,94738.179688,24.74,114.29,29.020000,PM10,2923
21.830000,33.250000,6.210000,11.010000,0.780000,59.320000,-1.050000,-1.190000,300.480011,71.980003,96492.179688,24.68,115.03,33.250000,PM10,2928
21.070000,32.669998,6.130000,10.810000,0.750000,59.020000,-1.300000,-1.490000,300.829987,71.260002,96874.437500,24.67,115.18,32.669998,PM10,2929
20.639999,32.509998,5.860000,10.520000,0.730000,57.439999,-1.670000,-1.720000,300.500000,71.889999,96262.867188,24.65,115.33,32.509998,PM10,2930
19.600000,31.719999,5.750000,10.190000,0.700000,56.029999,-1.560000,-1.930000,300.609985,72.059998,96641.851562,24.64,115.47,31.719999,PM10,2931
16.889999,30.840000,6.230000,11.810000,0.710000,51.330002,-1.320000,-2.040000,300.989990,69.230003,96953.156250,24.6,115.92,30.840000,PM10,2934
15.500000,29.770000,6.370000,12.360000,0.690000,50.900002,-1.610000,-1.390000,301.510010,66.980003,97429.023438,24.58,116.06,29.770000,PM10,2935
14.900000,28.940001,5.730000,11.560000,0.640000,50.189999,-2.300000,-1.370000,301.350006,66.410004,97270.500000,24.57,116.21,28.940001,PM10,2936
14.410000,28.170000,5.620000,11.350000,0.600000,50.639999,-2.150000,-1.450000,301.359985,66.370003,97547.867188,24.56,116.36,28.170000,PM10,2937
14.210000,27.889999,5.600000,11.320000,0.570000,51.240002,-1.730000,-1.400000,301.380005,66.150002,97755.906250,24.54,116.51,27.889999,PM10,2938
13.460000,26.790001,5.590000,11.060000,0.540000,53.910000,-1.470000,-1.390000,301.339996,64.949997,97793.812500,24.53,116.65,26.790001,PM10,2939
11.980000,20.080000,5.290000,7.500000,0.400000,51.639999,-2.040000,0.190000,300.089996,72.320000,95725.273438,25.02,112.23,20.080000,PM10,3054
13.050000,23.139999,6.450000,9.390000,0.520000,54.660000,-1.530000,-0.400000,300.660004,71.050003,96492.937500,25.01,112.38,23.139999,PM10,3055
13.260000,23.990000,6.870000,10.850000,0.600000,54.610001,-1.220000,-0.720000,300.309998,72.010002,96028.031250,25.0,112.52,23.990000,PM10,3056
12.540000,22.370001,5.660000,9.580000,0.600000,54.430000,-1.940000,0.090000,299.500000,71.269997,94208.203125,24.99,112.67,22.370001,PM10,3057
15.210000,24.930000,4.550000,11.090000,0.700000,53.610001,-3.050000,1.310000,297.209991,77.779999,91140.437500,24.96,113.12,24.930000,PM10,3060
16.770000,28.719999,6.040000,13.970000,0.850000,52.400002,-1.720000,0.470000,298.750000,75.480003,93608.046875,24.95,113.27,28.719999,PM10,3061
16.740000,29.549999,8.180000,15.920000,0.960000,52.939999,-0.580000,-0.730000,301.290009,70.470001,97811.976562,24.94,113.41,29.549999,PM10,3062
17.320000,29.760000,12.990000,18.139999,0.990000,53.139999,-0.750000,-0.990000,302.589996,68.190002,100093.460938,24.93,113.56,29.760000,PM10,3063
16.379999,26.680000,6.840000,12.820000,0.840000,53.349998,-1.720000,-0.910000,302.410004,66.349998,99167.523438,24.92,113.71,26.680000,PM10,3064
16.730000,26.230000,4.310000,10.110000,0.770000,54.820000,-2.370000,-0.510000,301.390015,67.000000,97280.640625,24.91,113.86,26.230000,PM10,3065
18.090000,28.000000,4.600000,10.040000,0.810000,55.139999,-2.400000,-0.490000,300.829987,67.879997,96567.140625,24.9,114.01,28.000000,PM10,3066
19.360001,29.600000,4.870000,10.010000,0.840000,54.790001,-2.300000,-0.420000,300.859985,68.290001,96758.101562,24.89,114.16,29.600000,PM10,3067
19.650000,29.290001,5.140000,9.140000,0.800000,56.840000,-2.390000,-0.600000,299.910004,71.070000,95334.078125,24.87,114.3,29.290001,PM10,3068
18.000000,30.420000,5.840000,10.480000,0.680000,51.939999,-1.850000,-2.050000,300.200012,71.949997,95700.039062,24.75,115.78,30.420000,PM10,3078
17.440001,30.900000,6.250000,11.300000,0.680000,50.419998,-1.630000,-2.180000,300.609985,70.930000,96359.937500,24.73,115.93,30.900000,PM10,3079
15.900000,29.670000,6.510000,11.750000,0.660000,49.919998,-1.500000,-1.960000,301.140015,68.860001,96793.859375,24.72,116.08,29.670000,PM10,3080
15.380000,29.120001,6.050000,11.010000,0.610000,49.130001,-2.050000,-1.690000,300.630005,68.940002,95908.367188,24.7,116.23,29.120001,PM10,3081
14.950000,28.840000,6.060000,10.780000,0.570000,48.849998,-2.310000,-1.710000,300.630005,67.839996,96242.500000,24.69,116.37,28.840000,PM10,3082
12.890000,26.250000,6.100000,11.340000,0.510000,49.570000,-2.600000,-2.140000,300.869995,64.070000,96760.546875,24.66,116.67,26.250000,PM10,3084
12.830000,20.990000,5.200000,6.590000,0.420000,51.900002,-2.370000,1.180000,297.820007,77.459999,92092.703125,25.15,112.24,20.990000,PM10,3199
14.670000,25.700001,5.940000,11.410000,0.770000,56.549999,-2.540000,1.400000,298.450012,75.519997,92859.601562,25.1,113.13,25.700001,PM10,3205
17.680000,31.809999,8.020000,14.410000,0.970000,54.639999,-1.920000,0.830000,298.910004,76.150002,93963.171875,25.09,113.28,31.809999,PM10,3206
17.250000,32.290001,11.290000,15.870000,1.060000,55.209999,-1.240000,-0.490000,301.190002,69.980003,97453.960938,25.08,113.43,32.290001,PM10,3207
16.629999,29.250000,15.070000,16.780001,0.950000,54.610001,-1.350000,-1.030000,302.269989,67.239998,98859.117188,25.06,113.57,29.250000,PM10,3208
16.389999,26.969999,7.200000,12.280000,0.860000,54.279999,-1.670000,-1.470000,301.959991,67.919998,98490.890625,25.05,113.72,26.969999,PM10,3209
16.690001,26.540001,4.570000,10.340000,0.840000,55.619999,-2.200000,-0.720000,301.399994,67.489998,97187.171875,25.04,113.87,26.540001,PM10,3210
18.480000,29.100000,4.630000,10.500000,0.910000,55.299999,-2.500000,-1.020000,301.029999,67.650002,96645.898438,25.03,114.02,29.100000,PM10,3211
20.150000,31.230000,5.110000,10.880000,0.970000,55.369999,-2.090000,-1.100000,301.070007,68.690002,97180.343750,25.02,114.17,31.230000,PM10,3212
21.350000,32.180000,5.550000,10.440000,0.970000,56.680000,-1.840000,-0.730000,300.109985,71.849998,95936.906250,25.01,114.32,32.180000,PM10,3213
17.219999,29.530001,6.350000,10.530000,0.610000,50.000000,-1.640000,-2.020000,300.570007,71.239998,96181.992188,24.87,115.95,29.530001,PM10,3224
16.420000,29.540001,7.100000,11.420000,0.590000,49.029999,-1.720000,-2.360000,300.820007,70.209999,96325.703125,24.85,116.09,29.540001,PM10,3225
14.170000,26.770000,8.650000,12.570000,0.870000,57.820000,-2.060000,0.990000,300.339996,71.050003,95807.523438,25.23,113.14,26.770000,PM10,3349
16.680000,31.680000,10.080000,14.260000,1.020000,56.470001,-2.310000,0.810000,299.559998,74.080002,94930.882812,25.22,113.29,31.680000,PM10,3350
16.990000,31.879999,12.820000,15.100000,1.040000,55.650002,-2.180000,0.040000,299.190002,73.720001,93955.023438,25.21,113.44,31.879999,PM10,3351
16.530001,29.049999,17.219999,15.870000,0.920000,54.259998,-1.730000,-0.550000,299.920013,71.470001,94709.648438,25.2,113.59,29.049999,PM10,3352
15.600000,25.879999,7.040000,11.330000,0.850000,55.240002,-1.380000,-1.320000,301.720001,67.570000,97850.156250,25.19,113.74,25.879999,PM10,3353
16.230000,25.930000,4.600000,9.930000,0.850000,56.439999,-2.110000,-1.020000,301.390015,67.690002,96981.273438,25.18,113.88,25.930000,PM10,3354
19.059999,29.840000,4.620000,10.240000,0.950000,55.820000,-2.630000,-0.910000,299.500000,70.699997,94021.421875,25.17,114.03,29.840000,PM10,3355
20.090000,31.160000,5.260000,10.770000,1.030000,56.880001,-1.610000,-0.730000,300.070007,70.269997,95157.953125,25.15,114.18,31.160000,PM10,3356
22.480000,34.660000,5.940000,11.910000,1.180000,56.169998,-0.820000,-0.500000,301.130005,69.480003,97430.382812,25.14,114.33,34.660000,PM10,3357
23.360001,35.130001,6.230000,11.420000,1.170000,56.410000,-0.720000,-0.330000,301.170013,70.050003,97757.843750,25.13,114.48,35.130001,PM10,3358
22.950001,34.009998,6.860000,10.630000,1.110000,58.680000,-0.980000,-0.530000,301.100006,70.570000,97535.023438,25.12,114.63,34.009998,PM10,3359
13.450000,26.500000,16.610001,14.730000,0.870000,58.299999,-1.730000,0.940000,301.420013,67.709999,97336.546875,25.37,113.15,26.500000,PM10,3495
14.270000,26.540001,9.670000,11.740000,0.850000,55.599998,-2.560000,1.290000,299.179993,72.699997,93815.976562,25.36,113.3,26.540001,PM10,3496
15.800000,27.889999,10.220000,11.630000,0.860000,54.980000,-3.120000,1.070000,296.739990,77.980003,90143.132812,25.34,113.45,27.889999,PM10,3497
14.790000,24.379999,6.920000,9.870000,0.780000,56.270000,-1.290000,-0.830000,300.649994,69.370003,95763.601562,25.32,113.75,24.379999,PM10,3499
15.930000,25.100000,4.440000,8.950000,0.800000,56.759998,-1.910000,-1.160000,300.489990,70.190002,95604.312500,25.31,113.9,25.100000,PM10,3500
19.580000,30.600000,5.360000,10.450000,1.050000,56.340000,-1.410000,-0.290000,300.239990,69.379997,95173.070312,25.29,114.19,30.600000,PM10,3502
20.910000,32.570000,6.370000,11.440000,1.190000,56.980000,-0.840000,-0.910000,301.640015,67.900002,97747.570312,25.28,114.34,32.570000,PM10,3503
22.889999,34.529999,6.820000,11.500000,1.230000,57.619999,-0.990000,-1.280000,301.540009,70.220001,98128.617188,25.26,114.49,34.529999,PM10,3504
23.709999,35.049999,7.190000,11.000000,1.210000,58.380001,-1.050000,-1.250000,301.380005,70.529999,97823.601562,25.25,114.64,35.049999,PM10,3505
21.670000,32.889999,7.480000,10.930000,1.210000,58.520000,-0.570000,-1.580000,301.100006,70.419998,96922.312500,25.4,114.51,32.889999,PM10,3647
