PM2.5(微克每立方米),PM10(微克每立方米),SO2(微克每立方米),NO2(微克每立方米),CO(毫克每立方米),O3(微克每立方米),U(m/s),V(m/s),TEMP(K),RH(%),PSFC(Pa),lat,lon,AQI,Major pollutants,id
103.010002,146.720001,17.150000,31.629999,1.210000,59.570000,-4.030000,-2.120000,289.589996,77.870003,100887.906250,34.59,115.51,135.012497,PM2.5,18271
105.959999,152.889999,17.370001,31.389999,1.220000,59.490002,-4.010000,-1.940000,289.660004,77.580002,100989.406250,34.58,115.67,138.699997,PM2.5,18272
106.910004,155.979996,17.160000,31.330000,1.230000,59.150002,-4.020000,-1.590000,289.619995,78.059998,101008.812500,34.57,115.84,139.887512,PM2.5,18273
105.739998,148.309998,17.580000,32.799999,1.240000,58.660000,-3.890000,-1.940000,289.359985,78.360001,100903.757812,34.73,115.52,138.425003,PM2.5,18524
108.330002,154.250000,17.840000,32.840000,1.250000,57.959999,-3.850000,-1.830000,289.380005,77.809998,101003.906250,34.71,115.69,141.662506,PM2.5,18525
109.730003,158.479996,17.790001,32.880001,1.250000,57.259998,-3.880000,-1.560000,289.369995,77.790001,101010.179688,34.7,115.85,143.412506,PM2.5,18526
109.709999,162.339996,18.080000,33.389999,1.270000,56.730000,-3.980000,-1.290000,289.279999,77.980003,100965.460938,34.69,116.02,143.387497,PM2.5,18527
108.650002,165.369995,18.900000,33.950001,1.280000,58.130001,-4.140000,-1.000000,289.209991,77.599998,100982.609375,34.67,116.18,142.062500,PM2.5,18528
107.050003,166.750000,19.940001,34.599998,1.300000,59.610001,-4.300000,-0.700000,289.010010,77.459999,101024.320312,34.66,116.35,140.062500,PM2.5,18529
106.120003,174.330002,21.200001,39.189999,1.240000,64.870003,-5.760000,-0.240000,288.290009,74.750000,101331.398438,34.58,117.17,138.900009,PM2.5,18534
102.589996,167.110001,17.660000,34.220001,1.180000,65.349998,-6.210000,-1.010000,288.299988,73.419998,100959.562500,34.55,117.5,134.487488,PM2.5,18536
99.400002,160.720001,15.850000,33.490002,1.180000,65.099998,-5.860000,-1.070000,288.320007,73.120003,101109.031250,34.54,117.66,130.500000,PM2.5,18537
83.309998,133.750000,11.080000,30.680000,1.160000,65.690002,-5.220000,-0.750000,287.390015,74.370003,101100.820312,34.49,118.15,110.387497,PM2.5,18540
78.019997,125.250000,9.920000,29.879999,1.120000,65.540001,-5.350000,-0.880000,286.940002,75.629997,101014.640625,34.47,118.32,103.774994,PM2.5,18541
102.489998,141.449997,17.709999,34.049999,1.250000,59.270000,-3.780000,-2.030000,289.390015,77.440002,100855.351562,34.88,115.38,134.362503,PM2.5,18775
107.160004,150.110001,18.590000,34.759998,1.280000,58.459999,-3.970000,-1.840000,289.369995,77.089996,100939.796875,34.86,115.54,140.200012,PM2.5,18776
109.650002,156.639999,19.090000,34.669998,1.290000,57.720001,-3.990000,-1.650000,289.290009,76.940002,101005.062500,34.85,115.71,143.312500,PM2.5,18777
111.180000,161.500000,19.090000,34.900002,1.300000,55.770000,-3.950000,-1.410000,289.140015,77.440002,101032.500000,34.84,115.87,145.225006,PM2.5,18778
110.989998,165.649994,19.350000,35.720001,1.320000,54.130001,-4.000000,-1.230000,289.010010,77.709999,101031.117188,34.82,116.04,144.987503,PM2.5,18779
109.809998,168.360001,19.879999,35.820000,1.310000,55.349998,-4.160000,-0.980000,288.940002,77.209999,101066.531250,34.81,116.2,143.512497,PM2.5,18780
108.820000,170.320007,20.690001,35.810001,1.310000,57.389999,-4.410000,-0.630000,288.839996,76.419998,101121.742188,34.79,116.36,142.274994,PM2.5,18781
109.029999,180.279999,21.490000,35.959999,1.200000,64.940002,-5.470000,-0.380000,288.920013,71.470001,101301.687500,34.72,117.19,142.537506,PM2.5,18786
107.610001,178.179993,20.250000,33.700001,1.180000,66.860001,-6.500000,-0.690000,288.839996,70.809998,101032.453125,34.7,117.35,140.762497,PM2.5,18787
108.169998,179.809998,18.650000,34.279999,1.220000,64.400002,-6.320000,-1.330000,288.130005,72.989998,100861.296875,34.69,117.52,141.462494,PM2.5,18788
105.110001,173.500000,16.290001,32.889999,1.210000,64.669998,-5.720000,-1.800000,288.000000,73.349998,101054.343750,34.67,117.68,137.637497,PM2.5,18789
89.169998,145.210007,12.410000,32.360001,1.180000,66.430000,-4.810000,-1.140000,287.450012,73.889999,101061.546875,34.62,118.17,117.712494,PM2.5,18792
80.650002,129.419998,10.610000,28.969999,1.070000,69.800003,-5.170000,-0.950000,287.299988,73.410004,100920.656250,34.6,118.34,107.062500,PM2.5,18793
81.309998,115.400002,15.460000,33.189999,1.290000,55.330002,-3.080000,-2.410000,288.640015,79.089996,100749.101562,35.05,114.9,107.887497,PM2.5,19021
89.790001,124.489998,16.540001,33.820000,1.300000,57.049999,-3.200000,-2.480000,288.859985,77.809998,100781.843750,35.04,115.06,118.487503,PM2.5,19022
96.610001,133.369995,17.860001,34.919998,1.310000,57.830002,-3.330000,-2.500000,289.089996,76.730003,100834.656250,35.03,115.23,127.012497,PM2.5,19023
102.389999,142.250000,18.930000,35.830002,1.310000,57.919998,-3.550000,-2.320000,289.250000,76.349998,100908.078125,35.01,115.39,134.237503,PM2.5,19024
106.370003,150.429993,19.770000,36.459999,1.310000,57.580002,-3.870000,-2.020000,289.339996,75.779999,100966.851562,35.0,115.56,139.212509,PM2.5,19025
108.330002,157.139999,20.110001,35.590000,1.300000,58.439999,-4.100000,-1.760000,289.260010,75.620003,101009.656250,34.99,115.72,141.662506,PM2.5,19026
108.830002,161.919998,20.290001,36.139999,1.300000,56.790001,-4.190000,-1.460000,289.079987,75.959999,101039.468750,34.97,115.89,142.287506,PM2.5,19027
108.800003,166.630005,20.799999,37.209999,1.330000,54.450001,-4.240000,-1.180000,288.920013,76.180000,101096.031250,34.96,116.05,142.250000,PM2.5,19028
108.500000,170.679993,21.459999,37.349998,1.340000,54.119999,-4.280000,-0.890000,288.779999,76.010002,101166.726562,34.94,116.22,141.875000,PM2.5,19029
109.110001,174.899994,22.549999,38.459999,1.350000,53.849998,-4.350000,-0.530000,288.609985,75.680000,101204.593750,34.93,116.38,142.637497,PM2.5,19030
110.209999,179.529999,24.620001,40.000000,1.400000,52.910000,-4.550000,-0.120000,288.459991,75.709999,101216.273438,34.91,116.55,144.012497,PM2.5,19031
118.050003,203.619995,32.250000,46.130001,1.520000,50.810001,-4.830000,-0.170000,288.100006,75.290001,101115.390625,34.87,117.04,154.357147,PM2.5,19034
116.440002,200.619995,28.600000,43.240002,1.380000,56.959999,-5.460000,-0.480000,288.510010,72.400002,101089.726562,34.85,117.21,152.057144,PM2.5,19035
112.580002,193.330002,25.920000,39.799999,1.300000,61.580002,-6.370000,-0.840000,288.540009,70.930000,100714.968750,34.84,117.37,146.975006,PM2.5,19036
110.540001,188.809998,24.350000,38.529999,1.280000,62.709999,-6.370000,-1.690000,288.079987,72.050003,100332.046875,34.82,117.54,144.425003,PM2.5,19037
107.199997,180.399994,18.959999,35.509998,1.260000,63.520000,-5.550000,-2.340000,287.640015,73.680000,100519.171875,34.81,117.7,140.250000,PM2.5,19038
104.059998,174.619995,15.520000,35.049999,1.290000,62.049999,-4.900000,-2.410000,287.380005,74.570000,100949.609375,34.79,117.86,136.324997,PM2.5,19039
99.930000,168.800003,15.420000,36.639999,1.320000,60.900002,-4.560000,-2.140000,287.250000,74.959999,101093.273438,34.77,118.03,131.162506,PM2.5,19040
92.790001,154.669998,13.970000,34.959999,1.240000,63.830002,-4.460000,-1.700000,287.260010,74.379997,101077.679688,34.76,118.19,122.237503,PM2.5,19041
82.239998,133.309998,11.170000,29.629999,1.070000,69.750000,-4.600000,-1.320000,287.320007,73.389999,100949.976562,34.74,118.36,109.049995,PM2.5,19042
74.160004,116.379997,8.790000,24.910000,0.930000,73.260002,-4.400000,-1.110000,286.649994,75.349998,100808.492188,34.72,118.52,98.950005,PM2.5,19043
69.669998,107.790001,7.770000,25.100000,0.900000,71.139999,-3.960000,-1.300000,285.709991,78.889999,101013.351562,34.71,118.69,93.337494,PM2.5,19044
81.220001,116.260002,16.059999,33.750000,1.320000,55.130001,-3.050000,-2.280000,288.510010,78.480003,100821.507812,35.19,114.91,107.775002,PM2.5,19266
89.449997,125.650002,17.370001,35.320000,1.370000,55.279999,-3.220000,-2.410000,288.600006,77.690002,100834.976562,35.17,115.08,118.062500,PM2.5,19267
96.760002,135.300003,19.100000,37.080002,1.400000,55.029999,-3.300000,-2.590000,288.700012,77.029999,100891.296875,35.16,115.24,127.200005,PM2.5,19268
101.940002,143.190002,20.200001,37.820000,1.370000,55.330002,-3.420000,-2.570000,288.920013,75.980003,100960.453125,35.15,115.41,133.675003,PM2.5,19269
104.790001,149.529999,20.639999,37.470001,1.320000,56.560001,-3.740000,-2.380000,289.140015,75.099998,101008.203125,35.13,115.57,137.237503,PM2.5,19270
105.300003,155.619995,20.530001,36.080002,1.290000,58.700001,-4.130000,-2.140000,289.179993,74.339996,101026.710938,35.12,115.74,137.875000,PM2.5,19271
104.230003,160.419998,20.799999,36.290001,1.280000,58.610001,-4.380000,-1.860000,289.119995,73.529999,101040.648438,35.11,115.9,136.537506,PM2.5,19272
103.070000,164.800003,21.629999,37.410000,1.280000,57.230000,-4.470000,-1.490000,289.040009,73.110001,101119.382812,35.09,116.07,135.087494,PM2.5,19273
102.550003,169.630005,23.020000,38.259998,1.300000,56.130001,-4.490000,-1.090000,288.970001,72.959999,101220.070312,35.08,116.23,134.437500,PM2.5,19274
103.279999,175.110001,24.330000,39.310001,1.310000,55.419998,-4.490000,-0.660000,288.869995,72.930000,101271.523438,35.06,116.4,135.350006,PM2.5,19275
104.449997,179.550003,25.430000,39.900002,1.310000,55.939999,-4.510000,-0.160000,288.700012,73.389999,101194.257812,35.05,116.57,136.812500,PM2.5,19276
109.000000,187.380005,27.180000,41.410000,1.400000,53.029999,-4.470000,0.300000,288.359985,75.010002,101101.210938,35.03,116.73,142.500000,PM2.5,19277
113.800003,198.229996,29.870001,43.049999,1.490000,50.860001,-4.470000,0.430000,288.200012,75.010002,101114.421875,35.02,116.9,148.500000,PM2.5,19278
117.510002,208.089996,33.759998,45.500000,1.550000,50.070000,-4.640000,0.290000,288.250000,74.089996,101020.820312,35.0,117.06,153.585724,PM2.5,19279
114.300003,200.259995,28.020000,41.790001,1.390000,57.599998,-5.250000,-0.130000,288.670013,71.180000,100880.039062,34.99,117.23,149.125000,PM2.5,19280
111.190002,192.929993,25.350000,39.169998,1.310000,62.169998,-6.140000,-0.850000,288.609985,69.610001,100139.226562,34.97,117.39,145.237503,PM2.5,19281
109.489998,189.250000,24.969999,38.680000,1.310000,63.360001,-5.980000,-1.600000,287.700012,72.230003,99193.093750,34.96,117.55,143.112503,PM2.5,19282
107.459999,182.929993,19.650000,36.490002,1.300000,63.980000,-4.830000,-2.280000,287.059998,74.989998,99538.828125,34.94,117.72,140.574997,PM2.5,19283
103.150002,175.460007,16.400000,36.279999,1.310000,63.290001,-4.240000,-2.560000,287.190002,74.620003,100409.851562,34.92,117.88,135.187500,PM2.5,19284
100.290001,174.820007,17.420000,40.380001,1.390000,59.389999,-4.260000,-2.510000,287.089996,75.260002,100863.187500,34.91,118.05,131.612503,PM2.5,19285
93.690002,163.149994,16.600000,40.160000,1.350000,59.330002,-4.320000,-2.060000,287.010010,75.480003,101022.109375,34.89,118.21,123.362503,PM2.5,19286
84.389999,142.500000,12.900000,34.009998,1.170000,64.489998,-4.550000,-1.440000,286.760010,75.870003,100991.023438,34.87,118.38,111.737503,PM2.5,19287
76.430000,124.699997,9.290000,28.410000,1.020000,68.290001,-4.580000,-1.150000,286.089996,77.930000,100878.031250,34.86,118.54,101.787498,PM2.5,19288
70.080002,110.949997,7.570000,24.170000,0.890000,72.150002,-4.220000,-1.380000,285.510010,80.059998,100908.390625,34.84,118.71,93.850006,PM2.5,19289
89.190002,127.709999,18.510000,35.709999,1.400000,55.480000,-3.480000,-2.330000,288.549988,76.519997,100888.000000,35.31,115.09,117.737503,PM2.5,19512
96.139999,136.860001,20.049999,37.580002,1.430000,54.779999,-3.590000,-2.580000,288.549988,76.309998,100933.382812,35.3,115.26,126.425003,PM2.5,19513
101.080002,144.309998,20.840000,38.230000,1.410000,54.580002,-3.630000,-2.690000,288.609985,75.809998,100995.101562,35.28,115.42,132.600006,PM2.5,19514
103.190002,149.580002,21.030001,38.250000,1.350000,55.130001,-3.740000,-2.580000,288.760010,75.150002,101036.890625,35.27,115.59,135.237503,PM2.5,19515
102.989998,155.360001,20.969999,36.849998,1.300000,57.619999,-4.040000,-2.270000,288.950012,73.860001,101056.500000,35.26,115.76,134.987503,PM2.5,19516
101.129997,160.720001,21.520000,37.590000,1.290000,57.459999,-4.310000,-2.030000,288.959991,72.650002,101064.023438,35.24,115.92,132.662491,PM2.5,19517
98.550003,165.080002,22.600000,38.279999,1.280000,57.299999,-4.440000,-1.880000,288.920013,71.699997,101119.976562,35.23,116.09,129.437500,PM2.5,19518
96.190002,168.649994,24.270000,39.090000,1.280000,57.189999,-4.500000,-1.680000,289.040009,70.510002,101195.828125,35.21,116.25,126.487503,PM2.5,19519
95.680000,172.699997,25.670000,39.840000,1.280000,56.730000,-4.630000,-1.330000,289.200012,69.580002,101285.046875,35.2,116.42,125.849998,PM2.5,19520
96.660004,176.529999,26.900000,40.509998,1.270000,56.720001,-4.800000,-0.840000,289.170013,69.430000,101152.953125,35.18,116.58,127.075005,PM2.5,19521
99.610001,181.639999,26.950001,40.720001,1.290000,57.150002,-4.700000,-0.250000,288.910004,70.750000,100947.007812,35.17,116.75,130.762497,PM2.5,19522
102.910004,185.779999,27.100000,39.450001,1.300000,59.119999,-4.500000,-0.110000,288.989990,70.019997,101014.632812,35.15,116.91,134.887512,PM2.5,19523
104.779999,188.229996,27.240000,38.500000,1.300000,61.560001,-4.700000,-0.420000,289.209991,68.239998,100880.421875,35.14,117.08,137.225006,PM2.5,19524
104.169998,179.880005,20.610001,33.200001,1.210000,66.269997,-5.300000,-1.000000,289.209991,67.050003,100453.468750,35.12,117.24,136.462494,PM2.5,19525
103.980003,175.839996,18.129999,31.270000,1.190000,67.790001,-5.740000,-1.330000,288.640015,68.120003,99526.460938,35.11,117.41,136.225006,PM2.5,19526
102.760002,171.830002,16.760000,30.670000,1.180000,68.769997,-5.570000,-1.340000,287.619995,71.430000,98634.242188,35.09,117.57,134.699997,PM2.5,19527
102.730003,172.419998,15.370000,32.150002,1.230000,66.230003,-5.010000,-1.920000,286.899994,74.250000,98860.703125,35.08,117.74,134.662506,PM2.5,19528
100.889999,172.800003,15.760000,35.450001,1.300000,63.980000,-4.290000,-2.550000,286.940002,74.419998,99651.921875,35.06,117.9,132.362503,PM2.5,19529
99.519997,176.440002,17.469999,41.549999,1.410000,59.950001,-3.870000,-2.880000,286.959991,75.019997,100462.867188,35.04,118.07,130.649994,PM2.5,19530
96.870003,176.360001,19.100000,46.740002,1.520000,54.900002,-3.840000,-2.770000,286.920013,75.610001,100862.546875,35.03,118.23,127.337502,PM2.5,19531
87.949997,154.490005,14.710000,39.610001,1.320000,60.380001,-3.940000,-2.010000,286.769989,75.940002,100874.070312,35.01,118.4,116.187500,PM2.5,19532
77.669998,127.860001,9.190000,27.469999,1.040000,69.470001,-4.090000,-1.220000,286.209991,77.529999,100707.156250,34.99,118.56,103.337494,PM2.5,19533
70.629997,113.720001,7.720000,23.809999,0.910000,72.910004,-3.960000,-1.130000,285.450012,80.190002,100491.929688,34.97,118.73,94.537498,PM2.5,19534
95.250000,138.279999,20.379999,37.389999,1.430000,55.040001,-3.870000,-2.490000,288.420013,75.349998,100923.320312,35.43,115.27,125.312500,PM2.5,19756
99.300003,144.970001,20.930000,37.770000,1.400000,55.160000,-3.820000,-2.650000,288.380005,75.230003,100961.609375,35.42,115.44,130.375000,PM2.5,19757
100.699997,149.889999,21.059999,37.400002,1.350000,55.990002,-3.810000,-2.600000,288.440002,74.949997,101026.648438,35.4,115.61,132.125000,PM2.5,19758
100.080002,156.190002,21.650000,37.439999,1.320000,56.939999,-3.950000,-2.280000,288.690002,73.400002,101072.132812,35.39,115.77,131.350006,PM2.5,19759
98.309998,162.539993,22.900000,38.840000,1.310000,56.230000,-4.190000,-1.910000,288.809998,71.790001,101091.117188,35.38,115.94,129.137497,PM2.5,19760
95.750000,168.940002,25.000000,40.570000,1.330000,55.430000,-4.380000,-1.810000,288.799988,70.800003,101152.203125,35.36,116.1,125.937500,PM2.5,19761
93.320000,174.369995,27.830000,42.540001,1.340000,54.419998,-4.470000,-1.870000,288.829987,70.160004,101198.968750,35.35,116.27,122.900002,PM2.5,19762
92.440002,178.940002,30.230000,44.049999,1.350000,53.080002,-4.490000,-1.800000,288.950012,69.449997,101261.289062,35.33,116.44,121.800003,PM2.5,19763
93.320000,184.509995,32.599998,45.910000,1.380000,50.910000,-4.630000,-1.480000,289.040009,68.949997,101251.718750,35.32,116.6,122.900002,PM2.5,19764
95.730003,185.309998,30.709999,44.900002,1.350000,52.560001,-4.850000,-1.200000,289.119995,68.250000,101164.250000,35.3,116.77,125.912506,PM2.5,19765
98.029999,183.690002,27.450001,40.950001,1.310000,57.509998,-5.060000,-1.230000,289.179993,67.559998,100985.156250,35.29,116.93,128.787506,PM2.5,19766
100.489998,181.149994,23.090000,35.779999,1.270000,62.439999,-5.340000,-1.560000,289.010010,67.360001,100419.460938,35.27,117.1,131.862503,PM2.5,19767
101.389999,175.610001,18.270000,31.860001,1.210000,64.809998,-5.530000,-1.910000,288.559998,68.239998,99734.273438,35.26,117.26,132.987503,PM2.5,19768
102.720001,174.479996,16.700001,31.090000,1.210000,65.309998,-5.520000,-1.780000,287.940002,70.019997,99111.398438,35.24,117.43,134.649994,PM2.5,19769
103.150002,173.080002,15.640000,31.580000,1.230000,64.860001,-5.120000,-1.470000,287.269989,72.150002,98605.812500,35.23,117.59,135.187500,PM2.5,19770
102.290001,172.100006,15.290000,33.080002,1.260000,64.959999,-4.410000,-1.590000,286.809998,73.870003,98623.828125,35.21,117.76,134.112503,PM2.5,19771
102.089996,174.789993,15.710000,37.209999,1.350000,61.770000,-4.020000,-2.210000,286.600006,74.900002,99367.476562,35.19,117.92,133.862488,PM2.5,19772
103.120003,182.740005,17.120001,43.669998,1.520000,56.080002,-3.990000,-3.040000,286.649994,75.110001,100283.140625,35.18,118.09,135.150009,PM2.5,19773
100.230003,183.210007,19.270000,49.020000,1.620000,52.040001,-3.870000,-3.480000,286.619995,75.709999,100590.703125,35.16,118.25,131.537506,PM2.5,19774
91.150002,161.550003,15.040000,42.450001,1.420000,57.029999,-3.570000,-3.210000,286.399994,76.650002,100623.343750,35.14,118.42,120.187500,PM2.5,19775
78.910004,128.860001,9.070000,26.270000,1.030000,70.559998,-3.480000,-2.260000,286.290009,76.879997,100549.382812,35.13,118.58,104.887505,PM2.5,19776
72.900002,118.519997,8.550000,25.680000,0.960000,73.339996,-3.350000,-1.460000,286.019989,77.639999,100281.601562,35.11,118.75,97.375000,PM2.5,19777
66.029999,105.510002,7.670000,22.389999,0.830000,78.919998,-3.140000,-1.260000,285.489990,80.220001,100486.132812,35.09,118.91,88.787498,PM2.5,19778
60.070000,91.070000,7.550000,17.170000,0.690000,83.230003,-3.020000,-1.690000,284.850006,85.339996,101095.421875,35.07,119.08,81.337502,PM2.5,19779
97.820000,146.300003,20.820000,37.700001,1.390000,54.959999,-3.860000,-2.510000,288.200012,74.730003,100947.453125,35.55,115.46,128.524994,PM2.5,20000
98.690002,151.440002,21.350000,37.820000,1.350000,55.529999,-3.840000,-2.550000,288.200012,74.309998,101031.250000,35.54,115.62,129.612503,PM2.5,20001
98.120003,158.080002,22.379999,38.689999,1.340000,55.410000,-3.850000,-2.400000,288.320007,73.120003,101075.046875,35.53,115.79,128.900009,PM2.5,20002
96.260002,164.990005,23.959999,40.230000,1.340000,54.380001,-3.910000,-1.980000,288.529999,71.739998,101117.859375,35.51,115.96,126.575005,PM2.5,20003
93.559998,172.440002,26.480000,42.020000,1.360000,53.709999,-4.190000,-1.630000,288.700012,70.279999,101215.781250,35.5,116.12,123.199997,PM2.5,20004
92.300003,179.509995,29.709999,44.000000,1.380000,52.880001,-4.530000,-1.650000,288.739990,69.589996,101256.898438,35.48,116.29,121.625000,PM2.5,20005
91.629997,185.199997,32.869999,46.419998,1.410000,50.430000,-4.560000,-1.800000,288.649994,69.650002,101277.250000,35.47,116.45,120.787498,PM2.5,20006
92.559998,190.929993,35.549999,48.959999,1.440000,46.560001,-4.550000,-1.740000,288.750000,68.889999,101290.632812,35.45,116.62,121.949997,PM2.5,20007
94.080002,189.699997,32.959999,48.360001,1.410000,47.369999,-4.760000,-1.630000,288.970001,67.690002,101228.648438,35.44,116.79,123.850006,PM2.5,20008
95.959999,183.429993,26.950001,42.230000,1.340000,54.880001,-5.050000,-1.680000,289.079987,66.790001,100887.937500,35.42,116.95,126.199997,PM2.5,20009
97.519997,175.330002,19.730000,33.860001,1.250000,61.360001,-5.280000,-1.780000,288.690002,67.550003,99994.460938,35.41,117.12,128.149994,PM2.5,20010
100.209999,175.539993,17.459999,33.240002,1.260000,61.189999,-5.120000,-1.880000,287.859985,70.019997,99050.421875,35.39,117.28,131.512497,PM2.5,20011
102.610001,176.860001,16.790001,33.959999,1.280000,61.230000,-4.630000,-1.700000,287.190002,72.250000,98638.593750,35.38,117.45,134.512497,PM2.5,20012
104.160004,177.149994,16.350000,35.919998,1.320000,60.279999,-4.420000,-1.400000,286.769989,73.669998,98736.210938,35.36,117.61,136.450012,PM2.5,20013
106.029999,180.949997,16.389999,39.290001,1.410000,57.759998,-4.330000,-1.550000,286.549988,74.339996,99147.882812,35.35,117.78,138.787506,PM2.5,20014
104.080002,176.440002,15.420000,38.660000,1.420000,58.570000,-4.080000,-2.020000,286.609985,74.010002,99487.968750,35.33,117.94,136.350006,PM2.5,20015
100.300003,170.389999,14.640000,37.369999,1.400000,59.570000,-3.920000,-2.860000,286.619995,73.870003,99721.406250,35.31,118.11,131.625000,PM2.5,20016
97.230003,167.919998,15.160000,41.110001,1.450000,57.119999,-3.670000,-3.480000,286.369995,75.239998,100096.843750,35.3,118.28,127.787506,PM2.5,20017
89.279999,151.550003,12.350000,35.750000,1.310000,60.970001,-3.270000,-3.810000,286.070007,77.050003,100439.562500,35.28,118.44,117.849998,PM2.5,20018
79.930000,129.320007,9.030000,26.540001,1.060000,69.040001,-3.070000,-3.310000,285.980011,77.440002,100501.289062,35.26,118.61,106.162498,PM2.5,20019
74.190002,119.349998,8.600000,26.330000,0.980000,71.129997,-3.010000,-2.450000,285.970001,77.139999,100266.617188,35.24,118.77,98.987503,PM2.5,20020
68.480003,108.730003,7.990000,23.940001,0.870000,76.330002,-2.970000,-1.740000,285.829987,77.550003,100103.406250,35.23,118.94,91.850006,PM2.5,20021
62.040001,96.169998,7.630000,20.400000,0.760000,80.169998,-2.730000,-1.900000,285.200012,80.660004,100393.078125,35.21,119.1,83.800003,PM2.5,20022
55.189999,80.839996,8.570000,17.180000,0.610000,85.370003,-2.310000,-1.800000,284.559998,85.510002,101014.281250,35.19,119.27,75.237495,PM2.5,20023
97.080002,148.919998,20.670000,38.340000,1.390000,53.740002,-3.950000,-2.370000,287.940002,74.809998,101049.906250,35.69,115.47,127.600006,PM2.5,20245
97.900002,154.229996,21.530001,38.720001,1.360000,54.450001,-3.950000,-2.460000,287.959991,73.970001,101127.273438,35.68,115.64,128.625000,PM2.5,20246
97.070000,160.570007,22.760000,39.520000,1.340000,54.570000,-3.920000,-2.520000,288.029999,72.669998,101126.046875,35.66,115.81,127.587502,PM2.5,20247
95.139999,167.070007,24.350000,40.799999,1.350000,53.689999,-3.770000,-2.270000,288.230011,71.300003,101166.031250,35.65,115.97,125.175003,PM2.5,20248
92.419998,174.149994,26.610001,42.630001,1.360000,52.419998,-3.910000,-1.800000,288.510010,70.050003,101259.562500,35.63,116.14,121.774994,PM2.5,20249
91.769997,180.440002,29.000000,43.410000,1.370000,52.520000,-4.420000,-1.540000,288.609985,69.300003,101293.453125,35.62,116.31,120.962494,PM2.5,20250
92.169998,185.660004,30.809999,44.910000,1.390000,51.070000,-4.620000,-1.790000,288.450012,69.410004,101275.757812,35.6,116.47,121.462494,PM2.5,20251
93.250000,189.300003,31.629999,46.529999,1.410000,48.660000,-4.540000,-2.020000,288.420013,68.940002,101214.140625,35.59,116.64,122.812500,PM2.5,20252
93.910004,189.169998,30.080000,46.400002,1.420000,48.470001,-4.630000,-2.020000,288.570007,67.910004,101075.453125,35.58,116.8,123.637505,PM2.5,20253
95.139999,182.070007,24.379999,41.570000,1.360000,53.669998,-4.910000,-2.000000,288.739990,66.949997,100863.718750,35.56,116.97,125.175003,PM2.5,20254
96.889999,176.509995,19.270000,36.939999,1.320000,56.000000,-5.160000,-1.840000,288.500000,67.550003,100236.703125,35.54,117.14,127.362503,PM2.5,20255
99.870003,178.229996,17.750000,37.029999,1.340000,55.590000,-4.980000,-1.560000,287.640015,70.400002,99224.679688,35.53,117.3,131.087509,PM2.5,20256
103.120003,181.089996,17.120001,38.360001,1.400000,54.720001,-4.510000,-1.360000,286.790009,73.419998,98917.156250,35.51,117.47,135.150009,PM2.5,20257
104.750000,180.240005,16.469999,38.830002,1.430000,55.419998,-4.450000,-1.430000,286.660004,73.419998,99169.312500,35.5,117.63,137.187500,PM2.5,20258
103.989998,176.529999,15.860000,38.799999,1.420000,56.720001,-4.420000,-2.130000,286.709991,72.500000,99003.273438,35.48,117.8,136.237503,PM2.5,20259
100.480003,166.940002,14.510000,34.930000,1.330000,60.779999,-3.860000,-2.230000,286.579987,72.760002,98708.507812,35.46,117.96,131.850006,PM2.5,20260
95.599998,156.250000,12.850000,30.309999,1.250000,64.070000,-3.270000,-2.660000,286.369995,73.510002,98903.226562,35.45,118.13,125.750000,PM2.5,20261
91.089996,147.729996,11.640000,29.049999,1.200000,65.790001,-3.000000,-3.260000,286.290009,74.209999,99732.578125,35.43,118.3,120.112495,PM2.5,20262
85.949997,138.169998,10.070000,27.389999,1.150000,66.680000,-2.870000,-3.980000,286.010010,75.669998,100334.039062,35.41,118.46,113.687500,PM2.5,20263
79.889999,127.970001,9.010000,26.250000,1.070000,68.809998,-2.700000,-3.710000,285.890015,76.440002,100307.500000,35.4,118.63,106.112503,PM2.5,20264
73.309998,115.790001,8.410000,24.180000,0.950000,71.959999,-2.630000,-3.110000,286.010010,75.589996,100036.117188,35.38,118.79,97.887497,PM2.5,20265
68.230003,106.650002,7.960000,22.820000,0.860000,75.260002,-2.540000,-2.350000,286.089996,74.690002,99627.101562,35.36,118.96,91.537506,PM2.5,20266
63.959999,99.360001,7.550000,22.450001,0.810000,77.500000,-2.210000,-2.230000,285.579987,77.750000,99837.562500,35.34,119.12,86.199997,PM2.5,20267
61.299999,95.570000,8.620000,28.660000,0.790000,73.339996,-1.680000,-1.630000,284.570007,84.599998,100846.132812,35.33,119.29,82.875000,PM2.5,20268
96.680000,163.669998,23.010000,40.619999,1.340000,53.669998,-4.190000,-2.610000,287.779999,72.379997,101235.796875,35.8,115.82,127.099998,PM2.5,20492
94.879997,169.479996,24.570000,42.080002,1.340000,52.680000,-3.950000,-2.630000,287.899994,71.150002,101240.500000,35.78,115.99,124.849998,PM2.5,20493
92.940002,176.410004,26.620001,43.810001,1.360000,51.119999,-3.810000,-2.330000,288.170013,70.139999,101284.101562,35.77,116.16,122.425003,PM2.5,20494
92.449997,182.690002,28.520000,45.470001,1.370000,49.810001,-4.190000,-1.740000,288.440002,69.190002,101286.882812,35.75,116.32,121.812500,PM2.5,20495
93.620003,188.710007,29.450001,46.619999,1.400000,48.549999,-4.590000,-1.830000,288.309998,69.019997,101205.289062,35.74,116.49,123.275002,PM2.5,20496
95.040001,192.380005,29.370001,48.209999,1.420000,46.139999,-4.710000,-2.230000,288.140015,68.940002,101115.406250,35.73,116.66,125.050003,PM2.5,20497
95.809998,191.529999,27.510000,47.730000,1.430000,46.259998,-4.910000,-2.480000,288.010010,68.930000,100826.296875,35.71,116.82,126.012497,PM2.5,20498
95.849998,183.429993,22.600000,43.029999,1.390000,50.790001,-5.010000,-2.580000,287.899994,69.059998,100419.757812,35.69,116.99,126.062500,PM2.5,20499
96.940002,178.720001,18.840000,40.029999,1.390000,51.380001,-4.920000,-2.270000,287.779999,69.470001,100214.320312,35.68,117.15,127.425003,PM2.5,20500
99.970001,181.169998,17.950001,40.970001,1.440000,50.389999,-4.680000,-1.520000,287.440002,70.709999,99918.750000,35.66,117.32,131.212494,PM2.5,20501
103.120003,183.800003,17.690001,42.290001,1.500000,50.320000,-4.390000,-1.310000,287.079987,71.699997,99616.273438,35.65,117.49,135.150009,PM2.5,20502
103.370003,179.380005,16.840000,40.060001,1.470000,53.770000,-4.470000,-1.650000,286.890015,71.540001,98832.476562,35.63,117.65,135.462509,PM2.5,20503
102.019997,171.850006,15.330000,37.090000,1.420000,55.889999,-4.290000,-2.200000,286.279999,72.949997,97934.000000,35.62,117.82,133.774994,PM2.5,20504
98.419998,161.429993,13.860000,32.720001,1.310000,59.919998,-3.460000,-2.150000,286.000000,73.989998,98296.992188,35.6,117.99,129.274994,PM2.5,20505
94.800003,152.850006,12.650000,29.280001,1.240000,63.000000,-2.960000,-2.560000,286.059998,73.629997,98849.468750,35.58,118.15,124.750000,PM2.5,20506
91.910004,147.830002,12.200000,29.389999,1.220000,64.230003,-2.700000,-3.290000,286.149994,73.419998,99226.398438,35.57,118.32,121.137505,PM2.5,20507
86.849998,139.160004,10.470000,27.940001,1.180000,65.389999,-2.450000,-4.050000,285.920013,74.500000,99908.890625,35.55,118.48,114.812500,PM2.5,20508
81.050003,130.449997,9.330000,27.520000,1.120000,66.839996,-2.390000,-3.870000,285.640015,76.110001,100185.578125,35.53,118.65,107.562500,PM2.5,20509
75.290001,121.449997,8.720000,27.590000,1.040000,67.930000,-2.420000,-3.490000,285.570007,76.190002,99935.492188,35.51,118.81,100.362503,PM2.5,20510
69.440002,109.650002,8.040000,24.830000,0.910000,71.680000,-2.200000,-3.020000,285.769989,74.529999,99325.210938,35.5,118.98,93.050003,PM2.5,20511
65.010002,101.110001,7.420000,23.639999,0.830000,73.790001,-1.660000,-2.670000,285.660004,75.730003,99500.781250,35.48,119.14,87.512505,PM2.5,20512
63.650002,98.900002,7.700000,28.900000,0.820000,71.360001,-1.150000,-1.870000,285.260010,80.029999,100699.046875,35.46,119.31,85.812500,PM2.5,20513
60.840000,90.000000,9.500000,30.049999,0.700000,73.099998,-1.140000,-1.220000,284.570007,85.129997,101470.890625,35.44,119.48,82.300003,PM2.5,20514
97.339996,155.520004,20.440001,40.540001,1.340000,51.450001,-4.140000,-2.520000,287.540009,73.419998,101295.773438,35.96,115.51,127.924995,PM2.5,20736
97.839996,161.080002,21.559999,41.110001,1.330000,52.299999,-4.350000,-2.590000,287.609985,72.370003,101323.132812,35.95,115.67,128.549988,PM2.5,20737
96.580002,172.660004,24.120001,43.680000,1.320000,50.990002,-4.180000,-2.760000,287.540009,71.320000,101283.500000,35.92,116.01,126.975006,PM2.5,20739
95.750000,179.460007,25.650000,45.830002,1.340000,48.880001,-3.930000,-2.900000,287.619995,70.930000,101300.609375,35.9,116.17,125.937500,PM2.5,20740
95.059998,184.740005,26.860001,47.119999,1.350000,47.520000,-4.120000,-2.450000,288.089996,69.050003,101213.343750,35.89,116.34,125.074997,PM2.5,20741
95.660004,188.929993,26.690001,46.990002,1.370000,47.340000,-4.480000,-2.230000,288.049988,68.940002,100940.789062,35.87,116.51,125.825005,PM2.5,20742
97.300003,192.979996,25.510000,47.040001,1.400000,46.669998,-4.800000,-2.360000,287.839996,69.080002,100804.593750,35.86,116.67,127.875000,PM2.5,20743
97.949997,192.160004,23.629999,46.430000,1.420000,47.009998,-5.250000,-2.680000,287.510010,69.750000,100536.726562,35.85,116.84,128.687500,PM2.5,20744
97.860001,186.059998,20.889999,44.389999,1.430000,48.759998,-5.290000,-2.890000,287.079987,70.940002,99965.273438,35.83,117.01,128.574997,PM2.5,20745
98.550003,182.839996,18.799999,43.119999,1.450000,48.360001,-4.700000,-2.900000,286.950012,71.449997,99892.226562,35.81,117.17,129.437500,PM2.5,20746
101.110001,184.860001,18.450001,44.340000,1.520000,47.250000,-4.220000,-2.340000,287.140015,70.830002,100081.218750,35.8,117.34,132.637497,PM2.5,20747
104.500000,188.850006,18.879999,46.700001,1.620000,46.090000,-4.340000,-1.880000,286.980011,71.209999,99673.257812,35.78,117.51,136.875000,PM2.5,20748
104.610001,183.080002,17.570000,43.959999,1.590000,48.790001,-4.520000,-1.650000,286.459991,72.470001,98718.757812,35.77,117.67,137.012497,PM2.5,20749
102.410004,172.279999,15.530000,38.919998,1.480000,52.509998,-4.250000,-1.950000,285.829987,73.980003,98224.593750,35.75,117.84,134.262512,PM2.5,20750
98.519997,160.220001,13.740000,32.740002,1.350000,57.480000,-3.690000,-2.740000,285.829987,73.430000,98640.218750,35.73,118.01,129.399994,PM2.5,20751
94.910004,151.839996,12.810000,29.219999,1.250000,61.299999,-3.140000,-3.060000,285.880005,73.080002,98523.859375,35.72,118.17,124.887505,PM2.5,20752
92.669998,147.520004,12.440000,29.850000,1.240000,62.160000,-2.370000,-3.480000,285.750000,73.580002,98300.179688,35.7,118.34,122.087494,PM2.5,20753
88.190002,140.119995,10.980000,28.530001,1.200000,63.730000,-1.780000,-3.870000,285.720001,74.019997,99280.273438,35.68,118.5,116.487503,PM2.5,20754
83.059998,133.410004,9.880000,28.770000,1.170000,64.610001,-1.800000,-3.940000,285.510010,75.410004,100001.828125,35.67,118.67,110.074997,PM2.5,20755
77.800003,126.360001,9.090000,29.889999,1.120000,64.889999,-2.030000,-3.540000,285.350006,75.769997,99777.500000,35.65,118.84,103.500000,PM2.5,20756
71.199997,113.320000,8.080000,26.760000,0.970000,68.129997,-1.750000,-3.330000,285.420013,74.080002,98974.156250,35.63,119.0,95.250000,PM2.5,20757
66.099998,101.900002,7.550000,23.600000,0.840000,72.750000,-0.920000,-2.920000,285.609985,73.099998,98748.382812,35.61,119.17,88.875000,PM2.5,20758
63.759998,95.599998,7.290000,23.020000,0.770000,75.809998,-0.550000,-2.310000,285.760010,74.879997,99821.851562,35.59,119.33,85.949997,PM2.5,20759
61.520000,87.650002,7.790000,21.370001,0.660000,80.120003,-0.790000,-1.320000,285.380005,80.599998,101012.382812,35.58,119.5,83.150002,PM2.5,20760
98.209999,158.169998,19.959999,41.669998,1.310000,50.070000,-4.180000,-2.590000,287.190002,73.959999,101231.968750,36.09,115.52,129.012497,PM2.5,20982
99.059998,164.619995,21.309999,43.189999,1.310000,50.230000,-4.400000,-2.620000,287.299988,72.669998,101253.218750,36.08,115.69,130.074997,PM2.5,20983
99.769997,171.520004,22.410000,44.720001,1.310000,49.700001,-4.490000,-2.580000,287.239990,72.309998,101247.992188,36.07,115.86,130.962494,PM2.5,20984
101.370003,185.570007,23.969999,48.509998,1.350000,48.029999,-4.460000,-2.910000,286.570007,74.059998,101125.273438,36.04,116.19,132.962509,PM2.5,20986
98.449997,187.130005,25.260000,48.450001,1.330000,46.480000,-4.480000,-3.010000,287.390015,70.250000,100784.226562,36.02,116.36,129.312500,PM2.5,20987
100.050003,194.630005,25.469999,50.470001,1.370000,44.160000,-4.470000,-2.710000,287.440002,70.080002,100528.312500,36.01,116.53,131.312500,PM2.5,20988
101.050003,198.800003,24.240000,50.500000,1.410000,43.880001,-4.660000,-2.400000,287.429993,69.820000,100379.546875,36.0,116.69,132.562500,PM2.5,20989
101.040001,197.630005,22.549999,48.889999,1.430000,45.299999,-5.240000,-2.870000,287.260010,69.820000,100528.710938,35.98,116.86,132.550003,PM2.5,20990
100.739998,192.910004,20.980000,47.529999,1.470000,46.520000,-5.610000,-3.570000,286.989990,70.239998,100482.070312,35.96,117.03,132.175003,PM2.5,20991
101.650002,189.139999,19.570000,46.869999,1.510000,45.770000,-5.110000,-3.670000,286.570007,71.669998,99972.117188,35.95,117.19,133.312500,PM2.5,20992
104.389999,191.130005,19.590000,48.320000,1.610000,43.799999,-4.320000,-3.150000,286.480011,71.870003,99617.546875,35.93,117.36,136.737503,PM2.5,20993
108.239998,196.399994,21.100000,51.820000,1.750000,41.700001,-4.150000,-2.460000,286.420013,71.980003,99428.406250,35.92,117.53,141.550003,PM2.5,20994
107.589996,188.729996,19.370001,48.180000,1.710000,44.709999,-4.490000,-2.050000,286.209991,72.370003,98982.703125,35.9,117.69,140.737488,PM2.5,20995
103.820000,174.330002,16.780001,41.189999,1.550000,50.160000,-4.640000,-2.570000,285.790009,73.070000,98205.859375,35.89,117.86,136.024994,PM2.5,20996
99.790001,160.639999,14.600000,33.400002,1.370000,56.009998,-3.930000,-3.410000,285.480011,73.639999,97710.000000,35.87,118.03,130.987503,PM2.5,20997
95.349998,149.339996,13.020000,28.280001,1.230000,60.340000,-2.740000,-3.600000,285.220001,74.500000,97621.289062,35.85,118.19,125.437500,PM2.5,20998
92.419998,143.770004,12.230000,27.850000,1.190000,61.279999,-1.740000,-3.730000,285.239990,74.470001,98014.250000,35.84,118.36,121.774994,PM2.5,20999
89.580002,140.279999,11.730000,29.200001,1.210000,62.189999,-1.280000,-3.930000,285.470001,74.010002,99105.687500,35.82,118.52,118.225006,PM2.5,21000
85.660004,135.410004,10.670000,29.280001,1.180000,62.959999,-1.340000,-4.280000,285.390015,74.650002,99606.703125,35.8,118.69,113.325005,PM2.5,21001
79.930000,127.070000,9.740000,29.129999,1.110000,64.110001,-1.160000,-3.690000,285.230011,75.029999,99419.078125,35.78,118.86,106.162498,PM2.5,21002
73.260002,116.220001,8.430000,27.490000,1.000000,65.199997,-0.780000,-3.120000,285.209991,74.660004,99248.882812,35.77,119.02,97.825005,PM2.5,21003
67.739998,105.209999,7.640000,25.379999,0.880000,68.480003,-0.410000,-2.520000,285.489990,72.830002,99154.773438,35.75,119.19,90.924995,PM2.5,21004
64.639999,97.029999,7.420000,23.809999,0.790000,73.019997,-0.080000,-2.200000,285.609985,73.419998,99348.539062,35.73,119.35,87.050003,PM2.5,21005
62.810001,90.029999,7.660000,21.400000,0.700000,78.230003,-0.290000,-1.560000,285.779999,76.190002,100166.257812,35.71,119.52,84.762505,PM2.5,21006
58.540001,82.470001,7.850000,20.070000,0.620000,82.169998,-0.770000,-1.150000,285.239990,82.010002,101167.976562,35.69,119.69,79.425003,PM2.5,21007
51.570000,70.830002,8.050000,15.370000,0.530000,91.800003,-1.260000,-0.670000,284.790009,84.010002,101564.078125,35.67,119.85,70.712502,PM2.5,21008
99.570000,160.169998,19.309999,42.689999,1.280000,48.779999,-4.140000,-2.430000,286.899994,74.269997,101162.453125,36.23,115.54,130.712494,PM2.5,21229
100.839996,167.119995,20.730000,45.130001,1.290000,48.009998,-4.330000,-2.460000,286.940002,73.389999,101153.890625,36.22,115.71,132.299988,PM2.5,21230
101.839996,173.860001,21.790001,46.360001,1.280000,48.049999,-4.390000,-2.440000,286.980011,72.330002,101171.492188,36.2,115.87,133.549988,PM2.5,21231
101.419998,178.220001,22.420000,46.459999,1.280000,48.279999,-4.430000,-2.320000,287.079987,71.209999,101311.976562,36.19,116.04,133.024994,PM2.5,21232
102.150002,184.839996,23.530001,48.450001,1.300000,46.770000,-4.620000,-2.450000,286.980011,71.050003,101015.039062,36.17,116.21,133.937500,PM2.5,21233
102.389999,191.440002,24.260000,51.150002,1.320000,44.070000,-4.660000,-2.730000,286.779999,71.629997,100447.367188,36.16,116.38,134.237503,PM2.5,21234
104.800003,201.350006,24.660000,55.389999,1.360000,39.860001,-4.500000,-2.800000,286.950012,70.839996,100233.320312,36.15,116.54,137.250000,PM2.5,21235
106.339996,207.050003,23.879999,56.730000,1.410000,39.090000,-4.620000,-2.610000,287.239990,69.529999,99882.953125,36.13,116.71,139.174988,PM2.5,21236
106.769997,208.679993,23.010000,55.619999,1.440000,40.160000,-5.170000,-3.100000,286.989990,69.699997,99322.078125,36.12,116.88,139.712494,PM2.5,21237
107.279999,207.350006,22.400000,53.540001,1.500000,41.560001,-5.320000,-4.280000,286.529999,70.889999,99327.046875,36.1,117.05,140.350006,PM2.5,21238
105.760002,197.589996,20.889999,49.970001,1.540000,43.689999,-4.670000,-4.510000,286.010010,72.760002,99543.710938,36.08,117.21,138.449997,PM2.5,21239
107.209999,194.080002,20.709999,50.529999,1.630000,41.889999,-3.880000,-3.450000,285.839996,73.000000,99250.726562,36.07,117.38,140.262497,PM2.5,21240
111.769997,200.479996,23.340000,54.520000,1.800000,39.529999,-3.810000,-2.690000,285.989990,72.129997,99110.601562,36.05,117.55,145.962494,PM2.5,21241
109.360001,189.940002,20.920000,49.330002,1.720000,43.360001,-4.550000,-2.610000,286.059998,71.320000,98542.796875,36.04,117.71,142.949997,PM2.5,21242
106.190002,177.740005,18.430000,43.480000,1.600000,47.820000,-4.610000,-3.020000,285.450012,73.050003,97231.312500,36.02,117.88,138.987503,PM2.5,21243
102.199997,164.619995,16.430000,36.740002,1.440000,52.779999,-3.370000,-3.270000,284.769989,75.570000,96763.117188,36.0,118.05,134.000000,PM2.5,21244
97.639999,151.610001,14.030000,30.129999,1.290000,57.570000,-2.080000,-3.720000,284.589996,76.129997,97268.593750,35.99,118.21,128.300003,PM2.5,21245
93.330002,142.729996,12.650000,27.629999,1.190000,59.959999,-1.290000,-4.210000,284.799988,75.269997,97979.890625,35.97,118.38,122.912506,PM2.5,21246
90.980003,141.000000,12.380000,29.930000,1.220000,59.610001,-0.930000,-4.810000,285.269989,73.550003,98837.882812,35.95,118.55,119.975006,PM2.5,21247
87.610001,136.130005,11.310000,29.370001,1.170000,61.080002,-0.830000,-4.830000,285.359985,73.550003,99226.250000,35.94,118.71,115.762497,PM2.5,21248
81.940002,128.429993,10.190000,28.680000,1.110000,61.560001,-0.180000,-4.120000,285.209991,74.110001,99283.546875,35.92,118.88,108.675003,PM2.5,21249
75.629997,119.669998,9.020000,28.500000,1.030000,61.700001,0.440000,-3.370000,285.329987,74.230003,99890.476562,35.9,119.05,100.787498,PM2.5,21250
69.830002,110.040001,7.940000,28.170000,0.950000,63.099998,0.240000,-2.480000,285.440002,74.279999,100319.187500,35.88,119.21,93.537506,PM2.5,21251
65.910004,101.370003,7.300000,27.200001,0.850000,66.940002,0.090000,-1.940000,285.440002,74.040001,99891.921875,35.86,119.38,88.637505,PM2.5,21252
63.939999,92.940002,7.350000,22.639999,0.730000,75.540001,0.080000,-1.640000,285.750000,73.879997,99723.179688,35.85,119.54,86.174995,PM2.5,21253
59.759998,85.989998,7.420000,22.270000,0.670000,80.279999,-0.290000,-1.440000,285.809998,76.820000,100453.507812,35.83,119.71,80.949997,PM2.5,21254
53.310001,76.190002,7.640000,21.440001,0.600000,85.750000,-0.910000,-1.020000,285.239990,81.410004,101158.468750,35.81,119.88,72.887505,PM2.5,21255
99.839996,156.229996,18.020000,42.720001,1.250000,47.700001,-3.790000,-2.220000,286.690002,73.879997,101112.773438,36.38,115.39,131.049988,PM2.5,21475
101.010002,161.419998,18.969999,44.299999,1.240000,47.320000,-4.050000,-2.200000,286.760010,73.290001,101112.507812,36.36,115.56,132.512497,PM2.5,21476
102.980003,169.070007,20.559999,48.150002,1.260000,44.779999,-4.250000,-2.210000,286.709991,73.139999,101084.601562,36.35,115.72,134.975006,PM2.5,21477
104.150002,175.940002,21.490000,49.709999,1.260000,44.320000,-4.270000,-2.200000,286.709991,72.610001,101139.617188,36.34,115.89,136.437500,PM2.5,21478
103.830002,180.160004,21.830000,48.650002,1.250000,45.939999,-4.260000,-2.130000,286.850006,71.349998,101327.140625,36.32,116.06,136.037506,PM2.5,21479
105.019997,187.839996,22.969999,50.869999,1.280000,44.240002,-4.440000,-2.070000,286.929993,70.540001,101281.140625,36.31,116.23,137.524994,PM2.5,21480
105.739998,195.190002,23.559999,53.590000,1.310000,41.730000,-4.700000,-2.130000,286.899994,70.290001,100896.210938,36.29,116.39,138.425003,PM2.5,21481
108.389999,204.570007,23.700001,57.000000,1.340000,38.619999,-4.860000,-2.460000,286.839996,70.290001,100361.046875,36.28,116.56,141.737503,PM2.5,21482
110.989998,212.479996,23.490000,59.459999,1.390000,37.259998,-5.090000,-2.720000,287.010010,69.260002,99677.609375,36.27,116.73,144.987503,PM2.5,21483
111.320000,214.690002,23.559999,59.650002,1.400000,38.020000,-5.090000,-2.810000,286.279999,71.139999,97842.406250,36.25,116.9,145.399994,PM2.5,21484
112.639999,216.210007,23.820000,59.490002,1.450000,38.560001,-4.150000,-3.560000,285.179993,74.980003,96748.617188,36.23,117.06,147.050003,PM2.5,21485
109.680000,203.889999,21.790001,50.610001,1.510000,44.279999,-3.220000,-4.560000,285.279999,74.900002,98444.710938,36.22,117.23,143.350006,PM2.5,21486
109.750000,197.419998,22.150000,52.320000,1.640000,41.139999,-3.100000,-3.970000,285.589996,73.239998,99629.359375,36.2,117.4,143.437500,PM2.5,21487
115.300003,204.910004,25.430000,56.349998,1.820000,38.220001,-3.800000,-3.120000,285.709991,71.910004,99401.312500,36.19,117.57,150.428574,PM2.5,21488
111.919998,192.259995,22.639999,50.419998,1.740000,42.310001,-4.720000,-3.270000,285.769989,71.129997,98461.898438,36.17,117.73,146.149994,PM2.5,21489
108.050003,180.559998,20.230000,45.299999,1.640000,45.700001,-4.410000,-3.460000,285.070007,73.459999,96823.421875,36.16,117.9,141.312500,PM2.5,21490
104.790001,168.330002,18.590000,40.070000,1.540000,49.310001,-3.140000,-3.700000,284.369995,76.169998,96478.046875,36.14,118.07,137.237503,PM2.5,21491
99.519997,153.979996,15.560000,32.419998,1.340000,55.540001,-2.080000,-3.930000,284.239990,76.900002,97221.406250,36.12,118.23,130.649994,PM2.5,21492
94.360001,143.690002,13.580000,28.660000,1.220000,58.619999,-1.300000,-4.300000,284.200012,76.639999,97330.828125,36.11,118.4,124.199997,PM2.5,21493
91.389999,139.110001,12.470000,28.709999,1.190000,58.959999,-0.420000,-5.200000,284.559998,74.970001,97434.148438,36.09,118.57,120.487503,PM2.5,21494
87.970001,134.309998,11.440000,28.070000,1.140000,60.160000,0.310000,-4.780000,285.089996,73.230003,98238.117188,36.07,118.73,116.212502,PM2.5,21495
82.820000,128.550003,10.570000,28.570000,1.110000,59.360001,0.970000,-4.140000,285.339996,72.629997,99149.156250,36.05,118.9,109.775002,PM2.5,21496
77.250000,121.610001,9.490000,29.209999,1.060000,58.560001,1.250000,-3.700000,285.540009,72.849998,100139.460938,36.04,119.07,102.812500,PM2.5,21497
71.269997,112.519997,8.360000,29.660000,0.980000,59.439999,0.780000,-2.900000,285.480011,74.180000,100788.687500,36.02,119.23,95.337494,PM2.5,21498
66.809998,103.970001,7.430000,28.650000,0.890000,63.009998,0.420000,-1.920000,285.369995,74.989998,100647.796875,36.0,119.4,89.762497,PM2.5,21499
64.510002,95.169998,7.250000,23.719999,0.770000,71.300003,0.320000,-1.330000,285.709991,73.739998,100208.437500,35.98,119.57,86.887505,PM2.5,21500
60.669998,88.519997,7.300000,23.639999,0.700000,76.209999,-0.100000,-1.250000,285.880005,74.690002,100312.906250,35.96,119.73,82.087494,PM2.5,21501
54.580002,80.139999,7.420000,24.320000,0.650000,80.290001,-0.630000,-1.240000,285.619995,78.379997,100762.203125,35.94,119.9,74.475006,PM2.5,21502
47.910000,71.209999,7.850000,25.870001,0.600000,84.610001,-0.850000,-0.660000,285.079987,81.550003,101105.101562,35.92,120.07,66.137497,PM2.5,21503
102.070000,158.410004,17.690001,44.070000,1.210000,46.730000,-3.710000,-2.040000,286.600006,72.589996,101163.421875,36.51,115.41,133.837494,PM2.5,21721
103.040001,163.029999,18.530001,45.419998,1.210000,46.430000,-3.950000,-2.020000,286.609985,72.209999,101155.851562,36.5,115.57,135.050003,PM2.5,21722
104.959999,170.240005,19.840000,49.500000,1.220000,43.220001,-4.130000,-1.980000,286.540009,72.440002,101167.078125,36.49,115.74,137.449997,PM2.5,21723
106.279999,177.009995,20.660000,51.619999,1.220000,42.209999,-4.170000,-1.960000,286.570007,71.910004,101229.476562,36.47,115.91,139.100006,PM2.5,21724
105.980003,181.669998,21.120001,50.669998,1.230000,43.880001,-4.150000,-1.950000,286.679993,70.870003,101365.421875,36.46,116.08,138.725006,PM2.5,21725
107.760002,190.229996,22.209999,53.099998,1.260000,41.860001,-4.260000,-1.990000,286.850006,69.610001,101451.406250,36.44,116.24,140.949997,PM2.5,21726
109.190002,197.970001,22.719999,55.230000,1.290000,39.680000,-4.570000,-2.010000,286.989990,68.980003,101396.828125,36.43,116.41,142.737503,PM2.5,21727
110.720001,204.460007,22.860001,56.369999,1.330000,38.759998,-4.830000,-2.090000,287.000000,68.809998,100939.453125,36.42,116.58,144.649994,PM2.5,21728
114.019997,214.020004,23.219999,59.180000,1.380000,37.009998,-5.270000,-2.340000,286.950012,68.809998,100306.632812,36.4,116.75,148.774994,PM2.5,21729
113.760002,214.250000,22.900000,58.410000,1.390000,37.529999,-5.700000,-2.230000,286.119995,71.290001,98585.476562,36.39,116.92,148.449997,PM2.5,21730
113.650002,211.839996,22.690001,55.459999,1.410000,39.730000,-4.750000,-2.540000,284.470001,77.290001,96420.656250,36.37,117.08,148.312500,PM2.5,21731
112.550003,199.479996,21.840000,48.869999,1.440000,46.230000,-3.090000,-4.000000,284.230011,78.320000,96938.046875,36.35,117.25,146.937500,PM2.5,21732
112.820000,198.070007,22.840000,52.160000,1.590000,41.740002,-3.020000,-4.550000,284.829987,75.209999,98697.062500,36.34,117.42,147.274994,PM2.5,21733
116.250000,203.919998,26.020000,56.389999,1.750000,38.660000,-4.090000,-4.210000,285.109985,73.209999,98902.617188,36.32,117.59,151.785721,PM2.5,21734
113.830002,195.639999,24.450001,51.480000,1.740000,41.709999,-4.420000,-4.080000,284.950012,73.260002,97886.796875,36.31,117.75,148.537506,PM2.5,21735
110.040001,183.190002,22.170000,46.849998,1.680000,43.860001,-3.580000,-3.800000,284.350006,75.510002,96289.117188,36.29,117.92,143.800003,PM2.5,21736
105.300003,169.479996,20.250000,41.450001,1.540000,47.450001,-2.390000,-3.790000,283.820007,77.559998,95585.898438,36.27,118.09,137.875000,PM2.5,21737
100.480003,156.210007,16.930000,34.779999,1.380000,52.049999,-1.590000,-3.770000,283.839996,77.720001,96653.828125,36.26,118.25,131.850006,PM2.5,21738
95.389999,145.020004,14.700000,30.559999,1.250000,55.590000,-0.890000,-3.640000,283.739990,78.010002,97195.906250,36.24,118.42,125.487503,PM2.5,21739
91.419998,138.660004,13.150000,29.920000,1.210000,56.209999,0.300000,-3.910000,284.010010,76.669998,96927.437500,36.22,118.59,120.524994,PM2.5,21740
87.830002,133.770004,11.920000,28.840000,1.140000,57.720001,1.300000,-3.540000,284.980011,73.190002,97845.796875,36.21,118.76,116.037506,PM2.5,21741
83.150002,128.830002,11.050000,29.420000,1.120000,56.660000,1.580000,-3.590000,285.510010,71.400002,99254.250000,36.19,118.92,110.187500,PM2.5,21742
77.699997,122.449997,9.960000,30.049999,1.070000,55.840000,1.400000,-3.440000,285.630005,71.919998,100224.726562,36.17,119.09,103.375000,PM2.5,21743
71.970001,113.680000,8.730000,30.330000,1.000000,56.389999,0.890000,-2.930000,285.519989,73.360001,100860.468750,36.15,119.26,96.212502,PM2.5,21744
67.209999,105.160004,7.620000,29.190001,0.910000,59.930000,0.690000,-2.200000,285.369995,74.779999,101057.882812,36.13,119.42,90.262497,PM2.5,21745
64.870003,96.940002,7.380000,24.620001,0.790000,67.860001,0.470000,-1.390000,285.730011,74.000000,100883.242188,36.11,119.59,87.337502,PM2.5,21746
61.099998,90.449997,7.410000,24.070000,0.730000,73.360001,-0.050000,-1.010000,285.940002,74.230003,100720.867188,36.1,119.76,82.625000,PM2.5,21747
56.180000,83.629997,7.410000,24.700001,0.680000,77.300003,-0.460000,-0.950000,285.760010,76.489998,100720.742188,36.08,119.92,76.474998,PM2.5,21748
49.180000,75.849998,7.720000,30.420000,0.660000,75.919998,-0.660000,-0.860000,285.429993,78.629997,101032.726562,36.06,120.09,67.724998,PM2.5,21749
103.230003,158.759995,17.389999,44.869999,1.170000,46.610001,-3.700000,-2.030000,286.549988,71.089996,101274.906250,36.65,115.42,135.287506,PM2.5,21968
104.449997,163.699997,18.049999,45.900002,1.170000,46.419998,-3.900000,-1.930000,286.500000,70.889999,101303.421875,36.63,115.59,136.812500,PM2.5,21969
105.989998,169.610001,18.629999,48.470001,1.180000,44.330002,-4.070000,-1.820000,286.380005,71.370003,101325.093750,36.62,115.76,138.737503,PM2.5,21970
107.199997,175.949997,19.420000,50.910000,1.180000,42.869999,-4.140000,-1.800000,286.380005,71.190002,101347.382812,36.61,115.93,140.250000,PM2.5,21971
108.330002,182.919998,20.370001,52.980000,1.200000,41.419998,-4.200000,-1.810000,286.440002,70.500000,101409.617188,36.59,116.09,141.662506,PM2.5,21972
109.940002,190.940002,21.070000,54.730000,1.230000,39.820000,-4.270000,-1.970000,286.519989,69.680000,101434.671875,36.58,116.26,143.675003,PM2.5,21973
111.839996,198.970001,21.650000,56.630001,1.270000,37.889999,-4.440000,-2.130000,286.660004,68.959999,101444.640625,36.56,116.43,146.049988,PM2.5,21974
115.089996,209.050003,22.459999,59.369999,1.340000,35.470001,-4.630000,-2.080000,286.799988,68.580002,101314.867188,36.55,116.6,150.128571,PM2.5,21975
122.959999,228.940002,23.969999,68.570000,1.450000,27.870001,-4.870000,-1.990000,286.829987,68.349998,101006.203125,36.54,116.77,161.371429,PM2.5,21976
121.930000,226.830002,23.799999,66.650002,1.460000,29.879999,-5.250000,-1.690000,286.390015,69.660004,99997.390625,36.52,116.93,159.899994,PM2.5,21977
119.320000,218.490005,23.930000,61.389999,1.450000,34.430000,-5.010000,-2.010000,284.880005,75.379997,97822.593750,36.5,117.1,156.171432,PM2.5,21978
116.070000,201.699997,22.370001,51.279999,1.450000,42.830002,-3.970000,-2.690000,283.790009,79.169998,96747.226562,36.49,117.27,151.528564,PM2.5,21979
115.739998,198.910004,23.690001,52.990002,1.560000,40.950001,-3.740000,-3.340000,283.910004,77.870003,97352.679688,36.47,117.44,151.057144,PM2.5,21980
118.120003,205.179993,27.330000,57.459999,1.710000,37.509998,-4.060000,-3.700000,283.829987,77.370003,97034.289062,36.46,117.61,154.457153,PM2.5,21981
116.919998,201.869995,27.030001,54.189999,1.760000,39.480000,-3.180000,-3.470000,283.579987,78.160004,96521.453125,36.44,117.77,152.742859,PM2.5,21982
111.169998,186.789993,24.299999,49.770000,1.710000,41.040001,-2.120000,-2.740000,283.760010,77.400002,96539.578125,36.42,117.94,145.212494,PM2.5,21983
104.459999,168.119995,21.010000,42.720001,1.510000,45.320000,-1.480000,-2.590000,283.730011,77.410004,95870.992188,36.41,118.11,136.824997,PM2.5,21984
100.099998,155.809998,18.379999,36.840000,1.380000,49.709999,-0.630000,-2.980000,283.839996,76.959999,96339.226562,36.39,118.28,131.375000,PM2.5,21985
95.419998,146.520004,16.000000,33.570000,1.290000,51.610001,0.220000,-3.110000,284.130005,75.870003,97935.796875,36.37,118.44,125.524994,PM2.5,21986
91.239998,139.669998,14.090000,31.889999,1.240000,53.080002,1.110000,-2.580000,284.640015,74.029999,98493.312500,36.36,118.61,120.299995,PM2.5,21987
87.430000,133.460007,12.700000,30.430000,1.160000,54.680000,1.670000,-2.470000,285.309998,71.769997,98951.796875,36.34,118.78,115.537498,PM2.5,21988
82.720001,129.179993,11.640000,30.959999,1.140000,53.250000,1.530000,-3.230000,285.609985,70.809998,99829.117188,36.32,118.94,109.650002,PM2.5,21989
76.860001,122.309998,10.410000,31.500000,1.090000,52.500000,1.110000,-3.130000,285.589996,71.550003,100437.273438,36.3,119.11,102.324997,PM2.5,21990
71.330002,112.559998,9.040000,30.129999,0.980000,54.290001,0.700000,-2.680000,285.529999,72.529999,100922.921875,36.29,119.28,95.412506,PM2.5,21991
67.019997,105.389999,7.870000,28.719999,0.910000,57.919998,0.610000,-2.260000,285.309998,74.330002,101274.578125,36.27,119.45,90.024994,PM2.5,21992
64.910004,98.360001,7.600000,25.170000,0.810000,64.470001,0.380000,-1.640000,285.690002,73.980003,101366.382812,36.25,119.61,87.387505,PM2.5,21993
61.330002,92.239998,7.550000,24.930000,0.750000,69.309998,-0.050000,-1.160000,285.899994,74.120003,101163.523438,36.23,119.78,82.912506,PM2.5,21994
57.389999,86.230003,7.560000,24.950001,0.710000,75.029999,-0.550000,-0.830000,285.890015,75.360001,101025.046875,36.21,119.95,77.987503,PM2.5,21995
52.900002,84.610001,7.000000,31.400000,0.720000,73.190002,-0.870000,-0.770000,284.890015,81.760002,101416.421875,36.19,120.11,72.375000,PM2.5,21996
43.889999,71.709999,10.150000,35.910000,0.730000,77.879997,-0.990000,-0.390000,285.839996,77.449997,100906.406250,36.15,120.45,61.112499,PM2.5,21997
45.700001,65.419998,8.860000,16.420000,0.600000,92.589996,-1.150000,-0.800000,285.640015,75.459999,100394.382812,36.13,120.61,63.375000,PM2.5,21998
105.830002,164.240005,17.770000,47.250000,1.150000,45.689999,-3.870000,-1.950000,286.380005,69.769997,101401.492188,36.77,115.61,138.537506,PM2.5,22219
106.820000,169.009995,18.010000,48.779999,1.150000,44.599998,-4.030000,-1.750000,286.260010,70.089996,101368.203125,36.76,115.78,139.774994,PM2.5,22220
108.309998,175.600006,18.670000,51.209999,1.160000,42.820000,-4.140000,-1.690000,286.250000,69.989998,101360.093750,36.74,115.94,141.637497,PM2.5,22221
109.860001,182.809998,19.360001,53.709999,1.180000,40.250000,-4.200000,-1.670000,286.260010,69.690002,101432.476562,36.73,116.11,143.574997,PM2.5,22222
111.430000,190.009995,19.760000,54.970001,1.210000,38.849998,-4.250000,-1.820000,286.269989,69.360001,101467.960938,36.71,116.28,145.537506,PM2.5,22223
113.730003,198.089996,20.250000,56.849998,1.250000,37.110001,-4.320000,-2.090000,286.269989,69.360001,101451.140625,36.7,116.45,148.412506,PM2.5,22224
117.970001,209.509995,21.200001,60.250000,1.310000,34.119999,-4.470000,-2.240000,286.359985,69.110001,101430.726562,36.68,116.62,154.242859,PM2.5,22225
129.410004,236.440002,22.709999,72.669998,1.480000,23.580000,-4.440000,-2.150000,286.489990,68.680000,101408.429688,36.67,116.79,170.585724,PM2.5,22226
127.459999,231.509995,21.440001,72.099998,1.470000,25.629999,-4.540000,-1.560000,286.470001,68.000000,100953.562500,36.65,116.95,167.800003,PM2.5,22227
124.430000,225.449997,24.260000,68.900002,1.490000,27.150000,-4.600000,-1.390000,285.670013,71.589996,99769.023438,36.64,117.12,163.471436,PM2.5,22228
115.839996,198.830002,22.440001,51.669998,1.420000,40.660000,-4.170000,-1.080000,285.130005,73.089996,99118.656250,36.62,117.29,151.199997,PM2.5,22229
116.900002,198.830002,24.580000,54.470001,1.540000,38.669998,-4.130000,-1.230000,284.649994,74.160004,98672.867188,36.61,117.46,152.714294,PM2.5,22230
120.730003,210.690002,30.139999,61.099998,1.750000,33.779999,-3.680000,-1.630000,283.970001,76.330002,97297.953125,36.59,117.63,158.185715,PM2.5,22231
121.690002,216.360001,31.469999,61.130001,1.910000,32.480000,-2.040000,-1.830000,283.859985,76.620003,97290.828125,36.58,117.79,159.557144,PM2.5,22232
114.070000,198.440002,29.100000,55.799999,1.840000,36.570000,-1.230000,-1.320000,284.619995,73.290001,98480.843750,36.56,117.96,148.837494,PM2.5,22233
105.959999,175.119995,24.930000,48.110001,1.630000,41.709999,-1.410000,-1.610000,284.309998,74.260002,97606.789062,36.54,118.13,138.699997,PM2.5,22234
100.449997,160.039993,21.420000,41.570000,1.470000,45.830002,-0.520000,-2.520000,283.980011,75.669998,96924.882812,36.53,118.3,131.812500,PM2.5,22235
95.839996,150.210007,18.480000,38.000000,1.390000,47.459999,0.820000,-2.970000,284.820007,72.510002,98775.273438,36.51,118.46,126.049995,PM2.5,22236
91.169998,141.960007,16.070000,35.330002,1.310000,49.470001,1.210000,-2.440000,285.250000,71.190002,99900.218750,36.49,118.63,120.212494,PM2.5,22237
86.650002,134.220001,14.170000,32.849998,1.200000,51.669998,1.220000,-2.330000,285.250000,71.580002,99775.976562,36.47,118.8,114.562500,PM2.5,22238
81.269997,128.740005,12.700000,33.029999,1.180000,49.980000,1.060000,-3.160000,285.399994,71.050003,100179.203125,36.46,118.97,107.837494,PM2.5,22239
75.230003,121.120003,11.090000,32.700001,1.100000,49.650002,0.620000,-3.010000,285.459991,71.389999,100710.281250,36.44,119.13,100.287506,PM2.5,22240
70.099998,109.580002,9.430000,29.110001,0.950000,53.639999,0.290000,-2.630000,285.500000,71.529999,101094.031250,36.42,119.3,93.875000,PM2.5,22241
66.290001,104.480003,8.130000,27.940001,0.890000,58.549999,0.200000,-2.180000,285.130005,74.930000,101418.906250,36.4,119.47,89.112503,PM2.5,22242
64.180000,98.449997,7.970000,25.400000,0.820000,62.450001,0.020000,-1.850000,285.700012,73.349998,101609.226562,36.38,119.64,86.474998,PM2.5,22243
60.860001,94.040001,7.630000,27.410000,0.790000,64.980003,-0.310000,-1.510000,285.910004,73.500000,101515.187500,36.37,119.8,82.324997,PM2.5,22244
57.849998,89.260002,7.300000,27.170000,0.760000,70.290001,-0.710000,-1.400000,285.899994,74.730003,101443.843750,36.35,119.97,78.562500,PM2.5,22245
57.680000,89.559998,7.150000,28.820000,0.770000,73.970001,-1.060000,-1.380000,285.709991,78.040001,101638.570312,36.33,120.14,78.349998,PM2.5,22246
58.299999,90.849998,7.200000,37.490002,0.850000,68.800003,-1.070000,-1.320000,285.760010,78.809998,101582.250000,36.31,120.3,79.125000,PM2.5,22247
55.860001,82.489998,9.040000,35.320000,0.790000,74.400002,-1.050000,-1.230000,285.940002,75.339996,100907.242188,36.29,120.47,76.074997,PM2.5,22248
53.099998,74.089996,8.430000,19.629999,0.680000,86.389999,-1.050000,-0.950000,285.679993,74.279999,100665.062500,36.27,120.64,72.625000,PM2.5,22249
108.230003,168.559998,17.450001,49.650002,1.140000,44.060001,-3.940000,-1.760000,286.160004,69.180000,101353.062500,36.89,115.79,141.537506,PM2.5,22472
109.800003,175.050003,18.000000,51.770000,1.160000,42.299999,-3.990000,-1.610000,286.149994,69.000000,101355.476562,36.88,115.96,143.500000,PM2.5,22473
111.589996,181.839996,18.350000,53.689999,1.180000,40.009998,-4.060000,-1.600000,286.149994,68.900002,101488.031250,36.86,116.13,145.737488,PM2.5,22474
112.360001,186.830002,18.379999,54.230000,1.190000,39.009998,-4.160000,-1.750000,286.140015,68.559998,101545.570312,36.85,116.3,146.699997,PM2.5,22475
114.279999,193.899994,18.760000,56.220001,1.220000,36.980000,-4.220000,-1.970000,286.059998,68.989998,101536.398438,36.83,116.47,149.100006,PM2.5,22476
118.610001,204.949997,19.610001,59.520000,1.270000,33.740002,-4.320000,-2.340000,285.989990,69.550003,101576.117188,36.82,116.64,155.157150,PM2.5,22477
129.339996,229.380005,21.110001,68.900002,1.420000,25.690001,-4.430000,-2.590000,285.980011,70.019997,101637.710938,36.8,116.8,170.485703,PM2.5,22478
128.729996,230.009995,21.820000,69.529999,1.450000,25.080000,-4.380000,-2.210000,286.149994,69.230003,101601.031250,36.79,116.97,169.614273,PM2.5,22479
122.989998,218.300003,22.889999,66.349998,1.450000,27.610001,-4.140000,-1.280000,286.320007,67.949997,101424.289062,36.77,117.14,161.414276,PM2.5,22480
113.739998,192.630005,21.879999,49.740002,1.380000,39.750000,-4.040000,-0.770000,286.220001,67.769997,101341.882812,36.76,117.31,148.425003,PM2.5,22481
114.709999,193.320007,24.280001,52.529999,1.480000,38.380001,-4.170000,-0.530000,285.760010,68.849998,100662.953125,36.74,117.48,149.637497,PM2.5,22482
119.769997,209.360001,30.110001,61.290001,1.710000,31.639999,-3.370000,-0.750000,285.260010,70.400002,99556.960938,36.73,117.65,156.814285,PM2.5,22483
121.010002,217.649994,32.639999,62.980000,1.890000,29.860001,-1.780000,-1.040000,285.480011,69.470001,99906.109375,36.71,117.81,158.585724,PM2.5,22484
114.260002,203.520004,31.370001,58.080002,1.860000,33.320000,-1.510000,-0.960000,285.510010,69.040001,100491.031250,36.69,117.98,149.074997,PM2.5,22485
105.199997,179.139999,27.240000,50.209999,1.670000,39.180000,-1.820000,-1.300000,284.829987,71.129997,99197.828125,36.68,118.15,137.750000,PM2.5,22486
99.809998,163.160004,23.400000,44.189999,1.530000,43.099998,-0.690000,-2.160000,284.630005,72.019997,98460.398438,36.66,118.32,131.012497,PM2.5,22487
94.879997,152.589996,20.410000,40.389999,1.450000,45.410000,0.620000,-2.730000,285.470001,69.209999,99790.843750,36.64,118.49,124.849998,PM2.5,22488
89.879997,143.229996,17.629999,37.110001,1.370000,47.169998,0.720000,-2.640000,285.529999,69.330002,100626.882812,36.63,118.65,118.599998,PM2.5,22489
84.610001,133.410004,15.280000,34.360001,1.250000,48.930000,0.570000,-2.460000,285.200012,71.110001,100450.796875,36.61,118.82,112.012497,PM2.5,22490
78.480003,127.449997,13.680000,34.740002,1.220000,47.020000,0.450000,-2.920000,285.209991,70.919998,100548.968750,36.59,118.99,104.350006,PM2.5,22491
71.099998,118.099998,11.600000,33.970001,1.130000,46.770000,0.030000,-2.910000,285.220001,71.279999,100832.226562,36.57,119.16,95.125000,PM2.5,22492
67.699997,106.769997,9.710000,29.610001,0.930000,51.540001,-0.240000,-2.710000,285.260010,71.309998,101121.460938,36.56,119.32,90.875000,PM2.5,22493
64.230003,100.510002,8.740000,26.430000,0.850000,57.240002,-0.390000,-2.260000,285.440002,72.320000,101407.851562,36.54,119.49,86.537506,PM2.5,22494
62.810001,96.989998,8.290000,24.370001,0.810000,61.680000,-0.530000,-1.940000,285.540009,73.000000,101638.132812,36.52,119.66,84.762505,PM2.5,22495
61.139999,94.300003,7.830000,25.799999,0.800000,65.330002,-0.730000,-1.720000,285.739990,73.489998,101692.882812,36.5,119.83,82.675003,PM2.5,22496
60.330002,91.849998,7.400000,25.940001,0.790000,70.589996,-1.050000,-1.790000,285.750000,74.610001,101666.953125,36.48,119.99,81.662506,PM2.5,22497
62.270000,94.320000,7.260000,27.559999,0.820000,74.360001,-1.250000,-1.800000,285.649994,76.410004,101613.257812,36.46,120.16,84.087502,PM2.5,22498
62.840000,96.889999,7.180000,37.279999,0.910000,66.610001,-1.190000,-1.830000,285.529999,77.930000,101394.976562,36.44,120.33,84.800003,PM2.5,22499
61.099998,91.239998,8.220000,32.650002,0.850000,71.860001,-0.940000,-1.780000,285.630005,76.260002,101202.726562,36.42,120.49,82.625000,PM2.5,22500
60.090000,84.660004,8.310000,21.450001,0.740000,81.769997,-0.950000,-1.340000,285.589996,75.360001,101310.976562,36.4,120.66,81.362503,PM2.5,22501
110.370003,172.770004,17.420000,52.360001,1.150000,41.560001,-4.030000,-1.560000,286.070007,67.940002,101407.796875,37.01,115.98,144.212509,PM2.5,22726
111.449997,178.029999,17.549999,53.709999,1.170000,39.570000,-4.080000,-1.600000,286.000000,68.029999,101524.593750,37.0,116.15,145.562500,PM2.5,22727
112.209999,181.940002,17.510000,53.619999,1.170000,39.180000,-4.230000,-1.840000,285.980011,67.739998,101591.601562,36.98,116.32,146.512497,PM2.5,22728
114.449997,187.360001,17.760000,54.790001,1.190000,37.590000,-4.300000,-2.090000,285.899994,68.160004,101597.132812,36.97,116.49,149.312500,PM2.5,22729
118.250000,196.779999,18.480000,57.380001,1.230000,34.770000,-4.240000,-2.430000,285.760010,69.080002,101620.460938,36.95,116.65,154.642853,PM2.5,22730
125.120003,212.259995,19.629999,63.080002,1.300000,30.280001,-4.120000,-2.730000,285.690002,69.669998,101642.148438,36.94,116.82,164.457153,PM2.5,22731
124.519997,212.570007,20.000000,62.930000,1.320000,30.490000,-4.000000,-2.670000,285.720001,69.430000,101674.210938,36.92,116.99,163.599991,PM2.5,22732
118.959999,203.770004,20.570000,59.020000,1.330000,32.759998,-3.890000,-1.920000,285.839996,68.529999,101754.570312,36.91,117.16,155.657135,PM2.5,22733
112.059998,186.190002,20.430000,47.160000,1.320000,40.689999,-3.800000,-1.460000,285.839996,67.949997,101695.109375,36.89,117.33,146.324997,PM2.5,22734
111.989998,187.070007,22.790001,49.700001,1.410000,39.419998,-3.660000,-0.990000,285.820007,67.260002,101403.007812,36.88,117.5,146.237503,PM2.5,22735
116.459999,204.220001,28.500000,60.599998,1.640000,31.139999,-2.900000,-1.100000,285.809998,66.970001,100946.492188,36.86,117.67,152.085709,PM2.5,22736
119.339996,220.300003,33.150002,67.830002,1.880000,25.459999,-1.980000,-1.440000,285.940002,66.470001,101399.718750,36.85,117.83,156.199997,PM2.5,22737
114.080002,213.580002,34.320000,64.910004,1.950000,27.090000,-1.940000,-1.380000,285.510010,67.800003,101438.406250,36.83,118.0,148.850006,PM2.5,22738
106.290001,191.710007,31.150000,56.990002,1.830000,32.840000,-1.760000,-1.280000,285.200012,68.519997,100650.843750,36.81,118.17,139.112503,PM2.5,22739
99.519997,171.830002,26.170000,48.250000,1.650000,39.619999,-0.670000,-1.810000,285.480011,67.510002,100461.406250,36.8,118.34,130.649994,PM2.5,22740
94.139999,157.410004,22.250000,41.779999,1.520000,43.799999,0.040000,-2.640000,285.850006,66.529999,100883.476562,36.78,118.51,123.925003,PM2.5,22741
88.059998,142.960007,18.469999,36.660000,1.380000,46.200001,-0.110000,-2.900000,285.640015,67.870003,101155.140625,36.76,118.68,116.324997,PM2.5,22742
81.580002,130.309998,15.500000,33.130001,1.230000,47.830002,-0.320000,-2.770000,285.299988,69.570000,101168.406250,36.74,118.84,108.225006,PM2.5,22743
74.750000,121.449997,13.740000,32.189999,1.180000,47.680000,-0.470000,-2.790000,285.109985,70.480003,101116.460938,36.73,119.01,99.687500,PM2.5,22744
67.820000,111.269997,11.550000,30.830000,1.070000,47.990002,-0.730000,-2.850000,285.000000,70.910004,101076.812500,36.71,119.18,91.025002,PM2.5,22745
64.250000,101.860001,9.700000,27.830000,0.890000,51.849998,-0.840000,-2.730000,284.959991,71.400002,101193.093750,36.69,119.35,86.562500,PM2.5,22746
61.700001,96.870003,8.900000,25.320000,0.820000,56.639999,-0.820000,-2.370000,285.000000,72.709999,101460.328125,36.67,119.51,83.375000,PM2.5,22747
61.070000,94.860001,8.620000,23.600000,0.800000,60.759998,-0.970000,-2.050000,285.279999,72.720001,101638.382812,36.65,119.68,82.587502,PM2.5,22748
60.840000,93.099998,8.250000,23.969999,0.800000,65.089996,-1.240000,-1.870000,285.529999,72.940002,101628.000000,36.63,119.85,82.300003,PM2.5,22749
61.160000,91.709999,7.810000,23.320000,0.780000,71.029999,-1.440000,-1.950000,285.549988,73.949997,101554.046875,36.62,120.02,82.699997,PM2.5,22750
62.299999,92.739998,7.660000,23.590000,0.800000,75.199997,-1.350000,-1.990000,285.480011,75.339996,101471.617188,36.6,120.18,84.125000,PM2.5,22751
59.750000,92.139999,7.510000,22.910000,0.840000,77.260002,-1.090000,-1.850000,285.410004,76.459999,101294.023438,36.58,120.35,80.937500,PM2.5,22752
57.709999,89.070000,8.070000,22.959999,0.830000,77.449997,-0.880000,-2.280000,285.510010,75.330002,101235.781250,36.56,120.52,78.387497,PM2.5,22753
58.540001,86.519997,8.670000,21.840000,0.770000,79.010002,-0.840000,-2.180000,285.600006,74.510002,101415.570312,36.54,120.69,79.425003,PM2.5,22754
60.950001,84.519997,10.200000,19.490000,0.700000,81.040001,-0.840000,-1.620000,285.350006,75.919998,101588.226562,36.52,120.85,82.437500,PM2.5,22755
109.760002,168.809998,16.940001,52.590000,1.140000,41.160000,-4.140000,-1.710000,286.000000,67.389999,101522.296875,37.15,116.0,143.449997,PM2.5,22980
110.599998,172.710007,16.980000,53.220001,1.150000,39.860001,-4.280000,-1.740000,285.920013,67.160004,101576.156250,37.13,116.17,144.500000,PM2.5,22981
111.190002,175.529999,17.020000,52.700001,1.150000,39.709999,-4.470000,-1.970000,285.839996,67.230003,101605.289062,37.12,116.33,145.237503,PM2.5,22982
112.339996,178.690002,17.190001,52.700001,1.160000,39.240002,-4.510000,-2.300000,285.760010,67.550003,101645.468750,37.1,116.5,146.674988,PM2.5,22983
115.519997,187.029999,18.219999,55.169998,1.200000,37.020000,-4.390000,-2.530000,285.709991,67.800003,101660.617188,37.09,116.67,150.742859,PM2.5,22984
120.970001,199.509995,19.500000,59.200001,1.260000,33.990002,-4.270000,-2.700000,285.690002,67.919998,101677.156250,37.07,116.84,158.528580,PM2.5,22985
119.080002,197.119995,19.260000,57.040001,1.250000,35.459999,-4.220000,-2.650000,285.679993,67.480003,101667.929688,37.06,117.01,155.828568,PM2.5,22986
114.180000,188.789993,19.090000,52.130001,1.230000,38.299999,-4.120000,-2.360000,285.570007,67.500000,101633.367188,37.04,117.18,148.975006,PM2.5,22987
109.220001,177.869995,18.959999,45.119999,1.230000,42.310001,-3.890000,-2.110000,285.489990,67.510002,101689.617188,37.03,117.35,142.774994,PM2.5,22988
108.129997,179.089996,20.730000,47.150002,1.310000,40.240002,-3.510000,-1.840000,285.570007,66.510002,101641.273438,37.01,117.52,141.412491,PM2.5,22989
111.860001,195.309998,24.990000,59.270000,1.510000,31.740000,-2.910000,-1.940000,285.679993,65.650002,101568.187500,37.0,117.69,146.074997,PM2.5,22990
114.779999,210.369995,29.080000,63.910000,1.730000,27.629999,-2.480000,-2.310000,285.489990,66.349998,101671.453125,36.98,117.85,149.725006,PM2.5,22991
111.849998,210.500000,32.369999,62.580002,1.870000,27.510000,-2.230000,-2.010000,285.160004,67.300003,101569.273438,36.96,118.02,146.062500,PM2.5,22992
104.830002,194.800003,31.180000,57.340000,1.830000,31.280001,-1.680000,-1.720000,285.179993,66.900002,101413.710938,36.95,118.19,137.287506,PM2.5,22993
98.620003,177.789993,27.450001,50.689999,1.720000,36.369999,-0.990000,-2.190000,285.440002,66.000000,101438.007812,36.93,118.36,129.525009,PM2.5,22994
92.400002,159.410004,22.969999,42.580002,1.550000,41.419998,-0.760000,-3.050000,285.559998,65.919998,101438.460938,36.91,118.53,121.750000,PM2.5,22995
85.510002,140.679993,18.510000,34.990002,1.340000,45.660000,-1.030000,-3.370000,285.350006,67.519997,101429.328125,36.9,118.7,113.137505,PM2.5,22996
78.129997,125.190002,15.330000,30.500000,1.180000,47.990002,-1.280000,-3.310000,285.079987,69.260002,101432.093750,36.88,118.87,103.912498,PM2.5,22997
70.989998,112.830002,12.870000,28.040001,1.060000,49.320000,-1.420000,-3.070000,284.899994,70.190002,101416.953125,36.86,119.03,94.987495,PM2.5,22998
64.000000,102.800003,10.920000,26.680000,0.960000,50.200001,-1.570000,-2.940000,284.769989,70.839996,101370.070312,36.84,119.2,86.250000,PM2.5,22999
60.310001,95.709999,9.500000,25.440001,0.840000,52.959999,-1.610000,-2.810000,284.600006,72.010002,101405.976562,36.82,119.37,81.637505,PM2.5,23000
58.950001,92.989998,9.040000,24.350000,0.800000,56.509998,-1.530000,-2.520000,284.679993,72.930000,101576.812500,36.81,119.54,79.937500,PM2.5,23001
59.509998,93.019997,9.100000,24.330000,0.810000,58.790001,-1.550000,-2.230000,285.010010,72.260002,101538.187500,36.79,119.71,80.637497,PM2.5,23002
60.810001,92.870003,8.930000,24.709999,0.820000,62.590000,-1.630000,-2.050000,285.269989,71.889999,101255.343750,36.77,119.87,82.262505,PM2.5,23003
61.939999,92.010002,8.510000,23.320000,0.800000,69.000000,-1.680000,-2.120000,285.320007,72.680000,101131.296875,36.75,120.04,83.674995,PM2.5,23004
62.610001,92.449997,8.350000,23.719999,0.810000,72.580002,-1.430000,-2.330000,285.250000,74.029999,101188.953125,36.73,120.21,84.512497,PM2.5,23005
58.720001,89.769997,8.250000,20.549999,0.820000,77.940002,-1.100000,-2.300000,285.329987,74.370003,101141.132812,36.71,120.38,79.650002,PM2.5,23006
56.389999,87.639999,8.430000,21.780001,0.840000,76.559998,-0.930000,-2.640000,285.359985,73.809998,101136.953125,36.69,120.54,76.737503,PM2.5,23007
56.389999,84.750000,8.870000,22.660000,0.790000,77.849998,-0.880000,-2.650000,285.410004,73.550003,101282.046875,36.67,120.71,76.737503,PM2.5,23008
108.900002,164.940002,16.760000,53.580002,1.130000,39.810001,-4.330000,-1.930000,285.859985,67.050003,101650.328125,37.28,116.01,142.375000,PM2.5,23233
109.510002,168.419998,17.120001,54.290001,1.150000,38.660000,-4.560000,-1.950000,285.799988,66.459999,101686.476562,37.27,116.18,143.137497,PM2.5,23234
109.779999,170.339996,17.209999,52.860001,1.160000,39.590000,-4.620000,-2.060000,285.690002,66.400002,101648.398438,37.25,116.35,143.475006,PM2.5,23235
109.650002,171.039993,17.010000,51.439999,1.140000,40.259998,-4.630000,-2.410000,285.609985,66.470001,101678.898438,37.24,116.52,143.312500,PM2.5,23236
112.029999,177.460007,17.879999,52.900002,1.180000,38.759998,-4.550000,-2.620000,285.640015,66.050003,101701.312500,37.22,116.69,146.287506,PM2.5,23237
115.180000,185.429993,18.709999,54.820000,1.220000,37.209999,-4.460000,-2.780000,285.660004,65.589996,101698.226562,37.21,116.86,150.257141,PM2.5,23238
113.830002,182.630005,18.000000,51.389999,1.180000,39.330002,-4.440000,-2.750000,285.679993,65.089996,101685.406250,37.19,117.03,148.537506,PM2.5,23239
110.129997,176.710007,17.629999,47.099998,1.160000,41.840000,-4.380000,-2.530000,285.640015,64.750000,101647.757812,37.18,117.2,143.912491,PM2.5,23240
106.180000,169.050003,17.540001,43.040001,1.160000,43.540001,-4.150000,-2.460000,285.500000,64.910004,101600.390625,37.16,117.37,138.975006,PM2.5,23241
104.779999,168.770004,18.590000,43.650002,1.210000,42.000000,-3.720000,-2.590000,285.450012,64.589996,101626.093750,37.15,117.54,137.225006,PM2.5,23242
106.239998,176.899994,20.920000,49.410000,1.330000,37.360001,-3.310000,-2.820000,285.420013,64.260002,101736.890625,37.13,117.71,139.050003,PM2.5,23243
107.449997,184.210007,23.360001,51.060001,1.450000,35.230000,-3.120000,-2.910000,285.220001,64.709999,101710.031250,37.11,117.88,140.562500,PM2.5,23244
104.540001,184.100006,25.980000,49.910000,1.550000,35.619999,-2.820000,-2.630000,285.109985,64.959999,101572.039062,37.1,118.04,136.925003,PM2.5,23245
98.889999,176.410004,26.240000,47.160000,1.580000,37.500000,-2.270000,-2.500000,285.130005,64.820000,101540.968750,37.08,118.21,129.862503,PM2.5,23246
92.660004,163.509995,24.230000,42.259998,1.520000,40.560001,-1.830000,-2.930000,285.269989,64.430000,101574.656250,37.06,118.38,122.075005,PM2.5,23247
87.250000,148.339996,20.750000,36.119999,1.380000,44.099998,-1.670000,-3.580000,285.279999,65.000000,101607.171875,37.05,118.55,115.312500,PM2.5,23248
81.540001,132.929993,17.040001,30.620001,1.230000,47.200001,-1.840000,-3.770000,285.029999,67.250000,101621.468750,37.03,118.72,108.175003,PM2.5,23249
73.889999,117.110001,14.130000,26.879999,1.080000,49.500000,-2.150000,-3.770000,284.769989,69.260002,101578.921875,37.01,118.89,98.612503,PM2.5,23250
65.570000,102.690002,11.640000,24.639999,0.940000,51.459999,-2.270000,-3.370000,284.570007,70.300003,101532.382812,37.0,119.06,88.212502,PM2.5,23251
59.340000,93.500000,9.990000,23.360001,0.850000,52.779999,-2.340000,-3.050000,284.410004,71.260002,101516.640625,36.98,119.22,80.425003,PM2.5,23252
56.759998,89.059998,9.080000,23.040001,0.780000,54.630001,-2.360000,-2.910000,284.179993,73.309998,101549.382812,36.96,119.39,77.199997,PM2.5,23253
56.410000,88.500000,8.970000,23.430000,0.770000,56.660000,-2.190000,-2.740000,284.239990,74.320000,101646.351562,36.94,119.56,76.762497,PM2.5,23254
58.380001,91.040001,9.450000,25.459999,0.820000,56.720001,-2.050000,-2.370000,284.700012,72.320000,101424.609375,36.92,119.73,79.224998,PM2.5,23255
61.139999,92.620003,9.650000,26.250000,0.850000,59.250000,-1.920000,-2.070000,284.970001,70.660004,100741.250000,36.9,119.9,82.675003,PM2.5,23256
61.810001,90.919998,9.200000,23.360001,0.810000,66.360001,-1.600000,-2.100000,284.980011,71.330002,100412.000000,36.88,120.06,83.512505,PM2.5,23257
62.470001,91.309998,9.110000,24.020000,0.830000,69.580002,-1.310000,-2.410000,284.989990,72.589996,100743.992188,36.86,120.23,84.337502,PM2.5,23258
58.919998,89.169998,8.770000,22.059999,0.850000,73.190002,-1.130000,-2.580000,285.059998,73.320000,100963.828125,36.85,120.4,79.899994,PM2.5,23259
56.599998,88.120003,8.960000,25.320000,0.910000,72.019997,-1.070000,-2.820000,285.170013,72.690002,101026.203125,36.83,120.57,77.000000,PM2.5,23260
55.389999,83.860001,9.290000,24.240000,0.840000,75.809998,-1.000000,-2.970000,285.179993,72.660004,101081.156250,36.81,120.74,75.487503,PM2.5,23261
54.049999,80.019997,10.000000,22.520000,0.780000,80.169998,-0.710000,-2.660000,285.339996,71.559998,100775.703125,36.79,120.9,73.812500,PM2.5,23262
52.369999,76.449997,10.850000,21.379999,0.750000,83.059998,-0.350000,-2.630000,285.519989,70.730003,100700.468750,36.77,121.07,71.712502,PM2.5,23263
49.630001,72.120003,11.810000,20.309999,0.720000,84.980003,-0.300000,-2.790000,285.510010,71.849998,101206.273438,36.74,121.24,68.287498,PM2.5,23264
110.089996,170.039993,18.309999,55.110001,1.220000,36.250000,-4.880000,-2.050000,285.470001,66.070000,101639.453125,37.39,116.37,143.862488,PM2.5,23491
107.379997,165.729996,17.290001,51.540001,1.150000,39.419998,-4.870000,-2.350000,285.429993,65.629997,101626.882812,37.37,116.54,140.474991,PM2.5,23492
106.570000,166.679993,17.090000,50.130001,1.130000,40.430000,-4.830000,-2.610000,285.480011,64.660004,101626.046875,37.36,116.71,139.462494,PM2.5,23493
107.489998,169.720001,17.250000,49.590000,1.140000,40.270000,-4.810000,-2.840000,285.519989,63.790001,101594.398438,37.34,116.88,140.612503,PM2.5,23494
106.209999,167.539993,16.730000,46.680000,1.120000,41.860001,-4.760000,-2.930000,285.529999,63.220001,101612.617188,37.33,117.05,139.012497,PM2.5,23495
103.800003,163.690002,16.280001,43.520000,1.090000,43.529999,-4.600000,-2.780000,285.559998,62.720001,101656.968750,37.31,117.22,136.000000,PM2.5,23496
101.620003,158.600006,16.290001,40.630001,1.090000,44.220001,-4.350000,-2.600000,285.549988,62.259998,101639.992188,37.3,117.39,133.275009,PM2.5,23497
100.029999,157.710007,17.190001,40.419998,1.130000,43.090000,-4.050000,-2.720000,285.420013,62.060001,101586.726562,37.28,117.56,131.287506,PM2.5,23498
100.010002,161.240005,18.730000,42.230000,1.200000,40.480000,-3.790000,-3.190000,285.299988,61.810001,101623.843750,37.27,117.73,131.262497,PM2.5,23499
99.440002,163.479996,20.629999,41.869999,1.260000,39.590000,-3.590000,-3.200000,285.209991,61.860001,101689.546875,37.25,117.9,130.550003,PM2.5,23500
95.730003,163.059998,23.020000,41.209999,1.340000,39.720001,-3.340000,-3.110000,285.190002,62.049999,101675.187500,37.23,118.06,125.912506,PM2.5,23501
90.309998,158.020004,23.780001,39.310001,1.380000,41.040001,-2.960000,-3.130000,285.220001,62.060001,101669.179688,37.22,118.23,119.137497,PM2.5,23502
84.730003,147.839996,22.520000,35.520000,1.340000,43.599998,-2.640000,-3.390000,285.250000,62.250000,101701.703125,37.2,118.4,112.162506,PM2.5,23503
79.589996,133.889999,19.440001,30.250000,1.220000,47.139999,-2.480000,-3.900000,285.179993,63.500000,101734.742188,37.18,118.57,105.737495,PM2.5,23504
73.839996,118.029999,15.610000,25.209999,1.070000,49.820000,-2.530000,-4.120000,284.829987,66.599998,101736.242188,37.16,118.74,98.549995,PM2.5,23505
66.230003,103.339996,13.400000,22.830000,0.940000,51.230000,-2.800000,-4.010000,284.510010,69.360001,101699.351562,37.15,118.91,89.037506,PM2.5,23506
58.470001,90.180000,11.560000,21.100000,0.790000,53.509998,-3.020000,-3.500000,284.230011,71.099998,101685.398438,37.13,119.08,79.337502,PM2.5,23507
54.580002,84.150002,10.490000,20.389999,0.720000,54.669998,-3.100000,-3.130000,284.049988,71.980003,101693.007812,37.11,119.25,74.475006,PM2.5,23508
54.020000,82.639999,10.060000,20.510000,0.690000,56.090000,-3.000000,-2.910000,283.809998,74.440002,101693.976562,37.09,119.42,73.775002,PM2.5,23509
55.220001,84.720001,10.520000,22.280001,0.720000,56.709999,-2.680000,-2.830000,283.839996,75.860001,101721.187500,37.07,119.58,75.275002,PM2.5,23510
58.209999,89.540001,10.990000,26.139999,0.820000,54.660000,-2.430000,-2.470000,284.359985,73.400002,101500.320312,37.06,119.75,79.012497,PM2.5,23511
60.700001,91.180000,10.760000,26.910000,0.860000,56.570000,-2.180000,-1.890000,284.769989,69.639999,100562.296875,37.04,119.92,82.125000,PM2.5,23512
60.930000,89.129997,9.780000,23.440001,0.810000,63.730000,-1.470000,-1.770000,284.700012,69.440002,99738.367188,37.02,120.09,82.412498,PM2.5,23513
61.740002,89.900002,9.880000,24.379999,0.840000,66.709999,-0.870000,-2.210000,284.709991,70.949997,100118.101562,37.0,120.26,83.425003,PM2.5,23514
58.439999,87.750000,9.460000,23.080000,0.860000,70.110001,-0.930000,-2.540000,284.869995,71.889999,100683.320312,36.98,120.43,79.299995,PM2.5,23515
55.930000,87.000000,9.540000,27.139999,0.950000,68.860001,-1.150000,-2.770000,285.000000,71.480003,100775.203125,36.96,120.59,76.162498,PM2.5,23516
54.349998,83.129997,9.260000,25.459999,0.880000,73.510002,-1.280000,-3.130000,284.869995,72.470001,100905.132812,36.94,120.76,74.187500,PM2.5,23517
52.500000,79.680000,9.140000,24.520000,0.850000,76.879997,-0.920000,-3.010000,284.750000,72.150002,100361.320312,36.92,120.93,71.875000,PM2.5,23518
50.750000,76.559998,9.140000,24.030001,0.830000,79.309998,0.110000,-3.080000,284.950012,70.050003,99836.023438,36.9,121.1,69.687500,PM2.5,23519
49.290001,73.879997,9.530000,22.650000,0.800000,81.169998,0.530000,-3.330000,285.390015,69.620003,100683.750000,36.88,121.26,67.862503,PM2.5,23520
46.840000,69.889999,10.880000,21.860001,0.760000,84.010002,0.170000,-3.190000,285.450012,71.199997,101480.437500,36.86,121.43,64.800003,PM2.5,23521
102.720001,157.220001,16.760000,49.930000,1.110000,39.939999,-5.040000,-2.090000,285.309998,64.620003,101603.960938,37.51,116.56,134.649994,PM2.5,23749
100.900002,156.880005,16.700001,48.330002,1.100000,41.020000,-5.100000,-2.450000,285.359985,63.520000,101579.476562,37.49,116.73,132.375000,PM2.5,23750
100.050003,157.100006,16.500000,46.700001,1.090000,41.389999,-5.150000,-2.800000,285.390015,62.529999,101540.046875,37.48,116.9,131.312500,PM2.5,23751
98.400002,154.190002,15.930000,43.650002,1.060000,42.869999,-5.070000,-2.960000,285.369995,62.000000,101593.687500,37.46,117.07,129.250000,PM2.5,23752
96.620003,150.690002,15.260000,40.560001,1.030000,44.230000,-4.840000,-2.920000,285.410004,61.189999,101661.710938,37.45,117.24,127.025002,PM2.5,23753
94.449997,146.210007,15.160000,37.590000,1.020000,44.820000,-4.510000,-2.750000,285.470001,59.930000,101666.000000,37.43,117.41,124.312500,PM2.5,23754
93.250000,144.580002,15.860000,36.980000,1.040000,43.830002,-4.250000,-2.660000,285.390015,59.480000,101664.000000,37.42,117.58,122.812500,PM2.5,23755
91.599998,143.669998,16.660000,36.060001,1.060000,42.230000,-4.250000,-3.130000,285.299988,58.910000,101676.343750,37.4,117.75,120.750000,PM2.5,23756
88.360001,140.800003,17.840000,33.779999,1.080000,42.439999,-4.200000,-3.330000,285.290009,58.590000,101669.546875,37.38,117.92,116.699997,PM2.5,23757
84.169998,139.559998,20.070000,33.669998,1.130000,41.889999,-3.900000,-3.400000,285.260010,58.980000,101663.406250,37.37,118.09,111.462494,PM2.5,23758
79.779999,139.690002,22.360001,34.029999,1.210000,41.230000,-3.550000,-3.510000,285.239990,59.439999,101702.437500,37.35,118.26,105.974998,PM2.5,23759
74.220001,130.309998,22.450001,30.990000,1.180000,43.959999,-3.350000,-3.630000,285.250000,59.900002,101760.203125,37.33,118.42,99.025002,PM2.5,23760
68.860001,116.930000,20.309999,26.670000,1.090000,47.630001,-3.380000,-4.040000,285.100006,61.660000,101792.906250,37.32,118.59,92.324997,PM2.5,23761
63.599998,99.760002,14.670000,20.230000,0.900000,52.820000,-3.450000,-4.460000,284.679993,65.660004,101790.609375,37.3,118.76,85.750000,PM2.5,23762
59.060001,88.379997,11.650000,27.030001,0.850000,54.380001,-2.260000,-1.830000,284.660004,69.519997,100927.828125,37.17,119.94,80.075005,PM2.5,23763
58.770000,86.559998,10.120000,24.100000,0.820000,60.560001,-1.540000,-1.450000,284.700012,67.910004,99878.343750,37.15,120.11,79.712502,PM2.5,23764
59.939999,88.029999,10.410000,25.250000,0.860000,62.480000,-0.960000,-1.710000,284.450012,69.690002,99771.718750,37.13,120.28,81.174995,PM2.5,23765
56.860001,85.389999,10.170000,23.690001,0.870000,67.360001,-0.900000,-2.120000,284.609985,70.449997,100225.601562,37.11,120.45,77.324997,PM2.5,23766
53.689999,83.099998,9.890000,24.330000,0.910000,69.139999,-1.010000,-2.520000,284.709991,70.470001,100317.789062,37.09,120.62,73.362495,PM2.5,23767
52.500000,80.529999,9.570000,24.740000,0.880000,71.639999,-1.020000,-2.970000,284.559998,71.739998,100343.117188,37.07,120.79,71.875000,PM2.5,23768
50.400002,77.699997,9.570000,25.190001,0.870000,73.430000,-0.670000,-2.760000,284.399994,72.389999,100131.968750,37.05,120.95,69.250000,PM2.5,23769
48.950001,76.199997,9.560000,25.860001,0.870000,73.739998,0.210000,-2.960000,284.510010,71.209999,99807.359375,37.03,121.12,67.437500,PM2.5,23770
48.040001,73.870003,9.250000,24.100000,0.830000,77.120003,0.700000,-3.250000,284.890015,70.489998,100314.328125,37.01,121.29,66.300003,PM2.5,23771
47.160000,70.760002,9.360000,22.559999,0.790000,80.050003,0.500000,-3.480000,284.940002,71.440002,100899.093750,36.99,121.46,65.199997,PM2.5,23772
44.509998,67.949997,10.000000,23.580000,0.790000,80.029999,0.680000,-3.380000,285.019989,71.160004,100941.953125,36.97,121.63,61.887497,PM2.5,23773
42.410000,65.550003,11.530000,22.889999,0.760000,81.370003,0.730000,-3.470000,285.279999,70.709999,101341.367188,36.95,121.79,59.262501,PM2.5,23774
40.450001,64.260002,14.520000,20.870001,0.700000,83.750000,0.630000,-3.460000,285.130005,73.099998,101512.820312,36.88,122.3,57.130001,PM10,23775
93.940002,147.509995,16.719999,47.029999,1.070000,40.709999,-5.380000,-2.290000,285.380005,61.599998,101623.898438,37.63,116.75,123.675003,PM2.5,24004
92.279999,146.119995,16.510000,45.389999,1.060000,40.919998,-5.380000,-2.580000,285.339996,60.970001,101629.609375,37.61,116.92,121.599998,PM2.5,24005
89.889999,141.960007,15.700000,42.119999,1.020000,42.320000,-5.260000,-2.750000,285.279999,60.509998,101686.320312,37.6,117.09,118.612503,PM2.5,24006
88.800003,138.619995,14.920000,39.259998,0.990000,43.209999,-5.100000,-2.820000,285.279999,59.630001,101705.187500,37.58,117.26,117.250000,PM2.5,24007
86.750000,134.139999,14.490000,35.869999,0.960000,44.029999,-4.930000,-2.850000,285.350006,58.049999,101686.320312,37.57,117.43,114.687500,PM2.5,24008
84.459999,129.600006,14.300000,32.959999,0.950000,44.040001,-4.760000,-2.860000,285.359985,56.799999,101705.921875,37.55,117.6,111.824997,PM2.5,24009
81.400002,124.389999,14.450000,29.700001,0.930000,44.580002,-4.710000,-3.040000,285.359985,55.830002,101731.546875,37.54,117.77,108.000000,PM2.5,24010
77.209999,118.610001,15.000000,26.670000,0.910000,45.560001,-4.690000,-3.300000,285.350006,55.669998,101702.453125,37.52,117.94,102.762497,PM2.5,24011
72.870003,114.970001,16.290001,26.020000,0.920000,45.549999,-4.520000,-3.490000,285.279999,56.270000,101680.640625,37.5,118.11,97.337502,PM2.5,24012
68.769997,113.919998,18.200001,26.309999,0.970000,45.169998,-4.240000,-3.730000,285.200012,57.110001,101716.867188,37.49,118.28,92.212494,PM2.5,24013
63.240002,106.480003,19.860001,24.879999,0.960000,47.220001,-3.990000,-3.810000,285.160004,57.880001,101775.890625,37.47,118.45,85.300003,PM2.5,24014
58.389999,96.830002,19.459999,22.700001,0.910000,50.110001,-4.030000,-3.990000,285.029999,59.400002,101791.140625,37.45,118.62,79.237503,PM2.5,24015
55.119999,84.099998,12.560000,16.240000,0.730000,57.470001,-4.190000,-4.520000,284.649994,63.669998,101774.976562,37.43,118.78,75.150002,PM2.5,24016
57.119999,84.820000,12.760000,25.850000,0.800000,53.680000,-2.240000,-2.230000,284.369995,71.320000,101462.750000,37.31,119.97,77.650002,PM2.5,24017
57.060001,84.690002,11.110000,25.150000,0.830000,57.130001,-1.810000,-1.660000,284.640015,68.510002,100645.726562,37.29,120.14,77.575005,PM2.5,24018
57.689999,85.570000,11.200000,26.680000,0.880000,59.320000,-1.470000,-1.520000,284.359985,69.239998,100034.859375,37.27,120.31,78.362495,PM2.5,24019
54.709999,82.910004,10.700000,24.629999,0.890000,63.610001,-1.250000,-1.880000,284.299988,70.050003,99984.117188,37.25,120.47,74.637497,PM2.5,24020
51.900002,80.680000,10.210000,24.440001,0.910000,65.820000,-1.080000,-2.310000,284.299988,70.480003,99984.796875,37.23,120.64,71.125000,PM2.5,24021
51.270000,79.029999,9.950000,25.209999,0.890000,68.320000,-0.720000,-2.480000,284.149994,71.519997,99783.992188,37.21,120.81,70.337502,PM2.5,24022
49.580002,77.250000,9.900000,26.400000,0.900000,68.709999,-0.210000,-2.550000,284.059998,72.419998,99733.296875,37.19,120.98,68.225006,PM2.5,24023
48.549999,77.580002,10.080000,28.760000,0.930000,65.769997,0.360000,-2.860000,284.019989,73.279999,99772.382812,37.17,121.15,66.937500,PM2.5,24024
47.200001,74.690002,9.820000,27.200001,0.890000,70.019997,0.870000,-2.890000,284.269989,72.669998,99893.203125,37.15,121.32,65.250000,PM2.5,24025
47.200001,71.870003,8.960000,23.910000,0.820000,74.540001,1.070000,-3.050000,284.470001,72.190002,100245.203125,37.13,121.48,65.250000,PM2.5,24026
46.200001,69.459999,8.600000,22.730000,0.800000,75.599998,1.150000,-3.460000,284.589996,71.370003,100442.046875,37.1,121.65,64.000000,PM2.5,24027
43.689999,67.199997,9.050000,23.180000,0.780000,75.769997,1.200000,-3.570000,284.880005,70.470001,100954.453125,37.08,121.82,60.862499,PM2.5,24028
41.720001,66.220001,10.270000,26.030001,0.800000,74.550003,0.720000,-3.500000,285.049988,70.720001,101508.507812,37.06,121.99,58.400002,PM2.5,24029
38.830002,64.099998,10.360000,27.010000,0.810000,73.419998,0.460000,-3.940000,284.829987,72.230003,101526.843750,37.04,122.16,57.049999,PM10,24030
36.439999,61.349998,10.860000,25.360001,0.790000,74.360001,0.890000,-3.990000,284.790009,72.800003,101448.000000,37.02,122.32,55.674999,PM10,24031
34.790001,58.259998,11.210000,20.510000,0.700000,78.440002,1.010000,-4.150000,284.529999,74.680000,101507.648438,37.0,122.49,54.129997,PM10,24032
87.010002,137.550003,16.660000,45.090000,1.010000,40.680000,-5.430000,-2.190000,285.500000,58.759998,101683.976562,37.76,116.77,115.012505,PM2.5,24261
84.400002,134.509995,16.370001,43.290001,1.000000,41.070000,-5.450000,-2.360000,285.480011,57.990002,101705.359375,37.75,116.94,111.750000,PM2.5,24262
81.419998,129.389999,15.510000,39.799999,0.950000,42.630001,-5.400000,-2.570000,285.450012,57.200001,101749.843750,37.73,117.11,108.024994,PM2.5,24263
79.699997,125.300003,14.510000,36.919998,0.920000,43.419998,-5.330000,-2.730000,285.420013,56.369999,101757.203125,37.72,117.28,105.875000,PM2.5,24264
78.129997,120.839996,13.910000,33.660000,0.900000,44.220001,-5.200000,-2.890000,285.399994,55.380001,101746.820312,37.7,117.45,103.912498,PM2.5,24265
76.389999,115.150002,13.330000,29.719999,0.860000,45.299999,-5.090000,-3.030000,285.410004,54.020000,101764.656250,37.69,117.62,101.737503,PM2.5,24266
71.900002,107.180000,13.050000,25.510000,0.820000,46.939999,-4.990000,-3.060000,285.420013,53.139999,101796.062500,37.67,117.79,96.125000,PM2.5,24267
67.199997,99.949997,13.270000,22.500000,0.780000,48.630001,-4.950000,-3.260000,285.380005,53.099998,101794.023438,37.65,117.96,90.250000,PM2.5,24268
62.900002,94.349998,13.590000,20.639999,0.760000,50.490002,-4.970000,-3.450000,285.290009,53.740002,101775.773438,37.64,118.13,84.875000,PM2.5,24269
59.230000,90.370003,13.490000,19.000000,0.750000,52.380001,-4.960000,-3.730000,285.179993,54.910000,101762.609375,37.62,118.3,80.287498,PM2.5,24270
55.759998,85.820000,13.840000,18.090000,0.750000,54.060001,-4.810000,-3.900000,285.029999,56.360001,101763.546875,37.6,118.47,75.949997,PM2.5,24271
52.689999,80.860001,12.990000,17.250000,0.710000,56.160000,-4.670000,-3.940000,284.910004,57.680000,101735.460938,37.59,118.64,72.112495,PM2.5,24272
50.090000,74.699997,10.830000,14.050000,0.630000,60.169998,-4.690000,-4.250000,284.660004,60.750000,101711.992188,37.57,118.81,68.862503,PM2.5,24273
55.480000,82.889999,13.780000,26.150000,0.830000,55.020000,-2.260000,-2.230000,284.279999,70.910004,101227.250000,37.42,120.16,75.599998,PM2.5,24274
55.450001,83.940002,13.200000,28.920000,0.920000,55.099998,-2.150000,-1.790000,284.179993,70.050003,100380.906250,37.4,120.33,75.562500,PM2.5,24275
52.770000,80.809998,11.420000,25.959999,0.920000,60.189999,-1.510000,-1.810000,283.959991,70.070000,99622.179688,37.38,120.5,72.212502,PM2.5,24276
50.650002,78.750000,10.610000,24.639999,0.910000,62.509998,-0.670000,-2.000000,283.980011,70.279999,99465.796875,37.36,120.67,69.562500,PM2.5,24277
50.680000,78.160004,10.260000,25.809999,0.910000,63.740002,-0.120000,-1.880000,284.019989,71.570000,99769.882812,37.34,120.84,69.599998,PM2.5,24278
49.430000,77.239998,10.190000,27.719999,0.920000,63.330002,0.230000,-2.010000,283.959991,72.709999,99885.960938,37.32,121.01,68.037498,PM2.5,24279
48.020000,77.860001,11.110000,31.680000,0.970000,59.360001,0.740000,-2.120000,284.029999,73.349998,99944.117188,37.3,121.17,66.275002,PM2.5,24280
47.139999,76.870003,10.820000,31.420000,0.950000,61.209999,1.070000,-2.090000,284.250000,74.089996,100360.343750,37.28,121.34,65.175003,PM2.5,24281
47.500000,73.269997,9.340000,26.450001,0.860000,68.540001,0.980000,-2.390000,284.049988,75.139999,100399.242188,37.26,121.51,65.625000,PM2.5,24282
47.230000,71.019997,8.540000,24.520000,0.820000,69.760002,1.200000,-3.180000,283.899994,74.709999,99935.781250,37.24,121.68,65.287498,PM2.5,24283
44.990002,67.519997,8.740000,23.910000,0.790000,72.059998,1.430000,-3.190000,284.480011,71.059998,100365.382812,37.22,121.85,62.487503,PM2.5,24284
41.689999,65.620003,8.840000,27.139999,0.810000,70.129997,0.860000,-3.380000,284.630005,70.750000,101013.070312,37.2,122.02,58.362499,PM2.5,24285
38.990002,63.369999,8.300000,28.000000,0.820000,68.120003,0.780000,-4.050000,284.230011,73.220001,100874.320312,37.17,122.18,56.684998,PM10,24286
35.860001,60.349998,8.650000,26.860001,0.800000,68.410004,1.480000,-4.120000,284.410004,72.529999,100910.882812,37.15,122.35,55.174999,PM10,24287
72.769997,114.370003,13.940000,35.110001,0.860000,43.810001,-5.410000,-2.740000,285.470001,54.169998,101758.382812,37.85,117.3,97.212494,PM2.5,24523
70.790001,109.500000,13.490000,32.360001,0.830000,44.720001,-5.400000,-2.930000,285.390015,53.540001,101794.390625,37.84,117.47,94.737503,PM2.5,24524
68.269997,102.830002,12.860000,28.280001,0.800000,46.430000,-5.380000,-3.070000,285.339996,52.759998,101849.132812,37.82,117.64,91.587494,PM2.5,24525
64.870003,94.790001,12.250000,23.010000,0.740000,49.369999,-5.350000,-3.150000,285.339996,51.779999,101851.773438,37.8,117.81,87.337502,PM2.5,24526
60.290001,87.720001,12.350000,20.480000,0.700000,51.680000,-5.310000,-3.360000,285.320007,51.330002,101818.812500,37.79,117.98,81.612503,PM2.5,24527
56.630001,83.089996,12.520000,19.170000,0.680000,53.970001,-5.300000,-3.580000,285.260010,51.619999,101785.140625,37.77,118.15,77.037498,PM2.5,24528
53.860001,80.489998,12.280000,18.129999,0.670000,55.790001,-5.300000,-3.630000,285.190002,52.500000,101741.023438,37.75,118.32,73.574997,PM2.5,24529
51.470001,78.110001,12.290000,17.639999,0.670000,57.139999,-5.240000,-3.790000,285.010010,54.610001,101718.273438,37.74,118.49,70.587502,PM2.5,24530
49.450001,75.160004,11.310000,16.780001,0.640000,58.889999,-5.080000,-3.950000,284.790009,57.090000,101697.812500,37.72,118.66,68.062500,PM2.5,24531
47.700001,70.010002,10.470000,13.010000,0.580000,61.540001,-4.920000,-3.970000,284.600006,58.849998,101702.726562,37.7,118.83,65.875000,PM2.5,24532
51.139999,80.010002,15.440000,30.350000,0.920000,52.700001,-2.310000,-1.860000,284.190002,70.080002,100772.773438,37.54,120.35,70.175003,PM2.5,24533
49.209999,77.660004,12.080000,27.620001,0.930000,57.160000,-1.340000,-1.480000,284.019989,69.839996,99686.007812,37.52,120.52,67.762497,PM2.5,24534
48.660000,76.430000,11.100000,25.660000,0.920000,59.150002,-0.080000,-1.420000,284.149994,69.430000,99558.101562,37.5,120.69,67.074997,PM2.5,24535
48.770000,76.040001,10.570000,26.110001,0.910000,60.430000,0.490000,-1.490000,284.209991,70.650002,100168.296875,37.48,120.86,67.212502,PM2.5,24536
48.770000,76.400002,10.310000,28.370001,0.940000,59.230000,0.800000,-1.700000,284.059998,73.239998,100571.187500,37.46,121.03,67.212502,PM2.5,24537
47.910000,79.529999,12.130000,35.610001,1.040000,50.919998,1.270000,-1.710000,284.029999,76.070000,100933.296875,37.44,121.2,66.137497,PM2.5,24538
47.480000,79.989998,12.330000,37.139999,1.040000,51.189999,1.180000,-1.870000,284.100006,77.169998,101430.382812,37.41,121.37,65.599998,PM2.5,24539
47.779999,74.980003,10.130000,30.219999,0.910000,61.590000,0.790000,-1.860000,283.709991,79.570000,101205.617188,37.39,121.54,65.974998,PM2.5,24540
47.500000,71.559998,9.370000,26.459999,0.830000,64.629997,1.080000,-2.070000,283.670013,78.440002,100526.929688,37.37,121.71,65.625000,PM2.5,24541
46.500000,68.680000,9.180000,24.650000,0.790000,67.449997,1.380000,-2.470000,283.890015,75.570000,100487.710938,37.35,121.87,64.375000,PM2.5,24542
43.180000,65.949997,9.260000,27.219999,0.810000,65.970001,1.000000,-2.970000,284.089996,72.330002,100529.820312,37.33,122.04,60.224998,PM2.5,24543
40.830002,63.240002,8.520000,25.549999,0.780000,67.900002,1.180000,-3.290000,283.609985,75.910004,100285.156250,37.31,122.21,57.287502,PM2.5,24544
38.259998,60.810001,8.520000,24.309999,0.750000,68.089996,2.230000,-3.420000,283.880005,75.169998,100490.851562,37.29,122.38,55.404999,PM10,24545
34.590000,55.279999,9.240000,19.670000,0.680000,70.220001,2.310000,-3.900000,284.709991,70.800003,101293.203125,37.26,122.55,52.639999,PM10,24546
62.959999,93.820000,12.530000,27.570000,0.750000,47.580002,-5.450000,-2.970000,285.209991,52.830002,101871.687500,37.96,117.66,84.949997,PM2.5,24785
59.930000,86.320000,11.820000,21.850000,0.690000,51.320000,-5.570000,-3.210000,285.130005,52.580002,101858.882812,37.94,117.83,81.162498,PM2.5,24786
56.139999,80.309998,11.700000,19.450001,0.650000,54.380001,-5.670000,-3.450000,285.079987,52.160000,101809.406250,37.92,118.0,76.425003,PM2.5,24787
53.060001,76.589996,11.550000,18.530001,0.620000,56.400002,-5.750000,-3.870000,285.000000,52.099998,101772.070312,37.91,118.17,72.575005,PM2.5,24788
51.080002,74.570000,11.980000,17.889999,0.610000,57.709999,-5.580000,-3.800000,285.029999,51.830002,101758.578125,37.89,118.34,70.100006,PM2.5,24789
48.939999,72.839996,12.220000,17.459999,0.610000,59.070000,-5.440000,-3.790000,284.920013,53.490002,101766.093750,37.87,118.51,67.424995,PM2.5,24790
46.830002,71.400002,11.390000,17.040001,0.610000,61.419998,-5.360000,-3.950000,284.630005,58.279999,101765.679688,37.85,118.68,64.787506,PM2.5,24791
45.150002,66.610001,11.260000,13.870000,0.560000,61.639999,-5.150000,-3.990000,284.450012,58.669998,101777.023438,37.84,118.85,62.687500,PM2.5,24792
44.029999,72.370003,18.160000,29.110001,0.860000,51.669998,-1.870000,-1.960000,284.209991,70.650002,101534.312500,37.67,120.38,61.287498,PM2.5,24793
43.900002,72.750000,13.780000,27.809999,0.910000,55.290001,-1.100000,-1.450000,284.470001,69.349998,100952.273438,37.65,120.55,61.375000,PM10,24794
44.820000,72.839996,11.870000,25.840000,0.910000,57.200001,-0.240000,-1.350000,284.549988,68.209999,100552.593750,37.63,120.72,62.275002,PM2.5,24795
45.830002,73.339996,10.920000,25.670000,0.910000,58.799999,0.460000,-1.500000,284.309998,70.209999,100556.750000,37.61,120.89,63.537502,PM2.5,24796
46.230000,74.239998,10.910000,28.240000,0.940000,57.720001,1.110000,-1.840000,284.119995,73.089996,100958.328125,37.59,121.06,64.037498,PM2.5,24797
47.369999,81.639999,14.620000,43.689999,1.150000,42.560001,1.340000,-2.070000,283.829987,79.480003,101580.257812,37.57,121.23,65.820000,PM10,24798
48.459999,84.099998,15.420000,50.369999,1.210000,37.580002,1.130000,-2.300000,283.720001,81.519997,101688.578125,37.55,121.39,67.050003,PM10,24799
45.389999,68.010002,10.690000,28.530001,0.800000,60.860001,1.350000,-2.340000,283.750000,75.910004,100764.343750,37.46,122.07,62.987499,PM2.5,24800
45.020000,67.750000,8.610000,25.410000,0.750000,66.599998,2.160000,-2.380000,283.290009,82.599998,100946.460938,37.44,122.24,62.525002,PM2.5,24801
38.209999,57.939999,10.170000,18.629999,0.650000,68.239998,2.380000,-3.430000,283.970001,76.540001,101521.593750,37.4,122.58,54.012497,PM2.5,24802
59.200001,82.239998,14.460000,22.639999,0.630000,51.160000,-5.820000,-3.100000,284.899994,54.880001,101847.851562,38.07,117.85,80.250000,PM2.5,25044
57.020000,77.779999,14.930000,19.969999,0.590000,54.290001,-5.870000,-3.340000,284.760010,55.840000,101832.007812,38.06,118.02,77.525002,PM2.5,25045
53.820000,73.599998,13.860000,18.309999,0.560000,56.790001,-5.880000,-3.720000,284.660004,55.700001,101826.000000,38.04,118.19,73.525002,PM2.5,25046
51.660000,70.620003,13.750000,16.740000,0.540000,57.990002,-5.890000,-3.920000,284.600006,55.410000,101848.078125,38.02,118.36,70.824997,PM2.5,25047
45.750000,64.449997,12.930000,15.310000,0.530000,59.180000,-5.590000,-4.110000,284.609985,54.209999,101808.156250,37.99,118.7,63.437500,PM2.5,25048
44.230000,61.790001,12.820000,13.930000,0.510000,59.840000,-5.340000,-4.240000,284.290009,58.849998,101830.867188,37.97,118.87,61.537498,PM2.5,25049
38.470001,66.709999,13.090000,24.629999,0.860000,57.369999,-0.540000,-2.010000,284.420013,69.320000,101193.617188,37.76,120.74,58.355000,PM10,25050
40.840000,68.940002,12.100000,25.379999,0.880000,57.720001,0.240000,-1.930000,284.220001,70.949997,101025.492188,37.74,120.91,59.470001,PM10,25051
