PM2.5(微克每立方米),PM10(微克每立方米),SO2(微克每立方米),NO2(微克每立方米),CO(毫克每立方米),O3(微克每立方米),U(m/s),V(m/s),TEMP(K),RH(%),PSFC(Pa),lat,lon,AQI,Major pollutants,id
11.780000,12.280000,0.970000,0.460000,0.140000,82.029999,1.260000,1.030000,276.619995,87.989998,56914.968750,31.71,96.11,16.828571,PM2.5,12494
10.590000,11.010000,0.840000,0.450000,0.130000,74.830002,-1.150000,-0.690000,279.250000,85.250000,61201.738281,31.74,96.59,15.128572,PM2.5,12497
10.780000,11.170000,0.860000,0.450000,0.130000,73.820000,-1.350000,-0.810000,279.070007,86.209999,60930.359375,31.75,96.75,15.400000,PM2.5,12498
12.450000,12.950000,1.080000,0.300000,0.140000,84.919998,2.390000,2.640000,276.029999,87.980003,55576.968750,31.81,95.62,17.785713,PM2.5,12741
12.090000,12.600000,1.040000,0.300000,0.140000,85.239998,1.970000,2.280000,276.730011,85.419998,56388.398438,31.82,95.78,17.271429,PM2.5,12742
11.610000,12.090000,0.940000,0.340000,0.140000,80.730003,0.580000,1.400000,276.760010,87.750000,57076.921875,31.84,95.94,16.585714,PM2.5,12743
10.850000,11.300000,0.860000,0.460000,0.130000,74.580002,-1.010000,0.460000,278.000000,86.589996,59452.140625,31.85,96.1,15.500001,PM2.5,12744
10.510000,10.950000,0.830000,0.620000,0.130000,74.680000,-1.480000,0.700000,277.940002,87.949997,59630.078125,31.87,96.42,15.014286,PM2.5,12746
10.380000,10.800000,0.800000,0.430000,0.130000,73.820000,-1.780000,0.150000,278.260010,87.720001,60036.710938,31.88,96.58,14.828571,PM2.5,12747
10.430000,10.850000,0.810000,0.380000,0.130000,73.989998,-1.860000,0.120000,279.250000,85.540001,61242.621094,31.89,96.74,14.900001,PM2.5,12748
12.420000,12.950000,1.030000,0.290000,0.140000,85.050003,2.320000,2.890000,275.390015,89.370003,54946.039062,31.94,95.45,17.742857,PM2.5,12990
11.830000,12.330000,0.970000,0.290000,0.140000,82.489998,1.610000,2.060000,276.500000,84.800003,56057.531250,31.95,95.61,16.900000,PM2.5,12991
11.170000,11.640000,0.890000,0.310000,0.130000,78.379997,-0.530000,0.790000,277.369995,85.150002,57866.820312,31.96,95.77,15.957143,PM2.5,12992
10.860000,11.310000,0.860000,0.350000,0.130000,77.699997,-1.650000,0.730000,277.640015,87.169998,59043.519531,31.97,95.93,15.514285,PM2.5,12993
10.470000,10.910000,0.850000,0.430000,0.130000,76.120003,-1.440000,0.950000,278.679993,84.699997,60410.039062,31.98,96.09,14.957143,PM2.5,12994
10.280000,10.720000,0.860000,0.560000,0.130000,77.019997,-1.400000,1.290000,279.190002,83.910004,60729.960938,31.99,96.25,14.685714,PM2.5,12995
10.330000,10.770000,0.810000,0.550000,0.130000,76.400002,-2.030000,1.290000,277.850006,88.410004,59448.238281,32.0,96.41,14.757143,PM2.5,12996
10.260000,10.680000,0.780000,0.420000,0.120000,75.830002,-2.090000,1.230000,278.089996,87.570000,59864.011719,32.02,96.57,14.657144,PM2.5,12997
10.150000,10.580000,0.790000,0.380000,0.120000,74.239998,-1.890000,1.190000,279.339996,83.940002,61100.640625,32.03,96.73,14.499999,PM2.5,12998
10.170000,10.620000,0.820000,0.350000,0.130000,76.050003,-2.070000,1.610000,280.029999,80.599998,61699.250000,32.04,96.89,14.528571,PM2.5,12999
10.280000,10.740000,0.840000,0.310000,0.130000,79.930000,-1.500000,2.270000,278.880005,81.830002,60513.859375,32.06,97.21,14.685714,PM2.5,13001
11.160000,11.620000,0.870000,0.320000,0.130000,78.320000,-0.110000,1.730000,276.670013,85.949997,56765.941406,32.08,95.59,15.942857,PM2.5,13242
10.880000,11.330000,0.860000,0.340000,0.130000,76.519997,-1.760000,1.240000,277.369995,87.910004,58550.089844,32.09,95.75,15.542857,PM2.5,13243
10.680000,11.130000,0.840000,0.370000,0.130000,77.980003,-1.850000,1.680000,277.440002,88.650002,58801.500000,32.11,95.91,15.257143,PM2.5,13244
10.340000,10.770000,0.800000,0.460000,0.130000,76.629997,-1.680000,1.740000,277.459991,88.830002,58896.261719,32.12,96.07,14.771429,PM2.5,13245
10.180000,10.610000,0.790000,0.580000,0.120000,75.669998,-1.700000,1.590000,277.500000,89.000000,59072.730469,32.13,96.23,14.542857,PM2.5,13246
10.050000,10.480000,0.790000,0.540000,0.120000,73.040001,-1.960000,1.530000,278.339996,86.510002,60059.941406,32.14,96.39,14.357143,PM2.5,13247
9.860000,10.300000,0.770000,0.440000,0.120000,73.559998,-1.880000,1.630000,279.820007,80.970001,61500.410156,32.15,96.55,14.085713,PM2.5,13248
9.890000,10.350000,0.780000,0.380000,0.120000,74.629997,-1.760000,1.660000,279.869995,81.050003,61393.140625,32.16,96.71,14.128572,PM2.5,13249
9.920000,10.410000,0.800000,0.340000,0.130000,76.089996,-1.820000,1.930000,279.989990,79.769997,61499.589844,32.17,96.87,14.171429,PM2.5,13250
9.950000,10.450000,0.820000,0.310000,0.130000,77.550003,-1.660000,2.380000,279.720001,78.800003,61126.390625,32.18,97.03,14.214286,PM2.5,13251
10.060000,10.570000,0.810000,0.300000,0.130000,78.790001,-1.490000,2.600000,278.399994,82.620003,59788.808594,32.19,97.19,14.371429,PM2.5,13252
10.810000,11.250000,0.850000,0.320000,0.130000,77.570000,0.030000,2.240000,277.209991,83.440002,56958.449219,32.21,95.42,15.442858,PM2.5,13493
10.690000,11.130000,0.800000,0.330000,0.130000,73.550003,-1.670000,2.340000,277.140015,87.160004,57815.230469,32.22,95.58,15.271428,PM2.5,13494
10.650000,11.080000,0.810000,0.340000,0.130000,74.110001,-2.090000,2.600000,276.980011,90.150002,58064.390625,32.23,95.74,15.214285,PM2.5,13495
10.400000,10.820000,0.760000,0.390000,0.120000,73.389999,-1.780000,2.440000,276.670013,91.620003,57831.578125,32.24,95.9,14.857142,PM2.5,13496
10.160000,10.570000,0.750000,0.460000,0.120000,72.839996,-1.740000,2.390000,276.890015,90.250000,58200.101562,32.25,96.06,14.514285,PM2.5,13497
10.060000,10.490000,0.760000,0.540000,0.120000,72.839996,-1.870000,2.410000,277.179993,89.239998,58647.851562,32.26,96.22,14.371429,PM2.5,13498
9.920000,10.370000,0.780000,0.530000,0.120000,72.900002,-1.970000,2.160000,278.540009,85.809998,60263.558594,32.28,96.38,14.171429,PM2.5,13499
9.690000,10.170000,0.770000,0.440000,0.120000,74.300003,-1.690000,1.910000,280.149994,79.900002,61796.460938,32.29,96.54,13.842856,PM2.5,13500
9.680000,10.200000,0.770000,0.390000,0.120000,74.879997,-1.460000,1.880000,280.040009,79.720001,61512.628906,32.3,96.7,13.828572,PM2.5,13501
9.720000,10.310000,0.770000,0.360000,0.120000,74.980003,-1.410000,1.900000,279.500000,80.910004,61022.031250,32.31,96.86,13.885715,PM2.5,13502
9.760000,10.370000,0.780000,0.340000,0.120000,76.190002,-1.130000,2.040000,279.130005,80.800003,60534.531250,32.32,97.02,13.942858,PM2.5,13503
9.830000,10.450000,0.770000,0.330000,0.120000,77.540001,-0.910000,2.260000,278.250000,82.250000,59404.609375,32.33,97.18,14.042857,PM2.5,13504
9.960000,10.550000,0.740000,0.330000,0.120000,80.669998,-0.570000,2.470000,276.959991,86.620003,58018.328125,32.34,97.34,14.228572,PM2.5,13505
10.200000,10.630000,0.770000,0.300000,0.130000,73.730003,-0.820000,1.050000,278.109985,81.989998,58369.351562,32.33,95.24,14.571428,PM2.5,13746
10.070000,10.490000,0.770000,0.320000,0.130000,72.849998,-1.860000,1.090000,278.950012,80.459999,59483.179688,32.34,95.4,14.385714,PM2.5,13747
10.170000,10.590000,0.760000,0.350000,0.130000,71.849998,-2.350000,2.570000,278.369995,83.849998,59104.738281,32.35,95.56,14.528571,PM2.5,13748
10.190000,10.600000,0.740000,0.390000,0.120000,71.580002,-2.240000,2.780000,277.339996,88.209999,58245.589844,32.37,95.72,14.557142,PM2.5,13749
9.990000,10.400000,0.730000,0.420000,0.120000,71.839996,-2.030000,2.350000,277.679993,85.989998,58670.781250,32.38,95.88,14.271428,PM2.5,13750
9.750000,10.160000,0.730000,0.470000,0.120000,72.339996,-1.970000,2.050000,278.540009,83.230003,59849.679688,32.39,96.05,13.928572,PM2.5,13751
9.600000,10.030000,0.730000,0.500000,0.120000,73.099998,-2.150000,2.210000,279.440002,81.599998,60859.679688,32.4,96.21,13.714286,PM2.5,13752
9.500000,9.980000,0.740000,0.480000,0.120000,74.089996,-2.110000,2.660000,280.040009,80.120003,61623.160156,32.41,96.37,13.571428,PM2.5,13753
9.480000,10.050000,0.750000,0.430000,0.120000,75.309998,-1.680000,2.650000,279.809998,80.709999,61264.089844,32.42,96.53,13.542856,PM2.5,13754
9.580000,10.270000,0.760000,0.400000,0.120000,75.830002,-1.440000,2.470000,279.149994,82.290001,60508.390625,32.43,96.69,13.685714,PM2.5,13755
9.660000,10.490000,0.760000,0.400000,0.120000,75.889999,-1.120000,2.550000,278.540009,83.650002,59810.980469,32.44,96.85,13.800000,PM2.5,13756
9.750000,10.660000,0.760000,0.390000,0.120000,76.820000,-0.860000,2.630000,277.670013,85.300003,58628.929688,32.45,97.01,13.928572,PM2.5,13757
9.830000,10.720000,0.750000,0.400000,0.120000,77.940002,-0.730000,2.510000,276.709991,86.809998,57393.699219,32.46,97.17,14.042857,PM2.5,13758
9.710000,10.510000,0.710000,0.400000,0.120000,81.129997,-0.780000,2.310000,276.540009,86.449997,56999.531250,32.47,97.33,13.871428,PM2.5,13759
14.100000,14.800000,1.350000,1.090000,0.130000,72.089996,-3.120000,2.100000,279.579987,78.629997,60873.488281,32.63,100.56,20.142859,PM2.5,13779
14.670000,15.770000,1.630000,1.160000,0.140000,70.900002,-2.990000,1.670000,280.250000,77.570000,62193.679688,32.64,100.88,20.957144,PM2.5,13781
10.750000,11.190000,0.810000,0.260000,0.130000,76.980003,-0.820000,3.080000,276.230011,85.040001,55592.710938,32.44,94.91,15.357142,PM2.5,14001
10.470000,10.900000,0.760000,0.280000,0.130000,75.209999,-1.660000,2.380000,275.950012,88.580002,55983.710938,32.45,95.07,14.957143,PM2.5,14002
10.220000,10.650000,0.770000,0.290000,0.130000,73.190002,-2.150000,1.800000,277.480011,86.099998,58146.250000,32.46,95.23,14.600000,PM2.5,14003
10.070000,10.490000,0.770000,0.310000,0.130000,72.930000,-2.290000,1.670000,278.679993,82.470001,59571.660156,32.48,95.39,14.385714,PM2.5,14004
9.920000,10.340000,0.740000,0.340000,0.120000,71.970001,-2.240000,2.090000,278.369995,84.000000,59275.519531,32.49,95.55,14.171429,PM2.5,14005
9.810000,10.220000,0.730000,0.350000,0.120000,72.000000,-2.210000,2.040000,278.440002,83.040001,59424.078125,32.5,95.71,14.014286,PM2.5,14006
9.670000,10.090000,0.720000,0.370000,0.120000,72.959999,-2.380000,2.010000,278.519989,83.099998,59695.679688,32.51,95.87,13.814286,PM2.5,14007
9.500000,9.920000,0.730000,0.400000,0.120000,73.820000,-2.240000,1.980000,279.260010,81.639999,60605.230469,32.52,96.03,13.571428,PM2.5,14008
9.310000,9.760000,0.730000,0.440000,0.120000,74.930000,-1.660000,2.090000,280.529999,78.279999,61894.550781,32.54,96.19,13.300000,PM2.5,14009
9.200000,9.740000,0.710000,0.480000,0.120000,73.989998,-0.930000,2.680000,280.480011,78.510002,61788.800781,32.55,96.35,13.142857,PM2.5,14010
9.240000,9.950000,0.710000,0.460000,0.120000,74.110001,-0.680000,2.810000,279.700012,79.940002,60701.250000,32.56,96.51,13.200000,PM2.5,14011
9.440000,10.480000,0.730000,0.510000,0.120000,74.220001,-0.800000,2.840000,278.220001,84.099998,59068.640625,32.57,96.68,13.485714,PM2.5,14012
9.620000,11.110000,0.740000,0.580000,0.120000,75.790001,-0.760000,2.790000,277.010010,87.290001,57592.910156,32.58,96.84,13.742857,PM2.5,14013
9.740000,11.540000,0.760000,0.680000,0.120000,80.379997,-0.970000,2.740000,276.260010,88.860001,56597.078125,32.59,97.0,13.914286,PM2.5,14014
9.680000,11.370000,0.760000,0.690000,0.120000,81.790001,-1.450000,2.550000,275.880005,88.919998,56074.601562,32.6,97.16,13.828572,PM2.5,14015
9.530000,10.840000,0.700000,0.630000,0.120000,78.879997,-1.560000,2.730000,276.779999,84.459999,56961.179688,32.61,97.32,13.614285,PM2.5,14016
9.210000,10.070000,0.650000,0.620000,0.120000,76.000000,-0.800000,2.450000,279.709991,74.279999,59740.339844,32.62,97.48,13.157143,PM2.5,14017
13.400000,13.930000,1.160000,0.950000,0.130000,73.199997,-2.790000,2.050000,280.049988,75.089996,60524.148438,32.75,100.22,19.142857,PM2.5,14034
13.640000,14.170000,1.220000,0.990000,0.130000,73.360001,-3.180000,2.110000,280.200012,73.910004,60851.261719,32.76,100.39,19.485714,PM2.5,14035
13.990000,14.580000,1.290000,1.000000,0.130000,72.440002,-2.980000,2.440000,279.399994,77.019997,60479.871094,32.77,100.55,19.985714,PM2.5,14036
14.430000,15.050000,1.410000,0.920000,0.130000,73.150002,-3.000000,2.600000,280.230011,74.180000,61461.839844,32.77,100.71,20.614286,PM2.5,14037
14.810000,15.570000,1.560000,0.890000,0.140000,73.720001,-3.550000,2.290000,280.769989,73.010002,62210.421875,32.78,100.87,21.157143,PM2.5,14038
15.420000,16.430000,1.740000,0.960000,0.140000,72.470001,-3.310000,1.190000,280.200012,76.550003,61984.031250,32.78,101.03,22.028572,PM2.5,14039
15.500000,17.059999,1.920000,1.060000,0.150000,69.440002,-2.680000,0.570000,279.739990,80.550003,61947.320312,32.79,101.2,22.142857,PM2.5,14040
12.530000,13.070000,1.060000,0.280000,0.150000,80.440002,1.450000,5.460000,276.980011,84.589996,55499.648438,32.49,93.93,17.900000,PM2.5,14252
12.290000,12.810000,1.040000,0.260000,0.150000,82.230003,1.340000,5.320000,276.309998,84.900002,54881.410156,32.51,94.09,17.557142,PM2.5,14253
11.910000,12.420000,0.990000,0.250000,0.150000,82.110001,0.790000,4.900000,276.209991,84.330002,54864.589844,32.52,94.25,17.014286,PM2.5,14254
10.420000,10.830000,0.790000,0.260000,0.130000,75.160004,-1.760000,2.460000,275.880005,88.470001,55555.250000,32.57,94.89,14.885715,PM2.5,14258
10.290000,10.710000,0.750000,0.270000,0.130000,73.209999,-2.260000,2.860000,276.519989,89.279999,56856.109375,32.59,95.05,14.700000,PM2.5,14259
10.120000,10.540000,0.760000,0.280000,0.130000,72.360001,-2.450000,3.320000,277.799988,84.760002,58321.050781,32.6,95.21,14.457143,PM2.5,14260
10.090000,10.510000,0.750000,0.290000,0.130000,72.279999,-2.610000,3.210000,277.269989,87.309998,57911.890625,32.61,95.37,14.414286,PM2.5,14261
9.920000,10.330000,0.720000,0.300000,0.120000,71.980003,-2.290000,2.910000,277.269989,87.519997,58026.371094,32.62,95.54,14.171429,PM2.5,14262
9.690000,10.100000,0.720000,0.310000,0.120000,72.959999,-1.980000,2.430000,278.089996,84.000000,59016.171875,32.64,95.7,13.842856,PM2.5,14263
9.580000,10.000000,0.720000,0.330000,0.120000,73.750000,-1.960000,2.690000,277.910004,84.199997,58821.089844,32.65,95.86,13.685714,PM2.5,14264
9.430000,9.850000,0.710000,0.350000,0.120000,74.209999,-1.840000,2.940000,278.119995,83.949997,59183.660156,32.66,96.02,13.471429,PM2.5,14265
9.250000,9.730000,0.700000,0.390000,0.120000,74.150002,-1.080000,2.980000,278.910004,82.410004,60045.070312,32.67,96.18,13.214286,PM2.5,14266
9.190000,9.830000,0.700000,0.470000,0.120000,73.879997,-0.100000,2.820000,279.179993,81.699997,60196.808594,32.68,96.34,13.128571,PM2.5,14267
9.170000,10.140000,0.720000,0.560000,0.120000,74.010002,0.400000,2.520000,279.450012,80.139999,60143.488281,32.69,96.5,13.100000,PM2.5,14268
9.310000,11.070000,0.740000,0.810000,0.120000,75.389999,0.130000,2.070000,278.519989,81.860001,58753.609375,32.7,96.66,13.300000,PM2.5,14269
9.390000,12.200000,0.740000,1.030000,0.120000,78.110001,-0.500000,1.640000,277.660004,83.059998,57649.179688,32.72,96.82,13.414287,PM2.5,14270
9.460000,13.050000,0.750000,1.330000,0.120000,82.250000,-1.270000,1.860000,277.910004,79.599998,57710.539062,32.73,96.99,13.514286,PM2.5,14271
9.350000,12.650000,0.720000,1.440000,0.120000,81.739998,-1.940000,2.380000,278.130005,77.639999,57929.351562,32.74,97.15,13.357143,PM2.5,14272
9.220000,11.520000,0.680000,1.080000,0.120000,79.489998,-1.990000,3.320000,278.970001,75.720001,58715.308594,32.75,97.31,13.171429,PM2.5,14273
11.530000,11.940000,0.810000,0.750000,0.120000,73.050003,-2.560000,1.240000,279.809998,73.720001,60020.699219,32.86,99.57,16.471428,PM2.5,14287
11.760000,12.170000,0.840000,0.720000,0.120000,72.660004,-2.630000,1.080000,279.779999,74.120003,60109.968750,32.87,99.73,16.800001,PM2.5,14288
12.780000,13.240000,1.050000,0.860000,0.120000,73.129997,-3.110000,1.330000,280.690002,71.260002,61256.910156,32.89,100.22,18.257143,PM2.5,14291
13.340000,13.820000,1.140000,0.890000,0.130000,72.730003,-2.950000,1.670000,279.709991,74.360001,60499.699219,32.9,100.38,19.057142,PM2.5,14292
13.850000,14.360000,1.230000,0.870000,0.130000,72.760002,-2.590000,2.270000,279.660004,74.110001,60603.128906,32.9,100.54,19.785715,PM2.5,14293
14.140000,14.680000,1.350000,0.800000,0.130000,73.900002,-2.930000,2.500000,281.630005,67.019997,62486.261719,32.91,100.7,20.200001,PM2.5,14294
14.760000,15.330000,1.490000,0.710000,0.130000,74.940002,-3.850000,2.350000,281.190002,68.900002,62125.089844,32.91,100.87,21.085714,PM2.5,14295
15.580000,16.379999,1.660000,0.730000,0.140000,73.379997,-3.590000,1.470000,278.910004,79.419998,60601.570312,32.92,101.03,22.257143,PM2.5,14296
11.470000,11.960000,0.890000,0.280000,0.150000,78.110001,1.550000,5.420000,276.359985,84.849998,54385.929688,32.59,93.43,16.385715,PM2.5,14511
11.990000,12.500000,0.940000,0.290000,0.150000,77.389999,1.050000,5.000000,277.029999,82.889999,55010.210938,32.6,93.59,17.128571,PM2.5,14512
12.120000,12.650000,0.970000,0.290000,0.150000,77.879997,0.790000,5.040000,277.260010,82.690002,55522.398438,32.61,93.75,17.314285,PM2.5,14513
11.820000,12.340000,0.990000,0.270000,0.150000,77.800003,1.150000,4.820000,277.260010,82.230003,55514.890625,32.63,93.91,16.885714,PM2.5,14514
11.240000,11.740000,0.950000,0.250000,0.150000,78.440002,0.730000,4.150000,277.839996,78.709999,55967.390625,32.64,94.07,16.057142,PM2.5,14515
10.830000,11.300000,0.900000,0.240000,0.140000,77.599998,-0.300000,3.610000,277.839996,78.500000,56125.160156,32.66,94.23,15.471429,PM2.5,14516
10.620000,11.070000,0.850000,0.230000,0.140000,76.309998,-1.230000,3.240000,277.230011,82.800003,56023.671875,32.67,94.39,15.171429,PM2.5,14517
10.410000,10.840000,0.810000,0.240000,0.130000,74.879997,-1.830000,2.960000,277.100006,84.110001,56320.640625,32.68,94.55,14.871428,PM2.5,14518
10.410000,10.830000,0.780000,0.240000,0.130000,73.940002,-2.570000,2.600000,276.329987,86.930000,55872.941406,32.7,94.72,14.871428,PM2.5,14519
10.340000,10.730000,0.770000,0.250000,0.130000,73.919998,-2.830000,2.330000,275.690002,92.540001,55926.410156,32.71,94.88,14.771429,PM2.5,14520
10.060000,10.480000,0.740000,0.260000,0.130000,71.930000,-2.000000,2.960000,277.649994,85.949997,58090.550781,32.72,95.04,14.371429,PM2.5,14521
9.810000,10.220000,0.730000,0.280000,0.130000,72.040001,-1.610000,3.040000,278.730011,81.360001,58998.140625,32.74,95.2,14.014286,PM2.5,14522
9.810000,10.220000,0.720000,0.290000,0.120000,72.290001,-2.070000,3.530000,277.630005,85.260002,57853.859375,32.75,95.36,14.014286,PM2.5,14523
9.760000,10.180000,0.710000,0.300000,0.120000,72.410004,-2.310000,3.810000,277.230011,86.150002,57583.609375,32.76,95.52,13.942858,PM2.5,14524
9.670000,10.080000,0.710000,0.310000,0.120000,73.199997,-2.000000,3.590000,277.179993,85.199997,57591.781250,32.77,95.68,13.814286,PM2.5,14525
9.540000,9.950000,0.700000,0.320000,0.120000,73.480003,-1.720000,3.430000,277.190002,85.370003,57711.640625,32.78,95.84,13.628572,PM2.5,14526
9.330000,9.760000,0.700000,0.340000,0.120000,74.180000,-1.380000,3.310000,278.100006,83.120003,58745.480469,32.8,96.0,13.328571,PM2.5,14527
9.190000,9.710000,0.690000,0.390000,0.120000,74.300003,-0.720000,3.270000,278.549988,81.839996,59138.000000,32.81,96.17,13.128571,PM2.5,14528
9.100000,9.830000,0.700000,0.480000,0.120000,74.120003,-0.030000,2.890000,278.760010,81.250000,59240.128906,32.82,96.33,13.000001,PM2.5,14529
9.020000,10.270000,0.710000,0.720000,0.120000,75.290001,0.360000,2.240000,279.309998,79.199997,59527.109375,32.83,96.49,12.885715,PM2.5,14530
9.140000,11.760000,0.740000,1.370000,0.120000,77.830002,0.040000,1.390000,278.989990,80.279999,58959.500000,32.84,96.65,13.057143,PM2.5,14531
9.180000,13.610000,0.740000,2.330000,0.120000,81.949997,-0.460000,0.590000,280.029999,74.260002,59534.878906,32.85,96.81,13.610000,PM10,14532
9.210000,14.930000,0.770000,3.490000,0.130000,86.180000,-0.650000,0.820000,281.450012,67.269997,60711.261719,32.86,96.97,14.930000,PM10,14533
9.070000,14.270000,0.740000,3.290000,0.130000,85.750000,-0.950000,1.920000,281.549988,65.260002,60848.988281,32.87,97.13,14.270000,PM10,14534
8.880000,12.270000,0.610000,1.720000,0.120000,80.300003,-1.510000,2.770000,281.299988,66.339996,60613.269531,32.88,97.3,12.685715,PM2.5,14535
10.920000,11.320000,0.660000,0.590000,0.120000,71.529999,-1.990000,1.160000,278.209991,78.040001,58362.519531,32.98,99.24,15.600000,PM2.5,14547
10.890000,11.260000,0.670000,0.620000,0.120000,72.790001,-2.520000,1.410000,279.149994,72.800003,59155.199219,32.99,99.4,15.557143,PM2.5,14548
11.170000,11.540000,0.730000,0.680000,0.120000,73.029999,-2.910000,1.520000,278.970001,73.809998,59180.949219,33.0,99.56,15.957143,PM2.5,14549
11.370000,11.750000,0.760000,0.640000,0.120000,72.820000,-2.960000,1.310000,278.779999,74.959999,59229.058594,33.01,99.72,16.242857,PM2.5,14550
11.800000,12.210000,0.870000,0.700000,0.120000,73.110001,-2.880000,1.180000,280.190002,70.269997,60803.078125,33.02,100.05,16.857143,PM2.5,14552
12.380000,12.810000,0.960000,0.750000,0.120000,73.330002,-2.940000,1.450000,279.910004,71.120003,60672.769531,33.03,100.21,17.685715,PM2.5,14553
13.070000,13.520000,1.070000,0.790000,0.120000,73.160004,-2.510000,1.610000,279.410004,73.379997,60408.781250,33.03,100.37,18.671429,PM2.5,14554
13.510000,14.000000,1.190000,0.760000,0.120000,74.139999,-2.220000,1.740000,280.649994,68.959999,61590.320312,33.04,100.53,19.300001,PM2.5,14555
13.820000,14.340000,1.290000,0.670000,0.120000,74.970001,-2.810000,1.960000,281.920013,64.370003,62674.460938,33.04,100.7,19.742857,PM2.5,14556
14.650000,15.200000,1.450000,0.600000,0.130000,74.849998,-3.670000,2.150000,280.540009,70.099998,61391.718750,33.05,100.86,20.928572,PM2.5,14557
15.480000,16.270000,1.630000,0.650000,0.130000,73.410004,-3.590000,1.850000,278.170013,80.449997,59686.031250,33.05,101.02,22.114285,PM2.5,14558
8.950000,9.350000,0.660000,0.260000,0.140000,78.010002,1.190000,3.690000,275.649994,85.500000,53772.578125,32.69,93.09,12.785714,PM2.5,14770
9.810000,10.240000,0.720000,0.270000,0.140000,76.660004,1.160000,4.170000,276.059998,84.839996,54317.128906,32.71,93.25,14.014286,PM2.5,14771
10.440000,10.890000,0.800000,0.270000,0.150000,74.410004,0.700000,3.350000,277.480011,80.500000,55453.121094,32.72,93.41,14.914285,PM2.5,14772
10.940000,11.410000,0.850000,0.280000,0.150000,73.849998,-0.140000,2.750000,278.350006,78.559998,56434.628906,32.74,93.57,15.628571,PM2.5,14773
11.030000,11.510000,0.870000,0.270000,0.150000,74.239998,-0.400000,3.140000,278.309998,79.419998,56598.460938,32.75,93.73,15.757142,PM2.5,14774
10.650000,11.110000,0.860000,0.250000,0.140000,74.669998,-0.640000,2.790000,278.429993,79.199997,56778.980469,32.76,93.89,15.214285,PM2.5,14775
10.230000,10.680000,0.830000,0.240000,0.140000,75.260002,-1.270000,2.240000,278.510010,78.260002,57011.500000,32.78,94.06,14.614285,PM2.5,14776
10.130000,10.570000,0.810000,0.230000,0.140000,75.320000,-1.910000,2.210000,277.940002,79.949997,56716.921875,32.79,94.22,14.471429,PM2.5,14777
10.220000,10.650000,0.790000,0.230000,0.130000,74.589996,-2.420000,2.440000,277.049988,84.129997,56279.101562,32.81,94.38,14.600000,PM2.5,14778
10.210000,10.640000,0.780000,0.230000,0.130000,73.790001,-2.970000,2.750000,276.890015,85.629997,56360.910156,32.82,94.54,14.585714,PM2.5,14779
10.290000,10.710000,0.770000,0.240000,0.130000,72.570000,-3.730000,2.880000,276.350006,88.430000,56175.921875,32.83,94.7,14.700000,PM2.5,14780
10.130000,10.540000,0.750000,0.240000,0.130000,72.459999,-3.400000,2.960000,276.279999,90.410004,56583.089844,32.85,94.86,14.471429,PM2.5,14781
9.840000,10.250000,0.720000,0.260000,0.120000,72.000000,-1.870000,2.830000,277.779999,85.779999,58272.929688,32.86,95.02,14.057143,PM2.5,14782
9.550000,9.960000,0.710000,0.300000,0.120000,72.169998,-1.220000,2.330000,278.989990,81.320000,59243.808594,32.87,95.18,13.642858,PM2.5,14783
9.420000,9.830000,0.700000,0.320000,0.120000,72.059998,-1.450000,2.610000,279.170013,79.410004,59144.058594,32.88,95.34,13.457143,PM2.5,14784
9.450000,9.860000,0.700000,0.330000,0.120000,72.279999,-1.690000,3.230000,278.510010,80.440002,58435.339844,32.9,95.51,13.500000,PM2.5,14785
9.470000,9.880000,0.690000,0.350000,0.120000,72.790001,-2.020000,3.480000,277.519989,83.239998,57551.121094,32.91,95.67,13.528572,PM2.5,14786
9.350000,9.760000,0.690000,0.360000,0.120000,73.430000,-2.050000,3.350000,277.470001,83.419998,57683.191406,32.92,95.83,13.357143,PM2.5,14787
9.140000,9.570000,0.680000,0.370000,0.120000,74.019997,-1.280000,3.030000,278.230011,81.239998,58529.390625,32.93,95.99,13.057143,PM2.5,14788
8.960000,9.480000,0.670000,0.410000,0.120000,74.410004,-0.420000,2.770000,278.790009,79.720001,59019.410156,32.94,96.15,12.800000,PM2.5,14789
8.860000,9.600000,0.660000,0.490000,0.120000,73.660004,-0.110000,2.470000,278.850006,79.900002,58947.500000,32.95,96.31,12.657143,PM2.5,14790
8.840000,10.150000,0.660000,0.840000,0.120000,74.980003,-0.160000,2.160000,278.910004,79.849998,58845.101562,32.97,96.48,12.628572,PM2.5,14791
9.010000,11.860000,0.680000,1.870000,0.120000,78.930000,-0.740000,1.740000,278.989990,78.029999,58636.718750,32.98,96.64,12.871428,PM2.5,14792
9.240000,14.080000,0.680000,3.400000,0.120000,84.919998,-1.520000,1.180000,280.089996,70.309998,59272.589844,32.99,96.8,14.080000,PM10,14793
9.300000,15.710000,0.690000,5.390000,0.130000,88.959999,-1.440000,0.950000,282.010010,62.790001,61134.839844,33.0,96.96,15.710000,PM10,14794
9.060000,14.840000,0.650000,5.140000,0.130000,87.959999,-1.270000,1.460000,282.970001,59.470001,62116.710938,33.01,97.12,14.840000,PM10,14795
8.820000,12.540000,0.530000,3.060000,0.120000,81.730003,-1.750000,1.840000,281.980011,62.099998,61108.859375,33.02,97.28,12.599999,PM2.5,14796
8.680000,10.440000,0.470000,1.620000,0.110000,75.660004,-2.270000,1.980000,279.660004,68.720001,58923.570312,33.03,97.45,12.400001,PM2.5,14797
10.470000,10.860000,0.590000,0.510000,0.110000,70.970001,-2.070000,1.160000,277.790009,75.830002,58020.210938,33.11,99.07,14.957143,PM2.5,14807
10.360000,10.710000,0.560000,0.540000,0.110000,71.739998,-1.810000,1.090000,278.679993,72.529999,58771.449219,33.12,99.23,14.799999,PM2.5,14808
10.530000,10.870000,0.600000,0.560000,0.110000,72.809998,-2.440000,1.340000,279.329987,69.580002,59211.449219,33.13,99.39,15.042857,PM2.5,14809
11.000000,11.360000,0.670000,0.610000,0.110000,72.250000,-2.980000,1.780000,278.920013,72.019997,59020.679688,33.13,99.55,15.714286,PM2.5,14810
11.290000,11.660000,0.730000,0.590000,0.110000,71.849998,-2.970000,1.840000,278.559998,73.610001,59100.039062,33.14,99.72,16.128571,PM2.5,14811
11.430000,11.810000,0.770000,0.590000,0.110000,72.709999,-2.940000,1.580000,278.940002,71.580002,59582.988281,33.15,99.88,16.328571,PM2.5,14812
11.650000,12.040000,0.830000,0.620000,0.120000,73.519997,-2.980000,1.490000,279.339996,70.459999,60130.718750,33.15,100.04,16.642857,PM2.5,14813
12.160000,12.570000,0.920000,0.670000,0.120000,74.050003,-2.750000,1.340000,279.470001,70.269997,60386.550781,33.16,100.2,17.371428,PM2.5,14814
12.780000,13.220000,1.040000,0.700000,0.120000,74.750000,-2.450000,0.910000,280.010010,68.970001,61037.128906,33.17,100.37,18.257143,PM2.5,14815
13.180000,13.650000,1.140000,0.690000,0.120000,75.570000,-2.470000,0.630000,281.079987,65.940002,62077.171875,33.17,100.53,18.828571,PM2.5,14816
13.720000,14.230000,1.270000,0.610000,0.120000,75.570000,-2.870000,1.060000,281.190002,65.900002,62010.328125,33.18,100.69,19.600000,PM2.5,14817
14.720000,15.270000,1.450000,0.540000,0.130000,75.120003,-3.210000,1.730000,279.570007,72.449997,60506.968750,33.18,100.85,21.028572,PM2.5,14818
15.620000,16.320000,1.640000,0.570000,0.130000,74.470001,-3.260000,2.050000,277.790009,81.029999,59227.839844,33.19,101.02,22.314285,PM2.5,14819
19.010000,21.070000,2.890000,0.880000,0.170000,74.930000,-1.150000,1.150000,280.640015,80.830002,63275.531250,33.21,101.67,27.157143,PM2.5,14823
7.860000,8.230000,0.540000,0.260000,0.140000,79.260002,0.380000,3.130000,275.320007,86.650002,53423.691406,32.75,92.27,11.228572,PM2.5,15023
7.820000,8.180000,0.550000,0.240000,0.140000,79.419998,0.790000,3.130000,275.649994,84.980003,53552.300781,32.78,92.59,11.171429,PM2.5,15025
7.940000,8.300000,0.560000,0.240000,0.140000,79.239998,1.000000,3.150000,275.269989,84.750000,53206.621094,32.8,92.75,11.342857,PM2.5,15026
8.080000,8.450000,0.570000,0.240000,0.140000,77.180000,0.730000,2.570000,275.820007,82.540001,53857.308594,32.81,92.91,11.542857,PM2.5,15027
8.470000,8.850000,0.610000,0.260000,0.140000,75.209999,0.210000,2.090000,276.859985,80.290001,55187.171875,32.83,93.07,12.100000,PM2.5,15028
9.300000,9.710000,0.670000,0.270000,0.140000,74.290001,-0.380000,2.500000,277.609985,79.059998,56001.800781,32.84,93.23,13.285714,PM2.5,15029
9.950000,10.380000,0.730000,0.270000,0.140000,73.580002,-1.120000,2.030000,278.160004,78.120003,56547.238281,32.86,93.39,14.214286,PM2.5,15030
10.170000,10.600000,0.770000,0.270000,0.140000,73.760002,-1.560000,1.990000,278.579987,77.570000,57053.019531,32.87,93.56,14.528571,PM2.5,15031
10.040000,10.480000,0.780000,0.250000,0.140000,74.139999,-1.830000,2.180000,278.769989,77.430000,57309.601562,32.89,93.72,14.342857,PM2.5,15032
9.800000,10.230000,0.770000,0.240000,0.140000,73.610001,-2.230000,2.170000,278.510010,78.930000,57209.378906,32.9,93.88,14.000000,PM2.5,15033
9.690000,10.100000,0.750000,0.230000,0.130000,74.110001,-2.410000,2.140000,277.940002,80.400002,56917.550781,32.91,94.04,13.842856,PM2.5,15034
9.960000,10.380000,0.760000,0.230000,0.130000,73.220001,-2.630000,2.500000,277.250000,82.339996,56447.269531,32.93,94.2,14.228572,PM2.5,15035
10.210000,10.620000,0.750000,0.240000,0.130000,72.750000,-3.050000,3.020000,276.369995,86.339996,55955.468750,32.94,94.36,14.585714,PM2.5,15036
10.120000,10.530000,0.750000,0.230000,0.130000,72.500000,-3.580000,3.480000,276.380005,87.169998,56190.859375,32.95,94.52,14.457143,PM2.5,15037
10.040000,10.450000,0.740000,0.230000,0.130000,72.559998,-4.080000,3.780000,276.440002,87.430000,56349.878906,32.97,94.68,14.342857,PM2.5,15038
9.850000,10.260000,0.730000,0.230000,0.120000,72.449997,-3.220000,3.520000,276.700012,87.279999,56884.449219,32.98,94.85,14.071429,PM2.5,15039
9.600000,10.010000,0.710000,0.250000,0.120000,73.190002,-1.770000,3.020000,278.089996,83.500000,58284.671875,32.99,95.01,13.714286,PM2.5,15040
9.430000,9.840000,0.700000,0.270000,0.120000,73.330002,-1.700000,3.090000,278.549988,81.730003,58464.289062,33.01,95.17,13.471429,PM2.5,15041
9.380000,9.780000,0.690000,0.290000,0.120000,73.190002,-1.890000,3.010000,278.070007,82.440002,57866.710938,33.02,95.33,13.400001,PM2.5,15042
9.330000,9.730000,0.680000,0.290000,0.120000,73.339996,-1.650000,2.650000,277.910004,82.220001,57674.480469,33.03,95.49,13.328571,PM2.5,15043
9.220000,9.610000,0.670000,0.290000,0.120000,73.629997,-1.950000,2.650000,277.890015,81.370003,57637.578125,33.04,95.65,13.171429,PM2.5,15044
9.110000,9.510000,0.660000,0.300000,0.120000,74.849998,-2.180000,3.040000,277.649994,81.349998,57476.761719,33.06,95.82,13.014285,PM2.5,15045
8.960000,9.370000,0.640000,0.300000,0.120000,75.230003,-1.670000,2.880000,277.279999,82.629997,57175.441406,33.07,95.98,12.800000,PM2.5,15046
8.760000,9.240000,0.610000,0.360000,0.120000,74.980003,-0.930000,2.410000,277.790009,81.230003,57732.960938,33.08,96.14,12.514286,PM2.5,15047
8.670000,9.320000,0.590000,0.470000,0.120000,73.820000,-0.490000,2.040000,278.709991,78.889999,58580.078125,33.09,96.3,12.385715,PM2.5,15048
8.640000,9.730000,0.570000,0.790000,0.110000,73.959999,-0.500000,1.980000,279.359985,76.160004,59019.210938,33.1,96.46,12.342857,PM2.5,15049
8.850000,11.010000,0.570000,1.790000,0.120000,77.220001,-1.360000,1.700000,279.179993,73.940002,58543.109375,33.11,96.62,12.642858,PM2.5,15050
9.230000,12.870000,0.570000,3.220000,0.120000,83.379997,-2.460000,1.840000,278.950012,70.230003,58103.640625,33.12,96.79,13.185714,PM2.5,15051
9.290000,14.050000,0.570000,5.130000,0.120000,86.440002,-2.160000,1.610000,280.880005,62.849998,59949.390625,33.13,96.95,14.050000,PM10,15052
9.120000,13.330000,0.520000,5.310000,0.120000,86.139999,-1.820000,1.430000,282.290009,58.689999,61220.179688,33.14,97.11,13.330000,PM10,15053
9.020000,11.710000,0.440000,3.490000,0.110000,81.059998,-2.190000,1.040000,280.750000,62.070000,59806.269531,33.15,97.27,12.885715,PM2.5,15054
8.970000,10.210000,0.390000,1.830000,0.110000,77.349998,-2.290000,0.690000,280.190002,62.189999,59359.019531,33.16,97.43,12.814286,PM2.5,15055
10.060000,10.520000,0.560000,0.450000,0.110000,76.459999,-2.930000,2.370000,277.799988,71.599998,57583.601562,33.24,98.9,14.371429,PM2.5,15064
10.140000,10.460000,0.510000,0.440000,0.110000,72.540001,-2.620000,1.460000,277.679993,72.580002,57831.191406,33.25,99.06,14.485715,PM2.5,15065
10.210000,10.510000,0.510000,0.470000,0.110000,72.989998,-1.990000,0.700000,278.459991,69.330002,58517.421875,33.26,99.22,14.585714,PM2.5,15066
10.360000,10.670000,0.550000,0.530000,0.110000,73.279999,-2.120000,0.650000,279.600006,65.040001,59515.718750,33.26,99.38,14.799999,PM2.5,15067
10.770000,11.100000,0.620000,0.570000,0.110000,72.980003,-2.680000,1.400000,279.829987,64.739998,59700.781250,33.27,99.55,15.385715,PM2.5,15068
11.200000,11.550000,0.700000,0.550000,0.110000,72.570000,-3.280000,1.780000,279.359985,66.980003,59531.070312,33.28,99.71,16.000000,PM2.5,15069
11.550000,11.920000,0.770000,0.570000,0.110000,72.720001,-3.200000,1.770000,278.910004,69.470001,59471.578125,33.28,99.87,16.500000,PM2.5,15070
11.840000,12.230000,0.830000,0.620000,0.110000,73.699997,-3.120000,1.730000,279.059998,69.540001,59738.750000,33.29,100.03,16.914286,PM2.5,15071
12.250000,12.660000,0.920000,0.680000,0.120000,74.550003,-3.360000,1.290000,279.309998,69.000000,60125.070312,33.3,100.2,17.500000,PM2.5,15072
12.820000,13.260000,1.030000,0.700000,0.120000,74.750000,-3.350000,0.500000,279.480011,69.879997,60520.031250,33.3,100.36,18.314285,PM2.5,15073
13.230000,13.700000,1.120000,0.700000,0.120000,75.190002,-3.110000,0.060000,279.880005,69.720001,61030.109375,33.31,100.52,18.900000,PM2.5,15074
13.890000,14.390000,1.260000,0.670000,0.120000,75.480003,-2.950000,0.490000,279.510010,72.360001,60696.539062,33.31,100.68,19.842857,PM2.5,15075
14.940000,15.500000,1.460000,0.620000,0.130000,75.099998,-2.840000,1.400000,278.600006,77.040001,59953.550781,33.32,100.85,21.342857,PM2.5,15076
15.810000,16.420000,1.640000,0.600000,0.130000,75.220001,-2.960000,1.920000,278.200012,79.959999,59850.359375,33.33,101.01,22.585714,PM2.5,15077
16.600000,17.360001,1.850000,0.660000,0.130000,75.589996,-2.690000,1.760000,278.019989,82.989998,60051.750000,33.33,101.17,23.714287,PM2.5,15078
17.730000,18.719999,2.160000,0.740000,0.140000,76.540001,-1.720000,1.390000,279.209991,81.989998,61433.289062,33.33,101.33,25.328571,PM2.5,15079
18.850000,20.100000,2.500000,0.780000,0.150000,77.150002,-1.290000,1.100000,280.799988,79.900002,63312.480469,33.34,101.5,26.928572,PM2.5,15080
7.760000,8.110000,0.530000,0.270000,0.130000,78.160004,-0.250000,2.620000,275.549988,85.230003,53615.601562,32.87,92.09,11.085714,PM2.5,15281
7.650000,8.000000,0.520000,0.260000,0.130000,77.870003,-0.150000,2.320000,275.559998,84.889999,53647.500000,32.88,92.25,10.928572,PM2.5,15282
7.570000,7.910000,0.520000,0.250000,0.130000,77.809998,-0.050000,2.070000,275.920013,83.519997,53912.449219,32.9,92.41,10.814286,PM2.5,15283
7.500000,7.840000,0.510000,0.240000,0.130000,77.739998,0.140000,2.190000,276.130005,81.459999,54061.148438,32.91,92.57,10.714286,PM2.5,15284
7.660000,8.010000,0.530000,0.240000,0.130000,77.410004,-0.070000,1.940000,276.220001,80.839996,54289.781250,32.93,92.73,10.942857,PM2.5,15285
8.000000,8.360000,0.550000,0.240000,0.130000,75.290001,-0.670000,1.520000,276.540009,80.790001,54966.449219,32.95,92.89,11.428572,PM2.5,15286
8.430000,8.790000,0.580000,0.260000,0.130000,73.589996,-0.940000,1.080000,277.359985,79.379997,56152.410156,32.96,93.05,12.042857,PM2.5,15287
9.060000,9.450000,0.640000,0.260000,0.140000,73.180000,-1.380000,1.490000,278.429993,77.650002,57082.550781,32.98,93.22,12.942858,PM2.5,15288
9.450000,9.860000,0.690000,0.260000,0.140000,73.480003,-2.120000,2.210000,278.459991,78.260002,56962.031250,32.99,93.38,13.500000,PM2.5,15289
9.560000,9.960000,0.700000,0.250000,0.140000,73.879997,-2.490000,2.310000,278.070007,79.650002,56737.558594,33.01,93.54,13.657144,PM2.5,15290
9.410000,9.810000,0.700000,0.240000,0.130000,74.459999,-2.810000,2.100000,278.079987,79.669998,56910.789062,33.02,93.7,13.442857,PM2.5,15291
9.340000,9.730000,0.700000,0.230000,0.130000,73.809998,-3.130000,2.080000,277.769989,80.500000,56818.628906,33.04,93.86,13.342857,PM2.5,15292
9.440000,9.840000,0.700000,0.230000,0.130000,73.379997,-3.080000,2.080000,277.420013,81.800003,56708.199219,33.05,94.02,13.485714,PM2.5,15293
9.710000,10.110000,0.730000,0.210000,0.130000,73.209999,-3.130000,2.260000,277.589996,80.760002,56874.351562,33.06,94.18,13.871428,PM2.5,15294
9.760000,10.160000,0.740000,0.210000,0.130000,71.870003,-3.540000,3.020000,277.779999,80.849998,57067.308594,33.08,94.35,13.942858,PM2.5,15295
9.670000,10.070000,0.740000,0.210000,0.130000,72.470001,-3.990000,4.120000,277.970001,80.510002,57325.750000,33.09,94.51,13.814286,PM2.5,15296
9.630000,10.030000,0.730000,0.210000,0.120000,72.230003,-4.280000,4.460000,277.429993,82.480003,57046.980469,33.1,94.67,13.757143,PM2.5,15297
9.560000,9.960000,0.710000,0.210000,0.120000,72.720001,-3.440000,4.010000,277.000000,84.760002,56884.839844,33.12,94.83,13.657144,PM2.5,15298
9.350000,9.750000,0.690000,0.220000,0.120000,73.430000,-1.680000,3.230000,277.989990,82.510002,57823.089844,33.13,94.99,13.357143,PM2.5,15299
9.220000,9.610000,0.680000,0.240000,0.120000,73.919998,-1.480000,3.510000,278.279999,80.500000,57651.820312,33.14,95.15,13.171429,PM2.5,15300
9.280000,9.670000,0.670000,0.240000,0.120000,74.900002,-2.410000,3.660000,276.799988,83.610001,56201.511719,33.15,95.32,13.257142,PM2.5,15301
9.270000,9.660000,0.650000,0.240000,0.120000,77.519997,-2.510000,3.060000,276.399994,84.529999,55979.238281,33.17,95.48,13.242858,PM2.5,15302
9.130000,9.510000,0.640000,0.250000,0.120000,76.919998,-2.210000,2.720000,276.850006,82.739998,56466.410156,33.18,95.64,13.042857,PM2.5,15303
8.990000,9.370000,0.610000,0.270000,0.120000,74.919998,-2.190000,3.000000,276.779999,81.250000,56319.710938,33.19,95.8,12.842856,PM2.5,15304
8.850000,9.220000,0.570000,0.310000,0.110000,74.489998,-2.320000,3.140000,276.570007,82.529999,56192.609375,33.2,95.96,12.642858,PM2.5,15305
8.710000,9.120000,0.540000,0.360000,0.110000,73.470001,-2.190000,2.930000,276.829987,81.660004,56569.140625,33.21,96.13,12.442857,PM2.5,15306
8.580000,9.100000,0.510000,0.460000,0.110000,72.900002,-1.890000,2.150000,278.269989,75.839996,57840.351562,33.23,96.29,12.257143,PM2.5,15307
8.610000,9.340000,0.470000,0.670000,0.110000,73.610001,-1.660000,1.610000,279.570007,70.540001,58926.679688,33.24,96.45,12.299999,PM2.5,15308
8.980000,10.200000,0.450000,1.300000,0.110000,76.050003,-1.860000,1.350000,279.130005,69.389999,58499.628906,33.25,96.61,12.828570,PM2.5,15309
9.230000,11.130000,0.450000,2.180000,0.110000,79.489998,-2.680000,1.560000,279.549988,63.639999,58633.171875,33.26,96.77,13.185714,PM2.5,15310
9.290000,11.630000,0.430000,2.950000,0.110000,82.360001,-2.610000,1.440000,281.049988,57.680000,60046.570312,33.27,96.94,13.271428,PM2.5,15311
9.250000,11.320000,0.390000,2.900000,0.110000,82.400002,-2.360000,1.030000,281.339996,56.400002,60237.359375,33.28,97.1,13.214286,PM2.5,15312
9.310000,10.630000,0.340000,1.930000,0.110000,79.889999,-2.840000,0.750000,280.179993,56.689999,59192.890625,33.29,97.26,13.300000,PM2.5,15313
9.420000,10.090000,0.300000,1.090000,0.100000,78.529999,-2.850000,0.300000,280.799988,52.680000,59877.640625,33.3,97.42,13.457143,PM2.5,15314
9.370000,9.770000,0.290000,0.680000,0.100000,76.489998,-2.590000,0.230000,281.959991,49.860001,60957.199219,33.31,97.59,13.385715,PM2.5,15315
9.750000,10.150000,0.470000,0.450000,0.110000,76.570000,-2.780000,1.970000,278.750000,64.400002,58101.519531,33.38,98.89,13.928572,PM2.5,15323
9.920000,10.180000,0.470000,0.420000,0.110000,76.389999,-3.010000,1.890000,277.670013,68.940002,57442.250000,33.38,99.05,14.171429,PM2.5,15324
10.150000,10.430000,0.480000,0.480000,0.110000,72.779999,-2.620000,1.220000,277.459991,69.769997,57594.960938,33.39,99.21,14.499999,PM2.5,15325
10.420000,10.710000,0.520000,0.530000,0.110000,73.220001,-2.140000,1.010000,279.109985,63.619999,59165.140625,33.4,99.37,14.885715,PM2.5,15326
10.720000,11.030000,0.590000,0.550000,0.110000,74.089996,-2.600000,1.130000,280.119995,60.310001,59992.289062,33.41,99.54,15.314286,PM2.5,15327
11.110000,11.440000,0.660000,0.550000,0.110000,73.820000,-3.310000,1.540000,279.859985,62.169998,59890.839844,33.41,99.7,15.871428,PM2.5,15328
11.510000,11.870000,0.750000,0.580000,0.110000,73.699997,-3.210000,1.810000,279.380005,65.349998,59737.031250,33.42,99.86,16.442858,PM2.5,15329
11.850000,12.230000,0.820000,0.650000,0.110000,74.449997,-3.210000,1.740000,279.630005,65.510002,60054.039062,33.43,100.03,16.928572,PM2.5,15330
12.180000,12.580000,0.890000,0.690000,0.110000,75.309998,-3.700000,1.640000,279.790009,65.230003,60230.378906,33.43,100.19,17.400000,PM2.5,15331
12.780000,13.220000,1.000000,0.700000,0.120000,75.370003,-3.870000,1.360000,278.959991,70.150002,59808.289062,33.44,100.35,18.257143,PM2.5,15332
13.290000,13.760000,1.110000,0.710000,0.120000,75.570000,-3.300000,0.660000,278.459991,73.949997,59784.140625,33.44,100.51,18.985714,PM2.5,15333
13.940000,14.450000,1.240000,0.700000,0.120000,76.370003,-2.640000,0.590000,278.540009,75.529999,60051.710938,33.45,100.68,19.914286,PM2.5,15334
14.850000,15.410000,1.440000,0.650000,0.120000,76.860001,-2.470000,1.140000,279.100006,75.209999,60650.179688,33.46,100.84,21.214287,PM2.5,15335
15.730000,16.340000,1.640000,0.610000,0.130000,77.349998,-2.990000,1.570000,279.410004,76.059998,61022.019531,33.46,101.0,22.471428,PM2.5,15336
16.690001,17.370001,1.840000,0.650000,0.130000,77.580002,-3.010000,1.550000,279.239990,79.570000,61219.398438,33.47,101.17,23.842857,PM2.5,15337
17.940001,18.700001,2.110000,0.690000,0.140000,77.779999,-2.090000,1.310000,280.250000,79.849998,62658.210938,33.47,101.33,25.628572,PM2.5,15338
18.920000,19.910000,2.380000,0.720000,0.150000,78.589996,-1.690000,1.080000,281.040009,79.260002,63594.710938,33.48,101.49,27.028572,PM2.5,15339
19.969999,21.209999,2.630000,0.840000,0.160000,77.199997,-1.520000,0.800000,280.670013,82.059998,63506.640625,33.48,101.66,28.528570,PM2.5,15340
7.790000,8.140000,0.520000,0.360000,0.130000,78.190002,-0.920000,3.280000,275.760010,83.309998,53743.468750,32.98,91.91,11.128572,PM2.5,15541
7.680000,8.020000,0.510000,0.270000,0.130000,77.879997,-1.180000,2.570000,274.959991,86.160004,53224.261719,33.0,92.07,10.971428,PM2.5,15542
7.550000,7.880000,0.490000,0.270000,0.130000,77.230003,-0.780000,2.140000,274.760010,85.870003,53038.300781,33.02,92.23,10.785714,PM2.5,15543
7.400000,7.730000,0.490000,0.270000,0.130000,76.779999,-0.500000,1.820000,275.380005,83.070000,53584.820312,33.03,92.39,10.571428,PM2.5,15544
7.300000,7.620000,0.480000,0.270000,0.130000,76.260002,-0.620000,1.390000,276.380005,80.010002,54572.980469,33.05,92.55,10.428572,PM2.5,15545
7.430000,7.750000,0.500000,0.260000,0.130000,75.440002,-1.010000,1.030000,277.130005,78.279999,55512.050781,33.07,92.71,10.614285,PM2.5,15546
7.790000,8.120000,0.530000,0.250000,0.130000,74.400002,-1.260000,1.170000,277.420013,78.349998,56089.640625,33.08,92.87,11.128572,PM2.5,15547
8.440000,8.800000,0.580000,0.260000,0.130000,72.290001,-1.830000,1.500000,277.790009,77.839996,56545.511719,33.1,93.04,12.057142,PM2.5,15548
9.620000,10.010000,0.670000,0.270000,0.140000,68.940002,-2.080000,2.160000,277.920013,79.870003,57012.789062,33.11,93.2,13.742857,PM2.5,15549
9.190000,9.580000,0.670000,0.250000,0.130000,72.820000,-2.400000,2.600000,278.429993,77.529999,56858.730469,33.13,93.36,13.128571,PM2.5,15550
9.300000,9.690000,0.670000,0.250000,0.130000,73.690002,-3.080000,2.730000,277.630005,79.970001,56301.371094,33.14,93.52,13.285714,PM2.5,15551
9.270000,9.660000,0.670000,0.240000,0.130000,73.589996,-3.420000,2.470000,276.980011,82.260002,56113.011719,33.16,93.68,13.242858,PM2.5,15552
9.280000,9.660000,0.670000,0.230000,0.130000,72.720001,-3.710000,2.330000,276.799988,83.559998,56268.519531,33.17,93.84,13.257142,PM2.5,15553
9.330000,9.710000,0.680000,0.220000,0.130000,72.870003,-3.720000,2.180000,276.880005,83.540001,56476.121094,33.18,94.01,13.328571,PM2.5,15554
9.370000,9.760000,0.700000,0.200000,0.130000,73.199997,-3.570000,2.130000,277.420013,82.519997,56957.750000,33.2,94.17,13.385715,PM2.5,15555
9.260000,9.650000,0.710000,0.190000,0.120000,72.900002,-3.480000,2.570000,278.630005,78.629997,57838.941406,33.21,94.33,13.228572,PM2.5,15556
9.170000,9.560000,0.710000,0.200000,0.120000,73.050003,-3.610000,3.570000,279.470001,74.550003,58403.960938,33.23,94.49,13.100000,PM2.5,15557
9.130000,9.520000,0.700000,0.200000,0.120000,73.250000,-3.980000,3.980000,278.950012,75.519997,58079.679688,33.24,94.65,13.042857,PM2.5,15558
9.170000,9.560000,0.680000,0.210000,0.120000,73.160004,-3.780000,3.700000,277.609985,81.080002,57119.558594,33.25,94.81,13.100000,PM2.5,15559
9.050000,9.430000,0.650000,0.210000,0.120000,73.120003,-2.500000,3.020000,277.399994,81.769997,56940.390625,33.27,94.98,12.928572,PM2.5,15560
8.980000,9.350000,0.630000,0.230000,0.120000,73.919998,-1.820000,2.610000,277.829987,79.650002,57076.878906,33.28,95.14,12.828570,PM2.5,15561
9.050000,9.420000,0.620000,0.230000,0.120000,75.059998,-2.540000,3.070000,276.760010,81.099998,55946.019531,33.29,95.3,12.928572,PM2.5,15562
9.120000,9.480000,0.610000,0.240000,0.120000,76.730003,-3.190000,3.500000,275.690002,84.040001,55105.468750,33.3,95.46,13.028571,PM2.5,15563
9.010000,9.370000,0.580000,0.260000,0.110000,76.830002,-2.910000,3.340000,275.559998,84.540001,55203.359375,33.31,95.62,12.871428,PM2.5,15564
8.820000,9.170000,0.540000,0.290000,0.110000,74.800003,-2.470000,2.820000,276.070007,82.239998,55601.218750,33.33,95.79,12.599999,PM2.5,15565
8.590000,8.930000,0.500000,0.350000,0.110000,72.680000,-2.460000,3.000000,277.470001,75.989998,56746.910156,33.34,95.95,12.271429,PM2.5,15566
8.550000,8.890000,0.460000,0.440000,0.110000,72.309998,-3.030000,3.170000,278.049988,72.019997,57248.730469,33.35,96.11,12.214286,PM2.5,15567
8.670000,9.060000,0.420000,0.530000,0.110000,72.949997,-3.380000,2.700000,278.170013,69.529999,57453.718750,33.36,96.27,12.385715,PM2.5,15568
8.890000,9.350000,0.390000,0.610000,0.110000,74.360001,-2.850000,2.010000,278.609985,66.730003,57947.039062,33.37,96.44,12.700001,PM2.5,15569
9.220000,9.810000,0.360000,0.790000,0.110000,76.540001,-2.620000,1.450000,279.269989,61.730000,58493.410156,33.38,96.6,13.171429,PM2.5,15570
9.350000,10.140000,0.340000,1.070000,0.110000,77.680000,-3.090000,1.210000,280.410004,56.220001,59464.820312,33.39,96.76,13.357143,PM2.5,15571
9.420000,10.320000,0.320000,1.230000,0.100000,78.959999,-3.080000,0.930000,280.459991,55.119999,59426.140625,33.4,96.92,13.457143,PM2.5,15572
9.450000,10.260000,0.290000,1.200000,0.100000,79.279999,-2.830000,0.730000,280.339996,54.459999,59287.480469,33.41,97.09,13.500000,PM2.5,15573
9.510000,10.070000,0.270000,0.880000,0.100000,78.760002,-3.300000,0.740000,280.609985,50.709999,59406.339844,33.42,97.25,13.585714,PM2.5,15574
9.590000,9.970000,0.250000,0.620000,0.100000,78.089996,-3.610000,0.300000,280.260010,51.090000,59076.171875,33.43,97.41,13.700000,PM2.5,15575
9.600000,9.890000,0.250000,0.490000,0.100000,77.269997,-3.390000,-0.120000,280.369995,51.279999,59287.929688,33.44,97.57,13.714286,PM2.5,15576
9.700000,10.030000,0.400000,0.490000,0.100000,76.190002,-2.370000,1.410000,279.750000,56.959999,58686.390625,33.51,98.88,13.857142,PM2.5,15584
9.900000,10.150000,0.410000,0.500000,0.100000,75.500000,-3.060000,1.810000,279.179993,58.340000,58237.500000,33.52,99.04,14.142857,PM2.5,15585
10.160000,10.430000,0.440000,0.560000,0.100000,74.599998,-3.390000,1.910000,278.679993,61.820000,58225.359375,33.53,99.2,14.514285,PM2.5,15586
10.350000,10.630000,0.490000,0.610000,0.110000,74.339996,-3.020000,1.820000,279.529999,59.560001,59280.988281,33.54,99.37,14.785715,PM2.5,15587
10.590000,10.890000,0.540000,0.590000,0.110000,75.169998,-3.110000,1.460000,280.079987,58.419998,59918.871094,33.54,99.53,15.128572,PM2.5,15588
10.940000,11.260000,0.610000,0.600000,0.110000,74.989998,-3.350000,1.410000,280.010010,59.810001,59997.000000,33.55,99.69,15.628571,PM2.5,15589
11.240000,11.590000,0.690000,0.620000,0.110000,75.029999,-3.210000,1.340000,279.920013,61.840000,60196.890625,33.56,99.85,16.057142,PM2.5,15590
11.610000,12.000000,0.770000,0.620000,0.110000,75.800003,-3.020000,1.300000,280.489990,61.369999,60845.750000,33.56,100.02,16.585714,PM2.5,15591
11.850000,12.260000,0.830000,0.610000,0.110000,77.019997,-3.430000,1.300000,280.940002,60.240002,61180.078125,33.57,100.18,16.928572,PM2.5,15592
12.380000,12.830000,0.930000,0.610000,0.110000,76.839996,-3.910000,1.440000,279.700012,65.570000,60355.128906,33.57,100.34,17.685715,PM2.5,15593
12.990000,13.470000,1.060000,0.630000,0.120000,76.559998,-3.420000,1.140000,278.450012,72.919998,59765.109375,33.58,100.51,18.557142,PM2.5,15594
13.790000,14.310000,1.200000,0.630000,0.120000,77.660004,-2.460000,0.870000,278.920013,74.019997,60531.761719,33.59,100.67,19.700001,PM2.5,15595
14.580000,15.140000,1.370000,0.620000,0.120000,78.400002,-2.380000,0.850000,279.989990,72.980003,61570.281250,33.59,100.83,20.828571,PM2.5,15596
15.500000,16.110001,1.550000,0.610000,0.130000,78.279999,-3.000000,1.240000,279.850006,75.330002,61589.960938,33.6,101.0,22.142857,PM2.5,15597
16.440001,17.129999,1.750000,0.650000,0.190000,78.790001,-3.060000,1.540000,279.570007,78.919998,61677.308594,33.6,101.16,23.485716,PM2.5,15598
17.459999,18.260000,1.970000,0.710000,0.230000,79.230003,-2.300000,1.370000,280.079987,80.169998,62523.089844,33.61,101.32,24.942856,PM2.5,15599
18.490000,19.430000,2.200000,0.740000,0.250000,79.239998,-1.760000,1.030000,280.350006,80.900002,62938.171875,33.61,101.49,26.414286,PM2.5,15600
7.760000,8.110000,0.520000,0.240000,0.130000,77.570000,0.160000,2.770000,276.440002,81.739998,54342.570312,33.09,91.57,11.085714,PM2.5,15799
7.620000,7.970000,0.510000,0.310000,0.130000,77.000000,0.100000,2.810000,277.089996,77.860001,54767.511719,33.1,91.73,10.885715,PM2.5,15800
7.490000,7.830000,0.510000,0.320000,0.130000,76.449997,-1.290000,3.210000,277.079987,76.760002,54661.671875,33.12,91.89,10.700000,PM2.5,15801
7.600000,7.930000,0.500000,0.270000,0.130000,75.519997,-1.850000,3.660000,274.799988,84.160004,52992.359375,33.14,92.05,10.857142,PM2.5,15802
7.430000,7.750000,0.480000,0.260000,0.120000,76.629997,-1.080000,2.680000,274.489990,84.470001,52685.800781,33.15,92.21,10.614285,PM2.5,15803
7.240000,7.560000,0.460000,0.270000,0.120000,75.610001,-1.050000,1.970000,275.790009,80.839996,54048.878906,33.17,92.37,10.342856,PM2.5,15804
7.160000,7.470000,0.470000,0.270000,0.120000,74.830002,-1.290000,1.420000,276.920013,78.080002,55209.800781,33.19,92.53,10.228571,PM2.5,15805
7.300000,7.610000,0.480000,0.250000,0.120000,74.639999,-1.640000,1.200000,277.429993,77.129997,55881.269531,33.2,92.69,10.428572,PM2.5,15806
7.540000,7.860000,0.500000,0.250000,0.120000,74.260002,-1.700000,1.170000,277.839996,76.320000,56436.230469,33.22,92.86,10.771428,PM2.5,15807
7.970000,8.300000,0.540000,0.260000,0.130000,71.879997,-1.820000,1.490000,278.290009,75.019997,56857.699219,33.23,93.02,11.385714,PM2.5,15808
8.650000,9.010000,0.600000,0.250000,0.130000,71.669998,-2.140000,2.310000,278.859985,74.120003,57192.921875,33.25,93.18,12.357142,PM2.5,15809
8.920000,9.290000,0.640000,0.240000,0.130000,72.339996,-2.680000,2.580000,278.839996,74.660004,57059.851562,33.26,93.34,12.742857,PM2.5,15810
9.130000,9.510000,0.650000,0.240000,0.130000,72.940002,-3.360000,2.940000,277.829987,77.620003,56392.730469,33.28,93.5,13.042857,PM2.5,15811
9.210000,9.580000,0.660000,0.230000,0.130000,73.019997,-3.720000,3.160000,277.040009,81.000000,56096.890625,33.29,93.66,13.157143,PM2.5,15812
9.190000,9.570000,0.660000,0.220000,0.130000,72.760002,-4.100000,3.460000,276.820007,82.180000,56077.308594,33.31,93.83,13.128571,PM2.5,15813
9.220000,9.600000,0.660000,0.210000,0.120000,72.510002,-4.140000,3.570000,276.450012,84.199997,55879.421875,33.32,93.99,13.171429,PM2.5,15814
9.190000,9.570000,0.660000,0.190000,0.120000,72.919998,-3.760000,3.290000,276.529999,84.510002,55995.238281,33.33,94.15,13.128571,PM2.5,15815
9.040000,9.420000,0.660000,0.190000,0.120000,73.480003,-3.430000,3.090000,277.690002,81.150002,57100.019531,33.35,94.31,12.914286,PM2.5,15816
8.900000,9.280000,0.670000,0.200000,0.120000,73.839996,-3.180000,3.330000,279.059998,75.930000,58064.300781,33.36,94.47,12.714285,PM2.5,15817
8.820000,9.200000,0.650000,0.200000,0.120000,74.349998,-3.670000,3.620000,278.850006,74.150002,57689.410156,33.37,94.64,12.599999,PM2.5,15818
8.910000,9.280000,0.630000,0.200000,0.120000,74.629997,-4.440000,3.360000,276.890015,80.809998,56158.558594,33.39,94.8,12.728571,PM2.5,15819
8.900000,9.260000,0.600000,0.210000,0.120000,74.750000,-4.110000,2.740000,275.829987,84.410004,55344.921875,33.4,94.96,12.714285,PM2.5,15820
8.850000,9.200000,0.570000,0.230000,0.110000,74.209999,-3.230000,1.860000,276.170013,83.529999,55709.058594,33.41,95.12,12.642858,PM2.5,15821
8.780000,9.120000,0.550000,0.240000,0.110000,73.830002,-2.940000,1.950000,275.880005,83.230003,55431.730469,33.43,95.29,12.542857,PM2.5,15822
8.660000,8.990000,0.530000,0.250000,0.110000,74.050003,-3.430000,2.750000,276.079987,79.570000,55371.390625,33.44,95.45,12.371428,PM2.5,15823
8.580000,8.900000,0.500000,0.270000,0.110000,74.570000,-3.880000,3.190000,276.359985,77.220001,55561.929688,33.45,95.61,12.257143,PM2.5,15824
8.510000,8.810000,0.450000,0.320000,0.110000,73.230003,-3.400000,2.520000,276.489990,77.419998,55890.511719,33.46,95.77,12.157144,PM2.5,15825
8.460000,8.760000,0.420000,0.380000,0.110000,71.690002,-2.950000,2.150000,278.589996,68.430000,57653.070312,33.47,95.94,12.085714,PM2.5,15826
8.580000,8.860000,0.380000,0.450000,0.110000,71.730003,-3.190000,2.130000,279.019989,65.489998,58146.039062,33.49,96.1,12.257143,PM2.5,15827
8.810000,9.100000,0.350000,0.470000,0.100000,73.169998,-3.570000,2.510000,278.230011,64.769997,57356.328125,33.5,96.26,12.585715,PM2.5,15828
9.090000,9.390000,0.310000,0.490000,0.100000,75.010002,-3.470000,2.310000,278.290009,61.880001,57458.398438,33.51,96.42,12.985715,PM2.5,15829
9.410000,9.750000,0.280000,0.490000,0.100000,76.760002,-3.310000,1.750000,279.279999,57.040001,58305.828125,33.52,96.59,13.442857,PM2.5,15830
9.530000,9.890000,0.260000,0.520000,0.100000,77.400002,-3.740000,1.460000,280.059998,54.049999,58881.359375,33.53,96.75,13.614285,PM2.5,15831
9.560000,9.930000,0.240000,0.540000,0.100000,77.680000,-3.530000,0.990000,278.709991,56.599998,57783.820312,33.54,96.91,13.657144,PM2.5,15832
9.510000,9.850000,0.220000,0.560000,0.100000,78.629997,-3.100000,0.640000,279.079987,54.340000,58108.320312,33.55,97.07,13.585714,PM2.5,15833
9.670000,9.960000,0.210000,0.440000,0.100000,79.139999,-3.610000,0.410000,280.489990,48.279999,59141.230469,33.56,97.24,13.814286,PM2.5,15834
9.750000,9.990000,0.210000,0.380000,0.100000,79.120003,-3.880000,0.420000,279.200012,51.650002,58057.890625,33.57,97.4,13.928572,PM2.5,15835
9.590000,9.900000,0.320000,0.520000,0.100000,77.589996,-3.130000,0.090000,279.959991,51.869999,58819.031250,33.64,98.7,13.700000,PM2.5,15843
9.740000,10.000000,0.330000,0.540000,0.100000,76.839996,-2.840000,0.190000,280.839996,50.000000,59708.121094,33.65,98.87,13.914286,PM2.5,15844
9.930000,10.160000,0.360000,0.590000,0.100000,76.400002,-3.080000,0.450000,280.799988,50.759998,59742.828125,33.66,99.03,14.185715,PM2.5,15845
10.130000,10.380000,0.400000,0.650000,0.100000,76.279999,-3.470000,0.700000,280.750000,52.380001,60048.140625,33.66,99.19,14.471429,PM2.5,15846
10.290000,10.560000,0.450000,0.670000,0.100000,76.330002,-3.410000,0.660000,280.920013,53.119999,60537.550781,33.67,99.36,14.700000,PM2.5,15847
10.510000,10.800000,0.500000,0.630000,0.100000,76.230003,-3.290000,0.540000,280.809998,54.619999,60643.820312,33.68,99.52,15.014286,PM2.5,15848
10.810000,11.140000,0.570000,0.620000,0.110000,76.180000,-3.400000,0.540000,280.690002,56.650002,60734.589844,33.69,99.68,15.442858,PM2.5,15849
11.090000,11.470000,0.640000,0.630000,0.110000,76.550003,-3.270000,0.820000,280.600006,59.240002,60965.121094,33.69,99.85,15.842857,PM2.5,15850
11.390000,11.830000,0.710000,0.600000,0.110000,77.660004,-3.260000,0.800000,280.959991,59.900002,61462.148438,33.7,100.01,16.271429,PM2.5,15851
11.610000,12.110000,0.780000,0.580000,0.110000,78.360001,-3.620000,0.460000,280.920013,60.380001,61438.980469,33.7,100.17,16.585714,PM2.5,15852
12.030000,12.570000,0.860000,0.590000,0.110000,78.019997,-3.660000,0.490000,279.750000,65.230003,60588.429688,33.71,100.34,17.185715,PM2.5,15853
12.630000,13.200000,0.980000,0.610000,0.120000,77.639999,-3.130000,0.760000,278.940002,70.489998,60311.890625,33.72,100.5,18.042858,PM2.5,15854
13.430000,14.010000,1.130000,0.620000,0.120000,78.949997,-2.370000,0.840000,279.489990,72.300003,61135.718750,33.72,100.66,19.185715,PM2.5,15855
14.090000,14.670000,1.240000,0.600000,0.120000,80.089996,-2.300000,0.540000,280.459991,72.529999,62239.710938,33.73,100.83,20.128572,PM2.5,15856
14.740000,15.460000,1.370000,0.610000,0.200000,81.139999,-2.710000,0.820000,280.609985,72.870003,62514.250000,33.73,100.99,21.057142,PM2.5,15857
15.560000,16.430000,1.570000,0.650000,0.330000,81.839996,-2.970000,1.300000,279.890015,76.830002,61913.761719,33.74,101.15,22.228573,PM2.5,15858
7.220000,7.530000,0.470000,0.190000,0.130000,79.160004,-0.450000,3.100000,276.130005,81.330002,53735.539062,33.15,90.9,10.314285,PM2.5,16055
7.510000,7.830000,0.480000,0.190000,0.130000,77.820000,-0.940000,3.100000,274.769989,86.199997,52585.539062,33.17,91.06,10.728572,PM2.5,16056
7.690000,8.020000,0.480000,0.210000,0.130000,76.180000,-0.790000,2.860000,273.880005,90.169998,52109.160156,33.19,91.22,10.985714,PM2.5,16057
7.610000,7.940000,0.480000,0.220000,0.130000,75.709999,-0.310000,2.610000,274.619995,88.029999,52970.511719,33.2,91.38,10.871428,PM2.5,16058
7.440000,7.760000,0.480000,0.220000,0.130000,75.529999,-0.240000,2.550000,275.230011,85.750000,53522.789062,33.22,91.54,10.628572,PM2.5,16059
7.210000,7.520000,0.480000,0.270000,0.120000,75.089996,-0.110000,2.360000,276.350006,81.500000,54450.390625,33.24,91.71,10.300000,PM2.5,16060
7.060000,7.370000,0.470000,0.300000,0.120000,75.150002,-0.520000,2.610000,277.609985,73.589996,55170.109375,33.25,91.87,10.085714,PM2.5,16061
7.190000,7.500000,0.470000,0.260000,0.120000,75.320000,-1.450000,3.620000,276.500000,76.019997,54112.468750,33.27,92.03,10.271429,PM2.5,16062
7.250000,7.560000,0.460000,0.250000,0.120000,75.620003,-1.870000,2.980000,275.630005,79.959999,53633.539062,33.29,92.19,10.357142,PM2.5,16063
7.140000,7.440000,0.450000,0.250000,0.120000,74.440002,-1.790000,2.080000,276.230011,79.389999,54526.109375,33.3,92.35,10.200000,PM2.5,16064
7.100000,7.400000,0.450000,0.250000,0.120000,73.449997,-1.790000,1.490000,277.309998,76.849998,55673.089844,33.32,92.51,10.142857,PM2.5,16065
7.280000,7.580000,0.460000,0.240000,0.120000,73.489998,-2.090000,1.440000,277.839996,75.900002,56308.980469,33.34,92.68,10.400001,PM2.5,16066
7.480000,7.790000,0.480000,0.240000,0.120000,73.860001,-2.580000,1.230000,278.149994,74.839996,56667.730469,33.35,92.84,10.685715,PM2.5,16067
7.730000,8.040000,0.510000,0.240000,0.120000,72.419998,-2.830000,0.830000,278.470001,73.660004,57003.660156,33.37,93.0,11.042857,PM2.5,16068
8.060000,8.400000,0.540000,0.240000,0.120000,71.970001,-2.810000,0.800000,278.950012,71.830002,57378.210938,33.38,93.16,11.514286,PM2.5,16069
8.500000,8.850000,0.590000,0.240000,0.130000,71.860001,-2.960000,1.450000,279.179993,71.660004,57464.000000,33.4,93.32,12.142858,PM2.5,16070
8.880000,9.240000,0.620000,0.230000,0.130000,72.180000,-3.550000,2.240000,278.529999,73.970001,56952.558594,33.41,93.49,12.685715,PM2.5,16071
8.980000,9.350000,0.640000,0.220000,0.120000,72.489998,-4.050000,3.020000,277.959991,75.980003,56649.378906,33.43,93.65,12.828570,PM2.5,16072
8.910000,9.270000,0.640000,0.210000,0.120000,72.379997,-4.140000,3.280000,277.980011,76.139999,56791.468750,33.44,93.81,12.728571,PM2.5,16073
8.850000,9.210000,0.640000,0.200000,0.120000,72.510002,-4.250000,3.650000,278.049988,76.419998,56965.511719,33.46,93.97,12.642858,PM2.5,16074
8.870000,9.230000,0.630000,0.190000,0.120000,73.029999,-4.130000,3.730000,277.579987,79.519997,56803.339844,33.47,94.13,12.671429,PM2.5,16075
8.780000,9.150000,0.630000,0.190000,0.120000,73.809998,-3.690000,3.570000,277.820007,78.760002,57016.519531,33.48,94.3,12.542857,PM2.5,16076
8.720000,9.080000,0.620000,0.190000,0.120000,74.589996,-3.290000,3.600000,278.690002,74.250000,57496.011719,33.5,94.46,12.457143,PM2.5,16077
8.710000,9.070000,0.610000,0.200000,0.120000,75.309998,-4.050000,3.700000,278.019989,72.889999,56593.500000,33.51,94.62,12.442857,PM2.5,16078
8.820000,9.170000,0.580000,0.200000,0.110000,76.250000,-5.390000,3.550000,275.429993,82.080002,54619.390625,33.52,94.78,12.599999,PM2.5,16079
8.750000,9.090000,0.540000,0.220000,0.110000,74.680000,-5.260000,3.180000,274.119995,87.860001,53852.648438,33.54,94.95,12.500000,PM2.5,16080
8.570000,8.880000,0.490000,0.230000,0.110000,74.260002,-4.330000,2.270000,275.029999,84.540001,54653.199219,33.55,95.11,12.242857,PM2.5,16081
8.420000,8.720000,0.460000,0.250000,0.110000,72.660004,-3.630000,2.020000,275.950012,80.370003,55557.378906,33.56,95.27,12.028571,PM2.5,16082
8.350000,8.640000,0.430000,0.270000,0.110000,72.220001,-3.340000,1.900000,277.190002,74.230003,56433.730469,33.57,95.43,11.928572,PM2.5,16083
8.390000,8.670000,0.410000,0.300000,0.110000,72.790001,-3.890000,2.350000,277.899994,69.800003,56797.691406,33.59,95.6,11.985715,PM2.5,16084
8.460000,8.730000,0.380000,0.350000,0.110000,72.660004,-3.960000,2.410000,277.690002,69.489998,56764.039062,33.6,95.76,12.085714,PM2.5,16085
8.630000,8.880000,0.340000,0.390000,0.100000,72.269997,-3.570000,1.960000,278.799988,64.360001,57846.390625,33.61,95.92,12.328571,PM2.5,16086
8.860000,9.090000,0.300000,0.410000,0.100000,72.430000,-3.240000,1.640000,279.380005,61.000000,58525.949219,33.62,96.08,12.657143,PM2.5,16087
9.130000,9.350000,0.270000,0.400000,0.100000,73.529999,-3.320000,1.770000,279.440002,57.919998,58474.519531,33.63,96.25,13.042857,PM2.5,16088
9.410000,9.640000,0.250000,0.390000,0.100000,75.150002,-3.520000,1.870000,278.980011,56.630001,58048.011719,33.64,96.41,13.442857,PM2.5,16089
9.590000,9.820000,0.230000,0.400000,0.100000,76.650002,-3.420000,1.730000,278.739990,55.830002,57762.261719,33.65,96.57,13.700000,PM2.5,16090
9.730000,9.960000,0.210000,0.410000,0.100000,77.510002,-3.650000,1.590000,279.700012,51.790001,58444.820312,33.66,96.74,13.900000,PM2.5,16091
9.800000,10.020000,0.190000,0.420000,0.100000,78.250000,-3.620000,1.410000,278.989990,52.220001,57839.558594,33.68,96.9,14.000000,PM2.5,16092
9.830000,10.040000,0.180000,0.440000,0.100000,78.849998,-3.510000,0.830000,279.480011,48.459999,58348.500000,33.69,97.06,14.042857,PM2.5,16093
10.160000,10.350000,0.170000,0.380000,0.100000,78.809998,-3.510000,0.370000,280.769989,44.680000,59518.339844,33.7,97.23,14.514285,PM2.5,16094
10.240000,10.420000,0.170000,0.340000,0.100000,79.370003,-3.710000,0.460000,280.070007,46.630001,58873.050781,33.71,97.39,14.628572,PM2.5,16095
9.860000,10.130000,0.260000,0.490000,0.100000,78.489998,-3.490000,-0.330000,280.660004,46.549999,59452.859375,33.77,98.53,14.085713,PM2.5,16102
9.810000,10.040000,0.280000,0.520000,0.100000,78.019997,-3.510000,-0.510000,280.600006,47.540001,59684.101562,33.78,98.69,14.014286,PM2.5,16103
9.910000,10.120000,0.310000,0.560000,0.100000,78.120003,-3.360000,-0.490000,280.980011,47.520000,60162.808594,33.78,98.86,14.157143,PM2.5,16104
10.030000,10.250000,0.350000,0.640000,0.100000,78.160004,-3.380000,-0.230000,280.799988,49.330002,60168.750000,33.79,99.02,14.328571,PM2.5,16105
10.210000,10.450000,0.390000,0.710000,0.100000,77.959999,-3.550000,-0.290000,280.799988,50.959999,60454.871094,33.8,99.18,14.585714,PM2.5,16106
10.380000,10.640000,0.440000,0.740000,0.100000,77.879997,-3.520000,-0.430000,280.779999,52.700001,60752.660156,33.81,99.35,14.828571,PM2.5,16107
10.570000,10.870000,0.490000,0.740000,0.100000,78.160004,-3.300000,-0.340000,281.019989,53.599998,61224.488281,33.81,99.51,15.099999,PM2.5,16108
10.760000,11.130000,0.550000,0.740000,0.110000,78.169998,-2.920000,-0.140000,281.190002,54.590000,61524.179688,33.82,99.68,15.371428,PM2.5,16109
11.000000,11.480000,0.630000,0.720000,0.110000,78.769997,-2.790000,0.280000,281.019989,56.639999,61396.421875,33.83,99.84,15.714286,PM2.5,16110
11.230000,11.850000,0.710000,0.680000,0.110000,79.360001,-3.360000,0.480000,281.070007,57.180000,61366.960938,33.83,100.0,16.042856,PM2.5,16111
11.400000,12.100000,0.750000,0.630000,0.120000,79.809998,-3.690000,0.570000,280.239990,59.570000,60533.648438,33.84,100.17,16.285713,PM2.5,16112
11.640000,12.340000,0.790000,0.610000,0.120000,79.529999,-3.410000,0.660000,278.649994,66.940002,59430.578125,33.85,100.33,16.628572,PM2.5,16113
12.150000,12.820000,0.880000,0.590000,0.110000,80.360001,-2.820000,0.890000,278.500000,71.220001,59834.230469,33.85,100.49,17.357141,PM2.5,16114
12.910000,13.570000,1.020000,0.590000,0.120000,81.000000,-2.310000,0.920000,279.559998,71.989998,61243.589844,33.86,100.66,18.442858,PM2.5,16115
13.740000,15.830000,1.150000,0.820000,0.170000,81.739998,-2.160000,0.490000,280.589996,72.360001,62654.320312,33.86,100.82,19.628571,PM2.5,16116
14.270000,16.670000,1.250000,0.750000,0.270000,84.239998,-2.320000,0.640000,280.940002,70.500000,62901.648438,33.87,100.98,20.385715,PM2.5,16117
6.240000,6.510000,0.400000,0.170000,0.120000,77.660004,0.240000,1.730000,276.890015,80.339996,54767.691406,33.25,90.56,8.914286,PM2.5,16314
6.610000,6.900000,0.430000,0.180000,0.120000,78.980003,-0.250000,2.440000,276.359985,80.599998,54142.320312,33.27,90.72,9.442858,PM2.5,16315
6.890000,7.190000,0.450000,0.190000,0.120000,78.339996,-0.550000,2.770000,275.369995,82.830002,53086.941406,33.29,90.88,9.842857,PM2.5,16316
7.240000,7.550000,0.470000,0.190000,0.120000,75.339996,-0.860000,3.370000,274.010010,88.320000,51990.640625,33.3,91.04,10.342856,PM2.5,16317
7.460000,7.770000,0.470000,0.200000,0.120000,73.660004,-0.740000,3.650000,272.869995,93.080002,51175.011719,33.32,91.2,10.657143,PM2.5,16318
7.250000,7.550000,0.450000,0.210000,0.120000,74.849998,-0.620000,3.440000,273.369995,90.489998,51678.148438,33.34,91.36,10.357142,PM2.5,16319
7.100000,7.400000,0.450000,0.210000,0.120000,73.279999,-0.770000,3.400000,274.130005,88.500000,52621.281250,33.36,91.52,10.142857,PM2.5,16320
6.850000,7.140000,0.430000,0.250000,0.120000,74.910004,-0.800000,3.010000,275.600006,82.070000,53706.878906,33.37,91.69,9.785714,PM2.5,16321
6.670000,6.950000,0.430000,0.270000,0.120000,75.080002,-0.890000,2.530000,277.299988,73.910004,54919.300781,33.39,91.85,9.528571,PM2.5,16322
6.750000,7.030000,0.430000,0.260000,0.120000,74.010002,-1.300000,2.410000,277.970001,69.989998,55465.648438,33.41,92.01,9.642858,PM2.5,16323
7.020000,7.310000,0.430000,0.250000,0.120000,73.800003,-2.340000,2.540000,276.989990,73.660004,54706.878906,33.42,92.17,10.028571,PM2.5,16324
7.150000,7.450000,0.420000,0.250000,0.120000,73.230003,-2.830000,2.640000,276.029999,78.769997,54307.539062,33.44,92.33,10.214286,PM2.5,16325
7.200000,7.490000,0.440000,0.240000,0.120000,72.940002,-2.500000,2.000000,277.320007,76.510002,55728.210938,33.46,92.49,10.285714,PM2.5,16326
7.330000,7.630000,0.460000,0.240000,0.120000,73.379997,-2.600000,1.950000,278.390015,73.419998,56774.339844,33.47,92.66,10.471429,PM2.5,16327
7.550000,7.850000,0.480000,0.230000,0.120000,73.989998,-3.340000,1.880000,278.260010,73.639999,56686.679688,33.49,92.82,10.785714,PM2.5,16328
7.770000,8.080000,0.510000,0.230000,0.120000,72.739998,-3.930000,1.310000,277.920013,74.500000,56503.648438,33.5,92.98,11.100000,PM2.5,16329
8.030000,8.350000,0.540000,0.230000,0.120000,72.980003,-3.860000,0.800000,278.230011,72.839996,56804.949219,33.52,93.14,11.471428,PM2.5,16330
8.230000,8.570000,0.560000,0.230000,0.120000,72.400002,-3.690000,0.630000,278.730011,71.389999,57277.769531,33.53,93.31,11.757142,PM2.5,16331
8.410000,8.750000,0.580000,0.230000,0.120000,72.050003,-3.850000,1.120000,278.880005,71.820000,57430.679688,33.55,93.47,12.014285,PM2.5,16332
8.480000,8.830000,0.590000,0.220000,0.120000,71.949997,-4.290000,2.080000,278.910004,72.059998,57518.351562,33.56,93.63,12.114285,PM2.5,16333
8.440000,8.790000,0.600000,0.220000,0.120000,72.290001,-4.480000,2.410000,279.290009,71.000000,57952.328125,33.58,93.79,12.057142,PM2.5,16334
8.420000,8.770000,0.600000,0.210000,0.120000,72.400002,-4.330000,2.650000,279.829987,69.839996,58350.078125,33.59,93.95,12.028571,PM2.5,16335
8.490000,8.840000,0.600000,0.200000,0.120000,72.989998,-4.170000,3.130000,279.369995,71.260002,57949.910156,33.6,94.12,12.128572,PM2.5,16336
8.580000,8.930000,0.590000,0.200000,0.120000,74.050003,-3.960000,3.470000,278.459991,73.589996,57185.031250,33.62,94.28,12.257143,PM2.5,16337
8.610000,8.950000,0.570000,0.200000,0.120000,74.680000,-3.750000,3.330000,278.269989,71.830002,56779.921875,33.63,94.44,12.299999,PM2.5,16338
8.510000,8.830000,0.540000,0.200000,0.110000,75.449997,-4.050000,2.980000,277.619995,70.980003,56048.910156,33.65,94.6,12.157144,PM2.5,16339
8.380000,8.670000,0.510000,0.200000,0.110000,77.290001,-5.200000,3.160000,276.079987,75.379997,54839.519531,33.66,94.77,11.971429,PM2.5,16340
8.340000,8.640000,0.460000,0.220000,0.110000,74.379997,-5.860000,3.590000,275.220001,79.330002,54419.070312,33.67,94.93,11.914286,PM2.5,16341
8.380000,8.670000,0.420000,0.250000,0.110000,73.389999,-5.030000,2.810000,275.859985,78.709999,55269.609375,33.68,95.09,11.971429,PM2.5,16342
8.480000,8.750000,0.390000,0.270000,0.110000,72.190002,-4.050000,2.350000,277.470001,71.500000,56604.679688,33.7,95.26,12.114285,PM2.5,16343
8.620000,8.880000,0.360000,0.300000,0.110000,71.629997,-3.540000,1.710000,278.750000,65.040001,57647.468750,33.71,95.42,12.314285,PM2.5,16344
8.710000,8.960000,0.340000,0.340000,0.100000,72.080002,-3.690000,1.620000,279.570007,59.810001,58228.089844,33.72,95.58,12.442857,PM2.5,16345
8.840000,9.070000,0.320000,0.380000,0.100000,72.769997,-4.020000,2.360000,279.500000,57.939999,58199.710938,33.73,95.74,12.628572,PM2.5,16346
9.080000,9.310000,0.290000,0.390000,0.100000,73.540001,-4.020000,2.520000,279.660004,55.669998,58484.890625,33.75,95.91,12.971429,PM2.5,16347
9.380000,9.580000,0.260000,0.400000,0.100000,74.129997,-3.720000,2.120000,280.220001,52.160000,59155.109375,33.76,96.07,13.400001,PM2.5,16348
9.600000,9.800000,0.230000,0.410000,0.100000,74.959999,-3.600000,1.500000,280.420013,50.000000,59264.101562,33.77,96.23,13.714286,PM2.5,16349
9.750000,9.930000,0.210000,0.410000,0.100000,76.239998,-3.650000,1.500000,279.619995,51.029999,58496.820312,33.78,96.4,13.928572,PM2.5,16350
9.820000,9.990000,0.190000,0.430000,0.100000,77.169998,-3.550000,1.560000,279.190002,51.160000,58071.390625,33.79,96.56,14.028571,PM2.5,16351
9.890000,10.060000,0.180000,0.430000,0.100000,77.910004,-3.590000,1.170000,279.750000,47.810001,58498.128906,33.8,96.72,14.128572,PM2.5,16352
9.940000,10.110000,0.170000,0.420000,0.100000,78.860001,-3.570000,0.890000,279.609985,46.320000,58380.871094,33.81,96.89,14.200000,PM2.5,16353
10.330000,10.500000,0.170000,0.430000,0.100000,79.480003,-3.560000,0.900000,280.290009,43.320000,59035.921875,33.82,97.05,14.757143,PM2.5,16354
10.610000,10.770000,0.160000,0.380000,0.100000,80.019997,-3.460000,0.770000,280.899994,42.430000,59636.878906,33.83,97.21,15.157143,PM2.5,16355
10.220000,10.430000,0.250000,0.470000,0.100000,79.029999,-3.630000,-0.500000,280.480011,45.360001,59490.550781,33.9,98.52,14.600000,PM2.5,16363
10.150000,10.350000,0.270000,0.510000,0.100000,78.870003,-3.400000,-0.580000,280.410004,46.320000,59692.691406,33.91,98.68,14.499999,PM2.5,16364
10.100000,10.300000,0.300000,0.560000,0.100000,79.629997,-3.220000,-0.370000,280.920013,46.400002,60227.609375,33.92,98.85,14.428572,PM2.5,16365
10.080000,10.300000,0.330000,0.610000,0.100000,80.500000,-3.440000,-0.020000,281.140015,46.630001,60413.011719,33.93,99.01,14.400000,PM2.5,16366
10.220000,10.450000,0.370000,0.660000,0.100000,80.690002,-3.530000,0.070000,280.420013,50.029999,59939.261719,33.94,99.18,14.600000,PM2.5,16367
10.270000,10.540000,0.420000,0.720000,0.100000,79.919998,-3.460000,-0.190000,279.809998,54.150002,59769.140625,33.94,99.34,14.671430,PM2.5,16368
10.530000,10.860000,0.470000,0.760000,0.100000,80.230003,-3.360000,-0.410000,280.399994,54.470001,60661.691406,33.95,99.5,15.042857,PM2.5,16369
10.730000,11.200000,0.540000,0.810000,0.110000,80.290001,-3.180000,-0.430000,280.799988,54.680000,61187.910156,33.96,99.67,15.328570,PM2.5,16370
11.000000,11.900000,0.640000,0.880000,0.130000,80.309998,-2.940000,-0.440000,280.630005,56.299999,61063.269531,33.96,99.83,15.714286,PM2.5,16371
11.570000,13.270000,0.760000,1.040000,0.180000,80.379997,-2.980000,-0.050000,280.260010,58.180000,60695.398438,33.97,99.99,16.528570,PM2.5,16372
11.840000,13.960000,0.800000,1.030000,0.190000,80.410004,-3.070000,0.700000,279.579987,60.369999,59980.390625,33.98,100.16,16.914286,PM2.5,16373
11.810000,13.720000,0.780000,0.920000,0.170000,80.489998,-2.980000,1.270000,278.910004,63.560001,59485.171875,33.98,100.32,16.871429,PM2.5,16374
11.870000,13.170000,0.790000,0.750000,0.130000,81.059998,-2.710000,1.580000,278.709991,68.120003,59829.121094,33.99,100.49,16.957142,PM2.5,16375
12.540000,13.480000,0.910000,0.650000,0.120000,81.889999,-2.410000,1.640000,279.470001,69.940002,61027.261719,33.99,100.65,17.914286,PM2.5,16376
13.630000,17.180000,1.090000,1.070000,0.220000,82.389999,-2.050000,1.360000,279.980011,70.629997,61857.820312,34.0,100.81,19.471428,PM2.5,16377
5.570000,5.810000,0.340000,0.160000,0.110000,75.580002,-0.110000,1.190000,277.540009,78.379997,55468.441406,33.37,90.37,7.957143,PM2.5,16573
5.840000,6.090000,0.370000,0.170000,0.120000,76.430000,-0.060000,1.280000,277.519989,77.820000,55327.160156,33.38,90.53,8.342857,PM2.5,16574
6.210000,6.480000,0.400000,0.180000,0.120000,77.360001,-0.320000,2.230000,275.980011,81.389999,53832.539062,33.4,90.69,8.871428,PM2.5,16575
6.590000,6.860000,0.420000,0.190000,0.120000,76.150002,-0.300000,3.300000,273.980011,87.459999,52018.929688,33.42,90.86,9.414286,PM2.5,16576
6.770000,7.050000,0.420000,0.190000,0.120000,75.839996,-0.410000,3.860000,273.470001,87.669998,51338.820312,33.44,91.02,9.671429,PM2.5,16577
6.960000,7.250000,0.440000,0.200000,0.120000,73.110001,-0.480000,4.200000,272.989990,88.980003,51006.480469,33.46,91.18,9.942857,PM2.5,16578
6.690000,6.970000,0.410000,0.200000,0.120000,74.910004,-0.680000,3.290000,274.209991,84.080002,51972.871094,33.47,91.34,9.557143,PM2.5,16579
6.580000,6.850000,0.400000,0.210000,0.120000,74.769997,-1.220000,3.370000,275.720001,80.360001,53579.699219,33.49,91.5,9.400000,PM2.5,16580
6.460000,6.730000,0.400000,0.230000,0.120000,75.290001,-1.560000,2.990000,276.600006,77.010002,54342.339844,33.51,91.67,9.228572,PM2.5,16581
6.450000,6.710000,0.390000,0.260000,0.120000,75.230003,-1.960000,2.350000,277.290009,73.800003,54984.371094,33.52,91.83,9.214286,PM2.5,16582
6.570000,6.830000,0.390000,0.290000,0.110000,73.739998,-2.180000,1.600000,278.269989,69.309998,55865.781250,33.54,91.99,9.385715,PM2.5,16583
6.890000,7.160000,0.400000,0.300000,0.110000,72.309998,-2.800000,1.370000,278.279999,69.250000,55932.320312,33.56,92.15,9.842857,PM2.5,16584
7.100000,7.380000,0.410000,0.260000,0.120000,71.680000,-3.370000,2.350000,278.000000,72.040001,55894.839844,33.57,92.31,10.142857,PM2.5,16585
7.220000,7.510000,0.430000,0.250000,0.120000,72.389999,-3.290000,2.500000,278.480011,71.720001,56553.550781,33.59,92.48,10.314285,PM2.5,16586
7.350000,7.640000,0.450000,0.240000,0.120000,73.050003,-3.160000,2.330000,278.950012,69.830002,57044.570312,33.61,92.64,10.500000,PM2.5,16587
7.540000,7.840000,0.480000,0.240000,0.120000,73.070000,-3.930000,2.390000,279.089996,67.559998,57068.921875,33.62,92.8,10.771428,PM2.5,16588
7.900000,8.220000,0.510000,0.230000,0.120000,72.459999,-4.780000,2.390000,277.730011,72.660004,56121.250000,33.64,92.96,11.285714,PM2.5,16589
8.090000,8.410000,0.530000,0.220000,0.120000,73.129997,-4.780000,1.840000,276.850006,76.300003,55506.621094,33.65,93.12,11.557143,PM2.5,16590
8.160000,8.490000,0.540000,0.220000,0.120000,72.980003,-4.330000,1.020000,277.489990,75.180000,56246.050781,33.67,93.29,11.657143,PM2.5,16591
8.130000,8.450000,0.540000,0.220000,0.120000,72.519997,-3.880000,0.970000,278.429993,72.860001,57159.390625,33.68,93.45,11.614285,PM2.5,16592
8.060000,8.390000,0.540000,0.230000,0.120000,71.930000,-4.140000,1.790000,279.329987,69.540001,57881.539062,33.7,93.61,11.514286,PM2.5,16593
8.120000,8.450000,0.550000,0.220000,0.120000,72.529999,-4.560000,2.470000,279.709991,68.500000,58194.851562,33.71,93.78,11.599999,PM2.5,16594
8.250000,8.580000,0.550000,0.220000,0.120000,72.930000,-4.460000,2.560000,279.399994,69.070000,57880.300781,33.73,93.94,11.785714,PM2.5,16595
8.390000,8.720000,0.540000,0.210000,0.110000,73.400002,-4.150000,2.660000,279.309998,68.639999,57735.101562,33.74,94.1,11.985715,PM2.5,16596
8.490000,8.810000,0.530000,0.210000,0.110000,73.949997,-4.360000,2.950000,278.880005,68.400002,57185.230469,33.75,94.26,12.128572,PM2.5,16597
8.540000,8.850000,0.500000,0.200000,0.110000,74.419998,-4.810000,2.750000,277.769989,70.209999,56165.511719,33.77,94.43,12.200000,PM2.5,16598
8.440000,8.730000,0.460000,0.210000,0.110000,74.550003,-4.750000,2.200000,277.299988,70.449997,55871.500000,33.78,94.59,12.057142,PM2.5,16599
8.380000,8.660000,0.430000,0.220000,0.110000,74.830002,-5.210000,2.530000,277.200012,69.300003,55824.988281,33.79,94.75,11.971429,PM2.5,16600
8.470000,8.740000,0.410000,0.240000,0.110000,74.900002,-5.940000,3.370000,276.869995,69.379997,55570.179688,33.81,94.91,12.100000,PM2.5,16601
8.640000,8.910000,0.380000,0.280000,0.110000,74.180000,-5.390000,3.020000,277.179993,67.639999,56111.531250,33.82,95.08,12.342857,PM2.5,16602
8.930000,9.180000,0.350000,0.350000,0.100000,73.570000,-4.490000,2.470000,278.480011,61.200001,57263.621094,33.83,95.24,12.757143,PM2.5,16603
9.140000,9.380000,0.330000,0.400000,0.100000,73.900002,-4.020000,1.750000,279.429993,55.599998,58077.261719,33.84,95.4,13.057143,PM2.5,16604
9.350000,9.580000,0.310000,0.450000,0.100000,73.680000,-3.650000,1.260000,280.010010,53.200001,58656.308594,33.86,95.57,13.357143,PM2.5,16605
9.450000,9.660000,0.270000,0.400000,0.100000,73.970001,-3.590000,1.910000,280.549988,50.610001,59182.421875,33.87,95.73,13.500000,PM2.5,16606
9.600000,9.800000,0.250000,0.380000,0.100000,74.830002,-3.960000,2.500000,280.869995,48.330002,59444.730469,33.88,95.89,13.714286,PM2.5,16607
9.850000,10.040000,0.220000,0.390000,0.100000,76.120003,-4.190000,1.930000,280.079987,48.540001,58717.679688,33.89,96.06,14.071429,PM2.5,16608
9.890000,10.060000,0.200000,0.420000,0.100000,76.440002,-3.760000,1.000000,279.170013,48.970001,57966.750000,33.9,96.22,14.128572,PM2.5,16609
10.040000,10.200000,0.180000,0.440000,0.100000,77.800003,-3.170000,0.790000,279.970001,46.389999,58716.128906,33.91,96.38,14.342857,PM2.5,16610
10.220000,10.380000,0.160000,0.460000,0.100000,78.019997,-3.260000,1.000000,280.619995,44.369999,59159.570312,33.93,96.55,14.600000,PM2.5,16611
10.300000,10.440000,0.160000,0.430000,0.100000,79.290001,-3.780000,0.860000,279.720001,45.119999,58285.339844,33.94,96.71,14.714286,PM2.5,16612
10.240000,10.390000,0.150000,0.410000,0.090000,79.779999,-3.600000,0.540000,279.320007,44.630001,58047.808594,33.95,96.87,14.628572,PM2.5,16613
10.690000,10.830000,0.160000,0.400000,0.090000,80.489998,-3.290000,0.570000,279.850006,43.009998,58537.839844,33.96,97.04,15.271428,PM2.5,16614
10.880000,11.020000,0.150000,0.370000,0.090000,81.559998,-3.580000,0.670000,280.100006,42.950001,58696.871094,33.97,97.2,15.542857,PM2.5,16615
10.750000,10.890000,0.150000,0.350000,0.090000,82.440002,-3.970000,0.390000,279.880005,43.919998,58496.058594,33.98,97.36,15.357142,PM2.5,16616
10.630000,10.800000,0.160000,0.360000,0.090000,82.370003,-4.020000,0.010000,279.260010,45.529999,57984.160156,33.99,97.53,15.185715,PM2.5,16617
10.420000,10.600000,0.240000,0.460000,0.100000,80.089996,-3.510000,-0.710000,280.309998,44.470001,59398.621094,34.04,98.51,14.885715,PM2.5,16623
10.300000,10.490000,0.270000,0.500000,0.100000,79.800003,-3.080000,-0.700000,279.929993,45.270000,59329.710938,34.05,98.68,14.714286,PM2.5,16624
10.280000,10.480000,0.290000,0.550000,0.100000,81.070000,-2.720000,-0.460000,280.899994,45.099998,60330.019531,34.06,98.84,14.685714,PM2.5,16625
10.170000,10.380000,0.320000,0.600000,0.100000,81.910004,-2.960000,-0.070000,281.510010,44.560001,60806.691406,34.06,99.0,14.528571,PM2.5,16626
10.210000,10.430000,0.350000,0.620000,0.100000,82.529999,-3.170000,0.280000,280.609985,48.009998,60081.980469,34.07,99.17,14.585714,PM2.5,16627
10.230000,10.500000,0.390000,0.650000,0.100000,82.339996,-3.250000,0.190000,279.850006,51.889999,59697.640625,34.08,99.33,14.614285,PM2.5,16628
10.430000,10.800000,0.440000,0.660000,0.100000,82.489998,-3.110000,-0.220000,279.970001,52.900002,59988.238281,34.09,99.49,14.900001,PM2.5,16629
10.660000,11.400000,0.520000,0.760000,0.130000,82.379997,-3.170000,-0.580000,279.890015,54.509998,60042.460938,34.09,99.66,15.228571,PM2.5,16630
11.380000,13.320000,0.660000,1.230000,0.200000,82.379997,-3.030000,-0.760000,279.540009,57.250000,59959.000000,34.1,99.82,16.257143,PM2.5,16631
12.860000,17.049999,0.880000,2.210000,0.310000,82.860001,-2.630000,-0.490000,279.059998,60.439999,59714.640625,34.11,99.99,18.371428,PM2.5,16632
13.360000,18.850000,0.960000,2.870000,0.350000,82.989998,-2.010000,0.060000,279.100006,61.880001,59934.031250,34.11,100.15,19.085714,PM2.5,16633
12.670000,17.660000,0.880000,2.280000,0.300000,83.610001,-2.000000,0.610000,280.040009,60.250000,60792.789062,34.12,100.32,18.100000,PM2.5,16634
11.970000,15.270000,0.740000,1.410000,0.210000,82.330002,-2.520000,1.150000,280.309998,61.959999,61305.789062,34.12,100.48,17.100000,PM2.5,16635
12.260000,14.380000,0.800000,0.940000,0.160000,82.940002,-2.490000,1.370000,280.190002,65.239998,61473.261719,34.13,100.64,17.514286,PM2.5,16636
13.470000,18.280001,1.020000,1.350000,0.280000,82.989998,-1.960000,1.420000,280.140015,66.489998,61614.550781,34.14,100.81,19.242857,PM2.5,16637
16.850000,17.889999,1.880000,0.880000,0.140000,83.620003,-1.670000,1.150000,281.660004,75.690002,64817.839844,34.16,101.79,24.071428,PM2.5,16643
18.059999,19.209999,2.150000,0.980000,0.140000,82.500000,-1.450000,0.780000,280.549988,79.820000,63897.898438,34.17,101.96,25.799999,PM2.5,16644
5.200000,5.410000,0.300000,0.160000,0.110000,73.029999,-1.200000,1.390000,277.350006,76.099998,55053.468750,33.48,90.19,7.428571,PM2.5,16830
5.620000,5.850000,0.320000,0.170000,0.110000,72.610001,-1.680000,0.700000,277.390015,79.139999,55392.550781,33.5,90.35,8.028571,PM2.5,16831
5.560000,5.780000,0.330000,0.170000,0.110000,76.309998,-0.630000,0.760000,277.070007,77.830002,55098.960938,33.52,90.51,7.942857,PM2.5,16832
5.770000,6.000000,0.350000,0.170000,0.110000,76.779999,0.240000,1.480000,276.049988,81.709999,54123.910156,33.54,90.67,8.242857,PM2.5,16833
5.880000,6.120000,0.360000,0.180000,0.120000,76.349998,0.460000,2.280000,275.369995,81.209999,53161.800781,33.56,90.83,8.400001,PM2.5,16834
6.070000,6.320000,0.370000,0.190000,0.120000,74.769997,-0.140000,2.320000,274.910004,81.330002,52519.640625,33.57,91.0,8.671429,PM2.5,16835
6.350000,6.610000,0.390000,0.210000,0.120000,72.989998,-0.960000,2.970000,274.529999,81.529999,52240.519531,33.59,91.16,9.071428,PM2.5,16836
6.230000,6.480000,0.370000,0.210000,0.120000,75.070000,-1.850000,1.620000,275.760010,78.730003,53503.238281,33.61,91.32,8.900000,PM2.5,16837
6.210000,6.460000,0.370000,0.210000,0.110000,75.739998,-2.350000,1.730000,277.250000,74.910004,55010.660156,33.63,91.48,8.871428,PM2.5,16838
6.170000,6.410000,0.360000,0.220000,0.110000,76.099998,-2.610000,1.510000,278.130005,71.379997,55768.609375,33.64,91.64,8.814286,PM2.5,16839
6.330000,6.570000,0.360000,0.250000,0.110000,75.870003,-3.070000,1.410000,278.609985,69.410004,56295.039062,33.66,91.81,9.042857,PM2.5,16840
6.620000,6.860000,0.360000,0.290000,0.110000,74.470001,-3.370000,1.130000,278.950012,67.739998,56625.628906,33.68,91.97,9.457143,PM2.5,16841
6.850000,7.110000,0.380000,0.300000,0.110000,73.269997,-3.670000,1.010000,279.500000,66.610001,57188.828125,33.69,92.13,9.785714,PM2.5,16842
6.970000,7.240000,0.390000,0.250000,0.110000,73.019997,-3.780000,1.530000,280.149994,65.489998,57730.230469,33.71,92.29,9.957143,PM2.5,16843
7.100000,7.380000,0.410000,0.240000,0.110000,73.580002,-3.820000,2.000000,280.049988,65.309998,57631.128906,33.73,92.46,10.142857,PM2.5,16844
7.250000,7.540000,0.430000,0.240000,0.120000,73.760002,-3.620000,1.930000,279.940002,64.330002,57531.320312,33.74,92.62,10.357142,PM2.5,16845
7.450000,7.750000,0.460000,0.230000,0.120000,72.620003,-3.750000,1.840000,280.459991,60.869999,57849.261719,33.76,92.78,10.642857,PM2.5,16846
7.840000,8.150000,0.500000,0.220000,0.120000,72.300003,-4.700000,2.300000,279.130005,65.500000,56862.089844,33.77,92.94,11.200000,PM2.5,16847
8.050000,8.350000,0.510000,0.210000,0.120000,72.500000,-5.380000,2.510000,277.329987,73.360001,55705.171875,33.79,93.11,11.500000,PM2.5,16848
8.030000,8.340000,0.510000,0.210000,0.120000,72.370003,-4.790000,2.070000,277.649994,74.129997,56379.968750,33.8,93.27,11.471428,PM2.5,16849
7.980000,8.290000,0.510000,0.230000,0.110000,72.089996,-3.790000,1.710000,278.549988,71.650002,57255.589844,33.82,93.43,11.400000,PM2.5,16850
7.960000,8.270000,0.500000,0.230000,0.110000,72.250000,-3.690000,1.920000,279.500000,67.769997,57912.281250,33.83,93.59,11.371428,PM2.5,16851
8.040000,8.350000,0.510000,0.230000,0.110000,72.570000,-4.430000,2.490000,280.029999,65.059998,58205.058594,33.85,93.76,11.485714,PM2.5,16852
8.200000,8.510000,0.500000,0.220000,0.110000,73.250000,-4.850000,2.640000,279.369995,66.050003,57595.769531,33.86,93.92,11.714286,PM2.5,16853
8.310000,8.610000,0.480000,0.210000,0.110000,73.669998,-4.650000,2.470000,279.209991,65.769997,57438.050781,33.88,94.08,11.871429,PM2.5,16854
8.340000,8.640000,0.450000,0.220000,0.110000,74.010002,-4.860000,2.310000,278.890015,65.540001,57099.160156,33.89,94.25,11.914286,PM2.5,16855
8.400000,8.680000,0.420000,0.220000,0.110000,74.379997,-5.370000,2.310000,277.690002,68.019997,56107.699219,33.9,94.41,11.999999,PM2.5,16856
8.450000,8.710000,0.390000,0.230000,0.110000,74.570000,-5.020000,2.180000,277.450012,67.290001,56063.730469,33.92,94.57,12.071428,PM2.5,16857
8.570000,8.830000,0.380000,0.250000,0.100000,74.839996,-4.860000,2.360000,277.980011,63.619999,56480.601562,33.93,94.74,12.242857,PM2.5,16858
8.710000,8.960000,0.370000,0.270000,0.100000,75.650002,-5.470000,3.130000,277.579987,62.639999,56080.468750,33.94,94.9,12.442857,PM2.5,16859
8.910000,9.150000,0.340000,0.310000,0.100000,75.599998,-5.260000,3.230000,277.619995,60.410000,56277.449219,33.96,95.06,12.728571,PM2.5,16860
9.200000,9.440000,0.320000,0.370000,0.100000,75.430000,-4.820000,2.930000,278.540009,55.250000,57038.039062,33.97,95.23,13.142857,PM2.5,16861
9.400000,9.630000,0.300000,0.400000,0.100000,75.540001,-4.530000,2.330000,278.070007,55.660000,56730.308594,33.98,95.39,13.428571,PM2.5,16862
9.600000,9.810000,0.270000,0.440000,0.100000,75.889999,-3.620000,1.610000,278.690002,53.490002,57394.558594,33.99,95.55,13.714286,PM2.5,16863
9.890000,10.080000,0.240000,0.410000,0.100000,76.489998,-2.980000,1.690000,281.089996,46.750000,59595.039062,34.0,95.72,14.128572,PM2.5,16864
9.960000,10.140000,0.220000,0.380000,0.100000,77.400002,-3.640000,1.810000,281.369995,44.970001,59724.640625,34.02,95.88,14.228572,PM2.5,16865
10.010000,10.180000,0.190000,0.330000,0.100000,78.809998,-4.260000,1.130000,279.250000,48.110001,57826.871094,34.03,96.04,14.300000,PM2.5,16866
9.780000,9.940000,0.170000,0.320000,0.100000,79.019997,-3.740000,0.630000,278.450012,48.119999,57282.378906,34.04,96.21,13.971428,PM2.5,16867
10.630000,10.780000,0.160000,0.310000,0.100000,80.300003,-3.230000,0.300000,280.049988,42.880001,58739.718750,34.05,96.37,15.185715,PM2.5,16868
10.880000,11.020000,0.150000,0.310000,0.090000,80.070000,-3.310000,0.260000,280.890015,40.490002,59453.988281,34.06,96.53,15.542857,PM2.5,16869
10.860000,11.000000,0.140000,0.310000,0.090000,80.830002,-3.700000,0.300000,280.179993,41.240002,58699.449219,34.07,96.7,15.514285,PM2.5,16870
10.850000,10.980000,0.140000,0.320000,0.090000,81.339996,-3.600000,0.240000,279.670013,41.299999,58316.949219,34.08,96.86,15.500001,PM2.5,16871
10.790000,10.930000,0.140000,0.330000,0.090000,82.160004,-3.280000,0.120000,279.459991,41.980000,58147.101562,34.09,97.03,15.414286,PM2.5,16872
10.910000,11.040000,0.140000,0.340000,0.090000,83.320000,-3.530000,0.220000,279.660004,42.070000,58251.179688,34.1,97.19,15.585714,PM2.5,16873
10.750000,10.890000,0.140000,0.350000,0.090000,84.029999,-3.780000,0.410000,279.290009,43.299999,57878.320312,34.11,97.35,15.357142,PM2.5,16874
10.490000,10.650000,0.150000,0.390000,0.090000,83.849998,-3.700000,0.370000,278.010010,46.639999,56866.710938,34.12,97.52,14.985714,PM2.5,16875
10.870000,11.030000,0.180000,0.410000,0.090000,80.779999,-2.850000,-0.210000,278.489990,46.410000,57876.910156,34.15,98.01,15.528571,PM2.5,16878
10.940000,11.100000,0.190000,0.440000,0.100000,81.010002,-2.680000,-0.510000,279.309998,44.750000,58730.960938,34.16,98.17,15.628571,PM2.5,16879
10.860000,11.030000,0.210000,0.450000,0.100000,81.309998,-2.860000,-0.590000,280.390015,42.810001,59651.718750,34.17,98.34,15.514285,PM2.5,16880
10.670000,10.850000,0.240000,0.470000,0.100000,81.169998,-3.410000,-0.550000,280.450012,43.009998,59749.640625,34.18,98.5,15.242857,PM2.5,16881
10.570000,10.750000,0.260000,0.500000,0.100000,81.180000,-2.770000,-0.430000,280.279999,44.060001,59913.691406,34.18,98.67,15.099999,PM2.5,16882
10.410000,10.600000,0.280000,0.540000,0.100000,82.570000,-2.390000,-0.380000,280.980011,43.930000,60504.550781,34.19,98.83,14.871428,PM2.5,16883
10.230000,10.430000,0.300000,0.580000,0.100000,83.699997,-2.820000,-0.150000,281.130005,44.570000,60573.300781,34.2,98.99,14.614285,PM2.5,16884
10.140000,10.360000,0.320000,0.600000,0.100000,84.680000,-2.800000,-0.010000,280.600006,46.880001,60127.250000,34.21,99.16,14.485715,PM2.5,16885
10.090000,10.360000,0.360000,0.630000,0.100000,84.879997,-2.960000,0.120000,280.170013,48.869999,59831.191406,34.21,99.32,14.414286,PM2.5,16886
10.190000,10.590000,0.410000,0.660000,0.100000,85.190002,-3.020000,-0.110000,279.500000,51.369999,59272.718750,34.22,99.49,14.557142,PM2.5,16887
10.620000,11.820000,0.520000,0.910000,0.150000,84.419998,-2.980000,-0.160000,278.190002,56.090000,58330.980469,34.23,99.65,15.171429,PM2.5,16888
12.260000,15.770000,0.730000,2.010000,0.280000,84.800003,-2.400000,-0.460000,277.839996,60.110001,58390.500000,34.24,99.82,17.514286,PM2.5,16889
15.070000,22.580000,1.070000,4.190000,0.450000,86.750000,-1.810000,-0.180000,278.290009,61.419998,59098.121094,34.24,99.98,22.580000,PM10,16890
16.110001,26.049999,1.290000,6.160000,0.560000,86.940002,-1.460000,-0.110000,279.250000,60.490002,60199.570312,34.25,100.14,26.049999,PM10,16891
14.870000,24.200001,1.180000,5.100000,0.510000,85.040001,-1.690000,-0.510000,280.640015,58.619999,61718.828125,34.25,100.31,24.200001,PM10,16892
12.710000,18.870001,0.850000,2.700000,0.360000,84.209999,-2.300000,-0.120000,281.029999,59.540001,62125.769531,34.26,100.47,18.870001,PM10,16893
12.410000,16.320000,0.780000,1.390000,0.240000,84.879997,-2.360000,0.120000,280.470001,63.000000,61781.179688,34.27,100.64,17.728571,PM2.5,16894
13.020000,17.290001,0.920000,1.290000,0.260000,83.849998,-1.850000,0.480000,281.070007,63.020000,62486.191406,34.27,100.8,18.600000,PM2.5,16895
13.730000,15.000000,1.170000,0.680000,0.270000,85.870003,-2.630000,0.210000,283.010010,64.680000,65032.210938,34.29,101.29,19.614285,PM2.5,16898
14.160000,14.950000,1.300000,0.620000,0.160000,87.000000,-2.370000,0.550000,282.690002,68.040001,65137.960938,34.29,101.46,20.228571,PM2.5,16899
14.920000,15.590000,1.470000,0.660000,0.120000,86.370003,-1.900000,0.830000,281.630005,72.599998,64382.828125,34.3,101.62,21.314285,PM2.5,16900
15.830000,16.520000,1.650000,0.650000,0.120000,85.580002,-1.540000,0.430000,281.049988,75.550003,63981.929688,34.3,101.79,22.614286,PM2.5,16901
16.889999,17.670000,1.890000,0.760000,0.130000,83.000000,-1.360000,-0.140000,281.230011,76.970001,64492.750000,34.3,101.95,24.128571,PM2.5,16902
18.580000,19.809999,2.310000,0.940000,0.140000,82.129997,-1.400000,-0.120000,281.809998,77.419998,65579.703125,34.31,102.12,26.542856,PM2.5,16903
4.800000,4.990000,0.270000,0.160000,0.110000,71.620003,-0.440000,1.550000,277.160004,74.160004,54852.648438,33.6,90.0,6.857143,PM2.5,17087
5.060000,5.260000,0.280000,0.160000,0.110000,72.459999,-2.010000,1.370000,277.410004,75.800003,55178.621094,33.62,90.17,7.228571,PM2.5,17088
5.590000,5.800000,0.300000,0.170000,0.110000,71.930000,-2.640000,1.210000,276.799988,81.940002,55187.738281,33.63,90.33,7.985714,PM2.5,17089
5.360000,5.560000,0.310000,0.170000,0.110000,76.050003,-1.580000,0.980000,275.980011,80.040001,54277.468750,33.65,90.49,7.657143,PM2.5,17090
5.330000,5.540000,0.310000,0.170000,0.110000,76.370003,-0.550000,0.670000,275.890015,80.680000,54237.718750,33.67,90.65,7.614285,PM2.5,17091
5.340000,5.540000,0.310000,0.180000,0.110000,76.300003,-0.300000,0.050000,276.549988,77.110001,54798.960938,33.69,90.81,7.628572,PM2.5,17092
5.590000,5.810000,0.320000,0.190000,0.110000,74.739998,-0.640000,0.120000,276.630005,76.680000,54640.421875,33.71,90.98,7.985714,PM2.5,17093
5.920000,6.160000,0.340000,0.210000,0.110000,74.389999,-1.810000,1.000000,276.630005,75.839996,54418.320312,33.73,91.14,8.457143,PM2.5,17094
6.090000,6.320000,0.340000,0.210000,0.110000,76.309998,-3.160000,0.970000,276.369995,78.419998,54499.890625,33.74,91.3,8.700000,PM2.5,17095
6.080000,6.310000,0.340000,0.210000,0.110000,76.510002,-3.320000,1.080000,276.540009,77.440002,54678.710938,33.76,91.46,8.685714,PM2.5,17096
6.160000,6.380000,0.330000,0.220000,0.110000,77.209999,-3.330000,0.840000,277.670013,72.739998,55612.761719,33.78,91.62,8.800000,PM2.5,17097
6.390000,6.610000,0.330000,0.240000,0.110000,76.519997,-3.510000,1.080000,278.859985,68.510002,56686.628906,33.79,91.79,9.128572,PM2.5,17098
6.730000,6.970000,0.340000,0.260000,0.110000,75.290001,-3.850000,1.150000,279.450012,66.559998,57190.781250,33.81,91.95,9.614285,PM2.5,17099
6.920000,7.170000,0.360000,0.280000,0.110000,74.349998,-4.280000,1.380000,280.029999,64.199997,57650.230469,33.83,92.11,9.885715,PM2.5,17100
7.050000,7.300000,0.370000,0.280000,0.110000,74.190002,-4.420000,1.620000,280.589996,62.139999,57992.550781,33.84,92.27,10.071429,PM2.5,17101
7.160000,7.430000,0.390000,0.260000,0.110000,73.699997,-4.440000,1.690000,280.709991,61.000000,58051.570312,33.86,92.44,10.228571,PM2.5,17102
7.320000,7.600000,0.410000,0.240000,0.110000,72.790001,-4.340000,1.450000,280.829987,60.330002,58122.250000,33.88,92.6,10.457143,PM2.5,17103
7.510000,7.790000,0.430000,0.240000,0.110000,71.669998,-4.400000,1.100000,281.100006,58.950001,58384.738281,33.89,92.76,10.728572,PM2.5,17104
7.710000,8.000000,0.460000,0.230000,0.110000,71.250000,-4.940000,1.160000,280.739990,60.540001,58232.968750,33.91,92.93,11.014286,PM2.5,17105
7.870000,8.160000,0.470000,0.220000,0.110000,71.540001,-5.480000,2.050000,279.980011,64.059998,57854.539062,33.92,93.09,11.242857,PM2.5,17106
7.910000,8.200000,0.480000,0.230000,0.110000,72.160004,-5.090000,2.510000,279.760010,65.489998,57976.750000,33.94,93.25,11.300000,PM2.5,17107
7.930000,8.230000,0.470000,0.240000,0.110000,72.250000,-4.230000,2.250000,279.839996,65.120003,58105.820312,33.95,93.41,11.328571,PM2.5,17108
7.990000,8.280000,0.460000,0.250000,0.110000,72.809998,-4.130000,1.980000,280.200012,62.889999,58283.070312,33.97,93.58,11.414286,PM2.5,17109
8.070000,8.360000,0.460000,0.250000,0.110000,73.339996,-4.750000,2.200000,280.510010,60.630001,58374.101562,33.98,93.74,11.528571,PM2.5,17110
8.210000,8.490000,0.440000,0.250000,0.110000,74.150002,-5.260000,2.310000,279.799988,61.529999,57729.371094,34.0,93.9,11.728572,PM2.5,17111
8.240000,8.510000,0.410000,0.240000,0.110000,74.459999,-5.320000,2.060000,279.130005,62.770000,57187.171875,34.01,94.07,11.771428,PM2.5,17112
8.200000,8.460000,0.380000,0.250000,0.110000,74.629997,-5.330000,1.710000,278.760010,62.880001,56955.878906,34.02,94.23,11.714286,PM2.5,17113
8.250000,8.500000,0.360000,0.260000,0.100000,74.790001,-5.430000,1.870000,278.200012,63.180000,56577.699219,34.04,94.39,11.785714,PM2.5,17114
8.430000,8.680000,0.340000,0.280000,0.100000,74.989998,-5.110000,2.070000,278.100006,61.610001,56564.851562,34.05,94.56,12.042857,PM2.5,17115
8.690000,8.930000,0.330000,0.310000,0.100000,75.309998,-4.620000,1.990000,278.660004,58.250000,57091.820312,34.06,94.72,12.414285,PM2.5,17116
8.870000,9.100000,0.320000,0.320000,0.100000,76.349998,-4.880000,2.540000,278.890015,55.060001,57145.949219,34.08,94.88,12.671429,PM2.5,17117
9.130000,9.350000,0.300000,0.340000,0.100000,76.839996,-5.080000,2.950000,278.480011,54.419998,56859.421875,34.09,95.05,13.042857,PM2.5,17118
9.500000,9.710000,0.280000,0.350000,0.100000,77.120003,-4.840000,2.630000,278.260010,53.700001,56702.500000,34.1,95.21,13.571428,PM2.5,17119
9.760000,9.960000,0.260000,0.370000,0.100000,77.330002,-4.590000,2.430000,277.790009,53.810001,56377.109375,34.12,95.37,13.942858,PM2.5,17120
10.040000,10.230000,0.240000,0.410000,0.100000,77.900002,-3.650000,2.210000,279.279999,49.419998,57856.921875,34.13,95.54,14.342857,PM2.5,17121
10.230000,10.410000,0.210000,0.420000,0.100000,78.800003,-3.140000,2.030000,281.640015,43.270000,60023.468750,34.14,95.7,14.614285,PM2.5,17122
10.240000,10.400000,0.190000,0.390000,0.100000,79.989998,-4.020000,1.530000,280.579987,44.500000,58926.699219,34.15,95.87,14.628572,PM2.5,17123
10.160000,10.310000,0.170000,0.320000,0.100000,81.160004,-4.290000,0.920000,278.510010,47.139999,57180.980469,34.16,96.03,14.514285,PM2.5,17124
10.510000,10.660000,0.160000,0.300000,0.100000,81.339996,-3.670000,0.670000,278.700012,44.709999,57430.210938,34.17,96.19,15.014286,PM2.5,17125
11.090000,11.230000,0.140000,0.280000,0.090000,82.029999,-3.530000,0.570000,279.760010,40.700001,58359.570312,34.19,96.36,15.842857,PM2.5,17126
11.170000,11.300000,0.140000,0.280000,0.090000,82.389999,-3.810000,0.280000,280.209991,38.959999,58794.121094,34.2,96.52,15.957143,PM2.5,17127
11.120000,11.250000,0.130000,0.290000,0.090000,82.550003,-3.920000,-0.140000,279.980011,38.630001,58651.078125,34.21,96.68,15.885715,PM2.5,17128
11.090000,11.220000,0.130000,0.310000,0.090000,82.930000,-3.690000,-0.390000,279.700012,38.619999,58501.289062,34.22,96.85,15.842857,PM2.5,17129
11.010000,11.130000,0.130000,0.330000,0.090000,83.470001,-3.400000,-0.500000,279.450012,39.439999,58338.980469,34.23,97.01,15.728572,PM2.5,17130
11.000000,11.130000,0.130000,0.350000,0.090000,84.279999,-3.380000,-0.520000,279.399994,40.250000,58217.980469,34.24,97.18,15.714286,PM2.5,17131
10.970000,11.100000,0.140000,0.370000,0.090000,84.550003,-3.410000,-0.280000,278.950012,41.570000,57735.039062,34.25,97.34,15.671429,PM2.5,17132
10.680000,10.810000,0.140000,0.410000,0.090000,84.680000,-3.210000,-0.160000,278.350006,42.900002,57251.238281,34.26,97.51,15.257143,PM2.5,17133
10.680000,10.810000,0.150000,0.440000,0.090000,84.279999,-3.020000,-0.020000,278.279999,43.529999,57300.558594,34.27,97.67,15.257143,PM2.5,17134
10.800000,10.940000,0.160000,0.450000,0.090000,83.669998,-3.040000,0.020000,278.299988,44.119999,57473.871094,34.28,97.83,15.428572,PM2.5,17135
11.080000,11.230000,0.180000,0.450000,0.090000,83.250000,-2.860000,0.120000,278.720001,44.150002,58079.050781,34.29,98.0,15.828571,PM2.5,17136
11.190000,11.350000,0.200000,0.460000,0.100000,83.529999,-2.720000,-0.030000,279.640015,43.049999,59052.750000,34.29,98.16,15.985714,PM2.5,17137
11.130000,11.300000,0.220000,0.450000,0.100000,84.190002,-3.120000,-0.170000,280.350006,42.970001,59732.828125,34.3,98.33,15.900001,PM2.5,17138
10.940000,11.120000,0.240000,0.450000,0.100000,84.410004,-3.700000,0.110000,280.820007,43.889999,60278.539062,34.31,98.49,15.628571,PM2.5,17139
10.890000,11.080000,0.280000,0.490000,0.100000,79.019997,-2.910000,0.550000,280.579987,45.930000,60801.898438,34.32,98.66,15.557143,PM2.5,17140
10.330000,10.520000,0.270000,0.510000,0.100000,84.339996,-2.340000,-0.000000,281.220001,42.040001,60864.398438,34.33,98.82,14.757143,PM2.5,17141
10.020000,10.210000,0.290000,0.540000,0.100000,86.180000,-2.940000,-0.020000,281.109985,43.540001,60554.390625,34.34,98.98,14.314286,PM2.5,17142
9.770000,9.970000,0.300000,0.530000,0.100000,87.790001,-2.930000,-0.330000,280.149994,45.959999,59724.820312,34.34,99.15,13.957144,PM2.5,17143
9.570000,9.820000,0.320000,0.550000,0.100000,87.449997,-2.790000,-0.520000,279.100006,49.119999,58883.941406,34.35,99.31,13.671428,PM2.5,17144
9.660000,10.050000,0.380000,0.640000,0.100000,87.580002,-2.430000,-0.460000,278.260010,53.470001,58294.218750,34.36,99.48,13.800000,PM2.5,17145
10.360000,11.750000,0.490000,1.080000,0.170000,88.559998,-2.110000,-0.260000,277.529999,56.759998,57685.050781,34.36,99.64,14.799999,PM2.5,17146
13.210000,17.760000,0.740000,2.890000,0.330000,88.050003,-1.520000,-0.050000,277.850006,58.040001,58383.968750,34.37,99.81,18.871429,PM2.5,17147
16.930000,26.830000,1.240000,6.290000,0.560000,91.570000,-1.060000,0.100000,279.290009,57.340000,60079.359375,34.38,99.97,26.830000,PM10,17148
18.639999,32.599998,1.680000,9.210000,0.710000,90.050003,-1.640000,-0.000000,280.179993,58.150002,61338.351562,34.38,100.14,32.599998,PM10,17149
17.520000,31.290001,1.590000,9.060000,0.730000,87.760002,-2.220000,-0.840000,280.910004,58.869999,62309.988281,34.39,100.3,31.290001,PM10,17150
13.920000,22.920000,1.050000,4.950000,0.540000,85.220001,-2.180000,-0.670000,280.649994,60.549999,62056.140625,34.4,100.47,22.920000,PM10,17151
12.840000,18.330000,0.830000,2.080000,0.330000,84.820000,-1.910000,-0.230000,279.869995,63.619999,61396.738281,34.4,100.63,18.342857,PM2.5,17152
12.770000,16.540001,0.880000,1.210000,0.250000,84.070000,-2.120000,-0.030000,281.190002,63.619999,62700.250000,34.41,100.79,18.242857,PM2.5,17153
13.070000,15.560000,0.990000,0.970000,0.240000,84.809998,-2.480000,-0.060000,282.750000,62.279999,64477.550781,34.41,100.96,18.671429,PM2.5,17154
13.540000,15.910000,1.090000,0.820000,0.250000,86.099998,-2.440000,0.160000,282.790009,64.269997,64887.859375,34.42,101.12,19.342857,PM2.5,17155
13.500000,14.310000,1.140000,0.610000,0.180000,87.870003,-2.210000,0.220000,282.480011,66.389999,64814.109375,34.42,101.29,19.285715,PM2.5,17156
14.020000,14.540000,1.290000,0.560000,0.110000,87.790001,-1.900000,0.470000,281.989990,69.050003,64510.230469,34.43,101.45,20.028572,PM2.5,17157
14.840000,15.410000,1.460000,0.610000,0.120000,86.709999,-1.780000,0.240000,281.029999,73.169998,63762.011719,34.43,101.62,21.200001,PM2.5,17158
15.670000,16.299999,1.640000,0.620000,0.120000,84.980003,-1.680000,-0.090000,280.750000,75.970001,63926.910156,34.44,101.78,22.385714,PM2.5,17159
16.719999,17.490000,1.880000,0.690000,0.120000,83.910004,-1.710000,-0.580000,281.769989,76.050003,65398.710938,34.44,101.95,23.885714,PM2.5,17160
18.120001,19.340000,2.230000,0.790000,0.140000,84.339996,-1.820000,-0.640000,282.720001,74.919998,66813.617188,34.44,102.11,25.885715,PM2.5,17161
4.560000,4.740000,0.250000,0.170000,0.110000,72.830002,-0.820000,1.340000,277.390015,72.519997,55073.941406,33.73,89.98,6.514286,PM2.5,17345
4.790000,4.980000,0.270000,0.160000,0.110000,73.580002,-2.040000,1.580000,277.260010,73.790001,55025.199219,33.75,90.14,6.842857,PM2.5,17346
5.060000,5.250000,0.290000,0.160000,0.110000,74.720001,-2.210000,1.840000,276.779999,74.889999,54654.031250,33.77,90.3,7.228571,PM2.5,17347
5.100000,5.290000,0.290000,0.160000,0.110000,76.830002,-1.790000,1.470000,275.739990,77.550003,53752.621094,33.79,90.47,7.285714,PM2.5,17348
5.080000,5.270000,0.290000,0.170000,0.110000,77.150002,-1.590000,0.600000,275.190002,80.180000,53516.621094,33.81,90.63,7.257143,PM2.5,17349
5.210000,5.400000,0.290000,0.180000,0.110000,77.150002,-1.430000,-0.220000,275.769989,78.379997,54212.570312,33.82,90.79,7.442857,PM2.5,17350
5.490000,5.690000,0.290000,0.190000,0.110000,76.290001,-1.540000,-0.080000,276.809998,75.279999,55075.808594,33.84,90.95,7.842857,PM2.5,17351
5.810000,6.030000,0.310000,0.210000,0.110000,76.050003,-2.340000,0.590000,277.470001,72.930000,55489.378906,33.86,91.12,8.300000,PM2.5,17352
6.030000,6.240000,0.310000,0.200000,0.110000,76.489998,-3.470000,1.370000,276.660004,75.800003,54808.210938,33.88,91.28,8.614286,PM2.5,17353
6.090000,6.310000,0.310000,0.200000,0.110000,76.730003,-3.690000,1.410000,275.649994,79.470001,54063.179688,33.9,91.44,8.700000,PM2.5,17354
6.240000,6.450000,0.310000,0.210000,0.110000,76.580002,-3.510000,1.070000,276.429993,77.070000,54818.500000,33.91,91.6,8.914286,PM2.5,17355
6.560000,6.780000,0.310000,0.220000,0.110000,76.230003,-3.560000,1.040000,278.019989,70.910004,56066.019531,33.93,91.77,9.371428,PM2.5,17356
6.880000,7.100000,0.320000,0.240000,0.110000,74.739998,-3.840000,1.060000,279.130005,66.389999,56966.660156,33.95,91.93,9.828571,PM2.5,17357
7.090000,7.320000,0.330000,0.260000,0.110000,73.849998,-4.160000,1.340000,279.850006,62.939999,57433.980469,33.96,92.09,10.128572,PM2.5,17358
7.330000,7.570000,0.360000,0.280000,0.110000,73.849998,-4.420000,1.750000,279.970001,61.029999,57373.871094,33.98,92.25,10.471429,PM2.5,17359
7.510000,7.760000,0.380000,0.270000,0.110000,73.730003,-4.590000,1.810000,280.459991,59.259998,57662.269531,34.0,92.42,10.728572,PM2.5,17360
7.670000,7.930000,0.390000,0.250000,0.110000,72.959999,-4.930000,1.710000,281.149994,56.930000,58250.328125,34.01,92.58,10.957143,PM2.5,17361
7.840000,8.100000,0.410000,0.250000,0.110000,72.709999,-5.510000,1.510000,281.329987,56.189999,58535.488281,34.03,92.74,11.200000,PM2.5,17362
7.950000,8.220000,0.420000,0.250000,0.110000,72.690002,-5.860000,1.210000,281.459991,56.320000,58814.691406,34.04,92.91,11.357142,PM2.5,17363
8.020000,8.290000,0.430000,0.250000,0.110000,72.910004,-5.780000,1.490000,281.570007,56.040001,58999.789062,34.06,93.07,11.457144,PM2.5,17364
8.060000,8.330000,0.440000,0.250000,0.110000,73.419998,-5.420000,2.070000,281.119995,57.480000,58752.949219,34.07,93.23,11.514286,PM2.5,17365
8.150000,8.420000,0.430000,0.260000,0.110000,73.919998,-4.950000,2.080000,280.700012,58.549999,58471.210938,34.09,93.4,11.642857,PM2.5,17366
8.240000,8.520000,0.420000,0.270000,0.110000,74.459999,-4.750000,1.750000,280.760010,57.240002,58443.781250,34.1,93.56,11.771428,PM2.5,17367
8.310000,8.580000,0.410000,0.280000,0.110000,74.610001,-5.100000,1.770000,280.510010,56.150002,58073.480469,34.12,93.72,11.871429,PM2.5,17368
8.300000,8.560000,0.390000,0.270000,0.110000,74.940002,-5.590000,1.990000,279.459991,58.180000,57243.031250,34.13,93.89,11.857143,PM2.5,17369
8.220000,8.470000,0.360000,0.280000,0.100000,75.239998,-5.690000,1.850000,278.880005,59.180000,56947.460938,34.15,94.05,11.742858,PM2.5,17370
8.230000,8.470000,0.330000,0.290000,0.100000,75.599998,-5.480000,1.490000,279.040009,57.560001,57245.781250,34.16,94.21,11.757142,PM2.5,17371
8.330000,8.560000,0.320000,0.300000,0.100000,75.660004,-5.310000,1.560000,279.040009,56.259998,57344.449219,34.17,94.38,11.900000,PM2.5,17372
8.590000,8.810000,0.300000,0.310000,0.100000,76.070000,-5.130000,1.870000,278.760010,55.450001,57129.089844,34.19,94.54,12.271429,PM2.5,17373
8.950000,9.170000,0.290000,0.320000,0.100000,76.669998,-4.660000,1.890000,279.279999,52.580002,57591.761719,34.2,94.7,12.785714,PM2.5,17374
9.250000,9.460000,0.280000,0.330000,0.100000,77.239998,-4.560000,1.950000,279.989990,49.259998,58096.480469,34.21,94.87,13.214286,PM2.5,17375
9.550000,9.750000,0.260000,0.340000,0.100000,77.959999,-4.940000,2.270000,279.220001,49.759998,57379.628906,34.23,95.03,13.642858,PM2.5,17376
9.900000,10.090000,0.240000,0.340000,0.100000,78.389999,-4.850000,2.200000,278.239990,51.439999,56712.050781,34.24,95.2,14.142857,PM2.5,17377
10.190000,10.370000,0.230000,0.350000,0.100000,78.250000,-4.260000,2.100000,278.820007,49.099998,57353.910156,34.25,95.36,14.557142,PM2.5,17378
10.480000,10.650000,0.210000,0.380000,0.100000,79.379997,-3.410000,2.150000,280.500000,44.830002,58970.718750,34.26,95.52,14.971428,PM2.5,17379
10.560000,10.720000,0.190000,0.360000,0.100000,81.220001,-3.300000,1.920000,281.250000,42.590000,59496.121094,34.28,95.69,15.085715,PM2.5,17380
10.600000,10.740000,0.160000,0.320000,0.100000,82.860001,-4.100000,1.390000,279.649994,44.340000,57908.820312,34.29,95.85,15.142858,PM2.5,17381
10.410000,10.550000,0.150000,0.280000,0.090000,83.519997,-4.260000,0.990000,278.239990,45.279999,56869.921875,34.3,96.02,14.871428,PM2.5,17382
10.980000,11.120000,0.140000,0.260000,0.090000,83.040001,-3.740000,0.540000,278.899994,42.250000,57593.500000,34.31,96.18,15.685714,PM2.5,17383
11.300000,11.430000,0.130000,0.270000,0.090000,83.029999,-3.730000,0.210000,279.600006,39.590000,58181.488281,34.32,96.34,16.142857,PM2.5,17384
11.320000,11.440000,0.130000,0.270000,0.090000,83.250000,-4.220000,0.070000,279.260010,39.650002,57915.449219,34.33,96.51,16.171429,PM2.5,17385
11.100000,11.220000,0.130000,0.290000,0.090000,83.529999,-4.260000,-0.350000,278.809998,39.509998,57684.000000,34.34,96.67,15.857143,PM2.5,17386
11.010000,11.140000,0.130000,0.310000,0.090000,84.010002,-3.940000,-0.750000,278.760010,38.730000,57820.871094,34.35,96.84,15.728572,PM2.5,17387
11.210000,11.330000,0.130000,0.340000,0.090000,84.779999,-3.730000,-1.070000,278.989990,38.139999,58142.250000,34.36,97.0,16.014286,PM2.5,17388
11.200000,11.320000,0.130000,0.360000,0.090000,84.989998,-3.490000,-1.300000,279.059998,38.340000,58227.089844,34.37,97.17,16.000000,PM2.5,17389
11.070000,11.190000,0.130000,0.380000,0.090000,84.919998,-3.200000,-1.300000,279.070007,38.759998,58189.140625,34.38,97.33,15.814285,PM2.5,17390
10.970000,11.100000,0.140000,0.420000,0.090000,84.720001,-2.810000,-1.200000,279.489990,38.189999,58543.699219,34.39,97.49,15.671429,PM2.5,17391
11.030000,11.160000,0.150000,0.480000,0.090000,84.809998,-2.630000,-1.020000,279.640015,38.230000,58657.941406,34.4,97.66,15.757142,PM2.5,17392
11.120000,11.260000,0.160000,0.530000,0.090000,85.430000,-2.880000,-0.880000,279.329987,39.599998,58456.511719,34.41,97.82,15.885715,PM2.5,17393
11.300000,11.440000,0.180000,0.510000,0.090000,85.730003,-2.730000,-0.620000,279.670013,40.220001,58958.339844,34.42,97.99,16.142857,PM2.5,17394
11.380000,11.530000,0.190000,0.490000,0.090000,86.050003,-2.650000,-0.520000,280.329987,40.270000,59699.058594,34.43,98.15,16.257143,PM2.5,17395
11.300000,11.460000,0.210000,0.480000,0.100000,86.440002,-2.960000,-0.500000,280.570007,41.119999,59984.078125,34.44,98.32,16.142857,PM2.5,17396
11.030000,11.200000,0.230000,0.470000,0.100000,87.029999,-3.040000,-0.350000,280.760010,41.889999,60310.910156,34.45,98.48,15.757142,PM2.5,17397
10.620000,10.790000,0.250000,0.480000,0.100000,87.650002,-2.490000,-0.020000,281.010010,41.970001,60742.378906,34.46,98.65,15.171429,PM2.5,17398
10.060000,10.230000,0.260000,0.500000,0.100000,87.919998,-2.110000,-0.280000,281.540009,40.919998,61190.250000,34.46,98.81,14.371429,PM2.5,17399
9.680000,9.850000,0.270000,0.510000,0.100000,88.930000,-2.860000,-0.090000,281.470001,40.680000,60845.480469,34.47,98.97,13.828572,PM2.5,17400
9.410000,9.590000,0.280000,0.500000,0.100000,90.589996,-3.190000,-0.340000,279.730011,44.240002,59288.710938,34.48,99.14,13.442857,PM2.5,17401
9.150000,9.370000,0.300000,0.520000,0.100000,90.519997,-2.440000,-0.540000,277.809998,50.599998,57781.300781,34.49,99.3,13.071428,PM2.5,17402
9.000000,9.340000,0.350000,0.620000,0.100000,92.150002,-1.980000,-0.730000,277.420013,55.340000,57675.640625,34.49,99.47,12.857142,PM2.5,17403
10.820000,12.130000,0.450000,1.130000,0.170000,87.669998,-1.300000,-1.220000,278.059998,56.400002,58570.250000,34.5,99.63,15.457143,PM2.5,17404
13.010000,17.250000,0.690000,2.910000,0.320000,90.050003,-0.520000,-1.010000,279.339996,54.419998,59859.960938,34.51,99.8,18.585714,PM2.5,17405
16.490000,26.080000,1.220000,6.240000,0.560000,92.050003,-1.080000,-0.580000,280.470001,54.630001,61296.390625,34.51,99.96,26.080000,PM10,17406
18.010000,30.900000,1.540000,8.240000,0.670000,91.139999,-2.290000,-0.080000,280.209991,58.740002,61435.828125,34.52,100.13,30.900000,PM10,17407
16.900000,29.190001,1.430000,7.300000,0.670000,88.809998,-2.420000,-0.170000,279.679993,61.820000,61146.769531,34.53,100.29,29.190001,PM10,17408
14.000000,22.969999,1.010000,4.730000,0.560000,85.480003,-1.720000,-0.250000,280.179993,62.299999,61877.179688,34.53,100.46,22.969999,PM10,17409
13.070000,19.010000,0.890000,2.690000,0.390000,83.959999,-1.780000,-0.810000,281.279999,61.849998,62871.628906,34.54,100.62,19.010000,PM10,17410
12.450000,15.370000,0.870000,1.060000,0.200000,85.300003,-2.340000,-0.820000,282.350006,62.590000,64139.679688,34.54,100.79,17.785713,PM2.5,17411
12.550000,13.380000,0.950000,0.650000,0.110000,86.959999,-2.310000,-0.370000,282.970001,62.220001,65041.609375,34.55,100.95,17.928572,PM2.5,17412
12.970000,13.500000,1.040000,0.520000,0.110000,87.739998,-2.010000,0.050000,282.200012,65.480003,64444.398438,34.55,101.12,18.528572,PM2.5,17413
13.460000,13.950000,1.170000,0.560000,0.110000,87.699997,-2.070000,0.070000,281.859985,68.559998,64367.300781,34.56,101.28,19.228571,PM2.5,17414
14.110000,14.660000,1.370000,0.650000,0.110000,85.830002,-2.210000,-0.170000,282.220001,69.879997,65039.800781,34.56,101.45,20.157143,PM2.5,17415
15.100000,15.850000,1.640000,0.790000,0.130000,85.389999,-2.210000,-0.090000,281.640015,73.070000,64985.589844,34.57,101.61,21.571428,PM2.5,17416
15.870000,16.700001,1.780000,0.700000,0.140000,85.940002,-1.770000,-0.010000,281.029999,76.059998,64617.128906,34.57,101.78,22.671429,PM2.5,17417
16.750000,17.790001,1.970000,0.790000,0.150000,85.070000,-1.300000,-0.330000,281.040009,78.040001,64836.621094,34.58,101.94,23.928572,PM2.5,17418
4.400000,4.560000,0.240000,0.160000,0.100000,75.180000,-1.430000,1.170000,277.230011,71.949997,54958.191406,33.87,89.96,6.285715,PM2.5,17602
4.580000,4.750000,0.250000,0.160000,0.110000,76.379997,-2.480000,1.940000,276.739990,72.790001,54430.800781,33.89,90.12,6.542857,PM2.5,17603
4.810000,4.980000,0.270000,0.160000,0.110000,76.900002,-2.350000,1.940000,275.910004,74.540001,53688.871094,33.9,90.28,6.871428,PM2.5,17604
4.860000,5.040000,0.280000,0.160000,0.110000,77.809998,-2.160000,1.490000,275.200012,76.199997,53094.179688,33.92,90.44,6.942857,PM2.5,17605
4.960000,5.140000,0.270000,0.170000,0.110000,77.970001,-2.280000,1.000000,274.059998,81.529999,52455.429688,33.94,90.61,7.085714,PM2.5,17606
5.200000,5.380000,0.270000,0.180000,0.110000,78.190002,-2.070000,0.440000,274.519989,80.919998,53092.519531,33.96,90.77,7.428571,PM2.5,17607
5.480000,5.670000,0.280000,0.190000,0.110000,77.309998,-1.980000,0.280000,276.420013,75.400002,54756.441406,33.98,90.93,7.828571,PM2.5,17608
5.890000,6.090000,0.290000,0.200000,0.110000,76.860001,-2.590000,0.690000,277.529999,71.440002,55598.750000,34.0,91.09,8.414286,PM2.5,17609
6.130000,6.330000,0.290000,0.200000,0.110000,76.580002,-3.830000,1.250000,277.070007,72.650002,55164.218750,34.01,91.26,8.757143,PM2.5,17610
6.240000,6.440000,0.290000,0.200000,0.110000,76.639999,-4.260000,1.280000,276.170013,77.309998,54697.500000,34.03,91.42,8.914286,PM2.5,17611
6.470000,6.670000,0.290000,0.210000,0.110000,76.250000,-3.690000,0.860000,277.109985,74.540001,55676.789062,34.05,91.58,9.242857,PM2.5,17612
6.810000,7.010000,0.290000,0.220000,0.110000,76.080002,-3.470000,0.580000,278.279999,69.639999,56643.160156,34.06,91.75,9.728571,PM2.5,17613
7.150000,7.360000,0.300000,0.230000,0.110000,75.529999,-3.890000,0.620000,278.809998,65.620003,56888.628906,34.08,91.91,10.214286,PM2.5,17614
7.370000,7.600000,0.320000,0.250000,0.110000,75.589996,-4.190000,0.750000,279.440002,61.139999,57135.140625,34.1,92.07,10.528571,PM2.5,17615
7.690000,7.930000,0.340000,0.270000,0.110000,76.150002,-4.440000,0.990000,279.630005,58.880001,57076.578125,34.11,92.24,10.985714,PM2.5,17616
8.000000,8.250000,0.370000,0.280000,0.110000,76.070000,-4.640000,1.400000,280.440002,55.070000,57572.738281,34.13,92.4,11.428572,PM2.5,17617
8.170000,8.420000,0.380000,0.260000,0.110000,75.940002,-4.960000,1.660000,281.549988,50.880001,58398.738281,34.15,92.56,11.671429,PM2.5,17618
8.350000,8.600000,0.400000,0.260000,0.110000,76.260002,-5.620000,1.850000,281.339996,51.189999,58317.781250,34.16,92.72,11.928572,PM2.5,17619
8.480000,8.740000,0.410000,0.260000,0.110000,76.739998,-6.050000,1.560000,280.859985,52.459999,58088.148438,34.18,92.89,12.114285,PM2.5,17620
8.540000,8.790000,0.410000,0.260000,0.110000,76.989998,-5.720000,1.230000,281.170013,51.740002,58497.539062,34.19,93.05,12.200000,PM2.5,17621
8.530000,8.780000,0.410000,0.270000,0.110000,76.989998,-5.380000,1.410000,281.570007,50.799999,58912.269531,34.21,93.21,12.185714,PM2.5,17622
8.570000,8.830000,0.400000,0.270000,0.110000,77.000000,-5.500000,1.600000,281.160004,51.270000,58639.199219,34.22,93.38,12.242857,PM2.5,17623
8.660000,8.910000,0.390000,0.280000,0.110000,77.250000,-5.520000,1.060000,280.429993,52.139999,58049.828125,34.24,93.54,12.371428,PM2.5,17624
8.630000,8.870000,0.360000,0.290000,0.110000,76.320000,-5.240000,0.580000,280.089996,51.820000,57774.781250,34.25,93.71,12.328571,PM2.5,17625
8.520000,8.750000,0.340000,0.290000,0.100000,76.589996,-5.230000,1.100000,279.920013,51.660000,57608.449219,34.27,93.87,12.171430,PM2.5,17626
8.440000,8.670000,0.320000,0.280000,0.100000,77.199997,-5.670000,1.850000,279.450012,51.639999,57321.679688,34.28,94.03,12.057142,PM2.5,17627
8.520000,8.740000,0.300000,0.280000,0.100000,77.629997,-5.670000,1.830000,278.970001,52.060001,57144.988281,34.3,94.2,12.171430,PM2.5,17628
8.700000,8.910000,0.290000,0.290000,0.100000,77.550003,-5.200000,1.570000,279.049988,51.360001,57350.039062,34.31,94.36,12.428571,PM2.5,17629
8.990000,9.190000,0.270000,0.300000,0.100000,77.660004,-4.960000,1.810000,279.529999,49.529999,57749.660156,34.32,94.52,12.842856,PM2.5,17630
9.400000,9.590000,0.260000,0.310000,0.100000,78.139999,-4.900000,1.930000,279.950012,47.570000,58056.988281,34.34,94.69,13.428571,PM2.5,17631
9.720000,9.910000,0.240000,0.300000,0.100000,78.510002,-4.830000,1.460000,279.619995,47.759998,57799.199219,34.35,94.85,13.885715,PM2.5,17632
10.020000,10.200000,0.230000,0.300000,0.100000,79.040001,-4.760000,1.330000,279.299988,47.840000,57575.519531,34.36,95.02,14.314286,PM2.5,17633
10.310000,10.490000,0.210000,0.300000,0.100000,79.610001,-4.640000,1.600000,279.450012,46.770000,57809.460938,34.37,95.18,14.728572,PM2.5,17634
10.600000,10.770000,0.200000,0.320000,0.100000,80.160004,-4.200000,1.520000,279.940002,45.070000,58410.929688,34.39,95.34,15.142858,PM2.5,17635
10.890000,11.050000,0.180000,0.330000,0.100000,81.459999,-3.610000,1.240000,280.670013,42.820000,59088.011719,34.4,95.51,15.557143,PM2.5,17636
10.980000,11.120000,0.160000,0.300000,0.100000,82.900002,-3.720000,0.990000,280.649994,41.630001,58885.148438,34.41,95.67,15.685714,PM2.5,17637
11.100000,11.230000,0.140000,0.260000,0.090000,84.120003,-4.250000,0.750000,279.959991,41.430000,58206.250000,34.42,95.84,15.857143,PM2.5,17638
11.060000,11.190000,0.130000,0.240000,0.090000,84.309998,-4.370000,0.740000,278.950012,42.279999,57519.691406,34.43,96.0,15.800000,PM2.5,17639
10.990000,11.110000,0.120000,0.250000,0.090000,83.629997,-4.230000,0.400000,278.609985,41.490002,57410.539062,34.45,96.17,15.700000,PM2.5,17640
11.190000,11.320000,0.120000,0.270000,0.090000,83.489998,-4.040000,-0.200000,278.829987,39.990002,57689.410156,34.46,96.33,15.985714,PM2.5,17641
11.330000,11.460000,0.120000,0.290000,0.090000,83.839996,-4.100000,-0.440000,278.600006,39.709999,57536.808594,34.47,96.49,16.185715,PM2.5,17642
11.450000,11.580000,0.120000,0.310000,0.090000,84.370003,-4.130000,-0.540000,278.459991,38.980000,57530.320312,34.48,96.66,16.357143,PM2.5,17643
11.490000,11.620000,0.120000,0.330000,0.090000,85.160004,-3.970000,-0.760000,278.529999,38.389999,57744.589844,34.49,96.82,16.414286,PM2.5,17644
11.730000,11.850000,0.130000,0.370000,0.090000,85.910004,-3.780000,-1.040000,278.760010,37.779999,58099.851562,34.5,96.99,16.757143,PM2.5,17645
11.820000,11.940000,0.130000,0.400000,0.090000,86.269997,-3.430000,-1.360000,279.119995,37.040001,58538.160156,34.51,97.15,16.885714,PM2.5,17646
11.820000,11.940000,0.130000,0.430000,0.090000,86.320000,-3.020000,-1.570000,279.480011,36.279999,58915.851562,34.52,97.32,16.885714,PM2.5,17647
11.650000,11.770000,0.140000,0.460000,0.090000,86.430000,-2.740000,-1.630000,279.940002,35.910000,59342.058594,34.53,97.48,16.642857,PM2.5,17648
11.560000,11.690000,0.150000,0.500000,0.090000,86.500000,-2.480000,-1.540000,280.010010,36.439999,59364.910156,34.54,97.65,16.514286,PM2.5,17649
11.550000,11.690000,0.160000,0.550000,0.090000,87.209999,-2.440000,-1.410000,280.040009,37.290001,59464.601562,34.55,97.81,16.500000,PM2.5,17650
11.540000,11.680000,0.180000,0.600000,0.090000,87.470001,-2.360000,-1.190000,280.600006,37.709999,60125.019531,34.56,97.98,16.485714,PM2.5,17651
11.460000,11.610000,0.200000,0.620000,0.090000,87.750000,-2.510000,-0.980000,281.100006,38.430000,60611.480469,34.57,98.14,16.371429,PM2.5,17652
11.270000,11.420000,0.210000,0.560000,0.090000,88.010002,-2.950000,-0.870000,281.000000,39.369999,60471.960938,34.57,98.31,16.100000,PM2.5,17653
10.960000,11.110000,0.230000,0.540000,0.090000,88.349998,-2.630000,-0.780000,280.429993,40.500000,60087.968750,34.58,98.47,15.657143,PM2.5,17654
10.340000,10.500000,0.240000,0.520000,0.090000,89.949997,-2.200000,-0.770000,280.549988,41.740002,60373.769531,34.59,98.64,14.771429,PM2.5,17655
9.720000,9.880000,0.260000,0.520000,0.090000,91.080002,-2.060000,-0.690000,280.980011,41.270000,60756.050781,34.6,98.8,13.885715,PM2.5,17656
9.290000,9.450000,0.270000,0.510000,0.090000,91.830002,-2.580000,-0.430000,280.350006,42.660000,59955.589844,34.61,98.97,13.271428,PM2.5,17657
8.890000,9.050000,0.270000,0.500000,0.090000,93.160004,-2.830000,-0.150000,278.829987,45.430000,58587.300781,34.61,99.13,12.700001,PM2.5,17658
8.450000,8.620000,0.290000,0.490000,0.100000,97.000000,-1.910000,-0.290000,277.010010,51.389999,57058.378906,34.62,99.3,12.071428,PM2.5,17659
8.470000,8.730000,0.320000,0.610000,0.100000,94.730003,-1.640000,-0.650000,276.540009,56.389999,56893.351562,34.63,99.46,12.100000,PM2.5,17660
10.390000,11.230000,0.390000,0.990000,0.140000,90.160004,-1.230000,-1.100000,278.510010,54.689999,59117.250000,34.64,99.63,14.842857,PM2.5,17661
11.930000,14.550000,0.560000,2.070000,0.250000,90.519997,-0.450000,-1.520000,280.549988,51.990002,61329.988281,34.64,99.79,17.042858,PM2.5,17662
14.380000,20.620001,0.940000,4.310000,0.430000,90.809998,-0.940000,-0.920000,280.929993,53.790001,62001.050781,34.65,99.96,20.620001,PM10,17663
15.290000,23.549999,1.100000,5.610000,0.510000,89.720001,-1.920000,0.180000,280.029999,58.110001,61235.960938,34.66,100.12,23.549999,PM10,17664
14.610000,22.480000,1.030000,4.670000,0.500000,87.769997,-1.990000,0.580000,279.329987,60.980000,60626.101562,34.66,100.29,22.480000,PM10,17665
13.150000,19.350000,0.850000,3.160000,0.430000,85.860001,-2.100000,0.210000,280.839996,61.580002,62505.101562,34.67,100.45,19.350000,PM10,17666
12.670000,17.010000,0.870000,2.170000,0.310000,86.239998,-2.510000,-0.840000,282.950012,60.150002,65091.078125,34.67,100.62,18.100000,PM2.5,17667
12.130000,14.030000,0.870000,0.930000,0.160000,88.070000,-2.370000,-0.820000,283.500000,60.139999,65775.171875,34.68,100.78,17.328571,PM2.5,17668
12.310000,12.980000,0.940000,0.630000,0.110000,89.300003,-1.960000,-0.460000,282.839996,62.810001,65226.648438,34.68,100.95,17.585714,PM2.5,17669
12.880000,13.390000,1.050000,0.530000,0.110000,88.330002,-1.550000,-0.170000,281.630005,67.379997,64194.109375,34.69,101.11,18.400000,PM2.5,17670
13.420000,13.920000,1.210000,0.600000,0.110000,86.930000,-2.070000,-0.250000,281.720001,70.070000,64534.289062,34.69,101.28,19.171429,PM2.5,17671
14.210000,14.780000,1.460000,0.700000,0.110000,84.989998,-2.240000,-0.670000,282.109985,72.400002,65889.289062,34.7,101.44,20.299999,PM2.5,17672
14.750000,15.520000,1.680000,0.820000,0.130000,86.339996,-2.010000,-0.330000,282.269989,71.589996,66145.312500,34.7,101.61,21.071428,PM2.5,17673
15.420000,16.330000,1.790000,0.720000,0.150000,87.610001,-1.850000,0.210000,281.010010,75.709999,64928.980469,34.71,101.77,22.028572,PM2.5,17674
4.150000,4.290000,0.220000,0.160000,0.100000,77.419998,-1.610000,0.780000,275.640015,76.010002,53940.500000,33.98,89.77,5.928572,PM2.5,17858
4.310000,4.460000,0.230000,0.160000,0.100000,77.699997,-1.780000,1.350000,276.630005,71.820000,54572.281250,34.0,89.93,6.157143,PM2.5,17859
4.370000,4.530000,0.240000,0.160000,0.110000,78.230003,-2.580000,2.240000,276.320007,71.099998,53902.679688,34.02,90.1,6.242857,PM2.5,17860
4.560000,4.720000,0.250000,0.160000,0.110000,78.169998,-2.750000,2.190000,274.959991,75.599998,52846.230469,34.04,90.26,6.514286,PM2.5,17861
4.680000,4.840000,0.260000,0.160000,0.110000,78.370003,-2.580000,1.770000,274.299988,77.610001,52377.960938,34.06,90.42,6.685714,PM2.5,17862
4.900000,5.070000,0.250000,0.170000,0.110000,78.660004,-2.730000,1.380000,273.589996,81.389999,52095.109375,34.08,90.58,7.000000,PM2.5,17863
5.140000,5.310000,0.250000,0.180000,0.110000,78.410004,-2.660000,0.830000,274.369995,81.029999,53131.238281,34.09,90.75,7.342857,PM2.5,17864
5.570000,5.760000,0.260000,0.190000,0.110000,77.510002,-2.500000,0.480000,276.500000,74.910004,54967.929688,34.11,90.91,7.957143,PM2.5,17865
6.100000,6.290000,0.270000,0.190000,0.110000,78.059998,-3.070000,0.720000,277.820007,69.900002,55906.160156,34.13,91.07,8.714286,PM2.5,17866
6.410000,6.600000,0.270000,0.190000,0.110000,77.879997,-4.460000,0.830000,277.769989,70.489998,55965.500000,34.15,91.24,9.157143,PM2.5,17867
6.690000,6.890000,0.270000,0.200000,0.110000,78.050003,-4.980000,1.020000,277.399994,72.660004,55964.199219,34.17,91.4,9.557143,PM2.5,17868
6.950000,7.150000,0.280000,0.210000,0.110000,78.000000,-4.400000,0.800000,278.100006,69.290001,56753.968750,34.18,91.56,9.928571,PM2.5,17869
7.250000,7.460000,0.290000,0.220000,0.110000,78.300003,-4.090000,0.180000,279.059998,63.419998,57297.378906,34.2,91.73,10.357142,PM2.5,17870
7.440000,7.650000,0.300000,0.230000,0.110000,77.879997,-4.120000,0.080000,279.079987,61.119999,57114.910156,34.22,91.89,10.628572,PM2.5,17871
7.690000,7.910000,0.320000,0.240000,0.110000,78.349998,-4.180000,0.310000,279.529999,57.500000,57295.710938,34.23,92.05,10.985714,PM2.5,17872
8.050000,8.280000,0.340000,0.260000,0.110000,78.860001,-4.450000,0.470000,279.970001,53.549999,57480.949219,34.25,92.22,11.500000,PM2.5,17873
8.360000,8.600000,0.360000,0.270000,0.110000,79.510002,-4.980000,1.060000,280.480011,49.650002,57633.609375,34.27,92.38,11.942857,PM2.5,17874
8.580000,8.820000,0.380000,0.260000,0.110000,79.470001,-5.450000,1.330000,281.130005,46.290001,58081.500000,34.28,92.54,12.257143,PM2.5,17875
8.710000,8.950000,0.390000,0.260000,0.110000,79.580002,-5.950000,1.450000,281.100006,46.080002,58091.769531,34.3,92.71,12.442857,PM2.5,17876
8.800000,9.040000,0.400000,0.240000,0.110000,80.360001,-6.490000,1.350000,280.309998,48.060001,57612.601562,34.31,92.87,12.571429,PM2.5,17877
8.820000,9.060000,0.400000,0.250000,0.110000,80.070000,-6.210000,0.890000,280.380005,47.970001,57879.531250,34.33,93.03,12.599999,PM2.5,17878
8.740000,8.980000,0.390000,0.260000,0.110000,79.730003,-5.830000,0.710000,281.350006,45.560001,58727.660156,34.34,93.2,12.485714,PM2.5,17879
8.720000,8.950000,0.370000,0.270000,0.110000,79.220001,-6.230000,1.100000,280.500000,47.180000,58086.769531,34.36,93.36,12.457143,PM2.5,17880
8.700000,8.930000,0.360000,0.270000,0.100000,79.330002,-6.360000,0.880000,278.630005,51.950001,56719.640625,34.37,93.52,12.428571,PM2.5,17881
8.710000,8.940000,0.330000,0.290000,0.100000,78.379997,-5.430000,0.220000,279.019989,50.810001,57235.531250,34.39,93.69,12.442857,PM2.5,17882
8.820000,9.040000,0.300000,0.300000,0.100000,77.650002,-4.530000,0.130000,280.679993,46.630001,58620.371094,34.4,93.85,12.599999,PM2.5,17883
8.790000,8.990000,0.280000,0.300000,0.100000,78.160004,-4.950000,1.080000,280.940002,44.610001,58638.941406,34.42,94.02,12.557143,PM2.5,17884
8.910000,9.110000,0.280000,0.290000,0.100000,79.070000,-5.700000,1.760000,279.559998,47.139999,57579.910156,34.43,94.18,12.728571,PM2.5,17885
9.130000,9.320000,0.260000,0.300000,0.100000,78.779999,-5.370000,1.510000,279.059998,48.480000,57360.371094,34.44,94.34,13.042857,PM2.5,17886
9.530000,9.720000,0.240000,0.300000,0.100000,78.709999,-4.870000,1.370000,279.980011,45.779999,58087.558594,34.46,94.51,13.614285,PM2.5,17887
9.870000,10.050000,0.230000,0.310000,0.100000,79.459999,-5.060000,1.380000,280.019989,44.910000,58053.898438,34.47,94.67,14.099999,PM2.5,17888
10.180000,10.360000,0.220000,0.310000,0.100000,79.970001,-4.960000,1.280000,279.519989,45.740002,57798.660156,34.48,94.84,14.542857,PM2.5,17889
10.480000,10.650000,0.210000,0.300000,0.100000,80.839996,-4.550000,1.390000,280.299988,43.430000,58588.859375,34.5,95.0,14.971428,PM2.5,17890
10.710000,10.870000,0.200000,0.310000,0.100000,81.930000,-4.600000,1.420000,281.089996,40.959999,59337.160156,34.51,95.17,15.300000,PM2.5,17891
10.930000,11.090000,0.180000,0.310000,0.100000,82.680000,-4.620000,0.910000,280.910004,40.419998,59216.800781,34.52,95.33,15.614286,PM2.5,17892
11.090000,11.240000,0.160000,0.310000,0.100000,83.059998,-4.270000,0.330000,280.600006,40.180000,58979.800781,34.53,95.49,15.842857,PM2.5,17893
11.180000,11.320000,0.140000,0.290000,0.090000,83.080002,-4.160000,0.270000,280.660004,38.900002,59054.480469,34.55,95.66,15.971429,PM2.5,17894
11.290000,11.420000,0.130000,0.260000,0.090000,83.589996,-4.370000,0.350000,280.609985,37.709999,58991.949219,34.56,95.82,16.128571,PM2.5,17895
11.310000,11.440000,0.120000,0.260000,0.090000,83.919998,-4.500000,0.370000,279.630005,38.919998,58202.250000,34.57,95.99,16.157143,PM2.5,17896
11.210000,11.330000,0.120000,0.280000,0.090000,84.050003,-4.490000,0.270000,278.500000,40.509998,57360.671875,34.58,96.15,16.014286,PM2.5,17897
11.410000,11.540000,0.120000,0.290000,0.090000,84.199997,-4.280000,-0.060000,278.179993,40.450001,57244.109375,34.59,96.32,16.299999,PM2.5,17898
11.680000,11.800000,0.120000,0.310000,0.090000,84.820000,-3.990000,-0.400000,278.410004,39.400002,57594.578125,34.6,96.48,16.685715,PM2.5,17899
11.980000,12.100000,0.120000,0.330000,0.090000,85.629997,-3.790000,-0.450000,278.839996,38.160000,58079.941406,34.61,96.65,17.114285,PM2.5,17900
12.080000,12.200000,0.130000,0.350000,0.090000,86.320000,-3.720000,-0.600000,279.140015,37.520000,58441.128906,34.62,96.81,17.257143,PM2.5,17901
12.160000,12.280000,0.130000,0.390000,0.090000,87.080002,-3.690000,-0.890000,279.230011,37.299999,58600.398438,34.64,96.98,17.371428,PM2.5,17902
12.130000,12.250000,0.130000,0.410000,0.090000,87.800003,-3.360000,-1.260000,279.369995,36.740002,58811.761719,34.65,97.14,17.328571,PM2.5,17903
12.190000,12.310000,0.140000,0.430000,0.090000,88.239998,-2.850000,-1.390000,279.869995,35.639999,59390.261719,34.66,97.31,17.414286,PM2.5,17904
11.980000,12.100000,0.140000,0.460000,0.090000,88.489998,-2.930000,-1.560000,280.250000,35.150002,59845.050781,34.66,97.47,17.114285,PM2.5,17905
11.810000,11.940000,0.150000,0.500000,0.090000,87.169998,-2.550000,-1.810000,279.950012,36.570000,59750.800781,34.67,97.64,16.871429,PM2.5,17906
11.690000,11.830000,0.170000,0.560000,0.090000,88.620003,-2.060000,-1.600000,280.260010,36.779999,59967.960938,34.68,97.8,16.699999,PM2.5,17907
11.620000,11.760000,0.180000,0.610000,0.090000,89.099998,-2.240000,-1.290000,280.769989,37.439999,60526.230469,34.69,97.97,16.600000,PM2.5,17908
11.420000,11.560000,0.200000,0.640000,0.090000,89.730003,-2.590000,-1.180000,281.140015,38.240002,60880.429688,34.7,98.13,16.314285,PM2.5,17909
11.130000,11.280000,0.210000,0.580000,0.090000,89.690002,-2.770000,-0.930000,281.019989,38.900002,60779.988281,34.71,98.3,15.900001,PM2.5,17910
10.730000,10.880000,0.230000,0.550000,0.090000,90.639999,-2.530000,-0.640000,280.570007,40.869999,60364.039062,34.72,98.46,15.328570,PM2.5,17911
10.130000,10.290000,0.240000,0.520000,0.090000,91.660004,-2.600000,-0.650000,280.410004,42.009998,60288.191406,34.73,98.63,14.471429,PM2.5,17912
9.660000,9.820000,0.250000,0.520000,0.090000,92.470001,-2.650000,-0.830000,279.890015,43.150002,59750.070312,34.74,98.79,13.800000,PM2.5,17913
9.290000,9.450000,0.260000,0.510000,0.090000,92.389999,-2.390000,-0.690000,278.420013,46.119999,58451.679688,34.74,98.96,13.271428,PM2.5,17914
8.840000,8.990000,0.270000,0.500000,0.090000,93.400002,-2.160000,-0.070000,277.760010,47.830002,57887.429688,34.75,99.12,12.628572,PM2.5,17915
8.420000,8.570000,0.280000,0.490000,0.090000,97.919998,-1.680000,0.050000,277.000000,50.340000,57178.128906,34.76,99.29,12.028571,PM2.5,17916
8.550000,8.750000,0.300000,0.550000,0.100000,96.620003,-1.010000,-0.650000,275.750000,56.610001,56266.351562,34.77,99.45,12.214286,PM2.5,17917
10.080000,10.490000,0.330000,0.740000,0.110000,91.779999,-0.850000,-1.180000,277.839996,55.279999,58404.761719,34.77,99.62,14.400000,PM2.5,17918
11.050000,12.110000,0.420000,1.100000,0.160000,91.980003,-0.970000,-1.240000,280.929993,50.810001,61698.460938,34.78,99.78,15.785714,PM2.5,17919
12.180000,14.730000,0.590000,1.940000,0.250000,90.790001,-1.100000,-1.060000,281.299988,53.310001,62487.781250,34.79,99.95,17.400000,PM2.5,17920
12.690000,16.360001,0.720000,2.730000,0.310000,88.620003,-1.380000,-0.090000,281.000000,56.380001,62451.480469,34.79,100.11,18.128571,PM2.5,17921
12.550000,16.299999,0.740000,2.330000,0.310000,86.389999,-1.730000,0.340000,281.619995,55.860001,63055.238281,34.8,100.28,17.928572,PM2.5,17922
12.000000,14.670000,0.710000,1.580000,0.240000,87.790001,-2.200000,0.120000,281.890015,59.380001,63706.089844,34.8,100.44,17.142857,PM2.5,17923
11.970000,13.760000,0.780000,1.170000,0.180000,88.919998,-2.380000,-0.370000,281.640015,62.389999,63754.238281,34.81,100.61,17.100000,PM2.5,17924
11.920000,12.820000,0.830000,0.790000,0.120000,90.570000,-1.970000,-0.400000,281.519989,63.910000,63809.828125,34.82,100.78,17.028572,PM2.5,17925
12.180000,12.680000,0.920000,0.610000,0.110000,91.250000,-1.400000,-0.170000,281.410004,65.589996,63830.878906,34.82,100.94,17.400000,PM2.5,17926
12.640000,13.110000,1.030000,0.530000,0.110000,89.339996,-1.210000,-0.120000,281.179993,68.180000,63832.191406,34.83,101.11,18.057144,PM2.5,17927
13.120000,13.610000,1.210000,0.610000,0.110000,86.900002,-1.820000,-0.310000,281.600006,71.199997,64833.410156,34.83,101.27,18.742857,PM2.5,17928
13.660000,14.220000,1.430000,0.700000,0.110000,86.040001,-1.780000,-0.340000,282.019989,71.980003,65950.742188,34.84,101.44,19.514286,PM2.5,17929
14.160000,14.900000,1.680000,0.780000,0.130000,88.620003,-1.380000,-0.150000,282.130005,71.680000,66288.187500,34.84,101.6,20.228571,PM2.5,17930
14.790000,15.660000,1.770000,0.700000,0.140000,89.550003,-1.400000,0.410000,280.839996,75.959999,64900.378906,34.84,101.77,21.128571,PM2.5,17931
15.530000,16.629999,1.920000,0.730000,0.150000,90.540001,-0.770000,0.630000,279.670013,79.040001,63554.519531,34.85,101.93,22.185715,PM2.5,17932
4.100000,4.240000,0.210000,0.160000,0.100000,79.050003,-2.320000,1.280000,275.730011,73.809998,53963.488281,34.12,89.75,5.857143,PM2.5,18115
4.200000,4.340000,0.220000,0.160000,0.100000,79.629997,-2.070000,1.300000,276.549988,69.720001,54482.589844,34.14,89.91,6.000000,PM2.5,18116
4.270000,4.410000,0.230000,0.160000,0.100000,79.910004,-2.440000,1.930000,275.959991,70.269997,53669.699219,34.15,90.07,6.100000,PM2.5,18117
4.440000,4.600000,0.240000,0.160000,0.110000,79.550003,-2.900000,2.310000,274.750000,74.650002,52707.640625,34.17,90.24,6.342857,PM2.5,18118
4.610000,4.780000,0.250000,0.160000,0.110000,79.040001,-3.070000,2.040000,274.350006,76.510002,52522.929688,34.19,90.4,6.585714,PM2.5,18119
4.990000,5.150000,0.240000,0.170000,0.100000,78.500000,-3.310000,1.500000,273.959991,80.260002,52619.300781,34.21,90.56,7.128571,PM2.5,18120
5.350000,5.520000,0.240000,0.180000,0.100000,78.199997,-3.190000,1.040000,274.970001,79.769997,53854.800781,34.23,90.73,7.642857,PM2.5,18121
5.910000,6.080000,0.240000,0.180000,0.100000,78.480003,-3.300000,0.790000,276.839996,74.010002,55450.488281,34.25,90.89,8.442857,PM2.5,18122
6.380000,6.560000,0.250000,0.180000,0.100000,79.099998,-4.250000,0.780000,277.899994,69.150002,56159.410156,34.27,91.05,9.114285,PM2.5,18123
6.750000,6.940000,0.260000,0.190000,0.100000,79.790001,-5.280000,0.870000,278.089996,67.809998,56420.308594,34.28,91.22,9.642858,PM2.5,18124
7.110000,7.300000,0.270000,0.190000,0.100000,79.889999,-5.420000,0.930000,278.339996,65.589996,56730.089844,34.3,91.38,10.157143,PM2.5,18125
7.280000,7.480000,0.280000,0.200000,0.100000,79.919998,-5.180000,0.840000,278.640015,62.610001,56961.308594,34.32,91.54,10.400001,PM2.5,18126
7.450000,7.640000,0.290000,0.210000,0.110000,80.029999,-4.840000,0.350000,278.649994,61.250000,57017.480469,34.33,91.71,10.642857,PM2.5,18127
7.670000,7.870000,0.300000,0.220000,0.110000,79.680000,-4.110000,0.200000,278.890015,59.139999,57162.390625,34.35,91.87,10.957143,PM2.5,18128
7.950000,8.160000,0.320000,0.240000,0.110000,80.379997,-3.840000,0.460000,279.299988,55.849998,57242.210938,34.37,92.03,11.357142,PM2.5,18129
8.250000,8.470000,0.340000,0.250000,0.110000,81.070000,-4.370000,0.660000,279.369995,52.939999,57074.750000,34.38,92.2,11.785714,PM2.5,18130
8.530000,8.760000,0.360000,0.250000,0.110000,81.709999,-5.050000,1.120000,279.350006,50.580002,56862.988281,34.4,92.36,12.185714,PM2.5,18131
8.750000,8.990000,0.380000,0.270000,0.110000,81.500000,-5.440000,1.360000,279.970001,47.119999,57240.480469,34.42,92.52,12.500000,PM2.5,18132
8.830000,9.060000,0.390000,0.260000,0.110000,81.720001,-5.980000,1.240000,280.750000,44.660000,57872.390625,34.43,92.69,12.614285,PM2.5,18133
8.900000,9.140000,0.390000,0.240000,0.110000,81.930000,-6.740000,1.270000,280.040009,45.959999,57481.011719,34.45,92.85,12.714285,PM2.5,18134
8.940000,9.170000,0.380000,0.240000,0.110000,81.800003,-6.670000,0.940000,279.079987,48.380001,56913.121094,34.46,93.01,12.771428,PM2.5,18135
8.920000,9.150000,0.370000,0.260000,0.110000,80.760002,-5.930000,0.500000,279.320007,47.820000,57259.210938,34.48,93.18,12.742857,PM2.5,18136
8.890000,9.110000,0.350000,0.270000,0.100000,80.620003,-5.710000,0.610000,279.309998,47.990002,57240.449219,34.49,93.34,12.700001,PM2.5,18137
8.850000,9.070000,0.330000,0.270000,0.100000,80.260002,-6.070000,1.060000,278.670013,49.349998,56877.789062,34.51,93.51,12.642858,PM2.5,18138
8.990000,9.200000,0.310000,0.300000,0.100000,79.120003,-5.770000,1.050000,279.329987,47.740002,57647.371094,34.52,93.67,12.842856,PM2.5,18139
9.160000,9.360000,0.280000,0.310000,0.100000,78.699997,-5.010000,0.460000,280.869995,43.869999,59032.421875,34.54,93.83,13.085714,PM2.5,18140
9.230000,9.430000,0.260000,0.310000,0.100000,79.250000,-5.100000,0.130000,281.750000,41.029999,59649.250000,34.55,94.0,13.185714,PM2.5,18141
9.340000,9.530000,0.250000,0.310000,0.100000,79.629997,-5.750000,0.380000,280.880005,42.130001,58853.429688,34.57,94.16,13.342857,PM2.5,18142
9.550000,9.730000,0.240000,0.320000,0.100000,79.209999,-5.540000,0.470000,280.059998,43.950001,58329.421875,34.58,94.33,13.642858,PM2.5,18143
9.950000,10.120000,0.220000,0.330000,0.100000,79.349998,-4.990000,0.360000,280.600006,42.450001,58810.019531,34.59,94.49,14.214286,PM2.5,18144
10.230000,10.400000,0.210000,0.330000,0.100000,80.139999,-4.790000,0.650000,280.549988,42.060001,58770.800781,34.61,94.66,14.614285,PM2.5,18145
10.520000,10.680000,0.200000,0.330000,0.100000,81.309998,-4.270000,1.200000,280.950012,40.669998,59194.250000,34.62,94.82,15.028572,PM2.5,18146
10.730000,10.890000,0.190000,0.320000,0.100000,83.150002,-4.180000,1.700000,281.779999,38.080002,59827.601562,34.63,94.99,15.328570,PM2.5,18147
10.910000,11.060000,0.180000,0.310000,0.100000,85.129997,-5.020000,1.480000,281.190002,37.919998,59207.578125,34.65,95.15,15.585714,PM2.5,18148
11.120000,11.260000,0.160000,0.310000,0.100000,85.459999,-5.300000,0.480000,279.769989,39.790001,58117.988281,34.66,95.31,15.885715,PM2.5,18149
11.270000,11.410000,0.140000,0.310000,0.090000,83.800003,-4.690000,0.020000,279.260010,40.349998,57925.339844,34.67,95.48,16.100000,PM2.5,18150
11.540000,11.670000,0.130000,0.290000,0.090000,83.839996,-4.380000,0.140000,280.160004,37.860001,58746.449219,34.68,95.64,16.485714,PM2.5,18151
11.650000,11.780000,0.130000,0.260000,0.090000,84.639999,-4.620000,0.200000,280.040009,37.189999,58598.039062,34.69,95.81,16.642857,PM2.5,18152
11.630000,11.750000,0.120000,0.270000,0.090000,84.779999,-4.610000,-0.060000,279.040009,38.689999,57843.968750,34.71,95.97,16.614286,PM2.5,18153
11.430000,11.550000,0.120000,0.290000,0.090000,84.730003,-4.410000,-0.140000,278.829987,38.419998,57758.281250,34.72,96.14,16.328571,PM2.5,18154
11.690000,11.810000,0.120000,0.300000,0.090000,85.199997,-4.270000,-0.060000,278.660004,38.110001,57710.429688,34.73,96.3,16.699999,PM2.5,18155
12.000000,12.120000,0.120000,0.310000,0.090000,86.050003,-3.950000,-0.120000,278.739990,37.900002,57951.089844,34.74,96.47,17.142857,PM2.5,18156
12.500000,12.620000,0.130000,0.330000,0.090000,87.000000,-3.670000,-0.230000,279.320007,37.040001,58574.699219,34.75,96.63,17.857143,PM2.5,18157
12.520000,12.640000,0.130000,0.350000,0.090000,87.970001,-3.600000,-0.370000,279.679993,36.759998,58982.558594,34.76,96.8,17.885715,PM2.5,18158
12.480000,12.600000,0.130000,0.370000,0.090000,89.070000,-3.650000,-0.500000,279.739990,37.080002,59183.648438,34.77,96.96,17.828571,PM2.5,18159
12.540000,12.660000,0.140000,0.390000,0.090000,90.389999,-3.170000,-0.710000,279.970001,36.980000,59581.050781,34.78,97.13,17.914286,PM2.5,18160
12.520000,12.650000,0.140000,0.400000,0.090000,91.320000,-2.620000,-0.860000,280.549988,36.720001,60157.929688,34.79,97.29,17.885715,PM2.5,18161
12.330000,12.460000,0.150000,0.410000,0.090000,92.110001,-3.160000,-0.980000,280.839996,37.290001,60464.460938,34.8,97.46,17.614286,PM2.5,18162
12.230000,12.360000,0.160000,0.500000,0.090000,77.970001,-2.960000,-1.080000,279.619995,45.400002,60500.128906,34.81,97.62,17.471428,PM2.5,18163
11.780000,11.910000,0.170000,0.530000,0.090000,89.019997,-1.830000,-1.240000,280.329987,36.799999,60435.750000,34.82,97.79,16.828571,PM2.5,18164
11.670000,11.800000,0.180000,0.590000,0.090000,90.570000,-2.020000,-1.240000,280.690002,37.740002,60492.019531,34.83,97.95,16.671429,PM2.5,18165
11.450000,11.600000,0.200000,0.630000,0.090000,91.940002,-2.520000,-1.320000,280.799988,38.660000,60658.328125,34.84,98.12,16.357143,PM2.5,18166
11.120000,11.260000,0.210000,0.580000,0.090000,92.570000,-2.430000,-1.360000,280.640015,40.430000,60600.949219,34.85,98.29,15.885715,PM2.5,18167
10.650000,10.800000,0.230000,0.570000,0.090000,92.720001,-2.350000,-1.160000,280.559998,41.290001,60577.308594,34.85,98.45,15.214285,PM2.5,18168
10.190000,10.340000,0.240000,0.550000,0.090000,93.010002,-2.570000,-0.760000,280.200012,42.029999,60145.128906,34.86,98.62,14.557142,PM2.5,18169
9.820000,9.980000,0.250000,0.540000,0.090000,93.000000,-2.540000,-0.650000,278.899994,45.119999,58986.308594,34.87,98.78,14.028571,PM2.5,18170
9.380000,9.540000,0.260000,0.530000,0.090000,92.290001,-1.820000,-0.580000,277.440002,50.279999,57868.351562,34.88,98.95,13.400001,PM2.5,18171
9.280000,9.450000,0.270000,0.510000,0.090000,91.800003,-1.320000,-0.440000,277.700012,50.570000,58207.859375,34.89,99.11,13.257142,PM2.5,18172
9.060000,9.220000,0.280000,0.520000,0.090000,93.360001,-1.620000,-0.060000,278.709991,47.950001,58916.730469,34.89,99.28,12.942858,PM2.5,18173
9.050000,9.230000,0.290000,0.530000,0.090000,93.510002,-1.060000,-0.080000,277.040009,52.799999,57620.691406,34.9,99.44,12.928572,PM2.5,18174
9.770000,9.990000,0.310000,0.610000,0.090000,91.870003,0.000000,-1.050000,277.190002,56.000000,57987.769531,34.91,99.61,13.957144,PM2.5,18175
10.590000,10.860000,0.350000,0.610000,0.100000,92.099998,-0.170000,-1.490000,279.700012,53.610001,60526.519531,34.91,99.77,15.128572,PM2.5,18176
10.970000,11.400000,0.410000,0.720000,0.120000,90.410004,-1.020000,-1.280000,280.329987,55.380001,61463.261719,34.92,99.94,15.671429,PM2.5,18177
11.080000,11.690000,0.490000,0.920000,0.140000,88.480003,-1.190000,-0.550000,281.660004,55.869999,63334.851562,34.93,100.11,15.828571,PM2.5,18178
11.180000,11.920000,0.600000,0.930000,0.150000,84.769997,-1.300000,-0.300000,283.619995,52.840000,65769.906250,34.93,100.27,15.971429,PM2.5,18179
11.460000,12.080000,0.670000,0.820000,0.120000,86.930000,-2.210000,0.620000,282.500000,56.169998,64422.769531,34.94,100.44,16.371429,PM2.5,18180
11.730000,12.230000,0.750000,0.800000,0.110000,88.650002,-2.050000,0.570000,280.489990,61.740002,62546.859375,34.95,100.6,16.757143,PM2.5,18181
11.850000,12.290000,0.820000,0.690000,0.100000,91.290001,-1.250000,0.430000,280.429993,64.370003,62768.789062,34.95,100.77,16.928572,PM2.5,18182
12.080000,12.510000,0.910000,0.590000,0.100000,93.070000,-0.840000,0.320000,280.679993,65.570000,63080.300781,34.96,100.93,17.257143,PM2.5,18183
12.460000,12.900000,1.040000,0.530000,0.110000,92.029999,-0.940000,0.160000,281.029999,67.790001,63736.699219,34.96,101.1,17.799999,PM2.5,18184
12.930000,13.430000,1.250000,0.610000,0.110000,90.260002,-1.460000,-0.040000,281.350006,71.599998,64792.269531,34.97,101.27,18.471430,PM2.5,18185
13.370000,13.920000,1.460000,0.640000,0.110000,90.930000,-1.300000,-0.070000,281.510010,72.320000,65239.199219,34.97,101.43,19.100000,PM2.5,18186
13.730000,14.320000,1.650000,0.660000,0.110000,91.519997,-1.020000,0.150000,281.579987,73.089996,65479.570312,34.98,101.6,19.614285,PM2.5,18187
14.250000,14.940000,1.780000,0.670000,0.120000,90.879997,-0.930000,0.650000,280.950012,75.980003,65118.980469,34.98,101.76,20.357143,PM2.5,18188
14.830000,15.660000,1.910000,0.700000,0.130000,91.180000,-0.650000,1.120000,280.239990,77.570000,64348.339844,34.98,101.93,21.185715,PM2.5,18189
15.460000,16.690001,2.060000,0.820000,0.150000,91.059998,-0.410000,0.600000,280.149994,78.720001,64317.250000,34.99,102.1,22.085714,PM2.5,18190
4.230000,4.360000,0.220000,0.150000,0.100000,81.010002,-2.400000,0.960000,275.950012,70.580002,54055.390625,34.27,89.89,6.042857,PM2.5,18369
4.290000,4.430000,0.220000,0.150000,0.100000,80.839996,-2.030000,1.100000,275.600006,70.629997,53564.859375,34.29,90.05,6.128572,PM2.5,18370
4.460000,4.610000,0.230000,0.160000,0.100000,80.279999,-2.830000,1.660000,275.190002,72.410004,53228.449219,34.31,90.21,6.371428,PM2.5,18371
4.710000,4.870000,0.230000,0.160000,0.100000,79.339996,-3.660000,1.700000,274.790009,75.940002,53192.511719,34.33,90.38,6.728571,PM2.5,18372
5.120000,5.280000,0.230000,0.170000,0.100000,78.510002,-3.920000,1.680000,274.589996,79.980003,53487.378906,34.35,90.54,7.314286,PM2.5,18373
5.670000,5.840000,0.230000,0.170000,0.100000,79.099998,-3.640000,1.610000,275.730011,78.260002,54683.808594,34.36,90.7,8.100000,PM2.5,18374
6.370000,6.540000,0.240000,0.170000,0.100000,80.150002,-4.520000,1.480000,277.410004,71.480003,55979.289062,34.38,90.87,9.099999,PM2.5,18375
6.930000,7.110000,0.240000,0.180000,0.100000,78.599998,-5.500000,1.140000,277.739990,69.519997,56326.910156,34.4,91.03,9.900000,PM2.5,18376
7.100000,7.290000,0.260000,0.180000,0.100000,81.680000,-5.690000,1.050000,278.029999,63.410000,56239.371094,34.42,91.19,10.142857,PM2.5,18377
7.380000,7.570000,0.270000,0.180000,0.100000,81.540001,-5.740000,0.800000,278.369995,61.099998,56541.218750,34.44,91.36,10.542857,PM2.5,18378
7.550000,7.750000,0.280000,0.190000,0.100000,81.449997,-5.510000,0.840000,278.350006,60.020000,56679.910156,34.45,91.52,10.785714,PM2.5,18379
7.740000,7.940000,0.290000,0.190000,0.110000,81.699997,-5.080000,0.870000,278.010010,60.480000,56510.328125,34.47,91.68,11.057142,PM2.5,18380
7.960000,8.170000,0.310000,0.200000,0.110000,81.489998,-4.170000,0.700000,278.320007,58.529999,56759.128906,34.49,91.85,11.371428,PM2.5,18381
8.190000,8.410000,0.330000,0.210000,0.110000,81.550003,-3.860000,0.460000,278.799988,55.169998,56907.351562,34.5,92.01,11.700000,PM2.5,18382
8.480000,8.700000,0.350000,0.220000,0.110000,81.970001,-4.390000,0.620000,278.859985,52.830002,56754.390625,34.52,92.18,12.114285,PM2.5,18383
8.660000,8.900000,0.360000,0.230000,0.110000,82.239998,-5.110000,1.010000,278.799988,51.169998,56569.148438,34.54,92.34,12.371428,PM2.5,18384
8.820000,9.050000,0.370000,0.240000,0.110000,81.930000,-5.490000,1.150000,279.170013,48.310001,56755.648438,34.55,92.5,12.599999,PM2.5,18385
8.800000,9.040000,0.380000,0.250000,0.110000,82.000000,-5.760000,1.100000,279.570007,46.500000,57042.988281,34.57,92.67,12.571429,PM2.5,18386
8.790000,9.030000,0.380000,0.250000,0.110000,82.110001,-6.340000,1.290000,278.660004,48.250000,56440.750000,34.58,92.83,12.557143,PM2.5,18387
8.690000,8.920000,0.360000,0.260000,0.110000,81.669998,-6.440000,1.260000,277.369995,51.799999,55642.839844,34.6,93.0,12.414285,PM2.5,18388
8.760000,8.980000,0.340000,0.270000,0.100000,80.309998,-5.810000,0.940000,277.739990,51.279999,56147.050781,34.61,93.16,12.514286,PM2.5,18389
9.130000,9.350000,0.320000,0.290000,0.100000,79.540001,-5.230000,0.550000,279.410004,46.900002,57607.218750,34.63,93.32,13.042857,PM2.5,18390
9.160000,9.370000,0.300000,0.290000,0.100000,79.910004,-5.350000,0.930000,280.609985,43.080002,58646.640625,34.64,93.49,13.085714,PM2.5,18391
9.240000,9.450000,0.280000,0.300000,0.100000,80.239998,-5.630000,1.410000,281.059998,41.610001,59173.019531,34.66,93.65,13.200000,PM2.5,18392
9.360000,9.550000,0.270000,0.300000,0.100000,80.709999,-5.870000,1.210000,281.320007,39.930000,59441.148438,34.67,93.82,13.371428,PM2.5,18393
9.460000,9.640000,0.250000,0.300000,0.100000,81.279999,-6.230000,0.270000,281.100006,39.560001,59218.289062,34.69,93.98,13.514286,PM2.5,18394
9.610000,9.790000,0.240000,0.320000,0.100000,80.959999,-5.950000,-0.380000,280.339996,40.849998,58660.539062,34.7,94.15,13.728571,PM2.5,18395
9.820000,10.000000,0.220000,0.330000,0.100000,80.389999,-5.080000,-0.060000,280.269989,41.330002,58724.699219,34.71,94.31,14.028571,PM2.5,18396
10.040000,10.210000,0.210000,0.330000,0.100000,80.970001,-4.570000,0.220000,281.019989,39.369999,59359.980469,34.73,94.48,14.342857,PM2.5,18397
10.260000,10.430000,0.190000,0.330000,0.100000,82.019997,-4.320000,0.410000,281.079987,38.740002,59354.980469,34.74,94.64,14.657144,PM2.5,18398
10.530000,10.690000,0.180000,0.320000,0.100000,83.519997,-3.720000,0.540000,281.359985,37.389999,59556.300781,34.75,94.81,15.042857,PM2.5,18399
10.720000,10.860000,0.160000,0.300000,0.100000,85.099998,-3.970000,0.800000,282.019989,35.150002,59878.789062,34.77,94.97,15.314286,PM2.5,18400
10.800000,10.930000,0.150000,0.280000,0.090000,86.559998,-5.470000,0.770000,280.429993,36.840000,58376.449219,34.78,95.13,15.428572,PM2.5,18401
10.760000,10.880000,0.140000,0.280000,0.090000,86.080002,-5.640000,0.310000,278.040009,40.840000,56735.621094,34.79,95.3,15.371428,PM2.5,18402
11.060000,11.190000,0.130000,0.290000,0.090000,85.080002,-4.580000,0.010000,278.390015,40.630001,57287.308594,34.81,95.46,15.800000,PM2.5,18403
11.650000,11.780000,0.130000,0.270000,0.090000,85.860001,-4.380000,0.040000,279.570007,37.389999,58204.828125,34.82,95.63,16.642857,PM2.5,18404
11.730000,11.850000,0.120000,0.260000,0.090000,86.900002,-4.760000,-0.080000,278.950012,38.090000,57681.339844,34.83,95.79,16.757143,PM2.5,18405
11.520000,11.640000,0.120000,0.270000,0.090000,86.690002,-4.580000,-0.230000,278.190002,39.689999,57272.691406,34.84,95.96,16.457144,PM2.5,18406
11.800000,11.920000,0.120000,0.290000,0.090000,86.730003,-3.990000,-0.340000,278.640015,39.040001,57840.699219,34.85,96.12,16.857143,PM2.5,18407
12.140000,12.260000,0.120000,0.290000,0.090000,87.690002,-3.620000,-0.250000,279.140015,38.130001,58385.988281,34.86,96.29,17.342857,PM2.5,18408
12.490000,12.610000,0.130000,0.300000,0.090000,89.080002,-3.330000,-0.160000,279.320007,37.860001,58647.449219,34.87,96.46,17.842857,PM2.5,18409
12.830000,12.950000,0.130000,0.310000,0.090000,90.309998,-3.080000,-0.180000,279.779999,37.720001,59209.980469,34.89,96.62,18.328571,PM2.5,18410
12.990000,13.110000,0.140000,0.320000,0.090000,91.779999,-2.970000,-0.090000,280.209991,38.189999,59671.230469,34.9,96.79,18.557142,PM2.5,18411
13.020000,13.140000,0.140000,0.330000,0.090000,92.739998,-3.550000,0.350000,280.350006,39.639999,59838.789062,34.91,96.95,18.600000,PM2.5,18412
13.120000,13.240000,0.150000,0.360000,0.090000,88.720001,-3.720000,0.650000,279.980011,44.810001,60200.371094,34.92,97.12,18.742857,PM2.5,18413
12.890000,13.010000,0.160000,0.370000,0.090000,90.199997,-3.210000,0.410000,280.089996,43.889999,60362.398438,34.93,97.28,18.414286,PM2.5,18414
12.640000,12.770000,0.170000,0.400000,0.090000,91.419998,-3.050000,0.310000,279.940002,45.169998,60397.039062,34.94,97.45,18.057144,PM2.5,18415
12.420000,12.560000,0.180000,0.470000,0.090000,83.720001,-2.640000,0.450000,279.670013,47.270000,60594.679688,34.95,97.61,17.742857,PM2.5,18416
12.200000,12.340000,0.190000,0.510000,0.090000,85.389999,-1.570000,-0.110000,279.609985,45.779999,60642.031250,34.96,97.78,17.428572,PM2.5,18417
11.880000,12.020000,0.190000,0.540000,0.090000,91.900002,-1.730000,-0.870000,280.660004,37.430000,60708.011719,34.96,97.94,16.971428,PM2.5,18418
11.660000,11.800000,0.200000,0.570000,0.090000,93.760002,-2.470000,-1.260000,280.519989,39.279999,60418.859375,34.97,98.11,16.657143,PM2.5,18419
11.360000,11.510000,0.220000,0.560000,0.090000,94.260002,-2.170000,-1.460000,279.670013,42.020000,59781.480469,34.98,98.27,16.228571,PM2.5,18420
10.920000,11.070000,0.230000,0.570000,0.090000,94.349998,-1.990000,-1.290000,279.649994,43.669998,59955.300781,34.99,98.44,15.600000,PM2.5,18421
10.480000,10.640000,0.240000,0.570000,0.090000,94.260002,-2.100000,-0.690000,279.589996,43.849998,59799.089844,35.0,98.61,14.971428,PM2.5,18422
10.120000,10.280000,0.260000,0.580000,0.090000,93.540001,-2.090000,-0.040000,278.730011,45.689999,59003.460938,35.01,98.77,14.457143,PM2.5,18423
9.730000,9.890000,0.270000,0.550000,0.090000,93.190002,-1.560000,-0.120000,277.940002,50.680000,58538.191406,35.01,98.94,13.900000,PM2.5,18424
9.860000,10.030000,0.280000,0.500000,0.090000,92.410004,-0.870000,-0.750000,278.440002,51.880001,59249.578125,35.02,99.1,14.085713,PM2.5,18425
9.850000,10.030000,0.300000,0.480000,0.090000,93.129997,-0.880000,-1.030000,280.029999,49.750000,60787.968750,35.03,99.27,14.071429,PM2.5,18426
9.600000,9.790000,0.300000,0.500000,0.090000,93.050003,-1.140000,-0.310000,279.880005,49.590000,60495.179688,35.04,99.43,13.714286,PM2.5,18427
10.020000,10.220000,0.320000,0.540000,0.090000,92.489998,-0.620000,-0.510000,279.220001,53.660000,60132.671875,35.04,99.6,14.314286,PM2.5,18428
10.510000,10.750000,0.360000,0.550000,0.090000,92.919998,-0.000000,-1.200000,280.250000,53.549999,61346.550781,35.05,99.77,15.014286,PM2.5,18429
10.850000,11.130000,0.420000,0.620000,0.100000,91.150002,-0.560000,-1.020000,280.799988,55.060001,62027.828125,35.06,99.93,15.500001,PM2.5,18430
10.930000,11.250000,0.490000,0.740000,0.100000,88.440002,-0.970000,-0.690000,282.510010,54.770000,64323.058594,35.06,100.1,15.614286,PM2.5,18431
11.030000,11.380000,0.570000,0.840000,0.100000,86.459999,-0.360000,-0.740000,284.880005,50.360001,67408.062500,35.07,100.26,15.757142,PM2.5,18432
11.370000,11.760000,0.680000,0.810000,0.100000,86.129997,-0.840000,0.570000,284.290009,51.509998,66533.226562,35.08,100.43,16.242857,PM2.5,18433
11.610000,12.010000,0.780000,0.860000,0.100000,87.730003,-1.450000,1.310000,283.480011,53.009998,65415.121094,35.08,100.6,16.585714,PM2.5,18434
11.760000,12.160000,0.840000,0.700000,0.100000,90.949997,-1.410000,1.450000,283.160004,55.910000,65374.019531,35.09,100.76,16.800001,PM2.5,18435
12.030000,12.440000,0.940000,0.620000,0.100000,93.099998,-1.280000,1.180000,282.000000,60.700001,64429.960938,35.09,100.93,17.185715,PM2.5,18436
12.480000,12.930000,1.090000,0.550000,0.100000,93.870003,-1.030000,0.860000,281.190002,67.120003,64079.878906,35.1,101.09,17.828571,PM2.5,18437
12.890000,13.390000,1.290000,0.610000,0.110000,94.589996,-1.180000,0.400000,281.059998,70.660004,64443.269531,35.1,101.26,18.414286,PM2.5,18438
13.220000,13.750000,1.450000,0.630000,0.110000,95.540001,-0.780000,0.090000,280.660004,72.540001,64164.531250,35.11,101.43,18.885715,PM2.5,18439
13.640000,14.200000,1.610000,0.630000,0.110000,94.570000,-0.280000,0.010000,280.049988,75.080002,63543.421875,35.11,101.59,19.485714,PM2.5,18440
13.900000,14.500000,1.820000,0.690000,0.120000,92.610001,-0.390000,0.680000,281.049988,74.620003,64978.058594,35.12,101.76,19.857141,PM2.5,18441
14.240000,14.850000,1.980000,0.690000,0.120000,93.279999,-0.610000,1.220000,282.100006,71.230003,66129.867188,35.12,101.92,20.342857,PM2.5,18442
14.960000,15.820000,2.150000,0.770000,0.130000,92.529999,-0.660000,0.960000,280.769989,77.430000,65040.789062,35.12,102.09,21.371429,PM2.5,18443
15.440000,17.430000,2.300000,1.120000,0.170000,91.580002,-0.540000,0.340000,281.540009,76.540001,66075.593750,35.13,102.26,22.057142,PM2.5,18444
4.370000,4.500000,0.210000,0.150000,0.100000,81.110001,-3.060000,0.800000,274.959991,73.339996,53308.328125,34.4,89.86,6.242857,PM2.5,18621
4.510000,4.650000,0.220000,0.160000,0.100000,80.940002,-2.560000,0.290000,274.950012,73.370003,53361.589844,34.42,90.03,6.442857,PM2.5,18622
4.690000,4.840000,0.230000,0.160000,0.100000,80.010002,-3.030000,0.790000,275.339996,73.169998,53737.000000,34.44,90.19,6.700000,PM2.5,18623
4.990000,5.150000,0.220000,0.160000,0.100000,79.349998,-3.660000,1.290000,275.209991,76.639999,53910.730469,34.46,90.35,7.128571,PM2.5,18624
5.440000,5.600000,0.220000,0.160000,0.100000,79.059998,-3.600000,1.830000,275.649994,78.019997,54596.699219,34.48,90.52,7.771429,PM2.5,18625
6.120000,6.290000,0.230000,0.160000,0.100000,79.980003,-3.270000,2.330000,276.739990,74.059998,55571.160156,34.5,90.68,8.742857,PM2.5,18626
6.710000,6.880000,0.240000,0.160000,0.100000,81.099998,-4.270000,2.700000,277.459991,68.050003,55913.671875,34.52,90.85,9.585714,PM2.5,18627
7.030000,7.210000,0.250000,0.160000,0.100000,81.430000,-5.600000,2.160000,277.239990,64.790001,55556.539062,34.53,91.01,10.042857,PM2.5,18628
7.210000,7.390000,0.260000,0.160000,0.100000,82.070000,-6.040000,1.190000,277.059998,64.099998,55395.171875,34.55,91.17,10.300000,PM2.5,18629
7.480000,7.670000,0.270000,0.170000,0.100000,82.080002,-5.650000,1.000000,277.329987,62.320000,55736.410156,34.57,91.34,10.685715,PM2.5,18630
7.740000,7.930000,0.290000,0.170000,0.100000,82.570000,-5.150000,1.090000,277.700012,60.560001,56085.800781,34.59,91.5,11.057142,PM2.5,18631
8.030000,8.240000,0.300000,0.180000,0.110000,82.669998,-4.950000,1.270000,277.690002,59.680000,56218.511719,34.6,91.66,11.471428,PM2.5,18632
8.280000,8.490000,0.320000,0.190000,0.110000,82.919998,-4.520000,1.270000,277.920013,57.230000,56400.980469,34.62,91.83,11.828571,PM2.5,18633
8.550000,8.770000,0.330000,0.200000,0.110000,82.839996,-4.530000,0.860000,278.570007,53.009998,56770.640625,34.64,91.99,12.214286,PM2.5,18634
8.710000,8.940000,0.350000,0.210000,0.110000,82.750000,-4.860000,0.740000,278.950012,50.590000,56974.328125,34.65,92.16,12.442857,PM2.5,18635
8.860000,9.090000,0.360000,0.220000,0.110000,82.959999,-5.200000,0.780000,278.779999,49.849998,56748.589844,34.67,92.32,12.657143,PM2.5,18636
9.020000,9.250000,0.370000,0.240000,0.110000,82.120003,-5.430000,0.700000,278.589996,48.970001,56486.460938,34.69,92.48,12.885715,PM2.5,18637
9.040000,9.270000,0.370000,0.270000,0.110000,81.250000,-5.620000,0.670000,278.619995,48.320000,56528.609375,34.7,92.65,12.914286,PM2.5,18638
8.960000,9.200000,0.360000,0.280000,0.110000,80.720001,-5.860000,0.930000,278.269989,49.029999,56339.519531,34.72,92.81,12.800000,PM2.5,18639
8.930000,9.160000,0.340000,0.280000,0.100000,80.410004,-5.810000,1.290000,277.869995,50.279999,56218.531250,34.73,92.98,12.757143,PM2.5,18640
8.990000,9.210000,0.320000,0.290000,0.100000,79.519997,-5.480000,1.390000,278.940002,47.070000,57230.699219,34.75,93.14,12.842856,PM2.5,18641
9.140000,9.350000,0.310000,0.300000,0.100000,79.430000,-5.040000,1.170000,280.470001,42.480000,58631.898438,34.76,93.31,13.057143,PM2.5,18642
9.160000,9.370000,0.290000,0.300000,0.100000,80.639999,-4.900000,1.030000,281.339996,39.650002,59359.308594,34.78,93.47,13.085714,PM2.5,18643
9.230000,9.420000,0.270000,0.290000,0.100000,81.349998,-5.100000,1.190000,281.589996,37.970001,59564.460938,34.79,93.64,13.185714,PM2.5,18644
9.330000,9.510000,0.260000,0.290000,0.100000,82.550003,-5.580000,1.140000,281.130005,37.990002,59036.800781,34.81,93.8,13.328571,PM2.5,18645
9.450000,9.630000,0.240000,0.290000,0.100000,83.699997,-6.120000,0.720000,279.589996,41.020000,57751.960938,34.82,93.96,13.500000,PM2.5,18646
9.550000,9.730000,0.220000,0.310000,0.100000,82.580002,-5.540000,0.210000,278.660004,43.400002,57303.191406,34.84,94.13,13.642858,PM2.5,18647
10.020000,10.190000,0.200000,0.340000,0.100000,81.669998,-4.710000,0.060000,279.640015,41.220001,58230.589844,34.85,94.29,14.314286,PM2.5,18648
10.220000,10.380000,0.190000,0.340000,0.100000,82.709999,-4.740000,0.010000,280.540009,38.700001,58883.628906,34.86,94.46,14.600000,PM2.5,18649
10.420000,10.570000,0.170000,0.340000,0.100000,83.779999,-4.860000,-0.160000,280.420013,38.180000,58745.058594,34.88,94.62,14.885715,PM2.5,18650
10.650000,10.790000,0.160000,0.320000,0.090000,84.669998,-4.490000,-0.310000,280.760010,36.889999,59052.578125,34.89,94.79,15.214285,PM2.5,18651
10.920000,11.050000,0.140000,0.280000,0.090000,85.989998,-4.480000,-0.340000,281.309998,35.290001,59371.011719,34.9,94.95,15.600000,PM2.5,18652
11.010000,11.140000,0.140000,0.250000,0.090000,87.150002,-5.300000,-0.100000,279.839996,37.360001,58074.750000,34.92,95.12,15.728572,PM2.5,18653
10.970000,11.100000,0.130000,0.250000,0.090000,86.910004,-5.250000,0.220000,278.200012,40.189999,57009.710938,34.93,95.28,15.671429,PM2.5,18654
11.320000,11.440000,0.130000,0.260000,0.090000,86.480003,-4.490000,0.000000,278.739990,39.160000,57640.449219,34.94,95.45,16.171429,PM2.5,18655
11.810000,11.930000,0.120000,0.260000,0.090000,87.510002,-4.480000,-0.300000,279.089996,38.000000,57871.558594,34.95,95.61,16.871429,PM2.5,18656
11.830000,11.950000,0.120000,0.270000,0.090000,88.360001,-4.560000,-0.310000,278.489990,39.180000,57458.148438,34.96,95.78,16.900000,PM2.5,18657
11.870000,11.990000,0.120000,0.280000,0.090000,88.629997,-4.110000,-0.090000,278.459991,39.520000,57634.410156,34.98,95.95,16.957142,PM2.5,18658
12.170000,12.280000,0.120000,0.300000,0.090000,89.580002,-3.600000,-0.150000,278.850006,39.029999,58151.250000,34.99,96.11,17.385714,PM2.5,18659
12.430000,12.550000,0.130000,0.310000,0.090000,90.610001,-3.060000,-0.340000,279.290009,38.369999,58746.128906,35.0,96.28,17.757143,PM2.5,18660
12.750000,12.870000,0.130000,0.330000,0.090000,91.309998,-2.610000,-0.340000,279.809998,37.430000,59330.468750,35.01,96.44,18.214285,PM2.5,18661
12.930000,13.050000,0.130000,0.350000,0.090000,91.500000,-2.460000,-0.190000,280.390015,36.080002,59957.960938,35.02,96.61,18.471430,PM2.5,18662
13.010000,13.130000,0.140000,0.360000,0.090000,91.870003,-2.470000,-0.100000,280.540009,35.509998,60020.480469,35.03,96.77,18.585714,PM2.5,18663
12.880000,13.000000,0.140000,0.380000,0.090000,92.529999,-2.700000,0.200000,280.149994,36.439999,59651.679688,35.04,96.94,18.400000,PM2.5,18664
12.610000,12.730000,0.140000,0.400000,0.090000,92.129997,-2.570000,0.550000,279.799988,36.910000,59486.851562,35.05,97.1,18.014286,PM2.5,18665
12.390000,12.510000,0.150000,0.410000,0.090000,92.900002,-2.270000,0.610000,279.459991,37.939999,59291.949219,35.06,97.27,17.700001,PM2.5,18666
12.310000,12.430000,0.160000,0.440000,0.090000,93.529999,-2.110000,0.400000,279.500000,38.619999,59491.070312,35.07,97.44,17.585714,PM2.5,18667
12.290000,12.420000,0.170000,0.480000,0.090000,93.580002,-1.960000,0.130000,279.859985,38.529999,59902.328125,35.08,97.6,17.557142,PM2.5,18668
12.210000,12.350000,0.180000,0.490000,0.090000,94.589996,-1.810000,-0.290000,280.200012,38.299999,60237.890625,35.09,97.77,17.442858,PM2.5,18669
12.100000,12.230000,0.190000,0.490000,0.090000,96.000000,-1.970000,-1.060000,280.279999,38.509998,60200.238281,35.1,97.93,17.285715,PM2.5,18670
11.930000,12.070000,0.200000,0.490000,0.090000,96.470001,-2.170000,-1.400000,279.440002,40.980000,59540.078125,35.11,98.1,17.042858,PM2.5,18671
11.860000,12.000000,0.220000,0.520000,0.090000,96.820000,-1.580000,-1.430000,278.929993,43.860001,59308.789062,35.12,98.26,16.942856,PM2.5,18672
11.450000,11.600000,0.240000,0.550000,0.090000,97.139999,-1.480000,-1.290000,279.510010,44.799999,60021.750000,35.13,98.43,16.357143,PM2.5,18673
10.960000,11.120000,0.250000,0.590000,0.090000,96.320000,-1.590000,-1.010000,279.839996,45.250000,60452.148438,35.13,98.6,15.657143,PM2.5,18674
10.470000,10.640000,0.270000,0.600000,0.090000,95.430000,-1.370000,-0.500000,279.929993,45.750000,60497.691406,35.14,98.76,14.957143,PM2.5,18675
10.120000,10.290000,0.280000,0.560000,0.090000,95.099998,-1.490000,-0.140000,279.660004,48.889999,60399.839844,35.15,98.93,14.457143,PM2.5,18676
10.140000,10.320000,0.310000,0.480000,0.090000,94.849998,-1.090000,-0.620000,279.179993,53.279999,60290.500000,35.16,99.09,14.485715,PM2.5,18677
10.310000,10.510000,0.340000,0.450000,0.090000,95.669998,-0.840000,-1.230000,279.989990,53.459999,61212.949219,35.17,99.26,14.728572,PM2.5,18678
10.250000,10.450000,0.350000,0.460000,0.090000,95.360001,-1.020000,-1.140000,280.739990,52.110001,62028.121094,35.17,99.43,14.642858,PM2.5,18679
10.370000,10.580000,0.360000,0.500000,0.090000,93.970001,-0.450000,-0.920000,281.059998,52.139999,62397.851562,35.18,99.59,14.814285,PM2.5,18680
10.590000,10.820000,0.400000,0.560000,0.090000,93.169998,-0.200000,-1.130000,282.220001,51.450001,63697.609375,35.19,99.76,15.128572,PM2.5,18681
10.700000,10.960000,0.470000,0.640000,0.100000,90.739998,-0.700000,-1.370000,283.000000,52.430000,64817.699219,35.19,99.92,15.285714,PM2.5,18682
10.740000,11.030000,0.550000,0.740000,0.100000,88.489998,-0.400000,-1.390000,284.320007,51.980000,66666.109375,35.2,100.09,15.342856,PM2.5,18683
10.890000,11.190000,0.600000,0.800000,0.100000,87.750000,-0.370000,-1.170000,286.329987,48.020000,69179.273438,35.21,100.26,15.557143,PM2.5,18684
11.280000,11.620000,0.690000,0.810000,0.100000,87.050003,-0.860000,-0.780000,286.010010,48.340000,68750.843750,35.21,100.42,16.114285,PM2.5,18685
11.660000,12.030000,0.810000,0.940000,0.100000,87.750000,-0.900000,-0.200000,285.149994,50.560001,67690.453125,35.22,100.59,16.657143,PM2.5,18686
11.770000,12.170000,0.880000,0.730000,0.100000,90.519997,-1.280000,0.750000,285.010010,52.250000,67550.890625,35.22,100.76,16.814287,PM2.5,18687
11.970000,12.390000,0.990000,0.640000,0.100000,93.089996,-1.870000,1.410000,284.149994,55.360001,66701.078125,35.23,100.92,17.100000,PM2.5,18688
12.360000,12.810000,1.110000,0.580000,0.100000,94.230003,-1.820000,1.420000,282.130005,63.439999,65107.691406,35.23,101.09,17.657143,PM2.5,18689
12.720000,13.200000,1.270000,0.610000,0.110000,96.360001,-1.470000,0.650000,280.600006,69.989998,63985.960938,35.24,101.25,18.171429,PM2.5,18690
13.020000,13.530000,1.390000,0.620000,0.110000,97.449997,-0.670000,0.270000,279.769989,72.540001,63273.218750,35.24,101.42,18.600000,PM2.5,18691
13.500000,14.030000,1.570000,0.610000,0.110000,96.419998,0.240000,0.110000,279.140015,74.919998,62608.300781,35.25,101.59,19.285715,PM2.5,18692
13.660000,14.230000,1.820000,0.710000,0.130000,93.599998,-0.110000,0.320000,281.500000,72.059998,65293.878906,35.25,101.75,19.514286,PM2.5,18693
14.170000,14.750000,2.020000,0.780000,0.130000,93.629997,-0.850000,0.990000,283.160004,68.470001,67327.367188,35.26,101.92,20.242857,PM2.5,18694
14.980000,15.600000,2.250000,0.740000,0.140000,94.550003,-0.830000,1.410000,280.630005,78.089996,65083.750000,35.26,102.09,21.400000,PM2.5,18695
15.390000,17.350000,2.370000,1.120000,0.170000,92.650002,-0.470000,0.910000,280.890015,78.860001,65557.632812,35.26,102.25,21.985714,PM2.5,18696
4.560000,4.700000,0.200000,0.160000,0.100000,79.500000,-3.680000,0.830000,274.649994,75.309998,53284.210938,34.54,89.84,6.514286,PM2.5,18870
4.720000,4.860000,0.210000,0.160000,0.100000,79.419998,-2.890000,0.480000,275.299988,74.660004,53956.449219,34.56,90.0,6.742857,PM2.5,18871
4.980000,5.130000,0.220000,0.170000,0.100000,78.419998,-3.040000,0.660000,276.040009,73.750000,54667.878906,34.58,90.17,7.114286,PM2.5,18872
5.390000,5.550000,0.220000,0.170000,0.100000,78.750000,-3.490000,1.370000,276.190002,75.629997,55025.890625,34.6,90.33,7.700000,PM2.5,18873
5.900000,6.060000,0.220000,0.170000,0.100000,78.989998,-3.100000,2.050000,276.859985,74.150002,55717.949219,34.62,90.5,8.428572,PM2.5,18874
6.680000,6.850000,0.230000,0.160000,0.100000,79.989998,-2.890000,2.780000,277.549988,69.080002,56107.929688,34.63,90.66,9.542857,PM2.5,18875
6.980000,7.160000,0.240000,0.150000,0.100000,81.040001,-4.320000,3.380000,277.299988,64.320000,55411.558594,34.65,90.82,9.971429,PM2.5,18876
7.180000,7.350000,0.250000,0.150000,0.100000,81.720001,-6.060000,2.910000,275.959991,66.139999,54280.488281,34.67,90.99,10.257143,PM2.5,18877
7.320000,7.500000,0.260000,0.150000,0.100000,81.930000,-6.010000,1.890000,275.359985,68.290001,54043.359375,34.69,91.15,10.457143,PM2.5,18878
7.630000,7.810000,0.270000,0.160000,0.100000,82.269997,-5.160000,1.290000,276.149994,65.029999,54763.300781,34.71,91.31,10.900001,PM2.5,18879
8.010000,8.210000,0.290000,0.170000,0.100000,82.260002,-4.840000,1.340000,277.119995,61.130001,55624.140625,34.72,91.48,11.442858,PM2.5,18880
8.330000,8.540000,0.310000,0.170000,0.110000,82.510002,-4.680000,1.680000,277.630005,58.070000,56070.679688,34.74,91.64,11.900000,PM2.5,18881
8.610000,8.830000,0.320000,0.180000,0.110000,82.790001,-4.640000,1.800000,277.809998,55.299999,56137.281250,34.76,91.81,12.299999,PM2.5,18882
8.840000,9.060000,0.340000,0.190000,0.110000,82.940002,-4.940000,1.500000,278.029999,52.619999,56254.859375,34.77,91.97,12.628572,PM2.5,18883
8.950000,9.180000,0.350000,0.200000,0.110000,83.000000,-5.200000,1.250000,278.170013,50.959999,56323.351562,34.79,92.14,12.785714,PM2.5,18884
9.060000,9.300000,0.360000,0.210000,0.110000,82.970001,-5.430000,1.080000,277.829987,50.790001,56031.078125,34.81,92.3,12.942858,PM2.5,18885
9.130000,9.360000,0.360000,0.230000,0.110000,82.389999,-5.560000,0.770000,277.839996,49.869999,56043.898438,34.82,92.46,13.042857,PM2.5,18886
9.220000,9.450000,0.350000,0.270000,0.110000,80.430000,-5.550000,0.620000,278.799988,47.480000,56938.089844,34.84,92.63,13.171429,PM2.5,18887
9.200000,9.430000,0.340000,0.310000,0.100000,79.239998,-5.500000,0.630000,279.609985,45.330002,57679.449219,34.85,92.79,13.142857,PM2.5,18888
9.200000,9.420000,0.320000,0.300000,0.100000,79.570000,-5.350000,1.030000,279.890015,43.770000,58011.859375,34.87,92.96,13.142857,PM2.5,18889
9.190000,9.410000,0.310000,0.290000,0.100000,80.239998,-5.200000,1.250000,280.359985,41.360001,58450.250000,34.88,93.12,13.128571,PM2.5,18890
9.210000,9.420000,0.290000,0.290000,0.100000,81.190002,-5.250000,1.310000,280.429993,39.849998,58532.601562,34.9,93.29,13.157143,PM2.5,18891
9.240000,9.440000,0.280000,0.280000,0.100000,82.110001,-5.330000,1.030000,280.279999,39.270000,58419.789062,34.91,93.45,13.200000,PM2.5,18892
9.310000,9.500000,0.250000,0.280000,0.100000,82.989998,-5.230000,0.730000,280.079987,39.240002,58221.429688,34.93,93.62,13.300000,PM2.5,18893
9.420000,9.600000,0.230000,0.280000,0.100000,83.919998,-5.320000,0.470000,279.470001,40.599998,57679.070312,34.94,93.78,13.457143,PM2.5,18894
9.500000,9.680000,0.210000,0.290000,0.100000,83.809998,-5.660000,0.500000,278.570007,42.680000,57081.750000,34.96,93.95,13.571428,PM2.5,18895
9.770000,9.940000,0.200000,0.300000,0.100000,83.290001,-5.290000,0.570000,278.380005,43.119999,57186.699219,34.97,94.11,13.957144,PM2.5,18896
10.110000,10.270000,0.190000,0.300000,0.100000,83.260002,-4.770000,0.160000,279.549988,40.290001,58268.199219,34.99,94.28,14.442857,PM2.5,18897
10.460000,10.610000,0.170000,0.280000,0.090000,84.500000,-4.880000,-0.060000,280.390015,37.860001,58932.429688,35.0,94.44,14.942857,PM2.5,18898
10.660000,10.810000,0.160000,0.260000,0.090000,85.379997,-5.040000,-0.150000,280.410004,37.139999,58931.730469,35.01,94.61,15.228571,PM2.5,18899
10.910000,11.040000,0.150000,0.250000,0.090000,86.129997,-5.020000,-0.490000,280.649994,36.160000,59109.390625,35.03,94.77,15.585714,PM2.5,18900
11.160000,11.290000,0.140000,0.240000,0.090000,86.730003,-5.170000,-0.840000,280.350006,36.049999,58814.800781,35.04,94.94,15.942857,PM2.5,18901
11.240000,11.370000,0.130000,0.230000,0.090000,87.300003,-5.170000,-0.740000,279.470001,37.759998,58148.039062,35.05,95.1,16.057142,PM2.5,18902
11.320000,11.450000,0.130000,0.240000,0.090000,87.370003,-4.760000,-0.380000,279.209991,37.939999,58070.800781,35.06,95.27,16.171429,PM2.5,18903
11.550000,11.670000,0.130000,0.250000,0.090000,88.059998,-4.530000,-0.440000,279.130005,37.910000,58054.390625,35.08,95.43,16.500000,PM2.5,18904
11.590000,11.710000,0.130000,0.260000,0.090000,88.760002,-4.450000,-0.660000,278.630005,38.820000,57721.519531,35.09,95.6,16.557142,PM2.5,18905
11.710000,11.840000,0.130000,0.270000,0.090000,89.470001,-3.890000,-0.680000,278.730011,39.060001,58011.121094,35.1,95.77,16.728571,PM2.5,18906
11.880000,12.000000,0.130000,0.290000,0.090000,90.800003,-3.350000,-0.530000,279.309998,38.189999,58629.328125,35.11,95.93,16.971428,PM2.5,18907
12.110000,12.230000,0.130000,0.320000,0.090000,91.959999,-3.190000,-0.440000,279.279999,38.189999,58711.101562,35.12,96.1,17.299999,PM2.5,18908
12.450000,12.570000,0.130000,0.330000,0.090000,92.970001,-2.720000,-0.610000,279.369995,37.680000,58947.871094,35.13,96.26,17.785713,PM2.5,18909
12.650000,12.770000,0.130000,0.350000,0.090000,93.739998,-2.220000,-0.560000,279.910004,36.290001,59514.718750,35.15,96.43,18.071428,PM2.5,18910
12.740000,12.860000,0.130000,0.360000,0.090000,94.430000,-2.130000,-0.400000,280.119995,34.950001,59552.031250,35.16,96.59,18.199999,PM2.5,18911
12.620000,12.740000,0.140000,0.360000,0.090000,95.169998,-2.220000,-0.490000,279.559998,35.799999,58952.031250,35.17,96.76,18.028572,PM2.5,18912
12.340000,12.460000,0.140000,0.370000,0.090000,96.199997,-2.180000,-0.690000,279.079987,36.950001,58587.929688,35.18,96.93,17.628572,PM2.5,18913
12.130000,12.250000,0.150000,0.380000,0.090000,97.070000,-1.940000,-0.760000,278.890015,37.349998,58468.589844,35.19,97.09,17.328571,PM2.5,18914
12.060000,12.180000,0.150000,0.400000,0.090000,97.879997,-1.950000,-0.680000,278.730011,37.759998,58421.570312,35.2,97.26,17.228573,PM2.5,18915
11.980000,12.100000,0.160000,0.420000,0.090000,98.330002,-2.030000,-0.720000,278.989990,37.330002,58784.828125,35.21,97.42,17.114285,PM2.5,18916
11.920000,12.040000,0.170000,0.450000,0.090000,98.769997,-1.940000,-1.020000,278.809998,37.779999,58671.921875,35.22,97.59,17.028572,PM2.5,18917
11.900000,12.030000,0.180000,0.460000,0.090000,99.440002,-2.000000,-1.240000,278.660004,39.009998,58592.910156,35.23,97.76,17.000000,PM2.5,18918
11.890000,12.020000,0.190000,0.470000,0.090000,99.900002,-1.970000,-1.400000,278.540009,40.430000,58654.328125,35.24,97.92,16.985714,PM2.5,18919
12.130000,12.260000,0.200000,0.470000,0.090000,100.519997,-1.540000,-1.470000,278.299988,43.250000,58708.488281,35.24,98.09,17.328571,PM2.5,18920
12.290000,12.430000,0.230000,0.480000,0.090000,101.889999,-1.030000,-1.590000,279.410004,44.220001,59929.550781,35.25,98.25,17.557142,PM2.5,18921
12.010000,12.160000,0.250000,0.470000,0.090000,103.019997,-1.690000,-1.430000,280.339996,44.270000,60823.140625,35.26,98.42,17.157143,PM2.5,18922
11.750000,11.920000,0.280000,0.510000,0.090000,99.660004,-1.900000,-0.870000,279.859985,49.130001,60954.750000,35.27,98.59,16.785715,PM2.5,18923
11.040000,11.210000,0.290000,0.580000,0.090000,98.580002,-0.920000,-0.870000,280.329987,46.990002,61428.941406,35.28,98.75,15.771428,PM2.5,18924
10.570000,10.740000,0.310000,0.550000,0.090000,98.599998,-1.110000,-0.340000,280.450012,47.970001,61413.949219,35.29,98.92,15.099999,PM2.5,18925
10.370000,10.560000,0.330000,0.520000,0.090000,97.639999,-1.220000,-0.410000,279.410004,52.500000,60649.519531,35.29,99.08,14.814285,PM2.5,18926
10.260000,10.460000,0.350000,0.500000,0.090000,97.660004,-1.000000,-0.770000,279.329987,54.520000,60604.878906,35.3,99.25,14.657144,PM2.5,18927
10.290000,10.500000,0.370000,0.500000,0.090000,97.449997,-1.020000,-0.820000,279.799988,54.349998,61056.261719,35.31,99.42,14.700000,PM2.5,18928
10.540000,10.750000,0.390000,0.500000,0.090000,97.169998,-0.730000,-0.890000,280.079987,54.790001,61323.179688,35.32,99.58,15.057143,PM2.5,18929
10.770000,11.020000,0.450000,0.630000,0.090000,94.580002,-1.300000,-1.160000,281.679993,54.200001,63164.800781,35.32,99.75,15.385715,PM2.5,18930
10.670000,10.950000,0.570000,0.780000,0.100000,91.949997,-1.340000,-1.870000,284.049988,52.590000,66309.546875,35.33,99.92,15.242857,PM2.5,18931
10.790000,11.120000,0.680000,0.950000,0.100000,90.160004,-0.640000,-1.810000,286.029999,49.480000,68967.703125,35.34,100.08,15.414286,PM2.5,18932
11.130000,11.460000,0.690000,0.860000,0.100000,91.610001,-1.430000,-0.990000,286.440002,47.840000,69212.703125,35.34,100.25,15.900001,PM2.5,18933
11.470000,11.810000,0.720000,0.820000,0.100000,91.230003,-1.590000,-0.590000,284.350006,52.060001,66832.226562,35.35,100.42,16.385715,PM2.5,18934
11.730000,12.100000,0.800000,0.840000,0.100000,90.910004,-0.600000,-0.510000,283.269989,55.570000,65838.562500,35.35,100.58,16.757143,PM2.5,18935
11.820000,12.220000,0.900000,0.790000,0.100000,91.040001,-0.530000,0.040000,284.339996,54.169998,67093.976562,35.36,100.75,16.885714,PM2.5,18936
11.930000,12.370000,1.030000,0.670000,0.100000,93.029999,-1.430000,0.750000,285.149994,53.070000,68007.062500,35.36,100.92,17.042858,PM2.5,18937
12.120000,12.580000,1.120000,0.590000,0.100000,94.900002,-2.130000,1.470000,283.549988,57.639999,66500.476562,35.37,101.08,17.314285,PM2.5,18938
12.480000,12.950000,1.220000,0.580000,0.110000,96.589996,-1.950000,1.120000,280.609985,67.209999,63952.320312,35.37,101.25,17.828571,PM2.5,18939
12.930000,13.420000,1.320000,0.580000,0.110000,96.930000,-0.700000,0.630000,278.700012,73.120003,62416.601562,35.38,101.42,18.471430,PM2.5,18940
13.420000,13.940000,1.520000,0.570000,0.120000,96.209999,0.260000,0.290000,278.309998,75.680000,61956.058594,35.38,101.58,19.171429,PM2.5,18941
13.600000,14.150000,1.800000,0.690000,0.140000,93.800003,0.100000,-0.040000,280.630005,74.190002,64613.601562,35.39,101.75,19.428572,PM2.5,18942
14.150000,14.700000,1.980000,0.840000,0.150000,92.760002,-0.260000,0.780000,282.869995,69.279999,67252.046875,35.39,101.92,20.214285,PM2.5,18943
14.850000,15.440000,2.220000,0.860000,0.160000,92.589996,-0.530000,1.870000,281.600006,73.750000,66096.218750,35.4,102.08,21.214287,PM2.5,18944
15.300000,16.910000,2.340000,1.180000,0.180000,91.459999,-0.590000,1.950000,281.260010,76.019997,65988.617188,35.4,102.25,21.857143,PM2.5,18945
4.840000,4.970000,0.200000,0.160000,0.100000,78.190002,-3.960000,1.350000,275.160004,75.279999,53990.371094,34.67,89.82,6.914286,PM2.5,19115
5.150000,5.290000,0.200000,0.160000,0.100000,77.800003,-3.360000,1.160000,276.089996,73.910004,54911.058594,34.69,89.98,7.357143,PM2.5,19116
5.530000,5.680000,0.210000,0.170000,0.100000,77.750000,-3.560000,0.960000,276.899994,72.470001,55660.511719,34.71,90.15,7.900000,PM2.5,19117
6.010000,6.170000,0.210000,0.160000,0.100000,78.309998,-3.800000,1.670000,277.269989,71.269997,55983.648438,34.73,90.31,8.585714,PM2.5,19118
6.730000,6.890000,0.220000,0.160000,0.100000,79.470001,-3.760000,2.330000,277.589996,68.330002,56176.789062,34.75,90.47,9.614285,PM2.5,19119
7.150000,7.320000,0.230000,0.150000,0.100000,81.209999,-3.650000,2.600000,277.850006,63.180000,55964.960938,34.77,90.64,10.214286,PM2.5,19120
7.250000,7.420000,0.240000,0.140000,0.100000,81.370003,-4.470000,2.670000,277.470001,61.270000,55335.449219,34.79,90.8,10.357142,PM2.5,19121
7.370000,7.540000,0.250000,0.140000,0.100000,82.029999,-5.890000,2.630000,276.049988,64.639999,54302.828125,34.8,90.97,10.528571,PM2.5,19122
7.490000,7.670000,0.260000,0.140000,0.100000,82.220001,-6.280000,2.330000,274.899994,68.650002,53624.871094,34.82,91.13,10.700000,PM2.5,19123
7.890000,8.080000,0.280000,0.150000,0.100000,82.260002,-5.440000,1.590000,275.269989,67.339996,54136.589844,34.84,91.29,11.271428,PM2.5,19124
8.290000,8.500000,0.290000,0.160000,0.100000,82.339996,-4.570000,1.410000,276.619995,62.009998,55234.480469,34.86,91.46,11.842857,PM2.5,19125
8.620000,8.830000,0.310000,0.170000,0.110000,82.459999,-4.250000,1.570000,277.790009,56.369999,56056.390625,34.87,91.62,12.314285,PM2.5,19126
8.850000,9.060000,0.320000,0.170000,0.110000,82.570000,-4.560000,1.670000,278.100006,53.049999,56174.199219,34.89,91.79,12.642858,PM2.5,19127
8.980000,9.210000,0.340000,0.180000,0.110000,82.720001,-5.010000,1.790000,277.529999,52.759998,55724.488281,34.91,91.95,12.828570,PM2.5,19128
9.080000,9.310000,0.350000,0.200000,0.110000,82.489998,-5.110000,1.900000,277.260010,52.090000,55501.199219,34.92,92.12,12.971429,PM2.5,19129
9.050000,9.280000,0.350000,0.200000,0.110000,82.440002,-5.330000,1.690000,277.149994,51.439999,55410.550781,34.94,92.28,12.928572,PM2.5,19130
9.160000,9.400000,0.340000,0.220000,0.110000,82.709999,-5.530000,1.340000,277.399994,50.270000,55776.410156,34.96,92.45,13.085714,PM2.5,19131
9.320000,9.550000,0.330000,0.250000,0.100000,81.419998,-5.490000,0.950000,278.730011,46.400002,56977.730469,34.97,92.61,13.314285,PM2.5,19132
9.280000,9.510000,0.320000,0.280000,0.100000,80.800003,-5.340000,0.610000,279.630005,43.470001,57818.250000,34.99,92.77,13.257142,PM2.5,19133
9.280000,9.500000,0.300000,0.280000,0.100000,81.029999,-5.180000,0.570000,279.769989,41.950001,57988.410156,35.0,92.94,13.257142,PM2.5,19134
9.320000,9.530000,0.280000,0.280000,0.100000,81.400002,-5.020000,0.480000,279.720001,40.849998,57958.191406,35.02,93.1,13.314285,PM2.5,19135
9.380000,9.580000,0.260000,0.260000,0.100000,82.690002,-5.080000,0.570000,279.510010,40.450001,57729.578125,35.03,93.27,13.400001,PM2.5,19136
9.410000,9.600000,0.240000,0.260000,0.100000,83.459999,-5.360000,0.610000,279.200012,40.680000,57515.601562,35.05,93.43,13.442857,PM2.5,19137
9.440000,9.620000,0.220000,0.270000,0.100000,83.940002,-5.460000,0.470000,278.899994,41.470001,57380.660156,35.06,93.6,13.485714,PM2.5,19138
9.620000,9.800000,0.210000,0.300000,0.100000,83.809998,-5.450000,0.260000,278.859985,41.919998,57531.191406,35.08,93.77,13.742857,PM2.5,19139
9.840000,10.000000,0.200000,0.320000,0.100000,83.550003,-5.290000,0.420000,279.390015,40.599998,58157.160156,35.09,93.93,14.057143,PM2.5,19140
10.110000,10.270000,0.190000,0.310000,0.100000,84.379997,-5.100000,0.600000,279.970001,38.810001,58769.179688,35.11,94.1,14.442857,PM2.5,19141
10.280000,10.440000,0.180000,0.280000,0.090000,85.529999,-4.940000,0.090000,280.500000,37.029999,59271.980469,35.12,94.26,14.685714,PM2.5,19142
10.480000,10.640000,0.170000,0.260000,0.090000,86.739998,-4.980000,-0.420000,280.779999,35.910000,59361.039062,35.13,94.43,14.971428,PM2.5,19143
10.650000,10.800000,0.160000,0.240000,0.090000,87.889999,-5.180000,-0.660000,280.260010,36.500000,58824.691406,35.15,94.59,15.214285,PM2.5,19144
10.750000,10.900000,0.150000,0.230000,0.090000,88.199997,-5.150000,-0.920000,279.700012,37.000000,58405.351562,35.16,94.76,15.357142,PM2.5,19145
10.790000,10.930000,0.140000,0.230000,0.090000,88.160004,-4.970000,-1.130000,279.350006,37.419998,58228.859375,35.17,94.92,15.414286,PM2.5,19146
10.770000,10.900000,0.140000,0.240000,0.090000,88.230003,-4.700000,-0.950000,279.239990,37.419998,58294.589844,35.19,95.09,15.385715,PM2.5,19147
11.010000,11.140000,0.130000,0.240000,0.090000,88.739998,-4.410000,-1.070000,279.339996,37.029999,58483.199219,35.2,95.25,15.728572,PM2.5,19148
11.210000,11.330000,0.130000,0.250000,0.090000,89.169998,-4.190000,-1.120000,279.040009,37.209999,58298.261719,35.21,95.42,16.014286,PM2.5,19149
11.420000,11.550000,0.130000,0.260000,0.090000,90.449997,-3.890000,-0.770000,278.779999,37.990002,58146.601562,35.22,95.59,16.314285,PM2.5,19150
11.700000,11.830000,0.130000,0.280000,0.090000,91.169998,-3.300000,-0.730000,279.290009,37.320000,58804.941406,35.24,95.75,16.714285,PM2.5,19151
11.860000,11.980000,0.130000,0.310000,0.090000,91.900002,-2.840000,-0.810000,279.779999,36.169998,59297.851562,35.25,95.92,16.942856,PM2.5,19152
11.890000,12.010000,0.130000,0.330000,0.090000,93.779999,-2.900000,-0.840000,279.269989,36.799999,58794.039062,35.26,96.08,16.985714,PM2.5,19153
12.100000,12.220000,0.130000,0.340000,0.090000,94.239998,-2.580000,-0.850000,279.059998,36.549999,58790.421875,35.27,96.25,17.285715,PM2.5,19154
12.200000,12.320000,0.140000,0.350000,0.090000,95.769997,-2.060000,-1.120000,279.600006,35.230000,59277.949219,35.28,96.41,17.428572,PM2.5,19155
12.150000,12.270000,0.140000,0.360000,0.090000,96.830002,-1.910000,-1.130000,279.260010,34.549999,58778.851562,35.29,96.58,17.357141,PM2.5,19156
11.920000,12.040000,0.140000,0.360000,0.090000,97.919998,-1.940000,-1.000000,278.390015,35.950001,57995.550781,35.3,96.75,17.028572,PM2.5,19157
11.920000,12.040000,0.140000,0.370000,0.090000,98.589996,-1.950000,-0.940000,278.230011,36.720001,57982.378906,35.31,96.91,17.028572,PM2.5,19158
11.870000,11.990000,0.150000,0.390000,0.090000,99.199997,-1.640000,-0.830000,278.339996,36.830002,58166.238281,35.32,97.08,16.957142,PM2.5,19159
11.880000,12.000000,0.150000,0.400000,0.090000,99.870003,-1.390000,-0.750000,278.760010,36.439999,58613.351562,35.33,97.25,16.971428,PM2.5,19160
11.840000,11.960000,0.160000,0.410000,0.090000,100.879997,-1.430000,-0.650000,279.160004,36.139999,59011.519531,35.34,97.41,16.914286,PM2.5,19161
11.840000,11.970000,0.170000,0.420000,0.090000,101.169998,-1.550000,-0.620000,278.329987,37.939999,58347.769531,35.35,97.58,16.914286,PM2.5,19162
11.880000,12.000000,0.180000,0.430000,0.090000,101.769997,-1.530000,-0.730000,278.489990,38.689999,58632.890625,35.36,97.74,16.971428,PM2.5,19163
11.910000,12.050000,0.190000,0.430000,0.090000,103.120003,-1.460000,-0.930000,279.049988,39.209999,59243.648438,35.37,97.91,17.014286,PM2.5,19164
12.200000,12.330000,0.200000,0.450000,0.090000,104.080002,-1.090000,-1.270000,278.250000,43.610001,58804.570312,35.38,98.08,17.428572,PM2.5,19165
12.510000,12.650000,0.220000,0.480000,0.090000,104.610001,-0.830000,-1.770000,278.859985,45.209999,59569.738281,35.39,98.24,17.871429,PM2.5,19166
12.280000,12.430000,0.240000,0.480000,0.090000,104.750000,-0.900000,-1.670000,279.339996,44.910000,60096.429688,35.4,98.41,17.542856,PM2.5,19167
11.850000,12.000000,0.260000,0.460000,0.090000,104.339996,-0.590000,-1.190000,278.880005,47.480000,59819.140625,35.41,98.58,16.928572,PM2.5,19168
11.260000,11.430000,0.290000,0.500000,0.090000,103.089996,-0.440000,-1.040000,279.209991,48.169998,60203.878906,35.41,98.74,16.085714,PM2.5,19169
10.680000,10.850000,0.310000,0.520000,0.090000,102.260002,-0.910000,-0.530000,279.350006,49.169998,60352.660156,35.42,98.91,15.257143,PM2.5,19170
10.300000,10.490000,0.330000,0.550000,0.090000,101.540001,-1.060000,-0.440000,278.700012,52.980000,59905.308594,35.43,99.08,14.714286,PM2.5,19171
10.170000,10.370000,0.360000,0.540000,0.090000,101.620003,-0.760000,-0.790000,278.380005,56.590000,59728.558594,35.44,99.24,14.528571,PM2.5,19172
10.260000,10.470000,0.380000,0.520000,0.090000,101.309998,-0.400000,-0.740000,278.609985,57.880001,60016.910156,35.44,99.41,14.657144,PM2.5,19173
10.480000,10.700000,0.410000,0.500000,0.090000,100.180000,-0.380000,-0.620000,278.660004,58.869999,59989.191406,35.45,99.58,14.971428,PM2.5,19174
10.810000,11.070000,0.500000,0.690000,0.090000,96.529999,-1.550000,-0.580000,280.190002,59.009998,61758.648438,35.46,99.74,15.442858,PM2.5,19175
10.730000,11.050000,0.640000,0.860000,0.100000,93.879997,-1.580000,-1.370000,284.070007,53.869999,66544.812500,35.46,99.91,15.328570,PM2.5,19176
10.870000,11.230000,0.740000,1.030000,0.100000,93.029999,-1.310000,-1.920000,286.549988,49.049999,69432.351562,35.47,100.08,15.528571,PM2.5,19177
11.150000,11.490000,0.720000,0.920000,0.100000,93.139999,-1.930000,-0.780000,284.880005,51.200001,67445.531250,35.48,100.24,15.928571,PM2.5,19178
11.510000,11.860000,0.730000,0.850000,0.100000,91.389999,-1.380000,0.390000,282.540009,56.090000,64948.218750,35.48,100.41,16.442858,PM2.5,19179
11.660000,12.030000,0.790000,0.870000,0.100000,90.820000,-0.480000,0.500000,282.779999,56.060001,65254.398438,35.49,100.58,16.657143,PM2.5,19180
11.750000,12.160000,0.900000,0.830000,0.100000,91.269997,-0.390000,0.290000,284.239990,53.939999,66996.742188,35.49,100.74,16.785715,PM2.5,19181
11.960000,12.420000,1.060000,0.730000,0.100000,93.010002,-0.950000,0.290000,284.940002,53.720001,68104.781250,35.5,100.91,17.085714,PM2.5,19182
12.030000,12.500000,1.130000,0.650000,0.100000,94.540001,-1.580000,1.120000,283.959991,55.720001,67053.820312,35.5,101.08,17.185715,PM2.5,19183
12.220000,12.700000,1.200000,0.620000,0.110000,96.070000,-1.900000,1.660000,282.000000,60.680000,65115.410156,35.51,101.24,17.457144,PM2.5,19184
12.760000,13.260000,1.300000,0.620000,0.110000,96.110001,-0.850000,1.490000,279.470001,68.559998,62805.250000,35.51,101.41,18.228571,PM2.5,19185
13.330000,13.860000,1.500000,0.620000,0.120000,95.610001,0.040000,0.640000,277.730011,74.629997,61105.390625,35.52,101.58,19.042856,PM2.5,19186
13.390000,13.950000,1.760000,0.740000,0.140000,93.699997,-0.200000,0.250000,279.799988,75.110001,63733.968750,35.52,101.74,19.128572,PM2.5,19187
13.560000,14.120000,1.940000,0.960000,0.160000,92.430000,-0.020000,0.430000,284.239990,63.270000,68671.171875,35.53,101.91,19.371429,PM2.5,19188
14.170000,14.780000,2.230000,1.170000,0.170000,91.339996,0.090000,1.390000,285.420013,60.380001,70092.953125,35.53,102.08,20.242857,PM2.5,19189
15.000000,16.180000,2.400000,1.350000,0.170000,90.860001,-0.740000,1.980000,283.170013,67.620003,67765.539062,35.53,102.24,21.428572,PM2.5,19190
15.810000,17.750000,2.590000,1.790000,0.180000,89.800003,-1.630000,1.600000,281.500000,75.309998,66510.507812,35.54,102.41,22.585714,PM2.5,19191
5.730000,5.870000,0.200000,0.150000,0.100000,77.070000,-4.220000,1.490000,276.269989,73.769997,55197.421875,34.83,89.96,8.185715,PM2.5,19361
6.160000,6.310000,0.200000,0.150000,0.100000,77.480003,-4.380000,1.430000,277.160004,70.089996,55856.238281,34.85,90.12,8.800000,PM2.5,19362
6.710000,6.870000,0.210000,0.150000,0.100000,78.379997,-4.340000,1.780000,277.670013,67.629997,56206.140625,34.87,90.29,9.585714,PM2.5,19363
7.210000,7.370000,0.220000,0.140000,0.100000,79.769997,-4.240000,2.070000,277.739990,64.910004,56129.230469,34.88,90.45,10.300000,PM2.5,19364
7.440000,7.600000,0.230000,0.140000,0.100000,80.610001,-4.070000,1.550000,277.799988,62.189999,55867.601562,34.9,90.61,10.628572,PM2.5,19365
7.590000,7.760000,0.240000,0.140000,0.100000,81.019997,-4.540000,1.300000,277.709991,60.720001,55720.410156,34.92,90.78,10.842857,PM2.5,19366
7.730000,7.910000,0.250000,0.140000,0.100000,82.129997,-5.580000,1.470000,276.630005,63.189999,54927.199219,34.94,90.94,11.042857,PM2.5,19367
7.930000,8.110000,0.270000,0.140000,0.100000,82.309998,-6.250000,1.610000,275.179993,68.150002,53991.289062,34.96,91.11,11.328571,PM2.5,19368
8.300000,8.490000,0.280000,0.140000,0.100000,82.540001,-5.750000,1.450000,275.339996,67.449997,54323.878906,34.97,91.27,11.857143,PM2.5,19369
8.680000,8.890000,0.300000,0.150000,0.100000,82.709999,-4.930000,1.110000,276.760010,61.369999,55447.449219,34.99,91.44,12.400001,PM2.5,19370
9.010000,9.220000,0.310000,0.150000,0.100000,82.699997,-4.740000,0.940000,278.350006,54.189999,56504.101562,35.01,91.6,12.871428,PM2.5,19371
9.230000,9.450000,0.320000,0.160000,0.110000,82.550003,-4.910000,0.840000,278.820007,50.689999,56723.140625,35.03,91.77,13.185714,PM2.5,19372
9.340000,9.560000,0.330000,0.170000,0.110000,82.830002,-4.960000,0.970000,278.070007,51.160000,56117.949219,35.04,91.93,13.342857,PM2.5,19373
9.400000,9.630000,0.330000,0.180000,0.100000,82.910004,-4.900000,0.790000,278.040009,49.889999,56104.750000,35.06,92.1,13.428571,PM2.5,19374
9.420000,9.640000,0.320000,0.190000,0.100000,82.779999,-5.300000,0.860000,278.619995,46.980000,56595.191406,35.08,92.26,13.457143,PM2.5,19375
9.420000,9.640000,0.320000,0.210000,0.100000,82.250000,-5.710000,1.190000,278.510010,46.290001,56698.820312,35.09,92.43,13.457143,PM2.5,19376
9.390000,9.610000,0.300000,0.220000,0.100000,82.480003,-5.840000,0.870000,278.470001,45.480000,56813.679688,35.11,92.59,13.414287,PM2.5,19377
9.360000,9.570000,0.290000,0.240000,0.100000,82.580002,-5.690000,0.530000,278.700012,43.970001,57122.820312,35.12,92.76,13.371428,PM2.5,19378
9.350000,9.550000,0.270000,0.260000,0.100000,82.989998,-5.430000,0.070000,278.779999,43.000000,57260.500000,35.14,92.92,13.357143,PM2.5,19379
9.410000,9.600000,0.250000,0.290000,0.100000,82.489998,-5.240000,-0.150000,278.869995,42.160000,57451.328125,35.15,93.09,13.442857,PM2.5,19380
9.560000,9.740000,0.230000,0.280000,0.100000,82.120003,-5.120000,-0.150000,279.290009,41.009998,57885.960938,35.17,93.25,13.657144,PM2.5,19381
9.670000,9.840000,0.210000,0.290000,0.100000,82.570000,-5.250000,0.010000,279.609985,40.139999,58229.468750,35.18,93.42,13.814286,PM2.5,19382
9.710000,9.880000,0.200000,0.300000,0.100000,83.529999,-5.320000,0.210000,279.739990,39.820000,58456.570312,35.2,93.58,13.871428,PM2.5,19383
9.720000,9.890000,0.200000,0.320000,0.100000,84.739998,-5.130000,0.540000,279.980011,38.980000,58842.339844,35.21,93.75,13.885715,PM2.5,19384
9.740000,9.900000,0.190000,0.320000,0.090000,86.389999,-4.850000,0.490000,280.440002,37.110001,59351.949219,35.23,93.91,13.914286,PM2.5,19385
9.830000,9.990000,0.190000,0.290000,0.090000,88.029999,-5.040000,-0.010000,280.799988,35.220001,59576.171875,35.24,94.08,14.042857,PM2.5,19386
10.050000,10.200000,0.180000,0.270000,0.090000,89.239998,-5.280000,-0.670000,280.269989,35.330002,59027.328125,35.26,94.24,14.357143,PM2.5,19387
10.310000,10.470000,0.180000,0.260000,0.090000,90.169998,-5.280000,-1.340000,279.500000,36.700001,58351.449219,35.27,94.41,14.728572,PM2.5,19388
10.500000,10.650000,0.170000,0.250000,0.090000,89.620003,-5.040000,-1.520000,278.920013,37.459999,57955.808594,35.28,94.58,15.000000,PM2.5,19389
10.490000,10.640000,0.160000,0.250000,0.090000,89.959999,-4.700000,-1.220000,278.750000,37.779999,57845.980469,35.3,94.74,14.985714,PM2.5,19390
10.430000,10.580000,0.150000,0.250000,0.090000,89.500000,-4.410000,-1.210000,279.019989,36.779999,58205.109375,35.31,94.91,14.900001,PM2.5,19391
10.450000,10.580000,0.140000,0.250000,0.090000,89.910004,-4.320000,-1.010000,278.929993,36.660000,58180.621094,35.32,95.07,14.928571,PM2.5,19392
10.480000,10.610000,0.140000,0.250000,0.090000,90.709999,-4.100000,-1.120000,278.649994,37.240002,58119.679688,35.33,95.24,14.971428,PM2.5,19393
10.810000,10.940000,0.140000,0.260000,0.090000,91.680000,-3.410000,-1.260000,278.859985,37.349998,58484.570312,35.35,95.4,15.442858,PM2.5,19394
11.130000,11.260000,0.140000,0.270000,0.090000,93.290001,-3.060000,-1.040000,279.059998,37.509998,58712.769531,35.36,95.57,15.900001,PM2.5,19395
11.400000,11.520000,0.140000,0.290000,0.090000,94.089996,-2.680000,-1.050000,279.480011,36.990002,59255.359375,35.37,95.74,16.285713,PM2.5,19396
11.500000,11.630000,0.140000,0.310000,0.090000,94.330002,-2.360000,-1.020000,279.910004,36.560001,59759.570312,35.38,95.9,16.428572,PM2.5,19397
11.380000,11.500000,0.140000,0.340000,0.090000,95.610001,-2.390000,-1.020000,279.670013,36.540001,59527.000000,35.39,96.07,16.257143,PM2.5,19398
11.420000,11.540000,0.140000,0.350000,0.090000,97.190002,-2.490000,-1.150000,279.429993,36.419998,59387.589844,35.41,96.24,16.314285,PM2.5,19399
11.610000,11.740000,0.140000,0.360000,0.090000,97.580002,-2.300000,-1.360000,279.320007,35.700001,59348.488281,35.42,96.4,16.585714,PM2.5,19400
11.500000,11.620000,0.140000,0.370000,0.090000,99.089996,-1.700000,-1.350000,278.690002,35.389999,58578.429688,35.43,96.57,16.428572,PM2.5,19401
11.430000,11.550000,0.150000,0.370000,0.090000,100.949997,-1.290000,-1.130000,278.070007,36.160000,57941.949219,35.44,96.73,16.328571,PM2.5,19402
11.650000,11.770000,0.150000,0.380000,0.090000,101.900002,-1.410000,-0.850000,278.679993,35.959999,58528.781250,35.45,96.9,16.642857,PM2.5,19403
11.710000,11.840000,0.150000,0.410000,0.090000,102.410004,-1.410000,-0.860000,279.649994,35.119999,59559.019531,35.46,97.07,16.728571,PM2.5,19404
11.720000,11.850000,0.160000,0.430000,0.090000,102.769997,-1.230000,-0.830000,279.989990,35.540001,60048.699219,35.47,97.23,16.742857,PM2.5,19405
11.760000,11.890000,0.160000,0.440000,0.090000,103.769997,-1.100000,-0.680000,279.250000,36.869999,59414.101562,35.48,97.4,16.800001,PM2.5,19406
11.930000,12.060000,0.170000,0.450000,0.090000,104.349998,-0.890000,-0.350000,278.690002,38.400002,58945.218750,35.49,97.57,17.042858,PM2.5,19407
12.190000,12.320000,0.180000,0.470000,0.090000,104.949997,-0.820000,-0.450000,279.929993,37.060001,60243.460938,35.5,97.73,17.414286,PM2.5,19408
12.120000,12.260000,0.200000,0.480000,0.090000,105.220001,-1.060000,-0.610000,280.679993,37.060001,61096.750000,35.51,97.9,17.314285,PM2.5,19409
12.580000,12.720000,0.210000,0.510000,0.090000,105.809998,-0.980000,-0.530000,279.570007,40.060001,60163.281250,35.52,98.07,17.971428,PM2.5,19410
12.890000,13.030000,0.230000,0.510000,0.090000,106.800003,-0.380000,-0.830000,278.799988,43.080002,59596.539062,35.52,98.23,18.414286,PM2.5,19411
12.710000,12.850000,0.240000,0.490000,0.090000,107.480003,-0.110000,-0.870000,279.200012,43.230000,60012.890625,35.53,98.4,18.157143,PM2.5,19412
12.150000,12.310000,0.260000,0.460000,0.090000,107.199997,0.180000,-0.890000,278.980011,44.869999,59906.308594,35.54,98.57,17.357141,PM2.5,19413
11.490000,11.660000,0.280000,0.470000,0.090000,106.190002,0.370000,-0.830000,278.720001,46.650002,59661.070312,35.55,98.73,16.414286,PM2.5,19414
10.820000,10.990000,0.310000,0.460000,0.090000,105.269997,-0.220000,-0.380000,279.140015,46.919998,60047.609375,35.56,98.9,15.457143,PM2.5,19415
10.250000,10.440000,0.330000,0.420000,0.090000,105.239998,-0.820000,-0.070000,278.920013,49.820000,59922.421875,35.57,99.07,14.642858,PM2.5,19416
9.940000,10.130000,0.350000,0.410000,0.090000,105.019997,-0.560000,-0.500000,277.519989,56.689999,58892.738281,35.57,99.23,14.200000,PM2.5,19417
10.280000,10.490000,0.390000,0.430000,0.090000,104.470001,0.330000,-0.570000,277.660004,59.330002,59142.660156,35.58,99.4,14.685714,PM2.5,19418
10.470000,10.710000,0.460000,0.560000,0.090000,102.389999,-0.060000,-0.500000,279.829987,56.459999,61138.671875,35.59,99.57,14.957143,PM2.5,19419
10.690000,10.980000,0.590000,0.750000,0.100000,98.169998,-1.520000,-0.320000,281.899994,55.919998,63643.058594,35.59,99.73,15.271428,PM2.5,19420
10.830000,11.180000,0.710000,0.890000,0.100000,95.660004,-1.680000,-0.790000,284.040009,54.919998,66552.812500,35.6,99.9,15.471429,PM2.5,19421
10.890000,11.260000,0.780000,1.020000,0.100000,94.510002,-1.830000,-2.030000,285.220001,53.529999,68054.789062,35.61,100.07,15.557143,PM2.5,19422
11.020000,11.390000,0.790000,0.990000,0.100000,93.410004,-1.820000,-1.320000,284.809998,54.490002,67897.882812,35.61,100.23,15.742858,PM2.5,19423
11.180000,11.550000,0.800000,0.940000,0.100000,90.989998,-0.880000,-0.080000,284.880005,52.419998,67721.007812,35.62,100.4,15.971429,PM2.5,19424
11.340000,11.730000,0.840000,0.930000,0.100000,89.400002,-0.350000,0.320000,285.320007,50.599998,68022.367188,35.62,100.57,16.200001,PM2.5,19425
11.660000,12.090000,0.940000,0.860000,0.100000,90.360001,-0.830000,0.530000,285.320007,51.580002,68270.562500,35.63,100.74,16.657143,PM2.5,19426
11.990000,12.460000,1.080000,0.780000,0.100000,91.760002,-1.200000,0.560000,284.589996,53.689999,67813.070312,35.64,100.9,17.128571,PM2.5,19427
12.180000,12.670000,1.160000,0.740000,0.110000,92.699997,-0.920000,0.870000,283.079987,57.910000,66372.281250,35.64,101.07,17.400000,PM2.5,19428
12.200000,12.720000,1.240000,0.700000,0.110000,94.029999,-1.340000,1.420000,282.910004,58.290001,66099.023438,35.65,101.24,17.428572,PM2.5,19429
12.380000,12.930000,1.370000,0.700000,0.110000,94.019997,-1.400000,1.440000,282.910004,58.459999,66057.507812,35.65,101.4,17.685715,PM2.5,19430
12.940000,13.520000,1.550000,0.710000,0.120000,93.879997,-1.000000,0.920000,281.369995,64.040001,64713.250000,35.65,101.57,18.485714,PM2.5,19431
13.220000,13.850000,1.790000,0.880000,0.140000,91.919998,-1.140000,0.680000,281.980011,66.379997,65987.070312,35.66,101.74,18.885715,PM2.5,19432
13.210000,13.850000,2.000000,1.120000,0.150000,91.879997,-1.110000,-0.120000,285.799988,57.680000,70507.273438,35.66,101.91,18.871429,PM2.5,19433
13.760000,14.460000,2.320000,1.530000,0.160000,91.620003,-1.000000,-0.130000,287.799988,53.470001,72978.851562,35.67,102.07,19.657143,PM2.5,19434
14.510000,15.290000,2.550000,1.550000,0.150000,89.989998,-1.750000,0.720000,285.359985,59.840000,70055.882812,35.67,102.24,20.728571,PM2.5,19435
15.090000,16.020000,2.790000,1.810000,0.140000,88.940002,-2.730000,0.770000,284.130005,64.839996,68976.390625,35.67,102.41,21.557142,PM2.5,19436
16.000000,19.430000,2.860000,2.760000,0.220000,87.550003,-2.960000,0.570000,284.910004,63.439999,69934.046875,35.68,102.57,22.857143,PM2.5,19437
5.340000,5.460000,0.180000,0.140000,0.100000,78.199997,-4.930000,2.680000,274.070007,79.250000,53267.398438,34.92,89.61,7.628572,PM2.5,19602
5.540000,5.670000,0.190000,0.150000,0.100000,77.610001,-4.420000,2.290000,275.239990,76.800003,54370.449219,34.94,89.77,7.914286,PM2.5,19603
5.980000,6.130000,0.190000,0.140000,0.100000,78.110001,-4.920000,2.130000,276.369995,72.639999,55328.210938,34.96,89.93,8.542857,PM2.5,19604
6.420000,6.570000,0.200000,0.140000,0.100000,79.050003,-4.940000,1.910000,276.940002,70.300003,55759.468750,34.98,90.1,9.171429,PM2.5,19605
7.050000,7.200000,0.210000,0.140000,0.100000,80.180000,-4.750000,1.750000,277.619995,66.400002,56206.679688,35.0,90.26,10.071429,PM2.5,19606
7.450000,7.610000,0.220000,0.130000,0.100000,81.309998,-4.770000,1.400000,278.000000,62.740002,56326.578125,35.02,90.43,10.642857,PM2.5,19607
7.720000,7.880000,0.230000,0.130000,0.100000,81.440002,-4.810000,0.570000,278.079987,61.169998,56367.429688,35.04,90.59,11.028571,PM2.5,19608
7.890000,8.060000,0.250000,0.130000,0.100000,82.260002,-5.150000,0.300000,277.809998,61.369999,56227.769531,35.06,90.76,11.271428,PM2.5,19609
8.080000,8.260000,0.260000,0.130000,0.100000,82.730003,-5.870000,0.150000,276.779999,64.300003,55557.738281,35.07,90.92,11.542857,PM2.5,19610
8.320000,8.500000,0.270000,0.130000,0.100000,82.839996,-5.990000,0.380000,275.799988,67.559998,55007.871094,35.09,91.09,11.885714,PM2.5,19611
8.740000,8.940000,0.290000,0.140000,0.100000,83.309998,-5.500000,0.650000,276.339996,64.650002,55494.039062,35.11,91.25,12.485714,PM2.5,19612
9.060000,9.260000,0.300000,0.140000,0.100000,83.639999,-5.430000,0.620000,277.429993,58.740002,56211.199219,35.13,91.42,12.942858,PM2.5,19613
9.300000,9.510000,0.300000,0.140000,0.100000,84.019997,-5.610000,0.190000,278.059998,54.360001,56427.960938,35.14,91.58,13.285714,PM2.5,19614
9.490000,9.700000,0.310000,0.150000,0.100000,83.940002,-5.600000,-0.210000,278.480011,51.720001,56575.250000,35.16,91.75,13.557142,PM2.5,19615
9.530000,9.730000,0.300000,0.150000,0.100000,83.949997,-6.090000,-0.240000,278.779999,51.029999,56840.941406,35.18,91.91,13.614285,PM2.5,19616
9.650000,9.830000,0.270000,0.170000,0.100000,81.129997,-6.470000,-0.330000,278.470001,53.599998,57000.191406,35.19,92.08,13.785714,PM2.5,19617
9.570000,9.770000,0.280000,0.180000,0.100000,82.599998,-5.880000,-0.300000,278.720001,49.340000,57100.699219,35.21,92.24,13.671428,PM2.5,19618
9.510000,9.710000,0.290000,0.190000,0.100000,83.139999,-5.450000,0.310000,278.769989,44.560001,57027.031250,35.23,92.41,13.585714,PM2.5,19619
9.440000,9.640000,0.270000,0.210000,0.100000,83.580002,-5.470000,0.520000,278.559998,44.430000,56940.140625,35.24,92.57,13.485714,PM2.5,19620
9.370000,9.560000,0.260000,0.240000,0.100000,83.739998,-5.660000,0.590000,278.440002,43.220001,56990.558594,35.26,92.74,13.385715,PM2.5,19621
9.320000,9.510000,0.240000,0.280000,0.100000,83.209999,-5.590000,0.210000,278.239990,43.119999,57053.160156,35.27,92.9,13.314285,PM2.5,19622
9.370000,9.550000,0.220000,0.330000,0.100000,83.279999,-5.100000,0.020000,278.709991,41.959999,57637.000000,35.29,93.07,13.385715,PM2.5,19623
9.390000,9.560000,0.210000,0.340000,0.100000,84.720001,-4.970000,-0.020000,279.500000,40.240002,58466.441406,35.3,93.23,13.414287,PM2.5,19624
9.360000,9.530000,0.200000,0.340000,0.100000,86.720001,-5.130000,-0.030000,279.920013,39.139999,58956.199219,35.32,93.4,13.371428,PM2.5,19625
9.330000,9.490000,0.200000,0.350000,0.090000,90.129997,-4.910000,-0.090000,280.100006,38.299999,59263.011719,35.33,93.56,13.328571,PM2.5,19626
9.260000,9.420000,0.190000,0.350000,0.090000,91.089996,-4.750000,-0.040000,280.429993,36.570000,59412.621094,35.35,93.73,13.228572,PM2.5,19627
9.310000,9.470000,0.190000,0.320000,0.090000,92.050003,-5.160000,-0.490000,280.350006,35.119999,59226.171875,35.36,93.9,13.300000,PM2.5,19628
9.510000,9.660000,0.180000,0.280000,0.090000,93.480003,-5.510000,-0.920000,279.769989,34.759998,58608.800781,35.38,94.06,13.585714,PM2.5,19629
9.710000,9.860000,0.180000,0.260000,0.090000,93.879997,-5.380000,-1.320000,278.309998,37.580002,57370.820312,35.39,94.23,13.871428,PM2.5,19630
9.830000,9.990000,0.180000,0.260000,0.090000,93.309998,-4.960000,-1.670000,277.209991,40.549999,56688.539062,35.4,94.39,14.042857,PM2.5,19631
9.960000,10.120000,0.180000,0.270000,0.090000,91.250000,-4.550000,-1.900000,277.369995,39.939999,56977.968750,35.42,94.56,14.228572,PM2.5,19632
10.000000,10.160000,0.180000,0.270000,0.090000,92.199997,-4.340000,-1.700000,277.250000,39.790001,56806.851562,35.43,94.73,14.285714,PM2.5,19633
9.910000,10.070000,0.170000,0.270000,0.090000,92.510002,-4.020000,-1.560000,277.350006,39.310001,56930.550781,35.44,94.89,14.157143,PM2.5,19634
9.920000,10.060000,0.160000,0.270000,0.090000,92.650002,-3.830000,-1.170000,277.709991,38.439999,57274.789062,35.46,95.06,14.171429,PM2.5,19635
9.850000,9.990000,0.150000,0.270000,0.090000,93.570000,-3.740000,-1.030000,277.529999,38.869999,57254.019531,35.47,95.22,14.071429,PM2.5,19636
10.160000,10.300000,0.150000,0.280000,0.090000,95.669998,-3.150000,-1.250000,277.989990,38.669998,57803.468750,35.48,95.39,14.514285,PM2.5,19637
10.390000,10.520000,0.150000,0.290000,0.090000,97.730003,-2.800000,-1.160000,278.519989,38.110001,58332.429688,35.49,95.56,14.842857,PM2.5,19638
10.730000,10.860000,0.150000,0.320000,0.090000,97.879997,-2.420000,-1.000000,279.000000,37.259998,59009.089844,35.51,95.72,15.328570,PM2.5,19639
10.900000,11.030000,0.150000,0.340000,0.090000,97.430000,-1.900000,-0.800000,280.040009,35.970001,60253.621094,35.52,95.89,15.571428,PM2.5,19640
10.680000,10.800000,0.150000,0.360000,0.090000,100.129997,-2.170000,-0.870000,280.170013,35.110001,60190.699219,35.53,96.06,15.257143,PM2.5,19641
10.590000,10.710000,0.150000,0.360000,0.090000,101.220001,-2.410000,-1.490000,279.049988,36.270000,59145.781250,35.54,96.22,15.128572,PM2.5,19642
10.800000,10.920000,0.150000,0.370000,0.090000,101.669998,-1.950000,-1.530000,278.690002,37.119999,58893.949219,35.55,96.39,15.428572,PM2.5,19643
10.740000,10.860000,0.150000,0.370000,0.090000,103.639999,-1.270000,-1.570000,278.109985,37.419998,58247.679688,35.56,96.55,15.342856,PM2.5,19644
10.970000,11.090000,0.150000,0.380000,0.090000,105.059998,-0.410000,-1.410000,277.859985,37.759998,58008.128906,35.57,96.72,15.671429,PM2.5,19645
11.440000,11.560000,0.160000,0.420000,0.090000,107.080002,-0.450000,-0.950000,279.519989,35.840000,59587.460938,35.58,96.89,16.342857,PM2.5,19646
11.860000,11.990000,0.160000,0.470000,0.090000,105.639999,-0.970000,-0.760000,280.190002,35.150002,60539.761719,35.59,97.05,16.942856,PM2.5,19647
11.960000,12.100000,0.170000,0.500000,0.090000,105.820000,-1.070000,-1.290000,279.290009,36.490002,59692.500000,35.6,97.22,17.085714,PM2.5,19648
11.960000,12.090000,0.170000,0.510000,0.090000,105.870003,-0.750000,-1.170000,277.839996,38.770000,58293.660156,35.61,97.39,17.085714,PM2.5,19649
12.030000,12.160000,0.170000,0.500000,0.090000,107.309998,-0.260000,-0.960000,277.350006,40.570000,57856.480469,35.62,97.55,17.185715,PM2.5,19650
12.290000,12.420000,0.180000,0.510000,0.090000,108.430000,-0.180000,-1.190000,278.010010,40.060001,58524.019531,35.63,97.72,17.557142,PM2.5,19651
12.130000,12.260000,0.190000,0.490000,0.090000,108.940002,-0.250000,-1.200000,279.730011,38.110001,60227.570312,35.64,97.89,17.328571,PM2.5,19652
12.880000,13.020000,0.210000,0.560000,0.090000,108.739998,-0.060000,-0.440000,281.309998,36.459999,61889.500000,35.65,98.05,18.400000,PM2.5,19653
13.340000,13.490000,0.230000,0.530000,0.090000,109.269997,0.210000,-0.090000,281.779999,36.610001,62310.609375,35.66,98.22,19.057142,PM2.5,19654
13.090000,13.240000,0.250000,0.490000,0.090000,109.059998,0.240000,-0.090000,281.750000,37.580002,62402.480469,35.67,98.39,18.700001,PM2.5,19655
12.530000,12.690000,0.260000,0.450000,0.090000,108.910004,0.380000,-0.040000,280.390015,41.020000,61171.968750,35.68,98.56,17.900000,PM2.5,19656
11.830000,11.990000,0.280000,0.450000,0.090000,107.910004,0.750000,-0.300000,279.250000,44.720001,60172.808594,35.69,98.72,16.900000,PM2.5,19657
11.020000,11.190000,0.310000,0.440000,0.090000,107.540001,0.620000,-0.450000,280.040009,44.779999,60903.109375,35.69,98.89,15.742858,PM2.5,19658
10.320000,10.500000,0.330000,0.390000,0.090000,107.449997,-0.280000,0.170000,280.140015,44.830002,60879.339844,35.7,99.06,14.742857,PM2.5,19659
10.080000,10.270000,0.350000,0.390000,0.090000,106.430000,-0.220000,0.610000,277.679993,51.910000,58800.328125,35.71,99.22,14.400000,PM2.5,19660
10.220000,10.430000,0.390000,0.410000,0.090000,105.339996,0.740000,0.130000,276.940002,58.320000,58374.761719,35.72,99.39,14.600000,PM2.5,19661
10.340000,10.590000,0.490000,0.520000,0.090000,103.050003,-0.100000,-0.240000,280.790009,54.040001,62144.738281,35.72,99.56,14.771429,PM2.5,19662
10.560000,10.870000,0.610000,0.720000,0.100000,99.349998,-1.230000,-0.540000,283.450012,52.900002,65497.988281,35.73,99.73,15.085715,PM2.5,19663
10.930000,11.280000,0.720000,0.850000,0.100000,96.919998,-1.610000,-1.210000,283.369995,57.340000,65973.976562,35.74,99.89,15.614286,PM2.5,19664
11.030000,11.410000,0.810000,0.980000,0.100000,95.059998,-1.990000,-1.820000,283.760010,58.259998,66729.812500,35.74,100.06,15.757142,PM2.5,19665
11.000000,11.400000,0.870000,0.990000,0.100000,94.510002,-1.720000,-1.540000,285.329987,55.070000,68721.593750,35.75,100.23,15.714286,PM2.5,19666
10.950000,11.370000,0.940000,1.010000,0.100000,92.209999,-1.240000,-1.250000,286.660004,51.459999,70253.843750,35.75,100.39,15.642857,PM2.5,19667
11.100000,11.550000,1.000000,1.040000,0.100000,88.879997,-0.570000,-0.740000,286.809998,49.849998,70359.796875,35.76,100.56,15.857143,PM2.5,19668
11.550000,12.010000,1.040000,0.950000,0.100000,89.029999,-1.100000,0.470000,286.059998,50.790001,69333.437500,35.77,100.73,16.500000,PM2.5,19669
11.960000,12.460000,1.160000,0.870000,0.110000,90.389999,-1.530000,1.010000,285.170013,52.630001,68446.929688,35.77,100.9,17.085714,PM2.5,19670
12.160000,12.690000,1.230000,0.890000,0.110000,91.070000,-1.270000,0.740000,284.059998,56.189999,67376.570312,35.78,101.06,17.371428,PM2.5,19671
12.170000,12.760000,1.350000,0.980000,0.110000,91.040001,-1.720000,0.130000,284.320007,57.419998,67930.382812,35.78,101.23,17.385714,PM2.5,19672
12.000000,12.660000,1.490000,0.960000,0.110000,91.209999,-1.620000,0.070000,286.260010,52.320000,70218.976562,35.79,101.4,17.142857,PM2.5,19673
12.390000,13.100000,1.680000,0.910000,0.120000,92.459999,-1.570000,0.880000,285.390015,53.340000,69263.437500,35.79,101.57,17.700001,PM2.5,19674
13.150000,13.930000,1.920000,1.060000,0.130000,92.139999,-2.190000,0.900000,283.040009,62.779999,67320.812500,35.79,101.73,18.785713,PM2.5,19675
13.290000,14.130000,2.140000,1.320000,0.130000,92.430000,-2.290000,-0.210000,285.200012,59.119999,70081.710938,35.8,101.9,18.985714,PM2.5,19676
13.640000,14.560000,2.450000,1.920000,0.140000,93.000000,-2.060000,-0.540000,288.589996,51.389999,74183.343750,35.8,102.07,19.485714,PM2.5,19677
14.070000,15.050000,2.650000,2.100000,0.140000,90.529999,-2.530000,0.270000,288.690002,50.840000,74087.093750,35.81,102.24,20.100000,PM2.5,19678
14.390000,15.470000,2.830000,2.370000,0.140000,89.779999,-2.940000,0.440000,289.019989,50.340000,74566.429688,35.81,102.4,20.557144,PM2.5,19679
14.670000,17.410000,2.830000,3.100000,0.190000,89.820000,-2.620000,-0.010000,290.489990,47.610001,76525.742188,35.81,102.57,20.957144,PM2.5,19680
5.950000,6.080000,0.180000,0.140000,0.100000,78.639999,-4.980000,2.510000,276.200012,73.559998,55251.730469,35.08,89.75,8.500000,PM2.5,19846
6.280000,6.420000,0.190000,0.130000,0.100000,79.529999,-5.290000,2.610000,276.760010,71.309998,55717.058594,35.1,89.91,8.971429,PM2.5,19847
6.800000,6.950000,0.200000,0.130000,0.100000,80.779999,-5.340000,2.390000,276.940002,70.389999,55915.699219,35.12,90.08,9.714286,PM2.5,19848
7.450000,7.600000,0.210000,0.120000,0.100000,81.889999,-5.350000,1.880000,277.750000,65.339996,56438.929688,35.14,90.24,10.642857,PM2.5,19849
7.670000,7.830000,0.220000,0.120000,0.100000,82.279999,-5.600000,1.140000,278.209991,61.380001,56684.160156,35.15,90.41,10.957143,PM2.5,19850
7.820000,7.980000,0.240000,0.120000,0.100000,83.110001,-5.840000,0.580000,278.119995,60.720001,56758.238281,35.17,90.57,11.171429,PM2.5,19851
7.980000,8.150000,0.250000,0.120000,0.100000,83.550003,-6.330000,0.040000,277.589996,61.680000,56478.359375,35.19,90.73,11.400000,PM2.5,19852
8.150000,8.330000,0.260000,0.130000,0.100000,84.089996,-6.600000,-0.400000,276.670013,64.550003,55963.609375,35.21,90.9,11.642857,PM2.5,19853
8.440000,8.630000,0.270000,0.130000,0.100000,83.910004,-6.030000,-0.360000,276.359985,64.970001,55856.609375,35.23,91.06,12.057142,PM2.5,19854
8.820000,9.010000,0.280000,0.130000,0.100000,83.919998,-5.370000,0.220000,276.910004,61.470001,56249.269531,35.24,91.23,12.599999,PM2.5,19855
9.160000,9.360000,0.290000,0.130000,0.100000,84.269997,-5.530000,0.410000,277.309998,57.340000,56269.398438,35.26,91.39,13.085714,PM2.5,19856
9.380000,9.580000,0.290000,0.130000,0.100000,84.559998,-5.870000,0.310000,276.679993,57.430000,55593.589844,35.28,91.56,13.400001,PM2.5,19857
9.630000,9.830000,0.290000,0.140000,0.100000,84.570000,-5.750000,0.060000,276.790009,56.509998,55646.289062,35.3,91.72,13.757143,PM2.5,19858
9.720000,9.910000,0.270000,0.150000,0.100000,83.559998,-5.360000,0.160000,277.739990,55.189999,56534.558594,35.31,91.89,13.885715,PM2.5,19859
9.700000,9.900000,0.280000,0.160000,0.100000,83.190002,-5.270000,0.220000,277.910004,48.590000,56457.328125,35.33,92.06,13.857142,PM2.5,19860
9.710000,9.910000,0.270000,0.160000,0.100000,83.459999,-5.200000,0.060000,277.399994,49.779999,56066.398438,35.35,92.22,13.871428,PM2.5,19861
9.660000,9.850000,0.260000,0.180000,0.100000,84.160004,-4.910000,0.150000,277.829987,47.070000,56460.128906,35.36,92.39,13.800000,PM2.5,19862
9.590000,9.770000,0.250000,0.190000,0.100000,83.910004,-5.100000,0.540000,278.510010,43.840000,57033.390625,35.38,92.55,13.700000,PM2.5,19863
9.530000,9.710000,0.230000,0.210000,0.100000,84.459999,-5.540000,0.680000,278.179993,43.169998,56882.000000,35.39,92.72,13.614285,PM2.5,19864
9.420000,9.590000,0.220000,0.240000,0.100000,84.570000,-5.210000,0.510000,277.649994,44.070000,56724.500000,35.41,92.88,13.457143,PM2.5,19865
9.450000,9.620000,0.210000,0.290000,0.100000,86.599998,-4.260000,0.190000,278.709991,41.980000,57840.769531,35.42,93.05,13.500000,PM2.5,19866
9.300000,9.470000,0.200000,0.320000,0.090000,88.660004,-4.200000,0.090000,279.750000,39.020000,58914.488281,35.44,93.21,13.285714,PM2.5,19867
9.190000,9.360000,0.200000,0.330000,0.090000,90.430000,-4.970000,-0.030000,280.070007,37.090000,59174.589844,35.45,93.38,13.128571,PM2.5,19868
9.140000,9.300000,0.200000,0.340000,0.090000,93.239998,-5.360000,-1.070000,280.230011,35.619999,59269.570312,35.47,93.55,13.057143,PM2.5,19869
9.110000,9.270000,0.190000,0.350000,0.090000,94.029999,-5.510000,-1.720000,280.070007,35.720001,59036.031250,35.48,93.71,13.014285,PM2.5,19870
9.150000,9.310000,0.190000,0.360000,0.090000,94.940002,-5.440000,-1.770000,279.230011,36.369999,58320.511719,35.5,93.88,13.071428,PM2.5,19871
9.220000,9.380000,0.180000,0.330000,0.090000,95.599998,-5.290000,-1.350000,277.720001,38.430000,56923.218750,35.51,94.04,13.171429,PM2.5,19872
8.970000,9.120000,0.190000,0.300000,0.090000,95.989998,-5.170000,-1.420000,275.880005,42.869999,55685.230469,35.53,94.21,12.814286,PM2.5,19873
9.340000,9.510000,0.190000,0.300000,0.090000,95.300003,-4.680000,-1.560000,275.640015,44.470001,55865.859375,35.54,94.38,13.342857,PM2.5,19874
9.930000,10.100000,0.210000,0.310000,0.090000,95.639999,-4.270000,-1.980000,276.250000,42.970001,56587.980469,35.55,94.54,14.185715,PM2.5,19875
10.010000,10.190000,0.210000,0.320000,0.090000,96.699997,-3.890000,-1.960000,276.309998,42.150002,56598.238281,35.57,94.71,14.300000,PM2.5,19876
10.040000,10.210000,0.200000,0.320000,0.090000,97.370003,-3.190000,-1.610000,276.380005,41.900002,56604.250000,35.58,94.88,14.342857,PM2.5,19877
9.900000,10.060000,0.180000,0.310000,0.090000,96.339996,-3.020000,-1.160000,277.290009,39.900002,57254.398438,35.59,95.04,14.142857,PM2.5,19878
9.950000,10.100000,0.160000,0.300000,0.090000,96.589996,-3.050000,-0.960000,277.920013,38.509998,57928.171875,35.61,95.21,14.214286,PM2.5,19879
10.090000,10.230000,0.170000,0.310000,0.090000,97.940002,-2.460000,-1.310000,278.679993,37.689999,58721.679688,35.62,95.37,14.414286,PM2.5,19880
10.220000,10.370000,0.170000,0.320000,0.090000,100.160004,-2.080000,-1.420000,279.220001,37.490002,59273.941406,35.63,95.54,14.600000,PM2.5,19881
10.280000,10.410000,0.170000,0.340000,0.090000,101.989998,-1.980000,-1.250000,279.519989,37.150002,59705.449219,35.64,95.71,14.685714,PM2.5,19882
10.190000,10.330000,0.160000,0.350000,0.090000,103.570000,-1.850000,-1.330000,280.260010,34.770000,60358.710938,35.65,95.87,14.557142,PM2.5,19883
10.190000,10.330000,0.170000,0.350000,0.090000,104.870003,-2.050000,-1.440000,279.230011,35.009998,59054.429688,35.67,96.04,14.557142,PM2.5,19884
10.180000,10.320000,0.170000,0.360000,0.090000,105.550003,-2.080000,-1.450000,277.750000,37.970001,57984.550781,35.68,96.21,14.542857,PM2.5,19885
10.730000,10.860000,0.170000,0.370000,0.090000,106.980003,-1.570000,-1.300000,279.000000,36.959999,59378.558594,35.69,96.37,15.328570,PM2.5,19886
10.680000,10.810000,0.170000,0.380000,0.090000,108.900002,-0.880000,-1.590000,279.220001,36.000000,59467.601562,35.7,96.54,15.257143,PM2.5,19887
10.850000,10.980000,0.170000,0.390000,0.090000,110.540001,-0.130000,-1.800000,278.190002,37.570000,58449.699219,35.71,96.71,15.500001,PM2.5,19888
11.170000,11.310000,0.170000,0.420000,0.090000,113.099998,0.060000,-1.640000,278.579987,36.150002,58707.578125,35.72,96.87,15.957143,PM2.5,19889
11.740000,11.880000,0.180000,0.450000,0.090000,112.599998,-0.550000,-1.020000,278.369995,37.020000,58522.019531,35.73,97.04,16.771429,PM2.5,19890
12.020000,12.160000,0.190000,0.520000,0.090000,111.110001,-1.060000,-1.510000,277.489990,39.849998,57950.421875,35.74,97.21,17.171429,PM2.5,19891
11.960000,12.090000,0.190000,0.540000,0.090000,110.220001,-0.510000,-1.480000,278.160004,38.750000,58680.671875,35.75,97.38,17.085714,PM2.5,19892
12.230000,12.360000,0.180000,0.520000,0.090000,110.910004,0.230000,-1.450000,278.489990,38.139999,58966.441406,35.76,97.54,17.471428,PM2.5,19893
12.450000,12.580000,0.180000,0.520000,0.090000,111.230003,0.450000,-1.560000,278.429993,38.240002,58950.750000,35.77,97.71,17.785713,PM2.5,19894
12.210000,12.350000,0.190000,0.510000,0.090000,110.830002,0.700000,-1.350000,280.760010,34.720001,61140.160156,35.78,97.88,17.442858,PM2.5,19895
13.580000,13.720000,0.220000,0.580000,0.090000,110.349998,0.940000,-0.780000,282.540009,33.419998,63063.070312,35.79,98.04,19.400000,PM2.5,19896
14.450000,14.590000,0.240000,0.530000,0.090000,109.260002,0.700000,-0.630000,282.500000,35.250000,63266.761719,35.8,98.21,20.642857,PM2.5,19897
13.990000,14.150000,0.260000,0.480000,0.090000,108.449997,0.350000,-0.480000,281.929993,37.660000,62805.128906,35.8,98.38,19.985714,PM2.5,19898
13.060000,13.220000,0.270000,0.450000,0.090000,109.019997,0.270000,-0.190000,280.589996,41.290001,61487.679688,35.81,98.55,18.657143,PM2.5,19899
12.150000,12.320000,0.290000,0.450000,0.090000,108.919998,0.440000,-0.440000,279.630005,44.730000,60672.539062,35.82,98.71,17.357141,PM2.5,19900
11.340000,11.510000,0.320000,0.440000,0.090000,109.089996,0.600000,-1.130000,279.260010,47.570000,60453.429688,35.83,98.88,16.200001,PM2.5,19901
10.710000,10.900000,0.340000,0.410000,0.090000,108.830002,0.410000,-0.600000,279.290009,48.349998,60488.230469,35.84,99.05,15.300000,PM2.5,19902
10.420000,10.620000,0.370000,0.420000,0.090000,107.349998,0.200000,0.840000,279.000000,50.150002,60152.230469,35.84,99.21,14.885715,PM2.5,19903
10.410000,10.620000,0.410000,0.440000,0.090000,105.709999,0.510000,0.750000,278.200012,55.119999,59567.980469,35.85,99.38,14.871428,PM2.5,19904
10.490000,10.750000,0.520000,0.520000,0.090000,103.209999,-0.260000,0.140000,279.670013,57.080002,61216.421875,35.86,99.55,14.985714,PM2.5,19905
10.580000,10.890000,0.630000,0.680000,0.090000,98.320000,-1.510000,-0.340000,281.709991,58.430000,63938.410156,35.87,99.72,15.114285,PM2.5,19906
10.780000,11.130000,0.740000,0.800000,0.100000,96.940002,-1.780000,-1.140000,282.850006,59.430000,65691.789062,35.87,99.88,15.400000,PM2.5,19907
10.880000,11.280000,0.870000,0.950000,0.100000,95.230003,-1.860000,-1.320000,284.299988,57.380001,67574.046875,35.88,100.05,15.542857,PM2.5,19908
11.000000,11.440000,0.990000,0.960000,0.100000,94.889999,-2.200000,-1.450000,285.399994,55.459999,68892.343750,35.88,100.22,15.714286,PM2.5,19909
11.090000,11.560000,1.110000,1.020000,0.100000,93.940002,-2.770000,-1.460000,286.540009,52.430000,70294.257812,35.89,100.39,15.842857,PM2.5,19910
11.180000,11.730000,1.300000,1.200000,0.110000,91.269997,-2.010000,-1.180000,287.739990,49.200001,71850.289062,35.9,100.55,15.971429,PM2.5,19911
11.350000,11.880000,1.210000,1.160000,0.110000,89.150002,-1.760000,-0.010000,288.010010,47.619999,71632.421875,35.9,100.72,16.214287,PM2.5,19912
11.700000,12.260000,1.290000,1.110000,0.110000,89.720001,-2.390000,0.520000,287.489990,48.380001,70989.000000,35.91,100.89,16.714285,PM2.5,19913
11.930000,12.570000,1.380000,1.220000,0.110000,90.019997,-2.760000,-0.100000,286.320007,52.610001,70093.812500,35.91,101.06,17.042858,PM2.5,19914
12.120000,12.950000,1.600000,1.590000,0.120000,89.269997,-2.460000,-1.470000,286.679993,53.430000,71122.890625,35.92,101.22,17.314285,PM2.5,19915
12.000000,12.990000,1.770000,1.700000,0.120000,90.599998,-1.490000,-1.370000,289.239990,46.820000,74023.343750,35.92,101.39,17.142857,PM2.5,19916
12.360000,13.390000,1.860000,1.340000,0.120000,91.580002,-2.100000,0.750000,286.940002,50.610001,71149.093750,35.93,101.56,17.657143,PM2.5,19917
13.240000,14.380000,2.090000,1.340000,0.130000,91.870003,-3.160000,1.390000,283.209991,63.400002,67667.476562,35.93,101.73,18.914286,PM2.5,19918
13.290000,14.530000,2.270000,1.710000,0.130000,91.839996,-2.620000,0.620000,286.510010,55.799999,71765.640625,35.93,101.9,18.985714,PM2.5,19919
13.450000,14.800000,2.550000,2.520000,0.140000,94.459999,-2.270000,0.360000,289.839996,48.660000,75759.343750,35.94,102.06,19.214285,PM2.5,19920
14.200000,15.710000,2.790000,3.050000,0.150000,93.629997,-2.880000,0.380000,289.549988,48.830002,75261.320312,35.94,102.23,20.285713,PM2.5,19921
14.680000,16.160000,2.850000,3.280000,0.150000,93.690002,-2.870000,-0.170000,288.750000,49.970001,74330.117188,35.95,102.4,20.971430,PM2.5,19922
14.730000,16.780001,2.690000,3.360000,0.170000,93.379997,-2.470000,-0.780000,288.459991,50.419998,74033.312500,35.95,102.57,21.042856,PM2.5,19923
15.870000,19.980000,2.820000,5.000000,0.230000,92.629997,-1.990000,-1.200000,289.809998,47.169998,75662.703125,35.95,102.73,22.671429,PM2.5,19924
16.980000,24.900000,2.990000,7.170000,0.320000,90.930000,-1.180000,-1.600000,291.720001,43.250000,78037.546875,35.95,102.9,24.900000,PM10,19925
5.950000,6.080000,0.170000,0.130000,0.100000,79.519997,-5.590000,1.940000,276.929993,71.339996,55936.589844,35.19,89.56,8.500000,PM2.5,20090
6.250000,6.390000,0.180000,0.130000,0.100000,80.139999,-4.950000,1.720000,277.239990,71.080002,56241.378906,35.21,89.72,8.928572,PM2.5,20091
6.580000,6.730000,0.190000,0.130000,0.100000,81.000000,-5.160000,2.190000,277.459991,69.400002,56422.328125,35.23,89.89,9.400000,PM2.5,20092
6.960000,7.110000,0.200000,0.120000,0.100000,82.209999,-5.620000,2.480000,277.299988,69.089996,56366.730469,35.25,90.05,9.942857,PM2.5,20093
7.340000,7.500000,0.210000,0.120000,0.100000,83.209999,-6.080000,2.090000,277.579987,65.989998,56475.730469,35.27,90.22,10.485715,PM2.5,20094
7.550000,7.710000,0.230000,0.120000,0.100000,84.519997,-6.120000,1.410000,277.670013,63.549999,56551.890625,35.29,90.38,10.785714,PM2.5,20095
7.650000,7.810000,0.240000,0.120000,0.100000,84.529999,-6.230000,0.920000,277.549988,62.610001,56458.050781,35.31,90.55,10.928572,PM2.5,20096
7.740000,7.910000,0.250000,0.120000,0.100000,85.070000,-6.890000,0.510000,276.470001,65.199997,55769.628906,35.33,90.71,11.057142,PM2.5,20097
7.950000,8.120000,0.260000,0.120000,0.100000,85.080002,-6.920000,0.030000,275.109985,69.949997,54908.289062,35.34,90.88,11.357142,PM2.5,20098
8.270000,8.450000,0.270000,0.120000,0.100000,85.139999,-5.830000,-0.140000,275.070007,70.000000,55077.519531,35.36,91.04,11.814286,PM2.5,20099
8.700000,8.890000,0.280000,0.130000,0.100000,85.279999,-4.990000,0.040000,276.119995,64.430000,55808.500000,35.38,91.21,12.428571,PM2.5,20100
8.990000,9.180000,0.280000,0.130000,0.100000,85.379997,-5.260000,0.490000,276.260010,60.900002,55671.328125,35.4,91.37,12.842856,PM2.5,20101
9.200000,9.400000,0.280000,0.130000,0.100000,85.349998,-5.540000,0.480000,275.750000,60.410000,55057.058594,35.41,91.54,13.142857,PM2.5,20102
9.570000,9.760000,0.270000,0.130000,0.100000,85.599998,-5.260000,0.290000,276.399994,56.650002,55513.929688,35.43,91.7,13.671428,PM2.5,20103
9.810000,10.000000,0.270000,0.140000,0.100000,85.510002,-4.900000,-0.080000,277.429993,51.790001,56276.941406,35.45,91.87,14.014286,PM2.5,20104
9.740000,9.930000,0.260000,0.150000,0.100000,84.570000,-5.000000,-0.020000,277.339996,49.430000,56094.191406,35.46,92.04,13.914286,PM2.5,20105
9.740000,9.930000,0.250000,0.160000,0.100000,84.739998,-4.900000,-0.160000,277.320007,49.060001,56129.890625,35.48,92.2,13.914286,PM2.5,20106
9.690000,9.870000,0.240000,0.170000,0.100000,84.639999,-4.660000,-0.220000,278.040009,46.320000,56834.800781,35.5,92.37,13.842856,PM2.5,20107
9.630000,9.800000,0.220000,0.180000,0.100000,85.250000,-4.990000,-0.050000,278.649994,43.380001,57356.710938,35.51,92.53,13.757143,PM2.5,20108
9.570000,9.730000,0.210000,0.180000,0.100000,86.769997,-5.460000,0.130000,278.380005,43.060001,57286.390625,35.53,92.7,13.671428,PM2.5,20109
9.520000,9.680000,0.200000,0.200000,0.090000,88.040001,-5.420000,0.070000,278.410004,42.820000,57592.269531,35.54,92.86,13.600000,PM2.5,20110
9.430000,9.580000,0.200000,0.220000,0.090000,89.919998,-4.980000,-0.690000,279.450012,40.009998,58682.660156,35.56,93.03,13.471429,PM2.5,20111
9.320000,9.480000,0.190000,0.260000,0.090000,91.730003,-4.830000,-0.970000,279.859985,36.590000,59109.898438,35.58,93.2,13.314285,PM2.5,20112
9.260000,9.420000,0.190000,0.280000,0.090000,93.099998,-5.570000,-0.730000,279.609985,35.669998,58577.539062,35.59,93.36,13.228572,PM2.5,20113
9.240000,9.400000,0.190000,0.310000,0.090000,94.620003,-6.070000,-1.140000,278.450012,36.860001,57557.019531,35.6,93.53,13.200000,PM2.5,20114
9.220000,9.390000,0.190000,0.340000,0.090000,95.830002,-5.570000,-1.710000,277.029999,41.250000,56626.191406,35.62,93.69,13.171429,PM2.5,20115
9.170000,9.330000,0.190000,0.370000,0.090000,96.000000,-4.850000,-1.510000,276.649994,43.279999,56493.070312,35.63,93.86,13.100000,PM2.5,20116
9.170000,9.340000,0.200000,0.390000,0.090000,95.279999,-4.840000,-0.950000,276.279999,43.790001,56245.710938,35.65,94.03,13.100000,PM2.5,20117
9.620000,9.800000,0.210000,0.370000,0.090000,96.129997,-4.760000,-0.300000,276.019989,44.450001,56333.648438,35.66,94.19,13.742857,PM2.5,20118
9.880000,10.060000,0.220000,0.330000,0.090000,97.849998,-3.970000,-0.300000,276.880005,43.360001,57362.101562,35.68,94.36,14.114285,PM2.5,20119
10.170000,10.360000,0.230000,0.340000,0.090000,99.089996,-3.100000,-0.960000,277.619995,41.689999,58197.828125,35.69,94.53,14.528571,PM2.5,20120
10.230000,10.420000,0.230000,0.350000,0.090000,98.269997,-2.420000,-1.560000,278.559998,39.490002,58965.109375,35.7,94.69,14.614285,PM2.5,20121
10.300000,10.500000,0.240000,0.360000,0.090000,100.180000,-1.920000,-1.380000,279.190002,37.970001,59384.101562,35.72,94.86,14.714286,PM2.5,20122
10.220000,10.390000,0.210000,0.350000,0.090000,100.139999,-2.070000,-0.860000,279.230011,37.779999,59345.519531,35.73,95.03,14.600000,PM2.5,20123
10.190000,10.350000,0.200000,0.340000,0.090000,101.750000,-2.180000,-0.370000,279.489990,36.849998,59761.710938,35.74,95.19,14.557142,PM2.5,20124
10.160000,10.310000,0.190000,0.330000,0.090000,100.809998,-1.780000,-0.880000,280.220001,35.990002,60520.421875,35.75,95.36,14.514285,PM2.5,20125
10.260000,10.410000,0.190000,0.340000,0.090000,102.680000,-1.600000,-1.360000,280.059998,36.959999,60529.621094,35.77,95.53,14.657144,PM2.5,20126
10.180000,10.330000,0.190000,0.350000,0.090000,104.190002,-1.910000,-1.570000,279.600006,37.320000,60091.140625,35.78,95.69,14.542857,PM2.5,20127
10.130000,10.280000,0.190000,0.360000,0.090000,106.419998,-2.010000,-1.750000,279.089996,36.279999,59395.710938,35.79,95.86,14.471429,PM2.5,20128
10.120000,10.270000,0.180000,0.350000,0.090000,106.070000,-1.540000,-1.570000,278.010010,37.400002,58173.140625,35.8,96.03,14.457143,PM2.5,20129
10.610000,10.750000,0.190000,0.360000,0.090000,108.269997,-1.210000,-1.240000,278.049988,37.939999,58319.589844,35.81,96.19,15.157143,PM2.5,20130
11.140000,11.290000,0.190000,0.380000,0.090000,111.040001,-1.030000,-1.220000,280.119995,35.400002,60451.500000,35.82,96.36,15.914287,PM2.5,20131
11.170000,11.310000,0.190000,0.390000,0.090000,111.470001,-0.700000,-0.970000,281.179993,33.880001,61675.429688,35.83,96.53,15.957143,PM2.5,20132
11.220000,11.360000,0.180000,0.400000,0.090000,114.500000,-0.200000,-1.640000,279.029999,36.209999,59403.660156,35.84,96.69,16.028572,PM2.5,20133
11.530000,11.670000,0.190000,0.420000,0.090000,117.239998,0.220000,-2.030000,276.420013,40.040001,56947.449219,35.86,96.86,16.471428,PM2.5,20134
11.830000,11.970000,0.200000,0.430000,0.090000,115.510002,-0.210000,-2.060000,276.920013,39.889999,57217.128906,35.87,97.03,16.900000,PM2.5,20135
12.170000,12.320000,0.220000,0.560000,0.090000,116.279999,-1.130000,-2.040000,279.619995,36.180000,59775.519531,35.88,97.2,17.385714,PM2.5,20136
12.150000,12.300000,0.230000,0.600000,0.090000,113.930000,-0.270000,-1.040000,283.640015,29.500000,63767.039062,35.89,97.36,17.357141,PM2.5,20137
12.610000,12.750000,0.200000,0.560000,0.090000,112.570000,0.960000,-0.390000,285.279999,26.799999,65282.699219,35.89,97.53,18.014286,PM2.5,20138
12.670000,12.800000,0.190000,0.550000,0.090000,112.010002,1.080000,-0.280000,285.220001,26.650000,65125.800781,35.9,97.7,18.100000,PM2.5,20139
12.440000,12.580000,0.200000,0.550000,0.090000,110.360001,1.240000,0.370000,286.440002,25.370001,66470.523438,35.91,97.87,17.771427,PM2.5,20140
16.129999,16.280001,0.230000,0.590000,0.090000,110.449997,1.060000,0.670000,285.470001,28.670000,65905.820312,35.92,98.03,23.042856,PM2.5,20141
17.590000,17.740000,0.250000,0.510000,0.090000,110.900002,0.590000,0.090000,282.510010,35.560001,63256.328125,35.93,98.2,25.128572,PM2.5,20142
15.470000,15.630000,0.260000,0.460000,0.090000,108.919998,0.500000,-0.290000,280.739990,40.419998,61796.019531,35.94,98.37,22.100000,PM2.5,20143
13.540000,13.700000,0.280000,0.440000,0.090000,109.519997,0.410000,-0.290000,280.429993,42.500000,61542.488281,35.95,98.54,19.342857,PM2.5,20144
12.430000,12.600000,0.300000,0.450000,0.090000,109.309998,0.120000,-0.350000,280.079987,43.820000,61234.500000,35.96,98.7,17.757143,PM2.5,20145
11.600000,11.770000,0.320000,0.440000,0.090000,109.570000,0.240000,-0.560000,278.269989,48.900002,59650.609375,35.96,98.87,16.571428,PM2.5,20146
11.110000,11.300000,0.340000,0.410000,0.090000,109.150002,0.900000,-0.440000,277.019989,54.130001,58618.378906,35.97,99.04,15.871428,PM2.5,20147
11.040000,11.240000,0.380000,0.430000,0.090000,107.419998,1.020000,0.210000,277.959991,54.840000,59462.859375,35.98,99.21,15.771428,PM2.5,20148
10.720000,10.950000,0.430000,0.450000,0.090000,104.160004,0.350000,0.550000,278.230011,56.900002,59786.320312,35.99,99.37,15.314286,PM2.5,20149
10.620000,10.900000,0.540000,0.520000,0.090000,101.279999,-0.830000,0.230000,278.670013,61.099998,60524.558594,35.99,99.54,15.171429,PM2.5,20150
10.570000,10.900000,0.670000,0.690000,0.100000,96.599998,-1.830000,0.240000,281.029999,61.080002,63476.789062,36.0,99.71,15.099999,PM2.5,20151
10.650000,11.040000,0.830000,0.840000,0.100000,95.330002,-1.990000,-0.250000,283.769989,57.259998,66946.929688,36.01,99.88,15.214285,PM2.5,20152
10.760000,11.200000,1.010000,0.960000,0.100000,94.660004,-2.070000,-0.600000,285.829987,53.389999,69344.906250,36.01,100.04,15.371428,PM2.5,20153
11.010000,11.500000,1.160000,1.050000,0.100000,94.580002,-2.490000,-0.840000,286.369995,52.860001,70031.679688,36.02,100.21,15.728572,PM2.5,20154
11.210000,11.740000,1.260000,1.190000,0.110000,94.309998,-3.170000,-1.000000,286.709991,52.310001,70469.390625,36.03,100.38,16.014286,PM2.5,20155
11.320000,11.870000,1.370000,1.420000,0.110000,93.529999,-3.260000,-1.030000,288.250000,48.580002,72207.898438,36.03,100.55,16.171429,PM2.5,20156
11.240000,11.820000,1.450000,1.490000,0.110000,93.400002,-3.360000,-0.360000,289.970001,44.250000,73867.210938,36.04,100.72,16.057142,PM2.5,20157
11.580000,12.290000,1.560000,1.510000,0.110000,91.320000,-4.040000,0.310000,289.459991,44.759998,73389.273438,36.04,100.88,16.542856,PM2.5,20158
12.070000,12.980000,1.770000,1.750000,0.120000,92.150002,-4.510000,-0.240000,287.690002,50.040001,71948.992188,36.05,101.05,17.242857,PM2.5,20159
12.200000,13.440000,1.990000,2.150000,0.120000,92.209999,-4.420000,-1.390000,288.269989,49.610001,72971.843750,36.05,101.22,17.428572,PM2.5,20160
12.080000,13.640000,2.090000,2.390000,0.130000,92.110001,-3.630000,-2.030000,290.220001,45.009998,75098.453125,36.06,101.39,17.257143,PM2.5,20161
12.510000,14.280000,2.180000,2.460000,0.140000,91.800003,-3.640000,-1.040000,288.239990,50.389999,73081.382812,36.06,101.55,17.871429,PM2.5,20162
13.210000,15.230000,2.380000,2.650000,0.150000,91.489998,-3.650000,0.580000,286.440002,56.119999,71506.359375,36.07,101.72,18.871429,PM2.5,20163
13.440000,15.720000,2.570000,3.300000,0.160000,93.040001,-2.220000,0.660000,288.730011,51.400002,74503.437500,36.07,101.89,19.199999,PM2.5,20164
13.470000,15.450000,2.460000,3.330000,0.160000,96.059998,-1.720000,0.520000,288.510010,51.520000,74011.937500,36.07,102.06,19.242857,PM2.5,20165
14.030000,15.760000,2.450000,3.230000,0.150000,94.949997,-2.580000,0.630000,285.230011,58.459999,70273.039062,36.08,102.23,20.042856,PM2.5,20166
14.770000,16.309999,2.480000,3.250000,0.150000,93.430000,-2.640000,-0.490000,283.480011,63.520000,68790.382812,36.08,102.39,21.100000,PM2.5,20167
15.160000,16.570000,2.490000,3.220000,0.140000,92.599998,-2.020000,-1.290000,284.510010,60.639999,70066.523438,36.08,102.56,21.657143,PM2.5,20168
16.030001,18.650000,2.680000,4.770000,0.190000,91.800003,-1.490000,-1.590000,288.140015,50.119999,73931.476562,36.09,102.73,22.900002,PM2.5,20169
17.160000,23.870001,2.830000,7.240000,0.280000,91.050003,-0.970000,-1.760000,291.230011,42.939999,77534.046875,36.09,102.9,24.514286,PM2.5,20170
6.270000,6.400000,0.180000,0.120000,0.100000,81.099998,-6.550000,1.880000,276.619995,72.639999,55902.351562,35.33,89.53,8.957143,PM2.5,20335
6.550000,6.690000,0.190000,0.130000,0.100000,80.889999,-5.910000,1.540000,276.559998,72.559998,55990.511719,35.35,89.7,9.357143,PM2.5,20336
6.700000,6.840000,0.200000,0.130000,0.100000,82.029999,-5.300000,1.740000,277.089996,69.449997,56300.960938,35.37,89.86,9.571428,PM2.5,20337
6.710000,6.860000,0.200000,0.120000,0.100000,82.480003,-5.460000,2.180000,277.100006,68.300003,56239.640625,35.39,90.03,9.585714,PM2.5,20338
6.850000,7.000000,0.210000,0.120000,0.100000,84.290001,-6.070000,2.130000,276.779999,67.940002,55963.949219,35.4,90.19,9.785714,PM2.5,20339
7.000000,7.150000,0.220000,0.120000,0.100000,85.099998,-6.290000,1.760000,276.579987,67.269997,55839.800781,35.42,90.36,10.000000,PM2.5,20340
7.220000,7.380000,0.230000,0.120000,0.100000,85.500000,-6.480000,1.170000,276.390015,67.419998,55792.710938,35.44,90.52,10.314285,PM2.5,20341
7.460000,7.620000,0.240000,0.110000,0.100000,86.029999,-6.970000,0.960000,275.309998,70.099998,55075.859375,35.46,90.69,10.657143,PM2.5,20342
7.770000,7.940000,0.250000,0.110000,0.100000,86.550003,-6.770000,0.670000,274.170013,74.660004,54385.179688,35.48,90.86,11.100000,PM2.5,20343
8.390000,8.570000,0.260000,0.110000,0.100000,87.309998,-6.220000,0.370000,274.880005,71.540001,54930.210938,35.5,91.02,11.985715,PM2.5,20344
8.810000,8.980000,0.260000,0.120000,0.100000,86.669998,-5.420000,0.040000,275.920013,66.870003,55767.828125,35.51,91.19,12.585715,PM2.5,20345
9.110000,9.290000,0.270000,0.120000,0.100000,87.669998,-5.460000,0.500000,275.779999,61.040001,55396.929688,35.53,91.35,13.014285,PM2.5,20346
9.570000,9.760000,0.270000,0.130000,0.100000,88.419998,-6.020000,0.370000,275.500000,59.660000,55027.449219,35.55,91.52,13.671428,PM2.5,20347
9.790000,9.970000,0.260000,0.130000,0.100000,87.779999,-5.910000,-0.360000,276.970001,54.770000,56146.230469,35.57,91.68,13.985714,PM2.5,20348
9.990000,10.160000,0.240000,0.140000,0.100000,87.019997,-5.400000,-1.340000,277.690002,53.779999,56855.898438,35.58,91.85,14.271428,PM2.5,20349
9.860000,10.030000,0.240000,0.150000,0.100000,85.680000,-4.950000,-0.780000,277.130005,49.750000,56259.859375,35.6,92.01,14.085713,PM2.5,20350
9.810000,9.980000,0.230000,0.160000,0.100000,85.629997,-5.070000,-0.290000,277.290009,48.410000,56427.410156,35.62,92.18,14.014286,PM2.5,20351
9.730000,9.900000,0.220000,0.170000,0.100000,87.309998,-5.120000,-0.300000,278.250000,44.480000,57430.210938,35.63,92.35,13.900000,PM2.5,20352
9.640000,9.800000,0.210000,0.180000,0.090000,88.809998,-5.280000,-0.600000,278.660004,42.490002,57831.429688,35.65,92.51,13.771429,PM2.5,20353
9.590000,9.750000,0.200000,0.180000,0.090000,90.879997,-5.760000,-0.470000,279.010010,41.189999,58197.210938,35.66,92.68,13.700000,PM2.5,20354
9.560000,9.710000,0.190000,0.180000,0.090000,93.029999,-6.540000,-0.490000,279.309998,40.970001,58493.410156,35.68,92.85,13.657144,PM2.5,20355
9.580000,9.720000,0.180000,0.190000,0.090000,93.000000,-6.400000,-1.310000,278.500000,44.810001,58034.539062,35.69,93.01,13.685714,PM2.5,20356
9.520000,9.680000,0.180000,0.230000,0.090000,93.389999,-5.570000,-1.560000,278.040009,39.970001,57745.199219,35.71,93.18,13.600000,PM2.5,20357
9.470000,9.620000,0.180000,0.260000,0.090000,93.790001,-5.460000,-0.790000,277.899994,40.040001,57406.808594,35.73,93.34,13.528572,PM2.5,20358
9.350000,9.500000,0.180000,0.290000,0.090000,94.559998,-5.710000,-0.200000,276.450012,42.340000,56171.019531,35.74,93.51,13.357143,PM2.5,20359
9.230000,9.400000,0.190000,0.320000,0.090000,95.940002,-5.250000,-0.340000,275.200012,47.230000,55490.800781,35.75,93.68,13.185714,PM2.5,20360
9.430000,9.590000,0.190000,0.380000,0.090000,97.400002,-4.160000,-0.610000,276.279999,46.919998,56671.398438,35.77,93.84,13.471429,PM2.5,20361
10.010000,10.180000,0.210000,0.410000,0.090000,99.610001,-3.430000,-0.510000,278.179993,42.970001,58385.988281,35.78,94.01,14.300000,PM2.5,20362
10.180000,10.360000,0.230000,0.430000,0.090000,100.919998,-3.070000,0.000000,279.540009,39.840000,59712.558594,35.8,94.18,14.542857,PM2.5,20363
10.300000,10.490000,0.240000,0.430000,0.090000,102.239998,-2.950000,-0.080000,279.540009,39.580002,59924.488281,35.81,94.34,14.714286,PM2.5,20364
10.490000,10.680000,0.250000,0.440000,0.090000,105.029999,-2.710000,-1.080000,278.630005,40.770000,59181.281250,35.82,94.51,14.985714,PM2.5,20365
10.500000,10.710000,0.260000,0.430000,0.090000,104.010002,-1.780000,-1.770000,279.459991,38.500000,60029.460938,35.84,94.68,15.000000,PM2.5,20366
10.640000,10.860000,0.280000,0.450000,0.090000,104.120003,-0.920000,-1.220000,281.410004,34.970001,61947.500000,35.85,94.84,15.200001,PM2.5,20367
10.600000,10.800000,0.260000,0.420000,0.090000,104.349998,-1.580000,-0.850000,280.899994,35.590000,61162.820312,35.86,95.01,15.142858,PM2.5,20368
10.520000,10.710000,0.240000,0.370000,0.090000,105.510002,-2.350000,-0.640000,278.670013,38.209999,58861.480469,35.88,95.18,15.028572,PM2.5,20369
10.300000,10.480000,0.230000,0.350000,0.090000,104.330002,-2.140000,-1.200000,278.130005,39.619999,58392.089844,35.89,95.34,14.714286,PM2.5,20370
10.390000,10.560000,0.220000,0.350000,0.090000,106.980003,-1.650000,-1.760000,278.609985,39.630001,59001.480469,35.9,95.51,14.842857,PM2.5,20371
10.440000,10.610000,0.220000,0.360000,0.090000,108.290001,-1.230000,-1.690000,278.959991,38.820000,59420.859375,35.91,95.68,14.914285,PM2.5,20372
10.480000,10.640000,0.210000,0.370000,0.090000,109.040001,-0.950000,-1.450000,279.170013,37.500000,59522.460938,35.92,95.85,14.971428,PM2.5,20373
10.640000,10.790000,0.200000,0.380000,0.090000,111.339996,-0.650000,-1.440000,279.109985,36.840000,59284.570312,35.94,96.01,15.200001,PM2.5,20374
11.360000,11.520000,0.210000,0.400000,0.090000,112.190002,-0.840000,-1.370000,278.170013,37.750000,58381.750000,35.95,96.18,16.228571,PM2.5,20375
12.210000,12.370000,0.220000,0.410000,0.090000,116.239998,-0.970000,-1.820000,279.279999,36.209999,59510.589844,35.96,96.35,17.442858,PM2.5,20376
12.030000,12.190000,0.210000,0.420000,0.090000,115.000000,-0.340000,-0.920000,281.809998,33.139999,62272.808594,35.97,96.51,17.185715,PM2.5,20377
11.950000,12.100000,0.200000,0.440000,0.090000,116.489998,0.180000,-1.450000,280.980011,33.750000,61266.281250,35.98,96.68,17.071428,PM2.5,20378
11.890000,12.040000,0.200000,0.470000,0.090000,116.709999,0.320000,-2.010000,279.119995,36.599998,59382.851562,35.99,96.85,16.985714,PM2.5,20379
11.880000,12.030000,0.200000,0.520000,0.090000,116.900002,0.180000,-2.300000,280.769989,33.799999,60808.750000,36.0,97.02,16.971428,PM2.5,20380
12.160000,12.320000,0.220000,0.600000,0.090000,116.849998,0.070000,-1.680000,284.869995,27.809999,64808.378906,36.01,97.18,17.371428,PM2.5,20381
12.350000,12.500000,0.230000,0.650000,0.090000,115.550003,1.310000,0.190000,289.109985,22.500000,69260.046875,36.02,97.35,17.642859,PM2.5,20382
13.590000,13.730000,0.210000,0.610000,0.090000,111.870003,2.230000,1.190000,290.670013,20.770000,70733.796875,36.03,97.52,19.414286,PM2.5,20383
13.550000,13.690000,0.210000,0.620000,0.090000,111.000000,1.970000,1.470000,290.339996,21.080000,70386.882812,36.04,97.69,19.357143,PM2.5,20384
13.450000,13.600000,0.220000,0.610000,0.090000,108.000000,1.490000,1.840000,289.720001,22.530001,69911.453125,36.05,97.85,19.214285,PM2.5,20385
15.700000,15.850000,0.250000,0.590000,0.090000,109.410004,0.750000,1.880000,287.429993,27.280001,67838.476562,36.06,98.02,22.428572,PM2.5,20386
16.370001,16.520000,0.260000,0.510000,0.090000,110.660004,0.380000,1.250000,284.779999,32.279999,65227.828125,36.07,98.19,23.385715,PM2.5,20387
14.890000,15.050000,0.270000,0.450000,0.090000,109.769997,0.290000,0.750000,282.549988,37.490002,63404.140625,36.08,98.36,21.271429,PM2.5,20388
13.630000,13.800000,0.290000,0.440000,0.090000,109.870003,0.350000,0.260000,280.839996,41.980000,61994.429688,36.08,98.53,19.471428,PM2.5,20389
12.710000,12.880000,0.300000,0.440000,0.090000,109.129997,0.370000,0.160000,279.320007,45.380001,60614.199219,36.09,98.69,18.157143,PM2.5,20390
11.920000,12.100000,0.320000,0.440000,0.090000,109.050003,0.700000,0.330000,277.549988,49.790001,58994.339844,36.1,98.86,17.028572,PM2.5,20391
11.630000,11.820000,0.340000,0.420000,0.090000,108.010002,1.550000,0.570000,276.540009,53.310001,58047.640625,36.11,99.03,16.614286,PM2.5,20392
11.350000,11.560000,0.390000,0.450000,0.090000,105.040001,1.130000,0.000000,277.119995,55.910000,58578.351562,36.12,99.2,16.214287,PM2.5,20393
10.790000,11.040000,0.470000,0.480000,0.090000,99.970001,-0.570000,0.020000,278.320007,58.189999,60004.898438,36.12,99.36,15.414286,PM2.5,20394
10.530000,10.830000,0.590000,0.550000,0.090000,96.529999,-2.000000,0.430000,280.440002,58.599998,62618.179688,36.13,99.53,15.042857,PM2.5,20395
10.450000,10.810000,0.740000,0.730000,0.100000,94.680000,-2.480000,0.420000,283.359985,55.380001,66238.703125,36.14,99.7,14.928571,PM2.5,20396
10.510000,10.940000,0.930000,0.900000,0.100000,94.580002,-2.310000,0.080000,285.720001,51.669998,69136.046875,36.14,99.87,15.014286,PM2.5,20397
10.620000,11.110000,1.090000,0.980000,0.100000,94.470001,-2.250000,-0.040000,287.059998,49.869999,70712.796875,36.15,100.04,15.171429,PM2.5,20398
10.800000,11.330000,1.210000,1.140000,0.110000,94.459999,-2.600000,-0.140000,287.529999,49.020000,71238.390625,36.16,100.2,15.428572,PM2.5,20399
11.030000,11.610000,1.320000,1.400000,0.110000,94.379997,-3.110000,-0.370000,287.350006,49.330002,71116.828125,36.16,100.37,15.757142,PM2.5,20400
11.190000,11.840000,1.450000,1.790000,0.110000,94.190002,-3.110000,-0.290000,288.130005,47.570000,72038.523438,36.17,100.54,15.985714,PM2.5,20401
11.300000,12.020000,1.590000,2.020000,0.120000,94.260002,-2.930000,0.080000,289.420013,44.720001,73400.546875,36.17,100.71,16.142857,PM2.5,20402
11.560000,12.430000,1.730000,1.960000,0.120000,94.180000,-3.370000,0.690000,288.649994,45.549999,72419.781250,36.18,100.88,16.514286,PM2.5,20403
12.090000,13.260000,1.930000,2.010000,0.120000,94.570000,-4.190000,0.720000,286.320007,51.720001,70102.367188,36.18,101.04,17.271429,PM2.5,20404
12.590000,14.230000,2.180000,2.330000,0.130000,93.279999,-4.560000,0.070000,284.670013,58.020000,68860.953125,36.19,101.21,17.985714,PM2.5,20405
12.680000,14.870000,2.350000,2.830000,0.150000,93.169998,-4.170000,-1.280000,284.859985,59.730000,69601.742188,36.19,101.38,18.114286,PM2.5,20406
12.720000,15.330000,2.490000,3.240000,0.170000,93.940002,-3.460000,-1.670000,286.140015,57.810001,71455.507812,36.2,101.55,18.171429,PM2.5,20407
13.240000,16.540001,2.780000,4.260000,0.190000,93.250000,-2.620000,-0.800000,287.269989,55.860001,73000.789062,36.2,101.72,18.914286,PM2.5,20408
13.590000,17.170000,2.810000,4.640000,0.200000,93.849998,-1.970000,-0.660000,287.600006,55.270000,73325.179688,36.21,101.89,19.414286,PM2.5,20409
13.710000,16.570000,2.490000,4.050000,0.190000,95.019997,-2.000000,-0.520000,285.570007,59.110001,70814.890625,36.21,102.05,19.585714,PM2.5,20410
14.540000,16.959999,2.430000,3.820000,0.180000,93.699997,-2.440000,0.050000,281.959991,68.330002,67014.843750,36.21,102.22,20.771429,PM2.5,20411
15.390000,17.530001,2.440000,3.810000,0.170000,92.239998,-2.370000,-0.060000,281.429993,70.580002,66919.570312,36.22,102.39,21.985714,PM2.5,20412
14.880000,16.629999,2.440000,3.590000,0.150000,92.739998,-1.640000,-0.400000,286.190002,55.419998,71979.187500,36.22,102.56,21.257143,PM2.5,20413
15.650000,19.219999,2.720000,5.430000,0.210000,92.260002,-0.720000,-0.580000,290.690002,44.200001,77092.023438,36.22,102.73,22.357141,PM2.5,20414
17.209999,24.860001,3.050000,8.210000,0.290000,90.790001,-0.100000,-1.350000,292.320007,40.820000,79129.757812,36.23,102.9,24.860001,PM10,20415
6.300000,6.450000,0.200000,0.120000,0.100000,82.699997,-5.150000,2.360000,275.100006,75.919998,54807.871094,35.5,89.84,9.000000,PM2.5,20583
6.560000,6.710000,0.210000,0.110000,0.100000,84.360001,-5.240000,2.300000,275.820007,71.610001,55267.699219,35.52,90.01,9.371428,PM2.5,20584
6.810000,6.960000,0.210000,0.110000,0.100000,86.320000,-5.970000,2.300000,276.000000,70.550003,55448.039062,35.54,90.17,9.728571,PM2.5,20585
7.070000,7.220000,0.220000,0.100000,0.100000,87.320000,-6.790000,2.320000,275.899994,70.680000,55391.671875,35.56,90.34,10.100000,PM2.5,20586
7.380000,7.530000,0.230000,0.100000,0.100000,88.050003,-7.860000,1.940000,275.890015,71.059998,55478.691406,35.58,90.5,10.542857,PM2.5,20587
7.590000,7.740000,0.240000,0.100000,0.100000,87.849998,-8.010000,1.360000,275.589996,72.680000,55450.691406,35.59,90.67,10.842857,PM2.5,20588
7.800000,7.970000,0.240000,0.110000,0.100000,88.820000,-7.320000,0.790000,275.089996,71.040001,55271.898438,35.61,90.83,11.142858,PM2.5,20589
8.410000,8.580000,0.250000,0.110000,0.100000,89.110001,-6.360000,0.380000,275.230011,71.029999,55383.820312,35.63,91.0,12.014285,PM2.5,20590
8.970000,9.150000,0.260000,0.120000,0.100000,89.419998,-4.940000,0.130000,275.589996,64.239998,55719.488281,35.65,91.16,12.814286,PM2.5,20591
9.380000,9.560000,0.260000,0.120000,0.100000,90.150002,-5.120000,0.320000,275.850006,60.090000,55534.230469,35.67,91.33,13.400001,PM2.5,20592
9.630000,9.810000,0.250000,0.130000,0.100000,89.949997,-5.930000,0.430000,275.670013,56.650002,55300.660156,35.68,91.5,13.757143,PM2.5,20593
9.630000,9.800000,0.250000,0.130000,0.100000,88.580002,-6.020000,-0.350000,276.089996,54.759998,55780.121094,35.7,91.66,13.757143,PM2.5,20594
10.010000,10.180000,0.240000,0.140000,0.100000,88.699997,-5.420000,-1.640000,276.200012,54.279999,56116.109375,35.72,91.83,14.300000,PM2.5,20595
10.180000,10.350000,0.220000,0.160000,0.090000,87.790001,-4.330000,-1.780000,276.450012,53.590000,56281.500000,35.73,91.99,14.542857,PM2.5,20596
10.180000,10.350000,0.220000,0.170000,0.090000,85.750000,-4.150000,-0.590000,277.559998,48.070000,56951.941406,35.75,92.16,14.542857,PM2.5,20597
9.820000,9.980000,0.210000,0.170000,0.090000,86.790001,-4.790000,0.150000,278.059998,44.220001,57359.050781,35.77,92.33,14.028571,PM2.5,20598
9.620000,9.780000,0.200000,0.170000,0.090000,88.389999,-5.020000,-0.310000,277.779999,43.549999,57316.109375,35.78,92.49,13.742857,PM2.5,20599
9.630000,9.780000,0.190000,0.180000,0.090000,89.980003,-5.100000,-0.450000,278.440002,40.840000,57946.410156,35.8,92.66,13.757143,PM2.5,20600
9.610000,9.760000,0.180000,0.180000,0.090000,92.919998,-5.930000,-0.120000,277.920013,40.730000,57556.429688,35.81,92.83,13.728571,PM2.5,20601
9.550000,9.700000,0.180000,0.190000,0.090000,93.919998,-5.870000,-0.160000,275.890015,45.860001,56071.789062,35.83,92.99,13.642858,PM2.5,20602
9.650000,9.800000,0.170000,0.210000,0.090000,94.839996,-4.720000,-0.620000,276.220001,47.520000,56629.171875,35.85,93.16,13.785714,PM2.5,20603
9.870000,10.020000,0.170000,0.230000,0.090000,96.580002,-4.330000,-0.660000,277.859985,43.730000,57916.339844,35.86,93.33,14.099999,PM2.5,20604
9.920000,10.070000,0.170000,0.240000,0.090000,97.540001,-4.660000,-0.020000,277.859985,43.119999,57876.550781,35.87,93.49,14.171429,PM2.5,20605
9.840000,9.990000,0.180000,0.270000,0.090000,98.529999,-4.300000,0.240000,277.540009,44.630001,57869.441406,35.89,93.66,14.057143,PM2.5,20606
10.160000,10.320000,0.190000,0.300000,0.090000,100.760002,-3.210000,-0.340000,278.200012,44.060001,58712.378906,35.9,93.83,14.514285,PM2.5,20607
10.540000,10.710000,0.210000,0.360000,0.090000,103.699997,-2.590000,-0.760000,278.820007,43.080002,59380.128906,35.92,93.99,15.057143,PM2.5,20608
10.720000,10.900000,0.230000,0.440000,0.090000,106.690002,-2.360000,-0.700000,278.920013,42.619999,59538.601562,35.93,94.16,15.314286,PM2.5,20609
10.710000,10.900000,0.250000,0.500000,0.090000,107.879997,-2.790000,-0.740000,278.950012,41.340000,59451.171875,35.95,94.33,15.300000,PM2.5,20610
10.750000,10.950000,0.270000,0.510000,0.090000,110.690002,-2.890000,-1.500000,278.630005,40.459999,59258.769531,35.96,94.49,15.357142,PM2.5,20611
10.890000,11.110000,0.300000,0.530000,0.090000,109.629997,-1.100000,-1.710000,281.149994,35.209999,61618.660156,35.97,94.66,15.557143,PM2.5,20612
11.060000,11.320000,0.330000,0.570000,0.090000,106.720001,-0.120000,-0.600000,284.250000,30.610001,64683.230469,35.99,94.83,15.800000,PM2.5,20613
11.110000,11.350000,0.320000,0.550000,0.090000,108.739998,-1.180000,-1.320000,281.700012,34.680000,61890.328125,36.0,94.99,15.871428,PM2.5,20614
11.020000,11.230000,0.280000,0.460000,0.090000,109.660004,-2.120000,-1.680000,277.670013,41.330002,57961.019531,36.01,95.16,15.742858,PM2.5,20615
10.730000,10.940000,0.270000,0.420000,0.090000,108.339996,-1.830000,-1.960000,277.859985,41.009998,58263.800781,36.02,95.33,15.328570,PM2.5,20616
10.750000,10.940000,0.260000,0.430000,0.090000,113.110001,-0.960000,-2.130000,279.450012,38.040001,59842.230469,36.04,95.5,15.357142,PM2.5,20617
10.800000,10.980000,0.250000,0.440000,0.090000,114.190002,-0.390000,-1.780000,280.619995,35.779999,60940.691406,36.05,95.66,15.428572,PM2.5,20618
10.880000,11.050000,0.230000,0.440000,0.090000,113.320000,-0.160000,-1.540000,281.470001,33.970001,61671.679688,36.06,95.83,15.542857,PM2.5,20619
11.170000,11.340000,0.230000,0.480000,0.090000,116.610001,0.020000,-1.720000,280.559998,34.820000,60841.179688,36.07,96.0,15.957143,PM2.5,20620
11.800000,11.970000,0.230000,0.480000,0.090000,115.449997,-0.110000,-1.890000,279.510010,35.939999,59699.878906,36.08,96.17,16.857143,PM2.5,20621
13.010000,13.180000,0.230000,0.480000,0.090000,115.410004,-0.100000,-2.060000,281.470001,32.639999,61505.121094,36.09,96.33,18.585714,PM2.5,20622
12.690000,12.870000,0.230000,0.460000,0.090000,113.940002,0.480000,-1.330000,284.109985,29.150000,64116.550781,36.1,96.5,18.128571,PM2.5,20623
12.640000,12.800000,0.220000,0.490000,0.090000,116.440002,0.650000,-1.060000,285.149994,27.670000,65107.550781,36.12,96.67,18.057144,PM2.5,20624
12.100000,12.260000,0.220000,0.540000,0.090000,118.860001,0.890000,-0.960000,286.359985,25.690001,66299.812500,36.13,96.84,17.285715,PM2.5,20625
12.000000,12.160000,0.220000,0.600000,0.090000,118.279999,1.560000,-0.710000,288.179993,23.480000,68125.882812,36.14,97.0,17.142857,PM2.5,20626
12.230000,12.390000,0.230000,0.640000,0.090000,117.639999,2.210000,-0.090000,290.200012,21.350000,70196.132812,36.15,97.17,17.471428,PM2.5,20627
12.500000,12.660000,0.230000,0.660000,0.090000,115.709999,2.900000,0.910000,291.609985,20.059999,71799.328125,36.16,97.34,17.857143,PM2.5,20628
15.860000,16.010000,0.210000,0.640000,0.090000,110.949997,2.740000,1.190000,291.779999,20.340000,72115.273438,36.17,97.51,22.657143,PM2.5,20629
14.660000,14.810000,0.220000,0.640000,0.090000,109.540001,1.570000,1.790000,291.320007,21.410000,71789.468750,36.18,97.68,20.942858,PM2.5,20630
13.980000,14.130000,0.240000,0.620000,0.090000,107.059998,0.660000,1.950000,289.510010,24.610001,70045.789062,36.18,97.84,19.971428,PM2.5,20631
15.510000,15.660000,0.260000,0.580000,0.090000,108.169998,0.400000,1.830000,287.339996,28.700001,67808.679688,36.19,98.01,22.157143,PM2.5,20632
14.050000,14.210000,0.270000,0.510000,0.090000,108.699997,0.350000,1.520000,286.269989,30.610001,66759.023438,36.2,98.18,20.071428,PM2.5,20633
15.430000,15.590000,0.280000,0.440000,0.090000,109.650002,0.200000,1.320000,284.399994,34.700001,65112.558594,36.21,98.35,22.042858,PM2.5,20634
16.110001,16.280001,0.290000,0.440000,0.090000,109.160004,0.440000,1.190000,281.859985,39.520000,62789.910156,36.22,98.51,23.014286,PM2.5,20635
13.810000,13.980000,0.300000,0.450000,0.090000,108.050003,0.680000,0.870000,279.369995,44.580002,60550.539062,36.23,98.68,19.728573,PM2.5,20636
12.780000,12.960000,0.320000,0.450000,0.090000,107.570000,1.620000,0.830000,277.750000,48.639999,59154.699219,36.24,98.85,18.257143,PM2.5,20637
12.090000,12.290000,0.360000,0.440000,0.090000,105.040001,1.530000,0.540000,278.820007,48.060001,59889.378906,36.24,99.02,17.271429,PM2.5,20638
11.020000,11.260000,0.460000,0.490000,0.090000,99.360001,-0.890000,0.020000,280.779999,49.709999,62238.050781,36.25,99.19,15.742858,PM2.5,20639
10.430000,10.720000,0.580000,0.550000,0.090000,95.279999,-2.300000,0.330000,282.359985,51.730000,64583.468750,36.26,99.36,14.900001,PM2.5,20640
10.290000,10.630000,0.700000,0.650000,0.100000,94.389999,-2.940000,0.660000,284.140015,50.840000,66891.351562,36.27,99.52,14.700000,PM2.5,20641
10.270000,10.670000,0.840000,0.810000,0.100000,94.010002,-3.070000,0.330000,286.070007,49.119999,69515.796875,36.27,99.69,14.671430,PM2.5,20642
10.280000,10.740000,0.980000,0.930000,0.100000,93.989998,-2.540000,-0.140000,287.440002,46.860001,71142.046875,36.28,99.86,14.685714,PM2.5,20643
10.430000,10.940000,1.090000,1.010000,0.100000,94.190002,-2.470000,0.110000,287.369995,47.529999,71000.476562,36.29,100.03,14.900001,PM2.5,20644
10.620000,11.180000,1.210000,1.220000,0.110000,94.309998,-2.690000,0.020000,286.670013,49.400002,70231.500000,36.29,100.2,15.171429,PM2.5,20645
10.860000,11.480000,1.330000,1.600000,0.110000,94.949997,-2.730000,0.160000,286.339996,50.500000,69991.171875,36.3,100.36,15.514285,PM2.5,20646
11.170000,11.870000,1.500000,2.190000,0.110000,96.440002,-2.380000,0.170000,286.200012,50.959999,69907.257812,36.3,100.53,15.957143,PM2.5,20647
11.370000,12.180000,1.610000,2.380000,0.120000,97.050003,-2.000000,0.040000,285.929993,51.250000,69628.617188,36.31,100.7,16.242857,PM2.5,20648
11.600000,12.600000,1.730000,2.290000,0.120000,95.919998,-1.890000,0.220000,285.600006,51.720001,69266.281250,36.31,100.87,16.571428,PM2.5,20649
12.150000,13.550000,1.930000,2.370000,0.130000,95.690002,-2.360000,0.660000,283.230011,58.349998,66807.046875,36.32,101.04,17.357141,PM2.5,20650
13.200000,15.340000,2.340000,2.810000,0.150000,92.739998,-2.970000,0.660000,279.429993,75.220001,63744.640625,36.32,101.21,18.857143,PM2.5,20651
13.860000,16.940001,2.750000,3.690000,0.180000,91.620003,-2.860000,0.480000,279.869995,79.190002,64981.011719,36.33,101.38,19.799999,PM2.5,20652
13.790000,17.860001,3.100000,4.990000,0.220000,93.629997,-2.320000,-0.010000,283.130005,68.589996,68608.539062,36.33,101.54,19.700001,PM2.5,20653
14.000000,19.000000,3.330000,6.040000,0.250000,94.080002,-2.080000,-0.720000,285.100006,62.480000,70788.773438,36.34,101.71,20.000000,PM2.5,20654
14.240000,19.580000,3.180000,6.040000,0.260000,92.669998,-1.880000,-0.960000,285.899994,60.000000,71844.750000,36.34,101.88,20.342857,PM2.5,20655
14.400000,19.219999,2.870000,5.860000,0.250000,90.660004,-1.990000,-0.870000,286.410004,56.759998,72270.726562,36.35,102.05,20.571428,PM2.5,20656
14.910000,19.520000,2.900000,5.990000,0.240000,88.919998,-2.250000,-1.050000,286.309998,55.330002,72088.992188,36.35,102.22,21.299999,PM2.5,20657
15.360000,19.280001,2.820000,5.560000,0.210000,88.919998,-1.580000,-0.910000,287.239990,52.580002,73255.976562,36.35,102.39,21.942856,PM2.5,20658
15.150000,18.070000,2.710000,4.920000,0.170000,90.410004,-0.570000,-0.780000,290.029999,45.849998,76484.546875,36.36,102.55,21.642857,PM2.5,20659
16.650000,21.809999,3.940000,7.500000,0.230000,90.230003,0.010000,-1.000000,292.279999,40.860001,79202.617188,36.36,102.72,23.785713,PM2.5,20660
6.280000,6.420000,0.190000,0.110000,0.100000,82.839996,-5.220000,3.520000,274.160004,76.809998,53987.640625,35.64,89.82,8.971429,PM2.5,20829
6.620000,6.770000,0.200000,0.110000,0.100000,84.099998,-5.240000,3.040000,275.200012,72.470001,54855.449219,35.65,89.98,9.457143,PM2.5,20830
6.870000,7.030000,0.210000,0.100000,0.100000,85.809998,-5.800000,2.930000,275.619995,69.680000,55244.761719,35.67,90.15,9.814285,PM2.5,20831
7.060000,7.220000,0.220000,0.100000,0.100000,87.750000,-6.460000,3.090000,275.609985,69.180000,55314.621094,35.69,90.31,10.085714,PM2.5,20832
7.250000,7.410000,0.230000,0.100000,0.100000,88.500000,-7.210000,3.000000,275.309998,69.669998,55207.070312,35.71,90.48,10.357142,PM2.5,20833
7.400000,7.570000,0.230000,0.100000,0.100000,88.980003,-7.320000,2.120000,274.579987,71.290001,54837.109375,35.73,90.65,10.571428,PM2.5,20834
7.640000,7.800000,0.240000,0.100000,0.100000,89.720001,-6.650000,0.760000,274.109985,71.639999,54592.031250,35.75,90.81,10.914286,PM2.5,20835
8.150000,8.320000,0.240000,0.110000,0.100000,90.519997,-5.290000,0.080000,274.489990,69.099998,54995.070312,35.77,90.98,11.642857,PM2.5,20836
8.940000,9.110000,0.240000,0.110000,0.100000,92.099998,-4.260000,-0.150000,275.549988,63.470001,55706.261719,35.78,91.14,12.771428,PM2.5,20837
9.360000,9.530000,0.240000,0.120000,0.100000,92.129997,-4.720000,0.070000,276.019989,59.310001,55828.750000,35.8,91.31,13.371428,PM2.5,20838
9.710000,9.880000,0.250000,0.130000,0.100000,92.559998,-5.770000,0.090000,275.760010,56.779999,55574.339844,35.82,91.48,13.871428,PM2.5,20839
9.800000,9.970000,0.240000,0.130000,0.100000,92.029999,-6.530000,-0.100000,275.179993,56.970001,55216.828125,35.84,91.64,14.000000,PM2.5,20840
9.910000,10.070000,0.230000,0.140000,0.090000,91.129997,-5.840000,-0.810000,274.459991,58.770000,54927.871094,35.85,91.81,14.157143,PM2.5,20841
10.200000,10.350000,0.210000,0.150000,0.090000,89.389999,-4.140000,-1.920000,276.160004,53.970001,56492.179688,35.87,91.97,14.571428,PM2.5,20842
10.560000,10.720000,0.210000,0.180000,0.090000,88.620003,-3.670000,-2.090000,278.730011,45.910000,58401.640625,35.89,92.14,15.085715,PM2.5,20843
10.260000,10.410000,0.200000,0.180000,0.090000,90.529999,-4.750000,-0.780000,278.000000,45.290001,57527.460938,35.9,92.31,14.657144,PM2.5,20844
9.830000,9.980000,0.190000,0.170000,0.090000,91.290001,-5.270000,0.180000,276.260010,48.310001,56194.859375,35.92,92.47,14.042857,PM2.5,20845
9.620000,9.770000,0.190000,0.180000,0.090000,90.480003,-4.730000,-0.070000,276.769989,47.369999,56796.511719,35.93,92.64,13.742857,PM2.5,20846
9.760000,9.910000,0.180000,0.190000,0.090000,92.230003,-4.880000,0.020000,277.359985,45.180000,57311.101562,35.95,92.81,13.942858,PM2.5,20847
9.840000,9.980000,0.170000,0.190000,0.090000,94.980003,-5.200000,0.470000,276.649994,46.389999,56898.949219,35.96,92.97,14.057143,PM2.5,20848
9.910000,10.040000,0.170000,0.200000,0.090000,95.669998,-4.800000,-0.190000,277.040009,46.000000,57388.621094,35.98,93.14,14.157143,PM2.5,20849
10.290000,10.430000,0.170000,0.210000,0.090000,100.349998,-4.140000,-1.320000,277.899994,44.020000,58172.578125,36.0,93.31,14.700000,PM2.5,20850
10.460000,10.600000,0.170000,0.230000,0.090000,102.370003,-3.880000,-1.070000,277.880005,44.160000,58045.449219,36.01,93.47,14.942857,PM2.5,20851
10.630000,10.770000,0.180000,0.250000,0.090000,103.800003,-3.790000,-0.510000,277.239990,45.139999,57585.101562,36.02,93.64,15.185715,PM2.5,20852
10.810000,10.960000,0.190000,0.280000,0.090000,105.379997,-3.350000,-0.760000,277.209991,44.849998,57724.601562,36.04,93.81,15.442858,PM2.5,20853
11.150000,11.300000,0.210000,0.360000,0.090000,108.809998,-2.730000,-1.490000,277.750000,43.639999,58380.898438,36.05,93.98,15.928571,PM2.5,20854
11.340000,11.500000,0.230000,0.510000,0.090000,110.889999,-2.270000,-1.610000,278.350006,42.869999,58868.820312,36.07,94.14,16.200001,PM2.5,20855
11.310000,11.490000,0.250000,0.520000,0.090000,111.660004,-2.620000,-1.390000,278.839996,41.259998,59163.929688,36.08,94.31,16.157143,PM2.5,20856
11.330000,11.520000,0.280000,0.530000,0.090000,113.699997,-2.610000,-1.070000,280.170013,37.610001,60556.800781,36.09,94.48,16.185715,PM2.5,20857
11.430000,11.660000,0.330000,0.620000,0.090000,113.620003,-0.850000,-0.990000,284.899994,29.150000,65064.078125,36.11,94.64,16.328571,PM2.5,20858
11.820000,12.150000,0.440000,0.780000,0.090000,110.260002,0.140000,0.190000,287.380005,26.200001,67676.539062,36.12,94.81,16.885714,PM2.5,20859
12.050000,12.370000,0.440000,0.800000,0.090000,113.269997,-0.450000,-1.180000,283.910004,31.059999,63989.230469,36.13,94.98,17.214287,PM2.5,20860
11.790000,12.050000,0.350000,0.550000,0.090000,113.900002,-1.110000,-1.820000,281.929993,33.959999,61896.179688,36.15,95.15,16.842857,PM2.5,20861
11.390000,11.630000,0.320000,0.500000,0.090000,114.690002,-0.700000,-1.340000,283.820007,30.620001,63876.718750,36.16,95.31,16.271429,PM2.5,20862
11.210000,11.430000,0.300000,0.490000,0.090000,115.769997,0.300000,-1.270000,284.549988,29.459999,64555.679688,36.17,95.48,16.014286,PM2.5,20863
11.250000,11.460000,0.290000,0.480000,0.090000,116.099998,0.500000,-1.230000,284.390015,29.709999,64369.960938,36.18,95.65,16.071428,PM2.5,20864
11.720000,11.910000,0.280000,0.480000,0.090000,116.580002,0.700000,-1.040000,284.670013,29.280001,64693.238281,36.19,95.82,16.742857,PM2.5,20865
11.940000,12.130000,0.270000,0.490000,0.090000,119.279999,0.650000,-1.250000,284.059998,29.660000,64049.660156,36.21,95.98,17.057142,PM2.5,20866
12.850000,13.040000,0.270000,0.510000,0.090000,119.769997,0.520000,-1.370000,285.059998,27.600000,64993.031250,36.22,96.15,18.357143,PM2.5,20867
13.760000,13.950000,0.270000,0.510000,0.090000,118.029999,1.120000,-0.940000,287.709991,24.280001,67727.460938,36.23,96.32,19.657143,PM2.5,20868
13.890000,14.070000,0.260000,0.510000,0.090000,116.279999,2.050000,-0.330000,289.010010,23.030001,69101.023438,36.24,96.49,19.842857,PM2.5,20869
13.240000,13.420000,0.250000,0.520000,0.090000,116.959999,2.280000,0.360000,290.200012,21.889999,70240.812500,36.25,96.66,18.914286,PM2.5,20870
12.610000,12.780000,0.240000,0.560000,0.090000,117.239998,2.310000,0.880000,291.640015,20.420000,71804.039062,36.26,96.82,18.014286,PM2.5,20871
12.420000,12.580000,0.230000,0.600000,0.090000,114.949997,2.600000,0.970000,292.359985,19.870001,72615.843750,36.27,96.99,17.742857,PM2.5,20872
12.670000,12.830000,0.230000,0.620000,0.090000,113.389999,2.870000,0.740000,292.380005,19.910000,72738.953125,36.28,97.16,18.100000,PM2.5,20873
13.060000,13.220000,0.230000,0.630000,0.090000,111.139999,2.770000,0.780000,291.989990,20.580000,72518.968750,36.29,97.33,18.657143,PM2.5,20874
15.860000,16.010000,0.230000,0.610000,0.090000,108.480003,2.010000,0.770000,291.579987,21.719999,72223.000000,36.3,97.5,22.657143,PM2.5,20875
14.620000,14.770000,0.230000,0.600000,0.090000,107.419998,0.910000,1.370000,291.109985,22.980000,71719.953125,36.31,97.66,20.885714,PM2.5,20876
13.650000,13.810000,0.250000,0.610000,0.090000,107.610001,0.210000,2.000000,289.760010,25.360001,70426.773438,36.32,97.83,19.500000,PM2.5,20877
13.350000,13.510000,0.280000,0.600000,0.090000,106.010002,0.380000,1.950000,288.540009,27.440001,69123.546875,36.33,98.0,19.071428,PM2.5,20878
13.070000,13.240000,0.300000,0.560000,0.090000,106.680000,0.500000,1.880000,287.190002,29.790001,67804.796875,36.34,98.17,18.671429,PM2.5,20879
14.980000,15.150000,0.300000,0.480000,0.090000,107.629997,0.510000,1.800000,285.000000,33.630001,65637.289062,36.35,98.34,21.400000,PM2.5,20880
14.040000,14.210000,0.300000,0.470000,0.090000,106.680000,0.750000,1.700000,282.769989,37.580002,63584.429688,36.35,98.5,20.057142,PM2.5,20881
13.380000,13.560000,0.320000,0.470000,0.090000,106.349998,0.950000,1.400000,281.160004,40.930000,62154.449219,36.36,98.67,19.114286,PM2.5,20882
12.670000,12.860000,0.340000,0.460000,0.090000,104.849998,1.450000,1.170000,279.850006,44.540001,61016.589844,36.37,98.84,18.100000,PM2.5,20883
11.770000,12.000000,0.450000,0.490000,0.090000,98.860001,-0.210000,0.300000,280.519989,48.599998,61981.351562,36.38,99.01,16.814287,PM2.5,20884
10.750000,11.060000,0.610000,0.630000,0.090000,94.459999,-2.650000,0.070000,283.640015,48.720001,66080.250000,36.39,99.18,15.357142,PM2.5,20885
10.320000,10.670000,0.720000,0.730000,0.100000,93.489998,-3.400000,0.670000,286.200012,45.500000,69162.976562,36.39,99.35,14.742857,PM2.5,20886
10.140000,10.510000,0.780000,0.770000,0.100000,93.800003,-3.730000,0.860000,286.869995,45.939999,70144.828125,36.4,99.51,14.485715,PM2.5,20887
10.120000,10.520000,0.870000,0.830000,0.100000,94.150002,-3.290000,0.420000,286.579987,47.400002,70080.273438,36.41,99.68,14.457143,PM2.5,20888
10.190000,10.630000,0.960000,0.880000,0.100000,94.559998,-2.860000,-0.050000,285.450012,50.310001,68992.812500,36.41,99.85,14.557142,PM2.5,20889
10.270000,10.780000,1.090000,0.970000,0.100000,95.290001,-2.740000,-1.000000,284.489990,54.119999,68214.843750,36.42,100.02,14.671430,PM2.5,20890
10.560000,11.140000,1.240000,1.220000,0.100000,95.720001,-2.490000,-1.240000,283.679993,56.959999,67508.218750,36.43,100.19,15.085715,PM2.5,20891
10.930000,11.570000,1.380000,1.630000,0.110000,96.949997,-2.460000,-0.890000,283.450012,57.529999,67334.882812,36.43,100.36,15.614286,PM2.5,20892
11.580000,12.340000,1.640000,2.350000,0.120000,97.470001,-2.420000,-0.780000,282.720001,59.299999,66866.382812,36.44,100.53,16.542856,PM2.5,20893
11.780000,12.680000,1.730000,2.490000,0.120000,97.650002,-2.110000,-0.580000,282.450012,59.889999,66586.359375,36.44,100.69,16.828571,PM2.5,20894
11.910000,13.040000,1.800000,2.450000,0.130000,96.290001,-1.990000,-0.390000,282.820007,58.840000,66769.882812,36.45,100.86,17.014286,PM2.5,20895
12.620000,14.410000,2.150000,2.840000,0.150000,94.430000,-2.770000,-0.140000,281.329987,65.720001,65401.039062,36.46,101.03,18.028572,PM2.5,20896
13.890000,16.860001,2.720000,3.900000,0.180000,90.800003,-3.180000,0.540000,280.369995,74.919998,65117.460938,36.46,101.2,19.842857,PM2.5,20897
14.280000,18.809999,3.290000,5.720000,0.240000,89.599998,-2.450000,1.060000,282.609985,70.650002,67913.093750,36.46,101.37,20.400000,PM2.5,20898
15.120000,22.290001,4.330000,9.980000,0.330000,90.290001,-1.830000,0.380000,285.339996,62.619999,71137.343750,36.47,101.54,22.290001,PM10,20899
16.209999,26.700001,5.460000,14.860000,0.420000,87.550003,-1.400000,-0.370000,286.480011,58.930000,72574.960938,36.47,101.71,26.700001,PM10,20900
16.420000,28.379999,5.530000,15.590000,0.450000,85.220001,-0.790000,-0.500000,287.290009,56.240002,73645.187500,36.48,101.88,28.379999,PM10,20901
15.510000,25.080000,4.410000,11.670000,0.390000,85.269997,-0.640000,-0.830000,288.980011,50.709999,75539.843750,36.48,102.04,25.080000,PM10,20902
15.100000,22.500000,3.580000,8.470000,0.310000,85.870003,-0.720000,-1.230000,290.500000,46.330002,77443.453125,36.49,102.21,22.500000,PM10,20903
15.090000,20.410000,2.960000,6.300000,0.230000,87.410004,-0.090000,-1.650000,290.769989,44.980000,77846.890625,36.49,102.38,21.557142,PM2.5,20904
15.530000,19.980000,2.600000,5.440000,0.200000,89.320000,0.540000,-2.010000,289.649994,46.700001,76408.273438,36.49,102.55,22.185715,PM2.5,20905
16.389999,22.660000,3.060000,7.420000,0.240000,89.370003,0.720000,-2.490000,290.429993,43.919998,77129.468750,36.49,102.72,23.414286,PM2.5,20906
6.460000,6.600000,0.190000,0.110000,0.100000,83.059998,-5.800000,4.250000,274.910004,72.339996,54595.671875,35.77,89.79,9.228572,PM2.5,21076
6.860000,7.010000,0.200000,0.110000,0.100000,84.879997,-5.780000,3.710000,275.570007,69.199997,55246.140625,35.79,89.96,9.800000,PM2.5,21077
7.020000,7.180000,0.210000,0.100000,0.100000,85.730003,-5.600000,3.420000,275.630005,67.370003,55176.640625,35.81,90.12,10.028571,PM2.5,21078
7.070000,7.230000,0.220000,0.100000,0.100000,85.830002,-5.730000,3.550000,275.799988,65.570000,55250.718750,35.83,90.29,10.100000,PM2.5,21079
7.250000,7.410000,0.230000,0.100000,0.100000,86.570000,-7.060000,3.990000,275.420013,65.589996,55002.789062,35.85,90.46,10.357142,PM2.5,21080
7.510000,7.680000,0.230000,0.100000,0.100000,87.889999,-8.320000,3.870000,273.630005,71.209999,53837.039062,35.86,90.62,10.728572,PM2.5,21081
7.660000,7.830000,0.230000,0.090000,0.100000,88.370003,-7.620000,2.400000,271.929993,77.330002,52850.910156,35.88,90.79,10.942857,PM2.5,21082
8.070000,8.230000,0.230000,0.100000,0.100000,90.330002,-5.470000,0.910000,272.369995,75.150002,53482.500000,35.9,90.95,11.528571,PM2.5,21083
8.630000,8.790000,0.230000,0.110000,0.100000,93.540001,-3.950000,0.090000,274.510010,65.830002,55084.109375,35.92,91.12,12.328571,PM2.5,21084
9.310000,9.470000,0.230000,0.120000,0.100000,94.070000,-4.140000,0.110000,275.480011,60.340000,55618.480469,35.94,91.29,13.300000,PM2.5,21085
9.670000,9.830000,0.230000,0.120000,0.100000,94.139999,-4.840000,0.330000,275.470001,57.209999,55518.269531,35.95,91.45,13.814286,PM2.5,21086
9.880000,10.040000,0.230000,0.130000,0.090000,93.800003,-5.580000,0.240000,275.570007,55.419998,55657.269531,35.97,91.62,14.114285,PM2.5,21087
10.230000,10.380000,0.220000,0.140000,0.090000,94.269997,-5.800000,-0.070000,275.160004,55.799999,55649.019531,35.99,91.79,14.614285,PM2.5,21088
10.400000,10.540000,0.210000,0.160000,0.090000,91.800003,-5.030000,-1.480000,275.970001,52.959999,56504.488281,36.0,91.95,14.857142,PM2.5,21089
10.870000,11.020000,0.200000,0.180000,0.090000,91.339996,-4.130000,-2.860000,277.709991,47.660000,57950.820312,36.02,92.12,15.528571,PM2.5,21090
10.830000,10.980000,0.190000,0.200000,0.090000,91.010002,-3.580000,-2.160000,278.000000,46.830002,57981.000000,36.04,92.29,15.471429,PM2.5,21091
10.500000,10.640000,0.180000,0.200000,0.090000,91.570000,-3.920000,-0.320000,277.350006,47.080002,57166.429688,36.05,92.45,15.000000,PM2.5,21092
10.120000,10.270000,0.180000,0.200000,0.090000,92.410004,-4.500000,0.470000,276.980011,46.919998,56996.398438,36.07,92.62,14.457143,PM2.5,21093
10.100000,10.240000,0.180000,0.200000,0.090000,95.320000,-4.540000,0.170000,277.269989,45.450001,57438.121094,36.08,92.79,14.428572,PM2.5,21094
10.140000,10.280000,0.180000,0.200000,0.090000,97.470001,-4.810000,0.160000,277.540009,43.580002,57675.949219,36.1,92.95,14.485715,PM2.5,21095
10.190000,10.320000,0.180000,0.200000,0.090000,99.930000,-5.150000,-0.310000,276.540009,45.169998,56919.148438,36.12,93.12,14.557142,PM2.5,21096
10.360000,10.490000,0.180000,0.200000,0.090000,102.800003,-4.600000,-1.390000,275.809998,47.430000,56536.980469,36.13,93.29,14.799999,PM2.5,21097
10.790000,10.930000,0.190000,0.210000,0.090000,106.980003,-3.670000,-2.240000,276.859985,46.349998,57590.550781,36.15,93.46,15.414286,PM2.5,21098
11.130000,11.270000,0.190000,0.230000,0.090000,109.940002,-3.240000,-1.920000,277.579987,44.709999,58211.191406,36.16,93.62,15.900001,PM2.5,21099
11.280000,11.420000,0.200000,0.240000,0.090000,110.050003,-2.980000,-1.390000,278.470001,42.259998,58972.429688,36.17,93.79,16.114285,PM2.5,21100
11.420000,11.570000,0.210000,0.300000,0.090000,110.949997,-2.080000,-1.320000,281.200012,36.209999,61635.199219,36.19,93.96,16.314285,PM2.5,21101
11.660000,11.810000,0.230000,0.480000,0.090000,113.589996,-1.110000,-1.460000,283.690002,31.980000,64085.851562,36.2,94.13,16.657143,PM2.5,21102
11.830000,12.000000,0.250000,0.520000,0.090000,115.349998,-1.040000,-1.780000,283.549988,32.090000,63727.621094,36.22,94.29,16.900000,PM2.5,21103
11.990000,12.200000,0.310000,0.590000,0.090000,116.269997,-1.220000,-1.350000,284.019989,30.900000,63973.910156,36.23,94.46,17.128571,PM2.5,21104
12.290000,12.580000,0.420000,0.830000,0.090000,116.160004,-0.390000,-0.530000,288.220001,24.799999,68033.976562,36.24,94.63,17.557142,PM2.5,21105
13.960000,14.650000,0.970000,1.810000,0.100000,113.190002,0.420000,0.930000,290.049988,23.110001,70208.023438,36.26,94.8,19.942858,PM2.5,21106
14.570000,15.300000,1.040000,1.970000,0.100000,115.220001,0.290000,0.440000,288.940002,24.120001,68844.296875,36.27,94.96,20.814285,PM2.5,21107
13.570000,13.970000,0.570000,0.960000,0.090000,117.889999,0.330000,-0.100000,288.959991,23.780001,68803.023438,36.28,95.13,19.385714,PM2.5,21108
12.560000,12.880000,0.450000,0.730000,0.090000,117.389999,0.950000,0.110000,289.829987,22.650000,69691.882812,36.29,95.3,17.942858,PM2.5,21109
12.250000,12.530000,0.400000,0.650000,0.090000,117.559998,1.330000,-0.010000,289.709991,22.719999,69542.453125,36.31,95.47,17.500000,PM2.5,21110
12.330000,12.590000,0.370000,0.620000,0.090000,117.290001,1.450000,-0.130000,289.489990,23.000000,69317.242188,36.32,95.63,17.614286,PM2.5,21111
13.520000,13.760000,0.340000,0.590000,0.090000,117.360001,1.570000,0.080000,289.829987,22.730000,69688.468750,36.33,95.8,19.314287,PM2.5,21112
13.600000,13.830000,0.320000,0.580000,0.090000,119.570000,1.440000,0.090000,290.279999,22.010000,70155.171875,36.34,95.97,19.428572,PM2.5,21113
13.870000,14.080000,0.310000,0.590000,0.090000,120.029999,1.660000,0.100000,291.119995,20.980000,71134.093750,36.35,96.14,19.814285,PM2.5,21114
14.030000,14.230000,0.300000,0.650000,0.090000,118.300003,2.290000,0.340000,291.760010,20.590000,71979.078125,36.36,96.31,20.042856,PM2.5,21115
13.470000,13.660000,0.290000,0.620000,0.090000,117.199997,2.820000,0.770000,292.079987,20.360001,72369.523438,36.38,96.47,19.242857,PM2.5,21116
12.630000,12.810000,0.260000,0.560000,0.090000,114.440002,2.670000,0.720000,292.589996,20.129999,72902.492188,36.39,96.64,18.042858,PM2.5,21117
12.090000,12.260000,0.250000,0.570000,0.090000,114.769997,2.350000,0.670000,292.579987,20.440001,73176.023438,36.4,96.81,17.271429,PM2.5,21118
12.160000,12.330000,0.240000,0.590000,0.090000,111.510002,2.090000,0.490000,292.239990,21.250000,73019.679688,36.41,96.98,17.371428,PM2.5,21119
11.990000,12.150000,0.240000,0.590000,0.090000,109.980003,1.740000,0.100000,291.970001,21.049999,72757.140625,36.42,97.15,17.128571,PM2.5,21120
11.850000,12.010000,0.240000,0.580000,0.090000,109.209999,1.180000,0.020000,291.899994,21.219999,72567.789062,36.43,97.32,16.928572,PM2.5,21121
12.340000,12.500000,0.240000,0.580000,0.090000,106.580002,0.520000,0.310000,291.579987,22.580000,72338.617188,36.44,97.48,17.628572,PM2.5,21122
12.640000,12.800000,0.250000,0.590000,0.090000,106.750000,0.160000,1.100000,290.950012,23.980000,71780.601562,36.45,97.65,18.057144,PM2.5,21123
12.370000,12.530000,0.270000,0.590000,0.090000,106.029999,-0.010000,1.910000,290.160004,25.639999,71008.601562,36.46,97.82,17.671429,PM2.5,21124
12.410000,12.580000,0.290000,0.590000,0.090000,104.300003,0.260000,1.920000,288.820007,27.920000,69619.976562,36.46,97.99,17.728571,PM2.5,21125
15.450000,15.630000,0.310000,0.570000,0.090000,104.769997,0.410000,1.950000,287.359985,30.770000,68103.046875,36.47,98.16,22.071428,PM2.5,21126
14.040000,14.210000,0.310000,0.500000,0.090000,104.599998,0.350000,2.000000,285.970001,32.930000,66700.703125,36.48,98.33,20.057142,PM2.5,21127
16.870001,17.049999,0.320000,0.480000,0.090000,104.690002,0.420000,1.750000,283.700012,37.270000,64568.851562,36.49,98.49,24.100000,PM2.5,21128
15.340000,15.530000,0.350000,0.490000,0.090000,103.010002,0.440000,1.550000,281.920013,41.520000,63066.410156,36.5,98.66,21.914286,PM2.5,21129
13.420000,13.640000,0.440000,0.520000,0.090000,99.279999,-0.240000,1.140000,281.269989,46.259998,62788.468750,36.51,98.83,19.171429,PM2.5,21130
11.580000,11.860000,0.550000,0.570000,0.090000,95.529999,-2.220000,0.490000,282.489990,50.029999,64677.230469,36.51,99.0,16.542856,PM2.5,21131
10.510000,10.840000,0.680000,0.700000,0.100000,93.629997,-3.250000,0.420000,285.450012,47.380001,68515.773438,36.52,99.17,15.014286,PM2.5,21132
10.170000,10.520000,0.740000,0.770000,0.100000,94.449997,-3.190000,0.620000,287.220001,44.580002,70447.578125,36.53,99.34,14.528571,PM2.5,21133
9.990000,10.370000,0.790000,0.760000,0.100000,94.750000,-3.030000,0.910000,286.450012,46.020000,69585.328125,36.54,99.51,14.271428,PM2.5,21134
10.090000,10.500000,0.870000,0.780000,0.100000,94.879997,-2.760000,0.470000,283.540009,53.080002,66697.757812,36.54,99.67,14.414286,PM2.5,21135
10.210000,10.680000,1.000000,0.850000,0.100000,93.269997,-2.890000,-0.410000,281.079987,62.029999,64827.109375,36.55,99.84,14.585714,PM2.5,21136
10.290000,10.850000,1.150000,0.970000,0.100000,93.029999,-2.410000,-1.430000,281.320007,63.950001,66318.007812,36.56,100.01,14.700000,PM2.5,21137
10.570000,11.230000,1.360000,1.250000,0.100000,94.309998,-1.950000,-1.750000,281.790009,63.310001,67487.226562,36.56,100.18,15.099999,PM2.5,21138
10.870000,11.550000,1.460000,1.540000,0.110000,94.769997,-2.180000,-1.070000,281.799988,62.930000,67440.476562,36.57,100.35,15.528571,PM2.5,21139
12.850000,13.770000,1.840000,2.170000,0.120000,94.139999,-2.060000,-0.120000,279.790009,69.440002,67812.601562,36.57,100.52,18.357143,PM2.5,21140
13.210000,14.540000,2.040000,2.430000,0.130000,91.199997,-2.180000,-0.030000,280.320007,68.389999,67868.593750,36.58,100.69,18.871429,PM2.5,21141
11.980000,13.170000,1.900000,2.410000,0.130000,93.660004,-2.480000,-0.030000,281.690002,61.990002,66032.437500,36.59,100.86,17.114285,PM2.5,21142
12.980000,14.970000,2.300000,3.210000,0.160000,92.199997,-2.740000,0.190000,280.890015,69.089996,65544.476562,36.59,101.03,18.542856,PM2.5,21143
13.870000,17.410000,2.920000,5.180000,0.210000,91.050003,-2.490000,0.280000,283.399994,65.760002,68829.070312,36.6,101.19,19.814285,PM2.5,21144
14.840000,20.639999,3.800000,8.700000,0.290000,91.529999,-1.630000,-0.170000,285.839996,60.080002,71928.578125,36.6,101.36,21.200001,PM2.5,21145
17.170000,28.490000,6.190000,17.860001,0.470000,88.139999,-0.980000,-0.590000,287.739990,55.200001,74334.531250,36.61,101.53,28.490000,PM10,21146
18.230000,34.419998,7.840000,26.389999,0.590000,83.959999,-0.580000,-1.210000,288.679993,52.099998,75581.046875,36.61,101.7,34.419998,PM10,21147
18.510000,37.150002,8.000000,27.610001,0.620000,80.870003,-0.530000,-1.200000,288.670013,51.759998,75492.039062,36.61,101.87,37.150002,PM10,21148
16.190001,27.830000,5.040000,14.840000,0.420000,86.220001,-0.430000,-1.880000,288.429993,50.950001,74819.539062,36.62,102.04,27.830000,PM10,21149
14.880000,21.820000,3.320000,7.800000,0.290000,89.500000,-0.270000,-1.830000,287.779999,51.849998,73960.796875,36.62,102.21,21.820000,PM10,21150
14.960000,19.799999,2.710000,5.530000,0.220000,90.010002,0.240000,-2.250000,286.880005,53.570000,73152.132812,36.62,102.38,21.371429,PM2.5,21151
15.240000,19.250000,2.270000,4.770000,0.190000,90.230003,0.860000,-2.650000,285.950012,55.009998,72318.921875,36.63,102.55,21.771429,PM2.5,21152
6.380000,6.520000,0.180000,0.110000,0.100000,81.519997,-5.010000,3.750000,275.820007,67.959999,55159.640625,35.88,89.6,9.114285,PM2.5,21322
6.550000,6.690000,0.190000,0.110000,0.100000,82.690002,-5.700000,4.470000,275.480011,68.809998,54980.320312,35.9,89.77,9.357143,PM2.5,21323
6.690000,6.840000,0.200000,0.110000,0.100000,84.129997,-5.550000,4.130000,275.059998,69.790001,54720.210938,35.92,89.93,9.557143,PM2.5,21324
6.890000,7.040000,0.200000,0.100000,0.100000,85.150002,-4.820000,3.510000,274.880005,70.440002,54572.570312,35.94,90.1,9.842857,PM2.5,21325
7.130000,7.290000,0.210000,0.110000,0.100000,85.709999,-4.370000,3.340000,275.609985,66.910004,55096.660156,35.96,90.27,10.185715,PM2.5,21326
7.340000,7.500000,0.220000,0.110000,0.100000,86.800003,-5.180000,3.860000,275.950012,63.439999,55231.300781,35.98,90.43,10.485715,PM2.5,21327
7.490000,7.650000,0.220000,0.100000,0.100000,88.599998,-6.760000,4.930000,274.929993,64.540001,54448.281250,36.0,90.6,10.700000,PM2.5,21328
7.490000,7.650000,0.220000,0.100000,0.090000,89.449997,-7.360000,4.700000,272.760010,71.800003,53019.859375,36.02,90.77,10.700000,PM2.5,21329
8.760000,8.920000,0.230000,0.120000,0.090000,93.290001,-4.700000,1.980000,272.190002,73.650002,53406.621094,36.05,91.1,12.514286,PM2.5,21331
9.460000,9.620000,0.230000,0.130000,0.090000,95.400002,-4.220000,1.030000,273.880005,65.440002,54662.371094,36.07,91.27,13.514286,PM2.5,21332
9.780000,9.940000,0.230000,0.140000,0.090000,95.989998,-4.730000,1.030000,274.399994,60.680000,54912.019531,36.09,91.43,13.971428,PM2.5,21333
9.930000,10.080000,0.230000,0.140000,0.090000,96.389999,-5.300000,0.850000,274.670013,57.200001,55137.421875,36.11,91.6,14.185715,PM2.5,21334
9.930000,10.080000,0.220000,0.140000,0.090000,95.940002,-5.630000,0.270000,275.100006,54.220001,55587.699219,36.12,91.77,14.185715,PM2.5,21335
10.240000,10.380000,0.210000,0.150000,0.090000,95.690002,-5.680000,-0.980000,274.890015,54.400002,55713.660156,36.14,91.93,14.628572,PM2.5,21336
11.120000,11.260000,0.200000,0.180000,0.090000,95.610001,-4.650000,-2.120000,275.670013,51.599998,56523.769531,36.16,92.1,15.885715,PM2.5,21337
11.430000,11.570000,0.190000,0.210000,0.090000,93.940002,-3.220000,-2.610000,278.230011,45.720001,58601.859375,36.17,92.27,16.328571,PM2.5,21338
11.330000,11.470000,0.190000,0.210000,0.090000,96.480003,-3.290000,-2.200000,279.679993,42.419998,59628.980469,36.19,92.43,16.185715,PM2.5,21339
11.050000,11.180000,0.190000,0.210000,0.090000,98.029999,-4.290000,-0.760000,278.480011,43.689999,58324.789062,36.2,92.6,15.785714,PM2.5,21340
10.540000,10.680000,0.180000,0.200000,0.090000,97.239998,-4.490000,0.110000,276.850006,46.740002,57077.171875,36.22,92.77,15.057143,PM2.5,21341
10.350000,10.480000,0.180000,0.200000,0.090000,97.379997,-4.460000,-0.240000,276.899994,46.200001,57238.929688,36.23,92.94,14.785715,PM2.5,21342
10.560000,10.700000,0.180000,0.200000,0.090000,101.730003,-4.610000,-0.700000,276.350006,46.939999,56964.628906,36.25,93.1,15.085715,PM2.5,21343
10.650000,10.780000,0.180000,0.190000,0.090000,102.160004,-4.020000,-0.850000,276.970001,45.549999,57710.058594,36.27,93.27,15.214285,PM2.5,21344
11.130000,11.260000,0.200000,0.200000,0.090000,109.180000,-2.890000,-0.970000,280.399994,37.900002,60979.148438,36.28,93.44,15.900001,PM2.5,21345
11.500000,11.630000,0.200000,0.220000,0.090000,113.470001,-2.160000,-0.900000,283.239990,32.549999,63678.218750,36.29,93.61,16.428572,PM2.5,21346
11.800000,11.940000,0.210000,0.230000,0.090000,114.570000,-1.760000,-0.450000,284.929993,29.770000,65187.320312,36.31,93.77,16.857143,PM2.5,21347
12.090000,12.230000,0.210000,0.270000,0.090000,114.260002,-0.840000,0.270000,287.299988,26.230000,67502.523438,36.32,93.94,17.271429,PM2.5,21348
12.140000,12.280000,0.210000,0.410000,0.090000,114.720001,-0.010000,0.500000,289.480011,23.540001,69740.546875,36.34,94.11,17.342857,PM2.5,21349
12.240000,12.390000,0.230000,0.470000,0.090000,116.379997,0.480000,-0.220000,289.910004,22.920000,70108.273438,36.35,94.28,17.485714,PM2.5,21350
12.410000,12.590000,0.280000,0.590000,0.090000,117.620003,1.030000,-0.670000,290.040009,22.629999,70023.273438,36.36,94.44,17.728571,PM2.5,21351
12.740000,13.060000,0.460000,0.990000,0.090000,116.410004,1.380000,-0.700000,291.519989,20.969999,71200.906250,36.38,94.61,18.199999,PM2.5,21352
17.990000,19.480000,2.090000,4.310000,0.110000,112.889999,1.650000,0.780000,292.040009,20.879999,72040.023438,36.39,94.78,25.699999,PM2.5,21353
19.480000,20.990000,2.080000,4.360000,0.110000,111.760002,1.610000,1.130000,292.410004,20.650000,72292.601562,36.4,94.95,27.828571,PM2.5,21354
17.350000,18.040001,0.950000,1.880000,0.100000,115.169998,1.190000,0.760000,292.700012,20.170000,72549.406250,36.42,95.12,24.785715,PM2.5,21355
14.740000,15.230000,0.680000,1.220000,0.100000,116.949997,1.490000,0.560000,292.380005,20.240000,72387.687500,36.43,95.28,21.057142,PM2.5,21356
13.850000,14.240000,0.540000,0.930000,0.090000,115.370003,1.890000,0.230000,292.570007,20.139999,72499.062500,36.44,95.45,19.785715,PM2.5,21357
13.370000,13.710000,0.470000,0.780000,0.090000,114.660004,1.900000,0.100000,292.799988,20.129999,72795.062500,36.45,95.62,19.100000,PM2.5,21358
15.950000,16.230000,0.410000,0.670000,0.090000,114.300003,1.830000,0.080000,292.869995,20.379999,72973.343750,36.47,95.79,22.785713,PM2.5,21359
13.880000,14.130000,0.360000,0.580000,0.090000,114.480003,1.460000,0.140000,293.089996,20.320000,73349.609375,36.48,95.96,19.828571,PM2.5,21360
12.650000,12.870000,0.340000,0.550000,0.090000,115.989998,1.220000,0.060000,292.890015,20.650000,73446.906250,36.49,96.12,18.071428,PM2.5,21361
12.250000,12.450000,0.320000,0.580000,0.090000,113.260002,1.510000,-0.010000,292.450012,21.209999,73088.726562,36.5,96.29,17.500000,PM2.5,21362
11.400000,11.580000,0.300000,0.530000,0.090000,113.099998,1.610000,-0.250000,292.500000,20.590000,72951.171875,36.51,96.46,16.285713,PM2.5,21363
11.170000,11.340000,0.290000,0.490000,0.090000,112.190002,1.230000,-0.680000,292.390015,20.959999,73082.671875,36.52,96.63,15.957143,PM2.5,21364
11.190000,11.360000,0.270000,0.480000,0.090000,111.050003,0.890000,-0.590000,292.239990,21.420000,73104.789062,36.53,96.8,15.985714,PM2.5,21365
11.250000,11.420000,0.260000,0.480000,0.090000,108.830002,0.420000,-0.200000,292.040009,21.770000,72965.156250,36.54,96.97,16.071428,PM2.5,21366
11.270000,11.430000,0.260000,0.490000,0.090000,106.739998,-0.010000,-0.040000,291.820007,22.309999,72787.062500,36.55,97.13,16.100000,PM2.5,21367
11.180000,11.340000,0.260000,0.480000,0.090000,104.220001,-0.460000,-0.160000,291.730011,22.889999,72607.789062,36.56,97.3,15.971429,PM2.5,21368
11.170000,11.330000,0.270000,0.490000,0.090000,103.790001,-0.700000,-0.070000,291.470001,23.700001,72290.843750,36.57,97.47,15.957143,PM2.5,21369
14.090000,14.250000,0.280000,0.510000,0.090000,103.959999,-0.940000,0.380000,290.890015,25.700001,71733.109375,36.58,97.64,20.128572,PM2.5,21370
12.550000,12.710000,0.300000,0.550000,0.090000,104.290001,-1.190000,0.760000,290.130005,27.200001,71104.929688,36.59,97.81,17.928572,PM2.5,21371
12.110000,12.280000,0.310000,0.530000,0.090000,102.250000,-0.860000,0.940000,288.700012,29.559999,69647.140625,36.6,97.98,17.299999,PM2.5,21372
15.030000,15.210000,0.320000,0.510000,0.090000,102.970001,-0.520000,1.070000,286.899994,32.840000,67835.726562,36.61,98.15,21.471428,PM2.5,21373
14.070000,14.260000,0.340000,0.490000,0.090000,102.730003,-0.460000,1.490000,285.410004,35.660000,66422.179688,36.62,98.32,20.100000,PM2.5,21374
12.810000,13.010000,0.380000,0.490000,0.090000,102.150002,-0.880000,1.500000,283.940002,39.529999,65093.929688,36.63,98.48,18.300001,PM2.5,21375
11.860000,12.080000,0.450000,0.520000,0.090000,99.389999,-1.570000,1.140000,282.730011,44.930000,64393.289062,36.63,98.65,16.942856,PM2.5,21376
11.040000,11.300000,0.530000,0.570000,0.090000,96.589996,-2.310000,0.640000,283.119995,48.980000,65396.261719,36.64,98.82,15.771428,PM2.5,21377
10.330000,10.640000,0.620000,0.650000,0.090000,94.610001,-3.000000,0.480000,285.619995,46.599998,68547.156250,36.65,98.99,14.757143,PM2.5,21378
9.950000,10.290000,0.700000,0.720000,0.100000,95.790001,-2.910000,0.670000,287.019989,44.419998,70277.132812,36.66,99.16,14.214286,PM2.5,21379
9.840000,10.190000,0.740000,0.750000,0.100000,95.620003,-2.480000,0.690000,285.850006,46.790001,68858.078125,36.66,99.33,14.057143,PM2.5,21380
9.890000,10.270000,0.810000,0.740000,0.100000,94.269997,-2.630000,0.310000,283.000000,53.660000,66053.148438,36.67,99.5,14.128572,PM2.5,21381
10.000000,10.450000,0.940000,0.750000,0.100000,91.470001,-3.200000,-0.210000,280.519989,62.970001,64289.230469,36.68,99.67,14.285714,PM2.5,21382
10.160000,10.730000,1.100000,0.880000,0.100000,89.169998,-2.140000,0.130000,280.510010,65.809998,65916.710938,36.69,99.84,14.514285,PM2.5,21383
11.350000,12.330000,1.420000,1.130000,0.100000,96.830002,-0.260000,0.110000,279.440002,70.250000,68407.000000,36.69,100.0,16.214287,PM2.5,21384
12.320000,13.510000,1.850000,1.530000,0.100000,98.349998,-0.020000,-0.690000,278.239990,77.269997,69117.500000,36.7,100.17,17.600000,PM2.5,21385
12.710000,13.670000,2.070000,1.890000,0.110000,97.000000,-0.170000,-0.340000,278.390015,77.239998,69084.593750,36.7,100.34,18.157143,PM2.5,21386
13.170000,14.150000,2.210000,2.190000,0.110000,94.779999,-0.560000,0.260000,278.609985,77.599998,69549.046875,36.71,100.51,18.814285,PM2.5,21387
13.250000,14.640000,2.250000,2.420000,0.120000,91.260002,-1.640000,0.120000,279.320007,75.250000,69107.343750,36.72,100.68,18.928572,PM2.5,21388
12.070000,13.220000,2.200000,2.520000,0.130000,91.029999,-2.040000,0.130000,282.250000,62.330002,67255.382812,36.72,100.85,17.242857,PM2.5,21389
12.610000,14.390000,2.370000,3.330000,0.150000,93.220001,-2.130000,0.260000,282.510010,63.759998,67633.828125,36.73,101.02,18.014286,PM2.5,21390
13.660000,16.580000,2.730000,5.010000,0.190000,96.680000,-1.960000,-0.400000,283.859985,63.020000,69782.007812,36.73,101.19,19.514286,PM2.5,21391
14.510000,19.160000,3.460000,7.890000,0.260000,96.730003,-1.330000,-1.230000,285.079987,60.090000,71197.789062,36.74,101.36,20.728571,PM2.5,21392
16.129999,24.629999,5.620000,16.190001,0.380000,92.910004,-0.750000,-1.710000,286.809998,55.360001,73150.671875,36.74,101.53,24.629999,PM10,21393
16.320000,27.340000,6.240000,20.639999,0.430000,89.849998,-0.620000,-2.460000,288.160004,51.189999,75015.562500,36.75,101.7,27.340000,PM10,21394
16.030001,28.389999,5.680000,20.150000,0.430000,90.180000,-1.270000,-1.850000,288.510010,50.799999,75306.398438,36.75,101.87,28.389999,PM10,21395
14.570000,22.129999,3.630000,10.620000,0.300000,93.010002,-0.780000,-2.020000,286.399994,55.290001,72540.023438,36.75,102.04,22.129999,PM10,21396
13.910000,18.440001,2.480000,5.810000,0.220000,93.720001,0.270000,-2.020000,282.649994,65.510002,68519.796875,36.76,102.2,19.871428,PM2.5,21397
13.960000,17.129999,2.010000,4.280000,0.180000,92.589996,0.730000,-1.910000,282.059998,67.099998,68280.250000,36.76,102.37,19.942858,PM2.5,21398
14.250000,16.930000,1.510000,3.520000,0.160000,93.360001,1.350000,-2.410000,284.989990,56.580002,71621.812500,36.76,102.54,20.357143,PM2.5,21399
14.990000,17.780001,1.330000,3.690000,0.160000,93.360001,1.170000,-4.010000,287.140015,48.939999,74125.742188,36.77,102.71,21.414286,PM2.5,21400
6.590000,6.730000,0.180000,0.120000,0.100000,81.690002,-4.560000,3.160000,275.970001,67.500000,55337.960938,36.02,89.58,9.414286,PM2.5,21568
6.820000,6.960000,0.190000,0.120000,0.100000,83.730003,-5.090000,3.830000,276.269989,64.739998,55455.609375,36.04,89.74,9.742857,PM2.5,21569
6.870000,7.020000,0.190000,0.110000,0.100000,84.279999,-5.460000,4.100000,275.529999,67.309998,54880.750000,36.06,89.91,9.814285,PM2.5,21570
7.060000,7.210000,0.200000,0.110000,0.100000,85.379997,-5.030000,3.690000,274.839996,70.290001,54505.460938,36.08,90.08,10.085714,PM2.5,21571
7.320000,7.480000,0.200000,0.110000,0.100000,86.669998,-4.300000,2.990000,275.070007,68.690002,54768.699219,36.1,90.24,10.457143,PM2.5,21572
7.520000,7.670000,0.210000,0.120000,0.090000,87.669998,-4.120000,2.870000,275.450012,65.970001,55030.820312,36.11,90.41,10.742857,PM2.5,21573
7.770000,7.930000,0.220000,0.120000,0.090000,89.559998,-4.900000,3.830000,275.790009,62.220001,55234.910156,36.13,90.58,11.100000,PM2.5,21574
9.840000,9.990000,0.220000,0.130000,0.090000,96.199997,-4.670000,2.130000,274.070007,64.709999,55004.640625,36.21,91.24,14.057143,PM2.5,21578
10.430000,10.580000,0.220000,0.150000,0.090000,96.970001,-4.510000,1.090000,275.200012,58.250000,55768.210938,36.22,91.41,14.900001,PM2.5,21579
10.570000,10.720000,0.220000,0.150000,0.090000,98.010002,-5.240000,0.920000,274.980011,55.580002,55516.859375,36.24,91.58,15.099999,PM2.5,21580
10.720000,10.870000,0.210000,0.150000,0.090000,99.360001,-6.110000,0.740000,274.399994,55.490002,55152.750000,36.26,91.75,15.314286,PM2.5,21581
10.950000,11.090000,0.210000,0.160000,0.090000,98.919998,-5.920000,0.150000,274.309998,55.320000,55352.910156,36.27,91.91,15.642857,PM2.5,21582
11.560000,11.690000,0.200000,0.200000,0.090000,95.050003,-4.700000,-0.810000,276.450012,49.090000,57286.160156,36.29,92.08,16.514286,PM2.5,21583
12.160000,12.300000,0.200000,0.210000,0.090000,99.540001,-3.770000,-1.900000,279.359985,42.099998,59946.921875,36.31,92.25,17.371428,PM2.5,21584
12.380000,12.510000,0.210000,0.210000,0.090000,102.910004,-3.820000,-2.650000,280.510010,39.730000,60944.859375,36.32,92.41,17.685715,PM2.5,21585
12.450000,12.590000,0.210000,0.210000,0.090000,103.919998,-4.080000,-2.290000,280.540009,39.340000,60721.230469,36.34,92.58,17.785713,PM2.5,21586
12.240000,12.370000,0.210000,0.210000,0.090000,104.440002,-4.340000,-1.000000,280.140015,39.610001,60176.851562,36.35,92.75,17.485714,PM2.5,21587
11.940000,12.070000,0.210000,0.210000,0.090000,105.660004,-4.940000,-0.450000,279.160004,41.150002,59473.570312,36.37,92.92,17.057142,PM2.5,21588
11.830000,11.960000,0.210000,0.210000,0.090000,109.269997,-4.560000,-0.570000,279.250000,40.610001,59936.441406,36.39,93.08,16.900000,PM2.5,21589
11.540000,11.680000,0.210000,0.210000,0.090000,110.400002,-3.010000,-0.090000,282.140015,34.439999,62593.109375,36.4,93.25,16.485714,PM2.5,21590
11.770000,11.910000,0.210000,0.220000,0.090000,113.010002,-1.560000,0.740000,285.640015,28.410000,65896.820312,36.42,93.42,16.814287,PM2.5,21591
12.060000,12.200000,0.220000,0.230000,0.090000,114.809998,-0.750000,0.750000,288.019989,25.129999,68189.640625,36.43,93.59,17.228573,PM2.5,21592
12.390000,12.530000,0.220000,0.240000,0.090000,115.760002,-0.150000,0.650000,289.690002,23.129999,69798.320312,36.44,93.76,17.700001,PM2.5,21593
12.900000,13.040000,0.220000,0.270000,0.090000,115.830002,0.640000,0.800000,290.959991,21.799999,71049.109375,36.46,93.92,18.428572,PM2.5,21594
13.140000,13.280000,0.220000,0.360000,0.090000,115.959999,0.990000,1.110000,291.799988,20.930000,71936.492188,36.47,94.09,18.771429,PM2.5,21595
13.150000,13.290000,0.220000,0.420000,0.090000,116.400002,1.450000,0.730000,292.450012,20.350000,72755.812500,36.49,94.26,18.785713,PM2.5,21596
12.950000,13.100000,0.230000,0.440000,0.090000,115.410004,1.660000,0.200000,292.929993,19.900000,73167.187500,36.5,94.43,18.500000,PM2.5,21597
13.290000,13.470000,0.270000,0.560000,0.090000,115.870003,1.990000,-0.620000,292.619995,20.070000,72867.289062,36.51,94.59,18.985714,PM2.5,21598
18.110001,18.830000,1.020000,2.240000,0.100000,113.699997,2.380000,-0.080000,292.510010,20.440001,72654.976562,36.53,94.76,25.871429,PM2.5,21599
16.530001,17.440001,1.270000,2.810000,0.100000,112.300003,2.090000,0.340000,292.630005,20.420000,72835.812500,36.54,94.93,23.614286,PM2.5,21600
14.930000,15.550000,0.860000,1.810000,0.100000,113.470001,1.960000,0.030000,292.649994,20.570000,72969.031250,36.55,95.1,21.328571,PM2.5,21601
13.670000,14.140000,0.670000,1.230000,0.100000,115.970001,1.900000,-0.150000,292.690002,20.219999,73056.718750,36.56,95.27,19.528572,PM2.5,21602
12.750000,13.120000,0.540000,0.890000,0.090000,116.000000,1.790000,-0.450000,292.730011,20.270000,73171.812500,36.58,95.44,18.214285,PM2.5,21603
12.040000,12.340000,0.470000,0.690000,0.090000,115.410004,1.510000,-0.540000,292.700012,20.639999,73218.390625,36.59,95.6,17.200001,PM2.5,21604
11.420000,11.690000,0.430000,0.560000,0.090000,114.559998,0.880000,-0.660000,292.589996,21.230000,73215.976562,36.6,95.77,16.314285,PM2.5,21605
10.890000,11.120000,0.390000,0.470000,0.090000,113.720001,0.340000,-0.830000,292.450012,21.889999,73232.671875,36.61,95.94,15.557143,PM2.5,21606
10.530000,10.730000,0.360000,0.440000,0.090000,112.900002,0.150000,-0.830000,292.380005,22.270000,73260.171875,36.62,96.11,15.042857,PM2.5,21607
10.270000,10.460000,0.340000,0.460000,0.090000,111.309998,-0.120000,-0.770000,292.339996,22.430000,73260.023438,36.64,96.28,14.671430,PM2.5,21608
10.140000,10.310000,0.330000,0.450000,0.090000,110.199997,-0.280000,-1.070000,292.299988,22.549999,73283.000000,36.65,96.45,14.485715,PM2.5,21609
10.100000,10.260000,0.320000,0.420000,0.090000,109.430000,-0.160000,-1.010000,292.220001,22.690001,73227.937500,36.66,96.62,14.428572,PM2.5,21610
10.260000,10.430000,0.310000,0.410000,0.090000,108.309998,-0.210000,-0.510000,292.000000,22.920000,72979.132812,36.67,96.78,14.657144,PM2.5,21611
10.530000,10.690000,0.300000,0.430000,0.090000,106.570000,-0.720000,-0.020000,291.929993,23.230000,72860.343750,36.68,96.95,15.042857,PM2.5,21612
10.580000,10.750000,0.310000,0.450000,0.090000,105.480003,-1.470000,0.230000,291.829987,23.920000,72718.289062,36.69,97.12,15.114285,PM2.5,21613
10.500000,10.670000,0.320000,0.470000,0.090000,105.129997,-2.100000,0.190000,291.450012,24.980000,72329.617188,36.7,97.29,15.000000,PM2.5,21614
10.710000,10.890000,0.330000,0.470000,0.090000,103.779999,-2.420000,0.240000,290.640015,27.080000,71537.929688,36.71,97.46,15.300000,PM2.5,21615
10.320000,10.500000,0.350000,0.500000,0.090000,104.629997,-2.620000,0.330000,289.549988,29.100000,70550.367188,36.72,97.63,14.742857,PM2.5,21616
10.090000,10.270000,0.370000,0.540000,0.090000,103.739998,-2.440000,0.460000,288.690002,30.830000,69786.359375,36.73,97.8,14.414286,PM2.5,21617
10.720000,10.910000,0.380000,0.520000,0.090000,101.959999,-1.950000,0.700000,287.529999,33.220001,68680.796875,36.74,97.97,15.314286,PM2.5,21618
11.800000,12.010000,0.400000,0.520000,0.090000,101.400002,-1.500000,1.120000,286.029999,36.360001,67303.726562,36.74,98.14,16.857143,PM2.5,21619
11.370000,11.590000,0.440000,0.530000,0.090000,101.190002,-1.910000,1.390000,285.029999,39.549999,66398.382812,36.75,98.3,16.242857,PM2.5,21620
10.770000,11.010000,0.490000,0.550000,0.090000,99.620003,-3.180000,1.010000,284.739990,42.799999,66531.750000,36.76,98.47,15.385715,PM2.5,21621
10.340000,10.600000,0.530000,0.560000,0.090000,97.989998,-3.470000,0.420000,284.549988,46.369999,66939.718750,36.77,98.64,14.771429,PM2.5,21622
10.040000,10.330000,0.580000,0.630000,0.090000,96.290001,-2.730000,0.300000,284.959991,47.950001,67772.046875,36.78,98.81,14.342857,PM2.5,21623
9.690000,10.000000,0.630000,0.670000,0.090000,96.000000,-2.430000,0.550000,286.549988,44.740002,69512.750000,36.79,98.98,13.842856,PM2.5,21624
9.610000,9.940000,0.700000,0.680000,0.090000,96.059998,-2.160000,0.990000,285.380005,46.889999,68284.718750,36.79,99.15,13.728571,PM2.5,21625
9.740000,10.100000,0.780000,0.690000,0.100000,95.110001,-2.520000,0.350000,281.989990,56.029999,64979.949219,36.8,99.32,13.914286,PM2.5,21626
9.840000,10.270000,0.920000,0.730000,0.100000,91.589996,-3.530000,-0.340000,280.399994,63.980000,64351.390625,36.81,99.49,14.057143,PM2.5,21627
10.040000,10.560000,1.070000,0.800000,0.100000,89.290001,-2.470000,0.220000,280.540009,66.250000,66320.578125,36.81,99.66,14.342857,PM2.5,21628
10.820000,11.700000,1.220000,0.930000,0.100000,95.199997,-0.380000,1.130000,279.779999,69.510002,68904.562500,36.82,99.83,15.457143,PM2.5,21629
12.170000,12.920000,1.700000,1.190000,0.100000,99.610001,-0.060000,0.200000,278.220001,77.470001,69766.937500,36.83,100.0,17.385714,PM2.5,21630
13.460000,14.250000,2.480000,1.740000,0.100000,100.320000,-0.610000,-0.420000,277.500000,82.720001,69424.796875,36.83,100.17,19.228571,PM2.5,21631
14.120000,15.000000,3.220000,2.280000,0.110000,99.400002,-1.400000,-0.350000,277.769989,82.449997,69408.757812,36.84,100.34,20.171429,PM2.5,21632
14.450000,15.490000,4.030000,2.860000,0.110000,97.790001,-2.480000,-0.330000,278.559998,78.599998,69398.453125,36.85,100.5,20.642857,PM2.5,21633
15.030000,16.620001,5.880000,3.970000,0.130000,96.050003,-2.070000,-0.140000,279.570007,73.040001,68851.179688,36.85,100.67,21.471428,PM2.5,21634
13.290000,14.680000,6.870000,4.610000,0.130000,96.650002,-1.290000,-0.280000,283.070007,59.810001,68951.843750,36.86,100.84,18.985714,PM2.5,21635
12.740000,14.220000,4.370000,3.740000,0.130000,100.320000,-1.780000,-0.620000,283.510010,58.630001,69120.382812,36.86,101.01,18.199999,PM2.5,21636
13.060000,14.990000,2.570000,3.590000,0.150000,100.129997,-2.210000,-1.000000,282.369995,64.849998,68067.046875,36.87,101.18,18.657143,PM2.5,21637
13.750000,16.440001,2.790000,4.950000,0.180000,99.139999,-1.410000,-1.400000,282.609985,66.779999,68694.679688,36.87,101.35,19.642857,PM2.5,21638
14.350000,18.580000,4.890000,12.650000,0.230000,95.279999,-0.310000,-2.360000,284.890015,59.580002,71323.523438,36.88,101.52,20.500000,PM2.5,21639
14.000000,18.510000,4.320000,12.100000,0.240000,94.510002,-0.480000,-2.960000,286.779999,53.139999,73681.382812,36.88,101.69,20.000000,PM2.5,21640
13.100000,16.799999,2.380000,6.840000,0.210000,98.769997,-1.370000,-2.400000,287.390015,52.040001,74079.289062,36.88,101.86,18.714287,PM2.5,21641
13.160000,15.970000,1.920000,4.730000,0.180000,99.459999,-0.950000,-1.590000,284.339996,60.459999,70570.539062,36.89,102.03,18.799999,PM2.5,21642
13.480000,15.550000,1.610000,3.400000,0.160000,98.889999,0.610000,-1.480000,280.399994,71.449997,66574.539062,36.89,102.2,19.257143,PM2.5,21643
13.690000,15.350000,1.280000,2.620000,0.140000,98.010002,1.420000,-1.920000,282.420013,62.880001,68686.476562,36.9,102.37,19.557142,PM2.5,21644
14.160000,15.710000,1.020000,2.200000,0.130000,96.720001,1.140000,-3.170000,286.070007,50.950001,72951.921875,36.9,102.54,20.228571,PM2.5,21645
7.370000,7.520000,0.200000,0.120000,0.090000,86.750000,-5.710000,3.830000,275.649994,66.589996,55242.960938,36.21,90.05,10.528571,PM2.5,21818
9.490000,9.640000,0.210000,0.130000,0.090000,95.769997,-6.860000,4.140000,274.750000,62.520000,55447.710938,36.32,91.06,13.557142,PM2.5,21824
10.370000,10.520000,0.220000,0.140000,0.090000,97.160004,-5.940000,2.420000,275.179993,59.080002,56006.371094,36.34,91.22,14.814285,PM2.5,21825
11.020000,11.170000,0.210000,0.170000,0.090000,95.669998,-5.190000,0.730000,276.119995,53.709999,56727.781250,36.36,91.39,15.742858,PM2.5,21826
11.260000,11.400000,0.210000,0.180000,0.090000,94.639999,-5.200000,-0.270000,276.940002,49.730000,57434.039062,36.37,91.56,16.085714,PM2.5,21827
11.420000,11.560000,0.210000,0.180000,0.090000,96.190002,-5.780000,-0.130000,277.350006,47.209999,57859.578125,36.39,91.72,16.314285,PM2.5,21828
11.620000,11.760000,0.210000,0.180000,0.090000,97.599998,-5.860000,0.480000,277.829987,45.290001,58497.558594,36.41,91.89,16.600000,PM2.5,21829
12.050000,12.180000,0.210000,0.210000,0.090000,99.330002,-4.880000,0.190000,279.829987,40.400002,60518.660156,36.42,92.06,17.214287,PM2.5,21830
12.490000,12.630000,0.230000,0.210000,0.090000,105.690002,-3.940000,-0.590000,281.959991,35.980000,62593.500000,36.44,92.23,17.842857,PM2.5,21831
12.840000,12.980000,0.240000,0.200000,0.090000,110.019997,-3.620000,-1.530000,283.019989,34.209999,63719.761719,36.46,92.39,18.342857,PM2.5,21832
13.430000,13.580000,0.250000,0.210000,0.090000,113.120003,-3.570000,-2.160000,284.109985,32.330002,64774.890625,36.47,92.56,19.185715,PM2.5,21833
13.920000,14.060000,0.250000,0.220000,0.090000,114.379997,-4.010000,-1.980000,284.040009,32.209999,64391.000000,36.49,92.73,19.885714,PM2.5,21834
14.620000,14.760000,0.250000,0.220000,0.090000,115.410004,-4.390000,-1.080000,282.220001,34.669998,62502.750000,36.5,92.9,20.885714,PM2.5,21835
15.680000,15.820000,0.250000,0.250000,0.090000,115.769997,-3.260000,-0.430000,282.779999,33.340000,63140.718750,36.52,93.07,22.400000,PM2.5,21836
12.540000,12.690000,0.240000,0.270000,0.090000,115.279999,-1.250000,-0.030000,286.109985,27.920000,66279.281250,36.54,93.23,17.914286,PM2.5,21837
12.750000,12.890000,0.240000,0.280000,0.090000,115.269997,0.060000,0.350000,288.380005,24.850000,68498.203125,36.55,93.4,18.214285,PM2.5,21838
13.040000,13.190000,0.240000,0.300000,0.090000,115.470001,0.850000,0.220000,289.470001,23.430000,69623.820312,36.56,93.57,18.628571,PM2.5,21839
13.370000,13.510000,0.240000,0.330000,0.090000,116.029999,1.500000,0.050000,291.019989,21.660000,71175.648438,36.58,93.74,19.100000,PM2.5,21840
14.130000,14.270000,0.240000,0.350000,0.090000,116.500000,2.050000,-0.260000,292.160004,20.760000,72406.257812,36.59,93.91,20.185715,PM2.5,21841
14.580000,14.720000,0.230000,0.370000,0.090000,115.190002,1.930000,-0.260000,292.410004,20.780001,72660.421875,36.61,94.07,20.828571,PM2.5,21842
14.520000,14.660000,0.230000,0.390000,0.090000,117.480003,2.060000,-0.100000,292.230011,21.010000,72755.953125,36.62,94.24,20.742857,PM2.5,21843
14.290000,14.430000,0.230000,0.390000,0.090000,118.080002,2.520000,-0.220000,292.309998,20.870001,72906.726562,36.63,94.41,20.414286,PM2.5,21844
14.080000,14.220000,0.230000,0.390000,0.090000,117.989998,2.800000,-0.520000,292.359985,20.740000,73004.289062,36.65,94.58,20.114286,PM2.5,21845
14.240000,14.500000,0.380000,0.750000,0.090000,115.320000,2.830000,-0.420000,292.480011,20.760000,73043.296875,36.66,94.75,20.342857,PM2.5,21846
13.710000,14.090000,0.550000,1.150000,0.090000,115.050003,2.290000,-0.320000,292.660004,20.070000,73093.093750,36.67,94.92,19.585714,PM2.5,21847
13.080000,13.470000,0.570000,1.120000,0.090000,116.669998,1.840000,-0.420000,292.619995,20.100000,73152.742188,36.69,95.08,18.685715,PM2.5,21848
12.340000,12.690000,0.530000,0.910000,0.090000,116.680000,1.710000,-0.700000,292.600006,20.420000,73232.226562,36.7,95.25,17.628572,PM2.5,21849
11.630000,11.930000,0.480000,0.710000,0.090000,116.239998,1.320000,-0.660000,292.570007,20.940001,73283.976562,36.71,95.42,16.614286,PM2.5,21850
11.120000,11.380000,0.450000,0.580000,0.090000,115.620003,0.700000,-0.520000,292.570007,21.440001,73306.898438,36.72,95.59,15.885715,PM2.5,21851
10.540000,10.770000,0.420000,0.470000,0.090000,114.400002,-0.520000,-0.550000,292.519989,22.139999,73336.156250,36.74,95.76,15.057143,PM2.5,21852
10.110000,10.320000,0.410000,0.410000,0.090000,112.459999,-1.310000,-0.920000,292.299988,22.820000,73346.000000,36.75,95.93,14.442857,PM2.5,21853
9.800000,9.980000,0.390000,0.370000,0.090000,112.029999,-1.240000,-1.040000,292.339996,22.820000,73347.781250,36.76,96.1,14.000000,PM2.5,21854
9.740000,9.910000,0.380000,0.400000,0.090000,111.410004,-1.580000,-1.300000,292.390015,23.000000,73434.460938,36.77,96.26,13.914286,PM2.5,21855
9.570000,9.740000,0.380000,0.400000,0.090000,110.970001,-1.620000,-1.430000,292.220001,23.360001,73215.343750,36.78,96.43,13.671428,PM2.5,21856
9.500000,9.670000,0.370000,0.400000,0.090000,109.940002,-1.200000,-1.210000,291.589996,24.389999,72553.296875,36.79,96.6,13.571428,PM2.5,21857
9.710000,9.880000,0.370000,0.410000,0.090000,108.029999,-1.220000,-0.510000,291.339996,25.320000,72289.523438,36.8,96.77,13.871428,PM2.5,21858
9.980000,10.150000,0.370000,0.540000,0.090000,104.889999,-1.720000,0.030000,291.390015,26.340000,72401.523438,36.81,96.94,14.257142,PM2.5,21859
10.120000,10.300000,0.370000,0.840000,0.090000,104.570000,-2.100000,0.450000,291.100006,26.740000,72033.257812,36.82,97.11,14.457143,PM2.5,21860
10.040000,10.220000,0.380000,1.170000,0.100000,104.709999,-2.220000,0.870000,290.420013,27.469999,71282.468750,36.83,97.28,14.342857,PM2.5,21861
9.930000,10.110000,0.390000,1.300000,0.100000,103.769997,-2.160000,1.280000,289.510010,28.790001,70269.781250,36.84,97.45,14.185715,PM2.5,21862
9.800000,9.990000,0.420000,1.160000,0.100000,103.540001,-2.580000,1.490000,288.390015,31.240000,69199.429688,36.85,97.62,14.000000,PM2.5,21863
9.740000,9.940000,0.440000,0.830000,0.100000,103.040001,-3.000000,1.400000,287.109985,34.599998,68187.031250,36.86,97.79,13.914286,PM2.5,21864
9.850000,10.070000,0.470000,0.630000,0.090000,102.849998,-3.000000,1.080000,285.579987,39.590000,67044.328125,36.87,97.96,14.071429,PM2.5,21865
10.140000,10.390000,0.530000,0.650000,0.090000,101.430000,-3.160000,1.180000,285.700012,41.189999,67499.406250,36.88,98.12,14.485715,PM2.5,21866
10.090000,10.400000,0.640000,0.790000,0.090000,103.029999,-3.820000,1.040000,287.429993,38.480000,69307.148438,36.89,98.29,14.414286,PM2.5,21867
9.730000,10.010000,0.590000,0.660000,0.090000,102.980003,-4.260000,0.800000,286.700012,40.799999,68767.453125,36.9,98.46,13.900000,PM2.5,21868
9.520000,9.790000,0.560000,0.600000,0.090000,100.970001,-3.260000,0.520000,284.390015,47.250000,66968.601562,36.91,98.63,13.600000,PM2.5,21869
9.420000,9.720000,0.580000,0.670000,0.090000,97.910004,-2.010000,0.790000,284.279999,48.689999,67074.757812,36.91,98.8,13.457143,PM2.5,21870
9.470000,9.790000,0.640000,0.660000,0.090000,97.129997,-1.710000,1.350000,284.059998,49.369999,66837.476562,36.92,98.97,13.528572,PM2.5,21871
9.580000,9.930000,0.710000,0.630000,0.090000,95.650002,-2.280000,1.010000,281.459991,57.230000,64362.609375,36.93,99.14,13.685714,PM2.5,21872
9.620000,10.010000,0.820000,0.610000,0.090000,91.870003,-3.280000,0.270000,279.390015,67.779999,63251.808594,36.94,99.31,13.742857,PM2.5,21873
9.830000,10.290000,0.960000,0.720000,0.100000,89.860001,-2.300000,0.310000,280.339996,67.300003,65888.171875,36.94,99.48,14.042857,PM2.5,21874
10.780000,11.580000,1.070000,0.920000,0.100000,95.349998,-0.420000,1.130000,279.829987,69.300003,68869.859375,36.95,99.65,15.400000,PM2.5,21875
11.710000,12.360000,1.160000,0.810000,0.100000,99.370003,-0.230000,0.780000,278.540009,75.589996,69514.648438,36.96,99.82,16.728571,PM2.5,21876
12.450000,13.080000,1.420000,0.880000,0.100000,102.010002,-0.560000,-0.120000,278.130005,78.230003,69340.851562,36.96,99.99,17.785713,PM2.5,21877
13.110000,13.750000,1.820000,1.150000,0.100000,102.550003,-0.510000,-0.110000,278.079987,79.739998,69323.976562,36.97,100.16,18.728571,PM2.5,21878
13.720000,14.400000,2.460000,1.600000,0.110000,101.660004,-1.080000,-0.060000,278.179993,79.949997,69357.601562,36.98,100.33,19.600000,PM2.5,21879
13.470000,14.210000,3.070000,1.890000,0.110000,100.379997,-1.680000,0.130000,279.450012,72.279999,69047.132812,36.98,100.5,19.242857,PM2.5,21880
11.490000,12.190000,3.370000,2.140000,0.110000,101.739998,-1.550000,-0.060000,282.679993,57.869999,68575.296875,36.99,100.67,16.414286,PM2.5,21881
11.390000,12.170000,4.030000,2.400000,0.110000,103.709999,-1.610000,-0.840000,283.489990,54.799999,69231.226562,36.99,100.84,16.271429,PM2.5,21882
11.260000,12.080000,2.940000,2.020000,0.110000,104.660004,-2.110000,-1.690000,283.220001,56.580002,68897.906250,37.0,101.01,16.085714,PM2.5,21883
11.850000,12.900000,1.830000,2.040000,0.120000,103.000000,-2.110000,-1.470000,280.799988,68.570000,66825.601562,37.0,101.18,16.928572,PM2.5,21884
12.280000,13.630000,1.640000,2.590000,0.140000,100.760002,-0.570000,-1.450000,281.369995,69.190002,67804.882812,37.01,101.35,17.542856,PM2.5,21885
12.550000,14.430000,2.130000,4.590000,0.150000,98.730003,0.420000,-2.590000,284.369995,58.189999,71075.679688,37.01,101.52,17.928572,PM2.5,21886
12.820000,14.890000,2.040000,4.780000,0.150000,97.599998,-0.380000,-2.800000,285.339996,54.650002,72034.906250,37.02,101.69,18.314285,PM2.5,21887
12.730000,14.350000,1.330000,3.110000,0.140000,99.580002,-0.970000,-2.320000,284.489990,57.040001,71127.500000,37.02,101.86,18.185713,PM2.5,21888
12.960000,14.270000,1.160000,2.530000,0.130000,101.940002,-0.470000,-1.270000,282.519989,63.340000,69028.117188,37.02,102.03,18.514286,PM2.5,21889
13.420000,14.400000,1.000000,1.970000,0.120000,101.750000,0.520000,-1.260000,281.709991,64.260002,68263.882812,37.03,102.2,19.171429,PM2.5,21890
13.900000,14.720000,0.830000,1.520000,0.110000,100.190002,1.080000,-2.990000,283.790009,56.090000,70668.062500,37.03,102.37,19.857141,PM2.5,21891
9.600000,9.750000,0.210000,0.140000,0.090000,96.879997,-7.060000,4.180000,274.730011,60.110001,55459.398438,36.46,91.03,13.714286,PM2.5,22074
10.130000,10.280000,0.220000,0.150000,0.090000,97.459999,-6.530000,3.130000,273.850006,61.230000,54972.871094,36.47,91.2,14.471429,PM2.5,22075
10.690000,10.840000,0.220000,0.180000,0.090000,96.849998,-5.700000,1.550000,274.600006,57.299999,55772.898438,36.49,91.37,15.271428,PM2.5,22076
11.190000,11.340000,0.220000,0.190000,0.090000,97.089996,-4.940000,0.150000,277.529999,48.330002,58519.109375,36.51,91.54,15.985714,PM2.5,22077
11.400000,11.550000,0.230000,0.200000,0.090000,99.970001,-4.480000,-0.090000,280.559998,40.689999,61500.351562,36.53,91.7,16.285713,PM2.5,22078
11.540000,11.690000,0.230000,0.200000,0.090000,103.690002,-4.340000,0.210000,282.839996,35.750000,63605.058594,36.54,91.87,16.485714,PM2.5,22079
11.770000,11.920000,0.250000,0.200000,0.090000,108.510002,-4.030000,-0.010000,284.130005,32.759998,64850.660156,36.56,92.04,16.814287,PM2.5,22080
12.090000,12.240000,0.260000,0.190000,0.090000,112.279999,-3.770000,-1.120000,284.809998,31.260000,65430.718750,36.58,92.21,17.271429,PM2.5,22081
12.600000,12.750000,0.260000,0.190000,0.090000,114.330002,-3.590000,-2.300000,284.989990,30.459999,65491.761719,36.59,92.37,18.000000,PM2.5,22082
13.210000,13.360000,0.270000,0.200000,0.090000,115.559998,-3.170000,-2.920000,285.260010,29.760000,65746.726562,36.61,92.54,18.871429,PM2.5,22083
13.810000,13.960000,0.270000,0.210000,0.090000,116.260002,-2.850000,-2.620000,285.209991,29.620001,65702.976562,36.62,92.71,19.728573,PM2.5,22084
14.380000,14.530000,0.270000,0.220000,0.090000,117.089996,-2.490000,-1.760000,284.750000,29.910000,65140.531250,36.64,92.88,20.542858,PM2.5,22085
15.090000,15.240000,0.270000,0.270000,0.090000,117.870003,-1.370000,-1.060000,286.130005,27.709999,66368.171875,36.65,93.05,21.557142,PM2.5,22086
13.520000,13.670000,0.270000,0.300000,0.090000,118.389999,0.010000,-0.950000,288.399994,24.670000,68525.523438,36.67,93.21,19.314287,PM2.5,22087
13.640000,13.790000,0.260000,0.310000,0.090000,118.720001,0.870000,-0.900000,289.459991,23.530001,69615.929688,36.68,93.38,19.485714,PM2.5,22088
14.250000,14.390000,0.260000,0.340000,0.090000,118.940002,1.690000,-0.790000,290.299988,22.580000,70519.156250,36.7,93.55,20.357143,PM2.5,22089
14.890000,15.040000,0.260000,0.360000,0.090000,119.790001,2.260000,-0.700000,291.739990,20.990000,71956.789062,36.71,93.72,21.271429,PM2.5,22090
16.100000,16.240000,0.260000,0.380000,0.090000,121.070000,2.470000,-1.060000,292.420013,20.490000,72835.726562,36.73,93.89,23.000000,PM2.5,22091
16.510000,16.660000,0.260000,0.380000,0.090000,122.080002,2.610000,-1.090000,292.329987,20.760000,72933.078125,36.74,94.06,23.585714,PM2.5,22092
16.340000,16.480000,0.260000,0.370000,0.090000,122.800003,2.710000,-0.600000,292.410004,20.610001,73034.343750,36.76,94.22,23.342857,PM2.5,22093
15.730000,15.870000,0.250000,0.360000,0.090000,122.730003,2.740000,-0.450000,292.549988,20.200001,73137.273438,36.77,94.39,22.471428,PM2.5,22094
15.140000,15.280000,0.250000,0.360000,0.090000,122.580002,3.150000,-0.530000,292.609985,20.010000,73202.648438,36.78,94.56,21.628572,PM2.5,22095
13.930000,14.090000,0.270000,0.400000,0.090000,120.849998,2.910000,-0.740000,292.829987,19.309999,73232.820312,36.8,94.73,19.900000,PM2.5,22096
13.060000,13.250000,0.320000,0.500000,0.090000,121.419998,2.170000,-0.740000,292.709991,19.320000,73256.742188,36.81,94.9,18.657143,PM2.5,22097
12.080000,12.300000,0.370000,0.550000,0.090000,120.019997,1.400000,-0.560000,292.609985,19.790001,73288.750000,36.82,95.07,17.257143,PM2.5,22098
11.230000,11.460000,0.400000,0.550000,0.090000,118.330002,0.830000,-0.460000,292.420013,20.590000,73343.648438,36.83,95.24,16.042856,PM2.5,22099
10.680000,10.910000,0.410000,0.520000,0.090000,117.540001,0.670000,-0.220000,292.480011,21.059999,73373.351562,36.85,95.41,15.257143,PM2.5,22100
10.300000,10.510000,0.410000,0.420000,0.090000,116.339996,-0.090000,0.020000,292.480011,21.530001,73384.796875,36.86,95.57,14.714286,PM2.5,22101
10.130000,10.320000,0.400000,0.350000,0.090000,114.550003,-1.850000,0.030000,292.339996,22.420000,73459.328125,36.87,95.74,14.471429,PM2.5,22102
10.720000,10.900000,0.430000,0.330000,0.090000,103.269997,-2.600000,-0.340000,291.160004,25.280001,73581.148438,36.88,95.91,15.314286,PM2.5,22103
10.170000,10.350000,0.410000,0.340000,0.090000,113.110001,-2.310000,-0.770000,292.470001,22.430000,73550.437500,36.89,96.08,14.528571,PM2.5,22104
10.120000,10.290000,0.430000,0.360000,0.090000,113.190002,-2.600000,-1.270000,292.190002,23.639999,73303.328125,36.91,96.25,14.457143,PM2.5,22105
9.620000,9.800000,0.430000,0.390000,0.090000,112.080002,-2.430000,-1.520000,291.119995,25.410000,72188.218750,36.92,96.42,13.742857,PM2.5,22106
9.290000,9.470000,0.430000,0.420000,0.090000,110.190002,-2.130000,-1.420000,289.920013,27.900000,71050.843750,36.93,96.59,13.271428,PM2.5,22107
9.400000,9.580000,0.430000,0.570000,0.090000,107.330002,-2.350000,-1.080000,290.380005,28.469999,71545.906250,36.94,96.76,13.428571,PM2.5,22108
9.520000,9.710000,0.450000,1.110000,0.100000,105.629997,-2.460000,-0.670000,290.839996,28.230000,71962.750000,36.95,96.93,13.600000,PM2.5,22109
9.630000,9.820000,0.470000,1.890000,0.110000,105.050003,-2.390000,0.050000,290.279999,28.840000,71253.312500,36.96,97.1,13.757143,PM2.5,22110
9.680000,9.870000,0.490000,2.620000,0.120000,104.769997,-2.450000,0.630000,289.519989,30.040001,70513.312500,36.97,97.27,13.828572,PM2.5,22111
9.680000,9.880000,0.510000,2.870000,0.130000,104.129997,-2.700000,1.000000,289.260010,31.000000,70182.953125,36.98,97.44,13.828572,PM2.5,22112
9.590000,9.790000,0.500000,2.570000,0.120000,104.169998,-3.580000,1.080000,288.950012,32.389999,69991.796875,36.99,97.61,13.700000,PM2.5,22113
9.510000,9.710000,0.490000,1.720000,0.110000,104.480003,-4.290000,1.120000,287.970001,35.349998,69317.898438,37.0,97.77,13.585714,PM2.5,22114
9.490000,9.710000,0.500000,1.020000,0.100000,104.370003,-4.140000,0.990000,286.799988,39.029999,68555.617188,37.01,97.94,13.557142,PM2.5,22115
9.520000,9.760000,0.520000,0.640000,0.090000,103.660004,-3.490000,1.020000,286.600006,40.160000,68541.398438,37.02,98.11,13.600000,PM2.5,22116
9.450000,9.720000,0.570000,0.620000,0.090000,104.010002,-3.460000,1.420000,287.190002,38.490002,69026.117188,37.02,98.28,13.500000,PM2.5,22117
9.390000,9.660000,0.570000,0.570000,0.090000,103.790001,-3.550000,1.650000,285.170013,42.709999,67134.359375,37.03,98.45,13.414287,PM2.5,22118
9.510000,9.790000,0.570000,0.580000,0.090000,101.889999,-2.780000,1.360000,281.730011,53.410000,64273.390625,37.04,98.62,13.585714,PM2.5,22119
9.530000,9.830000,0.580000,0.630000,0.090000,98.809998,-2.180000,0.420000,281.690002,55.810001,64573.941406,37.05,98.79,13.614285,PM2.5,22120
9.580000,9.920000,0.660000,0.640000,0.090000,96.099998,-2.570000,0.120000,281.500000,57.970001,64600.679688,37.06,98.96,13.685714,PM2.5,22121
9.450000,9.830000,0.740000,0.620000,0.090000,92.650002,-3.180000,0.580000,279.980011,65.180000,63595.289062,37.06,99.13,13.500000,PM2.5,22122
9.610000,10.000000,0.780000,0.620000,0.090000,91.699997,-3.030000,1.000000,280.670013,65.690002,65251.949219,37.07,99.3,13.728571,PM2.5,22123
9.960000,10.390000,0.830000,0.670000,0.100000,93.730003,-2.310000,1.390000,281.859985,63.000000,67757.953125,37.08,99.47,14.228572,PM2.5,22124
10.550000,11.050000,0.850000,0.690000,0.100000,96.589996,-1.660000,1.050000,281.250000,65.019997,69043.257812,37.09,99.64,15.071429,PM2.5,22125
11.980000,12.850000,0.900000,0.680000,0.100000,99.370003,-1.040000,0.280000,278.230011,76.309998,69443.367188,37.09,99.81,17.114285,PM2.5,22126
12.370000,13.260000,1.030000,0.750000,0.100000,100.389999,-0.770000,-0.050000,278.260010,77.089996,69420.296875,37.1,99.98,17.671429,PM2.5,22127
12.730000,13.600000,1.230000,0.900000,0.100000,101.250000,-0.610000,-0.320000,278.609985,76.419998,69430.398438,37.1,100.15,18.185713,PM2.5,22128
13.200000,13.880000,1.580000,1.240000,0.100000,101.970001,-0.390000,-0.380000,278.670013,76.180000,69390.593750,37.11,100.32,18.857143,PM2.5,22129
10.840000,11.330000,1.320000,1.120000,0.100000,102.349998,-0.530000,-0.230000,282.630005,58.820000,68756.296875,37.12,100.49,15.485715,PM2.5,22130
10.230000,10.650000,1.130000,0.940000,0.100000,105.180000,-0.930000,-0.920000,282.579987,55.720001,67861.968750,37.12,100.66,14.614285,PM2.5,22131
10.070000,10.460000,1.160000,0.770000,0.100000,105.459999,-1.270000,-1.700000,282.029999,56.939999,67225.703125,37.13,100.83,14.385714,PM2.5,22132
10.020000,10.450000,1.160000,0.840000,0.100000,104.139999,-1.510000,-2.250000,281.000000,62.220001,66665.882812,37.13,101.0,14.314286,PM2.5,22133
10.500000,11.020000,1.040000,1.120000,0.110000,102.580002,-0.980000,-2.270000,280.489990,67.580002,66874.679688,37.14,101.17,15.000000,PM2.5,22134
11.160000,11.790000,0.880000,1.520000,0.110000,101.209999,0.100000,-2.450000,281.410004,64.570000,68132.851562,37.14,101.34,15.942857,PM2.5,22135
11.650000,12.480000,0.880000,1.960000,0.120000,100.199997,0.330000,-2.840000,282.459991,60.540001,69046.023438,37.15,101.51,16.642857,PM2.5,22136
12.060000,12.910000,0.830000,1.920000,0.120000,100.089996,0.240000,-2.400000,282.769989,59.400002,69242.593750,37.15,101.68,17.228573,PM2.5,22137
12.230000,12.830000,0.650000,1.410000,0.110000,101.900002,0.350000,-1.560000,283.140015,57.950001,69905.078125,37.16,101.85,17.471428,PM2.5,22138
12.740000,13.270000,0.640000,1.250000,0.110000,103.220001,0.070000,-1.030000,283.079987,58.020000,70046.867188,37.16,102.02,18.199999,PM2.5,22139
13.400000,14.020000,0.620000,1.120000,0.110000,102.989998,-0.080000,-1.640000,282.940002,56.770000,69876.273438,37.16,102.19,19.142857,PM2.5,22140
14.210000,15.090000,0.640000,1.150000,0.110000,100.059998,-0.170000,-3.280000,282.170013,57.520000,69044.726562,37.17,102.36,20.299999,PM2.5,22141
15.190000,16.590000,0.730000,1.310000,0.120000,96.970001,-0.110000,-4.610000,279.579987,64.900002,66363.601562,37.17,102.53,21.699999,PM2.5,22142
9.290000,9.440000,0.210000,0.150000,0.090000,96.180000,-6.390000,4.620000,275.049988,57.639999,55394.300781,36.57,90.84,13.271428,PM2.5,22325
9.660000,9.810000,0.210000,0.160000,0.090000,96.849998,-6.790000,4.480000,274.100006,59.439999,54805.710938,36.59,91.01,13.800000,PM2.5,22326
10.120000,10.280000,0.220000,0.170000,0.090000,96.820000,-6.650000,3.630000,273.970001,58.869999,55038.800781,36.61,91.18,14.457143,PM2.5,22327
10.670000,10.820000,0.220000,0.190000,0.090000,95.699997,-5.770000,2.520000,276.450012,51.240002,57561.820312,36.63,91.35,15.242857,PM2.5,22328
10.950000,11.110000,0.230000,0.210000,0.090000,98.629997,-4.270000,1.640000,280.079987,42.099998,61136.039062,36.64,91.51,15.642857,PM2.5,22329
10.960000,11.120000,0.240000,0.210000,0.090000,104.570000,-3.440000,0.640000,282.760010,36.669998,63717.121094,36.66,91.68,15.657143,PM2.5,22330
11.120000,11.280000,0.250000,0.200000,0.090000,109.320000,-3.780000,-0.420000,283.959991,33.639999,64660.730469,36.68,91.85,15.885715,PM2.5,22331
11.430000,11.580000,0.260000,0.190000,0.090000,111.139999,-4.150000,-1.620000,283.760010,32.799999,64224.328125,36.69,92.02,16.328571,PM2.5,22332
11.860000,12.010000,0.260000,0.190000,0.090000,113.620003,-4.130000,-2.980000,283.079987,33.099998,63504.730469,36.71,92.19,16.942856,PM2.5,22333
12.480000,12.630000,0.270000,0.190000,0.090000,116.199997,-3.560000,-3.630000,282.570007,33.240002,63079.839844,36.73,92.35,17.828571,PM2.5,22334
13.270000,13.420000,0.270000,0.210000,0.090000,117.680000,-2.370000,-3.420000,284.049988,30.610001,64534.960938,36.74,92.52,18.957144,PM2.5,22335
14.220000,14.380000,0.280000,0.230000,0.090000,118.489998,-1.210000,-2.670000,286.750000,27.010000,67201.953125,36.76,92.69,20.314285,PM2.5,22336
15.110000,15.270000,0.280000,0.250000,0.090000,119.070000,-0.580000,-1.800000,288.130005,25.260000,68549.148438,36.77,92.86,21.585714,PM2.5,22337
15.690000,15.840000,0.280000,0.300000,0.090000,119.230003,0.020000,-1.190000,289.230011,23.870001,69599.351562,36.79,93.03,22.414286,PM2.5,22338
16.040001,16.190001,0.280000,0.340000,0.090000,120.309998,0.660000,-1.190000,290.320007,22.520000,70677.570312,36.8,93.2,22.914288,PM2.5,22339
15.020000,15.170000,0.280000,0.350000,0.090000,121.599998,1.110000,-1.410000,290.799988,21.840000,71174.203125,36.82,93.36,21.457144,PM2.5,22340
16.150000,16.309999,0.280000,0.360000,0.090000,123.080002,1.830000,-1.520000,291.470001,21.120001,71890.773438,36.83,93.53,23.071428,PM2.5,22341
17.330000,17.480000,0.270000,0.350000,0.090000,123.930000,2.090000,-1.750000,292.399994,20.040001,72704.820312,36.85,93.7,24.757143,PM2.5,22342
18.219999,18.370001,0.280000,0.330000,0.090000,127.570000,1.960000,-1.620000,292.500000,19.629999,73027.992188,36.86,93.87,26.028570,PM2.5,22343
18.719999,18.870001,0.280000,0.310000,0.090000,129.100006,2.180000,-1.420000,292.570007,19.270000,73112.382812,36.88,94.04,26.742857,PM2.5,22344
18.260000,18.410000,0.280000,0.300000,0.090000,130.380005,2.220000,-1.270000,292.820007,18.379999,73240.726562,36.89,94.21,26.085714,PM2.5,22345
17.260000,17.400000,0.270000,0.300000,0.090000,130.619995,2.240000,-1.130000,292.899994,18.010000,73296.296875,36.9,94.38,24.657143,PM2.5,22346
15.880000,16.030001,0.270000,0.300000,0.090000,130.110001,2.380000,-1.080000,292.880005,17.950001,73282.828125,36.92,94.55,22.685715,PM2.5,22347
14.460000,14.610000,0.280000,0.320000,0.090000,128.820007,2.280000,-1.110000,292.839996,18.059999,73273.148438,36.93,94.71,20.657143,PM2.5,22348
12.310000,12.470000,0.310000,0.360000,0.090000,124.989998,1.780000,-0.520000,292.750000,18.690001,73322.507812,36.94,94.88,17.585714,PM2.5,22349
11.220000,11.400000,0.340000,0.360000,0.090000,120.860001,0.250000,0.290000,292.579987,19.760000,73411.367188,36.96,95.05,16.028572,PM2.5,22350
11.320000,11.510000,0.390000,0.440000,0.090000,107.730003,-0.390000,1.000000,291.079987,23.389999,73491.460938,36.97,95.22,16.171429,PM2.5,22351
10.330000,10.520000,0.390000,0.380000,0.090000,118.129997,-0.040000,1.180000,292.299988,20.969999,73421.578125,36.98,95.39,14.757143,PM2.5,22352
10.110000,10.280000,0.390000,0.330000,0.090000,119.199997,-0.740000,1.110000,292.459991,20.660000,73290.367188,36.99,95.56,14.442857,PM2.5,22353
10.180000,10.360000,0.410000,0.310000,0.090000,117.760002,-1.900000,0.990000,292.320007,20.900000,73031.210938,37.01,95.73,14.542857,PM2.5,22354
10.510000,10.690000,0.430000,0.320000,0.090000,114.169998,-2.350000,0.690000,291.519989,22.330000,72283.476562,37.02,95.9,15.014286,PM2.5,22355
10.490000,10.670000,0.450000,0.350000,0.090000,113.559998,-2.410000,0.400000,290.690002,24.219999,71467.820312,37.03,96.07,14.985714,PM2.5,22356
9.500000,9.690000,0.480000,0.380000,0.090000,112.830002,-2.600000,-0.130000,290.059998,25.920000,70971.093750,37.04,96.24,13.571428,PM2.5,22357
9.320000,9.510000,0.510000,0.420000,0.090000,110.970001,-2.510000,-0.750000,289.119995,28.540001,70226.382812,37.05,96.41,13.314285,PM2.5,22358
9.240000,9.440000,0.520000,0.510000,0.090000,108.519997,-2.540000,-0.650000,288.760010,30.490000,70030.046875,37.06,96.58,13.200000,PM2.5,22359
9.300000,9.500000,0.530000,1.110000,0.100000,105.459999,-3.190000,-0.440000,289.799988,30.389999,71261.101562,37.07,96.75,13.285714,PM2.5,22360
9.440000,9.640000,0.570000,2.500000,0.120000,100.220001,-3.430000,0.170000,289.470001,32.180000,72061.828125,37.08,96.91,13.485714,PM2.5,22361
9.570000,9.780000,0.720000,3.870000,0.150000,103.980003,-3.480000,0.470000,290.410004,30.020000,71679.890625,37.09,97.08,13.671428,PM2.5,22362
9.560000,9.790000,0.840000,4.980000,0.190000,104.089996,-3.960000,0.490000,289.989990,31.240000,71296.453125,37.1,97.25,13.657144,PM2.5,22363
9.520000,9.760000,0.800000,4.970000,0.200000,104.449997,-4.290000,0.330000,289.910004,31.799999,71238.382812,37.11,97.42,13.600000,PM2.5,22364
9.450000,9.670000,0.650000,4.420000,0.180000,104.709999,-4.310000,0.650000,289.290009,32.950001,70738.218750,37.12,97.59,13.500000,PM2.5,22365
9.360000,9.570000,0.550000,3.030000,0.140000,104.269997,-4.080000,1.240000,288.220001,35.320000,69744.796875,37.13,97.76,13.371428,PM2.5,22366
9.280000,9.500000,0.500000,1.720000,0.110000,104.400002,-3.620000,1.610000,286.890015,38.029999,68522.218750,37.14,97.93,13.257142,PM2.5,22367
9.330000,9.570000,0.480000,0.780000,0.100000,103.879997,-2.510000,1.520000,284.809998,42.630001,66551.148438,37.15,98.1,13.328571,PM2.5,22368
9.320000,9.570000,0.500000,0.530000,0.090000,103.559998,-2.110000,1.770000,283.799988,45.200001,65604.109375,37.16,98.27,13.314285,PM2.5,22369
9.340000,9.610000,0.530000,0.530000,0.090000,103.839996,-2.240000,2.060000,282.730011,47.930000,64608.988281,37.17,98.44,13.342857,PM2.5,22370
9.480000,9.770000,0.570000,0.580000,0.090000,101.730003,-2.710000,1.620000,279.799988,58.419998,62232.960938,37.18,98.61,13.542856,PM2.5,22371
9.370000,9.680000,0.570000,0.620000,0.090000,98.180000,-3.020000,0.360000,279.119995,66.470001,62607.191406,37.18,98.78,13.385715,PM2.5,22372
9.730000,10.080000,0.640000,0.660000,0.090000,98.550003,-2.430000,-0.640000,280.809998,63.290001,64888.621094,37.19,98.95,13.900000,PM2.5,22373
9.820000,10.190000,0.700000,0.640000,0.090000,97.779999,-2.530000,0.420000,281.869995,60.959999,66214.843750,37.2,99.12,14.028571,PM2.5,22374
9.850000,10.180000,0.650000,0.530000,0.090000,98.779999,-2.840000,0.940000,282.750000,59.270000,67652.523438,37.21,99.29,14.071429,PM2.5,22375
10.130000,10.470000,0.660000,0.530000,0.090000,98.080002,-2.950000,0.790000,282.850006,59.349998,68115.351562,37.21,99.46,14.471429,PM2.5,22376
10.320000,10.670000,0.700000,0.550000,0.090000,97.099998,-2.950000,0.230000,282.269989,61.490002,67858.289062,37.22,99.63,14.742857,PM2.5,22377
10.390000,10.770000,0.710000,0.540000,0.090000,97.570000,-2.330000,-0.520000,282.329987,61.490002,68396.109375,37.23,99.8,14.842857,PM2.5,22378
10.460000,10.850000,0.740000,0.600000,0.100000,98.809998,-1.920000,-0.930000,282.700012,59.799999,68840.703125,37.23,99.97,14.942857,PM2.5,22379
10.560000,10.950000,0.770000,0.690000,0.100000,99.889999,-1.930000,-1.140000,282.630005,59.779999,68746.992188,37.24,100.14,15.085715,PM2.5,22380
10.570000,10.970000,0.830000,0.800000,0.100000,101.730003,-1.590000,-1.330000,282.440002,59.119999,68582.593750,37.25,100.31,15.099999,PM2.5,22381
10.240000,10.610000,0.750000,0.800000,0.100000,104.169998,-1.400000,-1.540000,282.480011,56.830002,68211.960938,37.25,100.48,14.628572,PM2.5,22382
9.920000,10.250000,0.670000,0.750000,0.100000,106.839996,-1.240000,-1.880000,281.489990,57.410000,66700.882812,37.26,100.65,14.171429,PM2.5,22383
9.750000,10.050000,0.590000,0.590000,0.100000,106.910004,-0.500000,-2.160000,278.829987,64.809998,63987.890625,37.26,100.82,13.928572,PM2.5,22384
9.490000,9.790000,0.570000,0.640000,0.100000,104.790001,-0.100000,-1.920000,277.440002,72.199997,63157.429688,37.27,100.99,13.557142,PM2.5,22385
9.900000,10.240000,0.610000,0.850000,0.100000,102.610001,0.280000,-1.580000,279.540009,68.620003,65879.351562,37.27,101.16,14.142857,PM2.5,22386
10.770000,11.190000,0.620000,1.200000,0.100000,101.779999,0.770000,-2.100000,281.269989,62.650002,67936.492188,37.28,101.33,15.385715,PM2.5,22387
11.540000,12.040000,0.660000,1.460000,0.110000,101.940002,0.850000,-2.430000,281.070007,62.130001,67726.046875,37.28,101.51,16.485714,PM2.5,22388
11.860000,12.360000,0.650000,1.440000,0.110000,102.620003,1.020000,-2.680000,282.019989,58.509998,68653.617188,37.29,101.68,16.942856,PM2.5,22389
11.890000,12.280000,0.550000,1.150000,0.100000,104.269997,0.850000,-2.570000,283.559998,52.340000,70070.703125,37.29,101.85,16.985714,PM2.5,22390
12.230000,12.770000,0.530000,0.980000,0.100000,105.550003,0.480000,-2.560000,282.880005,52.540001,69207.960938,37.3,102.02,17.471428,PM2.5,22391
13.180000,14.100000,0.570000,1.010000,0.110000,104.230003,0.390000,-3.020000,280.899994,56.669998,67214.179688,37.3,102.19,18.828571,PM2.5,22392
14.200000,15.590000,0.630000,1.140000,0.110000,100.269997,-0.130000,-3.610000,279.209991,63.220001,65917.929688,37.3,102.36,20.285713,PM2.5,22393
9.360000,9.500000,0.200000,0.170000,0.090000,93.709999,-6.470000,3.630000,275.890015,54.020000,56046.890625,36.71,90.82,13.371428,PM2.5,22578
10.010000,10.150000,0.210000,0.170000,0.090000,94.680000,-7.160000,3.370000,276.529999,51.250000,56974.570312,36.73,90.99,14.300000,PM2.5,22579
10.310000,10.460000,0.220000,0.190000,0.090000,95.480003,-6.950000,2.900000,278.109985,47.049999,59022.988281,36.74,91.16,14.728572,PM2.5,22580
10.460000,10.610000,0.230000,0.200000,0.090000,97.849998,-5.620000,2.030000,280.500000,41.419998,61568.828125,36.76,91.32,14.942857,PM2.5,22581
10.470000,10.630000,0.240000,0.210000,0.090000,104.029999,-4.500000,0.890000,282.070007,37.740002,63061.800781,36.78,91.49,14.957143,PM2.5,22582
10.690000,10.840000,0.250000,0.200000,0.090000,107.699997,-4.480000,-0.570000,282.170013,36.549999,62883.921875,36.8,91.66,15.271428,PM2.5,22583
10.940000,11.090000,0.260000,0.190000,0.090000,109.870003,-4.660000,-1.730000,281.010010,37.540001,61649.550781,36.81,91.83,15.628571,PM2.5,22584
11.200000,11.350000,0.250000,0.190000,0.090000,110.139999,-4.180000,-2.520000,280.010010,39.099998,60831.011719,36.83,92.0,16.000000,PM2.5,22585
11.580000,11.730000,0.260000,0.190000,0.090000,112.940002,-3.120000,-2.790000,280.649994,37.599998,61616.929688,36.85,92.17,16.542856,PM2.5,22586
12.280000,12.430000,0.270000,0.200000,0.090000,117.290001,-1.590000,-2.760000,282.850006,33.400002,63775.000000,36.86,92.33,17.542856,PM2.5,22587
13.210000,13.370000,0.280000,0.230000,0.090000,118.709999,-0.290000,-2.690000,285.829987,28.680000,66520.890625,36.88,92.5,18.871429,PM2.5,22588
14.370000,14.530000,0.290000,0.260000,0.090000,119.440002,0.290000,-2.740000,288.529999,25.049999,69086.156250,36.89,92.67,20.528572,PM2.5,22589
16.139999,16.299999,0.290000,0.290000,0.090000,119.800003,0.650000,-2.640000,290.109985,23.200001,70672.218750,36.91,92.84,23.057142,PM2.5,22590
18.500000,18.670000,0.280000,0.320000,0.090000,118.489998,0.690000,-2.050000,290.850006,22.389999,71313.078125,36.92,93.01,26.428572,PM2.5,22591
22.040001,22.200001,0.280000,0.340000,0.090000,120.769997,0.450000,-1.850000,291.390015,21.459999,71758.820312,36.94,93.18,31.485716,PM2.5,22592
18.150000,18.309999,0.280000,0.340000,0.090000,123.080002,0.600000,-1.960000,291.709991,20.690001,72175.351562,36.95,93.35,25.928572,PM2.5,22593
19.000000,19.150000,0.290000,0.340000,0.090000,126.930000,0.930000,-2.030000,292.029999,20.059999,72603.562500,36.97,93.51,27.142857,PM2.5,22594
20.139999,20.299999,0.290000,0.330000,0.090000,130.029999,1.510000,-2.390000,292.299988,19.360001,72948.023438,36.98,93.68,28.771427,PM2.5,22595
20.940001,21.090000,0.290000,0.310000,0.090000,132.250000,1.710000,-2.330000,292.489990,18.379999,73063.773438,37.0,93.85,29.914286,PM2.5,22596
21.219999,21.370001,0.280000,0.250000,0.090000,133.600006,1.570000,-2.240000,292.670013,17.700001,73147.429688,37.01,94.02,30.314285,PM2.5,22597
20.889999,21.040001,0.290000,0.230000,0.090000,134.520004,1.680000,-2.060000,292.790009,17.330000,73252.476562,37.03,94.19,29.842855,PM2.5,22598
19.660000,19.809999,0.290000,0.220000,0.090000,135.029999,1.670000,-1.720000,292.809998,17.240000,73303.523438,37.04,94.36,28.085714,PM2.5,22599
17.379999,17.530001,0.300000,0.220000,0.090000,133.880005,1.610000,-1.340000,292.739990,17.500000,73294.257812,37.05,94.53,24.828569,PM2.5,22600
14.390000,14.550000,0.320000,0.240000,0.090000,130.809998,1.140000,-0.740000,292.739990,17.840000,73295.476562,37.07,94.7,20.557144,PM2.5,22601
12.640000,12.810000,0.330000,0.250000,0.090000,127.540001,0.360000,-0.000000,292.700012,18.480000,73355.148438,37.08,94.87,18.057144,PM2.5,22602
11.280000,11.450000,0.350000,0.270000,0.090000,124.739998,-0.480000,0.770000,292.589996,19.389999,73402.843750,37.09,95.04,16.114285,PM2.5,22603
10.500000,10.680000,0.380000,0.330000,0.090000,122.070000,-0.570000,1.420000,292.350006,20.180000,73304.390625,37.1,95.21,15.000000,PM2.5,22604
9.990000,10.160000,0.400000,0.360000,0.090000,122.480003,-0.400000,1.220000,292.329987,20.020000,72964.656250,37.12,95.37,14.271428,PM2.5,22605
9.830000,10.000000,0.420000,0.350000,0.090000,120.870003,-0.820000,1.230000,292.100006,20.180000,72508.609375,37.13,95.54,14.042857,PM2.5,22606
9.860000,10.030000,0.430000,0.330000,0.090000,119.279999,-1.290000,1.300000,291.299988,20.879999,71531.320312,37.14,95.71,14.085713,PM2.5,22607
10.010000,10.180000,0.460000,0.330000,0.090000,116.419998,-1.260000,1.320000,289.410004,23.420000,69622.828125,37.15,95.88,14.300000,PM2.5,22608
9.830000,10.000000,0.480000,0.360000,0.090000,113.279999,-1.470000,1.250000,287.839996,26.889999,68154.343750,37.16,96.05,14.042857,PM2.5,22609
9.610000,9.790000,0.540000,0.410000,0.090000,111.110001,-2.220000,0.990000,287.179993,29.690001,67830.773438,37.18,96.22,13.728571,PM2.5,22610
9.470000,9.680000,0.630000,0.490000,0.090000,109.839996,-2.190000,0.640000,286.760010,32.389999,67899.757812,37.19,96.39,13.528572,PM2.5,22611
9.330000,9.550000,0.740000,0.730000,0.090000,108.180000,-1.890000,0.640000,287.760010,32.209999,69056.226562,37.2,96.56,13.328571,PM2.5,22612
9.360000,9.580000,0.850000,2.600000,0.100000,108.050003,-2.350000,0.730000,289.910004,29.940001,71208.476562,37.21,96.73,13.371428,PM2.5,22613
9.490000,9.710000,1.320000,5.940000,0.130000,106.010002,-3.030000,1.040000,291.079987,29.200001,72377.156250,37.22,96.9,13.557142,PM2.5,22614
9.590000,9.840000,2.400000,10.090000,0.190000,105.730003,-3.650000,0.580000,291.179993,29.629999,72375.726562,37.23,97.07,13.700000,PM2.5,22615
9.640000,9.930000,3.540000,12.560000,0.250000,102.970001,-4.040000,0.310000,291.049988,30.160000,72337.296875,37.24,97.24,15.700001,NO2,22616
9.560000,9.930000,3.150000,10.200000,0.280000,103.290001,-3.820000,0.350000,290.320007,31.469999,71685.929688,37.25,97.41,13.657144,PM2.5,22617
9.330000,9.590000,1.150000,5.680000,0.220000,104.040001,-3.280000,0.880000,288.279999,34.990002,69658.570312,37.26,97.58,13.328571,PM2.5,22618
9.220000,9.460000,0.710000,4.140000,0.160000,105.940002,-3.100000,1.220000,286.989990,37.790001,68411.046875,37.27,97.75,13.171429,PM2.5,22619
9.160000,9.390000,0.530000,2.480000,0.120000,106.750000,-3.020000,1.100000,285.589996,40.599998,67134.273438,37.28,97.92,13.085714,PM2.5,22620
9.240000,9.480000,0.470000,1.080000,0.100000,105.830002,-2.350000,0.420000,282.750000,47.820000,64648.238281,37.29,98.09,13.200000,PM2.5,22621
9.320000,9.580000,0.480000,0.530000,0.090000,103.910004,-2.080000,0.160000,281.989990,51.230000,64187.289062,37.29,98.26,13.314285,PM2.5,22622
9.360000,9.640000,0.510000,0.550000,0.090000,103.900002,-2.360000,0.380000,281.730011,52.869999,64075.000000,37.3,98.43,13.371428,PM2.5,22623
9.350000,9.640000,0.570000,0.600000,0.090000,102.760002,-3.080000,0.930000,279.700012,61.099998,62509.820312,37.31,98.6,13.357143,PM2.5,22624
9.350000,9.680000,0.600000,0.720000,0.090000,101.089996,-2.900000,1.150000,279.339996,66.779999,63157.101562,37.32,98.77,13.357143,PM2.5,22625
10.170000,10.590000,0.750000,0.880000,0.100000,102.910004,-1.880000,0.540000,281.579987,60.959999,65893.500000,37.33,98.94,14.528571,PM2.5,22626
10.440000,10.900000,0.850000,0.920000,0.100000,102.709999,-1.960000,0.330000,282.950012,56.509998,67351.406250,37.33,99.11,14.914285,PM2.5,22627
9.880000,10.180000,0.580000,0.380000,0.090000,101.800003,-2.390000,0.380000,282.690002,57.209999,67172.281250,37.34,99.28,14.114285,PM2.5,22628
10.010000,10.310000,0.600000,0.380000,0.090000,99.959999,-2.520000,0.080000,281.720001,60.540001,66404.773438,37.35,99.45,14.300000,PM2.5,22629
10.160000,10.470000,0.620000,0.400000,0.090000,98.809998,-2.490000,-0.550000,280.899994,64.160004,65981.453125,37.36,99.62,14.514285,PM2.5,22630
10.210000,10.520000,0.640000,0.470000,0.090000,99.120003,-1.990000,-1.290000,280.839996,64.889999,66279.257812,37.36,99.79,14.585714,PM2.5,22631
10.330000,10.650000,0.640000,0.550000,0.090000,99.720001,-1.400000,-1.770000,281.209991,63.830002,66890.781250,37.37,99.96,14.757143,PM2.5,22632
10.400000,10.710000,0.630000,0.630000,0.100000,99.500000,-1.470000,-1.840000,281.230011,63.650002,67102.523438,37.38,100.14,14.857142,PM2.5,22633
10.260000,10.560000,0.600000,0.590000,0.100000,101.129997,-1.760000,-1.950000,281.019989,63.689999,67028.632812,37.38,100.31,14.657144,PM2.5,22634
10.050000,10.330000,0.550000,0.610000,0.100000,104.379997,-1.920000,-2.230000,280.899994,62.160000,66883.031250,37.39,100.48,14.357143,PM2.5,22635
9.820000,10.090000,0.520000,0.600000,0.100000,107.559998,-1.650000,-1.930000,279.720001,62.919998,65328.910156,37.39,100.65,14.028571,PM2.5,22636
9.760000,10.030000,0.500000,0.500000,0.100000,108.660004,-0.470000,-1.830000,277.450012,69.120003,63015.839844,37.4,100.82,13.942858,PM2.5,22637
9.910000,10.180000,0.480000,0.540000,0.100000,107.839996,0.560000,-1.900000,276.829987,71.470001,62553.710938,37.4,100.99,14.157143,PM2.5,22638
10.160000,10.440000,0.480000,0.690000,0.100000,106.139999,0.820000,-1.370000,278.899994,66.489998,64815.570312,37.41,101.16,14.514285,PM2.5,22639
10.820000,11.130000,0.500000,0.980000,0.100000,105.220001,0.940000,-1.680000,281.570007,59.430000,68023.796875,37.41,101.33,15.457143,PM2.5,22640
11.330000,11.670000,0.540000,1.090000,0.100000,104.639999,0.580000,-2.540000,282.579987,55.810001,69289.656250,37.42,101.5,16.185715,PM2.5,22641
11.540000,12.130000,0.550000,1.140000,0.100000,105.139999,-0.200000,-4.060000,281.859985,56.060001,68325.726562,37.42,101.67,16.485714,PM2.5,22642
11.710000,12.280000,0.500000,1.040000,0.100000,105.959999,-0.130000,-4.940000,280.429993,57.580002,66591.117188,37.43,101.84,16.728571,PM2.5,22643
11.880000,12.890000,0.510000,0.970000,0.100000,106.639999,0.610000,-5.230000,278.399994,61.889999,64522.519531,37.43,102.01,16.971428,PM2.5,22644
12.910000,14.490000,0.570000,1.050000,0.110000,104.959999,1.380000,-5.180000,276.559998,66.730003,62923.058594,37.43,102.18,18.442858,PM2.5,22645
9.870000,10.010000,0.210000,0.190000,0.090000,93.559998,-8.020000,2.800000,278.760010,45.889999,59082.441406,36.84,90.8,14.099999,PM2.5,22832
10.110000,10.250000,0.220000,0.190000,0.090000,95.209999,-7.810000,2.780000,279.820007,42.880001,60530.910156,36.86,90.97,14.442857,PM2.5,22833
10.090000,10.240000,0.220000,0.190000,0.090000,97.779999,-7.210000,2.200000,280.609985,40.540001,61491.210938,36.88,91.13,14.414286,PM2.5,22834
10.010000,10.160000,0.240000,0.190000,0.090000,101.980003,-6.280000,0.840000,280.450012,40.049999,61352.960938,36.9,91.3,14.300000,PM2.5,22835
10.150000,10.300000,0.240000,0.190000,0.090000,105.070000,-5.380000,-0.610000,279.839996,40.970001,60777.199219,36.91,91.47,14.499999,PM2.5,22836
10.490000,10.640000,0.250000,0.190000,0.090000,107.510002,-4.750000,-1.390000,279.200012,42.360001,60295.628906,36.93,91.64,14.985714,PM2.5,22837
10.820000,10.970000,0.260000,0.190000,0.090000,111.699997,-4.000000,-1.600000,279.299988,42.080002,60610.070312,36.95,91.81,15.457143,PM2.5,22838
11.160000,11.310000,0.280000,0.200000,0.090000,117.019997,-2.730000,-1.680000,280.970001,38.250000,62287.550781,36.96,91.98,15.942857,PM2.5,22839
11.570000,11.720000,0.280000,0.220000,0.090000,118.889999,-1.300000,-1.680000,283.600006,33.220001,64735.019531,36.98,92.15,16.528570,PM2.5,22840
12.200000,12.360000,0.290000,0.240000,0.090000,120.199997,-0.050000,-2.000000,286.380005,28.780001,67404.320312,37.0,92.31,17.428572,PM2.5,22841
13.170000,13.330000,0.300000,0.270000,0.090000,120.730003,0.730000,-2.640000,288.410004,25.990000,69344.023438,37.01,92.48,18.814285,PM2.5,22842
14.470000,14.630000,0.300000,0.310000,0.090000,120.800003,0.670000,-2.920000,289.670013,24.139999,70476.476562,37.03,92.65,20.671429,PM2.5,22843
16.840000,17.010000,0.300000,0.320000,0.090000,121.540001,0.660000,-3.310000,290.640015,22.730000,71424.406250,37.04,92.82,24.057142,PM2.5,22844
20.570000,20.730000,0.300000,0.350000,0.090000,121.949997,0.370000,-3.090000,291.350006,21.680000,71913.757812,37.06,92.99,29.385714,PM2.5,22845
24.870001,25.040001,0.290000,0.290000,0.090000,124.260002,-0.030000,-2.910000,291.540009,21.160000,72146.796875,37.07,93.16,35.528572,PM2.5,22846
21.200001,21.350000,0.290000,0.290000,0.090000,126.320000,0.440000,-3.080000,291.730011,20.379999,72401.296875,37.09,93.33,30.285715,PM2.5,22847
21.790001,21.950001,0.280000,0.300000,0.090000,127.739998,0.690000,-2.890000,292.119995,19.469999,72687.070312,37.1,93.5,31.128572,PM2.5,22848
22.260000,22.410000,0.290000,0.300000,0.090000,132.419998,0.830000,-2.870000,292.350006,18.490000,72963.828125,37.12,93.67,31.800001,PM2.5,22849
22.879999,23.040001,0.290000,0.300000,0.090000,133.429993,1.140000,-2.990000,292.570007,17.850000,73112.851562,37.13,93.83,32.685715,PM2.5,22850
22.870001,23.030001,0.280000,0.230000,0.090000,133.990005,1.340000,-2.830000,292.690002,17.469999,73183.242188,37.15,94.0,32.671429,PM2.5,22851
22.040001,22.190001,0.290000,0.220000,0.090000,134.210007,1.480000,-2.450000,292.700012,17.340000,73211.953125,37.16,94.17,31.485716,PM2.5,22852
19.870001,20.020000,0.300000,0.230000,0.090000,133.770004,1.250000,-1.850000,292.649994,17.540001,73238.046875,37.17,94.34,28.385715,PM2.5,22853
16.940001,17.100000,0.320000,0.240000,0.090000,132.339996,0.600000,-1.000000,292.709991,17.910000,73317.226562,37.19,94.51,24.200001,PM2.5,22854
14.570000,14.730000,0.340000,0.250000,0.090000,130.479996,-0.110000,-0.200000,292.750000,18.240000,73370.703125,37.2,94.68,20.814285,PM2.5,22855
12.440000,12.610000,0.360000,0.270000,0.090000,128.820007,-0.630000,0.450000,292.600006,18.799999,73203.742188,37.21,94.85,17.771427,PM2.5,22856
11.110000,11.290000,0.390000,0.300000,0.090000,127.150002,-0.760000,0.740000,292.329987,19.400000,72879.570312,37.23,95.02,15.871428,PM2.5,22857
10.390000,10.560000,0.440000,0.370000,0.090000,124.260002,-0.760000,0.750000,291.799988,20.240000,72251.453125,37.24,95.19,14.842857,PM2.5,22858
9.920000,10.100000,0.480000,0.420000,0.090000,122.680000,-0.710000,0.700000,290.920013,21.690001,71337.101562,37.25,95.36,14.171429,PM2.5,22859
9.750000,9.940000,0.510000,0.440000,0.090000,121.150002,-0.710000,1.050000,290.260010,22.299999,70567.382812,37.26,95.53,13.928572,PM2.5,22860
9.760000,9.950000,0.550000,0.450000,0.090000,119.330002,-0.910000,1.330000,289.470001,23.580000,69753.726562,37.28,95.7,13.942858,PM2.5,22861
9.790000,9.980000,0.600000,0.460000,0.090000,117.709999,-0.980000,1.180000,288.369995,25.430000,68629.062500,37.29,95.87,13.985714,PM2.5,22862
9.650000,9.850000,0.670000,0.520000,0.090000,115.820000,-1.370000,1.170000,287.029999,28.230000,67412.679688,37.3,96.04,13.785714,PM2.5,22863
9.640000,9.850000,0.770000,0.580000,0.090000,112.790001,-1.490000,1.410000,285.709991,31.410000,66360.812500,37.31,96.21,13.771429,PM2.5,22864
9.620000,9.840000,0.900000,0.700000,0.090000,108.470001,-1.430000,1.790000,285.299988,34.259998,66145.929688,37.32,96.38,13.742857,PM2.5,22865
9.450000,9.710000,1.230000,1.220000,0.090000,107.139999,-1.630000,1.700000,287.059998,33.080002,68179.093750,37.33,96.55,13.500000,PM2.5,22866
9.530000,9.840000,1.820000,6.140000,0.100000,107.389999,-1.700000,1.160000,289.790009,29.870001,71104.273438,37.34,96.72,13.614285,PM2.5,22867
9.820000,10.200000,3.960000,16.049999,0.160000,106.250000,-2.710000,0.900000,290.529999,29.270000,71635.281250,37.35,96.89,20.062500,NO2,22868
10.230000,10.740000,8.410000,28.770000,0.270000,105.000000,-3.790000,0.830000,289.029999,31.750000,70125.710938,37.36,97.06,35.962502,NO2,22869
10.690000,11.560000,15.030000,37.029999,0.430000,100.970001,-3.630000,0.640000,287.809998,34.459999,69041.773438,37.37,97.23,46.287498,NO2,22870
10.470000,11.480000,13.410000,27.740000,0.430000,100.879997,-3.010000,0.640000,286.920013,36.720001,68300.976562,37.38,97.4,34.674999,NO2,22871
9.470000,9.940000,3.000000,7.270000,0.250000,104.110001,-2.700000,0.890000,285.739990,39.410000,67227.093750,37.39,97.57,13.528572,PM2.5,22872
9.110000,9.380000,1.010000,4.100000,0.170000,107.519997,-2.950000,0.660000,285.549988,40.000000,67068.523438,37.4,97.74,13.014285,PM2.5,22873
9.010000,9.250000,0.590000,2.500000,0.120000,109.599998,-2.850000,0.030000,284.299988,42.820000,65918.523438,37.41,97.91,12.871428,PM2.5,22874
9.110000,9.350000,0.480000,1.180000,0.090000,107.870003,-2.460000,-0.590000,281.420013,51.400002,63538.640625,37.42,98.08,13.014285,PM2.5,22875
9.290000,9.550000,0.470000,0.520000,0.090000,104.919998,-2.630000,-0.850000,280.190002,57.650002,62843.718750,37.43,98.25,13.271428,PM2.5,22876
9.370000,9.650000,0.500000,0.550000,0.090000,104.989998,-2.680000,-0.840000,280.109985,60.330002,63264.968750,37.44,98.42,13.385715,PM2.5,22877
9.410000,9.720000,0.550000,0.630000,0.090000,104.360001,-2.360000,0.240000,280.450012,60.750000,63870.058594,37.45,98.59,13.442857,PM2.5,22878
9.620000,9.960000,0.610000,0.740000,0.090000,104.610001,-2.150000,0.840000,280.619995,60.660000,64265.921875,37.45,98.76,13.742857,PM2.5,22879
10.090000,10.480000,0.710000,0.830000,0.090000,105.480003,-1.990000,0.530000,280.769989,59.860001,64635.738281,37.46,98.93,14.414286,PM2.5,22880
10.490000,10.950000,0.840000,0.920000,0.100000,104.070000,-1.840000,0.360000,280.940002,59.830002,65048.769531,37.47,99.1,14.985714,PM2.5,22881
9.890000,10.180000,0.550000,0.360000,0.090000,104.260002,-1.650000,0.020000,280.350006,62.230000,64673.609375,37.48,99.27,14.128572,PM2.5,22882
9.850000,10.130000,0.540000,0.330000,0.090000,103.730003,-1.590000,-0.060000,279.510010,65.860001,64089.078125,37.48,99.44,14.071429,PM2.5,22883
9.910000,10.180000,0.560000,0.340000,0.090000,102.809998,-1.670000,-0.440000,278.869995,69.589996,63806.308594,37.49,99.62,14.157143,PM2.5,22884
9.930000,10.220000,0.580000,0.400000,0.090000,101.519997,-1.290000,-1.140000,278.559998,72.500000,64005.539062,37.5,99.79,14.185715,PM2.5,22885
10.150000,10.430000,0.580000,0.470000,0.090000,100.959999,-0.630000,-1.510000,279.290009,70.419998,65043.031250,37.51,99.96,14.499999,PM2.5,22886
10.320000,10.600000,0.560000,0.550000,0.090000,101.470001,-0.780000,-1.870000,279.790009,67.889999,65648.773438,37.51,100.13,14.742857,PM2.5,22887
10.320000,10.600000,0.530000,0.610000,0.090000,103.489998,-1.220000,-1.930000,279.429993,68.250000,65384.179688,37.52,100.3,14.742857,PM2.5,22888
10.420000,10.680000,0.500000,0.640000,0.100000,105.730003,-1.270000,-1.840000,279.119995,68.629997,65299.640625,37.52,100.47,14.885715,PM2.5,22889
10.460000,10.730000,0.490000,0.650000,0.100000,108.339996,-1.100000,-1.550000,279.170013,66.260002,65439.320312,37.53,100.64,14.942857,PM2.5,22890
10.410000,10.680000,0.480000,0.590000,0.100000,108.440002,-0.300000,-1.400000,279.019989,64.510002,65101.781250,37.53,100.81,14.871428,PM2.5,22891
10.580000,10.840000,0.470000,0.610000,0.100000,108.620003,0.710000,-1.700000,278.820007,64.360001,64813.429688,37.54,100.98,15.114285,PM2.5,22892
10.840000,11.110000,0.460000,0.690000,0.100000,108.099998,1.170000,-2.290000,280.269989,60.709999,66432.437500,37.54,101.15,15.485715,PM2.5,22893
11.240000,11.520000,0.460000,0.850000,0.100000,106.720001,0.860000,-3.170000,281.470001,58.349998,68001.312500,37.55,101.32,16.057142,PM2.5,22894
11.190000,11.720000,0.470000,0.850000,0.100000,105.889999,-0.240000,-4.060000,280.140015,60.889999,66384.117188,37.55,101.49,15.985714,PM2.5,22895
11.120000,12.160000,0.490000,0.870000,0.100000,107.050003,-0.980000,-4.520000,277.890015,67.510002,64411.878906,37.56,101.66,15.885715,PM2.5,22896
11.050000,12.510000,0.500000,1.000000,0.100000,105.349998,-0.450000,-4.680000,277.130005,69.949997,64013.070312,37.56,101.84,15.785714,PM2.5,22897
11.120000,13.180000,0.530000,1.050000,0.100000,104.790001,0.700000,-4.720000,275.980011,72.769997,63069.968750,37.57,102.01,15.885715,PM2.5,22898
9.620000,9.770000,0.240000,0.180000,0.090000,104.599998,-4.850000,-0.350000,277.160004,47.090000,58610.679688,37.05,91.45,13.742857,PM2.5,23089
10.310000,10.460000,0.260000,0.190000,0.090000,114.349998,-3.650000,-0.850000,279.040009,43.230000,60558.179688,37.06,91.62,14.728572,PM2.5,23090
10.710000,10.860000,0.280000,0.200000,0.090000,118.639999,-2.560000,-0.850000,281.359985,38.330002,62724.101562,37.08,91.79,15.300000,PM2.5,23091
11.170000,11.330000,0.290000,0.210000,0.090000,120.699997,-1.480000,-1.210000,283.820007,33.639999,65038.480469,37.1,91.96,15.957143,PM2.5,23092
11.650000,11.810000,0.300000,0.250000,0.090000,121.610001,-0.520000,-1.820000,286.059998,29.840000,67175.226562,37.11,92.12,16.642857,PM2.5,23093
12.280000,12.440000,0.310000,0.270000,0.090000,122.040001,0.170000,-2.560000,288.000000,26.900000,69083.742188,37.13,92.29,17.542856,PM2.5,23094
13.350000,13.520000,0.310000,0.290000,0.090000,122.230003,0.490000,-3.260000,289.540009,24.730000,70603.687500,37.15,92.46,19.071428,PM2.5,23095
15.070000,15.230000,0.300000,0.310000,0.090000,121.699997,0.060000,-3.450000,290.670013,23.010000,71494.609375,37.16,92.63,21.528570,PM2.5,23096
18.510000,18.680000,0.300000,0.310000,0.090000,122.339996,-0.230000,-3.540000,291.049988,22.209999,71933.117188,37.18,92.8,26.442858,PM2.5,23097
24.459999,24.629999,0.300000,0.320000,0.090000,124.370003,-0.170000,-3.410000,291.329987,21.480000,72166.937500,37.19,92.97,34.942856,PM2.5,23098
21.240000,21.400000,0.300000,0.280000,0.090000,126.110001,-0.160000,-3.240000,291.429993,21.030001,72344.093750,37.21,93.14,30.342857,PM2.5,23099
21.860001,22.020000,0.300000,0.280000,0.090000,129.779999,0.360000,-3.440000,291.649994,20.080000,72583.593750,37.22,93.31,31.228573,PM2.5,23100
22.799999,22.959999,0.290000,0.290000,0.090000,129.759995,0.670000,-3.500000,292.130005,18.940001,72868.117188,37.24,93.48,32.571426,PM2.5,23101
23.780001,23.930000,0.290000,0.290000,0.090000,133.360001,0.700000,-3.450000,292.329987,18.190001,73072.703125,37.25,93.65,33.971428,PM2.5,23102
24.360001,24.520000,0.290000,0.280000,0.090000,133.580002,0.940000,-3.390000,292.579987,17.580000,73197.679688,37.27,93.82,34.799999,PM2.5,23103
24.110001,24.260000,0.290000,0.240000,0.090000,133.479996,1.120000,-3.110000,292.660004,17.320000,73263.500000,37.28,93.99,34.442860,PM2.5,23104
22.290001,22.440001,0.300000,0.250000,0.090000,132.860001,1.130000,-2.580000,292.579987,17.469999,73221.976562,37.3,94.16,31.842859,PM2.5,23105
19.090000,19.240000,0.320000,0.280000,0.090000,132.220001,0.620000,-1.730000,292.529999,17.969999,73167.851562,37.31,94.33,27.271429,PM2.5,23106
16.920000,17.080000,0.340000,0.290000,0.090000,131.750000,-0.160000,-0.550000,292.589996,18.530001,73180.359375,37.32,94.49,24.171429,PM2.5,23107
14.760000,14.930000,0.360000,0.310000,0.090000,130.839996,-0.590000,0.500000,292.519989,18.959999,73008.976562,37.34,94.66,21.085714,PM2.5,23108
12.890000,13.060000,0.390000,0.330000,0.090000,129.679993,-0.680000,0.960000,291.989990,19.610001,72331.421875,37.35,94.83,18.414286,PM2.5,23109
11.480000,11.650000,0.430000,0.360000,0.090000,127.959999,-0.810000,1.050000,291.119995,20.610001,71373.406250,37.36,95.0,16.400000,PM2.5,23110
10.610000,10.790000,0.460000,0.420000,0.090000,125.470001,-0.860000,0.890000,290.049988,22.270000,70358.890625,37.38,95.17,15.157143,PM2.5,23111
10.070000,10.250000,0.490000,0.480000,0.090000,123.769997,-0.810000,1.150000,289.089996,23.600000,69425.218750,37.39,95.34,14.385714,PM2.5,23112
9.870000,10.060000,0.530000,0.510000,0.090000,121.339996,-0.980000,0.930000,288.619995,24.530001,68964.000000,37.4,95.51,14.099999,PM2.5,23113
9.820000,10.010000,0.570000,0.530000,0.090000,119.510002,-1.310000,0.610000,288.220001,25.959999,68673.148438,37.41,95.68,14.028571,PM2.5,23114
9.790000,9.990000,0.610000,0.540000,0.090000,119.059998,-0.940000,0.790000,287.489990,27.469999,68010.773438,37.42,95.85,13.985714,PM2.5,23115
9.730000,9.920000,0.640000,0.560000,0.090000,116.559998,-0.700000,1.430000,286.500000,29.309999,66879.851562,37.43,96.02,13.900000,PM2.5,23116
9.630000,9.830000,0.710000,0.590000,0.090000,113.500000,-1.040000,1.920000,285.109985,32.389999,65602.648438,37.45,96.19,13.757143,PM2.5,23117
9.590000,9.810000,0.860000,0.700000,0.090000,109.360001,-1.610000,2.140000,284.549988,35.110001,65263.941406,37.46,96.36,13.700000,PM2.5,23118
9.540000,9.800000,1.120000,1.070000,0.090000,107.889999,-2.040000,2.350000,285.359985,35.209999,66447.273438,37.47,96.54,13.628572,PM2.5,23119
9.520000,9.810000,1.590000,4.670000,0.100000,107.669998,-1.390000,1.680000,287.000000,33.049999,68232.718750,37.48,96.71,13.600000,PM2.5,23120
9.660000,9.990000,3.050000,12.350000,0.140000,105.449997,-1.180000,1.520000,287.250000,32.820000,68275.117188,37.49,96.88,15.437500,NO2,23121
10.060000,10.490000,6.110000,21.790001,0.220000,104.099998,-1.610000,2.230000,284.059998,38.919998,64952.171875,37.5,97.05,27.237501,NO2,23122
10.480000,11.180000,11.050000,28.629999,0.340000,102.330002,-1.870000,2.320000,280.910004,47.520000,62181.128906,37.51,97.22,35.787498,NO2,23123
10.270000,11.090000,10.410000,21.900000,0.350000,102.849998,-1.540000,1.990000,281.269989,47.980000,62773.449219,37.52,97.39,27.375000,NO2,23124
9.280000,9.700000,2.690000,6.090000,0.210000,107.209999,-1.300000,1.590000,282.589996,45.099998,64012.351562,37.53,97.56,13.257142,PM2.5,23125
8.880000,9.140000,0.980000,3.170000,0.150000,109.260002,-1.630000,1.370000,282.309998,45.250000,63705.250000,37.54,97.73,12.685715,PM2.5,23126
8.820000,9.050000,0.560000,1.790000,0.110000,108.410004,-1.580000,1.100000,279.730011,51.849998,61455.859375,37.55,97.9,12.599999,PM2.5,23127
8.780000,9.000000,0.440000,0.760000,0.090000,106.709999,-1.810000,0.470000,277.799988,61.340000,60195.960938,37.56,98.07,12.542857,PM2.5,23128
8.960000,9.190000,0.420000,0.370000,0.090000,106.709999,-2.020000,-0.150000,278.279999,64.260002,61335.718750,37.57,98.24,12.800000,PM2.5,23129
9.210000,9.460000,0.450000,0.410000,0.090000,107.739998,-1.550000,-0.160000,279.529999,61.650002,62907.261719,37.57,98.41,13.157143,PM2.5,23130
9.320000,9.590000,0.490000,0.490000,0.090000,107.540001,-1.410000,0.260000,280.940002,57.279999,64465.621094,37.58,98.58,13.314285,PM2.5,23131
9.430000,9.720000,0.510000,0.470000,0.090000,107.360001,-1.440000,0.680000,280.529999,57.459999,64009.210938,37.59,98.75,13.471429,PM2.5,23132
9.570000,9.860000,0.530000,0.440000,0.090000,108.120003,-1.410000,0.360000,278.859985,62.480000,62464.160156,37.6,98.92,13.671428,PM2.5,23133
9.680000,9.970000,0.540000,0.420000,0.090000,108.000000,-1.520000,0.190000,278.429993,65.680000,62554.179688,37.61,99.09,13.828572,PM2.5,23134
9.740000,10.000000,0.490000,0.310000,0.090000,108.550003,-1.290000,-0.170000,278.609985,66.870003,63251.421875,37.61,99.26,13.914286,PM2.5,23135
9.760000,10.010000,0.490000,0.310000,0.090000,108.930000,-0.950000,-0.420000,278.630005,66.709999,63333.089844,37.62,99.44,13.942858,PM2.5,23136
9.740000,9.990000,0.490000,0.330000,0.090000,107.940002,-0.790000,-0.450000,277.440002,71.290001,62244.800781,37.63,99.61,13.914286,PM2.5,23137
9.760000,10.020000,0.500000,0.360000,0.090000,106.370003,-0.480000,-0.670000,277.019989,75.379997,62278.671875,37.63,99.78,13.942858,PM2.5,23138
10.010000,10.280000,0.510000,0.410000,0.090000,106.510002,-0.150000,-1.090000,278.209991,71.910004,63741.820312,37.64,99.95,14.300000,PM2.5,23139
10.150000,10.410000,0.510000,0.480000,0.090000,107.500000,-0.260000,-1.660000,278.459991,70.930000,64193.769531,37.65,100.12,14.499999,PM2.5,23140
10.290000,10.560000,0.510000,0.600000,0.090000,108.349998,-0.380000,-1.780000,278.309998,70.919998,64207.750000,37.65,100.29,14.700000,PM2.5,23141
10.440000,10.710000,0.510000,0.630000,0.100000,108.220001,-0.210000,-1.970000,278.589996,69.330002,64687.949219,37.66,100.46,14.914285,PM2.5,23142
10.710000,10.980000,0.500000,0.660000,0.100000,108.029999,-0.150000,-2.290000,279.040009,67.400002,65556.523438,37.66,100.63,15.300000,PM2.5,23143
11.010000,11.280000,0.490000,0.670000,0.100000,107.470001,0.260000,-2.440000,278.850006,66.919998,65437.621094,37.67,100.8,15.728572,PM2.5,23144
11.220000,11.500000,0.470000,0.680000,0.100000,107.120003,0.870000,-2.500000,279.109985,65.320000,65612.421875,37.68,100.97,16.028572,PM2.5,23145
11.250000,11.720000,0.460000,0.750000,0.100000,107.370003,0.560000,-3.400000,280.579987,61.160000,67333.023438,37.68,101.15,16.071428,PM2.5,23146
11.410000,12.160000,0.460000,0.890000,0.100000,108.029999,-0.190000,-4.410000,279.160004,64.430000,65705.359375,37.69,101.32,16.299999,PM2.5,23147
11.000000,12.260000,0.460000,0.880000,0.100000,106.959999,0.100000,-4.360000,275.959991,73.830002,62546.699219,37.69,101.49,15.714286,PM2.5,23148
10.540000,12.320000,0.490000,0.880000,0.100000,108.480003,0.600000,-3.500000,277.140015,71.650002,63973.039062,37.69,101.66,15.057143,PM2.5,23149
11.080000,14.450000,0.630000,1.270000,0.110000,103.150002,1.420000,-2.010000,280.500000,59.950001,67650.093750,37.7,102.0,15.828571,PM2.5,23151
9.510000,9.650000,0.240000,0.170000,0.090000,108.239998,-4.490000,1.180000,276.720001,47.720001,58258.769531,37.18,91.43,13.585714,PM2.5,23345
10.180000,10.330000,0.280000,0.190000,0.090000,118.129997,-3.380000,0.060000,279.459991,41.380001,60912.378906,37.2,91.6,14.542857,PM2.5,23346
10.810000,10.970000,0.300000,0.200000,0.090000,121.809998,-2.420000,-1.090000,282.260010,35.750000,63421.871094,37.22,91.77,15.442858,PM2.5,23347
11.400000,11.570000,0.310000,0.220000,0.090000,123.180000,-1.480000,-1.850000,284.679993,31.639999,65768.601562,37.23,91.94,16.285713,PM2.5,23348
11.800000,11.970000,0.310000,0.250000,0.090000,123.470001,-0.620000,-2.310000,286.739990,28.410000,67829.101562,37.25,92.1,16.857143,PM2.5,23349
12.420000,12.590000,0.320000,0.280000,0.090000,123.989998,-0.220000,-2.900000,288.670013,25.639999,69798.710938,37.27,92.27,17.742857,PM2.5,23350
13.650000,13.820000,0.320000,0.290000,0.090000,125.019997,-0.300000,-3.400000,290.049988,23.740000,71172.070312,37.28,92.44,19.500000,PM2.5,23351
15.180000,15.340000,0.320000,0.280000,0.090000,125.930000,-0.350000,-3.550000,290.739990,22.610001,71864.296875,37.3,92.61,21.685715,PM2.5,23352
17.209999,17.379999,0.310000,0.270000,0.090000,126.540001,-0.180000,-3.440000,291.130005,21.889999,72311.492188,37.31,92.78,24.585712,PM2.5,23353
19.440001,19.610001,0.310000,0.280000,0.090000,127.959999,-0.220000,-3.370000,291.209991,21.209999,72437.843750,37.33,92.95,27.771429,PM2.5,23354
21.490000,21.650000,0.310000,0.270000,0.090000,129.160004,-0.190000,-3.240000,291.290009,20.879999,72512.859375,37.34,93.12,30.699999,PM2.5,23355
23.290001,23.450001,0.300000,0.270000,0.090000,130.419998,-0.020000,-3.250000,291.760010,19.860001,72831.531250,37.36,93.29,33.271431,PM2.5,23356
24.770000,24.920000,0.290000,0.280000,0.090000,131.639999,0.220000,-3.200000,292.059998,19.080000,73106.609375,37.37,93.46,35.385715,PM2.5,23357
25.650000,25.809999,0.290000,0.280000,0.090000,133.009995,0.430000,-3.410000,292.329987,18.209999,73232.000000,37.39,93.63,36.642857,PM2.5,23358
26.110001,26.270000,0.290000,0.270000,0.090000,133.229996,0.570000,-3.620000,292.579987,17.559999,73321.687500,37.4,93.8,37.299999,PM2.5,23359
25.570000,25.730000,0.290000,0.250000,0.090000,132.570007,0.630000,-3.380000,292.670013,17.360001,73372.976562,37.42,93.97,36.528572,PM2.5,23360
22.350000,22.510000,0.310000,0.280000,0.090000,131.240005,0.540000,-2.670000,292.549988,17.690001,73236.539062,37.43,94.14,31.928572,PM2.5,23361
19.170000,19.330000,0.320000,0.290000,0.090000,131.479996,0.120000,-1.440000,292.399994,18.309999,72945.351562,37.44,94.31,27.385714,PM2.5,23362
17.330000,17.490000,0.340000,0.290000,0.090000,131.770004,-0.250000,-0.220000,292.190002,19.030001,72598.156250,37.46,94.48,24.757143,PM2.5,23363
15.470000,15.640000,0.370000,0.300000,0.090000,131.259995,-0.320000,0.560000,291.709991,19.780001,71958.507812,37.47,94.65,22.100000,PM2.5,23364
13.520000,13.680000,0.390000,0.320000,0.090000,130.179993,-0.520000,1.040000,290.779999,20.709999,70910.289062,37.48,94.82,19.314287,PM2.5,23365
12.070000,12.240000,0.420000,0.340000,0.090000,128.309998,-0.740000,1.370000,289.369995,22.440001,69549.718750,37.5,94.99,17.242857,PM2.5,23366
11.090000,11.270000,0.450000,0.400000,0.090000,125.870003,-0.610000,1.480000,288.049988,24.379999,68359.570312,37.51,95.16,15.842857,PM2.5,23367
10.290000,10.470000,0.480000,0.480000,0.090000,124.470001,-1.190000,1.220000,288.119995,24.290001,68387.406250,37.52,95.33,14.700000,PM2.5,23368
9.900000,10.090000,0.510000,0.510000,0.090000,123.250000,-1.890000,0.070000,288.290009,24.730000,68625.632812,37.53,95.5,14.142857,PM2.5,23369
9.840000,10.030000,0.540000,0.500000,0.090000,121.400002,-1.030000,-0.310000,286.690002,27.520000,67234.000000,37.55,95.67,14.057143,PM2.5,23370
9.790000,9.980000,0.560000,0.460000,0.090000,119.389999,-0.090000,0.310000,285.190002,30.629999,65728.796875,37.56,95.84,13.985714,PM2.5,23371
9.680000,9.880000,0.610000,0.480000,0.090000,117.070000,-0.200000,1.340000,284.579987,32.410000,65036.640625,37.57,96.01,13.828572,PM2.5,23372
9.540000,9.740000,0.680000,0.520000,0.090000,114.750000,-0.760000,1.840000,283.760010,34.639999,64228.511719,37.58,96.18,13.628572,PM2.5,23373
9.480000,9.690000,0.790000,0.600000,0.090000,111.730003,-1.210000,2.130000,283.209991,36.189999,63812.738281,37.59,96.35,13.542856,PM2.5,23374
9.550000,9.780000,0.970000,0.770000,0.090000,109.589996,-1.360000,2.670000,282.559998,38.130001,63367.531250,37.6,96.52,13.642858,PM2.5,23375
9.560000,9.810000,1.210000,2.320000,0.090000,108.750000,-1.090000,2.560000,282.220001,39.919998,63235.160156,37.61,96.69,13.657144,PM2.5,23376
9.570000,9.830000,1.760000,6.320000,0.110000,108.379997,-0.490000,2.310000,282.579987,39.790001,63621.308594,37.62,96.86,13.671428,PM2.5,23377
9.760000,10.080000,3.130000,11.970000,0.150000,107.279999,0.200000,2.690000,280.700012,44.150002,61682.789062,37.63,97.03,14.962501,NO2,23378
9.630000,10.010000,4.160000,13.410000,0.180000,108.650002,-0.090000,2.040000,278.619995,51.110001,59809.460938,37.64,97.2,16.762501,NO2,23379
9.130000,9.540000,2.830000,7.560000,0.170000,113.570000,-0.730000,1.440000,279.709991,49.849998,61033.761719,37.65,97.37,13.042857,PM2.5,23380
8.630000,8.910000,1.200000,3.420000,0.140000,116.750000,-0.620000,1.290000,280.720001,46.830002,61988.890625,37.66,97.55,12.328571,PM2.5,23381
8.270000,8.480000,0.620000,2.120000,0.110000,118.269997,-0.210000,1.310000,279.329987,49.889999,60637.871094,37.67,97.72,11.814286,PM2.5,23382
7.950000,8.140000,0.410000,1.130000,0.100000,116.410004,-0.160000,0.990000,276.980011,56.669998,58635.570312,37.68,97.89,11.357142,PM2.5,23383
8.030000,8.230000,0.370000,0.490000,0.090000,113.949997,-1.140000,1.000000,276.000000,65.000000,58456.699219,37.69,98.06,11.471428,PM2.5,23384
8.570000,8.790000,0.390000,0.330000,0.090000,114.519997,-1.280000,1.020000,277.540009,65.110001,60675.679688,37.7,98.23,12.242857,PM2.5,23385
8.880000,9.100000,0.410000,0.350000,0.090000,115.589996,-0.640000,0.580000,279.390015,60.070000,62680.750000,37.71,98.4,12.685715,PM2.5,23386
9.030000,9.270000,0.430000,0.400000,0.090000,114.180000,-0.760000,0.390000,280.279999,56.619999,63681.089844,37.72,98.57,12.900000,PM2.5,23387
9.130000,9.380000,0.440000,0.370000,0.090000,112.349998,-1.010000,0.600000,279.579987,58.430000,63078.289062,37.73,98.74,13.042857,PM2.5,23388
9.220000,9.480000,0.460000,0.360000,0.090000,111.949997,-0.890000,0.270000,277.700012,64.559998,61415.609375,37.73,98.91,13.171429,PM2.5,23389
9.490000,9.750000,0.460000,0.350000,0.090000,112.709999,-0.770000,-0.380000,277.459991,66.559998,61539.539062,37.74,99.08,13.557142,PM2.5,23390
9.670000,9.910000,0.450000,0.310000,0.090000,113.300003,-0.860000,-0.540000,278.010010,66.680000,62599.210938,37.75,99.26,13.814286,PM2.5,23391
9.760000,10.010000,0.450000,0.310000,0.090000,113.440002,-0.840000,-0.770000,277.799988,68.410004,62633.410156,37.76,99.43,13.942858,PM2.5,23392
9.810000,10.060000,0.460000,0.330000,0.090000,111.419998,-0.460000,-0.700000,276.649994,72.180000,61558.019531,37.76,99.6,14.014286,PM2.5,23393
9.920000,10.180000,0.470000,0.360000,0.090000,110.430000,0.120000,-0.990000,276.670013,73.199997,61788.238281,37.77,99.77,14.171429,PM2.5,23394
10.180000,10.440000,0.500000,0.410000,0.090000,109.169998,0.320000,-1.710000,277.869995,70.239998,63260.449219,37.78,99.94,14.542857,PM2.5,23395
10.400000,10.670000,0.520000,0.500000,0.090000,108.480003,0.150000,-2.150000,278.309998,69.830002,64034.269531,37.78,100.11,14.857142,PM2.5,23396
10.510000,10.780000,0.520000,0.600000,0.100000,108.639999,-0.030000,-2.040000,278.369995,70.449997,64475.679688,37.79,100.28,15.014286,PM2.5,23397
10.660000,10.940000,0.520000,0.630000,0.100000,107.730003,-0.040000,-2.210000,278.230011,70.089996,64615.960938,37.79,100.45,15.228571,PM2.5,23398
10.960000,11.240000,0.510000,0.630000,0.100000,106.669998,0.080000,-2.720000,278.079987,69.370003,64645.429688,37.8,100.63,15.657143,PM2.5,23399
11.350000,11.640000,0.510000,0.670000,0.100000,106.019997,0.440000,-3.280000,278.019989,69.480003,64677.710938,37.81,100.8,16.214287,PM2.5,23400
11.430000,11.920000,0.490000,0.690000,0.100000,106.660004,0.760000,-3.770000,278.239990,69.320000,65151.429688,37.81,100.97,16.328571,PM2.5,23401
11.210000,12.130000,0.480000,0.750000,0.100000,107.720001,0.380000,-4.490000,278.290009,69.000000,65230.339844,37.82,101.14,16.014286,PM2.5,23402
10.840000,12.870000,0.460000,0.880000,0.100000,107.540001,1.620000,-3.200000,278.040009,68.309998,64952.019531,37.83,101.48,15.485715,PM2.5,23404
9.460000,9.610000,0.250000,0.160000,0.090000,109.559998,-5.360000,2.800000,276.260010,46.759998,57249.820312,37.3,91.24,13.514286,PM2.5,23601
10.030000,10.180000,0.270000,0.170000,0.090000,116.220001,-4.820000,2.070000,277.209991,45.240002,58492.160156,37.32,91.41,14.328571,PM2.5,23602
10.580000,10.730000,0.290000,0.180000,0.090000,121.680000,-4.030000,0.740000,278.619995,42.070000,59920.570312,37.33,91.58,15.114285,PM2.5,23603
11.250000,11.410000,0.300000,0.200000,0.090000,124.400002,-2.790000,-0.740000,281.619995,36.049999,62818.339844,37.35,91.74,16.071428,PM2.5,23604
11.830000,12.000000,0.310000,0.220000,0.090000,124.989998,-1.250000,-1.720000,285.649994,29.469999,66793.273438,37.37,91.91,16.900000,PM2.5,23605
12.120000,12.290000,0.320000,0.250000,0.090000,124.839996,-0.460000,-2.430000,287.950012,26.559999,69158.601562,37.38,92.08,17.314285,PM2.5,23606
12.740000,12.910000,0.320000,0.280000,0.090000,125.629997,-0.470000,-3.200000,289.190002,24.830000,70383.140625,37.4,92.25,18.199999,PM2.5,23607
13.780000,13.950000,0.320000,0.280000,0.090000,126.930000,-0.400000,-3.640000,290.149994,23.240000,71279.203125,37.42,92.42,19.685715,PM2.5,23608
15.470000,15.640000,0.320000,0.240000,0.090000,127.830002,-0.260000,-3.510000,290.890015,22.219999,72074.257812,37.43,92.59,22.100000,PM2.5,23609
17.809999,17.980000,0.320000,0.230000,0.090000,128.000000,-0.370000,-3.390000,291.339996,21.469999,72628.000000,37.45,92.76,25.442856,PM2.5,23610
20.379999,20.549999,0.310000,0.240000,0.090000,128.449997,-0.620000,-3.360000,291.339996,21.120001,72717.078125,37.46,92.93,29.114285,PM2.5,23611
22.719999,22.889999,0.310000,0.240000,0.090000,129.509995,-0.670000,-3.290000,291.470001,20.370001,72767.382812,37.48,93.1,32.457142,PM2.5,23612
24.850000,25.020000,0.300000,0.250000,0.090000,130.720001,-0.380000,-3.310000,291.829987,19.389999,72999.390625,37.49,93.27,35.500000,PM2.5,23613
26.719999,26.879999,0.300000,0.250000,0.090000,131.850006,-0.360000,-3.300000,292.170013,18.730000,73235.476562,37.51,93.44,38.171429,PM2.5,23614
27.830000,27.990000,0.290000,0.250000,0.090000,132.649994,-0.450000,-3.590000,292.339996,18.290001,73297.492188,37.52,93.61,39.757141,PM2.5,23615
28.170000,28.330000,0.290000,0.250000,0.090000,132.729996,-0.200000,-3.920000,292.450012,17.680000,73212.968750,37.54,93.78,40.242859,PM2.5,23616
27.010000,27.160000,0.290000,0.260000,0.090000,131.490005,-0.120000,-3.690000,292.529999,17.590000,73238.757812,37.55,93.95,38.585716,PM2.5,23617
23.240000,23.400000,0.310000,0.270000,0.090000,130.460007,0.040000,-2.800000,292.470001,17.940001,73125.546875,37.57,94.12,33.200001,PM2.5,23618
20.020000,20.180000,0.320000,0.280000,0.090000,130.990005,-0.050000,-1.330000,292.100006,18.870001,72609.703125,37.58,94.29,28.600000,PM2.5,23619
19.469999,19.629999,0.340000,0.260000,0.090000,131.520004,-0.170000,0.270000,291.630005,20.030001,72024.757812,37.59,94.46,27.814285,PM2.5,23620
17.680000,17.840000,0.360000,0.270000,0.090000,130.839996,-0.060000,0.990000,291.029999,20.760000,71254.953125,37.61,94.63,25.257143,PM2.5,23621
15.010000,15.180000,0.390000,0.290000,0.090000,129.740005,-0.280000,1.480000,290.119995,21.520000,70219.250000,37.62,94.8,21.442858,PM2.5,23622
12.550000,12.730000,0.410000,0.330000,0.090000,128.240005,-0.500000,1.970000,288.869995,22.790001,68948.750000,37.63,94.97,17.928572,PM2.5,23623
11.260000,11.430000,0.430000,0.390000,0.090000,127.209999,-0.910000,1.630000,287.850006,23.900000,67923.203125,37.65,95.14,16.085714,PM2.5,23624
10.350000,10.530000,0.450000,0.490000,0.090000,126.550003,-2.020000,0.660000,288.149994,23.020000,68184.820312,37.66,95.31,14.785715,PM2.5,23625
10.010000,10.190000,0.460000,0.490000,0.090000,125.489998,-1.750000,-0.070000,286.929993,25.030001,67188.343750,37.67,95.48,14.300000,PM2.5,23626
10.480000,10.670000,0.470000,0.460000,0.090000,120.570000,-0.480000,-0.020000,283.690002,31.170000,64284.371094,37.68,95.65,14.971428,PM2.5,23627
9.990000,10.180000,0.530000,0.440000,0.090000,119.870003,-0.050000,0.030000,282.799988,34.189999,63688.589844,37.69,95.82,14.271428,PM2.5,23628
9.900000,10.090000,0.580000,0.450000,0.090000,118.339996,-0.240000,0.660000,283.209991,34.349998,63913.050781,37.71,96.0,14.142857,PM2.5,23629
9.650000,9.840000,0.630000,0.470000,0.090000,117.540001,-0.920000,1.010000,282.260010,36.470001,62888.421875,37.72,96.17,13.785714,PM2.5,23630
9.490000,9.690000,0.710000,0.520000,0.090000,116.389999,-1.210000,1.240000,281.959991,37.049999,62633.839844,37.73,96.34,13.557142,PM2.5,23631
9.630000,9.850000,0.810000,0.610000,0.090000,115.410004,-0.750000,1.690000,281.260010,38.419998,62030.468750,37.74,96.51,13.757143,PM2.5,23632
9.450000,9.670000,0.940000,1.030000,0.090000,114.080002,-0.330000,1.830000,279.850006,42.400002,60793.269531,37.75,96.68,13.500000,PM2.5,23633
9.270000,9.500000,1.040000,2.450000,0.090000,113.620003,-0.210000,1.570000,279.540009,45.169998,60704.398438,37.76,96.85,13.242858,PM2.5,23634
9.070000,9.300000,1.340000,4.770000,0.100000,115.019997,-0.110000,1.500000,279.829987,45.759998,61008.339844,37.77,97.02,12.957143,PM2.5,23635
8.700000,8.930000,1.350000,5.210000,0.110000,118.410004,-0.280000,0.740000,279.959991,46.060001,61148.781250,37.78,97.19,12.428571,PM2.5,23636
8.200000,8.410000,0.900000,3.190000,0.110000,123.510002,-0.480000,0.240000,279.739990,46.270000,60941.980469,37.79,97.36,11.714286,PM2.5,23637
7.860000,8.040000,0.520000,1.810000,0.100000,124.449997,-0.500000,0.090000,278.489990,49.110001,59820.089844,37.8,97.53,11.228572,PM2.5,23638
7.590000,7.770000,0.380000,1.100000,0.090000,124.080002,-0.520000,-0.340000,277.109985,53.830002,58784.628906,37.81,97.7,10.842857,PM2.5,23639
7.480000,7.670000,0.340000,0.590000,0.090000,121.820000,-0.530000,-0.600000,276.750000,56.180000,58761.531250,37.82,97.88,10.685715,PM2.5,23640
7.710000,7.910000,0.340000,0.340000,0.090000,118.620003,-0.510000,0.060000,277.089996,58.250000,59475.050781,37.83,98.05,11.014286,PM2.5,23641
8.340000,8.550000,0.360000,0.310000,0.090000,118.080002,-0.480000,0.520000,278.200012,59.439999,61105.839844,37.84,98.22,11.914286,PM2.5,23642
8.620000,8.840000,0.380000,0.310000,0.090000,119.360001,-0.410000,0.020000,278.850006,58.590000,62025.378906,37.84,98.39,12.314285,PM2.5,23643
8.740000,8.960000,0.390000,0.320000,0.090000,119.220001,-0.390000,-0.160000,278.410004,59.119999,61713.878906,37.85,98.56,12.485714,PM2.5,23644
8.860000,9.090000,0.400000,0.310000,0.090000,116.910004,-0.460000,-0.120000,278.109985,60.419998,61618.460938,37.86,98.73,12.657143,PM2.5,23645
8.900000,9.140000,0.410000,0.330000,0.090000,114.540001,-0.590000,-0.100000,277.140015,64.269997,60936.210938,37.87,98.9,12.714285,PM2.5,23646
9.230000,9.480000,0.420000,0.320000,0.090000,115.230003,-0.300000,-0.600000,276.510010,67.250000,60717.261719,37.88,99.07,13.185714,PM2.5,23647
9.540000,9.790000,0.420000,0.310000,0.090000,115.639999,-0.170000,-0.970000,276.940002,67.120003,61410.460938,37.88,99.25,13.628572,PM2.5,23648
9.740000,9.990000,0.430000,0.320000,0.090000,113.959999,-0.370000,-1.130000,277.010010,68.680000,61858.429688,37.89,99.42,13.914286,PM2.5,23649
9.860000,10.110000,0.450000,0.340000,0.090000,111.629997,-0.220000,-1.040000,277.089996,69.760002,62186.980469,37.9,99.59,14.085713,PM2.5,23650
10.120000,10.380000,0.470000,0.390000,0.090000,109.570000,0.150000,-1.480000,277.609985,69.389999,63010.859375,37.9,99.76,14.457143,PM2.5,23651
10.390000,10.660000,0.490000,0.450000,0.090000,107.339996,0.300000,-2.200000,278.070007,69.080002,63849.921875,37.91,99.93,14.842857,PM2.5,23652
10.710000,10.990000,0.530000,0.560000,0.100000,106.879997,0.320000,-2.590000,278.230011,70.320000,64349.011719,37.92,100.1,15.300000,PM2.5,23653
10.850000,11.130000,0.550000,0.630000,0.100000,106.559998,0.490000,-1.980000,278.700012,69.449997,65151.140625,37.92,100.28,15.500001,PM2.5,23654
11.030000,11.310000,0.540000,0.660000,0.100000,104.849998,0.290000,-1.500000,279.019989,67.260002,65657.796875,37.93,100.45,15.757142,PM2.5,23655
11.170000,11.660000,0.540000,0.630000,0.100000,104.239998,-0.190000,-2.530000,278.350006,69.769997,65389.171875,37.94,100.62,15.957143,PM2.5,23656
11.440000,12.230000,0.560000,0.730000,0.100000,104.199997,-0.090000,-3.420000,277.700012,73.410004,65136.851562,37.94,100.79,16.342857,PM2.5,23657
11.250000,12.510000,0.530000,0.760000,0.100000,106.410004,0.570000,-3.870000,277.269989,74.510002,64795.269531,37.95,100.96,16.071428,PM2.5,23658
10.080000,10.230000,0.270000,0.170000,0.090000,115.059998,-5.890000,0.930000,279.010010,39.939999,59696.511719,37.43,91.22,14.400000,PM2.5,23855
10.650000,10.800000,0.280000,0.170000,0.090000,116.559998,-5.200000,0.940000,280.329987,38.020000,61157.359375,37.45,91.38,15.214285,PM2.5,23856
11.390000,11.550000,0.290000,0.180000,0.090000,121.190002,-4.350000,0.250000,281.720001,35.740002,62753.160156,37.47,91.55,16.271429,PM2.5,23857
12.310000,12.470000,0.320000,0.220000,0.090000,125.550003,-2.810000,-0.470000,284.119995,31.780001,65346.789062,37.49,91.72,17.585714,PM2.5,23858
12.920000,13.090000,0.330000,0.250000,0.090000,125.779999,-1.160000,-1.600000,287.269989,27.459999,68591.757812,37.5,91.89,18.457144,PM2.5,23859
12.960000,13.130000,0.330000,0.260000,0.090000,125.809998,-0.780000,-2.760000,288.489990,26.129999,69859.656250,37.52,92.06,18.514286,PM2.5,23860
13.240000,13.410000,0.320000,0.240000,0.090000,127.050003,-0.860000,-3.550000,288.959991,24.840000,70270.898438,37.54,92.23,18.914286,PM2.5,23861
13.990000,14.160000,0.320000,0.210000,0.090000,128.360001,-0.420000,-3.790000,289.989990,23.120001,71326.320312,37.55,92.4,19.985714,PM2.5,23862
15.730000,15.900000,0.320000,0.200000,0.090000,129.210007,-0.230000,-3.640000,290.809998,21.969999,72220.828125,37.57,92.57,22.471428,PM2.5,23863
18.270000,18.440001,0.320000,0.210000,0.090000,129.240005,-0.620000,-3.500000,291.059998,21.400000,72545.726562,37.58,92.74,26.100000,PM2.5,23864
21.129999,21.299999,0.320000,0.220000,0.090000,128.899994,-0.980000,-3.380000,291.230011,20.809999,72752.796875,37.6,92.91,30.185713,PM2.5,23865
23.820000,24.000000,0.310000,0.230000,0.090000,129.539993,-1.000000,-3.250000,291.540009,19.959999,72986.632812,37.61,93.08,34.028572,PM2.5,23866
26.559999,26.730000,0.310000,0.250000,0.090000,130.559998,-0.960000,-3.280000,291.839996,19.190001,73153.718750,37.63,93.25,37.942856,PM2.5,23867
29.209999,29.370001,0.300000,0.260000,0.090000,131.470001,-1.120000,-3.580000,292.049988,18.690001,73197.273438,37.64,93.42,41.728569,PM2.5,23868
30.540001,30.700001,0.290000,0.270000,0.090000,132.729996,-1.340000,-3.820000,292.079987,18.299999,73030.156250,37.66,93.59,43.628574,PM2.5,23869
30.719999,30.879999,0.290000,0.270000,0.090000,132.610001,-1.300000,-3.950000,292.000000,18.379999,72863.101562,37.67,93.76,43.885712,PM2.5,23870
29.320000,29.480000,0.300000,0.280000,0.090000,130.259995,-0.930000,-3.610000,292.130005,18.490000,72962.632812,37.69,93.93,41.885715,PM2.5,23871
25.480000,25.639999,0.320000,0.310000,0.090000,128.429993,-0.350000,-2.560000,292.200012,18.760000,72951.062500,37.7,94.1,36.399998,PM2.5,23872
22.510000,22.680000,0.330000,0.300000,0.090000,130.039993,0.100000,-1.080000,291.920013,19.520000,72521.570312,37.71,94.27,32.157143,PM2.5,23873
21.180000,21.350000,0.340000,0.280000,0.090000,131.339996,0.160000,0.760000,291.649994,20.209999,72065.023438,37.73,94.44,30.257143,PM2.5,23874
18.700001,18.870001,0.360000,0.290000,0.090000,130.550003,-0.060000,1.700000,291.309998,20.459999,71514.937500,37.74,94.61,26.714287,PM2.5,23875
15.330000,15.500000,0.380000,0.310000,0.090000,129.539993,-0.160000,2.150000,290.320007,21.139999,70424.421875,37.75,94.79,21.900000,PM2.5,23876
12.170000,12.350000,0.400000,0.360000,0.090000,128.119995,-0.450000,2.120000,289.109985,22.000000,69131.039062,37.77,94.96,17.385714,PM2.5,23877
10.870000,11.060000,0.400000,0.460000,0.090000,127.919998,-1.280000,1.760000,289.260010,20.870001,69166.968750,37.78,95.13,15.528571,PM2.5,23878
10.370000,10.600000,0.410000,0.590000,0.090000,126.610001,-1.290000,0.960000,288.250000,21.420000,68022.046875,37.79,95.3,14.814285,PM2.5,23879
10.820000,11.040000,0.420000,0.550000,0.090000,123.779999,-0.040000,0.980000,282.809998,28.969999,62946.320312,37.8,95.47,15.457143,PM2.5,23880
10.540000,10.720000,0.400000,0.400000,0.090000,121.459999,0.280000,0.340000,279.209991,37.430000,59858.121094,37.82,95.64,15.057143,PM2.5,23881
10.250000,10.430000,0.440000,0.370000,0.090000,120.000000,-0.470000,0.690000,280.600006,37.799999,61478.960938,37.83,95.81,14.642858,PM2.5,23882
9.730000,9.910000,0.510000,0.390000,0.090000,120.519997,-0.800000,1.150000,282.029999,35.919998,62937.160156,37.84,95.98,13.900000,PM2.5,23883
9.420000,9.610000,0.530000,0.390000,0.090000,120.379997,-1.000000,0.960000,281.820007,36.080002,62555.320312,37.85,96.15,13.457143,PM2.5,23884
9.070000,9.250000,0.550000,0.390000,0.090000,122.129997,-0.930000,0.670000,281.079987,36.980000,61764.378906,37.86,96.32,12.957143,PM2.5,23885
8.940000,9.130000,0.590000,0.400000,0.090000,122.349998,-0.400000,0.850000,279.720001,40.189999,60579.050781,37.87,96.49,12.771428,PM2.5,23886
8.780000,8.970000,0.660000,0.440000,0.090000,122.290001,-0.310000,0.670000,278.750000,43.779999,59851.550781,37.88,96.67,12.542857,PM2.5,23887
8.690000,8.890000,0.720000,0.680000,0.090000,122.570000,-0.450000,0.330000,278.880005,45.400002,60179.671875,37.89,96.84,12.414285,PM2.5,23888
8.330000,8.520000,0.720000,1.180000,0.090000,126.029999,-0.520000,0.030000,279.320007,45.139999,60601.699219,37.91,97.01,11.900000,PM2.5,23889
8.070000,8.260000,0.660000,1.530000,0.090000,128.789993,-0.620000,0.030000,279.100006,45.419998,60362.070312,37.92,97.18,11.528571,PM2.5,23890
7.820000,8.000000,0.530000,1.240000,0.090000,129.619995,-0.820000,-0.340000,278.040009,47.950001,59463.609375,37.93,97.35,11.171429,PM2.5,23891
7.560000,7.740000,0.410000,0.750000,0.090000,129.070007,-1.070000,-0.840000,276.799988,52.180000,58575.640625,37.93,97.52,10.800000,PM2.5,23892
7.330000,7.510000,0.350000,0.470000,0.090000,127.199997,-0.610000,-1.240000,276.369995,54.369999,58488.398438,37.94,97.69,10.471429,PM2.5,23893
7.260000,7.450000,0.330000,0.330000,0.090000,122.389999,0.010000,-0.850000,276.820007,55.450001,59214.449219,37.95,97.86,10.371428,PM2.5,23894
7.580000,7.780000,0.330000,0.290000,0.090000,117.699997,0.240000,-0.310000,277.640015,56.990002,60391.898438,37.96,98.04,10.828571,PM2.5,23895
8.180000,8.400000,0.340000,0.290000,0.090000,117.129997,0.140000,0.050000,278.820007,57.150002,61982.089844,37.97,98.21,11.685715,PM2.5,23896
8.380000,8.590000,0.350000,0.290000,0.090000,119.989998,-0.210000,0.080000,278.859985,57.189999,62225.089844,37.98,98.38,11.971429,PM2.5,23897
8.420000,8.640000,0.350000,0.290000,0.090000,120.580002,-0.160000,0.090000,277.510010,60.439999,60989.980469,37.99,98.55,12.028571,PM2.5,23898
8.580000,8.800000,0.360000,0.300000,0.090000,119.360001,-0.240000,-0.280000,277.200012,62.570000,60990.671875,38.0,98.72,12.257143,PM2.5,23899
8.680000,8.910000,0.370000,0.310000,0.090000,116.820000,-0.420000,-0.450000,276.970001,63.970001,61133.308594,38.0,98.89,12.400001,PM2.5,23900
8.980000,9.220000,0.380000,0.310000,0.090000,115.709999,-0.040000,-0.410000,276.279999,66.129997,60682.640625,38.01,99.07,12.828570,PM2.5,23901
9.300000,9.550000,0.400000,0.320000,0.090000,114.470001,0.070000,-0.790000,276.589996,66.779999,61286.308594,38.02,99.24,13.285714,PM2.5,23902
9.650000,9.900000,0.420000,0.340000,0.090000,112.019997,-0.060000,-1.120000,277.380005,66.680000,62504.238281,38.03,99.41,13.785714,PM2.5,23903
9.920000,10.180000,0.430000,0.390000,0.090000,109.279999,-0.080000,-1.490000,277.859985,67.260002,63396.738281,38.03,99.58,14.171429,PM2.5,23904
10.320000,10.590000,0.460000,0.440000,0.090000,106.650002,-0.060000,-1.930000,277.720001,69.870003,63725.000000,38.04,99.75,14.742857,PM2.5,23905
10.710000,10.990000,0.490000,0.510000,0.100000,105.139999,0.110000,-2.340000,277.279999,73.790001,63667.628906,38.05,99.92,15.300000,PM2.5,23906
11.100000,11.400000,0.550000,0.700000,0.100000,104.529999,0.650000,-2.400000,278.290009,71.010002,64799.050781,38.05,100.1,15.857143,PM2.5,23907
11.250000,11.570000,0.610000,0.790000,0.100000,103.059998,0.800000,-1.680000,280.549988,63.070000,67292.210938,38.06,100.27,16.071428,PM2.5,23908
11.630000,11.960000,0.640000,0.850000,0.100000,103.389999,-0.420000,-1.690000,280.190002,63.950001,67314.921875,38.06,100.44,16.614286,PM2.5,23909
11.270000,12.290000,0.620000,0.850000,0.100000,105.389999,-0.780000,-2.910000,277.619995,72.790001,64862.101562,38.07,100.61,16.100000,PM2.5,23910
11.040000,13.070000,0.650000,0.980000,0.100000,104.949997,0.390000,-3.460000,277.019989,75.230003,64422.968750,38.08,100.78,15.771428,PM2.5,23911
10.300000,10.450000,0.280000,0.160000,0.090000,117.440002,-6.070000,-0.500000,280.470001,37.080002,61566.320312,37.55,91.02,14.714286,PM2.5,24111
10.690000,10.840000,0.290000,0.160000,0.090000,119.040001,-5.800000,0.090000,282.989990,32.939999,63990.179688,37.57,91.19,15.271428,PM2.5,24112
11.380000,11.540000,0.300000,0.170000,0.090000,121.400002,-5.300000,0.130000,284.579987,30.900000,65764.343750,37.59,91.36,16.257143,PM2.5,24113
12.430000,12.600000,0.310000,0.190000,0.090000,124.430000,-3.970000,-0.480000,286.440002,28.600000,67874.007812,37.6,91.53,17.757143,PM2.5,24114
13.680000,13.850000,0.330000,0.250000,0.090000,125.820000,-2.430000,-1.330000,288.070007,26.770000,69654.039062,37.62,91.7,19.542858,PM2.5,24115
14.690000,14.870000,0.340000,0.290000,0.090000,126.059998,-1.570000,-2.400000,288.720001,26.330000,70431.523438,37.64,91.87,20.985714,PM2.5,24116
14.330000,14.510000,0.340000,0.280000,0.090000,126.589996,-1.410000,-3.060000,288.369995,26.530001,70050.156250,37.65,92.04,20.471428,PM2.5,24117
14.160000,14.340000,0.330000,0.250000,0.090000,127.720001,-0.990000,-3.330000,288.779999,25.150000,70380.882812,37.67,92.21,20.228571,PM2.5,24118
14.220000,14.390000,0.330000,0.220000,0.090000,129.240005,-0.410000,-3.440000,290.220001,22.870001,71813.890625,37.69,92.38,20.314285,PM2.5,24119
15.630000,15.810000,0.330000,0.220000,0.090000,130.320007,-0.430000,-3.390000,290.790009,21.860001,72443.132812,37.7,92.55,22.328571,PM2.5,24120
18.330000,18.510000,0.330000,0.230000,0.090000,130.179993,-0.880000,-3.290000,290.809998,21.340000,72524.179688,37.72,92.72,26.185715,PM2.5,24121
21.559999,21.740000,0.330000,0.240000,0.090000,129.350006,-1.220000,-3.110000,291.059998,20.690001,72757.320312,37.73,92.89,30.799999,PM2.5,24122
24.700001,24.879999,0.320000,0.270000,0.090000,129.580002,-1.410000,-3.020000,291.450012,19.760000,73020.203125,37.75,93.06,35.285717,PM2.5,24123
28.350000,28.520000,0.320000,0.290000,0.090000,130.330002,-1.710000,-3.260000,291.869995,18.950001,73288.328125,37.76,93.23,40.500000,PM2.5,24124
32.040001,32.209999,0.310000,0.290000,0.090000,131.639999,-2.120000,-3.690000,291.910004,18.570000,73080.781250,37.78,93.4,45.771431,PM2.5,24125
33.360001,33.529999,0.300000,0.300000,0.090000,133.139999,-2.410000,-4.060000,291.720001,18.530001,72703.453125,37.79,93.57,47.657143,PM2.5,24126
33.299999,33.459999,0.300000,0.300000,0.090000,132.899994,-2.400000,-4.130000,291.950012,18.540001,72843.539062,37.81,93.74,47.571426,PM2.5,24127
32.270000,32.439999,0.310000,0.320000,0.090000,129.559998,-1.890000,-3.800000,292.089996,18.770000,72970.593750,37.82,93.92,46.100002,PM2.5,24128
28.209999,28.379999,0.320000,0.360000,0.090000,126.349998,-0.950000,-2.760000,291.970001,19.280001,72801.929688,37.84,94.09,40.299999,PM2.5,24129
24.559999,24.730000,0.330000,0.360000,0.090000,128.279999,-0.140000,-0.890000,291.910004,19.780001,72567.148438,37.85,94.26,35.085712,PM2.5,24130
20.549999,20.719999,0.340000,0.340000,0.090000,131.169998,-0.180000,1.000000,291.880005,20.020000,72329.890625,37.86,94.43,29.357141,PM2.5,24131
17.299999,17.469999,0.360000,0.340000,0.090000,130.240005,-0.750000,1.560000,291.779999,19.719999,72000.726562,37.88,94.6,24.714285,PM2.5,24132
13.990000,14.180000,0.380000,0.370000,0.090000,129.800003,-1.050000,1.990000,290.649994,20.200001,70674.632812,37.89,94.77,19.985714,PM2.5,24133
11.140000,11.340000,0.380000,0.440000,0.090000,129.589996,-1.090000,1.590000,289.309998,20.840000,69227.929688,37.9,94.94,15.914287,PM2.5,24134
10.350000,10.570000,0.380000,0.540000,0.090000,129.990005,-1.270000,1.580000,288.970001,20.330000,68583.570312,37.91,95.11,14.785715,PM2.5,24135
10.050000,10.350000,0.450000,0.750000,0.090000,131.929993,-0.210000,2.090000,284.640015,25.010000,64510.250000,37.93,95.28,14.357143,PM2.5,24136
10.110000,10.360000,0.430000,0.600000,0.090000,131.339996,0.930000,1.770000,278.089996,35.750000,58555.289062,37.94,95.45,14.442857,PM2.5,24137
9.090000,9.270000,0.370000,0.330000,0.090000,131.660004,0.010000,0.010000,276.220001,40.470001,56980.269531,37.95,95.62,12.985715,PM2.5,24138
8.560000,8.730000,0.360000,0.290000,0.090000,129.360001,-1.250000,0.160000,278.070007,40.549999,58888.160156,37.96,95.8,12.228572,PM2.5,24139
9.140000,9.310000,0.390000,0.300000,0.090000,127.290001,-1.440000,1.390000,280.200012,38.090000,60980.449219,37.98,95.97,13.057143,PM2.5,24140
8.820000,8.990000,0.410000,0.300000,0.090000,129.039993,-0.860000,1.390000,280.369995,37.250000,61044.250000,37.99,96.14,12.599999,PM2.5,24141
8.470000,8.630000,0.430000,0.300000,0.090000,130.320007,-0.090000,0.950000,278.010010,41.590000,58871.750000,38.0,96.31,12.100000,PM2.5,24142
8.180000,8.350000,0.480000,0.320000,0.090000,129.770004,-0.100000,0.430000,276.420013,45.950001,57534.820312,38.01,96.48,11.685715,PM2.5,24143
7.960000,8.140000,0.540000,0.340000,0.090000,132.789993,-0.880000,-0.300000,277.230011,45.820000,58501.949219,38.02,96.65,11.371428,PM2.5,24144
7.850000,8.030000,0.570000,0.370000,0.090000,134.479996,-1.220000,-0.570000,278.459991,44.470001,59876.500000,38.03,96.82,11.214286,PM2.5,24145
7.750000,7.930000,0.580000,0.410000,0.090000,134.169998,-1.230000,-0.810000,278.640015,44.180000,59992.550781,38.04,96.99,11.071428,PM2.5,24146
7.680000,7.870000,0.560000,0.410000,0.090000,132.710007,-1.080000,-0.950000,277.630005,47.259998,59201.589844,38.05,97.17,10.971428,PM2.5,24147
7.630000,7.830000,0.480000,0.370000,0.090000,132.779999,-1.320000,-1.130000,277.250000,50.060001,59159.800781,38.06,97.34,10.900001,PM2.5,24148
7.400000,7.610000,0.390000,0.310000,0.090000,130.610001,-1.300000,-0.870000,277.750000,51.099998,60053.339844,38.07,97.51,10.571428,PM2.5,24149
7.180000,7.400000,0.340000,0.290000,0.090000,127.180000,-0.420000,-0.490000,278.029999,50.709999,60653.820312,38.08,97.68,10.257143,PM2.5,24150
7.180000,7.380000,0.320000,0.290000,0.090000,122.690002,0.100000,-0.280000,277.940002,52.939999,60671.101562,38.09,97.85,10.257143,PM2.5,24151
7.480000,7.680000,0.310000,0.280000,0.090000,118.550003,0.440000,0.120000,277.480011,57.759998,60520.660156,38.1,98.02,10.685715,PM2.5,24152
7.980000,8.190000,0.320000,0.280000,0.090000,119.940002,0.230000,0.420000,278.100006,59.230000,61320.519531,38.11,98.2,11.400000,PM2.5,24153
8.080000,8.290000,0.330000,0.280000,0.090000,122.559998,-0.340000,0.420000,278.290009,58.730000,61753.671875,38.11,98.37,11.542857,PM2.5,24154
8.020000,8.230000,0.330000,0.280000,0.090000,122.730003,-0.280000,0.240000,276.809998,62.090000,60406.648438,38.12,98.54,11.457144,PM2.5,24155
8.240000,8.460000,0.340000,0.280000,0.090000,121.830002,-0.040000,-0.520000,276.049988,64.730003,60049.230469,38.13,98.71,11.771428,PM2.5,24156
8.450000,8.680000,0.350000,0.290000,0.090000,119.500000,0.150000,-0.720000,276.369995,64.260002,60727.011719,38.14,98.88,12.071428,PM2.5,24157
8.780000,9.010000,0.360000,0.310000,0.090000,116.080002,0.230000,-0.580000,276.350006,65.150002,61005.480469,38.15,99.06,12.542857,PM2.5,24158
9.160000,9.400000,0.380000,0.330000,0.090000,113.139999,0.060000,-0.800000,276.940002,65.650002,61976.878906,38.15,99.23,13.085714,PM2.5,24159
9.590000,9.850000,0.400000,0.360000,0.090000,109.709999,-0.220000,-1.300000,277.119995,68.070000,62716.808594,38.16,99.4,13.700000,PM2.5,24160
10.040000,10.310000,0.430000,0.410000,0.090000,107.180000,-0.280000,-1.910000,277.179993,70.849998,63236.070312,38.17,99.57,14.342857,PM2.5,24161
10.510000,10.790000,0.450000,0.460000,0.100000,105.050003,-0.060000,-2.100000,276.920013,74.190002,63352.890625,38.18,99.74,15.014286,PM2.5,24162
10.600000,11.330000,0.510000,0.560000,0.100000,104.059998,0.650000,-2.290000,277.160004,73.970001,63673.921875,38.18,99.92,15.142858,PM2.5,24163
10.900000,11.780000,0.590000,0.820000,0.100000,102.589996,0.660000,-2.120000,280.459991,63.070000,67097.046875,38.19,100.09,15.571428,PM2.5,24164
11.160000,12.640000,0.750000,1.100000,0.100000,104.510002,-0.710000,-2.400000,281.600006,59.959999,68809.093750,38.19,100.26,15.942857,PM2.5,24165
11.420000,12.970000,0.770000,1.050000,0.100000,105.400002,-0.970000,-2.540000,278.089996,70.650002,65220.488281,38.2,100.43,16.314285,PM2.5,24166
10.190000,12.800000,0.720000,1.010000,0.100000,106.379997,0.430000,-2.810000,275.920013,79.889999,63167.539062,38.21,100.6,14.557142,PM2.5,24167
10.310000,10.460000,0.270000,0.180000,0.090000,115.779999,-5.990000,0.920000,279.459991,39.040001,60607.910156,37.67,90.83,14.728572,PM2.5,24369
10.760000,10.910000,0.290000,0.180000,0.090000,120.089996,-4.910000,1.070000,283.829987,31.660000,64956.710938,37.69,91.0,15.371428,PM2.5,24370
11.360000,11.520000,0.300000,0.170000,0.090000,121.790001,-4.940000,1.130000,286.630005,27.840000,67708.750000,37.7,91.17,16.228571,PM2.5,24371
12.210000,12.370000,0.310000,0.190000,0.090000,123.919998,-5.010000,0.700000,287.019989,27.780001,68413.476562,37.72,91.34,17.442858,PM2.5,24372
13.550000,13.720000,0.330000,0.240000,0.090000,126.010002,-4.110000,-0.990000,287.579987,27.490000,69343.031250,37.74,91.51,19.357143,PM2.5,24373
14.810000,14.990000,0.340000,0.290000,0.090000,126.830002,-2.940000,-2.470000,288.820007,26.209999,70754.000000,37.75,91.68,21.157143,PM2.5,24374
16.900000,17.090000,0.340000,0.320000,0.090000,126.599998,-2.220000,-3.180000,289.299988,25.879999,71407.031250,37.77,91.85,24.142857,PM2.5,24375
15.810000,15.990000,0.340000,0.290000,0.090000,126.930000,-1.760000,-3.100000,289.279999,25.639999,71390.921875,37.79,92.02,22.585714,PM2.5,24376
14.990000,15.170000,0.340000,0.260000,0.090000,127.919998,-1.140000,-3.150000,289.839996,24.230000,71835.937500,37.8,92.19,21.414286,PM2.5,24377
14.350000,14.530000,0.330000,0.250000,0.090000,129.630005,-0.800000,-3.400000,290.519989,22.650000,72417.296875,37.82,92.36,20.500000,PM2.5,24378
15.020000,15.200000,0.330000,0.250000,0.090000,131.429993,-0.920000,-3.300000,290.690002,21.709999,72591.921875,37.84,92.53,21.457144,PM2.5,24379
17.830000,18.010000,0.340000,0.270000,0.090000,131.210007,-1.230000,-3.000000,290.790009,21.059999,72750.203125,37.85,92.7,25.471428,PM2.5,24380
21.320000,21.510000,0.340000,0.290000,0.090000,129.979996,-1.660000,-2.760000,291.049988,20.260000,72920.312500,37.87,92.87,30.457142,PM2.5,24381
25.129999,25.320000,0.340000,0.310000,0.090000,129.220001,-2.220000,-2.920000,291.459991,19.350000,73121.921875,37.88,93.04,35.899998,PM2.5,24382
29.650000,29.830000,0.330000,0.320000,0.090000,129.750000,-2.700000,-3.410000,291.839996,18.700001,73274.750000,37.9,93.21,42.357143,PM2.5,24383
34.560001,34.730000,0.310000,0.310000,0.090000,131.970001,-3.030000,-3.740000,291.730011,18.639999,72950.546875,37.91,93.38,49.371429,PM2.5,24384
36.599998,36.770000,0.310000,0.320000,0.090000,133.550003,-3.410000,-3.990000,291.730011,18.610001,72760.789062,37.93,93.56,52.000000,PM2.5,24385
37.549999,37.709999,0.310000,0.330000,0.090000,133.009995,-3.620000,-4.270000,292.040009,18.610001,72958.546875,37.94,93.73,53.187500,PM2.5,24386
36.930000,37.099998,0.320000,0.340000,0.090000,129.580002,-3.090000,-4.070000,291.859985,19.270000,72836.226562,37.96,93.9,52.412498,PM2.5,24387
31.930000,32.099998,0.330000,0.380000,0.090000,124.220001,-1.860000,-3.200000,291.649994,19.940001,72672.593750,37.97,94.07,45.614285,PM2.5,24388
26.790001,26.969999,0.340000,0.400000,0.090000,125.190002,-0.920000,-1.410000,291.920013,19.879999,72713.851562,37.98,94.24,38.271431,PM2.5,24389
19.850000,20.030001,0.340000,0.400000,0.090000,127.300003,-1.660000,0.430000,292.040009,19.760000,72399.156250,38.0,94.41,28.357143,PM2.5,24390
15.560000,15.740000,0.360000,0.430000,0.090000,129.550003,-2.040000,0.590000,291.309998,19.840000,71600.046875,38.01,94.58,22.228573,PM2.5,24391
12.950000,13.130000,0.360000,0.470000,0.090000,129.320007,-1.540000,1.080000,290.410004,20.090000,70454.546875,38.02,94.75,18.500000,PM2.5,24392
10.750000,10.940000,0.360000,0.500000,0.090000,130.300003,-1.570000,1.460000,289.660004,20.219999,69382.351562,38.04,94.92,15.357142,PM2.5,24393
10.080000,10.280000,0.350000,0.480000,0.090000,132.740005,-0.720000,1.550000,286.480011,23.120001,66194.070312,38.05,95.09,14.400000,PM2.5,24394
9.630000,9.850000,0.360000,0.490000,0.090000,133.970001,0.550000,2.190000,280.779999,30.700001,60889.609375,38.06,95.27,13.757143,PM2.5,24395
9.060000,9.240000,0.340000,0.380000,0.090000,136.399994,0.290000,1.290000,278.269989,34.720001,58609.820312,38.07,95.44,12.942858,PM2.5,24396
8.460000,8.620000,0.330000,0.280000,0.090000,136.710007,-0.690000,0.230000,278.119995,35.700001,58735.718750,38.09,95.61,12.085714,PM2.5,24397
8.100000,8.250000,0.330000,0.270000,0.090000,135.220001,-1.150000,-0.390000,277.850006,38.389999,58697.750000,38.1,95.78,11.571429,PM2.5,24398
7.990000,8.140000,0.330000,0.260000,0.090000,135.130005,-1.300000,-0.070000,277.950012,39.139999,58774.609375,38.11,95.95,11.414286,PM2.5,24399
7.960000,8.120000,0.350000,0.270000,0.090000,135.740005,-0.870000,0.370000,276.859985,41.750000,57848.710938,38.12,96.12,11.371428,PM2.5,24400
7.860000,8.020000,0.400000,0.270000,0.090000,135.850006,-0.220000,0.210000,275.160004,45.549999,56469.449219,38.13,96.29,11.228572,PM2.5,24401
7.690000,7.870000,0.450000,0.290000,0.090000,133.679993,-0.690000,-0.640000,275.959991,45.619999,57293.679688,38.14,96.47,10.985714,PM2.5,24402
7.690000,7.870000,0.510000,0.310000,0.090000,135.929993,-1.160000,-1.260000,277.649994,43.320000,59133.601562,38.15,96.64,10.985714,PM2.5,24403
7.580000,7.770000,0.520000,0.320000,0.090000,136.190002,-1.200000,-1.420000,277.790009,43.529999,59299.230469,38.16,96.81,10.828571,PM2.5,24404
7.490000,7.690000,0.520000,0.340000,0.090000,135.789993,-1.540000,-1.630000,277.380005,45.750000,59136.789062,38.18,96.98,10.700000,PM2.5,24405
7.550000,7.770000,0.490000,0.320000,0.090000,136.210007,-1.060000,-1.750000,277.320007,48.150002,59508.941406,38.19,97.15,10.785714,PM2.5,24406
7.620000,7.910000,0.430000,0.300000,0.090000,135.720001,-0.940000,-1.400000,277.929993,49.840000,60537.718750,38.2,97.33,10.885715,PM2.5,24407
7.410000,7.790000,0.350000,0.290000,0.090000,130.679993,-1.460000,-0.720000,278.619995,51.000000,61914.640625,38.2,97.5,10.585714,PM2.5,24408
7.460000,8.210000,0.340000,0.330000,0.090000,116.320000,-1.400000,-0.170000,277.130005,57.009998,62348.371094,38.21,97.67,10.657143,PM2.5,24409
7.260000,7.500000,0.320000,0.280000,0.090000,122.099998,-0.490000,0.190000,278.250000,53.560001,61352.140625,38.22,97.84,10.371428,PM2.5,24410
7.310000,7.530000,0.310000,0.270000,0.090000,121.940002,0.340000,0.280000,276.839996,59.240002,59928.878906,38.23,98.01,10.442857,PM2.5,24411
7.650000,7.850000,0.310000,0.270000,0.090000,124.419998,-0.030000,0.000000,277.209991,61.110001,60463.289062,38.24,98.19,10.928572,PM2.5,24412
7.780000,7.980000,0.310000,0.280000,0.090000,124.139999,-0.420000,0.080000,277.920013,59.169998,61482.359375,38.25,98.36,11.114286,PM2.5,24413
7.750000,7.960000,0.320000,0.280000,0.090000,122.540001,-0.250000,0.130000,276.670013,60.779999,60399.828125,38.26,98.53,11.071428,PM2.5,24414
8.050000,8.260000,0.340000,0.290000,0.090000,122.000000,0.300000,-0.080000,275.429993,64.470001,59675.781250,38.27,98.7,11.500000,PM2.5,24415
8.200000,8.420000,0.340000,0.300000,0.090000,120.269997,0.760000,-0.460000,275.529999,64.849998,60036.890625,38.27,98.87,11.714286,PM2.5,24416
8.590000,8.820000,0.350000,0.320000,0.090000,116.000000,0.620000,-0.640000,275.850006,66.690002,60749.289062,38.28,99.05,12.271429,PM2.5,24417
9.050000,9.290000,0.370000,0.350000,0.090000,112.239998,0.150000,-0.970000,276.470001,68.300003,61918.078125,38.29,99.22,12.928572,PM2.5,24418
9.610000,9.870000,0.400000,0.390000,0.090000,108.290001,-0.210000,-1.340000,276.459991,71.349998,62434.078125,38.3,99.39,13.728571,PM2.5,24419
9.860000,10.490000,0.430000,0.470000,0.100000,105.339996,-0.230000,-1.610000,277.290009,71.309998,63649.250000,38.3,99.56,14.085713,PM2.5,24420
10.010000,11.110000,0.480000,0.550000,0.100000,103.730003,-0.070000,-1.650000,278.100006,70.400002,64830.808594,38.31,99.74,14.300000,PM2.5,24421
9.810000,11.890000,0.560000,0.700000,0.100000,103.330002,0.670000,-1.940000,279.140015,66.959999,65912.429688,38.32,99.91,14.014286,PM2.5,24422
10.450000,13.820000,0.800000,1.090000,0.100000,103.250000,-0.890000,-2.610000,278.570007,71.099998,65982.273438,38.33,100.25,14.928571,PM2.5,24424
10.190000,10.340000,0.280000,0.210000,0.090000,116.970001,-6.750000,0.760000,281.100006,35.380001,62108.359375,37.78,90.64,14.557142,PM2.5,24628
10.660000,10.810000,0.290000,0.210000,0.090000,118.580002,-5.380000,1.410000,284.929993,29.670000,65924.390625,37.8,90.81,15.228571,PM2.5,24629
11.350000,11.510000,0.300000,0.210000,0.090000,121.309998,-4.570000,1.390000,287.959991,26.040001,69005.328125,37.82,90.98,16.214287,PM2.5,24630
12.230000,12.400000,0.320000,0.230000,0.090000,123.599998,-4.920000,0.890000,289.019989,25.110001,70158.890625,37.84,91.15,17.471428,PM2.5,24631
13.060000,13.230000,0.330000,0.270000,0.090000,125.519997,-5.760000,0.020000,287.859985,26.830000,69263.890625,37.85,91.32,18.657143,PM2.5,24632
13.770000,13.950000,0.340000,0.310000,0.090000,126.290001,-5.340000,-1.650000,286.559998,28.690001,68308.796875,37.87,91.49,19.671429,PM2.5,24633
14.510000,14.690000,0.340000,0.340000,0.090000,126.750000,-3.700000,-2.640000,287.649994,27.389999,69658.679688,37.89,91.66,20.728571,PM2.5,24634
15.230000,15.420000,0.350000,0.340000,0.090000,126.889999,-2.490000,-3.130000,289.549988,25.170000,71718.406250,37.91,91.83,21.757143,PM2.5,24635
15.660000,15.850000,0.350000,0.300000,0.090000,127.000000,-2.090000,-3.230000,290.510010,24.080000,72777.179688,37.92,92.0,22.371428,PM2.5,24636
15.710000,15.900000,0.340000,0.280000,0.090000,127.239998,-1.800000,-3.410000,290.739990,23.430000,73015.632812,37.94,92.17,22.442858,PM2.5,24637
14.450000,14.630000,0.340000,0.280000,0.090000,128.899994,-1.490000,-3.540000,290.600006,22.799999,72766.242188,37.96,92.34,20.642857,PM2.5,24638
14.040000,14.220000,0.340000,0.300000,0.090000,131.449997,-1.460000,-3.260000,290.640015,21.750000,72749.929688,37.97,92.51,20.057142,PM2.5,24639
16.610001,16.809999,0.350000,0.320000,0.090000,132.190002,-1.850000,-2.890000,290.839996,20.670000,72933.687500,37.99,92.68,23.728573,PM2.5,24640
20.190001,20.389999,0.350000,0.340000,0.090000,130.830002,-2.750000,-2.820000,291.279999,19.330000,73090.039062,38.0,92.85,28.842857,PM2.5,24641
24.330000,24.520000,0.350000,0.330000,0.090000,129.419998,-3.400000,-3.260000,291.619995,18.709999,73154.843750,38.02,93.02,34.757141,PM2.5,24642
29.180000,29.360001,0.340000,0.320000,0.090000,130.089996,-3.380000,-3.610000,291.489990,18.879999,72929.773438,38.03,93.2,41.685715,PM2.5,24643
35.169998,35.340000,0.320000,0.300000,0.090000,132.830002,-3.500000,-3.540000,291.390015,18.940001,72675.578125,38.05,93.37,50.212498,PM2.5,24644
40.040001,40.209999,0.320000,0.310000,0.090000,133.919998,-4.130000,-3.750000,291.640015,18.600000,72676.882812,38.06,93.54,56.300003,PM2.5,24645
43.709999,43.880001,0.330000,0.340000,0.090000,133.020004,-4.610000,-4.260000,291.649994,18.790001,72556.742188,38.08,93.71,60.887497,PM2.5,24646
44.549999,44.720001,0.330000,0.360000,0.090000,130.309998,-4.270000,-4.310000,291.500000,19.440001,72490.687500,38.09,93.88,61.937500,PM2.5,24647
38.160000,38.340000,0.350000,0.380000,0.090000,125.470001,-3.320000,-3.850000,291.690002,19.959999,72722.351562,38.11,94.05,53.950001,PM2.5,24648
31.809999,32.000000,0.360000,0.420000,0.090000,122.910004,-2.220000,-2.860000,292.109985,19.870001,72912.023438,38.12,94.22,45.442856,PM2.5,24649
18.879999,19.070000,0.340000,0.430000,0.090000,125.980003,-2.530000,-1.400000,291.549988,20.209999,71814.546875,38.13,94.39,26.971428,PM2.5,24650
14.200000,14.380000,0.330000,0.470000,0.090000,130.960007,-2.820000,-0.420000,289.299988,21.740000,69585.882812,38.15,94.56,20.285713,PM2.5,24651
12.380000,12.560000,0.340000,0.490000,0.090000,132.000000,-1.990000,0.130000,288.609985,21.900000,68802.562500,38.16,94.74,17.685715,PM2.5,24652
10.310000,10.500000,0.330000,0.480000,0.090000,133.630005,-1.660000,1.190000,288.589996,21.420000,68470.531250,38.17,94.91,14.728572,PM2.5,24653
9.780000,9.960000,0.320000,0.410000,0.090000,135.130005,-0.710000,1.970000,284.950012,25.320000,64874.441406,38.18,95.08,13.971428,PM2.5,24654
9.260000,9.450000,0.320000,0.390000,0.090000,136.240005,-0.170000,1.610000,280.690002,31.110001,60929.871094,38.2,95.25,13.228572,PM2.5,24655
8.740000,8.910000,0.310000,0.320000,0.090000,138.330002,-0.830000,0.530000,279.329987,33.419998,59887.070312,38.21,95.42,12.485714,PM2.5,24656
8.250000,8.400000,0.310000,0.270000,0.090000,138.750000,-1.490000,0.260000,278.559998,35.970001,59426.328125,38.22,95.59,11.785714,PM2.5,24657
7.890000,8.040000,0.310000,0.260000,0.090000,138.570007,-1.500000,0.140000,277.230011,38.529999,58298.820312,38.23,95.77,11.271428,PM2.5,24658
7.450000,7.680000,0.490000,0.340000,0.090000,138.800003,-1.580000,-1.120000,277.850006,43.540001,59676.941406,38.3,96.8,10.642857,PM2.5,24664
7.380000,7.640000,0.500000,0.340000,0.090000,139.029999,-1.790000,-1.050000,277.260010,45.950001,59461.750000,38.31,96.97,10.542857,PM2.5,24665
7.440000,7.800000,0.440000,0.310000,0.090000,138.929993,-0.980000,-1.130000,277.410004,48.200001,60054.890625,38.32,97.14,10.628572,PM2.5,24666
7.470000,7.990000,0.390000,0.280000,0.090000,136.759995,-1.490000,-0.990000,278.160004,49.820000,61169.839844,38.33,97.31,10.671429,PM2.5,24667
7.670000,8.620000,0.390000,0.310000,0.090000,130.169998,-2.780000,-0.430000,277.019989,55.509998,61976.589844,38.34,97.49,10.957143,PM2.5,24668
7.630000,8.490000,0.390000,0.310000,0.090000,126.019997,-1.920000,-0.080000,276.950012,55.669998,61413.191406,38.35,97.66,10.900001,PM2.5,24669
7.320000,7.580000,0.360000,0.280000,0.090000,130.029999,-0.370000,-0.380000,276.510010,55.840000,59547.078125,38.36,97.83,10.457143,PM2.5,24670
7.240000,7.460000,0.340000,0.270000,0.090000,129.190002,0.020000,-0.620000,275.820007,59.990002,58917.929688,38.37,98.0,10.342856,PM2.5,24671
7.450000,7.660000,0.320000,0.280000,0.090000,128.199997,-0.060000,-0.550000,277.829987,56.990002,61081.500000,38.38,98.17,10.642857,PM2.5,24672
7.620000,7.830000,0.320000,0.290000,0.090000,124.370003,-0.150000,0.150000,279.170013,55.360001,62843.390625,38.39,98.35,10.885715,PM2.5,24673
7.710000,7.920000,0.320000,0.290000,0.090000,122.290001,-0.180000,0.550000,278.109985,58.299999,62089.339844,38.39,98.52,11.014286,PM2.5,24674
7.940000,8.160000,0.320000,0.300000,0.090000,122.160004,0.060000,0.420000,277.140015,61.160000,61364.550781,38.4,98.69,11.342857,PM2.5,24675
8.230000,8.450000,0.330000,0.310000,0.090000,120.279999,0.250000,0.010000,276.570007,64.010002,61230.539062,38.41,98.86,11.757142,PM2.5,24676
8.600000,8.840000,0.350000,0.340000,0.090000,116.300003,0.240000,-0.370000,275.859985,68.959999,61108.000000,38.42,99.04,12.285715,PM2.5,24677
9.160000,9.410000,0.370000,0.380000,0.090000,112.959999,0.010000,-0.840000,276.119995,70.889999,61871.390625,38.42,99.21,13.085714,PM2.5,24678
9.500000,10.100000,0.400000,0.460000,0.100000,108.550003,-0.090000,-1.120000,277.070007,69.559998,63257.648438,38.43,99.38,13.571428,PM2.5,24679
9.580000,10.990000,0.450000,0.590000,0.100000,105.610001,-0.160000,-1.660000,277.790009,69.419998,64432.730469,38.44,99.55,13.685714,PM2.5,24680
9.610000,14.050000,0.740000,1.210000,0.100000,103.559998,-0.030000,-2.270000,279.880005,65.639999,67320.960938,38.46,100.07,14.050000,PM10,24683
11.040000,11.220000,0.320000,0.280000,0.090000,116.879997,-5.630000,0.930000,286.890015,27.330000,68115.867188,37.92,90.62,15.771428,PM2.5,24886
11.880000,12.070000,0.350000,0.320000,0.090000,119.089996,-4.970000,0.940000,289.559998,24.350000,70756.882812,37.94,90.79,16.971428,PM2.5,24887
13.000000,13.220000,0.420000,0.400000,0.090000,121.660004,-5.010000,0.430000,290.309998,23.870001,71574.226562,37.95,90.96,18.571428,PM2.5,24888
13.590000,13.780000,0.360000,0.280000,0.090000,123.949997,-5.750000,-0.560000,289.850006,24.469999,71197.093750,37.97,91.13,19.414286,PM2.5,24889
13.970000,14.140000,0.330000,0.240000,0.090000,125.379997,-6.390000,-1.260000,287.779999,26.879999,69315.828125,37.99,91.3,19.957144,PM2.5,24890
14.630000,14.810000,0.330000,0.250000,0.090000,125.440002,-5.230000,-1.530000,286.339996,29.040001,68316.273438,38.01,91.47,20.900000,PM2.5,24891
15.610000,15.800000,0.340000,0.290000,0.090000,126.449997,-3.290000,-1.910000,287.989990,27.049999,70204.851562,38.02,91.64,22.299999,PM2.5,24892
16.469999,16.670000,0.350000,0.350000,0.090000,126.269997,-2.530000,-2.770000,289.989990,24.760000,72332.437500,38.04,91.81,23.528570,PM2.5,24893
16.940001,17.129999,0.350000,0.340000,0.090000,125.790001,-2.560000,-3.540000,290.619995,23.980000,73015.546875,38.06,91.98,24.200001,PM2.5,24894
16.910000,17.100000,0.340000,0.320000,0.090000,125.709999,-2.310000,-3.940000,290.640015,23.600000,73040.156250,38.07,92.15,24.157143,PM2.5,24895
15.100000,15.280000,0.340000,0.310000,0.090000,127.389999,-1.790000,-3.910000,290.619995,23.049999,72983.117188,38.09,92.32,21.571428,PM2.5,24896
13.130000,13.330000,0.350000,0.350000,0.090000,130.970001,-1.730000,-3.400000,290.679993,22.090000,73006.406250,38.11,92.49,18.757143,PM2.5,24897
14.640000,14.840000,0.360000,0.370000,0.090000,132.899994,-2.580000,-3.180000,290.880005,20.580000,73061.859375,38.12,92.66,20.914286,PM2.5,24898
17.490000,17.700001,0.360000,0.370000,0.090000,132.350006,-3.910000,-3.340000,291.269989,18.990000,72972.609375,38.14,92.83,24.985714,PM2.5,24899
21.730000,21.940001,0.370000,0.370000,0.090000,130.360001,-4.140000,-3.580000,290.989990,19.070000,72567.023438,38.15,93.0,31.042856,PM2.5,24900
26.840000,27.040001,0.360000,0.350000,0.090000,130.419998,-3.500000,-3.570000,290.720001,19.580000,72371.898438,38.17,93.18,38.342857,PM2.5,24901
34.049999,34.240002,0.340000,0.320000,0.090000,132.990005,-3.650000,-3.180000,290.970001,19.320000,72401.906250,38.18,93.35,48.642857,PM2.5,24902
42.480000,42.650002,0.330000,0.310000,0.090000,134.009995,-4.530000,-3.220000,291.140015,18.959999,72260.281250,38.2,93.52,59.349998,PM2.5,24903
51.099998,51.270000,0.340000,0.320000,0.090000,133.320007,-5.200000,-3.960000,291.279999,18.910000,72243.593750,38.21,93.69,70.125000,PM2.5,24904
57.529999,57.709999,0.340000,0.340000,0.090000,131.580002,-5.190000,-4.640000,291.730011,18.900000,72644.492188,38.23,93.86,78.162498,PM2.5,24905
48.209999,48.389999,0.360000,0.350000,0.090000,128.229996,-4.610000,-4.900000,292.130005,19.309999,73109.828125,38.24,94.03,66.512497,PM2.5,24906
38.070000,38.259998,0.370000,0.390000,0.090000,123.769997,-3.460000,-4.520000,291.950012,20.110001,72887.257812,38.25,94.2,53.837502,PM2.5,24907
16.959999,17.139999,0.350000,0.410000,0.090000,126.400002,-2.800000,-3.190000,289.910004,21.780001,70474.492188,38.27,94.38,24.228571,PM2.5,24908
11.810000,11.980000,0.330000,0.440000,0.090000,130.740005,-2.730000,-1.160000,286.970001,24.150000,67274.570312,38.28,94.55,16.871429,PM2.5,24909
10.700000,10.870000,0.310000,0.430000,0.090000,133.750000,-2.560000,-0.440000,285.950012,24.719999,66249.781250,38.29,94.72,15.285714,PM2.5,24910
9.840000,10.010000,0.310000,0.400000,0.090000,135.500000,-2.150000,0.690000,285.029999,25.500000,65248.679688,38.31,94.89,14.057143,PM2.5,24911
9.370000,9.550000,0.300000,0.350000,0.090000,136.470001,-1.390000,1.330000,282.149994,29.190001,62493.148438,38.32,95.06,13.385715,PM2.5,24912
7.270000,7.540000,0.450000,0.340000,0.090000,141.580002,-1.610000,-0.860000,278.299988,43.450001,60526.179688,38.43,96.78,10.385715,PM2.5,24922
7.180000,7.470000,0.440000,0.340000,0.090000,141.770004,-1.700000,-0.730000,278.880005,42.590000,61230.609375,38.45,96.96,10.257143,PM2.5,24923
7.160000,7.440000,0.410000,0.310000,0.090000,142.500000,-1.220000,-1.040000,278.410004,44.560001,60944.980469,38.46,97.13,10.228571,PM2.5,24924
7.190000,7.430000,0.400000,0.290000,0.090000,142.570007,-1.040000,-1.110000,277.929993,47.099998,60548.218750,38.47,97.3,10.271429,PM2.5,24925
7.200000,7.470000,0.390000,0.280000,0.090000,141.910004,-1.210000,-0.970000,277.529999,49.540001,60339.058594,38.47,97.47,10.285714,PM2.5,24926
7.170000,7.450000,0.380000,0.280000,0.090000,140.990005,-0.690000,-0.950000,276.290009,51.779999,59152.441406,38.48,97.65,10.242857,PM2.5,24927
7.320000,7.560000,0.390000,0.290000,0.090000,138.720001,-0.190000,-1.430000,274.940002,56.950001,58115.160156,38.49,97.82,10.457143,PM2.5,24928
7.370000,7.610000,0.370000,0.280000,0.090000,134.699997,0.090000,-1.540000,276.859985,54.490002,59983.769531,38.5,97.99,10.528571,PM2.5,24929
7.480000,7.700000,0.350000,0.290000,0.090000,130.250000,0.000000,-1.000000,278.899994,53.029999,62287.070312,38.51,98.16,10.685715,PM2.5,24930
7.650000,7.870000,0.330000,0.300000,0.090000,125.709999,-0.330000,-0.390000,278.149994,58.959999,62153.648438,38.52,98.34,10.928572,PM2.5,24931
7.780000,8.000000,0.330000,0.310000,0.090000,124.010002,-0.280000,-0.020000,277.500000,62.580002,61945.929688,38.53,98.51,11.114286,PM2.5,24932
8.030000,8.250000,0.330000,0.320000,0.090000,121.739998,-0.050000,-0.060000,277.559998,62.220001,62274.378906,38.54,98.68,11.471428,PM2.5,24933
8.360000,8.600000,0.340000,0.330000,0.090000,119.160004,0.010000,-0.090000,277.000000,65.169998,62129.578125,38.54,98.85,11.942857,PM2.5,24934
8.800000,9.050000,0.360000,0.390000,0.090000,115.580002,-0.220000,-0.260000,276.869995,67.489998,62385.750000,38.55,99.03,12.571429,PM2.5,24935
9.410000,9.670000,0.390000,0.530000,0.100000,112.430000,-0.370000,-0.830000,277.380005,67.239998,63385.050781,38.56,99.2,13.442857,PM2.5,24936
9.610000,10.650000,0.420000,0.770000,0.100000,109.000000,-0.480000,-1.610000,277.140015,69.769997,63745.679688,38.57,99.37,13.728571,PM2.5,24937
13.420000,13.810000,0.690000,0.890000,0.090000,117.150002,-5.190000,0.380000,289.839996,24.820000,71316.343750,38.05,90.59,19.171429,PM2.5,25136
14.880000,15.390000,0.900000,1.310000,0.100000,119.019997,-5.260000,-0.070000,290.540009,24.209999,71993.578125,38.07,90.76,21.257143,PM2.5,25137
15.640000,16.120001,0.870000,1.230000,0.100000,120.949997,-5.730000,-1.090000,290.010010,24.780001,71455.546875,38.09,90.93,22.342857,PM2.5,25138
15.260000,15.500000,0.470000,0.430000,0.090000,123.080002,-6.000000,-1.970000,288.179993,26.830000,69812.281250,38.11,91.1,21.800001,PM2.5,25139
15.460000,15.650000,0.370000,0.230000,0.090000,124.360001,-5.440000,-1.490000,286.790009,28.590000,68782.703125,38.12,91.27,22.085714,PM2.5,25140
15.980000,16.160000,0.340000,0.200000,0.090000,125.330002,-4.080000,-0.730000,287.549988,27.500000,69721.476562,38.14,91.45,22.828571,PM2.5,25141
17.030001,17.219999,0.340000,0.230000,0.090000,125.639999,-3.020000,-1.250000,289.329987,25.450001,71732.617188,38.16,91.62,24.328573,PM2.5,25142
17.940001,18.139999,0.350000,0.310000,0.090000,124.400002,-2.930000,-2.690000,290.230011,24.549999,72802.179688,38.17,91.79,25.628572,PM2.5,25143
18.469999,18.660000,0.340000,0.290000,0.090000,123.730003,-3.040000,-3.800000,290.260010,24.270000,72860.656250,38.19,91.96,26.385714,PM2.5,25144
18.740000,18.930000,0.340000,0.290000,0.090000,123.099998,-2.620000,-4.500000,290.320007,23.840000,72845.296875,38.21,92.13,26.771429,PM2.5,25145
16.840000,17.020000,0.340000,0.300000,0.090000,124.519997,-1.830000,-4.400000,290.510010,23.309999,72977.218750,38.22,92.3,24.057142,PM2.5,25146
12.790000,12.990000,0.360000,0.350000,0.090000,129.220001,-1.700000,-3.480000,290.619995,22.520000,73068.632812,38.24,92.47,18.271429,PM2.5,25147
12.380000,12.590000,0.370000,0.380000,0.090000,132.839996,-2.850000,-3.220000,290.790009,21.070000,73085.046875,38.26,92.64,17.685715,PM2.5,25148
13.930000,14.140000,0.370000,0.380000,0.090000,133.750000,-4.230000,-3.320000,290.869995,19.629999,72725.046875,38.27,92.81,19.900000,PM2.5,25149
17.129999,17.340000,0.380000,0.400000,0.090000,132.479996,-4.320000,-3.140000,290.309998,19.809999,72195.703125,38.29,92.99,24.471428,PM2.5,25150
22.180000,22.400000,0.390000,0.410000,0.090000,131.190002,-3.690000,-3.220000,290.510010,19.629999,72301.070312,38.3,93.16,31.685715,PM2.5,25151
28.770000,28.969999,0.370000,0.380000,0.090000,133.130005,-3.820000,-2.980000,290.880005,19.280001,72395.898438,38.32,93.33,41.100002,PM2.5,25152
38.500000,38.680000,0.350000,0.340000,0.090000,134.210007,-4.780000,-2.850000,291.089996,18.940001,72269.898438,38.33,93.5,54.375000,PM2.5,25153
52.630001,52.799999,0.350000,0.320000,0.090000,133.750000,-5.750000,-3.630000,291.730011,18.320000,72595.679688,38.35,93.67,72.037498,PM2.5,25154
69.809998,69.980003,0.350000,0.320000,0.090000,132.740005,-5.910000,-4.780000,292.089996,18.330000,72875.789062,38.36,93.84,93.512497,PM2.5,25155
54.279999,54.459999,0.360000,0.340000,0.090000,132.089996,-5.260000,-5.870000,291.820007,19.040001,72690.203125,38.37,94.02,74.099998,PM2.5,25156
30.940001,31.129999,0.360000,0.380000,0.090000,130.910004,-3.980000,-6.180000,290.459991,20.790001,71527.867188,38.39,94.19,44.200001,PM2.5,25157
10.670000,10.850000,0.340000,0.380000,0.090000,131.059998,-2.730000,-5.240000,287.989990,23.450001,69163.382812,38.4,94.36,15.242857,PM2.5,25158
6.890000,7.170000,0.390000,0.320000,0.090000,147.309998,-1.140000,-1.790000,277.829987,42.119999,60211.289062,38.59,97.12,9.842857,PM2.5,25174
6.950000,7.170000,0.400000,0.300000,0.090000,146.229996,-0.710000,-2.080000,276.549988,46.389999,59236.210938,38.6,97.29,9.928571,PM2.5,25175
7.130000,7.370000,0.410000,0.300000,0.090000,145.479996,-0.960000,-1.770000,276.890015,48.650002,59859.988281,38.61,97.46,10.185715,PM2.5,25176
7.160000,7.420000,0.400000,0.300000,0.090000,142.520004,-0.470000,-1.790000,275.859985,50.160000,58938.261719,38.62,97.63,10.228571,PM2.5,25177
7.340000,7.590000,0.410000,0.300000,0.090000,137.649994,-0.050000,-1.600000,276.470001,51.799999,59588.390625,38.63,97.81,10.485715,PM2.5,25178
7.590000,7.840000,0.420000,0.310000,0.090000,135.130005,-0.300000,-1.490000,279.190002,49.889999,62570.820312,38.64,97.98,10.842857,PM2.5,25179
7.810000,8.050000,0.390000,0.320000,0.090000,131.690002,-0.730000,-1.110000,278.640015,55.470001,62448.531250,38.65,98.15,11.157143,PM2.5,25180
7.900000,8.130000,0.370000,0.320000,0.090000,127.620003,-0.740000,-0.640000,277.279999,61.020000,61484.949219,38.66,98.32,11.285714,PM2.5,25181
7.950000,8.180000,0.360000,0.330000,0.090000,125.360001,-0.050000,-0.210000,278.390015,59.400002,62832.519531,38.66,98.5,11.357142,PM2.5,25182
8.250000,8.490000,0.360000,0.340000,0.090000,122.050003,0.000000,0.060000,278.049988,62.360001,63027.820312,38.67,98.67,11.785714,PM2.5,25183
8.720000,8.970000,0.370000,0.360000,0.090000,117.550003,-0.180000,0.120000,276.980011,67.440002,62430.660156,38.68,98.84,12.457143,PM2.5,25184
9.130000,9.710000,0.390000,0.510000,0.100000,115.110001,-0.650000,-0.440000,277.940002,66.300003,63923.199219,38.69,99.02,13.042857,PM2.5,25185
9.710000,10.740000,0.430000,0.810000,0.100000,113.190002,-1.240000,-1.410000,277.809998,68.000000,64434.808594,38.69,99.19,13.871428,PM2.5,25186
9.750000,11.930000,0.470000,1.140000,0.100000,112.519997,-1.050000,-1.900000,276.369995,74.480003,63507.949219,38.7,99.36,13.928572,PM2.5,25187
15.670000,16.320000,1.150000,1.640000,0.100000,116.500000,-4.840000,-0.790000,290.660004,24.850000,72227.843750,38.19,90.57,22.385714,PM2.5,25378
17.170000,17.969999,1.410000,2.170000,0.100000,119.300003,-5.540000,-1.510000,290.339996,24.920000,71850.742188,38.2,90.74,24.528572,PM2.5,25379
17.840000,18.570000,1.310000,2.010000,0.100000,120.059998,-5.880000,-2.700000,288.399994,27.120001,70032.929688,38.22,90.91,25.485714,PM2.5,25380
17.200001,17.540001,0.640000,0.740000,0.090000,121.449997,-4.750000,-2.770000,286.510010,29.920000,68665.156250,38.24,91.08,24.571430,PM2.5,25381
17.549999,17.799999,0.480000,0.420000,0.090000,123.180000,-2.930000,-1.580000,287.519989,28.510000,69964.593750,38.26,91.25,25.071428,PM2.5,25382
18.030001,18.250000,0.410000,0.300000,0.090000,123.870003,-2.210000,-0.460000,289.390015,25.850000,71857.656250,38.27,91.42,25.757143,PM2.5,25383
18.750000,18.950001,0.380000,0.260000,0.090000,123.699997,-2.600000,-1.090000,289.859985,25.160000,72471.148438,38.29,91.59,26.785715,PM2.5,25384
19.370001,19.559999,0.340000,0.240000,0.090000,123.059998,-3.280000,-2.640000,290.029999,24.400000,72685.398438,38.31,91.77,27.671431,PM2.5,25385
20.100000,20.280001,0.330000,0.220000,0.090000,123.040001,-3.620000,-4.200000,290.260010,23.559999,72853.820312,38.33,91.94,28.714287,PM2.5,25386
21.040001,21.219999,0.330000,0.240000,0.090000,121.250000,-3.030000,-5.250000,290.250000,23.709999,72886.492188,38.34,92.11,30.057144,PM2.5,25387
19.629999,19.820000,0.340000,0.290000,0.090000,121.000000,-1.710000,-4.980000,290.250000,23.850000,72914.476562,38.36,92.28,28.042856,PM2.5,25388
14.110000,14.300000,0.360000,0.340000,0.090000,125.389999,-1.290000,-3.350000,290.510010,22.950001,73080.976562,38.37,92.45,20.157143,PM2.5,25389
11.020000,11.230000,0.370000,0.380000,0.090000,130.830002,-2.360000,-2.780000,290.690002,21.530001,73071.070312,38.39,92.62,15.742858,PM2.5,25390
11.090000,11.300000,0.380000,0.400000,0.090000,133.699997,-3.650000,-2.810000,290.589996,20.540001,72670.398438,38.41,92.79,15.842857,PM2.5,25391
12.290000,12.520000,0.400000,0.460000,0.090000,135.100006,-4.260000,-2.470000,290.500000,19.850000,72496.179688,38.42,92.97,17.557142,PM2.5,25392
15.110000,15.350000,0.420000,0.500000,0.090000,134.639999,-4.520000,-2.810000,290.910004,18.959999,72625.101562,38.44,93.14,21.585714,PM2.5,25393
19.549999,19.780001,0.410000,0.490000,0.090000,134.399994,-4.860000,-3.190000,291.149994,18.670000,72609.187500,38.45,93.31,27.928570,PM2.5,25394
24.760000,24.950001,0.380000,0.400000,0.090000,134.809998,-5.680000,-3.390000,291.619995,18.270000,72769.710938,38.47,93.48,35.371429,PM2.5,25395
35.020000,35.200001,0.360000,0.330000,0.090000,134.029999,-6.610000,-4.160000,291.589996,18.260000,72405.039062,38.48,93.65,50.025002,PM2.5,25396
51.270000,51.450001,0.360000,0.340000,0.090000,131.910004,-6.630000,-5.590000,289.690002,20.320000,70573.976562,38.5,93.83,70.337502,PM2.5,25397
35.000000,35.180000,0.370000,0.370000,0.090000,130.389999,-5.480000,-7.020000,287.649994,22.860001,68850.570312,38.51,94.0,50.000000,PM2.5,25398
11.850000,12.040000,0.380000,0.400000,0.090000,129.399994,-3.470000,-6.960000,286.829987,24.180000,68355.476562,38.52,94.17,16.928572,PM2.5,25399
10.360000,10.550000,0.360000,0.390000,0.090000,130.979996,-1.600000,-5.800000,287.019989,24.139999,68815.273438,38.54,94.34,14.799999,PM2.5,25400
6.780000,7.080000,0.410000,0.320000,0.090000,147.929993,-1.080000,-2.020000,275.600006,43.740002,58261.871094,38.73,97.1,9.685715,PM2.5,25416
6.970000,7.190000,0.430000,0.310000,0.090000,147.050003,-0.440000,-2.050000,275.190002,47.169998,58235.140625,38.74,97.28,9.957143,PM2.5,25417
7.210000,7.450000,0.450000,0.320000,0.090000,144.570007,-0.530000,-1.560000,277.890015,45.730000,60966.988281,38.74,97.45,10.300000,PM2.5,25418
7.470000,7.740000,0.470000,0.330000,0.090000,138.289993,-0.390000,-0.930000,277.940002,47.439999,61384.449219,38.75,97.62,10.671429,PM2.5,25419
7.550000,8.160000,0.460000,0.420000,0.090000,135.169998,-0.060000,-0.940000,278.410004,49.599998,61795.281250,38.76,97.79,10.785714,PM2.5,25420
7.910000,9.000000,0.490000,0.540000,0.100000,134.759995,-0.630000,-1.430000,279.220001,52.099998,62993.488281,38.77,97.97,11.300000,PM2.5,25421
8.210000,9.360000,0.480000,0.620000,0.100000,131.809998,-1.230000,-1.170000,279.200012,55.740002,63437.359375,38.78,98.14,11.728572,PM2.5,25422
8.160000,8.910000,0.450000,0.580000,0.100000,129.059998,-1.000000,-0.600000,280.260010,54.230000,64772.269531,38.79,98.31,11.657143,PM2.5,25423
8.370000,8.650000,0.420000,0.430000,0.090000,125.150002,-0.550000,0.040000,279.809998,57.209999,64735.890625,38.8,98.49,11.957143,PM2.5,25424
8.770000,9.050000,0.420000,0.430000,0.090000,122.570000,-0.720000,-0.020000,277.799988,65.459999,63219.429688,38.81,98.66,12.528572,PM2.5,25425
9.070000,9.350000,0.410000,0.460000,0.100000,119.839996,-0.700000,-0.450000,277.140015,69.169998,63022.339844,38.81,98.83,12.957143,PM2.5,25426
9.460000,10.540000,0.440000,0.750000,0.100000,117.680000,-0.960000,-1.350000,276.470001,72.889999,62875.859375,38.82,99.01,13.514286,PM2.5,25427
16.840000,17.590000,1.380000,1.960000,0.100000,119.470001,-5.080000,-0.940000,288.869995,26.830000,70406.109375,38.32,90.55,24.057142,PM2.5,25622
19.120001,20.160000,1.880000,2.890000,0.110000,119.599998,-5.440000,-2.110000,288.429993,27.150000,69963.109375,38.34,90.72,27.314287,PM2.5,25623
20.500000,21.570000,1.920000,2.970000,0.110000,119.309998,-5.070000,-3.150000,286.500000,29.850000,68489.226562,38.36,90.89,29.285715,PM2.5,25624
19.049999,19.459999,0.750000,0.920000,0.090000,121.519997,-3.140000,-2.990000,286.940002,29.620001,69459.250000,38.37,91.06,27.214285,PM2.5,25625
19.629999,19.889999,0.480000,0.430000,0.090000,122.089996,-1.340000,-2.310000,289.359985,26.500000,72095.710938,38.39,91.23,28.042856,PM2.5,25626
20.459999,20.700001,0.430000,0.340000,0.090000,121.820000,-1.140000,-0.990000,290.279999,25.520000,73111.132812,38.41,91.4,29.228571,PM2.5,25627
20.840000,21.040001,0.370000,0.260000,0.090000,122.160004,-2.270000,-1.000000,290.100006,25.139999,72869.773438,38.43,91.57,29.771429,PM2.5,25628
21.049999,21.219999,0.320000,0.200000,0.090000,124.089996,-3.860000,-2.780000,290.600006,22.760000,72965.898438,38.44,91.74,30.071428,PM2.5,25629
22.010000,22.180000,0.320000,0.200000,0.090000,124.610001,-4.570000,-4.930000,291.059998,21.660000,73250.640625,38.46,91.92,31.442858,PM2.5,25630
23.430000,23.610001,0.330000,0.230000,0.090000,121.940002,-3.580000,-6.360000,290.619995,22.889999,73190.937500,38.48,92.09,33.471428,PM2.5,25631
22.650000,22.840000,0.340000,0.280000,0.090000,118.599998,-1.760000,-5.790000,290.149994,24.100000,73007.476562,38.49,92.26,32.357143,PM2.5,25632
17.670000,17.870001,0.360000,0.320000,0.090000,121.910004,-1.160000,-3.360000,290.489990,23.040001,73144.398438,38.51,92.43,25.242857,PM2.5,25633
12.010000,12.210000,0.360000,0.370000,0.090000,126.879997,-2.030000,-2.590000,290.929993,21.040001,73149.593750,38.52,92.6,17.157143,PM2.5,25634
10.280000,10.500000,0.390000,0.460000,0.090000,131.210007,-2.870000,-2.730000,290.679993,20.799999,72817.437500,38.54,92.77,14.685714,PM2.5,25635
9.380000,9.620000,0.430000,0.570000,0.090000,136.070007,-3.810000,-2.110000,290.679993,20.129999,72759.359375,38.56,92.95,13.400001,PM2.5,25636
9.690000,9.970000,0.460000,0.660000,0.090000,137.479996,-5.220000,-2.330000,291.059998,18.770000,72734.140625,38.57,93.12,13.842856,PM2.5,25637
10.600000,10.890000,0.490000,0.690000,0.090000,137.149994,-6.390000,-3.010000,291.220001,18.290001,72656.468750,38.59,93.29,15.142858,PM2.5,25638
10.810000,11.040000,0.420000,0.500000,0.090000,136.389999,-7.390000,-3.890000,291.429993,18.360001,72731.617188,38.6,93.46,15.442858,PM2.5,25639
11.150000,11.330000,0.370000,0.360000,0.090000,134.369995,-8.240000,-4.760000,289.640015,20.420000,70969.710938,38.62,93.63,15.928571,PM2.5,25640
11.840000,12.020000,0.380000,0.380000,0.090000,130.279999,-7.630000,-5.590000,285.489990,25.709999,67343.726562,38.63,93.81,16.914286,PM2.5,25641
12.600000,12.790000,0.390000,0.430000,0.090000,125.290001,-4.690000,-5.930000,283.369995,29.469999,65857.773438,38.64,93.98,18.000000,PM2.5,25642
12.930000,13.130000,0.410000,0.470000,0.090000,123.849998,-1.060000,-5.260000,285.339996,26.830000,67686.796875,38.66,94.15,18.471430,PM2.5,25643
11.220000,11.420000,0.400000,0.440000,0.090000,126.570000,0.090000,-3.940000,287.989990,23.330000,70118.453125,38.67,94.32,16.028572,PM2.5,25644
6.890000,7.230000,0.420000,0.340000,0.090000,146.020004,-1.390000,-1.600000,276.890015,42.360001,59761.769531,38.86,97.09,9.842857,PM2.5,25660
7.070000,7.300000,0.450000,0.320000,0.090000,144.270004,-0.680000,-1.160000,277.690002,43.560001,60755.140625,38.87,97.26,10.100000,PM2.5,25661
7.520000,7.780000,0.510000,0.350000,0.090000,139.199997,-0.500000,-1.200000,279.200012,44.180000,62604.160156,38.88,97.44,10.742857,PM2.5,25662
7.820000,8.530000,0.550000,0.480000,0.090000,134.759995,-0.300000,-0.870000,279.390015,46.939999,63082.140625,38.89,97.61,11.171429,PM2.5,25663
7.890000,9.530000,0.540000,0.710000,0.100000,132.830002,-0.640000,-0.840000,278.989990,51.060001,62724.339844,38.9,97.78,11.271428,PM2.5,25664
8.700000,11.910000,0.560000,1.730000,0.110000,130.339996,-1.600000,-0.730000,281.040009,54.020000,66187.718750,38.93,98.3,12.428571,PM2.5,25667
8.910000,11.630000,0.500000,1.240000,0.100000,127.070000,-1.490000,-0.450000,278.489990,62.590000,63803.488281,38.93,98.48,12.728571,PM2.5,25668
9.080000,11.720000,0.470000,1.100000,0.100000,125.500000,-1.330000,-0.900000,276.119995,71.790001,61861.941406,38.94,98.65,12.971429,PM2.5,25669
9.260000,11.720000,0.450000,1.130000,0.100000,123.470001,-1.040000,-1.520000,275.859985,74.339996,62188.738281,38.95,98.82,13.228572,PM2.5,25670
9.530000,12.620000,0.470000,1.540000,0.110000,121.699997,-0.810000,-1.750000,274.779999,78.870003,61478.289062,38.96,99.0,13.614285,PM2.5,25671
14.840000,15.270000,0.810000,1.010000,0.090000,115.230003,-3.130000,2.380000,286.410004,32.099998,67881.062500,38.42,90.18,21.200001,PM2.5,25864
15.890000,16.410000,0.990000,1.260000,0.100000,117.300003,-4.950000,1.830000,283.700012,34.919998,65087.738281,38.44,90.35,22.700001,PM2.5,25865
17.389999,18.040001,1.210000,1.620000,0.100000,118.160004,-5.040000,0.570000,282.950012,36.020000,64632.781250,38.45,90.52,24.842855,PM2.5,25866
19.520000,20.379999,1.600000,2.330000,0.100000,118.720001,-4.780000,-1.060000,283.130005,35.480000,65044.558594,38.47,90.69,27.885715,PM2.5,25867
20.719999,21.490000,1.430000,2.060000,0.100000,120.150002,-3.860000,-1.990000,283.700012,34.500000,66118.117188,38.49,90.86,29.599998,PM2.5,25868
20.430000,20.750000,0.590000,0.640000,0.090000,121.639999,-2.320000,-2.520000,286.619995,30.090000,69409.210938,38.51,91.04,29.185715,PM2.5,25869
21.350000,21.530001,0.350000,0.240000,0.090000,121.309998,-1.670000,-2.710000,289.480011,26.260000,72466.890625,38.53,91.21,30.500000,PM2.5,25870
22.430000,22.610001,0.330000,0.210000,0.090000,120.320000,-2.230000,-1.770000,290.440002,24.850000,73374.976562,38.54,91.38,32.042858,PM2.5,25871
22.910000,23.080000,0.320000,0.200000,0.090000,121.800003,-3.620000,-1.680000,290.649994,23.410000,73114.117188,38.56,91.55,32.728573,PM2.5,25872
23.320000,23.490000,0.310000,0.200000,0.090000,124.860001,-5.260000,-3.400000,290.339996,22.160000,72089.929688,38.58,91.72,33.314285,PM2.5,25873
24.260000,24.430000,0.310000,0.210000,0.090000,125.550003,-5.510000,-5.930000,289.220001,23.379999,71145.546875,38.59,91.89,34.657143,PM2.5,25874
25.760000,25.940001,0.320000,0.230000,0.090000,122.860001,-3.750000,-7.530000,289.029999,24.559999,71524.226562,38.61,92.07,36.799999,PM2.5,25875
25.740000,25.920000,0.340000,0.280000,0.090000,118.620003,-1.710000,-6.690000,289.820007,24.580000,72727.148438,38.63,92.24,36.771427,PM2.5,25876
22.600000,22.790001,0.360000,0.310000,0.090000,119.339996,-1.540000,-4.170000,290.769989,22.549999,73289.273438,38.64,92.41,32.285713,PM2.5,25877
16.580000,16.770000,0.360000,0.340000,0.090000,123.510002,-2.360000,-3.180000,291.070007,20.480000,72904.687500,38.66,92.58,23.685715,PM2.5,25878
12.970000,13.180000,0.370000,0.420000,0.090000,126.870003,-2.280000,-3.380000,290.510010,20.799999,72475.257812,38.67,92.75,18.528572,PM2.5,25879
10.100000,10.340000,0.410000,0.540000,0.090000,133.679993,-2.480000,-2.180000,290.570007,20.610001,72712.257812,38.69,92.93,14.428572,PM2.5,25880
9.640000,9.910000,0.460000,0.680000,0.090000,137.660004,-4.160000,-1.670000,291.040009,19.240000,72836.976562,38.71,93.1,13.771429,PM2.5,25881
10.130000,10.410000,0.480000,0.730000,0.090000,138.279999,-6.450000,-2.300000,291.299988,18.059999,72686.960938,38.72,93.27,14.471429,PM2.5,25882
10.710000,10.930000,0.410000,0.550000,0.090000,138.130005,-8.410000,-3.340000,291.130005,18.180000,72486.132812,38.74,93.44,15.300000,PM2.5,25883
11.460000,11.640000,0.370000,0.410000,0.090000,136.500000,-9.250000,-4.290000,289.079987,20.959999,70864.906250,38.75,93.62,16.371429,PM2.5,25884
7.260000,7.680000,0.500000,0.400000,0.090000,141.589996,-1.370000,-1.120000,280.149994,40.689999,63559.671875,39.0,97.08,10.371428,PM2.5,25904
7.500000,8.010000,0.540000,0.470000,0.090000,139.059998,-1.100000,-0.500000,280.459991,41.630001,64018.121094,39.01,97.25,10.714286,PM2.5,25905
7.940000,8.990000,0.620000,0.650000,0.100000,134.850006,-0.960000,-1.100000,279.540009,46.189999,63339.730469,39.01,97.42,11.342857,PM2.5,25906
8.150000,10.280000,0.660000,0.950000,0.100000,133.639999,-0.780000,-1.280000,279.040009,49.599998,63021.781250,39.02,97.6,11.642857,PM2.5,25907
9.960000,15.640000,0.510000,2.240000,0.110000,124.309998,-1.280000,-1.290000,274.890015,79.690002,61641.988281,39.08,98.81,15.640000,PM10,25914
19.930000,20.340000,0.760000,0.760000,0.090000,120.510002,-4.230000,1.240000,281.470001,39.049999,63581.691406,38.61,90.67,28.471430,PM2.5,26109
20.850000,21.129999,0.520000,0.420000,0.090000,122.290001,-3.510000,0.090000,283.200012,35.740002,65870.117188,38.62,90.84,29.785715,PM2.5,26110
21.690001,21.870001,0.340000,0.220000,0.090000,122.089996,-3.030000,-1.540000,286.019989,30.879999,68978.789062,38.64,91.01,30.985716,PM2.5,26111
23.110001,23.280001,0.320000,0.200000,0.090000,121.290001,-3.110000,-2.590000,288.839996,26.490000,71791.007812,38.66,91.19,33.014286,PM2.5,26112
24.650000,24.820000,0.320000,0.200000,0.090000,120.080002,-3.780000,-2.580000,290.220001,24.360001,72992.210938,38.68,91.36,35.214287,PM2.5,26113
25.580000,25.740000,0.310000,0.200000,0.090000,122.440002,-4.940000,-2.590000,289.910004,23.700001,72109.632812,38.69,91.53,36.542858,PM2.5,26114
26.290001,26.459999,0.300000,0.200000,0.090000,123.809998,-6.330000,-3.860000,287.489990,25.790001,69381.093750,38.71,91.7,37.557144,PM2.5,26115
27.260000,27.430000,0.310000,0.210000,0.090000,123.519997,-6.010000,-6.050000,284.329987,30.740000,66778.609375,38.73,91.87,38.942856,PM2.5,26116
28.799999,28.980000,0.320000,0.240000,0.090000,120.800003,-3.310000,-7.290000,285.149994,30.730000,68073.367188,38.75,92.05,41.142857,PM2.5,26117
29.450001,29.629999,0.340000,0.290000,0.090000,119.730003,-1.520000,-6.870000,288.820007,26.180000,71822.718750,38.76,92.22,42.071430,PM2.5,26118
27.360001,27.559999,0.360000,0.330000,0.090000,118.830002,-2.350000,-5.320000,290.309998,23.200001,72633.531250,38.78,92.39,39.085716,PM2.5,26119
23.360001,23.559999,0.360000,0.340000,0.090000,121.589996,-3.110000,-4.090000,289.290009,22.440001,70909.843750,38.79,92.56,33.371429,PM2.5,26120
18.680000,18.870001,0.360000,0.380000,0.090000,123.839996,-2.180000,-3.950000,289.170013,22.059999,70997.242188,38.81,92.73,26.685715,PM2.5,26121
12.670000,12.880000,0.380000,0.450000,0.090000,128.899994,-1.270000,-2.680000,290.790009,20.209999,72853.250000,38.82,92.91,18.100000,PM2.5,26122
10.080000,10.320000,0.430000,0.600000,0.090000,135.649994,-1.700000,-1.460000,291.549988,19.260000,73455.812500,38.84,93.08,14.400000,PM2.5,26123
10.220000,10.510000,0.500000,0.780000,0.090000,137.820007,-3.850000,-1.310000,291.600006,18.320000,72864.250000,38.85,93.25,14.600000,PM2.5,26124
10.880000,11.110000,0.430000,0.620000,0.090000,136.699997,-6.580000,-1.920000,291.040009,18.030001,72034.687500,38.87,93.42,15.542857,PM2.5,26125
11.740000,11.920000,0.370000,0.470000,0.090000,135.940002,-8.150000,-3.330000,289.700012,19.510000,70947.960938,38.88,93.6,16.771429,PM2.5,26126
13.010000,13.200000,0.390000,0.490000,0.090000,133.830002,-7.610000,-5.340000,288.549988,21.889999,70416.953125,38.9,93.77,18.585714,PM2.5,26127
7.620000,8.390000,0.570000,0.580000,0.100000,138.199997,-1.060000,-1.420000,280.649994,42.770000,64541.589844,39.13,97.06,10.885715,PM2.5,26146
7.770000,8.960000,0.600000,0.780000,0.100000,136.309998,-1.140000,-0.850000,279.489990,44.669998,63081.531250,39.14,97.24,11.100000,PM2.5,26147
30.110001,30.270000,0.310000,0.210000,0.090000,122.519997,-7.630000,-3.500000,284.859985,30.680000,67429.953125,38.85,91.68,43.014286,PM2.5,26357
31.400000,31.559999,0.310000,0.230000,0.090000,120.739998,-6.280000,-4.640000,282.100006,36.529999,65380.500000,38.86,91.85,44.857143,PM2.5,26358
33.340000,33.509998,0.320000,0.260000,0.090000,119.550003,-3.240000,-5.720000,283.609985,34.689999,66975.921875,38.88,92.02,47.628571,PM2.5,26359
34.369999,34.560001,0.340000,0.320000,0.090000,120.489998,-2.130000,-6.460000,287.489990,28.570000,70634.039062,38.9,92.2,49.099998,PM2.5,26360
33.189999,33.380001,0.360000,0.350000,0.090000,120.570000,-3.310000,-6.060000,287.859985,26.900000,70374.031250,38.91,92.37,47.414284,PM2.5,26361
30.120001,30.309999,0.370000,0.360000,0.090000,120.900002,-3.640000,-4.870000,286.100006,27.459999,68095.773438,38.93,92.54,43.028572,PM2.5,26362
26.540001,26.740000,0.370000,0.410000,0.090000,121.089996,-2.590000,-4.020000,287.290009,24.809999,69227.421875,38.94,92.71,37.914288,PM2.5,26363
21.610001,21.809999,0.380000,0.450000,0.090000,122.839996,-1.460000,-2.860000,289.809998,20.980000,71517.203125,38.96,92.89,30.871429,PM2.5,26364
12.740000,12.950000,0.400000,0.510000,0.090000,131.720001,-0.800000,-0.780000,289.989990,20.350000,71389.859375,38.97,93.06,18.199999,PM2.5,26365
38.779999,38.959999,0.370000,0.440000,0.090000,121.110001,-4.090000,-4.380000,286.440002,28.469999,69099.117188,39.06,92.52,54.724998,PM2.5,26605
35.500000,35.689999,0.370000,0.460000,0.090000,120.980003,-3.960000,-4.220000,286.670013,26.840000,68862.492188,39.08,92.69,50.625000,PM2.5,26606
30.020000,30.209999,0.380000,0.470000,0.090000,120.830002,-3.050000,-3.760000,286.609985,25.639999,68344.578125,39.09,92.87,42.885715,PM2.5,26607
25.049999,25.250000,0.390000,0.480000,0.090000,123.070000,-1.180000,-1.850000,285.869995,25.760000,67282.820312,39.11,93.04,35.785713,PM2.5,26608
