PM2.5(微克每立方米),PM10(微克每立方米),SO2(微克每立方米),NO2(微克每立方米),CO(毫克每立方米),O3(微克每立方米),U(m/s),V(m/s),TEMP(K),RH(%),PSFC(Pa),lat,lon,AQI,Major pollutants,id
12.920000,13.630000,2.000000,0.930000,0.140000,54.200001,2.010000,2.350000,296.980011,82.029999,89977.828125,21.29,101.34,18.457144,PM2.5,182
13.680000,14.400000,2.070000,1.010000,0.140000,53.820000,1.560000,2.590000,295.880005,86.120003,88759.117188,21.29,101.49,19.542858,PM2.5,183
14.110000,14.840000,2.190000,1.040000,0.140000,53.810001,2.090000,2.770000,294.890015,89.260002,87395.703125,21.3,101.63,20.157143,PM2.5,184
12.390000,13.080000,1.900000,0.930000,0.140000,53.840000,2.080000,2.210000,298.190002,79.040001,91607.921875,21.42,101.2,17.700001,PM2.5,191
12.680000,13.400000,1.930000,1.110000,0.140000,53.790001,0.900000,1.760000,298.279999,78.910004,92051.773438,21.42,101.34,18.114286,PM2.5,192
13.700000,14.440000,2.130000,1.200000,0.150000,53.919998,1.330000,2.490000,296.619995,84.339996,89853.281250,21.43,101.48,19.571428,PM2.5,193
14.090000,14.850000,2.400000,1.280000,0.150000,54.169998,2.250000,2.610000,295.690002,86.870003,88288.281250,21.43,101.63,20.128572,PM2.5,194
13.360000,14.060000,1.580000,1.050000,0.140000,53.889999,0.840000,0.600000,295.950012,86.680000,89152.882812,21.52,100.33,19.085714,PM2.5,201
13.540000,14.260000,1.760000,1.080000,0.140000,54.770000,2.060000,0.510000,294.989990,88.980003,87442.546875,21.52,100.47,19.342857,PM2.5,202
13.110000,13.890000,2.140000,1.250000,0.150000,54.860001,2.470000,1.570000,296.589996,83.080002,89376.320312,21.53,100.62,18.728571,PM2.5,203
13.310000,14.020000,1.820000,1.250000,0.150000,54.799999,-0.100000,2.020000,297.829987,80.860001,91671.539062,21.56,101.33,19.014286,PM2.5,204
14.210000,14.930000,2.000000,1.270000,0.150000,54.279999,1.400000,2.640000,296.089996,86.620003,89163.437500,21.56,101.48,20.299999,PM2.5,205
14.170000,14.910000,2.240000,1.310000,0.150000,53.919998,2.010000,2.420000,296.079987,85.830002,88855.929688,21.56,101.62,20.242857,PM2.5,206
13.180000,13.890000,1.750000,1.060000,0.140000,54.209999,0.600000,1.070000,295.989990,86.019997,88861.273438,21.65,100.18,18.828571,PM2.5,224
14.170000,14.900000,1.690000,1.150000,0.150000,53.990002,0.820000,1.360000,294.369995,90.980003,86655.328125,21.65,100.32,20.242857,PM2.5,225
14.180000,14.920000,1.860000,1.090000,0.140000,55.849998,2.220000,0.760000,293.109985,94.269997,84584.781250,21.66,100.47,20.257143,PM2.5,226
13.760000,14.560000,2.310000,1.290000,0.150000,56.400002,2.840000,0.530000,294.829987,87.190002,86408.218750,21.66,100.61,19.657143,PM2.5,227
12.660000,13.420000,2.030000,1.180000,0.150000,53.480000,2.070000,2.860000,297.399994,79.660004,90241.281250,21.67,100.75,18.085714,PM2.5,228
13.250000,13.930000,1.760000,1.040000,0.140000,53.910000,0.230000,3.020000,297.250000,82.489998,90410.898438,21.68,101.19,18.928572,PM2.5,229
14.200000,14.910000,1.770000,1.310000,0.150000,54.700001,0.110000,3.210000,296.149994,86.059998,88965.539062,21.69,101.33,20.285713,PM2.5,230
14.630000,15.340000,1.900000,1.320000,0.150000,54.299999,1.520000,2.820000,294.899994,89.949997,87126.023438,21.69,101.47,20.900000,PM2.5,231
14.420000,15.150000,2.140000,1.320000,0.150000,54.049999,1.730000,2.330000,295.450012,88.040001,87864.382812,21.7,101.62,20.600000,PM2.5,232
14.100000,14.780000,1.890000,1.010000,0.140000,54.180000,2.040000,2.300000,294.890015,89.269997,87040.242188,21.7,101.76,20.142859,PM2.5,233
13.440000,14.140000,1.740000,1.010000,0.140000,54.709999,0.850000,0.920000,295.190002,88.120003,87393.203125,21.77,100.03,19.199999,PM2.5,263
13.720000,14.440000,1.820000,1.110000,0.150000,54.720001,1.130000,1.160000,294.880005,88.720001,86905.156250,21.78,100.17,19.600000,PM2.5,264
14.060000,14.820000,1.810000,1.260000,0.150000,55.220001,1.190000,1.870000,294.609985,88.919998,86487.843750,21.79,100.32,20.085714,PM2.5,265
14.410000,15.200000,1.950000,1.240000,0.150000,56.090000,1.720000,1.510000,293.170013,93.389999,84441.843750,21.79,100.46,20.585714,PM2.5,266
14.250000,15.050000,2.260000,1.260000,0.150000,57.180000,2.990000,0.890000,293.459991,90.879997,84288.000000,21.8,100.6,20.357143,PM2.5,267
12.760000,13.530000,2.200000,1.330000,0.150000,56.090000,2.430000,1.970000,297.230011,77.680000,88905.500000,21.8,100.75,18.228571,PM2.5,268
12.070000,12.850000,2.120000,1.280000,0.150000,55.070000,1.300000,3.250000,299.190002,73.589996,92140.656250,21.81,100.89,17.242857,PM2.5,269
12.340000,13.070000,1.940000,1.110000,0.150000,54.349998,1.190000,3.510000,298.690002,76.379997,91736.007812,21.81,101.04,17.628572,PM2.5,270
13.080000,13.780000,1.790000,1.130000,0.150000,54.000000,0.580000,3.610000,297.880005,79.860001,90983.750000,21.82,101.18,18.685715,PM2.5,271
13.820000,14.530000,1.750000,1.330000,0.150000,54.509998,0.680000,3.760000,296.670013,83.239998,89154.390625,21.82,101.32,19.742857,PM2.5,272
14.610000,15.310000,1.820000,1.370000,0.150000,53.959999,1.490000,2.830000,295.089996,88.989998,87121.296875,21.83,101.47,20.871428,PM2.5,273
14.640000,15.340000,1.930000,1.280000,0.150000,53.810001,1.950000,2.300000,294.859985,89.739998,86906.593750,21.83,101.61,20.914286,PM2.5,274
13.990000,14.700000,1.750000,1.050000,0.150000,55.090000,1.270000,1.050000,294.190002,90.650002,85786.226562,21.91,100.02,19.985714,PM2.5,309
14.210000,14.950000,1.860000,1.170000,0.150000,55.910000,1.660000,1.110000,293.750000,90.820000,84982.179688,21.91,100.17,20.299999,PM2.5,310
14.050000,14.840000,1.950000,1.370000,0.150000,56.410000,1.770000,1.310000,294.779999,87.059998,86207.203125,21.92,100.31,20.071428,PM2.5,311
14.670000,15.490000,2.100000,1.470000,0.150000,56.180000,1.860000,1.270000,294.040009,89.669998,85447.101562,21.93,100.45,20.957144,PM2.5,312
14.400000,15.210000,2.180000,1.320000,0.150000,57.360001,2.590000,1.180000,294.079987,89.269997,85056.640625,21.93,100.6,20.571428,PM2.5,313
13.190000,14.030000,2.490000,1.620000,0.150000,57.080002,1.910000,1.190000,297.609985,76.820000,89447.703125,21.94,100.74,18.842857,PM2.5,314
13.260000,14.210000,2.670000,1.930000,0.160000,55.020000,0.350000,2.430000,299.040009,74.410004,92112.156250,21.94,100.89,18.942858,PM2.5,315
13.380000,14.180000,2.120000,1.340000,0.150000,54.279999,0.010000,3.290000,297.839996,80.000000,90887.867188,21.95,101.03,19.114286,PM2.5,316
13.650000,14.380000,1.860000,1.240000,0.150000,53.840000,0.440000,3.260000,297.299988,82.680000,90521.398438,21.95,101.18,19.500000,PM2.5,317
13.400000,14.110000,1.750000,1.360000,0.150000,54.439999,0.780000,3.230000,297.709991,80.599998,90679.851562,21.96,101.32,19.142857,PM2.5,318
14.280000,14.980000,1.790000,1.330000,0.150000,54.430000,1.300000,3.000000,295.980011,86.260002,88310.976562,21.96,101.46,20.400000,PM2.5,319
14.020000,14.770000,1.930000,1.170000,0.150000,55.849998,1.680000,1.070000,294.529999,88.089996,85813.046875,22.04,100.02,20.028572,PM2.5,361
14.290000,15.080000,2.170000,1.320000,0.150000,56.759998,1.710000,1.060000,294.570007,87.709999,85850.968750,22.05,100.16,20.414286,PM2.5,362
14.410000,15.250000,2.170000,1.370000,0.150000,57.430000,1.720000,1.080000,294.720001,87.400002,86037.578125,22.05,100.3,20.585714,PM2.5,363
14.790000,15.630000,2.240000,1.300000,0.150000,58.160000,2.030000,1.080000,293.799988,90.709999,84996.343750,22.06,100.45,21.128571,PM2.5,364
14.380000,15.190000,2.250000,1.210000,0.150000,58.400002,2.460000,1.050000,294.480011,87.750000,85438.156250,22.07,100.59,20.542858,PM2.5,365
14.000000,14.960000,3.410000,1.920000,0.160000,58.060001,0.980000,1.070000,297.820007,76.709999,89923.320312,22.07,100.74,20.000000,PM2.5,366
14.990000,16.150000,4.460000,2.710000,0.170000,55.259998,-0.520000,2.260000,298.290009,77.739998,91409.078125,22.08,100.88,21.414286,PM2.5,367
14.310000,15.160000,2.580000,1.530000,0.150000,54.369999,-0.410000,3.170000,296.790009,83.309998,89271.562500,22.08,101.03,20.442858,PM2.5,368
14.540000,15.270000,1.910000,1.210000,0.150000,53.169998,0.240000,3.250000,295.950012,86.820000,88466.687500,22.09,101.17,20.771429,PM2.5,369
14.320000,15.020000,1.760000,1.210000,0.150000,54.099998,0.800000,2.870000,296.380005,86.239998,89225.406250,22.09,101.31,20.457142,PM2.5,370
14.390000,15.080000,1.780000,1.210000,0.150000,54.240002,1.340000,3.100000,296.000000,87.099998,88531.242188,22.1,101.46,20.557144,PM2.5,371
14.080000,14.750000,1.750000,1.110000,0.140000,50.910000,1.210000,1.540000,294.350006,92.669998,86687.257812,22.14,99.29,20.114286,PM2.5,415
13.890000,14.570000,1.650000,0.980000,0.140000,53.360001,2.060000,0.300000,293.700012,92.750000,85153.906250,22.15,99.43,19.842857,PM2.5,416
13.210000,13.900000,1.610000,1.060000,0.140000,55.160000,1.590000,0.360000,295.600006,84.919998,87186.460938,22.16,99.58,18.871429,PM2.5,417
13.690000,14.400000,1.620000,1.080000,0.150000,55.639999,0.720000,1.100000,295.079987,87.019997,86655.726562,22.16,99.72,19.557142,PM2.5,418
14.280000,15.010000,1.670000,1.080000,0.150000,56.060001,1.250000,1.110000,294.000000,90.260002,85170.617188,22.17,99.86,20.400000,PM2.5,419
14.140000,14.940000,2.030000,1.250000,0.150000,57.240002,1.650000,0.680000,294.980011,86.260002,86244.671875,22.18,100.01,20.200001,PM2.5,420
14.210000,15.060000,2.290000,1.390000,0.160000,58.459999,1.470000,0.460000,295.600006,83.889999,87035.843750,22.18,100.15,20.299999,PM2.5,421
14.540000,15.410000,2.210000,1.340000,0.160000,58.980000,1.670000,1.100000,294.920013,86.400002,86180.140625,22.19,100.3,20.771429,PM2.5,422
15.130000,16.000000,2.280000,1.300000,0.160000,59.070000,2.220000,1.900000,293.540009,90.760002,84246.570312,22.19,100.44,21.614286,PM2.5,423
14.550000,15.380000,2.270000,1.190000,0.150000,59.310001,2.190000,1.780000,294.600006,86.150002,85003.273438,22.2,100.59,20.785715,PM2.5,424
14.540000,15.530000,3.490000,2.000000,0.160000,58.389999,0.430000,1.340000,297.350006,77.970001,89222.703125,22.2,100.73,20.771429,PM2.5,425
16.230000,17.480000,5.130000,3.150000,0.180000,56.310001,-0.660000,2.210000,297.359985,80.820000,90124.062500,22.21,100.88,23.185713,PM2.5,426
15.210000,16.120001,3.040000,1.770000,0.160000,55.349998,-0.050000,2.870000,296.369995,84.440002,88554.843750,22.21,101.02,21.728571,PM2.5,427
14.850000,15.610000,2.080000,1.250000,0.150000,53.750000,0.400000,3.300000,295.920013,86.360001,88024.273438,22.22,101.17,21.214287,PM2.5,428
14.840000,15.550000,1.830000,1.200000,0.150000,53.630001,0.790000,3.200000,295.609985,87.949997,87808.429688,22.22,101.31,21.200001,PM2.5,429
14.710000,15.390000,1.810000,1.170000,0.150000,53.820000,1.380000,3.110000,295.690002,87.860001,87960.632812,22.23,101.45,21.014286,PM2.5,430
14.070000,14.770000,1.650000,1.090000,0.140000,52.259998,1.010000,1.860000,294.869995,90.480003,87140.976562,22.28,99.28,20.100000,PM2.5,475
14.260000,14.980000,1.600000,1.060000,0.140000,53.919998,1.410000,0.780000,294.100006,91.820000,85700.539062,22.28,99.42,20.371429,PM2.5,476
13.940000,14.680000,1.640000,1.140000,0.150000,56.220001,1.790000,0.240000,294.829987,87.629997,86232.820312,22.29,99.57,19.914286,PM2.5,477
14.000000,14.740000,1.660000,1.140000,0.150000,56.590000,1.440000,0.660000,295.190002,86.160004,86549.328125,22.3,99.71,20.000000,PM2.5,478
14.270000,15.040000,1.730000,1.170000,0.150000,57.060001,1.070000,1.030000,294.890015,87.139999,86192.351562,22.3,99.86,20.385715,PM2.5,479
14.750000,15.570000,1.990000,1.330000,0.160000,57.610001,1.120000,0.660000,294.519989,88.349998,85844.851562,22.31,100.0,21.071428,PM2.5,480
15.010000,15.850000,2.140000,1.250000,0.160000,60.160000,1.640000,0.300000,293.450012,91.169998,84106.359375,22.32,100.15,21.442858,PM2.5,481
14.940000,15.770000,2.070000,1.160000,0.160000,60.340000,2.480000,0.770000,293.549988,89.129997,83782.953125,22.32,100.29,21.342857,PM2.5,482
14.360000,15.170000,2.110000,1.180000,0.160000,59.849998,2.340000,1.730000,295.130005,83.650002,85494.570312,22.33,100.44,20.514286,PM2.5,483
13.730000,14.540000,2.120000,1.200000,0.150000,59.009998,0.830000,2.010000,296.950012,77.970001,87845.273438,22.33,100.58,19.614285,PM2.5,484
14.260000,15.150000,2.630000,1.700000,0.160000,58.150002,-0.550000,1.790000,297.559998,77.129997,89501.679688,22.34,100.73,20.371429,PM2.5,485
15.440000,16.450001,3.320000,2.270000,0.160000,57.759998,-0.500000,1.950000,296.709991,81.900002,88820.476562,22.34,100.87,22.057142,PM2.5,486
15.560000,16.450001,2.640000,1.820000,0.160000,56.150002,0.290000,2.320000,295.790009,86.070000,87649.007812,22.35,101.02,22.228573,PM2.5,487
15.210000,16.000000,2.130000,1.450000,0.150000,54.830002,0.640000,2.600000,295.820007,86.650002,87832.992188,22.35,101.16,21.728571,PM2.5,488
14.860000,15.600000,1.890000,1.220000,0.150000,54.139999,0.750000,3.010000,296.119995,85.820000,88228.593750,22.36,101.3,21.228571,PM2.5,489
14.840000,15.540000,1.870000,1.180000,0.150000,53.790001,1.110000,2.870000,296.019989,86.559998,88207.671875,22.36,101.45,21.200001,PM2.5,490
14.880000,15.560000,2.160000,1.350000,0.150000,53.680000,1.120000,2.080000,296.260010,85.709999,88519.382812,22.37,101.59,21.257143,PM2.5,491
14.630000,15.370000,1.570000,1.200000,0.150000,54.810001,1.090000,1.030000,294.470001,90.199997,85977.773438,22.42,99.42,20.900000,PM2.5,538
14.780000,15.580000,1.720000,1.270000,0.150000,56.919998,1.630000,0.530000,293.920013,90.550003,84924.531250,22.42,99.56,21.114285,PM2.5,539
14.310000,15.120000,1.700000,1.200000,0.150000,57.040001,1.730000,0.470000,295.019989,85.970001,86050.968750,22.43,99.71,20.442858,PM2.5,540
14.480000,15.300000,1.800000,1.240000,0.160000,58.160000,1.150000,0.960000,295.130005,85.720001,86279.492188,22.44,99.85,20.685713,PM2.5,541
15.280000,16.129999,1.940000,1.320000,0.160000,58.560001,1.080000,1.300000,293.829987,90.220001,84659.781250,22.44,100.0,21.828571,PM2.5,542
16.209999,17.040001,2.000000,1.380000,0.160000,58.279999,1.740000,1.290000,292.220001,94.349998,82230.140625,22.45,100.14,23.157141,PM2.5,543
15.250000,16.049999,1.950000,1.120000,0.160000,60.230000,2.550000,1.190000,293.140015,89.779999,82641.773438,22.46,100.29,21.785715,PM2.5,544
13.910000,14.700000,1.960000,1.210000,0.160000,59.320000,1.270000,1.170000,296.709991,77.879997,87180.078125,22.46,100.43,19.871428,PM2.5,545
13.600000,14.440000,2.030000,1.380000,0.160000,57.650002,-1.060000,1.490000,298.589996,73.480003,90467.953125,22.47,100.57,19.428572,PM2.5,546
14.280000,15.150000,2.330000,1.630000,0.160000,59.029999,-1.150000,1.630000,297.489990,76.650002,88871.773438,22.47,100.72,20.400000,PM2.5,547
15.430000,16.350000,2.620000,1.900000,0.160000,57.959999,0.070000,1.570000,295.799988,83.389999,86928.476562,22.48,100.86,22.042858,PM2.5,548
15.720000,16.590000,2.380000,1.800000,0.160000,56.570000,0.840000,1.880000,295.339996,86.190002,86649.203125,22.48,101.01,22.457144,PM2.5,549
15.780000,16.600000,2.170000,1.670000,0.160000,55.360001,1.030000,1.960000,295.089996,87.599998,86467.203125,22.49,101.15,22.542856,PM2.5,550
15.290000,16.070000,1.980000,1.430000,0.150000,54.520000,0.680000,2.170000,295.850006,86.550003,87703.296875,22.49,101.3,21.842857,PM2.5,551
15.180000,15.910000,1.940000,1.340000,0.150000,54.340000,0.390000,2.240000,296.239990,86.000000,88429.046875,22.5,101.44,21.685715,PM2.5,552
15.410000,16.139999,2.260000,1.530000,0.150000,54.029999,0.440000,1.680000,295.959991,87.139999,88129.390625,22.5,101.59,22.014286,PM2.5,553
15.170000,15.900000,2.310000,1.550000,0.150000,54.169998,0.540000,1.750000,296.529999,85.400002,88910.562500,22.51,101.73,21.671429,PM2.5,554
15.580000,16.299999,2.340000,1.540000,0.150000,54.000000,0.960000,1.930000,295.970001,86.790001,87967.273438,22.51,101.88,22.257143,PM2.5,555
15.650000,16.330000,2.240000,1.440000,0.150000,54.240002,1.230000,1.950000,295.869995,87.019997,87652.046875,22.51,102.02,22.357141,PM2.5,556
15.460000,16.100000,2.110000,1.380000,0.150000,54.990002,0.510000,1.760000,297.140015,82.959999,89466.898438,22.52,102.17,22.085714,PM2.5,557
18.120001,18.930000,3.100000,2.280000,0.180000,58.770000,-0.060000,0.780000,296.809998,84.599998,89160.296875,22.53,103.04,25.885715,PM2.5,559
14.680000,15.470000,1.660000,1.260000,0.160000,56.630001,1.220000,0.860000,295.309998,87.550003,86966.523438,22.55,99.41,20.971430,PM2.5,608
14.880000,15.710000,1.730000,1.260000,0.160000,57.950001,1.400000,0.900000,294.500000,89.250000,85602.343750,22.56,99.55,21.257143,PM2.5,609
14.970000,15.800000,1.820000,1.180000,0.160000,59.430000,1.750000,0.510000,294.010010,89.989998,84768.593750,22.56,99.7,21.385715,PM2.5,610
15.280000,16.160000,1.980000,1.300000,0.160000,58.750000,1.850000,0.870000,294.220001,88.160004,84857.531250,22.57,99.84,21.828571,PM2.5,611
15.390000,16.260000,2.090000,1.350000,0.160000,60.480000,1.880000,1.350000,294.000000,88.370003,84307.718750,22.58,99.99,21.985714,PM2.5,612
15.470000,16.309999,2.030000,1.320000,0.160000,60.419998,2.210000,1.730000,293.799988,88.739998,83899.742188,22.58,100.13,22.100000,PM2.5,613
14.680000,15.520000,1.950000,1.200000,0.160000,59.959999,2.210000,1.790000,295.220001,83.099998,85330.203125,22.59,100.28,20.971430,PM2.5,614
13.680000,14.480000,1.960000,1.200000,0.160000,60.439999,1.220000,1.420000,297.290009,75.940002,87941.429688,22.59,100.42,19.542858,PM2.5,615
13.640000,14.470000,1.980000,1.360000,0.160000,59.080002,0.030000,1.580000,297.850006,74.769997,89039.703125,22.6,100.57,19.485714,PM2.5,616
14.740000,15.590000,2.160000,1.550000,0.160000,59.150002,-0.080000,1.890000,296.179993,80.510002,86950.812500,22.61,100.71,21.057142,PM2.5,617
15.600000,16.480000,2.350000,1.720000,0.160000,58.410000,0.710000,1.730000,294.869995,85.940002,85474.203125,22.61,100.86,22.285715,PM2.5,618
15.940000,16.840000,2.420000,1.890000,0.160000,56.930000,0.950000,1.500000,295.140015,85.970001,86072.156250,22.62,101.0,22.771427,PM2.5,619
16.260000,17.160000,2.470000,1.990000,0.160000,56.349998,0.640000,1.540000,295.019989,87.510002,86256.687500,22.62,101.15,23.228571,PM2.5,620
16.080000,16.910000,2.210000,1.780000,0.160000,55.480000,0.240000,1.630000,295.410004,87.870003,87199.570312,22.63,101.29,22.971428,PM2.5,621
15.700000,16.480000,2.020000,1.610000,0.150000,55.020000,0.020000,1.820000,295.799988,87.139999,87665.718750,22.63,101.44,22.428572,PM2.5,622
16.000000,16.780001,2.310000,1.740000,0.160000,54.869999,0.300000,1.950000,295.510010,88.419998,87243.328125,22.64,101.59,22.857143,PM2.5,623
16.100000,16.889999,2.460000,1.790000,0.160000,55.349998,0.530000,1.960000,295.929993,87.019997,87662.078125,22.64,101.73,23.000000,PM2.5,624
16.360001,17.139999,2.560000,1.780000,0.160000,56.150002,0.460000,1.720000,296.290009,86.099998,88174.242188,22.64,101.88,23.371429,PM2.5,625
16.020000,16.719999,2.210000,1.560000,0.160000,56.380001,0.080000,1.420000,297.279999,83.470001,89726.820312,22.65,102.02,22.885715,PM2.5,626
15.610000,16.250000,1.990000,1.410000,0.150000,57.119999,-0.520000,1.340000,297.670013,82.230003,90357.578125,22.65,102.17,22.299999,PM2.5,627
16.160000,16.780001,1.970000,1.340000,0.150000,57.259998,-0.790000,1.600000,296.630005,86.059998,88905.023438,22.65,102.31,23.085714,PM2.5,628
18.420000,19.110001,2.460000,1.560000,0.170000,58.430000,-0.290000,2.420000,294.230011,89.910004,84610.453125,22.67,102.89,26.314285,PM2.5,629
17.590000,18.440001,2.960000,2.320000,0.180000,60.439999,-1.740000,0.690000,297.410004,83.480003,90343.476562,22.67,103.04,25.128572,PM2.5,630
16.330000,17.120001,2.690000,2.140000,0.170000,58.730000,-1.450000,1.150000,297.910004,80.669998,90809.546875,22.67,103.18,23.328571,PM2.5,631
17.940001,18.660000,2.490000,1.660000,0.170000,58.669998,2.710000,3.910000,293.040009,91.389999,82675.343750,22.68,103.47,25.628572,PM2.5,632
23.709999,25.510000,5.200000,3.120000,0.240000,70.760002,-1.310000,0.660000,301.769989,70.959999,95437.656250,22.68,103.91,33.871426,PM2.5,633
14.640000,15.450000,1.710000,1.200000,0.160000,58.660000,1.560000,0.120000,295.450012,86.470001,86703.406250,22.68,99.4,20.914286,PM2.5,681
14.830000,15.670000,1.790000,1.200000,0.160000,59.669998,1.420000,0.820000,294.829987,87.860001,85823.148438,22.69,99.55,21.185715,PM2.5,682
15.530000,16.389999,1.910000,1.150000,0.160000,61.029999,1.650000,0.980000,293.089996,92.620003,83275.789062,22.7,99.69,22.185715,PM2.5,683
15.620000,16.500000,2.090000,1.200000,0.160000,61.860001,2.010000,0.690000,293.399994,90.309998,83340.500000,22.7,99.84,22.314285,PM2.5,684
15.620000,16.500000,2.090000,1.280000,0.160000,61.150002,2.170000,0.620000,293.839996,87.930000,83744.320312,22.71,99.98,22.314285,PM2.5,685
15.430000,16.260000,2.060000,1.280000,0.160000,61.549999,2.270000,1.160000,294.130005,86.849998,83934.953125,22.72,100.13,22.042858,PM2.5,686
14.470000,15.310000,1.960000,1.220000,0.160000,59.910000,1.670000,1.750000,296.230011,79.309998,86354.601562,22.72,100.27,20.671429,PM2.5,687
13.940000,14.760000,1.970000,1.230000,0.160000,60.419998,0.800000,1.860000,297.269989,75.699997,87812.992188,22.73,100.42,19.914286,PM2.5,688
14.170000,14.990000,1.990000,1.360000,0.160000,59.619999,0.420000,2.290000,296.959991,77.160004,87648.710938,22.73,100.56,20.242857,PM2.5,689
14.740000,15.600000,2.140000,1.550000,0.160000,58.660000,0.100000,3.070000,296.410004,79.080002,86910.093750,22.74,100.71,21.057142,PM2.5,690
15.690000,16.639999,2.540000,1.830000,0.160000,58.619999,0.050000,2.370000,295.100006,84.889999,85577.492188,22.75,100.85,22.414286,PM2.5,691
16.719999,17.780001,2.910000,2.140000,0.170000,57.570000,0.380000,1.440000,294.200012,88.650002,84724.937500,22.75,101.0,23.885714,PM2.5,692
16.809999,17.900000,2.950000,2.240000,0.170000,57.080002,0.520000,1.250000,294.450012,88.559998,85288.531250,22.76,101.14,24.014284,PM2.5,693
16.559999,17.590000,2.540000,1.930000,0.160000,56.090000,0.310000,1.670000,294.859985,88.739998,86161.406250,22.76,101.29,23.657143,PM2.5,694
16.360001,17.350000,2.170000,1.720000,0.160000,56.150002,0.160000,1.960000,294.989990,89.059998,86316.031250,22.76,101.43,23.371429,PM2.5,695
16.350000,17.400000,2.350000,1.770000,0.160000,56.200001,0.220000,2.180000,295.209991,88.779999,86574.890625,22.77,101.58,23.357143,PM2.5,696
16.840000,18.070000,2.500000,1.860000,0.170000,57.830002,-0.000000,1.920000,295.459991,88.510002,86871.039062,22.77,101.73,24.057142,PM2.5,697
16.540001,17.840000,2.360000,1.770000,0.170000,59.240002,-0.580000,1.390000,296.390015,86.029999,88269.953125,22.78,101.87,23.628572,PM2.5,698
15.860000,17.139999,2.070000,1.570000,0.160000,58.820000,-0.840000,1.300000,297.109985,83.669998,89261.109375,22.78,102.02,22.657143,PM2.5,699
15.850000,17.110001,1.920000,1.560000,0.160000,57.840000,-0.820000,1.500000,296.510010,85.559998,88403.156250,22.78,102.16,22.642859,PM2.5,700
16.440001,17.760000,1.910000,1.640000,0.170000,57.160000,-0.320000,1.540000,295.350006,89.620003,87060.007812,22.79,102.31,23.485716,PM2.5,701
16.549999,17.910000,1.930000,1.550000,0.170000,57.290001,0.680000,2.170000,294.809998,90.470001,86006.648438,22.79,102.45,23.642857,PM2.5,702
16.070000,17.459999,1.960000,1.370000,0.170000,56.070000,1.550000,3.520000,295.470001,85.730003,86296.976562,22.79,102.6,22.957142,PM2.5,703
15.440000,17.190001,2.170000,1.590000,0.170000,56.500000,0.490000,1.810000,296.790009,79.589996,87636.976562,22.8,102.74,22.057142,PM2.5,704
16.270000,18.240000,2.390000,1.820000,0.180000,57.560001,-1.630000,2.310000,296.049988,83.820000,87174.140625,22.8,102.89,23.242857,PM2.5,705
17.379999,19.680000,2.760000,2.390000,0.190000,58.369999,-1.350000,2.890000,294.660004,89.040001,85486.812500,22.8,103.04,24.828569,PM2.5,706
17.629999,19.740000,2.690000,2.300000,0.180000,57.540001,0.490000,3.900000,293.609985,92.209999,84043.890625,22.81,103.18,25.185713,PM2.5,707
17.870001,19.850000,3.000000,2.190000,0.190000,60.700001,0.900000,1.780000,296.619995,79.730003,86815.117188,22.81,103.47,25.528572,PM2.5,708
20.930000,23.389999,3.830000,2.650000,0.220000,66.739998,-0.370000,0.180000,299.109985,75.809998,91184.171875,22.81,103.62,29.900000,PM2.5,709
22.820000,25.379999,4.530000,3.050000,0.230000,68.769997,-0.920000,0.620000,299.350006,77.370003,91747.679688,22.81,103.76,32.599998,PM2.5,710
23.299999,25.790001,4.740000,3.170000,0.240000,68.559998,-1.250000,1.030000,299.450012,76.349998,91602.656250,22.81,103.91,33.285713,PM2.5,711
25.290001,27.910000,5.090000,3.430000,0.250000,68.260002,-0.980000,1.210000,297.850006,80.699997,89272.757812,22.82,104.05,36.128574,PM2.5,712
30.740000,32.869999,5.750000,3.470000,0.270000,69.089996,0.300000,1.770000,295.269989,90.029999,86103.867188,22.82,104.34,43.914284,PM2.5,713
31.370001,33.590000,5.940000,3.410000,0.270000,70.730003,0.670000,2.070000,295.480011,90.150002,86687.726562,22.82,104.49,44.814285,PM2.5,714
15.430000,16.260000,1.860000,1.010000,0.160000,61.730000,2.000000,0.430000,293.089996,92.489998,82941.062500,22.82,99.54,22.042858,PM2.5,763
15.620000,16.459999,1.990000,1.140000,0.160000,61.430000,1.730000,1.120000,293.540009,89.599998,83189.593750,22.83,99.68,22.314285,PM2.5,764
15.930000,16.790001,2.080000,1.190000,0.160000,62.060001,1.500000,1.060000,293.440002,89.849998,83138.453125,22.84,99.83,22.757143,PM2.5,765
16.290001,17.120001,2.140000,1.180000,0.160000,62.610001,2.150000,0.330000,292.720001,92.279999,82221.023438,22.84,99.97,23.271429,PM2.5,766
15.650000,16.500000,2.140000,1.210000,0.160000,60.970001,2.520000,0.570000,294.359985,85.760002,83884.281250,22.85,100.12,22.357141,PM2.5,767
14.200000,15.010000,2.050000,1.120000,0.160000,60.410000,1.080000,1.290000,297.320007,75.660004,87518.429688,22.86,100.27,20.285713,PM2.5,768
14.110000,14.920000,1.990000,1.120000,0.160000,59.400002,-0.040000,1.920000,297.730011,74.290001,88273.140625,22.86,100.41,20.157143,PM2.5,769
14.340000,15.140000,2.050000,1.190000,0.160000,59.669998,0.260000,2.400000,297.329987,75.830002,87853.156250,22.87,100.56,20.485714,PM2.5,770
15.020000,16.030001,3.150000,1.970000,0.160000,58.869999,-0.040000,3.430000,297.369995,75.650002,87909.726562,22.87,100.7,21.457144,PM2.5,771
16.860001,18.209999,4.870000,2.950000,0.180000,59.650002,-0.370000,2.530000,295.700012,82.620003,86000.507812,22.88,100.85,24.085714,PM2.5,772
18.110001,19.459999,4.670000,2.850000,0.180000,59.119999,0.350000,1.870000,293.459991,90.160004,83204.281250,22.88,100.99,25.871429,PM2.5,773
17.620001,18.799999,3.610000,2.320000,0.170000,58.410000,1.080000,1.730000,293.000000,91.330002,82583.898438,22.89,101.14,25.171431,PM2.5,774
17.280001,18.420000,3.170000,2.080000,0.170000,57.090000,1.180000,2.120000,293.630005,90.190002,83670.046875,22.89,101.28,24.685715,PM2.5,775
16.790001,17.860001,2.560000,1.790000,0.160000,56.689999,0.530000,2.380000,294.390015,89.430000,84964.781250,22.9,101.43,23.985716,PM2.5,776
16.410000,17.480000,2.260000,1.590000,0.160000,56.840000,-0.180000,2.430000,295.170013,88.059998,86198.023438,22.9,101.58,23.442858,PM2.5,777
16.790001,18.030001,2.280000,1.870000,0.170000,58.740002,-0.550000,2.200000,295.500000,88.230003,86840.242188,22.91,101.72,23.985716,PM2.5,778
16.959999,18.309999,2.150000,1.880000,0.170000,59.740002,-0.660000,1.890000,295.160004,88.949997,86260.359375,22.91,101.87,24.228571,PM2.5,779
16.990000,18.389999,2.000000,1.690000,0.170000,59.610001,-0.540000,1.730000,294.790009,90.519997,85830.968750,22.92,102.01,24.271429,PM2.5,780
17.299999,18.809999,1.900000,1.750000,0.170000,57.880001,-0.490000,1.870000,294.339996,91.889999,85308.093750,22.92,102.16,24.714285,PM2.5,781
17.299999,18.930000,1.960000,2.110000,0.180000,57.980000,0.260000,1.910000,293.690002,93.029999,84213.476562,22.92,102.3,24.714285,PM2.5,782
16.900000,18.600000,1.980000,1.990000,0.180000,58.880001,1.190000,1.920000,294.179993,91.089996,84605.148438,22.93,102.45,24.142857,PM2.5,783
16.010000,17.889999,2.000000,1.770000,0.180000,56.150002,1.050000,2.540000,295.890015,84.839996,86717.539062,22.93,102.6,22.871429,PM2.5,784
15.820000,18.000000,2.180000,1.830000,0.180000,57.209999,0.190000,1.650000,296.500000,82.339996,87662.679688,22.93,102.74,22.600000,PM2.5,785
16.840000,18.990000,2.280000,1.850000,0.180000,56.910000,-0.130000,3.340000,294.750000,87.470001,84969.382812,22.93,102.89,24.057142,PM2.5,786
17.629999,20.090000,2.700000,2.430000,0.190000,58.860001,0.430000,3.670000,293.899994,89.639999,83433.523438,22.94,103.03,25.185713,PM2.5,787
17.270000,19.709999,2.800000,2.510000,0.190000,57.630001,0.580000,3.600000,295.390015,84.239998,85189.656250,22.94,103.18,24.671429,PM2.5,788
18.170000,20.600000,3.250000,2.460000,0.200000,62.439999,0.030000,1.370000,296.940002,80.440002,87710.789062,22.94,103.32,25.957144,PM2.5,789
20.059999,22.830000,3.800000,2.720000,0.210000,67.589996,-0.710000,-0.570000,299.040009,75.400002,90898.218750,22.94,103.47,28.657143,PM2.5,790
20.920000,23.629999,3.930000,2.780000,0.220000,68.339996,-0.750000,0.110000,299.500000,74.139999,91441.281250,22.95,103.62,29.885714,PM2.5,791
22.500000,25.110001,4.170000,2.970000,0.230000,68.269997,-0.620000,0.650000,298.730011,77.559998,90550.937500,22.95,103.76,32.142857,PM2.5,792
23.469999,25.940001,4.330000,3.080000,0.230000,67.629997,-0.830000,1.270000,297.619995,80.199997,88788.851562,22.95,103.91,33.528572,PM2.5,793
26.200001,28.850000,4.800000,3.550000,0.250000,66.279999,0.020000,1.580000,294.970001,88.320000,85150.929688,22.95,104.05,37.428574,PM2.5,794
28.120001,30.860001,5.170000,3.690000,0.260000,66.239998,1.200000,2.160000,294.170013,90.599998,83993.507812,22.95,104.2,40.171429,PM2.5,795
30.260000,32.330002,5.600000,3.670000,0.260000,67.589996,1.230000,2.630000,294.709991,89.580002,84776.046875,22.95,104.34,43.228573,PM2.5,796
31.440001,33.650002,5.940000,3.840000,0.270000,68.709999,0.980000,2.610000,294.869995,89.900002,85141.859375,22.95,104.49,44.914288,PM2.5,797
32.400002,34.680000,6.210000,3.870000,0.280000,70.620003,1.090000,1.940000,294.989990,89.830002,85522.679688,22.95,104.64,46.285717,PM2.5,798
33.029999,35.360001,6.480000,3.720000,0.280000,76.050003,0.550000,1.350000,296.679993,86.519997,88316.250000,22.95,104.78,47.185711,PM2.5,799
16.150000,17.020000,2.090000,1.260000,0.160000,60.180000,1.740000,0.520000,293.859985,86.839996,83205.000000,22.97,99.68,23.071428,PM2.5,855
16.370001,17.280001,2.270000,1.420000,0.170000,59.840000,1.070000,1.410000,294.420013,85.900002,84196.460938,22.97,99.82,23.385715,PM2.5,856
17.080000,17.969999,2.350000,1.370000,0.170000,61.049999,1.630000,0.950000,292.519989,93.360001,81799.796875,22.98,99.97,24.400000,PM2.5,857
15.610000,16.480000,2.210000,1.210000,0.160000,61.060001,2.390000,0.340000,295.000000,83.059998,84461.023438,22.98,100.11,22.299999,PM2.5,858
13.800000,14.620000,2.150000,1.180000,0.160000,61.320000,1.140000,0.430000,298.589996,71.320000,88937.750000,22.99,100.26,19.714287,PM2.5,859
14.430000,15.230000,2.130000,1.240000,0.160000,60.419998,0.200000,1.280000,297.549988,75.610001,88060.757812,23.0,100.4,20.614286,PM2.5,860
14.890000,15.700000,2.160000,1.280000,0.160000,60.020000,0.520000,1.730000,296.869995,77.930000,87240.953125,23.0,100.55,21.271429,PM2.5,861
15.220000,16.219999,3.040000,1.880000,0.160000,58.650002,0.010000,3.020000,297.480011,75.720001,87985.023438,23.01,100.7,21.742857,PM2.5,862
16.690001,17.969999,4.500000,2.660000,0.180000,60.470001,-0.030000,2.770000,296.119995,81.209999,86289.523438,23.01,100.84,23.842857,PM2.5,863
18.080000,19.389999,4.360000,2.620000,0.180000,59.770000,1.040000,2.250000,293.700012,89.099998,83206.703125,23.02,100.99,25.828571,PM2.5,864
17.930000,19.200001,3.810000,2.440000,0.180000,58.910000,1.540000,2.110000,293.279999,89.620003,82553.843750,23.02,101.13,25.614286,PM2.5,865
17.120001,18.290001,3.220000,2.100000,0.170000,57.700001,1.150000,2.320000,294.089996,87.459999,83671.992188,23.03,101.28,24.457144,PM2.5,866
16.770000,17.889999,2.720000,1.850000,0.170000,57.209999,0.350000,2.600000,294.510010,87.730003,84642.046875,23.03,101.43,23.957144,PM2.5,867
16.770000,17.950001,2.320000,1.680000,0.170000,57.750000,-0.540000,2.870000,295.059998,87.709999,85866.406250,23.04,101.57,23.957144,PM2.5,868
16.860001,18.209999,2.230000,1.930000,0.170000,58.849998,-0.790000,2.890000,295.320007,87.699997,86287.773438,23.04,101.72,24.085714,PM2.5,869
17.440001,18.940001,2.130000,2.010000,0.180000,59.259998,-0.670000,2.550000,294.350006,90.849998,84938.453125,23.05,101.86,24.914286,PM2.5,870
17.590000,19.209999,1.980000,1.870000,0.180000,58.349998,-0.560000,2.260000,293.820007,92.400002,84311.523438,23.05,102.01,25.128572,PM2.5,871
17.559999,19.320000,2.050000,1.910000,0.180000,58.279999,-0.050000,2.170000,293.279999,93.470001,83511.351562,23.05,102.15,25.085714,PM2.5,872
17.670000,19.680000,2.310000,2.230000,0.190000,58.490002,0.670000,2.800000,292.459991,94.160004,81745.976562,23.06,102.3,25.242857,PM2.5,873
17.559999,19.730000,2.410000,2.210000,0.200000,58.959999,1.110000,2.720000,292.589996,93.360001,81714.648438,23.06,102.45,25.085714,PM2.5,874
17.120001,19.740000,2.570000,2.180000,0.210000,56.740002,0.990000,2.770000,294.179993,89.519997,84117.382812,23.06,102.59,24.457144,PM2.5,875
16.709999,19.820000,2.590000,2.520000,0.220000,57.189999,0.790000,2.680000,295.690002,84.750000,86302.390625,23.07,102.74,23.871428,PM2.5,876
16.629999,19.540001,2.510000,2.470000,0.210000,56.880001,0.310000,2.920000,295.910004,83.269997,86175.343750,23.07,102.88,23.757141,PM2.5,877
17.200001,20.260000,2.800000,2.860000,0.210000,59.400002,-0.250000,1.400000,296.369995,82.320000,87027.507812,23.07,103.03,24.571430,PM2.5,878
17.090000,19.850000,2.950000,2.660000,0.210000,63.230000,-0.480000,0.700000,297.850006,77.709999,88977.156250,23.07,103.18,24.414286,PM2.5,879
18.049999,20.590000,3.070000,2.410000,0.200000,65.849998,-0.670000,0.400000,297.660004,78.059998,88650.523438,23.08,103.32,25.785713,PM2.5,880
20.270000,22.870001,3.400000,2.480000,0.210000,66.669998,-0.530000,0.900000,295.890015,83.860001,86247.257812,23.08,103.47,28.957144,PM2.5,881
22.110001,24.840000,3.890000,2.630000,0.220000,67.860001,-0.180000,0.930000,295.670013,85.430000,85964.609375,23.08,103.61,31.585714,PM2.5,882
22.549999,25.270000,3.880000,2.800000,0.230000,67.680000,-0.210000,0.790000,297.380005,80.629997,88546.492188,23.08,103.76,32.214283,PM2.5,883
23.570000,26.080000,3.990000,2.880000,0.230000,66.750000,-0.110000,1.450000,296.029999,84.360001,86631.226562,23.08,103.91,33.671429,PM2.5,884
25.629999,28.180000,4.370000,3.110000,0.230000,66.309998,1.190000,2.250000,293.179993,92.480003,82462.218750,23.08,104.05,36.614285,PM2.5,885
27.540001,30.309999,4.860000,3.680000,0.250000,64.660004,2.120000,2.530000,293.589996,89.980003,82675.156250,23.09,104.2,39.342857,PM2.5,886
29.600000,31.629999,5.500000,3.990000,0.260000,66.459999,1.300000,2.420000,295.450012,86.019997,85416.929688,23.09,104.34,42.285713,PM2.5,887
30.400000,32.580002,5.940000,4.190000,0.270000,68.540001,0.370000,2.340000,296.160004,85.360001,86736.507812,23.09,104.49,43.428570,PM2.5,888
32.880001,35.160000,6.220000,4.290000,0.270000,69.910004,0.520000,2.250000,294.480011,90.220001,84681.507812,23.09,104.64,46.971432,PM2.5,889
33.410000,35.590000,5.850000,3.810000,0.270000,75.000000,0.730000,2.040000,294.769989,91.019997,85322.687500,23.09,104.78,47.728573,PM2.5,890
17.100000,17.980000,2.240000,1.340000,0.160000,62.720001,1.640000,0.400000,292.429993,93.160004,81646.718750,23.09,99.52,24.428572,PM2.5,954
16.559999,17.430000,2.320000,1.340000,0.170000,63.320000,1.840000,0.320000,293.470001,89.019997,82722.773438,23.1,99.67,23.657143,PM2.5,955
16.340000,17.309999,2.650000,1.600000,0.170000,61.619999,1.490000,0.800000,295.290009,82.680000,85088.898438,23.11,99.82,23.342857,PM2.5,956
16.629999,17.580000,2.670000,1.560000,0.170000,62.209999,1.440000,0.960000,294.440002,86.889999,84211.203125,23.11,99.96,23.757141,PM2.5,957
15.660000,16.500000,2.310000,1.230000,0.160000,62.209999,1.710000,0.690000,295.459991,82.410004,85430.609375,23.12,100.11,22.371428,PM2.5,958
14.840000,15.650000,2.250000,1.250000,0.160000,62.360001,1.600000,0.230000,296.890015,77.440002,87277.226562,23.13,100.25,21.200001,PM2.5,959
15.120000,15.920000,2.250000,1.310000,0.160000,61.730000,1.380000,0.900000,296.350006,79.650002,86587.382812,23.13,100.4,21.600000,PM2.5,960
15.100000,15.900000,2.240000,1.330000,0.160000,60.840000,1.200000,1.440000,296.579987,78.550003,86796.398438,23.14,100.54,21.571428,PM2.5,961
15.280000,16.170000,2.600000,1.580000,0.160000,59.759998,0.630000,2.500000,296.940002,78.320000,87389.140625,23.14,100.69,21.828571,PM2.5,962
16.120001,17.280001,3.520000,2.150000,0.170000,59.169998,0.640000,2.930000,296.859985,78.400002,87152.546875,23.15,100.84,23.028572,PM2.5,963
17.340000,18.600000,3.810000,2.330000,0.180000,60.020000,1.260000,2.480000,295.230011,83.660004,84953.343750,23.15,100.98,24.771429,PM2.5,964
17.809999,19.180000,3.870000,2.540000,0.180000,59.230000,1.460000,2.110000,294.649994,85.110001,84328.632812,23.16,101.13,25.442856,PM2.5,965
16.719999,17.930000,3.050000,2.060000,0.170000,57.270000,0.860000,2.150000,295.290009,83.410004,85200.289062,23.16,101.27,23.885714,PM2.5,966
16.770000,17.950001,2.620000,1.840000,0.170000,57.040001,-0.150000,2.620000,294.850006,86.629997,84979.859375,23.17,101.42,23.957144,PM2.5,967
16.870001,18.219999,2.260000,1.750000,0.170000,56.779999,-0.700000,3.160000,295.359985,86.470001,86155.976562,23.17,101.57,24.100000,PM2.5,968
16.500000,17.980000,2.180000,1.950000,0.180000,58.750000,-0.940000,3.400000,295.779999,84.919998,86460.648438,23.18,101.71,23.571428,PM2.5,969
17.230000,18.870001,2.020000,2.030000,0.190000,58.130001,-0.800000,3.060000,294.209991,90.169998,84361.906250,23.18,101.86,24.614285,PM2.5,970
17.580000,19.309999,1.990000,1.930000,0.190000,58.919998,0.040000,2.750000,292.700012,93.910004,82186.453125,23.18,102.0,25.114286,PM2.5,971
17.629999,19.549999,2.060000,1.920000,0.200000,58.619999,1.030000,3.220000,292.350006,93.639999,81530.703125,23.19,102.15,25.185713,PM2.5,972
17.230000,19.500000,2.420000,2.190000,0.210000,59.340000,1.380000,3.620000,293.059998,90.400002,82075.210938,23.19,102.3,24.614285,PM2.5,973
17.299999,19.959999,2.620000,2.360000,0.230000,58.820000,0.820000,3.360000,293.640015,87.599998,82443.023438,23.19,102.44,24.714285,PM2.5,974
17.209999,20.620001,2.960000,2.450000,0.250000,58.520000,0.010000,3.210000,294.290009,88.199997,83849.890625,23.2,102.59,24.585712,PM2.5,975
16.260000,20.209999,2.820000,2.930000,0.250000,59.590000,-0.480000,2.210000,296.690002,81.410004,87444.117188,23.2,102.73,23.228571,PM2.5,976
15.780000,19.650000,2.760000,3.040000,0.240000,60.060001,-0.910000,1.500000,298.119995,75.720001,89261.226562,23.2,102.88,22.542856,PM2.5,977
17.160000,20.540001,2.780000,2.940000,0.230000,62.000000,-0.800000,0.920000,295.850006,82.260002,86043.492188,23.21,103.03,24.514286,PM2.5,978
18.770000,21.780001,2.740000,2.680000,0.210000,62.020000,0.050000,1.690000,293.730011,89.919998,83161.929688,23.21,103.17,26.814287,PM2.5,979
19.760000,22.500000,2.840000,2.370000,0.210000,63.529999,0.400000,2.820000,293.709991,89.910004,83119.046875,23.21,103.32,28.228571,PM2.5,980
21.430000,24.299999,3.260000,2.520000,0.210000,64.779999,0.190000,2.900000,293.369995,90.309998,82500.976562,23.21,103.47,30.614286,PM2.5,981
22.629999,25.549999,3.590000,2.560000,0.220000,65.300003,0.010000,1.810000,293.670013,90.430000,83091.421875,23.21,103.61,32.328571,PM2.5,982
22.920000,25.709999,3.500000,2.590000,0.220000,67.180000,0.050000,1.230000,294.589996,88.610001,84671.023438,23.22,103.76,32.742859,PM2.5,983
24.200001,26.809999,3.600000,2.680000,0.220000,65.839996,1.080000,1.830000,293.410004,92.279999,82990.289062,23.22,103.9,34.571430,PM2.5,984
25.620001,28.400000,4.140000,3.130000,0.230000,64.500000,2.460000,3.080000,292.730011,92.589996,81461.976562,23.22,104.05,36.600002,PM2.5,985
26.889999,29.830000,4.730000,3.690000,0.250000,64.309998,2.200000,2.550000,293.809998,88.430000,82644.562500,23.22,104.2,38.414284,PM2.5,986
29.660000,31.629999,5.530000,4.240000,0.250000,66.250000,1.140000,2.090000,294.920013,86.349998,84543.796875,23.22,104.34,42.371429,PM2.5,987
30.920000,33.080002,5.940000,4.520000,0.260000,67.900002,0.720000,2.040000,295.709991,86.290001,86189.593750,23.22,104.49,44.171429,PM2.5,988
32.939999,35.220001,6.220000,4.670000,0.280000,68.970001,0.870000,2.600000,295.000000,88.260002,85239.796875,23.22,104.63,47.057140,PM2.5,989
33.610001,35.779999,5.670000,3.980000,0.270000,74.139999,0.500000,2.710000,295.100006,89.699997,85495.960938,23.22,104.78,48.014286,PM2.5,990
33.709999,35.889999,6.080000,3.710000,0.280000,78.949997,-0.400000,1.630000,296.950012,87.360001,89083.687500,23.22,104.93,48.157143,PM2.5,991
33.270000,35.500000,6.420000,3.010000,0.270000,79.709999,0.970000,2.130000,296.429993,90.180000,88514.023438,23.22,105.51,47.528572,PM2.5,992
16.090000,16.950001,1.730000,1.000000,0.160000,57.570000,0.610000,0.310000,296.739990,85.230003,89008.867188,23.2,98.93,22.985714,PM2.5,1060
17.110001,17.980000,1.870000,1.200000,0.160000,59.090000,0.770000,0.310000,295.250000,89.629997,86911.148438,23.21,99.08,24.442858,PM2.5,1061
17.910000,18.809999,2.230000,1.350000,0.170000,61.020000,1.940000,-0.120000,292.839996,94.599998,82870.976562,23.21,99.22,25.585714,PM2.5,1062
17.040001,17.959999,2.360000,1.260000,0.160000,64.339996,1.980000,0.060000,292.929993,92.190002,82199.820312,23.22,99.37,24.342859,PM2.5,1063
16.100000,17.020000,2.190000,1.280000,0.160000,62.810001,1.610000,0.490000,294.420013,85.800003,83717.382812,23.23,99.52,23.000000,PM2.5,1064
16.059999,16.969999,2.310000,1.400000,0.170000,63.049999,1.340000,0.530000,294.929993,84.809998,84561.039062,23.23,99.66,22.942856,PM2.5,1065
16.440001,17.400000,2.680000,1.550000,0.170000,63.630001,1.350000,0.380000,294.640015,86.050003,84275.437500,23.24,99.81,23.485716,PM2.5,1066
16.049999,16.980000,2.590000,1.510000,0.170000,62.860001,1.450000,0.240000,295.500000,82.389999,85376.843750,23.25,99.95,22.928570,PM2.5,1067
15.750000,16.620001,2.280000,1.360000,0.170000,59.869999,1.370000,0.820000,296.399994,79.110001,86763.148438,23.25,100.1,22.500000,PM2.5,1068
16.080000,16.920000,2.310000,1.360000,0.160000,61.299999,1.640000,1.000000,295.260010,83.720001,85379.937500,23.26,100.25,22.971428,PM2.5,1069
15.810000,16.639999,2.310000,1.400000,0.160000,61.080002,1.720000,1.210000,295.760010,81.269997,85814.546875,23.27,100.39,22.585714,PM2.5,1070
15.390000,16.250000,2.480000,1.510000,0.160000,60.660000,1.180000,1.520000,296.970001,77.169998,87232.882812,23.27,100.54,21.985714,PM2.5,1071
15.920000,16.809999,2.650000,1.610000,0.160000,59.959999,0.590000,2.440000,296.290009,80.550003,86559.609375,23.28,100.68,22.742857,PM2.5,1072
16.209999,17.340000,3.050000,1.890000,0.170000,59.509998,0.430000,2.590000,296.480011,80.699997,86962.593750,23.28,100.83,23.157141,PM2.5,1073
16.990000,18.209999,3.330000,2.110000,0.180000,59.619999,0.570000,2.190000,295.660004,83.730003,85867.367188,23.29,100.98,24.271429,PM2.5,1074
17.860001,19.219999,3.520000,2.360000,0.180000,58.849998,0.860000,2.020000,294.480011,87.180000,84400.968750,23.29,101.12,25.514286,PM2.5,1075
16.910000,18.180000,2.870000,2.060000,0.180000,57.439999,0.630000,2.040000,295.230011,84.690002,85322.421875,23.3,101.27,24.157143,PM2.5,1076
16.740000,18.049999,2.510000,1.890000,0.170000,57.980000,-0.490000,2.810000,295.230011,85.879997,85412.882812,23.3,101.42,23.914286,PM2.5,1077
16.850000,18.540001,2.620000,2.140000,0.190000,57.980000,-1.000000,3.180000,295.649994,85.500000,86188.476562,23.31,101.56,24.071428,PM2.5,1078
16.430000,18.219999,2.300000,2.220000,0.190000,57.740002,-0.910000,3.280000,296.010010,84.010002,86635.968750,23.31,101.71,23.471430,PM2.5,1079
17.000000,18.750000,2.070000,2.140000,0.190000,58.759998,-0.240000,3.540000,293.619995,90.589996,83106.031250,23.31,101.85,24.285715,PM2.5,1080
17.620001,19.500000,2.040000,2.050000,0.200000,59.540001,1.300000,3.700000,292.119995,92.739998,80632.539062,23.32,102.0,25.171431,PM2.5,1081
16.570000,18.620001,2.040000,2.040000,0.210000,58.990002,1.810000,3.860000,294.190002,84.419998,82791.460938,23.32,102.15,23.671429,PM2.5,1082
15.730000,18.709999,2.480000,2.440000,0.250000,58.830002,0.590000,3.170000,295.989990,78.900002,85206.671875,23.33,102.29,22.471428,PM2.5,1083
15.260000,18.799999,2.600000,2.520000,0.260000,58.450001,-1.010000,2.660000,296.709991,77.870003,86360.953125,23.33,102.44,21.800001,PM2.5,1084
15.720000,19.660000,2.680000,2.510000,0.260000,58.240002,-1.900000,2.720000,296.170013,81.339996,86111.460938,23.33,102.59,22.457144,PM2.5,1085
16.450001,20.500000,2.630000,2.690000,0.250000,59.619999,-1.930000,2.340000,295.059998,85.750000,84979.312500,23.33,102.73,23.500002,PM2.5,1086
16.830000,20.639999,2.660000,2.730000,0.240000,60.250000,-1.100000,2.530000,294.420013,86.430000,83921.023438,23.34,102.88,24.042856,PM2.5,1087
18.750000,23.160000,3.740000,3.570000,0.260000,61.160000,0.540000,3.240000,292.309998,91.669998,80744.828125,23.34,103.02,26.785715,PM2.5,1088
20.150000,24.730000,4.860000,3.870000,0.270000,62.209999,1.490000,4.140000,292.040009,90.860001,79858.593750,23.34,103.17,28.785713,PM2.5,1089
21.020000,25.790001,6.390000,4.220000,0.270000,64.160004,0.530000,3.890000,293.820007,87.320000,82500.679688,23.34,103.32,30.028572,PM2.5,1090
22.770000,27.559999,6.560000,4.260000,0.270000,64.930000,-0.350000,3.150000,293.700012,88.639999,82781.929688,23.35,103.46,32.528572,PM2.5,1091
22.610001,26.010000,3.800000,2.610000,0.220000,65.860001,-0.120000,2.350000,292.950012,91.209999,81875.828125,23.35,103.61,32.299999,PM2.5,1092
23.600000,26.730000,3.500000,2.580000,0.220000,66.419998,0.710000,2.750000,292.119995,93.720001,80673.781250,23.35,103.76,33.714287,PM2.5,1093
24.680000,27.629999,3.730000,2.630000,0.220000,67.900002,2.230000,3.230000,291.790009,93.080002,79721.226562,23.35,103.9,35.257145,PM2.5,1094
25.490000,28.660000,5.250000,3.580000,0.240000,66.699997,2.590000,3.150000,293.829987,85.730003,82001.226562,23.35,104.05,36.414284,PM2.5,1095
27.510000,30.690001,6.260000,4.510000,0.260000,66.639999,1.300000,2.110000,295.010010,83.879997,84018.882812,23.35,104.2,39.299999,PM2.5,1096
30.410000,33.020000,6.180000,4.830000,0.260000,67.320000,0.650000,2.170000,294.640015,87.050003,84198.367188,23.36,104.34,43.442856,PM2.5,1097
31.219999,33.840000,6.140000,4.780000,0.270000,68.650002,0.860000,2.150000,295.109985,87.089996,85033.406250,23.36,104.49,44.599998,PM2.5,1098
32.790001,34.980000,5.920000,4.630000,0.270000,69.470001,0.820000,2.050000,295.399994,86.989998,85680.593750,23.36,104.63,46.842857,PM2.5,1099
33.380001,35.500000,5.470000,4.230000,0.270000,72.709999,0.200000,1.870000,295.929993,87.589996,86851.281250,23.36,104.78,47.685715,PM2.5,1100
34.209999,36.380001,5.850000,4.040000,0.280000,76.019997,-0.160000,1.640000,296.579987,87.440002,88125.632812,23.36,104.93,48.871426,PM2.5,1101
36.070000,38.450001,6.970000,4.160000,0.300000,76.419998,0.130000,2.370000,295.480011,89.860001,86379.023438,23.36,105.07,51.337502,PM2.5,1102
36.709999,39.139999,7.070000,3.920000,0.300000,76.959999,0.640000,3.040000,294.519989,91.660004,84773.453125,23.36,105.22,52.137497,PM2.5,1103
36.720001,39.180000,7.070000,3.820000,0.300000,77.120003,1.150000,2.820000,294.660004,91.980003,85209.546875,23.36,105.37,52.150002,PM2.5,1104
34.709999,37.009998,6.350000,3.170000,0.270000,77.480003,1.400000,3.150000,295.220001,91.620003,86257.351562,23.36,105.51,49.585712,PM2.5,1105
33.000000,35.240002,5.740000,2.840000,0.260000,76.650002,1.350000,3.540000,296.049988,90.559998,87741.148438,23.36,105.66,47.142857,PM2.5,1106
16.250000,17.150000,1.780000,1.120000,0.160000,57.900002,1.840000,0.460000,295.940002,86.110001,87310.093750,23.33,98.92,23.214285,PM2.5,1178
16.900000,17.770000,1.850000,1.190000,0.160000,58.759998,1.620000,0.900000,294.940002,89.470001,86041.828125,23.34,99.07,24.142857,PM2.5,1179
17.480000,18.389999,2.090000,1.270000,0.160000,61.700001,2.000000,0.000000,292.690002,93.680000,82301.632812,23.35,99.22,24.971428,PM2.5,1180
16.700001,17.629999,2.210000,1.290000,0.160000,64.300003,2.150000,-0.180000,293.450012,89.779999,82700.093750,23.35,99.36,23.857143,PM2.5,1181
15.670000,16.610001,2.140000,1.380000,0.160000,62.889999,1.730000,-0.030000,295.850006,80.400002,85379.796875,23.36,99.51,22.385714,PM2.5,1182
15.940000,16.870001,2.230000,1.550000,0.170000,61.770000,1.020000,0.350000,295.929993,81.480003,85847.726562,23.37,99.65,22.771427,PM2.5,1183
16.680000,17.639999,2.460000,1.680000,0.170000,62.770000,0.870000,0.630000,294.470001,87.000000,84083.796875,23.37,99.8,23.828571,PM2.5,1184
17.059999,18.030001,2.430000,1.600000,0.170000,61.580002,1.360000,0.370000,293.779999,88.010002,83051.531250,23.38,99.95,24.371428,PM2.5,1185
16.320000,17.180000,2.340000,1.320000,0.170000,61.790001,1.720000,0.310000,295.149994,83.070000,84702.117188,23.39,100.09,23.314285,PM2.5,1186
16.520000,17.410000,2.460000,1.540000,0.170000,60.439999,1.390000,1.050000,295.709991,81.290001,85567.242188,23.39,100.24,23.600000,PM2.5,1187
16.540001,17.440001,2.480000,1.640000,0.170000,58.509998,1.020000,1.470000,296.309998,79.010002,86463.000000,23.4,100.39,23.628572,PM2.5,1188
16.700001,17.709999,3.110000,1.990000,0.170000,59.529999,1.030000,1.670000,296.820007,77.970001,87146.046875,23.41,100.53,23.857143,PM2.5,1189
16.790001,17.790001,3.170000,1.970000,0.170000,59.750000,0.420000,2.640000,296.220001,81.050003,86447.781250,23.41,100.68,23.985716,PM2.5,1190
16.809999,17.950001,2.800000,1.770000,0.170000,59.400002,-0.190000,2.640000,295.170013,85.400002,85248.546875,23.42,100.82,24.014284,PM2.5,1191
17.830000,19.020000,2.860000,1.860000,0.170000,58.860001,0.280000,2.030000,293.989990,89.129997,83765.000000,23.42,100.97,25.471428,PM2.5,1192
17.980000,19.250000,2.890000,1.990000,0.180000,57.650002,0.690000,2.000000,293.989990,89.059998,83699.937500,23.43,101.12,25.685713,PM2.5,1193
17.260000,18.639999,2.600000,2.130000,0.180000,57.000000,0.320000,2.050000,295.359985,84.849998,85481.656250,23.43,101.26,24.657143,PM2.5,1194
16.700001,18.270000,2.520000,2.150000,0.180000,57.049999,-0.820000,3.250000,296.000000,82.809998,86183.539062,23.44,101.41,23.857143,PM2.5,1195
16.950001,19.059999,2.960000,2.590000,0.200000,57.099998,-1.370000,3.610000,295.519989,84.660004,85612.382812,23.44,101.56,24.214287,PM2.5,1196
17.100000,19.230000,2.670000,2.630000,0.210000,58.630001,-0.130000,3.310000,294.440002,88.459999,84324.953125,23.44,101.7,24.428572,PM2.5,1197
17.000000,18.950001,2.280000,2.320000,0.210000,59.810001,1.450000,4.070000,293.549988,89.339996,82540.382812,23.45,101.85,24.285715,PM2.5,1198
16.139999,18.280001,2.220000,2.360000,0.220000,60.689999,1.500000,3.070000,295.450012,81.010002,84140.687500,23.45,102.0,23.057142,PM2.5,1199
14.460000,17.389999,2.240000,2.510000,0.240000,58.709999,-0.140000,2.600000,298.100006,71.790001,87564.093750,23.46,102.14,20.657143,PM2.5,1200
14.790000,18.600000,2.520000,2.670000,0.270000,58.549999,-1.520000,2.620000,297.399994,74.599998,86940.031250,23.46,102.29,21.128571,PM2.5,1201
15.800000,20.010000,2.560000,2.650000,0.280000,57.779999,-1.850000,2.940000,295.510010,81.930000,84772.820312,23.46,102.44,22.571428,PM2.5,1202
16.430000,20.920000,2.570000,2.530000,0.280000,57.830002,-1.490000,3.330000,294.510010,86.050003,83733.296875,23.47,102.58,23.471430,PM2.5,1203
16.950001,21.480000,2.700000,2.700000,0.270000,58.730000,-0.690000,4.340000,293.500000,88.480003,82251.429688,23.47,102.73,24.214287,PM2.5,1204
17.510000,21.860001,2.850000,2.740000,0.260000,59.619999,0.360000,4.960000,292.369995,89.930000,80279.953125,23.47,102.88,25.014286,PM2.5,1205
18.559999,23.730000,4.610000,3.950000,0.290000,63.130001,1.370000,4.190000,292.570007,87.250000,79961.593750,23.47,103.02,26.514284,PM2.5,1206
19.770000,26.190001,7.340000,5.390000,0.330000,64.650002,0.530000,3.550000,295.239990,78.489998,83333.117188,23.48,103.17,28.242857,PM2.5,1207
20.760000,27.410000,8.620000,5.670000,0.330000,65.220001,-1.080000,3.250000,295.850006,79.510002,84836.359375,23.48,103.31,29.657143,PM2.5,1208
22.820000,28.860001,8.120000,5.130000,0.300000,65.919998,-0.750000,3.140000,293.130005,88.650002,81593.148438,23.48,103.46,32.599998,PM2.5,1209
22.549999,26.440001,4.350000,2.630000,0.230000,67.870003,0.990000,3.240000,291.839996,91.440002,79764.726562,23.48,103.61,32.214283,PM2.5,1210
23.250000,27.030001,4.080000,2.690000,0.230000,68.529999,2.320000,4.030000,292.369995,89.610001,80197.007812,23.48,103.75,33.214287,PM2.5,1211
23.790001,27.650000,4.280000,2.970000,0.240000,69.199997,2.300000,2.940000,294.179993,82.110001,81919.320312,23.49,103.9,33.985714,PM2.5,1212
25.660000,29.959999,6.300000,4.400000,0.260000,68.480003,0.980000,1.960000,295.570007,79.599998,84137.773438,23.49,104.05,36.657143,PM2.5,1213
28.600000,32.599998,7.010000,5.120000,0.270000,68.040001,0.220000,1.750000,294.910004,85.269997,84180.859375,23.49,104.19,40.857143,PM2.5,1214
30.459999,33.910000,6.820000,5.310000,0.270000,68.309998,0.540000,2.100000,294.570007,86.470001,83895.320312,23.49,104.34,43.514286,PM2.5,1215
31.290001,34.450001,6.370000,4.940000,0.270000,69.389999,0.620000,2.010000,294.899994,87.099998,84683.726562,23.49,104.49,44.700001,PM2.5,1216
33.110001,35.220001,5.700000,4.470000,0.270000,70.599998,0.370000,1.720000,295.179993,88.000000,85441.828125,23.49,104.63,47.299999,PM2.5,1217
33.770000,35.810001,5.310000,4.170000,0.270000,73.000000,0.250000,1.650000,295.410004,89.040001,86135.890625,23.49,104.78,48.242859,PM2.5,1218
34.830002,36.919998,5.610000,4.060000,0.270000,75.599998,0.520000,1.900000,295.500000,89.570000,86388.507812,23.49,104.93,49.757145,PM2.5,1219
36.189999,38.509998,6.570000,4.390000,0.290000,74.000000,0.810000,2.380000,295.510010,88.970001,86233.007812,23.49,105.07,51.487499,PM2.5,1220
36.209999,38.570000,6.620000,4.060000,0.290000,74.470001,0.840000,2.690000,295.140015,88.980003,85577.296875,23.49,105.22,51.512497,PM2.5,1221
36.549999,38.930000,6.590000,3.820000,0.290000,75.180000,1.300000,2.810000,294.500000,91.029999,84791.070312,23.49,105.37,51.937500,PM2.5,1222
35.189999,37.500000,6.300000,3.390000,0.280000,75.940002,1.860000,3.460000,295.179993,89.779999,85806.773438,23.49,105.51,50.237499,PM2.5,1223
32.410000,34.619999,6.060000,2.950000,0.260000,78.650002,1.650000,3.730000,296.750000,86.419998,87984.078125,23.49,105.66,46.299999,PM2.5,1224
15.970000,16.920000,1.900000,1.280000,0.170000,59.340000,1.620000,0.550000,296.839996,83.110001,88453.093750,23.47,98.92,22.814285,PM2.5,1300
16.139999,17.080000,2.040000,1.350000,0.170000,59.720001,1.670000,1.520000,297.010010,82.400002,88688.546875,23.47,99.06,23.057142,PM2.5,1301
16.590000,17.559999,2.290000,1.390000,0.170000,61.740002,2.100000,0.980000,295.380005,86.449997,86004.000000,23.48,99.21,23.700001,PM2.5,1302
16.590000,17.580000,2.510000,1.480000,0.170000,63.570000,2.380000,0.320000,294.720001,87.000000,84609.726562,23.49,99.35,23.700001,PM2.5,1303
16.549999,17.540001,2.390000,1.470000,0.170000,62.450001,2.040000,0.150000,294.799988,85.919998,84585.109375,23.5,99.5,23.642857,PM2.5,1304
17.049999,17.959999,2.410000,1.500000,0.170000,62.910000,1.370000,0.330000,293.809998,89.519997,83261.578125,23.5,99.65,24.357141,PM2.5,1305
17.459999,18.459999,2.700000,1.800000,0.170000,60.849998,0.960000,0.660000,293.959991,87.449997,83195.406250,23.51,99.79,24.942856,PM2.5,1306
17.639999,18.639999,2.680000,1.760000,0.170000,60.220001,0.920000,0.760000,293.269989,89.029999,82016.382812,23.52,99.94,25.199999,PM2.5,1307
17.440001,18.360001,2.570000,1.570000,0.170000,61.430000,1.350000,0.060000,293.489990,88.139999,82273.281250,23.52,100.09,24.914286,PM2.5,1308
16.860001,17.820000,2.640000,1.790000,0.170000,58.730000,1.090000,0.260000,296.220001,78.209999,85933.210938,23.53,100.23,24.085714,PM2.5,1309
17.200001,18.170000,2.730000,1.920000,0.170000,58.369999,0.270000,1.290000,296.829987,77.889999,87244.656250,23.53,100.38,24.571430,PM2.5,1310
18.100000,19.170000,3.220000,2.190000,0.180000,59.529999,0.370000,1.760000,296.260010,80.160004,86375.617188,23.54,100.53,25.857143,PM2.5,1311
17.410000,18.440001,3.180000,2.040000,0.170000,59.779999,0.280000,2.630000,296.170013,81.529999,86453.921875,23.55,100.67,24.871428,PM2.5,1312
16.870001,18.020000,2.660000,1.630000,0.170000,59.529999,0.130000,3.040000,294.899994,85.430000,84395.820312,23.55,100.82,24.100000,PM2.5,1313
17.930000,19.100000,2.630000,1.660000,0.170000,58.959999,0.670000,2.400000,293.149994,90.269997,81925.476562,23.56,100.97,25.614286,PM2.5,1314
17.809999,19.070000,2.600000,1.860000,0.170000,57.669998,0.540000,2.060000,293.940002,88.290001,83200.046875,23.56,101.11,25.442856,PM2.5,1315
17.200001,18.590000,2.360000,2.020000,0.180000,56.950001,0.020000,2.080000,295.589996,84.160004,85671.703125,23.57,101.26,24.571430,PM2.5,1316
16.190001,17.809999,2.400000,2.130000,0.190000,57.700001,-0.610000,3.300000,296.809998,80.570000,87086.046875,23.57,101.41,23.128572,PM2.5,1317
16.740000,18.820000,2.620000,2.530000,0.200000,57.049999,-0.970000,4.290000,295.500000,83.070000,85083.773438,23.57,101.55,23.914286,PM2.5,1318
17.580000,19.879999,2.700000,2.700000,0.220000,59.830002,0.790000,3.880000,293.040009,90.190002,81711.882812,23.58,101.7,25.114286,PM2.5,1319
16.480000,19.219999,2.790000,2.920000,0.240000,61.330002,1.310000,3.140000,295.720001,81.580002,84776.031250,23.58,101.85,23.542856,PM2.5,1320
14.620000,18.219999,2.660000,3.170000,0.260000,59.919998,-0.410000,1.300000,299.130005,70.389999,89380.203125,23.59,101.99,20.885714,PM2.5,1321
14.500000,17.900000,2.400000,2.740000,0.250000,59.470001,-1.440000,1.970000,297.950012,73.529999,87615.960938,23.59,102.14,20.714285,PM2.5,1322
15.670000,19.719999,2.550000,2.760000,0.270000,57.900002,-1.260000,2.860000,295.839996,79.620003,84749.812500,23.59,102.29,22.385714,PM2.5,1323
16.209999,20.450001,2.520000,2.650000,0.280000,57.730000,-0.710000,3.740000,294.510010,83.989998,83030.671875,23.6,102.43,23.157141,PM2.5,1324
16.650000,21.299999,2.460000,2.540000,0.280000,57.389999,0.040000,4.240000,293.649994,86.660004,82041.343750,23.6,102.58,23.785713,PM2.5,1325
16.160000,21.620001,3.110000,3.120000,0.300000,57.980000,0.870000,4.630000,294.799988,82.000000,83127.976562,23.6,102.73,23.085714,PM2.5,1326
16.120001,22.360001,4.080000,3.840000,0.330000,58.639999,0.820000,4.060000,295.600006,76.970001,83542.281250,23.61,102.87,23.028572,PM2.5,1327
18.469999,26.010000,7.240000,6.190000,0.360000,61.360001,0.230000,2.200000,295.140015,78.970001,83200.992188,23.61,103.02,26.385714,PM2.5,1328
19.450001,27.000000,8.760000,6.700000,0.360000,64.470001,-0.670000,2.110000,296.279999,77.209999,85056.351562,23.61,103.17,27.785715,PM2.5,1329
20.139999,27.410000,8.580000,5.990000,0.340000,65.480003,-1.010000,3.390000,295.899994,78.510002,84609.648438,23.61,103.31,28.771427,PM2.5,1330
22.530001,29.250000,8.290000,5.400000,0.320000,67.080002,0.160000,3.990000,292.839996,87.070000,80552.039062,23.62,103.46,32.185715,PM2.5,1331
22.430000,27.049999,5.060000,3.040000,0.250000,69.400002,1.680000,3.570000,292.450012,87.489998,79774.898438,23.62,103.61,32.042858,PM2.5,1332
22.510000,27.559999,4.780000,3.290000,0.260000,69.790001,1.640000,2.580000,294.700012,80.830002,82661.140625,23.62,103.75,32.157143,PM2.5,1333
25.030001,31.000000,5.590000,4.340000,0.290000,70.769997,0.350000,1.020000,295.989990,79.160004,84901.960938,23.62,103.9,35.757145,PM2.5,1334
26.469999,31.650000,6.010000,4.660000,0.280000,70.000000,-0.410000,1.290000,295.660004,81.639999,84735.507812,23.62,104.05,37.814285,PM2.5,1335
28.820000,33.250000,6.620000,5.010000,0.270000,68.650002,-0.030000,2.160000,294.510010,86.209999,83543.421875,23.62,104.19,41.171429,PM2.5,1336
30.639999,34.580002,7.040000,5.330000,0.270000,68.750000,0.460000,2.290000,294.239990,87.489998,83356.812500,23.62,104.34,43.771427,PM2.5,1337
31.430000,34.849998,6.500000,4.750000,0.270000,70.529999,0.470000,2.230000,294.350006,87.669998,83654.593750,23.62,104.49,44.900002,PM2.5,1338
33.080002,35.070000,5.380000,4.060000,0.260000,71.470001,0.340000,2.000000,294.510010,89.250000,84325.421875,23.63,104.63,47.257145,PM2.5,1339
33.709999,35.680000,5.090000,3.940000,0.260000,72.690002,0.440000,2.160000,294.730011,90.209999,84902.132812,23.63,104.78,48.157143,PM2.5,1340
34.889999,36.889999,5.280000,3.880000,0.260000,74.599998,0.800000,2.170000,294.589996,90.809998,84830.296875,23.63,104.93,49.842857,PM2.5,1341
36.020000,38.160000,5.810000,3.980000,0.280000,73.330002,1.080000,2.290000,294.720001,90.410004,85001.406250,23.63,105.07,51.275002,PM2.5,1342
36.490002,38.700001,5.930000,3.810000,0.280000,73.059998,1.430000,2.800000,294.459991,90.250000,84540.328125,23.63,105.22,51.862503,PM2.5,1343
36.400002,38.680000,6.040000,3.490000,0.280000,75.239998,1.960000,3.380000,294.559998,89.900002,84555.937500,23.63,105.37,51.750000,PM2.5,1344
34.799999,37.099998,6.210000,3.510000,0.280000,75.709999,1.740000,3.210000,296.220001,84.930000,86708.796875,23.62,105.51,49.714283,PM2.5,1345
33.169998,35.490002,6.310000,3.600000,0.270000,76.830002,0.830000,2.460000,297.920013,81.250000,89368.507812,23.62,105.66,47.385712,PM2.5,1346
31.980000,34.299999,5.820000,3.480000,0.270000,76.650002,0.400000,2.160000,299.019989,79.169998,91120.203125,23.62,105.81,45.685715,PM2.5,1347
31.270000,33.779999,5.780000,3.470000,0.270000,75.510002,0.410000,2.420000,300.059998,76.120003,92470.296875,23.62,105.95,44.671429,PM2.5,1348
32.090000,34.799999,6.210000,3.400000,0.270000,77.230003,0.200000,3.130000,299.440002,78.320000,91581.492188,23.62,106.1,45.842857,PM2.5,1349
16.379999,17.370001,2.010000,1.320000,0.170000,60.590000,2.040000,-0.450000,295.769989,85.629997,86558.148438,23.6,98.91,23.400000,PM2.5,1426
16.139999,17.160000,2.390000,1.440000,0.170000,62.209999,1.750000,0.590000,296.790009,82.379997,87897.148438,23.61,99.05,23.057142,PM2.5,1427
16.690001,17.770000,2.830000,1.670000,0.170000,63.110001,1.890000,1.260000,296.589996,83.800003,87786.250000,23.62,99.2,23.842857,PM2.5,1428
17.320000,18.450001,3.230000,1.900000,0.180000,63.650002,2.050000,1.190000,295.700012,86.129997,86347.242188,23.62,99.35,24.742857,PM2.5,1429
17.180000,18.250000,2.990000,1.750000,0.170000,62.959999,1.660000,1.060000,295.309998,86.220001,85586.250000,23.63,99.49,24.542858,PM2.5,1430
18.270000,19.290001,2.800000,1.750000,0.170000,61.740002,1.200000,1.040000,293.019989,91.449997,82103.437500,23.64,99.64,26.100000,PM2.5,1431
18.809999,19.850000,3.080000,1.920000,0.180000,61.419998,1.170000,0.720000,291.950012,93.570000,80278.460938,23.64,99.79,26.871428,PM2.5,1432
17.690001,18.700001,2.860000,1.780000,0.170000,60.730000,0.910000,0.470000,293.160004,87.779999,81387.632812,23.65,99.93,25.271429,PM2.5,1433
17.510000,18.469999,2.710000,1.760000,0.170000,61.529999,0.770000,0.040000,293.299988,88.040001,81843.921875,23.66,100.08,25.014286,PM2.5,1434
17.350000,18.320000,2.820000,1.920000,0.170000,59.880001,0.850000,-0.110000,295.220001,81.540001,84619.312500,23.66,100.23,24.785715,PM2.5,1435
17.760000,18.760000,2.820000,2.080000,0.170000,58.500000,0.080000,1.000000,296.589996,78.400002,86797.156250,23.67,100.37,25.371429,PM2.5,1436
19.459999,20.590000,3.180000,2.320000,0.180000,59.570000,-0.380000,1.490000,295.700012,82.150002,85531.953125,23.67,100.52,27.799999,PM2.5,1437
18.889999,19.969999,3.200000,2.200000,0.180000,59.910000,0.170000,2.210000,295.410004,84.779999,85513.632812,23.68,100.67,26.985714,PM2.5,1438
16.920000,18.139999,2.600000,1.600000,0.170000,59.410000,0.540000,2.740000,295.570007,83.360001,85117.296875,23.68,100.81,24.171429,PM2.5,1439
17.770000,18.990000,2.500000,1.620000,0.170000,58.779999,0.530000,2.380000,294.079987,87.300003,82919.726562,23.69,100.96,25.385715,PM2.5,1440
18.070000,19.350000,2.430000,1.840000,0.180000,57.810001,0.150000,1.980000,293.679993,88.550003,82634.406250,23.7,101.11,25.814285,PM2.5,1441
17.480000,18.879999,2.210000,1.970000,0.180000,57.259998,-0.270000,2.060000,295.100006,85.440002,84871.898438,23.7,101.25,24.971428,PM2.5,1442
16.209999,17.820000,2.240000,2.120000,0.190000,57.700001,-0.240000,2.770000,296.829987,80.639999,87130.429688,23.7,101.4,23.157141,PM2.5,1443
17.020000,19.160000,2.430000,2.590000,0.210000,56.720001,0.350000,4.220000,295.010010,84.419998,84248.718750,23.71,101.55,24.314287,PM2.5,1444
17.420000,20.040001,2.770000,2.970000,0.230000,60.560001,0.800000,3.440000,294.309998,85.629997,82743.773438,23.71,101.69,24.885714,PM2.5,1445
15.770000,19.879999,3.090000,3.790000,0.290000,60.349998,-0.300000,1.550000,298.480011,73.959999,88619.296875,23.72,101.84,22.528572,PM2.5,1446
14.180000,18.120001,2.690000,3.340000,0.270000,60.750000,-0.940000,1.530000,299.529999,69.629997,90005.242188,23.72,101.99,20.257143,PM2.5,1447
15.750000,19.360001,2.430000,2.860000,0.260000,60.189999,-0.830000,2.790000,295.760010,80.750000,84517.781250,23.72,102.13,22.500000,PM2.5,1448
16.770000,21.059999,2.620000,2.840000,0.290000,59.450001,-0.590000,3.000000,294.000000,86.480003,82468.492188,23.73,102.28,23.957144,PM2.5,1449
16.490000,21.129999,2.540000,2.860000,0.300000,57.240002,0.060000,3.440000,294.489990,83.550003,82878.882812,23.73,102.43,23.557142,PM2.5,1450
16.490000,21.400000,2.380000,2.660000,0.290000,56.980000,0.560000,3.670000,293.929993,84.440002,82025.773438,23.73,102.58,23.557142,PM2.5,1451
16.570000,23.520000,3.720000,3.950000,0.370000,56.939999,1.000000,2.850000,294.720001,82.110001,83060.343750,23.74,102.72,23.671429,PM2.5,1452
17.320000,26.510000,6.350000,6.140000,0.440000,57.970001,0.790000,1.500000,296.059998,77.860001,84620.250000,23.74,102.87,26.510000,PM10,1453
18.930000,28.340000,9.240000,8.360000,0.430000,61.169998,0.120000,1.240000,295.609985,79.089996,84073.953125,23.74,103.02,28.340000,PM10,1454
19.750000,28.299999,9.680000,8.010000,0.390000,63.860001,-0.220000,2.590000,295.600006,79.739998,84174.179688,23.75,103.16,28.299999,PM10,1455
20.160000,28.309999,8.980000,6.670000,0.380000,65.959999,0.260000,3.620000,295.640015,79.209999,84104.031250,23.75,103.31,28.799999,PM2.5,1456
21.370001,28.940001,8.720000,5.980000,0.350000,68.540001,0.820000,3.260000,294.910004,79.070000,82621.367188,23.75,103.46,30.528572,PM2.5,1457
22.150000,27.840000,5.260000,3.580000,0.280000,70.930000,0.360000,2.080000,294.980011,79.910004,82891.968750,23.75,103.6,31.642857,PM2.5,1458
24.450001,31.420000,5.490000,4.350000,0.310000,71.699997,-0.540000,0.740000,295.480011,81.550003,84384.953125,23.75,103.75,34.928574,PM2.5,1459
25.459999,32.270000,5.740000,4.550000,0.300000,72.180000,-0.840000,0.430000,295.440002,82.029999,84410.093750,23.76,103.9,36.371426,PM2.5,1460
26.930000,32.910000,5.700000,4.680000,0.290000,69.980003,-0.250000,1.430000,294.589996,85.279999,83522.968750,23.76,104.04,38.471428,PM2.5,1461
28.650000,33.869999,6.370000,5.020000,0.280000,69.260002,0.360000,2.270000,294.380005,86.370003,83183.273438,23.76,104.19,40.928570,PM2.5,1462
30.230000,34.919998,6.950000,5.180000,0.280000,70.070000,0.430000,2.460000,294.339996,87.269997,83440.687500,23.76,104.34,43.185715,PM2.5,1463
31.680000,35.779999,6.420000,4.790000,0.270000,70.230003,0.370000,2.700000,294.109985,88.470001,83270.546875,23.76,104.49,45.257145,PM2.5,1464
33.700001,35.689999,5.290000,3.870000,0.260000,71.739998,0.470000,2.690000,294.029999,89.760002,83365.093750,23.76,104.63,48.142857,PM2.5,1465
34.090000,36.049999,5.010000,3.720000,0.260000,73.139999,0.690000,2.890000,294.089996,90.370003,83594.929688,23.76,104.78,48.700001,PM2.5,1466
35.540001,37.549999,5.170000,3.770000,0.260000,74.239998,1.110000,3.030000,293.790009,90.849998,83214.281250,23.76,104.93,50.675003,PM2.5,1467
36.590000,38.680000,5.530000,3.710000,0.270000,74.419998,1.550000,2.990000,294.059998,90.400002,83660.828125,23.76,105.07,51.987499,PM2.5,1468
35.580002,37.680000,5.780000,3.480000,0.270000,76.970001,1.610000,2.990000,295.250000,86.809998,84975.476562,23.76,105.22,50.725002,PM2.5,1469
35.220001,37.430000,5.800000,3.480000,0.280000,76.000000,1.100000,2.920000,296.559998,82.459999,86628.953125,23.76,105.37,50.275002,PM2.5,1470
35.279999,37.560001,6.130000,3.660000,0.280000,76.230003,0.290000,2.410000,296.940002,82.699997,87608.750000,23.76,105.51,50.349998,PM2.5,1471
35.400002,37.740002,6.420000,3.860000,0.280000,77.480003,0.010000,1.830000,297.130005,84.180000,88398.687500,23.76,105.66,50.500000,PM2.5,1472
34.130001,36.500000,6.020000,3.720000,0.270000,78.300003,0.170000,1.620000,298.679993,80.430000,90638.273438,23.76,105.81,48.757145,PM2.5,1473
33.080002,35.599998,6.020000,3.680000,0.270000,78.339996,-0.010000,1.390000,300.410004,76.279999,93279.132812,23.76,105.96,47.257145,PM2.5,1474
32.830002,35.500000,6.460000,3.470000,0.270000,79.980003,-0.000000,1.810000,300.510010,76.400002,93478.382812,23.76,106.1,46.900002,PM2.5,1475
16.549999,17.549999,2.070000,1.240000,0.170000,62.540001,2.270000,-0.840000,294.769989,88.730003,85097.679688,23.73,98.9,23.642857,PM2.5,1554
17.030001,18.059999,2.420000,1.270000,0.170000,64.400002,2.250000,-0.550000,293.929993,90.830002,83748.773438,23.74,99.05,24.328573,PM2.5,1555
17.700001,18.790001,2.870000,1.530000,0.170000,65.680000,2.260000,-0.110000,293.690002,91.199997,83159.679688,23.75,99.19,25.285715,PM2.5,1556
17.900000,19.049999,3.310000,1.920000,0.180000,64.690002,1.620000,0.750000,294.899994,87.169998,84698.796875,23.76,99.34,25.571428,PM2.5,1557
17.790001,18.910000,3.190000,1.950000,0.180000,63.590000,1.010000,1.270000,295.339996,86.610001,85658.156250,23.76,99.49,25.414288,PM2.5,1558
18.150000,19.200001,2.790000,1.840000,0.180000,60.919998,1.220000,1.820000,294.489990,87.580002,84272.882812,23.77,99.63,25.928572,PM2.5,1559
18.889999,19.950001,3.030000,1.990000,0.180000,60.689999,1.190000,1.260000,292.510010,91.660004,80870.703125,23.78,99.78,26.985714,PM2.5,1560
18.540001,19.559999,2.950000,1.900000,0.170000,61.070000,0.970000,0.830000,291.779999,92.440002,79606.757812,23.78,99.93,26.485716,PM2.5,1561
18.520000,19.610001,3.150000,2.060000,0.180000,60.619999,0.770000,0.320000,292.290009,90.400002,80227.312500,23.79,100.07,26.457144,PM2.5,1562
18.170000,19.180000,3.090000,2.090000,0.170000,60.180000,1.020000,0.090000,293.510010,86.269997,81957.976562,23.8,100.22,25.957144,PM2.5,1563
17.930000,18.940001,2.840000,2.090000,0.170000,59.369999,0.750000,0.990000,295.670013,80.110001,85077.992188,23.8,100.37,25.614286,PM2.5,1564
19.700001,20.780001,3.060000,2.260000,0.180000,60.840000,-0.370000,1.370000,295.250000,83.589996,84733.976562,23.81,100.51,28.142859,PM2.5,1565
19.639999,20.690001,3.090000,2.180000,0.180000,60.400002,-0.340000,1.850000,294.839996,86.370003,84498.093750,23.81,100.66,28.057142,PM2.5,1566
17.620001,19.010000,2.550000,1.760000,0.180000,59.200001,0.220000,1.920000,295.529999,83.800003,85196.390625,23.82,100.81,25.171431,PM2.5,1567
17.840000,19.170000,2.410000,1.710000,0.180000,58.889999,0.120000,1.870000,294.570007,85.870003,83511.273438,23.82,100.95,25.485714,PM2.5,1568
18.400000,19.730000,2.290000,1.950000,0.180000,58.290001,-0.230000,2.020000,293.799988,88.269997,82719.328125,23.83,101.1,26.285713,PM2.5,1569
17.430000,18.809999,2.080000,2.060000,0.180000,58.570000,-0.730000,2.220000,295.049988,85.510002,84593.882812,23.83,101.25,24.900000,PM2.5,1570
16.690001,18.209999,2.060000,2.100000,0.190000,58.279999,-0.120000,2.750000,295.619995,83.669998,85387.859375,23.84,101.4,23.842857,PM2.5,1571
17.250000,19.450001,2.380000,2.660000,0.210000,57.950001,1.210000,3.700000,294.500000,85.889999,83449.789062,23.84,101.54,24.642857,PM2.5,1572
16.650000,19.799999,2.680000,3.110000,0.250000,61.189999,0.070000,2.320000,296.489990,79.599998,85675.921875,23.85,101.69,23.785713,PM2.5,1573
15.610000,19.410000,2.620000,3.200000,0.270000,61.970001,-1.420000,1.510000,298.220001,73.650002,88240.429688,23.85,101.84,22.299999,PM2.5,1574
15.580000,19.400000,2.410000,3.130000,0.280000,60.139999,-0.300000,2.630000,296.980011,76.260002,86470.921875,23.86,101.98,22.257143,PM2.5,1575
15.490000,19.330000,2.290000,2.990000,0.280000,59.150002,0.150000,3.210000,296.329987,77.300003,84871.703125,23.86,102.13,22.128571,PM2.5,1576
16.320000,20.670000,2.350000,2.770000,0.300000,58.369999,-0.520000,3.050000,294.720001,82.940002,82987.632812,23.86,102.28,23.314285,PM2.5,1577
16.959999,21.639999,2.290000,2.780000,0.310000,56.930000,0.180000,3.060000,293.359985,86.320000,81180.398438,23.87,102.42,24.228571,PM2.5,1578
16.850000,21.940001,2.240000,2.880000,0.320000,56.369999,0.890000,2.970000,293.410004,85.540001,81141.500000,23.87,102.57,24.071428,PM2.5,1579
17.160000,24.000000,3.480000,3.970000,0.380000,58.320000,0.900000,1.930000,294.559998,82.610001,82656.562500,23.87,102.72,24.514286,PM2.5,1580
18.219999,26.139999,5.710000,5.510000,0.410000,61.110001,0.940000,1.130000,295.200012,80.120003,83334.929688,23.88,102.87,26.139999,PM10,1581
19.610001,28.190001,11.430000,9.800000,0.410000,62.500000,0.750000,1.580000,295.399994,79.139999,83555.242188,23.88,103.01,28.190001,PM10,1582
20.170000,28.820000,12.920000,10.230000,0.400000,63.470001,0.450000,2.510000,295.779999,79.110001,84223.296875,23.88,103.16,28.820000,PM10,1583
20.670000,29.590000,10.340000,7.830000,0.410000,66.620003,0.810000,2.760000,295.989990,78.610001,84490.460938,23.88,103.31,29.590000,PM10,1584
21.740000,29.790001,8.160000,5.910000,0.360000,71.459999,0.420000,1.230000,297.000000,75.480003,85632.773438,23.88,103.45,31.057142,PM2.5,1585
22.639999,29.260000,5.190000,3.990000,0.300000,73.650002,-0.980000,0.940000,296.970001,75.250000,85787.789062,23.89,103.6,32.342857,PM2.5,1586
24.270000,30.910000,5.110000,3.810000,0.300000,72.900002,-1.090000,0.990000,295.119995,81.449997,83583.453125,23.89,103.75,34.671429,PM2.5,1587
26.200001,32.709999,5.220000,3.900000,0.300000,72.000000,-0.140000,1.100000,293.679993,86.260002,81830.898438,23.89,103.9,37.428574,PM2.5,1588
27.350000,33.389999,5.400000,4.190000,0.290000,71.050003,0.520000,1.910000,293.609985,86.809998,81782.398438,23.89,104.04,39.071430,PM2.5,1589
28.870001,34.320000,5.770000,4.460000,0.280000,70.559998,0.580000,2.150000,294.220001,86.709999,82931.742188,23.89,104.19,41.242859,PM2.5,1590
30.330000,35.040001,6.070000,4.530000,0.280000,70.440002,0.430000,2.240000,294.739990,86.279999,83950.140625,23.89,104.34,43.328571,PM2.5,1591
32.119999,36.060001,5.890000,4.420000,0.280000,70.019997,0.460000,2.600000,294.570007,87.220001,83873.101562,23.89,104.48,45.885712,PM2.5,1592
33.389999,36.240002,5.350000,3.850000,0.270000,71.750000,0.760000,2.910000,294.329987,88.290001,83631.703125,23.89,104.63,47.700001,PM2.5,1593
33.520000,36.160000,5.070000,3.680000,0.270000,72.790001,1.140000,3.070000,294.700012,87.510002,84174.726562,23.89,104.78,47.885715,PM2.5,1594
34.000000,36.549999,5.150000,3.560000,0.270000,74.790001,1.230000,3.260000,295.209991,85.709999,84717.312500,23.89,104.93,48.571430,PM2.5,1595
35.410000,37.910000,5.330000,3.540000,0.270000,75.080002,1.070000,2.980000,295.399994,85.550003,85057.093750,23.89,105.07,50.512501,PM2.5,1596
35.630001,38.049999,5.480000,3.490000,0.280000,76.139999,0.690000,2.210000,296.200012,83.650002,86269.148438,23.89,105.22,50.787502,PM2.5,1597
35.509998,37.959999,5.560000,3.450000,0.280000,76.970001,-0.050000,1.250000,297.779999,79.919998,88644.226562,23.89,105.37,50.637497,PM2.5,1598
35.529999,37.950001,5.910000,3.470000,0.280000,78.699997,-0.530000,1.450000,297.959991,80.680000,89256.976562,23.89,105.52,50.662498,PM2.5,1599
36.650002,38.919998,6.210000,3.580000,0.270000,80.139999,-0.390000,1.950000,297.170013,84.610001,88461.671875,23.89,105.66,52.062500,PM2.5,1600
36.400002,38.779999,6.220000,3.640000,0.280000,80.940002,-0.310000,1.650000,298.260010,82.489998,90216.210938,23.89,105.81,51.750000,PM2.5,1601
35.889999,38.430000,6.660000,3.550000,0.280000,83.260002,-0.610000,0.960000,300.100006,78.720001,93202.781250,23.89,105.96,51.112499,PM2.5,1602
35.700001,38.410000,7.370000,3.650000,0.280000,85.199997,-0.730000,1.050000,300.959991,77.160004,94706.382812,23.89,106.1,50.875000,PM2.5,1603
16.340000,17.330000,2.090000,1.100000,0.160000,61.869999,2.840000,-1.060000,294.660004,89.519997,84999.976562,23.86,98.74,23.342857,PM2.5,1683
16.549999,17.570000,2.180000,1.220000,0.170000,62.450001,2.560000,-0.320000,295.029999,87.449997,85124.492188,23.87,98.89,23.642857,PM2.5,1684
17.469999,18.540001,2.520000,1.470000,0.170000,64.879997,2.010000,-0.160000,294.049988,90.389999,83848.382812,23.88,99.04,24.957142,PM2.5,1685
18.990000,20.110001,2.710000,1.730000,0.180000,63.680000,2.270000,-0.490000,292.160004,93.949997,80854.210938,23.88,99.18,27.128571,PM2.5,1686
19.000000,20.100000,2.770000,1.720000,0.180000,63.369999,2.340000,0.340000,292.489990,93.269997,81017.007812,23.89,99.33,27.142857,PM2.5,1687
18.770000,19.830000,2.740000,1.760000,0.180000,62.990002,1.540000,1.100000,292.970001,91.930000,81695.976562,23.9,99.48,26.814287,PM2.5,1688
18.280001,19.309999,2.650000,1.850000,0.180000,61.439999,1.230000,1.590000,294.220001,88.699997,83735.742188,23.91,99.63,26.114286,PM2.5,1689
17.209999,18.200001,2.610000,1.760000,0.170000,61.490002,1.470000,1.830000,294.880005,85.360001,84140.976562,23.91,99.77,24.585712,PM2.5,1690
17.780001,18.770000,2.720000,1.850000,0.170000,61.220001,1.130000,1.750000,293.250000,88.660004,81407.820312,23.92,99.92,25.400002,PM2.5,1691
19.400000,20.650000,3.840000,2.430000,0.180000,60.919998,0.710000,1.310000,291.880005,90.879997,79453.382812,23.92,100.07,27.714285,PM2.5,1692
18.730000,19.809999,3.400000,2.200000,0.180000,61.200001,1.280000,0.740000,291.890015,91.529999,79438.031250,23.93,100.21,26.757143,PM2.5,1693
17.870001,18.889999,2.830000,2.080000,0.170000,58.590000,1.510000,1.280000,295.040009,80.059998,83539.046875,23.94,100.36,25.528572,PM2.5,1694
19.090000,20.110001,2.830000,2.150000,0.180000,60.720001,0.030000,1.590000,295.480011,81.930000,84629.796875,23.94,100.51,27.271429,PM2.5,1695
20.070000,21.100000,2.880000,2.140000,0.180000,60.889999,-0.840000,1.800000,294.640015,85.540001,83743.320312,23.95,100.65,28.671429,PM2.5,1696
18.959999,20.549999,2.510000,1.950000,0.180000,60.200001,-0.340000,1.750000,294.809998,85.230003,83997.117188,23.95,100.8,27.085712,PM2.5,1697
18.750000,20.209999,2.370000,1.850000,0.180000,60.299999,-0.050000,1.560000,293.850006,88.199997,82507.296875,23.96,100.95,26.785715,PM2.5,1698
17.969999,19.309999,2.150000,1.950000,0.180000,60.169998,-0.490000,2.020000,294.760010,85.669998,83869.218750,23.96,101.1,25.671427,PM2.5,1699
17.150000,18.459999,1.970000,2.020000,0.180000,59.970001,-0.880000,2.620000,295.209991,83.739998,84385.773438,23.97,101.24,24.500000,PM2.5,1700
17.610001,19.080000,1.940000,2.030000,0.190000,59.430000,0.490000,3.120000,293.450012,87.720001,81619.679688,23.97,101.39,25.157145,PM2.5,1701
17.280001,19.559999,2.320000,2.670000,0.220000,59.799999,1.160000,3.690000,294.649994,84.629997,83166.953125,23.98,101.54,24.685715,PM2.5,1702
16.490000,19.930000,2.720000,3.400000,0.270000,61.400002,-0.650000,2.690000,297.220001,76.430000,86483.796875,23.98,101.68,23.557142,PM2.5,1703
17.320000,21.020000,2.730000,3.330000,0.290000,62.220001,-1.040000,3.180000,294.940002,83.239998,83541.562500,23.99,101.83,24.742857,PM2.5,1704
17.420000,21.520000,2.530000,3.510000,0.310000,59.130001,0.180000,3.540000,294.190002,84.070000,82411.320312,23.99,101.98,24.885714,PM2.5,1705
15.660000,20.030001,2.420000,3.480000,0.320000,58.770000,0.110000,2.730000,296.609985,76.309998,85349.953125,23.99,102.13,22.371428,PM2.5,1706
16.020000,20.850000,2.470000,3.220000,0.330000,58.380001,-0.290000,3.030000,295.470001,79.199997,83659.296875,24.0,102.27,22.885715,PM2.5,1707
17.190001,22.410000,2.480000,3.280000,0.350000,57.299999,0.350000,3.150000,293.059998,86.139999,80433.320312,24.0,102.42,24.557144,PM2.5,1708
17.030001,23.320000,2.720000,3.740000,0.390000,57.680000,0.750000,2.690000,293.489990,84.970001,80948.437500,24.0,102.57,24.328573,PM2.5,1709
17.879999,26.180000,4.360000,5.550000,0.470000,60.139999,0.430000,1.780000,294.619995,82.000000,82455.343750,24.01,102.72,26.180000,PM10,1710
19.590000,29.010000,6.090000,7.120000,0.510000,61.730000,0.710000,1.390000,294.170013,82.889999,82021.632812,24.01,102.86,29.010000,PM10,1711
20.070000,29.620001,9.960000,9.700000,0.490000,64.260002,0.980000,1.360000,295.190002,79.510002,83166.593750,24.01,103.01,29.620001,PM10,1712
20.209999,29.730000,11.830000,10.270000,0.450000,65.900002,0.720000,1.640000,296.290009,77.360001,84823.906250,24.01,103.16,29.730000,PM10,1713
21.600000,31.719999,9.840000,7.710000,0.450000,70.339996,0.860000,1.730000,296.000000,78.150002,84341.476562,24.02,103.31,31.719999,PM10,1714
22.629999,31.790001,8.030000,5.840000,0.400000,76.500000,0.320000,0.440000,297.260010,75.190002,86095.156250,24.02,103.45,32.328571,PM2.5,1715
22.490000,29.330000,5.270000,3.930000,0.320000,76.010002,-0.570000,1.040000,297.549988,73.279999,86449.406250,24.02,103.6,32.128571,PM2.5,1716
24.740000,31.469999,5.060000,3.650000,0.310000,74.379997,-0.240000,1.880000,294.420013,81.989998,82189.046875,24.02,103.75,35.342857,PM2.5,1717
27.040001,33.720001,5.150000,3.670000,0.310000,73.349998,0.750000,2.080000,292.519989,88.000000,79753.507812,24.02,103.89,38.628574,PM2.5,1718
27.930000,34.470001,5.420000,4.130000,0.310000,71.739998,0.950000,2.100000,293.350006,87.129997,81254.757812,24.03,104.04,39.900002,PM2.5,1719
28.750000,34.650002,5.570000,4.300000,0.300000,71.230003,0.430000,1.860000,294.670013,85.360001,83290.343750,24.03,104.19,41.071430,PM2.5,1720
30.490000,35.330002,5.590000,4.270000,0.290000,70.680000,0.370000,1.980000,294.950012,85.889999,84128.093750,24.03,104.34,43.557144,PM2.5,1721
32.080002,36.139999,5.490000,4.200000,0.290000,69.970001,0.550000,2.310000,295.100006,86.019997,84601.070312,24.03,104.48,45.828575,PM2.5,1722
33.330002,36.599998,5.200000,3.880000,0.280000,71.239998,0.720000,2.660000,294.869995,86.930000,84446.500000,24.03,104.63,47.614288,PM2.5,1723
33.980000,37.090000,5.080000,3.700000,0.280000,72.559998,1.140000,2.570000,295.000000,86.860001,84654.226562,24.03,104.78,48.542858,PM2.5,1724
34.070000,37.060001,5.130000,3.600000,0.280000,74.059998,1.150000,2.380000,295.980011,84.059998,85875.210938,24.03,104.93,48.671429,PM2.5,1725
35.509998,38.400002,5.490000,3.420000,0.280000,75.059998,0.630000,2.050000,296.140015,84.300003,86236.828125,24.03,105.07,50.637497,PM2.5,1726
36.680000,39.439999,5.530000,3.280000,0.280000,76.269997,0.400000,1.600000,296.339996,84.160004,86671.046875,24.03,105.22,52.099998,PM2.5,1727
36.770000,39.490002,5.710000,2.990000,0.280000,79.779999,-0.050000,0.490000,298.100006,80.580002,89435.546875,24.03,105.37,52.212502,PM2.5,1728
37.040001,39.680000,6.000000,2.730000,0.270000,81.370003,-0.580000,0.730000,298.890015,79.839996,91122.132812,24.03,105.52,52.550003,PM2.5,1729
36.990002,39.250000,6.210000,3.060000,0.270000,81.230003,-0.760000,1.840000,298.410004,81.169998,90225.343750,24.03,105.66,52.487503,PM2.5,1730
38.349998,40.770000,6.630000,3.120000,0.280000,82.989998,-0.930000,1.590000,298.609985,82.889999,91045.890625,24.03,105.81,54.187500,PM2.5,1731
39.029999,41.799999,7.810000,3.150000,0.280000,86.029999,-1.310000,1.100000,300.049988,80.529999,93480.460938,24.03,105.96,55.037498,PM2.5,1732
12.840000,13.730000,1.430000,0.910000,0.150000,55.320000,5.030000,-0.680000,296.709991,83.220001,88890.156250,23.93,97.56,18.342857,PM2.5,1816
12.940000,13.860000,1.580000,1.070000,0.150000,55.709999,3.970000,-0.480000,298.029999,78.360001,90448.992188,23.94,97.71,18.485714,PM2.5,1817
16.430000,17.420000,2.270000,1.260000,0.170000,63.099998,2.720000,0.240000,295.269989,86.120003,85243.906250,24.0,98.88,23.471430,PM2.5,1818
18.020000,19.049999,2.500000,1.540000,0.170000,63.599998,1.980000,0.700000,293.529999,91.540001,83052.382812,24.01,99.03,25.742857,PM2.5,1819
19.500000,20.590000,2.720000,1.850000,0.180000,61.820000,2.540000,0.650000,291.929993,94.059998,80194.703125,24.02,99.18,27.857143,PM2.5,1820
18.650000,19.750000,2.920000,1.900000,0.180000,62.049999,2.680000,0.840000,293.720001,87.120003,81964.367188,24.03,99.32,26.642857,PM2.5,1821
18.740000,19.830000,2.820000,1.930000,0.180000,61.410000,1.680000,1.250000,293.700012,87.989998,82111.703125,24.03,99.47,26.771429,PM2.5,1822
19.379999,20.389999,2.610000,1.920000,0.180000,61.000000,1.190000,0.880000,292.059998,93.860001,80233.179688,24.04,99.62,27.685713,PM2.5,1823
17.930000,18.930000,2.560000,1.950000,0.170000,61.040001,1.320000,1.380000,294.320007,86.279999,83080.890625,24.05,99.76,25.614286,PM2.5,1824
16.809999,17.809999,2.600000,1.980000,0.170000,61.240002,1.410000,1.800000,296.079987,79.849998,85167.140625,24.05,99.91,24.014284,PM2.5,1825
17.900000,18.990000,2.940000,2.080000,0.170000,59.630001,0.870000,1.940000,294.209991,84.480003,82330.132812,24.06,100.06,25.571428,PM2.5,1826
19.010000,20.059999,2.800000,1.990000,0.170000,60.139999,0.920000,1.600000,291.790009,91.599998,79267.273438,24.07,100.21,27.157143,PM2.5,1827
18.240000,19.280001,2.570000,1.990000,0.170000,57.740002,1.710000,1.650000,294.100006,83.480003,82255.203125,24.07,100.35,26.057142,PM2.5,1828
18.200001,19.190001,2.510000,2.050000,0.170000,59.180000,0.390000,1.920000,295.989990,78.779999,84864.968750,24.08,100.5,26.000002,PM2.5,1829
19.680000,20.620001,2.580000,2.060000,0.180000,62.070000,-0.880000,1.520000,294.769989,84.599998,83645.476562,24.08,100.65,28.114286,PM2.5,1830
19.410000,21.059999,2.490000,2.080000,0.190000,62.080002,-0.520000,1.480000,294.600006,85.400002,83504.382812,24.09,100.8,27.728571,PM2.5,1831
19.040001,20.600000,2.300000,1.970000,0.190000,61.369999,-0.430000,1.580000,294.149994,87.080002,82811.703125,24.09,100.94,27.200001,PM2.5,1832
17.750000,19.209999,2.120000,2.040000,0.190000,60.740002,-0.750000,2.080000,295.450012,82.949997,84502.750000,24.1,101.09,25.357143,PM2.5,1833
17.540001,18.879999,1.910000,1.810000,0.180000,60.750000,-0.380000,2.660000,294.350006,84.949997,82703.359375,24.1,101.24,25.057144,PM2.5,1834
18.120001,19.600000,1.890000,1.790000,0.190000,61.150002,1.150000,2.980000,292.600006,88.580002,79863.476562,24.11,101.39,25.885715,PM2.5,1835
16.610001,18.809999,2.170000,2.680000,0.220000,60.090000,0.780000,3.740000,296.440002,76.089996,84565.250000,24.11,101.53,23.728573,PM2.5,1836
16.639999,20.080000,2.760000,3.680000,0.280000,60.910000,-0.070000,4.200000,297.029999,75.330002,85778.187500,24.12,101.68,23.771427,PM2.5,1837
17.610001,21.540001,2.980000,3.800000,0.310000,61.419998,0.140000,4.470000,294.679993,81.180000,82174.601562,24.12,101.83,25.157145,PM2.5,1838
17.700001,22.330000,2.900000,4.200000,0.350000,59.029999,-0.480000,3.750000,294.320007,82.930000,82132.632812,24.12,101.98,25.285715,PM2.5,1839
16.850000,21.980000,2.840000,4.400000,0.380000,59.139999,-0.580000,2.660000,295.149994,80.480003,83440.132812,24.13,102.12,24.071428,PM2.5,1840
16.680000,22.450001,2.930000,4.260000,0.390000,59.360001,-0.130000,2.820000,294.660004,81.500000,82495.742188,24.13,102.27,23.828571,PM2.5,1841
17.370001,23.840000,3.000000,4.410000,0.420000,57.639999,0.300000,2.980000,293.399994,84.800003,80809.539062,24.14,102.42,24.814287,PM2.5,1842
17.549999,25.719999,3.420000,5.100000,0.490000,58.220001,0.460000,2.660000,293.450012,84.739998,80736.328125,24.14,102.57,25.719999,PM10,1843
18.969999,28.950001,5.080000,7.200000,0.580000,60.130001,0.350000,2.030000,293.660004,83.830002,81050.117188,24.14,102.71,28.950001,PM10,1844
20.270000,30.610001,6.080000,8.210000,0.590000,61.009998,0.670000,1.920000,292.820007,85.330002,79737.562500,24.14,102.86,30.610001,PM10,1845
20.570000,30.680000,7.570000,8.390000,0.540000,65.580002,0.870000,1.790000,293.450012,83.739998,80612.421875,24.15,103.01,30.680000,PM10,1846
20.600000,30.809999,8.380000,7.960000,0.500000,70.989998,0.700000,1.620000,295.579987,78.459999,83654.507812,24.15,103.16,30.809999,PM10,1847
22.309999,32.840000,7.750000,6.260000,0.470000,76.290001,0.370000,1.200000,295.779999,78.980003,84067.828125,24.15,103.3,32.840000,PM10,1848
24.030001,33.669998,6.720000,5.090000,0.430000,79.570000,-0.070000,0.810000,296.049988,78.330002,84605.132812,24.15,103.45,34.328571,PM2.5,1849
24.110001,31.100000,5.110000,3.830000,0.340000,78.000000,-0.130000,1.150000,296.260010,77.199997,84915.007812,24.16,103.6,34.442860,PM2.5,1850
25.139999,32.020000,4.930000,3.500000,0.330000,75.379997,0.470000,1.760000,294.500000,81.410004,82258.218750,24.16,103.75,35.914284,PM2.5,1851
26.750000,33.490002,4.970000,3.430000,0.320000,74.199997,1.080000,1.780000,293.399994,84.690002,80736.093750,24.16,103.89,38.214287,PM2.5,1852
27.379999,34.060001,5.330000,3.890000,0.330000,73.699997,0.750000,1.310000,294.679993,83.230003,82768.476562,24.16,104.04,39.114285,PM2.5,1853
28.650000,34.939999,5.540000,4.120000,0.320000,73.300003,0.340000,1.350000,295.250000,83.209999,83957.906250,24.16,104.19,40.928570,PM2.5,1854
30.620001,35.610001,5.320000,4.000000,0.300000,71.849998,0.610000,1.870000,294.959991,85.320000,83864.132812,24.16,104.34,43.742859,PM2.5,1855
31.980000,36.180000,5.220000,3.930000,0.290000,71.230003,0.820000,2.050000,295.459991,84.889999,84907.562500,24.16,104.48,45.685715,PM2.5,1856
33.410000,36.970001,5.050000,3.830000,0.290000,71.239998,0.770000,2.320000,295.410004,85.660004,85148.953125,24.16,104.63,47.728573,PM2.5,1857
34.759998,38.250000,5.070000,3.680000,0.290000,72.529999,1.020000,2.530000,295.100006,86.849998,84862.156250,24.16,104.78,49.657139,PM2.5,1858
35.070000,38.439999,5.200000,3.550000,0.290000,74.309998,1.070000,2.160000,296.109985,83.809998,85999.742188,24.16,104.93,50.087502,PM2.5,1859
35.810001,39.070000,5.910000,3.350000,0.290000,77.370003,0.490000,1.680000,296.950012,82.080002,87399.656250,24.16,105.07,51.012501,PM2.5,1860
13.410000,14.310000,1.680000,1.030000,0.150000,56.830002,5.220000,-1.250000,296.489990,83.730003,88366.890625,24.07,97.7,19.157143,PM2.5,1950
15.110000,16.170000,2.210000,1.700000,0.160000,56.500000,3.810000,0.220000,296.809998,83.459999,88908.843750,24.08,97.84,21.585714,PM2.5,1951
16.139999,17.299999,2.500000,2.000000,0.170000,56.529999,3.690000,0.580000,296.260010,85.720001,88258.343750,24.09,97.99,23.057142,PM2.5,1952
16.070000,17.240000,2.590000,1.950000,0.170000,57.320000,4.100000,0.340000,296.369995,84.680000,88087.039062,24.1,98.14,22.957142,PM2.5,1953
16.150000,17.129999,2.240000,1.180000,0.160000,63.270000,3.560000,-1.470000,294.489990,89.860001,84686.593750,24.12,98.58,23.071428,PM2.5,1954
16.400000,17.340000,2.370000,1.270000,0.160000,63.980000,3.340000,-1.110000,294.859985,86.459999,84403.773438,24.13,98.73,23.428572,PM2.5,1955
17.820000,18.790001,2.500000,1.520000,0.170000,63.360001,2.460000,1.970000,293.850006,89.910004,82917.468750,24.15,99.02,25.457142,PM2.5,1956
18.260000,19.270000,2.600000,1.690000,0.170000,61.900002,2.970000,1.370000,293.600006,88.519997,81875.492188,24.15,99.17,26.085714,PM2.5,1957
17.719999,18.780001,3.020000,1.930000,0.180000,63.060001,2.300000,0.890000,295.600006,80.650002,84021.882812,24.16,99.32,25.314285,PM2.5,1958
17.670000,18.760000,2.980000,2.100000,0.180000,61.540001,1.010000,1.590000,296.380005,78.400002,85362.906250,24.17,99.46,25.242857,PM2.5,1959
18.889999,19.870001,2.640000,1.920000,0.170000,61.689999,1.080000,1.310000,292.839996,90.500000,80845.289062,24.17,99.61,26.985714,PM2.5,1960
19.450001,20.459999,2.630000,2.060000,0.180000,60.790001,1.230000,0.970000,291.750000,93.430000,79249.757812,24.18,99.76,27.785715,PM2.5,1961
18.190001,19.209999,2.610000,2.090000,0.170000,61.310001,0.980000,1.370000,294.359985,85.589996,82861.882812,24.19,99.91,25.985716,PM2.5,1962
17.459999,18.500000,2.600000,1.980000,0.170000,59.709999,0.950000,1.930000,295.059998,83.180000,83704.773438,24.19,100.05,24.942856,PM2.5,1963
18.790001,19.830000,2.590000,1.940000,0.170000,58.669998,1.110000,2.340000,292.540009,88.709999,79991.007812,24.2,100.2,26.842859,PM2.5,1964
18.879999,19.920000,2.490000,2.010000,0.170000,56.660000,1.660000,2.630000,292.899994,86.169998,80233.476562,24.21,100.35,26.971428,PM2.5,1965
17.670000,18.670000,2.470000,2.030000,0.170000,57.939999,0.700000,2.190000,296.170013,76.889999,84573.101562,24.21,100.5,25.242857,PM2.5,1966
19.260000,20.200001,2.480000,2.060000,0.170000,61.680000,-0.530000,1.460000,295.029999,81.910004,83545.929688,24.22,100.64,27.514286,PM2.5,1967
20.020000,21.760000,2.570000,2.170000,0.190000,63.279999,-0.250000,1.350000,293.709991,87.389999,81987.203125,24.22,100.79,28.600000,PM2.5,1968
18.920000,20.600000,2.360000,2.040000,0.190000,63.200001,-0.370000,1.530000,295.029999,84.139999,83861.453125,24.23,100.94,27.028572,PM2.5,1969
18.299999,19.910000,2.140000,2.060000,0.190000,62.490002,-0.550000,2.360000,294.850006,83.470001,83311.046875,24.23,101.09,26.142857,PM2.5,1970
18.700001,20.160000,1.910000,1.770000,0.190000,62.110001,0.490000,2.690000,292.500000,88.690002,79772.523438,24.24,101.23,26.714287,PM2.5,1971
18.450001,20.120001,1.910000,1.850000,0.200000,62.459999,1.190000,2.350000,293.609985,84.550003,80719.179688,24.24,101.38,26.357143,PM2.5,1972
16.600000,18.750000,2.080000,2.640000,0.220000,61.820000,0.370000,2.890000,297.049988,74.230003,85217.320312,24.25,101.53,23.714287,PM2.5,1973
16.360001,19.809999,2.690000,3.760000,0.290000,60.610001,0.390000,4.320000,297.579987,72.910004,85978.046875,24.25,101.68,23.371429,PM2.5,1974
16.129999,20.639999,3.080000,4.360000,0.350000,60.290001,0.190000,2.990000,297.690002,72.589996,85938.117188,24.26,101.82,23.042856,PM2.5,1975
16.760000,21.840000,3.030000,4.610000,0.380000,59.889999,-0.810000,3.080000,296.170013,77.169998,84279.906250,24.26,101.97,23.942858,PM2.5,1976
17.450001,23.049999,3.020000,4.850000,0.410000,60.980000,-0.460000,2.960000,293.850006,84.010002,81426.000000,24.26,102.12,24.928572,PM2.5,1977
17.590000,24.879999,3.430000,5.360000,0.460000,60.310001,0.180000,2.540000,293.579987,84.199997,81042.179688,24.27,102.27,25.128572,PM2.5,1978
17.719999,26.340000,3.850000,6.080000,0.510000,59.250000,0.330000,2.300000,293.700012,83.739998,81004.757812,24.27,102.41,26.340000,PM10,1979
19.040001,31.580000,7.020000,9.770000,0.730000,58.299999,0.310000,2.500000,293.679993,83.620003,80882.296875,24.27,102.56,31.580000,PM10,1980
20.200001,32.959999,7.410000,10.190000,0.750000,60.410000,0.090000,2.630000,293.429993,83.529999,80720.546875,24.28,102.71,32.959999,PM10,1981
21.090000,32.369999,6.550000,8.630000,0.670000,63.450001,0.470000,2.840000,292.119995,85.500000,79076.273438,24.28,102.86,32.369999,PM10,1982
21.410000,32.000000,7.070000,8.080000,0.600000,67.029999,0.740000,2.670000,292.470001,84.849998,79208.351562,24.28,103.01,32.000000,PM10,1983
21.959999,32.599998,7.410000,7.510000,0.560000,71.970001,0.360000,1.900000,294.329987,81.790001,81927.953125,24.28,103.15,32.599998,PM10,1984
23.459999,34.380001,7.950000,6.800000,0.540000,76.830002,-0.060000,1.180000,295.100006,80.809998,83243.773438,24.29,103.3,34.380001,PM10,1985
24.600000,34.430000,7.130000,5.620000,0.480000,78.500000,-0.260000,1.360000,295.140015,80.250000,83249.046875,24.29,103.45,35.142857,PM2.5,1986
25.510000,32.919998,5.270000,3.780000,0.380000,78.529999,-0.220000,1.070000,294.480011,82.330002,82506.757812,24.29,103.6,36.442856,PM2.5,1987
26.670000,33.720001,4.880000,3.360000,0.360000,76.279999,0.160000,0.740000,293.660004,85.669998,81629.968750,24.29,103.74,38.099998,PM2.5,1988
27.129999,33.630001,4.840000,3.000000,0.340000,76.860001,0.830000,0.490000,294.160004,84.949997,82218.859375,24.29,103.89,38.757141,PM2.5,1989
27.490000,33.680000,5.110000,3.260000,0.340000,78.480003,0.560000,0.320000,296.010010,80.470001,84755.421875,24.29,104.04,39.271427,PM2.5,1990
28.860001,34.590000,5.160000,3.340000,0.330000,77.820000,0.340000,0.800000,296.179993,80.680000,85217.507812,24.3,104.19,41.228573,PM2.5,1991
30.719999,35.750000,5.060000,3.490000,0.320000,74.809998,0.770000,1.470000,295.320007,83.839996,84151.906250,24.3,104.33,43.885712,PM2.5,1992
31.750000,36.250000,5.060000,3.550000,0.310000,74.309998,0.880000,1.760000,295.700012,83.779999,84911.640625,24.3,104.48,45.357143,PM2.5,1993
32.630001,36.650002,5.070000,3.560000,0.300000,74.839996,0.740000,1.830000,296.190002,83.360001,85988.632812,24.3,104.63,46.614288,PM2.5,1994
33.529999,37.570000,5.050000,3.520000,0.300000,74.040001,0.550000,2.010000,296.809998,81.930000,87032.953125,24.3,104.78,47.899998,PM2.5,1995
34.549999,38.470001,5.300000,3.350000,0.300000,76.250000,0.160000,1.600000,297.559998,80.430000,88217.609375,24.3,104.93,49.357143,PM2.5,1996
36.389999,40.090000,6.020000,2.800000,0.290000,81.440002,-0.440000,1.120000,298.269989,79.860001,89586.578125,24.3,105.07,51.737499,PM2.5,1997
14.830000,15.880000,2.140000,1.540000,0.160000,56.799999,4.110000,-1.060000,296.640015,82.160004,87964.359375,24.21,97.83,21.185715,PM2.5,2089
16.160000,17.299999,2.620000,1.970000,0.170000,58.250000,3.040000,0.300000,296.619995,83.519997,88344.429688,24.22,97.98,23.085714,PM2.5,2090
16.559999,17.770000,2.820000,2.140000,0.170000,57.939999,3.180000,0.730000,297.160004,81.980003,89030.007812,24.23,98.13,23.657143,PM2.5,2091
16.549999,17.660000,2.570000,1.890000,0.170000,58.480000,2.700000,0.800000,296.850006,83.580002,88735.726562,24.24,98.28,23.642857,PM2.5,2092
17.010000,18.059999,2.450000,1.740000,0.170000,59.380001,2.430000,0.650000,295.429993,88.110001,86683.742188,24.25,98.42,24.300001,PM2.5,2093
17.469999,18.490000,2.520000,1.470000,0.170000,61.919998,2.630000,-0.650000,293.299988,93.279999,83274.257812,24.26,98.57,24.957142,PM2.5,2094
18.590000,19.570000,2.690000,1.410000,0.170000,65.410004,3.120000,-1.720000,291.459991,95.379997,79416.312500,24.26,98.72,26.557142,PM2.5,2095
18.020000,18.980000,2.780000,1.650000,0.170000,64.830002,2.520000,-0.520000,293.519989,87.730003,81497.648438,24.27,98.86,25.742857,PM2.5,2096
16.790001,17.770000,2.770000,1.930000,0.170000,62.930000,1.210000,1.790000,297.279999,75.589996,86444.953125,24.28,99.01,23.985716,PM2.5,2097
17.290001,18.299999,2.850000,2.070000,0.180000,62.810001,1.530000,1.480000,297.040009,76.570000,86315.757812,24.29,99.16,24.700001,PM2.5,2098
18.190001,19.250000,3.040000,2.160000,0.180000,62.450001,2.180000,1.090000,295.989990,79.940002,84849.093750,24.29,99.31,25.985716,PM2.5,2099
17.700001,18.760000,2.990000,2.190000,0.180000,61.759998,1.610000,1.410000,296.660004,78.610001,85706.796875,24.3,99.46,25.285715,PM2.5,2100
17.799999,18.790001,2.630000,2.100000,0.180000,61.009998,1.080000,1.850000,295.540009,81.870003,84271.312500,24.31,99.6,25.428570,PM2.5,2101
19.330000,20.350000,2.660000,2.140000,0.180000,60.570000,1.270000,1.350000,292.500000,90.750000,80117.296875,24.32,99.75,27.614286,PM2.5,2102
19.530001,20.580000,2.730000,2.200000,0.180000,60.599998,1.180000,1.140000,292.230011,91.389999,79632.203125,24.32,99.9,27.900002,PM2.5,2103
19.490000,20.740000,3.730000,2.640000,0.190000,60.889999,1.160000,1.670000,293.709991,87.489998,81830.046875,24.33,100.05,27.842857,PM2.5,2104
19.190001,20.389999,3.370000,2.460000,0.180000,58.740002,1.420000,2.440000,293.790009,85.669998,81645.953125,24.33,100.19,27.414286,PM2.5,2105
18.410000,19.500000,2.770000,2.180000,0.180000,57.180000,1.150000,3.250000,294.480011,81.639999,82035.992188,24.34,100.34,26.299999,PM2.5,2106
17.879999,18.920000,2.620000,2.200000,0.180000,57.240002,0.390000,2.470000,295.869995,78.180000,84292.453125,24.35,100.49,25.542856,PM2.5,2107
19.610001,20.570000,2.580000,2.230000,0.180000,61.750000,0.150000,1.800000,293.750000,85.570000,81543.156250,24.35,100.64,28.014286,PM2.5,2108
21.170000,23.330000,3.540000,2.830000,0.210000,63.520000,0.230000,2.060000,292.609985,89.019997,79987.273438,24.36,100.78,30.242857,PM2.5,2109
19.910000,22.090000,3.240000,2.560000,0.210000,64.680000,-0.140000,1.920000,294.809998,83.339996,83159.703125,24.36,100.93,28.442858,PM2.5,2110
19.230000,20.930000,2.090000,1.810000,0.190000,61.910000,0.050000,2.790000,293.339996,86.470001,81028.398438,24.37,101.08,27.471428,PM2.5,2111
19.490000,21.160000,1.970000,1.810000,0.190000,63.500000,0.660000,2.740000,292.450012,88.820000,79308.109375,24.37,101.23,27.842857,PM2.5,2112
18.389999,20.500000,2.040000,2.130000,0.220000,63.610001,0.650000,1.400000,295.450012,79.820000,83126.679688,24.38,101.38,26.271427,PM2.5,2113
16.799999,19.360001,2.190000,2.730000,0.240000,62.230000,-0.180000,2.120000,297.309998,74.379997,85691.718750,24.38,101.52,23.999998,PM2.5,2114
16.209999,19.850000,2.530000,3.570000,0.300000,60.349998,-0.730000,3.400000,297.980011,72.239998,86554.140625,24.39,101.67,23.157141,PM2.5,2115
16.170000,20.830000,2.720000,4.160000,0.350000,60.560001,-0.460000,2.060000,297.600006,73.070000,86199.406250,24.39,101.82,23.100000,PM2.5,2116
16.940001,22.410000,2.810000,4.670000,0.390000,59.919998,-0.200000,2.940000,295.660004,78.269997,83553.992188,24.39,101.97,24.200001,PM2.5,2117
17.540001,24.230000,3.040000,5.450000,0.450000,60.310001,-0.100000,3.200000,293.959991,82.900002,81280.843750,24.4,102.11,25.057144,PM2.5,2118
18.139999,28.049999,3.850000,6.670000,0.540000,59.549999,0.180000,2.510000,293.160004,84.669998,80279.203125,24.4,102.26,28.049999,PM10,2119
18.540001,31.010000,4.870000,8.510000,0.620000,60.000000,0.420000,1.940000,293.119995,85.199997,80211.046875,24.4,102.41,31.010000,PM10,2120
21.940001,45.220001,14.890000,21.820000,1.220000,52.470001,0.640000,2.290000,293.429993,84.040001,80601.171875,24.41,102.56,45.220001,PM10,2121
21.500000,39.610001,12.390000,16.440001,1.040000,60.169998,1.100000,2.910000,293.600006,82.199997,80752.320312,24.41,102.71,39.610001,PM10,2122
18.820000,29.170000,6.850000,7.010000,0.630000,78.500000,1.120000,3.600000,294.649994,79.970001,80614.156250,24.41,102.85,29.170000,PM10,2123
20.959999,31.920000,7.150000,7.970000,0.640000,70.570000,0.450000,2.920000,294.049988,80.250000,80841.078125,24.42,103.0,31.920000,PM10,2124
22.760000,33.900002,7.580000,7.860000,0.630000,73.290001,-0.130000,2.060000,293.910004,82.620003,81275.023438,24.42,103.15,33.900002,PM10,2125
24.760000,37.270000,9.810000,8.920000,0.690000,76.440002,-0.180000,1.640000,293.859985,83.779999,81583.671875,24.42,103.3,37.270000,PM10,2126
25.700001,36.779999,8.890000,7.310000,0.600000,78.660004,0.020000,1.470000,294.299988,82.690002,82280.343750,24.42,103.45,36.779999,PM10,2127
26.469999,34.709999,5.970000,4.230000,0.460000,79.699997,-0.080000,1.140000,293.899994,83.620003,81796.906250,24.42,103.59,37.814285,PM2.5,2128
27.610001,34.790001,5.400000,3.340000,0.400000,80.139999,-0.110000,0.710000,292.989990,87.080002,80673.046875,24.43,103.74,39.442860,PM2.5,2129
28.340000,34.830002,5.100000,2.890000,0.370000,80.150002,0.280000,-0.100000,293.609985,86.349998,81532.039062,24.43,103.89,40.485714,PM2.5,2130
28.250000,34.259998,5.140000,2.920000,0.360000,81.410004,-0.010000,-0.360000,296.160004,79.660004,84859.601562,24.43,104.04,40.357143,PM2.5,2131
29.219999,34.630001,5.120000,2.810000,0.340000,82.580002,-0.310000,0.090000,297.239990,77.470001,86741.492188,24.43,104.19,41.742855,PM2.5,2132
31.290001,36.150002,5.310000,2.850000,0.340000,81.849998,0.310000,0.570000,296.720001,79.930000,86353.789062,24.43,104.33,44.700001,PM2.5,2133
32.410000,37.040001,5.210000,3.030000,0.340000,79.220001,0.530000,1.070000,296.730011,81.000000,86406.796875,24.43,104.48,46.299999,PM2.5,2134
34.590000,38.950001,5.470000,3.080000,0.320000,80.139999,-0.350000,1.420000,297.730011,80.260002,88425.617188,24.43,104.78,49.414288,PM2.5,2136
38.029999,41.799999,5.950000,2.290000,0.290000,84.849998,-1.320000,1.170000,298.239990,80.669998,89678.593750,24.43,105.07,53.787498,PM2.5,2138
15.200000,16.139999,1.680000,0.990000,0.150000,57.200001,5.270000,-1.570000,293.440002,96.839996,85012.648438,24.34,97.68,21.714285,PM2.5,2231
14.910000,15.850000,2.060000,1.210000,0.160000,59.950001,5.380000,-2.590000,294.880005,89.000000,85737.601562,24.35,97.82,21.299999,PM2.5,2232
15.470000,16.490000,2.450000,1.580000,0.160000,60.150002,3.840000,-1.680000,295.959991,84.750000,86850.078125,24.36,97.97,22.100000,PM2.5,2233
15.620000,16.610001,2.500000,1.670000,0.170000,60.630001,2.510000,-0.140000,296.790009,82.739998,88103.898438,24.37,98.12,22.314285,PM2.5,2234
17.200001,18.309999,2.850000,2.120000,0.170000,59.660000,1.710000,1.230000,296.489990,85.139999,88111.046875,24.37,98.27,24.571430,PM2.5,2235
17.709999,18.820000,2.900000,2.180000,0.170000,59.919998,1.610000,1.830000,295.989990,86.800003,87410.312500,24.38,98.41,25.299999,PM2.5,2236
19.440001,20.719999,3.710000,2.590000,0.180000,60.259998,1.900000,1.570000,294.339996,90.300003,84942.843750,24.39,98.56,27.771429,PM2.5,2237
20.490000,21.740000,3.750000,2.590000,0.190000,61.580002,3.180000,-0.010000,291.750000,95.339996,80161.593750,24.4,98.71,29.271429,PM2.5,2238
18.809999,19.860001,3.200000,2.080000,0.180000,64.739998,3.390000,-1.220000,293.309998,88.430000,81323.671875,24.41,98.86,26.871428,PM2.5,2239
18.200001,19.240000,3.170000,2.410000,0.180000,63.009998,1.710000,-0.230000,296.070007,79.480003,84791.898438,24.41,99.0,26.000002,PM2.5,2240
18.959999,20.000000,3.150000,2.560000,0.180000,62.930000,1.170000,0.240000,295.510010,82.400002,84325.578125,24.42,99.15,27.085712,PM2.5,2241
18.820000,19.850000,3.040000,2.460000,0.180000,62.410000,1.620000,0.810000,295.929993,80.919998,84959.460938,24.43,99.3,26.885714,PM2.5,2242
18.230000,19.250000,2.900000,2.360000,0.180000,61.540001,1.350000,1.180000,296.450012,80.300003,85695.273438,24.44,99.45,26.042856,PM2.5,2243
18.040001,19.059999,2.670000,2.340000,0.180000,60.610001,0.920000,1.890000,296.149994,81.190002,85301.406250,24.44,99.6,25.771429,PM2.5,2244
18.480000,19.510000,2.740000,2.120000,0.180000,62.040001,1.040000,1.530000,294.500000,85.820000,82876.281250,24.45,99.74,26.400000,PM2.5,2245
20.100000,21.219999,3.070000,2.310000,0.180000,62.029999,1.150000,1.250000,292.299988,90.870003,79561.539062,24.46,99.89,28.714287,PM2.5,2246
21.170000,22.530001,4.220000,2.970000,0.190000,60.320000,1.470000,1.470000,292.359985,90.339996,79636.773438,24.46,100.04,30.242857,PM2.5,2247
19.799999,21.090000,3.870000,2.930000,0.190000,58.330002,1.470000,1.810000,294.309998,83.550003,82058.023438,24.47,100.19,28.285713,PM2.5,2248
18.150000,19.250000,2.920000,2.430000,0.180000,57.330002,0.490000,2.450000,296.119995,77.150002,84284.117188,24.48,100.33,25.928572,PM2.5,2249
18.260000,19.290001,2.650000,2.300000,0.180000,57.549999,0.160000,2.920000,295.540009,79.540001,83783.562500,24.48,100.48,26.085714,PM2.5,2250
19.760000,20.719999,2.610000,2.300000,0.180000,60.750000,0.690000,2.330000,293.140015,87.379997,80529.523438,24.49,100.63,28.228571,PM2.5,2251
20.370001,22.379999,3.400000,2.790000,0.200000,63.009998,0.360000,2.240000,293.709991,84.809998,81123.210938,24.49,100.78,29.100000,PM2.5,2252
20.389999,22.590000,3.310000,2.660000,0.210000,64.500000,0.080000,2.590000,294.100006,83.589996,81738.976562,24.5,100.93,29.128571,PM2.5,2253
20.030001,21.879999,2.350000,2.020000,0.200000,63.790001,0.570000,3.000000,292.940002,87.040001,80140.312500,24.5,101.07,28.614286,PM2.5,2254
19.230000,21.299999,2.130000,2.080000,0.210000,63.180000,0.370000,2.160000,295.070007,80.449997,82627.648438,24.51,101.22,27.471428,PM2.5,2255
17.690001,20.410000,2.240000,2.530000,0.240000,62.939999,-0.450000,0.660000,297.269989,74.989998,85858.562500,24.51,101.37,25.271429,PM2.5,2256
16.570000,19.690001,2.320000,3.000000,0.260000,61.770000,-1.180000,2.140000,297.970001,72.709999,86596.828125,24.52,101.52,23.671429,PM2.5,2257
17.030001,20.910000,2.470000,3.510000,0.300000,60.419998,-1.210000,3.380000,296.579987,76.360001,84733.507812,24.52,101.67,24.328573,PM2.5,2258
17.980000,22.910000,2.630000,4.080000,0.360000,60.630001,-0.330000,3.270000,294.519989,82.080002,82152.437500,24.52,101.81,25.685713,PM2.5,2259
17.740000,24.020000,2.940000,4.980000,0.420000,59.880001,0.230000,3.420000,294.470001,81.459999,81964.023438,24.53,101.96,25.342857,PM2.5,2260
17.240000,25.270000,3.460000,6.030000,0.490000,60.900002,-0.130000,3.060000,294.670013,79.949997,82031.226562,24.53,102.11,25.270000,PM10,2261
18.049999,28.330000,3.940000,6.660000,0.540000,62.240002,-0.050000,2.750000,293.140015,84.900002,80177.687500,24.54,102.26,28.330000,PM10,2262
18.920000,31.600000,4.690000,8.270000,0.620000,60.869999,0.550000,2.520000,292.350006,86.010002,78983.078125,24.54,102.41,31.600000,PM10,2263
21.520000,42.470001,11.640000,18.320000,1.050000,56.709999,0.970000,2.650000,292.600006,84.779999,79141.828125,24.54,102.56,42.470001,PM10,2264
21.389999,38.340000,10.530000,14.080000,0.940000,64.650002,1.450000,2.830000,292.950012,82.720001,79586.773438,24.55,102.7,38.340000,PM10,2265
19.160000,29.639999,6.730000,6.820000,0.640000,82.980003,0.690000,3.290000,294.820007,80.360001,80609.500000,24.55,102.85,29.639999,PM10,2266
21.600000,32.770000,6.900000,7.970000,0.670000,72.610001,-0.090000,2.540000,294.040009,80.849998,81154.382812,24.55,103.0,32.770000,PM10,2267
23.580000,34.360001,6.970000,7.510000,0.650000,75.000000,-0.080000,2.360000,293.519989,83.349998,80732.539062,24.55,103.15,34.360001,PM10,2268
25.330000,36.590000,7.640000,7.300000,0.660000,77.250000,-0.210000,2.280000,293.160004,85.070000,80543.328125,24.56,103.3,36.590000,PM10,2269
26.290001,36.529999,6.810000,6.130000,0.610000,78.839996,-0.080000,1.690000,293.440002,84.790001,80985.242188,24.56,103.44,37.557144,PM2.5,2270
26.650000,36.020000,5.900000,5.140000,0.560000,79.360001,-0.120000,1.300000,293.640015,84.370003,81402.179688,24.56,103.59,38.071426,PM2.5,2271
27.530001,36.709999,6.000000,4.620000,0.540000,78.980003,-0.420000,1.240000,293.179993,86.019997,80892.218750,24.56,103.74,39.328571,PM2.5,2272
28.620001,37.209999,6.120000,4.110000,0.500000,79.820000,-0.310000,0.690000,292.619995,88.160004,80256.789062,24.56,103.89,40.885715,PM2.5,2273
29.320000,36.430000,5.730000,3.300000,0.430000,81.750000,0.070000,0.010000,293.880005,85.050003,81648.929688,24.56,104.04,41.885715,PM2.5,2274
30.100000,35.990002,5.490000,2.660000,0.380000,84.430000,-0.200000,-0.020000,295.920013,80.650002,84556.710938,24.57,104.18,43.000000,PM2.5,2275
31.379999,36.599998,5.700000,2.480000,0.390000,84.540001,-0.570000,-0.170000,297.540009,77.589996,87382.093750,24.57,104.33,44.828571,PM2.5,2276
32.930000,38.119999,6.080000,2.470000,0.400000,84.580002,-0.610000,-0.020000,298.250000,77.180000,88928.359375,24.57,104.48,47.042858,PM2.5,2277
15.810000,16.770000,1.780000,1.130000,0.150000,56.990002,3.920000,-0.010000,294.209991,96.290001,86545.820312,24.47,97.67,22.585714,PM2.5,2376
16.309999,17.330000,2.370000,1.390000,0.160000,59.610001,5.020000,-1.600000,293.769989,95.370003,84935.671875,24.48,97.81,23.299999,PM2.5,2377
16.440001,17.440001,2.690000,1.480000,0.160000,62.270000,5.040000,-2.180000,293.799988,93.599998,84176.937500,24.49,97.96,23.485716,PM2.5,2378
16.240000,17.200001,2.640000,1.510000,0.160000,63.000000,4.270000,-1.870000,294.559998,89.110001,84402.679688,24.5,98.11,23.199999,PM2.5,2379
16.870001,17.850000,2.780000,1.860000,0.170000,61.860001,2.590000,0.020000,295.500000,86.489998,85797.703125,24.51,98.26,24.100000,PM2.5,2380
18.230000,19.290001,2.920000,2.200000,0.180000,60.470001,1.560000,1.600000,295.019989,89.620003,85781.593750,24.52,98.4,26.042856,PM2.5,2381
19.389999,20.620001,3.840000,2.730000,0.180000,61.290001,1.710000,2.110000,294.769989,90.099998,85508.476562,24.53,98.55,27.699999,PM2.5,2382
19.920000,21.150000,3.870000,2.790000,0.190000,61.950001,2.550000,1.290000,293.790009,91.309998,83378.171875,24.53,98.7,28.457144,PM2.5,2383
20.930000,22.110001,3.660000,2.830000,0.190000,62.090000,2.940000,-0.180000,292.640015,92.790001,81090.687500,24.54,98.85,29.900000,PM2.5,2384
20.809999,21.900000,3.430000,2.710000,0.190000,62.380001,2.510000,-0.340000,292.670013,91.730003,80802.632812,24.55,99.0,29.728571,PM2.5,2385
21.250000,22.350000,3.320000,2.740000,0.190000,62.139999,2.150000,-0.490000,292.500000,92.040001,80407.726562,24.56,99.14,30.357143,PM2.5,2386
20.250000,21.309999,3.220000,2.620000,0.190000,62.220001,1.510000,-0.070000,293.910004,86.989998,81954.539062,24.56,99.29,28.928572,PM2.5,2387
19.350000,20.400000,3.020000,2.560000,0.180000,62.080002,0.520000,1.080000,295.299988,84.519997,84165.953125,24.57,99.44,27.642859,PM2.5,2388
18.920000,19.940001,2.780000,2.400000,0.180000,61.500000,0.150000,1.890000,295.380005,85.239998,84479.367188,24.58,99.59,27.028572,PM2.5,2389
20.030001,21.200001,3.390000,2.600000,0.190000,62.560001,0.780000,1.640000,294.299988,87.919998,82793.523438,24.58,99.74,28.614286,PM2.5,2390
21.650000,22.950001,3.920000,2.910000,0.200000,62.610001,1.300000,1.640000,292.540009,90.419998,79945.773438,24.59,99.88,30.928572,PM2.5,2391
21.830000,23.160000,4.040000,2.990000,0.200000,62.209999,1.380000,1.990000,292.130005,90.589996,79072.968750,24.6,100.03,31.185715,PM2.5,2392
20.340000,21.559999,3.540000,2.910000,0.190000,59.730000,0.920000,2.010000,293.260010,86.440002,80429.140625,24.6,100.18,29.057142,PM2.5,2393
19.020000,20.030001,2.720000,2.380000,0.180000,59.869999,-0.220000,2.060000,294.760010,82.320000,82573.789062,24.61,100.33,27.171429,PM2.5,2394
18.670000,19.620001,2.510000,2.170000,0.170000,61.209999,-0.250000,2.700000,294.989990,82.129997,82973.398438,24.62,100.48,26.671429,PM2.5,2395
19.370001,20.270000,2.450000,2.120000,0.170000,63.419998,0.210000,2.170000,293.989990,84.849998,81504.226562,24.62,100.62,27.671431,PM2.5,2396
19.469999,21.080000,2.720000,2.200000,0.190000,66.260002,0.010000,1.820000,293.940002,84.150002,81409.882812,24.63,100.77,27.814285,PM2.5,2397
20.219999,22.110001,2.830000,2.310000,0.200000,65.870003,0.390000,2.770000,293.059998,86.010002,80073.968750,24.63,100.92,28.885714,PM2.5,2398
20.270000,22.160000,2.440000,2.200000,0.200000,65.050003,0.700000,2.810000,293.109985,86.470001,80190.656250,24.64,101.07,28.957144,PM2.5,2399
19.440001,21.610001,2.230000,2.170000,0.210000,65.010002,0.400000,1.590000,294.839996,81.650002,82594.867188,24.64,101.22,27.771429,PM2.5,2400
18.580000,21.570000,2.300000,2.540000,0.240000,64.330002,-0.540000,1.090000,295.779999,79.699997,84000.406250,24.65,101.37,26.542856,PM2.5,2401
17.770000,21.150000,2.360000,3.010000,0.270000,61.860001,-1.040000,2.790000,296.239990,77.620003,84403.226562,24.65,101.51,25.385715,PM2.5,2402
18.320000,22.480000,2.490000,3.510000,0.310000,60.540001,-0.220000,4.010000,294.630005,81.860001,82117.578125,24.66,101.66,26.171429,PM2.5,2403
18.379999,23.629999,2.650000,4.160000,0.370000,60.790001,0.250000,4.250000,293.970001,82.389999,81007.773438,24.66,101.81,26.257141,PM2.5,2404
17.969999,24.830000,3.090000,5.150000,0.440000,60.459999,0.010000,3.880000,294.220001,81.300003,81375.710938,24.66,101.96,25.671427,PM2.5,2405
17.990000,27.190001,3.860000,6.660000,0.530000,61.009998,-0.040000,3.310000,293.709991,82.480003,80790.781250,24.67,102.11,27.190001,PM10,2406
18.110001,28.830000,4.010000,6.750000,0.550000,62.250000,0.240000,3.330000,293.390015,82.360001,80102.007812,24.67,102.26,28.830000,PM10,2407
18.860001,31.340000,4.600000,7.890000,0.600000,62.150002,0.680000,3.320000,292.559998,83.570000,78857.328125,24.67,102.4,31.340000,PM10,2408
20.820000,39.000000,9.080000,14.470000,0.880000,60.459999,0.830000,3.050000,292.450012,83.599998,78581.437500,24.68,102.55,39.000000,PM10,2409
21.400000,37.299999,8.950000,12.050000,0.850000,66.970001,0.770000,3.220000,292.609985,82.410004,79233.726562,24.68,102.7,37.299999,PM10,2410
21.400000,34.160000,7.050000,8.530000,0.730000,74.440002,0.400000,2.640000,292.950012,83.320000,79238.429688,24.68,102.85,34.160000,PM10,2411
22.809999,34.730000,6.790000,8.330000,0.720000,72.519997,0.080000,2.420000,293.000000,83.580002,79808.359375,24.69,103.0,34.730000,PM10,2412
24.299999,35.110001,6.760000,7.350000,0.690000,77.139999,-0.090000,2.440000,293.779999,82.779999,80980.570312,24.69,103.15,35.110001,PM10,2413
25.450001,36.119999,6.800000,6.480000,0.670000,78.400002,-0.600000,2.540000,293.859985,82.440002,81153.890625,24.69,103.29,36.357143,PM2.5,2414
26.420000,36.110001,6.090000,5.500000,0.620000,78.779999,-0.490000,2.210000,293.010010,84.529999,79958.320312,24.69,103.44,37.742859,PM2.5,2415
27.299999,36.910000,5.800000,5.200000,0.620000,78.739998,0.050000,1.720000,292.600006,86.320000,79574.078125,24.69,103.59,39.000000,PM2.5,2416
27.629999,37.410000,6.200000,4.890000,0.630000,79.050003,0.020000,1.530000,293.040009,85.820000,80403.578125,24.7,103.74,39.471428,PM2.5,2417
28.610001,37.689999,6.260000,4.410000,0.580000,78.849998,-0.390000,1.550000,292.750000,87.849998,80249.406250,24.7,103.89,40.871429,PM2.5,2418
30.440001,37.750000,5.780000,3.360000,0.490000,80.000000,-0.020000,1.350000,292.320007,88.470001,79570.398438,24.7,104.04,43.485714,PM2.5,2419
32.240002,38.470001,5.660000,2.800000,0.450000,81.910004,0.180000,0.720000,293.239990,87.800003,80885.140625,24.7,104.18,46.057144,PM2.5,2420
32.980000,38.650002,6.240000,2.630000,0.470000,84.320000,-0.620000,0.220000,295.809998,83.220001,84930.242188,24.7,104.33,47.114285,PM2.5,2421
32.930000,38.610001,6.730000,2.640000,0.480000,85.529999,-1.200000,0.110000,297.970001,77.419998,88149.453125,24.7,104.48,47.042858,PM2.5,2422
16.650000,17.610001,1.930000,1.230000,0.150000,57.070000,3.480000,0.140000,294.119995,97.919998,86572.453125,24.61,97.66,23.785713,PM2.5,2521
17.020000,18.090000,2.750000,1.520000,0.160000,60.610001,5.050000,-1.150000,294.179993,94.300003,85395.046875,24.62,97.8,24.314287,PM2.5,2522
17.219999,18.299999,3.200000,1.750000,0.170000,62.040001,4.900000,-0.560000,294.859985,90.050003,85542.156250,24.63,97.95,24.599998,PM2.5,2523
17.290001,18.299999,3.030000,1.770000,0.170000,62.669998,4.890000,-0.720000,294.929993,87.830002,84924.617188,24.63,98.1,24.700001,PM2.5,2524
17.090000,18.070000,2.930000,1.810000,0.170000,62.889999,4.080000,-0.240000,295.929993,83.550003,85751.710938,24.64,98.25,24.414286,PM2.5,2525
18.070000,19.059999,2.900000,2.010000,0.170000,62.029999,2.350000,1.070000,295.200012,87.570000,85277.859375,24.65,98.4,25.814285,PM2.5,2526
19.650000,20.780001,3.750000,2.670000,0.180000,62.240002,1.770000,1.700000,294.269989,91.529999,84504.179688,24.66,98.54,28.071428,PM2.5,2527
20.379999,21.559999,3.960000,2.890000,0.190000,62.480000,2.500000,1.550000,293.679993,92.150002,83292.398438,24.67,98.69,29.114285,PM2.5,2528
21.309999,22.500000,3.670000,2.850000,0.190000,60.919998,3.300000,1.210000,292.739990,92.589996,81257.796875,24.68,98.84,30.442856,PM2.5,2529
21.240000,22.420000,3.450000,2.850000,0.190000,60.529999,2.880000,0.940000,293.299988,89.269997,81494.953125,24.68,98.99,30.342857,PM2.5,2530
22.040001,23.209999,3.390000,3.090000,0.190000,59.639999,1.980000,0.540000,292.369995,91.580002,80173.609375,24.69,99.14,31.485716,PM2.5,2531
21.610001,22.719999,3.310000,2.740000,0.190000,61.369999,1.790000,0.430000,292.109985,92.309998,79452.679688,24.7,99.28,30.871429,PM2.5,2532
20.600000,21.700001,3.250000,2.770000,0.190000,62.680000,0.730000,1.160000,294.450012,86.099998,82590.687500,24.71,99.43,29.428572,PM2.5,2533
20.309999,21.410000,3.060000,2.620000,0.190000,62.070000,-0.100000,1.690000,294.559998,87.599998,83125.632812,24.71,99.58,29.014284,PM2.5,2534
21.530001,22.799999,3.770000,2.930000,0.200000,62.930000,0.790000,1.810000,293.510010,90.029999,81499.953125,24.72,99.73,30.757143,PM2.5,2535
21.540001,22.870001,4.020000,3.050000,0.200000,62.560001,1.720000,1.850000,293.709991,87.080002,81257.023438,24.73,99.88,30.771429,PM2.5,2536
20.840000,22.150000,3.860000,3.050000,0.200000,61.130001,1.660000,1.950000,294.450012,83.150002,81777.382812,24.73,100.02,29.771429,PM2.5,2537
19.650000,20.830000,3.300000,2.850000,0.190000,59.110001,0.440000,2.110000,295.200012,80.370003,82684.406250,24.74,100.17,28.071428,PM2.5,2538
19.000000,19.990000,2.530000,2.210000,0.180000,61.110001,-0.790000,2.340000,295.089996,80.550003,82505.859375,24.74,100.32,27.142857,PM2.5,2539
19.570000,20.500000,2.450000,2.140000,0.170000,63.250000,-0.470000,2.360000,293.660004,85.809998,80929.468750,24.75,100.47,27.957142,PM2.5,2540
20.110001,21.000000,2.370000,2.070000,0.170000,64.190002,0.320000,2.100000,292.589996,88.739998,79478.476562,24.76,100.62,28.728573,PM2.5,2541
19.740000,21.180000,2.470000,2.120000,0.180000,66.139999,0.740000,2.220000,292.350006,87.559998,79049.320312,24.76,100.77,28.199999,PM2.5,2542
20.170000,21.879999,2.580000,2.280000,0.190000,66.120003,0.810000,2.800000,292.769989,85.980003,79484.132812,24.77,100.92,28.814285,PM2.5,2543
20.490000,22.370001,2.410000,2.310000,0.200000,65.500000,0.400000,2.810000,292.820007,86.559998,79619.343750,24.77,101.06,29.271429,PM2.5,2544
20.410000,22.760000,2.270000,2.250000,0.220000,65.610001,0.180000,2.190000,293.130005,86.169998,79950.101562,24.78,101.21,29.157143,PM2.5,2545
19.350000,22.389999,2.270000,2.440000,0.240000,64.320000,-0.390000,2.530000,294.220001,83.470001,81546.960938,24.78,101.36,27.642859,PM2.5,2546
19.150000,22.860001,2.420000,3.010000,0.270000,61.200001,-0.280000,3.590000,294.279999,82.739998,81641.523438,24.79,101.51,27.357141,PM2.5,2547
18.930000,23.389999,2.570000,3.500000,0.320000,60.860001,0.660000,4.220000,294.010010,82.519997,80979.546875,24.79,101.66,27.042858,PM2.5,2548
18.059999,23.559999,2.720000,4.140000,0.370000,61.470001,0.610000,3.830000,294.989990,78.580002,81922.406250,24.79,101.81,25.799999,PM2.5,2549
17.900000,24.950001,3.130000,5.100000,0.440000,61.349998,0.200000,4.060000,294.519989,79.250000,81321.429688,24.8,101.95,25.571428,PM2.5,2550
18.240000,27.580000,3.850000,6.660000,0.530000,61.880001,0.280000,3.870000,293.390015,81.919998,79918.179688,24.8,102.1,27.580000,PM10,2551
18.320000,30.100000,4.670000,7.860000,0.580000,62.529999,0.480000,3.390000,293.510010,80.849998,80026.703125,24.81,102.25,30.100000,PM10,2552
18.719999,32.090000,5.320000,8.940000,0.630000,63.380001,0.810000,3.270000,293.279999,80.739998,79568.773438,24.81,102.4,32.090000,PM10,2553
19.980000,37.020000,8.000000,12.480000,0.790000,64.779999,1.030000,2.970000,293.290009,80.610001,79563.882812,24.81,102.55,37.020000,PM10,2554
19.080000,32.250000,7.160000,8.580000,0.680000,81.250000,0.470000,3.240000,294.700012,78.779999,80124.546875,24.82,102.7,32.250000,PM10,2555
21.540001,35.730000,7.130000,10.070000,0.750000,73.529999,-0.020000,2.420000,292.890015,83.809998,79395.273438,24.82,102.85,35.730000,PM10,2556
22.969999,37.009998,8.630000,11.270000,0.790000,74.440002,0.300000,2.230000,293.299988,82.879997,80153.226562,24.82,102.99,37.009998,PM10,2557
23.629999,36.340000,10.470000,11.440000,0.770000,77.949997,0.220000,1.810000,295.000000,79.000000,82322.273438,24.82,103.14,36.340000,PM10,2558
25.160000,36.290001,7.530000,7.070000,0.710000,79.680000,-0.360000,2.100000,294.769989,79.279999,82122.273438,24.83,103.29,36.290001,PM10,2559
26.350000,36.509998,6.590000,5.790000,0.680000,79.220001,-0.430000,2.540000,293.339996,83.160004,80215.617188,24.83,103.44,37.642857,PM2.5,2560
27.270000,37.320000,6.360000,5.320000,0.680000,79.559998,-0.040000,2.240000,292.540009,86.220001,79266.851562,24.83,103.59,38.957142,PM2.5,2561
28.030001,37.689999,6.600000,4.990000,0.680000,78.779999,0.060000,1.780000,292.779999,85.900002,79657.132812,24.83,103.74,40.042858,PM2.5,2562
29.040001,37.919998,6.710000,4.600000,0.640000,78.790001,-0.070000,1.500000,292.850006,86.330002,80113.812500,24.83,103.89,41.485714,PM2.5,2563
30.540001,38.349998,6.510000,3.870000,0.570000,79.570000,0.190000,1.690000,292.589996,87.459999,79917.898438,24.83,104.03,43.628574,PM2.5,2564
32.119999,39.880001,7.190000,3.970000,0.590000,79.599998,0.530000,1.340000,292.850006,88.550003,80610.281250,24.84,104.18,45.885712,PM2.5,2565
32.340000,40.330002,8.950000,4.450000,0.680000,80.959999,0.190000,1.120000,294.880005,84.339996,83344.750000,24.84,104.33,46.200001,PM2.5,2566
33.070000,40.150002,8.560000,3.750000,0.630000,83.739998,-0.740000,0.960000,296.010010,82.480003,85057.742188,24.84,104.48,47.242855,PM2.5,2567
17.639999,18.580000,1.950000,1.280000,0.150000,56.610001,2.760000,0.100000,293.739990,99.000000,85877.890625,24.74,97.64,25.199999,PM2.5,2666
18.000000,19.030001,2.580000,1.330000,0.160000,61.299999,5.280000,-2.360000,291.970001,99.870003,81944.390625,24.75,97.79,25.714285,PM2.5,2667
16.680000,17.670000,2.770000,1.390000,0.160000,62.709999,4.490000,-1.930000,295.989990,82.440002,85606.296875,24.76,97.94,23.828571,PM2.5,2668
16.660000,17.629999,2.560000,1.420000,0.170000,63.060001,2.800000,0.180000,296.989990,79.360001,87017.203125,24.77,98.09,23.799999,PM2.5,2669
18.049999,19.020000,2.680000,1.720000,0.170000,63.279999,2.560000,0.680000,295.519989,85.489998,85388.359375,24.78,98.24,25.785713,PM2.5,2670
19.430000,20.440001,2.890000,2.180000,0.180000,62.360001,2.220000,1.450000,294.350006,90.190002,84168.953125,24.79,98.39,27.757143,PM2.5,2671
20.370001,21.440001,3.420000,2.580000,0.180000,63.439999,2.260000,1.680000,293.600006,92.589996,83127.406250,24.79,98.53,29.100000,PM2.5,2672
20.299999,21.410000,3.610000,2.800000,0.190000,63.410000,2.750000,2.050000,294.200012,89.680000,83530.523438,24.8,98.68,28.999998,PM2.5,2673
20.209999,21.320000,3.470000,2.740000,0.190000,63.509998,2.820000,2.010000,294.640015,86.470001,83541.351562,24.81,98.83,28.871428,PM2.5,2674
20.730000,21.870001,3.330000,2.930000,0.190000,61.599998,2.150000,1.380000,294.269989,86.839996,82908.351562,24.82,98.98,29.614285,PM2.5,2675
22.389999,23.639999,3.670000,3.390000,0.200000,60.619999,2.080000,1.170000,292.859985,89.860001,80718.601562,24.83,99.13,31.985714,PM2.5,2676
21.799999,23.000000,3.480000,3.270000,0.200000,60.660000,2.220000,1.020000,293.279999,87.739998,80806.312500,24.83,99.28,31.142857,PM2.5,2677
21.000000,22.219999,3.420000,3.290000,0.200000,61.450001,1.100000,1.160000,295.220001,82.379997,83286.148438,24.84,99.42,30.000000,PM2.5,2678
22.430000,23.750000,4.170000,3.340000,0.200000,63.040001,0.540000,1.390000,293.679993,89.029999,81536.507812,24.85,99.57,32.042858,PM2.5,2679
22.730000,24.040001,3.990000,3.160000,0.200000,62.139999,1.220000,1.580000,293.040009,90.180000,80450.453125,24.85,99.72,32.471428,PM2.5,2680
20.610001,21.790001,3.550000,2.860000,0.190000,62.099998,1.510000,1.370000,294.290009,85.330002,81710.929688,24.86,99.87,29.442858,PM2.5,2681
19.290001,20.430000,3.210000,2.640000,0.190000,60.480000,0.780000,1.240000,295.890015,78.830002,83494.562500,24.87,100.02,27.557144,PM2.5,2682
19.100000,20.190001,2.910000,2.580000,0.190000,60.580002,0.020000,1.700000,296.380005,77.300003,84218.406250,24.87,100.17,27.285715,PM2.5,2683
19.840000,20.910000,2.760000,2.720000,0.190000,63.220001,-0.020000,2.250000,294.790009,82.010002,82075.796875,24.88,100.32,28.342857,PM2.5,2684
20.240000,21.280001,2.630000,2.550000,0.180000,63.669998,0.410000,2.750000,293.130005,85.820000,79698.843750,24.88,100.46,28.914286,PM2.5,2685
21.100000,22.129999,2.460000,2.270000,0.180000,62.650002,0.930000,3.290000,291.739990,88.639999,77787.476562,24.89,100.61,30.142859,PM2.5,2686
20.549999,21.809999,2.470000,2.480000,0.190000,65.459999,0.860000,3.040000,292.119995,86.480003,78140.132812,24.9,100.76,29.357141,PM2.5,2687
20.370001,21.930000,2.460000,2.700000,0.200000,65.339996,0.430000,2.660000,293.410004,83.239998,80076.109375,24.9,100.91,29.100000,PM2.5,2688
20.850000,22.780001,2.390000,2.530000,0.210000,64.660004,0.290000,2.700000,293.239990,84.129997,79872.609375,24.91,101.06,29.785715,PM2.5,2689
20.980000,23.549999,2.380000,2.410000,0.220000,65.699997,0.160000,2.940000,293.299988,84.110001,79733.523438,24.91,101.21,29.971428,PM2.5,2690
19.990000,23.190001,2.350000,2.450000,0.240000,63.810001,-0.230000,3.550000,293.850006,83.269997,80607.273438,24.92,101.36,28.557142,PM2.5,2691
19.809999,23.770000,2.560000,3.040000,0.280000,60.930000,0.210000,3.980000,293.670013,83.250000,80507.859375,24.92,101.5,28.299999,PM2.5,2692
19.520000,24.360001,2.750000,3.620000,0.330000,60.500000,0.690000,3.790000,293.910004,82.050003,80608.007812,24.92,101.65,27.885715,PM2.5,2693
18.639999,24.240000,2.880000,4.040000,0.380000,63.480000,0.630000,2.830000,294.910004,79.370003,81827.273438,24.93,101.8,26.628571,PM2.5,2694
17.780001,25.250000,3.370000,5.310000,0.460000,62.320000,0.510000,3.060000,295.480011,76.110001,82395.132812,24.93,101.95,25.400002,PM2.5,2695
18.040001,27.660000,3.990000,7.030000,0.530000,62.349998,0.130000,3.270000,294.480011,78.540001,81150.148438,24.94,102.1,27.660000,PM10,2696
18.820000,31.940001,5.520000,9.460000,0.620000,62.619999,0.300000,2.870000,293.500000,80.459999,79931.796875,24.94,102.25,31.940001,PM10,2697
19.420000,34.660000,6.500000,11.330000,0.680000,63.590000,0.770000,2.600000,293.190002,81.080002,79446.828125,24.94,102.4,34.660000,PM10,2698
20.490000,39.959999,9.040000,15.320000,0.820000,66.489998,0.730000,2.440000,293.309998,80.940002,79638.546875,24.95,102.54,39.959999,PM10,2699
20.610001,38.220001,8.970000,15.070000,0.790000,73.400002,-0.080000,2.100000,293.970001,80.849998,80189.343750,24.95,102.69,38.220001,PM10,2700
22.170000,38.430000,8.060000,13.180000,0.790000,72.769997,-0.280000,2.090000,292.920013,83.919998,79542.218750,24.95,102.84,38.430000,PM10,2701
23.160000,39.119999,10.010000,14.240000,0.830000,73.949997,0.310000,1.870000,293.260010,82.910004,79863.507812,24.96,102.99,39.119999,PM10,2702
23.690001,37.799999,12.220000,13.980000,0.810000,78.709999,0.250000,1.520000,294.769989,79.370003,81887.859375,24.96,103.14,37.799999,PM10,2703
24.920000,36.610001,8.300000,7.780000,0.750000,81.570000,0.060000,1.680000,294.760010,79.160004,81944.812500,24.96,103.29,36.610001,PM10,2704
26.020000,36.799999,7.230000,6.400000,0.730000,79.739998,-0.070000,2.130000,293.890015,81.099998,80705.476562,24.96,103.44,37.171429,PM2.5,2705
26.469999,37.180000,7.040000,5.730000,0.750000,79.870003,-0.060000,2.040000,293.670013,82.540001,80494.898438,24.96,103.59,37.814285,PM2.5,2706
27.889999,37.470001,7.030000,5.040000,0.720000,79.389999,-0.010000,1.880000,293.279999,83.669998,80131.070312,24.97,103.74,39.842857,PM2.5,2707
29.320000,38.020000,6.990000,4.510000,0.680000,79.720001,-0.030000,1.520000,292.589996,85.529999,79455.921875,24.97,103.88,41.885715,PM2.5,2708
30.240000,38.750000,7.070000,4.350000,0.670000,78.919998,0.260000,1.340000,292.450012,87.010002,79542.679688,24.97,104.03,43.200001,PM2.5,2709
30.860001,39.849998,8.130000,4.850000,0.730000,78.620003,0.640000,1.220000,293.119995,86.959999,80735.218750,24.97,104.18,44.085716,PM2.5,2710
31.080000,40.259998,9.840000,5.170000,0.810000,80.220001,0.680000,1.220000,294.880005,83.239998,83163.640625,24.97,104.33,44.400002,PM2.5,2711
32.360001,40.610001,9.210000,4.400000,0.750000,81.330002,0.050000,1.320000,295.350006,83.070000,84111.828125,24.97,104.48,46.228573,PM2.5,2712
34.849998,42.250000,8.170000,3.570000,0.650000,82.540001,-0.080000,2.310000,293.959991,87.650002,82299.960938,24.97,104.63,49.785713,PM2.5,2713
17.990000,18.900000,1.900000,0.870000,0.150000,60.549999,4.230000,-1.690000,291.480011,100.000000,80699.187500,24.89,97.78,25.699999,PM2.5,2812
17.950001,18.830000,2.070000,0.810000,0.160000,63.610001,4.470000,-3.830000,292.440002,94.970001,81115.289062,24.89,97.93,25.642859,PM2.5,2813
17.980000,18.860001,2.200000,0.950000,0.160000,63.810001,2.770000,-2.520000,294.119995,86.860001,82364.757812,24.9,98.08,25.685713,PM2.5,2814
19.020000,19.959999,2.650000,1.490000,0.170000,64.730003,1.860000,-1.150000,293.980011,87.209999,82085.929688,24.91,98.23,27.171429,PM2.5,2815
19.850000,20.879999,3.020000,2.230000,0.180000,63.630001,1.920000,1.030000,294.390015,86.949997,83079.226562,24.92,98.38,28.357143,PM2.5,2816
20.730000,21.809999,3.360000,2.730000,0.190000,64.500000,2.260000,1.280000,293.820007,89.379997,82527.500000,24.93,98.53,29.614285,PM2.5,2817
20.299999,21.389999,3.310000,2.880000,0.190000,63.310001,2.600000,1.430000,294.929993,84.879997,83719.570312,24.94,98.67,28.999998,PM2.5,2818
19.590000,20.680000,3.280000,2.900000,0.190000,64.000000,1.920000,1.630000,296.220001,80.650002,85381.257812,24.94,98.82,27.985714,PM2.5,2819
21.200001,22.379999,3.480000,3.200000,0.190000,62.340000,1.260000,1.800000,294.579987,86.230003,83412.843750,24.95,98.97,30.285715,PM2.5,2820
24.170000,25.709999,4.890000,4.200000,0.220000,61.779999,1.830000,1.220000,293.100006,89.400002,80995.953125,24.96,99.12,34.528572,PM2.5,2821
22.770000,24.190001,4.450000,3.750000,0.210000,64.459999,1.910000,0.770000,294.320007,84.239998,81994.773438,24.97,99.27,32.528572,PM2.5,2822
22.790001,24.209999,4.130000,3.680000,0.210000,63.439999,1.230000,1.310000,294.790009,83.029999,82718.156250,24.97,99.42,32.557144,PM2.5,2823
23.299999,24.709999,4.470000,3.490000,0.210000,64.309998,1.040000,1.470000,293.450012,88.760002,80970.312500,24.98,99.57,33.285713,PM2.5,2824
22.709999,24.020000,4.150000,3.200000,0.200000,63.759998,1.200000,1.350000,293.269989,88.769997,80550.343750,24.99,99.71,32.442856,PM2.5,2825
21.510000,22.680000,3.630000,2.860000,0.200000,62.650002,1.220000,1.110000,293.640015,87.230003,80816.812500,25.0,99.86,30.728571,PM2.5,2826
20.100000,21.170000,3.110000,2.550000,0.190000,61.119999,0.480000,1.490000,294.899994,82.800003,82215.289062,25.0,100.01,28.714287,PM2.5,2827
20.389999,21.440001,2.920000,2.480000,0.190000,62.349998,0.090000,2.130000,294.579987,82.970001,81888.687500,25.01,100.16,29.128571,PM2.5,2828
21.520000,22.650000,3.170000,2.900000,0.200000,63.610001,0.610000,2.290000,292.880005,87.589996,79571.828125,25.01,100.31,30.742857,PM2.5,2829
21.260000,22.389999,2.960000,2.750000,0.200000,62.480000,1.340000,2.630000,293.059998,85.750000,79533.062500,25.02,100.46,30.371429,PM2.5,2830
20.740000,21.870001,2.670000,2.580000,0.200000,62.009998,1.440000,3.310000,293.929993,81.339996,80235.203125,25.03,100.61,29.628571,PM2.5,2831
20.600000,21.870001,2.480000,2.750000,0.200000,64.040001,0.470000,2.970000,293.640015,81.269997,79853.187500,25.03,100.75,29.428572,PM2.5,2832
21.150000,22.680000,2.480000,2.920000,0.210000,66.489998,-0.200000,2.460000,292.820007,85.239998,79004.781250,25.04,100.9,30.214285,PM2.5,2833
22.280001,24.440001,2.690000,2.860000,0.230000,65.050003,0.280000,2.520000,293.000000,84.599998,79427.851562,25.04,101.05,31.828573,PM2.5,2834
22.240000,25.330000,3.190000,3.100000,0.260000,65.470001,0.530000,2.790000,293.739990,81.930000,80143.117188,25.05,101.2,31.771429,PM2.5,2835
21.410000,25.309999,3.300000,3.260000,0.290000,62.790001,0.240000,3.710000,293.480011,83.169998,79734.046875,25.05,101.35,30.585714,PM2.5,2836
21.070000,26.430000,4.950000,4.750000,0.350000,60.689999,0.400000,4.010000,293.709991,81.650002,80063.742188,25.06,101.5,30.100000,PM2.5,2837
21.010000,27.930000,6.010000,6.030000,0.420000,60.700001,0.450000,3.630000,293.920013,81.139999,80395.250000,25.06,101.65,30.014286,PM2.5,2838
20.500000,26.889999,3.730000,4.560000,0.420000,63.799999,0.230000,2.610000,294.149994,80.839996,80822.453125,25.06,101.8,29.285715,PM2.5,2839
19.170000,28.040001,4.570000,6.200000,0.520000,63.560001,0.240000,2.250000,295.429993,76.750000,82521.828125,25.07,101.95,28.040001,PM10,2840
18.639999,30.030001,5.280000,8.280000,0.590000,63.090000,0.170000,2.520000,295.190002,76.239998,82110.132812,25.07,102.09,30.030001,PM10,2841
19.600000,33.400002,5.960000,9.980000,0.630000,64.529999,0.150000,2.740000,293.410004,81.230003,79684.257812,25.08,102.24,33.400002,PM10,2842
20.240000,37.959999,7.420000,14.660000,0.720000,62.970001,0.270000,2.360000,292.649994,83.160004,78678.257812,25.08,102.39,37.959999,PM10,2843
22.830000,58.540001,18.420000,37.759998,1.280000,55.259998,0.020000,2.490000,292.970001,82.389999,79163.273438,25.08,102.54,54.270000,PM10,2844
23.950001,54.639999,16.670000,32.369999,1.160000,63.389999,-0.500000,2.180000,293.070007,82.940002,79556.382812,25.08,102.69,52.320000,PM10,2845
24.299999,43.279999,10.900000,17.230000,0.870000,73.029999,-0.170000,2.500000,292.359985,84.160004,78670.898438,25.09,102.84,43.279999,PM10,2846
24.660000,41.570000,10.440000,14.700000,0.840000,75.900002,0.550000,2.180000,292.290009,84.199997,78281.273438,25.09,102.99,41.570000,PM10,2847
24.730000,38.750000,9.500000,10.480000,0.790000,82.620003,0.400000,1.930000,293.529999,81.650002,79979.453125,25.09,103.14,38.750000,PM10,2848
25.500000,37.279999,7.910000,7.150000,0.760000,84.139999,-0.010000,1.940000,294.299988,80.230003,81158.343750,25.1,103.29,37.279999,PM10,2849
26.320000,37.500000,7.380000,6.220000,0.770000,82.059998,-0.080000,2.020000,293.730011,81.519997,80418.546875,25.1,103.44,37.599998,PM2.5,2850
26.270000,38.040001,8.090000,6.460000,0.850000,80.459999,0.040000,1.890000,293.429993,82.870003,80060.710938,25.1,103.58,38.040001,PM10,2851
27.809999,37.830002,7.510000,5.140000,0.770000,80.980003,0.020000,2.050000,293.339996,83.080002,79965.406250,25.1,103.73,39.728569,PM2.5,2852
29.290001,38.389999,7.150000,4.360000,0.720000,81.099998,-0.160000,1.900000,292.720001,85.190002,79474.929688,25.1,103.88,41.842857,PM2.5,2853
30.059999,39.130001,7.150000,4.320000,0.730000,79.610001,0.060000,1.550000,292.079987,87.580002,79051.007812,25.1,104.03,42.942856,PM2.5,2854
30.370001,39.610001,7.600000,4.570000,0.770000,78.599998,0.590000,1.300000,292.450012,87.570000,79524.203125,25.1,104.18,43.385715,PM2.5,2855
30.559999,39.570000,8.350000,4.460000,0.790000,80.690002,0.810000,1.170000,294.059998,84.250000,81674.093750,25.11,104.33,43.657143,PM2.5,2856
31.320000,40.320000,9.060000,4.410000,0.790000,81.980003,0.650000,1.580000,294.489990,84.680000,82559.750000,25.11,104.48,44.742855,PM2.5,2857
33.279999,42.180000,9.070000,4.310000,0.750000,80.470001,0.900000,2.740000,293.829987,87.230003,81951.156250,25.11,104.63,47.542854,PM2.5,2858
18.910000,19.850000,1.940000,1.030000,0.160000,58.279999,2.450000,0.110000,293.109985,99.349998,84402.023438,25.02,97.77,27.014286,PM2.5,2957
19.820000,20.750000,2.070000,0.950000,0.160000,61.090000,3.670000,-2.330000,290.989990,100.000000,79698.898438,25.03,97.92,28.314285,PM2.5,2958
19.219999,20.120001,2.250000,0.800000,0.160000,65.279999,3.450000,-3.710000,292.059998,93.570000,79653.617188,25.04,98.07,27.457142,PM2.5,2959
19.330000,20.260000,2.660000,1.190000,0.170000,65.940002,2.480000,-3.230000,293.170013,88.150002,80638.507812,25.05,98.22,27.614286,PM2.5,2960
20.090000,21.139999,3.290000,1.970000,0.180000,66.580002,1.740000,-0.680000,294.390015,83.730003,82049.273438,25.06,98.37,28.700001,PM2.5,2961
21.190001,22.379999,4.060000,2.770000,0.190000,65.000000,1.210000,0.560000,294.200012,84.650002,82240.273438,25.06,98.52,30.271429,PM2.5,2962
20.809999,22.000000,4.070000,2.920000,0.190000,64.870003,0.680000,0.470000,294.850006,83.650002,83230.343750,25.07,98.66,29.728571,PM2.5,2963
20.320000,21.500000,3.480000,3.010000,0.190000,63.200001,-0.000000,1.180000,296.489990,79.029999,85760.429688,25.08,98.81,29.028570,PM2.5,2964
22.020000,23.400000,4.250000,3.510000,0.200000,62.529999,0.130000,2.120000,295.070007,83.839996,83654.226562,25.09,98.96,31.457144,PM2.5,2965
28.379999,30.570000,8.260000,5.670000,0.250000,65.290001,1.000000,0.570000,292.329987,90.580002,79538.937500,25.09,99.11,40.542854,PM2.5,2966
25.799999,27.459999,5.460000,3.940000,0.220000,67.110001,1.320000,0.150000,293.179993,86.010002,80128.718750,25.1,99.26,36.857143,PM2.5,2967
24.120001,25.639999,4.590000,3.620000,0.210000,66.180000,0.820000,1.350000,294.220001,83.949997,81621.218750,25.11,99.41,34.457146,PM2.5,2968
23.200001,24.549999,4.150000,3.160000,0.200000,64.769997,0.570000,1.600000,293.769989,87.110001,81225.953125,25.12,99.56,33.142857,PM2.5,2969
23.059999,24.330000,3.890000,2.910000,0.200000,64.160004,0.880000,1.350000,292.970001,89.059998,80028.523438,25.12,99.71,32.942856,PM2.5,2970
22.670000,23.860001,3.670000,2.810000,0.200000,62.830002,1.230000,1.520000,293.000000,88.589996,79828.757812,25.13,99.86,32.385715,PM2.5,2971
21.530001,22.610001,3.160000,2.480000,0.200000,61.599998,0.530000,2.150000,293.799988,85.650002,80717.179688,25.14,100.0,30.757143,PM2.5,2972
21.490000,22.540001,3.040000,2.530000,0.200000,64.489998,0.240000,2.330000,293.320007,86.320000,80064.351562,25.14,100.15,30.699999,PM2.5,2973
22.660000,23.860001,3.510000,3.000000,0.210000,63.480000,0.800000,2.590000,292.250000,87.599998,78487.046875,25.15,100.3,32.371429,PM2.5,2974
22.969999,24.230000,3.570000,3.060000,0.220000,64.040001,1.340000,2.290000,292.049988,87.699997,77999.023438,25.15,100.45,32.814285,PM2.5,2975
21.790001,23.049999,3.100000,3.030000,0.220000,62.990002,1.210000,2.310000,294.160004,80.610001,80527.312500,25.16,100.6,31.128572,PM2.5,2976
20.639999,21.990000,2.520000,2.970000,0.220000,64.540001,0.380000,2.450000,294.750000,78.190002,81177.859375,25.17,100.75,29.485714,PM2.5,2977
21.709999,23.290001,2.470000,2.910000,0.230000,65.970001,0.010000,3.100000,292.459991,84.949997,78027.359375,25.17,100.9,31.014284,PM2.5,2978
23.719999,26.049999,2.860000,3.010000,0.260000,64.500000,0.380000,3.160000,291.859985,86.639999,77538.843750,25.18,101.05,33.885712,PM2.5,2979
24.010000,27.450001,3.700000,3.540000,0.310000,64.279999,0.630000,3.000000,293.250000,82.889999,79285.273438,25.18,101.2,34.299999,PM2.5,2980
23.330000,27.950001,4.210000,4.070000,0.340000,61.599998,0.650000,3.370000,293.619995,81.839996,79730.382812,25.19,101.35,33.328571,PM2.5,2981
23.090000,29.930000,7.110000,6.200000,0.440000,59.970001,0.750000,3.640000,294.029999,80.059998,80148.031250,25.19,101.49,32.985714,PM2.5,2982
22.980000,31.610001,8.600000,7.610000,0.520000,60.900002,0.360000,3.730000,294.010010,80.120003,80225.703125,25.19,101.64,32.828571,PM2.5,2983
22.160000,29.080000,4.600000,4.910000,0.450000,65.010002,-0.030000,3.160000,293.160004,83.239998,79412.453125,25.2,101.79,31.657143,PM2.5,2984
21.920000,31.540001,5.560000,6.580000,0.560000,64.370003,-0.130000,2.640000,293.769989,81.430000,80325.796875,25.2,101.94,31.540001,PM10,2985
20.780001,34.139999,7.050000,10.040000,0.670000,63.150002,0.230000,2.410000,294.730011,77.540001,81619.773438,25.21,102.09,34.139999,PM10,2986
20.840000,36.560001,7.160000,11.970000,0.700000,62.700001,0.610000,2.780000,293.679993,79.379997,79909.992188,25.21,102.24,36.560001,PM10,2987
21.420000,42.049999,9.150000,18.290001,0.800000,61.110001,0.350000,2.700000,292.549988,82.910004,78300.273438,25.21,102.39,42.049999,PM10,2988
25.049999,68.949997,23.900000,46.610001,1.480000,51.900002,-0.160000,3.040000,293.200012,80.739998,79126.343750,25.22,102.54,59.474998,PM10,2989
26.580000,64.849998,22.389999,41.680000,1.360000,59.700001,-0.420000,3.040000,292.750000,82.379997,78905.156250,25.22,102.69,57.424999,PM10,2990
25.950001,46.689999,13.080000,19.700001,0.920000,73.489998,0.050000,3.050000,292.100006,84.070000,78104.820312,25.22,102.84,46.689999,PM10,2991
25.510000,43.060001,11.390000,15.150000,0.850000,78.750000,0.530000,2.530000,292.679993,82.419998,78508.953125,25.23,102.99,43.060001,PM10,2992
25.510000,39.930000,9.560000,10.390000,0.800000,83.320000,0.370000,2.250000,293.149994,81.599998,79164.718750,25.23,103.13,39.930000,PM10,2993
26.309999,38.369999,8.070000,7.280000,0.770000,84.949997,0.040000,2.360000,293.529999,81.529999,79776.117188,25.23,103.28,38.369999,PM10,2994
26.930000,38.509998,7.720000,6.330000,0.790000,84.019997,0.010000,2.410000,293.250000,82.720001,79550.976562,25.23,103.43,38.509998,PM10,2995
26.879999,39.320000,8.840000,6.950000,0.900000,81.800003,0.280000,2.240000,292.459991,84.510002,78647.703125,25.23,103.58,39.320000,PM10,2996
28.120001,38.880001,8.080000,5.480000,0.840000,81.980003,0.350000,2.260000,292.540009,84.779999,78832.632812,25.24,103.73,40.171429,PM2.5,2997
29.020000,38.770000,7.610000,4.550000,0.780000,82.949997,0.040000,2.270000,292.920013,84.500000,79549.156250,25.24,103.88,41.457142,PM2.5,2998
29.790001,39.439999,7.480000,4.460000,0.780000,81.019997,0.110000,2.010000,292.079987,87.669998,78901.968750,25.24,104.03,42.557144,PM2.5,2999
30.129999,39.689999,7.560000,4.520000,0.790000,79.930000,0.670000,1.980000,291.959991,87.980003,78736.968750,25.24,104.18,43.042854,PM2.5,3000
30.500000,39.759998,7.810000,4.330000,0.790000,80.800003,1.110000,1.940000,292.600006,86.699997,79529.289062,25.24,104.33,43.571430,PM2.5,3001
31.040001,40.700001,8.650000,4.540000,0.820000,80.860001,1.360000,2.350000,292.959991,86.750000,79951.343750,25.24,104.48,44.342857,PM2.5,3002
31.469999,41.959999,10.260000,5.230000,0.840000,80.400002,1.210000,2.690000,294.109985,85.199997,81752.132812,25.24,104.63,44.957142,PM2.5,3003
30.959999,46.169998,22.480000,9.210000,1.120000,77.980003,0.250000,2.320000,295.880005,81.949997,84763.960938,25.24,104.78,46.169998,PM10,3004
21.230000,22.200001,2.140000,1.070000,0.170000,60.180000,2.950000,-1.650000,291.179993,100.000000,79680.656250,25.16,97.91,30.328571,PM2.5,3103
19.990000,20.920000,2.290000,0.810000,0.160000,65.080002,3.010000,-3.790000,291.850006,94.250000,79530.023438,25.17,98.06,28.557142,PM2.5,3104
19.629999,20.570000,2.630000,1.130000,0.170000,66.180000,2.890000,-3.770000,292.950012,88.349998,80264.546875,25.18,98.21,28.042856,PM2.5,3105
20.850000,21.910000,3.320000,1.900000,0.180000,67.400002,1.780000,-1.560000,293.070007,85.730003,79784.609375,25.19,98.36,29.785715,PM2.5,3106
21.750000,22.969999,4.110000,2.720000,0.190000,66.050003,0.400000,0.600000,293.790009,83.129997,81012.859375,25.2,98.51,31.071428,PM2.5,3107
20.910000,22.049999,3.800000,2.660000,0.190000,65.570000,-0.720000,0.570000,294.529999,82.360001,82412.796875,25.21,98.66,29.871428,PM2.5,3108
20.180000,21.219999,2.950000,2.330000,0.180000,65.470001,-0.950000,1.110000,295.149994,82.489998,83753.640625,25.21,98.8,28.828571,PM2.5,3109
21.709999,22.950001,3.790000,2.880000,0.190000,64.339996,-0.100000,1.390000,294.390015,84.199997,82365.976562,25.22,98.95,31.014284,PM2.5,3110
27.860001,29.820000,7.470000,4.800000,0.240000,68.540001,0.480000,-0.630000,291.739990,89.510002,78145.382812,25.23,99.1,39.799999,PM2.5,3111
25.930000,27.440001,4.710000,3.420000,0.220000,68.570000,0.090000,-0.800000,292.589996,85.489998,78773.968750,25.24,99.25,37.042858,PM2.5,3112
25.209999,26.670000,4.230000,3.350000,0.210000,70.110001,-0.300000,0.670000,293.989990,83.470001,81207.906250,25.24,99.4,36.014286,PM2.5,3113
23.600000,24.900000,3.950000,3.040000,0.200000,64.790001,-0.080000,1.610000,293.100006,88.070000,80133.773438,25.25,99.55,33.714287,PM2.5,3114
24.480000,25.760000,4.040000,2.960000,0.200000,66.480003,0.700000,1.360000,292.029999,90.440002,78491.867188,25.26,99.7,34.971428,PM2.5,3115
24.020000,25.340000,4.160000,3.100000,0.210000,65.510002,1.170000,1.440000,293.459991,85.879997,80156.406250,25.26,99.85,34.314285,PM2.5,3116
22.070000,23.209999,3.400000,2.710000,0.200000,62.980000,0.560000,2.150000,294.380005,82.879997,81283.156250,25.27,100.0,31.528570,PM2.5,3117
22.629999,23.750000,3.410000,2.770000,0.210000,65.910004,0.330000,2.140000,292.790009,87.389999,79207.398438,25.28,100.15,32.328571,PM2.5,3118
24.350000,25.770000,4.410000,3.480000,0.250000,65.320000,0.860000,2.190000,292.589996,86.349998,78837.531250,25.28,100.3,34.785713,PM2.5,3119
24.990000,26.629999,4.810000,3.810000,0.270000,65.320000,1.100000,1.960000,292.799988,84.889999,78846.109375,25.29,100.44,35.700001,PM2.5,3120
24.900000,26.799999,4.850000,4.370000,0.290000,63.450001,0.730000,2.240000,293.200012,83.519997,79344.281250,25.3,100.59,35.571426,PM2.5,3121
22.879999,24.790001,3.660000,3.990000,0.280000,64.529999,0.790000,2.410000,294.010010,80.500000,80269.679688,25.3,100.74,32.685715,PM2.5,3122
22.629999,24.600000,3.020000,3.410000,0.270000,65.269997,0.830000,3.400000,293.140015,81.660004,78450.906250,25.31,100.89,32.328571,PM2.5,3123
24.709999,27.360001,3.100000,3.100000,0.300000,64.019997,0.480000,3.610000,292.079987,84.720001,77334.406250,25.31,101.04,35.299999,PM2.5,3124
25.299999,28.850000,3.600000,3.360000,0.340000,63.450001,0.390000,3.500000,292.420013,84.470001,77961.250000,25.32,101.19,36.142857,PM2.5,3125
25.290001,29.990000,4.310000,3.960000,0.380000,62.490002,0.760000,3.200000,292.670013,84.739998,78425.921875,25.32,101.34,36.128574,PM2.5,3126
25.150000,32.160000,7.020000,5.930000,0.480000,59.770000,1.210000,3.600000,293.579987,81.510002,79588.851562,25.33,101.49,35.928570,PM2.5,3127
24.959999,34.080002,8.800000,7.280000,0.580000,60.580002,0.960000,4.070000,293.859985,80.440002,80020.726562,25.33,101.64,35.657143,PM2.5,3128
23.459999,31.020000,5.190000,5.000000,0.500000,64.099998,0.310000,4.340000,293.089996,82.050003,78947.609375,25.33,101.79,33.514286,PM2.5,3129
23.670000,33.520000,6.050000,6.600000,0.580000,64.970001,-0.390000,3.660000,292.489990,84.449997,78390.476562,25.34,101.94,33.814285,PM2.5,3130
23.420000,36.660000,7.410000,9.200000,0.680000,63.389999,-0.110000,2.910000,293.100006,82.139999,79441.781250,25.34,102.09,36.660000,PM10,3131
22.860001,39.750000,8.420000,13.020000,0.760000,61.369999,0.810000,2.630000,293.489990,79.790001,79771.718750,25.35,102.24,39.750000,PM10,3132
22.910000,44.549999,10.200000,18.740000,0.850000,59.660000,0.790000,2.770000,293.119995,80.360001,78971.023438,25.35,102.39,44.549999,PM10,3133
25.719999,61.040001,18.350000,34.919998,1.210000,57.919998,-0.030000,3.060000,293.339996,80.110001,79198.351562,25.35,102.53,55.520000,PM10,3134
26.770000,56.900002,16.870001,30.120001,1.100000,65.080002,-0.380000,3.030000,292.940002,81.459999,78953.726562,25.35,102.68,53.450001,PM10,3135
26.129999,43.990002,10.890000,15.370000,0.810000,74.919998,0.060000,2.510000,292.549988,82.699997,78420.953125,25.36,102.83,43.990002,PM10,3136
25.700001,41.459999,9.920000,12.410000,0.780000,79.550003,0.570000,2.150000,293.029999,81.529999,78847.562500,25.36,102.98,41.459999,PM10,3137
25.610001,39.880001,9.460000,10.180000,0.790000,82.730003,0.730000,2.450000,293.369995,81.029999,79243.242188,25.36,103.13,39.880001,PM10,3138
26.430000,38.380001,7.980000,7.140000,0.760000,84.580002,0.610000,2.640000,293.399994,80.959999,79263.437500,25.37,103.28,38.380001,PM10,3139
27.020000,38.509998,7.620000,6.330000,0.790000,83.570000,0.460000,2.670000,293.059998,82.550003,79051.937500,25.37,103.43,38.600002,PM2.5,3140
27.580000,39.430000,8.420000,6.620000,0.870000,81.750000,0.560000,2.650000,292.470001,84.519997,78421.828125,25.37,103.58,39.430000,PM10,3141
27.629999,39.990002,9.870000,7.670000,0.940000,81.279999,0.370000,2.520000,292.739990,83.849998,78850.046875,25.37,103.73,39.990002,PM10,3142
27.879999,40.000000,10.580000,7.890000,0.950000,81.910004,0.040000,2.280000,293.019989,83.699997,79480.359375,25.37,103.88,40.000000,PM10,3143
29.730000,40.380001,9.380000,6.260000,0.860000,81.000000,0.310000,2.260000,291.760010,87.919998,78269.453125,25.37,104.03,42.471428,PM2.5,3144
30.629999,40.470001,8.740000,5.290000,0.810000,81.279999,1.100000,2.500000,291.579987,88.129997,78021.468750,25.37,104.18,43.757141,PM2.5,3145
30.639999,40.480000,8.950000,5.200000,0.840000,82.080002,1.650000,2.790000,292.459991,85.470001,78960.820312,25.38,104.33,43.771427,PM2.5,3146
30.920000,41.430000,11.840000,6.730000,0.870000,81.339996,1.390000,2.770000,293.380005,83.949997,80175.906250,25.38,104.48,44.171429,PM2.5,3147
20.440001,21.389999,2.590000,1.070000,0.170000,65.949997,2.880000,-3.630000,291.390015,93.250000,78312.757812,25.32,98.2,29.200001,PM2.5,3249
21.040001,22.090000,3.110000,1.630000,0.180000,67.760002,1.060000,-1.990000,291.950012,86.940002,77631.546875,25.32,98.35,30.057144,PM2.5,3250
20.799999,21.920000,3.280000,1.970000,0.180000,69.029999,-0.170000,0.380000,294.010010,79.680000,80547.453125,25.33,98.5,29.714285,PM2.5,3251
20.219999,21.260000,3.060000,2.000000,0.180000,68.449997,-0.480000,0.140000,294.380005,80.540001,81366.710938,25.34,98.65,28.885714,PM2.5,3252
20.170000,21.070000,2.510000,1.760000,0.170000,66.330002,-0.310000,-0.340000,293.200012,83.949997,79756.773438,25.35,98.8,28.814285,PM2.5,3253
20.930000,21.910000,2.770000,1.980000,0.180000,65.309998,0.100000,-0.340000,293.100006,84.330002,79750.382812,25.36,98.95,29.900000,PM2.5,3254
24.900000,26.270000,4.580000,3.010000,0.200000,67.540001,0.190000,-1.390000,291.570007,87.459999,77488.820312,25.36,99.09,35.571426,PM2.5,3255
25.230000,26.530001,3.930000,2.980000,0.200000,68.150002,0.230000,-1.200000,291.890015,86.070000,77600.382812,25.37,99.24,36.042858,PM2.5,3256
24.930000,26.280001,4.070000,3.320000,0.210000,71.660004,-0.090000,0.230000,293.329987,83.860001,79846.148438,25.38,99.39,35.614285,PM2.5,3257
25.400000,26.809999,4.530000,3.630000,0.210000,67.940002,-0.250000,1.610000,292.910004,87.089996,79578.890625,25.39,99.54,36.285713,PM2.5,3258
26.209999,27.700001,5.080000,3.570000,0.210000,71.190002,0.100000,0.920000,292.239990,89.300003,78438.546875,25.39,99.69,37.442856,PM2.5,3259
25.709999,27.350000,5.480000,3.930000,0.230000,68.610001,-0.050000,0.860000,293.730011,84.059998,80370.843750,25.4,99.84,36.728569,PM2.5,3260
24.240000,25.900000,5.470000,4.000000,0.240000,66.129997,-0.170000,1.650000,294.899994,80.059998,81849.617188,25.41,99.99,34.628571,PM2.5,3261
24.980000,26.440001,4.500000,3.430000,0.240000,66.040001,0.210000,1.780000,292.589996,86.989998,78869.343750,25.41,100.14,35.685715,PM2.5,3262
28.480000,30.580000,6.350000,4.570000,0.310000,67.089996,0.870000,1.480000,291.809998,88.820000,77785.132812,25.42,100.29,40.685715,PM2.5,3263
28.580000,30.969999,6.720000,4.820000,0.350000,67.169998,1.240000,1.500000,292.850006,85.040001,78866.296875,25.42,100.44,40.828571,PM2.5,3264
27.840000,30.750000,7.160000,5.790000,0.390000,64.010002,0.860000,2.670000,293.209991,83.059998,79191.367188,25.43,100.59,39.771427,PM2.5,3265
25.139999,27.910000,5.340000,5.050000,0.370000,64.959999,0.760000,2.630000,293.570007,81.550003,79526.226562,25.44,100.74,35.914284,PM2.5,3266
24.570000,27.340000,4.180000,4.260000,0.360000,64.309998,0.930000,2.690000,293.429993,80.949997,79027.296875,25.44,100.89,35.099998,PM2.5,3267
25.100000,28.219999,3.470000,3.290000,0.350000,63.540001,0.690000,3.000000,293.299988,80.480003,78655.539062,25.45,101.04,35.857143,PM2.5,3268
25.920000,29.680000,3.590000,3.190000,0.370000,62.990002,0.470000,3.780000,292.489990,83.300003,77780.687500,25.45,101.19,37.028572,PM2.5,3269
26.129999,30.889999,4.180000,3.560000,0.410000,62.119999,1.280000,3.780000,291.480011,86.099998,76605.843750,25.46,101.33,37.328571,PM2.5,3270
25.980000,32.520000,6.100000,4.820000,0.490000,60.799999,2.140000,4.270000,292.700012,82.529999,78095.476562,25.46,101.48,37.114285,PM2.5,3271
25.280001,33.889999,7.850000,6.180000,0.590000,61.070000,2.070000,5.070000,294.220001,77.889999,79973.476562,25.46,101.63,36.114288,PM2.5,3272
23.110001,31.510000,5.780000,5.200000,0.550000,63.730000,1.060000,5.360000,294.980011,74.419998,80581.546875,25.47,101.78,33.014286,PM2.5,3273
23.680000,34.139999,6.310000,6.490000,0.610000,64.279999,-0.610000,4.790000,293.670013,78.370003,79085.226562,25.47,101.93,34.139999,PM10,3274
24.870001,37.900002,7.190000,8.550000,0.670000,62.939999,-0.640000,4.100000,291.839996,84.089996,77218.101562,25.48,102.08,37.900002,PM10,3275
24.809999,40.919998,8.340000,11.630000,0.750000,61.959999,0.530000,3.090000,292.750000,80.989998,78388.789062,25.48,102.23,40.919998,PM10,3276
24.090000,44.000000,9.810000,16.040001,0.820000,61.209999,0.800000,2.610000,293.820007,77.669998,79723.789062,25.48,102.38,44.000000,PM10,3277
25.920000,53.599998,13.130000,25.080000,0.980000,62.220001,0.270000,2.750000,294.079987,77.169998,79965.187500,25.49,102.53,51.799999,PM10,3278
25.940001,49.029999,11.660000,20.250000,0.870000,69.389999,-0.420000,2.740000,294.220001,76.809998,80169.132812,25.49,102.68,49.029999,PM10,3279
25.950001,40.930000,8.490000,11.510000,0.700000,75.320000,-0.140000,2.410000,292.829987,82.199997,78721.460938,25.49,102.83,40.930000,PM10,3280
26.330000,39.980000,8.260000,9.630000,0.700000,79.129997,0.900000,2.280000,291.929993,84.500000,77380.406250,25.5,102.98,39.980000,PM10,3281
25.760000,38.919998,8.480000,8.860000,0.740000,81.540001,1.230000,2.540000,292.809998,82.169998,78311.453125,25.5,103.13,38.919998,PM10,3282
26.020000,37.720001,7.630000,6.850000,0.750000,83.260002,1.060000,2.690000,293.519989,80.419998,79250.476562,25.5,103.28,37.720001,PM10,3283
26.680000,38.369999,7.800000,6.620000,0.810000,82.690002,0.920000,2.610000,293.290009,81.129997,79055.906250,25.5,103.43,38.369999,PM10,3284
27.540001,39.730000,8.900000,7.330000,0.890000,81.410004,0.770000,2.540000,293.010010,82.639999,78925.781250,25.5,103.58,39.730000,PM10,3285
27.230000,41.689999,14.140000,13.530000,1.130000,76.879997,0.340000,2.440000,293.450012,82.080002,79665.617188,25.51,103.73,41.689999,PM10,3286
27.570000,41.939999,17.459999,16.299999,1.180000,77.800003,0.170000,2.240000,293.359985,82.779999,79808.046875,25.51,103.88,41.939999,PM10,3287
29.950001,42.639999,19.719999,14.220000,1.020000,76.309998,0.670000,2.600000,291.779999,87.410004,78081.296875,25.51,104.03,42.785717,PM2.5,3288
30.950001,42.790001,20.770000,12.200000,0.960000,77.790001,1.510000,2.560000,291.559998,87.370003,77709.242188,25.51,104.18,44.214287,PM2.5,3289
30.500000,42.919998,19.320000,10.830000,1.050000,80.169998,1.780000,2.530000,293.170013,82.690002,79558.796875,25.51,104.33,43.571430,PM2.5,3290
21.930000,22.870001,2.470000,1.080000,0.170000,63.560001,2.240000,-2.820000,289.399994,99.400002,75648.343750,25.45,98.19,31.328571,PM2.5,3395
21.730000,22.730000,2.770000,1.310000,0.180000,66.660004,0.970000,-3.000000,289.470001,93.459999,74133.289062,25.46,98.34,31.042856,PM2.5,3396
20.400000,21.430000,2.790000,1.490000,0.180000,68.430000,0.530000,-1.610000,293.049988,80.419998,78604.687500,25.47,98.49,29.142857,PM2.5,3397
20.440001,21.469999,2.780000,1.740000,0.180000,67.279999,0.180000,-1.510000,293.239990,80.559998,79128.328125,25.48,98.64,29.200001,PM2.5,3398
20.620001,21.500000,2.390000,1.600000,0.170000,65.059998,0.340000,-2.070000,291.390015,86.629997,76868.523438,25.48,98.79,29.457144,PM2.5,3399
20.680000,21.600000,2.470000,1.780000,0.170000,63.880001,0.640000,-1.560000,292.470001,83.330002,78424.046875,25.49,98.94,29.542858,PM2.5,3400
23.770000,24.940001,3.980000,2.530000,0.190000,66.860001,0.510000,-1.550000,291.200012,87.940002,76883.679688,25.5,99.09,33.957142,PM2.5,3401
25.120001,26.340000,3.740000,2.570000,0.200000,67.760002,0.840000,-0.810000,291.010010,88.129997,76483.656250,25.51,99.24,35.885715,PM2.5,3402
24.559999,25.860001,3.990000,2.760000,0.200000,73.120003,0.400000,0.450000,293.170013,82.650002,79125.187500,25.51,99.38,35.085712,PM2.5,3403
26.000000,27.469999,4.870000,3.110000,0.210000,74.180000,-0.420000,1.220000,293.459991,82.209999,79717.101562,25.52,99.53,37.142857,PM2.5,3404
26.969999,28.570000,5.580000,3.310000,0.220000,74.440002,-0.670000,0.210000,292.690002,85.449997,78595.648438,25.53,99.68,38.528572,PM2.5,3405
28.790001,30.940001,7.720000,4.580000,0.250000,72.050003,-0.650000,0.360000,292.859985,85.800003,79054.296875,25.53,99.83,41.128574,PM2.5,3406
31.120001,34.459999,12.290000,7.660000,0.310000,67.940002,-0.290000,1.150000,293.459991,83.699997,79904.906250,25.54,99.98,44.457146,PM2.5,3407
34.490002,38.790001,15.260000,9.870000,0.370000,65.889999,0.200000,1.790000,291.899994,88.570000,77826.539062,25.55,100.13,49.271431,PM2.5,3408
34.080002,38.049999,11.920000,7.820000,0.410000,68.000000,0.790000,1.790000,290.859985,90.349998,76184.929688,25.55,100.28,48.685719,PM2.5,3409
33.029999,37.180000,11.170000,7.310000,0.460000,68.610001,1.160000,2.140000,291.660004,87.589996,76857.140625,25.56,100.43,47.185711,PM2.5,3410
28.650000,32.279999,7.790000,5.730000,0.460000,65.519997,0.680000,2.980000,293.579987,80.730003,79221.796875,25.56,100.58,40.928570,PM2.5,3411
25.660000,28.990000,5.750000,4.460000,0.430000,66.970001,0.030000,2.270000,293.929993,79.989998,79740.562500,25.57,100.73,36.657143,PM2.5,3412
26.110001,29.530001,4.760000,4.010000,0.430000,65.589996,0.620000,2.040000,292.820007,82.709999,78337.429688,25.58,100.88,37.299999,PM2.5,3413
27.240000,31.120001,4.220000,3.410000,0.440000,65.059998,1.120000,2.250000,292.869995,82.320000,78292.031250,25.58,101.03,38.914284,PM2.5,3414
27.490000,32.060001,4.350000,3.500000,0.450000,62.500000,1.080000,3.620000,292.910004,81.510002,78184.171875,25.59,101.18,39.271427,PM2.5,3415
27.370001,32.930000,5.400000,3.980000,0.490000,63.200001,1.650000,3.670000,292.119995,83.220001,77002.593750,25.59,101.33,39.100002,PM2.5,3416
27.110001,33.980000,6.360000,4.530000,0.550000,61.209999,2.510000,3.960000,292.869995,80.449997,77797.742188,25.6,101.48,38.728573,PM2.5,3417
25.370001,33.799999,7.340000,5.350000,0.620000,60.720001,2.450000,4.700000,295.709991,71.709999,80997.171875,25.6,101.63,36.242859,PM2.5,3418
21.950001,31.370001,6.430000,5.620000,0.620000,62.810001,1.230000,4.870000,298.089996,64.309998,83718.476562,25.6,101.78,31.370001,PM10,3419
22.290001,33.529999,6.710000,6.710000,0.650000,64.199997,-0.090000,4.660000,296.549988,67.800003,81911.312500,25.61,101.93,33.529999,PM10,3420
24.820000,37.869999,7.240000,7.920000,0.670000,64.110001,-0.560000,4.640000,292.700012,79.089996,77453.656250,25.61,102.08,37.869999,PM10,3421
26.309999,41.980000,8.280000,10.550000,0.740000,62.599998,-0.200000,3.500000,291.869995,82.470001,76855.937500,25.62,102.23,41.980000,PM10,3422
26.230000,44.330002,9.310000,13.480000,0.790000,62.759998,0.150000,2.590000,293.100006,79.839996,78603.953125,25.62,102.38,44.330002,PM10,3423
26.459999,48.099998,10.140000,17.570000,0.810000,66.790001,0.070000,2.300000,294.470001,76.209999,80383.000000,25.62,102.53,48.099998,PM10,3424
26.160000,44.650002,9.020000,14.550000,0.740000,72.180000,-0.190000,2.360000,294.489990,75.970001,80549.281250,25.62,102.68,44.650002,PM10,3425
26.680000,39.939999,7.330000,9.170000,0.650000,75.889999,0.280000,2.820000,292.209991,82.800003,77750.117188,25.63,102.83,39.939999,PM10,3426
27.000000,39.340000,7.310000,8.040000,0.650000,78.360001,1.260000,3.010000,291.059998,85.599998,76116.960938,25.63,102.98,39.340000,PM10,3427
26.100000,38.259998,7.400000,7.660000,0.700000,79.330002,1.370000,2.790000,292.019989,83.370003,77096.851562,25.63,103.13,38.259998,PM10,3428
26.070000,37.580002,7.430000,6.720000,0.740000,81.330002,1.060000,2.740000,292.920013,81.339996,78243.492188,25.64,103.28,37.580002,PM10,3429
26.580000,38.549999,8.170000,7.190000,0.830000,81.089996,0.970000,2.440000,293.100006,81.449997,78677.929688,25.64,103.43,38.549999,PM10,3430
27.379999,40.290001,10.030000,8.910000,0.930000,79.580002,0.860000,2.400000,293.250000,81.500000,79029.921875,25.64,103.58,40.290001,PM10,3431
27.660000,44.439999,19.930000,21.389999,1.340000,70.660004,0.550000,2.390000,293.589996,81.410004,79698.226562,25.64,103.73,44.439999,PM10,3432
28.270000,45.939999,26.510000,27.660000,1.490000,67.419998,0.610000,2.280000,293.459991,82.190002,79789.421875,25.64,103.88,45.939999,PM10,3433
30.360001,45.549999,32.380001,24.870001,1.200000,68.830002,0.870000,2.650000,292.309998,85.739998,78516.250000,25.64,104.03,45.549999,PM10,3434
31.530001,46.369999,34.070000,21.860001,1.160000,70.120003,1.270000,2.470000,291.589996,88.010002,77776.578125,25.64,104.18,46.369999,PM10,3435
20.879999,21.860001,2.490000,1.150000,0.170000,67.110001,1.550000,-3.610000,290.660004,87.900002,75743.367188,25.6,98.48,29.828569,PM2.5,3540
21.000000,22.020000,2.680000,1.520000,0.180000,65.370003,0.560000,-3.080000,291.049988,86.809998,76350.453125,25.61,98.63,30.000000,PM2.5,3541
20.250000,21.090000,2.330000,1.360000,0.170000,65.330002,0.860000,-2.710000,290.750000,88.190002,76090.656250,25.62,98.78,28.928572,PM2.5,3542
19.930000,20.780001,2.300000,1.580000,0.170000,63.369999,1.490000,-2.300000,292.750000,80.699997,78267.132812,25.63,98.93,28.471430,PM2.5,3543
22.610001,23.680000,3.540000,2.190000,0.180000,64.809998,1.360000,-1.740000,292.079987,83.059998,77533.781250,25.63,99.08,32.299999,PM2.5,3544
24.299999,25.490000,3.620000,2.230000,0.190000,68.959999,1.080000,-0.340000,292.760010,80.750000,78509.171875,25.64,99.23,34.714283,PM2.5,3545
25.030001,26.299999,3.750000,2.330000,0.200000,74.570000,0.160000,1.050000,294.049988,78.010002,80163.281250,25.65,99.38,35.757145,PM2.5,3546
26.309999,27.670000,4.130000,2.360000,0.200000,76.000000,-0.660000,1.060000,292.519989,83.070000,77821.953125,25.66,99.53,37.585712,PM2.5,3547
27.959999,29.430000,4.730000,2.560000,0.210000,75.930000,-0.360000,0.320000,290.940002,89.309998,76016.062500,25.66,99.68,39.942856,PM2.5,3548
29.549999,31.600000,6.930000,3.650000,0.250000,75.529999,0.180000,0.430000,291.500000,88.800003,77072.226562,25.67,99.83,42.214283,PM2.5,3549
34.240002,38.099998,13.940000,7.960000,0.340000,71.510002,0.350000,1.070000,292.170013,86.660004,78069.796875,25.68,99.98,48.914288,PM2.5,3550
41.700001,48.250000,23.120001,14.070000,0.490000,66.239998,0.780000,1.980000,291.500000,87.940002,76827.953125,25.68,100.13,58.375000,PM2.5,3551
38.419998,44.220001,16.990000,10.320000,0.510000,69.470001,1.570000,1.910000,291.690002,86.180000,76764.843750,25.69,100.28,54.274998,PM2.5,3552
34.980000,40.639999,14.270000,8.760000,0.570000,69.330002,1.290000,2.360000,293.649994,79.339996,78870.500000,25.69,100.43,49.971428,PM2.5,3553
28.320000,32.639999,8.380000,5.640000,0.530000,67.760002,-0.160000,2.870000,294.929993,76.360001,80720.617188,25.7,100.58,40.457142,PM2.5,3554
27.129999,31.420000,6.560000,4.670000,0.520000,67.169998,-0.470000,2.310000,292.980011,82.410004,78477.593750,25.71,100.72,38.757141,PM2.5,3555
27.520000,31.780001,5.580000,4.180000,0.510000,67.230003,0.950000,2.210000,291.489990,86.529999,76549.242188,25.71,100.87,39.314285,PM2.5,3556
28.840000,33.790001,5.160000,3.630000,0.530000,67.480003,1.520000,1.810000,292.679993,82.360001,77908.093750,25.72,101.02,41.200001,PM2.5,3557
29.260000,35.029999,5.320000,3.850000,0.560000,62.869999,1.440000,2.670000,293.549988,79.360001,79038.171875,25.72,101.17,41.799999,PM2.5,3558
29.330000,36.410000,6.780000,4.480000,0.610000,62.490002,2.120000,2.590000,293.250000,79.580002,78454.703125,25.73,101.32,41.900002,PM2.5,3559
29.030001,37.180000,7.480000,4.650000,0.650000,62.639999,2.480000,2.620000,293.609985,78.349998,78577.218750,25.73,101.47,41.471428,PM2.5,3560
26.690001,36.099998,7.600000,5.060000,0.690000,60.599998,1.680000,2.760000,297.279999,67.239998,82825.210938,25.73,101.62,38.128571,PM2.5,3561
22.360001,33.290001,6.980000,5.830000,0.680000,62.060001,0.650000,3.210000,299.980011,59.990002,86026.281250,25.74,101.77,33.290001,PM10,3562
22.620001,35.369999,7.350000,7.100000,0.700000,63.220001,0.550000,3.890000,297.850006,64.239998,83467.046875,25.74,101.92,35.369999,PM10,3563
24.309999,37.869999,7.540000,7.970000,0.690000,64.379997,0.150000,4.300000,294.640015,72.250000,79376.648438,25.75,102.07,37.869999,PM10,3564
26.549999,41.480000,8.480000,9.370000,0.720000,66.160004,-0.540000,3.500000,292.100006,82.010002,76944.671875,25.75,102.22,41.480000,PM10,3565
28.190001,45.580002,9.210000,11.940000,0.790000,63.660000,-0.500000,2.750000,291.890015,84.089996,77107.117188,25.75,102.37,45.580002,PM10,3566
27.480000,45.740002,8.950000,13.230000,0.740000,69.239998,-0.330000,2.290000,293.600006,79.290001,79328.398438,25.76,102.52,45.740002,PM10,3567
26.809999,42.259998,7.680000,11.160000,0.660000,73.510002,0.150000,2.460000,293.540009,78.709999,79270.492188,25.76,102.67,42.259998,PM10,3568
27.150000,38.939999,6.530000,7.650000,0.600000,75.879997,1.170000,2.820000,291.730011,83.580002,76950.078125,25.76,102.82,38.939999,PM10,3569
26.590000,37.910000,6.590000,7.020000,0.620000,77.360001,1.830000,2.920000,291.779999,82.529999,76662.296875,25.77,102.97,37.985714,PM2.5,3570
25.230000,36.639999,6.850000,7.020000,0.680000,77.830002,1.320000,2.490000,293.269989,78.290001,78185.492188,25.77,103.12,36.639999,PM10,3571
25.370001,36.740002,7.470000,6.840000,0.740000,79.820000,0.720000,2.150000,293.559998,78.790001,78699.960938,25.77,103.27,36.740002,PM10,3572
26.340000,38.320000,8.610000,7.760000,0.830000,79.860001,0.840000,2.040000,293.170013,80.989998,78523.757812,25.77,103.42,38.320000,PM10,3573
27.400000,40.509998,11.050000,10.140000,0.950000,78.379997,0.920000,2.430000,293.359985,80.959999,78925.843750,25.77,103.57,40.509998,PM10,3574
28.450001,45.380001,21.030001,23.010000,1.330000,69.550003,0.670000,2.580000,293.309998,82.019997,79195.429688,25.78,103.72,45.380001,PM10,3575
29.420000,47.549999,27.920000,30.080000,1.510000,64.279999,0.810000,2.460000,292.880005,84.239998,79010.328125,25.78,103.87,47.549999,PM10,3576
31.030001,46.880001,34.070000,27.500000,1.220000,67.239998,1.110000,2.550000,292.429993,85.419998,78553.656250,25.78,104.02,46.880001,PM10,3577
32.209999,47.840000,35.070000,24.290001,1.180000,69.260002,1.370000,2.650000,291.619995,87.440002,77646.726562,25.78,104.17,47.840000,PM10,3578
31.910000,48.680000,31.330000,20.850000,1.350000,72.449997,1.860000,2.860000,291.829987,86.389999,77780.867188,25.78,104.32,48.680000,PM10,3579
21.750000,22.700001,2.540000,1.180000,0.170000,66.339996,1.470000,-2.810000,288.709991,97.599998,74236.187500,25.74,98.47,31.071428,PM2.5,3684
21.610001,22.549999,2.620000,1.390000,0.170000,65.209999,1.390000,-2.970000,289.359985,93.989998,74738.171875,25.75,98.62,30.871429,PM2.5,3685
20.549999,21.410000,2.310000,1.330000,0.160000,64.379997,1.520000,-2.860000,290.290009,91.080002,75668.000000,25.75,98.77,29.357141,PM2.5,3686
20.400000,21.230000,2.260000,1.530000,0.170000,63.230000,1.830000,-2.950000,291.450012,85.440002,76745.523438,25.76,98.92,29.142857,PM2.5,3687
22.400000,23.430000,3.430000,2.020000,0.180000,65.639999,1.240000,-1.800000,292.119995,81.809998,77188.679688,25.77,99.07,32.000000,PM2.5,3688
24.450001,25.680000,3.690000,2.060000,0.200000,73.360001,-0.140000,-0.280000,294.459991,74.040001,80229.281250,25.78,99.22,34.928574,PM2.5,3689
24.900000,26.160000,3.560000,2.020000,0.200000,75.639999,-0.970000,0.900000,294.649994,73.970001,80397.859375,25.78,99.37,35.571426,PM2.5,3690
26.799999,28.100000,3.800000,1.960000,0.200000,76.320000,-0.820000,0.960000,291.160004,86.540001,75759.882812,25.79,99.52,38.285713,PM2.5,3691
28.629999,30.049999,4.390000,2.110000,0.210000,78.250000,0.070000,0.750000,289.950012,91.309998,74696.546875,25.8,99.67,40.899998,PM2.5,3692
29.280001,31.129999,5.420000,2.940000,0.250000,76.330002,0.720000,0.620000,291.260010,87.360001,76438.953125,25.8,99.82,41.828571,PM2.5,3693
30.920000,33.700001,8.360000,4.680000,0.300000,76.169998,0.790000,0.860000,291.890015,86.220001,77327.953125,25.81,99.97,44.171429,PM2.5,3694
36.060001,40.720001,14.040000,8.080000,0.410000,75.669998,1.010000,1.470000,291.929993,86.290001,77302.117188,25.82,100.12,51.325001,PM2.5,3695
36.540001,41.709999,13.020000,7.330000,0.500000,75.349998,1.430000,1.310000,292.119995,84.889999,77045.359375,25.82,100.27,51.925003,PM2.5,3696
32.709999,38.099998,11.730000,6.790000,0.570000,72.470001,0.800000,1.810000,294.869995,75.570000,80278.609375,25.83,100.42,46.728569,PM2.5,3697
27.850000,32.759998,8.460000,5.410000,0.580000,68.430000,-0.390000,2.940000,295.959991,71.610001,81639.921875,25.83,100.57,39.785713,PM2.5,3698
27.910000,33.040001,6.860000,4.480000,0.560000,68.190002,-0.080000,3.080000,291.609985,85.250000,76211.078125,25.84,100.72,39.871429,PM2.5,3699
28.480000,33.740002,5.720000,3.960000,0.570000,66.889999,1.130000,2.970000,290.630005,87.510002,75124.640625,25.85,100.87,40.685715,PM2.5,3700
28.950001,35.110001,5.270000,3.360000,0.570000,70.129997,0.910000,1.480000,293.160004,80.019997,78397.000000,25.85,101.02,41.357143,PM2.5,3701
30.170000,37.430000,5.360000,3.710000,0.610000,67.650002,0.780000,1.620000,293.559998,78.629997,78955.539062,25.86,101.17,43.099998,PM2.5,3702
30.940001,39.209999,5.890000,3.950000,0.640000,65.809998,2.390000,1.950000,292.609985,81.309998,77716.953125,25.86,101.32,44.200001,PM2.5,3703
30.080000,39.340000,6.460000,4.030000,0.670000,65.790001,2.650000,2.070000,293.809998,77.059998,78618.500000,25.87,101.47,42.971428,PM2.5,3704
27.850000,38.680000,6.990000,4.460000,0.720000,63.250000,0.730000,1.820000,297.890015,65.839996,83670.796875,25.87,101.62,39.785713,PM2.5,3705
24.950001,38.349998,7.420000,5.830000,0.740000,61.540001,-0.010000,2.550000,299.179993,63.639999,85628.429688,25.87,101.77,38.349998,PM10,3706
24.530001,39.340000,8.020000,7.260000,0.750000,62.110001,0.980000,3.900000,297.420013,65.959999,83099.796875,25.88,101.92,39.340000,PM10,3707
24.260000,38.720001,7.840000,8.030000,0.710000,63.619999,0.610000,4.060000,295.989990,68.720001,81059.539062,25.88,102.07,38.720001,PM10,3708
26.750000,41.939999,8.280000,8.630000,0.720000,65.559998,-0.770000,3.970000,292.950012,78.599998,77695.648438,25.89,102.22,41.939999,PM10,3709
28.760000,44.880001,8.630000,9.930000,0.740000,65.849998,-0.850000,3.270000,291.160004,85.699997,76066.343750,25.89,102.37,44.880001,PM10,3710
28.660000,44.709999,8.180000,10.510000,0.710000,69.669998,-0.180000,2.950000,291.869995,84.290001,77150.367188,25.89,102.52,44.709999,PM10,3711
28.290001,42.240002,7.130000,9.230000,0.640000,73.120003,0.540000,3.220000,291.549988,84.169998,76663.632812,25.9,102.67,42.240002,PM10,3712
28.100000,39.000000,6.200000,6.790000,0.580000,75.599998,1.480000,2.590000,290.480011,86.650002,75191.500000,25.9,102.82,40.142857,PM2.5,3713
26.629999,37.029999,6.310000,6.270000,0.590000,77.839996,1.830000,2.280000,291.910004,81.860001,76641.710938,25.9,102.97,38.042854,PM2.5,3714
24.790001,35.310001,7.070000,6.600000,0.650000,79.540001,0.670000,1.820000,294.600006,74.040001,79753.203125,25.9,103.12,35.414288,PM2.5,3715
25.600000,36.400002,7.660000,6.500000,0.700000,82.730003,0.330000,1.620000,293.670013,78.089996,78963.859375,25.91,103.27,36.571430,PM2.5,3716
26.770000,38.299999,8.670000,7.520000,0.790000,81.110001,1.390000,1.960000,292.390015,82.410004,77557.000000,25.91,103.42,38.299999,PM10,3717
27.709999,40.090000,10.990000,9.560000,0.880000,79.480003,1.490000,2.800000,293.200012,80.610001,78526.468750,25.91,103.57,40.090000,PM10,3718
29.000000,43.950001,17.500000,17.559999,1.140000,73.760002,1.070000,3.080000,293.130005,81.769997,78752.820312,25.91,103.72,43.950001,PM10,3719
30.280001,46.009998,22.240000,21.950001,1.240000,70.400002,1.110000,2.990000,292.500000,84.150002,78243.812500,25.91,103.87,46.009998,PM10,3720
31.410000,45.680000,24.559999,19.920000,1.060000,72.860001,1.300000,2.750000,292.399994,85.190002,78341.039062,25.91,104.02,45.680000,PM10,3721
32.009998,46.200001,24.770000,18.170000,1.020000,75.059998,1.610000,2.750000,292.279999,85.650002,78324.117188,25.92,104.17,46.200001,PM10,3722
31.530001,46.810001,23.540001,16.670000,1.150000,76.129997,1.700000,2.920000,292.640015,84.419998,78715.382812,25.92,104.32,46.810001,PM10,3723
20.940001,21.799999,2.150000,1.310000,0.160000,61.279999,2.300000,-2.120000,290.230011,92.820000,76009.437500,25.89,98.76,29.914286,PM2.5,3828
21.440001,22.330000,2.270000,1.650000,0.170000,60.779999,2.190000,-2.660000,290.690002,88.900002,76124.109375,25.9,98.91,30.628572,PM2.5,3829
22.969999,23.980000,3.340000,1.990000,0.180000,63.990002,1.020000,-1.570000,290.769989,85.290001,75322.453125,25.9,99.06,32.814285,PM2.5,3830
24.790001,25.950001,3.550000,1.890000,0.190000,72.349998,-0.100000,-0.250000,292.399994,79.620003,77036.953125,25.91,99.21,35.414288,PM2.5,3831
24.980000,26.200001,3.380000,1.850000,0.190000,74.480003,-0.580000,0.020000,293.290009,76.309998,78318.992188,25.92,99.36,35.685715,PM2.5,3832
26.450001,27.719999,3.620000,1.810000,0.200000,76.220001,-0.590000,0.210000,291.019989,85.320000,75613.296875,25.93,99.51,37.785717,PM2.5,3833
27.950001,29.370001,4.240000,2.080000,0.210000,77.709999,0.040000,0.460000,291.079987,85.309998,75823.398438,25.93,99.66,39.928574,PM2.5,3834
28.629999,30.559999,5.250000,3.090000,0.260000,76.440002,0.290000,0.020000,292.070007,82.279999,77213.101562,25.94,99.81,40.899998,PM2.5,3835
29.270000,31.690001,6.090000,3.680000,0.290000,76.860001,0.400000,0.290000,291.880005,84.000000,76897.726562,25.95,99.96,41.814285,PM2.5,3836
30.719999,33.959999,7.650000,4.540000,0.340000,77.660004,1.030000,0.550000,292.679993,81.540001,77769.898438,25.95,100.11,43.885712,PM2.5,3837
32.639999,36.810001,8.730000,4.800000,0.450000,77.650002,1.730000,0.880000,292.880005,80.809998,77808.578125,25.96,100.26,46.628571,PM2.5,3838
31.290001,36.279999,9.620000,4.990000,0.570000,75.730003,1.180000,1.870000,295.000000,74.720001,80198.656250,25.96,100.41,44.700001,PM2.5,3839
28.049999,33.619999,8.530000,5.070000,0.610000,69.290001,0.650000,3.370000,296.029999,71.180000,81527.007812,25.97,100.56,40.071426,PM2.5,3840
27.690001,33.910000,7.100000,4.270000,0.590000,69.610001,0.920000,3.200000,292.769989,80.300003,77115.656250,25.98,100.71,39.557144,PM2.5,3841
28.540001,35.189999,5.850000,3.600000,0.590000,68.970001,0.580000,2.910000,291.579987,83.830002,75879.250000,25.98,100.86,40.771431,PM2.5,3842
30.250000,38.000000,5.340000,2.920000,0.580000,72.379997,0.130000,1.840000,291.679993,84.400002,76509.593750,25.99,101.01,43.214287,PM2.5,3843
31.219999,39.590000,5.310000,3.190000,0.600000,70.870003,0.940000,1.970000,291.079987,86.120003,75678.250000,25.99,101.16,44.599998,PM2.5,3844
31.860001,41.380001,5.660000,3.470000,0.640000,68.790001,2.680000,2.490000,291.459991,83.480003,75906.757812,26.0,101.31,45.514286,PM2.5,3845
30.670000,41.630001,6.200000,3.680000,0.680000,67.269997,2.160000,2.630000,293.779999,76.019997,78232.828125,26.0,101.46,43.814285,PM2.5,3846
29.370001,42.919998,7.360000,4.480000,0.760000,63.709999,-0.080000,2.490000,296.799988,69.349998,82472.882812,26.0,101.61,42.919998,PM10,3847
27.650000,43.220001,7.550000,5.560000,0.770000,61.410000,-0.040000,3.440000,297.190002,69.029999,83293.023438,26.01,101.77,43.220001,PM10,3848
26.370001,43.090000,8.140000,6.990000,0.770000,61.090000,1.270000,4.530000,296.540009,69.410004,82175.859375,26.01,101.92,43.090000,PM10,3849
24.510000,40.560001,8.400000,8.000000,0.740000,62.910000,0.920000,4.410000,296.980011,66.480003,82343.351562,26.02,102.07,40.560001,PM10,3850
25.799999,41.250000,8.330000,8.110000,0.710000,66.110001,-0.620000,4.640000,294.679993,72.139999,79333.593750,26.02,102.22,41.250000,PM10,3851
29.090000,44.509998,8.300000,8.350000,0.710000,66.949997,-0.700000,4.530000,290.549988,86.320000,75062.117188,26.02,102.37,44.509998,PM10,3852
29.719999,44.730000,7.980000,9.070000,0.690000,69.559998,0.630000,4.420000,290.079987,87.400002,74580.859375,26.03,102.52,44.730000,PM10,3853
29.139999,42.240002,7.100000,8.200000,0.640000,72.550003,0.720000,4.710000,290.700012,85.150002,75278.546875,26.03,102.67,42.240002,PM10,3854
29.600000,40.180000,6.250000,6.310000,0.580000,75.010002,1.210000,3.820000,288.640015,89.290001,72504.132812,26.03,102.82,42.285713,PM2.5,3855
28.480000,39.099998,6.780000,6.070000,0.590000,78.510002,1.480000,2.900000,290.149994,85.120003,74123.367188,26.04,102.97,40.685715,PM2.5,3856
25.840000,37.070000,7.770000,6.610000,0.640000,82.379997,0.130000,2.520000,293.720001,76.449997,78675.562500,26.04,103.12,37.070000,PM10,3857
27.590000,37.669998,7.510000,5.770000,0.630000,84.440002,0.540000,2.270000,290.869995,85.940002,75492.718750,26.04,103.27,39.414288,PM2.5,3858
28.250000,38.790001,8.360000,6.550000,0.700000,83.400002,2.190000,2.460000,290.279999,86.860001,74643.296875,26.04,103.42,40.357143,PM2.5,3859
27.520000,38.740002,10.230000,7.970000,0.770000,83.309998,2.160000,3.260000,293.329987,78.260002,78186.523438,26.04,103.57,39.314285,PM2.5,3860
28.580000,42.200001,15.230000,14.010000,0.980000,77.239998,1.410000,3.540000,293.459991,79.830002,78782.898438,26.05,103.72,42.200001,PM10,3861
30.209999,44.580002,18.680000,17.320000,1.050000,74.739998,1.270000,3.360000,292.739990,82.750000,78227.031250,26.05,103.87,44.580002,PM10,3862
31.270000,46.049999,21.549999,20.910000,1.030000,73.430000,1.440000,3.010000,292.230011,84.709999,77877.156250,26.05,104.02,46.049999,PM10,3863
31.650000,46.860001,21.900000,21.709999,1.020000,73.790001,1.800000,2.750000,292.339996,84.779999,78229.453125,26.05,104.17,46.860001,PM10,3864
31.110001,46.290001,20.379999,17.290001,1.050000,76.610001,1.500000,2.630000,293.570007,81.650002,79859.398438,26.05,104.32,46.290001,PM10,3865
21.830000,22.680000,2.120000,1.150000,0.160000,59.389999,2.290000,-1.080000,290.019989,94.629997,75938.382812,26.02,98.75,31.185715,PM2.5,3969
22.250000,23.139999,2.300000,1.430000,0.170000,59.799999,1.420000,-1.800000,290.399994,89.559998,75702.671875,26.03,98.9,31.785715,PM2.5,3970
23.200001,24.120001,2.630000,1.480000,0.170000,62.520000,0.270000,-1.190000,288.880005,90.690002,72633.203125,26.04,99.05,33.142857,PM2.5,3971
25.129999,26.150000,2.960000,1.630000,0.180000,68.080002,0.090000,-0.200000,288.480011,91.550003,71940.398438,26.05,99.2,35.899998,PM2.5,3972
24.940001,26.080000,3.180000,1.750000,0.190000,72.750000,0.400000,-0.600000,291.369995,81.870003,75652.960938,26.05,99.35,35.628571,PM2.5,3973
25.760000,26.980000,3.400000,1.750000,0.190000,74.419998,0.020000,-0.480000,291.399994,81.379997,75693.570312,26.06,99.5,36.799999,PM2.5,3974
27.389999,28.750000,3.980000,2.000000,0.200000,76.919998,-0.190000,0.080000,290.440002,85.760002,74485.203125,26.07,99.65,39.128571,PM2.5,3975
28.709999,30.690001,5.180000,3.160000,0.260000,77.290001,-0.010000,-0.490000,291.299988,83.860001,75846.156250,26.07,99.8,41.014286,PM2.5,3976
29.629999,32.110001,5.740000,3.620000,0.300000,76.970001,0.050000,0.090000,291.429993,83.120003,75875.312500,26.08,99.95,42.328571,PM2.5,3977
30.709999,33.720001,6.530000,3.890000,0.340000,77.949997,0.600000,0.370000,291.309998,84.379997,75541.617188,26.09,100.1,43.871426,PM2.5,3978
30.240000,34.139999,7.240000,3.980000,0.440000,77.870003,1.080000,0.450000,294.109985,75.830002,78912.257812,26.09,100.26,43.200001,PM2.5,3979
29.010000,34.049999,8.370000,4.270000,0.580000,75.970001,0.580000,1.050000,297.299988,68.269997,83150.320312,26.1,100.41,41.442856,PM2.5,3980
27.330000,33.450001,7.880000,4.500000,0.620000,70.220001,0.370000,2.680000,297.200012,68.000000,82952.562500,26.11,100.56,39.042858,PM2.5,3981
27.660000,35.169998,6.620000,3.820000,0.610000,69.339996,0.640000,2.310000,294.269989,75.889999,79119.250000,26.11,100.71,39.514286,PM2.5,3982
28.850000,37.139999,5.760000,3.150000,0.600000,69.570000,0.450000,2.140000,292.809998,79.760002,77594.687500,26.12,100.86,41.214287,PM2.5,3983
30.520000,39.540001,5.360000,2.600000,0.580000,71.620003,0.260000,2.900000,291.480011,84.019997,75830.593750,26.12,101.01,43.600002,PM2.5,3984
31.879999,41.259998,5.300000,2.630000,0.600000,71.220001,1.280000,2.980000,289.720001,88.559998,73405.343750,26.13,101.16,45.542854,PM2.5,3985
32.230000,43.169998,6.210000,3.120000,0.660000,68.750000,2.470000,2.510000,291.820007,79.370003,75424.281250,26.13,101.31,46.042858,PM2.5,3986
31.030001,43.889999,6.550000,3.560000,0.700000,67.300003,1.440000,2.800000,294.559998,72.940002,78884.679688,26.14,101.46,44.328571,PM2.5,3987
31.219999,47.250000,7.820000,4.500000,0.800000,63.669998,-0.020000,3.730000,295.369995,73.220001,80565.429688,26.14,101.61,47.250000,PM10,3988
29.910000,47.500000,7.660000,5.270000,0.790000,60.830002,0.720000,4.920000,295.309998,74.160004,80778.976562,26.14,101.76,47.500000,PM10,3989
24.639999,41.000000,8.770000,8.020000,0.730000,65.349998,0.560000,4.640000,297.130005,63.980000,81940.703125,26.16,102.21,41.000000,PM10,3992
27.160000,42.349998,8.290000,7.850000,0.710000,67.110001,0.580000,5.110000,293.290009,74.150002,77179.859375,26.16,102.36,42.349998,PM10,3993
28.559999,43.070000,8.070000,8.240000,0.690000,69.339996,1.340000,5.000000,291.829987,79.349998,75737.710938,26.16,102.51,43.070000,PM10,3994
27.020000,39.349998,7.230000,7.310000,0.630000,73.279999,1.350000,4.810000,293.899994,72.669998,78205.703125,26.17,102.66,39.349998,PM10,3995
28.280001,38.529999,6.490000,5.970000,0.570000,75.680000,1.410000,4.670000,291.390015,78.330002,74904.570312,26.17,102.81,40.400002,PM2.5,3996
28.930000,39.869999,7.320000,6.310000,0.600000,77.809998,1.030000,3.900000,291.100006,80.650002,74756.773438,26.17,102.97,41.328571,PM2.5,3997
26.740000,38.459999,8.510000,6.680000,0.620000,83.459999,-0.270000,4.190000,293.609985,74.589996,78151.843750,26.17,103.12,38.459999,PM10,3998
29.040001,38.740002,7.730000,5.280000,0.570000,86.040001,0.640000,3.570000,289.019989,89.330002,72857.726562,26.18,103.27,41.485714,PM2.5,3999
29.180000,39.139999,8.260000,5.930000,0.620000,84.699997,2.320000,2.910000,289.070007,87.440002,72635.210938,26.18,103.42,41.685715,PM2.5,4000
27.270000,37.880001,9.720000,7.240000,0.690000,83.400002,1.940000,3.060000,293.579987,74.730003,78021.859375,26.18,103.57,38.957142,PM2.5,4001
27.940001,40.410000,13.380000,11.350000,0.830000,81.160004,1.120000,3.590000,294.019989,76.669998,79097.453125,26.18,103.72,40.410000,PM10,4002
29.750000,43.290001,16.320000,14.720000,0.890000,78.519997,1.120000,3.660000,293.230011,80.290001,78533.390625,26.18,103.87,43.290001,PM10,4003
31.240000,46.230000,19.540001,21.900000,0.930000,74.230003,1.300000,3.540000,292.109985,83.919998,77472.312500,26.18,104.02,46.230000,PM10,4004
31.660000,47.660000,20.059999,23.570000,0.970000,72.879997,1.570000,3.250000,291.869995,85.199997,77492.023438,26.19,104.17,47.660000,PM10,4005
31.459999,46.490002,17.959999,17.510000,0.940000,77.599998,1.320000,2.720000,293.410004,81.510002,79512.773438,26.19,104.32,46.490002,PM10,4006
32.849998,48.799999,17.760000,18.280001,1.010000,74.790001,1.180000,2.580000,292.970001,85.070000,79609.531250,26.19,104.47,48.799999,PM10,4007
22.360001,23.200001,2.040000,1.070000,0.160000,57.669998,1.760000,-0.980000,289.570007,93.690002,74929.242188,26.16,98.74,31.942858,PM2.5,4111
22.340000,23.209999,2.170000,1.270000,0.170000,59.470001,0.710000,-1.040000,290.070007,89.500000,74954.882812,26.17,98.89,31.914286,PM2.5,4112
23.100000,23.959999,2.210000,1.270000,0.170000,60.480000,0.210000,-0.870000,287.779999,93.510002,71271.203125,26.17,99.04,33.000000,PM2.5,4113
24.680000,25.610001,2.480000,1.550000,0.170000,63.419998,0.460000,-0.350000,286.989990,94.370003,70024.507812,26.18,99.19,35.257145,PM2.5,4114
24.709999,25.780001,2.940000,1.650000,0.180000,71.239998,0.560000,-0.730000,289.790009,86.610001,73657.031250,26.19,99.35,35.299999,PM2.5,4115
25.620001,26.790001,3.190000,1.660000,0.190000,72.750000,0.450000,-0.490000,290.029999,85.230003,73864.226562,26.2,99.5,36.600002,PM2.5,4116
27.420000,28.700001,3.760000,1.820000,0.200000,75.559998,0.560000,0.380000,288.690002,90.529999,72231.546875,26.2,99.65,39.171429,PM2.5,4117
29.469999,31.450001,5.160000,3.080000,0.270000,76.709999,0.410000,0.080000,289.589996,89.199997,73742.250000,26.21,99.8,42.099998,PM2.5,4118
30.700001,33.250000,5.720000,3.580000,0.310000,76.559998,0.110000,0.480000,289.480011,89.040001,73339.023438,26.22,99.95,43.857143,PM2.5,4119
33.740002,36.980000,6.950000,4.020000,0.380000,79.059998,0.490000,1.320000,288.149994,94.139999,71578.093750,26.22,100.1,48.200001,PM2.5,4120
31.190001,35.259998,7.020000,3.720000,0.460000,78.320000,0.310000,0.770000,292.589996,81.760002,77129.476562,26.23,100.25,44.557144,PM2.5,4121
28.160000,33.410000,7.440000,3.740000,0.560000,76.739998,-0.570000,0.390000,297.350006,68.260002,83457.328125,26.23,100.4,40.228573,PM2.5,4122
28.040001,35.090000,7.500000,3.910000,0.620000,72.739998,-0.260000,1.580000,296.809998,69.250000,82677.718750,26.24,100.55,40.057144,PM2.5,4123
29.459999,38.380001,6.530000,3.620000,0.620000,70.080002,0.760000,2.080000,292.839996,80.660004,77501.882812,26.25,100.7,42.085712,PM2.5,4124
30.540001,40.369999,6.100000,3.250000,0.620000,70.309998,1.560000,1.990000,291.359985,85.239998,75778.882812,26.25,100.85,43.628574,PM2.5,4125
30.590000,40.860001,5.640000,2.700000,0.620000,69.339996,1.880000,3.210000,292.779999,79.080002,77299.093750,26.26,101.0,43.700001,PM2.5,4126
31.290001,42.290001,6.330000,2.790000,0.640000,70.010002,1.260000,2.640000,292.640015,77.610001,76244.476562,26.26,101.15,44.700001,PM2.5,4127
35.119999,50.529999,15.440000,4.770000,0.860000,68.339996,0.680000,1.400000,294.130005,73.949997,78139.906250,26.27,101.3,50.264999,PM10,4128
32.090000,47.919998,9.480000,3.940000,0.790000,67.860001,0.410000,2.310000,296.079987,68.650002,80715.078125,26.27,101.45,47.919998,PM10,4129
27.240000,42.040001,8.960000,7.990000,0.730000,68.010002,1.460000,3.180000,295.559998,68.510002,79961.750000,26.3,102.51,42.040001,PM10,4136
26.650000,36.770000,6.780000,5.720000,0.570000,74.320000,2.610000,3.250000,294.459991,70.779999,78610.976562,26.3,102.81,38.071426,PM2.5,4138
26.420000,37.119999,7.580000,6.270000,0.580000,75.769997,1.580000,3.160000,295.459991,67.320000,79598.726562,26.31,102.96,37.742859,PM2.5,4139
25.000000,36.209999,8.680000,6.510000,0.580000,81.980003,0.390000,4.200000,296.359985,65.180000,80799.156250,26.31,103.11,36.209999,PM10,4140
27.700001,37.709999,9.250000,6.190000,0.560000,84.639999,1.300000,3.940000,291.529999,78.550003,75117.726562,26.31,103.26,39.571430,PM2.5,4141
28.270000,38.540001,9.710000,6.700000,0.590000,84.230003,2.150000,3.210000,290.200012,81.989998,73448.421875,26.31,103.42,40.385715,PM2.5,4142
27.510000,37.790001,9.860000,6.930000,0.620000,83.790001,1.350000,2.970000,292.980011,75.449997,77117.671875,26.32,103.57,39.299999,PM2.5,4143
27.830000,39.349998,12.290000,9.860000,0.690000,83.489998,0.620000,3.380000,294.239990,75.139999,79109.203125,26.32,103.72,39.757141,PM2.5,4144
29.160000,41.740002,14.390000,12.680000,0.740000,81.790001,0.850000,3.440000,294.010010,77.180000,79103.406250,26.32,103.87,41.740002,PM10,4145
30.209999,44.290001,16.490000,18.299999,0.780000,78.169998,1.110000,3.340000,293.190002,79.940002,78469.093750,26.32,104.02,44.290001,PM10,4146
30.309999,45.480000,16.750000,19.740000,0.810000,76.190002,0.970000,3.060000,293.100006,80.660004,78638.218750,26.32,104.17,45.480000,PM10,4147
31.860001,46.529999,15.380000,15.870000,0.820000,78.349998,0.740000,2.740000,292.959991,83.430000,78965.906250,26.32,104.32,46.529999,PM10,4148
33.279999,48.730000,15.270000,16.129999,0.870000,76.400002,0.890000,2.720000,292.730011,85.790001,79247.179688,26.32,104.47,48.730000,PM10,4149
22.120001,22.950001,2.040000,0.970000,0.160000,59.009998,1.040000,-1.630000,289.579987,89.949997,74063.476562,26.29,98.73,31.600000,PM2.5,4253
22.100000,22.980000,2.190000,1.220000,0.170000,60.930000,0.440000,-1.060000,290.880005,84.739998,75547.968750,26.3,98.89,31.571428,PM2.5,4254
23.139999,24.020000,2.180000,1.310000,0.170000,60.139999,0.810000,-0.870000,288.239990,91.959999,71669.398438,26.31,99.04,33.057140,PM2.5,4255
23.900000,24.809999,2.360000,1.580000,0.170000,62.660000,0.700000,-0.770000,287.850006,91.550003,71013.281250,26.32,99.19,34.142857,PM2.5,4256
24.070000,25.110001,2.800000,1.600000,0.180000,71.260002,0.380000,-0.400000,288.739990,89.820000,72292.273438,26.32,99.34,34.385715,PM2.5,4257
26.070000,27.219999,3.090000,1.770000,0.190000,69.129997,1.080000,0.130000,287.899994,91.040001,71263.296875,26.33,99.49,37.242855,PM2.5,4258
26.620001,27.889999,3.940000,2.090000,0.200000,73.730003,1.270000,0.570000,289.029999,88.570000,72506.523438,26.34,99.64,38.028572,PM2.5,4259
27.840000,29.670000,4.880000,2.770000,0.260000,75.449997,0.360000,0.860000,290.260010,86.010002,74297.390625,26.34,99.79,39.771427,PM2.5,4260
29.980000,32.400002,5.260000,3.220000,0.300000,73.839996,0.390000,1.260000,288.640015,90.540001,72230.429688,26.35,99.94,42.828571,PM2.5,4261
33.720001,36.889999,6.410000,3.840000,0.390000,76.089996,0.900000,2.130000,287.529999,93.860001,70598.929688,26.36,100.09,48.171429,PM2.5,4262
32.549999,36.669998,6.910000,3.970000,0.490000,77.180000,0.490000,1.960000,291.540009,84.709999,75819.406250,26.36,100.24,46.500000,PM2.5,4263
30.139999,35.560001,7.350000,3.830000,0.560000,76.910004,-0.410000,1.230000,294.630005,75.889999,80007.179688,26.37,100.39,43.057140,PM2.5,4264
30.820000,39.049999,8.090000,3.960000,0.650000,74.139999,0.000000,1.690000,294.220001,77.559998,79658.453125,26.38,100.54,44.028572,PM2.5,4265
31.020000,41.450001,7.450000,3.710000,0.650000,72.250000,1.080000,2.410000,292.380005,82.269997,76890.687500,26.38,100.69,44.314285,PM2.5,4266
31.790001,43.490002,6.650000,3.240000,0.640000,71.709999,1.850000,1.780000,290.869995,86.870003,74908.843750,26.39,100.85,45.414288,PM2.5,4267
30.549999,43.200001,6.430000,2.970000,0.640000,70.489998,2.460000,1.760000,293.440002,76.940002,77760.250000,26.39,101.0,43.642857,PM2.5,4268
32.500000,49.340000,12.060000,4.520000,0.780000,67.959999,1.740000,1.270000,295.779999,69.239998,80391.718750,26.4,101.15,49.340000,PM10,4269
36.630001,61.299999,30.680000,9.120000,1.090000,63.869999,0.740000,0.480000,298.029999,63.720001,83250.757812,26.4,101.3,55.650002,PM10,4270
34.200001,58.619999,20.059999,7.400000,0.980000,65.250000,0.670000,1.610000,298.440002,62.810001,83753.812500,26.41,101.45,54.309998,PM10,4271
34.759998,61.040001,15.060000,6.210000,0.970000,66.089996,0.740000,2.790000,296.140015,71.230003,80995.046875,26.41,101.6,55.520000,PM10,4272
27.110001,38.040001,9.800000,6.450000,0.620000,80.879997,0.540000,3.310000,295.670013,68.529999,80547.109375,26.44,103.11,38.728573,PM2.5,4282
28.450001,38.959999,11.700000,7.430000,0.620000,83.019997,2.040000,3.220000,292.920013,74.720001,76932.023438,26.45,103.26,40.642857,PM2.5,4283
28.020000,38.290001,11.620000,7.710000,0.640000,83.639999,2.320000,3.250000,292.119995,75.650002,75640.429688,26.45,103.41,40.028572,PM2.5,4284
28.059999,37.820000,10.540000,6.970000,0.620000,84.250000,0.970000,3.220000,292.880005,75.300003,76859.890625,26.45,103.56,40.085712,PM2.5,4285
29.080000,39.689999,11.970000,8.910000,0.670000,84.419998,-0.080000,3.150000,293.829987,76.739998,78652.046875,26.45,103.72,41.542858,PM2.5,4286
30.139999,41.529999,13.010000,10.720000,0.700000,83.610001,0.040000,2.720000,293.950012,77.980003,79127.796875,26.45,103.87,43.057140,PM2.5,4287
30.629999,43.279999,13.890000,13.890000,0.720000,81.199997,0.350000,2.360000,293.670013,79.639999,79181.210938,26.46,104.02,43.757141,PM2.5,4288
30.510000,44.360001,13.940000,15.250000,0.740000,78.930000,0.500000,2.020000,293.649994,80.400002,79532.140625,26.46,104.17,44.360001,PM10,4289
32.080002,46.320000,13.520000,14.000000,0.750000,78.610001,0.630000,2.380000,293.049988,83.730003,79190.398438,26.46,104.32,46.320000,PM10,4290
33.110001,48.189999,13.360000,14.220000,0.750000,76.760002,0.390000,2.350000,293.269989,84.690002,79995.500000,26.46,104.47,48.189999,PM10,4291
34.230000,49.610001,12.480000,14.130000,0.680000,75.290001,-0.060000,1.830000,293.549988,85.870003,80975.023438,26.46,104.62,49.610001,PM10,4292
22.360001,23.240000,2.250000,1.240000,0.170000,60.869999,0.690000,-1.870000,290.869995,84.900002,75390.148438,26.44,98.88,31.942858,PM2.5,4392
23.350000,24.230000,2.230000,1.340000,0.170000,59.919998,0.630000,-1.100000,287.910004,93.129997,71273.570312,26.44,99.03,33.357143,PM2.5,4393
23.320000,24.219999,2.250000,1.540000,0.170000,60.000000,0.500000,-0.930000,288.309998,90.089996,71524.796875,26.45,99.18,33.314285,PM2.5,4394
23.559999,24.540001,2.590000,1.710000,0.170000,66.349998,0.500000,-0.070000,288.510010,89.669998,71682.203125,26.46,99.33,33.657143,PM2.5,4395
25.490000,26.620001,3.250000,1.920000,0.180000,67.809998,1.450000,0.310000,287.230011,91.529999,70072.976562,26.47,99.48,36.414284,PM2.5,4396
26.180000,27.500000,4.420000,2.330000,0.200000,71.529999,1.660000,0.280000,289.200012,86.180000,72390.750000,26.47,99.63,37.400002,PM2.5,4397
26.980000,28.740000,4.900000,2.740000,0.250000,73.379997,0.750000,0.810000,290.829987,82.349998,74549.609375,26.48,99.78,38.542858,PM2.5,4398
28.469999,30.799999,5.090000,3.030000,0.290000,74.760002,0.880000,1.320000,290.059998,85.199997,73668.289062,26.49,99.93,40.671429,PM2.5,4399
32.270000,35.419998,6.480000,3.780000,0.380000,75.070000,1.320000,1.740000,288.790009,89.370003,72065.703125,26.49,100.08,46.100002,PM2.5,4400
32.310001,36.389999,7.180000,3.980000,0.480000,74.820000,1.040000,2.040000,291.779999,81.900002,75816.148438,26.5,100.24,46.157146,PM2.5,4401
30.840000,36.020000,7.160000,3.730000,0.540000,74.879997,0.290000,1.720000,293.410004,78.870003,78276.523438,26.5,100.39,44.057144,PM2.5,4402
32.599998,41.419998,8.260000,4.120000,0.680000,73.430000,0.450000,2.030000,292.820007,82.190002,78009.101562,26.51,100.54,46.571426,PM2.5,4403
31.559999,43.099998,7.930000,3.790000,0.670000,74.300003,0.860000,1.650000,293.600006,78.260002,78631.312500,26.52,100.69,45.085712,PM2.5,4404
30.910000,43.630001,6.610000,3.000000,0.620000,74.650002,1.130000,0.620000,292.450012,80.910004,76874.656250,26.52,100.84,44.157143,PM2.5,4405
31.730000,47.689999,7.330000,3.400000,0.670000,72.440002,1.850000,0.300000,293.209991,77.089996,77346.640625,26.53,100.99,47.689999,PM10,4406
34.250000,57.509998,18.950001,6.470000,0.870000,68.790001,1.540000,0.320000,296.170013,68.150002,80771.117188,26.53,101.14,53.754997,PM10,4407
41.570000,79.269997,47.299999,14.530000,1.340000,62.599998,0.210000,-0.340000,298.500000,63.029999,83963.726562,26.54,101.29,64.634995,PM10,4408
30.660000,41.660000,11.180000,6.360000,0.670000,81.220001,0.560000,3.670000,293.220001,75.879997,77538.750000,26.58,103.11,43.799999,PM2.5,4420
30.889999,41.000000,11.470000,6.850000,0.620000,82.870003,2.460000,3.100000,291.410004,80.730003,75340.507812,26.58,103.26,44.128571,PM2.5,4421
28.480000,37.980000,10.880000,7.000000,0.600000,83.610001,2.580000,3.060000,293.029999,74.239998,76877.031250,26.58,103.41,40.685715,PM2.5,4422
27.780001,37.220001,10.720000,6.950000,0.610000,84.290001,0.760000,3.300000,293.970001,72.379997,78098.851562,26.59,103.56,39.685715,PM2.5,4423
30.139999,40.099998,11.700000,8.300000,0.640000,84.269997,-0.540000,3.490000,293.519989,77.860001,78296.703125,26.59,103.71,43.057140,PM2.5,4424
33.139999,45.450001,12.110000,11.850000,0.630000,81.040001,0.490000,2.010000,292.390015,85.540001,78257.343750,26.59,104.17,47.342857,PM2.5,4427
33.180000,46.310001,12.060000,12.010000,0.620000,80.120003,0.440000,2.130000,293.070007,84.489998,79445.437500,26.59,104.32,47.400002,PM2.5,4428
34.049999,47.930000,12.020000,12.610000,0.590000,78.930000,0.030000,2.010000,293.269989,85.269997,80245.992188,26.59,104.47,48.642857,PM2.5,4429
22.639999,23.510000,2.270000,1.230000,0.170000,61.070000,1.170000,-1.890000,289.519989,91.389999,73907.578125,26.57,98.87,32.342857,PM2.5,4530
23.290001,24.160000,2.180000,1.380000,0.170000,58.009998,0.820000,-1.110000,287.260010,95.040001,70433.687500,26.58,99.02,33.271431,PM2.5,4531
22.540001,23.400000,2.140000,1.440000,0.170000,58.130001,0.590000,-0.790000,288.779999,89.070000,72009.101562,26.59,99.17,32.200001,PM2.5,4532
22.139999,23.040001,2.390000,1.560000,0.170000,62.939999,0.630000,-0.420000,289.160004,87.800003,72246.359375,26.59,99.32,31.628571,PM2.5,4533
24.709999,25.870001,3.870000,2.100000,0.180000,67.769997,1.180000,-0.180000,287.700012,90.169998,70285.500000,26.6,99.47,35.299999,PM2.5,4534
25.790001,27.219999,5.660000,2.690000,0.200000,73.190002,1.340000,0.140000,288.239990,88.379997,70922.429688,26.61,99.62,36.842857,PM2.5,4535
27.030001,28.790001,5.480000,2.820000,0.250000,74.559998,1.110000,0.720000,289.160004,87.660004,72494.218750,26.62,99.77,38.614288,PM2.5,4536
28.850000,31.150000,5.270000,3.130000,0.290000,73.559998,1.000000,1.240000,289.649994,86.070000,73275.109375,26.62,99.93,41.214287,PM2.5,4537
33.230000,36.639999,7.460000,4.130000,0.390000,73.980003,1.020000,1.500000,288.640015,90.019997,71922.273438,26.63,100.08,47.471428,PM2.5,4538
32.619999,36.790001,7.820000,3.960000,0.480000,74.620003,0.870000,1.340000,291.149994,84.550003,75153.937500,26.63,100.23,46.599998,PM2.5,4539
30.750000,35.820000,7.250000,3.540000,0.530000,74.709999,0.520000,1.210000,293.429993,78.050003,78224.640625,26.64,100.38,43.928570,PM2.5,4540
32.540001,41.250000,8.190000,3.900000,0.660000,74.980003,0.270000,1.640000,292.959991,80.339996,77834.679688,26.65,100.53,46.485714,PM2.5,4541
31.850000,43.590000,7.900000,3.710000,0.660000,76.080002,0.190000,1.160000,293.369995,78.809998,78268.960938,26.65,100.68,45.500000,PM2.5,4542
32.279999,46.160000,6.720000,3.170000,0.630000,75.660004,0.940000,0.780000,291.100006,84.480003,75133.453125,26.66,100.83,46.160000,PM10,4543
34.389999,53.270000,8.110000,3.750000,0.690000,72.910004,1.650000,0.900000,290.500000,86.010002,74049.171875,26.66,100.98,51.635002,PM10,4544
36.840000,65.269997,23.900000,7.630000,0.930000,69.750000,0.890000,0.430000,294.540009,73.470001,78832.632812,26.67,101.14,57.634998,PM10,4545
44.950001,90.050003,51.060001,16.850000,1.380000,64.080002,-0.190000,-0.340000,296.829987,68.449997,82144.671875,26.67,101.29,70.025002,PM10,4546
53.340000,111.660004,79.250000,29.280001,1.780000,58.509998,-1.150000,0.430000,296.690002,70.089996,82048.507812,26.68,101.44,80.830002,PM10,4547
31.450001,42.400002,12.440000,6.380000,0.700000,80.879997,0.530000,3.620000,294.480011,72.110001,78770.703125,26.71,103.11,44.928574,PM2.5,4558
32.349998,42.060001,11.720000,6.560000,0.610000,82.559998,2.440000,3.400000,291.149994,81.709999,74890.210938,26.72,103.26,46.214283,PM2.5,4559
29.510000,38.419998,10.740000,6.650000,0.570000,83.459999,2.690000,2.940000,293.059998,74.690002,76820.656250,26.72,103.41,42.157143,PM2.5,4560
27.680000,36.750000,10.780000,6.910000,0.570000,83.910004,0.940000,3.060000,294.950012,69.870003,79218.937500,26.72,103.56,39.542858,PM2.5,4561
29.770000,39.160000,11.500000,7.810000,0.580000,84.900002,-0.330000,3.680000,294.489990,73.989998,79222.593750,26.72,103.71,42.528572,PM2.5,4562
23.430000,24.309999,2.300000,1.310000,0.170000,59.459999,1.420000,-1.060000,288.579987,96.110001,73335.843750,26.71,98.86,33.471428,PM2.5,4668
23.670000,24.549999,2.220000,1.410000,0.170000,57.150002,1.620000,-0.860000,287.119995,96.129997,70570.328125,26.71,99.01,33.814285,PM2.5,4669
22.530001,23.400000,2.190000,1.470000,0.170000,57.419998,1.250000,-0.740000,289.500000,87.620003,72981.218750,26.72,99.16,32.185715,PM2.5,4670
21.980000,22.889999,2.470000,1.530000,0.170000,62.560001,0.770000,-0.620000,289.730011,86.889999,73203.031250,26.73,99.31,31.400000,PM2.5,4671
23.530001,24.600000,3.550000,1.900000,0.180000,66.809998,1.330000,-0.390000,287.730011,90.370003,70364.078125,26.74,99.46,33.614288,PM2.5,4672
25.170000,26.520000,5.500000,2.610000,0.190000,72.139999,1.580000,0.180000,287.320007,89.989998,69662.406250,26.74,99.62,35.957142,PM2.5,4673
26.299999,27.950001,5.320000,2.650000,0.240000,73.620003,1.550000,0.890000,288.589996,87.860001,71525.187500,26.75,99.77,37.571426,PM2.5,4674
28.010000,30.139999,5.220000,2.920000,0.280000,72.959999,1.360000,1.690000,289.320007,86.000000,72638.023438,26.76,99.92,40.014286,PM2.5,4675
33.099998,36.509998,7.880000,4.240000,0.380000,74.330002,0.960000,1.880000,288.950012,88.680000,72154.257812,26.76,100.07,47.285713,PM2.5,4676
33.110001,37.349998,8.220000,4.270000,0.470000,76.480003,0.300000,1.030000,290.570007,87.120003,74689.750000,26.77,100.22,47.299999,PM2.5,4677
31.430000,36.430000,7.350000,3.610000,0.520000,76.019997,0.400000,0.830000,292.239990,81.419998,76804.289062,26.78,100.37,44.900002,PM2.5,4678
32.240002,40.279999,7.810000,3.480000,0.620000,77.160004,0.390000,1.250000,292.519989,80.940002,77178.648438,26.78,100.52,46.057144,PM2.5,4679
31.920000,42.869999,7.550000,3.420000,0.640000,77.440002,0.040000,1.760000,292.640015,80.400002,77334.203125,26.79,100.68,45.599998,PM2.5,4680
33.160000,46.590000,6.580000,3.120000,0.620000,76.419998,1.030000,2.350000,289.500000,88.790001,73030.226562,26.79,100.83,47.371429,PM2.5,4681
35.529999,53.889999,7.240000,3.450000,0.680000,74.599998,1.550000,2.080000,288.489990,92.080002,71609.718750,26.8,100.98,51.945000,PM10,4682
36.070000,60.880001,13.920000,4.830000,0.820000,75.180000,0.810000,1.060000,292.970001,78.290001,77119.023438,26.8,101.13,55.440002,PM10,4683
40.259998,76.139999,30.879999,9.720000,1.090000,72.910004,0.380000,0.050000,296.279999,68.820000,81509.117188,26.81,101.28,63.070000,PM10,4684
32.310001,45.639999,15.910000,6.860000,0.830000,80.349998,-0.630000,1.490000,299.609985,58.380001,85302.343750,26.85,102.95,46.157146,PM2.5,4695
32.139999,42.320000,12.360000,6.020000,0.610000,82.629997,0.650000,3.100000,294.850006,71.570000,79428.781250,26.85,103.1,45.914284,PM2.5,4696
32.669998,41.810001,11.440000,6.020000,0.510000,83.800003,2.830000,4.150000,291.970001,78.669998,75656.992188,26.85,103.25,46.671425,PM2.5,4697
29.770000,38.279999,10.480000,6.160000,0.450000,84.180000,2.260000,3.110000,293.609985,72.849998,77206.109375,26.85,103.41,42.528572,PM2.5,4698
28.280001,36.970001,10.520000,6.680000,0.440000,84.230003,0.230000,2.640000,295.329987,69.260002,79730.406250,26.86,103.56,40.400002,PM2.5,4699
29.809999,38.910000,11.050000,7.370000,0.440000,85.760002,-0.500000,3.330000,295.130005,72.379997,80040.023438,26.86,103.71,42.585712,PM2.5,4700
23.790001,24.709999,2.550000,1.460000,0.170000,58.770000,1.620000,-0.110000,288.839996,95.400002,73885.492188,26.84,98.85,33.985714,PM2.5,4806
23.950001,24.860001,2.440000,1.480000,0.170000,57.160000,2.410000,-0.420000,287.269989,96.629997,70992.906250,26.85,99.0,34.214287,PM2.5,4807
22.639999,23.530001,2.310000,1.530000,0.170000,57.930000,2.010000,-0.380000,289.970001,86.010002,73508.546875,26.86,99.15,32.342857,PM2.5,4808
22.180000,23.090000,2.620000,1.780000,0.170000,62.830002,1.080000,-0.270000,290.290009,85.269997,74075.546875,26.86,99.3,31.685715,PM2.5,4809
23.260000,24.180000,2.740000,1.850000,0.170000,64.250000,1.450000,-0.060000,287.140015,92.440002,69641.937500,26.87,99.46,33.228573,PM2.5,4810
24.950001,26.020000,3.670000,1.790000,0.180000,68.400002,1.690000,0.610000,285.869995,93.480003,67751.117188,26.88,99.61,35.642857,PM2.5,4811
25.690001,27.080000,4.270000,2.230000,0.220000,70.610001,1.560000,0.730000,288.630005,85.419998,71004.609375,26.89,99.76,36.700001,PM2.5,4812
26.250000,28.150000,4.760000,2.780000,0.260000,73.260002,0.940000,1.140000,291.390015,78.209999,74563.007812,26.89,99.91,37.500000,PM2.5,4813
30.930000,34.299999,7.930000,4.960000,0.360000,74.470001,-0.130000,1.550000,291.260010,80.370003,74700.687500,26.9,100.06,44.185715,PM2.5,4814
32.369999,36.570000,8.140000,4.890000,0.440000,77.339996,-0.410000,0.990000,290.019989,86.629997,73629.093750,26.9,100.21,46.242855,PM2.5,4815
32.900002,37.860001,7.890000,4.260000,0.510000,77.769997,0.880000,1.750000,289.190002,90.940002,72769.101562,26.91,100.37,47.000004,PM2.5,4816
32.799999,39.799999,7.630000,3.500000,0.590000,78.199997,1.140000,2.350000,290.470001,87.480003,74542.273438,26.92,100.52,46.857143,PM2.5,4817
31.610001,40.990002,6.940000,2.980000,0.590000,78.410004,0.430000,2.400000,291.769989,82.860001,76236.476562,26.92,100.67,45.157143,PM2.5,4818
32.619999,44.720001,6.430000,3.060000,0.600000,76.370003,0.970000,2.720000,289.950012,86.629997,73534.257812,26.93,100.82,46.599998,PM2.5,4819
35.130001,51.939999,6.900000,3.240000,0.660000,75.459999,1.400000,2.200000,288.609985,90.540001,71838.687500,26.93,100.97,50.970001,PM10,4820
37.180000,60.230000,10.940000,3.700000,0.780000,76.750000,1.010000,1.670000,290.500000,86.330002,74390.703125,26.94,101.13,55.114998,PM10,4821
35.730000,47.939999,15.820000,6.460000,0.730000,84.320000,-1.630000,1.950000,297.079987,65.739998,82484.859375,26.98,102.95,50.912498,PM2.5,4833
35.990002,45.730000,12.810000,5.950000,0.560000,82.790001,1.850000,3.800000,292.750000,79.239998,77332.593750,26.99,103.1,51.237503,PM2.5,4834
33.290001,41.849998,11.620000,5.880000,0.450000,84.540001,3.410000,3.740000,294.230011,72.449997,78181.390625,26.99,103.25,47.557144,PM2.5,4835
29.770000,38.110001,10.980000,6.220000,0.400000,84.169998,1.240000,1.860000,296.100006,67.110001,80335.492188,26.99,103.4,42.528572,PM2.5,4836
30.350000,39.099998,11.230000,6.970000,0.390000,84.430000,-0.400000,2.320000,295.559998,70.580002,80372.617188,26.99,103.56,43.357143,PM2.5,4837
31.730000,40.880001,11.380000,7.290000,0.390000,85.879997,-0.510000,3.080000,294.730011,74.660004,79732.742188,26.99,103.71,45.328571,PM2.5,4838
23.860001,24.799999,2.560000,1.420000,0.170000,60.930000,1.360000,0.020000,289.170013,93.739998,74111.617188,26.98,98.84,34.085716,PM2.5,4944
24.260000,25.190001,2.480000,1.510000,0.170000,59.060001,2.660000,0.020000,286.859985,97.419998,70333.296875,26.98,98.99,34.657143,PM2.5,4945
22.420000,23.330000,2.430000,1.510000,0.170000,61.459999,2.020000,-0.200000,290.279999,83.970001,73860.671875,26.99,99.14,32.028572,PM2.5,4946
21.860001,22.820000,3.080000,2.050000,0.170000,65.620003,0.860000,-0.360000,290.709991,83.029999,74521.460938,27.0,99.3,31.228573,PM2.5,4947
23.610001,24.580000,3.260000,2.400000,0.170000,63.779999,1.910000,0.230000,286.700012,93.669998,69129.562500,27.01,99.45,33.728573,PM2.5,4948
24.670000,25.700001,3.450000,2.050000,0.180000,66.349998,1.820000,0.590000,286.529999,92.290001,68402.953125,27.01,99.6,35.242859,PM2.5,4949
26.059999,27.559999,4.680000,2.730000,0.220000,71.010002,0.410000,0.200000,289.220001,85.129997,71818.781250,27.02,99.75,37.228569,PM2.5,4950
26.209999,28.299999,5.280000,3.170000,0.260000,76.160004,-0.670000,0.590000,292.809998,74.129997,76234.937500,27.03,99.9,37.442856,PM2.5,4951
27.610001,30.270000,5.780000,3.530000,0.290000,78.099998,-0.750000,1.210000,291.809998,76.639999,75015.476562,27.03,100.06,39.442860,PM2.5,4952
30.040001,33.270000,5.670000,3.200000,0.350000,76.580002,0.930000,1.980000,286.989990,93.320000,69491.757812,27.04,100.21,42.914288,PM2.5,4953
31.650000,35.779999,6.450000,3.400000,0.450000,76.570000,2.590000,3.130000,287.649994,92.180000,70213.382812,27.05,100.36,45.214287,PM2.5,4954
30.840000,36.520000,6.670000,3.000000,0.520000,77.559998,1.160000,3.280000,291.369995,81.690002,74895.570312,27.05,100.51,44.057144,PM2.5,4955
30.980000,38.790001,6.510000,2.730000,0.550000,79.199997,-0.190000,2.720000,291.369995,83.680000,75526.046875,27.06,100.66,44.257141,PM2.5,4956
32.200001,42.669998,6.380000,3.060000,0.580000,76.889999,0.820000,2.510000,289.480011,88.529999,73076.007812,27.06,100.82,46.000000,PM2.5,4957
34.700001,49.470001,6.810000,3.230000,0.640000,76.250000,1.710000,2.610000,287.809998,91.919998,70795.859375,27.07,100.97,49.571430,PM2.5,4958
37.369999,57.869999,9.460000,3.350000,0.740000,77.250000,1.450000,3.040000,288.309998,92.930000,71704.273438,27.07,101.12,53.934998,PM10,4959
40.639999,51.860001,15.680000,6.140000,0.670000,83.860001,-0.160000,3.380000,293.260010,78.449997,78067.750000,27.12,102.95,57.049999,PM2.5,4971
39.160000,48.660000,13.400000,6.000000,0.530000,84.620003,2.410000,4.440000,292.760010,78.400002,76873.906250,27.12,103.1,55.200001,PM2.5,4972
34.540001,43.020000,12.590000,6.160000,0.420000,85.330002,1.180000,1.680000,296.679993,66.449997,81287.882812,27.12,103.25,49.342857,PM2.5,4973
33.480000,42.389999,13.030000,6.830000,0.360000,87.459999,-0.850000,0.400000,297.420013,66.250000,82857.078125,27.13,103.4,47.828571,PM2.5,4974
33.220001,42.410000,12.400000,7.410000,0.340000,86.239998,-0.690000,2.250000,295.660004,71.029999,80669.476562,27.13,103.55,47.457146,PM2.5,4975
24.139999,25.080000,2.400000,1.320000,0.170000,62.639999,1.570000,0.120000,288.339996,94.989998,72991.328125,27.11,98.83,34.485714,PM2.5,5082
24.240000,25.170000,2.350000,1.400000,0.170000,61.250000,2.770000,0.540000,286.660004,96.440002,69912.781250,27.12,98.98,34.628571,PM2.5,5083
22.309999,23.230000,2.390000,1.370000,0.170000,63.430000,2.070000,-1.000000,290.010010,83.629997,73651.382812,27.13,99.14,31.871428,PM2.5,5084
22.059999,23.049999,3.190000,2.080000,0.170000,66.120003,1.240000,-0.850000,290.100006,84.699997,73892.140625,27.14,99.29,31.514284,PM2.5,5085
23.639999,24.650000,3.660000,2.640000,0.180000,64.419998,2.480000,0.330000,287.260010,92.309998,69849.320312,27.14,99.44,33.771427,PM2.5,5086
24.290001,25.370001,3.830000,2.310000,0.180000,70.559998,1.640000,0.030000,289.160004,85.839996,71481.343750,27.15,99.59,34.700001,PM2.5,5087
25.379999,26.879999,4.980000,2.650000,0.210000,76.440002,-0.080000,-0.080000,290.079987,82.660004,72726.609375,27.16,99.74,36.257141,PM2.5,5088
25.620001,27.420000,5.010000,2.720000,0.230000,77.820000,-0.250000,0.920000,289.799988,83.739998,72560.046875,27.16,99.9,36.600002,PM2.5,5089
26.600000,28.690001,4.450000,2.380000,0.250000,77.720001,0.670000,2.400000,288.679993,87.500000,71472.523438,27.17,100.05,38.000000,PM2.5,5090
29.490000,32.259998,4.890000,2.750000,0.300000,76.180000,2.130000,3.250000,286.029999,93.019997,67816.406250,27.18,100.2,42.128571,PM2.5,5091
29.920000,33.480000,5.500000,2.930000,0.390000,75.730003,1.290000,2.600000,289.339996,84.139999,71673.773438,27.18,100.35,42.742859,PM2.5,5092
28.920000,33.650002,5.870000,2.450000,0.460000,79.309998,-0.590000,2.410000,293.100006,75.709999,76894.320312,27.19,100.51,41.314285,PM2.5,5093
30.410000,36.669998,6.080000,2.380000,0.500000,79.349998,-0.260000,3.070000,290.299988,86.430000,73911.921875,27.19,100.66,43.442856,PM2.5,5094
32.049999,40.570000,6.200000,2.890000,0.550000,76.489998,1.640000,3.490000,288.100006,92.070000,71277.109375,27.2,100.81,45.785713,PM2.5,5095
33.660000,45.459999,6.610000,3.040000,0.600000,76.220001,2.760000,3.820000,287.690002,89.860001,70242.390625,27.2,100.96,48.085712,PM2.5,5096
41.509998,51.740002,15.890000,5.800000,0.620000,84.000000,1.340000,2.570000,294.029999,76.779999,78919.593750,27.25,102.94,58.137497,PM2.5,5109
40.180000,49.610001,14.070000,6.170000,0.500000,84.879997,0.960000,2.410000,295.019989,72.610001,79646.562500,27.26,103.09,56.474998,PM2.5,5110
38.820000,47.669998,13.730000,6.280000,0.400000,87.519997,-0.800000,0.770000,295.130005,73.610001,80090.171875,27.26,103.25,54.775002,PM2.5,5111
37.130001,45.990002,13.150000,6.480000,0.350000,89.510002,-0.850000,0.530000,294.809998,75.559998,80017.601562,27.26,103.4,52.662502,PM2.5,5112
36.160000,46.029999,13.730000,8.000000,0.350000,86.330002,-0.330000,1.650000,294.859985,76.019997,80312.843750,27.26,103.55,51.450001,PM2.5,5113
35.830002,46.000000,13.110000,7.680000,0.330000,87.220001,-0.200000,2.020000,294.309998,78.230003,79818.023438,27.26,103.7,51.037502,PM2.5,5114
24.200001,25.170000,2.440000,1.290000,0.170000,63.930000,1.930000,1.040000,288.339996,94.830002,72937.468750,27.25,98.82,34.571430,PM2.5,5221
23.620001,24.559999,2.430000,1.320000,0.170000,64.730003,2.410000,0.660000,287.850006,94.320000,71775.570312,27.26,98.98,33.742859,PM2.5,5222
22.299999,23.240000,2.410000,1.240000,0.170000,66.730003,2.040000,-1.220000,289.359985,88.610001,73515.343750,27.26,99.13,31.857141,PM2.5,5223
22.610001,23.580000,2.900000,1.760000,0.170000,66.150002,2.300000,-0.730000,288.410004,91.339996,72134.281250,27.27,99.28,32.299999,PM2.5,5224
22.980000,23.959999,3.280000,2.140000,0.170000,66.680000,2.660000,0.440000,287.880005,91.690002,70717.976562,27.28,99.43,32.828571,PM2.5,5225
24.020000,25.120001,3.750000,2.190000,0.180000,72.629997,1.260000,0.150000,289.950012,83.980003,72625.773438,27.28,99.58,34.314285,PM2.5,5226
25.440001,26.809999,4.370000,2.340000,0.200000,77.639999,0.570000,0.650000,287.910004,88.629997,70110.148438,27.29,99.74,36.342857,PM2.5,5227
26.030001,27.580000,4.270000,2.260000,0.210000,75.379997,1.890000,1.810000,285.429993,95.029999,66882.562500,27.3,99.89,37.185715,PM2.5,5228
26.400000,28.230000,4.230000,2.240000,0.230000,75.680000,2.720000,3.350000,287.470001,88.949997,69371.687500,27.3,100.04,37.714287,PM2.5,5229
27.230000,29.580000,4.280000,2.410000,0.270000,74.570000,1.350000,2.390000,289.250000,82.430000,71326.820312,27.31,100.19,38.899998,PM2.5,5230
28.969999,31.930000,4.630000,2.330000,0.330000,76.680000,-0.540000,1.270000,289.519989,86.059998,72514.156250,27.32,100.35,41.385712,PM2.5,5231
28.670000,32.369999,5.100000,1.920000,0.380000,80.199997,-0.500000,1.870000,290.429993,85.599998,74097.382812,27.32,100.5,40.957142,PM2.5,5232
29.790001,34.669998,5.550000,1.940000,0.440000,79.080002,0.960000,3.260000,288.600006,91.480003,71887.507812,27.33,100.65,42.557144,PM2.5,5233
31.510000,38.369999,6.370000,2.670000,0.530000,76.779999,2.560000,3.820000,288.190002,90.400002,71163.046875,27.33,100.8,45.014286,PM2.5,5234
31.940001,41.060001,6.720000,2.860000,0.570000,75.419998,2.720000,3.270000,289.130005,84.889999,71725.367188,27.34,100.96,45.628571,PM2.5,5235
38.500000,47.209999,13.600000,4.880000,0.530000,84.430000,0.990000,-0.030000,296.059998,70.300003,81121.859375,27.39,102.94,54.375000,PM2.5,5248
38.209999,47.270000,13.220000,5.840000,0.450000,86.239998,0.180000,0.400000,297.290009,67.500000,83017.656250,27.39,103.09,54.012497,PM2.5,5249
39.480000,48.750000,13.570000,6.340000,0.390000,87.779999,-0.550000,2.340000,294.100006,76.410004,78754.093750,27.39,103.24,55.599998,PM2.5,5250
39.470001,48.790001,13.190000,6.540000,0.360000,88.739998,-0.040000,1.920000,291.790009,85.809998,76406.406250,27.4,103.4,55.587502,PM2.5,5251
39.400002,50.520000,15.620000,8.840000,0.380000,87.199997,0.150000,1.070000,293.559998,81.889999,79155.273438,27.4,103.55,55.500000,PM2.5,5252
38.720001,50.009998,14.360000,8.210000,0.370000,87.610001,0.160000,1.750000,292.959991,84.889999,78700.296875,27.4,103.7,54.650002,PM2.5,5253
38.400002,49.340000,12.920000,7.100000,0.350000,88.940002,2.290000,2.250000,292.100006,87.269997,77461.953125,27.4,103.86,54.250000,PM2.5,5254
33.459999,45.299999,11.760000,7.310000,0.360000,89.930000,0.740000,2.250000,296.609985,71.919998,82757.000000,27.4,104.16,47.799999,PM2.5,5256
36.189999,49.680000,11.100000,8.920000,0.390000,87.080002,1.560000,1.580000,296.140015,74.660004,82696.640625,27.41,104.62,51.487499,PM2.5,5259
36.990002,52.959999,13.410000,12.800000,0.440000,83.269997,-0.350000,1.340000,296.859985,72.089996,83632.359375,27.41,104.77,52.487503,PM2.5,5260
37.610001,54.240002,15.040000,14.210000,0.440000,81.889999,-1.390000,2.850000,296.649994,73.040001,83478.976562,27.41,104.92,53.262501,PM2.5,5261
22.650000,23.610001,2.420000,1.060000,0.170000,67.309998,1.840000,1.300000,290.500000,87.669998,75749.976562,27.38,98.81,32.357143,PM2.5,5366
22.799999,23.750000,2.410000,1.240000,0.170000,66.680000,2.120000,0.360000,289.260010,91.680000,74070.523438,27.39,98.97,32.571426,PM2.5,5367
22.540001,23.500000,2.480000,1.320000,0.170000,67.980003,2.180000,-0.370000,288.220001,93.779999,72380.421875,27.4,99.12,32.200001,PM2.5,5368
22.780001,23.700001,2.340000,1.400000,0.170000,64.779999,3.010000,0.260000,286.940002,94.650002,70080.382812,27.41,99.27,32.542858,PM2.5,5369
22.230000,23.139999,2.430000,1.540000,0.170000,65.559998,2.700000,0.540000,288.440002,89.620003,71294.703125,27.41,99.42,31.757143,PM2.5,5370
23.910000,25.000000,3.360000,2.190000,0.180000,71.129997,1.160000,0.510000,289.959991,84.330002,72744.476562,27.42,99.58,34.157143,PM2.5,5371
25.559999,26.830000,3.630000,2.010000,0.190000,74.010002,1.790000,1.510000,285.929993,94.800003,67758.250000,27.43,99.73,36.514286,PM2.5,5372
25.650000,27.059999,3.630000,1.930000,0.200000,73.849998,2.980000,2.190000,285.010010,93.279999,65957.093750,27.43,99.88,36.642857,PM2.5,5373
25.389999,27.030001,3.760000,2.120000,0.210000,73.199997,1.820000,2.340000,288.540009,82.129997,69994.031250,27.44,100.03,36.271427,PM2.5,5374
25.620001,27.559999,3.680000,1.780000,0.230000,77.680000,0.450000,1.620000,289.109985,83.360001,71077.101562,27.45,100.19,36.600002,PM2.5,5375
28.400000,30.860001,4.030000,1.840000,0.280000,76.900002,0.550000,2.800000,286.989990,92.949997,69178.531250,27.45,100.34,40.571426,PM2.5,5376
28.290001,31.230000,4.530000,1.660000,0.320000,80.419998,0.900000,3.120000,287.880005,92.639999,70659.421875,27.46,100.49,40.414288,PM2.5,5377
28.360001,32.070000,4.850000,1.560000,0.370000,78.660004,1.680000,3.150000,288.339996,91.349998,71141.703125,27.46,100.65,40.514286,PM2.5,5378
29.620001,34.680000,5.790000,2.140000,0.450000,77.199997,2.610000,3.240000,288.589996,89.480003,71290.140625,27.47,100.8,42.314285,PM2.5,5379
38.029999,47.230000,12.760000,5.720000,0.390000,88.570000,0.400000,2.690000,295.890015,71.910004,81110.906250,27.53,103.24,53.787498,PM2.5,5395
39.270000,48.430000,12.810000,5.910000,0.360000,89.430000,-0.030000,3.250000,292.200012,83.809998,76656.156250,27.53,103.39,55.337502,PM2.5,5396
40.660000,51.310001,14.050000,7.180000,0.390000,88.720001,0.610000,1.780000,291.570007,88.449997,76635.039062,27.53,103.55,57.075001,PM2.5,5397
40.230000,51.270000,13.360000,6.800000,0.390000,89.989998,1.580000,2.320000,292.260010,88.839996,78106.593750,27.54,103.7,56.537498,PM2.5,5398
39.770000,51.369999,13.040000,6.700000,0.400000,90.129997,3.070000,2.750000,293.519989,83.480003,79228.281250,27.54,103.85,55.962502,PM2.5,5399
36.610001,48.990002,12.660000,6.970000,0.420000,91.389999,2.360000,1.050000,297.190002,72.989998,83683.328125,27.54,104.01,52.012501,PM2.5,5400
35.790001,48.480000,12.100000,7.410000,0.410000,89.930000,-0.200000,1.810000,296.959991,73.309998,83643.296875,27.54,104.16,50.987503,PM2.5,5401
38.740002,51.169998,11.330000,6.970000,0.410000,89.519997,0.100000,3.120000,293.929993,82.699997,80032.718750,27.54,104.31,54.675003,PM2.5,5402
38.529999,51.450001,11.000000,7.460000,0.420000,87.989998,1.770000,2.570000,294.750000,80.070000,81164.710938,27.54,104.46,54.412498,PM2.5,5403
37.270000,51.389999,11.230000,8.890000,0.440000,86.290001,0.760000,1.560000,296.869995,74.010002,83856.851562,27.54,104.62,52.837502,PM2.5,5404
39.549999,55.610001,12.580000,11.670000,0.490000,83.239998,-1.060000,1.530000,296.790009,74.379997,84013.156250,27.54,104.77,55.687500,PM2.5,5405
40.430000,56.490002,13.520000,12.390000,0.480000,82.809998,-1.190000,2.540000,296.500000,74.919998,83609.218750,27.54,104.92,56.787498,PM2.5,5406
39.869999,55.220001,13.740000,11.880000,0.440000,82.419998,-0.760000,3.450000,296.600006,73.910004,83614.382812,27.54,105.08,56.087498,PM2.5,5407
38.830002,56.439999,15.260000,12.320000,0.460000,79.360001,-0.840000,3.970000,296.440002,75.550003,83665.421875,27.54,105.23,54.787502,PM2.5,5408
21.920000,22.820000,2.280000,1.000000,0.160000,68.809998,1.020000,0.710000,290.390015,86.769997,75759.046875,27.52,98.81,31.314285,PM2.5,5517
22.030001,22.920000,2.260000,1.070000,0.160000,69.040001,1.720000,0.460000,288.649994,92.070000,73288.320312,27.53,98.96,31.471430,PM2.5,5518
22.580000,23.500000,2.330000,1.240000,0.160000,67.379997,2.940000,0.620000,286.450012,96.739998,69730.007812,27.53,99.11,32.257141,PM2.5,5519
22.549999,23.440001,2.340000,1.500000,0.160000,67.389999,2.960000,0.940000,286.549988,94.150002,69241.132812,27.54,99.26,32.214283,PM2.5,5520
22.670000,23.590000,2.510000,1.910000,0.170000,66.870003,1.310000,0.720000,288.540009,89.010002,71427.843750,27.55,99.42,32.385715,PM2.5,5521
23.320000,24.340000,3.010000,2.050000,0.180000,71.449997,0.760000,0.970000,288.920013,87.220001,71628.546875,27.56,99.57,33.314285,PM2.5,5522
25.120001,26.370001,3.730000,2.000000,0.190000,73.059998,2.110000,1.910000,285.320007,95.470001,66866.742188,27.56,99.72,35.885715,PM2.5,5523
24.969999,26.360001,4.000000,2.000000,0.190000,73.900002,2.870000,1.460000,285.160004,91.809998,66101.007812,27.57,99.87,35.671429,PM2.5,5524
24.870001,26.370001,3.800000,1.940000,0.200000,73.699997,2.210000,1.730000,287.250000,85.339996,68348.578125,27.58,100.03,35.528572,PM2.5,5525
25.910000,27.610001,3.560000,1.720000,0.220000,74.750000,2.530000,3.180000,286.329987,89.360001,67658.296875,27.58,100.18,37.014286,PM2.5,5526
26.990000,29.070000,3.720000,1.710000,0.240000,75.010002,2.490000,4.240000,287.600006,86.669998,69043.710938,27.59,100.33,38.557144,PM2.5,5527
27.030001,29.540001,4.010000,1.550000,0.270000,77.389999,1.130000,4.070000,289.019989,84.769997,71103.390625,27.59,100.49,38.614288,PM2.5,5528
28.230000,31.290001,4.330000,1.440000,0.310000,77.529999,1.620000,3.680000,287.299988,91.980003,69507.492188,27.6,100.64,40.328571,PM2.5,5529
28.980000,32.779999,5.040000,1.840000,0.370000,79.000000,2.120000,2.690000,287.720001,90.980003,69845.289062,27.6,100.79,41.399998,PM2.5,5530
39.980000,49.180000,12.290000,5.350000,0.370000,89.809998,-0.050000,3.200000,293.309998,81.559998,78472.031250,27.67,103.39,56.224998,PM2.5,5547
41.570000,51.880001,13.250000,5.980000,0.390000,90.629997,1.230000,3.690000,291.519989,87.660004,76122.593750,27.67,103.55,58.212502,PM2.5,5548
40.770000,52.070000,13.070000,6.200000,0.420000,90.940002,1.950000,3.340000,293.700012,82.709999,79200.117188,27.67,103.7,57.212502,PM2.5,5549
39.349998,51.799999,13.020000,6.460000,0.450000,92.599998,1.750000,1.760000,296.989990,75.040001,83623.046875,27.67,103.85,55.437500,PM2.5,5550
38.270000,51.740002,12.490000,6.850000,0.470000,92.820000,0.030000,0.170000,298.700012,71.070000,86150.398438,27.67,104.0,54.087502,PM2.5,5551
39.889999,53.529999,11.790000,7.310000,0.470000,91.110001,-0.930000,1.690000,296.799988,76.930000,84137.546875,27.68,104.16,56.112499,PM2.5,5552
40.360001,53.759998,11.120000,7.110000,0.460000,89.989998,0.590000,3.080000,295.559998,79.760002,82471.882812,27.68,104.31,56.700001,PM2.5,5553
39.430000,53.220001,10.900000,7.540000,0.470000,89.239998,1.240000,2.420000,296.720001,76.029999,83731.671875,27.68,104.46,55.537498,PM2.5,5554
39.700001,54.490002,10.930000,8.690000,0.500000,86.959999,-0.270000,1.570000,297.079987,75.690002,84526.406250,27.68,104.62,55.875000,PM2.5,5555
42.540001,58.830002,11.790000,10.750000,0.530000,84.599998,-1.070000,1.920000,296.459991,78.190002,84044.757812,27.68,104.77,59.425003,PM2.5,5556
43.290001,59.150002,12.410000,11.150000,0.520000,84.410004,-0.570000,2.430000,296.269989,77.959999,83754.726562,27.68,104.92,60.362503,PM2.5,5557
41.900002,56.759998,12.520000,10.790000,0.460000,84.139999,-0.360000,2.780000,297.119995,73.839996,84573.859375,27.68,105.08,58.625000,PM2.5,5558
40.139999,56.880001,13.280000,10.880000,0.470000,81.919998,-0.950000,3.430000,297.420013,72.570000,84809.820312,27.68,105.23,56.424999,PM2.5,5559
23.080000,23.940001,2.040000,0.920000,0.160000,60.880001,0.610000,0.590000,288.959991,96.379997,74778.976562,27.63,98.34,32.971428,PM2.5,5670
22.950001,23.799999,2.130000,1.150000,0.160000,64.650002,0.500000,0.380000,287.079987,96.650002,71601.156250,27.65,98.64,32.785717,PM2.5,5671
22.340000,23.209999,2.190000,1.010000,0.160000,70.989998,0.400000,0.530000,286.989990,95.349998,71079.593750,27.65,98.8,31.914286,PM2.5,5672
22.100000,22.950001,2.140000,0.970000,0.160000,70.440002,1.770000,1.020000,285.420013,99.040001,68687.742188,27.66,98.95,31.571428,PM2.5,5673
22.010000,22.889999,2.230000,1.040000,0.160000,70.440002,3.350000,1.960000,285.070007,98.139999,67803.609375,27.67,99.1,31.442858,PM2.5,5674
21.879999,22.770000,2.230000,1.360000,0.160000,68.150002,3.220000,1.830000,286.410004,92.360001,68801.203125,27.68,99.26,31.257141,PM2.5,5675
22.840000,23.750000,2.440000,1.960000,0.170000,66.459999,1.370000,1.400000,287.149994,92.089996,69428.406250,27.68,99.41,32.628571,PM2.5,5676
23.990000,25.000000,2.850000,1.950000,0.170000,68.809998,0.960000,2.060000,286.250000,94.410004,68256.843750,27.69,99.56,34.271427,PM2.5,5677
25.100000,26.330000,3.760000,2.040000,0.190000,71.669998,1.850000,2.310000,284.880005,95.239998,66084.343750,27.7,99.71,35.857143,PM2.5,5678
25.129999,26.480000,4.130000,2.050000,0.190000,73.519997,2.630000,1.460000,284.220001,94.120003,64940.539062,27.7,99.87,35.899998,PM2.5,5679
24.700001,26.080000,3.830000,1.860000,0.190000,73.540001,3.290000,2.100000,285.380005,88.150002,65800.578125,27.71,100.02,35.285717,PM2.5,5680
24.920000,26.469999,3.570000,1.790000,0.210000,72.459999,2.680000,3.170000,287.470001,82.040001,68100.367188,27.72,100.17,35.599998,PM2.5,5681
25.340000,27.190001,3.540000,1.600000,0.230000,73.849998,0.560000,2.280000,290.839996,74.760002,72341.226562,27.72,100.33,36.200001,PM2.5,5682
25.910000,28.080000,3.730000,1.410000,0.240000,79.989998,0.070000,2.840000,290.700012,78.730003,72734.937500,27.73,100.48,37.014286,PM2.5,5683
27.459999,30.100000,3.920000,1.330000,0.270000,77.769997,0.930000,3.220000,288.149994,88.820000,70137.828125,27.73,100.63,39.228569,PM2.5,5684
40.349998,50.650002,12.570000,5.170000,0.420000,93.940002,2.250000,3.640000,295.390015,77.720001,81364.453125,27.81,103.54,56.687500,PM2.5,5703
40.200001,51.790001,12.720000,5.560000,0.450000,94.180000,1.160000,2.280000,296.760010,75.279999,83201.632812,27.81,103.7,56.500000,PM2.5,5704
40.049999,53.150002,12.200000,5.810000,0.500000,95.070000,-0.410000,-0.380000,298.720001,71.839996,86524.117188,27.81,103.85,56.312500,PM2.5,5705
41.419998,55.810001,11.740000,6.520000,0.530000,94.320000,-1.570000,-0.960000,299.029999,72.500000,87682.289062,27.81,104.0,58.024998,PM2.5,5706
43.380001,57.849998,11.030000,7.010000,0.530000,92.250000,-0.710000,1.260000,297.149994,78.800003,85297.546875,27.81,104.16,60.475002,PM2.5,5707
41.939999,56.410000,10.570000,7.260000,0.530000,90.220001,0.970000,2.230000,297.309998,77.160004,85226.632812,27.81,104.31,58.674999,PM2.5,5708
40.130001,55.029999,10.530000,7.750000,0.540000,89.449997,0.640000,1.310000,298.649994,72.900002,86728.210938,27.81,104.46,56.412502,PM2.5,5709
41.400002,57.029999,10.540000,8.620000,0.560000,87.410004,-0.570000,1.670000,298.230011,74.349998,86461.406250,27.81,104.62,58.000000,PM2.5,5710
43.689999,60.209999,11.110000,10.020000,0.580000,85.879997,-0.550000,2.660000,297.429993,76.629997,85548.062500,27.81,104.77,60.862499,PM2.5,5711
44.470001,60.240002,11.570000,10.260000,0.560000,85.620003,0.000000,2.900000,297.070007,76.980003,85003.578125,27.81,104.92,61.837502,PM2.5,5712
43.580002,58.080002,11.730000,9.970000,0.490000,85.400002,-0.330000,2.680000,297.570007,74.269997,85420.882812,27.81,105.08,60.725002,PM2.5,5713
42.189999,58.290001,12.250000,10.030000,0.490000,83.709999,-0.890000,2.770000,297.940002,72.660004,85817.757812,27.81,105.23,58.987499,PM2.5,5714
21.980000,22.840000,2.080000,0.970000,0.160000,67.489998,0.690000,0.380000,288.739990,94.879997,74402.226562,27.76,98.33,31.400000,PM2.5,5826
22.719999,23.559999,2.020000,1.120000,0.160000,63.240002,0.850000,0.840000,286.510010,98.930000,70702.148438,27.77,98.48,32.457142,PM2.5,5827
22.209999,23.059999,2.110000,1.260000,0.160000,66.309998,0.440000,1.180000,286.809998,95.690002,70868.703125,27.78,98.64,31.728571,PM2.5,5828
22.290001,23.139999,2.080000,0.980000,0.150000,70.050003,1.040000,2.040000,284.579987,99.080002,67389.046875,27.79,98.79,31.842859,PM2.5,5829
22.459999,23.299999,2.080000,0.980000,0.150000,70.660004,2.650000,2.780000,283.329987,98.919998,65273.121094,27.8,98.94,32.085712,PM2.5,5830
21.760000,22.620001,2.130000,1.050000,0.160000,70.120003,3.540000,2.500000,285.149994,92.099998,66912.171875,27.8,99.09,31.085714,PM2.5,5831
21.280001,22.139999,2.080000,1.310000,0.160000,67.459999,2.510000,2.060000,287.179993,86.570000,69257.687500,27.81,99.25,30.400002,PM2.5,5832
22.170000,23.040001,2.150000,1.760000,0.160000,64.269997,1.300000,2.090000,286.950012,90.739998,69056.703125,27.82,99.4,31.671429,PM2.5,5833
24.209999,25.270000,3.340000,2.320000,0.180000,66.419998,1.360000,2.660000,285.089996,95.599998,66314.890625,27.83,99.55,34.585712,PM2.5,5834
24.969999,26.170000,3.800000,2.250000,0.180000,69.570000,1.680000,2.590000,284.640015,95.019997,65530.859375,27.83,99.71,35.671429,PM2.5,5835
24.969999,26.209999,3.740000,1.920000,0.190000,72.389999,2.650000,1.940000,283.890015,94.559998,64541.898438,27.84,99.86,35.671429,PM2.5,5836
24.389999,25.650000,3.510000,1.760000,0.190000,72.739998,3.150000,1.880000,285.329987,87.449997,65636.117188,27.85,100.01,34.842857,PM2.5,5837
24.879999,26.260000,3.380000,1.610000,0.200000,71.839996,1.030000,1.760000,287.739990,81.449997,68565.453125,27.85,100.17,35.542854,PM2.5,5838
25.580000,27.400000,3.630000,1.190000,0.220000,82.389999,-0.530000,1.760000,289.630005,81.900002,71524.656250,27.86,100.47,36.542858,PM2.5,5840
26.690001,28.870001,3.640000,1.150000,0.230000,79.379997,0.970000,2.400000,287.450012,90.190002,69298.531250,27.87,100.63,38.128571,PM2.5,5841
42.340000,53.099998,12.200000,4.780000,0.460000,93.849998,1.370000,1.160000,296.549988,75.510002,83383.421875,27.94,103.54,59.174999,PM2.5,5860
45.070000,56.840000,11.710000,5.010000,0.500000,94.269997,0.970000,0.280000,295.359985,81.019997,82176.187500,27.94,103.69,62.587502,PM2.5,5861
44.970001,57.590000,10.730000,5.070000,0.530000,95.599998,0.760000,-0.780000,296.540009,79.059998,83720.796875,27.94,103.85,62.462502,PM2.5,5862
44.869999,58.830002,10.020000,5.700000,0.570000,93.709999,-0.330000,-1.130000,297.890015,77.220001,86314.820312,27.95,104.0,62.337498,PM2.5,5863
45.639999,60.419998,9.940000,6.700000,0.600000,91.750000,-0.080000,0.240000,298.100006,78.239998,87308.148438,27.95,104.16,63.299999,PM2.5,5864
43.750000,58.950001,9.760000,7.200000,0.610000,90.760002,0.710000,0.550000,299.070007,74.959999,88377.109375,27.95,104.31,60.937500,PM2.5,5865
46.000000,61.160000,11.610000,9.590000,0.620000,86.900002,0.050000,2.400000,299.820007,70.250000,88765.898438,27.95,104.92,63.750000,PM2.5,5869
46.930000,60.080002,11.710000,9.040000,0.540000,86.989998,-0.500000,2.630000,298.450012,73.199997,86811.539062,27.95,105.08,64.912498,PM2.5,5870
46.419998,60.639999,12.030000,9.170000,0.530000,85.639999,-0.330000,2.790000,298.070007,73.830002,86323.656250,27.95,105.23,64.274994,PM2.5,5871
21.490000,22.350000,2.130000,0.970000,0.150000,73.650002,0.210000,1.110000,287.029999,96.669998,71875.843750,27.9,98.32,30.699999,PM2.5,5988
21.280001,22.139999,2.130000,1.040000,0.150000,73.300003,0.790000,1.110000,286.369995,96.860001,70326.156250,27.91,98.47,30.400002,PM2.5,5989
21.350000,22.209999,2.190000,1.300000,0.160000,72.959999,0.880000,1.570000,286.399994,95.370003,70115.531250,27.92,98.63,30.500000,PM2.5,5990
21.610001,22.459999,2.060000,0.980000,0.150000,72.239998,1.820000,2.510000,285.220001,96.160004,68011.453125,27.92,98.78,30.871429,PM2.5,5991
21.400000,22.250000,2.030000,0.980000,0.150000,71.660004,2.410000,2.220000,285.559998,91.800003,67880.851562,27.93,98.93,30.571428,PM2.5,5992
21.559999,22.400000,2.010000,1.110000,0.160000,70.330002,2.630000,0.970000,285.209991,91.400002,67295.250000,27.94,99.09,30.799999,PM2.5,5993
20.969999,21.809999,1.960000,1.310000,0.160000,68.089996,2.100000,0.720000,287.160004,86.129997,69362.890625,27.95,99.24,29.957142,PM2.5,5994
20.690001,21.540001,1.980000,1.550000,0.160000,66.550003,1.320000,1.990000,288.420013,83.529999,70614.070312,27.95,99.39,29.557144,PM2.5,5995
23.459999,24.520000,3.620000,2.430000,0.170000,68.019997,1.490000,2.250000,285.359985,93.680000,66508.781250,27.96,99.55,33.514286,PM2.5,5996
24.740000,25.910000,3.790000,2.350000,0.180000,68.320000,1.590000,2.500000,284.250000,95.599998,64997.988281,27.97,99.7,35.342857,PM2.5,5997
24.830000,26.000000,3.450000,1.930000,0.180000,71.000000,2.370000,2.160000,283.519989,95.550003,64117.531250,27.98,99.85,35.471428,PM2.5,5998
24.440001,25.620001,3.200000,1.650000,0.180000,72.129997,2.950000,1.770000,284.190002,89.809998,64341.949219,27.98,100.01,34.914288,PM2.5,5999
46.730000,57.980000,11.780000,4.710000,0.510000,92.320000,1.440000,0.050000,294.899994,82.239998,81772.289062,28.08,103.54,64.662498,PM2.5,6022
49.349998,61.619999,11.090000,5.050000,0.550000,91.980003,1.560000,0.580000,294.109985,85.989998,81049.773438,28.08,103.69,67.937500,PM2.5,6023
49.330002,62.160000,9.880000,5.120000,0.580000,91.800003,1.710000,0.380000,294.989990,84.209999,82126.796875,28.08,103.85,67.912506,PM2.5,6024
48.130001,61.830002,9.210000,5.690000,0.610000,91.440002,0.980000,-0.310000,296.720001,81.250000,84764.867188,28.08,104.0,66.412498,PM2.5,6025
46.299999,61.259998,8.910000,6.640000,0.650000,90.209999,0.360000,-0.690000,298.750000,77.279999,88407.523438,28.08,104.15,64.125000,PM2.5,6026
45.040001,61.410000,8.730000,7.590000,0.690000,88.989998,0.330000,-1.100000,300.160004,74.379997,90843.781250,28.08,104.31,62.550003,PM2.5,6027
22.680000,23.540001,2.140000,0.810000,0.150000,73.440002,1.120000,3.420000,284.920013,100.000000,67908.406250,28.03,98.16,32.400002,PM2.5,6159
21.000000,21.870001,2.120000,0.740000,0.150000,76.720001,0.710000,3.260000,286.450012,95.720001,70168.867188,28.04,98.31,30.000000,PM2.5,6160
20.219999,21.100000,2.160000,0.670000,0.150000,82.029999,0.630000,2.420000,286.179993,94.059998,69369.476562,28.04,98.46,28.885714,PM2.5,6161
19.990000,20.860001,2.190000,0.740000,0.150000,83.050003,0.950000,1.530000,285.869995,93.330002,68744.609375,28.05,98.62,28.557142,PM2.5,6162
19.770000,20.639999,2.160000,0.740000,0.150000,85.339996,1.690000,1.430000,286.320007,90.180000,68899.820312,28.06,98.77,28.242857,PM2.5,6163
19.770000,20.639999,2.110000,0.920000,0.160000,84.599998,2.030000,0.860000,287.170013,86.739998,69875.671875,28.07,98.92,28.242857,PM2.5,6164
20.400000,21.240000,1.990000,0.910000,0.150000,79.769997,2.770000,0.610000,284.989990,93.650002,67151.992188,28.08,99.08,29.142857,PM2.5,6165
20.190001,21.020000,1.920000,1.270000,0.150000,74.949997,2.300000,0.930000,285.950012,89.769997,67814.968750,28.08,99.23,28.842857,PM2.5,6166
19.469999,20.309999,1.910000,1.530000,0.160000,72.120003,1.360000,1.580000,288.500000,81.620003,70427.273438,28.09,99.38,27.814285,PM2.5,6167
21.860001,22.799999,2.700000,1.930000,0.160000,68.790001,1.670000,2.300000,285.489990,92.650002,66661.578125,28.1,99.54,31.228573,PM2.5,6168
23.450001,24.500000,3.270000,1.980000,0.170000,72.199997,1.630000,2.610000,284.160004,94.879997,64712.570312,28.1,99.69,33.500000,PM2.5,6169
24.200001,25.290001,3.090000,1.800000,0.180000,71.720001,2.060000,2.620000,282.690002,97.180000,62920.089844,28.11,99.85,34.571430,PM2.5,6170
24.340000,25.450001,2.990000,1.570000,0.180000,72.610001,2.890000,2.750000,282.640015,93.500000,62345.308594,28.12,100.0,34.771427,PM2.5,6171
46.340000,59.730000,10.320000,5.540000,0.590000,90.610001,0.960000,0.190000,297.160004,78.629997,85758.976562,28.21,103.69,64.175003,PM2.5,6195
47.439999,61.439999,9.390000,5.730000,0.630000,90.870003,1.100000,0.150000,297.100006,79.580002,85820.820312,28.22,103.85,65.549995,PM2.5,6196
49.330002,63.830002,8.740000,6.160000,0.660000,90.629997,1.200000,-0.320000,296.720001,82.410004,85389.781250,28.22,104.0,67.912506,PM2.5,6197
47.349998,63.110001,8.150000,6.890000,0.700000,89.410004,0.880000,-1.440000,298.929993,77.190002,88761.710938,28.22,104.15,65.437500,PM2.5,6198
45.470001,62.730000,7.800000,7.750000,0.750000,88.669998,0.470000,-2.120000,300.679993,73.199997,91776.000000,28.22,104.31,63.087502,PM2.5,6199
20.459999,21.320000,2.090000,0.670000,0.150000,77.809998,0.450000,3.880000,286.809998,92.139999,69555.570312,28.17,98.3,29.228571,PM2.5,6334
20.420000,21.270000,2.130000,1.000000,0.150000,86.139999,2.190000,1.300000,283.369995,98.260002,65107.898438,28.2,98.76,29.171429,PM2.5,6337
19.950001,20.799999,2.100000,0.950000,0.150000,86.699997,3.040000,2.280000,284.279999,94.879997,66217.703125,28.2,98.91,28.500002,PM2.5,6338
19.950001,20.790001,2.010000,0.900000,0.150000,83.419998,3.720000,2.900000,284.399994,93.610001,65981.007812,28.21,99.07,28.500002,PM2.5,6339
19.420000,20.240000,1.970000,1.150000,0.150000,80.809998,2.460000,2.240000,286.179993,86.949997,67856.101562,28.22,99.22,27.742857,PM2.5,6340
20.900000,21.760000,2.260000,1.650000,0.160000,71.330002,2.160000,2.960000,284.510010,94.690002,65346.101562,28.23,99.53,29.857141,PM2.5,6342
22.629999,23.600000,2.850000,1.750000,0.170000,71.889999,2.030000,3.440000,284.100006,94.400002,64475.179688,28.24,99.68,32.328571,PM2.5,6343
23.540001,24.530001,2.850000,1.640000,0.170000,72.580002,2.620000,3.300000,282.559998,95.730003,62521.070312,28.25,99.84,33.628574,PM2.5,6344
23.540001,24.540001,2.810000,1.530000,0.170000,73.000000,2.330000,2.760000,283.869995,88.059998,63290.839844,28.25,99.99,33.628574,PM2.5,6345
23.639999,24.629999,2.750000,1.330000,0.170000,73.970001,0.470000,2.570000,286.679993,80.330002,66628.679688,28.26,100.15,33.771427,PM2.5,6346
49.680000,66.040001,8.820000,7.150000,0.720000,89.430000,1.160000,-0.960000,296.809998,83.449997,86416.296875,28.35,104.0,68.349998,PM2.5,6371
49.040001,66.599998,7.990000,7.680000,0.770000,87.489998,1.660000,-1.950000,298.269989,80.080002,88340.109375,28.35,104.15,67.550003,PM2.5,6372
20.870001,21.719999,2.010000,0.670000,0.150000,77.150002,-0.150000,3.180000,284.950012,96.139999,66939.796875,28.31,98.29,29.814287,PM2.5,6515
20.100000,20.930000,2.070000,0.910000,0.150000,88.459999,3.340000,4.050000,280.660004,99.860001,61066.699219,28.33,98.75,28.714287,PM2.5,6518
19.520000,20.360001,2.060000,1.010000,0.150000,87.580002,4.540000,4.380000,283.089996,90.959999,63234.179688,28.34,98.91,27.885715,PM2.5,6519
19.330000,20.170000,2.200000,1.200000,0.150000,83.680000,3.220000,4.340000,284.920013,86.300003,65396.289062,28.35,99.06,27.614286,PM2.5,6520
19.180000,20.010000,2.110000,1.350000,0.150000,79.650002,1.430000,3.500000,286.339996,84.400002,67586.226562,28.35,99.21,27.400000,PM2.5,6521
20.290001,21.120001,2.070000,1.380000,0.150000,73.510002,2.420000,3.760000,284.029999,93.959999,64269.859375,28.37,99.52,28.985716,PM2.5,6523
21.320000,22.230000,2.510000,1.500000,0.160000,73.089996,1.900000,3.500000,285.380005,88.419998,65333.480469,28.37,99.68,30.457142,PM2.5,6524
22.510000,23.459999,2.610000,1.520000,0.160000,74.260002,1.870000,3.120000,283.739990,91.650002,63402.320312,28.38,99.83,32.157143,PM2.5,6525
23.520000,24.480000,2.620000,1.570000,0.170000,73.459999,1.470000,2.070000,283.730011,90.529999,63360.769531,28.39,99.98,33.600002,PM2.5,6526
49.049999,67.599998,10.510000,8.370000,0.770000,88.019997,0.660000,-1.690000,297.559998,80.620003,88085.070312,28.49,103.84,67.562500,PM2.5,6551
49.400002,68.050003,9.730000,8.700000,0.790000,88.980003,1.250000,-1.360000,297.929993,80.919998,88736.343750,28.49,104.0,68.000000,PM2.5,6552
49.419998,69.290001,8.740000,9.150000,0.840000,86.190002,2.030000,-2.050000,298.880005,78.860001,89833.101562,28.49,104.15,68.024994,PM2.5,6553
19.030001,19.879999,2.050000,0.840000,0.150000,90.400002,3.940000,5.140000,283.549988,86.459999,63207.339844,28.47,98.74,27.185715,PM2.5,6707
18.750000,19.580000,2.000000,1.070000,0.150000,88.290001,2.830000,3.160000,285.140015,79.010002,64529.078125,28.47,98.9,26.785715,PM2.5,6708
19.290001,20.129999,2.210000,1.420000,0.150000,82.580002,1.850000,3.370000,284.420013,85.720001,64601.750000,28.48,99.05,27.557144,PM2.5,6709
19.309999,20.120001,1.970000,1.200000,0.150000,75.510002,2.150000,3.470000,285.390015,87.330002,65256.339844,28.5,99.51,27.585714,PM2.5,6712
20.290001,21.160000,2.260000,1.390000,0.160000,73.959999,1.580000,3.150000,286.390015,84.330002,66339.468750,28.51,99.67,28.985716,PM2.5,6713
21.920000,22.830000,2.430000,1.500000,0.160000,75.400002,1.520000,3.080000,283.839996,91.239998,63424.179688,28.52,99.82,31.314285,PM2.5,6714
23.410000,24.340000,2.460000,1.560000,0.160000,75.010002,2.030000,2.870000,281.100006,96.370003,60060.339844,28.52,99.98,33.442856,PM2.5,6715
49.480000,70.419998,11.760000,10.180000,0.840000,86.309998,0.790000,-2.730000,298.320007,79.680000,90081.367188,28.62,103.84,68.099998,PM2.5,6740
50.040001,72.680000,10.120000,11.120000,0.930000,84.389999,2.210000,-3.140000,299.549988,77.209999,91649.492188,28.62,104.15,68.800003,PM2.5,6742
18.559999,19.410000,1.990000,0.810000,0.150000,89.760002,2.830000,2.580000,286.989990,75.930000,67050.992188,28.6,98.73,26.514284,PM2.5,6900
19.170000,20.030001,2.020000,0.960000,0.150000,96.279999,1.120000,0.410000,286.019989,78.209999,65973.531250,28.61,98.89,27.385714,PM2.5,6901
19.770000,20.600000,2.030000,1.300000,0.150000,87.559998,1.440000,2.200000,283.500000,89.260002,63561.500000,28.62,99.04,28.242857,PM2.5,6902
19.629999,20.459999,2.040000,1.220000,0.150000,75.660004,2.580000,4.280000,285.399994,86.230003,65060.929688,28.65,99.66,28.042856,PM2.5,6906
20.760000,21.629999,2.230000,1.470000,0.160000,76.089996,2.420000,3.950000,284.970001,85.800003,64312.839844,28.65,99.82,29.657143,PM2.5,6907
18.629999,19.480000,2.010000,0.550000,0.150000,96.410004,2.740000,2.680000,284.609985,87.300003,64765.601562,28.74,98.72,26.614285,PM2.5,7099
18.620001,19.459999,1.980000,0.650000,0.150000,99.849998,2.140000,2.030000,283.589996,88.839996,63614.738281,28.75,98.88,26.600000,PM2.5,7100
19.309999,20.129999,1.930000,0.960000,0.150000,91.449997,2.120000,3.270000,282.089996,93.339996,61824.339844,28.75,99.03,27.585714,PM2.5,7101
18.969999,19.770000,1.910000,1.220000,0.150000,76.639999,1.930000,3.520000,286.059998,81.510002,65280.140625,28.78,99.65,27.099998,PM2.5,7105
19.040001,19.879999,1.950000,0.550000,0.150000,94.440002,3.030000,4.970000,282.459991,93.290001,62055.800781,28.87,98.72,27.200001,PM2.5,7301
19.010000,19.830000,1.920000,0.830000,0.150000,93.379997,2.450000,5.520000,281.950012,92.059998,61346.089844,28.89,99.03,27.157143,PM2.5,7303
18.240000,19.049999,1.860000,0.750000,0.150000,92.059998,2.300000,5.490000,284.529999,80.660004,63408.601562,29.02,99.02,26.057142,PM2.5,7521
17.990000,18.780001,1.750000,0.740000,0.150000,88.449997,0.770000,2.430000,286.109985,76.709999,65313.320312,29.16,99.01,25.699999,PM2.5,7743
