PM2.5(微克每立方米),PM10(微克每立方米),SO2(微克每立方米),NO2(微克每立方米),CO(毫克每立方米),O3(微克每立方米),U(m/s),V(m/s),TEMP(K),RH(%),PSFC(Pa),lat,lon,AQI,Major pollutants,id
14.510000,19.100000,3.830000,5.950000,0.370000,66.400002,3.210000,5.300000,284.010010,45.980000,82509.742188,26.15,101.91,20.728571,PM2.5,3990
14.490000,20.379999,4.220000,6.590000,0.410000,64.910004,2.990000,5.440000,285.440002,43.169998,84242.992188,26.15,102.06,20.699999,PM2.5,3991
13.930000,16.400000,3.480000,4.160000,0.260000,74.239998,2.060000,2.180000,282.859985,43.779999,80277.898438,26.28,101.61,19.900000,PM2.5,4130
15.120000,18.959999,3.970000,4.980000,0.310000,71.879997,2.820000,3.570000,283.720001,43.880001,81715.968750,26.28,101.76,21.600000,PM2.5,4131
15.370000,20.540001,4.090000,5.750000,0.360000,67.410004,2.610000,4.420000,285.429993,41.500000,84217.960938,26.28,101.91,21.957142,PM2.5,4132
15.180000,21.049999,4.240000,6.150000,0.390000,65.750000,2.200000,3.870000,284.709991,44.529999,83797.742188,26.29,102.06,21.685715,PM2.5,4133
15.130000,21.639999,4.370000,6.400000,0.410000,65.459999,3.300000,4.870000,284.489990,44.549999,83197.398438,26.29,102.21,21.639999,PM10,4134
14.140000,20.260000,3.830000,6.200000,0.410000,65.760002,5.190000,5.540000,284.690002,43.130001,82328.710938,26.29,102.36,20.260000,PM10,4135
13.530000,19.940001,3.640000,6.150000,0.410000,67.500000,6.110000,3.200000,284.149994,42.180000,80781.171875,26.3,102.66,19.940001,PM10,4137
17.900000,23.660000,6.360000,6.640000,0.350000,69.580002,1.660000,1.950000,285.679993,38.820000,85023.953125,26.41,101.75,25.571428,PM2.5,4273
17.320000,24.219999,5.230000,6.590000,0.370000,69.209999,-0.230000,1.970000,286.269989,39.060001,86344.117188,26.42,101.9,24.742857,PM2.5,4274
16.400000,23.000000,4.790000,6.410000,0.390000,67.139999,0.260000,2.510000,283.529999,45.869999,82454.437500,26.42,102.05,23.428572,PM2.5,4275
16.309999,23.379999,4.830000,6.530000,0.410000,66.070000,2.540000,3.060000,283.359985,46.880001,82266.953125,26.43,102.2,23.379999,PM10,4276
15.720000,22.910000,4.620000,6.440000,0.420000,65.809998,2.830000,2.910000,284.440002,44.110001,83334.679688,26.43,102.36,22.910000,PM10,4277
15.280000,22.469999,4.130000,6.180000,0.410000,66.370003,3.230000,2.600000,283.410004,45.500000,81523.937500,26.43,102.51,22.469999,PM10,4278
15.330000,22.549999,3.930000,5.910000,0.410000,66.650002,5.190000,2.600000,280.760010,51.400002,77927.679688,26.44,102.66,22.549999,PM10,4279
14.170000,20.160000,3.640000,5.080000,0.380000,71.230003,6.540000,3.200000,280.739990,51.090000,77320.976562,26.44,102.81,20.242857,PM2.5,4280
14.130000,20.860001,3.660000,5.430000,0.380000,68.769997,4.520000,2.000000,283.820007,44.009998,81141.507812,26.44,102.96,20.860001,PM10,4281
24.180000,31.219999,20.580000,16.219999,0.360000,59.779999,1.890000,0.490000,285.570007,37.910000,85994.078125,26.54,101.44,34.542858,PM2.5,4409
30.610001,42.959999,36.910000,28.410000,0.490000,50.220001,1.680000,1.240000,285.369995,39.169998,85538.156250,26.55,101.6,43.728573,PM2.5,4410
26.559999,37.330002,22.590000,18.700001,0.480000,59.299999,0.210000,0.690000,286.209991,38.160000,87376.460938,26.55,101.75,37.942856,PM2.5,4411
21.000000,30.080000,11.800000,10.850000,0.430000,66.919998,-1.520000,1.800000,285.260010,40.650002,85174.273438,26.55,101.9,30.080000,PM10,4412
20.320000,29.230000,7.540000,8.060000,0.440000,66.910004,-0.190000,3.030000,281.779999,48.070000,79982.757812,26.56,102.05,29.230000,PM10,4413
20.010000,29.370001,7.370000,7.980000,0.450000,66.699997,1.610000,2.310000,281.760010,49.230000,80200.101562,26.56,102.2,29.370001,PM10,4414
20.520000,30.850000,8.630000,8.790000,0.480000,66.730003,1.570000,1.430000,282.739990,47.360001,81587.226562,26.56,102.35,30.850000,PM10,4415
19.520000,29.469999,7.870000,8.320000,0.470000,66.339996,2.340000,2.270000,281.839996,49.669998,80272.531250,26.57,102.5,29.469999,PM10,4416
18.230000,27.049999,6.560000,7.360000,0.440000,65.750000,5.210000,3.680000,279.609985,55.930000,77347.117188,26.57,102.65,27.049999,PM10,4417
16.799999,24.370001,5.120000,6.040000,0.410000,67.980003,7.240000,4.400000,279.910004,54.509998,76900.960938,26.57,102.81,24.370001,PM10,4418
15.230000,22.070000,4.160000,5.600000,0.380000,67.779999,5.380000,3.450000,282.470001,48.250000,79853.859375,26.58,102.96,22.070000,PM10,4419
36.029999,46.480000,49.020000,31.639999,0.410000,47.330002,0.900000,0.950000,283.899994,39.389999,83665.218750,26.68,101.59,51.287498,PM2.5,4548
29.610001,36.900002,29.870001,19.680000,0.360000,58.970001,-0.040000,0.730000,284.239990,40.810001,84908.289062,26.69,101.74,42.299999,PM2.5,4549
22.260000,26.950001,15.160000,10.140000,0.300000,68.540001,-0.450000,3.320000,283.920013,42.490002,83427.093750,26.69,101.89,31.800001,PM2.5,4550
21.299999,25.240000,9.340000,6.910000,0.290000,68.570000,0.430000,4.760000,281.769989,46.189999,79582.382812,26.69,102.04,30.428570,PM2.5,4551
21.100000,24.770000,8.870000,6.490000,0.290000,69.000000,1.420000,3.660000,280.019989,50.720001,77467.218750,26.7,102.2,30.142859,PM2.5,4552
21.040001,24.629999,9.990000,6.970000,0.300000,69.430000,2.090000,2.440000,280.320007,51.259998,78221.187500,26.7,102.35,30.057144,PM2.5,4553
19.990000,23.290001,9.240000,6.590000,0.290000,68.860001,3.250000,2.690000,280.089996,53.169998,78192.562500,26.7,102.5,28.557142,PM2.5,4554
17.559999,20.270000,7.340000,5.350000,0.260000,70.029999,6.270000,4.120000,279.260010,56.779999,76961.953125,26.71,102.65,25.085714,PM2.5,4555
17.100000,19.510000,6.130000,4.630000,0.260000,69.379997,7.800000,4.770000,282.109985,50.090000,79952.171875,26.71,102.8,24.428572,PM2.5,4556
15.310000,17.469999,4.920000,4.220000,0.250000,69.389999,5.370000,3.580000,285.010010,43.919998,83705.640625,26.71,102.95,21.871429,PM2.5,4557
22.900000,27.969999,14.590000,9.760000,0.270000,67.000000,0.540000,0.880000,283.470001,38.090000,82964.070312,26.81,101.43,32.714287,PM2.5,4685
28.670000,36.169998,30.059999,20.490000,0.330000,57.270000,1.010000,1.610000,282.910004,40.330002,81939.828125,26.82,101.59,40.957142,PM2.5,4686
27.910000,34.529999,24.260000,16.730000,0.330000,60.369999,1.300000,2.080000,282.459991,42.340000,81909.812500,26.82,101.74,39.871429,PM2.5,4687
23.250000,28.059999,16.230000,11.170000,0.300000,67.040001,1.310000,3.460000,283.029999,43.459999,82739.656250,26.82,101.89,33.214287,PM2.5,4688
21.879999,26.080000,10.620000,7.770000,0.300000,67.400002,1.220000,5.300000,283.390015,42.369999,82175.382812,26.83,102.04,31.257141,PM2.5,4689
21.240000,25.010000,9.530000,6.840000,0.290000,68.320000,1.700000,5.760000,280.739990,47.060001,77928.093750,26.83,102.19,30.342857,PM2.5,4690
20.730000,24.240000,9.660000,6.650000,0.290000,68.900002,3.050000,5.010000,278.510010,52.680000,75265.671875,26.84,102.34,29.614285,PM2.5,4691
19.920000,23.200001,8.850000,6.210000,0.280000,68.750000,5.520000,4.400000,277.720001,56.540001,74720.601562,26.84,102.5,28.457144,PM2.5,4692
17.650000,20.350000,7.180000,5.070000,0.260000,71.129997,7.770000,5.090000,279.089996,54.049999,76004.226562,26.84,102.65,25.214285,PM2.5,4693
18.070000,20.780001,6.840000,5.040000,0.270000,68.320000,5.690000,3.070000,284.690002,43.450001,83262.789062,26.84,102.8,25.814285,PM2.5,4694
16.160000,19.330000,5.020000,4.320000,0.210000,70.529999,2.780000,-1.550000,282.209991,36.009998,79917.820312,26.94,101.28,23.085714,PM2.5,4822
18.030001,21.820000,6.900000,5.210000,0.230000,71.519997,1.200000,-1.320000,284.549988,32.660000,83721.976562,26.95,101.43,25.757143,PM2.5,4823
20.740000,25.400000,11.790000,8.750000,0.260000,67.279999,1.040000,0.180000,283.510010,36.080002,82600.906250,26.95,101.58,29.628571,PM2.5,4824
23.799999,29.059999,15.180000,11.070000,0.280000,64.230003,1.690000,2.640000,281.640015,42.200001,80699.843750,26.96,101.73,34.000000,PM2.5,4825
22.129999,26.549999,13.350000,9.620000,0.280000,67.360001,1.960000,3.230000,281.559998,45.660000,80841.976562,26.96,101.88,31.614285,PM2.5,4826
21.049999,24.799999,10.820000,7.870000,0.280000,68.849998,1.920000,4.000000,282.410004,44.630001,81869.023438,26.96,102.04,30.071428,PM2.5,4827
19.100000,22.049999,9.350000,6.560000,0.270000,71.010002,2.240000,5.520000,283.130005,41.759998,81238.851562,26.97,102.19,27.285715,PM2.5,4828
19.420000,22.610001,9.110000,6.270000,0.280000,68.930000,3.480000,6.340000,279.929993,47.619999,76713.453125,26.97,102.34,27.742857,PM2.5,4829
18.900000,21.900000,8.300000,5.700000,0.270000,69.690002,7.250000,6.060000,276.910004,54.470001,73030.710938,26.97,102.49,27.000000,PM2.5,4830
18.900000,21.680000,7.550000,5.320000,0.270000,68.760002,7.520000,5.060000,280.329987,49.119999,76930.351562,26.98,102.64,27.000000,PM2.5,4831
19.240000,22.139999,6.710000,5.300000,0.280000,67.610001,0.970000,1.260000,285.130005,42.450001,84602.992188,26.98,102.8,27.485714,PM2.5,4832
15.340000,18.260000,3.550000,3.470000,0.200000,69.900002,2.690000,-1.120000,278.940002,40.770000,75572.710938,27.08,101.27,21.914286,PM2.5,4960
15.670000,18.820000,3.860000,3.590000,0.210000,71.650002,1.890000,-2.180000,280.790009,37.180000,77605.703125,27.08,101.42,22.385714,PM2.5,4961
16.260000,19.580000,5.160000,4.370000,0.220000,69.849998,3.480000,-0.400000,280.690002,39.070000,77605.601562,27.09,101.58,23.228571,PM2.5,4962
18.750000,22.670000,8.570000,6.720000,0.240000,66.690002,3.990000,2.390000,281.549988,38.490002,79437.226562,27.09,101.73,26.785715,PM2.5,4963
20.320000,24.360001,10.290000,7.870000,0.260000,65.639999,2.560000,3.690000,281.320007,43.490002,80371.648438,27.1,101.88,29.028570,PM2.5,4964
20.680000,24.389999,9.950000,7.430000,0.270000,66.449997,2.510000,3.910000,280.250000,48.619999,79249.929688,27.1,102.03,29.542858,PM2.5,4965
18.350000,21.299999,8.870000,6.430000,0.260000,70.459999,2.410000,4.120000,282.679993,43.439999,81991.492188,27.1,102.18,26.214287,PM2.5,4966
17.200001,19.520000,8.090000,5.610000,0.260000,71.699997,2.580000,5.870000,281.200012,45.439999,78859.390625,27.11,102.34,24.571430,PM2.5,4967
17.900000,20.530001,7.700000,5.350000,0.260000,70.010002,6.760000,6.300000,277.570007,52.709999,73946.867188,27.11,102.49,25.571428,PM2.5,4968
19.250000,21.959999,7.400000,5.140000,0.270000,68.500000,6.050000,3.770000,280.989990,47.770000,77905.617188,27.11,102.64,27.500000,PM2.5,4969
20.500000,23.410000,7.070000,5.310000,0.280000,68.260002,-0.280000,1.470000,282.480011,47.180000,81206.476562,27.12,102.79,29.285715,PM2.5,4970
12.460000,14.550000,2.130000,2.620000,0.180000,69.449997,5.040000,3.060000,276.480011,44.380001,72391.679688,27.21,101.11,17.799999,PM2.5,5097
14.630000,17.340000,2.950000,3.080000,0.200000,69.070000,2.310000,2.020000,276.899994,43.970001,73252.000000,27.21,101.27,20.900000,PM2.5,5098
15.290000,18.170000,3.220000,3.200000,0.200000,69.300003,3.330000,1.360000,275.380005,46.040001,70589.703125,27.22,101.42,21.842857,PM2.5,5099
15.500000,18.459999,3.850000,3.540000,0.210000,68.959999,6.400000,1.790000,275.959991,45.279999,70795.789062,27.22,101.57,22.142857,PM2.5,5100
15.090000,17.690001,5.100000,4.320000,0.210000,69.750000,5.080000,2.160000,280.730011,36.840000,76652.312500,27.23,101.72,21.557142,PM2.5,5101
17.889999,21.299999,7.940000,6.430000,0.240000,66.529999,1.790000,3.470000,281.529999,40.040001,80182.070312,27.23,101.88,25.557142,PM2.5,5102
19.840000,23.340000,9.140000,6.940000,0.260000,65.839996,2.260000,5.830000,279.390015,49.259998,77887.898438,27.23,102.03,28.342857,PM2.5,5103
18.209999,21.030001,8.590000,6.280000,0.260000,69.720001,2.430000,4.780000,281.309998,46.400002,80333.398438,27.24,102.18,26.014284,PM2.5,5104
16.799999,18.980000,7.640000,5.360000,0.250000,71.820000,1.770000,5.700000,281.179993,46.459999,79421.062500,27.24,102.33,23.999998,PM2.5,5105
17.450001,19.930000,7.110000,4.860000,0.250000,70.889999,4.830000,6.060000,278.640015,51.439999,75591.898438,27.25,102.49,24.928572,PM2.5,5106
19.930000,22.680000,7.320000,4.960000,0.270000,69.900002,5.290000,3.440000,280.040009,50.130001,77289.343750,27.25,102.64,28.471430,PM2.5,5107
24.040001,27.270000,7.940000,5.280000,0.300000,67.080002,2.330000,2.680000,280.260010,52.169998,78630.453125,27.25,102.79,34.342857,PM2.5,5108
10.830000,12.590000,1.840000,2.380000,0.170000,68.419998,4.720000,3.090000,277.079987,41.680000,73191.992188,27.34,101.11,15.471429,PM2.5,5236
13.280000,15.540000,2.720000,3.030000,0.200000,68.919998,3.220000,3.900000,277.269989,42.250000,73978.140625,27.35,101.26,18.971428,PM2.5,5237
14.780000,17.360001,3.170000,3.370000,0.210000,69.239998,3.910000,5.090000,276.119995,43.200001,71417.867188,27.35,101.41,21.114285,PM2.5,5238
15.540000,18.240000,3.970000,3.780000,0.220000,69.070000,6.510000,3.930000,274.820007,44.560001,69280.656250,27.36,101.57,22.200001,PM2.5,5239
14.150000,16.219999,4.400000,3.830000,0.210000,71.889999,6.260000,2.320000,277.779999,39.029999,72223.890625,27.36,101.72,20.214285,PM2.5,5240
15.400000,17.969999,5.600000,4.750000,0.220000,68.070000,4.450000,3.580000,279.720001,39.380001,76328.093750,27.37,101.87,22.000000,PM2.5,5241
18.350000,21.450001,8.070000,6.260000,0.250000,66.029999,3.560000,7.510000,280.579987,43.599998,78575.843750,27.37,102.02,26.214287,PM2.5,5242
18.170000,21.090000,8.300000,6.210000,0.260000,67.940002,1.450000,5.840000,282.109985,44.070000,81294.296875,27.37,102.18,25.957144,PM2.5,5243
16.540001,18.660000,7.240000,5.170000,0.250000,71.879997,1.030000,5.260000,280.779999,47.990002,79507.390625,27.38,102.33,23.628572,PM2.5,5244
17.719999,20.180000,6.980000,4.900000,0.250000,69.970001,3.930000,6.600000,279.089996,51.000000,76649.226562,27.38,102.48,25.314285,PM2.5,5245
19.040001,21.690001,6.870000,4.750000,0.260000,70.320000,4.850000,4.850000,278.920013,51.439999,76039.812500,27.38,102.63,27.200001,PM2.5,5246
20.209999,23.059999,6.820000,4.820000,0.270000,69.400002,3.760000,2.750000,279.450012,52.470001,77191.726562,27.39,102.79,28.871428,PM2.5,5247
10.220000,11.950000,1.720000,2.250000,0.170000,68.150002,4.390000,2.490000,276.920013,41.400002,73292.687500,27.47,100.95,14.600000,PM2.5,5380
9.540000,11.010000,1.520000,2.030000,0.170000,70.129997,3.490000,1.570000,276.679993,42.130001,73077.882812,27.48,101.1,13.628572,PM2.5,5381
11.300000,13.080000,2.320000,2.680000,0.190000,70.070000,4.100000,2.030000,277.279999,40.730000,73857.976562,27.48,101.26,16.142857,PM2.5,5382
12.900000,15.030000,2.880000,3.200000,0.210000,69.419998,4.080000,3.910000,278.579987,38.270000,75163.773438,27.49,101.41,18.428572,PM2.5,5383
13.770000,16.070000,3.450000,3.500000,0.210000,69.739998,5.020000,4.170000,276.880005,41.110001,72783.703125,27.49,101.56,19.671429,PM2.5,5384
13.650000,15.790000,3.720000,3.530000,0.210000,70.190002,7.540000,3.300000,275.489990,43.040001,70424.281250,27.5,101.71,19.500000,PM2.5,5385
13.610000,15.720000,4.320000,3.750000,0.210000,70.129997,7.240000,4.000000,279.250000,37.439999,74322.640625,27.5,101.87,19.442856,PM2.5,5386
16.350000,19.040001,6.990000,5.560000,0.240000,66.160004,2.500000,6.610000,283.940002,35.119999,81834.992188,27.51,102.02,23.357143,PM2.5,5387
17.209999,20.010000,7.690000,5.910000,0.250000,67.930000,-1.410000,6.280000,282.529999,41.759998,81431.390625,27.51,102.17,24.585712,PM2.5,5388
16.680000,18.950001,6.820000,5.020000,0.240000,68.800003,1.010000,5.770000,277.679993,54.549999,75650.039062,27.51,102.32,23.828571,PM2.5,5389
16.840000,19.209999,6.570000,4.680000,0.250000,70.379997,4.290000,6.210000,279.260010,50.980000,77292.312500,27.52,102.48,24.057142,PM2.5,5390
17.820000,20.360001,6.570000,4.660000,0.250000,70.040001,2.950000,4.890000,280.519989,46.570000,78244.406250,27.52,102.63,25.457142,PM2.5,5391
19.780001,22.570000,6.650000,4.740000,0.270000,69.070000,3.270000,3.040000,277.720001,53.160000,74733.343750,27.52,102.78,28.257143,PM2.5,5392
25.320000,28.620001,7.940000,4.710000,0.300000,70.220001,4.390000,2.650000,278.470001,54.259998,76006.500000,27.52,102.94,36.171429,PM2.5,5393
55.830002,61.889999,15.900000,4.500000,0.490000,71.989998,2.620000,1.730000,281.799988,49.889999,81431.203125,27.53,103.09,76.037506,PM2.5,5394
8.770000,10.190000,1.320000,1.840000,0.160000,70.029999,4.130000,1.940000,276.410004,41.639999,72104.976562,27.61,100.94,12.528572,PM2.5,5531
8.450000,9.720000,1.250000,1.650000,0.160000,71.279999,3.700000,1.120000,275.470001,43.880001,71326.570312,27.61,101.1,12.071428,PM2.5,5532
9.600000,11.040000,1.880000,2.160000,0.170000,70.820000,5.520000,1.880000,275.130005,44.040001,70541.500000,27.62,101.25,13.714286,PM2.5,5533
10.570000,12.190000,2.440000,2.610000,0.190000,70.500000,5.230000,2.870000,276.910004,40.150002,72571.882812,27.62,101.4,15.099999,PM2.5,5534
11.190000,12.920000,2.650000,2.760000,0.190000,71.099998,4.580000,3.530000,276.489990,41.799999,73074.968750,27.63,101.56,15.985714,PM2.5,5535
11.160000,12.600000,2.810000,2.720000,0.190000,73.570000,7.350000,4.230000,275.600006,42.540001,71034.960938,27.63,101.71,15.942857,PM2.5,5536
11.610000,13.280000,3.350000,3.050000,0.200000,70.970001,7.490000,3.790000,279.869995,35.509998,75118.476562,27.64,101.86,16.585714,PM2.5,5537
15.010000,17.430000,5.810000,4.840000,0.230000,65.809998,2.130000,4.110000,284.989990,32.509998,83376.250000,27.64,102.02,21.442858,PM2.5,5538
16.520000,19.240000,7.310000,5.590000,0.250000,68.980003,-1.050000,7.270000,283.200012,38.529999,81777.242188,27.64,102.17,23.600000,PM2.5,5539
15.720000,17.610001,6.480000,4.700000,0.240000,70.919998,1.620000,7.550000,277.690002,50.029999,74143.570312,27.65,102.32,22.457144,PM2.5,5540
15.840000,17.980000,6.250000,4.520000,0.240000,70.860001,3.920000,5.460000,278.049988,51.360001,75232.250000,27.65,102.47,22.628572,PM2.5,5541
15.700000,17.920000,5.970000,4.390000,0.240000,71.019997,2.280000,3.990000,279.829987,47.919998,78191.406250,27.65,102.63,22.428572,PM2.5,5542
18.680000,21.299999,6.450000,4.640000,0.260000,69.160004,3.810000,5.360000,277.070007,52.200001,73868.773438,27.66,102.78,26.685715,PM2.5,5543
24.209999,27.340000,7.740000,4.560000,0.300000,70.550003,5.750000,5.250000,276.290009,54.000000,72246.179688,27.66,102.93,34.585712,PM2.5,5544
66.510002,73.550003,18.600000,4.270000,0.550000,72.110001,2.440000,2.080000,279.899994,54.910000,78764.000000,27.66,103.09,89.387505,PM2.5,5545
75.720001,83.720001,20.889999,4.360000,0.610000,71.000000,-0.710000,0.300000,282.059998,57.240002,83583.078125,27.67,103.24,100.900002,PM2.5,5546
6.990000,8.050000,1.040000,1.340000,0.150000,71.849998,6.270000,2.180000,275.850006,43.650002,71363.023438,27.74,100.79,9.985714,PM2.5,5685
7.520000,8.720000,1.080000,1.490000,0.150000,71.059998,4.590000,2.250000,275.230011,44.660000,71086.437500,27.75,100.94,10.742857,PM2.5,5686
7.650000,8.820000,1.080000,1.430000,0.150000,70.820000,5.770000,3.410000,273.489990,47.570000,69057.210938,27.75,101.09,10.928572,PM2.5,5687
8.460000,9.740000,1.520000,1.800000,0.160000,70.529999,7.780000,4.980000,274.440002,43.630001,69376.453125,27.76,101.24,12.085714,PM2.5,5688
9.330000,10.740000,2.030000,2.240000,0.170000,69.910004,6.790000,5.420000,276.190002,38.869999,70823.796875,27.76,101.4,13.328571,PM2.5,5689
9.780000,11.230000,2.180000,2.330000,0.180000,70.199997,6.410000,5.190000,275.739990,40.630001,70866.601562,27.76,101.55,13.971428,PM2.5,5690
9.970000,11.380000,2.320000,2.350000,0.180000,71.230003,8.300000,5.260000,276.190002,39.220001,71207.710938,27.77,101.7,14.242858,PM2.5,5691
10.320000,11.780000,2.700000,2.530000,0.190000,70.019997,7.300000,3.830000,279.200012,35.820000,74534.828125,27.77,101.86,14.742857,PM2.5,5692
13.140000,15.150000,4.340000,3.690000,0.210000,66.760002,3.330000,2.800000,282.220001,34.770000,79522.929688,27.78,102.01,18.771429,PM2.5,5693
16.770000,19.469999,7.430000,5.680000,0.260000,67.599998,1.000000,6.120000,284.440002,34.790001,83445.156250,27.78,102.16,23.957144,PM2.5,5694
14.970000,17.070000,7.020000,5.080000,0.240000,69.629997,1.630000,6.670000,282.390015,37.860001,79459.710938,27.78,102.32,21.385715,PM2.5,5695
15.820000,17.990000,6.920000,4.930000,0.240000,69.269997,3.490000,5.960000,277.459991,49.049999,73645.476562,27.79,102.47,22.600000,PM2.5,5696
15.140000,17.230000,5.980000,4.410000,0.230000,70.529999,3.750000,5.080000,277.540009,51.680000,74920.921875,27.79,102.62,21.628572,PM2.5,5697
17.639999,20.080000,6.280000,4.430000,0.250000,69.739998,4.610000,6.530000,278.049988,50.130001,75326.906250,27.79,102.78,25.199999,PM2.5,5698
28.420000,31.879999,8.890000,4.360000,0.320000,70.870003,4.460000,6.100000,278.220001,48.930000,74614.882812,27.8,102.93,40.599998,PM2.5,5699
72.230003,79.750000,20.400000,3.830000,0.580000,74.379997,1.370000,2.430000,278.420013,61.360001,77353.250000,27.8,103.08,96.537506,PM2.5,5700
77.230003,85.250000,21.240000,3.510000,0.600000,73.110001,0.040000,0.620000,278.170013,70.220001,78681.257812,27.8,103.24,102.787506,PM2.5,5701
86.349998,95.330002,24.639999,3.340000,0.650000,74.110001,1.350000,2.410000,278.679993,73.139999,79892.632812,27.8,103.39,114.187500,PM2.5,5702
124.389999,139.210007,43.259998,10.150000,0.960000,57.709999,0.370000,1.690000,281.809998,79.360001,86499.906250,27.81,105.38,163.414291,PM2.5,5715
123.739998,138.440002,44.250000,10.420000,0.960000,56.970001,0.860000,0.220000,282.109985,79.260002,87362.492188,27.81,105.54,162.485718,PM2.5,5716
124.000000,139.160004,45.470001,11.840000,0.970000,54.230000,1.130000,-0.880000,283.109985,75.959999,88698.906250,27.81,105.69,162.857147,PM2.5,5717
126.690002,142.610001,47.259998,13.670000,1.000000,50.470001,0.530000,-0.280000,283.470001,76.139999,89159.898438,27.81,105.84,166.699997,PM2.5,5718
128.229996,144.770004,48.000000,15.250000,1.020000,46.459999,-0.080000,-0.040000,284.339996,74.839996,90587.453125,27.81,106.0,168.899994,PM2.5,5719
125.309998,142.589996,48.099998,16.870001,1.010000,41.810001,-0.330000,0.060000,284.859985,75.400002,91976.789062,27.81,106.15,164.728561,PM2.5,5720
120.070000,141.979996,54.200001,21.820000,1.030000,34.230000,-0.590000,0.780000,284.239990,79.620003,91502.703125,27.81,106.3,157.242859,PM2.5,5721
4.600000,5.330000,0.780000,0.950000,0.130000,73.570000,2.250000,-0.100000,276.380005,37.250000,71547.140625,27.86,100.32,6.571428,PM2.5,5839
5.610000,6.440000,0.820000,0.880000,0.140000,74.690002,7.430000,1.250000,275.410004,40.779999,70113.812500,27.88,100.78,8.014286,PM2.5,5842
5.780000,6.480000,0.830000,0.900000,0.140000,75.889999,6.560000,2.970000,275.260010,41.459999,70295.968750,27.88,100.93,8.257143,PM2.5,5843
6.240000,7.120000,0.860000,1.070000,0.140000,73.000000,7.190000,4.120000,274.420013,42.669998,69646.906250,27.89,101.09,8.914286,PM2.5,5844
6.690000,7.650000,1.090000,1.390000,0.150000,71.800003,8.260000,4.560000,276.679993,36.820000,71701.921875,27.89,101.24,9.557143,PM2.5,5845
7.500000,8.590000,1.500000,1.840000,0.160000,70.279999,7.260000,5.560000,278.679993,32.849998,73719.046875,27.9,101.39,10.714286,PM2.5,5846
8.160000,9.330000,1.710000,1.940000,0.170000,70.099998,7.190000,6.400000,277.899994,34.560001,72802.460938,27.9,101.55,11.657143,PM2.5,5847
8.570000,9.780000,1.820000,1.940000,0.170000,70.260002,8.270000,5.730000,277.269989,36.150002,72084.671875,27.9,101.7,12.242857,PM2.5,5848
8.930000,10.010000,2.090000,1.910000,0.170000,72.739998,6.580000,3.990000,278.609985,35.419998,73635.687500,27.91,101.85,12.757143,PM2.5,5849
13.560000,15.400000,4.390000,3.400000,0.220000,68.879997,3.040000,2.790000,279.950012,37.619999,76475.640625,27.91,102.01,19.371429,PM2.5,5850
17.990000,20.719999,8.790000,6.490000,0.270000,68.699997,0.540000,3.350000,283.239990,35.730000,82408.578125,27.92,102.16,25.699999,PM2.5,5851
14.720000,16.840000,9.500000,6.520000,0.240000,71.110001,0.480000,4.020000,282.670013,37.490002,81241.312500,27.92,102.31,21.028572,PM2.5,5852
15.690000,17.940001,8.620000,5.930000,0.240000,66.739998,3.340000,6.010000,277.339996,47.660000,73732.953125,27.92,102.47,22.414286,PM2.5,5853
14.870000,16.930000,6.580000,4.760000,0.230000,69.400002,4.950000,5.970000,276.489990,51.459999,72820.078125,27.93,102.62,21.242857,PM2.5,5854
18.700001,21.150000,6.690000,4.600000,0.260000,68.620003,4.560000,5.700000,278.130005,50.599998,75623.500000,27.93,102.77,26.714287,PM2.5,5855
31.830000,35.520000,9.710000,4.310000,0.340000,70.860001,3.770000,5.320000,278.940002,49.330002,76348.226562,27.93,102.93,45.471428,PM2.5,5856
64.160004,70.879997,18.260000,4.020000,0.540000,74.910004,2.380000,3.950000,277.579987,58.570000,75464.703125,27.93,103.08,86.450005,PM2.5,5857
73.730003,81.309998,20.180000,3.450000,0.590000,76.589996,2.000000,2.710000,276.750000,70.919998,75979.281250,27.94,103.23,98.412506,PM2.5,5858
87.690002,96.889999,25.549999,3.000000,0.660000,75.550003,1.350000,2.170000,279.600006,71.029999,80948.406250,27.94,103.39,115.862503,PM2.5,5859
140.699997,155.580002,47.139999,7.070000,1.010000,71.330002,0.390000,-0.460000,283.940002,67.750000,90083.531250,27.95,104.46,186.714279,PM2.5,5866
149.410004,161.919998,43.180000,8.460000,1.100000,68.050003,0.930000,-0.620000,284.190002,67.110001,90313.906250,27.95,104.62,199.157150,PM2.5,5867
149.630005,163.520004,45.360001,9.500000,1.100000,65.120003,1.270000,-0.490000,284.809998,66.010002,90906.101562,27.95,104.77,199.471436,PM2.5,5868
132.080002,146.690002,41.630001,11.310000,1.010000,57.910000,0.460000,2.190000,283.880005,70.980003,89215.843750,27.95,105.38,174.400009,PM2.5,5872
132.929993,147.960007,41.169998,12.140000,1.020000,55.369999,0.230000,1.870000,282.510010,77.550003,88257.023438,27.95,105.54,175.614273,PM2.5,5873
134.509995,150.050003,42.900002,13.680000,1.040000,51.990002,1.310000,0.650000,281.529999,82.769997,86932.468750,27.95,105.69,177.871414,PM2.5,5874
136.839996,152.830002,44.680000,15.420000,1.060000,48.660000,1.270000,0.570000,282.790009,79.099998,88522.203125,27.95,105.84,181.199997,PM2.5,5875
135.529999,151.669998,44.860001,16.490000,1.050000,45.799999,0.380000,0.450000,283.869995,76.809998,90174.828125,27.95,106.0,179.328568,PM2.5,5876
127.139999,143.850006,43.169998,17.139999,0.990000,41.700001,0.200000,-0.050000,284.179993,78.120003,90956.140625,27.94,106.15,167.342850,PM2.5,5877
4.040000,4.610000,0.880000,1.230000,0.130000,75.639999,6.230000,0.520000,271.670013,48.810001,66254.273438,27.99,100.16,5.771429,PM2.5,6000
4.240000,4.930000,0.580000,0.800000,0.130000,74.559998,2.520000,-0.300000,273.980011,41.250000,68449.617188,27.99,100.31,6.057143,PM2.5,6001
4.580000,5.270000,0.610000,0.750000,0.130000,78.169998,2.430000,0.310000,274.309998,41.779999,68847.773438,28.0,100.47,6.542857,PM2.5,6002
4.710000,5.430000,0.630000,0.720000,0.130000,76.169998,6.210000,1.480000,271.489990,49.080002,65769.140625,28.01,100.62,6.728571,PM2.5,6003
4.850000,5.570000,0.650000,0.810000,0.130000,74.860001,9.900000,3.220000,272.720001,44.770000,66267.460938,28.01,100.77,6.928571,PM2.5,6004
4.820000,5.330000,0.660000,0.920000,0.140000,76.760002,7.640000,3.350000,275.589996,38.119999,69356.257812,28.02,100.93,6.885715,PM2.5,6005
5.100000,5.650000,0.690000,1.160000,0.140000,76.059998,5.800000,1.720000,274.859985,39.459999,69300.523438,28.02,101.08,7.285714,PM2.5,6006
5.390000,5.980000,0.780000,1.290000,0.140000,75.000000,7.110000,1.950000,275.730011,37.000000,70041.492188,28.03,101.23,7.700000,PM2.5,6007
6.410000,7.250000,1.010000,1.500000,0.150000,74.290001,5.760000,3.250000,278.720001,31.430000,73626.203125,28.03,101.39,9.157143,PM2.5,6008
7.950000,9.230000,1.280000,1.670000,0.160000,72.040001,4.620000,4.130000,278.790009,31.680000,74382.796875,28.04,101.54,11.357142,PM2.5,6009
9.320000,10.910000,1.520000,1.850000,0.170000,70.989998,7.020000,4.730000,276.929993,35.849998,72491.640625,28.04,101.69,13.314285,PM2.5,6010
10.490000,12.110000,1.820000,1.970000,0.180000,73.459999,6.340000,3.840000,278.209991,35.520000,73475.851562,28.04,101.85,14.985714,PM2.5,6011
16.940001,19.379999,5.110000,3.830000,0.240000,68.160004,1.370000,2.500000,280.410004,37.509998,77783.867188,28.05,102.0,24.200001,PM2.5,6012
20.820000,23.870001,8.400000,6.000000,0.290000,69.389999,-1.700000,3.600000,281.600006,38.689999,80596.859375,28.05,102.16,29.742857,PM2.5,6013
14.180000,16.180000,8.120000,5.530000,0.230000,69.309998,-0.070000,5.180000,279.029999,43.389999,76841.257812,28.06,102.31,20.257143,PM2.5,6014
14.650000,16.730000,7.710000,5.230000,0.230000,67.000000,4.120000,6.920000,276.329987,48.049999,72825.406250,28.06,102.46,20.928572,PM2.5,6015
14.370000,16.350000,6.550000,4.570000,0.230000,68.709999,5.630000,6.530000,276.010010,48.020000,71735.453125,28.06,102.62,20.528572,PM2.5,6016
21.610001,24.240000,7.620000,4.430000,0.280000,69.099998,4.570000,5.630000,277.149994,49.930000,73798.867188,28.06,102.77,30.871429,PM2.5,6017
43.509998,48.209999,12.730000,4.130000,0.410000,71.489998,2.840000,5.230000,278.450012,53.279999,76625.203125,28.07,102.92,60.637497,PM2.5,6018
66.610001,73.489998,18.650000,3.790000,0.550000,74.620003,1.520000,4.510000,277.190002,63.349998,75819.312500,28.07,103.08,89.512497,PM2.5,6019
75.580002,83.370003,21.299999,3.120000,0.590000,78.769997,1.190000,2.450000,277.679993,68.709999,77199.351562,28.07,103.23,100.725006,PM2.5,6020
88.370003,97.720001,26.290001,3.040000,0.660000,77.440002,0.230000,1.660000,280.049988,68.239998,81563.273438,28.07,103.39,116.712502,PM2.5,6021
145.720001,159.360001,41.400002,8.350000,1.100000,67.779999,0.890000,-0.720000,285.519989,62.470001,92869.921875,28.08,104.46,193.885712,PM2.5,6028
152.070007,165.169998,43.410000,10.430000,1.170000,64.279999,1.120000,-0.640000,285.779999,62.029999,93022.343750,28.08,104.62,202.070007,PM2.5,6029
156.389999,170.889999,44.000000,11.430000,1.200000,61.560001,1.220000,-0.600000,286.459991,61.049999,93905.117188,28.08,104.77,206.389999,PM2.5,6030
151.559998,165.729996,43.480000,11.650000,1.170000,60.730000,0.820000,1.320000,286.000000,63.490002,92857.523438,28.09,104.92,201.559998,PM2.5,6031
145.910004,159.690002,41.980000,11.610000,1.100000,58.770000,1.010000,2.660000,283.750000,71.220001,89292.546875,28.09,105.08,194.157150,PM2.5,6032
144.759995,158.729996,40.660000,12.310000,1.110000,57.169998,1.510000,2.250000,284.589996,67.769997,89879.218750,28.08,105.23,192.514282,PM2.5,6033
143.369995,157.740005,40.900002,13.310000,1.120000,57.279999,0.570000,2.040000,286.369995,62.439999,92677.429688,28.08,105.38,190.528564,PM2.5,6034
143.919998,158.580002,39.919998,13.960000,1.120000,54.700001,-0.040000,3.000000,283.660004,73.160004,89812.351562,28.08,105.54,191.314285,PM2.5,6035
145.020004,160.089996,40.060001,14.810000,1.130000,51.669998,1.080000,1.910000,281.959991,81.070000,87482.726562,28.08,105.69,192.885727,PM2.5,6036
145.869995,161.300003,41.130001,16.160000,1.130000,48.869999,1.370000,0.890000,284.359985,73.099998,90499.273438,28.08,105.85,194.099991,PM2.5,6037
144.320007,160.500000,40.490002,17.750000,1.130000,44.619999,0.070000,0.610000,286.019989,68.879997,92936.648438,28.08,106.0,191.885727,PM2.5,6038
134.000000,150.380005,37.880001,17.590000,1.000000,39.830002,-0.740000,0.080000,285.029999,75.360001,92320.812500,28.08,106.15,177.142853,PM2.5,6039
3.700000,4.230000,0.510000,0.930000,0.130000,76.120003,4.000000,0.670000,271.049988,48.240002,65597.882812,28.12,100.15,5.285714,PM2.5,6172
3.970000,4.620000,0.440000,0.710000,0.130000,77.089996,1.970000,-0.810000,271.859985,45.299999,65947.226562,28.13,100.31,5.671429,PM2.5,6173
4.270000,4.960000,0.470000,0.690000,0.130000,76.830002,5.060000,1.650000,271.089996,47.889999,65060.230469,28.14,100.46,6.100000,PM2.5,6174
3.850000,4.350000,0.460000,0.560000,0.130000,79.660004,7.950000,4.430000,271.200012,47.029999,64958.960938,28.14,100.61,5.500000,PM2.5,6175
4.160000,4.740000,0.510000,0.790000,0.130000,76.559998,9.510000,4.820000,272.519989,42.970001,65856.320312,28.15,100.77,5.942857,PM2.5,6176
4.300000,4.870000,0.550000,1.080000,0.130000,74.879997,6.810000,2.520000,274.859985,37.610001,68688.757812,28.15,100.92,6.142858,PM2.5,6177
4.620000,5.210000,0.570000,1.320000,0.140000,73.879997,6.740000,1.720000,272.529999,43.450001,66513.546875,28.16,101.07,6.600000,PM2.5,6178
4.800000,5.390000,0.620000,1.300000,0.140000,73.800003,9.340000,2.850000,273.170013,40.939999,66482.882812,28.16,101.23,6.857143,PM2.5,6179
5.600000,6.400000,0.730000,1.230000,0.140000,73.739998,5.890000,2.290000,277.890015,30.809999,71883.117188,28.17,101.38,8.000000,PM2.5,6180
7.380000,8.640000,0.940000,1.350000,0.150000,74.949997,3.970000,2.090000,276.649994,33.630001,71253.992188,28.17,101.54,10.542857,PM2.5,6181
9.380000,11.150000,1.200000,1.640000,0.170000,73.099998,7.740000,4.120000,275.140015,36.830002,69910.656250,28.18,101.69,13.400001,PM2.5,6182
11.500000,13.700000,1.680000,1.970000,0.180000,71.849998,6.810000,3.720000,277.619995,34.799999,72664.429688,28.18,101.84,16.428572,PM2.5,6183
18.760000,21.280001,5.180000,3.530000,0.260000,69.970001,1.600000,1.750000,279.929993,38.250000,77269.070312,28.18,102.0,26.800001,PM2.5,6184
24.180000,27.459999,8.240000,5.340000,0.310000,69.959999,-1.060000,4.520000,280.720001,40.500000,79569.593750,28.19,102.15,34.542858,PM2.5,6185
18.350000,20.730000,7.530000,4.560000,0.250000,69.190002,0.740000,7.120000,278.670013,43.189999,75827.070312,28.19,102.31,26.214287,PM2.5,6186
20.559999,23.120001,7.820000,4.350000,0.260000,68.730003,4.290000,6.880000,277.440002,45.230000,74060.328125,28.19,102.46,29.371428,PM2.5,6187
16.969999,19.150000,6.760000,4.190000,0.240000,68.730003,5.020000,6.200000,278.089996,42.250000,74055.531250,28.2,102.61,24.242857,PM2.5,6188
25.219999,28.160000,8.390000,4.280000,0.300000,68.930000,3.890000,5.740000,277.679993,46.849998,73896.203125,28.2,102.77,36.028572,PM2.5,6189
47.560001,52.590000,13.620000,4.110000,0.440000,71.099998,2.010000,5.480000,277.720001,55.430000,75738.960938,28.2,102.92,65.700005,PM2.5,6190
63.330002,69.849998,17.590000,3.810000,0.530000,74.199997,1.190000,4.660000,277.119995,59.560001,75102.960938,28.21,103.08,85.412506,PM2.5,6191
72.900002,80.330002,20.680000,3.250000,0.580000,79.019997,1.890000,3.310000,276.170013,65.889999,74230.226562,28.21,103.23,97.375000,PM2.5,6192
91.660004,101.070000,27.090000,3.340000,0.680000,77.320000,0.900000,2.350000,278.029999,71.830002,78704.890625,28.21,103.38,120.825005,PM2.5,6193
109.540001,120.970001,31.830000,4.120000,0.790000,72.370003,0.240000,0.900000,280.929993,69.779999,84126.671875,28.21,103.54,143.175003,PM2.5,6194
149.619995,163.610001,41.439999,9.690000,1.140000,63.759998,0.950000,-1.510000,286.399994,59.849998,94781.281250,28.22,104.46,199.457138,PM2.5,6200
158.330002,172.000000,44.790001,12.660000,1.230000,60.060001,0.860000,-1.370000,286.450012,60.599998,95056.093750,28.22,104.62,208.330002,PM2.5,6201
163.250000,177.509995,43.759998,13.350000,1.270000,58.840000,0.670000,-0.940000,286.260010,62.070000,94537.093750,28.22,104.77,213.250000,PM2.5,6202
163.179993,177.440002,41.180000,13.300000,1.280000,57.970001,0.580000,0.690000,285.619995,64.669998,92814.601562,28.22,104.92,213.179993,PM2.5,6203
159.309998,173.660004,39.400002,13.210000,1.230000,56.700001,1.280000,2.070000,284.869995,66.820000,91096.523438,28.22,105.08,209.309998,PM2.5,6204
156.559998,171.410004,38.759998,14.100000,1.250000,55.840000,1.540000,1.480000,287.239990,58.880001,93762.539062,28.22,105.23,206.559998,PM2.5,6205
156.630005,171.970001,38.540001,15.640000,1.280000,53.900002,0.450000,1.530000,288.070007,57.680000,95462.570312,28.22,105.39,206.630005,PM2.5,6206
158.399994,174.179993,38.360001,16.100000,1.280000,52.599998,-0.230000,3.190000,284.869995,68.989998,91508.507812,28.22,105.54,208.399994,PM2.5,6207
156.809998,173.179993,38.160000,16.500000,1.250000,50.529999,0.510000,2.440000,282.450012,79.139999,88246.429688,28.22,105.69,206.809998,PM2.5,6208
156.220001,173.440002,38.320000,17.540001,1.260000,48.230000,1.170000,0.830000,283.760010,75.459999,90016.898438,28.22,105.85,206.220001,PM2.5,6209
3.220000,3.580000,0.410000,1.430000,0.130000,86.180000,0.710000,3.260000,272.089996,57.290001,68636.843750,28.23,99.38,4.600000,PM2.5,6341
3.420000,3.920000,0.370000,0.620000,0.120000,77.339996,3.090000,0.690000,268.579987,54.060001,62852.500000,28.27,100.3,4.885715,PM2.5,6347
3.310000,3.790000,0.370000,0.530000,0.120000,77.339996,9.120000,3.840000,267.950012,55.060001,61535.089844,28.27,100.45,4.728571,PM2.5,6348
3.140000,3.450000,0.380000,0.470000,0.120000,81.510002,9.010000,5.310000,272.769989,40.930000,65539.968750,28.28,100.61,4.485714,PM2.5,6349
3.510000,3.940000,0.430000,0.770000,0.130000,76.650002,6.250000,3.810000,272.709991,40.950001,66227.523438,28.28,100.76,5.014286,PM2.5,6350
3.740000,4.120000,0.480000,1.040000,0.130000,78.180000,5.460000,2.430000,272.799988,40.680000,66435.421875,28.29,100.92,5.342857,PM2.5,6351
4.030000,4.510000,0.500000,1.120000,0.130000,76.360001,7.930000,4.570000,270.920013,45.290001,64433.429688,28.29,101.07,5.757143,PM2.5,6352
4.210000,4.700000,0.540000,1.000000,0.130000,77.099998,8.460000,3.710000,272.459991,40.240002,65625.171875,28.3,101.22,6.014286,PM2.5,6353
4.560000,5.130000,0.600000,0.860000,0.140000,77.459999,4.640000,0.860000,276.339996,32.220001,69948.570312,28.3,101.38,6.514286,PM2.5,6354
5.430000,6.190000,0.690000,0.990000,0.140000,77.040001,5.580000,2.430000,274.200012,36.759998,67940.531250,28.31,101.53,7.757143,PM2.5,6355
6.850000,7.990000,0.880000,1.180000,0.150000,76.290001,8.730000,4.810000,274.690002,35.389999,68303.203125,28.31,101.69,9.785714,PM2.5,6356
10.080000,11.690000,1.740000,1.740000,0.180000,72.570000,6.220000,4.010000,276.779999,34.540001,71247.578125,28.32,101.84,14.400000,PM2.5,6357
20.700001,23.160000,5.500000,3.170000,0.270000,70.900002,1.870000,2.450000,277.750000,41.849998,74159.546875,28.32,101.99,29.571430,PM2.5,6358
26.860001,30.240000,8.030000,4.560000,0.320000,70.150002,-0.410000,3.300000,279.619995,43.290001,78217.328125,28.32,102.15,38.371429,PM2.5,6359
27.270000,30.480000,8.470000,4.220000,0.310000,68.800003,0.150000,4.830000,278.880005,45.709999,76886.992188,28.33,102.3,38.957142,PM2.5,6360
31.490000,35.090000,9.510000,4.170000,0.340000,68.589996,2.450000,4.240000,278.040009,48.470001,75736.781250,28.33,102.46,44.985714,PM2.5,6361
31.680000,35.279999,9.870000,4.410000,0.340000,68.540001,2.980000,4.390000,278.769989,44.380001,76063.476562,28.33,102.61,45.257145,PM2.5,6362
27.860001,31.000000,8.610000,4.110000,0.320000,68.739998,2.570000,4.600000,277.709991,48.220001,74576.359375,28.34,102.76,39.799999,PM2.5,6363
44.560001,49.250000,12.460000,3.980000,0.420000,70.690002,1.330000,4.470000,278.040009,53.930000,76056.500000,28.34,102.92,61.950001,PM2.5,6364
59.070000,65.150002,16.160000,3.920000,0.510000,72.599998,1.180000,5.080000,277.589996,55.990002,75432.820312,28.34,103.07,80.087502,PM2.5,6365
72.449997,79.820000,20.240000,3.480000,0.580000,76.769997,2.760000,5.430000,275.260010,64.269997,72584.132812,28.34,103.23,96.812500,PM2.5,6366
96.900002,106.870003,29.059999,3.860000,0.720000,76.489998,1.250000,3.000000,277.359985,72.389999,77508.320312,28.35,103.38,127.375000,PM2.5,6367
118.139999,130.589996,36.139999,4.860000,0.850000,72.629997,-0.600000,0.330000,280.200012,73.540001,83971.546875,28.35,103.54,154.485718,PM2.5,6368
127.139999,140.619995,38.330002,5.340000,0.900000,70.760002,-0.530000,-0.810000,281.959991,70.349998,87092.929688,28.35,103.69,167.342850,PM2.5,6369
130.139999,143.970001,38.779999,5.870000,0.920000,68.510002,-0.870000,0.240000,282.929993,68.620003,88950.679688,28.35,103.84,171.628571,PM2.5,6370
138.139999,153.369995,42.599998,8.760000,1.010000,65.150002,1.270000,-1.820000,286.309998,58.950001,93991.890625,28.35,104.31,183.057144,PM2.5,6373
150.470001,164.589996,42.290001,10.880000,1.160000,62.200001,1.090000,-1.820000,286.660004,58.919998,95226.843750,28.36,104.46,200.470001,PM2.5,6374
161.880005,176.020004,46.869999,14.820000,1.280000,57.970001,0.840000,-1.700000,286.540009,60.070000,95454.539062,28.36,104.61,211.880005,PM2.5,6375
169.570007,184.600006,43.810001,15.550000,1.360000,56.279999,0.880000,-1.060000,286.670013,60.360001,95696.632812,28.36,104.77,219.570007,PM2.5,6376
172.089996,187.160004,39.950001,15.640000,1.400000,55.689999,0.970000,-0.120000,286.899994,60.389999,95323.226562,28.36,104.92,222.089996,PM2.5,6377
168.539993,184.039993,38.000000,15.340000,1.370000,54.770000,1.270000,0.940000,287.260010,59.360001,95081.726562,28.36,105.08,218.539993,PM2.5,6378
165.240005,180.720001,37.270000,15.980000,1.390000,53.689999,1.680000,0.500000,288.359985,56.290001,96300.460938,28.36,105.23,215.240005,PM2.5,6379
163.929993,179.550003,37.590000,17.030001,1.410000,52.630001,1.230000,1.140000,288.700012,56.160000,96891.781250,28.36,105.39,213.929993,PM2.5,6380
164.440002,180.369995,37.240002,16.870001,1.410000,51.310001,0.430000,2.800000,287.160004,61.560001,94853.070312,28.36,105.54,214.440002,PM2.5,6381
3.190000,3.530000,0.410000,1.180000,0.120000,85.160004,2.520000,5.470000,269.279999,65.440002,65157.429688,28.36,99.37,4.557143,PM2.5,6522
2.920000,3.250000,0.380000,0.960000,0.120000,78.610001,4.070000,1.510000,269.510010,51.369999,64465.449219,28.39,100.14,4.171429,PM2.5,6527
3.070000,3.440000,0.360000,0.710000,0.120000,78.010002,6.010000,4.610000,266.790009,60.080002,61593.488281,28.4,100.29,4.385714,PM2.5,6528
2.860000,3.220000,0.340000,0.530000,0.120000,80.070000,10.820000,6.080000,268.959991,51.029999,62432.730469,28.41,100.45,4.085714,PM2.5,6529
2.820000,3.070000,0.360000,0.530000,0.120000,80.989998,8.300000,4.260000,273.940002,37.709999,66710.929688,28.41,100.6,4.028571,PM2.5,6530
3.180000,3.540000,0.400000,0.710000,0.130000,77.610001,5.260000,2.830000,272.429993,40.869999,65988.960938,28.42,100.76,4.542857,PM2.5,6531
3.360000,3.690000,0.420000,0.790000,0.130000,79.629997,6.920000,3.810000,271.589996,42.220001,64947.929688,28.42,100.91,4.800000,PM2.5,6532
3.680000,4.090000,0.460000,0.830000,0.130000,77.639999,7.910000,5.650000,271.670013,41.279999,65058.230469,28.43,101.06,5.257143,PM2.5,6533
3.870000,4.240000,0.500000,0.690000,0.130000,81.610001,4.800000,2.360000,273.459991,36.480000,66867.523438,28.43,101.22,5.528571,PM2.5,6534
4.000000,4.370000,0.520000,0.640000,0.130000,81.610001,3.980000,-0.160000,273.399994,36.520000,66557.257812,28.44,101.37,5.714286,PM2.5,6535
4.350000,4.850000,0.560000,0.710000,0.140000,80.389999,8.750000,3.470000,272.359985,38.709999,65225.519531,28.44,101.53,6.214285,PM2.5,6536
5.650000,6.430000,0.870000,1.010000,0.150000,77.519997,8.340000,4.730000,276.820007,30.250000,69674.921875,28.45,101.68,8.071428,PM2.5,6537
11.000000,12.440000,2.280000,1.820000,0.180000,72.629997,3.240000,3.230000,277.929993,33.070000,72750.976562,28.45,101.83,15.714286,PM2.5,6538
21.530001,24.110001,5.760000,3.210000,0.270000,70.459999,0.460000,3.090000,277.200012,42.169998,73567.796875,28.45,101.99,30.757143,PM2.5,6539
27.820000,31.200001,8.070000,4.330000,0.330000,69.839996,-0.820000,3.190000,277.570007,46.639999,75465.718750,28.46,102.14,39.742855,PM2.5,6540
29.870001,33.310001,8.710000,4.060000,0.330000,68.680000,0.410000,3.790000,276.190002,52.270000,73826.859375,28.46,102.3,42.671429,PM2.5,6541
34.770000,38.689999,10.130000,4.020000,0.360000,69.849998,1.940000,2.940000,276.679993,54.750000,74727.398438,28.47,102.45,49.671429,PM2.5,6542
42.250000,46.959999,12.470000,4.520000,0.410000,69.599998,1.440000,3.480000,277.910004,48.349998,75475.078125,28.47,102.61,59.062500,PM2.5,6543
29.070000,32.290001,8.530000,4.030000,0.330000,68.610001,1.960000,4.750000,275.779999,51.459999,72381.976562,28.47,102.76,41.528572,PM2.5,6544
39.459999,43.619999,10.710000,3.820000,0.390000,70.599998,1.210000,3.500000,276.640015,56.040001,74572.273438,28.47,102.92,55.574997,PM2.5,6545
53.790001,59.349998,14.310000,3.920000,0.480000,71.160004,1.060000,4.980000,276.450012,58.740002,74398.460938,28.48,103.07,73.487503,PM2.5,6546
72.919998,80.339996,19.910000,3.600000,0.580000,75.309998,3.060000,6.680000,274.540009,64.959999,71678.843750,28.48,103.22,97.399994,PM2.5,6547
101.250000,111.820000,29.860001,3.960000,0.750000,74.169998,0.900000,2.780000,277.670013,72.769997,78472.781250,28.48,103.38,132.812500,PM2.5,6548
123.620003,136.750000,37.869999,5.190000,0.880000,71.790001,-1.030000,0.000000,280.559998,73.949997,85547.960938,28.48,103.53,162.314285,PM2.5,6549
131.080002,145.039993,40.509998,6.010000,0.930000,70.500000,-0.320000,-0.270000,281.480011,73.849998,87233.703125,28.49,103.69,172.971436,PM2.5,6550
136.850006,152.300003,44.180000,10.410000,1.020000,62.970001,1.220000,-1.960000,286.589996,58.279999,94707.476562,28.49,104.3,181.214294,PM2.5,6554
150.449997,164.520004,44.930000,12.790000,1.180000,60.189999,1.060000,-1.970000,287.029999,57.810001,95908.906250,28.49,104.46,200.449997,PM2.5,6555
161.330002,175.639999,50.900002,17.240000,1.300000,55.759998,0.920000,-1.760000,286.899994,58.770000,95875.617188,28.49,104.61,211.330002,PM2.5,6556
167.729996,183.139999,43.380001,17.389999,1.380000,54.009998,0.780000,-1.600000,287.820007,56.720001,97167.820312,28.49,104.77,217.729996,PM2.5,6557
173.179993,189.029999,38.470001,18.200001,1.450000,52.389999,0.630000,-1.170000,288.470001,55.689999,97964.820312,28.49,104.92,223.179993,PM2.5,6558
170.979996,187.100006,36.560001,17.660000,1.440000,52.410000,0.580000,-0.200000,288.179993,56.939999,97003.132812,28.49,105.08,220.979996,PM2.5,6559
169.360001,185.169998,35.959999,18.209999,1.470000,51.419998,1.020000,0.240000,287.769989,58.279999,96111.156250,28.49,105.23,219.360001,PM2.5,6560
165.759995,181.270004,36.110001,18.700001,1.480000,51.700001,1.040000,0.720000,288.160004,57.340000,96168.492188,28.49,105.39,215.759995,PM2.5,6561
165.869995,181.479996,36.360001,18.370001,1.490000,50.770000,0.530000,1.900000,288.040009,58.820000,96146.882812,28.49,105.54,215.869995,PM2.5,6562
3.050000,3.380000,0.530000,1.090000,0.120000,79.930000,2.960000,6.590000,271.559998,57.389999,67355.406250,28.49,99.21,4.357143,PM2.5,6710
3.030000,3.350000,0.420000,1.070000,0.120000,82.349998,3.630000,6.900000,270.380005,60.389999,65784.328125,28.5,99.36,4.328571,PM2.5,6711
2.580000,2.860000,0.330000,0.880000,0.120000,80.910004,9.570000,3.280000,265.709991,62.869999,60155.449219,28.53,100.13,3.685714,PM2.5,6716
2.530000,2.800000,0.320000,0.740000,0.120000,80.480003,10.130000,5.870000,267.739990,54.650002,61899.468750,28.54,100.29,3.614286,PM2.5,6717
2.550000,2.840000,0.320000,0.700000,0.120000,78.980003,10.560000,6.090000,271.070007,44.220001,64650.140625,28.54,100.44,3.642857,PM2.5,6718
2.620000,2.910000,0.330000,0.670000,0.120000,77.800003,8.470000,4.060000,272.690002,40.160000,66185.226562,28.55,100.59,3.742857,PM2.5,6719
2.840000,3.170000,0.350000,0.670000,0.120000,76.660004,7.730000,3.890000,270.910004,44.529999,64509.910156,28.55,100.75,4.057143,PM2.5,6720
2.960000,3.240000,0.380000,0.640000,0.120000,80.129997,7.930000,4.420000,271.570007,41.910000,64722.550781,28.56,100.9,4.228571,PM2.5,6721
3.420000,3.800000,0.450000,0.570000,0.130000,81.550003,4.760000,4.140000,273.290009,36.779999,66941.546875,28.56,101.06,4.885715,PM2.5,6722
3.570000,3.970000,0.480000,0.540000,0.130000,85.809998,1.480000,2.370000,274.799988,33.610001,68390.828125,28.57,101.21,5.100000,PM2.5,6723
3.700000,4.100000,0.490000,0.500000,0.130000,82.070000,5.200000,1.980000,270.220001,43.139999,63557.089844,28.57,101.37,5.285714,PM2.5,6724
3.800000,4.260000,0.490000,0.550000,0.130000,82.180000,10.620000,4.200000,270.779999,40.220001,63007.699219,28.58,101.52,5.428571,PM2.5,6725
4.700000,5.240000,0.760000,0.850000,0.140000,79.720001,6.240000,3.300000,277.899994,27.820000,70453.031250,28.58,101.68,6.714285,PM2.5,6726
8.200000,9.280000,1.580000,1.410000,0.160000,75.769997,1.460000,1.340000,278.019989,31.230000,72338.703125,28.59,101.83,11.714286,PM2.5,6727
19.240000,21.610001,5.130000,2.800000,0.250000,71.769997,0.850000,2.610000,276.850006,38.299999,72390.460938,28.59,101.98,27.485714,PM2.5,6728
27.040001,30.260000,7.920000,3.900000,0.310000,70.959999,-0.530000,4.100000,276.670013,47.360001,74082.953125,28.59,102.14,38.628574,PM2.5,6729
29.500000,32.840000,8.240000,3.450000,0.320000,69.919998,0.800000,5.150000,275.149994,55.430000,72517.257812,28.6,102.29,42.142857,PM2.5,6730
37.689999,41.860001,10.620000,3.650000,0.370000,71.239998,2.100000,3.010000,276.609985,56.480000,74797.609375,28.6,102.45,53.362499,PM2.5,6731
52.029999,57.810001,15.190000,4.500000,0.470000,70.120003,1.440000,3.140000,277.920013,53.000000,76237.218750,28.6,102.6,71.287498,PM2.5,6732
30.299999,33.669998,8.870000,4.100000,0.330000,68.690002,2.430000,6.430000,275.279999,51.820000,71364.367188,28.61,102.76,43.285713,PM2.5,6733
34.340000,38.000000,9.500000,3.880000,0.360000,70.120003,2.510000,5.270000,274.559998,57.150002,71321.203125,28.61,102.91,49.057144,PM2.5,6734
48.939999,54.020000,12.820000,3.830000,0.450000,70.309998,3.180000,6.650000,274.690002,59.400002,71985.578125,28.61,103.07,67.424995,PM2.5,6735
72.589996,80.029999,19.600000,3.550000,0.580000,73.610001,3.400000,7.130000,274.859985,62.570000,71725.578125,28.61,103.22,96.987495,PM2.5,6736
103.570000,114.750000,30.879999,3.970000,0.750000,71.279999,-0.170000,2.280000,277.619995,77.470001,79416.117188,28.62,103.38,135.712494,PM2.5,6737
127.379997,141.130005,39.770000,5.550000,0.900000,72.180000,-0.670000,-0.130000,281.540009,72.400002,87846.328125,28.62,103.53,167.685715,PM2.5,6738
131.630005,145.929993,41.250000,7.100000,0.940000,69.470001,0.330000,-0.190000,283.140015,68.660004,90178.921875,28.62,103.69,173.757156,PM2.5,6739
134.369995,149.419998,43.750000,10.030000,0.980000,63.939999,0.040000,-1.140000,285.010010,62.750000,92836.960938,28.62,103.99,177.671417,PM2.5,6741
136.199997,151.889999,45.639999,11.930000,1.020000,61.160000,0.810000,-2.540000,286.820007,57.919998,95383.117188,28.63,104.3,180.285706,PM2.5,6743
150.779999,165.000000,47.720001,14.830000,1.210000,58.209999,0.880000,-2.260000,287.750000,56.060001,97143.406250,28.63,104.46,200.779999,PM2.5,6744
163.360001,178.380005,55.250000,20.379999,1.360000,52.439999,0.540000,-1.870000,287.540009,57.619999,97323.226562,28.63,104.61,213.360001,PM2.5,6745
171.350006,187.460007,43.720001,19.719999,1.440000,50.860001,0.350000,-2.050000,287.700012,57.560001,97622.781250,28.63,104.77,221.350006,PM2.5,6746
176.910004,193.539993,38.000000,20.650000,1.510000,49.470001,0.360000,-1.940000,288.260010,56.259998,98216.109375,28.63,104.92,226.910004,PM2.5,6747
174.149994,190.940002,35.980000,20.120001,1.510000,50.360001,0.280000,-0.960000,288.149994,56.660000,97481.398438,28.63,105.08,224.149994,PM2.5,6748
173.270004,189.399994,35.139999,20.570000,1.560000,49.150002,0.540000,-0.050000,287.929993,57.480000,96647.023438,28.63,105.23,223.270004,PM2.5,6749
170.600006,186.169998,35.049999,21.070000,1.590000,49.009998,0.820000,0.420000,287.769989,58.060001,96007.148438,28.63,105.39,220.600006,PM2.5,6750
167.899994,183.210007,35.660000,20.639999,1.580000,48.820000,0.710000,1.150000,287.850006,58.820000,95982.109375,28.63,105.54,217.899994,PM2.5,6751
163.839996,178.830002,35.860001,20.790001,1.550000,47.970001,0.450000,2.130000,288.220001,58.770000,96623.570312,28.63,105.7,213.839996,PM2.5,6752
161.179993,176.270004,35.040001,21.030001,1.460000,46.040001,0.490000,2.860000,286.839996,64.040001,94963.820312,28.62,105.85,211.179993,PM2.5,6753
141.770004,162.270004,28.459999,17.980000,1.080000,36.889999,0.210000,4.670000,283.489990,82.599998,90608.421875,28.62,106.31,188.242859,PM2.5,6756
2.830000,3.130000,0.430000,0.950000,0.120000,78.599998,3.130000,5.590000,272.100006,53.320000,67498.562500,28.62,99.2,4.042857,PM2.5,6903
2.840000,3.150000,0.390000,0.960000,0.120000,80.339996,2.210000,6.120000,271.359985,55.759998,66862.742188,28.63,99.35,4.057143,PM2.5,6904
2.970000,3.280000,0.390000,0.950000,0.120000,80.220001,4.110000,5.040000,268.040009,65.639999,63465.210938,28.64,99.51,4.242857,PM2.5,6905
2.670000,2.940000,0.350000,1.130000,0.120000,82.620003,6.380000,4.880000,264.100006,71.279999,59150.218750,28.66,99.97,3.814286,PM2.5,6908
2.390000,2.650000,0.290000,0.850000,0.110000,82.750000,10.990000,4.180000,263.799988,69.360001,58316.000000,28.67,100.12,3.414286,PM2.5,6909
2.240000,2.470000,0.280000,0.720000,0.110000,82.669998,11.790000,4.850000,267.019989,54.950001,60689.828125,28.67,100.28,3.200000,PM2.5,6910
2.220000,2.460000,0.290000,0.740000,0.120000,80.639999,10.160000,5.440000,270.619995,43.590000,63827.960938,28.68,100.43,3.171429,PM2.5,6911
2.330000,2.540000,0.300000,0.690000,0.120000,80.430000,7.910000,5.370000,271.880005,40.639999,65268.191406,28.68,100.59,3.328571,PM2.5,6912
2.520000,2.790000,0.320000,0.650000,0.120000,78.430000,8.310000,5.620000,270.640015,44.240002,64083.031250,28.69,100.74,3.600000,PM2.5,6913
2.620000,2.840000,0.340000,0.610000,0.120000,80.379997,7.990000,4.110000,271.730011,41.439999,64746.691406,28.69,100.9,3.742857,PM2.5,6914
3.140000,3.470000,0.420000,0.540000,0.130000,81.050003,3.880000,2.450000,273.220001,36.820000,67210.296875,28.7,101.05,4.485714,PM2.5,6915
3.330000,3.700000,0.460000,0.490000,0.130000,86.029999,1.070000,3.480000,274.679993,34.360001,68605.593750,28.7,101.21,4.757143,PM2.5,6916
3.430000,3.800000,0.450000,0.460000,0.130000,83.519997,5.770000,4.650000,270.140015,43.580002,63646.140625,28.71,101.36,4.900000,PM2.5,6917
3.370000,3.780000,0.440000,0.490000,0.130000,83.290001,10.760000,3.900000,270.839996,39.720001,63229.171875,28.71,101.52,4.814286,PM2.5,6918
3.520000,3.880000,0.500000,0.660000,0.130000,81.379997,6.880000,1.770000,276.250000,29.420000,68690.343750,28.72,101.67,5.028572,PM2.5,6919
4.640000,5.230000,0.660000,0.910000,0.140000,77.580002,4.500000,1.580000,274.089996,34.830002,67288.046875,28.72,101.83,6.628571,PM2.5,6920
7.070000,8.040000,1.530000,1.450000,0.160000,74.550003,4.860000,2.810000,273.649994,39.139999,67342.976562,28.73,101.98,10.100000,PM2.5,6921
19.219999,21.570000,5.680000,3.130000,0.260000,71.529999,1.960000,4.180000,276.399994,41.939999,72582.898438,28.73,102.14,27.457142,PM2.5,6922
24.370001,27.110001,6.860000,2.930000,0.280000,71.320000,0.950000,4.770000,275.350006,53.080002,72514.367188,28.73,102.29,34.814285,PM2.5,6923
29.950001,33.240002,8.360000,2.990000,0.320000,72.940002,2.480000,3.280000,275.350006,57.810001,72710.750000,28.74,102.44,42.785717,PM2.5,6924
54.930000,61.000000,15.810000,4.230000,0.480000,69.459999,3.240000,2.660000,278.549988,56.509998,77609.140625,28.74,102.6,74.912498,PM2.5,6925
51.360001,57.000000,15.190000,4.290000,0.460000,69.449997,3.450000,5.230000,278.220001,51.439999,75917.898438,28.74,102.75,70.449997,PM2.5,6926
39.939999,44.230000,11.240000,3.910000,0.390000,69.940002,3.960000,6.660000,275.779999,52.650002,71964.093750,28.75,102.91,56.174999,PM2.5,6927
55.119999,60.619999,14.970000,3.770000,0.480000,70.669998,3.050000,6.420000,276.269989,55.310001,73208.906250,28.75,103.06,75.150002,PM2.5,6928
84.650002,93.550003,23.719999,3.950000,0.650000,69.760002,-0.580000,4.520000,277.010010,69.959999,76653.476562,28.75,103.22,112.062500,PM2.5,6929
119.379997,132.350006,36.320000,5.300000,0.850000,68.860001,-1.900000,0.630000,278.809998,79.769997,83333.539062,28.75,103.37,156.257141,PM2.5,6930
131.479996,145.929993,41.930000,7.260000,0.930000,69.160004,-0.300000,-0.840000,282.500000,70.209999,89605.609375,28.75,103.53,173.542847,PM2.5,6931
134.210007,149.139999,43.750000,9.310000,0.960000,66.059998,-0.170000,-0.980000,283.040009,69.080002,90311.046875,28.76,103.68,177.442871,PM2.5,6932
135.229996,150.479996,45.139999,10.940000,0.980000,63.430000,-0.480000,-1.470000,283.619995,67.220001,91050.242188,28.76,103.84,178.899994,PM2.5,6933
135.210007,150.619995,44.810001,11.580000,0.990000,62.049999,-0.300000,-1.940000,284.299988,65.379997,92064.750000,28.76,103.99,178.871445,PM2.5,6934
136.229996,151.899994,44.220001,12.050000,1.020000,60.490002,0.150000,-2.270000,284.760010,64.330002,92639.093750,28.76,104.15,180.328568,PM2.5,6935
135.970001,151.949997,46.310001,13.010000,1.030000,60.130001,0.980000,-2.360000,286.920013,58.029999,95641.242188,28.76,104.3,179.957138,PM2.5,6936
153.000000,167.690002,47.549999,16.430000,1.260000,56.740002,0.940000,-2.080000,288.239990,55.290001,98221.343750,28.76,104.46,203.000000,PM2.5,6937
168.169998,184.320007,53.750000,22.590000,1.440000,50.259998,0.340000,-1.860000,287.790009,57.490002,98184.140625,28.76,104.61,218.169998,PM2.5,6938
173.289993,189.889999,42.389999,20.820000,1.500000,51.020000,0.090000,-1.970000,287.570007,57.889999,97753.296875,28.76,104.77,223.289993,PM2.5,6939
180.429993,197.460007,37.090000,22.469999,1.570000,48.500000,0.130000,-2.050000,287.820007,57.130001,98161.671875,28.76,104.92,230.429993,PM2.5,6940
177.490005,194.259995,35.200001,22.430000,1.580000,48.970001,0.140000,-1.610000,288.170013,56.330002,98276.289062,28.76,105.08,227.490005,PM2.5,6941
177.279999,193.619995,36.200001,24.670000,1.650000,46.889999,0.260000,-0.910000,288.510010,55.610001,98152.007812,28.76,105.23,227.279999,PM2.5,6942
172.089996,186.979996,36.380001,24.910000,1.670000,46.990002,0.650000,-0.290000,288.640015,55.650002,97780.296875,28.76,105.39,222.089996,PM2.5,6943
165.330002,179.039993,35.150002,22.719999,1.620000,48.290001,0.760000,0.270000,288.779999,55.630001,97565.656250,28.76,105.54,215.330002,PM2.5,6944
161.369995,174.300003,34.980000,22.809999,1.580000,47.360001,0.680000,0.980000,289.209991,55.299999,98115.632812,28.76,105.7,211.369995,PM2.5,6945
157.490005,171.029999,35.209999,23.410000,1.490000,46.000000,0.730000,2.070000,288.329987,58.810001,96900.843750,28.76,105.85,207.490005,PM2.5,6946
154.279999,169.539993,33.410000,23.799999,1.380000,41.799999,0.930000,2.920000,286.540009,65.800003,94457.992188,28.76,106.01,204.279999,PM2.5,6947
146.339996,164.419998,29.809999,21.260000,1.210000,39.060001,0.670000,3.860000,285.910004,70.320000,93764.023438,28.76,106.16,194.771423,PM2.5,6948
2.800000,3.100000,0.360000,0.890000,0.120000,78.370003,3.460000,5.140000,269.450012,61.389999,64965.121094,28.76,99.19,4.000000,PM2.5,7102
2.880000,3.190000,0.370000,0.930000,0.120000,78.889999,2.210000,7.160000,269.329987,62.220001,65039.500000,28.77,99.34,4.114286,PM2.5,7103
2.940000,3.240000,0.370000,0.980000,0.120000,80.040001,4.500000,6.910000,267.040009,68.930000,62338.570312,28.77,99.5,4.200000,PM2.5,7104
2.570000,2.860000,0.380000,1.290000,0.120000,81.910004,0.910000,6.560000,272.029999,47.250000,67067.976562,28.79,99.81,3.671428,PM2.5,7106
2.540000,2.810000,0.350000,1.250000,0.120000,82.470001,4.670000,6.000000,265.690002,65.849998,60778.910156,28.79,99.96,3.628571,PM2.5,7107
2.250000,2.480000,0.290000,0.860000,0.110000,82.379997,10.300000,5.050000,262.809998,73.800003,57706.429688,28.8,100.12,3.214286,PM2.5,7108
2.070000,2.270000,0.260000,0.700000,0.110000,83.769997,12.520000,5.000000,265.690002,58.110001,59340.699219,28.81,100.27,2.957143,PM2.5,7109
2.070000,2.270000,0.270000,0.770000,0.120000,80.690002,11.100000,4.810000,269.200012,45.700001,62141.230469,28.81,100.43,3.000000,CO,7110
2.130000,2.340000,0.280000,0.730000,0.120000,78.639999,8.440000,5.410000,271.480011,40.040001,64556.269531,28.82,100.58,3.042857,PM2.5,7111
2.270000,2.470000,0.300000,0.680000,0.120000,79.470001,6.650000,5.420000,271.959991,39.290001,65409.160156,28.82,100.74,3.242857,PM2.5,7112
2.460000,2.690000,0.320000,0.650000,0.120000,78.919998,6.000000,3.410000,271.489990,40.320000,65241.328125,28.83,100.89,3.514286,PM2.5,7113
2.810000,3.090000,0.370000,0.580000,0.120000,79.129997,4.310000,2.270000,271.480011,39.910000,65648.429688,28.84,101.05,4.014286,PM2.5,7114
3.060000,3.370000,0.420000,0.500000,0.130000,85.110001,1.920000,3.250000,272.869995,37.590000,67205.046875,28.84,101.2,4.371428,PM2.5,7115
3.070000,3.390000,0.420000,0.460000,0.130000,84.980003,4.440000,5.040000,271.059998,41.680000,64825.460938,28.84,101.36,4.385714,PM2.5,7116
3.150000,3.510000,0.430000,0.540000,0.130000,82.839996,8.700000,3.070000,269.920013,42.930000,63290.730469,28.85,101.51,4.500000,PM2.5,7117
3.100000,3.400000,0.440000,0.650000,0.130000,82.570000,7.450000,0.640000,272.299988,36.450001,65287.199219,28.85,101.67,4.428571,PM2.5,7118
3.590000,3.940000,0.510000,0.680000,0.130000,80.940002,6.270000,2.820000,271.959991,37.650002,65287.511719,28.86,101.82,5.128572,PM2.5,7119
4.870000,5.460000,0.900000,0.870000,0.140000,77.360001,7.120000,4.360000,270.679993,41.810001,63850.691406,28.86,101.98,6.957143,PM2.5,7120
10.100000,11.350000,2.660000,1.620000,0.180000,74.410004,5.730000,5.840000,273.519989,41.320000,67499.437500,28.87,102.13,14.428572,PM2.5,7121
17.129999,19.100000,4.730000,2.240000,0.230000,71.400002,3.720000,5.500000,274.350006,49.189999,70289.781250,28.87,102.29,24.471428,PM2.5,7122
27.000000,29.959999,7.670000,2.740000,0.290000,72.580002,3.950000,4.860000,273.399994,60.110001,69511.226562,28.87,102.44,38.571430,PM2.5,7123
57.750000,64.110001,16.610001,4.030000,0.490000,68.349998,3.320000,1.290000,278.959991,58.400002,78074.867188,28.88,102.6,78.437500,PM2.5,7124
64.500000,71.559998,19.690001,4.540000,0.530000,69.470001,2.340000,1.770000,280.950012,53.380001,81188.617188,28.88,102.75,86.875000,PM2.5,7125
51.540001,57.080002,14.970000,4.180000,0.460000,68.849998,2.300000,6.070000,276.899994,55.439999,74221.382812,28.88,102.91,70.675003,PM2.5,7126
82.449997,91.269997,24.870001,4.730000,0.630000,69.599998,0.280000,3.620000,276.420013,72.209999,75957.382812,28.88,103.06,109.312500,PM2.5,7127
103.580002,114.879997,31.330000,5.130000,0.750000,67.459999,-2.210000,2.160000,277.209991,82.330002,80153.437500,28.89,103.22,135.725006,PM2.5,7128
125.029999,138.740005,39.459999,6.480000,0.880000,67.440002,-2.200000,-0.410000,278.690002,83.730003,84096.546875,28.89,103.37,164.328568,PM2.5,7129
130.779999,145.449997,42.799999,8.570000,0.930000,65.709999,-0.710000,-1.860000,282.829987,69.430000,90082.726562,28.89,103.53,172.542862,PM2.5,7130
134.360001,149.740005,46.349998,11.230000,0.970000,63.509998,-0.240000,-2.080000,283.190002,68.769997,90973.281250,28.89,103.68,177.657150,PM2.5,7131
136.460007,152.259995,47.060001,13.170000,1.000000,61.259998,-0.120000,-1.700000,283.260010,69.000000,91005.843750,28.89,103.84,180.657150,PM2.5,7132
137.220001,153.270004,45.980000,13.540000,1.020000,60.220001,0.400000,-1.480000,284.470001,65.410004,92756.117188,28.9,103.99,181.742859,PM2.5,7133
137.229996,153.460007,45.180000,13.530000,1.040000,59.750000,1.030000,-1.210000,285.440002,62.630001,93984.156250,28.9,104.15,181.757141,PM2.5,7134
137.949997,154.649994,46.540001,14.580000,1.060000,58.509998,1.660000,-1.380000,287.429993,57.099998,96893.992188,28.9,104.3,182.785706,PM2.5,7135
155.149994,170.399994,45.360001,17.530001,1.310000,55.990002,1.200000,-1.820000,288.350006,55.509998,98699.546875,28.9,104.46,205.149994,PM2.5,7136
168.860001,185.740005,47.369999,23.000000,1.480000,50.570000,0.280000,-2.030000,287.899994,57.080002,98294.703125,28.9,104.61,218.860001,PM2.5,7137
174.960007,191.850006,39.639999,21.600000,1.550000,51.310001,-0.040000,-1.970000,287.619995,57.610001,98116.390625,28.9,104.77,224.960007,PM2.5,7138
182.070007,199.000000,35.990002,23.379999,1.620000,49.720001,-0.040000,-1.900000,287.500000,57.860001,98168.742188,28.9,104.92,232.070007,PM2.5,7139
180.990005,197.149994,34.500000,24.540001,1.640000,48.130001,0.000000,-1.870000,287.700012,57.520000,98343.390625,28.9,105.08,230.990005,PM2.5,7140
181.309998,197.070007,39.599998,30.629999,1.730000,43.340000,0.010000,-1.550000,288.260010,56.299999,98532.578125,28.9,105.23,231.309998,PM2.5,7141
177.490005,192.070007,41.029999,32.869999,1.750000,41.630001,0.280000,-1.250000,288.730011,55.520000,98650.000000,28.9,105.39,227.490005,PM2.5,7142
164.139999,176.449997,35.099998,25.920000,1.600000,46.150002,0.440000,-0.780000,289.109985,54.959999,98564.468750,28.9,105.54,214.139999,PM2.5,7143
158.979996,170.639999,34.360001,25.000000,1.540000,46.450001,0.540000,-0.070000,289.359985,55.689999,98645.773438,28.9,105.7,208.979996,PM2.5,7144
157.380005,169.860001,35.549999,27.530001,1.520000,43.279999,0.690000,0.720000,289.420013,56.650002,98607.992188,28.9,105.85,207.380005,PM2.5,7145
152.029999,167.160004,34.340000,27.770000,1.440000,40.040001,0.720000,1.640000,288.660004,60.310001,97452.726562,28.9,106.01,202.029999,PM2.5,7146
143.970001,162.339996,30.139999,24.430000,1.220000,37.380001,0.250000,3.070000,287.980011,63.939999,96588.710938,28.89,106.16,191.385712,PM2.5,7147
2.810000,3.100000,0.340000,0.920000,0.120000,78.680000,3.340000,5.940000,267.220001,68.800003,62927.941406,28.9,99.18,4.014286,PM2.5,7304
2.860000,3.160000,0.360000,1.000000,0.120000,77.540001,2.370000,7.560000,269.459991,60.939999,65272.871094,28.9,99.34,4.085714,PM2.5,7305
2.810000,3.080000,0.380000,1.130000,0.120000,80.419998,2.350000,6.120000,269.929993,56.419998,65255.769531,28.91,99.49,4.014286,PM2.5,7306
2.810000,3.120000,0.400000,1.350000,0.130000,78.989998,0.460000,4.850000,270.510010,51.590000,65999.281250,28.92,99.65,4.014286,PM2.5,7307
2.700000,3.000000,0.440000,1.530000,0.130000,80.330002,0.460000,6.180000,270.410004,52.639999,65787.000000,28.92,99.8,3.857143,PM2.5,7308
2.470000,2.740000,0.380000,1.330000,0.120000,80.809998,4.790000,7.410000,265.190002,69.680000,60452.160156,28.93,99.95,3.528571,PM2.5,7309
2.120000,2.340000,0.290000,0.830000,0.110000,82.449997,10.440000,7.070000,263.339996,72.400002,58084.781250,28.94,100.11,3.028571,PM2.5,7310
1.980000,2.180000,0.270000,0.740000,0.110000,83.169998,11.850000,5.300000,266.179993,56.220001,59775.351562,28.94,100.27,2.828572,PM2.5,7311
1.960000,2.160000,0.270000,0.770000,0.110000,81.250000,10.440000,4.140000,267.029999,50.869999,60200.460938,28.95,100.42,2.800000,PM2.5,7312
2.000000,2.200000,0.260000,0.720000,0.110000,78.720001,9.110000,5.010000,268.559998,45.830002,61363.230469,28.95,100.58,2.857143,PM2.5,7313
2.100000,2.270000,0.280000,0.690000,0.120000,79.650002,6.410000,4.640000,270.880005,39.930000,64030.179688,28.96,100.73,3.000000,CO,7314
2.280000,2.470000,0.300000,0.640000,0.120000,79.660004,5.540000,4.260000,270.019989,42.230000,63664.839844,28.97,100.89,3.257143,PM2.5,7315
2.530000,2.770000,0.330000,0.600000,0.120000,78.089996,5.500000,4.560000,269.290009,44.169998,63146.089844,28.97,101.04,3.614286,PM2.5,7316
2.630000,2.880000,0.360000,0.590000,0.120000,80.610001,3.600000,3.020000,269.970001,42.980000,64013.878906,28.98,101.2,3.757143,PM2.5,7317
2.870000,3.170000,0.400000,0.630000,0.120000,81.980003,4.050000,3.970000,269.429993,45.630001,63570.269531,28.98,101.35,4.100000,PM2.5,7318
2.890000,3.220000,0.410000,0.740000,0.120000,83.169998,5.800000,2.580000,269.079987,46.099998,63059.019531,28.99,101.51,4.128572,PM2.5,7319
2.910000,3.240000,0.410000,0.770000,0.120000,81.860001,7.420000,0.680000,268.299988,46.689999,61646.699219,28.99,101.66,4.157143,PM2.5,7320
2.960000,3.310000,0.410000,0.680000,0.120000,81.540001,9.550000,2.490000,270.279999,40.849998,63080.851562,28.99,101.82,4.228571,PM2.5,7321
3.640000,4.080000,0.620000,0.720000,0.130000,80.260002,9.660000,5.680000,272.100006,36.910000,64587.039062,29.0,101.97,5.200000,PM2.5,7322
10.300000,11.520000,2.720000,1.420000,0.180000,74.970001,5.820000,5.520000,274.000000,38.619999,67112.132812,29.0,102.13,14.714286,PM2.5,7323
55.360001,60.520000,12.390000,4.280000,0.500000,69.790001,2.290000,4.070000,275.040009,59.549999,71938.343750,29.0,102.28,75.449997,PM2.5,7324
77.260002,84.120003,16.280001,4.960000,0.660000,70.839996,1.960000,3.450000,274.829987,69.389999,72397.078125,29.01,102.44,102.825005,PM2.5,7325
105.940002,115.430000,20.059999,5.820000,0.880000,66.190002,0.780000,-0.290000,277.500000,70.370003,77505.492188,29.01,102.59,138.675003,PM2.5,7326
116.059998,125.820000,21.080000,6.650000,0.950000,66.400002,-1.730000,-1.070000,279.399994,64.459999,80412.710938,29.01,102.75,151.514282,PM2.5,7327
116.199997,126.389999,20.020000,6.780000,0.950000,67.279999,-2.260000,3.840000,276.790009,70.739998,76451.531250,29.02,102.9,151.714279,PM2.5,7328
156.279999,169.080002,26.330000,8.850000,1.240000,67.919998,-1.650000,1.350000,277.529999,78.870003,79828.210938,29.02,103.06,206.279999,PM2.5,7329
177.789993,191.389999,27.600000,10.700000,1.390000,66.260002,-2.540000,1.760000,277.750000,83.900002,81557.882812,29.02,103.21,227.789993,PM2.5,7330
199.190002,213.339996,31.139999,12.780000,1.530000,67.459999,-2.320000,0.730000,276.649994,90.489998,80626.742188,29.02,103.37,249.190002,PM2.5,7331
208.250000,223.429993,32.799999,17.190001,1.610000,66.860001,-0.710000,-1.140000,280.950012,76.169998,87375.437500,29.03,103.52,258.250000,PM2.5,7332
214.899994,231.660004,35.459999,22.580000,1.680000,65.629997,0.500000,-1.720000,284.570007,64.059998,92845.906250,29.03,103.68,264.899994,PM2.5,7333
223.759995,242.270004,37.590000,27.209999,1.770000,64.480003,1.150000,-1.390000,285.209991,62.730000,94034.601562,29.03,103.83,273.760010,PM2.5,7334
228.949997,249.119995,37.099998,28.920000,1.830000,63.400002,1.400000,-1.250000,286.470001,59.419998,95909.226562,29.03,103.99,278.950012,PM2.5,7335
233.119995,254.759995,36.740002,29.309999,1.870000,62.020000,1.590000,-1.000000,287.230011,57.849998,97108.203125,29.03,104.15,283.119995,PM2.5,7336
235.860001,258.779999,38.750000,30.240000,1.910000,60.340000,1.260000,-1.240000,287.839996,56.830002,98129.203125,29.03,104.3,285.859985,PM2.5,7337
207.919998,228.410004,39.750000,25.170000,1.750000,57.259998,0.510000,-1.780000,287.880005,57.310001,98358.656250,29.03,104.46,257.919983,PM2.5,7338
200.020004,219.619995,38.139999,24.530001,1.750000,54.230000,0.010000,-2.060000,287.660004,57.490002,97892.382812,29.03,104.61,250.020004,PM2.5,7339
197.020004,215.940002,35.220001,24.600000,1.770000,52.639999,-0.220000,-1.960000,287.739990,56.639999,98050.273438,29.04,104.77,247.020004,PM2.5,7340
200.000000,218.059998,32.430000,25.629999,1.820000,51.430000,-0.430000,-1.870000,287.600006,57.070000,98162.179688,29.04,104.92,250.000000,PM2.5,7341
197.229996,213.070007,30.969999,25.320000,1.820000,50.049999,-0.390000,-1.980000,287.440002,58.220001,98283.421875,29.04,105.08,247.229996,PM2.5,7342
192.449997,206.330002,32.299999,27.629999,1.840000,46.139999,-0.290000,-2.030000,287.769989,57.939999,98443.921875,29.04,105.23,242.449997,PM2.5,7343
182.410004,194.500000,32.700001,27.879999,1.780000,44.630001,-0.320000,-1.860000,288.190002,57.439999,98511.851562,29.03,105.39,232.410004,PM2.5,7344
170.160004,180.970001,31.150000,25.160000,1.650000,45.520000,-0.220000,-1.520000,288.519989,57.340000,98391.992188,29.03,105.54,220.160004,PM2.5,7345
160.630005,171.720001,32.970001,26.980000,1.550000,44.220001,-0.250000,-0.930000,288.940002,57.500000,98383.453125,29.03,105.7,210.630005,PM2.5,7346
2.810000,3.090000,0.330000,0.970000,0.120000,76.949997,1.690000,7.390000,267.540009,65.089996,63059.539062,29.03,99.17,4.014286,PM2.5,7522
2.870000,3.170000,0.350000,1.170000,0.120000,76.040001,0.850000,6.790000,267.910004,64.099998,63953.480469,29.04,99.33,4.100000,PM2.5,7523
2.820000,3.110000,0.360000,1.330000,0.120000,77.019997,0.580000,5.070000,269.230011,57.240002,65074.761719,29.05,99.48,4.028571,PM2.5,7524
2.830000,3.130000,0.380000,1.440000,0.130000,77.830002,0.410000,5.600000,267.829987,61.459999,63567.578125,29.05,99.64,4.042857,PM2.5,7525
2.780000,3.080000,0.400000,1.510000,0.120000,79.309998,2.130000,7.070000,265.920013,69.349998,61641.121094,29.06,99.79,3.971429,PM2.5,7526
2.340000,2.540000,0.340000,1.180000,0.120000,82.070000,5.350000,7.770000,265.589996,69.919998,60885.960938,29.07,99.95,3.342857,PM2.5,7527
2.160000,2.370000,0.300000,0.970000,0.110000,82.320000,8.520000,6.960000,265.540009,66.389999,60243.628906,29.07,100.1,3.085714,PM2.5,7528
2.060000,2.270000,0.280000,0.870000,0.120000,81.500000,10.110000,4.480000,265.720001,60.630001,59954.730469,29.08,100.26,3.000000,CO,7529
1.980000,2.180000,0.270000,0.780000,0.120000,81.540001,10.660000,4.420000,265.799988,56.459999,59618.769531,29.08,100.41,3.000000,CO,7530
1.930000,2.130000,0.260000,0.720000,0.120000,80.470001,9.740000,5.340000,267.920013,47.470001,60949.730469,29.09,100.57,3.000000,CO,7531
2.000000,2.190000,0.270000,0.680000,0.120000,79.129997,7.710000,5.630000,268.769989,44.250000,61862.351562,29.1,100.72,3.000000,CO,7532
2.120000,2.330000,0.280000,0.610000,0.120000,78.800003,7.590000,7.010000,268.619995,44.439999,61716.949219,29.1,100.88,3.028571,PM2.5,7533
2.310000,2.540000,0.300000,0.580000,0.120000,77.830002,5.960000,7.350000,269.500000,42.369999,62733.390625,29.11,101.03,3.300000,PM2.5,7534
2.440000,2.700000,0.330000,0.630000,0.120000,79.360001,4.190000,4.910000,267.859985,47.139999,61383.449219,29.11,101.19,3.485714,PM2.5,7535
2.610000,2.900000,0.370000,0.790000,0.120000,80.709999,5.170000,4.260000,267.170013,50.660000,60841.949219,29.12,101.35,3.728571,PM2.5,7536
2.700000,2.980000,0.400000,0.880000,0.120000,83.190002,4.780000,3.260000,268.070007,48.959999,61904.621094,29.12,101.5,3.857143,PM2.5,7537
2.820000,3.160000,0.400000,0.890000,0.120000,82.050003,6.410000,2.950000,265.690002,54.750000,59304.781250,29.13,101.66,4.028571,PM2.5,7538
2.520000,2.750000,0.350000,0.640000,0.120000,86.449997,11.520000,3.410000,266.369995,52.169998,59079.921875,29.13,101.81,3.600000,PM2.5,7539
4.330000,4.820000,0.910000,0.770000,0.130000,81.510002,9.580000,5.990000,271.959991,36.869999,63707.839844,29.13,101.97,6.185714,PM2.5,7540
55.040001,61.130001,16.059999,3.410000,0.460000,66.029999,1.360000,2.020000,274.519989,56.810001,70978.750000,29.14,102.12,75.050003,PM2.5,7541
120.449997,129.190002,25.209999,6.680000,0.960000,67.820000,-0.760000,-0.260000,276.200012,82.250000,78802.726562,29.14,102.28,157.785706,PM2.5,7542
134.429993,144.259995,25.730000,7.590000,1.080000,66.879997,-0.780000,-0.480000,278.239990,75.730003,80717.226562,29.14,102.43,177.757126,PM2.5,7543
144.669998,155.229996,26.129999,8.070000,1.160000,66.180000,-2.620000,-0.380000,277.230011,79.500000,79500.960938,29.15,102.59,192.385712,PM2.5,7544
149.479996,160.570007,25.530001,8.850000,1.200000,66.580002,-3.390000,-0.310000,277.640015,79.529999,80544.953125,29.15,102.74,199.257141,PM2.5,7545
156.369995,167.619995,25.990000,10.030000,1.250000,68.190002,-3.970000,1.370000,278.109985,79.070000,81621.218750,29.15,102.9,206.369995,PM2.5,7546
180.570007,194.259995,27.690001,12.210000,1.420000,65.199997,-3.120000,-0.570000,278.309998,84.019997,83516.523438,29.16,103.06,230.570007,PM2.5,7547
190.929993,205.410004,28.750000,13.640000,1.490000,65.959999,-2.130000,-0.200000,279.179993,80.050003,84339.093750,29.16,103.21,240.929993,PM2.5,7548
203.520004,219.289993,30.629999,16.490000,1.590000,66.169998,-1.640000,0.630000,278.500000,84.089996,83558.156250,29.16,103.37,253.520004,PM2.5,7549
210.059998,227.410004,32.759998,21.670000,1.650000,65.260002,-0.340000,-0.310000,281.500000,73.809998,88309.593750,29.16,103.52,260.059998,PM2.5,7550
218.009995,237.639999,35.709999,28.600000,1.740000,64.389999,1.080000,-1.200000,285.640015,60.200001,94255.750000,29.16,103.68,268.010010,PM2.5,7551
230.160004,252.580002,38.849998,35.869999,1.870000,61.970001,1.450000,-1.590000,286.739990,57.439999,96281.226562,29.17,103.83,280.160004,PM2.5,7552
240.600006,265.579987,38.220001,38.450001,1.980000,60.200001,1.270000,-1.540000,287.149994,57.470001,97257.773438,29.17,103.99,290.600006,PM2.5,7553
243.600006,269.899994,37.430000,37.459999,2.020000,60.450001,0.940000,-1.540000,287.390015,57.910000,97603.328125,29.17,104.14,293.600006,PM2.5,7554
247.419998,274.239990,38.139999,37.040001,2.050000,59.060001,0.420000,-1.820000,287.619995,57.709999,97773.703125,29.17,104.3,297.419983,PM2.5,7555
233.649994,258.929993,36.299999,31.740000,1.990000,57.910000,-0.120000,-1.810000,287.559998,57.810001,97577.992188,29.17,104.46,283.649994,PM2.5,7556
226.880005,250.899994,33.709999,29.440001,2.000000,55.709999,-0.410000,-2.000000,287.369995,57.830002,97199.328125,29.17,104.61,276.880005,PM2.5,7557
222.809998,245.820007,32.189999,29.889999,2.040000,52.740002,-0.440000,-2.330000,287.630005,56.790001,97605.523438,29.17,104.77,272.809998,PM2.5,7558
224.600006,245.660004,29.879999,30.150000,2.070000,50.820000,-0.610000,-2.250000,287.700012,56.959999,98316.687500,29.17,104.92,274.600006,PM2.5,7559
215.860001,233.110001,28.180000,27.700001,2.020000,50.169998,-0.660000,-2.290000,287.470001,58.240002,98366.273438,29.17,105.08,265.859985,PM2.5,7560
207.850006,221.490005,28.340000,27.469999,2.000000,47.380001,-0.550000,-2.480000,287.350006,59.509998,98257.679688,29.17,105.23,257.850006,PM2.5,7561
194.179993,204.199997,28.549999,26.639999,1.890000,45.580002,-0.600000,-2.240000,287.589996,59.799999,98324.953125,29.17,105.39,244.179993,PM2.5,7562
178.800003,187.000000,29.260000,25.500000,1.730000,44.830002,-0.710000,-1.790000,287.760010,59.980000,97915.039062,29.17,105.54,228.800003,PM2.5,7563
164.440002,172.869995,32.490002,28.150000,1.560000,42.900002,-0.920000,-1.290000,288.170013,59.970001,97741.976562,29.17,105.7,214.440002,PM2.5,7564
2.620000,2.900000,0.310000,0.960000,0.120000,75.250000,0.620000,7.240000,270.820007,52.000000,65986.406250,29.17,99.16,3.742857,PM2.5,7744
2.760000,3.050000,0.330000,1.180000,0.120000,75.190002,-0.460000,6.720000,268.200012,60.520000,63753.570312,29.17,99.32,3.942857,PM2.5,7745
2.810000,3.100000,0.340000,1.350000,0.120000,76.930000,0.490000,6.290000,266.570007,66.730003,62476.738281,29.18,99.47,4.014286,PM2.5,7746
2.830000,3.130000,0.340000,1.480000,0.120000,77.110001,2.240000,7.290000,265.609985,69.699997,61397.789062,29.19,99.63,4.042857,PM2.5,7747
2.760000,3.060000,0.360000,1.470000,0.120000,78.449997,4.280000,7.810000,264.260010,74.540001,59816.500000,29.2,99.78,3.942857,PM2.5,7748
2.470000,2.690000,0.340000,1.290000,0.120000,80.690002,5.030000,6.470000,265.500000,70.570000,60875.679688,29.2,99.94,3.528571,PM2.5,7749
2.310000,2.550000,0.320000,1.160000,0.120000,80.820000,5.610000,5.450000,265.309998,69.650002,60631.011719,29.21,100.1,3.300000,PM2.5,7750
2.200000,2.430000,0.300000,1.020000,0.120000,81.129997,8.690000,4.780000,263.589996,72.260002,58660.730469,29.21,100.25,3.142857,PM2.5,7751
1.970000,2.170000,0.260000,0.790000,0.120000,82.669998,11.440000,5.190000,264.859985,62.230000,59019.121094,29.22,100.41,3.000000,CO,7752
1.860000,2.040000,0.250000,0.700000,0.120000,82.180000,10.800000,5.420000,268.299988,47.669998,61458.019531,29.23,100.56,3.000000,CO,7753
1.900000,2.080000,0.250000,0.680000,0.120000,80.019997,9.730000,6.610000,269.070007,43.900002,61997.898438,29.23,100.72,3.000000,CO,7754
1.970000,2.160000,0.260000,0.620000,0.120000,78.519997,8.240000,6.440000,270.799988,38.680000,63432.328125,29.24,100.87,3.000000,CO,7755
2.120000,2.340000,0.280000,0.590000,0.120000,76.580002,4.470000,6.280000,273.200012,33.619999,66137.882812,29.24,101.03,3.028571,PM2.5,7756
2.300000,2.540000,0.310000,0.640000,0.120000,78.610001,4.020000,7.130000,269.549988,41.759998,62511.500000,29.25,101.18,3.285714,PM2.5,7757
2.470000,2.730000,0.340000,0.770000,0.120000,79.699997,6.640000,6.520000,266.250000,51.000000,59395.941406,29.25,101.34,3.528571,PM2.5,7758
2.570000,2.850000,0.370000,0.850000,0.120000,80.839996,6.310000,5.350000,266.059998,53.330002,59642.980469,29.26,101.5,3.671428,PM2.5,7759
2.670000,2.970000,0.370000,0.850000,0.120000,80.820000,7.110000,5.510000,264.459991,58.230000,58189.449219,29.26,101.65,3.814286,PM2.5,7760
2.410000,2.680000,0.330000,0.630000,0.120000,84.730003,12.580000,5.970000,265.350006,56.200001,58157.339844,29.27,101.81,3.442857,PM2.5,7761
9.830000,10.850000,2.530000,1.000000,0.170000,79.339996,8.890000,5.570000,271.019989,42.730000,62970.449219,29.27,101.96,14.042857,PM2.5,7762
68.879997,76.489998,20.160000,3.640000,0.540000,69.540001,-1.060000,1.240000,274.380005,71.879997,73558.460938,29.27,102.12,92.349998,PM2.5,7763
124.910004,133.559998,24.490000,6.680000,1.010000,70.790001,-2.160000,-0.260000,278.640015,77.779999,83374.906250,29.28,102.27,164.157150,PM2.5,7764
134.550003,144.330002,25.059999,7.580000,1.090000,69.239998,-1.770000,-1.520000,280.250000,73.010002,85017.062500,29.28,102.43,177.928574,PM2.5,7765
147.779999,158.949997,25.740000,9.100000,1.180000,67.070000,-2.570000,-0.930000,279.660004,74.529999,84114.453125,29.28,102.59,196.828568,PM2.5,7766
158.139999,170.800003,26.309999,10.680000,1.270000,67.089996,-3.380000,1.350000,279.809998,73.320000,84053.796875,29.29,102.74,208.139999,PM2.5,7767
168.070007,181.970001,26.950001,12.350000,1.340000,66.720001,-4.620000,0.090000,278.559998,77.209999,82519.710938,29.29,102.9,218.070007,PM2.5,7768
178.740005,193.529999,27.620001,14.070000,1.420000,65.910004,-3.780000,-0.820000,277.100006,85.849998,81366.851562,29.29,103.05,228.740005,PM2.5,7769
189.630005,205.309998,29.930000,16.950001,1.500000,67.260002,-2.280000,-1.050000,279.140015,80.570000,84895.140625,29.29,103.21,239.630005,PM2.5,7770
200.220001,217.860001,32.380001,22.200001,1.590000,66.690002,-1.220000,-0.800000,282.470001,68.900002,89688.921875,29.3,103.36,250.220001,PM2.5,7771
209.820007,229.619995,35.029999,29.209999,1.680000,63.020000,-0.070000,-1.230000,284.109985,63.930000,92165.820312,29.3,103.52,259.820007,PM2.5,7772
223.460007,246.330002,38.040001,38.930000,1.820000,58.750000,1.200000,-2.190000,285.989990,58.320000,95086.203125,29.3,103.68,273.460022,PM2.5,7773
239.009995,265.350006,39.570000,45.860001,1.990000,56.540001,1.440000,-2.330000,287.019989,56.340000,97152.703125,29.3,103.83,289.010010,PM2.5,7774
249.669998,278.730011,39.139999,46.919998,2.100000,57.209999,0.970000,-2.120000,286.799988,58.930000,97171.312500,29.3,103.99,299.669983,PM2.5,7775
251.169998,280.600006,37.040001,43.330002,2.120000,58.900002,0.510000,-2.130000,286.769989,59.889999,96768.046875,29.3,104.14,301.169983,PM2.5,7776
250.720001,279.549988,36.599998,40.869999,2.100000,58.500000,0.260000,-2.200000,287.059998,58.790001,96650.406250,29.31,104.3,300.720001,PM2.5,7777
246.169998,274.329987,34.299999,37.330002,2.120000,57.750000,-0.170000,-2.230000,287.429993,57.360001,96896.367188,29.31,104.45,296.169983,PM2.5,7778
245.570007,273.510010,32.740002,36.470001,2.200000,55.820000,-0.610000,-2.220000,287.380005,57.590000,97036.351562,29.31,104.61,295.570007,PM2.5,7779
253.710007,281.679993,31.360001,38.619999,2.340000,51.180000,-0.550000,-2.570000,287.480011,57.290001,97444.789062,29.31,104.77,303.710022,PM2.5,7780
250.089996,274.760010,29.190001,37.119999,2.330000,49.470001,-0.540000,-2.510000,287.679993,56.970001,98250.343750,29.31,104.92,300.089996,PM2.5,7781
236.580002,255.880005,26.760000,31.959999,2.230000,49.700001,-0.700000,-2.440000,287.369995,58.509998,98256.796875,29.31,105.08,286.580017,PM2.5,7782
222.429993,236.970001,26.860001,29.389999,2.150000,47.820000,-0.600000,-2.430000,287.049988,60.419998,97913.492188,29.31,105.23,272.429993,PM2.5,7783
206.990005,216.789993,27.590000,27.889999,2.040000,45.869999,-0.620000,-2.150000,287.059998,61.680000,97969.890625,29.31,105.39,256.989990,PM2.5,7784
2.580000,2.860000,0.300000,0.990000,0.120000,74.220001,0.030000,4.900000,270.769989,52.669998,66561.023438,29.3,99.15,3.685714,PM2.5,7971
2.680000,2.970000,0.320000,1.150000,0.120000,74.769997,0.200000,6.040000,268.670013,59.380001,64330.750000,29.31,99.31,3.828572,PM2.5,7972
2.780000,3.070000,0.320000,1.300000,0.120000,76.230003,1.730000,7.290000,265.470001,70.959999,61175.820312,29.32,99.47,3.971429,PM2.5,7973
2.740000,3.000000,0.330000,1.390000,0.120000,78.459999,3.410000,7.400000,264.670013,73.540001,60399.699219,29.32,99.62,3.914286,PM2.5,7974
2.700000,2.990000,0.330000,1.330000,0.120000,78.339996,5.090000,8.080000,264.239990,74.410004,59633.031250,29.33,99.78,3.857143,PM2.5,7975
2.560000,2.830000,0.320000,1.260000,0.120000,79.190002,5.380000,6.760000,264.309998,74.620003,59683.410156,29.34,99.93,3.657143,PM2.5,7976
2.410000,2.660000,0.310000,1.170000,0.120000,80.320000,5.300000,6.080000,263.790009,76.199997,59282.800781,29.34,100.09,3.442857,PM2.5,7977
2.210000,2.440000,0.280000,0.980000,0.120000,80.820000,8.140000,6.670000,262.790009,76.070000,57970.250000,29.35,100.24,3.157143,PM2.5,7978
1.930000,2.120000,0.240000,0.710000,0.120000,83.470001,11.380000,6.750000,264.320007,64.849998,58532.320312,29.36,100.4,3.000000,CO,7979
1.820000,2.000000,0.230000,0.660000,0.120000,83.199997,11.100000,6.220000,267.480011,50.209999,60611.550781,29.36,100.56,3.000000,CO,7980
1.840000,2.020000,0.240000,0.670000,0.120000,80.370003,8.500000,5.600000,269.140015,43.810001,62072.550781,29.37,100.71,3.000000,CO,7981
1.960000,2.170000,0.240000,0.660000,0.120000,77.230003,5.510000,3.530000,270.540009,39.209999,63647.621094,29.37,100.87,3.000000,CO,7982
2.000000,2.190000,0.250000,0.500000,0.120000,80.639999,3.010000,3.470000,272.679993,34.509998,66297.203125,29.38,101.02,3.000000,CO,7983
2.110000,2.300000,0.290000,0.620000,0.120000,80.320000,3.880000,6.900000,272.160004,35.740002,65367.839844,29.38,101.18,3.014286,PM2.5,7984
2.230000,2.460000,0.310000,0.740000,0.120000,79.370003,7.000000,7.570000,268.869995,42.750000,61732.878906,29.39,101.33,3.185714,PM2.5,7985
2.320000,2.570000,0.320000,0.770000,0.120000,79.610001,8.210000,7.270000,265.910004,51.459999,59079.488281,29.39,101.49,3.314286,PM2.5,7986
2.270000,2.510000,0.300000,0.680000,0.120000,81.510002,9.600000,6.900000,264.459991,57.910000,57812.320312,29.4,101.65,3.242857,PM2.5,7987
2.180000,2.350000,0.300000,0.580000,0.120000,86.190002,12.030000,6.900000,266.540009,50.869999,58820.628906,29.4,101.8,3.114286,PM2.5,7988
19.879999,21.820000,5.340000,1.380000,0.230000,76.769997,5.440000,4.310000,271.440002,49.099998,64766.238281,29.41,101.96,28.400000,PM2.5,7989
76.230003,83.690002,21.860001,3.820000,0.580000,72.000000,-2.130000,1.810000,274.709991,76.709999,75408.703125,29.41,102.11,101.537506,PM2.5,7990
108.820000,117.750000,22.930000,5.510000,0.870000,72.419998,-2.560000,-0.060000,277.459991,78.519997,80496.226562,29.41,102.27,142.274994,PM2.5,7991
127.250000,137.740005,22.920000,6.930000,1.030000,69.669998,-2.630000,-2.390000,277.519989,80.830002,80709.210938,29.42,102.43,167.500000,PM2.5,7992
149.550003,161.720001,23.950001,9.660000,1.210000,67.830002,-1.300000,-2.990000,279.399994,75.120003,83936.132812,29.42,102.58,199.357147,PM2.5,7993
165.610001,179.360001,25.650000,12.060000,1.330000,67.610001,-1.310000,0.070000,278.769989,74.669998,81627.617188,29.42,102.74,215.610001,PM2.5,7994
177.410004,192.639999,26.809999,14.210000,1.410000,68.400002,-1.940000,1.000000,275.390015,82.709999,76488.953125,29.42,102.89,227.410004,PM2.5,7995
184.789993,201.309998,27.299999,16.070000,1.460000,67.430000,-1.690000,0.620000,274.559998,90.470001,77003.406250,29.43,103.05,234.789993,PM2.5,7996
189.220001,206.850006,29.240000,19.910000,1.510000,66.769997,-1.650000,-0.510000,277.380005,85.940002,81980.179688,29.43,103.21,239.220001,PM2.5,7997
199.529999,220.070007,31.370001,27.129999,1.610000,64.489998,-0.920000,-1.760000,282.160004,68.620003,89049.171875,29.43,103.36,249.529999,PM2.5,7998
213.039993,236.679993,35.259998,38.189999,1.740000,58.680000,0.320000,-2.860000,285.220001,59.049999,93861.242188,29.43,103.52,263.039978,PM2.5,7999
231.369995,259.299988,38.470001,50.270000,1.930000,53.520000,1.150000,-3.250000,286.600006,55.799999,96519.968750,29.44,103.67,281.369995,PM2.5,8000
248.880005,281.380005,40.500000,56.840000,2.140000,52.270000,0.820000,-2.930000,286.880005,56.950001,97568.851562,29.44,103.83,298.880005,PM2.5,8001
262.839996,298.179993,39.500000,57.680000,2.270000,53.099998,0.160000,-2.830000,286.489990,60.139999,97184.906250,29.44,103.99,312.839996,PM2.5,8002
264.190002,299.649994,36.160000,52.520000,2.270000,55.240002,0.060000,-2.470000,286.220001,61.840000,96473.617188,29.44,104.14,314.190002,PM2.5,8003
256.640015,289.880005,34.230000,46.330002,2.180000,56.439999,-0.160000,-2.260000,286.239990,61.150002,95676.171875,29.44,104.3,306.640015,PM2.5,8004
251.910004,283.899994,32.400002,42.509998,2.190000,55.830002,-0.570000,-2.730000,286.760010,58.740002,95983.273438,29.44,104.45,301.910004,PM2.5,8005
252.529999,283.829987,31.540001,42.410000,2.280000,52.980000,-0.710000,-2.900000,287.140015,57.560001,96665.507812,29.44,104.61,302.529999,PM2.5,8006
257.630005,287.850006,30.820000,43.110001,2.390000,49.900002,-0.510000,-2.950000,287.239990,57.360001,97153.343750,29.44,104.77,307.630005,PM2.5,8007
253.520004,279.989990,28.660000,40.380001,2.370000,48.540001,-0.240000,-2.970000,287.350006,57.389999,97799.593750,29.44,104.92,303.520020,PM2.5,8008
242.970001,264.299988,27.320000,36.330002,2.300000,47.849998,-0.340000,-2.560000,287.170013,58.840000,98088.843750,29.44,105.08,292.970001,PM2.5,8009
224.610001,240.270004,26.600000,31.030001,2.180000,47.529999,-0.390000,-2.130000,286.869995,61.060001,97886.609375,29.44,105.23,274.609985,PM2.5,8010
2.640000,2.910000,0.280000,0.970000,0.120000,74.650002,-0.470000,5.880000,265.589996,72.220001,61530.480469,29.44,99.15,3.771429,PM2.5,8201
2.670000,2.950000,0.290000,1.010000,0.120000,74.690002,1.800000,6.860000,264.670013,75.150002,60668.871094,29.45,99.3,3.814286,PM2.5,8202
2.720000,3.010000,0.300000,1.160000,0.120000,75.900002,3.380000,8.230000,264.420013,75.529999,60122.199219,29.45,99.46,3.885714,PM2.5,8203
2.750000,3.030000,0.300000,1.270000,0.120000,77.150002,4.630000,7.580000,263.760010,77.709999,59473.039062,29.46,99.61,3.928571,PM2.5,8204
2.660000,2.950000,0.300000,1.200000,0.120000,77.790001,5.570000,7.960000,264.320007,74.860001,59723.390625,29.47,99.77,3.800000,PM2.5,8205
2.570000,2.850000,0.300000,1.160000,0.120000,77.959999,5.270000,7.010000,264.570007,72.639999,59908.210938,29.47,99.93,3.671428,PM2.5,8206
2.430000,2.680000,0.300000,1.110000,0.120000,79.260002,5.990000,7.020000,263.380005,76.690002,58800.808594,29.48,100.08,3.471429,PM2.5,8207
2.110000,2.330000,0.260000,0.850000,0.120000,81.959999,8.900000,8.090000,263.480011,73.120003,58269.710938,29.49,100.24,3.014286,PM2.5,8208
1.900000,2.090000,0.230000,0.680000,0.120000,83.970001,11.090000,8.190000,265.720001,59.560001,59431.468750,29.49,100.39,3.000000,CO,8209
1.860000,2.040000,0.230000,0.700000,0.120000,82.730003,9.600000,6.790000,267.619995,50.220001,60684.781250,29.5,100.55,3.000000,CO,8210
2.030000,2.250000,0.240000,0.820000,0.120000,79.650002,6.680000,5.170000,267.359985,48.959999,60671.839844,29.5,100.71,3.000000,CO,8211
2.180000,2.420000,0.250000,0.820000,0.120000,78.139999,5.890000,4.700000,266.769989,49.180000,60169.031250,29.51,100.86,3.114286,PM2.5,8212
2.250000,2.510000,0.260000,0.770000,0.120000,79.050003,5.310000,5.200000,267.609985,46.110001,61053.441406,29.51,101.02,3.214286,PM2.5,8213
2.090000,2.290000,0.270000,0.670000,0.120000,80.750000,4.560000,6.750000,269.040009,42.830002,62862.539062,29.52,101.17,3.000000,CO,8214
2.050000,2.220000,0.280000,0.710000,0.120000,81.889999,6.160000,7.250000,269.190002,42.509998,62602.269531,29.52,101.33,3.000000,CO,8215
2.090000,2.300000,0.280000,0.700000,0.120000,80.160004,8.180000,8.330000,267.170013,46.880001,60242.468750,29.53,101.49,3.000000,CO,8216
1.990000,2.200000,0.260000,0.590000,0.120000,82.739998,10.390000,7.280000,266.089996,51.900002,59054.750000,29.53,101.64,3.000000,CO,8217
2.020000,2.220000,0.270000,0.550000,0.120000,83.620003,12.170000,5.680000,267.100006,47.790001,59232.480469,29.54,101.8,3.000000,CO,8218
19.860001,21.860001,5.440000,1.270000,0.230000,76.669998,5.460000,3.680000,271.089996,51.029999,64778.820312,29.54,101.95,28.371429,PM2.5,8219
74.349998,81.480003,20.990000,3.610000,0.570000,73.620003,-0.880000,2.010000,274.119995,76.820000,74227.546875,29.54,102.11,99.187500,PM2.5,8220
100.730003,109.199997,22.520000,4.910000,0.790000,74.750000,-1.470000,-0.630000,274.750000,85.400002,76346.562500,29.55,102.27,132.162506,PM2.5,8221
129.589996,140.610001,23.020000,6.920000,1.020000,69.370003,-1.810000,-2.060000,274.970001,90.250000,78077.453125,29.55,102.42,170.842850,PM2.5,8222
148.960007,161.679993,22.299999,9.590000,1.210000,65.849998,-1.680000,-3.520000,277.369995,85.080002,82287.351562,29.55,102.58,198.514297,PM2.5,8223
162.479996,177.220001,24.270000,12.290000,1.310000,65.510002,-2.050000,-1.890000,276.140015,87.730003,79937.273438,29.56,102.73,212.479996,PM2.5,8224
171.759995,188.160004,24.969999,14.710000,1.370000,66.029999,-1.430000,0.760000,275.019989,88.760002,77531.242188,29.56,102.89,221.759995,PM2.5,8225
178.570007,196.139999,25.980000,17.809999,1.430000,64.730003,-0.960000,0.360000,276.209991,87.529999,79974.468750,29.56,103.05,228.570007,PM2.5,8226
189.949997,209.610001,28.459999,24.049999,1.530000,62.709999,-0.350000,-0.820000,277.880005,84.160004,83242.296875,29.57,103.2,239.949997,PM2.5,8227
199.539993,221.850006,30.740000,32.040001,1.620000,59.869999,0.480000,-2.180000,281.350006,70.559998,88124.046875,29.57,103.36,249.539993,PM2.5,8228
214.500000,240.429993,33.439999,45.880001,1.780000,53.240002,1.310000,-3.080000,285.640015,56.990002,94681.453125,29.57,103.52,264.500000,PM2.5,8229
235.220001,266.329987,37.189999,58.750000,2.020000,48.549999,1.530000,-3.270000,287.000000,54.330002,97546.007812,29.57,103.67,285.220001,PM2.5,8230
255.309998,291.440002,40.759998,64.290001,2.230000,47.770000,0.670000,-2.970000,286.489990,57.520000,97226.726562,29.57,103.83,305.309998,PM2.5,8231
264.989990,303.829987,39.220001,62.970001,2.330000,48.980000,-0.230000,-2.740000,286.260010,60.439999,97156.039062,29.57,103.98,314.989990,PM2.5,8232
259.489990,297.950012,34.119999,54.549999,2.280000,52.230000,-0.830000,-2.530000,285.859985,62.919998,96525.500000,29.58,104.14,309.489990,PM2.5,8233
253.520004,289.019989,30.250000,45.720001,2.190000,54.830002,-1.260000,-2.430000,285.410004,63.540001,95207.726562,29.58,104.3,303.520020,PM2.5,8234
260.750000,296.010010,29.980000,45.389999,2.280000,53.320000,-1.180000,-2.760000,285.269989,62.939999,94844.367188,29.58,104.45,310.750000,PM2.5,8235
263.140015,296.869995,30.400000,46.599998,2.360000,50.540001,-0.520000,-3.060000,285.630005,61.470001,95475.273438,29.58,104.61,313.140015,PM2.5,8236
259.630005,290.149994,26.430000,40.820000,2.390000,50.849998,0.050000,-3.100000,286.070007,60.320000,96323.007812,29.58,104.77,309.630005,PM2.5,8237
256.630005,283.230011,25.860001,39.090000,2.380000,48.849998,0.390000,-3.100000,286.410004,59.779999,97270.179688,29.58,104.92,306.630005,PM2.5,8238
253.919998,276.309998,31.469999,45.490002,2.380000,42.540001,0.200000,-2.770000,286.720001,60.009998,98007.289062,29.58,105.08,303.919983,PM2.5,8239
225.369995,241.669998,26.889999,32.849998,2.170000,46.150002,-0.210000,-2.180000,286.890015,61.000000,98132.953125,29.58,105.23,275.369995,PM2.5,8240
2.480000,2.730000,0.250000,0.820000,0.120000,75.440002,0.240000,8.710000,264.109985,75.570000,59462.281250,29.57,99.14,3.542857,PM2.5,8433
2.540000,2.800000,0.270000,0.830000,0.120000,75.139999,3.490000,9.010000,262.959991,79.199997,58610.398438,29.58,99.29,3.628571,PM2.5,8434
2.620000,2.890000,0.280000,0.970000,0.120000,75.360001,4.690000,9.310000,263.890015,77.070000,59557.531250,29.59,99.45,3.742857,PM2.5,8435
2.600000,2.870000,0.280000,1.030000,0.120000,76.790001,5.180000,8.140000,263.679993,77.129997,59136.789062,29.6,99.61,3.714286,PM2.5,8436
2.580000,2.850000,0.280000,1.050000,0.120000,76.750000,4.880000,7.250000,264.279999,75.139999,59715.031250,29.6,99.76,3.685714,PM2.5,8437
2.500000,2.770000,0.280000,1.010000,0.120000,77.459999,4.830000,6.720000,263.570007,76.870003,59156.871094,29.61,99.92,3.571429,PM2.5,8438
2.330000,2.570000,0.260000,0.910000,0.120000,79.290001,7.580000,7.300000,262.929993,77.099998,58195.039062,29.62,100.07,3.328571,PM2.5,8439
2.030000,2.240000,0.240000,0.730000,0.120000,82.949997,10.530000,8.600000,265.339996,65.019997,59653.519531,29.62,100.23,3.000000,CO,8440
1.890000,2.070000,0.230000,0.680000,0.120000,83.449997,10.340000,8.130000,267.769989,52.939999,61146.468750,29.63,100.39,3.000000,CO,8441
1.970000,2.180000,0.240000,0.800000,0.120000,81.660004,7.940000,6.300000,267.299988,51.730000,60571.871094,29.63,100.54,3.000000,CO,8442
2.200000,2.450000,0.260000,0.960000,0.120000,79.870003,7.080000,6.440000,265.959991,53.880001,59451.410156,29.64,100.7,3.142857,PM2.5,8443
2.190000,2.450000,0.250000,0.890000,0.120000,79.059998,8.190000,8.170000,266.130005,51.340000,59350.539062,29.64,100.86,3.128572,PM2.5,8444
2.230000,2.490000,0.250000,0.860000,0.120000,79.650002,7.860000,9.090000,267.350006,46.189999,60144.398438,29.65,101.01,3.185714,PM2.5,8445
2.120000,2.340000,0.250000,0.750000,0.120000,79.500000,6.330000,8.520000,266.970001,47.259998,60288.320312,29.65,101.17,3.028571,PM2.5,8446
2.050000,2.260000,0.260000,0.760000,0.120000,79.750000,6.830000,7.780000,267.130005,48.090000,60786.140625,29.66,101.32,3.000000,CO,8447
1.990000,2.200000,0.260000,0.720000,0.120000,79.870003,7.240000,8.080000,268.660004,43.200001,61830.398438,29.66,101.48,3.000000,CO,8448
1.940000,2.140000,0.250000,0.620000,0.120000,81.110001,7.800000,6.990000,267.579987,47.320000,60695.109375,29.67,101.64,3.000000,CO,8449
1.940000,2.130000,0.250000,0.550000,0.120000,82.059998,11.530000,4.390000,265.480011,53.320000,58350.480469,29.67,101.79,3.000000,CO,8450
8.870000,9.470000,2.350000,0.790000,0.160000,79.669998,8.340000,3.940000,269.459991,47.240002,61979.390625,29.68,101.95,12.671429,PM2.5,8451
65.620003,71.870003,17.840000,3.220000,0.510000,70.989998,0.530000,3.020000,273.320007,66.720001,71251.523438,29.68,102.11,88.275002,PM2.5,8452
94.169998,102.050003,20.959999,4.590000,0.720000,74.370003,-1.330000,-0.570000,274.000000,88.129997,76012.132812,29.68,102.26,123.962494,PM2.5,8453
121.029999,131.610001,21.840000,6.310000,0.950000,70.830002,-0.700000,-0.680000,274.829987,91.730003,78566.523438,29.69,102.42,158.614288,PM2.5,8454
145.039993,158.559998,20.920000,9.500000,1.180000,65.599998,-0.530000,-1.810000,276.779999,88.620003,82247.437500,29.69,102.57,192.914276,PM2.5,8455
157.089996,172.880005,22.780001,13.070000,1.280000,64.820000,-0.630000,-1.640000,277.790009,86.029999,84317.320312,29.69,102.73,207.089996,PM2.5,8456
165.880005,183.429993,24.420000,16.299999,1.350000,65.169998,-0.740000,-1.000000,278.799988,80.540001,85343.257812,29.7,102.89,215.880005,PM2.5,8457
172.210007,191.360001,24.980000,20.590000,1.410000,65.040001,-0.460000,-0.920000,280.140015,75.620003,87253.593750,29.7,103.04,222.210007,PM2.5,8458
183.570007,205.339996,27.129999,27.510000,1.500000,61.360001,0.500000,-1.000000,282.010010,68.750000,89912.101562,29.7,103.2,233.570007,PM2.5,8459
193.910004,218.460007,29.549999,36.310001,1.620000,57.970001,1.390000,-1.440000,283.730011,62.840000,92428.273438,29.7,103.36,243.910004,PM2.5,8460
211.820007,240.850006,31.860001,50.740002,1.820000,50.369999,2.070000,-2.150000,285.790009,56.750000,95713.679688,29.71,103.51,261.820007,PM2.5,8461
235.570007,270.429993,35.250000,63.570000,2.080000,45.480000,1.700000,-2.800000,286.369995,55.849998,97142.789062,29.71,103.67,285.570007,PM2.5,8462
253.630005,292.920013,38.029999,67.209999,2.270000,44.419998,0.590000,-2.570000,285.869995,59.009998,96732.343750,29.71,103.83,303.630005,PM2.5,8463
253.770004,294.309998,35.680000,62.410000,2.300000,45.770000,-0.570000,-2.450000,285.920013,60.639999,96793.257812,29.71,103.98,303.770020,PM2.5,8464
250.750000,290.739990,30.959999,54.389999,2.270000,47.919998,-1.440000,-2.370000,285.640015,62.560001,96648.578125,29.71,104.14,300.750000,PM2.5,8465
246.660004,283.529999,27.889999,44.770000,2.190000,51.680000,-1.590000,-2.120000,284.940002,64.300003,95607.578125,29.71,104.3,296.660004,PM2.5,8466
256.720001,293.519989,28.320000,46.340000,2.290000,50.200001,-1.020000,-1.980000,284.500000,65.260002,94841.429688,29.71,104.45,306.720001,PM2.5,8467
259.109985,293.010010,28.920000,47.869999,2.360000,48.650002,-0.050000,-2.170000,284.809998,64.220001,95299.273438,29.71,104.61,309.109985,PM2.5,8468
256.890015,287.579987,25.410000,42.320000,2.380000,49.090000,0.670000,-2.370000,285.390015,62.619999,96313.359375,29.71,104.77,306.890015,PM2.5,8469
254.720001,281.679993,25.090000,41.029999,2.380000,47.349998,0.710000,-2.490000,285.899994,61.470001,97312.281250,29.71,104.92,304.720001,PM2.5,8470
253.240005,276.179993,30.889999,46.680000,2.380000,41.759998,0.280000,-2.510000,286.309998,61.189999,97811.796875,29.71,105.08,303.239990,PM2.5,8471
221.880005,239.360001,26.100000,32.840000,2.150000,46.430000,-0.220000,-2.270000,286.739990,61.099998,97852.898438,29.71,105.23,271.880005,PM2.5,8472
202.039993,214.059998,25.180000,26.469999,2.010000,47.869999,-0.650000,-1.800000,286.640015,62.720001,97518.273438,29.71,105.39,252.039993,PM2.5,8473
2.280000,2.510000,0.230000,0.680000,0.110000,77.370003,2.100000,10.250000,264.950012,69.519997,59414.441406,29.71,99.13,3.257143,PM2.5,8663
2.380000,2.620000,0.240000,0.690000,0.110000,76.709999,4.380000,9.400000,263.440002,74.180000,58303.648438,29.72,99.29,3.400000,PM2.5,8664
2.480000,2.730000,0.260000,0.810000,0.120000,75.650002,4.210000,8.470000,264.209991,73.980003,59642.851562,29.72,99.44,3.542857,PM2.5,8665
2.530000,2.790000,0.260000,0.890000,0.120000,75.870003,4.680000,7.630000,263.709991,75.540001,59230.890625,29.73,99.6,3.614286,PM2.5,8666
2.510000,2.780000,0.260000,0.900000,0.120000,76.419998,4.550000,6.770000,264.070007,74.540001,59631.480469,29.74,99.75,3.585714,PM2.5,8667
2.420000,2.670000,0.250000,0.870000,0.120000,77.120003,5.130000,7.500000,262.869995,77.760002,58328.128906,29.74,99.91,3.457143,PM2.5,8668
2.160000,2.390000,0.230000,0.710000,0.120000,80.610001,8.940000,7.830000,262.649994,74.690002,57428.750000,29.75,100.07,3.085714,PM2.5,8669
1.970000,2.160000,0.220000,0.630000,0.120000,83.419998,11.290000,8.170000,266.350006,58.820000,60137.410156,29.76,100.22,3.000000,CO,8670
1.880000,2.070000,0.230000,0.670000,0.120000,82.150002,9.390000,7.220000,268.899994,49.560001,62227.191406,29.76,100.38,3.000000,CO,8671
1.970000,2.170000,0.240000,0.780000,0.120000,80.900002,7.610000,6.320000,267.660004,51.410000,61120.679688,29.77,100.54,3.000000,CO,8672
2.030000,2.240000,0.240000,0.830000,0.120000,80.669998,8.950000,7.120000,266.779999,51.930000,60058.511719,29.77,100.69,3.000000,CO,8673
1.980000,2.200000,0.230000,0.780000,0.120000,80.980003,10.050000,8.810000,268.769989,43.990002,61378.460938,29.78,100.85,3.000000,CO,8674
2.010000,2.170000,0.240000,0.810000,0.120000,81.980003,7.860000,8.100000,271.329987,36.669998,63463.160156,29.79,101.01,3.000000,CO,8675
2.020000,2.180000,0.250000,0.790000,0.120000,81.400002,5.650000,7.850000,269.739990,39.349998,62247.890625,29.79,101.16,3.000000,CO,8676
2.050000,2.240000,0.250000,0.800000,0.120000,79.139999,6.310000,7.810000,267.480011,45.990002,60700.691406,29.8,101.32,3.000000,CO,8677
2.000000,2.200000,0.260000,0.780000,0.120000,78.480003,6.260000,7.520000,269.019989,42.320000,62251.621094,29.8,101.48,3.000000,CO,8678
1.920000,2.120000,0.260000,0.660000,0.120000,79.750000,4.960000,7.760000,268.649994,44.220001,61855.890625,29.8,101.63,3.000000,CO,8679
1.870000,2.030000,0.250000,0.580000,0.120000,82.129997,9.640000,6.260000,264.739990,58.080002,58300.289062,29.81,101.79,3.000000,CO,8680
5.060000,5.500000,1.190000,0.680000,0.140000,80.599998,11.910000,6.080000,266.579987,47.980000,58422.660156,29.81,101.94,7.228571,PM2.5,8681
42.560001,46.500000,11.430000,2.280000,0.370000,71.099998,2.890000,3.770000,271.630005,59.740002,66870.476562,29.82,102.1,59.450001,PM2.5,8682
91.080002,98.669998,20.080000,4.720000,0.710000,73.760002,-2.110000,-1.650000,274.260010,87.440002,77261.656250,29.82,102.26,120.100006,PM2.5,8683
117.489998,128.020004,21.010000,6.720000,0.930000,69.650002,-0.940000,-0.570000,275.649994,90.389999,80209.148438,29.82,102.41,153.557144,PM2.5,8684
141.619995,155.490005,19.870001,10.170000,1.150000,65.269997,-0.710000,-0.570000,276.459991,90.320000,81841.710938,29.83,102.57,188.028564,PM2.5,8685
152.520004,169.610001,22.830000,15.410000,1.250000,64.480003,-0.400000,-0.630000,279.390015,78.839996,86302.476562,29.83,102.73,202.520004,PM2.5,8686
166.089996,186.240005,25.230000,21.450001,1.360000,62.400002,-0.360000,-0.700000,280.730011,73.589996,88556.179688,29.83,102.88,216.089996,PM2.5,8687
172.160004,194.350006,25.959999,26.559999,1.420000,61.439999,0.190000,-0.610000,282.070007,68.279999,90481.718750,29.83,103.04,222.160004,PM2.5,8688
179.449997,203.960007,26.670000,33.430000,1.510000,58.200001,1.050000,-0.800000,284.489990,60.270000,94008.367188,29.84,103.2,229.449997,PM2.5,8689
194.110001,222.490005,28.450001,43.639999,1.680000,53.360001,1.360000,-1.030000,285.579987,57.290001,95815.609375,29.84,103.35,244.110001,PM2.5,8690
212.880005,246.639999,30.520000,55.419998,1.900000,47.820000,1.160000,-1.890000,285.600006,57.540001,96190.093750,29.84,103.51,262.880005,PM2.5,8691
235.289993,274.359985,32.430000,63.840000,2.140000,43.750000,0.700000,-2.600000,285.769989,57.689999,96745.617188,29.84,103.67,285.289978,PM2.5,8692
248.850006,290.239990,34.400002,66.919998,2.290000,41.939999,-0.170000,-2.230000,285.709991,59.560001,96908.890625,29.85,103.82,298.850006,PM2.5,8693
247.770004,288.679993,33.070000,62.450001,2.310000,42.799999,-1.090000,-2.160000,285.709991,60.310001,96624.500000,29.85,103.98,297.770020,PM2.5,8694
240.460007,279.890015,29.500000,54.680000,2.250000,45.090000,-1.420000,-2.020000,285.670013,60.990002,96639.046875,29.85,104.14,290.460022,PM2.5,8695
234.240005,271.619995,25.730000,42.599998,2.170000,50.220001,-1.170000,-1.450000,285.390015,62.630001,96619.859375,29.85,104.29,284.239990,PM2.5,8696
235.979996,271.230011,25.770000,42.119999,2.200000,50.810001,-0.720000,-1.380000,285.220001,63.480000,96414.890625,29.85,104.45,285.979980,PM2.5,8697
238.979996,270.899994,25.200001,42.410000,2.250000,49.860001,-0.090000,-1.700000,285.359985,63.270000,96666.953125,29.85,104.61,288.979980,PM2.5,8698
239.649994,267.839996,23.209999,38.200001,2.270000,50.150002,0.330000,-2.080000,285.760010,61.970001,97282.882812,29.85,104.76,289.649994,PM2.5,8699
239.919998,264.640015,22.889999,36.509998,2.270000,49.419998,0.170000,-2.230000,286.079987,61.029999,97692.921875,29.85,104.92,289.919983,PM2.5,8700
232.649994,255.139999,24.889999,34.669998,2.230000,48.299999,-0.240000,-2.340000,286.230011,61.340000,97507.609375,29.85,105.08,282.649994,PM2.5,8701
218.940002,237.380005,23.780001,29.730000,2.140000,48.029999,-0.440000,-2.230000,286.209991,62.580002,97229.039062,29.85,105.24,268.940002,PM2.5,8702
203.639999,216.929993,24.180000,26.080000,2.020000,48.080002,-0.390000,-1.660000,286.369995,63.400002,97184.929688,29.85,105.39,253.639999,PM2.5,8703
187.860001,196.990005,26.270000,25.020000,1.880000,46.540001,-0.520000,-0.890000,286.380005,64.620003,97002.132812,29.85,105.55,237.860001,PM2.5,8704
172.860001,177.460007,29.840000,26.120001,1.660000,42.509998,-0.670000,-0.340000,286.739990,64.440002,97443.726562,29.85,105.71,222.860001,PM2.5,8705
2.210000,2.440000,0.220000,0.650000,0.110000,77.830002,3.030000,10.530000,267.190002,60.509998,61089.140625,29.85,99.12,3.157143,PM2.5,8898
2.320000,2.550000,0.230000,0.630000,0.110000,76.959999,3.290000,8.790000,263.619995,72.260002,58091.890625,29.85,99.28,3.314286,PM2.5,8899
2.430000,2.680000,0.240000,0.740000,0.120000,75.440002,3.270000,7.270000,262.179993,79.809998,57565.500000,29.86,99.43,3.471429,PM2.5,8900
2.460000,2.710000,0.240000,0.790000,0.120000,75.190002,4.860000,7.630000,261.589996,81.980003,57248.621094,29.87,99.59,3.514286,PM2.5,8901
2.420000,2.670000,0.240000,0.780000,0.120000,76.019997,6.010000,7.470000,262.470001,79.209999,58215.488281,29.87,99.75,3.457143,PM2.5,8902
2.240000,2.470000,0.230000,0.690000,0.120000,78.760002,6.420000,8.740000,263.140015,76.589996,58600.679688,29.88,99.9,3.200000,PM2.5,8903
2.050000,2.250000,0.210000,0.590000,0.110000,81.650002,9.320000,8.950000,263.220001,71.129997,57747.320312,29.89,100.06,2.928571,PM2.5,8904
1.940000,2.130000,0.210000,0.570000,0.120000,82.660004,11.080000,7.730000,265.660004,58.380001,59122.769531,29.89,100.22,3.000000,CO,8905
1.910000,2.090000,0.220000,0.640000,0.120000,80.739998,8.710000,6.240000,267.750000,51.049999,60956.429688,29.9,100.37,3.000000,CO,8906
1.920000,2.110000,0.230000,0.690000,0.120000,80.080002,7.810000,6.370000,267.920013,50.360001,61336.558594,29.91,100.53,3.000000,CO,8907
1.860000,2.050000,0.220000,0.670000,0.120000,81.570000,10.180000,7.950000,268.329987,47.540001,61398.230469,29.91,100.69,3.000000,CO,8908
1.810000,1.960000,0.220000,0.690000,0.120000,82.949997,9.230000,7.320000,270.779999,39.430000,63080.820312,29.92,100.84,3.000000,CO,8909
1.960000,2.130000,0.240000,0.890000,0.120000,80.150002,4.160000,5.060000,273.209991,33.380001,65638.226562,29.92,101.0,3.000000,CO,8910
2.020000,2.190000,0.250000,0.900000,0.120000,80.120003,3.370000,6.070000,271.450012,35.750000,63938.968750,29.93,101.16,3.000000,CO,8911
2.060000,2.250000,0.260000,0.870000,0.120000,78.290001,6.430000,7.190000,268.559998,42.220001,61323.640625,29.93,101.31,3.000000,CO,8912
2.050000,2.260000,0.270000,0.850000,0.120000,77.360001,6.760000,7.390000,269.760010,40.020000,62645.328125,29.94,101.47,3.000000,CO,8913
1.950000,2.150000,0.270000,0.730000,0.120000,78.459999,5.310000,8.100000,269.839996,40.639999,62894.160156,29.94,101.63,3.000000,CO,8914
1.820000,2.010000,0.260000,0.610000,0.120000,81.470001,10.000000,9.180000,268.040009,48.509998,61230.839844,29.94,101.78,3.000000,CO,8915
3.540000,3.870000,0.790000,0.690000,0.130000,80.199997,10.970000,6.800000,270.660004,36.689999,62103.750000,29.95,101.94,5.057143,PM2.5,8916
44.259998,48.419998,11.570000,2.470000,0.380000,71.320000,1.460000,3.300000,271.359985,61.340000,66461.171875,29.95,102.1,61.574997,PM2.5,8917
83.820000,91.000000,18.129999,4.490000,0.660000,75.150002,-2.440000,-1.450000,272.899994,89.709999,74648.578125,29.96,102.25,111.025002,PM2.5,8918
104.370003,114.449997,18.959999,6.520000,0.850000,73.019997,-1.210000,0.440000,276.820007,81.919998,81439.359375,29.96,102.41,136.712509,PM2.5,8919
129.860001,143.919998,19.270000,10.130000,1.080000,70.330002,-0.990000,0.170000,277.850006,81.349998,83657.062500,29.96,102.57,171.228577,PM2.5,8920
143.839996,161.600006,21.870001,16.490000,1.200000,66.089996,-0.610000,-0.630000,279.880005,74.500000,86824.921875,29.97,102.72,191.199997,PM2.5,8921
153.839996,173.960007,23.400000,22.629999,1.290000,62.959999,-0.410000,-0.500000,281.850006,67.660004,89898.828125,29.97,102.88,203.839996,PM2.5,8922
171.750000,196.220001,24.370001,31.590000,1.450000,58.410000,0.130000,-0.400000,282.899994,64.489998,91689.617188,29.97,103.04,221.750000,PM2.5,8923
181.179993,209.130005,24.809999,38.880001,1.580000,54.080002,0.640000,-1.070000,284.559998,59.410000,94179.523438,29.97,103.2,231.179993,PM2.5,8924
198.139999,231.080002,26.830000,49.599998,1.770000,48.299999,0.360000,-1.710000,285.359985,57.509998,95741.617188,29.98,103.35,248.139999,PM2.5,8925
214.720001,252.309998,29.230000,58.779999,1.960000,43.439999,-0.150000,-2.380000,285.329987,57.750000,95937.343750,29.98,103.51,264.720001,PM2.5,8926
235.839996,277.880005,32.889999,67.290001,2.190000,39.400002,-0.230000,-2.700000,285.579987,57.740002,96593.031250,29.98,103.67,285.839996,PM2.5,8927
247.369995,289.750000,35.360001,70.559998,2.330000,37.959999,-0.800000,-2.400000,285.859985,58.520000,97147.851562,29.98,103.82,297.369995,PM2.5,8928
242.100006,282.790009,32.980000,64.449997,2.320000,39.330002,-1.620000,-2.230000,285.910004,58.810001,96722.617188,29.98,103.98,292.100006,PM2.5,8929
229.889999,268.709991,28.270000,54.439999,2.230000,42.430000,-1.710000,-2.210000,286.000000,58.560001,96655.156250,29.98,104.14,279.890015,PM2.5,8930
219.309998,256.269989,24.180000,40.750000,2.130000,48.189999,-1.400000,-1.840000,286.130005,59.279999,97245.382812,29.98,104.29,269.309998,PM2.5,8931
220.149994,254.960007,24.639999,40.650002,2.160000,48.869999,-1.250000,-2.000000,286.140015,60.299999,97488.859375,29.99,104.45,270.149994,PM2.5,8932
223.160004,254.809998,24.469999,41.310001,2.190000,48.250000,-1.080000,-2.270000,286.049988,61.279999,97331.390625,29.99,104.61,273.160004,PM2.5,8933
224.190002,251.800003,21.490000,34.320000,2.170000,50.169998,-0.720000,-2.320000,285.989990,61.639999,97316.867188,29.99,104.76,274.190002,PM2.5,8934
226.509995,251.580002,21.250000,32.849998,2.170000,50.180000,-0.550000,-2.300000,286.059998,61.430000,97429.007812,29.99,104.92,276.510010,PM2.5,8935
227.949997,251.250000,22.969999,32.500000,2.200000,48.700001,-0.610000,-2.290000,285.940002,62.740002,97263.679688,29.99,105.08,277.950012,PM2.5,8936
217.500000,237.199997,23.260000,30.480000,2.130000,47.310001,-0.420000,-2.130000,285.829987,64.589996,97135.617188,29.99,105.24,267.500000,PM2.5,8937
205.570007,220.720001,24.160000,28.059999,2.030000,46.320000,-0.120000,-1.590000,286.220001,64.470001,97465.796875,29.99,105.39,255.570007,PM2.5,8938
189.059998,200.419998,26.340000,26.120001,1.880000,45.139999,-0.380000,-0.980000,286.720001,63.720001,97884.046875,29.99,105.55,239.059998,PM2.5,8939
173.600006,179.940002,29.700001,26.620001,1.670000,41.349998,-0.880000,-0.580000,287.010010,63.840000,98219.710938,29.98,105.71,223.600006,PM2.5,8940
2.220000,2.450000,0.270000,0.800000,0.120000,76.059998,2.780000,7.570000,269.630005,51.660000,63781.800781,29.98,99.11,3.171429,PM2.5,9133
2.260000,2.490000,0.230000,0.620000,0.110000,76.750000,3.170000,9.390000,264.589996,67.419998,58780.531250,29.99,99.27,3.228571,PM2.5,9134
2.280000,2.460000,0.230000,0.640000,0.110000,78.110001,4.140000,8.610000,261.589996,76.620003,56174.269531,30.0,99.43,3.257143,PM2.5,9135
2.270000,2.440000,0.230000,0.620000,0.110000,78.519997,5.290000,8.730000,260.660004,78.000000,55562.289062,30.0,99.58,3.242857,PM2.5,9136
2.210000,2.370000,0.230000,0.610000,0.110000,79.889999,6.920000,8.710000,261.549988,75.809998,56510.621094,30.01,99.74,3.157143,PM2.5,9137
2.100000,2.300000,0.210000,0.590000,0.110000,80.459999,7.660000,9.270000,263.959991,69.959999,58917.300781,30.02,99.9,3.000000,PM2.5,9138
1.990000,2.180000,0.210000,0.550000,0.110000,81.599998,9.040000,8.740000,264.899994,64.309998,59280.390625,30.02,100.05,2.842857,PM2.5,9139
1.930000,2.110000,0.210000,0.570000,0.120000,81.489998,9.860000,6.710000,266.040009,56.689999,59651.308594,30.03,100.21,3.000000,CO,9140
1.910000,2.090000,0.210000,0.680000,0.120000,80.459999,8.540000,5.180000,266.640015,53.150002,60032.589844,30.04,100.37,3.000000,CO,9141
1.850000,2.030000,0.210000,0.670000,0.120000,81.250000,9.580000,6.340000,267.059998,51.290001,60287.910156,30.04,100.52,3.000000,CO,9142
1.820000,2.000000,0.220000,0.690000,0.120000,81.389999,11.920000,8.880000,269.130005,44.669998,61914.988281,30.05,100.68,3.000000,CO,9143
2.320000,2.640000,0.250000,0.920000,0.120000,79.139999,8.120000,6.100000,272.420013,36.110001,64872.800781,30.05,100.84,3.314286,PM2.5,9144
4.200000,5.070000,0.390000,1.420000,0.130000,79.610001,2.070000,4.930000,274.519989,31.430000,67144.523438,30.06,100.99,6.000000,PM2.5,9145
3.740000,4.410000,0.370000,1.470000,0.130000,79.180000,2.970000,6.110000,272.420013,34.570000,64915.109375,30.06,101.15,5.342857,PM2.5,9146
3.910000,4.670000,0.390000,1.410000,0.130000,77.400002,6.770000,6.820000,269.989990,39.020000,62471.238281,30.07,101.31,5.585714,PM2.5,9147
3.620000,4.310000,0.380000,1.300000,0.130000,76.029999,6.800000,6.630000,270.940002,37.240002,63562.410156,30.07,101.46,5.171428,PM2.5,9148
2.730000,3.150000,0.330000,1.040000,0.130000,76.959999,6.370000,7.030000,269.859985,40.240002,62885.949219,30.08,101.62,3.900000,PM2.5,9149
2.490000,2.790000,0.540000,0.970000,0.120000,79.980003,9.990000,8.380000,269.589996,42.580002,62391.160156,30.08,101.78,3.557143,PM2.5,9150
11.640000,12.780000,3.100000,1.440000,0.180000,76.779999,6.860000,4.870000,273.549988,37.709999,66216.757812,30.08,101.94,16.628572,PM2.5,9151
44.029999,48.200001,11.240000,2.340000,0.380000,74.239998,-1.140000,3.120000,271.750000,69.430000,67910.757812,30.09,102.09,61.287498,PM2.5,9152
71.239998,77.370003,14.890000,3.270000,0.570000,75.589996,-1.690000,1.230000,270.589996,89.500000,69484.601562,30.09,102.25,95.299995,PM2.5,9153
90.650002,99.870003,16.570000,5.460000,0.750000,77.930000,-0.800000,0.300000,274.010010,85.239998,75868.343750,30.1,102.41,119.562500,PM2.5,9154
117.970001,132.050003,17.809999,10.020000,1.000000,74.510002,-1.510000,0.540000,276.519989,81.430000,80946.968750,30.1,102.56,154.242859,PM2.5,9155
138.220001,156.149994,20.990000,16.900000,1.170000,67.680000,-1.310000,0.060000,279.239990,74.879997,85911.226562,30.1,102.72,183.171432,PM2.5,9156
145.410004,165.110001,21.510000,22.850000,1.250000,64.250000,-0.700000,-0.700000,282.779999,62.880001,91008.570312,30.1,102.88,193.442856,PM2.5,9157
158.149994,181.750000,21.889999,31.340000,1.390000,58.700001,-0.560000,-1.310000,283.679993,60.590000,92581.476562,30.11,103.04,208.149994,PM2.5,9158
167.570007,194.460007,22.250000,38.279999,1.500000,53.090000,-0.420000,-1.930000,284.540009,58.299999,94059.812500,30.11,103.19,217.570007,PM2.5,9159
178.289993,208.300003,24.180000,45.830002,1.620000,47.750000,-0.540000,-2.320000,285.190002,56.930000,95283.140625,30.11,103.35,228.289993,PM2.5,9160
205.820007,243.149994,28.730000,58.580002,1.900000,41.009998,-0.730000,-2.700000,284.980011,58.310001,95490.273438,30.11,103.51,255.820007,PM2.5,9161
232.389999,275.019989,34.020000,70.019997,2.170000,35.730000,-0.650000,-2.910000,285.299988,58.330002,96292.406250,30.12,103.66,282.390015,PM2.5,9162
246.050003,288.649994,37.009998,74.339996,2.340000,34.580002,-1.230000,-2.680000,285.649994,58.610001,96831.156250,30.12,103.82,296.049988,PM2.5,9163
240.690002,281.329987,34.119999,67.360001,2.340000,35.750000,-1.930000,-2.380000,285.709991,58.980000,96382.796875,30.12,103.98,290.690002,PM2.5,9164
226.110001,264.950012,28.809999,56.389999,2.250000,38.930000,-1.980000,-2.410000,285.869995,58.590000,96289.546875,30.12,104.14,276.109985,PM2.5,9165
210.839996,247.679993,23.879999,40.820000,2.110000,45.310001,-1.880000,-2.470000,286.339996,57.840000,96969.351562,30.12,104.29,260.839996,PM2.5,9166
211.789993,246.619995,24.520000,41.360001,2.140000,46.070000,-1.870000,-2.680000,286.299988,59.110001,97316.476562,30.12,104.45,261.789978,PM2.5,9167
215.910004,247.759995,24.590000,42.849998,2.170000,45.639999,-1.620000,-2.570000,286.019989,61.419998,97262.093750,30.12,104.61,265.910004,PM2.5,9168
212.380005,240.130005,20.559999,31.510000,2.090000,49.639999,-1.260000,-2.190000,285.859985,62.939999,97139.281250,30.12,104.76,262.380005,PM2.5,9169
216.410004,241.529999,20.540001,30.469999,2.080000,49.770000,-1.020000,-2.180000,285.790009,63.660000,97030.398438,30.12,104.92,266.410004,PM2.5,9170
218.570007,242.830002,22.620001,31.110001,2.120000,48.700001,-0.900000,-2.380000,285.929993,64.099998,97159.453125,30.12,105.08,268.570007,PM2.5,9171
213.009995,234.660004,23.950001,31.450001,2.080000,46.270000,-0.540000,-2.230000,286.029999,65.419998,97559.796875,30.12,105.24,263.010010,PM2.5,9172
195.250000,212.960007,25.480000,27.940001,1.930000,46.419998,-0.590000,-1.550000,286.649994,63.980000,97958.273438,30.12,105.39,245.250000,PM2.5,9173
188.080002,201.479996,26.969999,27.690001,1.870000,43.509998,-1.150000,-1.080000,286.829987,64.690002,98285.156250,30.12,105.55,238.080002,PM2.5,9174
152.979996,167.169998,40.830002,28.879999,1.010000,24.790001,-1.830000,3.230000,285.559998,81.910004,96653.023438,30.11,106.81,202.979996,PM2.5,9182
150.729996,166.020004,40.400002,26.370001,1.000000,27.610001,-1.150000,3.280000,285.950012,79.900002,97218.398438,30.11,106.96,200.729996,PM2.5,9183
2.350000,2.570000,0.430000,1.090000,0.120000,78.449997,3.060000,5.490000,267.600006,57.119999,62275.398438,30.12,99.1,3.357143,PM2.5,9368
2.240000,2.470000,0.270000,0.720000,0.110000,76.070000,4.760000,9.020000,266.769989,58.560001,60821.980469,30.12,99.26,3.200000,PM2.5,9369
2.230000,2.430000,0.230000,0.640000,0.110000,77.169998,5.560000,8.690000,265.160004,62.250000,58976.800781,30.13,99.42,3.185714,PM2.5,9370
2.230000,2.430000,0.220000,0.610000,0.110000,77.389999,6.840000,8.670000,262.899994,67.779999,56881.710938,30.14,99.57,3.185714,PM2.5,9371
2.140000,2.330000,0.220000,0.580000,0.110000,78.820000,7.550000,8.370000,263.760010,62.740002,57483.761719,30.15,99.73,3.057143,PM2.5,9372
2.060000,2.250000,0.210000,0.570000,0.110000,79.339996,6.800000,8.230000,265.309998,59.630001,59253.378906,30.15,99.89,2.942857,PM2.5,9373
1.980000,2.170000,0.210000,0.560000,0.110000,79.930000,7.610000,7.580000,264.839996,62.529999,59112.300781,30.16,100.04,2.828572,PM2.5,9374
1.920000,2.100000,0.200000,0.590000,0.120000,80.360001,9.090000,5.880000,264.720001,61.630001,58866.800781,30.16,100.2,3.000000,CO,9375
1.820000,2.000000,0.200000,0.610000,0.120000,81.570000,10.280000,6.310000,265.299988,57.990002,59198.789062,30.17,100.36,3.000000,CO,9376
1.780000,1.940000,0.200000,0.600000,0.120000,83.080002,12.140000,8.430000,266.630005,51.029999,59714.898438,30.18,100.52,3.000000,CO,9377
1.780000,1.950000,0.210000,0.700000,0.120000,80.480003,10.230000,7.070000,269.920013,41.220001,62349.660156,30.18,100.67,3.000000,CO,9378
3.590000,4.300000,0.340000,1.390000,0.130000,77.910004,4.600000,4.040000,273.450012,34.099998,66571.546875,30.19,100.83,5.128572,PM2.5,9379
5.480000,6.760000,0.470000,1.740000,0.140000,78.690002,0.990000,5.380000,274.920013,31.240000,68036.796875,30.19,100.99,7.828571,PM2.5,9380
4.970000,6.000000,0.450000,1.840000,0.140000,78.300003,2.750000,6.170000,272.510010,35.169998,65221.359375,30.2,101.14,7.100000,PM2.5,9381
5.210000,6.360000,0.470000,1.770000,0.140000,76.400002,6.370000,6.510000,269.880005,40.310001,62577.460938,30.2,101.3,7.442857,PM2.5,9382
4.790000,5.820000,0.450000,1.610000,0.140000,75.309998,6.720000,6.360000,269.730011,40.570000,62615.519531,30.21,101.46,6.842857,PM2.5,9383
3.610000,4.280000,0.390000,1.310000,0.130000,75.849998,6.900000,6.480000,268.750000,42.900002,61890.519531,30.21,101.62,5.157143,PM2.5,9384
3.430000,3.910000,0.730000,1.320000,0.130000,77.790001,9.700000,6.140000,268.450012,44.410000,61392.988281,30.22,101.77,4.900000,PM2.5,9385
7.570000,8.420000,2.120000,1.630000,0.160000,75.730003,8.450000,5.330000,270.600006,41.349998,63309.949219,30.22,101.93,10.814286,PM2.5,9386
38.650002,42.430000,9.610000,2.110000,0.350000,74.519997,1.960000,5.370000,271.209991,62.680000,66137.773438,30.22,102.09,54.562500,PM2.5,9387
61.340000,66.760002,12.630000,2.860000,0.510000,76.669998,-2.280000,4.080000,270.820007,79.769997,68031.851562,30.23,102.25,82.925003,PM2.5,9388
67.489998,74.459999,11.260000,3.790000,0.580000,74.449997,-0.670000,0.750000,270.320007,83.900002,67826.101562,30.23,102.4,90.612495,PM2.5,9389
107.489998,120.800003,15.350000,9.160000,0.920000,73.980003,1.180000,1.960000,271.570007,90.320000,71288.156250,30.23,102.56,140.612503,PM2.5,9390
135.830002,153.889999,19.820000,17.719999,1.170000,67.050003,-0.810000,1.470000,275.540009,85.949997,79658.343750,30.24,102.72,179.757141,PM2.5,9391
135.600006,154.399994,19.600000,21.559999,1.180000,65.849998,-1.770000,-0.480000,279.700012,72.120003,86222.179688,30.24,102.88,179.428574,PM2.5,9392
139.589996,159.899994,19.230000,26.690001,1.240000,61.849998,-1.340000,-1.710000,282.640015,62.150002,90591.882812,30.24,103.03,185.128571,PM2.5,9393
144.710007,167.309998,19.799999,32.360001,1.310000,56.630001,-0.970000,-2.330000,285.000000,55.529999,94324.476562,30.25,103.19,192.442871,PM2.5,9394
159.100006,186.070007,22.400000,41.740002,1.460000,48.759998,-0.980000,-2.640000,285.690002,54.400002,95709.390625,30.25,103.35,209.100006,PM2.5,9395
191.970001,226.880005,28.059999,56.740002,1.770000,40.090000,-1.080000,-2.760000,285.239990,57.119999,95820.226562,30.25,103.5,241.970001,PM2.5,9396
227.059998,269.309998,34.779999,71.830002,2.130000,33.020000,-0.940000,-2.830000,285.179993,58.660000,96273.429688,30.25,103.66,277.059998,PM2.5,9397
243.729996,286.309998,38.619999,77.370003,2.340000,31.850000,-1.360000,-2.450000,285.279999,59.560001,96524.757812,30.25,103.82,293.729980,PM2.5,9398
241.660004,282.399994,36.770000,71.339996,2.380000,32.410000,-2.040000,-1.950000,285.260010,60.490002,96183.671875,30.25,103.98,291.660004,PM2.5,9399
227.869995,267.429993,31.450001,62.020000,2.300000,34.779999,-2.280000,-2.320000,285.450012,59.660000,95890.406250,30.26,104.13,277.869995,PM2.5,9400
204.169998,241.710007,24.190001,42.610001,2.090000,42.209999,-2.080000,-2.790000,286.059998,58.209999,96498.906250,30.26,104.29,254.169998,PM2.5,9401
202.600006,237.460007,24.480000,41.470001,2.100000,44.259998,-1.830000,-2.890000,286.170013,58.779999,97075.718750,30.26,104.45,252.600006,PM2.5,9402
202.419998,233.199997,24.030001,40.090000,2.080000,45.610001,-1.620000,-2.530000,286.149994,60.529999,97362.632812,30.26,104.61,252.419998,PM2.5,9403
197.610001,224.149994,20.459999,28.990000,1.970000,49.700001,-1.590000,-2.220000,286.250000,61.680000,97499.203125,30.26,104.76,247.610001,PM2.5,9404
201.199997,225.520004,20.680000,27.520000,1.950000,50.119999,-1.710000,-2.180000,286.070007,63.340000,97137.750000,30.26,104.92,251.199997,PM2.5,9405
208.360001,233.270004,22.850000,29.389999,2.010000,48.279999,-1.460000,-2.470000,285.899994,65.800003,97101.187500,30.26,105.08,258.359985,PM2.5,9406
205.389999,228.300003,24.639999,30.459999,1.990000,45.750000,-0.880000,-2.430000,286.239990,66.349998,97759.820312,30.26,105.24,255.389999,PM2.5,9407
188.970001,208.550003,26.299999,27.040001,1.850000,46.369999,-1.130000,-1.820000,286.859985,64.889999,98123.773438,30.26,105.39,238.970001,PM2.5,9408
182.910004,199.360001,27.760000,27.059999,1.810000,43.970001,-1.720000,-1.190000,286.890015,65.800003,98124.117188,30.26,105.55,232.910004,PM2.5,9409
171.039993,183.639999,30.440001,26.879999,1.660000,40.650002,-1.900000,-1.170000,286.970001,66.790001,98242.312500,30.26,105.71,221.039993,PM2.5,9410
160.259995,159.520004,40.410000,32.650002,1.260000,27.760000,-1.920000,0.050000,286.750000,72.919998,98411.781250,30.25,106.18,210.259995,PM2.5,9413
164.449997,165.070007,44.419998,35.490002,1.200000,25.330000,-1.830000,1.190000,286.959991,73.470001,98493.421875,30.25,106.34,214.449997,PM2.5,9414
159.789993,168.610001,44.750000,32.720001,1.080000,22.020000,-2.310000,3.920000,285.869995,80.000000,96581.117188,30.25,106.65,209.789993,PM2.5,9416
157.119995,167.729996,39.900002,28.490000,1.080000,24.510000,-1.750000,3.720000,284.920013,84.620003,95615.890625,30.25,106.81,207.119995,PM2.5,9417
153.270004,165.979996,39.590000,25.520000,1.060000,27.459999,-0.690000,2.980000,285.450012,82.839996,96728.359375,30.24,106.97,203.270004,PM2.5,9418
148.500000,164.570007,39.840000,24.150000,1.010000,27.629999,-0.310000,2.830000,285.809998,79.669998,97173.460938,30.24,107.12,197.857147,PM2.5,9419
2.350000,2.600000,0.440000,1.110000,0.120000,77.790001,3.280000,6.720000,265.779999,60.880001,60310.878906,30.25,99.09,3.357143,PM2.5,9605
2.220000,2.450000,0.330000,0.920000,0.120000,75.089996,4.290000,6.080000,268.059998,53.590000,62427.160156,30.26,99.25,3.171429,PM2.5,9606
2.190000,2.410000,0.250000,0.790000,0.120000,75.139999,4.260000,5.650000,267.239990,55.189999,61455.378906,30.27,99.41,3.128572,PM2.5,9607
2.200000,2.400000,0.230000,0.670000,0.110000,76.550003,6.900000,6.620000,263.649994,66.330002,57822.679688,30.27,99.57,3.142857,PM2.5,9608
2.120000,2.320000,0.220000,0.610000,0.110000,77.650002,8.310000,6.600000,264.459991,60.500000,58039.250000,30.28,99.72,3.028571,PM2.5,9609
2.040000,2.230000,0.210000,0.590000,0.110000,78.559998,6.980000,7.340000,265.089996,58.500000,58620.660156,30.29,99.88,2.914286,PM2.5,9610
1.960000,2.140000,0.200000,0.560000,0.110000,79.949997,7.060000,8.220000,263.739990,64.309998,57796.859375,30.29,100.04,2.800000,PM2.5,9611
1.830000,2.000000,0.190000,0.530000,0.110000,81.230003,9.790000,8.290000,263.000000,65.570000,57085.929688,30.3,100.19,2.750000,CO,9612
1.760000,1.930000,0.190000,0.530000,0.110000,83.050003,12.760000,9.480000,265.600006,53.459999,58727.210938,30.31,100.35,2.750000,CO,9613
1.790000,1.970000,0.200000,0.650000,0.120000,80.529999,10.780000,7.460000,269.779999,40.970001,62193.550781,30.31,100.51,3.000000,CO,9614
2.490000,2.870000,0.250000,0.990000,0.120000,77.000000,5.350000,4.620000,270.739990,38.720001,63673.328125,30.32,100.67,3.557143,PM2.5,9615
3.960000,4.770000,0.360000,1.400000,0.130000,78.720001,1.870000,3.040000,271.329987,38.200001,64751.390625,30.32,100.82,5.657143,PM2.5,9616
5.360000,6.610000,0.440000,1.660000,0.140000,77.059998,0.640000,5.070000,272.420013,36.259998,66099.546875,30.33,100.98,7.657143,PM2.5,9617
4.900000,5.900000,0.440000,1.760000,0.140000,77.500000,2.910000,6.570000,270.649994,39.669998,63840.921875,30.33,101.14,7.000000,PM2.5,9618
5.040000,6.140000,0.450000,1.690000,0.140000,76.080002,6.610000,7.190000,268.980011,43.189999,61879.609375,30.34,101.3,7.200000,PM2.5,9619
4.740000,5.760000,0.440000,1.570000,0.140000,75.199997,6.840000,7.030000,269.399994,41.990002,62283.910156,30.34,101.45,6.771428,PM2.5,9620
3.830000,4.570000,0.390000,1.340000,0.130000,75.489998,6.700000,6.650000,268.170013,44.520000,61342.570312,30.35,101.61,5.471428,PM2.5,9621
3.670000,4.220000,0.520000,1.210000,0.130000,77.470001,9.990000,5.920000,267.399994,47.340000,60429.519531,30.35,101.77,5.242857,PM2.5,9622
5.510000,6.220000,1.220000,1.330000,0.140000,76.379997,9.630000,6.220000,270.359985,38.700001,62558.800781,30.36,101.93,7.871429,PM2.5,9623
36.349998,39.919998,8.880000,1.940000,0.330000,72.550003,1.540000,6.360000,273.869995,47.919998,67877.398438,30.36,102.08,51.687500,PM2.5,9624
54.119999,58.930000,10.820000,2.560000,0.470000,76.510002,-3.510000,5.130000,272.899994,61.990002,68913.343750,30.36,102.24,73.900002,PM2.5,9625
59.889999,66.220001,9.710000,3.260000,0.520000,74.279999,1.700000,5.000000,268.679993,72.230003,63544.660156,30.37,102.4,81.112503,PM2.5,9626
94.459999,106.120003,12.910000,7.580000,0.820000,74.220001,3.420000,4.170000,269.929993,81.839996,66265.703125,30.37,102.56,124.324997,PM2.5,9627
126.000000,142.550003,17.330000,15.080000,1.080000,67.430000,-1.020000,1.650000,273.869995,89.150002,76408.851562,30.37,102.71,165.714279,PM2.5,9628
122.070000,138.880005,17.100000,16.870001,1.060000,67.779999,-1.810000,0.070000,276.459991,84.070000,81488.210938,30.38,102.87,160.100006,PM2.5,9629
120.910004,138.740005,16.959999,20.170000,1.080000,64.540001,-1.410000,-0.790000,279.910004,70.389999,86576.453125,30.38,103.03,158.442856,PM2.5,9630
124.639999,144.080002,17.850000,25.799999,1.140000,59.480000,-1.030000,-2.200000,284.230011,56.529999,92910.382812,30.38,103.19,163.771423,PM2.5,9631
140.630005,164.419998,20.480000,36.029999,1.290000,50.970001,-0.840000,-3.110000,286.089996,52.090000,95673.812500,30.38,103.34,186.614288,PM2.5,9632
173.110001,205.119995,26.219999,52.689999,1.600000,41.020000,-0.860000,-3.100000,285.959991,53.959999,96323.578125,30.39,103.5,223.110001,PM2.5,9633
216.550003,257.790009,34.840000,73.279999,2.050000,30.870001,-0.930000,-2.820000,285.410004,57.459999,96404.453125,30.39,103.66,266.549988,PM2.5,9634
241.009995,283.720001,41.259998,82.730003,2.340000,28.969999,-1.290000,-2.320000,285.309998,59.049999,96637.781250,30.39,103.82,291.010010,PM2.5,9635
243.570007,283.850006,41.209999,76.300003,2.420000,30.240000,-2.180000,-1.840000,285.420013,59.669998,96593.609375,30.39,103.98,293.570007,PM2.5,9636
232.309998,271.239990,36.369999,68.769997,2.360000,31.750000,-2.800000,-2.240000,285.399994,59.650002,95918.742188,30.39,104.13,282.309998,PM2.5,9637
200.570007,238.949997,24.959999,44.689999,2.070000,39.360001,-2.280000,-2.950000,285.399994,59.779999,95809.382812,30.39,104.29,250.570007,PM2.5,9638
197.479996,233.100006,24.799999,41.919998,2.070000,42.310001,-1.730000,-3.360000,285.890015,59.029999,96780.343750,30.39,104.45,247.479996,PM2.5,9639
193.639999,224.619995,23.709999,37.830002,2.010000,45.009998,-1.790000,-3.090000,286.049988,59.849998,97366.218750,30.39,104.61,243.639999,PM2.5,9640
184.830002,210.949997,20.549999,26.670000,1.850000,49.500000,-2.000000,-2.940000,286.160004,61.130001,97409.218750,30.39,104.76,234.830002,PM2.5,9641
187.860001,212.080002,20.809999,24.879999,1.820000,50.310001,-2.060000,-2.770000,286.040009,63.320000,97195.476562,30.39,104.92,237.860001,PM2.5,9642
192.889999,217.479996,23.100000,26.719999,1.860000,49.080002,-1.790000,-2.560000,285.959991,65.489998,97125.578125,30.39,105.08,242.889999,PM2.5,9643
192.550003,215.580002,24.860001,27.000000,1.850000,47.740002,-1.350000,-2.440000,286.290009,66.230003,97647.976562,30.39,105.24,242.550003,PM2.5,9644
187.160004,208.210007,26.250000,26.450001,1.800000,46.419998,-1.360000,-2.040000,286.670013,66.160004,98003.523438,30.39,105.39,237.160004,PM2.5,9645
178.270004,197.009995,28.010000,25.940001,1.730000,44.889999,-1.990000,-1.520000,286.820007,66.180000,97948.718750,30.39,105.55,228.270004,PM2.5,9646
170.820007,186.149994,29.969999,25.840000,1.630000,40.480000,-2.080000,-1.520000,286.660004,68.239998,98023.117188,30.39,105.71,220.820007,PM2.5,9647
153.509995,160.630005,35.799999,26.469999,1.310000,33.959999,-1.720000,-0.730000,286.700012,71.430000,98180.273438,30.39,106.02,203.509995,PM2.5,9649
155.940002,158.529999,39.160000,29.450001,1.270000,30.420000,-2.090000,-0.110000,286.839996,72.900002,98336.687500,30.39,106.18,205.940002,PM2.5,9650
163.500000,163.809998,42.619999,32.410000,1.290000,26.540001,-2.230000,0.550000,286.640015,75.160004,98091.703125,30.39,106.34,213.500000,PM2.5,9651
166.910004,168.800003,44.770000,34.070000,1.240000,22.570000,-1.840000,1.390000,286.600006,76.379997,98316.718750,30.39,106.5,216.910004,PM2.5,9652
164.070007,169.470001,44.560001,32.560001,1.160000,21.830000,-1.840000,3.040000,286.570007,77.650002,97979.882812,30.38,106.66,214.070007,PM2.5,9653
160.490005,169.339996,40.500000,28.850000,1.160000,23.299999,-1.890000,3.990000,285.200012,83.419998,95834.398438,30.38,106.81,210.490005,PM2.5,9654
154.919998,167.029999,38.599998,25.480000,1.120000,25.350000,-1.180000,3.210000,284.709991,85.669998,95593.773438,30.38,106.97,204.919998,PM2.5,9655
148.779999,164.190002,36.980000,23.059999,1.050000,26.389999,-0.850000,2.910000,285.309998,81.970001,96623.429688,30.38,107.13,198.257141,PM2.5,9656
145.990005,162.250000,38.020000,22.340000,1.040000,26.459999,-1.880000,2.720000,285.720001,78.820000,96753.937500,30.37,107.29,194.271439,PM2.5,9657
2.260000,2.500000,0.380000,1.000000,0.120000,76.760002,2.120000,7.950000,265.429993,59.220001,59676.539062,30.39,99.09,3.228571,PM2.5,9845
2.180000,2.410000,0.300000,1.170000,0.120000,77.160004,2.370000,5.330000,265.410004,61.480000,60086.820312,30.4,99.24,3.114286,PM2.5,9846
2.170000,2.390000,0.260000,1.170000,0.120000,77.160004,2.810000,5.090000,264.910004,64.779999,59788.378906,30.4,99.4,3.100000,PM2.5,9847
2.190000,2.400000,0.250000,0.910000,0.120000,75.860001,6.450000,6.400000,261.829987,73.699997,56547.640625,30.41,99.56,3.128572,PM2.5,9848
2.060000,2.260000,0.230000,0.680000,0.110000,78.339996,9.330000,6.520000,262.549988,68.470001,56659.011719,30.42,99.72,2.942857,PM2.5,9849
1.970000,2.160000,0.210000,0.600000,0.110000,79.349998,8.850000,7.340000,264.760010,58.869999,58235.839844,30.42,99.87,2.814286,PM2.5,9850
1.860000,2.040000,0.190000,0.530000,0.110000,81.349998,8.710000,9.170000,265.369995,57.480000,58816.898438,30.43,100.03,2.750000,CO,9851
1.800000,1.960000,0.190000,0.510000,0.110000,82.660004,10.800000,10.460000,265.859985,54.000000,58876.621094,30.44,100.19,2.750000,CO,9852
1.810000,1.950000,0.200000,0.630000,0.120000,81.620003,9.210000,7.380000,268.760010,43.470001,61154.550781,30.44,100.35,3.000000,CO,9853
2.400000,2.760000,0.230000,1.010000,0.120000,77.000000,3.770000,2.850000,271.690002,36.919998,64701.140625,30.45,100.5,3.428571,PM2.5,9854
2.810000,3.270000,0.260000,1.070000,0.130000,79.059998,1.880000,3.520000,270.359985,39.840000,63584.769531,30.45,100.66,4.014286,PM2.5,9855
3.810000,4.570000,0.330000,1.250000,0.130000,76.949997,2.130000,4.730000,268.769989,43.599998,62146.660156,30.46,100.82,5.442857,PM2.5,9856
4.880000,5.970000,0.390000,1.450000,0.140000,76.250000,1.540000,5.570000,269.459991,42.660000,63267.171875,30.46,100.98,6.971429,PM2.5,9857
4.650000,5.610000,0.400000,1.580000,0.140000,75.489998,3.690000,7.250000,268.170013,46.119999,61684.601562,30.47,101.13,6.642857,PM2.5,9858
4.720000,5.720000,0.420000,1.560000,0.140000,75.720001,6.610000,7.440000,269.000000,43.610001,62103.250000,30.47,101.29,6.742857,PM2.5,9859
4.590000,5.560000,0.430000,1.520000,0.140000,74.480003,6.150000,7.100000,270.359985,40.400002,63341.691406,30.48,101.45,6.557143,PM2.5,9860
3.740000,4.470000,0.380000,1.290000,0.130000,75.919998,6.600000,7.650000,268.489990,43.910000,61495.628906,30.48,101.61,5.342857,PM2.5,9861
3.680000,4.250000,0.420000,1.110000,0.130000,78.540001,10.630000,7.910000,267.510010,45.799999,60001.000000,30.49,101.76,5.257143,PM2.5,9862
9.260000,10.360000,1.930000,1.290000,0.170000,75.089996,7.730000,5.680000,271.470001,36.750000,63257.378906,30.49,101.92,13.228572,PM2.5,9863
36.869999,40.349998,8.610000,1.940000,0.340000,71.269997,-1.800000,5.190000,274.790009,46.349998,69277.500000,30.5,102.08,52.337498,PM2.5,9864
47.320000,51.770000,8.990000,2.290000,0.420000,75.430000,-2.190000,5.630000,271.459991,59.490002,66444.023438,30.5,102.24,65.400002,PM2.5,9865
52.990002,59.040001,8.190000,2.910000,0.480000,76.550003,3.860000,7.920000,268.540009,62.830002,62346.480469,30.5,102.4,72.487503,PM2.5,9866
90.860001,102.269997,12.120000,7.490000,0.800000,73.389999,1.550000,3.790000,271.209991,74.139999,67600.171875,30.51,102.55,119.824997,PM2.5,9867
115.510002,130.910004,15.460000,12.870000,1.000000,69.370003,-1.910000,1.280000,273.230011,90.320000,75968.281250,30.51,102.71,150.728577,PM2.5,9868
110.190002,126.080002,15.120000,14.330000,0.980000,68.349998,-1.140000,1.170000,275.989990,82.250000,80470.296875,30.51,102.87,143.987503,PM2.5,9869
108.000000,124.139999,15.360000,16.490000,0.980000,65.370003,-1.620000,0.160000,278.279999,74.910004,84215.406250,30.51,103.03,141.250000,PM2.5,9870
112.089996,129.860001,16.219999,20.940001,1.020000,60.419998,-1.380000,-1.840000,281.579987,63.610001,88949.890625,30.52,103.18,146.362488,PM2.5,9871
127.839996,149.429993,18.889999,30.059999,1.170000,52.070000,-0.690000,-3.050000,284.540009,55.689999,93417.703125,30.52,103.34,168.342850,PM2.5,9872
155.529999,184.639999,24.459999,46.320000,1.440000,42.439999,-0.100000,-3.330000,285.950012,53.009998,95959.039062,30.52,103.5,205.529999,PM2.5,9873
205.550003,245.690002,35.240002,75.110001,1.970000,30.000000,-0.590000,-2.960000,285.579987,56.049999,96363.609375,30.52,103.66,255.550003,PM2.5,9874
242.080002,286.040009,45.700001,90.940002,2.390000,27.320000,-1.540000,-2.640000,285.380005,58.139999,96588.406250,30.52,103.82,292.080017,PM2.5,9875
260.899994,299.880005,52.049999,98.480003,2.610000,27.590000,-2.570000,-2.370000,285.350006,59.049999,96606.507812,30.53,103.97,310.899994,PM2.5,9876
258.010010,293.239990,50.790001,95.260002,2.620000,27.750000,-3.260000,-2.320000,284.980011,60.880001,95880.281250,30.53,104.13,308.010010,PM2.5,9877
191.119995,229.990005,26.510000,46.779999,2.000000,36.599998,-2.870000,-2.860000,284.410004,63.000000,95003.000000,30.53,104.29,241.119995,PM2.5,9878
190.820007,227.669998,25.719999,43.660000,2.010000,39.599998,-2.120000,-3.660000,284.899994,61.939999,95771.539062,30.53,104.45,240.820007,PM2.5,9879
187.830002,219.660004,23.809999,37.549999,1.940000,43.520000,-2.090000,-3.760000,285.489990,61.340000,96875.726562,30.53,104.61,237.830002,PM2.5,9880
179.080002,205.880005,21.010000,26.200001,1.790000,48.150002,-2.310000,-3.640000,285.510010,62.790001,97072.687500,30.53,104.76,229.080002,PM2.5,9881
183.220001,208.080002,21.080000,24.230000,1.760000,49.259998,-2.160000,-3.500000,285.540009,64.430000,97165.140625,30.53,104.92,233.220001,PM2.5,9882
191.320007,216.539993,23.129999,25.559999,1.810000,48.480000,-1.850000,-3.120000,285.739990,65.440002,97450.523438,30.53,105.08,241.320007,PM2.5,9883
192.660004,216.500000,25.309999,27.170000,1.820000,47.270000,-1.660000,-2.820000,286.179993,65.690002,97698.890625,30.53,105.24,242.660004,PM2.5,9884
185.039993,206.720001,26.379999,25.850000,1.750000,47.060001,-1.910000,-2.390000,286.559998,65.599998,97872.070312,30.53,105.39,235.039993,PM2.5,9885
176.160004,195.610001,27.260000,24.200001,1.660000,45.700001,-2.300000,-1.950000,286.609985,66.250000,97867.226562,30.53,105.55,226.160004,PM2.5,9886
163.850006,180.880005,28.860001,22.790001,1.530000,43.040001,-2.200000,-1.750000,286.529999,67.489998,97755.617188,30.53,105.71,213.850006,PM2.5,9887
151.250000,165.880005,31.250000,22.450001,1.360000,40.029999,-1.740000,-1.620000,286.709991,68.150002,98092.343750,30.53,105.87,201.250000,PM2.5,9888
147.250000,158.649994,34.320000,23.660000,1.270000,36.720001,-1.510000,-0.980000,286.910004,69.099998,98446.023438,30.53,106.03,196.071426,PM2.5,9889
149.410004,157.779999,37.660000,26.290001,1.240000,32.860001,-1.930000,-0.350000,286.779999,71.889999,98076.210938,30.52,106.18,199.157150,PM2.5,9890
159.710007,165.119995,41.230000,29.850000,1.290000,27.690001,-2.390000,0.270000,286.250000,75.970001,97429.687500,30.52,106.34,209.710007,PM2.5,9891
164.679993,170.410004,43.990002,31.639999,1.290000,24.090000,-2.070000,0.500000,286.049988,77.849998,97646.843750,30.52,106.5,214.679993,PM2.5,9892
166.330002,173.059998,46.639999,32.830002,1.260000,21.139999,-1.610000,1.640000,286.399994,77.769997,98350.132812,30.52,106.66,216.330002,PM2.5,9893
164.539993,173.589996,45.470001,31.480000,1.230000,20.340000,-1.650000,3.460000,285.820007,80.910004,96934.773438,30.52,106.82,214.539993,PM2.5,9894
156.830002,169.309998,40.130001,27.620001,1.170000,21.990000,-1.650000,3.880000,284.700012,85.220001,95329.906250,30.51,106.97,206.830002,PM2.5,9895
149.339996,164.449997,35.700001,22.850000,1.090000,24.920000,-1.630000,3.520000,284.959991,83.190002,96224.796875,30.51,107.13,199.057144,PM2.5,9896
146.160004,161.649994,35.930000,21.190001,1.070000,25.850000,-2.310000,3.270000,285.420013,80.599998,96647.539062,30.51,107.29,194.514297,PM2.5,9897
2.150000,2.380000,0.330000,0.960000,0.120000,75.510002,1.900000,8.120000,266.440002,53.860001,60295.558594,30.52,99.08,3.071429,PM2.5,10086
2.110000,2.330000,0.280000,1.070000,0.120000,76.800003,1.810000,7.020000,264.040009,64.220001,58562.511719,30.53,99.23,3.014286,PM2.5,10087
2.090000,2.300000,0.250000,1.030000,0.120000,76.989998,3.020000,7.480000,262.630005,72.199997,57617.851562,30.54,99.39,3.000000,CO,10088
2.060000,2.260000,0.230000,0.820000,0.110000,76.260002,7.230000,8.830000,261.200012,73.580002,55945.960938,30.55,99.55,2.942857,PM2.5,10089
1.920000,2.110000,0.210000,0.600000,0.110000,79.459999,10.040000,8.230000,262.790009,64.440002,56741.859375,30.55,99.71,2.750000,CO,10090
1.860000,2.030000,0.200000,0.530000,0.110000,80.419998,10.290000,7.650000,264.440002,56.790001,57703.839844,30.56,99.87,2.750000,CO,10091
1.790000,1.950000,0.190000,0.490000,0.110000,81.610001,10.490000,8.830000,267.119995,49.070000,59863.500000,30.57,100.02,2.750000,CO,10092
1.740000,1.900000,0.190000,0.540000,0.110000,79.889999,8.110000,7.820000,269.940002,42.259998,62306.949219,30.57,100.18,2.750000,CO,10093
1.780000,1.950000,0.190000,0.810000,0.120000,76.379997,4.420000,2.890000,269.630005,42.060001,62312.449219,30.58,100.34,3.000000,CO,10094
1.860000,2.060000,0.190000,0.810000,0.120000,77.550003,3.860000,2.270000,268.480011,44.070000,61281.640625,30.58,100.5,3.000000,CO,10095
2.410000,2.770000,0.230000,0.840000,0.120000,77.040001,4.660000,4.200000,267.519989,46.810001,60714.320312,30.59,100.65,3.442857,PM2.5,10096
3.450000,4.100000,0.290000,1.130000,0.130000,75.790001,3.870000,5.690000,268.380005,44.759998,61794.269531,30.6,100.81,4.928572,PM2.5,10097
4.370000,5.310000,0.350000,1.310000,0.130000,75.730003,2.410000,6.660000,268.869995,43.740002,62529.500000,30.6,100.97,6.242857,PM2.5,10098
4.200000,5.060000,0.360000,1.410000,0.130000,76.320000,4.210000,8.070000,267.269989,48.180000,60564.238281,30.61,101.13,6.000000,PM2.5,10099
4.350000,5.240000,0.380000,1.460000,0.140000,76.220001,6.620000,7.000000,267.859985,47.259998,61010.941406,30.61,101.29,6.214285,PM2.5,10100
4.380000,5.280000,0.410000,1.480000,0.140000,74.239998,6.830000,6.540000,269.440002,43.509998,62725.839844,30.62,101.44,6.257143,PM2.5,10101
3.690000,4.390000,0.380000,1.250000,0.130000,76.800003,8.330000,8.690000,270.559998,39.919998,63437.410156,30.62,101.6,5.271429,PM2.5,10102
4.000000,4.630000,0.440000,1.170000,0.130000,77.370003,9.670000,8.090000,271.720001,35.560001,63611.808594,30.62,101.76,5.714286,PM2.5,10103
15.180000,16.850000,3.270000,1.370000,0.200000,74.000000,4.000000,5.090000,273.299988,36.270000,65459.199219,30.63,101.92,21.685715,PM2.5,10104
33.669998,36.880001,7.660000,1.890000,0.320000,73.010002,-3.270000,5.630000,273.989990,46.840000,68442.093750,30.63,102.08,48.099998,PM2.5,10105
41.500000,45.090000,7.920000,2.090000,0.390000,75.239998,0.220000,6.680000,269.660004,57.880001,63698.050781,30.64,102.23,58.125000,PM2.5,10106
49.820000,55.610001,7.410000,2.760000,0.460000,76.910004,3.990000,7.250000,268.140015,62.930000,61894.808594,30.64,102.39,68.525002,PM2.5,10107
76.620003,86.220001,10.110000,6.030000,0.690000,78.290001,0.070000,2.010000,271.299988,72.059998,68249.898438,30.64,102.55,102.025002,PM2.5,10108
78.300003,88.190002,10.510000,7.470000,0.710000,82.889999,-1.420000,0.200000,271.929993,82.199997,71670.679688,30.65,102.71,104.125000,PM2.5,10109
89.360001,102.470001,12.090000,10.280000,0.810000,71.559998,0.020000,0.450000,272.470001,86.160004,73171.023438,30.65,102.87,117.949997,PM2.5,10110
98.779999,113.809998,14.020000,13.640000,0.900000,66.239998,-0.850000,0.870000,274.429993,84.989998,77633.437500,30.65,103.02,129.725006,PM2.5,10111
107.620003,124.959999,15.680000,18.670000,0.980000,59.770000,-1.630000,-1.100000,278.220001,74.129997,84348.539062,30.65,103.18,140.775009,PM2.5,10112
117.000000,137.660004,17.950001,25.629999,1.080000,52.700001,-0.260000,-2.460000,282.829987,59.830002,91218.062500,30.66,103.34,152.857147,PM2.5,10113
139.419998,166.570007,22.690001,39.250000,1.300000,43.910000,0.640000,-3.020000,285.500000,53.389999,95391.703125,30.66,103.5,184.885712,PM2.5,10114
183.899994,222.039993,33.150002,70.089996,1.800000,29.200001,-0.350000,-2.910000,285.690002,54.779999,96273.953125,30.66,103.66,233.899994,PM2.5,10115
219.300003,263.679993,44.750000,80.650002,2.240000,27.830000,-1.880000,-2.600000,285.149994,57.990002,96144.953125,30.66,103.81,269.299988,PM2.5,10116
241.360001,282.399994,53.750000,89.010002,2.500000,29.990000,-2.770000,-2.500000,284.980011,59.150002,96071.929688,30.66,103.97,291.359985,PM2.5,10117
247.630005,284.619995,55.020000,92.239998,2.590000,30.180000,-3.270000,-2.310000,284.679993,60.950001,96012.976562,30.66,104.13,297.630005,PM2.5,10118
182.009995,220.910004,27.629999,47.240002,1.930000,34.680000,-3.230000,-2.450000,284.269989,62.840000,95389.078125,30.66,104.29,232.009995,PM2.5,10119
182.750000,219.550003,26.379999,43.549999,1.930000,38.189999,-2.610000,-3.050000,284.190002,63.570000,95222.609375,30.67,104.45,232.750000,PM2.5,10120
180.710007,212.199997,24.010000,36.360001,1.850000,42.790001,-2.290000,-3.550000,284.910004,62.299999,96276.343750,30.67,104.6,230.710007,PM2.5,10121
174.119995,200.520004,21.500000,25.879999,1.720000,46.950001,-2.330000,-3.590000,285.119995,63.240002,96919.570312,30.67,104.76,224.119995,PM2.5,10122
180.399994,205.169998,21.330000,24.000000,1.700000,47.849998,-2.160000,-3.470000,285.130005,64.720001,97162.507812,30.67,104.92,230.399994,PM2.5,10123
188.720001,213.809998,23.120001,24.740000,1.760000,47.470001,-2.020000,-3.250000,285.559998,64.930000,97559.476562,30.67,105.08,238.720001,PM2.5,10124
191.630005,215.149994,25.400000,26.790001,1.770000,46.230000,-2.010000,-3.030000,285.920013,65.709999,97717.953125,30.67,105.24,241.630005,PM2.5,10125
185.820007,207.339996,26.309999,25.490000,1.710000,45.889999,-2.270000,-2.400000,286.309998,65.790001,97864.007812,30.67,105.4,235.820007,PM2.5,10126
178.270004,197.860001,26.559999,23.430000,1.630000,44.650002,-2.550000,-2.180000,286.220001,66.930000,97846.703125,30.67,105.55,228.270004,PM2.5,10127
162.240005,179.500000,27.900000,20.870001,1.460000,43.799999,-2.520000,-2.120000,286.179993,67.779999,97647.093750,30.66,105.71,212.240005,PM2.5,10128
149.539993,164.929993,29.879999,20.610001,1.320000,40.939999,-2.010000,-2.170000,286.269989,68.830002,97828.578125,30.66,105.87,199.342850,PM2.5,10129
142.690002,155.789993,33.090000,21.670000,1.240000,38.480000,-1.530000,-1.590000,286.730011,68.900002,98249.281250,30.66,106.03,189.557144,PM2.5,10130
143.860001,155.550003,35.750000,23.549999,1.210000,35.660000,-1.880000,-0.580000,286.600006,71.769997,97962.546875,30.66,106.19,191.228577,PM2.5,10131
154.110001,164.559998,39.209999,26.660000,1.270000,30.840000,-2.420000,0.360000,285.980011,76.000000,97132.320312,30.66,106.34,204.110001,PM2.5,10132
159.850006,170.229996,41.520000,28.440001,1.290000,26.549999,-2.250000,0.430000,285.570007,78.830002,96842.617188,30.66,106.5,209.850006,PM2.5,10133
165.330002,175.990005,45.860001,31.660000,1.300000,21.950001,-1.590000,0.790000,285.720001,79.250000,97452.406250,30.66,106.66,215.330002,PM2.5,10134
166.949997,178.520004,49.880001,33.389999,1.290000,18.400000,-1.270000,2.370000,285.989990,79.720001,97821.007812,30.65,106.82,216.949997,PM2.5,10135
158.699997,172.110001,42.270000,28.730000,1.210000,19.700001,-1.960000,3.490000,285.820007,80.669998,97334.617188,30.65,106.98,208.699997,PM2.5,10136
149.699997,164.889999,34.740002,22.840000,1.120000,23.500000,-2.680000,3.650000,285.220001,81.809998,96643.296875,30.65,107.13,199.571426,PM2.5,10137
145.789993,161.110001,33.919998,20.010000,1.070000,25.709999,-2.890000,3.610000,284.890015,82.470001,96057.007812,30.65,107.29,193.985703,PM2.5,10138
144.199997,159.490005,33.779999,18.129999,1.040000,27.190001,-3.300000,3.790000,285.040009,80.180000,96168.273438,30.64,107.45,191.714279,PM2.5,10139
2.030000,2.250000,0.290000,0.940000,0.120000,74.279999,2.090000,7.050000,268.920013,46.340000,62544.070312,30.66,99.07,3.000000,CO,10327
2.020000,2.230000,0.250000,0.950000,0.120000,75.940002,2.550000,7.390000,264.730011,60.869999,58954.250000,30.67,99.23,3.000000,CO,10328
1.950000,2.150000,0.220000,0.820000,0.110000,78.699997,4.580000,8.570000,262.700012,70.330002,57310.769531,30.67,99.38,2.785714,PM2.5,10329
1.870000,2.060000,0.200000,0.620000,0.110000,79.550003,7.710000,9.760000,263.029999,66.389999,57164.261719,30.68,99.54,2.750000,CO,10330
1.810000,1.980000,0.190000,0.530000,0.110000,80.440002,9.460000,8.680000,264.929993,55.459999,58312.820312,30.69,99.7,2.750000,CO,10331
1.780000,1.950000,0.190000,0.480000,0.110000,80.459999,10.440000,7.680000,264.940002,52.490002,57853.578125,30.7,99.86,2.750000,CO,10332
1.740000,1.890000,0.190000,0.490000,0.110000,79.050003,9.270000,6.590000,268.019989,43.860001,60246.750000,30.7,100.02,2.750000,CO,10333
1.700000,1.860000,0.180000,0.620000,0.110000,76.050003,4.340000,4.850000,271.239990,37.779999,63517.550781,30.71,100.17,2.750000,CO,10334
1.750000,1.920000,0.190000,0.920000,0.120000,77.180000,3.320000,4.020000,268.100006,45.660000,60707.171875,30.71,100.33,3.000000,CO,10335
1.820000,2.010000,0.190000,0.850000,0.120000,77.059998,6.320000,4.720000,265.130005,53.889999,58116.660156,30.72,100.49,3.000000,CO,10336
2.070000,2.330000,0.200000,0.780000,0.120000,75.930000,6.230000,5.030000,266.619995,49.470001,59654.839844,30.73,100.65,3.000000,CO,10337
2.700000,3.140000,0.240000,0.960000,0.120000,74.300003,4.790000,4.840000,267.950012,46.320000,61337.589844,30.73,100.81,3.857143,PM2.5,10338
3.660000,4.390000,0.300000,1.150000,0.130000,75.160004,4.340000,7.040000,268.850006,44.060001,62406.781250,30.74,100.96,5.228571,PM2.5,10339
3.820000,4.570000,0.330000,1.310000,0.130000,75.919998,4.720000,8.230000,269.829987,41.110001,62557.191406,30.74,101.12,5.457143,PM2.5,10340
4.050000,4.850000,0.360000,1.400000,0.130000,75.519997,5.810000,6.670000,268.160004,46.360001,61100.300781,30.75,101.28,5.785715,PM2.5,10341
4.070000,4.870000,0.370000,1.410000,0.130000,74.860001,7.730000,5.720000,267.390015,49.040001,60510.339844,30.75,101.44,5.814286,PM2.5,10342
3.710000,4.400000,0.380000,1.270000,0.130000,75.870003,9.120000,7.550000,271.140015,39.150002,63767.039062,30.76,101.6,5.300000,PM2.5,10343
11.180000,12.420000,2.000000,1.340000,0.170000,73.980003,6.230000,4.700000,276.339996,30.389999,69011.710938,30.76,101.75,15.971429,PM2.5,10344
18.770000,20.650000,3.970000,1.450000,0.230000,73.690002,-0.070000,4.910000,277.109985,33.259998,70466.882812,30.76,101.91,26.814287,PM2.5,10345
28.879999,31.700001,6.350000,1.730000,0.290000,74.430000,-2.530000,6.580000,273.429993,44.910000,67353.796875,30.77,102.07,41.257141,PM2.5,10346
36.070000,39.709999,6.460000,1.890000,0.350000,75.830002,2.480000,8.300000,269.480011,52.910000,62981.519531,30.77,102.23,51.337502,PM2.5,10347
43.970001,49.360001,6.350000,2.500000,0.420000,77.529999,4.340000,7.220000,268.049988,60.459999,61480.230469,30.77,102.39,61.212502,PM2.5,10348
62.340000,70.290001,8.100000,4.750000,0.580000,80.139999,0.690000,2.830000,268.880005,72.300003,64439.378906,30.78,102.55,84.175003,PM2.5,10349
51.529999,58.189999,6.700000,4.710000,0.500000,82.010002,0.260000,0.440000,269.369995,72.540001,65486.800781,30.78,102.7,70.662498,PM2.5,10350
65.269997,74.559998,8.510000,6.750000,0.610000,75.669998,3.880000,1.910000,268.119995,79.120003,63923.781250,30.78,102.86,87.837494,PM2.5,10351
88.230003,102.279999,12.070000,11.110000,0.810000,67.389999,2.290000,2.700000,270.329987,88.300003,69062.843750,30.79,103.02,116.537506,PM2.5,10352
103.440002,120.839996,15.260000,16.770000,0.950000,58.919998,-1.810000,-0.210000,275.839996,81.440002,80950.218750,30.79,103.18,135.550003,PM2.5,10353
108.400002,128.300003,17.309999,21.400000,1.010000,54.160000,-0.330000,-1.630000,282.190002,60.720001,90624.726562,30.79,103.34,141.750000,PM2.5,10354
127.279999,154.270004,21.260000,33.150002,1.210000,44.389999,0.700000,-2.620000,285.160004,53.209999,94811.171875,30.79,103.5,167.542862,PM2.5,10355
158.880005,194.399994,28.700001,58.549999,1.590000,29.910000,-0.510000,-3.050000,285.679993,53.299999,95891.648438,30.8,103.65,208.880005,PM2.5,10356
181.550003,222.110001,36.410000,69.540001,1.900000,26.320000,-2.000000,-2.750000,285.100006,56.380001,95872.187500,30.8,103.81,231.550003,PM2.5,10357
194.389999,235.850006,41.200001,71.220001,2.080000,28.180000,-2.840000,-2.550000,284.790009,58.209999,95745.929688,30.8,103.97,244.389999,PM2.5,10358
205.190002,246.009995,42.570000,77.010002,2.210000,28.580000,-3.120000,-2.440000,284.850006,59.040001,96051.617188,30.8,104.13,255.190002,PM2.5,10359
174.679993,212.839996,28.639999,47.700001,1.870000,33.630001,-3.220000,-2.520000,284.760010,60.349998,95999.906250,30.8,104.29,224.679993,PM2.5,10360
174.850006,210.410004,26.990000,42.119999,1.850000,37.840000,-2.920000,-2.820000,284.480011,61.980000,95764.789062,30.8,104.45,224.850006,PM2.5,10361
170.199997,200.619995,23.559999,31.910000,1.740000,43.669998,-2.530000,-3.390000,284.899994,61.150002,96201.007812,30.8,104.6,220.199997,PM2.5,10362
163.690002,188.789993,21.610001,24.180000,1.590000,47.639999,-2.200000,-3.260000,285.040009,62.150002,96682.953125,30.8,104.76,213.690002,PM2.5,10363
168.050003,191.429993,21.320000,22.000000,1.570000,49.130001,-1.990000,-3.100000,285.089996,63.520000,96940.820312,30.8,104.92,218.050003,PM2.5,10364
177.080002,201.240005,22.850000,22.590000,1.630000,48.619999,-2.030000,-3.020000,285.440002,63.779999,97196.367188,30.8,105.08,227.080002,PM2.5,10365
180.589996,203.179993,25.160000,24.660000,1.640000,47.169998,-2.010000,-2.890000,285.779999,64.800003,97499.593750,30.8,105.24,230.589996,PM2.5,10366
175.690002,196.389999,25.860001,23.129999,1.580000,46.799999,-2.470000,-2.660000,286.309998,64.849998,97804.460938,30.8,105.4,225.690002,PM2.5,10367
170.880005,189.470001,25.950001,21.139999,1.510000,45.430000,-2.990000,-2.560000,286.170013,66.559998,97825.210938,30.8,105.55,220.880005,PM2.5,10368
160.179993,177.320007,27.160000,19.350000,1.400000,44.009998,-2.920000,-2.670000,285.989990,67.769997,97691.632812,30.8,105.71,210.179993,PM2.5,10369
149.750000,165.949997,29.150000,19.309999,1.290000,41.090000,-2.270000,-2.580000,285.829987,69.410004,97691.070312,30.8,105.87,199.642853,PM2.5,10370
143.429993,158.210007,32.360001,20.879999,1.230000,38.110001,-1.540000,-2.090000,286.309998,69.540001,98065.507812,30.8,106.03,190.614273,PM2.5,10371
139.369995,153.289993,34.070000,21.580000,1.170000,37.220001,-1.840000,-0.970000,286.769989,70.410004,98333.460938,30.8,106.19,184.814285,PM2.5,10372
147.050003,160.979996,36.299999,23.160000,1.210000,34.090000,-2.500000,0.230000,286.329987,74.160004,97716.328125,30.8,106.35,195.785721,PM2.5,10373
154.539993,168.330002,38.439999,25.150000,1.250000,29.500000,-2.600000,0.660000,285.510010,78.139999,96772.757812,30.79,106.5,204.539993,PM2.5,10374
162.699997,177.139999,42.750000,28.809999,1.290000,23.650000,-2.060000,0.720000,285.269989,80.110001,96848.007812,30.79,106.66,212.699997,PM2.5,10375
168.330002,183.229996,48.730000,31.780001,1.310000,19.350000,-1.820000,1.340000,286.079987,78.470001,98223.289062,30.79,106.82,218.330002,PM2.5,10376
162.479996,177.369995,42.790001,28.780001,1.250000,19.309999,-2.650000,2.340000,286.109985,79.260002,98044.453125,30.79,106.98,212.479996,PM2.5,10377
152.199997,167.380005,34.730000,22.530001,1.150000,22.910000,-3.040000,3.460000,284.839996,82.940002,96092.289062,30.78,107.14,202.199997,PM2.5,10378
147.330002,162.539993,33.669998,19.250000,1.080000,25.430000,-3.070000,3.780000,284.869995,81.769997,96146.773438,30.78,107.3,196.185715,PM2.5,10379
145.429993,160.559998,34.570000,17.870001,1.050000,26.660000,-3.850000,3.890000,285.079987,78.769997,96368.398438,30.78,107.45,193.471420,PM2.5,10380
1.910000,2.130000,0.190000,0.610000,0.110000,70.349998,2.570000,4.970000,269.619995,44.180000,63507.328125,30.79,98.9,2.750000,CO,10567
1.950000,2.160000,0.270000,0.900000,0.120000,73.269997,2.150000,6.220000,268.809998,46.750000,62664.839844,30.8,99.06,3.000000,CO,10568
1.930000,2.140000,0.230000,0.840000,0.110000,75.260002,4.120000,7.440000,264.339996,61.910000,58532.519531,30.8,99.22,2.757143,PM2.5,10569
1.840000,2.030000,0.200000,0.660000,0.110000,78.519997,6.630000,8.140000,263.589996,66.160004,57754.039062,30.81,99.38,2.750000,CO,10570
1.780000,1.950000,0.190000,0.570000,0.110000,79.870003,7.940000,8.200000,265.149994,59.660000,58760.320312,30.82,99.53,2.750000,CO,10571
1.740000,1.910000,0.190000,0.530000,0.110000,80.080002,8.520000,6.920000,266.529999,52.500000,59656.429688,30.82,99.69,2.750000,CO,10572
1.730000,1.890000,0.190000,0.510000,0.110000,79.320000,9.320000,5.870000,266.399994,49.549999,59192.101562,30.83,99.85,2.750000,CO,10573
1.710000,1.870000,0.190000,0.620000,0.110000,76.480003,7.720000,3.740000,268.079987,43.480000,60509.980469,30.84,100.01,2.750000,CO,10574
1.690000,1.850000,0.190000,0.880000,0.120000,74.540001,3.730000,4.050000,271.359985,36.740002,63747.949219,30.84,100.17,3.000000,CO,10575
1.710000,1.870000,0.190000,0.970000,0.120000,75.910004,3.660000,6.010000,269.799988,40.660000,62109.441406,30.85,100.32,3.000000,CO,10576
1.760000,1.940000,0.190000,0.920000,0.120000,76.010002,6.180000,5.400000,266.799988,48.840000,59374.789062,30.86,100.48,3.000000,CO,10577
1.930000,2.150000,0.200000,0.900000,0.120000,75.360001,6.010000,4.130000,266.649994,50.160000,59741.320312,30.86,100.64,3.000000,CO,10578
2.290000,2.610000,0.220000,0.940000,0.120000,74.680000,5.830000,4.820000,266.410004,51.150002,59625.160156,30.87,100.8,3.271429,PM2.5,10579
2.870000,3.370000,0.250000,1.050000,0.130000,74.019997,5.920000,6.420000,269.329987,43.130001,62360.960938,30.87,100.96,4.100000,PM2.5,10580
3.410000,4.050000,0.310000,1.400000,0.130000,73.250000,3.810000,5.580000,273.019989,35.160000,65994.593750,30.88,101.12,4.871428,PM2.5,10581
3.680000,4.370000,0.330000,1.320000,0.130000,74.059998,3.890000,5.830000,269.359985,43.470001,62542.640625,30.88,101.27,5.257143,PM2.5,10582
3.640000,4.330000,0.330000,1.260000,0.130000,74.720001,8.100000,5.900000,266.010010,52.759998,59153.238281,30.89,101.43,5.200000,PM2.5,10583
3.980000,4.670000,0.460000,1.240000,0.130000,73.989998,8.610000,5.600000,269.529999,42.680000,61871.500000,30.89,101.59,5.685714,PM2.5,10584
15.860000,17.490000,3.090000,1.510000,0.210000,72.879997,3.570000,2.740000,275.320007,34.779999,68669.476562,30.9,101.75,22.657143,PM2.5,10585
18.350000,20.209999,3.760000,1.530000,0.220000,73.690002,-0.460000,5.610000,276.609985,35.160000,70605.226562,30.9,101.91,26.214287,PM2.5,10586
24.860001,27.260000,5.300000,1.520000,0.260000,73.760002,1.140000,8.090000,271.649994,45.340000,64906.250000,30.9,102.07,35.514286,PM2.5,10587
30.570000,33.939999,5.290000,1.710000,0.320000,77.360001,5.230000,8.450000,270.709991,45.779999,63525.269531,30.91,102.23,43.671429,PM2.5,10588
39.020000,44.200001,5.570000,2.400000,0.390000,77.919998,3.780000,6.880000,271.769989,46.950001,64649.968750,30.91,102.38,55.025002,PM2.5,10589
53.500000,61.119999,6.870000,4.320000,0.520000,79.930000,0.430000,5.290000,269.100006,62.830002,63243.519531,30.91,102.54,73.125000,PM2.5,10590
47.430000,54.380001,6.040000,4.530000,0.470000,79.279999,2.860000,3.350000,266.799988,73.339996,61507.859375,30.92,102.7,65.537498,PM2.5,10591
54.740002,63.080002,6.850000,5.520000,0.530000,76.959999,6.610000,5.210000,267.029999,71.080002,61168.121094,30.92,102.86,74.675003,PM2.5,10592
80.230003,93.279999,10.810000,9.500000,0.750000,68.120003,2.350000,4.260000,269.989990,81.300003,67119.273438,30.92,103.02,106.537506,PM2.5,10593
97.470001,114.220001,14.750000,13.600000,0.890000,61.480000,-1.980000,0.300000,273.730011,87.800003,77827.687500,30.93,103.18,128.087494,PM2.5,10594
103.650002,124.070000,16.730000,18.180000,0.980000,55.270000,-0.570000,-0.300000,279.500000,68.440002,86732.070312,30.93,103.33,135.812500,PM2.5,10595
118.029999,144.580002,19.730000,27.620001,1.140000,45.830002,-0.090000,-1.370000,283.170013,57.990002,91753.523438,30.93,103.49,154.328568,PM2.5,10596
133.339996,164.589996,23.080000,42.389999,1.360000,36.090000,-0.610000,-2.460000,284.779999,54.000000,94288.898438,30.93,103.65,176.199997,PM2.5,10597
146.440002,180.190002,27.770000,54.830002,1.540000,30.040001,-1.740000,-2.740000,285.170013,53.849998,95384.843750,30.93,103.81,194.914291,PM2.5,10598
155.009995,191.899994,28.889999,54.500000,1.660000,29.650000,-2.590000,-2.720000,285.089996,55.200001,95677.921875,30.93,103.97,205.009995,PM2.5,10599
170.309998,211.539993,30.040001,54.410000,1.840000,29.700001,-2.840000,-2.380000,284.799988,57.380001,95946.656250,30.94,104.13,220.309998,PM2.5,10600
168.479996,205.679993,29.350000,47.680000,1.810000,32.660000,-3.220000,-2.470000,284.760010,58.700001,95992.070312,30.94,104.29,218.479996,PM2.5,10601
168.059998,202.369995,27.350000,40.910000,1.760000,37.080002,-3.200000,-2.870000,284.589996,60.299999,95937.773438,30.94,104.44,218.059998,PM2.5,10602
164.389999,193.330002,23.129999,28.920000,1.650000,43.299999,-2.560000,-3.380000,284.529999,60.910000,95912.976562,30.94,104.6,214.389999,PM2.5,10603
153.699997,176.919998,21.530001,22.629999,1.470000,48.110001,-2.070000,-3.190000,284.869995,61.439999,96408.843750,30.94,104.76,203.699997,PM2.5,10604
155.690002,176.529999,21.240000,19.900000,1.420000,50.160000,-2.030000,-3.100000,285.089996,62.500000,96874.296875,30.94,104.92,205.690002,PM2.5,10605
163.789993,184.839996,22.570000,20.000000,1.470000,49.820000,-2.160000,-2.950000,285.269989,63.430000,96925.273438,30.94,105.08,213.789993,PM2.5,10606
167.029999,186.720001,24.690001,21.410000,1.470000,48.520000,-2.450000,-2.920000,285.549988,64.570000,97129.179688,30.94,105.24,217.029999,PM2.5,10607
169.020004,187.149994,25.520000,20.690001,1.460000,47.240002,-2.920000,-3.200000,285.799988,65.820000,97390.382812,30.94,105.4,219.020004,PM2.5,10608
163.940002,180.380005,25.340000,18.150000,1.400000,47.130001,-3.350000,-3.050000,285.779999,67.279999,97299.632812,30.94,105.56,213.940002,PM2.5,10609
157.740005,173.479996,26.580000,17.260000,1.340000,45.099998,-3.020000,-3.320000,285.369995,69.209999,97138.679688,30.94,105.71,207.740005,PM2.5,10610
146.440002,161.820007,28.790001,17.180000,1.220000,43.099998,-1.980000,-2.830000,285.470001,69.519997,97460.593750,30.94,105.87,194.914291,PM2.5,10611
139.729996,155.020004,31.889999,18.700001,1.160000,40.259998,-1.460000,-2.130000,286.160004,68.660004,98038.960938,30.93,106.03,185.328568,PM2.5,10612
136.070007,150.929993,32.700001,19.260000,1.120000,38.689999,-2.020000,-1.260000,286.739990,69.120003,98378.812500,30.93,106.19,180.100006,PM2.5,10613
138.820007,153.639999,33.570000,19.590000,1.120000,37.119999,-2.760000,-0.160000,286.679993,71.559998,98226.726562,30.93,106.35,184.028580,PM2.5,10614
147.369995,162.539993,35.599998,21.480000,1.170000,32.610001,-3.060000,0.480000,286.100006,74.910004,97596.656250,30.93,106.51,196.242844,PM2.5,10615
156.449997,172.110001,39.130001,24.639999,1.230000,26.959999,-3.100000,0.710000,285.709991,77.830002,97333.046875,30.93,106.67,206.449997,PM2.5,10616
166.850006,183.130005,43.759998,27.510000,1.300000,22.049999,-3.020000,0.680000,286.029999,78.370003,98231.023438,30.93,106.82,216.850006,PM2.5,10617
165.460007,180.850006,40.959999,26.200001,1.270000,21.330000,-3.000000,1.480000,285.790009,79.930000,97791.281250,30.92,106.98,215.460007,PM2.5,10618
155.119995,169.360001,35.689999,21.549999,1.160000,24.030001,-2.980000,3.010000,284.989990,81.779999,96346.429688,30.92,107.14,205.119995,PM2.5,10619
151.270004,165.460007,35.410000,18.459999,1.110000,26.180000,-3.550000,3.300000,285.269989,79.680000,96950.726562,30.92,107.3,201.270004,PM2.5,10620
149.580002,163.779999,37.869999,17.650000,1.080000,27.260000,-4.550000,3.470000,285.230011,77.279999,96800.273438,30.91,107.46,199.400009,PM2.5,10621
149.919998,164.190002,41.270000,17.950001,1.070000,27.709999,-4.750000,2.710000,284.480011,78.199997,95938.210938,30.91,107.62,199.885712,PM2.5,10622
155.250000,170.039993,47.939999,20.040001,1.110000,26.730000,-4.660000,1.100000,284.320007,78.000000,96016.460938,30.91,107.77,205.250000,PM2.5,10623
153.679993,168.080002,53.220001,20.700001,1.080000,27.240000,-5.470000,0.910000,284.410004,75.940002,96054.460938,30.9,107.93,203.679993,PM2.5,10624
1.820000,2.020000,0.170000,0.640000,0.110000,72.650002,1.370000,4.610000,268.209991,50.130001,62219.820312,30.92,98.89,2.750000,CO,10809
1.830000,2.030000,0.230000,0.750000,0.110000,74.040001,3.030000,6.410000,267.029999,54.119999,61168.031250,30.93,99.05,2.750000,CO,10810
1.790000,1.990000,0.210000,0.680000,0.110000,76.279999,5.400000,7.470000,265.390015,59.310001,59389.300781,30.94,99.21,2.750000,CO,10811
1.750000,1.930000,0.190000,0.570000,0.110000,78.330002,7.380000,6.990000,265.179993,60.029999,58935.519531,30.95,99.37,2.750000,CO,10812
1.710000,1.880000,0.190000,0.550000,0.110000,78.959999,7.770000,6.110000,266.359985,55.400002,59684.558594,30.95,99.53,2.750000,CO,10813
1.700000,1.870000,0.190000,0.570000,0.110000,78.820000,7.470000,5.150000,266.470001,54.590000,59739.828125,30.96,99.68,2.750000,CO,10814
1.710000,1.880000,0.190000,0.570000,0.110000,78.459999,8.190000,4.040000,265.380005,57.299999,58806.300781,30.97,99.84,2.750000,CO,10815
1.710000,1.880000,0.190000,0.630000,0.110000,77.050003,8.520000,2.950000,265.470001,54.939999,58605.179688,30.97,100.0,2.750000,CO,10816
1.690000,1.850000,0.190000,0.830000,0.110000,73.870003,5.820000,3.570000,269.630005,42.299999,62325.359375,30.98,100.16,2.750000,CO,10817
1.670000,1.830000,0.200000,1.030000,0.120000,74.419998,3.520000,4.920000,272.279999,36.040001,64808.230469,30.99,100.32,3.000000,CO,10818
1.730000,1.900000,0.190000,0.990000,0.120000,75.650002,4.550000,4.740000,268.380005,45.740002,61162.429688,30.99,100.48,3.000000,CO,10819
1.820000,2.010000,0.190000,0.890000,0.120000,75.750000,6.630000,4.480000,265.390015,55.910000,58670.550781,31.0,100.63,3.000000,CO,10820
2.030000,2.280000,0.210000,0.930000,0.120000,75.040001,7.040000,5.620000,267.000000,50.630001,59736.171875,31.0,100.79,3.000000,CO,10821
2.600000,3.010000,0.250000,1.180000,0.130000,73.589996,3.710000,4.940000,270.640015,41.320000,63420.789062,31.01,100.95,3.714286,PM2.5,10822
2.940000,3.420000,0.310000,1.650000,0.130000,76.129997,0.810000,3.440000,271.239990,40.570000,64846.800781,31.01,101.11,4.200000,PM2.5,10823
3.230000,3.800000,0.300000,1.280000,0.130000,74.620003,3.770000,5.750000,266.940002,51.450001,60596.828125,31.02,101.27,4.614286,PM2.5,10824
3.180000,3.740000,0.300000,1.150000,0.130000,75.470001,8.250000,6.340000,266.549988,51.580002,59692.421875,31.02,101.43,4.542857,PM2.5,10825
3.240000,3.800000,0.330000,1.110000,0.130000,74.180000,7.910000,4.220000,268.700012,45.340000,61382.128906,31.03,101.59,4.628572,PM2.5,10826
8.490000,9.450000,1.540000,1.370000,0.160000,72.580002,4.830000,3.700000,270.589996,44.220001,63576.300781,31.03,101.75,12.128572,PM2.5,10827
16.540001,18.190001,3.490000,1.520000,0.210000,74.910004,2.640000,6.400000,273.380005,41.119999,67145.726562,31.04,101.9,23.628572,PM2.5,10828
21.950001,24.180000,4.620000,1.440000,0.250000,73.870003,3.140000,8.140000,273.510010,39.470001,66460.570312,31.04,102.06,31.357143,PM2.5,10829
28.670000,32.099998,4.810000,1.820000,0.310000,77.199997,4.000000,5.340000,273.059998,41.110001,65998.718750,31.04,102.22,40.957142,PM2.5,10830
36.209999,41.389999,5.160000,2.560000,0.380000,78.639999,2.080000,4.310000,274.070007,42.130001,67508.718750,31.05,102.38,51.512497,PM2.5,10831
44.270000,50.869999,5.560000,3.680000,0.460000,81.230003,0.280000,5.890000,271.640015,50.470001,65245.539062,31.05,102.54,61.587502,PM2.5,10832
41.500000,47.880001,5.120000,3.880000,0.430000,78.519997,4.330000,5.200000,266.489990,67.709999,60519.078125,31.05,102.7,58.125000,PM2.5,10833
45.400002,52.660000,5.470000,4.460000,0.460000,77.820000,7.920000,4.910000,266.799988,63.970001,60186.531250,31.06,102.86,63.000000,PM2.5,10834
67.339996,78.400002,8.720000,7.380000,0.640000,70.339996,2.810000,4.150000,269.859985,73.959999,65778.718750,31.06,103.01,90.424995,PM2.5,10835
79.919998,92.910004,12.220000,9.190000,0.740000,67.660004,-0.750000,1.320000,270.940002,91.419998,71891.843750,31.06,103.17,106.149994,PM2.5,10836
90.489998,106.980003,14.510000,13.150000,0.850000,59.939999,-0.450000,1.690000,274.250000,87.760002,78726.828125,31.06,103.33,119.362495,PM2.5,10837
95.739998,115.339996,16.530001,17.920000,0.920000,53.160000,-0.540000,0.260000,279.700012,68.209999,86808.250000,31.07,103.49,125.924995,PM2.5,10838
93.690002,115.540001,16.290001,22.440001,0.980000,48.610001,-0.480000,-0.750000,283.079987,57.290001,91734.187500,31.07,103.65,123.362503,PM2.5,10839
101.480003,125.379997,17.830000,27.379999,1.070000,43.810001,-1.660000,-1.560000,284.369995,53.700001,93617.476562,31.07,103.81,133.100006,PM2.5,10840
120.800003,148.910004,22.430000,36.090000,1.280000,36.520000,-2.330000,-2.770000,284.850006,53.750000,94711.687500,31.07,103.97,158.285721,PM2.5,10841
147.360001,182.389999,27.530001,44.299999,1.580000,32.500000,-2.280000,-2.170000,284.839996,55.560001,95663.773438,31.07,104.13,196.228577,PM2.5,10842
152.259995,186.190002,28.400000,43.369999,1.620000,34.209999,-2.970000,-2.060000,284.929993,56.470001,96120.093750,31.07,104.29,202.259995,PM2.5,10843
152.460007,183.809998,26.809999,37.770000,1.590000,38.000000,-3.310000,-2.490000,284.750000,58.070000,95785.210938,31.07,104.44,202.460007,PM2.5,10844
146.460007,172.080002,23.000000,26.889999,1.450000,44.090000,-2.720000,-2.840000,284.369995,60.700001,95647.726562,31.07,104.6,194.942871,PM2.5,10845
141.660004,162.720001,20.990000,20.930000,1.320000,48.400002,-2.290000,-3.090000,284.779999,61.110001,96368.031250,31.07,104.76,188.085724,PM2.5,10846
142.539993,160.300003,20.450001,17.639999,1.260000,50.750000,-2.270000,-3.230000,285.109985,61.490002,96928.046875,31.07,104.92,189.342850,PM2.5,10847
144.800003,161.320007,21.660000,16.600000,1.250000,51.279999,-2.330000,-2.980000,285.109985,63.049999,96814.546875,31.07,105.08,192.571426,PM2.5,10848
148.669998,164.070007,22.760000,16.450001,1.250000,50.560001,-2.810000,-2.830000,285.260010,64.540001,96823.617188,31.07,105.24,198.099991,PM2.5,10849
153.919998,168.559998,23.490000,16.219999,1.270000,49.029999,-3.310000,-3.190000,285.230011,66.709999,96824.601562,31.07,105.4,203.919998,PM2.5,10850
155.160004,168.970001,23.990000,15.140000,1.270000,48.200001,-3.470000,-3.380000,284.899994,69.480003,96301.828125,31.07,105.56,205.160004,PM2.5,10851
155.160004,168.789993,25.410000,15.220000,1.260000,45.250000,-2.910000,-3.490000,284.369995,72.180000,96137.492188,31.07,105.71,205.160004,PM2.5,10852
143.880005,157.610001,27.049999,14.800000,1.160000,43.660000,-1.810000,-3.170000,284.920013,70.410004,96994.617188,31.07,105.87,191.257156,PM2.5,10853
130.720001,144.470001,28.790001,14.590000,1.040000,43.299999,-1.590000,-2.380000,285.880005,68.050003,97895.218750,31.07,106.03,172.457138,PM2.5,10854
125.739998,139.839996,30.040001,15.370000,0.990000,41.639999,-2.280000,-1.390000,286.440002,68.370003,98076.000000,31.07,106.19,165.342850,PM2.5,10855
129.240005,143.669998,31.870001,17.070000,1.010000,38.490002,-3.110000,-0.610000,286.459991,70.860001,97985.117188,31.07,106.35,170.342865,PM2.5,10856
138.809998,154.199997,34.400002,19.430000,1.080000,33.119999,-3.680000,-0.140000,286.239990,73.879997,97915.523438,31.07,106.51,184.014282,PM2.5,10857
145.610001,161.929993,36.750000,21.440001,1.120000,28.459999,-4.150000,0.320000,286.029999,76.650002,97910.046875,31.06,106.67,193.728577,PM2.5,10858
150.210007,167.089996,38.799999,22.620001,1.140000,24.980000,-4.100000,0.260000,285.720001,79.500000,97954.148438,31.06,106.83,200.210007,PM2.5,10859
150.460007,166.509995,36.540001,21.540001,1.130000,24.160000,-3.580000,0.550000,285.640015,80.129997,97946.890625,31.06,106.99,200.460007,PM2.5,10860
146.399994,161.360001,35.040001,18.770000,1.090000,26.139999,-3.790000,1.580000,285.760010,78.550003,97934.843750,31.06,107.14,194.857132,PM2.5,10861
145.850006,160.649994,37.369999,17.889999,1.070000,27.549999,-4.670000,2.070000,285.769989,76.500000,97962.117188,31.05,107.3,194.071442,PM2.5,10862
146.949997,161.589996,40.930000,17.940001,1.060000,28.389999,-5.870000,2.520000,285.279999,75.599998,97261.789062,31.05,107.46,195.642853,PM2.5,10863
148.770004,163.199997,44.730000,18.240000,1.060000,29.059999,-6.710000,2.060000,284.279999,77.910004,96281.578125,31.05,107.62,198.242859,PM2.5,10864
148.970001,162.869995,45.220001,16.980000,1.050000,31.030001,-6.580000,0.880000,283.720001,79.139999,95905.687500,31.04,107.78,198.528580,PM2.5,10865
147.809998,161.289993,47.919998,17.040001,1.030000,32.040001,-6.590000,0.470000,284.089996,76.230003,96407.367188,31.04,107.94,196.871429,PM2.5,10866
1.800000,2.010000,0.190000,0.730000,0.110000,75.690002,1.310000,5.070000,267.540009,54.220001,61800.429688,31.06,98.88,2.750000,CO,11055
1.760000,1.960000,0.210000,0.740000,0.110000,76.550003,3.660000,6.520000,266.529999,58.860001,60875.140625,31.07,99.04,2.750000,CO,11056
1.720000,1.910000,0.200000,0.680000,0.110000,77.940002,5.180000,6.530000,266.160004,60.889999,60402.558594,31.08,99.2,2.750000,CO,11057
1.710000,1.890000,0.190000,0.630000,0.110000,79.129997,6.610000,5.810000,265.170013,64.529999,59364.570312,31.08,99.36,2.750000,CO,11058
1.690000,1.870000,0.190000,0.610000,0.110000,80.080002,7.340000,5.280000,265.190002,63.290001,59121.500000,31.09,99.52,2.750000,CO,11059
1.700000,1.880000,0.190000,0.620000,0.110000,80.300003,7.050000,4.920000,265.239990,61.900002,59001.910156,31.1,99.68,2.750000,CO,11060
1.720000,1.900000,0.190000,0.620000,0.110000,80.230003,7.360000,4.100000,263.970001,66.669998,57966.039062,31.1,99.83,2.750000,CO,11061
1.710000,1.880000,0.190000,0.580000,0.110000,78.989998,8.750000,3.760000,262.880005,68.580002,56694.921875,31.11,99.99,2.750000,CO,11062
1.700000,1.870000,0.190000,0.660000,0.110000,75.910004,7.100000,3.740000,266.429993,53.580002,59396.820312,31.12,100.15,2.750000,CO,11063
1.710000,1.880000,0.210000,1.090000,0.120000,74.599998,2.940000,3.310000,270.899994,42.139999,63960.328125,31.12,100.31,3.000000,CO,11064
1.730000,1.900000,0.200000,1.040000,0.120000,75.330002,3.420000,4.900000,268.149994,49.560001,61450.421875,31.13,100.47,3.000000,CO,11065
1.740000,1.920000,0.190000,0.840000,0.120000,76.440002,7.230000,5.930000,266.269989,54.580002,59307.460938,31.13,100.63,3.000000,CO,11066
1.980000,2.220000,0.220000,1.030000,0.120000,74.449997,5.920000,4.840000,270.899994,41.340000,63167.558594,31.14,100.79,3.000000,CO,11067
2.480000,2.860000,0.270000,1.390000,0.130000,73.220001,1.040000,4.120000,271.329987,41.139999,64428.261719,31.14,100.95,3.542857,PM2.5,11068
2.640000,3.040000,0.290000,1.700000,0.130000,76.269997,0.910000,5.080000,267.390015,52.169998,60940.808594,31.15,101.1,3.771429,PM2.5,11069
2.750000,3.200000,0.280000,1.280000,0.120000,75.650002,5.040000,6.850000,264.820007,60.619999,58511.949219,31.15,101.26,3.928571,PM2.5,11070
2.770000,3.220000,0.280000,1.130000,0.120000,75.930000,7.340000,5.800000,266.209991,55.090000,59540.160156,31.16,101.42,3.957143,PM2.5,11071
2.790000,3.230000,0.290000,1.030000,0.120000,75.480003,7.980000,4.030000,266.329987,53.770000,59601.671875,31.16,101.58,3.985714,PM2.5,11072
5.150000,5.790000,0.830000,1.180000,0.140000,73.360001,7.490000,4.780000,267.600006,50.680000,60413.320312,31.17,101.74,7.357143,PM2.5,11073
14.270000,15.720000,2.900000,1.440000,0.200000,73.180000,4.320000,6.080000,273.410004,39.490002,66606.976562,31.17,101.9,20.385715,PM2.5,11074
21.400000,23.639999,4.350000,1.540000,0.250000,74.919998,1.130000,6.120000,275.579987,36.410000,68920.523438,31.18,102.06,30.571428,PM2.5,11075
26.360001,29.639999,4.350000,1.940000,0.290000,79.050003,0.870000,4.140000,271.429993,46.630001,64749.390625,31.18,102.22,37.657143,PM2.5,11076
32.230000,36.889999,4.520000,2.500000,0.350000,79.620003,1.790000,3.900000,270.109985,52.639999,63955.191406,31.18,102.38,46.042858,PM2.5,11077
37.849998,43.610001,4.610000,3.160000,0.410000,81.180000,1.520000,6.090000,269.709991,54.540001,63581.101562,31.19,102.53,53.562500,PM2.5,11078
37.099998,42.919998,4.410000,3.400000,0.400000,78.010002,5.150000,6.620000,265.829987,67.500000,59785.378906,31.19,102.69,52.625000,PM2.5,11079
37.639999,43.700001,4.410000,3.590000,0.400000,78.519997,9.250000,5.270000,266.029999,62.250000,59322.730469,31.19,102.85,53.299999,PM2.5,11080
50.139999,58.430000,6.110000,5.240000,0.510000,74.680000,7.400000,5.980000,267.920013,65.940002,61820.289062,31.19,103.01,68.925003,PM2.5,11081
66.290001,77.440002,9.150000,7.150000,0.640000,70.300003,3.790000,5.540000,268.279999,84.709999,64864.960938,31.2,103.17,89.112503,PM2.5,11082
84.470001,100.099998,13.040000,11.640000,0.800000,61.529999,-0.130000,3.370000,271.720001,92.099998,73674.359375,31.2,103.33,111.837502,PM2.5,11083
83.690002,101.250000,14.230000,15.170000,0.830000,56.860001,-1.130000,1.210000,276.519989,79.040001,82707.453125,31.2,103.49,110.862503,PM2.5,11084
72.680000,89.669998,12.750000,16.440001,0.780000,56.450001,-0.400000,0.580000,277.329987,75.120003,83372.171875,31.2,103.65,97.099998,PM2.5,11085
80.470001,99.540001,13.920000,19.049999,0.860000,51.860001,-1.710000,-0.650000,278.929993,67.779999,85207.687500,31.2,103.81,106.837502,PM2.5,11086
101.570000,124.760002,18.680000,26.730000,1.060000,42.820000,-1.910000,-1.780000,282.559998,58.240002,91089.562500,31.21,103.97,133.212494,PM2.5,11087
126.980003,156.220001,24.170000,35.470001,1.330000,37.259998,-1.560000,-2.220000,284.929993,53.650002,95174.218750,31.21,104.13,167.114288,PM2.5,11088
135.839996,165.869995,26.070000,36.279999,1.430000,37.520000,-2.550000,-2.030000,285.329987,53.990002,96196.882812,31.21,104.28,179.771423,PM2.5,11089
138.589996,167.039993,25.260000,33.110001,1.430000,39.740002,-3.250000,-2.360000,284.850006,57.160000,95773.343750,31.21,104.44,183.699997,PM2.5,11090
136.059998,160.339996,23.090000,26.260000,1.330000,44.029999,-2.950000,-2.540000,284.589996,59.639999,95928.718750,31.21,104.6,180.085709,PM2.5,11091
132.910004,153.059998,21.520000,20.820000,1.220000,47.930000,-2.750000,-3.000000,284.869995,60.189999,96449.132812,31.21,104.76,175.585724,PM2.5,11092
133.369995,150.169998,21.100000,16.980000,1.160000,50.540001,-2.660000,-3.310000,285.040009,60.770000,96755.468750,31.21,104.92,176.242844,PM2.5,11093
134.389999,149.050003,21.670000,14.490000,1.120000,51.320000,-2.750000,-3.140000,285.019989,62.299999,96809.656250,31.21,105.08,177.699997,PM2.5,11094
138.960007,152.229996,22.420000,14.020000,1.120000,50.240002,-3.300000,-3.120000,285.179993,63.580002,96874.500000,31.21,105.24,184.228577,PM2.5,11095
146.940002,159.559998,23.530001,13.970000,1.160000,48.450001,-3.860000,-3.570000,284.750000,66.970001,96455.328125,31.21,105.4,195.628571,PM2.5,11096
155.529999,167.460007,24.790001,14.300000,1.220000,46.270000,-3.680000,-3.820000,283.799988,72.510002,95671.093750,31.21,105.56,205.529999,PM2.5,11097
154.630005,166.320007,26.510000,14.120000,1.220000,44.130001,-2.820000,-3.620000,283.739990,74.019997,95815.328125,31.21,105.72,204.630005,PM2.5,11098
144.949997,156.710007,28.000000,13.560000,1.130000,43.639999,-1.910000,-3.460000,284.540009,71.199997,96897.046875,31.21,105.87,192.785706,PM2.5,11099
129.479996,141.410004,29.170000,12.880000,1.010000,44.639999,-1.930000,-2.740000,285.670013,67.379997,97860.953125,31.21,106.03,170.685715,PM2.5,11100
122.639999,135.679993,29.620001,13.630000,0.940000,43.450001,-2.880000,-1.900000,286.119995,67.510002,97922.382812,31.2,106.19,160.914291,PM2.5,11101
126.089996,139.910004,31.209999,15.380000,0.970000,39.840000,-3.780000,-1.200000,285.899994,71.730003,97521.492188,31.2,106.35,165.842850,PM2.5,11102
134.240005,148.990005,33.220001,17.530001,1.020000,34.480000,-4.190000,-0.770000,285.649994,75.730003,97436.296875,31.2,106.51,177.485718,PM2.5,11103
139.300003,154.789993,34.750000,18.620001,1.050000,30.740000,-4.690000,-0.230000,285.630005,77.720001,97540.359375,31.2,106.67,184.714294,PM2.5,11104
141.550003,157.050003,35.279999,19.139999,1.050000,27.850000,-5.010000,0.110000,285.040009,81.660004,97103.453125,31.2,106.83,187.928574,PM2.5,11105
142.000000,156.850006,34.240002,17.950001,1.050000,27.600000,-5.060000,0.300000,284.880005,82.339996,97097.890625,31.19,106.99,188.571426,PM2.5,11106
140.940002,155.330002,35.049999,16.709999,1.030000,28.900000,-5.520000,0.600000,285.239990,78.919998,97672.710938,31.19,107.15,187.057144,PM2.5,11107
141.570007,155.820007,37.790001,16.620001,1.030000,30.010000,-5.850000,0.860000,285.070007,77.400002,97518.406250,31.19,107.31,187.957153,PM2.5,11108
142.070007,155.979996,40.889999,16.570000,1.020000,31.330000,-6.580000,1.640000,284.950012,76.000000,97398.210938,31.19,107.47,188.671432,PM2.5,11109
142.279999,155.740005,42.990002,16.059999,1.010000,32.980000,-7.820000,2.400000,284.470001,76.410004,96798.781250,31.18,107.62,188.971420,PM2.5,11110
140.889999,153.679993,41.639999,14.150000,0.980000,35.700001,-8.180000,1.920000,283.600006,78.669998,95837.828125,31.18,107.78,186.985718,PM2.5,11111
140.509995,152.919998,43.189999,14.120000,0.980000,36.660000,-8.100000,1.010000,283.410004,78.360001,95732.023438,31.18,107.94,186.442856,PM2.5,11112
1.700000,1.900000,0.160000,0.660000,0.110000,76.760002,1.620000,4.350000,267.709991,49.869999,61976.250000,31.19,98.71,2.750000,CO,11297
1.770000,1.970000,0.190000,0.750000,0.110000,77.040001,3.510000,6.170000,266.410004,55.880001,60691.730469,31.2,98.87,2.750000,CO,11298
1.730000,1.930000,0.200000,0.750000,0.110000,77.500000,4.350000,6.580000,266.829987,57.400002,61149.351562,31.2,99.03,2.750000,CO,11299
1.700000,1.890000,0.190000,0.700000,0.110000,78.459999,5.030000,6.360000,265.739990,63.369999,60263.449219,31.21,99.19,2.750000,CO,11300
1.680000,1.870000,0.180000,0.660000,0.110000,79.610001,6.690000,6.020000,264.559998,68.040001,59014.781250,31.22,99.35,2.750000,CO,11301
1.680000,1.860000,0.180000,0.650000,0.110000,80.250000,7.360000,5.270000,265.040009,65.870003,59134.230469,31.23,99.51,2.750000,CO,11302
1.690000,1.870000,0.190000,0.680000,0.110000,80.260002,6.550000,4.500000,265.359985,63.650002,59310.699219,31.23,99.67,2.750000,CO,11303
1.710000,1.890000,0.190000,0.670000,0.110000,80.430000,6.760000,4.380000,264.059998,68.620003,58260.339844,31.24,99.83,2.750000,CO,11304
1.690000,1.860000,0.190000,0.600000,0.110000,79.550003,8.550000,4.690000,262.989990,70.750000,57106.148438,31.25,99.99,2.750000,CO,11305
1.690000,1.860000,0.190000,0.640000,0.110000,77.440002,7.390000,4.190000,265.380005,59.230000,58708.371094,31.25,100.14,2.750000,CO,11306
1.730000,1.910000,0.210000,1.000000,0.120000,77.209999,3.670000,3.250000,268.119995,52.470001,61526.230469,31.26,100.3,3.000000,CO,11307
1.700000,1.870000,0.200000,1.000000,0.120000,76.559998,4.390000,5.790000,267.059998,55.119999,60529.800781,31.26,100.46,3.000000,CO,11308
1.740000,1.920000,0.210000,0.880000,0.120000,76.150002,6.290000,5.680000,268.720001,48.720001,61401.460938,31.27,100.62,3.000000,CO,11309
2.060000,2.330000,0.250000,1.190000,0.120000,73.680000,3.350000,3.170000,272.140015,39.910000,64911.070312,31.28,100.78,3.000000,CO,11310
2.330000,2.660000,0.270000,1.420000,0.130000,74.320000,0.900000,4.570000,270.119995,45.080002,63403.878906,31.28,100.94,3.328571,PM2.5,11311
2.390000,2.730000,0.270000,1.580000,0.130000,75.910004,2.830000,6.790000,266.950012,54.139999,60246.160156,31.29,101.1,3.414286,PM2.5,11312
2.450000,2.810000,0.260000,1.270000,0.120000,76.300003,5.340000,7.140000,266.399994,55.990002,59552.000000,31.29,101.26,3.500000,PM2.5,11313
2.480000,2.860000,0.260000,1.110000,0.120000,76.389999,6.130000,5.880000,265.829987,58.750000,59135.820312,31.3,101.42,3.542857,PM2.5,11314
2.530000,2.910000,0.270000,1.010000,0.120000,75.860001,7.800000,5.220000,264.989990,60.810001,58431.320312,31.3,101.58,3.614286,PM2.5,11315
3.610000,4.080000,0.510000,1.070000,0.130000,74.099998,8.320000,4.900000,266.799988,52.950001,59538.531250,31.3,101.74,5.157143,PM2.5,11316
13.450000,14.790000,2.630000,1.350000,0.190000,72.910004,4.260000,5.880000,272.309998,41.259998,65203.660156,31.31,101.89,19.214285,PM2.5,11317
20.430000,22.570000,4.070000,1.560000,0.240000,76.160004,0.180000,6.310000,274.950012,37.930000,68416.007812,31.31,102.05,29.185715,PM2.5,11318
24.219999,27.200001,3.940000,1.830000,0.280000,79.160004,0.850000,6.720000,269.350006,51.529999,62602.000000,31.32,102.21,34.599998,PM2.5,11319
29.250000,33.470001,4.070000,2.220000,0.330000,79.980003,3.070000,6.440000,266.670013,62.779999,60510.539062,31.32,102.37,41.785713,PM2.5,11320
32.660000,37.689999,3.890000,2.650000,0.370000,81.779999,2.860000,7.230000,267.839996,59.209999,61763.449219,31.32,102.53,46.657143,PM2.5,11321
30.910000,35.720001,3.570000,2.730000,0.350000,80.019997,5.810000,7.430000,265.480011,65.860001,59315.750000,31.33,102.69,44.157143,PM2.5,11322
31.690001,36.740002,3.620000,2.920000,0.360000,79.760002,10.130000,6.830000,266.540009,58.560001,59586.910156,31.33,102.85,45.271431,PM2.5,11323
39.619999,46.259998,4.590000,4.050000,0.430000,76.529999,8.990000,5.630000,269.380005,52.910000,62237.968750,31.33,103.01,55.774998,PM2.5,11324
60.619999,71.669998,8.010000,6.580000,0.600000,69.790001,2.370000,5.740000,269.920013,71.010002,65108.750000,31.33,103.17,82.025002,PM2.5,11325
77.849998,92.500000,11.360000,10.240000,0.750000,63.290001,-2.140000,3.260000,270.510010,95.300003,72466.679688,31.34,103.33,103.562500,PM2.5,11326
63.790001,76.769997,9.930000,10.730000,0.650000,63.070000,-1.790000,1.530000,273.880005,85.059998,78069.703125,31.34,103.49,85.987503,PM2.5,11327
60.810001,74.230003,10.030000,11.890000,0.640000,57.330002,-1.090000,2.410000,271.429993,92.290001,73272.281250,31.34,103.65,82.262505,PM2.5,11328
68.919998,84.160004,11.680000,13.210000,0.720000,55.520000,-0.490000,1.280000,271.010010,93.900002,72741.429688,31.34,103.81,92.399994,PM2.5,11329
88.820000,107.389999,16.420000,20.270000,0.900000,47.570000,-1.590000,-0.240000,278.070007,70.129997,84134.359375,31.34,103.96,117.275002,PM2.5,11330
107.709999,129.970001,20.840000,26.650000,1.090000,42.889999,-1.840000,-2.290000,284.220001,54.320000,93887.703125,31.34,104.12,140.887497,PM2.5,11331
116.739998,140.679993,20.780001,24.670000,1.190000,43.279999,-1.960000,-2.630000,285.559998,52.740002,95832.671875,31.34,104.28,152.485718,PM2.5,11332
123.190002,146.919998,22.379999,25.930000,1.230000,42.709999,-2.990000,-2.440000,284.959991,56.330002,95752.218750,31.35,104.44,161.699997,PM2.5,11333
129.520004,152.190002,24.760000,28.830000,1.250000,42.250000,-3.130000,-2.420000,284.850006,58.209999,96116.226562,31.35,104.6,170.742859,PM2.5,11334
127.580002,146.960007,23.309999,23.080000,1.160000,45.439999,-3.410000,-3.070000,284.970001,58.889999,96471.367188,31.35,104.76,167.971436,PM2.5,11335
127.099998,143.210007,22.190001,17.830000,1.090000,47.930000,-3.560000,-3.590000,284.910004,60.070000,96535.242188,31.35,104.92,167.285706,PM2.5,11336
125.550003,138.850006,21.120001,12.320000,1.010000,50.000000,-3.730000,-3.740000,284.929993,61.259998,96802.140625,31.35,105.08,165.071426,PM2.5,11337
131.460007,143.399994,22.290001,12.100000,1.030000,48.959999,-4.100000,-3.920000,284.750000,63.490002,96652.718750,31.35,105.24,173.514297,PM2.5,11338
141.250000,152.750000,23.969999,12.750000,1.080000,46.869999,-4.150000,-4.070000,283.940002,68.480003,95907.382812,31.35,105.4,187.500000,PM2.5,11339
152.100006,163.479996,26.389999,13.860000,1.160000,44.630001,-3.690000,-3.900000,283.350006,73.180000,95553.726562,31.35,105.56,202.100006,PM2.5,11340
151.309998,162.240005,28.730000,13.970000,1.170000,42.830002,-3.060000,-3.620000,283.630005,74.260002,96029.742188,31.34,105.72,201.309998,PM2.5,11341
143.770004,154.539993,30.459999,13.660000,1.100000,42.700001,-2.470000,-3.540000,284.420013,71.760002,97026.476562,31.34,105.88,191.100006,PM2.5,11342
130.839996,142.119995,32.360001,13.440000,1.010000,43.110001,-2.750000,-2.790000,285.380005,68.160004,97792.453125,31.34,106.04,172.628571,PM2.5,11343
122.180000,135.830002,29.990000,13.640000,0.920000,42.169998,-3.910000,-2.270000,285.470001,69.169998,97654.960938,31.34,106.19,160.257141,PM2.5,11344
124.860001,139.240005,30.540001,14.550000,0.940000,39.130001,-4.610000,-1.600000,285.149994,73.089996,97253.210938,31.34,106.35,164.085709,PM2.5,11345
128.889999,144.199997,31.700001,15.710000,0.960000,35.549999,-4.720000,-1.070000,284.989990,76.639999,97124.687500,31.34,106.51,169.842850,PM2.5,11346
131.990005,147.779999,32.299999,16.250000,0.980000,32.320000,-5.010000,-0.550000,284.630005,80.360001,96761.250000,31.34,106.67,174.271439,PM2.5,11347
132.179993,147.949997,32.660000,16.170000,0.970000,31.020000,-5.180000,-0.040000,284.239990,83.000000,96439.382812,31.33,106.83,174.542847,PM2.5,11348
131.690002,147.240005,33.009998,15.420000,0.970000,31.379999,-5.760000,0.810000,284.399994,81.669998,96715.453125,31.33,106.99,173.842865,PM2.5,11349
131.059998,146.300003,34.369999,14.850000,0.960000,32.660000,-6.920000,1.320000,284.309998,79.830002,96571.507812,31.33,107.15,172.942856,PM2.5,11350
131.580002,146.490005,36.459999,15.020000,0.960000,33.430000,-7.160000,1.110000,283.609985,81.239998,95955.976562,31.33,107.31,173.685715,PM2.5,11351
131.080002,145.410004,37.650002,14.310000,0.950000,35.360001,-7.080000,1.260000,284.000000,78.940002,96588.843750,31.32,107.47,172.971436,PM2.5,11352
129.419998,143.059998,38.320000,13.380000,0.930000,37.430000,-7.980000,2.160000,284.429993,76.290001,96909.968750,31.32,107.63,170.599991,PM2.5,11353
126.459999,139.339996,38.029999,12.330000,0.900000,39.369999,-8.820000,2.530000,283.660004,78.360001,95681.796875,31.32,107.79,166.371429,PM2.5,11354
124.410004,136.800003,38.540001,12.100000,0.890000,40.490002,-8.530000,1.970000,282.529999,82.209999,94318.523438,31.31,107.95,163.442856,PM2.5,11355
121.989998,133.639999,39.320000,12.220000,0.870000,41.290001,-7.450000,1.870000,282.070007,83.260002,93698.703125,31.31,108.11,159.985718,PM2.5,11356
1.720000,1.910000,0.170000,0.830000,0.110000,77.849998,4.310000,4.530000,267.079987,53.080002,61818.621094,31.33,98.86,2.750000,CO,11537
1.710000,1.900000,0.180000,0.840000,0.110000,77.779999,4.870000,5.210000,267.160004,55.040001,61918.121094,31.34,99.02,2.750000,CO,11538
1.670000,1.860000,0.180000,0.770000,0.110000,78.360001,5.470000,5.830000,266.630005,58.869999,61285.289062,31.35,99.18,2.750000,CO,11539
1.660000,1.850000,0.180000,0.710000,0.110000,79.080002,6.260000,4.980000,266.040009,62.419998,60606.878906,31.35,99.34,2.750000,CO,11540
1.670000,1.850000,0.180000,0.670000,0.110000,79.239998,6.060000,3.270000,265.579987,65.199997,60256.929688,31.36,99.5,2.750000,CO,11541
1.690000,1.870000,0.190000,0.680000,0.110000,79.529999,5.790000,3.430000,264.660004,68.489998,59457.039062,31.37,99.66,2.750000,CO,11542
1.690000,1.870000,0.190000,0.700000,0.110000,80.430000,7.100000,5.030000,263.380005,73.330002,57925.839844,31.37,99.82,2.750000,CO,11543
1.660000,1.830000,0.180000,0.670000,0.110000,81.089996,8.440000,5.380000,263.880005,68.709999,57881.160156,31.38,99.98,2.750000,CO,11544
1.660000,1.830000,0.190000,0.770000,0.110000,77.930000,7.140000,4.290000,265.899994,58.810001,59302.089844,31.39,100.14,2.750000,CO,11545
1.670000,1.840000,0.190000,0.760000,0.110000,77.760002,5.670000,4.380000,266.399994,57.580002,59741.378906,31.39,100.3,2.750000,CO,11546
1.670000,1.840000,0.200000,0.840000,0.120000,76.519997,5.660000,5.790000,267.929993,52.680000,60972.519531,31.4,100.46,3.000000,CO,11547
1.880000,2.090000,0.270000,1.080000,0.120000,74.529999,4.080000,3.620000,270.769989,44.389999,63609.671875,31.41,100.62,3.000000,CO,11548
2.070000,2.330000,0.270000,1.230000,0.120000,74.500000,2.000000,2.960000,270.239990,46.310001,63451.968750,31.41,100.77,3.000000,CO,11549
2.250000,2.550000,0.270000,1.310000,0.130000,75.110001,2.400000,5.260000,268.390015,51.080002,61763.519531,31.42,100.93,3.250000,CO,11550
2.230000,2.530000,0.260000,1.390000,0.120000,75.580002,4.140000,6.380000,267.690002,53.139999,60929.378906,31.42,101.09,3.185714,PM2.5,11551
2.260000,2.580000,0.250000,1.240000,0.120000,75.919998,5.470000,6.320000,267.709991,52.480000,60727.699219,31.43,101.25,3.228571,PM2.5,11552
2.290000,2.620000,0.250000,1.120000,0.120000,76.099998,5.820000,6.230000,267.079987,54.720001,60084.761719,31.43,101.41,3.271429,PM2.5,11553
2.360000,2.690000,0.260000,1.010000,0.120000,75.610001,7.190000,6.130000,265.670013,60.259998,58903.769531,31.44,101.57,3.371428,PM2.5,11554
2.940000,3.320000,0.360000,0.990000,0.130000,74.839996,8.340000,5.220000,266.519989,55.340000,59187.660156,31.44,101.73,4.200000,PM2.5,11555
10.920000,11.980000,2.060000,1.210000,0.180000,72.570000,4.690000,5.950000,271.670013,42.330002,64175.738281,31.44,101.89,15.600000,PM2.5,11556
19.459999,21.469999,3.820000,1.530000,0.230000,75.510002,0.530000,7.290000,274.779999,38.240002,68193.109375,31.45,102.05,27.799999,PM2.5,11557
22.570000,25.299999,3.650000,1.720000,0.270000,77.690002,1.480000,8.160000,269.820007,49.349998,62996.910156,31.45,102.21,32.242855,PM2.5,11558
27.170000,31.059999,3.690000,2.010000,0.310000,79.900002,3.990000,8.060000,266.459991,62.090000,60161.210938,31.45,102.37,38.814285,PM2.5,11559
28.450001,32.830002,3.310000,2.240000,0.340000,82.400002,3.810000,8.010000,267.369995,60.259998,61331.121094,31.46,102.53,40.642857,PM2.5,11560
25.719999,29.010000,3.090000,2.150000,0.310000,82.400002,6.680000,8.290000,266.700012,58.810001,60088.859375,31.46,102.69,36.742855,PM2.5,11561
29.139999,33.639999,3.340000,2.660000,0.340000,80.669998,8.750000,6.650000,268.179993,52.830002,60979.808594,31.46,102.85,41.628571,PM2.5,11562
46.880001,56.200001,5.910000,4.730000,0.500000,71.040001,2.180000,1.590000,270.600006,63.869999,65798.703125,31.47,103.01,64.849998,PM2.5,11563
62.869999,73.760002,8.280000,6.920000,0.610000,68.269997,-4.020000,0.790000,270.970001,80.790001,70501.679688,31.47,103.17,84.837502,PM2.5,11564
66.010002,77.910004,9.150000,8.310000,0.640000,66.720001,-3.550000,2.380000,269.839996,94.589996,71505.640625,31.47,103.32,88.762505,PM2.5,11565
54.070000,64.620003,7.880000,7.830000,0.550000,65.150002,-0.880000,1.430000,270.679993,91.019997,72773.906250,31.47,103.48,73.837502,PM2.5,11566
53.540001,64.980003,8.130000,8.480000,0.560000,61.869999,0.530000,3.970000,270.709991,87.230003,71528.296875,31.48,103.64,73.175003,PM2.5,11567
63.150002,76.779999,10.170000,10.230000,0.650000,59.509998,0.800000,4.110000,269.529999,90.839996,69222.960938,31.48,103.8,85.187500,PM2.5,11568
81.500000,96.680000,14.420000,15.530000,0.800000,52.849998,-1.080000,1.090000,273.010010,88.330002,76545.250000,31.48,103.96,108.125000,PM2.5,11569
91.059998,108.220001,17.490000,17.379999,0.880000,50.450001,-1.940000,-1.960000,280.239990,65.730003,87928.593750,31.48,104.12,120.074997,PM2.5,11570
103.519997,123.339996,17.670000,17.770000,1.020000,47.610001,-1.480000,-3.200000,284.500000,55.180000,94015.132812,31.48,104.28,135.649994,PM2.5,11571
108.019997,127.080002,19.100000,18.830000,1.030000,46.230000,-2.250000,-3.450000,285.380005,54.759998,95941.117188,31.48,104.44,141.274994,PM2.5,11572
115.709999,134.580002,21.760000,22.120001,1.070000,44.630001,-3.140000,-3.030000,285.170013,56.560001,96192.796875,31.48,104.6,151.014282,PM2.5,11573
118.529999,135.429993,22.330000,19.850000,1.030000,45.639999,-3.830000,-3.350000,284.859985,58.599998,96198.203125,31.48,104.76,155.042862,PM2.5,11574
121.410004,136.160004,21.910000,15.790000,1.000000,47.029999,-4.250000,-3.890000,284.529999,60.419998,96189.828125,31.48,104.92,159.157150,PM2.5,11575
122.580002,134.820007,21.540001,11.830000,0.960000,48.220001,-4.520000,-4.370000,284.390015,61.810001,96359.609375,31.48,105.08,160.828568,PM2.5,11576
128.660004,139.399994,22.950001,11.520000,0.980000,47.419998,-4.450000,-4.420000,283.750000,65.650002,95825.390625,31.48,105.24,169.514297,PM2.5,11577
136.809998,146.910004,24.840000,11.970000,1.030000,45.919998,-3.890000,-4.230000,283.160004,70.379997,95380.757812,31.48,105.4,181.157135,PM2.5,11578
145.910004,156.080002,27.410000,13.240000,1.100000,43.720001,-3.420000,-3.920000,283.359985,72.279999,95846.718750,31.48,105.56,194.157150,PM2.5,11579
147.479996,157.639999,30.440001,14.180000,1.120000,41.299999,-3.360000,-3.590000,283.720001,73.680000,96235.093750,31.48,105.72,196.399994,PM2.5,11580
144.529999,154.100006,33.750000,14.450000,1.100000,41.049999,-3.260000,-3.360000,284.109985,73.639999,96764.046875,31.48,105.88,192.185715,PM2.5,11581
133.779999,142.710007,35.959999,13.470000,1.020000,41.299999,-3.660000,-2.610000,284.809998,71.459999,97452.843750,31.48,106.04,176.828568,PM2.5,11582
116.360001,126.500000,36.799999,12.430000,0.880000,40.910000,-4.810000,-2.340000,285.010010,71.139999,97470.632812,31.48,106.2,151.942856,PM2.5,11583
118.160004,128.330002,37.099998,12.710000,0.880000,39.330002,-5.370000,-2.020000,284.679993,73.449997,97160.039062,31.48,106.36,154.514297,PM2.5,11584
120.879997,131.190002,37.400002,13.180000,0.900000,36.990002,-5.410000,-1.460000,284.480011,75.809998,97015.601562,31.47,106.52,158.399994,PM2.5,11585
122.620003,132.990005,37.340000,13.280000,0.900000,35.349998,-5.520000,-0.680000,284.040009,79.540001,96560.617188,31.47,106.68,160.885712,PM2.5,11586
123.120003,133.449997,36.790001,13.340000,0.900000,34.369999,-5.240000,-0.140000,283.619995,81.809998,96158.539062,31.47,106.83,161.600006,PM2.5,11587
122.949997,133.199997,36.669998,13.240000,0.900000,34.639999,-5.600000,0.840000,284.160004,79.029999,96763.859375,31.47,106.99,161.357132,PM2.5,11588
122.699997,132.779999,37.480000,13.150000,0.900000,35.740002,-7.060000,2.040000,284.230011,77.519997,96544.710938,31.46,107.15,161.000000,PM2.5,11589
122.730003,132.520004,37.930000,12.940000,0.890000,37.090000,-7.530000,1.980000,283.359985,80.389999,95439.273438,31.46,107.31,161.042862,PM2.5,11590
122.949997,132.440002,37.730000,12.360000,0.890000,38.349998,-6.740000,1.150000,283.369995,79.959999,95597.781250,31.46,107.47,161.357132,PM2.5,11591
121.059998,129.970001,37.349998,11.620000,0.870000,40.340000,-6.090000,0.890000,283.929993,77.190002,96127.906250,31.45,107.63,158.657135,PM2.5,11592
116.500000,124.370003,37.099998,10.640000,0.830000,43.759998,-5.870000,1.620000,283.279999,79.870003,94805.343750,31.45,107.79,152.142853,PM2.5,11593
113.199997,121.129997,36.910000,10.460000,0.800000,45.000000,-5.620000,2.520000,281.690002,86.190002,92549.117188,31.45,107.95,147.750000,PM2.5,11594
107.720001,115.860001,35.680000,10.460000,0.770000,45.810001,-5.480000,3.140000,281.769989,84.940002,92726.101562,31.44,108.11,140.899994,PM2.5,11595
1.620000,1.810000,0.160000,0.880000,0.110000,79.779999,5.070000,1.830000,266.350006,54.810001,61359.968750,31.47,98.86,2.750000,CO,11780
1.650000,1.840000,0.170000,0.910000,0.110000,78.790001,5.820000,3.110000,266.869995,54.430000,62055.980469,31.48,99.01,2.750000,CO,11781
1.640000,1.820000,0.170000,0.830000,0.110000,78.709999,4.390000,3.100000,266.549988,58.560001,62212.539062,31.48,99.17,2.750000,CO,11782
1.630000,1.810000,0.170000,0.660000,0.110000,81.720001,2.960000,1.680000,265.730011,64.830002,61642.789062,31.49,99.33,2.750000,CO,11783
1.650000,1.830000,0.190000,0.620000,0.110000,82.070000,4.430000,1.860000,263.630005,74.220001,59345.769531,31.5,99.49,2.750000,CO,11784
1.640000,1.830000,0.190000,0.620000,0.110000,81.370003,7.520000,4.310000,263.459991,73.669998,58626.488281,31.5,99.65,2.750000,CO,11785
1.630000,1.810000,0.190000,0.680000,0.110000,81.959999,8.530000,6.020000,265.149994,65.699997,59550.281250,31.51,99.81,2.750000,CO,11786
1.660000,1.840000,0.200000,0.790000,0.110000,81.930000,7.520000,4.820000,266.250000,60.180000,60089.179688,31.52,99.97,2.750000,CO,11787
1.700000,1.880000,0.210000,0.910000,0.120000,79.290001,6.560000,3.600000,266.670013,57.570000,60226.250000,31.52,100.13,3.000000,CO,11788
1.680000,1.850000,0.200000,0.880000,0.120000,77.720001,6.500000,4.290000,267.209991,54.310001,60297.191406,31.53,100.29,3.000000,CO,11789
1.670000,1.850000,0.210000,0.970000,0.120000,75.180000,4.990000,3.540000,270.040009,46.480000,62741.441406,31.54,100.45,3.000000,CO,11790
1.860000,2.070000,0.260000,1.360000,0.120000,73.559998,2.490000,1.910000,270.899994,45.150002,64170.859375,31.54,100.61,3.000000,CO,11791
2.000000,2.250000,0.270000,1.500000,0.130000,74.739998,2.340000,3.510000,269.130005,49.930000,62469.570312,31.55,100.77,3.250000,CO,11792
2.120000,2.400000,0.270000,1.500000,0.130000,75.010002,3.540000,5.260000,268.309998,52.400002,61716.699219,31.55,100.93,3.250000,CO,11793
2.090000,2.360000,0.240000,1.290000,0.120000,75.639999,4.760000,5.780000,267.660004,54.700001,60996.628906,31.56,101.09,3.000000,CO,11794
2.120000,2.390000,0.240000,1.190000,0.120000,75.500000,5.890000,5.660000,267.739990,53.700001,60833.929688,31.56,101.25,3.028571,PM2.5,11795
2.130000,2.420000,0.240000,1.120000,0.120000,74.959999,6.080000,5.660000,268.489990,50.439999,61425.679688,31.57,101.41,3.042857,PM2.5,11796
2.200000,2.500000,0.250000,1.060000,0.120000,74.739998,7.280000,6.600000,267.709991,53.169998,60543.699219,31.57,101.57,3.142857,PM2.5,11797
2.750000,3.100000,0.350000,1.050000,0.130000,73.709999,7.340000,5.160000,268.750000,48.570000,60865.718750,31.58,101.73,3.928571,PM2.5,11798
9.670000,10.620000,1.800000,1.230000,0.170000,71.279999,2.870000,4.310000,273.299988,39.119999,65836.359375,31.58,101.89,13.814286,PM2.5,11799
18.430000,20.290001,3.570000,1.540000,0.230000,73.910004,-0.160000,6.920000,274.380005,39.450001,68025.906250,31.58,102.04,26.328571,PM2.5,11800
20.830000,23.299999,3.370000,1.640000,0.250000,75.599998,2.170000,8.320000,269.149994,50.889999,62448.910156,31.59,102.2,29.757143,PM2.5,11801
24.090000,27.430000,3.250000,1.810000,0.290000,79.949997,4.890000,8.840000,266.869995,58.220001,60271.851562,31.59,102.36,34.414288,PM2.5,11802
24.980000,28.730000,2.890000,1.880000,0.310000,82.620003,5.620000,9.040000,267.480011,57.660000,60997.289062,31.59,102.52,35.685715,PM2.5,11803
25.020000,28.629999,2.870000,2.040000,0.310000,82.400002,6.820000,8.360000,268.510010,52.099998,61527.031250,31.6,102.68,35.742859,PM2.5,11804
29.180000,34.250000,3.550000,2.710000,0.350000,79.099998,5.270000,4.770000,269.489990,56.590000,63160.199219,31.6,102.84,41.685715,PM2.5,11805
42.500000,50.410000,5.470000,3.910000,0.460000,75.269997,-0.150000,1.600000,268.790009,74.330002,64802.589844,31.6,103.0,59.375000,PM2.5,11806
51.549999,59.980000,6.850000,4.970000,0.520000,76.519997,-2.780000,0.870000,268.579987,89.279999,67549.703125,31.61,103.16,70.687500,PM2.5,11807
59.220001,69.250000,8.050000,6.420000,0.580000,68.830002,-1.580000,3.800000,268.040009,94.989998,67922.796875,31.61,103.32,80.275002,PM2.5,11808
51.130001,60.750000,7.120000,6.140000,0.520000,67.720001,0.920000,3.680000,268.170013,94.290001,68350.539062,31.61,103.48,70.162498,PM2.5,11809
50.220001,60.290001,7.170000,6.780000,0.520000,65.400002,2.270000,3.550000,271.220001,83.709999,72077.750000,31.61,103.64,69.025002,PM2.5,11810
60.689999,72.370003,9.430000,8.780000,0.610000,60.919998,0.500000,2.470000,273.179993,78.010002,74387.148438,31.61,103.8,82.112495,PM2.5,11811
75.919998,87.750000,12.740000,11.520000,0.710000,57.020000,-1.320000,2.580000,272.660004,88.360001,76182.710938,31.61,103.96,101.149994,PM2.5,11812
82.110001,93.900002,14.690000,11.080000,0.740000,55.290001,-1.250000,-0.500000,275.809998,81.519997,81768.156250,31.62,104.12,108.887497,PM2.5,11813
93.809998,109.199997,16.030001,13.210000,0.880000,51.529999,-1.030000,-2.250000,280.709991,67.540001,88991.812500,31.62,104.28,123.512497,PM2.5,11814
96.660004,111.389999,16.469999,13.390000,0.880000,49.570000,-1.540000,-3.990000,284.109985,58.900002,94148.421875,31.62,104.44,127.075005,PM2.5,11815
104.510002,119.650002,18.410000,15.790000,0.920000,47.529999,-2.650000,-4.120000,285.329987,56.320000,96165.296875,31.62,104.6,136.887497,PM2.5,11816
110.489998,124.650002,20.469999,16.760000,0.930000,46.139999,-3.730000,-3.810000,284.779999,58.369999,95981.328125,31.62,104.76,144.362503,PM2.5,11817
114.419998,126.820000,20.950001,13.740000,0.920000,47.040001,-4.460000,-3.910000,284.250000,60.619999,95805.460938,31.62,104.92,149.274994,PM2.5,11818
117.709999,128.169998,21.459999,11.180000,0.910000,47.369999,-4.730000,-4.620000,283.799988,62.770000,95761.703125,31.62,105.08,153.871429,PM2.5,11819
123.000000,132.300003,22.920000,10.820000,0.920000,46.639999,-4.250000,-4.570000,283.100006,66.500000,95287.718750,31.62,105.24,161.428574,PM2.5,11820
130.600006,139.449997,24.830000,11.290000,0.970000,45.189999,-3.590000,-4.280000,282.899994,69.830002,95277.531250,31.62,105.4,172.285721,PM2.5,11821
138.869995,147.779999,26.930000,12.500000,1.030000,42.529999,-3.350000,-4.120000,283.179993,71.730003,95717.406250,31.62,105.56,184.099991,PM2.5,11822
143.309998,152.750000,30.510000,14.130000,1.080000,39.299999,-3.340000,-3.550000,283.279999,74.559998,95833.296875,31.62,105.72,190.442856,PM2.5,11823
141.580002,150.589996,33.430000,14.430000,1.070000,38.939999,-3.680000,-2.810000,283.730011,75.410004,96416.593750,31.62,105.88,187.971436,PM2.5,11824
131.800003,140.250000,34.040001,12.750000,0.990000,39.220001,-4.790000,-2.490000,284.260010,74.160004,97054.703125,31.61,106.04,174.000000,PM2.5,11825
118.989998,128.800003,35.080002,11.930000,0.880000,39.500000,-6.070000,-2.490000,284.130005,74.599998,96774.593750,31.61,106.2,155.699997,PM2.5,11826
120.720001,130.509995,35.240002,12.010000,0.890000,38.930000,-6.460000,-2.380000,283.829987,75.949997,96598.703125,31.61,106.36,158.171432,PM2.5,11827
122.370003,132.139999,35.889999,12.120000,0.890000,38.500000,-6.390000,-2.090000,284.040009,75.120003,97040.640625,31.61,106.52,160.528580,PM2.5,11828
124.190002,133.970001,36.380001,12.070000,0.900000,38.090000,-6.420000,-1.490000,283.869995,75.989998,96968.476562,31.61,106.68,163.128571,PM2.5,11829
125.459999,135.259995,35.810001,12.270000,0.900000,37.029999,-5.950000,-0.630000,283.380005,78.180000,96325.859375,31.61,106.84,164.942856,PM2.5,11830
125.260002,135.000000,36.259998,12.340000,0.900000,36.889999,-5.580000,0.300000,283.630005,77.570000,96459.890625,31.6,107.0,164.657150,PM2.5,11831
123.260002,132.800003,35.900002,12.060000,0.890000,37.529999,-6.230000,1.610000,283.869995,77.019997,96259.578125,31.6,107.16,161.800003,PM2.5,11832
122.019997,131.190002,36.180000,11.350000,0.870000,39.400002,-7.090000,2.290000,283.260010,79.449997,95149.789062,31.6,107.32,160.028564,PM2.5,11833
121.139999,129.979996,35.680000,10.960000,0.860000,40.340000,-6.840000,1.410000,282.570007,81.629997,94178.882812,31.59,107.48,158.771423,PM2.5,11834
119.260002,127.639999,35.099998,10.630000,0.840000,41.180000,-5.680000,-0.160000,282.609985,81.059998,94259.640625,31.59,107.64,156.085724,PM2.5,11835
115.739998,123.790001,34.720001,10.400000,0.810000,42.590000,-4.710000,-0.060000,282.619995,80.779999,94179.492188,31.59,107.8,151.057144,PM2.5,11836
109.830002,117.419998,33.520000,9.550000,0.770000,45.389999,-4.300000,2.240000,282.170013,83.050003,93233.093750,31.58,107.96,143.537506,PM2.5,11837
102.540001,110.500000,30.709999,8.370000,0.720000,46.650002,-5.040000,3.780000,282.600006,81.040001,93445.179688,31.58,108.11,134.425003,PM2.5,11838
96.330002,104.230003,28.270000,7.430000,0.680000,48.099998,-6.160000,3.180000,282.029999,82.089996,91840.031250,31.58,108.27,126.662506,PM2.5,11839
1.490000,1.650000,0.150000,0.940000,0.110000,83.419998,3.170000,1.480000,261.679993,72.070000,56747.300781,31.6,98.69,2.750000,CO,12021
1.530000,1.700000,0.150000,0.880000,0.110000,82.300003,6.410000,2.860000,262.089996,70.760002,57056.750000,31.6,98.85,2.750000,CO,12022
1.570000,1.740000,0.150000,0.840000,0.110000,80.870003,6.620000,3.880000,264.630005,61.180000,59629.988281,31.61,99.01,2.750000,CO,12023
1.580000,1.760000,0.150000,0.800000,0.110000,79.970001,5.260000,3.570000,264.059998,66.019997,59788.808594,31.62,99.17,2.750000,CO,12024
1.560000,1.730000,0.150000,0.690000,0.110000,79.820000,5.250000,3.060000,262.910004,74.230003,59030.039062,31.63,99.32,2.750000,CO,12025
1.530000,1.700000,0.160000,0.600000,0.110000,79.879997,7.850000,5.040000,262.179993,77.169998,57977.328125,31.63,99.48,2.750000,CO,12026
1.560000,1.730000,0.180000,0.600000,0.110000,81.209999,9.880000,6.390000,264.149994,66.459999,58940.261719,31.64,99.64,2.750000,CO,12027
1.650000,1.830000,0.210000,0.860000,0.110000,81.139999,7.350000,4.510000,267.910004,54.540001,62107.851562,31.65,99.8,2.750000,CO,12028
1.800000,2.000000,0.260000,1.130000,0.120000,82.269997,4.940000,2.920000,267.970001,55.029999,62072.390625,31.65,99.96,3.000000,CO,12029
1.800000,2.000000,0.260000,1.150000,0.120000,79.449997,5.470000,2.890000,266.859985,57.869999,60813.828125,31.66,100.12,3.000000,CO,12030
1.720000,1.910000,0.230000,1.070000,0.120000,77.129997,5.480000,2.570000,268.290009,52.450001,61700.828125,31.67,100.28,3.000000,CO,12031
1.710000,1.900000,0.230000,1.150000,0.120000,75.750000,4.060000,1.490000,269.559998,48.790001,62752.878906,31.67,100.44,3.000000,CO,12032
1.790000,2.000000,0.240000,1.400000,0.120000,74.419998,3.060000,1.770000,269.250000,50.200001,62669.621094,31.68,100.6,3.000000,CO,12033
1.890000,2.110000,0.250000,1.560000,0.120000,74.900002,3.230000,3.110000,268.690002,52.009998,62198.210938,31.68,100.76,3.000000,CO,12034
1.980000,2.230000,0.260000,1.620000,0.130000,74.830002,4.030000,4.160000,268.309998,53.439999,61842.921875,31.69,100.92,3.250000,CO,12035
1.960000,2.200000,0.240000,1.280000,0.120000,75.239998,4.790000,4.840000,268.739990,52.169998,62093.941406,31.69,101.08,3.000000,CO,12036
1.980000,2.230000,0.230000,1.170000,0.120000,75.129997,5.450000,4.320000,268.760010,51.110001,62002.328125,31.7,101.24,3.000000,CO,12037
1.990000,2.240000,0.230000,1.110000,0.120000,74.949997,6.680000,4.110000,268.600006,50.349998,61661.839844,31.7,101.4,3.000000,CO,12038
2.050000,2.320000,0.250000,1.090000,0.120000,74.099998,7.080000,4.980000,271.149994,42.930000,63717.808594,31.71,101.56,3.000000,CO,12039
3.680000,4.100000,0.590000,1.110000,0.130000,72.099998,4.400000,3.420000,273.149994,38.480000,65706.367188,31.71,101.72,5.257143,PM2.5,12040
10.080000,11.060000,1.900000,1.250000,0.170000,71.720001,0.430000,3.170000,273.130005,41.330002,66705.921875,31.72,101.88,14.400000,PM2.5,12041
16.910000,18.559999,3.220000,1.490000,0.220000,73.820000,-0.100000,6.720000,272.299988,44.950001,66237.906250,31.72,102.04,24.157143,PM2.5,12042
18.700001,20.820000,3.060000,1.510000,0.240000,74.870003,3.600000,8.650000,269.559998,49.290001,62776.011719,31.72,102.2,26.714287,PM2.5,12043
21.709999,24.570000,3.000000,1.660000,0.270000,77.019997,6.130000,8.020000,269.709991,48.240002,62476.179688,31.73,102.36,31.014284,PM2.5,12044
23.129999,26.530001,2.680000,1.750000,0.300000,81.339996,5.520000,7.800000,270.720001,46.709999,63473.519531,31.73,102.52,33.042854,PM2.5,12045
24.170000,27.830000,2.800000,1.990000,0.310000,81.370003,4.730000,6.150000,269.000000,53.959999,62362.921875,31.73,102.68,34.528572,PM2.5,12046
26.680000,31.290001,3.280000,2.440000,0.330000,79.940002,4.990000,4.210000,268.130005,63.049999,62116.578125,31.74,102.84,38.114285,PM2.5,12047
34.369999,40.570000,4.330000,3.070000,0.390000,77.430000,4.360000,5.800000,267.820007,69.809998,62463.609375,31.74,103.0,49.099998,PM2.5,12048
43.130001,50.500000,5.620000,3.850000,0.460000,77.320000,3.350000,6.900000,267.489990,79.010002,63420.820312,31.74,103.16,60.162502,PM2.5,12049
51.570000,60.200001,6.930000,5.080000,0.520000,72.279999,2.330000,7.370000,268.239990,83.930000,65780.750000,31.74,103.32,70.712502,PM2.5,12050
48.380001,56.759998,6.690000,5.320000,0.490000,69.430000,0.670000,5.920000,269.320007,83.470001,68030.039062,31.75,103.48,66.724998,PM2.5,12051
50.139999,58.889999,7.150000,6.170000,0.500000,63.919998,-0.350000,2.580000,270.529999,85.820000,71070.960938,31.75,103.64,68.925003,PM2.5,12052
63.410000,72.730003,10.230000,7.970000,0.590000,60.299999,-1.210000,-0.070000,273.339996,80.660004,76449.500000,31.75,103.8,85.512497,PM2.5,12053
72.830002,82.720001,12.200000,9.530000,0.660000,58.680000,-1.620000,2.190000,275.149994,78.879997,80084.906250,31.75,103.96,97.287506,PM2.5,12054
79.419998,89.620003,13.710000,9.490000,0.700000,56.939999,-1.090000,0.830000,275.910004,81.269997,82270.898438,31.75,104.12,105.524994,PM2.5,12055
88.480003,100.510002,15.160000,10.850000,0.790000,53.400002,-0.920000,-0.750000,278.029999,77.330002,85774.406250,31.75,104.28,116.850006,PM2.5,12056
91.410004,102.980003,15.830000,11.450000,0.790000,51.119999,-1.630000,-2.900000,280.750000,69.660004,89745.906250,31.75,104.44,120.512505,PM2.5,12057
98.029999,110.220001,17.920000,14.090000,0.840000,49.090000,-2.110000,-4.140000,282.980011,63.270000,92873.906250,31.75,104.6,128.787506,PM2.5,12058
102.040001,113.589996,20.490000,16.400000,0.840000,47.029999,-2.710000,-4.170000,284.209991,59.840000,94997.679688,31.75,104.76,133.800003,PM2.5,12059
105.519997,115.720001,20.709999,13.290000,0.840000,47.369999,-3.960000,-4.120000,284.649994,58.619999,95926.898438,31.75,104.92,138.149994,PM2.5,12060
109.440002,118.190002,20.629999,9.680000,0.840000,47.830002,-4.590000,-5.020000,283.829987,61.590000,95600.093750,31.75,105.08,143.050003,PM2.5,12061
115.949997,123.989998,22.490000,9.590000,0.860000,46.779999,-4.070000,-5.090000,283.100006,64.980003,95311.007812,31.75,105.24,151.357132,PM2.5,12062
124.110001,131.779999,24.530001,10.140000,0.910000,45.450001,-3.450000,-4.720000,282.869995,67.980003,95304.273438,31.75,105.4,163.014282,PM2.5,12063
131.789993,139.429993,26.360001,11.030000,0.960000,43.009998,-3.120000,-4.330000,282.679993,71.820000,95219.023438,31.75,105.56,173.985703,PM2.5,12064
136.750000,145.259995,28.730000,12.550000,1.020000,39.000000,-2.820000,-3.350000,282.790009,74.730003,95332.953125,31.75,105.72,181.071426,PM2.5,12065
136.830002,145.289993,30.950001,12.960000,1.020000,38.470001,-3.400000,-2.290000,283.649994,74.449997,96296.796875,31.75,105.88,181.185715,PM2.5,12066
128.910004,137.070007,31.969999,11.930000,0.950000,38.430000,-4.990000,-2.400000,283.940002,74.239998,96641.773438,31.75,106.04,169.871429,PM2.5,12067
119.730003,129.259995,33.580002,11.380000,0.870000,38.910000,-6.140000,-2.320000,283.170013,77.349998,95701.046875,31.75,106.2,156.757141,PM2.5,12068
121.760002,131.229996,33.820000,11.340000,0.880000,39.049999,-6.630000,-1.970000,282.910004,78.169998,95587.078125,31.75,106.36,159.657150,PM2.5,12069
123.370003,132.759995,34.930000,11.270000,0.890000,39.759998,-7.190000,-2.360000,283.519989,74.820000,96604.117188,31.75,106.52,161.957153,PM2.5,12070
125.349998,134.690002,35.150002,11.360000,0.890000,39.680000,-7.410000,-2.890000,283.709991,73.209999,97156.273438,31.74,106.68,164.785706,PM2.5,12071
127.519997,136.850006,35.490002,11.550000,0.900000,39.169998,-6.910000,-2.500000,283.559998,73.309998,97090.242188,31.74,106.84,167.885712,PM2.5,12072
128.210007,137.559998,35.720001,11.710000,0.900000,38.790001,-6.120000,-1.350000,283.380005,74.900002,96585.890625,31.74,107.0,168.871445,PM2.5,12073
126.839996,136.059998,35.419998,11.540000,0.890000,38.900002,-5.650000,0.290000,283.079987,77.400002,95730.156250,31.74,107.16,166.914276,PM2.5,12074
123.790001,132.539993,35.669998,10.960000,0.870000,40.419998,-6.220000,1.840000,282.890015,78.480003,94901.937500,31.73,107.32,162.557144,PM2.5,12075
122.459999,130.740005,35.310001,10.550000,0.860000,41.520000,-6.560000,1.760000,281.859985,82.089996,93205.132812,31.73,107.48,160.657135,PM2.5,12076
120.449997,127.800003,35.250000,10.250000,0.830000,43.150002,-5.400000,0.160000,280.739990,86.879997,91813.343750,31.73,107.64,157.785706,PM2.5,12077
120.500000,128.720001,34.520000,10.660000,0.830000,41.060001,-4.160000,-0.730000,281.170013,84.879997,92716.359375,31.72,107.8,157.857147,PM2.5,12078
114.110001,121.870003,32.799999,9.710000,0.790000,43.369999,-3.700000,0.520000,282.549988,79.800003,94127.109375,31.72,107.96,148.887497,PM2.5,12079
102.849998,109.820000,30.090000,8.050000,0.720000,47.349998,-4.100000,2.290000,282.750000,78.870003,93219.648438,31.72,108.12,134.812500,PM2.5,12080
94.800003,101.629997,27.290001,6.890000,0.670000,49.150002,-4.840000,2.800000,280.829987,85.599998,89678.843750,31.71,108.28,124.750000,PM2.5,12081
93.379997,100.830002,25.240000,6.370000,0.650000,47.349998,-4.640000,3.320000,278.910004,93.519997,87042.898438,31.71,108.44,122.974998,PM2.5,12082
1.420000,1.570000,0.130000,0.890000,0.110000,85.410004,0.730000,3.070000,263.570007,65.339996,58849.781250,31.72,98.52,2.750000,CO,12264
1.410000,1.570000,0.140000,0.920000,0.110000,83.480003,4.430000,4.290000,259.480011,79.769997,54835.019531,31.73,98.68,2.750000,CO,12265
1.400000,1.550000,0.140000,0.720000,0.110000,83.400002,8.220000,5.230000,259.179993,78.930000,54203.800781,31.74,98.84,2.750000,CO,12266
1.420000,1.540000,0.140000,0.650000,0.110000,83.239998,7.910000,6.230000,262.070007,68.199997,56833.339844,31.75,99.0,2.750000,CO,12267
1.460000,1.610000,0.140000,0.660000,0.110000,81.879997,6.970000,7.700000,263.029999,66.459999,58098.921875,31.75,99.16,2.750000,CO,12268
1.440000,1.590000,0.140000,0.600000,0.110000,80.820000,7.760000,7.930000,262.869995,69.010002,58165.628906,31.76,99.32,2.750000,CO,12269
1.450000,1.600000,0.150000,0.570000,0.110000,81.199997,9.370000,8.240000,263.929993,64.250000,58885.539062,31.77,99.48,2.750000,CO,12270
1.510000,1.670000,0.170000,0.640000,0.110000,80.870003,8.270000,6.030000,266.049988,57.130001,60554.031250,31.78,99.64,2.750000,CO,12271
1.640000,1.820000,0.210000,0.920000,0.110000,81.400002,5.560000,2.640000,266.519989,57.270000,61080.039062,31.78,99.8,2.750000,CO,12272
1.720000,1.900000,0.240000,1.050000,0.120000,82.650002,5.500000,2.720000,265.670013,60.290001,60089.378906,31.79,99.96,3.000000,CO,12273
1.700000,1.880000,0.230000,1.040000,0.120000,79.480003,5.300000,2.980000,266.269989,58.910000,60480.500000,31.8,100.12,3.000000,CO,12274
1.620000,1.800000,0.210000,1.060000,0.120000,77.989998,4.020000,1.850000,267.410004,55.189999,61246.480469,31.8,100.28,3.000000,CO,12275
1.620000,1.800000,0.210000,1.150000,0.120000,77.400002,3.950000,1.660000,267.540009,53.810001,61092.410156,31.81,100.44,3.000000,CO,12276
1.680000,1.860000,0.220000,1.270000,0.120000,76.489998,3.830000,2.110000,267.859985,53.680000,61447.101562,31.81,100.6,3.000000,CO,12277
1.730000,1.930000,0.230000,1.390000,0.120000,75.849998,3.540000,2.460000,267.869995,56.139999,61777.730469,31.82,100.76,3.000000,CO,12278
1.800000,2.010000,0.230000,1.510000,0.120000,75.290001,4.120000,3.170000,267.899994,56.970001,61717.269531,31.82,100.92,3.000000,CO,12279
1.790000,2.010000,0.220000,1.340000,0.120000,75.610001,3.810000,3.190000,269.170013,53.389999,62786.609375,31.83,101.08,3.000000,CO,12280
1.830000,2.050000,0.220000,1.190000,0.120000,75.699997,3.910000,2.930000,268.480011,54.889999,62256.160156,31.83,101.24,3.000000,CO,12281
1.860000,2.090000,0.220000,1.080000,0.120000,75.480003,6.450000,3.700000,267.179993,57.270000,60508.660156,31.84,101.4,3.000000,CO,12282
2.310000,2.580000,0.330000,1.130000,0.120000,73.690002,6.020000,2.970000,270.929993,44.799999,63658.089844,31.84,101.56,3.300000,PM2.5,12283
5.060000,5.620000,0.880000,1.200000,0.140000,71.989998,2.150000,2.240000,273.299988,40.360001,66653.546875,31.85,101.72,7.228571,PM2.5,12284
7.900000,8.730000,1.470000,1.220000,0.160000,72.089996,0.650000,4.800000,271.549988,45.959999,65281.718750,31.85,101.88,11.285714,PM2.5,12285
14.990000,16.410000,2.830000,1.390000,0.210000,72.800003,2.030000,7.920000,270.820007,48.650002,64640.800781,31.86,102.04,21.414286,PM2.5,12286
16.910000,18.750000,2.780000,1.440000,0.230000,73.739998,3.590000,7.740000,270.940002,46.139999,64075.441406,31.86,102.2,24.157143,PM2.5,12287
19.059999,21.410000,2.740000,1.570000,0.250000,76.940002,3.680000,4.770000,270.940002,46.590000,64056.519531,31.86,102.36,27.228571,PM2.5,12288
21.260000,24.340000,2.530000,1.710000,0.280000,77.599998,3.210000,4.590000,271.200012,47.400002,64443.929688,31.87,102.52,30.371429,PM2.5,12289
22.280001,25.639999,2.600000,1.840000,0.290000,79.389999,4.310000,5.580000,268.459991,56.220001,61956.339844,31.87,102.68,31.828573,PM2.5,12290
23.420000,27.139999,2.910000,2.000000,0.310000,80.230003,7.200000,6.150000,266.859985,60.840000,60161.511719,31.87,102.84,33.457142,PM2.5,12291
28.090000,32.849998,3.450000,2.390000,0.340000,78.419998,7.790000,6.650000,268.940002,57.950001,62180.019531,31.87,103.0,40.128571,PM2.5,12292
35.369999,41.500000,4.710000,3.070000,0.400000,73.580002,3.860000,6.420000,272.279999,54.669998,66170.218750,31.88,103.16,50.462498,PM2.5,12293
46.279999,53.459999,6.430000,4.340000,0.470000,68.739998,-1.400000,6.670000,272.890015,63.049999,69667.500000,31.88,103.32,64.099998,PM2.5,12294
44.700001,51.349998,6.210000,4.550000,0.450000,67.839996,-3.510000,4.010000,271.160004,75.629997,70026.390625,31.88,103.48,62.125000,PM2.5,12295
46.810001,53.740002,6.610000,4.980000,0.460000,62.880001,-2.060000,1.940000,269.589996,87.800003,69600.218750,31.88,103.64,64.762505,PM2.5,12296
56.299999,63.540001,8.840000,5.520000,0.510000,62.180000,-0.810000,0.860000,270.570007,90.720001,72558.117188,31.89,103.8,76.625000,PM2.5,12297
67.290001,75.070000,11.700000,7.250000,0.590000,61.590000,-0.800000,1.420000,273.920013,83.589996,78501.968750,31.89,103.96,90.362503,PM2.5,12298
73.669998,82.239998,13.150000,7.570000,0.640000,60.180000,-0.670000,1.250000,277.369995,73.940002,84229.750000,31.89,104.12,98.337494,PM2.5,12299
77.639999,85.989998,13.850000,7.640000,0.660000,56.650002,-1.130000,-0.190000,278.640015,73.279999,86784.921875,31.89,104.28,103.300003,PM2.5,12300
83.510002,91.959999,15.320000,9.270000,0.690000,52.939999,-1.950000,-1.590000,278.230011,77.589996,86482.343750,31.89,104.44,110.637505,PM2.5,12301
91.510002,101.000000,18.110001,13.270000,0.760000,49.340000,-1.870000,-2.560000,278.959991,76.629997,87815.648438,31.89,104.6,120.637505,PM2.5,12302
93.930000,103.070000,22.059999,18.490000,0.760000,46.400002,-2.170000,-3.470000,281.790009,67.209999,91780.976562,31.89,104.76,123.662498,PM2.5,12303
94.879997,103.089996,21.290001,13.720000,0.750000,48.110001,-3.270000,-4.270000,283.589996,61.169998,94087.421875,31.89,104.92,124.849998,PM2.5,12304
99.589996,106.970001,19.559999,7.840000,0.760000,49.320000,-3.810000,-5.640000,283.630005,61.310001,94894.429688,31.89,105.08,130.737488,PM2.5,12305
108.430000,115.419998,21.959999,8.330000,0.810000,47.259998,-3.550000,-5.960000,283.109985,63.560001,95221.406250,31.89,105.24,141.787506,PM2.5,12306
117.309998,123.910004,24.340000,8.980000,0.860000,46.070000,-2.960000,-5.320000,282.589996,67.150002,95040.859375,31.89,105.4,153.300003,PM2.5,12307
124.820000,131.449997,26.070000,9.680000,0.900000,43.810001,-2.440000,-4.690000,282.500000,70.599998,95190.953125,31.89,105.56,164.028564,PM2.5,12308
128.830002,136.339996,27.200001,10.630000,0.940000,39.750000,-2.390000,-3.310000,282.660004,73.480003,95315.062500,31.89,105.72,169.757141,PM2.5,12309
130.059998,137.860001,28.510000,11.050000,0.950000,38.889999,-3.580000,-2.000000,283.040009,75.370003,95250.390625,31.89,105.88,171.514282,PM2.5,12310
124.459999,132.330002,30.280001,10.710000,0.910000,38.680000,-5.120000,-2.220000,282.869995,77.150002,95053.992188,31.89,106.04,163.514282,PM2.5,12311
117.970001,127.160004,32.130001,10.690000,0.850000,38.820000,-5.660000,-1.970000,282.619995,78.260002,94985.343750,31.89,106.2,154.242859,PM2.5,12312
120.309998,129.500000,33.060001,10.850000,0.860000,39.150002,-6.470000,-1.600000,282.820007,77.070000,95182.140625,31.88,106.36,157.585709,PM2.5,12313
123.849998,133.100006,33.910000,10.940000,0.880000,39.580002,-7.710000,-2.070000,282.679993,76.489998,95074.390625,31.88,106.52,162.642853,PM2.5,12314
127.690002,136.960007,33.980000,11.340000,0.900000,39.080002,-8.030000,-2.980000,282.170013,77.250000,94916.359375,31.88,106.68,168.128571,PM2.5,12315
130.919998,140.110001,35.099998,11.470000,0.910000,39.290001,-7.490000,-3.920000,282.220001,75.839996,95626.992188,31.88,106.84,172.742859,PM2.5,12316
132.630005,141.839996,35.139999,11.350000,0.910000,39.430000,-6.610000,-3.650000,282.290009,75.820000,95933.078125,31.87,107.0,175.185715,PM2.5,12317
133.029999,142.240005,35.549999,11.380000,0.910000,39.389999,-5.640000,-1.890000,282.089996,77.900002,95189.242188,31.87,107.16,175.757141,PM2.5,12318
129.960007,138.720001,35.959999,11.110000,0.890000,40.439999,-5.310000,0.220000,282.089996,78.809998,94370.140625,31.87,107.32,171.371445,PM2.5,12319
125.860001,133.619995,35.820000,10.210000,0.860000,43.160000,-6.010000,0.880000,281.369995,81.459999,92919.078125,31.87,107.48,165.514282,PM2.5,12320
127.349998,135.750000,34.900002,10.430000,0.860000,40.930000,-6.260000,0.480000,279.809998,87.730003,91142.781250,31.86,107.64,167.642853,PM2.5,12321
126.820000,135.169998,34.540001,10.750000,0.850000,40.160000,-4.880000,-0.170000,279.730011,88.540001,91165.750000,31.86,107.8,166.885712,PM2.5,12322
125.370003,133.600006,34.110001,10.480000,0.840000,41.259998,-3.960000,-1.060000,281.369995,81.320000,93015.343750,31.86,107.96,164.814285,PM2.5,12323
118.660004,126.510002,32.590000,9.690000,0.800000,42.970001,-4.040000,-0.710000,281.720001,80.230003,92441.281250,31.85,108.12,155.228577,PM2.5,12324
100.669998,107.430000,28.520000,7.260000,0.690000,48.369999,-3.750000,1.880000,279.570007,89.440002,88151.203125,31.85,108.28,132.087494,PM2.5,12325
1.400000,1.550000,0.130000,0.770000,0.110000,85.230003,2.700000,5.880000,260.739990,76.599998,56415.218750,31.86,98.51,2.750000,CO,12509
1.350000,1.500000,0.130000,0.750000,0.110000,84.190002,5.850000,6.840000,258.540009,82.040001,54156.828125,31.87,98.67,2.750000,CO,12510
1.320000,1.460000,0.130000,0.630000,0.110000,84.550003,9.630000,6.290000,258.109985,79.889999,53288.890625,31.87,98.83,2.750000,CO,12511
1.330000,1.430000,0.140000,0.610000,0.110000,84.629997,9.570000,6.390000,261.980011,63.880001,56315.648438,31.88,98.99,2.750000,CO,12512
1.380000,1.510000,0.150000,0.680000,0.110000,82.800003,7.420000,7.900000,265.489990,54.560001,59890.148438,31.89,99.15,2.750000,CO,12513
1.390000,1.530000,0.140000,0.660000,0.110000,81.809998,7.430000,8.280000,265.589996,56.270000,60297.718750,31.9,99.31,2.750000,CO,12514
1.420000,1.560000,0.140000,0.670000,0.110000,81.010002,7.630000,6.580000,265.920013,55.959999,60606.359375,31.9,99.47,2.750000,CO,12515
1.470000,1.620000,0.170000,0.760000,0.110000,79.910004,4.830000,3.170000,266.529999,57.060001,61864.750000,31.91,99.63,2.750000,CO,12516
1.540000,1.710000,0.190000,0.870000,0.110000,81.160004,4.060000,2.810000,265.220001,61.590000,60388.339844,31.92,99.79,2.750000,CO,12517
1.590000,1.760000,0.200000,0.920000,0.120000,81.940002,5.630000,3.550000,264.850006,62.310001,59515.378906,31.93,99.95,3.000000,CO,12518
1.580000,1.750000,0.200000,0.920000,0.120000,78.190002,4.430000,2.700000,266.959991,55.810001,61255.609375,31.93,100.11,3.000000,CO,12519
1.540000,1.700000,0.200000,1.090000,0.120000,77.639999,3.200000,2.400000,267.220001,54.290001,61181.191406,31.94,100.27,3.000000,CO,12520
1.540000,1.710000,0.200000,1.160000,0.120000,77.570000,3.990000,2.680000,266.570007,55.480000,60343.878906,31.94,100.43,3.000000,CO,12521
1.580000,1.760000,0.210000,1.160000,0.120000,77.379997,4.440000,2.070000,266.790009,56.000000,60621.058594,31.95,100.59,3.000000,CO,12522
1.610000,1.790000,0.210000,1.220000,0.120000,76.309998,4.530000,2.330000,266.630005,60.130001,60681.609375,31.95,100.75,3.000000,CO,12523
1.640000,1.830000,0.210000,1.290000,0.120000,75.339996,4.390000,3.170000,267.559998,59.400002,61615.648438,31.96,100.91,3.000000,CO,12524
1.660000,1.850000,0.200000,1.210000,0.120000,75.769997,3.470000,3.220000,268.170013,58.910000,62163.679688,31.97,101.07,3.000000,CO,12525
1.690000,1.890000,0.200000,1.060000,0.120000,75.760002,4.300000,3.880000,266.839996,62.830002,60774.250000,31.97,101.23,3.000000,CO,12526
1.740000,1.940000,0.210000,0.980000,0.120000,75.589996,6.330000,4.670000,266.799988,60.709999,60250.898438,31.97,101.39,3.000000,CO,12527
2.050000,2.280000,0.270000,1.050000,0.120000,73.599998,5.400000,3.260000,268.940002,52.360001,61977.890625,31.98,101.55,3.000000,CO,12528
2.910000,3.230000,0.440000,1.110000,0.130000,71.489998,3.580000,3.200000,269.899994,49.619999,63112.980469,31.98,101.71,4.157143,PM2.5,12529
6.310000,6.960000,1.140000,1.180000,0.150000,71.370003,3.400000,5.930000,271.140015,46.380001,64428.949219,31.99,101.87,9.014286,PM2.5,12530
12.980000,14.190000,2.450000,1.360000,0.190000,71.610001,2.670000,7.710000,273.420013,41.310001,66758.023438,31.99,102.03,18.542856,PM2.5,12531
14.540000,16.080000,2.470000,1.400000,0.210000,72.650002,1.800000,6.240000,271.649994,44.549999,64870.851562,32.0,102.19,20.771429,PM2.5,12532
16.030001,17.930000,2.410000,1.440000,0.230000,75.059998,2.570000,4.380000,268.230011,54.790001,61635.089844,32.0,102.35,22.900002,PM2.5,12533
17.969999,20.360001,2.340000,1.580000,0.250000,76.000000,4.050000,4.740000,268.019989,57.830002,61742.781250,32.0,102.51,25.671427,PM2.5,12534
19.030001,21.690001,2.430000,1.680000,0.260000,77.080002,5.840000,6.310000,268.549988,56.849998,62064.761719,32.01,102.67,27.185715,PM2.5,12535
20.809999,23.969999,2.760000,1.850000,0.280000,76.010002,7.020000,5.890000,269.010010,55.150002,62212.300781,32.01,102.83,29.728571,PM2.5,12536
25.920000,30.180000,3.680000,2.310000,0.320000,68.930000,3.690000,2.300000,271.290009,54.439999,64986.851562,32.01,102.99,37.028572,PM2.5,12537
37.840000,43.099998,5.570000,3.120000,0.400000,66.680000,-2.890000,2.080000,273.730011,56.340000,69791.382812,32.01,103.15,53.549999,PM2.5,12538
40.810001,46.320000,6.070000,3.410000,0.420000,66.870003,-6.180000,4.620000,273.010010,63.369999,70569.460938,32.02,103.31,57.262501,PM2.5,12539
39.169998,44.340000,5.700000,3.370000,0.390000,63.369999,-4.000000,3.260000,269.279999,77.860001,67115.812500,32.02,103.48,55.212498,PM2.5,12540
43.009998,48.619999,6.230000,3.830000,0.420000,62.980000,-0.220000,3.240000,267.920013,87.559998,66589.750000,32.02,103.64,60.012497,PM2.5,12541
50.380001,56.400002,7.890000,4.180000,0.460000,63.259998,0.650000,2.440000,269.200012,89.949997,69406.367188,32.02,103.8,69.224998,PM2.5,12542
60.939999,67.650002,10.720000,5.460000,0.530000,62.880001,-0.520000,2.170000,272.410004,86.300003,75913.710938,32.02,103.96,82.424995,PM2.5,12543
65.290001,72.080002,12.130000,5.580000,0.560000,61.840000,-0.680000,1.350000,276.290009,76.500000,82738.093750,32.02,104.12,87.862503,PM2.5,12544
67.000000,73.550003,12.570000,5.230000,0.570000,60.740002,-0.860000,-0.300000,277.470001,75.519997,84702.562500,32.02,104.28,90.000000,PM2.5,12545
74.070000,80.680000,14.330000,6.420000,0.610000,55.560001,-1.380000,-0.620000,277.429993,78.550003,85336.882812,32.03,104.44,98.837502,PM2.5,12546
81.010002,87.959999,16.980000,9.200000,0.660000,51.639999,-1.620000,-0.840000,278.149994,78.440002,86959.039062,32.03,104.6,107.512505,PM2.5,12547
82.779999,89.470001,19.170000,10.840000,0.660000,50.259998,-2.450000,-1.920000,279.049988,76.169998,88124.750000,32.03,104.76,109.724998,PM2.5,12548
84.239998,90.589996,18.780001,8.520000,0.660000,50.560001,-2.980000,-3.640000,279.920013,73.250000,89276.921875,32.03,104.92,111.549995,PM2.5,12549
90.029999,96.230003,18.740000,6.520000,0.690000,49.820000,-2.680000,-5.700000,281.640015,67.010002,92277.726562,32.03,105.08,118.787498,PM2.5,12550
100.620003,106.629997,21.700001,7.540000,0.750000,46.869999,-2.420000,-6.720000,282.119995,65.080002,94031.070312,32.03,105.24,132.025009,PM2.5,12551
109.110001,114.639999,24.500000,8.410000,0.800000,46.070000,-2.050000,-5.320000,281.690002,68.500000,94102.007812,32.03,105.4,142.637497,PM2.5,12552
117.489998,123.300003,26.350000,9.030000,0.850000,44.009998,-1.480000,-5.170000,282.040009,70.290001,94709.429688,32.03,105.56,153.557144,PM2.5,12553
122.080002,128.979996,27.379999,9.970000,0.890000,39.970001,-1.730000,-3.650000,282.359985,72.779999,95019.539062,32.02,105.72,160.114288,PM2.5,12554
124.070000,131.539993,28.100000,10.330000,0.900000,39.160000,-3.350000,-1.500000,281.970001,77.970001,93695.601562,32.02,105.88,162.957138,PM2.5,12555
121.169998,129.029999,29.059999,10.330000,0.870000,38.389999,-4.740000,-1.290000,281.459991,81.430000,92961.796875,32.02,106.04,158.814285,PM2.5,12556
117.070000,126.110001,30.500000,10.380000,0.840000,38.180000,-5.140000,-1.330000,282.049988,79.160004,94114.960938,32.02,106.2,152.957138,PM2.5,12557
120.230003,129.339996,31.690001,10.670000,0.850000,38.009998,-6.060000,-1.520000,282.440002,77.139999,94561.320312,32.02,106.36,157.471436,PM2.5,12558
124.680000,133.880005,33.080002,10.710000,0.880000,38.500000,-7.240000,-1.280000,281.690002,79.510002,93608.406250,32.02,106.52,163.828568,PM2.5,12559
128.919998,138.070007,33.360001,10.690000,0.890000,38.529999,-7.940000,-1.130000,280.640015,82.639999,92539.718750,32.02,106.69,169.885712,PM2.5,12560
132.339996,141.380005,33.630001,10.850000,0.910000,38.410000,-7.800000,-2.600000,280.149994,83.019997,92630.187500,32.01,106.85,174.771423,PM2.5,12561
135.100006,144.169998,34.070000,10.920000,0.910000,38.900002,-6.830000,-3.910000,280.209991,81.680000,93495.718750,32.01,107.01,178.714294,PM2.5,12562
136.779999,146.059998,34.799999,11.060000,0.920000,39.480000,-6.230000,-3.610000,280.839996,78.970001,94537.507812,32.01,107.17,181.114288,PM2.5,12563
136.889999,146.119995,35.680000,11.010000,0.910000,40.270000,-6.790000,-2.370000,281.299988,77.540001,94434.656250,32.01,107.33,181.271423,PM2.5,12564
137.009995,146.009995,36.090000,10.910000,0.910000,40.580002,-7.160000,-1.090000,280.200012,82.250000,92496.640625,32.0,107.49,181.442856,PM2.5,12565
137.600006,146.500000,36.160000,11.210000,0.910000,39.470001,-6.300000,-0.030000,279.029999,87.589996,91075.812500,32.0,107.65,182.285721,PM2.5,12566
138.059998,146.860001,36.410000,11.720000,0.910000,38.770000,-5.230000,-0.000000,279.119995,86.800003,91199.750000,32.0,107.81,182.942856,PM2.5,12567
137.960007,146.729996,36.630001,11.670000,0.910000,39.919998,-4.900000,-1.560000,279.820007,83.330002,91644.468750,31.99,107.97,182.800003,PM2.5,12568
140.270004,149.229996,37.150002,12.050000,0.920000,39.029999,-3.980000,-2.590000,279.160004,86.750000,90393.398438,31.99,108.13,186.100006,PM2.5,12569
1.370000,1.520000,0.120000,0.610000,0.110000,85.779999,4.780000,7.810000,261.149994,75.000000,56557.031250,31.99,98.5,2.750000,CO,12759
1.340000,1.480000,0.130000,0.630000,0.110000,85.099998,6.150000,7.890000,259.679993,78.089996,55126.699219,32.0,98.66,2.750000,CO,12760
1.280000,1.380000,0.130000,0.530000,0.110000,85.879997,9.350000,6.940000,258.779999,75.529999,53865.589844,32.01,98.82,2.750000,CO,12761
1.290000,1.390000,0.140000,0.570000,0.110000,85.349998,9.770000,5.510000,261.549988,61.380001,55705.480469,32.02,98.98,2.750000,CO,12762
1.340000,1.460000,0.150000,0.650000,0.110000,82.870003,6.880000,5.210000,265.000000,53.009998,59334.769531,32.03,99.14,2.750000,CO,12763
1.450000,1.580000,0.170000,0.710000,0.110000,80.860001,4.870000,4.800000,265.619995,56.009998,60917.851562,32.03,99.3,2.750000,CO,12764
1.560000,1.720000,0.190000,0.760000,0.110000,80.010002,3.450000,2.600000,265.179993,64.500000,61784.378906,32.04,99.46,2.750000,CO,12765
1.530000,1.690000,0.190000,0.830000,0.110000,79.779999,2.380000,1.370000,265.239990,65.250000,61665.480469,32.05,99.62,2.750000,CO,12766
1.570000,1.740000,0.200000,0.870000,0.110000,80.389999,3.620000,2.770000,264.910004,64.940002,60694.250000,32.05,99.78,2.750000,CO,12767
1.590000,1.760000,0.210000,0.910000,0.120000,81.019997,4.670000,2.770000,265.920013,60.279999,61101.718750,32.06,99.94,3.000000,CO,12768
1.570000,1.740000,0.200000,0.970000,0.120000,77.010002,3.970000,2.050000,266.890015,56.680000,61806.628906,32.07,100.1,3.000000,CO,12769
1.520000,1.690000,0.200000,1.130000,0.120000,76.290001,3.620000,2.450000,267.309998,54.110001,61733.910156,32.07,100.26,3.000000,CO,12770
1.520000,1.680000,0.200000,1.240000,0.120000,75.930000,3.620000,2.760000,267.179993,53.590000,61307.570312,32.08,100.42,3.000000,CO,12771
1.500000,1.670000,0.190000,1.050000,0.120000,77.150002,4.250000,2.510000,265.869995,58.820000,60121.871094,32.09,100.58,3.000000,CO,12772
1.510000,1.670000,0.180000,1.010000,0.120000,76.800003,5.910000,3.250000,264.929993,63.650002,59085.468750,32.09,100.74,3.000000,CO,12773
1.510000,1.680000,0.180000,0.990000,0.120000,75.779999,5.990000,4.150000,266.500000,59.970001,60338.070312,32.1,100.9,3.000000,CO,12774
1.540000,1.710000,0.180000,0.920000,0.120000,75.430000,4.730000,4.570000,267.769989,59.419998,61582.058594,32.1,101.06,3.000000,CO,12775
1.580000,1.760000,0.190000,0.860000,0.120000,75.599998,5.110000,4.740000,267.649994,60.240002,61347.488281,32.11,101.22,3.000000,CO,12776
1.620000,1.810000,0.190000,0.830000,0.120000,74.800003,5.880000,3.970000,268.480011,56.209999,61856.539062,32.11,101.38,3.000000,CO,12777
1.830000,2.050000,0.230000,0.930000,0.120000,72.809998,5.040000,3.260000,269.450012,52.619999,62729.500000,32.12,101.55,3.000000,CO,12778
2.510000,2.780000,0.360000,1.020000,0.120000,70.919998,4.310000,3.450000,270.149994,49.959999,63342.921875,32.12,101.71,3.585714,PM2.5,12779
5.010000,5.480000,0.890000,1.140000,0.140000,69.900002,3.570000,3.860000,272.709991,42.810001,65938.468750,32.12,101.87,7.157143,PM2.5,12780
10.660000,11.660000,2.000000,1.380000,0.180000,69.639999,1.780000,4.800000,274.829987,38.599998,68520.953125,32.13,102.03,15.228571,PM2.5,12781
12.550000,13.830000,2.210000,1.370000,0.190000,71.550003,1.500000,5.980000,272.140015,43.639999,65491.550781,32.13,102.19,17.928572,PM2.5,12782
13.900000,15.400000,2.280000,1.330000,0.210000,72.900002,3.250000,6.700000,268.369995,53.669998,61633.679688,32.14,102.35,19.857141,PM2.5,12783
15.180000,16.969999,2.300000,1.500000,0.220000,73.980003,4.470000,6.260000,268.119995,56.840000,61567.679688,32.14,102.51,21.685715,PM2.5,12784
16.370001,18.420000,2.500000,1.670000,0.240000,73.650002,4.910000,4.920000,269.049988,57.139999,62772.121094,32.14,102.67,23.385715,PM2.5,12785
17.680000,20.110001,2.870000,1.880000,0.250000,71.730003,4.440000,3.160000,270.010010,56.560001,64029.039062,32.14,102.83,25.257143,PM2.5,12786
25.299999,28.629999,4.440000,2.470000,0.300000,67.309998,0.930000,0.480000,272.209991,56.130001,67416.898438,32.15,102.99,36.142857,PM2.5,12787
32.119999,35.869999,5.540000,2.710000,0.340000,66.690002,-3.550000,2.310000,274.399994,55.090000,71292.546875,32.15,103.15,45.885712,PM2.5,12788
34.369999,38.380001,5.760000,2.580000,0.350000,65.889999,-4.510000,5.950000,272.010010,62.200001,68370.132812,32.15,103.31,49.099998,PM2.5,12789
34.950001,38.950001,5.530000,2.660000,0.350000,63.779999,-1.440000,5.870000,267.950012,76.650002,64552.871094,32.15,103.47,49.928574,PM2.5,12790
37.299999,41.480000,5.970000,2.880000,0.360000,64.580002,1.010000,4.660000,268.149994,80.790001,65788.843750,32.16,103.63,52.875000,PM2.5,12791
42.060001,46.419998,7.150000,3.090000,0.390000,64.820000,0.790000,2.610000,269.260010,83.339996,68251.828125,32.16,103.79,58.825001,PM2.5,12792
51.759998,56.560001,10.050000,4.020000,0.450000,63.750000,0.020000,2.510000,271.250000,85.879997,73482.859375,32.16,103.96,70.949997,PM2.5,12793
57.160000,62.189999,11.440000,4.310000,0.490000,62.270000,-0.000000,2.200000,273.410004,83.589996,78406.679688,32.16,104.12,77.699997,PM2.5,12794
59.520000,64.489998,12.660000,4.010000,0.500000,62.070000,0.040000,1.320000,274.140015,84.610001,79770.273438,32.16,104.28,80.650002,PM2.5,12795
65.129997,70.370003,13.800000,4.810000,0.530000,57.380001,-0.490000,0.950000,276.239990,80.750000,83417.031250,32.16,104.44,87.662498,PM2.5,12796
69.230003,74.529999,16.100000,6.470000,0.560000,54.709999,-1.180000,0.400000,278.679993,74.080002,87392.710938,32.16,104.6,92.787506,PM2.5,12797
72.230003,77.550003,17.459999,7.100000,0.570000,52.500000,-2.600000,-0.630000,278.450012,76.440002,87299.429688,32.16,104.76,96.537506,PM2.5,12798
76.500000,81.820000,17.610001,6.190000,0.590000,50.529999,-3.090000,-2.400000,277.339996,81.790001,86263.953125,32.16,104.92,101.875000,PM2.5,12799
83.500000,89.010002,18.639999,6.000000,0.640000,48.160000,-1.920000,-4.590000,278.309998,78.389999,88179.507812,32.16,105.08,110.625000,PM2.5,12800
94.320000,99.849998,22.240000,7.210000,0.700000,45.869999,-0.960000,-6.290000,279.929993,71.809998,91544.343750,32.16,105.24,124.150002,PM2.5,12801
101.930000,106.989998,25.629999,7.810000,0.750000,47.750000,-0.950000,-5.180000,280.839996,69.820000,93228.867188,32.16,105.4,133.662506,PM2.5,12802
113.889999,119.269997,26.959999,8.860000,0.820000,44.439999,-0.730000,-5.090000,281.200012,71.279999,93889.046875,32.16,105.56,148.612503,PM2.5,12803
119.099998,125.730003,28.000000,9.900000,0.860000,40.110001,-0.780000,-4.000000,281.670013,73.930000,94335.593750,32.16,105.72,155.857147,PM2.5,12804
120.379997,127.629997,28.209999,10.080000,0.870000,39.320000,-2.300000,-0.890000,281.369995,78.449997,92980.828125,32.16,105.88,157.685715,PM2.5,12805
118.000000,125.739998,28.459999,10.170000,0.850000,38.400002,-4.080000,-0.300000,281.119995,80.849998,92233.789062,32.16,106.04,154.285721,PM2.5,12806
114.180000,122.989998,29.570000,9.900000,0.820000,38.570000,-5.260000,-1.070000,281.630005,78.500000,93043.312500,32.16,106.21,148.975006,PM2.5,12807
117.709999,126.669998,30.879999,10.160000,0.840000,38.189999,-5.770000,-1.550000,281.429993,79.000000,93013.632812,32.16,106.37,153.871429,PM2.5,12808
122.379997,131.550003,31.600000,10.370000,0.860000,37.900002,-5.830000,-1.200000,281.500000,78.669998,93459.898438,32.15,106.53,160.542847,PM2.5,12809
126.839996,136.080002,32.070000,10.250000,0.880000,38.119999,-6.880000,-0.350000,281.500000,77.480003,93510.179688,32.15,106.69,166.914276,PM2.5,12810
131.570007,140.750000,32.480000,10.160000,0.890000,38.450001,-7.720000,-0.500000,279.779999,83.529999,91614.226562,32.15,106.85,173.671432,PM2.5,12811
135.210007,144.279999,33.099998,10.390000,0.900000,38.650002,-6.790000,-1.830000,278.760010,86.830002,91128.203125,32.15,107.01,178.871445,PM2.5,12812
137.740005,146.990005,34.080002,10.740000,0.910000,39.450001,-6.630000,-3.500000,279.869995,81.000000,93250.593750,32.14,107.17,182.485718,PM2.5,12813
139.589996,149.059998,35.160000,11.060000,0.920000,40.049999,-7.500000,-4.300000,280.149994,78.779999,93844.546875,32.14,107.33,185.128571,PM2.5,12814
141.710007,151.259995,36.320000,11.380000,0.930000,40.200001,-7.070000,-2.770000,278.820007,84.150002,92134.289062,32.14,107.49,188.157150,PM2.5,12815
143.860001,153.600006,37.150002,11.820000,0.940000,39.820000,-6.100000,-1.070000,278.220001,86.709999,91126.343750,32.14,107.65,191.228577,PM2.5,12816
145.270004,154.830002,38.029999,12.160000,0.950000,39.830002,-6.270000,-1.040000,278.619995,84.120003,91397.492188,32.13,107.81,193.242859,PM2.5,12817
147.500000,156.050003,39.549999,12.750000,0.960000,39.980000,-5.820000,-2.080000,277.589996,88.370003,89917.968750,32.13,107.97,196.428574,PM2.5,12818
155.429993,164.660004,41.040001,14.330000,1.000000,36.790001,-2.900000,-2.770000,275.709991,97.510002,87724.437500,32.12,108.13,205.429993,PM2.5,12819
150.979996,161.330002,39.570000,13.380000,0.980000,37.180000,-0.530000,-2.200000,276.279999,95.730003,88395.523438,32.12,108.29,200.979996,PM2.5,12820
1.350000,1.490000,0.100000,0.360000,0.110000,84.449997,6.010000,6.210000,264.100006,63.599998,58960.359375,32.12,98.33,2.750000,CO,13008
1.390000,1.540000,0.120000,0.510000,0.110000,85.089996,4.950000,6.180000,262.920013,68.769997,58273.378906,32.13,98.49,2.750000,CO,13009
1.360000,1.500000,0.130000,0.530000,0.110000,85.489998,7.060000,7.200000,262.140015,69.900002,57369.410156,32.14,98.65,2.750000,CO,13010
1.310000,1.440000,0.130000,0.530000,0.110000,85.760002,9.550000,7.100000,262.220001,65.050003,57045.359375,32.15,98.81,2.750000,CO,13011
1.310000,1.430000,0.130000,0.560000,0.110000,85.339996,10.070000,5.900000,262.399994,60.060001,56783.699219,32.15,98.97,2.750000,CO,13012
1.330000,1.450000,0.140000,0.630000,0.110000,82.650002,6.830000,3.600000,264.220001,54.259998,58363.121094,32.16,99.13,2.750000,CO,13013
1.610000,1.770000,0.200000,0.740000,0.110000,79.419998,2.610000,1.110000,264.829987,60.000000,60916.308594,32.17,99.29,2.750000,CO,13014
1.710000,1.890000,0.230000,0.790000,0.120000,79.849998,0.520000,-0.190000,264.290009,70.360001,62207.601562,32.18,99.45,3.000000,CO,13015
1.560000,1.730000,0.200000,0.860000,0.110000,79.349998,1.140000,0.870000,264.440002,70.160004,61390.710938,32.18,99.61,2.750000,CO,13016
1.590000,1.760000,0.210000,0.880000,0.120000,79.489998,3.110000,1.820000,264.559998,68.849998,60922.960938,32.19,99.77,3.000000,CO,13017
1.600000,1.780000,0.210000,0.890000,0.120000,79.980003,3.930000,1.650000,265.529999,64.699997,61470.058594,32.2,99.93,3.000000,CO,13018
1.570000,1.750000,0.200000,0.960000,0.120000,76.430000,3.690000,1.870000,266.390015,60.950001,61828.890625,32.2,100.09,3.000000,CO,13019
1.540000,1.710000,0.210000,1.170000,0.120000,75.139999,3.310000,1.940000,266.920013,57.369999,61935.000000,32.21,100.25,3.000000,CO,13020
1.510000,1.670000,0.200000,1.290000,0.120000,75.480003,3.270000,2.350000,266.440002,56.970001,61246.191406,32.22,100.41,3.000000,CO,13021
1.460000,1.620000,0.180000,1.040000,0.110000,76.529999,4.910000,3.820000,265.010010,62.009998,59658.140625,32.22,100.58,2.750000,CO,13022
1.420000,1.570000,0.170000,0.920000,0.110000,76.889999,7.220000,4.960000,265.179993,60.540001,59250.148438,32.23,100.74,2.750000,CO,13023
1.410000,1.560000,0.170000,0.890000,0.110000,75.589996,6.830000,4.770000,267.140015,54.680000,60621.609375,32.23,100.9,2.750000,CO,13024
1.430000,1.590000,0.170000,0.800000,0.110000,74.889999,4.770000,4.240000,269.059998,52.650002,62400.449219,32.24,101.06,2.750000,CO,13025
1.470000,1.640000,0.170000,0.760000,0.120000,73.889999,4.570000,3.560000,269.279999,54.049999,62725.000000,32.24,101.22,3.000000,CO,13026
1.530000,1.700000,0.180000,0.730000,0.120000,72.839996,5.560000,2.990000,269.170013,54.139999,62570.980469,32.25,101.38,3.000000,CO,13027
1.680000,1.870000,0.210000,0.830000,0.120000,71.260002,5.130000,3.010000,269.929993,51.860001,63310.621094,32.25,101.54,3.000000,CO,13028
2.480000,2.750000,0.360000,0.960000,0.120000,69.580002,3.950000,2.750000,270.390015,50.570000,63791.449219,32.26,101.7,3.542857,PM2.5,13029
5.030000,5.530000,0.900000,1.140000,0.140000,69.379997,2.510000,2.220000,271.760010,46.320000,65267.800781,32.26,101.86,7.185715,PM2.5,13030
8.740000,9.570000,1.630000,1.360000,0.170000,69.459999,1.540000,3.420000,272.480011,44.950001,66415.671875,32.26,102.02,12.485714,PM2.5,13031
10.960000,12.020000,1.990000,1.340000,0.180000,70.209999,2.530000,6.130000,271.420013,46.619999,65008.968750,32.27,102.18,15.657143,PM2.5,13032
12.020000,13.200000,2.140000,1.290000,0.190000,71.150002,3.640000,6.920000,270.649994,47.689999,63852.250000,32.27,102.34,17.171429,PM2.5,13033
13.010000,14.330000,2.260000,1.420000,0.200000,72.080002,3.510000,6.050000,269.459991,52.160000,62741.058594,32.27,102.51,18.585714,PM2.5,13034
13.750000,15.140000,2.480000,1.560000,0.210000,74.070000,3.830000,4.080000,267.739990,60.110001,61469.949219,32.28,102.67,19.642857,PM2.5,13035
14.730000,16.360001,2.770000,1.640000,0.210000,74.199997,4.880000,3.300000,267.399994,63.259998,61324.921875,32.28,102.83,21.042856,PM2.5,13036
20.090000,22.219999,4.040000,2.140000,0.250000,71.680000,2.040000,3.110000,269.720001,62.330002,64543.621094,32.28,102.99,28.700001,PM2.5,13037
26.040001,28.520000,5.300000,2.470000,0.290000,69.650002,-0.880000,2.740000,273.220001,57.410000,70102.359375,32.29,103.15,37.200001,PM2.5,13038
27.860001,30.600000,5.270000,2.010000,0.290000,65.639999,-0.610000,5.370000,273.049988,56.299999,69122.359375,32.29,103.31,39.799999,PM2.5,13039
28.809999,31.639999,5.280000,2.030000,0.290000,64.339996,-0.710000,6.350000,270.540009,63.009998,66205.539062,32.29,103.47,41.157143,PM2.5,13040
30.830000,33.720001,5.640000,2.170000,0.300000,64.839996,-0.720000,4.490000,268.989990,72.830002,65817.523438,32.29,103.63,44.042858,PM2.5,13041
33.450001,36.380001,6.250000,2.150000,0.320000,65.419998,1.060000,2.550000,267.929993,81.910004,65436.441406,32.29,103.79,47.785717,PM2.5,13042
40.799999,44.099998,8.200000,2.720000,0.360000,65.410004,2.430000,3.330000,269.029999,86.970001,68544.187500,32.29,103.95,57.250000,PM2.5,13043
47.450001,50.669998,10.590000,3.300000,0.410000,64.250000,1.770000,3.370000,271.790009,83.220001,74181.421875,32.3,104.11,65.562500,PM2.5,13044
52.220001,55.779999,12.360000,3.470000,0.440000,62.939999,0.360000,3.130000,274.239990,79.349998,78887.453125,32.3,104.28,71.525002,PM2.5,13045
56.990002,61.139999,13.470000,4.100000,0.470000,60.810001,-0.690000,2.660000,276.079987,78.959999,82769.601562,32.3,104.44,77.487503,PM2.5,13046
60.330002,64.690002,15.380000,5.270000,0.500000,56.790001,-0.940000,1.460000,278.260010,73.110001,86382.140625,32.3,104.6,81.662506,PM2.5,13047
62.950001,67.489998,16.780001,5.750000,0.510000,54.790001,-2.300000,-0.480000,279.329987,70.209999,87965.632812,32.3,104.76,84.937500,PM2.5,13048
70.180000,75.089996,17.530001,5.560000,0.550000,50.459999,-3.050000,-1.780000,277.200012,80.680000,86255.703125,32.3,104.92,93.974998,PM2.5,13049
78.779999,84.110001,18.790001,5.800000,0.600000,46.160000,-1.600000,-2.900000,276.230011,85.510002,86138.453125,32.3,105.08,104.724998,PM2.5,13050
87.669998,93.220001,21.650000,6.670000,0.660000,44.020000,-0.430000,-4.430000,277.989990,78.870003,89500.046875,32.3,105.24,115.837494,PM2.5,13051
95.680000,101.050003,24.879999,7.340000,0.710000,45.020000,-0.640000,-4.900000,279.600006,73.779999,91919.648438,32.3,105.4,125.849998,PM2.5,13052
108.739998,113.839996,29.000000,8.680000,0.790000,46.220001,-0.310000,-4.660000,280.420013,72.669998,93159.148438,32.3,105.56,142.175003,PM2.5,13053
116.169998,122.690002,29.629999,10.120000,0.840000,40.450001,-0.160000,-4.130000,281.359985,73.449997,94220.960938,32.3,105.72,151.671432,PM2.5,13054
116.339996,123.430000,29.860001,10.100000,0.840000,39.950001,-1.750000,-0.690000,281.700012,75.589996,93495.890625,32.3,105.89,151.914276,PM2.5,13055
112.730003,120.199997,28.420000,9.230000,0.810000,40.630001,-3.980000,-0.020000,281.290009,78.120003,91970.296875,32.29,106.05,147.162506,PM2.5,13056
109.620003,117.989998,28.580000,9.010000,0.780000,40.189999,-5.330000,-1.550000,280.869995,78.760002,91311.906250,32.29,106.21,143.275009,PM2.5,13057
112.750000,121.260002,29.200001,9.260000,0.800000,39.830002,-5.420000,-1.770000,280.410004,80.379997,91079.171875,32.29,106.37,147.187500,PM2.5,13058
116.989998,125.760002,29.830000,9.450000,0.820000,39.580002,-4.890000,-2.230000,280.980011,78.279999,92228.000000,32.29,106.53,152.842850,PM2.5,13059
121.900002,130.919998,30.660000,9.700000,0.850000,39.049999,-5.100000,-2.380000,281.920013,74.330002,93782.039062,32.29,106.69,159.857147,PM2.5,13060
127.790001,136.860001,31.840000,9.850000,0.870000,39.110001,-5.890000,-0.860000,280.309998,80.190002,91770.242188,32.29,106.85,168.271423,PM2.5,13061
131.759995,140.490005,32.779999,10.060000,0.880000,40.070000,-5.670000,0.040000,278.899994,85.070000,90195.679688,32.28,107.01,173.942856,PM2.5,13062
134.179993,142.490005,34.139999,10.330000,0.890000,41.349998,-6.150000,-1.930000,279.269989,82.139999,91229.992188,32.28,107.17,177.399994,PM2.5,13063
139.699997,149.419998,34.570000,11.040000,0.920000,39.549999,-6.950000,-3.950000,278.609985,83.410004,91261.140625,32.28,107.33,185.285706,PM2.5,13064
143.190002,153.210007,36.009998,11.870000,0.940000,39.639999,-6.280000,-3.380000,277.880005,85.540001,91563.742188,32.27,107.49,190.271439,PM2.5,13065
147.070007,157.309998,37.590000,12.650000,0.960000,38.939999,-7.420000,-2.700000,278.170013,82.980003,92313.046875,32.27,107.66,195.814301,PM2.5,13066
157.440002,168.619995,41.930000,15.190000,1.020000,34.500000,-2.670000,-2.220000,275.429993,95.610001,87950.359375,32.25,108.46,207.440002,PM2.5,13071
1.430000,1.570000,0.120000,0.380000,0.110000,84.190002,3.110000,3.690000,263.059998,68.349998,58467.300781,32.26,98.32,2.750000,CO,13259
1.440000,1.590000,0.130000,0.470000,0.110000,84.449997,5.790000,5.370000,261.320007,76.699997,57149.128906,32.27,98.48,2.750000,CO,13260
1.390000,1.530000,0.130000,0.470000,0.110000,85.389999,8.440000,6.470000,262.399994,70.830002,57859.859375,32.27,98.64,2.750000,CO,13261
1.350000,1.480000,0.130000,0.510000,0.110000,85.720001,10.010000,6.260000,263.109985,66.169998,58419.390625,32.28,98.8,2.750000,CO,13262
1.340000,1.470000,0.130000,0.580000,0.110000,84.620003,8.840000,5.310000,264.690002,57.119999,59514.738281,32.29,98.96,2.750000,CO,13263
1.440000,1.580000,0.160000,0.720000,0.110000,80.349998,3.320000,1.710000,264.390015,60.910000,60464.058594,32.3,99.12,2.750000,CO,13264
1.730000,1.910000,0.230000,0.760000,0.120000,80.230003,-0.040000,-0.740000,263.380005,72.040001,60958.039062,32.31,99.28,3.000000,CO,13265
1.650000,1.830000,0.220000,0.730000,0.120000,80.320000,0.190000,-0.940000,263.809998,71.739998,61129.160156,32.31,99.44,3.000000,CO,13266
1.590000,1.760000,0.210000,0.820000,0.110000,79.769997,1.230000,0.460000,263.869995,72.250000,60732.339844,32.32,99.6,2.750000,CO,13267
1.570000,1.740000,0.200000,0.850000,0.110000,79.559998,2.740000,1.420000,264.130005,71.070000,60473.898438,32.33,99.76,2.750000,CO,13268
1.560000,1.730000,0.200000,0.860000,0.120000,79.910004,3.340000,1.530000,264.970001,67.389999,60798.699219,32.33,99.92,3.000000,CO,13269
1.570000,1.740000,0.210000,0.860000,0.120000,76.949997,2.940000,1.610000,265.839996,63.490002,61366.929688,32.34,100.09,3.000000,CO,13270
1.610000,1.790000,0.250000,1.060000,0.120000,76.099998,2.980000,1.930000,265.510010,63.500000,60880.878906,32.35,100.25,3.000000,CO,13271
1.570000,1.750000,0.250000,1.130000,0.120000,75.930000,4.650000,3.200000,264.380005,65.910004,59570.031250,32.35,100.41,3.000000,CO,13272
1.440000,1.600000,0.200000,0.940000,0.110000,76.610001,6.950000,5.070000,265.040009,61.610001,59679.140625,32.36,100.57,2.750000,CO,13273
1.380000,1.520000,0.180000,0.930000,0.110000,75.330002,7.620000,5.030000,267.179993,53.270000,61128.750000,32.36,100.73,2.750000,CO,13274
1.360000,1.510000,0.180000,0.990000,0.110000,73.779999,6.010000,3.530000,269.190002,48.189999,62620.890625,32.37,100.89,2.750000,CO,13275
1.470000,1.640000,0.210000,0.960000,0.120000,73.120003,3.790000,2.600000,270.369995,47.330002,63727.378906,32.37,101.05,3.000000,CO,13276
1.510000,1.680000,0.200000,0.840000,0.120000,72.620003,4.250000,2.790000,268.839996,53.930000,62473.839844,32.38,101.21,3.000000,CO,13277
1.500000,1.670000,0.190000,0.750000,0.120000,71.949997,6.080000,3.540000,268.769989,54.299999,62196.640625,32.38,101.37,3.000000,CO,13278
1.540000,1.720000,0.190000,0.740000,0.120000,70.290001,5.180000,3.290000,270.739990,49.340000,64011.261719,32.39,101.53,3.000000,CO,13279
2.010000,2.240000,0.270000,0.800000,0.120000,68.589996,3.650000,3.080000,270.269989,51.009998,63754.968750,32.39,101.7,3.000000,CO,13280
3.440000,3.790000,0.570000,0.950000,0.130000,68.360001,3.020000,3.270000,270.200012,50.480000,63793.570312,32.4,101.86,4.914286,PM2.5,13281
6.270000,6.890000,1.130000,1.150000,0.150000,69.400002,2.790000,4.220000,270.700012,49.639999,64524.179688,32.4,102.02,8.957143,PM2.5,13282
9.350000,10.250000,1.700000,1.290000,0.170000,69.470001,3.260000,5.880000,270.869995,49.389999,64617.480469,32.4,102.18,13.357143,PM2.5,13283
10.800000,11.840000,1.980000,1.320000,0.180000,69.760002,3.050000,5.880000,271.420013,48.500000,64923.199219,32.41,102.34,15.428572,PM2.5,13284
11.730000,12.880000,2.130000,1.350000,0.180000,70.300003,2.680000,5.570000,269.790009,52.450001,63307.410156,32.41,102.5,16.757143,PM2.5,13285
12.400000,13.600000,2.330000,1.390000,0.190000,71.320000,4.130000,5.420000,266.619995,62.160000,60357.000000,32.41,102.66,17.714285,PM2.5,13286
13.110000,14.410000,2.550000,1.450000,0.190000,73.320000,6.450000,5.550000,265.690002,65.059998,59385.339844,32.42,102.82,18.728571,PM2.5,13287
16.450001,17.850000,3.520000,1.760000,0.220000,72.300003,3.510000,5.420000,268.190002,63.360001,62309.371094,32.42,102.98,23.500002,PM2.5,13288
22.530001,24.400000,4.730000,2.070000,0.250000,71.750000,0.050000,4.080000,270.380005,66.010002,66745.226562,32.42,103.15,32.185715,PM2.5,13289
23.379999,25.340000,4.650000,1.760000,0.250000,68.809998,1.000000,3.900000,271.390015,61.689999,67755.976562,32.42,103.31,33.399998,PM2.5,13290
23.840000,25.870001,4.720000,1.770000,0.250000,65.269997,0.280000,5.270000,271.640015,57.849998,67178.179688,32.43,103.47,34.057144,PM2.5,13291
25.150000,27.250000,5.000000,1.850000,0.260000,65.010002,-0.340000,5.500000,269.299988,66.230003,65061.238281,32.43,103.63,35.928570,PM2.5,13292
27.010000,29.209999,5.410000,1.630000,0.270000,67.209999,3.310000,4.820000,266.600006,77.320000,62396.480469,32.43,103.79,38.585716,PM2.5,13293
32.639999,35.000000,6.980000,1.980000,0.300000,67.809998,3.580000,4.150000,268.809998,78.680000,66085.656250,32.43,103.95,46.628571,PM2.5,13294
41.660000,44.299999,9.630000,2.670000,0.360000,63.799999,-0.570000,2.460000,272.640015,75.800003,74519.703125,32.43,104.11,58.325001,PM2.5,13295
46.250000,49.099998,11.090000,3.100000,0.390000,64.750000,-1.580000,2.550000,275.320007,73.120003,80539.226562,32.43,104.27,64.062500,PM2.5,13296
48.939999,52.150002,12.260000,3.400000,0.410000,62.310001,-0.840000,2.250000,276.510010,74.169998,83256.046875,32.43,104.44,67.424995,PM2.5,13297
52.520000,56.099998,14.150000,4.310000,0.440000,59.240002,-0.810000,0.880000,277.529999,72.129997,84872.101562,32.43,104.6,71.900002,PM2.5,13298
56.790001,60.770000,15.810000,4.940000,0.460000,56.259998,-1.660000,-0.880000,277.739990,74.199997,85622.617188,32.43,104.76,77.237503,PM2.5,13299
66.389999,71.099998,17.430000,5.290000,0.520000,50.220001,-1.830000,-1.530000,276.750000,80.980003,85779.843750,32.44,104.92,89.237503,PM2.5,13300
76.230003,81.680000,19.430000,5.720000,0.580000,45.919998,-1.300000,-2.070000,276.910004,81.269997,87628.257812,32.44,105.08,101.537506,PM2.5,13301
83.599998,89.440002,22.200001,6.500000,0.630000,43.570000,-1.240000,-2.930000,277.970001,78.680000,89919.546875,32.43,105.24,110.750000,PM2.5,13302
89.290001,95.099998,26.680000,6.910000,0.660000,47.150002,-1.140000,-3.930000,278.739990,77.099998,90971.046875,32.43,105.4,117.862503,PM2.5,13303
97.540001,104.949997,29.830000,8.340000,0.730000,46.049999,-0.360000,-4.330000,279.730011,74.330002,92617.742188,32.43,105.56,128.175003,PM2.5,13304
106.040001,114.440002,30.910000,9.870000,0.780000,41.520000,-0.490000,-4.360000,281.299988,71.730003,94355.976562,32.43,105.73,138.800003,PM2.5,13305
107.529999,116.209999,30.629999,9.720000,0.790000,40.630001,-2.050000,-1.500000,281.980011,73.059998,93789.000000,32.43,105.89,140.662506,PM2.5,13306
103.620003,111.430000,28.920000,8.170000,0.740000,43.250000,-4.060000,0.420000,280.600006,78.669998,90407.000000,32.43,106.05,135.775009,PM2.5,13307
106.150002,114.080002,27.170000,8.090000,0.750000,40.990002,-5.110000,-0.870000,278.799988,84.360001,88024.500000,32.43,106.21,138.937500,PM2.5,13308
107.709999,115.669998,27.420000,8.170000,0.760000,41.299999,-5.120000,-1.330000,278.839996,83.930000,88531.718750,32.43,106.37,140.887497,PM2.5,13309
110.760002,118.940002,27.440001,8.460000,0.780000,40.869999,-4.970000,-2.550000,279.269989,81.820000,89198.656250,32.43,106.53,144.699997,PM2.5,13310
116.839996,125.540001,29.320000,8.940000,0.810000,40.029999,-4.100000,-4.420000,279.739990,80.449997,90479.218750,32.42,106.69,152.628571,PM2.5,13311
123.400002,132.470001,31.320000,9.590000,0.850000,39.299999,-4.010000,-3.710000,280.000000,80.019997,91550.960938,32.42,106.85,162.000000,PM2.5,13312
124.620003,133.389999,31.790001,9.320000,0.840000,41.410000,-4.750000,-1.050000,279.649994,80.900002,90651.679688,32.42,107.02,163.742859,PM2.5,13313
125.680000,134.029999,32.840000,9.340000,0.840000,43.049999,-5.710000,-1.300000,278.820007,82.750000,89325.328125,32.42,107.18,165.257141,PM2.5,13314
132.949997,142.229996,33.360001,10.350000,0.880000,39.919998,-6.260000,-2.830000,277.420013,87.089996,88235.546875,32.41,107.34,175.642853,PM2.5,13315
1.510000,1.660000,0.140000,0.750000,0.120000,86.260002,0.580000,1.450000,265.269989,59.439999,60462.488281,32.38,98.15,3.000000,CO,13510
1.500000,1.650000,0.150000,0.610000,0.110000,83.900002,3.510000,5.040000,261.440002,74.949997,57005.789062,32.39,98.31,2.750000,CO,13511
1.430000,1.580000,0.140000,0.510000,0.110000,84.290001,7.580000,7.490000,260.899994,76.269997,56328.960938,32.4,98.47,2.750000,CO,13512
1.390000,1.530000,0.130000,0.510000,0.110000,85.209999,9.000000,7.020000,261.649994,72.930000,57041.750000,32.41,98.63,2.750000,CO,13513
1.370000,1.510000,0.130000,0.540000,0.110000,85.180000,9.610000,5.740000,261.760010,72.330002,57275.371094,32.42,98.79,2.750000,CO,13514
1.380000,1.510000,0.140000,0.640000,0.110000,83.209999,6.890000,3.670000,264.309998,61.959999,59698.859375,32.43,98.95,2.750000,CO,13515
1.510000,1.670000,0.180000,0.880000,0.110000,79.959999,1.430000,0.520000,263.440002,70.279999,61181.230469,32.43,99.11,2.750000,CO,13516
1.580000,1.750000,0.200000,0.670000,0.110000,81.510002,0.270000,0.160000,263.260010,69.879997,60301.789062,32.44,99.27,2.750000,CO,13517
1.550000,1.720000,0.190000,0.640000,0.110000,81.059998,1.870000,0.730000,262.760010,72.949997,59361.070312,32.45,99.43,2.750000,CO,13518
1.560000,1.730000,0.200000,0.750000,0.110000,80.199997,2.890000,1.860000,262.500000,75.860001,58922.800781,32.46,99.6,2.750000,CO,13519
1.550000,1.720000,0.200000,0.800000,0.110000,79.809998,3.250000,2.750000,263.089996,74.459999,59217.988281,32.46,99.76,2.750000,CO,13520
1.530000,1.700000,0.190000,0.820000,0.120000,80.139999,2.940000,2.600000,263.859985,71.029999,59608.808594,32.47,99.92,3.000000,CO,13521
1.520000,1.690000,0.190000,0.760000,0.110000,77.239998,3.350000,2.610000,263.730011,70.290001,59152.718750,32.48,100.08,2.750000,CO,13522
1.520000,1.690000,0.210000,0.870000,0.110000,75.959999,5.090000,3.680000,263.149994,71.879997,58497.339844,32.48,100.24,2.750000,CO,13523
1.480000,1.650000,0.220000,0.940000,0.110000,75.290001,7.060000,4.920000,263.640015,68.519997,58596.488281,32.49,100.4,2.750000,CO,13524
1.390000,1.540000,0.190000,0.900000,0.110000,74.940002,7.540000,4.970000,266.010010,58.459999,60426.519531,32.49,100.56,2.750000,CO,13525
1.310000,1.450000,0.170000,0.850000,0.110000,74.070000,6.580000,3.660000,267.720001,54.119999,61824.820312,32.5,100.72,2.750000,CO,13526
1.290000,1.430000,0.170000,0.850000,0.110000,73.989998,5.330000,2.380000,268.910004,51.299999,62733.871094,32.5,100.88,2.750000,CO,13527
1.360000,1.520000,0.190000,0.960000,0.120000,72.940002,4.190000,1.720000,269.829987,49.720001,63665.921875,32.51,101.05,3.000000,CO,13528
1.390000,1.550000,0.190000,0.940000,0.120000,72.019997,5.220000,2.580000,268.380005,54.000000,62214.968750,32.51,101.21,3.000000,CO,13529
1.370000,1.530000,0.170000,0.860000,0.110000,71.239998,6.430000,3.050000,269.500000,50.580002,62912.980469,32.52,101.37,2.750000,CO,13530
1.390000,1.550000,0.180000,0.890000,0.120000,68.709999,4.710000,2.620000,271.989990,44.560001,65319.281250,32.52,101.53,3.000000,CO,13531
1.690000,1.880000,0.230000,0.970000,0.120000,67.400002,3.320000,3.340000,271.290009,47.080002,64810.781250,32.53,101.69,3.000000,CO,13532
2.650000,2.930000,0.420000,0.980000,0.120000,68.029999,3.260000,4.040000,270.989990,48.230000,64502.988281,32.53,101.85,3.785714,PM2.5,13533
4.370000,4.800000,0.760000,1.050000,0.130000,68.760002,3.270000,4.180000,271.170013,47.939999,64753.039062,32.54,102.01,6.242857,PM2.5,13534
6.700000,7.370000,1.190000,1.200000,0.150000,68.400002,3.420000,4.750000,271.239990,48.349998,64903.390625,32.54,102.17,9.571428,PM2.5,13535
9.600000,10.520000,1.740000,1.410000,0.170000,68.449997,2.950000,5.290000,271.489990,49.299999,65258.390625,32.54,102.34,13.714286,PM2.5,13536
10.740000,11.790000,1.940000,1.360000,0.180000,69.099998,3.080000,6.010000,270.299988,51.740002,63956.839844,32.55,102.5,15.342856,PM2.5,13537
11.030000,12.100000,2.050000,1.290000,0.180000,70.180000,5.150000,6.590000,268.029999,56.820000,61584.210938,32.55,102.66,15.757142,PM2.5,13538
11.930000,13.090000,2.280000,1.320000,0.190000,71.199997,7.020000,6.450000,267.809998,56.160000,61032.281250,32.55,102.82,17.042858,PM2.5,13539
14.640000,15.980000,3.040000,1.570000,0.200000,69.730003,3.950000,5.810000,269.399994,56.330002,63081.140625,32.56,102.98,20.914286,PM2.5,13540
20.110001,21.790001,4.140000,1.820000,0.240000,71.199997,0.500000,6.140000,268.890015,69.080002,64590.078125,32.56,103.14,28.728573,PM2.5,13541
21.379999,23.139999,4.180000,1.610000,0.240000,69.440002,1.630000,5.680000,268.670013,70.070000,64790.250000,32.56,103.3,30.542856,PM2.5,13542
21.370001,23.120001,4.230000,1.620000,0.240000,66.160004,1.600000,5.590000,270.600006,61.029999,66315.867188,32.56,103.47,30.528572,PM2.5,13543
22.190001,23.990000,4.440000,1.690000,0.240000,65.489998,1.450000,6.560000,270.230011,60.790001,65649.843750,32.56,103.63,31.700001,PM2.5,13544
23.910000,25.820000,4.790000,1.430000,0.250000,68.120003,3.600000,6.410000,267.640015,68.000000,62496.031250,32.57,103.79,34.157143,PM2.5,13545
31.160000,33.349998,6.750000,1.880000,0.290000,67.900002,0.960000,3.370000,269.230011,76.260002,66934.203125,32.57,103.95,44.514286,PM2.5,13546
39.240002,41.680000,9.100000,2.590000,0.350000,67.139999,-2.270000,0.720000,271.950012,80.209999,75376.906250,32.57,104.11,55.300003,PM2.5,13547
40.209999,42.740002,9.450000,2.470000,0.350000,66.800003,-1.280000,1.310000,273.290009,78.790001,78036.062500,32.57,104.27,56.512497,PM2.5,13548
44.209999,47.110001,10.790000,2.860000,0.380000,62.869999,-0.610000,1.010000,273.380005,81.300003,78643.429688,32.57,104.43,61.512497,PM2.5,13549
47.950001,51.220001,12.500000,3.450000,0.400000,60.450001,-0.060000,0.970000,273.549988,81.620003,79082.382812,32.57,104.6,66.187500,PM2.5,13550
55.340000,59.230000,15.260000,4.460000,0.450000,56.330002,-0.250000,0.480000,274.190002,84.269997,80993.843750,32.57,104.76,75.425003,PM2.5,13551
66.690002,71.510002,17.540001,5.120000,0.530000,49.509998,-0.960000,-0.580000,275.839996,83.070000,84839.203125,32.57,104.92,89.612503,PM2.5,13552
75.940002,81.540001,20.100000,5.820000,0.590000,46.520000,-1.520000,-1.740000,277.500000,78.730003,88725.039062,32.57,105.08,101.175003,PM2.5,13553
83.669998,89.739998,22.950001,6.760000,0.630000,44.220001,-2.180000,-2.790000,278.549988,76.199997,90549.351562,32.57,105.24,110.837494,PM2.5,13554
91.070000,97.360001,27.120001,7.300000,0.670000,46.029999,-1.860000,-3.640000,278.600006,76.989998,91096.546875,32.57,105.4,120.087502,PM2.5,13555
98.500000,105.870003,29.740000,7.830000,0.720000,46.230000,-1.250000,-4.010000,279.399994,75.150002,92526.882812,32.57,105.57,129.375000,PM2.5,13556
105.910004,113.750000,30.620001,8.560000,0.770000,44.250000,-2.110000,-4.670000,280.339996,73.889999,93377.851562,32.57,105.73,138.637512,PM2.5,13557
108.919998,117.620003,30.020000,8.920000,0.780000,41.110001,-3.260000,-3.270000,280.779999,75.510002,92814.976562,32.57,105.89,142.399994,PM2.5,13558
105.610001,113.459999,29.530001,8.150000,0.760000,42.980000,-4.000000,0.160000,279.480011,80.790001,89276.273438,32.57,106.05,138.262497,PM2.5,13559
106.300003,114.029999,26.910000,7.930000,0.750000,40.910000,-4.360000,1.010000,277.059998,89.349998,85673.546875,32.57,106.21,139.125000,PM2.5,13560
105.610001,112.870003,27.860001,7.700000,0.750000,43.500000,-4.570000,0.380000,277.209991,88.290001,86087.000000,32.56,106.37,138.262497,PM2.5,13561
109.059998,116.589996,28.000000,7.920000,0.760000,42.430000,-4.740000,-1.040000,277.000000,88.129997,85889.937500,32.56,106.53,142.574997,PM2.5,13562
117.129997,125.830002,28.530001,8.730000,0.810000,38.770000,-3.330000,-3.080000,276.329987,90.690002,85694.851562,32.56,106.7,153.042847,PM2.5,13563
125.570000,134.919998,31.760000,9.700000,0.860000,37.750000,-2.590000,-4.490000,277.420013,87.879997,88256.203125,32.56,106.86,165.100006,PM2.5,13564
126.040001,135.300003,32.040001,9.360000,0.850000,40.410000,-3.200000,-2.510000,277.760010,87.129997,88014.226562,32.56,107.02,165.771423,PM2.5,13565
1.480000,1.640000,0.130000,0.520000,0.120000,89.169998,0.930000,0.800000,266.940002,54.709999,61727.839844,32.51,97.98,3.000000,CO,13763
1.470000,1.620000,0.140000,0.660000,0.110000,86.580002,4.210000,2.950000,262.450012,73.169998,57972.339844,32.52,98.14,2.750000,CO,13764
1.420000,1.570000,0.130000,0.550000,0.110000,85.190002,7.800000,7.270000,261.779999,75.120003,57201.238281,32.53,98.3,2.750000,CO,13765
1.410000,1.550000,0.130000,0.530000,0.110000,85.199997,8.400000,8.300000,263.559998,65.750000,58505.519531,32.54,98.46,2.750000,CO,13766
1.390000,1.530000,0.130000,0.510000,0.110000,84.989998,7.590000,6.850000,262.339996,70.120003,57590.800781,32.55,98.62,2.750000,CO,13767
1.370000,1.510000,0.130000,0.520000,0.110000,84.339996,7.870000,5.080000,261.209991,74.239998,56779.859375,32.55,98.78,2.750000,CO,13768
1.360000,1.490000,0.130000,0.580000,0.110000,82.000000,5.950000,3.080000,263.230011,66.629997,58744.550781,32.56,98.94,2.750000,CO,13769
1.430000,1.580000,0.150000,0.630000,0.110000,80.059998,1.940000,1.240000,262.940002,71.489998,60397.789062,32.57,99.1,2.750000,CO,13770
1.480000,1.640000,0.180000,0.540000,0.110000,81.050003,1.380000,1.820000,262.390015,72.970001,59790.039062,32.58,99.26,2.750000,CO,13771
1.490000,1.650000,0.180000,0.540000,0.110000,80.699997,3.790000,3.120000,262.140015,73.959999,58825.308594,32.58,99.43,2.750000,CO,13772
1.510000,1.680000,0.190000,0.650000,0.110000,80.449997,4.810000,4.180000,262.679993,72.139999,58733.480469,32.59,99.59,2.750000,CO,13773
1.530000,1.700000,0.200000,0.730000,0.110000,80.059998,3.610000,4.190000,263.519989,70.680000,59505.578125,32.6,99.75,2.750000,CO,13774
1.530000,1.700000,0.200000,0.760000,0.120000,80.839996,2.840000,4.160000,263.480011,70.900002,59221.351562,32.6,99.91,3.000000,CO,13775
1.470000,1.640000,0.180000,0.660000,0.110000,78.449997,4.470000,4.930000,262.760010,72.070000,58075.308594,32.61,100.07,2.750000,CO,13776
1.440000,1.600000,0.180000,0.730000,0.110000,76.959999,6.640000,5.740000,263.369995,67.949997,58189.320312,32.62,100.23,2.750000,CO,13777
1.390000,1.540000,0.180000,0.840000,0.110000,76.150002,7.200000,5.230000,264.910004,61.639999,59339.968750,32.62,100.39,2.750000,CO,13778
1.260000,1.400000,0.160000,0.800000,0.110000,74.949997,6.070000,3.310000,266.640015,58.730000,60901.078125,32.63,100.72,2.750000,CO,13780
1.270000,1.410000,0.160000,0.880000,0.110000,72.919998,4.710000,1.630000,268.700012,53.560001,62910.851562,32.65,101.04,2.750000,CO,13782
1.290000,1.440000,0.160000,0.940000,0.110000,71.410004,5.700000,2.140000,268.010010,54.669998,62195.769531,32.65,101.2,2.750000,CO,13783
1.270000,1.420000,0.160000,0.880000,0.110000,70.650002,6.750000,1.990000,268.859985,50.849998,62643.558594,32.65,101.36,2.750000,CO,13784
1.310000,1.460000,0.170000,0.920000,0.110000,68.559998,5.630000,2.150000,270.760010,45.230000,64284.621094,32.66,101.52,2.750000,CO,13785
1.490000,1.660000,0.220000,0.990000,0.120000,66.849998,4.150000,3.050000,271.290009,45.020000,64727.269531,32.66,101.69,3.000000,CO,13786
1.920000,2.130000,0.300000,0.980000,0.120000,67.339996,3.240000,3.200000,272.190002,45.279999,65629.992188,32.67,101.85,3.000000,CO,13787
2.970000,3.290000,0.510000,0.990000,0.130000,68.040001,3.100000,3.240000,271.760010,47.669998,65313.839844,32.67,102.01,4.242857,PM2.5,13788
4.580000,5.040000,0.820000,1.110000,0.140000,67.849998,3.760000,3.790000,270.640015,50.200001,64236.058594,32.68,102.17,6.542857,PM2.5,13789
6.230000,6.860000,1.160000,1.280000,0.150000,67.949997,3.890000,4.940000,270.910004,50.139999,64663.500000,32.68,102.33,8.900000,PM2.5,13790
8.300000,9.130000,1.590000,1.300000,0.160000,68.889999,4.140000,6.490000,270.720001,50.380001,64493.339844,32.68,102.49,11.857143,PM2.5,13791
9.000000,9.880000,1.780000,1.200000,0.160000,69.570000,5.700000,6.840000,269.989990,50.860001,63430.359375,32.69,102.66,12.857142,PM2.5,13792
9.940000,10.900000,2.030000,1.210000,0.170000,69.989998,6.610000,5.920000,269.670013,51.060001,62912.871094,32.69,102.82,14.200000,PM2.5,13793
12.140000,13.310000,2.720000,1.390000,0.190000,69.099998,4.590000,5.500000,269.750000,54.509998,63466.019531,32.69,102.98,17.342857,PM2.5,13794
15.680000,17.219999,3.680000,1.500000,0.210000,70.139999,2.140000,6.920000,269.730011,62.919998,64748.269531,32.69,103.14,22.400000,PM2.5,13795
16.860001,18.490000,3.770000,1.370000,0.210000,69.040001,1.640000,6.880000,269.269989,65.730003,64771.718750,32.7,103.3,24.085714,PM2.5,13796
17.000000,18.650000,3.790000,1.440000,0.210000,66.570000,1.220000,5.730000,269.720001,64.169998,65537.796875,32.7,103.46,24.285715,PM2.5,13797
17.450001,19.129999,3.960000,1.520000,0.220000,65.750000,1.410000,5.800000,269.980011,62.750000,65807.429688,32.7,103.63,24.928572,PM2.5,13798
18.870001,20.629999,4.240000,1.250000,0.220000,68.269997,3.580000,5.690000,267.730011,68.849998,63009.750000,32.7,103.79,26.957144,PM2.5,13799
24.129999,26.270000,5.730000,1.530000,0.260000,69.820000,2.470000,3.730000,268.100006,76.230003,65350.460938,32.7,103.95,34.471428,PM2.5,13800
31.020000,33.650002,7.700000,2.140000,0.300000,69.860001,-0.030000,2.590000,268.980011,86.269997,70533.039062,32.7,104.11,44.314285,PM2.5,13801
34.220001,37.160000,8.790000,2.140000,0.320000,67.529999,0.340000,2.960000,269.589996,88.870003,72550.539062,32.71,104.27,48.885715,PM2.5,13802
37.220001,40.490002,9.820000,2.390000,0.340000,65.639999,1.270000,3.860000,269.910004,90.480003,73532.773438,32.71,104.43,52.775002,PM2.5,13803
91.400002,98.720001,26.540001,7.780000,0.680000,43.380001,-2.240000,-3.540000,277.380005,82.019997,89623.531250,32.71,105.4,120.500000,PM2.5,13809
100.050003,107.610001,30.129999,8.340000,0.730000,44.779999,-2.230000,-3.860000,278.790009,76.580002,91933.398438,32.71,105.57,131.312500,PM2.5,13810
108.970001,116.889999,31.540001,9.040000,0.780000,43.049999,-3.600000,-4.740000,278.920013,77.900002,92119.226562,32.71,105.73,142.462494,PM2.5,13811
113.830002,123.080002,30.559999,9.310000,0.810000,39.810001,-4.550000,-4.630000,278.769989,81.260002,91541.203125,32.7,105.89,148.537506,PM2.5,13812
112.970001,121.900002,30.740000,9.220000,0.800000,39.349998,-4.080000,-1.590000,278.309998,83.930000,89580.539062,32.7,106.05,147.462494,PM2.5,13813
121.930000,131.139999,28.680000,9.480000,0.840000,37.470001,-3.170000,0.020000,273.920013,99.559998,83370.929688,32.7,106.7,159.899994,PM2.5,13817
132.630005,142.949997,34.250000,11.420000,0.920000,34.209999,-1.610000,-2.210000,274.470001,98.739998,85520.789062,32.69,106.86,175.185715,PM2.5,13818
161.220001,175.210007,32.959999,13.400000,1.420000,35.110001,-1.150000,-1.520000,274.720001,98.309998,85434.031250,32.69,107.02,211.220001,PM2.5,13819
1.630000,1.800000,0.150000,0.580000,0.120000,83.389999,1.100000,2.480000,265.940002,58.389999,60949.820312,32.63,97.64,3.000000,CO,14018
1.550000,1.720000,0.130000,0.440000,0.110000,86.370003,1.100000,2.360000,264.660004,63.779999,59830.050781,32.64,97.8,2.750000,CO,14019
1.450000,1.610000,0.130000,0.440000,0.110000,86.120003,3.830000,4.900000,261.910004,76.349998,57549.878906,32.65,97.96,2.750000,CO,14020
1.380000,1.530000,0.120000,0.470000,0.110000,84.790001,7.980000,7.060000,260.350006,80.470001,55935.039062,32.66,98.13,2.750000,CO,14021
1.380000,1.520000,0.120000,0.500000,0.110000,85.589996,9.710000,7.920000,263.160004,67.959999,58122.210938,32.67,98.29,2.750000,CO,14022
1.380000,1.520000,0.130000,0.580000,0.110000,83.790001,6.850000,4.920000,265.690002,59.790001,60783.519531,32.67,98.45,2.750000,CO,14023
1.380000,1.520000,0.130000,0.520000,0.110000,83.209999,5.430000,4.890000,264.239990,65.169998,59639.519531,32.68,98.61,2.750000,CO,14024
1.370000,1.500000,0.120000,0.530000,0.110000,82.699997,6.730000,4.300000,262.739990,69.430000,58055.078125,32.69,98.77,2.750000,CO,14025
1.340000,1.480000,0.120000,0.560000,0.110000,80.519997,5.470000,2.460000,263.869995,66.199997,59146.078125,32.7,98.93,2.750000,CO,14026
1.400000,1.550000,0.140000,0.570000,0.110000,79.050003,1.990000,2.050000,262.529999,75.360001,60166.890625,32.71,99.09,2.750000,CO,14027
1.440000,1.590000,0.160000,0.520000,0.110000,79.669998,2.520000,2.940000,261.630005,77.529999,59141.238281,32.71,99.26,2.750000,CO,14028
1.430000,1.580000,0.160000,0.500000,0.110000,80.040001,5.710000,4.330000,262.209991,73.320000,58958.039062,32.72,99.42,2.750000,CO,14029
1.450000,1.610000,0.170000,0.590000,0.110000,79.900002,5.700000,4.270000,263.170013,69.089996,59729.339844,32.73,99.58,2.750000,CO,14030
1.510000,1.670000,0.190000,0.680000,0.110000,79.730003,3.910000,3.860000,263.309998,69.970001,60232.191406,32.73,99.74,2.750000,CO,14031
1.500000,1.660000,0.190000,0.700000,0.110000,80.940002,3.980000,4.920000,263.540009,68.870003,59772.578125,32.74,99.9,2.750000,CO,14032
1.440000,1.600000,0.180000,0.620000,0.110000,78.440002,5.730000,5.880000,264.040009,64.680000,59246.621094,32.75,100.06,2.750000,CO,14033
1.280000,1.430000,0.150000,0.810000,0.110000,70.519997,7.490000,2.870000,267.649994,53.000000,61623.468750,32.79,101.36,2.750000,CO,14041
1.340000,1.500000,0.190000,0.870000,0.120000,68.540001,6.800000,2.720000,269.529999,47.009998,63162.878906,32.8,101.52,3.000000,CO,14042
1.460000,1.640000,0.240000,0.960000,0.120000,66.639999,4.440000,2.380000,271.850006,42.529999,65295.808594,32.8,101.68,3.000000,CO,14043
1.700000,1.900000,0.280000,1.030000,0.120000,66.779999,2.950000,2.500000,272.200012,44.049999,65704.531250,32.8,101.84,3.000000,CO,14044
2.140000,2.380000,0.360000,1.000000,0.120000,68.279999,3.300000,3.360000,270.929993,49.000000,64548.800781,32.81,102.0,3.057143,PM2.5,14045
3.250000,3.580000,0.570000,1.030000,0.130000,67.790001,4.720000,4.220000,269.950012,51.310001,63579.191406,32.81,102.17,4.642857,PM2.5,14046
4.290000,4.720000,0.770000,1.070000,0.130000,67.839996,5.370000,4.720000,270.570007,49.340000,64089.210938,32.82,102.33,6.128572,PM2.5,14047
5.610000,6.170000,1.050000,1.120000,0.140000,67.680000,5.150000,5.850000,271.320007,47.950001,64965.980469,32.82,102.49,8.014286,PM2.5,14048
6.990000,7.680000,1.360000,1.160000,0.150000,68.330002,5.650000,6.390000,271.079987,47.930000,64644.101562,32.82,102.65,9.985714,PM2.5,14049
8.610000,9.450000,1.710000,1.190000,0.160000,68.419998,6.080000,5.890000,270.149994,49.779999,63651.250000,32.82,102.81,12.299999,PM2.5,14050
11.460000,12.570000,2.490000,1.350000,0.180000,67.709999,4.800000,5.820000,269.899994,53.029999,63690.121094,32.83,102.98,16.371429,PM2.5,14051
14.270000,15.670000,3.260000,1.390000,0.200000,68.209999,2.780000,6.130000,270.140015,59.470001,64963.410156,32.83,103.14,20.385715,PM2.5,14052
15.120000,16.580000,3.320000,1.320000,0.200000,66.519997,1.510000,5.760000,269.790009,62.320000,65118.269531,32.83,103.3,21.600000,PM2.5,14053
15.530000,17.030001,3.370000,1.410000,0.200000,67.180000,0.620000,5.390000,269.179993,65.519997,64978.519531,32.83,103.46,22.185715,PM2.5,14054
15.930000,17.450001,3.510000,1.600000,0.210000,66.480003,0.520000,5.400000,268.339996,69.650002,64453.929688,32.84,103.62,22.757143,PM2.5,14055
16.480000,18.020000,3.640000,1.150000,0.210000,68.620003,3.670000,5.910000,266.690002,73.430000,62351.109375,32.84,103.79,23.542856,PM2.5,14056
20.240000,22.010000,4.650000,1.330000,0.230000,70.800003,6.030000,6.450000,267.309998,72.050003,63072.390625,32.84,103.95,28.914286,PM2.5,14057
25.680000,27.840000,6.220000,1.820000,0.270000,71.220001,4.530000,6.540000,268.519989,76.330002,66470.023438,32.84,104.11,36.685715,PM2.5,14058
30.170000,32.720001,7.750000,2.140000,0.300000,67.160004,3.110000,6.070000,269.519989,81.440002,69952.062500,32.84,104.27,43.099998,PM2.5,14059
92.339996,99.739998,26.350000,7.920000,0.680000,42.490002,-2.630000,-2.810000,276.179993,86.760002,88108.023438,32.84,105.4,121.674995,PM2.5,14066
118.059998,127.739998,32.610001,10.560000,0.850000,37.520000,-4.790000,-4.170000,277.170013,85.150002,90630.210938,32.84,105.89,154.371429,PM2.5,14069
120.690002,130.570007,34.200001,10.900000,0.860000,37.080002,-5.020000,-2.180000,277.220001,86.900002,90356.171875,32.84,106.05,158.128571,PM2.5,14070
1.680000,1.860000,0.150000,0.380000,0.110000,81.769997,2.580000,4.760000,263.390015,63.549999,58491.699219,32.76,97.47,2.750000,CO,14274
1.660000,1.830000,0.150000,0.580000,0.110000,83.099998,2.060000,4.990000,262.250000,72.430000,57752.320312,32.76,97.63,2.750000,CO,14275
1.510000,1.660000,0.130000,0.350000,0.110000,85.209999,4.370000,6.940000,261.779999,74.949997,57245.281250,32.77,97.79,2.750000,CO,14276
1.440000,1.590000,0.120000,0.360000,0.110000,84.930000,7.040000,9.270000,261.670013,76.639999,57156.421875,32.78,97.95,2.750000,CO,14277
1.410000,1.550000,0.120000,0.410000,0.110000,85.690002,9.220000,9.070000,262.429993,70.620003,57501.390625,32.79,98.12,2.750000,CO,14278
1.400000,1.540000,0.130000,0.530000,0.110000,83.949997,6.910000,5.750000,264.679993,61.520000,59414.121094,32.8,98.28,2.750000,CO,14279
1.460000,1.610000,0.170000,0.980000,0.110000,79.790001,1.590000,0.870000,264.230011,68.410004,61336.128906,32.81,98.44,2.750000,CO,14280
1.440000,1.590000,0.150000,0.890000,0.110000,80.910004,0.490000,1.710000,263.880005,70.019997,61399.621094,32.82,98.6,2.750000,CO,14281
1.390000,1.530000,0.140000,0.710000,0.110000,81.209999,1.210000,2.340000,263.480011,71.779999,61174.019531,32.83,98.76,2.750000,CO,14282
1.330000,1.470000,0.130000,0.630000,0.110000,81.860001,-0.180000,1.340000,262.850006,74.389999,61104.300781,32.83,98.92,2.750000,CO,14283
1.320000,1.450000,0.130000,0.440000,0.110000,80.199997,-0.060000,2.240000,261.540009,79.709999,59676.210938,32.84,99.09,2.750000,CO,14284
1.360000,1.510000,0.150000,0.440000,0.110000,79.760002,3.800000,3.980000,260.940002,81.129997,58212.839844,32.85,99.25,2.750000,CO,14285
1.360000,1.510000,0.150000,0.430000,0.110000,80.120003,6.290000,4.500000,262.200012,74.430000,58888.820312,32.86,99.41,2.750000,CO,14286
1.420000,1.580000,0.170000,0.550000,0.110000,80.639999,5.340000,4.460000,263.209991,69.260002,60008.191406,32.88,99.89,2.750000,CO,14289
1.400000,1.550000,0.170000,0.540000,0.110000,78.300003,5.870000,4.720000,264.549988,63.049999,60372.851562,32.88,100.06,2.750000,CO,14290
1.300000,1.470000,0.160000,0.710000,0.110000,71.320000,7.100000,2.960000,266.230011,56.959999,60596.511719,32.92,101.19,2.750000,CO,14297
1.250000,1.400000,0.150000,0.680000,0.110000,70.410004,7.710000,3.580000,268.079987,50.369999,62071.589844,32.93,101.35,2.750000,CO,14298
1.320000,1.480000,0.200000,0.800000,0.120000,68.449997,6.120000,2.600000,270.209991,45.509998,63938.699219,32.93,101.51,3.000000,CO,14299
1.430000,1.600000,0.250000,0.880000,0.120000,67.589996,4.210000,1.740000,271.429993,43.320000,65092.839844,32.94,101.68,3.000000,CO,14300
1.540000,1.720000,0.260000,0.930000,0.120000,67.730003,3.890000,2.960000,270.660004,46.490002,64299.160156,32.94,101.84,3.000000,CO,14301
1.920000,2.140000,0.330000,0.990000,0.120000,67.940002,4.440000,4.180000,270.339996,47.480000,64012.000000,32.94,102.0,3.000000,CO,14302
2.590000,2.860000,0.460000,1.050000,0.130000,67.110001,5.080000,4.470000,270.709991,45.730000,64369.300781,32.95,102.16,3.700000,PM2.5,14303
3.180000,3.500000,0.570000,1.020000,0.130000,67.080002,5.740000,4.450000,270.820007,45.220001,64410.460938,32.95,102.32,4.542857,PM2.5,14304
3.710000,4.080000,0.690000,1.040000,0.130000,66.910004,5.870000,4.930000,271.570007,44.549999,65153.359375,32.95,102.49,5.300000,PM2.5,14305
4.410000,4.850000,0.860000,1.110000,0.140000,66.940002,5.870000,5.540000,271.450012,45.660000,65168.238281,32.96,102.65,6.300000,PM2.5,14306
6.840000,7.510000,1.340000,1.170000,0.150000,66.919998,5.820000,5.930000,270.839996,47.070000,64438.878906,32.96,102.81,9.771429,PM2.5,14307
11.200000,12.300000,2.390000,1.330000,0.180000,66.540001,3.980000,5.990000,270.959991,49.750000,64809.160156,32.96,102.97,16.000000,PM2.5,14308
13.350000,14.660000,2.980000,1.300000,0.190000,67.250000,1.870000,5.940000,270.230011,58.169998,65112.671875,32.97,103.13,19.071428,PM2.5,14309
13.810000,15.140000,2.920000,1.270000,0.190000,66.949997,1.430000,5.460000,269.040009,63.230000,64482.449219,32.97,103.3,19.728573,PM2.5,14310
13.960000,15.300000,2.960000,1.340000,0.190000,67.389999,1.300000,5.650000,268.239990,66.879997,63994.320312,32.97,103.46,19.942858,PM2.5,14311
14.220000,15.570000,3.040000,1.470000,0.200000,67.360001,1.870000,6.660000,267.070007,73.440002,62986.570312,32.97,103.62,20.314285,PM2.5,14312
15.080000,16.469999,3.300000,1.110000,0.200000,69.919998,5.650000,8.160000,266.690002,68.860001,61873.828125,32.97,103.78,21.542856,PM2.5,14313
18.010000,19.570000,4.020000,1.340000,0.220000,69.919998,5.670000,5.940000,269.450012,60.939999,64278.351562,32.98,103.95,25.728571,PM2.5,14314
26.150000,28.440001,6.400000,2.030000,0.280000,64.709999,1.280000,2.990000,271.109985,69.180000,69321.421875,32.98,104.11,37.357143,PM2.5,14315
33.240002,36.150002,8.820000,2.660000,0.330000,61.259998,-0.820000,3.450000,272.230011,73.160004,73394.203125,32.98,104.27,47.485718,PM2.5,14316
1.700000,1.880000,0.160000,0.350000,0.110000,82.000000,2.470000,5.350000,263.010010,65.580002,58074.230469,32.89,97.46,2.750000,CO,14536
1.640000,1.810000,0.140000,0.410000,0.110000,82.889999,4.790000,7.360000,261.350006,74.650002,56655.199219,32.9,97.62,2.750000,CO,14537
1.550000,1.710000,0.130000,0.320000,0.110000,85.000000,6.700000,8.570000,263.239990,68.419998,58207.468750,32.91,97.78,2.750000,CO,14538
1.480000,1.630000,0.130000,0.330000,0.110000,85.330002,7.450000,9.050000,265.010010,62.020000,59746.558594,32.92,97.94,2.750000,CO,14539
1.450000,1.590000,0.140000,0.490000,0.110000,84.400002,6.570000,6.910000,265.690002,59.049999,60411.460938,32.93,98.1,2.750000,CO,14540
1.430000,1.570000,0.150000,0.790000,0.110000,82.129997,2.530000,3.420000,264.839996,63.869999,60573.199219,32.94,98.27,2.750000,CO,14541
1.440000,1.590000,0.170000,1.120000,0.120000,80.339996,-0.750000,1.240000,263.339996,71.500000,60217.710938,32.95,98.43,3.000000,CO,14542
1.350000,1.490000,0.160000,1.090000,0.110000,81.699997,-1.300000,0.540000,262.320007,76.830002,60283.511719,32.95,98.59,2.750000,CO,14543
1.270000,1.410000,0.140000,0.750000,0.110000,82.860001,-1.500000,-0.230000,262.160004,78.779999,60717.808594,32.96,98.75,2.750000,CO,14544
1.210000,1.340000,0.130000,0.620000,0.110000,82.470001,-1.200000,0.610000,261.660004,80.500000,60098.011719,32.97,98.91,2.750000,CO,14545
1.220000,1.360000,0.120000,0.430000,0.110000,80.330002,1.970000,3.280000,260.570007,84.180000,58287.589844,32.98,99.08,2.750000,CO,14546
1.350000,1.500000,0.150000,0.470000,0.110000,80.510002,5.700000,3.750000,263.029999,70.230003,59630.019531,33.01,99.89,2.750000,CO,14551
1.170000,1.310000,0.140000,0.560000,0.110000,72.519997,7.740000,2.900000,265.000000,59.820000,59363.000000,33.06,101.18,2.750000,CO,14559
1.140000,1.270000,0.140000,0.620000,0.110000,70.910004,7.440000,2.940000,267.940002,50.820000,61849.949219,33.06,101.35,2.750000,CO,14560
1.120000,1.250000,0.150000,0.640000,0.110000,69.519997,5.140000,2.330000,269.709991,46.950001,63644.289062,33.07,101.51,2.750000,CO,14561
1.180000,1.320000,0.180000,0.630000,0.110000,69.370003,4.540000,2.500000,269.230011,47.639999,63201.859375,33.07,101.67,2.750000,CO,14562
1.290000,1.440000,0.200000,0.620000,0.120000,69.199997,5.420000,3.820000,269.529999,47.639999,63263.460938,33.08,101.83,3.000000,CO,14563
1.750000,1.940000,0.300000,0.890000,0.120000,66.639999,5.230000,4.150000,271.209991,42.220001,64874.039062,33.08,102.0,3.000000,CO,14564
2.460000,2.720000,0.450000,1.140000,0.130000,65.440002,5.050000,3.940000,271.339996,41.959999,65348.980469,33.08,102.16,3.514286,PM2.5,14565
2.890000,3.180000,0.530000,1.130000,0.130000,65.820000,6.140000,4.180000,270.790009,43.279999,64750.941406,33.09,102.32,4.128572,PM2.5,14566
3.300000,3.630000,0.600000,1.170000,0.130000,65.400002,6.560000,4.460000,271.609985,42.150002,65497.179688,33.09,102.48,4.714286,PM2.5,14567
3.820000,4.180000,0.670000,1.230000,0.130000,65.010002,6.000000,4.700000,271.940002,42.950001,65927.906250,33.09,102.64,5.457143,PM2.5,14568
6.270000,6.860000,1.170000,1.210000,0.150000,65.349998,5.210000,5.230000,271.859985,43.740002,65646.312500,33.1,102.81,8.957143,PM2.5,14569
11.290000,12.360000,2.330000,1.270000,0.180000,66.070000,3.130000,5.770000,271.720001,47.610001,65712.296875,33.1,102.97,16.128571,PM2.5,14570
12.800000,14.030000,2.780000,1.190000,0.190000,67.300003,1.370000,6.460000,270.359985,56.650002,65268.421875,33.1,103.13,18.285715,PM2.5,14571
12.960000,14.190000,2.690000,1.160000,0.190000,67.680000,1.660000,6.400000,268.500000,63.570000,63943.691406,33.1,103.29,18.514286,PM2.5,14572
12.800000,14.010000,2.660000,1.200000,0.190000,68.010002,3.130000,6.940000,267.390015,67.550003,62972.019531,33.11,103.46,18.285715,PM2.5,14573
13.090000,14.300000,2.790000,1.260000,0.190000,69.190002,5.080000,8.080000,267.730011,65.190002,62964.750000,33.11,103.62,18.700001,PM2.5,14574
14.780000,16.100000,3.160000,1.230000,0.200000,68.989998,4.720000,7.070000,269.269989,59.630001,63980.761719,33.11,103.78,21.114285,PM2.5,14575
23.139999,25.230000,5.580000,1.800000,0.260000,63.509998,0.100000,2.020000,270.010010,72.629997,68234.906250,33.11,103.94,33.057140,PM2.5,14576
37.540001,40.830002,9.870000,2.870000,0.350000,59.110001,-2.420000,-1.970000,270.649994,84.800003,74509.679688,33.11,104.11,53.175003,PM2.5,14577
42.400002,46.209999,11.770000,3.660000,0.390000,57.259998,-2.830000,-0.560000,273.899994,75.580002,79374.843750,33.11,104.27,59.250000,PM2.5,14578
1.660000,1.840000,0.150000,0.400000,0.110000,83.570000,6.660000,7.530000,262.920013,68.550003,57813.531250,33.04,97.61,2.750000,CO,14798
1.610000,1.780000,0.150000,0.420000,0.110000,83.849998,6.760000,6.810000,264.950012,61.180000,59463.320312,33.05,97.77,2.750000,CO,14799
1.550000,1.710000,0.150000,0.530000,0.110000,83.160004,5.250000,5.460000,266.459991,57.410000,61069.738281,33.05,97.93,2.750000,CO,14800
1.500000,1.650000,0.160000,0.740000,0.110000,82.269997,3.230000,4.000000,266.510010,60.000000,61876.898438,33.06,98.09,2.750000,CO,14801
1.460000,1.610000,0.160000,0.900000,0.120000,81.349998,1.400000,3.760000,264.890015,65.919998,60955.140625,33.07,98.26,3.000000,CO,14802
1.440000,1.590000,0.170000,1.070000,0.120000,80.480003,0.530000,4.200000,263.010010,73.010002,59474.828125,33.08,98.42,3.000000,CO,14803
1.350000,1.490000,0.150000,0.850000,0.110000,81.379997,0.140000,3.210000,261.709991,78.220001,58758.550781,33.09,98.58,2.750000,CO,14804
1.290000,1.420000,0.140000,0.600000,0.110000,82.440002,1.290000,2.020000,260.760010,81.570000,57796.339844,33.1,98.74,2.750000,CO,14805
1.240000,1.370000,0.130000,0.520000,0.110000,81.860001,3.660000,2.840000,260.000000,84.470001,57254.968750,33.11,98.9,2.750000,CO,14806
1.110000,1.230000,0.130000,0.490000,0.110000,73.500000,8.020000,3.270000,264.239990,61.130001,58722.910156,33.19,101.18,2.750000,CO,14820
1.080000,1.210000,0.130000,0.590000,0.110000,71.599998,7.570000,2.820000,266.619995,53.070000,60546.281250,33.2,101.34,2.750000,CO,14821
1.070000,1.200000,0.150000,0.620000,0.110000,69.550003,5.460000,2.730000,268.559998,47.040001,62454.750000,33.2,101.5,2.750000,CO,14822
2.640000,2.920000,0.490000,1.190000,0.130000,64.529999,5.100000,3.570000,271.239990,41.610001,65699.789062,33.22,102.15,3.771429,PM2.5,14826
3.110000,3.430000,0.570000,1.200000,0.130000,64.900002,6.270000,3.990000,270.700012,43.790001,65071.339844,33.22,102.32,4.442857,PM2.5,14827
3.930000,4.290000,0.660000,1.240000,0.140000,64.510002,6.460000,3.790000,271.600006,42.980000,65913.421875,33.23,102.48,5.614286,PM2.5,14828
4.580000,4.980000,0.750000,1.300000,0.140000,64.129997,5.620000,3.920000,272.029999,43.860001,66404.820312,33.23,102.64,6.542857,PM2.5,14829
6.930000,7.560000,1.250000,1.240000,0.150000,64.430000,4.590000,4.740000,272.309998,43.240002,66349.281250,33.23,102.8,9.900000,PM2.5,14830
11.110000,12.150000,2.230000,1.200000,0.170000,66.230003,2.830000,6.000000,272.089996,46.540001,66202.328125,33.24,102.97,15.871428,PM2.5,14831
12.240000,13.390000,2.600000,1.100000,0.180000,67.669998,1.700000,7.180000,270.450012,54.910000,65250.980469,33.24,103.13,17.485714,PM2.5,14832
12.080000,13.210000,2.490000,1.070000,0.180000,68.589996,2.810000,7.680000,268.420013,61.060001,63544.480469,33.24,103.29,17.257143,PM2.5,14833
12.130000,13.250000,2.520000,1.110000,0.180000,69.059998,4.820000,8.100000,268.000000,61.310001,62983.671875,33.24,103.45,17.328571,PM2.5,14834
12.850000,14.000000,2.650000,1.250000,0.190000,68.879997,4.770000,6.870000,269.480011,58.779999,64576.000000,33.24,103.62,18.357143,PM2.5,14835
16.270000,17.740000,3.540000,1.460000,0.210000,67.519997,1.440000,3.360000,270.489990,65.970001,67304.367188,33.25,103.78,23.242857,PM2.5,14836
25.709999,27.990000,6.330000,2.010000,0.280000,64.099998,-2.150000,0.940000,269.359985,83.089996,70837.062500,33.25,103.94,36.728569,PM2.5,14837
33.750000,36.709999,8.700000,2.610000,0.330000,63.540001,-2.560000,-0.480000,270.250000,86.099998,74434.507812,33.25,104.11,48.214287,PM2.5,14838
40.060001,43.700001,10.990000,3.690000,0.380000,58.619999,-2.010000,-0.480000,272.940002,78.070000,78528.531250,33.25,104.27,56.325001,PM2.5,14839
1.720000,1.910000,0.170000,0.520000,0.120000,82.980003,6.660000,5.810000,265.170013,61.250000,59939.531250,33.17,97.6,3.000000,CO,15056
1.690000,1.870000,0.170000,0.620000,0.120000,82.519997,5.310000,4.190000,265.859985,59.419998,60678.250000,33.18,97.76,3.000000,CO,15057
1.660000,1.840000,0.180000,0.790000,0.120000,81.820000,3.570000,3.270000,265.970001,62.279999,61204.371094,33.19,97.92,3.000000,CO,15058
1.580000,1.750000,0.180000,0.910000,0.120000,81.760002,2.240000,3.610000,265.570007,65.269997,61203.699219,33.2,98.08,3.000000,CO,15059
1.500000,1.660000,0.170000,0.950000,0.120000,81.129997,2.060000,4.770000,264.339996,69.300003,60362.601562,33.21,98.25,3.000000,CO,15060
1.440000,1.590000,0.170000,1.020000,0.120000,80.779999,2.050000,5.600000,263.410004,72.129997,59771.300781,33.22,98.41,3.000000,CO,15061
1.340000,1.490000,0.140000,0.740000,0.110000,81.330002,2.010000,5.660000,262.239990,76.180000,58863.031250,33.23,98.57,2.750000,CO,15062
1.290000,1.420000,0.140000,0.540000,0.110000,81.650002,3.850000,5.760000,260.890015,80.000000,57345.769531,33.23,98.73,2.750000,CO,15063
1.240000,1.390000,0.220000,0.840000,0.120000,67.250000,4.870000,2.870000,269.339996,41.419998,63473.281250,33.34,101.66,3.000000,CO,15081
1.470000,1.640000,0.260000,1.000000,0.120000,66.330002,5.630000,3.280000,269.859985,40.369999,64008.640625,33.35,101.82,3.000000,CO,15082
3.880000,4.260000,0.690000,1.310000,0.140000,63.180000,5.400000,3.010000,271.350006,45.099998,66238.257812,33.36,102.31,5.542857,PM2.5,15085
4.890000,5.320000,0.800000,1.320000,0.140000,62.950001,5.560000,2.830000,271.589996,46.450001,66385.406250,33.36,102.47,6.985714,PM2.5,15086
5.660000,6.150000,0.900000,1.260000,0.140000,63.049999,5.330000,3.440000,271.839996,46.610001,66404.187500,33.37,102.64,8.085714,PM2.5,15087
7.100000,7.720000,1.200000,1.150000,0.150000,63.770000,4.540000,4.890000,272.320007,43.980000,66496.250000,33.37,102.8,10.142857,PM2.5,15088
10.750000,11.720000,2.070000,1.120000,0.170000,66.160004,3.340000,6.400000,272.369995,45.250000,66489.492188,33.37,102.96,15.357142,PM2.5,15089
11.690000,12.750000,2.410000,1.070000,0.180000,67.669998,2.900000,7.660000,271.130005,50.980000,65646.296875,33.37,103.13,16.699999,PM2.5,15090
11.520000,12.560000,2.350000,1.000000,0.180000,67.550003,3.990000,8.370000,269.690002,54.060001,64239.570312,33.38,103.29,16.457144,PM2.5,15091
11.740000,12.780000,2.370000,1.080000,0.180000,67.989998,4.200000,7.550000,269.540009,55.520000,64324.500000,33.38,103.45,16.771429,PM2.5,15092
12.440000,13.540000,2.480000,1.280000,0.190000,69.500000,3.070000,5.100000,269.399994,62.930000,65318.238281,33.38,103.61,17.771427,PM2.5,15093
15.600000,17.000000,3.440000,1.450000,0.210000,68.279999,1.360000,3.420000,269.420013,69.949997,66954.398438,33.38,103.78,22.285715,PM2.5,15094
22.950001,25.010000,5.650000,1.920000,0.260000,65.389999,-1.010000,2.520000,268.910004,82.480003,70028.343750,33.38,103.94,32.785717,PM2.5,15095
29.209999,31.799999,7.610000,2.430000,0.300000,64.250000,-1.780000,2.460000,268.540009,88.050003,70781.203125,33.38,104.1,41.728569,PM2.5,15096
1.770000,1.960000,0.190000,0.670000,0.120000,82.239998,4.770000,3.320000,264.929993,65.239998,60479.269531,33.32,97.75,3.000000,CO,15316
1.720000,1.900000,0.190000,0.790000,0.120000,81.760002,3.890000,3.480000,264.910004,66.320000,60474.781250,33.33,97.91,3.000000,CO,15317
1.630000,1.810000,0.180000,0.800000,0.120000,81.650002,2.830000,4.260000,264.670013,68.080002,60366.769531,33.34,98.07,3.000000,CO,15318
1.530000,1.700000,0.160000,0.820000,0.120000,81.370003,2.500000,5.180000,263.709991,72.099998,59722.289062,33.34,98.24,3.000000,CO,15319
1.460000,1.620000,0.160000,0.850000,0.120000,81.309998,2.630000,5.660000,262.679993,76.169998,59187.738281,33.35,98.4,3.000000,CO,15320
1.370000,1.520000,0.140000,0.640000,0.110000,81.769997,3.220000,6.220000,261.790009,78.910004,58484.558594,33.36,98.56,2.750000,CO,15321
1.310000,1.430000,0.140000,0.500000,0.110000,81.629997,5.090000,6.530000,261.269989,78.970001,57694.710938,33.37,98.72,2.750000,CO,15322
1.690000,1.890000,0.320000,1.100000,0.120000,66.300003,5.490000,2.640000,269.459991,39.520000,63925.660156,33.48,101.82,3.000000,CO,15341
6.000000,6.530000,0.990000,1.320000,0.150000,61.500000,4.680000,2.110000,271.480011,50.230000,66669.898438,33.5,102.47,8.571428,PM2.5,15345
6.730000,7.290000,1.070000,1.240000,0.150000,62.139999,4.840000,3.140000,271.709991,48.660000,66508.867188,33.5,102.63,9.614285,PM2.5,15346
7.640000,8.270000,1.210000,1.190000,0.150000,63.049999,4.300000,4.810000,272.299988,44.820000,66611.593750,33.5,102.8,10.914286,PM2.5,15347
10.370000,11.270000,1.880000,1.140000,0.170000,65.180000,3.710000,6.110000,272.220001,44.849998,66385.453125,33.51,102.96,14.814285,PM2.5,15348
11.100000,12.070000,2.160000,1.090000,0.170000,66.480003,3.930000,6.740000,271.519989,48.410000,65962.078125,33.51,103.12,15.857143,PM2.5,15349
11.100000,12.070000,2.170000,1.030000,0.170000,66.459999,4.040000,7.200000,271.380005,48.840000,65837.726562,33.51,103.29,15.857143,PM2.5,15350
11.320000,12.310000,2.250000,1.080000,0.180000,67.330002,3.130000,6.840000,270.559998,53.959999,65601.421875,33.51,103.45,16.171429,PM2.5,15351
11.860000,12.900000,2.350000,1.200000,0.180000,69.940002,3.210000,6.600000,269.019989,62.759998,64869.421875,33.52,103.61,16.942856,PM2.5,15352
14.090000,15.340000,3.000000,1.330000,0.200000,68.519997,2.740000,6.310000,268.940002,67.669998,65859.046875,33.52,103.78,20.128572,PM2.5,15353
19.420000,21.170000,4.620000,1.580000,0.230000,67.360001,0.810000,4.870000,268.589996,77.099998,68159.718750,33.52,103.94,27.742857,PM2.5,15354
25.500000,27.820000,6.490000,2.160000,0.280000,62.970001,1.030000,6.060000,267.989990,82.660004,68143.609375,33.52,104.1,36.428570,PM2.5,15355
1.810000,2.020000,0.190000,0.620000,0.120000,82.029999,5.350000,4.130000,263.839996,69.150002,59625.980469,33.45,97.74,3.000000,CO,15577
1.740000,1.930000,0.180000,0.710000,0.120000,81.510002,4.200000,4.030000,264.230011,68.500000,60086.460938,33.46,97.9,3.000000,CO,15578
1.660000,1.840000,0.170000,0.700000,0.120000,81.599998,3.350000,4.640000,264.269989,68.370003,60041.589844,33.47,98.06,3.000000,CO,15579
1.570000,1.740000,0.160000,0.710000,0.120000,81.459999,3.220000,5.540000,263.410004,72.870003,59363.949219,33.48,98.23,3.000000,CO,15580
1.500000,1.660000,0.160000,0.710000,0.120000,81.680000,3.440000,6.090000,262.309998,78.459999,58708.488281,33.49,98.39,3.000000,CO,15581
1.410000,1.560000,0.140000,0.580000,0.110000,82.040001,4.430000,6.450000,261.329987,82.019997,57936.660156,33.5,98.55,2.750000,CO,15582
1.360000,1.490000,0.130000,0.500000,0.110000,81.430000,6.370000,6.980000,260.989990,81.339996,57603.011719,33.5,98.71,2.750000,CO,15583
6.680000,7.280000,1.160000,1.280000,0.150000,61.099998,3.690000,1.810000,271.299988,52.160000,66764.343750,33.63,102.47,9.542857,PM2.5,15606
7.400000,8.030000,1.210000,1.220000,0.160000,61.270000,3.740000,2.760000,271.619995,49.700001,66689.156250,33.64,102.63,10.571428,PM2.5,15607
8.020000,8.680000,1.300000,1.270000,0.160000,61.770000,3.310000,4.370000,272.179993,46.259998,66751.117188,33.64,102.79,11.457144,PM2.5,15608
9.860000,10.690000,1.710000,1.210000,0.160000,63.779999,2.940000,5.450000,271.670013,47.139999,66151.460938,33.64,102.96,14.085713,PM2.5,15609
10.510000,11.390000,1.900000,1.170000,0.170000,64.559998,3.340000,5.340000,270.820007,51.849998,65700.390625,33.65,103.12,15.014286,PM2.5,15610
10.720000,11.620000,2.000000,1.130000,0.170000,65.250000,3.920000,5.640000,271.170013,51.570000,66189.882812,33.65,103.28,15.314286,PM2.5,15611
11.030000,11.980000,2.130000,1.120000,0.170000,66.519997,4.240000,7.090000,270.579987,53.540001,65728.101562,33.65,103.45,15.757142,PM2.5,15612
11.550000,12.550000,2.280000,1.180000,0.180000,68.760002,4.710000,7.840000,270.170013,55.349998,65538.351562,33.65,103.61,16.500000,PM2.5,15613
12.920000,14.050000,2.740000,1.200000,0.190000,68.260002,3.590000,7.540000,270.589996,56.330002,66553.757812,33.65,103.77,18.457144,PM2.5,15614
16.610001,18.110001,3.810000,1.460000,0.220000,67.750000,2.640000,7.090000,269.279999,65.709999,66710.351562,33.66,103.94,23.728573,PM2.5,15615
22.650000,24.750000,5.770000,2.150000,0.270000,62.480000,2.330000,6.640000,270.690002,67.459999,69012.367188,33.66,104.1,32.357143,PM2.5,15616
1.890000,2.100000,0.200000,0.540000,0.120000,81.769997,6.610000,5.350000,261.769989,75.849998,57586.140625,33.58,97.56,3.000000,CO,15836
1.820000,2.010000,0.190000,0.530000,0.120000,81.440002,5.600000,4.370000,263.600006,69.459999,59287.140625,33.59,97.73,3.000000,CO,15837
1.740000,1.930000,0.180000,0.560000,0.120000,80.599998,4.050000,3.720000,263.820007,70.760002,60005.730469,33.6,97.89,3.000000,CO,15838
1.670000,1.850000,0.170000,0.590000,0.120000,80.639999,4.070000,4.530000,263.829987,70.360001,59932.750000,33.61,98.05,3.000000,CO,15839
1.600000,1.770000,0.160000,0.620000,0.120000,80.930000,4.280000,5.620000,263.859985,70.559998,59707.300781,33.62,98.21,3.000000,CO,15840
1.530000,1.690000,0.150000,0.620000,0.120000,81.449997,4.280000,6.250000,263.269989,75.080002,59364.070312,33.62,98.38,3.000000,CO,15841
1.450000,1.610000,0.140000,0.520000,0.110000,81.980003,5.330000,6.540000,262.040009,80.639999,58348.121094,33.63,98.54,2.750000,CO,15842
6.990000,7.640000,1.250000,1.220000,0.160000,61.330002,2.720000,1.530000,271.269989,53.000000,67028.273438,33.77,102.46,9.985714,PM2.5,15866
7.570000,8.250000,1.310000,1.210000,0.160000,61.020000,2.630000,2.150000,271.500000,51.680000,67000.703125,33.77,102.63,10.814286,PM2.5,15867
7.920000,8.610000,1.340000,1.270000,0.160000,60.860001,2.470000,3.380000,271.869995,49.459999,66982.281250,33.78,102.79,11.314286,PM2.5,15868
9.130000,9.910000,1.580000,1.220000,0.160000,62.310001,2.490000,4.710000,271.140015,50.770000,66126.132812,33.78,102.95,13.042857,PM2.5,15869
9.950000,10.790000,1.760000,1.180000,0.170000,63.150002,3.280000,5.320000,269.880005,55.779999,65020.500000,33.78,103.12,14.214286,PM2.5,15870
1.860000,2.070000,0.190000,0.490000,0.120000,81.250000,5.750000,4.730000,263.010010,70.500000,58655.398438,33.72,97.55,3.000000,CO,16096
1.790000,1.980000,0.180000,0.460000,0.120000,80.620003,4.620000,3.310000,263.089996,71.570000,59139.101562,33.72,97.71,3.000000,CO,16097
1.700000,1.880000,0.170000,0.450000,0.120000,80.540001,4.290000,3.320000,262.829987,72.519997,59117.058594,33.73,97.88,3.000000,CO,16098
1.590000,1.760000,0.160000,0.440000,0.120000,81.080002,4.630000,3.730000,263.329987,70.199997,59783.980469,33.74,98.04,3.000000,CO,16099
1.560000,1.730000,0.150000,0.490000,0.120000,80.800003,4.480000,4.330000,263.880005,69.019997,60283.250000,33.75,98.2,3.000000,CO,16100
1.550000,1.710000,0.150000,0.530000,0.120000,80.930000,4.550000,5.460000,263.429993,73.580002,59783.679688,33.76,98.37,3.000000,CO,16101
6.680000,7.330000,1.250000,1.150000,0.160000,61.770000,2.490000,1.090000,270.519989,53.650002,66422.656250,33.9,102.3,9.542857,PM2.5,16125
7.270000,7.960000,1.320000,1.180000,0.160000,61.340000,1.950000,1.510000,270.450012,54.799999,66337.453125,33.91,102.46,10.385715,PM2.5,16126
7.760000,8.490000,1.390000,1.240000,0.160000,60.959999,1.590000,1.860000,270.640015,54.770000,66481.562500,33.91,102.62,11.085714,PM2.5,16127
8.240000,8.990000,1.470000,1.240000,0.170000,60.759998,1.760000,2.630000,270.549988,55.279999,66341.398438,33.91,102.79,11.771428,PM2.5,16128
9.250000,10.080000,1.660000,1.210000,0.170000,61.540001,2.820000,3.930000,270.269989,56.750000,66055.656250,33.92,102.95,13.214286,PM2.5,16129
10.330000,11.250000,1.910000,1.190000,0.180000,62.369999,3.580000,4.840000,270.690002,56.650002,66459.031250,33.92,103.11,14.757143,PM2.5,16130
1.910000,2.120000,0.200000,0.540000,0.120000,80.410004,4.160000,4.140000,262.429993,72.550003,58775.621094,33.84,97.38,3.000000,CO,16356
1.830000,2.030000,0.190000,0.480000,0.120000,80.809998,4.030000,2.830000,262.420013,72.279999,58908.910156,33.85,97.54,3.000000,CO,16357
1.740000,1.930000,0.180000,0.410000,0.120000,81.309998,3.970000,2.580000,261.730011,74.699997,58266.839844,33.86,97.7,3.000000,CO,16358
1.660000,1.840000,0.170000,0.380000,0.120000,81.580002,4.810000,3.390000,261.529999,76.160004,58008.660156,33.87,97.87,3.000000,CO,16359
1.530000,1.700000,0.150000,0.360000,0.120000,82.220001,4.650000,3.040000,262.489990,72.599998,59227.261719,33.88,98.03,3.000000,CO,16360
1.500000,1.660000,0.150000,0.380000,0.120000,81.940002,3.950000,2.980000,262.869995,71.279999,59856.250000,33.89,98.19,3.000000,CO,16361
1.540000,1.710000,0.150000,0.450000,0.120000,81.059998,4.380000,4.600000,262.450012,75.169998,59400.441406,33.9,98.36,3.000000,CO,16362
7.080000,7.760000,1.370000,1.360000,0.160000,61.709999,1.920000,2.180000,269.459991,56.830002,65418.710938,34.04,102.45,10.114285,PM2.5,16387
7.450000,8.160000,1.420000,1.370000,0.160000,61.490002,1.610000,2.280000,269.630005,57.330002,65656.117188,34.05,102.62,10.642857,PM2.5,16388
7.890000,8.640000,1.510000,1.400000,0.170000,61.200001,1.900000,2.840000,269.709991,58.299999,65840.773438,34.05,102.78,11.271428,PM2.5,16389
8.990000,9.840000,1.780000,1.440000,0.170000,61.580002,2.790000,3.250000,270.190002,58.590000,66472.796875,34.05,102.95,12.842856,PM2.5,16390
10.300000,11.290000,2.180000,1.400000,0.180000,62.480000,2.420000,3.100000,272.519989,53.310001,69076.656250,34.05,103.11,14.714286,PM2.5,16391
1.720000,1.910000,0.180000,0.430000,0.120000,81.489998,4.710000,3.590000,260.029999,80.480003,56803.859375,34.0,97.69,3.000000,CO,16618
1.630000,1.810000,0.160000,0.370000,0.120000,82.029999,5.550000,4.110000,260.459991,78.940002,57085.171875,34.01,97.86,3.000000,CO,16619
1.520000,1.680000,0.150000,0.330000,0.120000,82.510002,5.100000,3.660000,261.299988,76.290001,57937.039062,34.01,98.02,3.000000,CO,16620
1.470000,1.620000,0.140000,0.320000,0.120000,82.419998,4.680000,3.650000,261.720001,75.459999,58579.191406,34.02,98.18,3.000000,CO,16621
1.490000,1.650000,0.140000,0.370000,0.120000,81.790001,4.620000,4.550000,261.820007,76.309998,59051.589844,34.03,98.35,3.000000,CO,16622
7.860000,8.610000,1.510000,1.520000,0.170000,62.880001,2.070000,3.330000,269.209991,60.110001,65657.562500,34.18,102.78,11.228572,PM2.5,16649
8.860000,9.730000,1.800000,1.540000,0.170000,63.520000,2.410000,3.310000,269.690002,59.950001,66241.867188,34.19,102.94,12.657143,PM2.5,16650
1.710000,1.900000,0.180000,0.440000,0.120000,81.739998,5.890000,5.520000,259.480011,80.970001,55995.578125,34.13,97.68,3.000000,CO,16876
1.630000,1.800000,0.160000,0.380000,0.120000,82.190002,6.300000,5.150000,260.149994,77.480003,56577.539062,34.14,97.84,3.000000,CO,16877
