PM2.5(微克每立方米),PM10(微克每立方米),SO2(微克每立方米),NO2(微克每立方米),CO(毫克每立方米),O3(微克每立方米),U(m/s),V(m/s),TEMP(K),RH(%),PSFC(Pa),lat,lon,AQI,Major pollutants,id
24.340000,45.029999,16.809999,4.400000,0.440000,88.879997,-3.300000,-0.800000,292.079987,69.570000,89403.773438,24.7,104.63,45.029999,PM10,2423
24.510000,45.450001,16.510000,4.410000,0.430000,86.900002,-4.060000,-1.930000,291.619995,71.129997,88971.640625,24.7,104.78,45.450001,PM10,2424
28.730000,42.689999,19.370001,3.610000,0.360000,87.010002,-2.610000,-2.950000,294.040009,62.669998,92811.007812,24.7,105.96,42.689999,PM10,2432
25.610001,48.000000,16.209999,4.760000,0.450000,88.760002,-3.860000,-0.840000,289.000000,77.720001,84994.726562,24.84,104.63,48.000000,PM10,2568
24.770000,47.490002,16.190001,4.830000,0.450000,87.610001,-3.920000,-1.920000,289.049988,78.370003,85501.593750,24.84,104.78,47.490002,PM10,2569
22.299999,45.740002,16.709999,5.170000,0.460000,86.440002,-2.570000,-1.730000,291.190002,72.279999,88691.148438,24.84,104.93,45.740002,PM10,2570
23.799999,41.549999,17.389999,5.030000,0.390000,87.500000,-2.640000,-0.650000,293.420013,63.070000,91538.742188,24.84,105.52,41.549999,PM10,2574
25.330000,41.790001,17.580000,4.890000,0.380000,86.470001,-2.850000,-2.060000,292.989990,64.250000,91272.093750,24.84,105.67,41.790001,PM10,2575
27.040001,42.439999,18.410000,4.770000,0.380000,86.339996,-2.870000,-2.410000,292.850006,64.949997,91299.437500,24.84,105.82,42.439999,PM10,2576
28.020000,42.779999,19.219999,4.430000,0.380000,86.519997,-2.710000,-2.290000,293.209991,64.120003,92079.507812,24.83,105.97,42.779999,PM10,2577
28.920000,44.330002,20.360001,4.470000,0.390000,84.570000,-2.590000,-2.240000,293.660004,63.709999,93080.546875,24.83,106.11,44.330002,PM10,2578
25.000000,49.500000,16.990000,6.000000,0.490000,86.690002,-3.330000,-1.340000,287.079987,84.589996,83065.781250,24.97,104.78,49.500000,PM10,2714
21.760000,45.709999,16.959999,5.890000,0.470000,87.610001,-2.100000,-1.140000,289.970001,74.449997,86785.796875,24.97,104.93,45.709999,PM10,2715
19.799999,43.139999,16.110001,5.660000,0.460000,87.160004,-1.540000,-1.010000,292.010010,68.139999,89673.867188,24.97,105.07,43.139999,PM10,2716
22.080000,41.320000,16.590000,5.780000,0.420000,89.459999,-2.210000,-1.300000,293.040009,63.369999,90594.781250,24.97,105.37,41.320000,PM10,2718
24.590000,41.369999,16.469999,5.270000,0.400000,89.330002,-2.960000,-2.160000,291.019989,68.529999,88217.328125,24.97,105.52,41.369999,PM10,2719
25.080000,40.740002,16.389999,5.440000,0.390000,87.029999,-2.690000,-2.620000,290.880005,69.230003,88467.562500,24.97,105.67,40.740002,PM10,2720
25.870001,41.660000,15.900000,5.710000,0.400000,83.389999,-2.170000,-2.220000,292.470001,65.360001,90833.539062,24.97,105.82,41.660000,PM10,2721
26.660000,42.369999,17.330000,6.000000,0.410000,84.139999,-1.800000,-0.930000,293.489990,62.950001,92525.953125,24.97,105.97,42.369999,PM10,2722
27.260000,43.820000,18.110001,6.370000,0.430000,82.260002,-1.940000,-0.690000,294.209991,61.720001,93932.773438,24.97,106.12,43.820000,PM10,2723
22.610001,49.240002,18.570000,7.350000,0.540000,87.209999,-2.570000,-0.520000,287.980011,80.709999,84133.523438,25.11,104.78,49.240002,PM10,2859
19.879999,45.480000,18.020000,7.040000,0.510000,87.260002,-1.980000,-0.620000,290.019989,72.889999,86735.851562,25.11,104.93,45.480000,PM10,2860
20.830000,43.759998,15.590000,5.630000,0.470000,87.750000,-2.270000,-1.300000,290.350006,71.360001,87456.921875,25.11,105.07,43.759998,PM10,2861
22.209999,43.360001,15.340000,5.850000,0.450000,88.570000,-2.440000,-2.120000,290.730011,69.699997,88104.351562,25.11,105.22,43.360001,PM10,2862
23.690001,42.540001,14.790000,5.670000,0.430000,88.099998,-3.130000,-2.380000,290.660004,69.750000,87791.210938,25.11,105.37,42.540001,PM10,2863
24.760000,42.389999,14.450000,5.890000,0.410000,84.860001,-3.360000,-2.790000,289.339996,73.650002,86377.226562,25.11,105.52,42.389999,PM10,2864
24.090000,40.400002,14.470000,6.430000,0.400000,83.580002,-2.020000,-2.440000,290.630005,69.720001,88175.406250,25.11,105.67,40.400002,PM10,2865
25.280001,40.720001,14.300000,6.610000,0.410000,83.419998,-0.920000,-1.660000,293.140015,63.150002,91607.109375,25.1,105.82,40.720001,PM10,2866
26.480000,41.820000,15.140000,6.900000,0.420000,85.000000,-0.840000,-0.440000,294.339996,59.560001,93273.593750,25.1,105.97,41.820000,PM10,2867
27.799999,44.610001,15.730000,7.610000,0.440000,82.540001,-1.500000,-0.680000,293.959991,60.669998,93162.492188,25.1,106.12,44.610001,PM10,2868
29.209999,45.840000,15.320000,7.580000,0.430000,81.269997,-2.230000,-1.800000,293.209991,62.880001,92415.156250,25.1,106.27,45.840000,PM10,2869
29.200001,45.799999,15.100000,7.710000,0.440000,78.570000,-2.000000,-1.670000,293.359985,63.369999,93057.476562,25.1,106.42,45.799999,PM10,2870
29.000000,46.580002,15.420000,7.700000,0.460000,76.370003,-0.840000,-1.370000,294.179993,61.910000,94545.757812,25.1,106.56,46.580002,PM10,2871
20.389999,44.259998,16.400000,6.770000,0.500000,86.849998,-2.340000,-0.520000,290.239990,70.800003,86828.203125,25.24,104.93,44.259998,PM10,3005
22.240000,43.810001,14.280000,5.460000,0.460000,87.260002,-3.010000,-1.520000,289.250000,73.989998,85890.148438,25.24,105.07,43.810001,PM10,3006
23.370001,43.560001,13.520000,5.890000,0.450000,85.919998,-2.850000,-2.040000,289.000000,75.239998,85892.148438,25.24,105.22,43.560001,PM10,3007
23.490000,42.380001,13.050000,6.230000,0.430000,84.480003,-2.660000,-1.850000,289.579987,73.500000,86688.210938,25.24,105.37,42.380001,PM10,3008
23.299999,41.160000,12.590000,6.660000,0.420000,82.360001,-2.720000,-1.910000,289.989990,71.309998,87262.101562,25.24,105.52,41.160000,PM10,3009
22.680000,39.950001,12.360000,7.540000,0.420000,80.050003,-1.610000,-1.920000,291.700012,66.550003,89692.078125,25.24,105.67,39.950001,PM10,3010
24.910000,40.279999,12.120000,7.320000,0.420000,82.330002,-0.610000,-1.580000,293.529999,62.439999,92207.882812,25.24,105.82,40.279999,PM10,3011
27.010000,41.570000,12.710000,7.550000,0.420000,84.699997,-1.160000,-1.420000,293.339996,61.630001,91777.546875,25.24,105.97,41.570000,PM10,3012
29.530001,44.849998,13.020000,8.080000,0.430000,83.360001,-1.880000,-1.850000,291.640015,65.449997,89851.250000,25.24,106.12,44.849998,PM10,3013
31.549999,47.639999,12.280000,8.450000,0.430000,80.620003,-1.970000,-2.720000,290.790009,68.870003,88969.968750,25.24,106.27,47.639999,PM10,3014
30.290001,45.840000,12.430000,8.530000,0.430000,79.849998,-1.810000,-2.000000,292.149994,65.129997,90802.726562,25.23,106.42,45.840000,PM10,3015
29.270000,46.119999,13.050000,9.300000,0.470000,76.250000,-1.090000,-1.880000,294.200012,60.299999,94120.117188,25.23,106.57,46.119999,PM10,3016
29.129999,46.360001,13.190000,7.030000,0.470000,75.849998,-0.520000,-1.610000,294.380005,61.500000,94909.976562,25.23,106.72,46.360001,PM10,3017
29.170000,46.250000,12.870000,5.660000,0.470000,74.980003,-0.350000,-2.210000,293.739990,63.900002,93774.898438,25.23,106.87,46.250000,PM10,3018
29.120001,43.689999,13.680000,4.260000,0.490000,53.400002,-1.440000,-3.640000,292.589996,71.260002,92032.617188,25.21,107.76,43.689999,PM10,3024
29.010000,43.689999,13.880000,4.210000,0.510000,51.610001,-1.020000,-3.690000,292.739990,71.639999,92457.781250,25.21,107.91,43.689999,PM10,3025
26.950001,49.820000,17.299999,11.080000,0.500000,82.099998,-2.940000,0.370000,287.269989,82.550003,83132.773438,25.38,104.63,49.820000,PM10,3148
24.030001,46.220001,14.610000,5.660000,0.490000,87.180000,-2.540000,-0.250000,288.820007,75.349998,85078.468750,25.38,104.78,46.220001,PM10,3149
23.000000,44.160000,13.980000,5.560000,0.470000,87.250000,-2.840000,-0.990000,289.049988,74.059998,85392.968750,25.38,104.93,44.160000,PM10,3150
22.950001,43.139999,13.130000,5.420000,0.460000,86.709999,-3.190000,-1.630000,288.350006,76.389999,84719.382812,25.38,105.07,43.139999,PM10,3151
22.930000,42.660000,12.520000,6.040000,0.450000,84.510002,-2.650000,-1.510000,288.579987,76.360001,85472.796875,25.38,105.22,42.660000,PM10,3152
22.780001,41.419998,12.380000,6.420000,0.440000,84.300003,-2.340000,-1.460000,289.559998,72.669998,86591.570312,25.38,105.37,41.419998,PM10,3153
21.780001,40.299999,12.120000,7.540000,0.440000,81.010002,-2.300000,-1.800000,289.809998,71.589996,87008.429688,25.38,105.52,40.299999,PM10,3154
21.440001,39.209999,12.070000,8.520000,0.440000,79.790001,-1.320000,-2.080000,291.720001,66.199997,89745.476562,25.38,105.67,39.209999,PM10,3155
24.299999,39.490002,11.330000,7.830000,0.420000,82.550003,-0.910000,-1.940000,293.700012,61.230000,92438.273438,25.37,105.82,39.490002,PM10,3156
27.719999,42.680000,11.390000,8.240000,0.420000,83.260002,-1.770000,-2.430000,292.380005,63.709999,90850.429688,25.37,105.97,42.680000,PM10,3157
30.760000,45.740002,11.680000,8.870000,0.430000,82.900002,-2.270000,-2.340000,290.059998,70.070000,88064.101562,25.37,106.12,45.740002,PM10,3158
32.840000,49.360001,11.070000,9.570000,0.440000,78.529999,-1.730000,-2.730000,289.630005,72.500000,87824.000000,25.37,106.27,49.360001,PM10,3159
31.299999,46.970001,11.560000,9.840000,0.450000,79.089996,-1.160000,-2.440000,291.589996,66.410004,90018.937500,25.37,106.42,46.970001,PM10,3160
30.639999,48.160000,11.950000,10.820000,0.490000,76.199997,-0.720000,-1.860000,293.440002,62.029999,92953.789062,25.37,106.57,48.160000,PM10,3161
30.400000,48.439999,12.860000,8.950000,0.500000,74.790001,-0.410000,-1.140000,294.470001,60.820000,94789.203125,25.37,106.72,48.439999,PM10,3162
29.580000,47.700001,12.980000,7.380000,0.490000,73.769997,-0.460000,-1.500000,294.320007,62.200001,94852.296875,25.36,106.87,47.700001,PM10,3163
29.090000,44.759998,12.470000,5.170000,0.480000,63.209999,-2.030000,-3.480000,291.339996,71.980003,90101.250000,25.35,107.47,44.759998,PM10,3167
29.360001,44.930000,12.780000,4.970000,0.490000,57.750000,-1.750000,-3.630000,291.390015,73.080002,90602.039062,25.35,107.61,44.930000,PM10,3168
29.549999,44.939999,13.500000,4.750000,0.500000,55.320000,-1.250000,-3.770000,291.950012,72.820000,91631.789062,25.35,107.76,44.939999,PM10,3169
29.559999,44.990002,13.820000,4.600000,0.510000,54.119999,-0.400000,-3.780000,292.220001,73.220001,92225.906250,25.34,107.91,44.990002,PM10,3170
27.360001,42.740002,13.490000,4.160000,0.520000,55.020000,-0.310000,-3.770000,293.500000,69.139999,93781.960938,25.34,108.06,42.740002,PM10,3171
29.790001,53.470001,15.400000,9.950000,0.530000,81.330002,-3.260000,0.920000,286.320007,85.599998,81596.328125,25.51,104.48,51.735001,PM10,3291
27.700001,49.529999,15.020000,8.620000,0.490000,82.769997,-3.050000,0.720000,286.829987,83.019997,82446.117188,25.51,104.63,49.529999,PM10,3292
25.510000,46.230000,13.420000,5.180000,0.480000,86.459999,-3.070000,-0.050000,287.570007,79.169998,83455.546875,25.51,104.78,46.230000,PM10,3293
24.350000,44.169998,12.870000,5.050000,0.460000,86.320000,-3.130000,-0.880000,287.880005,77.800003,84050.476562,25.51,104.93,44.169998,PM10,3294
23.170000,42.500000,12.330000,5.230000,0.450000,85.379997,-2.770000,-1.060000,287.920013,77.540001,84305.078125,25.51,105.07,42.500000,PM10,3295
22.639999,41.060001,11.730000,5.760000,0.450000,84.610001,-2.300000,-0.870000,288.820007,74.400002,85552.226562,25.51,105.22,41.060001,PM10,3296
22.559999,40.299999,11.720000,6.190000,0.440000,84.389999,-2.260000,-1.360000,289.480011,71.570000,86478.898438,25.51,105.37,40.299999,PM10,3297
21.160000,39.860001,11.870000,7.910000,0.460000,80.470001,-2.030000,-1.980000,289.760010,70.580002,87102.187500,25.51,105.52,39.860001,PM10,3298
21.530001,39.919998,12.260000,9.200000,0.460000,80.160004,-1.010000,-1.940000,291.549988,65.400002,89850.101562,25.51,105.67,39.919998,PM10,3299
25.280001,40.790001,11.640000,8.800000,0.440000,82.260002,-0.860000,-1.340000,293.290009,61.560001,92192.687500,25.51,105.82,40.790001,PM10,3300
27.450001,42.869999,11.030000,9.240000,0.440000,81.120003,-1.880000,-1.680000,292.489990,62.959999,91421.531250,25.51,105.97,42.869999,PM10,3301
30.160000,45.930000,11.110000,9.980000,0.450000,80.949997,-2.080000,-1.910000,290.589996,68.849998,89252.156250,25.51,106.12,45.930000,PM10,3302
32.310001,49.250000,10.650000,11.280000,0.460000,76.519997,-1.600000,-2.150000,290.070007,71.169998,88618.226562,25.51,106.27,49.250000,PM10,3303
32.889999,50.400002,10.840000,12.320000,0.480000,75.500000,-0.630000,-2.390000,291.500000,66.980003,90409.937500,25.5,106.42,50.200001,PM10,3304
31.570000,49.470001,11.270000,12.210000,0.500000,76.050003,-0.300000,-2.080000,292.880005,63.980000,92020.601562,25.5,106.57,49.470001,PM10,3305
31.830000,50.119999,11.680000,9.680000,0.500000,75.410004,-0.630000,-1.480000,293.359985,63.509998,92873.078125,25.5,106.72,50.059998,PM10,3306
30.830000,48.849998,11.970000,7.940000,0.490000,74.559998,-0.550000,-1.880000,293.540009,63.619999,93313.953125,25.5,106.87,48.849998,PM10,3307
28.690001,44.480000,11.760000,5.820000,0.470000,68.360001,-1.850000,-3.230000,292.000000,69.419998,90873.859375,25.49,107.32,44.480000,PM10,3310
29.830000,45.869999,12.250000,5.790000,0.490000,62.810001,-2.030000,-3.210000,291.209991,71.989998,89975.843750,25.49,107.47,45.869999,PM10,3311
29.730000,46.040001,12.620000,5.610000,0.510000,58.090000,-1.800000,-3.220000,291.100006,73.550003,90257.976562,25.48,107.62,46.040001,PM10,3312
29.719999,45.980000,13.180000,5.270000,0.520000,55.790001,-1.120000,-3.330000,291.700012,73.690002,91601.046875,25.48,107.77,45.980000,PM10,3313
29.559999,45.709999,13.580000,4.830000,0.520000,55.529999,-0.440000,-3.540000,292.230011,73.209999,92597.953125,25.48,107.92,45.709999,PM10,3314
28.360001,44.150002,13.570000,4.090000,0.520000,57.130001,-0.550000,-4.340000,292.450012,71.559998,92660.812500,25.47,108.07,44.150002,PM10,3315
28.870001,43.529999,13.500000,3.410000,0.510000,57.110001,-1.610000,-5.070000,292.679993,69.870003,92773.179688,25.47,108.22,43.529999,PM10,3316
32.770000,47.430000,14.460000,3.280000,0.520000,54.380001,-2.790000,-5.610000,290.970001,77.440002,91265.960938,25.46,108.52,47.430000,PM10,3318
33.470001,60.029999,15.510000,11.620000,0.630000,79.889999,-3.750000,1.120000,284.839996,90.220001,79362.953125,25.65,104.33,55.014999,PM10,3436
30.299999,54.279999,14.160000,9.600000,0.560000,80.139999,-3.030000,0.910000,285.869995,86.339996,81037.968750,25.65,104.48,52.139999,PM10,3437
28.340000,49.230000,13.230000,6.790000,0.490000,82.830002,-2.960000,0.890000,286.739990,82.930000,82260.273438,25.65,104.63,49.230000,PM10,3438
26.420000,46.139999,12.530000,5.210000,0.470000,84.199997,-3.350000,0.350000,287.010010,81.089996,82737.171875,25.65,104.78,46.139999,PM10,3439
25.059999,43.919998,12.160000,4.960000,0.460000,84.339996,-3.060000,-0.180000,287.459991,79.449997,83626.867188,25.65,104.93,43.919998,PM10,3440
22.450001,40.740002,11.870000,5.140000,0.450000,84.320000,-2.320000,-0.370000,289.049988,73.309998,85656.078125,25.65,105.07,40.740002,PM10,3441
21.730000,39.029999,11.350000,5.500000,0.450000,84.570000,-1.980000,-0.530000,290.299988,68.690002,87179.093750,25.65,105.22,39.029999,PM10,3442
21.830000,39.040001,11.350000,6.140000,0.450000,83.550003,-2.300000,-0.800000,289.989990,69.209999,87072.890625,25.65,105.37,39.040001,PM10,3443
19.820000,39.099998,11.890000,8.430000,0.480000,79.290001,-1.690000,-1.200000,290.019989,69.040001,87709.406250,25.65,105.52,39.099998,PM10,3444
20.770000,38.900002,12.510000,9.420000,0.470000,81.120003,-0.660000,-0.930000,292.179993,62.849998,90605.796875,25.65,105.67,38.900002,PM10,3445
24.580000,40.680000,11.990000,9.400000,0.450000,83.080002,-0.620000,-0.640000,293.260010,61.180000,92224.421875,25.64,105.82,40.680000,PM10,3446
27.400000,43.160000,11.570000,10.020000,0.460000,81.389999,-1.270000,-1.210000,292.299988,63.889999,91214.171875,25.64,105.97,43.160000,PM10,3447
30.340000,47.740002,11.080000,11.190000,0.470000,79.570000,-1.630000,-1.930000,290.679993,68.690002,89494.726562,25.64,106.12,47.740002,PM10,3448
32.810001,50.810001,10.820000,13.250000,0.480000,76.589996,-1.260000,-2.380000,290.209991,70.790001,88818.296875,25.64,106.27,50.404999,PM10,3449
33.669998,52.430000,10.810000,14.100000,0.500000,76.410004,-0.770000,-2.490000,291.200012,68.410004,90080.820312,25.64,106.42,51.215000,PM10,3450
33.000000,52.450001,10.760000,13.910000,0.510000,75.959999,-0.540000,-2.840000,291.910004,67.029999,90854.898438,25.64,106.57,51.224998,PM10,3451
33.070000,51.660000,10.900000,10.690000,0.490000,74.959999,-0.740000,-2.500000,291.769989,67.809998,90534.406250,25.64,106.72,50.830002,PM10,3452
32.770000,50.500000,11.170000,8.760000,0.490000,72.650002,-0.990000,-2.860000,291.600006,69.089996,90460.953125,25.63,106.87,50.250000,PM10,3453
31.469999,47.919998,11.420000,6.660000,0.470000,70.699997,-1.200000,-3.340000,291.779999,69.160004,90867.257812,25.63,107.02,47.919998,PM10,3454
30.020000,45.799999,11.770000,6.010000,0.470000,69.110001,-1.400000,-3.250000,292.540009,66.739998,91767.906250,25.63,107.17,45.799999,PM10,3455
29.910000,46.090000,11.820000,6.410000,0.490000,65.779999,-1.580000,-3.210000,292.239990,68.250000,91327.070312,25.62,107.32,46.090000,PM10,3456
30.110001,46.669998,12.080000,6.340000,0.500000,62.369999,-1.730000,-3.470000,291.420013,70.589996,90192.203125,25.62,107.47,46.669998,PM10,3457
29.650000,46.820000,12.330000,6.210000,0.520000,58.250000,-1.770000,-3.280000,291.369995,71.500000,90438.046875,25.62,107.62,46.820000,PM10,3458
29.879999,46.750000,12.580000,5.560000,0.530000,56.160000,-1.350000,-3.470000,291.850006,72.169998,91716.382812,25.62,107.77,46.750000,PM10,3459
29.629999,46.250000,13.150000,4.970000,0.530000,56.610001,-1.040000,-3.530000,292.320007,72.620003,92757.757812,25.61,107.92,46.250000,PM10,3460
29.110001,45.439999,13.240000,4.220000,0.530000,58.009998,-1.390000,-3.640000,291.970001,74.430000,92532.117188,25.61,108.07,45.439999,PM10,3461
30.639999,46.200001,13.470000,3.700000,0.520000,57.400002,-1.960000,-3.870000,291.209991,76.500000,91665.007812,25.6,108.22,46.200001,PM10,3462
33.139999,48.480000,13.400000,3.420000,0.520000,55.669998,-2.290000,-3.790000,290.489990,80.239998,91182.546875,25.6,108.37,48.480000,PM10,3463
34.040001,50.250000,14.710000,3.960000,0.540000,54.549999,-2.250000,-3.090000,290.500000,81.279999,91764.570312,25.6,108.52,50.125000,PM10,3464
33.910000,51.810001,17.030001,4.900000,0.580000,59.599998,-0.960000,-2.720000,290.320007,82.330002,91909.937500,25.59,108.82,50.904999,PM10,3466
33.669998,50.740002,16.549999,4.380000,0.570000,62.130001,-0.060000,-2.990000,291.779999,77.139999,94409.671875,25.58,108.97,50.370003,PM10,3467
30.700001,53.939999,12.710000,9.640000,0.560000,79.139999,-2.780000,1.410000,285.790009,85.949997,80890.906250,25.78,104.47,51.970001,PM10,3580
27.900000,48.860001,11.890000,7.590000,0.520000,81.029999,-2.840000,0.960000,287.420013,79.339996,82917.476562,25.78,104.62,48.860001,PM10,3581
27.160000,46.000000,11.510000,5.650000,0.480000,82.239998,-3.320000,0.570000,287.019989,80.489998,82637.609375,25.78,104.77,46.000000,PM10,3582
25.170000,43.349998,11.340000,5.460000,0.470000,81.639999,-3.020000,0.490000,287.600006,78.360001,83719.203125,25.78,104.92,43.349998,PM10,3583
21.530001,39.540001,11.450000,5.560000,0.470000,81.790001,-2.080000,0.230000,290.190002,68.870003,87122.703125,25.78,105.08,39.540001,PM10,3584
19.680000,37.770000,11.450000,6.120000,0.480000,82.820000,-1.440000,-0.170000,291.859985,64.150002,89453.046875,25.78,105.23,37.770000,PM10,3585
20.410000,37.860001,11.680000,6.530000,0.480000,83.639999,-1.760000,-0.300000,291.209991,65.919998,88727.250000,25.78,105.38,37.860001,PM10,3586
20.480000,38.509998,12.390000,8.380000,0.490000,81.879997,-1.500000,-0.470000,290.320007,67.769997,87935.953125,25.78,105.53,38.509998,PM10,3587
21.580000,38.619999,13.130000,9.780000,0.480000,81.820000,-0.900000,-0.410000,292.339996,61.770000,90423.226562,25.78,105.68,38.619999,PM10,3588
24.570000,40.459999,12.710000,10.240000,0.470000,81.919998,-1.070000,-0.410000,292.820007,61.740002,91456.320312,25.78,105.83,40.459999,PM10,3589
27.799999,44.419998,12.070000,10.730000,0.470000,80.949997,-1.390000,-1.910000,290.980011,67.790001,89472.140625,25.78,105.98,44.419998,PM10,3590
30.450001,47.779999,10.990000,11.450000,0.470000,80.110001,-1.530000,-2.660000,289.980011,71.669998,88241.406250,25.78,106.13,47.779999,PM10,3591
32.380001,50.490002,10.560000,13.970000,0.480000,77.070000,-1.290000,-3.040000,289.980011,72.139999,88271.882812,25.78,106.28,50.245003,PM10,3592
33.369999,52.580002,10.610000,15.650000,0.500000,76.080002,-1.020000,-3.210000,290.630005,71.029999,89188.906250,25.77,106.43,51.290001,PM10,3593
33.540001,53.500000,10.470000,15.610000,0.520000,75.639999,-0.840000,-3.370000,290.970001,70.830002,89664.851562,25.77,106.58,51.750000,PM10,3594
32.939999,51.639999,10.420000,11.430000,0.490000,75.279999,-1.050000,-3.320000,290.619995,72.269997,89071.343750,25.77,106.73,50.820000,PM10,3595
32.439999,49.970001,10.710000,9.600000,0.480000,71.220001,-1.180000,-3.360000,290.470001,72.809998,89029.093750,25.77,106.88,49.970001,PM10,3596
32.009998,48.689999,11.510000,7.620000,0.480000,68.830002,-0.990000,-3.050000,290.940002,72.300003,89932.226562,25.77,107.03,48.689999,PM10,3597
31.180000,47.529999,12.080000,6.820000,0.490000,66.919998,-1.080000,-3.080000,291.750000,69.279999,90780.703125,25.76,107.18,47.529999,PM10,3598
30.049999,46.570000,11.720000,7.090000,0.500000,63.939999,-1.430000,-3.360000,292.000000,68.809998,90996.500000,25.76,107.33,46.570000,PM10,3599
30.790001,47.689999,11.830000,7.070000,0.520000,60.389999,-1.520000,-4.030000,291.320007,70.500000,90113.187500,25.76,107.48,47.689999,PM10,3600
30.260000,47.849998,12.120000,6.980000,0.530000,57.020000,-1.570000,-3.930000,291.390015,70.309998,90270.656250,25.75,107.63,47.849998,PM10,3601
30.180000,47.490002,12.220000,6.160000,0.540000,55.360001,-1.370000,-3.780000,291.890015,70.690002,91665.203125,25.75,107.78,47.490002,PM10,3602
29.990000,46.970001,12.920000,5.470000,0.540000,56.650002,-0.970000,-3.360000,292.290009,71.889999,92703.109375,25.75,107.93,46.970001,PM10,3603
29.280001,45.959999,13.380000,4.690000,0.530000,58.959999,-1.350000,-2.720000,292.619995,72.050003,93480.710938,25.74,108.08,45.959999,PM10,3604
30.770000,46.799999,14.090000,4.210000,0.520000,59.189999,-1.760000,-2.000000,292.010010,74.620003,93188.203125,25.74,108.23,46.799999,PM10,3605
32.970001,48.889999,14.030000,3.800000,0.520000,58.450001,-1.700000,-1.380000,291.489990,77.400002,92925.039062,25.73,108.38,48.889999,PM10,3606
34.240002,51.169998,15.750000,4.250000,0.540000,59.419998,-1.370000,-1.170000,291.700012,77.209999,93651.273438,25.73,108.53,50.584999,PM10,3607
34.820000,52.529999,16.870001,4.430000,0.550000,61.040001,-1.130000,-1.300000,291.739990,77.480003,93884.648438,25.73,108.68,51.264999,PM10,3608
34.689999,52.599998,17.520000,4.400000,0.560000,63.830002,-0.660000,-1.360000,291.989990,76.669998,94480.609375,25.72,108.83,51.299999,PM10,3609
35.160000,52.150002,16.910000,4.070000,0.550000,64.580002,-0.310000,-2.350000,292.880005,73.309998,95991.789062,25.72,108.98,51.075001,PM10,3610
30.530001,52.230000,11.440000,9.480000,0.540000,79.040001,-3.020000,1.600000,286.149994,82.660004,81082.382812,25.92,104.47,51.114998,PM10,3724
28.200001,49.349998,10.860000,8.970000,0.540000,78.709999,-3.080000,0.790000,286.829987,78.980003,82004.156250,25.92,104.62,49.349998,PM10,3725
28.360001,46.209999,10.660000,6.410000,0.480000,79.730003,-3.090000,0.550000,286.450012,80.879997,81858.968750,25.92,104.77,46.209999,PM10,3726
26.610001,43.730000,10.800000,6.490000,0.470000,79.290001,-2.730000,0.680000,287.529999,77.370003,83437.359375,25.92,104.92,43.730000,PM10,3727
22.570000,40.060001,11.000000,6.630000,0.480000,77.500000,-1.910000,0.630000,290.049988,69.050003,87023.343750,25.92,105.08,40.060001,PM10,3728
20.059999,37.529999,11.420000,6.770000,0.500000,79.290001,-1.210000,0.200000,292.179993,62.900002,90151.921875,25.92,105.23,37.529999,PM10,3729
20.030001,37.240002,11.820000,7.100000,0.500000,80.099998,-1.280000,-0.230000,291.609985,64.959999,89611.046875,25.92,105.38,37.240002,PM10,3730
20.510000,37.160000,12.730000,8.600000,0.490000,81.089996,-1.300000,-0.820000,290.630005,66.809998,88270.820312,25.92,105.53,37.160000,PM10,3731
22.129999,38.099998,14.460000,10.940000,0.490000,78.660004,-1.070000,-1.270000,291.839996,63.369999,89652.718750,25.92,105.68,38.099998,PM10,3732
25.520000,41.160000,15.490000,12.740000,0.480000,76.870003,-1.450000,-1.560000,291.420013,65.449997,89247.296875,25.92,105.83,41.160000,PM10,3733
27.910000,44.320000,14.060000,12.820000,0.480000,77.250000,-1.800000,-2.880000,289.670013,72.050003,87503.562500,25.91,105.98,44.320000,PM10,3734
28.740000,45.630001,11.050000,12.180000,0.480000,78.050003,-1.550000,-3.300000,289.589996,73.370003,87538.851562,25.91,106.13,45.630001,PM10,3735
31.889999,49.939999,10.640000,15.620000,0.490000,74.879997,-1.350000,-3.600000,289.649994,73.540001,87719.570312,25.91,106.28,49.939999,PM10,3736
33.020000,52.279999,10.620000,17.700001,0.510000,73.410004,-1.270000,-3.790000,290.109985,72.779999,88388.203125,25.91,106.43,51.139999,PM10,3737
33.389999,54.130001,10.380000,18.780001,0.540000,72.010002,-1.140000,-3.730000,290.519989,72.820000,89148.726562,25.91,106.58,52.065002,PM10,3738
32.560001,51.619999,10.220000,13.470000,0.500000,72.230003,-1.210000,-3.740000,289.920013,75.099998,88313.289062,25.91,106.73,50.809998,PM10,3739
31.690001,49.160000,10.510000,10.910000,0.490000,68.430000,-1.160000,-3.430000,289.929993,75.129997,88383.882812,25.9,106.88,49.160000,PM10,3740
31.020000,47.360001,11.280000,8.780000,0.490000,66.820000,-0.950000,-3.120000,290.799988,73.050003,89607.062500,25.9,107.03,47.360001,PM10,3741
31.299999,47.509998,11.960000,7.770000,0.500000,65.000000,-1.030000,-2.980000,290.980011,72.430000,89754.187500,25.9,107.18,47.509998,PM10,3742
30.400000,47.169998,11.960000,8.220000,0.520000,61.000000,-1.410000,-3.350000,291.660004,69.389999,90534.640625,25.9,107.33,47.169998,PM10,3743
31.180000,48.950001,11.950000,8.380000,0.540000,56.980000,-1.620000,-4.240000,290.950012,71.540001,89907.601562,25.89,107.48,48.950001,PM10,3744
31.709999,50.369999,12.080000,8.450000,0.560000,53.650002,-1.200000,-4.270000,290.380005,74.269997,89448.296875,25.89,107.63,50.184998,PM10,3745
30.700001,48.660000,11.970000,7.300000,0.560000,53.099998,-0.660000,-3.800000,291.920013,70.250000,91895.507812,25.89,107.78,48.660000,PM10,3746
30.260000,47.459999,12.790000,6.210000,0.540000,56.110001,-0.560000,-3.110000,292.570007,69.760002,92962.179688,25.88,107.93,47.459999,PM10,3747
30.049999,46.680000,13.510000,5.180000,0.520000,59.369999,-1.140000,-2.410000,292.799988,70.190002,93265.593750,25.88,108.08,46.680000,PM10,3748
32.049999,48.919998,13.910000,5.130000,0.540000,57.009998,-1.510000,-1.430000,292.720001,71.669998,93966.093750,25.87,108.23,48.919998,PM10,3749
33.340000,50.070000,14.350000,5.230000,0.540000,57.299999,-1.460000,-0.460000,292.790009,73.099998,94864.031250,25.87,108.38,50.035000,PM10,3750
34.189999,51.730000,15.780000,5.620000,0.560000,56.720001,-1.310000,-1.360000,292.549988,73.830002,94751.531250,25.87,108.53,50.864998,PM10,3751
35.410000,52.889999,16.209999,4.920000,0.550000,59.650002,-1.060000,-2.740000,291.989990,74.949997,93687.062500,25.86,108.68,51.445000,PM10,3752
35.990002,53.000000,16.740000,4.190000,0.530000,64.160004,-1.090000,-2.930000,292.149994,74.779999,94116.882812,25.86,108.83,51.500000,PM10,3753
37.560001,54.020000,16.709999,3.930000,0.520000,65.239998,-1.330000,-4.180000,291.970001,75.279999,94182.343750,25.85,108.98,53.200001,PM2.5,3754
39.480000,54.770000,16.309999,3.780000,0.510000,65.739998,-1.030000,-5.000000,291.869995,75.680000,94633.109375,25.85,109.13,55.599998,PM2.5,3755
39.770000,53.919998,15.430000,3.310000,0.510000,67.059998,-0.730000,-4.720000,292.440002,74.070000,96079.351562,25.84,109.28,55.962502,PM2.5,3756
30.840000,50.119999,10.450000,9.750000,0.510000,77.610001,-3.160000,1.440000,286.269989,80.370003,80961.023438,26.05,104.47,50.059998,PM10,3866
30.030001,48.660000,10.080000,9.700000,0.510000,76.300003,-3.160000,0.810000,285.589996,82.510002,80590.359375,26.05,104.62,48.660000,PM10,3867
28.180000,45.279999,9.990000,7.200000,0.490000,76.820000,-2.730000,0.750000,286.750000,78.320000,82326.179688,26.05,104.77,45.279999,PM10,3868
26.450001,43.150002,10.330000,7.780000,0.500000,75.669998,-2.250000,0.780000,288.519989,72.230003,84748.078125,26.05,104.92,43.150002,PM10,3869
23.410000,40.919998,10.960000,8.100000,0.510000,71.489998,-1.480000,0.510000,290.329987,67.110001,87564.156250,26.05,105.08,40.919998,PM10,3870
20.610001,38.650002,11.800000,8.400000,0.530000,74.160004,-0.960000,-0.280000,291.320007,64.720001,89226.546875,26.05,105.23,38.650002,PM10,3871
19.730000,37.389999,12.780000,8.430000,0.530000,77.419998,-1.500000,-1.060000,290.220001,67.680000,87712.726562,26.05,105.38,37.389999,PM10,3872
19.770000,37.270000,14.970000,10.440000,0.520000,76.570000,-1.680000,-1.650000,289.679993,69.160004,87252.953125,26.05,105.53,37.270000,PM10,3873
21.830000,39.000000,19.209999,14.660000,0.520000,71.449997,-1.460000,-2.720000,290.309998,68.180000,88145.960938,26.05,105.68,39.000000,PM10,3874
24.850000,42.119999,22.680000,18.610001,0.530000,68.309998,-1.840000,-3.360000,289.619995,71.150002,87237.476562,26.05,105.83,42.119999,PM10,3875
26.389999,43.189999,18.010000,16.010000,0.500000,72.779999,-1.940000,-3.590000,288.859985,75.139999,86525.703125,26.05,105.98,43.189999,PM10,3876
27.969999,44.709999,10.990000,12.430000,0.480000,76.260002,-1.350000,-3.620000,289.140015,75.129997,87054.460938,26.05,106.13,44.709999,PM10,3877
31.540001,49.639999,10.840000,17.000000,0.490000,73.419998,-0.960000,-3.840000,289.040009,76.180000,87016.101562,26.05,106.28,49.639999,PM10,3878
32.889999,52.959999,11.120000,20.480000,0.530000,70.250000,-0.970000,-4.100000,289.570007,74.279999,87746.562500,26.04,106.43,51.480000,PM10,3879
33.000000,55.040001,10.650000,22.719999,0.570000,68.190002,-1.070000,-3.780000,290.420013,72.930000,89062.421875,26.04,106.58,52.520000,PM10,3880
32.169998,51.900002,9.910000,15.950000,0.520000,69.360001,-1.080000,-3.910000,289.730011,75.129997,88158.687500,26.04,106.73,50.950001,PM10,3881
31.250000,48.990002,10.250000,12.370000,0.500000,66.660004,-1.090000,-3.650000,289.549988,75.529999,87786.398438,26.04,106.88,48.990002,PM10,3882
30.930000,47.950001,10.400000,10.060000,0.500000,62.779999,-1.050000,-3.690000,290.380005,73.349998,89023.976562,26.04,107.03,47.950001,PM10,3883
30.900000,46.820000,11.590000,8.790000,0.500000,63.610001,-0.890000,-3.040000,290.410004,74.279999,89004.937500,26.03,107.18,46.820000,PM10,3884
31.080000,47.830002,12.020000,9.190000,0.520000,60.099998,-1.260000,-3.310000,291.079987,70.699997,89681.273438,26.03,107.33,47.830002,PM10,3885
31.709999,49.910000,11.740000,9.700000,0.560000,54.490002,-1.460000,-3.920000,291.019989,71.419998,90178.671875,26.03,107.48,49.910000,PM10,3886
31.850000,51.270000,11.750000,9.600000,0.590000,51.540001,-0.770000,-3.850000,290.500000,74.610001,90028.578125,26.02,107.63,50.635002,PM10,3887
31.389999,49.959999,11.550000,8.240000,0.580000,50.759998,-0.150000,-3.790000,291.859985,70.610001,92015.390625,26.02,107.78,49.959999,PM10,3888
30.730000,48.160000,12.190000,6.770000,0.540000,54.889999,-0.330000,-3.380000,292.410004,69.290001,92621.500000,26.02,107.93,48.160000,PM10,3889
31.440001,48.400002,12.930000,5.650000,0.520000,57.930000,-0.880000,-2.710000,292.140015,70.550003,92111.296875,26.01,108.08,48.400002,PM10,3890
32.299999,48.970001,13.620000,5.520000,0.520000,56.970001,-1.290000,-1.960000,292.779999,69.500000,93289.117188,26.01,108.23,48.970001,PM10,3891
32.919998,49.750000,13.960000,5.910000,0.540000,55.820000,-1.500000,-1.710000,293.350006,69.019997,94882.898438,26.0,108.39,49.750000,PM10,3892
33.619999,51.110001,14.510000,6.030000,0.550000,55.669998,-1.680000,-3.160000,292.790009,71.089996,94407.843750,26.0,108.54,50.555000,PM10,3893
35.619999,53.650002,15.080000,5.190000,0.530000,58.700001,-1.470000,-4.350000,291.570007,75.419998,92772.500000,26.0,108.69,51.825001,PM10,3894
36.669998,54.810001,16.020000,4.290000,0.520000,63.410000,-1.370000,-4.510000,291.209991,77.449997,92647.070312,25.99,108.84,52.404999,PM10,3895
38.220001,55.869999,16.820000,3.950000,0.510000,65.839996,-1.330000,-4.880000,290.709991,79.959999,92652.687500,25.99,108.99,54.025002,PM2.5,3896
39.380001,56.220001,16.629999,3.840000,0.510000,66.169998,-0.580000,-4.950000,290.859985,80.029999,93807.953125,25.98,109.14,55.475002,PM2.5,3897
39.389999,55.009998,15.720000,3.390000,0.500000,67.459999,-0.640000,-5.040000,291.649994,76.620003,94997.117188,25.98,109.29,55.487499,PM2.5,3898
29.670000,46.919998,9.560000,10.040000,0.490000,73.830002,-2.900000,0.890000,285.670013,81.690002,80722.476562,26.19,104.62,46.919998,PM10,4008
26.760000,43.000000,9.750000,8.890000,0.510000,73.639999,-2.230000,0.980000,288.450012,71.250000,84372.250000,26.19,104.77,43.000000,PM10,4009
25.600000,42.459999,10.310000,10.290000,0.540000,69.279999,-1.790000,0.740000,289.190002,68.889999,85725.296875,26.19,104.92,42.459999,PM10,4010
25.230000,42.990002,11.120000,10.850000,0.540000,64.970001,-1.180000,0.020000,289.100006,70.410004,86148.468750,26.19,105.08,42.990002,PM10,4011
22.540001,41.139999,12.150000,10.660000,0.560000,67.050003,-1.030000,-0.940000,289.019989,71.089996,86315.000000,26.19,105.23,41.139999,PM10,4012
20.840000,39.139999,13.680000,9.750000,0.560000,71.250000,-1.500000,-1.520000,288.670013,71.839996,85959.523438,26.19,105.38,39.139999,PM10,4013
19.770000,38.110001,16.070000,11.670000,0.560000,70.290001,-1.570000,-1.170000,289.029999,71.110001,86872.648438,26.19,105.53,38.110001,PM10,4014
20.760000,39.310001,19.790001,16.020000,0.560000,65.639999,-1.660000,-2.240000,289.029999,72.470001,87171.023438,26.19,105.68,39.310001,PM10,4015
22.650000,40.639999,21.639999,18.830000,0.550000,65.650002,-1.680000,-3.310000,288.570007,74.300003,86344.023438,26.19,105.83,40.639999,PM10,4016
25.219999,41.900002,17.500000,16.129999,0.510000,71.559998,-1.430000,-3.510000,288.500000,75.209999,86152.703125,26.18,105.98,41.900002,PM10,4017
27.580000,44.259998,10.850000,13.340000,0.500000,74.260002,-1.130000,-3.670000,288.779999,75.779999,86796.148438,26.18,106.13,44.259998,PM10,4018
30.980000,49.259998,10.910000,18.940001,0.510000,70.550003,-0.850000,-3.860000,288.709991,76.570000,86808.320312,26.18,106.28,49.259998,PM10,4019
33.389999,53.730000,11.130000,23.030001,0.540000,67.129997,-0.620000,-4.160000,288.859985,76.540001,87089.929688,26.18,106.43,51.864998,PM10,4020
33.669998,57.029999,11.000000,26.760000,0.600000,65.120003,-0.640000,-4.090000,289.739990,74.699997,88295.320312,26.18,106.58,53.514999,PM10,4021
32.250000,52.700001,9.720000,18.549999,0.540000,68.580002,-0.740000,-4.090000,289.630005,74.680000,88001.039062,26.18,106.73,51.349998,PM10,4022
31.700001,49.779999,9.650000,14.140000,0.510000,66.629997,-0.680000,-3.620000,289.040009,77.260002,87235.242188,26.17,106.88,49.779999,PM10,4023
31.650000,49.150002,9.810000,11.360000,0.500000,61.889999,-0.670000,-3.780000,289.820007,74.570000,88340.617188,26.17,107.03,49.150002,PM10,4024
31.620001,47.990002,10.820000,9.940000,0.500000,62.220001,-0.680000,-3.340000,289.989990,74.519997,88565.726562,26.17,107.19,47.990002,PM10,4025
32.950001,50.240002,11.580000,10.180000,0.530000,58.830002,-0.800000,-3.820000,290.079987,73.050003,88459.640625,26.17,107.34,50.120003,PM10,4026
32.470001,50.889999,11.730000,10.850000,0.570000,54.320000,-0.810000,-3.790000,291.190002,70.360001,90386.171875,26.16,107.49,50.445000,PM10,4027
31.870001,52.060001,11.960000,11.300000,0.610000,50.189999,-0.620000,-3.540000,291.500000,70.970001,91568.109375,26.16,107.64,51.029999,PM10,4028
32.720001,51.779999,11.380000,9.120000,0.580000,49.869999,-0.300000,-4.030000,291.529999,71.669998,91811.289062,26.16,107.79,50.889999,PM10,4029
32.200001,49.709999,12.010000,7.270000,0.540000,55.139999,-0.250000,-3.980000,291.500000,71.550003,91440.296875,26.15,107.94,49.709999,PM10,4030
33.139999,50.320000,12.640000,5.980000,0.510000,58.070000,-0.620000,-3.800000,290.910004,73.139999,90361.562500,26.15,108.09,50.160000,PM10,4031
33.610001,50.270000,13.230000,5.830000,0.510000,57.209999,-1.120000,-3.560000,291.489990,71.190002,90943.546875,26.14,108.24,50.135002,PM10,4032
33.439999,50.669998,13.640000,6.240000,0.520000,56.389999,-1.560000,-3.820000,292.380005,69.699997,92743.273438,26.14,108.39,50.334999,PM10,4033
34.160000,52.520000,13.950000,6.190000,0.530000,56.200001,-1.770000,-4.370000,291.890015,73.400002,93144.273438,26.14,108.54,51.260002,PM10,4034
35.919998,55.279999,14.820000,5.570000,0.530000,59.009998,-1.540000,-4.460000,290.660004,79.430000,92082.312500,26.13,108.69,52.639999,PM10,4035
36.650002,56.529999,15.940000,4.620000,0.520000,63.250000,-1.130000,-4.430000,290.149994,82.000000,91684.593750,26.13,108.84,53.264999,PM10,4036
36.980000,56.759998,17.240000,4.200000,0.530000,65.860001,-0.730000,-4.100000,290.200012,82.720001,92497.859375,26.12,108.99,53.379997,PM10,4037
37.700001,56.910000,17.190001,4.030000,0.530000,66.010002,-0.480000,-4.170000,290.559998,81.620003,93942.226562,26.12,109.14,53.455002,PM10,4038
38.099998,55.970001,15.990000,3.570000,0.520000,66.879997,-1.120000,-4.860000,290.899994,79.339996,94134.226562,26.11,109.29,53.875000,PM2.5,4039
38.230000,55.130001,16.780001,3.610000,0.530000,70.150002,-1.330000,-5.060000,290.500000,80.260002,93887.546875,26.11,109.44,54.037498,PM2.5,4040
28.370001,44.529999,9.290000,8.650000,0.480000,73.860001,-2.420000,0.810000,286.640015,77.279999,81903.648438,26.32,104.62,44.529999,PM10,4150
26.280001,42.369999,9.550000,10.770000,0.540000,69.629997,-1.800000,0.330000,288.230011,71.290001,84035.109375,26.32,104.77,42.369999,PM10,4151
26.190001,42.340000,9.970000,11.710000,0.550000,66.910004,-1.630000,-0.390000,287.529999,73.209999,83317.328125,26.32,104.92,42.340000,PM10,4152
26.750000,42.680000,10.590000,11.190000,0.510000,66.650002,-1.300000,-0.730000,286.940002,76.209999,82955.421875,26.32,105.08,42.680000,PM10,4153
24.570000,40.770000,11.490000,9.520000,0.520000,70.919998,-1.050000,-1.040000,287.679993,74.300003,84102.546875,26.32,105.23,40.770000,PM10,4154
21.920000,39.139999,12.980000,8.750000,0.540000,71.889999,-0.990000,-1.130000,288.619995,71.589996,85861.468750,26.32,105.38,39.139999,PM10,4155
21.070000,38.080002,14.570000,9.550000,0.530000,73.419998,-1.060000,-0.950000,289.359985,69.500000,87041.023438,26.32,105.53,38.080002,PM10,4156
20.950001,38.480000,16.129999,12.160000,0.550000,71.080002,-1.640000,-1.880000,289.230011,70.989998,87085.351562,26.32,105.68,38.480000,PM10,4157
21.530001,39.310001,16.480000,14.030000,0.560000,69.620003,-1.740000,-3.120000,288.440002,74.330002,86346.546875,26.32,105.83,39.310001,PM10,4158
24.120001,40.959999,14.080000,13.680000,0.530000,71.959999,-1.180000,-3.620000,288.119995,76.180000,85918.359375,26.32,105.98,40.959999,PM10,4159
27.160000,43.970001,10.690000,14.300000,0.510000,72.500000,-0.730000,-3.760000,288.510010,76.379997,86637.648438,26.32,106.13,43.970001,PM10,4160
30.340000,48.930000,11.170000,22.090000,0.530000,67.019997,-0.550000,-3.630000,288.790009,76.169998,87114.828125,26.32,106.28,48.930000,PM10,4161
32.740002,53.169998,11.020000,26.139999,0.560000,63.840000,-0.450000,-3.670000,288.779999,76.480003,87132.187500,26.32,106.43,51.584999,PM10,4162
34.549999,59.419998,11.660000,32.099998,0.650000,60.490002,-0.490000,-3.810000,289.339996,75.230003,87883.062500,26.31,106.58,54.709999,PM10,4163
32.970001,54.650002,9.520000,22.510000,0.570000,65.080002,-0.530000,-3.720000,289.420013,75.889999,88033.046875,26.31,106.74,52.325001,PM10,4164
32.070000,50.619999,9.470000,17.059999,0.530000,65.800003,-0.340000,-3.460000,288.859985,77.529999,87079.078125,26.31,106.89,50.309998,PM10,4165
32.610001,51.110001,9.130000,13.510000,0.520000,60.639999,-0.410000,-3.620000,289.450012,75.660004,87931.671875,26.31,107.04,50.555000,PM10,4166
32.660000,49.860001,10.040000,11.600000,0.510000,60.250000,-0.560000,-3.280000,289.589996,75.379997,88161.757812,26.3,107.19,49.860001,PM10,4167
35.060001,53.490002,10.790000,11.630000,0.540000,56.669998,-0.360000,-3.980000,289.049988,76.419998,87496.226562,26.3,107.34,51.745003,PM10,4168
34.230000,54.090000,11.370000,13.310000,0.590000,52.070000,-0.230000,-3.840000,290.709991,71.260002,89827.820312,26.3,107.49,52.044998,PM10,4169
31.840000,52.910000,12.030000,13.460000,0.630000,49.650002,-0.600000,-3.400000,291.940002,69.129997,92067.929688,26.29,107.64,51.455002,PM10,4170
33.250000,52.820000,11.520000,9.730000,0.590000,50.240002,-0.790000,-3.910000,291.440002,71.430000,91853.328125,26.29,107.79,51.410000,PM10,4171
33.020000,50.529999,12.220000,7.610000,0.540000,56.959999,-0.580000,-4.080000,290.549988,74.470001,90364.546875,26.29,107.94,50.264999,PM10,4172
34.939999,52.400002,12.650000,6.420000,0.510000,59.279999,-0.380000,-4.640000,289.049988,78.760002,88053.703125,26.28,108.09,51.200001,PM10,4173
36.230000,53.630001,13.210000,6.120000,0.500000,57.759998,-0.340000,-4.890000,288.809998,79.730003,87734.312500,26.28,108.24,51.815002,PM10,4174
34.320000,52.630001,13.870000,6.230000,0.520000,57.549999,-0.620000,-4.700000,290.700012,74.820000,90652.789062,26.28,108.39,51.315002,PM10,4175
33.619999,53.270000,14.510000,6.160000,0.530000,58.150002,-0.980000,-4.240000,291.279999,75.370003,92587.109375,26.27,108.55,51.635002,PM10,4176
34.369999,55.490002,15.200000,5.670000,0.540000,59.939999,-1.090000,-3.920000,290.309998,80.750000,91970.218750,26.27,108.7,52.745003,PM10,4177
34.509998,56.430000,16.200001,4.960000,0.540000,63.060001,-0.780000,-3.780000,289.959991,82.959999,91793.898438,26.26,108.85,53.215000,PM10,4178
34.000000,56.160000,18.040001,4.540000,0.550000,65.970001,-0.480000,-3.300000,290.459991,82.029999,93167.453125,26.26,109.0,53.080002,PM10,4179
34.910000,56.930000,17.780001,4.320000,0.550000,65.160004,-0.850000,-3.620000,290.420013,82.220001,93968.250000,26.25,109.15,53.465000,PM10,4180
35.720001,56.639999,16.370001,3.830000,0.550000,65.389999,-1.300000,-4.440000,290.149994,82.180000,93262.703125,26.25,109.3,53.320000,PM10,4181
27.639999,44.630001,9.500000,13.950000,0.590000,62.720001,-1.890000,-0.150000,286.100006,77.610001,81317.632812,26.46,104.77,44.630001,PM10,4293
26.930000,43.689999,9.670000,14.800000,0.590000,59.939999,-1.260000,-0.810000,286.010010,78.239998,81414.179688,26.46,104.92,43.689999,PM10,4294
26.770000,41.889999,10.140000,13.110000,0.510000,62.540001,-0.930000,-0.940000,286.500000,77.750000,82302.156250,26.46,105.08,41.889999,PM10,4295
24.799999,39.849998,10.970000,9.710000,0.500000,69.110001,-0.960000,-1.320000,287.720001,74.059998,84139.578125,26.46,105.23,39.849998,PM10,4296
23.600000,39.040001,11.960000,7.330000,0.510000,73.449997,-1.150000,-2.050000,288.160004,72.959999,85041.890625,26.46,105.38,39.040001,PM10,4297
23.030001,39.110001,12.740000,7.870000,0.520000,73.360001,-0.980000,-2.870000,287.799988,74.150002,84689.218750,26.46,105.53,39.110001,PM10,4298
22.100000,39.040001,12.950000,9.360000,0.540000,72.129997,-1.190000,-3.340000,288.119995,74.010002,85425.382812,26.46,105.68,39.040001,PM10,4299
21.959999,40.189999,12.980000,11.360000,0.580000,70.019997,-1.460000,-3.620000,287.690002,77.239998,85701.828125,26.46,105.83,40.189999,PM10,4300
24.280001,42.349998,11.980000,12.750000,0.560000,69.550003,-0.770000,-3.500000,287.500000,79.209999,85779.320312,26.46,105.98,42.349998,PM10,4301
26.990000,44.910000,10.600000,15.520000,0.540000,68.980003,0.010000,-3.450000,288.000000,78.889999,86531.289062,26.45,106.13,44.910000,PM10,4302
30.700001,49.939999,11.340000,25.280001,0.550000,64.040001,0.120000,-3.370000,288.500000,77.410004,86975.171875,26.45,106.28,49.939999,PM10,4303
33.459999,54.290001,11.100000,30.670000,0.580000,60.950001,-0.070000,-3.280000,288.920013,75.529999,87351.070312,26.45,106.44,52.145000,PM10,4304
36.160000,63.340000,12.230000,39.290001,0.720000,56.220001,-0.210000,-3.170000,289.429993,74.500000,88036.570312,26.45,106.59,56.669998,PM10,4305
34.119999,56.849998,9.490000,27.400000,0.610000,61.610001,-0.340000,-2.990000,289.600006,74.820000,88320.101562,26.45,106.74,53.424999,PM10,4306
32.970001,53.360001,8.900000,20.590000,0.560000,62.009998,-0.280000,-3.230000,288.850006,76.889999,87229.281250,26.44,106.89,51.680000,PM10,4307
33.529999,52.860001,8.740000,15.750000,0.530000,59.459999,-0.200000,-3.530000,288.850006,76.820000,87264.046875,26.44,107.04,51.430000,PM10,4308
33.770000,52.029999,9.370000,13.590000,0.520000,58.270000,-0.170000,-3.160000,289.190002,76.250000,87799.093750,26.44,107.19,51.014999,PM10,4309
35.590000,54.650002,10.180000,13.470000,0.540000,55.160000,0.100000,-3.490000,288.820007,77.169998,87432.343750,26.44,107.34,52.325001,PM10,4310
34.910000,55.540001,11.220000,15.600000,0.590000,51.639999,0.240000,-3.660000,290.100006,72.739998,89108.726562,26.43,107.49,52.770000,PM10,4311
32.119999,53.430000,12.180000,15.470000,0.620000,50.220001,-0.370000,-3.160000,291.730011,68.820000,91656.296875,26.43,107.64,51.715000,PM10,4312
33.259998,53.799999,11.540000,11.320000,0.600000,49.759998,-1.210000,-3.150000,291.720001,70.650002,92389.312500,26.43,107.8,51.900002,PM10,4313
33.139999,52.980000,12.310000,9.380000,0.570000,54.189999,-1.380000,-3.060000,290.649994,74.809998,91142.656250,26.42,107.95,51.489998,PM10,4314
34.380001,53.099998,12.820000,7.510000,0.530000,59.029999,-0.640000,-3.740000,288.600006,81.419998,88139.726562,26.42,108.1,51.549999,PM10,4315
36.509998,55.040001,13.190000,6.740000,0.510000,57.619999,0.400000,-4.450000,287.570007,85.709999,86713.226562,26.41,108.25,52.520000,PM10,4316
34.419998,53.830002,14.190000,6.710000,0.520000,57.070000,0.520000,-4.380000,289.920013,78.209999,90025.593750,26.41,108.4,51.915001,PM10,4317
32.820000,53.770000,14.730000,6.680000,0.540000,57.020000,-0.060000,-3.740000,291.260010,75.610001,92819.343750,26.41,108.55,51.885002,PM10,4318
33.000000,55.360001,15.410000,6.240000,0.550000,59.009998,-0.530000,-3.410000,290.250000,80.480003,91963.031250,26.4,108.7,52.680000,PM10,4319
32.980000,56.150002,16.180000,5.520000,0.560000,61.730000,-0.550000,-3.470000,290.089996,82.080002,91963.296875,26.4,108.85,53.075001,PM10,4320
32.480000,56.310001,17.850000,5.050000,0.570000,63.369999,-0.600000,-3.110000,290.850006,80.680000,93753.523438,26.39,109.0,53.154999,PM10,4321
33.180000,56.880001,18.330000,4.730000,0.570000,63.619999,-1.060000,-3.190000,290.480011,82.309998,94216.843750,26.39,109.15,53.440002,PM10,4322
30.469999,48.450001,11.810000,8.710000,0.410000,79.019997,-3.020000,2.020000,284.929993,81.489998,78488.218750,26.59,103.86,48.450001,PM10,4425
29.930000,47.630001,10.690000,8.000000,0.410000,78.870003,-3.060000,1.270000,284.359985,83.379997,78085.937500,26.59,104.02,47.630001,PM10,4426
28.590000,45.639999,9.530000,11.100000,0.510000,66.230003,-2.130000,0.470000,285.459991,79.610001,80255.882812,26.59,104.62,45.639999,PM10,4430
29.650000,50.099998,10.480000,23.270000,0.700000,49.970001,-1.690000,0.020000,285.040009,81.989998,80029.351562,26.59,104.77,50.049999,PM10,4431
28.680000,48.080002,10.260000,23.160000,0.690000,47.900002,-1.020000,-0.440000,285.609985,81.150002,81070.476562,26.59,104.92,48.080002,PM10,4432
27.809999,43.490002,10.480000,18.650000,0.520000,52.830002,-0.790000,-1.050000,285.929993,81.019997,81783.726562,26.59,105.08,43.490002,PM10,4433
25.660000,41.400002,10.860000,11.120000,0.510000,63.540001,-1.020000,-1.880000,286.630005,78.589996,83039.507812,26.59,105.23,41.400002,PM10,4434
25.240000,41.130001,11.440000,7.260000,0.520000,70.309998,-1.340000,-2.560000,286.450012,80.449997,83386.281250,26.59,105.38,41.130001,PM10,4435
25.480000,41.650002,11.690000,7.490000,0.530000,70.650002,-0.760000,-3.030000,285.609985,83.500000,82593.460938,26.59,105.53,41.650002,PM10,4436
24.450001,41.470001,11.550000,8.560000,0.550000,69.690002,-0.180000,-3.440000,285.970001,82.110001,83280.882812,26.59,105.68,41.470001,PM10,4437
23.530001,42.180000,11.520000,10.860000,0.590000,66.529999,-0.100000,-3.080000,286.559998,82.029999,84662.382812,26.59,105.83,42.180000,PM10,4438
24.299999,43.500000,10.900000,13.290000,0.590000,64.150002,0.390000,-2.480000,287.179993,81.949997,85956.976562,26.59,105.98,43.500000,PM10,4439
27.090000,45.720001,10.130000,16.629999,0.560000,65.489998,0.620000,-2.440000,288.040009,79.559998,86846.796875,26.59,106.14,45.720001,PM10,4440
31.969999,52.060001,11.250000,30.459999,0.570000,59.430000,0.440000,-2.930000,288.239990,78.559998,86816.890625,26.59,106.29,51.029999,PM10,4441
35.270000,58.540001,11.180000,37.610001,0.630000,56.500000,0.350000,-3.240000,288.529999,76.750000,86953.296875,26.59,106.44,54.270000,PM10,4442
39.630001,73.269997,12.640000,47.860001,0.880000,49.910000,0.140000,-2.970000,289.149994,75.019997,87644.312500,26.58,106.59,61.634998,PM10,4443
35.110001,59.320000,9.320000,33.200001,0.660000,58.900002,-0.240000,-2.700000,289.769989,73.220001,88357.960938,26.58,106.74,54.660000,PM10,4444
33.500000,54.750000,8.570000,24.219999,0.590000,59.880001,-0.480000,-2.910000,289.179993,74.739998,87635.867188,26.58,106.89,52.375000,PM10,4445
34.160000,54.209999,8.250000,17.990000,0.550000,57.770000,-0.100000,-3.470000,288.519989,77.769997,87093.250000,26.58,107.04,52.105000,PM10,4446
34.689999,53.959999,8.750000,15.570000,0.530000,56.090000,0.300000,-3.340000,289.070007,76.050003,87876.343750,26.57,107.19,51.980000,PM10,4447
35.549999,54.779999,9.760000,15.380000,0.540000,54.160000,0.280000,-3.240000,289.299988,74.800003,88154.593750,26.57,107.35,52.389999,PM10,4448
35.590000,55.790001,10.750000,17.139999,0.570000,51.200001,0.280000,-3.410000,290.179993,71.889999,89342.343750,26.57,107.5,52.895000,PM10,4449
33.590000,54.689999,11.770000,17.459999,0.600000,49.939999,-0.070000,-3.140000,291.390015,69.070000,91182.671875,26.56,107.65,52.345001,PM10,4450
32.580002,55.369999,11.950000,15.200000,0.630000,48.660000,-0.860000,-3.110000,291.820007,69.349998,92330.453125,26.56,107.8,52.684998,PM10,4451
32.720001,55.900002,12.820000,12.750000,0.630000,50.340000,-1.510000,-2.470000,291.450012,72.430000,92515.507812,26.56,107.95,52.950001,PM10,4452
33.299999,55.919998,13.240000,10.030000,0.590000,54.139999,-1.080000,-2.320000,289.700012,78.440002,90221.546875,26.55,108.1,52.959999,PM10,4453
34.570000,55.320000,13.560000,8.800000,0.550000,55.380001,0.370000,-2.730000,288.109985,85.040001,88036.218750,26.55,108.25,52.660000,PM10,4454
33.720001,54.810001,14.450000,8.440000,0.550000,55.009998,1.250000,-3.330000,289.559998,80.639999,90168.367188,26.55,108.4,52.404999,PM10,4455
32.099998,54.150002,14.920000,7.930000,0.560000,55.160000,0.820000,-3.200000,291.000000,76.839996,92798.851562,26.54,108.56,52.075001,PM10,4456
31.559999,54.400002,15.340000,6.990000,0.560000,57.740002,-0.100000,-3.100000,290.279999,79.699997,92002.656250,26.54,108.71,52.200001,PM10,4457
31.760000,55.290001,15.880000,5.970000,0.560000,60.220001,-0.310000,-3.530000,289.869995,82.010002,91478.273438,26.53,108.86,52.645000,PM10,4458
31.580000,55.810001,17.480000,5.380000,0.580000,61.889999,-0.340000,-3.250000,290.570007,81.230003,93122.148438,26.53,109.01,52.904999,PM10,4459
31.870001,56.209999,18.120001,5.100000,0.580000,61.730000,-0.820000,-2.920000,290.589996,82.070000,94294.562500,26.52,109.16,53.105000,PM10,4460
33.330002,57.099998,17.260000,4.750000,0.590000,61.099998,-0.890000,-3.080000,289.950012,84.080002,93745.968750,26.52,109.31,53.549999,PM10,4461
29.250000,46.419998,10.960000,7.520000,0.400000,80.019997,-2.850000,2.060000,285.220001,79.550003,78632.171875,26.72,103.86,46.419998,PM10,4563
29.490000,46.520000,9.850000,6.710000,0.400000,79.639999,-2.980000,1.850000,283.790009,85.070000,77247.226562,26.73,104.01,46.520000,PM10,4564
28.750000,45.150002,8.810000,5.250000,0.400000,80.260002,-2.590000,1.270000,283.670013,86.510002,77423.296875,26.73,104.17,45.150002,PM10,4565
27.820000,43.779999,8.660000,5.300000,0.420000,78.199997,-2.200000,0.770000,284.809998,81.419998,79028.453125,26.73,104.32,43.779999,PM10,4566
27.740000,44.099998,9.140000,7.180000,0.440000,72.410004,-1.860000,0.470000,285.029999,80.190002,79345.953125,26.73,104.47,44.099998,PM10,4567
28.969999,47.189999,10.010000,12.110000,0.500000,62.970001,-1.660000,0.080000,284.320007,84.089996,78823.906250,26.73,104.62,47.189999,PM10,4568
29.959999,52.580002,11.720000,25.889999,0.690000,46.250000,-1.270000,-0.280000,284.799988,84.110001,79961.343750,26.73,104.77,51.290001,PM10,4569
28.260000,48.810001,11.190000,24.000000,0.670000,47.990002,-1.020000,-0.590000,285.660004,82.120003,81345.851562,26.73,104.92,48.810001,PM10,4570
27.520000,43.560001,10.620000,17.840000,0.510000,55.240002,-0.960000,-1.080000,285.309998,84.699997,81259.273438,26.73,105.08,43.560001,PM10,4571
26.469999,42.330002,10.610000,10.730000,0.510000,65.150002,-0.740000,-1.680000,285.359985,84.940002,81718.093750,26.73,105.23,42.330002,PM10,4572
25.370001,41.880001,10.940000,7.780000,0.550000,67.309998,-0.520000,-1.530000,286.109985,83.620003,83327.437500,26.73,105.38,41.880001,PM10,4573
25.120001,42.240002,10.860000,8.320000,0.570000,65.570000,-0.230000,-1.120000,285.929993,85.239998,83561.679688,26.73,105.53,42.240002,PM10,4574
24.250000,42.549999,10.630000,9.320000,0.590000,63.900002,0.400000,-1.360000,285.760010,85.639999,83599.148438,26.73,105.68,42.549999,PM10,4575
23.549999,43.099998,10.680000,11.190000,0.610000,63.340000,0.970000,-1.350000,286.730011,82.769997,85126.421875,26.73,105.83,43.099998,PM10,4576
24.570000,44.119999,10.270000,13.170000,0.600000,64.620003,1.090000,-1.340000,287.619995,80.430000,86329.742188,26.73,105.99,44.119999,PM10,4577
28.080000,46.380001,9.680000,17.570000,0.560000,65.879997,0.690000,-1.790000,288.510010,77.300003,87167.007812,26.72,106.14,46.380001,PM10,4578
32.520000,53.169998,10.000000,30.980000,0.580000,59.439999,0.270000,-2.250000,288.660004,76.919998,87394.437500,26.72,106.29,51.584999,PM10,4579
36.320000,60.759998,9.120000,37.450001,0.660000,55.919998,0.320000,-2.800000,288.429993,77.419998,87064.703125,26.72,106.44,55.379997,PM10,4580
38.169998,68.260002,8.700000,45.189999,0.800000,52.369999,0.220000,-2.930000,288.700012,76.320000,87182.640625,26.72,106.59,59.130001,PM10,4581
34.939999,57.340000,7.720000,27.990000,0.610000,60.029999,-0.340000,-3.060000,289.380005,73.080002,87819.132812,26.72,106.74,53.669998,PM10,4582
33.750000,54.279999,7.770000,22.830000,0.560000,60.380001,-0.630000,-3.240000,289.450012,72.949997,87986.703125,26.71,106.89,52.139999,PM10,4583
34.919998,54.750000,7.870000,18.559999,0.540000,57.500000,-0.120000,-3.650000,288.899994,75.470001,87717.976562,26.71,107.05,52.375000,PM10,4584
35.540001,54.740002,8.520000,16.170000,0.520000,56.290001,0.390000,-3.700000,288.790009,76.459999,87697.117188,26.71,107.2,52.370003,PM10,4585
35.720001,54.950001,9.630000,15.650000,0.530000,55.000000,0.330000,-3.400000,289.279999,73.550003,88093.882812,26.71,107.35,52.474998,PM10,4586
35.639999,55.599998,10.200000,16.549999,0.550000,52.200001,0.120000,-3.500000,290.609985,69.550003,89868.406250,26.7,107.5,52.799999,PM10,4587
34.169998,54.779999,11.020000,16.440001,0.570000,51.200001,-0.190000,-3.460000,291.399994,68.279999,91195.796875,26.7,107.65,52.389999,PM10,4588
33.910000,56.090000,11.390000,15.000000,0.600000,49.560001,-0.320000,-3.700000,291.179993,70.470001,91424.382812,26.7,107.8,53.044998,PM10,4589
33.709999,56.509998,12.460000,12.800000,0.600000,50.790001,-0.630000,-3.240000,291.040009,72.860001,91730.578125,26.69,107.96,53.254997,PM10,4590
33.299999,56.130001,13.160000,10.330000,0.580000,53.689999,-0.610000,-2.150000,290.450012,76.669998,91521.187500,26.69,108.11,53.065002,PM10,4591
33.369999,54.529999,14.160000,8.990000,0.550000,55.799999,0.200000,-1.390000,290.119995,78.730003,91254.312500,26.69,108.26,52.264999,PM10,4592
32.709999,54.619999,14.910000,8.840000,0.560000,54.919998,0.890000,-1.930000,290.299988,79.099998,91884.710938,26.68,108.41,52.309998,PM10,4593
31.490000,54.509998,15.110000,8.290000,0.570000,54.599998,0.720000,-2.930000,290.339996,79.610001,92277.156250,26.68,108.56,52.254997,PM10,4594
30.420000,53.680000,15.670000,7.130000,0.570000,58.169998,0.010000,-3.280000,289.980011,80.400002,91482.929688,26.67,108.71,51.840000,PM10,4595
30.660000,54.650002,15.870000,6.200000,0.570000,59.439999,-0.040000,-3.150000,289.709991,82.489998,91327.648438,26.67,108.86,52.325001,PM10,4596
30.570000,55.549999,17.299999,5.780000,0.590000,60.180000,0.150000,-2.800000,290.179993,82.690002,92761.656250,26.66,109.02,52.775002,PM10,4597
30.440001,55.880001,17.940001,5.570000,0.610000,59.020000,-0.360000,-2.490000,290.519989,82.580002,94251.953125,26.66,109.17,52.940002,PM10,4598
31.900000,57.029999,17.450001,5.350000,0.620000,57.820000,-0.800000,-2.190000,290.040009,84.570000,94232.617188,26.65,109.32,53.514999,PM10,4599
28.000000,45.060001,10.380000,6.600000,0.400000,80.980003,-2.530000,1.520000,285.480011,79.489998,79239.750000,26.86,103.86,45.060001,PM10,4701
27.740000,44.900002,9.340000,6.090000,0.410000,79.639999,-2.730000,1.680000,284.440002,82.910004,78082.851562,26.86,104.01,44.900002,PM10,4702
27.469999,44.439999,8.540000,5.260000,0.420000,78.599998,-2.680000,1.540000,283.730011,86.010002,77573.031250,26.86,104.17,44.439999,PM10,4703
27.139999,43.950001,8.390000,5.360000,0.430000,76.510002,-2.220000,1.060000,283.640015,85.889999,77690.046875,26.86,104.32,43.950001,PM10,4704
27.400000,44.480000,8.450000,6.780000,0.440000,71.949997,-1.720000,0.600000,283.339996,87.419998,77470.468750,26.86,104.47,44.480000,PM10,4705
28.260000,46.169998,8.470000,9.390000,0.440000,67.040001,-1.350000,0.180000,283.059998,89.809998,77496.062500,26.86,104.62,46.169998,PM10,4706
26.780001,46.099998,8.600000,12.890000,0.480000,63.259998,-0.790000,-0.300000,283.959991,87.680000,79078.382812,26.86,104.77,46.099998,PM10,4707
25.969999,43.779999,9.240000,11.100000,0.480000,65.660004,-0.620000,-0.550000,285.420013,83.230003,81173.343750,26.87,104.92,43.779999,PM10,4708
25.389999,41.230000,9.780000,8.890000,0.500000,67.739998,-0.650000,-0.580000,286.010010,83.129997,82312.671875,26.87,105.08,41.230000,PM10,4709
25.209999,41.369999,10.180000,7.910000,0.540000,68.190002,-0.090000,-0.730000,286.140015,83.089996,82980.882812,26.86,105.23,41.369999,PM10,4710
24.459999,41.689999,10.480000,8.780000,0.590000,66.669998,0.450000,-0.790000,286.959991,80.809998,84394.406250,26.86,105.38,41.689999,PM10,4711
24.170000,42.020000,10.510000,9.350000,0.610000,66.919998,0.390000,-0.470000,287.510010,79.150002,85183.757812,26.86,105.53,42.020000,PM10,4712
24.230000,43.060001,10.440000,9.820000,0.620000,66.540001,0.380000,-0.060000,287.500000,80.089996,85457.476562,26.86,105.68,43.060001,PM10,4713
24.760000,43.950001,10.240000,10.550000,0.610000,67.419998,0.630000,-0.280000,287.890015,79.120003,86127.976562,26.86,105.83,43.950001,PM10,4714
26.610001,44.619999,9.810000,12.790000,0.570000,68.790001,0.540000,-0.960000,288.209991,77.620003,86407.960938,26.86,105.99,44.619999,PM10,4715
29.190001,47.029999,9.180000,19.040001,0.550000,66.239998,0.340000,-1.590000,288.709991,75.720001,87190.851562,26.86,106.14,47.029999,PM10,4716
33.180000,52.060001,8.800000,28.410000,0.550000,61.130001,0.110000,-1.810000,289.209991,74.489998,88060.718750,26.86,106.29,51.029999,PM10,4717
34.759998,54.790001,8.010000,28.629999,0.550000,60.720001,-0.060000,-2.250000,289.029999,75.089996,87953.187500,26.86,106.44,52.395000,PM10,4718
34.619999,55.090000,7.550000,24.740000,0.560000,61.360001,-0.190000,-2.870000,288.579987,76.230003,87178.101562,26.85,106.59,52.544998,PM10,4719
35.189999,54.619999,7.300000,20.799999,0.530000,62.099998,-0.530000,-3.600000,288.510010,75.349998,86898.968750,26.85,106.75,52.309998,PM10,4720
35.570000,55.790001,7.170000,20.930000,0.540000,59.669998,-0.470000,-3.850000,288.899994,74.400002,87571.843750,26.85,106.9,52.895000,PM10,4721
36.169998,55.720001,7.620000,18.219999,0.520000,57.500000,-0.010000,-3.690000,289.089996,74.489998,88222.601562,26.85,107.05,52.860001,PM10,4722
36.720001,55.910000,8.300000,16.059999,0.510000,56.889999,0.420000,-3.450000,288.579987,77.779999,87868.546875,26.84,107.2,52.955002,PM10,4723
36.680000,55.790001,9.560000,14.710000,0.520000,57.230000,0.630000,-3.700000,288.570007,76.360001,87446.687500,26.84,107.35,52.895000,PM10,4724
36.680000,56.270000,9.730000,14.200000,0.530000,53.770000,0.470000,-4.080000,289.809998,71.550003,88863.289062,26.84,107.5,53.135002,PM10,4725
35.500000,55.290001,10.150000,13.650000,0.540000,51.900002,0.030000,-3.970000,291.040009,68.730003,90738.859375,26.84,107.66,52.645000,PM10,4726
35.439999,55.830002,10.780000,12.690000,0.550000,50.990002,-0.100000,-3.780000,290.829987,71.410004,91131.281250,26.83,107.81,52.915001,PM10,4727
35.000000,56.250000,12.060000,11.080000,0.550000,52.500000,0.040000,-3.450000,290.489990,73.930000,91072.273438,26.83,107.96,53.125000,PM10,4728
33.279999,55.419998,13.010000,9.550000,0.550000,54.500000,0.180000,-2.450000,290.850006,74.480003,91986.312500,26.82,108.11,52.709999,PM10,4729
32.380001,53.750000,14.180000,8.600000,0.540000,55.990002,0.080000,-1.740000,291.380005,74.150002,93011.023438,26.82,108.26,51.875000,PM10,4730
31.400000,53.630001,15.080000,8.390000,0.540000,55.930000,-0.300000,-1.830000,290.950012,76.949997,93007.640625,26.82,108.41,51.815002,PM10,4731
30.490000,54.630001,15.440000,8.710000,0.580000,54.669998,-0.310000,-2.300000,289.869995,81.169998,91736.093750,26.81,108.57,52.315002,PM10,4732
29.940001,54.599998,15.650000,7.670000,0.590000,56.380001,0.260000,-2.590000,289.410004,82.980003,91034.843750,26.81,108.72,52.299999,PM10,4733
28.850000,53.790001,16.330000,6.770000,0.590000,58.500000,0.540000,-2.170000,290.170013,81.510002,92329.500000,26.8,108.87,51.895000,PM10,4734
28.250000,55.000000,17.549999,6.690000,0.620000,57.750000,0.310000,-2.010000,290.359985,82.510002,93431.492188,26.8,109.02,52.500000,PM10,4735
28.230000,55.490002,18.059999,6.460000,0.640000,55.669998,-0.010000,-1.890000,290.450012,83.050003,94192.953125,26.79,109.17,52.745003,PM10,4736
29.160000,56.209999,17.379999,5.950000,0.650000,54.150002,-0.220000,-1.320000,290.570007,83.440002,95211.312500,26.79,109.32,53.105000,PM10,4737
30.459999,58.139999,17.600000,6.510000,0.700000,53.980000,-0.090000,-1.120000,290.690002,83.239998,96182.843750,26.78,109.48,54.070000,PM10,4738
26.280001,44.209999,10.190000,6.250000,0.410000,81.059998,-2.640000,1.170000,284.820007,82.769997,78822.226562,27.0,103.86,44.209999,PM10,4839
25.809999,44.200001,9.020000,5.680000,0.420000,80.220001,-2.550000,1.160000,284.149994,85.540001,78190.656250,27.0,104.01,44.200001,PM10,4840
25.370001,43.560001,8.320000,4.950000,0.420000,80.820000,-2.450000,1.370000,283.980011,86.239998,78235.046875,27.0,104.16,43.560001,PM10,4841
25.260000,43.169998,8.230000,5.110000,0.430000,79.379997,-2.110000,1.160000,284.029999,85.889999,78486.562500,27.0,104.32,43.169998,PM10,4842
25.690001,43.500000,8.340000,6.530000,0.440000,75.639999,-1.650000,0.950000,284.049988,86.410004,78743.609375,27.0,104.47,43.500000,PM10,4843
26.139999,44.240002,8.520000,8.860000,0.450000,70.559998,-1.260000,0.760000,284.059998,87.150002,79032.601562,27.0,104.62,44.240002,PM10,4844
25.080000,43.590000,8.710000,10.760000,0.480000,66.660004,-0.670000,0.430000,284.440002,86.400002,79788.929688,27.0,104.77,43.590000,PM10,4845
24.209999,41.560001,9.490000,9.040000,0.490000,68.529999,-0.210000,-0.080000,285.730011,82.629997,81656.257812,27.0,104.92,41.560001,PM10,4846
23.440001,40.290001,10.350000,8.240000,0.550000,69.339996,-0.220000,0.020000,287.279999,78.660004,84013.523438,27.0,105.08,40.290001,PM10,4847
24.219999,41.869999,10.770000,8.450000,0.600000,68.550003,-0.100000,0.020000,287.239990,80.349998,84612.859375,27.0,105.23,41.869999,PM10,4848
25.379999,43.509998,10.770000,9.460000,0.620000,67.610001,0.250000,-0.540000,286.700012,83.129997,84241.023438,27.0,105.38,43.509998,PM10,4849
25.080000,43.270000,10.360000,10.540000,0.630000,67.389999,0.240000,-0.840000,287.420013,80.360001,85034.101562,27.0,105.53,43.270000,PM10,4850
25.340000,43.369999,10.090000,10.770000,0.610000,69.269997,0.040000,-0.630000,288.149994,78.309998,85960.890625,27.0,105.68,43.369999,PM10,4851
26.360001,44.400002,9.980000,11.610000,0.590000,70.040001,0.030000,-0.650000,288.200012,77.680000,86202.257812,27.0,105.84,44.400002,PM10,4852
28.020000,45.529999,9.580000,16.059999,0.560000,68.860001,0.010000,-1.030000,288.480011,75.809998,86639.703125,27.0,105.99,45.529999,PM10,4853
30.379999,48.080002,8.670000,22.309999,0.550000,65.459999,-0.070000,-1.510000,288.920013,74.239998,87321.359375,27.0,106.14,48.080002,PM10,4854
33.090000,50.810001,8.380000,22.139999,0.520000,65.190002,-0.390000,-1.890000,289.529999,72.529999,88204.320312,26.99,106.29,50.404999,PM10,4855
34.340000,52.889999,7.920000,22.299999,0.520000,63.490002,-0.700000,-2.140000,289.559998,72.739998,88562.703125,26.99,106.44,51.445000,PM10,4856
35.060001,54.279999,7.670000,20.900000,0.530000,62.799999,-0.720000,-2.720000,288.489990,76.419998,87319.867188,26.99,106.6,52.139999,PM10,4857
36.669998,56.930000,7.090000,22.410000,0.540000,61.349998,-0.440000,-3.390000,287.779999,78.379997,86372.437500,26.99,106.75,53.465000,PM10,4858
36.860001,58.139999,6.850000,23.080000,0.550000,59.189999,0.110000,-3.510000,288.739990,75.669998,87641.226562,26.99,106.9,54.070000,PM10,4859
36.520000,56.590000,7.300000,19.280001,0.530000,57.380001,0.390000,-3.000000,289.890015,72.879997,89557.453125,26.98,107.05,53.294998,PM10,4860
37.000000,56.439999,8.260000,16.870001,0.520000,57.310001,0.440000,-2.530000,289.309998,75.910004,89168.601562,26.98,107.2,53.220001,PM10,4861
38.369999,58.410000,8.870000,15.810000,0.530000,55.279999,0.750000,-3.370000,287.989990,79.419998,87391.523438,26.98,107.36,54.212498,PM2.5,4862
38.470001,58.279999,9.530000,13.900000,0.520000,54.500000,1.100000,-4.070000,288.559998,76.239998,87716.398438,26.97,107.51,54.337502,PM2.5,4863
36.910000,56.529999,10.130000,12.800000,0.520000,53.270000,0.880000,-4.170000,290.299988,70.910004,89998.273438,26.97,107.66,53.264999,PM10,4864
36.090000,55.950001,10.840000,11.750000,0.520000,52.680000,0.500000,-3.730000,290.890015,70.690002,91294.226562,26.97,107.81,52.974998,PM10,4865
35.369999,55.830002,12.200000,10.290000,0.520000,54.520000,0.480000,-3.170000,290.750000,73.220001,91610.156250,26.96,107.96,52.915001,PM10,4866
33.470001,54.869999,13.390000,8.940000,0.530000,56.150002,0.290000,-2.650000,290.959991,73.290001,92007.476562,26.96,108.12,52.434998,PM10,4867
32.439999,53.889999,14.220000,8.230000,0.530000,56.619999,-0.150000,-2.660000,290.899994,73.970001,91936.171875,26.96,108.27,51.945000,PM10,4868
30.969999,53.720001,14.820000,8.270000,0.540000,55.759998,-0.460000,-2.460000,290.940002,75.779999,92500.906250,26.95,108.42,51.860001,PM10,4869
29.230000,53.889999,15.610000,8.850000,0.580000,53.849998,-0.470000,-1.390000,290.829987,78.080002,93244.140625,26.95,108.57,51.945000,PM10,4870
28.000000,53.730000,15.880000,8.190000,0.600000,54.630001,0.050000,-0.930000,290.510010,80.190002,93158.140625,26.94,108.72,51.864998,PM10,4871
27.410000,54.049999,16.120001,7.540000,0.620000,55.330002,0.510000,-1.250000,290.359985,81.599998,93248.093750,26.94,108.87,52.025002,PM10,4872
26.049999,54.520000,17.450001,7.740000,0.660000,54.630001,0.440000,-1.770000,290.500000,82.180000,93729.523438,26.93,109.03,52.260002,PM10,4873
25.440001,54.419998,17.510000,7.420000,0.690000,52.240002,0.260000,-1.760000,290.750000,82.050003,94564.539062,26.93,109.18,52.209999,PM10,4874
26.129999,54.500000,17.160000,6.810000,0.700000,51.610001,-0.010000,-1.330000,291.059998,81.379997,95648.062500,26.92,109.33,52.250000,PM10,4875
27.879999,57.150002,17.180000,7.210000,0.740000,50.910000,-0.290000,-1.240000,290.940002,82.349998,96570.289062,26.92,109.48,53.575001,PM10,4876
23.309999,42.639999,11.910000,6.340000,0.420000,86.269997,-2.240000,0.380000,286.359985,77.239998,80706.007812,27.13,103.71,42.639999,PM10,4976
23.820000,43.080002,10.450000,5.920000,0.430000,83.360001,-2.450000,0.530000,285.230011,81.610001,79531.890625,27.13,103.86,43.080002,PM10,4977
23.750000,43.570000,9.370000,5.670000,0.440000,81.129997,-2.220000,0.740000,284.690002,83.750000,79129.398438,27.13,104.01,43.570000,PM10,4978
23.389999,43.509998,8.830000,5.360000,0.450000,80.550003,-2.010000,1.280000,284.720001,84.169998,79458.773438,27.13,104.16,43.509998,PM10,4979
23.320000,43.130001,8.880000,5.730000,0.460000,78.529999,-1.790000,1.080000,285.010010,83.089996,80148.671875,27.13,104.31,43.130001,PM10,4980
23.410000,42.490002,8.850000,6.800000,0.460000,76.029999,-1.330000,0.890000,285.609985,81.760002,80987.257812,27.13,104.47,42.490002,PM10,4981
23.530001,42.279999,9.010000,8.310000,0.480000,73.089996,-1.060000,0.860000,285.899994,81.769997,81577.296875,27.14,104.62,42.279999,PM10,4982
22.480000,40.770000,9.200000,8.770000,0.500000,71.470001,-0.740000,0.720000,286.589996,79.739998,82667.078125,27.14,104.77,40.770000,PM10,4983
22.240000,39.849998,10.100000,7.920000,0.530000,71.580002,-0.240000,0.340000,287.140015,78.690002,83669.109375,27.14,104.92,39.849998,PM10,4984
22.830000,41.180000,10.980000,8.400000,0.600000,70.639999,0.020000,-0.010000,287.089996,80.750000,84053.117188,27.14,105.08,41.180000,PM10,4985
25.030001,42.910000,11.190000,9.000000,0.620000,69.809998,-0.150000,-0.100000,287.010010,82.239998,84246.570312,27.14,105.23,42.910000,PM10,4986
25.930000,43.580002,10.910000,10.340000,0.630000,68.279999,-0.100000,-0.400000,286.869995,82.879997,84323.312500,27.14,105.38,43.580002,PM10,4987
26.049999,43.930000,10.220000,11.880000,0.630000,67.820000,-0.050000,-0.890000,287.320007,81.070000,84959.390625,27.13,105.53,43.930000,PM10,4988
26.959999,44.540001,9.860000,12.270000,0.610000,68.459999,-0.120000,-1.190000,287.260010,81.629997,84972.851562,27.13,105.69,44.540001,PM10,4989
28.469999,45.680000,9.690000,12.820000,0.570000,69.459999,-0.090000,-1.410000,286.980011,80.629997,84499.062500,27.13,105.84,45.680000,PM10,4990
29.330000,46.790001,9.550000,18.500000,0.560000,68.129997,-0.220000,-1.450000,288.059998,75.739998,85848.289062,27.13,105.99,46.790001,PM10,4991
31.219999,49.009998,8.460000,21.790001,0.540000,66.160004,-0.490000,-1.860000,289.230011,72.330002,87568.109375,27.13,106.14,49.009998,PM10,4992
33.560001,51.310001,8.380000,19.129999,0.520000,66.410004,-0.660000,-2.320000,289.619995,71.940002,88286.023438,27.13,106.29,50.654999,PM10,4993
34.910000,53.750000,8.010000,21.150000,0.520000,63.770000,-0.770000,-2.240000,289.660004,72.580002,88732.257812,27.13,106.45,51.875000,PM10,4994
36.220001,56.389999,7.840000,22.760000,0.540000,61.700001,-0.660000,-1.940000,289.109985,75.099998,88365.351562,27.13,106.6,53.195000,PM10,4995
37.799999,60.130001,6.640000,26.730000,0.580000,59.220001,-0.030000,-1.930000,288.619995,77.010002,87834.351562,27.12,106.75,55.065002,PM10,4996
38.049999,61.360001,6.500000,27.059999,0.590000,57.680000,0.780000,-2.090000,289.589996,74.000000,89049.257812,27.12,106.9,55.680000,PM10,4997
37.340000,58.509998,7.250000,21.200001,0.550000,56.820000,0.720000,-2.050000,290.880005,70.150002,90950.023438,27.12,107.05,54.254997,PM10,4998
38.119999,58.720001,8.070000,18.320000,0.540000,55.750000,0.260000,-1.610000,290.329987,72.559998,90778.062500,27.12,107.21,54.360001,PM10,4999
38.650002,59.090000,8.820000,16.230000,0.540000,55.299999,0.430000,-1.970000,289.070007,76.110001,89010.640625,27.11,107.36,54.562500,PM2.5,5000
38.980000,59.119999,9.550000,14.530000,0.530000,54.590000,1.130000,-2.800000,288.839996,76.059998,88579.898438,27.11,107.51,54.974998,PM2.5,5001
37.950001,57.889999,10.300000,12.950000,0.520000,54.000000,1.460000,-3.410000,289.869995,72.860001,89930.882812,27.11,107.66,53.945000,PM10,5002
37.160000,57.000000,11.200000,11.630000,0.520000,53.860001,1.190000,-3.390000,290.489990,71.970001,91091.601562,27.1,107.82,53.500000,PM10,5003
36.639999,56.919998,12.310000,10.030000,0.510000,54.930000,0.830000,-3.180000,290.500000,73.639999,91491.242188,27.1,107.97,53.459999,PM10,5004
34.970001,55.459999,13.660000,8.640000,0.510000,57.040001,0.240000,-3.090000,290.570007,73.570000,91331.218750,27.1,108.12,52.730000,PM10,5005
33.000000,54.279999,14.380000,7.920000,0.510000,57.349998,-0.010000,-2.950000,290.500000,74.540001,91294.226562,27.09,108.27,52.139999,PM10,5006
30.590000,52.959999,15.010000,7.910000,0.530000,56.619999,0.080000,-2.390000,291.100006,74.529999,92567.140625,27.09,108.42,51.480000,PM10,5007
28.049999,52.070000,15.540000,8.590000,0.560000,54.930000,-0.360000,-1.560000,291.950012,73.779999,94552.203125,27.08,108.58,51.035000,PM10,5008
25.620001,52.160000,17.120001,9.840000,0.620000,53.660000,-0.680000,-0.510000,291.809998,75.919998,95256.179688,27.08,108.73,51.080002,PM10,5009
25.100000,54.119999,17.540001,9.520000,0.700000,51.360001,0.210000,-1.300000,290.350006,81.930000,93125.773438,27.07,109.03,52.059998,PM10,5011
25.070000,54.230000,16.660000,8.810000,0.710000,49.779999,0.350000,-1.490000,290.809998,81.400002,94254.296875,27.06,109.18,52.114998,PM10,5012
24.990000,54.709999,16.400000,8.700000,0.730000,48.400002,0.050000,-1.370000,291.160004,81.050003,95649.296875,27.06,109.34,52.355000,PM10,5013
27.010000,56.590000,16.650000,8.580000,0.760000,47.650002,-0.370000,-1.240000,290.970001,82.309998,96355.617188,27.05,109.49,53.294998,PM10,5014
24.290001,44.610001,10.800000,5.400000,0.440000,83.570000,-2.510000,-0.450000,284.600006,85.169998,79199.593750,27.27,103.86,44.610001,PM10,5115
22.709999,42.980000,9.680000,5.290000,0.440000,81.989998,-1.530000,-0.160000,286.089996,80.989998,81295.976562,27.27,104.01,42.980000,PM10,5116
22.620001,42.509998,9.230000,5.230000,0.450000,82.970001,-1.470000,0.760000,286.519989,79.489998,81826.843750,27.27,104.16,42.509998,PM10,5117
24.290001,45.139999,9.390000,5.590000,0.470000,79.360001,-1.750000,0.850000,285.100006,84.790001,80471.250000,27.27,104.31,45.139999,PM10,5118
24.559999,45.029999,9.330000,6.470000,0.490000,75.900002,-1.150000,0.630000,285.239990,85.220001,80911.796875,27.27,104.47,45.029999,PM10,5119
23.700001,43.750000,9.370000,7.560000,0.520000,73.449997,-0.670000,0.750000,285.989990,82.730003,82037.796875,27.27,104.62,43.750000,PM10,5120
21.980000,41.580002,9.660000,8.000000,0.550000,72.150002,-0.460000,0.710000,287.440002,77.940002,84033.757812,27.27,104.77,41.580002,PM10,5121
22.850000,41.950001,10.510000,7.730000,0.580000,73.239998,-0.330000,0.500000,287.489990,79.209999,84430.718750,27.27,104.92,41.950001,PM10,5122
25.469999,44.270000,11.220000,8.560000,0.620000,71.930000,-0.260000,-0.090000,286.070007,85.790001,82952.460938,27.27,105.08,44.270000,PM10,5123
25.959999,44.009998,11.610000,10.400000,0.640000,70.699997,-0.290000,-0.390000,286.549988,83.529999,83641.867188,27.27,105.23,44.009998,PM10,5124
25.930000,43.459999,11.030000,12.350000,0.650000,68.580002,-0.280000,-0.460000,287.549988,79.160004,85001.257812,27.27,105.38,43.459999,PM10,5125
26.430000,44.049999,9.890000,13.190000,0.640000,66.849998,-0.220000,-0.680000,287.440002,80.559998,85261.500000,27.27,105.53,44.049999,PM10,5126
28.320000,45.439999,9.310000,12.940000,0.610000,66.959999,-0.310000,-1.160000,286.640015,83.290001,84275.890625,27.27,105.69,45.439999,PM10,5127
30.410000,47.110001,9.230000,13.050000,0.560000,69.019997,-0.130000,-1.910000,285.829987,83.080002,82867.109375,27.27,105.84,47.110001,PM10,5128
31.379999,48.439999,9.460000,17.070000,0.540000,69.830002,0.020000,-2.300000,287.040009,77.809998,84292.171875,27.27,105.99,48.439999,PM10,5129
32.209999,50.279999,8.560000,20.139999,0.540000,67.269997,-0.390000,-2.520000,289.040009,72.309998,87109.687500,27.27,106.14,50.139999,PM10,5130
34.419998,53.139999,8.220000,22.450001,0.530000,64.570000,-0.520000,-2.510000,289.630005,71.989998,88230.632812,27.26,106.3,51.570000,PM10,5131
35.970001,55.770000,7.950000,24.680000,0.540000,62.680000,-0.280000,-2.110000,290.109985,71.680000,89201.757812,27.26,106.45,52.885002,PM10,5132
36.750000,57.570000,7.900000,24.030001,0.550000,62.119999,-0.160000,-0.980000,290.600006,71.320000,90344.570312,27.26,106.6,53.785000,PM10,5133
38.090000,61.349998,7.120000,27.290001,0.590000,59.669998,0.260000,-0.480000,290.570007,72.059998,90588.476562,27.26,106.75,55.674999,PM10,5134
38.750000,63.139999,6.890000,27.360001,0.600000,57.389999,0.730000,-0.960000,290.700012,71.629997,90783.953125,27.26,106.91,56.570000,PM10,5135
38.299999,59.939999,7.640000,21.290001,0.560000,56.570000,0.750000,-1.650000,291.160004,69.360001,91396.742188,27.25,107.06,54.970001,PM10,5136
38.410000,59.139999,8.570000,18.690001,0.540000,55.689999,0.310000,-1.250000,291.239990,69.430000,91994.328125,27.25,107.21,54.570000,PM10,5137
39.099998,59.700001,9.520000,16.760000,0.540000,55.169998,0.140000,-1.180000,290.630005,71.019997,91384.906250,27.25,107.36,55.125000,PM2.5,5138
39.730000,60.119999,10.320000,15.000000,0.530000,54.389999,0.780000,-1.720000,290.049988,72.430000,90559.226562,27.25,107.52,55.912498,PM2.5,5139
38.720001,59.130001,11.080000,13.350000,0.520000,54.130001,1.210000,-2.160000,290.549988,71.150002,91241.187500,27.24,107.67,54.650002,PM2.5,5140
38.060001,58.240002,11.980000,11.620000,0.510000,54.450001,0.970000,-2.530000,290.760010,71.480003,91894.546875,27.24,107.82,54.120003,PM10,5141
37.599998,58.080002,12.930000,10.020000,0.510000,55.560001,0.480000,-3.100000,290.029999,74.919998,90994.937500,27.23,107.97,54.040001,PM10,5142
36.279999,57.240002,13.780000,8.600000,0.510000,56.830002,0.300000,-3.480000,289.549988,76.379997,90013.312500,27.23,108.12,53.620003,PM10,5143
33.419998,54.880001,14.420000,7.850000,0.510000,57.340000,0.510000,-2.970000,290.250000,75.269997,91000.976562,27.23,108.28,52.440002,PM10,5144
29.969999,52.310001,15.600000,7.810000,0.520000,57.910000,0.410000,-2.230000,291.000000,74.470001,92446.148438,27.22,108.43,51.154999,PM10,5145
27.520000,51.930000,15.730000,8.650000,0.560000,54.630001,-0.000000,-2.350000,291.450012,74.459999,93334.578125,27.22,108.58,50.965000,PM10,5146
24.650000,51.349998,17.020000,10.050000,0.620000,52.490002,-0.610000,-1.380000,291.880005,74.639999,94722.843750,27.21,108.73,50.674999,PM10,5147
22.920000,51.910000,17.549999,10.730000,0.690000,50.230000,-0.710000,-0.340000,291.410004,77.820000,94955.859375,27.21,108.89,50.955002,PM10,5148
24.980000,44.779999,10.540000,4.930000,0.440000,83.820000,-0.850000,-0.490000,286.910004,79.610001,82833.812500,27.4,104.01,44.779999,PM10,5255
27.950001,48.220001,9.900000,5.210000,0.480000,79.940002,-1.560000,0.400000,284.549988,89.180000,79963.390625,27.41,104.31,48.220001,PM10,5257
26.910000,47.009998,9.590000,6.070000,0.510000,76.199997,-1.110000,0.490000,285.089996,87.699997,81094.859375,27.41,104.47,47.009998,PM10,5258
27.090000,44.930000,10.860000,8.470000,0.600000,74.190002,-0.610000,0.270000,286.390015,84.620003,83381.312500,27.41,105.08,44.930000,PM10,5262
26.469999,44.549999,12.350000,12.200000,0.660000,70.550003,-0.370000,-0.200000,286.790009,82.160004,83990.281250,27.41,105.23,44.549999,PM10,5263
25.629999,43.910000,11.690000,14.720000,0.690000,67.690002,-0.320000,-0.380000,287.790009,77.739998,85346.546875,27.41,105.38,43.910000,PM10,5264
27.030001,44.369999,9.530000,13.330000,0.640000,67.470001,-0.330000,-0.510000,287.809998,78.250000,85660.367188,27.41,105.53,44.369999,PM10,5265
29.600000,46.049999,8.770000,12.420000,0.580000,68.019997,-0.410000,-1.030000,286.790009,81.300003,84290.898438,27.41,105.69,46.049999,PM10,5266
31.990000,48.439999,8.570000,13.450000,0.550000,68.080002,-0.270000,-1.610000,286.160004,81.970001,83386.046875,27.4,105.84,48.439999,PM10,5267
32.700001,50.110001,8.610000,16.510000,0.550000,67.629997,0.240000,-2.060000,287.359985,77.290001,84996.859375,27.4,105.99,50.055000,PM10,5268
33.500000,52.029999,8.510000,20.480000,0.550000,66.760002,0.230000,-2.280000,288.859985,73.589996,87056.453125,27.4,106.14,51.014999,PM10,5269
35.160000,55.070000,8.390000,28.820000,0.550000,61.889999,0.210000,-2.070000,289.859985,71.930000,88587.921875,27.4,106.3,52.535000,PM10,5270
36.360001,57.200001,8.120000,28.930000,0.550000,60.779999,0.510000,-1.640000,291.029999,69.720001,90401.218750,27.4,106.45,53.599998,PM10,5271
37.830002,58.669998,8.030000,23.639999,0.550000,62.320000,0.290000,-0.700000,291.630005,68.870003,91582.179688,27.4,106.6,54.334999,PM10,5272
38.619999,62.480000,7.450000,25.969999,0.600000,59.139999,-0.090000,-0.200000,291.299988,70.150002,91529.890625,27.39,106.76,56.239998,PM10,5273
39.180000,64.230003,7.380000,25.910000,0.620000,56.560001,-0.050000,-0.670000,291.040009,70.180000,91206.257812,27.39,106.91,57.115002,PM10,5274
38.900002,60.900002,8.100000,20.459999,0.560000,55.950001,0.300000,-1.400000,291.070007,69.150002,91344.328125,27.39,107.06,55.450001,PM10,5275
38.939999,58.970001,9.310000,17.280001,0.530000,56.619999,0.330000,-1.630000,291.119995,68.730003,91545.281250,27.39,107.21,54.924999,PM2.5,5276
40.130001,59.650002,10.380000,15.300000,0.520000,56.259998,0.120000,-1.840000,290.820007,68.839996,91218.203125,27.38,107.37,56.412502,PM2.5,5277
40.480000,60.209999,11.200000,13.910000,0.510000,56.009998,0.570000,-1.980000,290.859985,69.209999,91484.726562,27.38,107.52,56.849998,PM2.5,5278
39.169998,59.480000,12.090000,12.670000,0.510000,55.849998,0.640000,-2.020000,291.540009,67.959999,92672.093750,27.38,107.67,55.212498,PM2.5,5279
38.730000,58.959999,13.110000,11.150000,0.500000,56.060001,-0.060000,-2.320000,291.339996,69.379997,92716.921875,27.37,107.82,54.662498,PM2.5,5280
38.580002,59.150002,13.800000,9.500000,0.500000,57.040001,-0.110000,-2.900000,289.720001,75.190002,90576.179688,27.37,107.98,54.575001,PM10,5281
36.950001,58.080002,14.390000,8.250000,0.500000,58.049999,0.610000,-3.190000,288.980011,78.239998,89410.507812,27.37,108.13,54.040001,PM10,5282
33.250000,54.689999,15.130000,7.610000,0.500000,58.930000,1.040000,-2.710000,290.010010,76.459999,90867.117188,27.36,108.28,52.345001,PM10,5283
29.910000,52.720001,15.870000,7.680000,0.520000,58.060001,0.710000,-2.280000,290.399994,76.620003,91722.078125,27.36,108.43,51.360001,PM10,5284
27.629999,52.220001,15.940000,8.340000,0.560000,54.540001,0.470000,-2.590000,290.500000,77.120003,91948.140625,27.35,108.59,51.110001,PM10,5285
24.389999,50.580002,16.690001,9.480000,0.610000,52.810001,0.310000,-2.030000,291.480011,74.720001,93541.921875,27.35,108.74,50.290001,PM10,5286
22.469999,50.700001,16.670000,10.710000,0.670000,49.840000,-0.240000,-0.840000,291.850006,75.400002,95097.039062,27.34,108.89,50.349998,PM10,5287
21.440001,51.869999,20.420000,14.450000,0.730000,45.549999,-0.500000,-0.280000,291.589996,78.000000,95454.976562,27.34,109.04,50.934998,PM10,5288
29.530001,45.590000,9.370000,10.650000,0.590000,71.040001,-0.460000,-0.320000,287.890015,76.589996,85301.398438,27.54,105.38,45.590000,PM10,5409
30.240000,46.090000,8.630000,11.180000,0.580000,69.699997,-0.410000,-0.490000,288.660004,74.190002,86514.023438,27.54,105.54,46.090000,PM10,5410
31.340000,47.459999,8.390000,12.200000,0.560000,69.169998,-0.270000,-0.510000,288.339996,75.129997,86190.156250,27.54,105.69,47.459999,PM10,5411
32.570000,49.459999,8.360000,13.760000,0.550000,68.910004,-0.100000,-0.440000,288.559998,74.169998,86559.351562,27.54,105.84,49.459999,PM10,5412
32.939999,51.200001,8.380000,16.120001,0.560000,67.930000,0.350000,-0.600000,289.839996,70.480003,88375.093750,27.54,105.99,50.599998,PM10,5413
34.259998,53.980000,8.500000,18.639999,0.560000,67.230003,0.560000,-0.930000,290.119995,70.970001,88942.546875,27.54,106.15,51.989998,PM10,5414
36.349998,57.730000,8.620000,21.990000,0.570000,65.470001,0.770000,-1.110000,290.260010,72.110001,89417.273438,27.54,106.3,53.864998,PM10,5415
38.430000,61.209999,8.680000,25.270000,0.590000,62.849998,0.910000,-1.410000,290.790009,71.830002,90325.867188,27.53,106.45,55.605000,PM10,5416
40.450001,64.120003,8.680000,30.190001,0.600000,59.950001,0.500000,-1.440000,291.200012,69.680000,90724.031250,27.53,106.61,57.060001,PM10,5417
39.209999,69.279999,7.800000,35.500000,0.720000,55.810001,-0.190000,-1.140000,291.269989,68.809998,90878.820312,27.53,106.76,59.639999,PM10,5418
37.930000,69.029999,7.340000,35.049999,0.740000,52.650002,-0.540000,-0.920000,291.140015,69.089996,91041.523438,27.53,106.91,59.514999,PM10,5419
38.779999,61.770000,8.300000,21.680000,0.590000,54.990002,-0.360000,-1.140000,291.019989,69.250000,91274.546875,27.52,107.06,55.885002,PM10,5420
41.160000,61.410000,9.770000,16.879999,0.540000,56.639999,-0.130000,-1.610000,290.570007,70.110001,90789.312500,27.52,107.22,57.700001,PM2.5,5421
42.360001,61.740002,11.110000,14.460000,0.510000,57.720001,0.140000,-2.050000,290.339996,70.059998,90359.656250,27.52,107.37,59.200001,PM2.5,5422
41.849998,61.889999,12.190000,13.700000,0.510000,57.520000,0.510000,-2.340000,290.769989,68.349998,91086.460938,27.52,107.52,58.562500,PM2.5,5423
40.139999,60.889999,13.040000,12.440000,0.510000,57.650002,0.400000,-2.740000,291.119995,68.120003,91716.867188,27.51,107.68,56.424999,PM2.5,5424
39.660000,60.259998,13.880000,10.980000,0.490000,57.709999,-0.100000,-2.770000,290.940002,69.599998,91824.843750,27.51,107.83,55.825001,PM2.5,5425
38.369999,59.860001,14.740000,9.850000,0.500000,58.060001,0.110000,-2.360000,290.160004,73.250000,91171.851562,27.51,107.98,54.930000,PM10,5426
35.639999,58.209999,15.540000,8.800000,0.510000,58.709999,1.060000,-2.070000,289.839996,75.360001,90893.390625,27.5,108.13,54.105000,PM10,5427
32.779999,55.810001,15.450000,8.030000,0.520000,58.459999,1.430000,-1.810000,290.000000,77.580002,91448.656250,27.5,108.29,52.904999,PM10,5428
29.270000,53.500000,16.350000,7.960000,0.540000,57.889999,1.050000,-1.990000,289.869995,78.949997,91258.492188,27.49,108.44,51.750000,PM10,5429
26.900000,52.080002,16.330000,8.280000,0.570000,54.689999,0.750000,-2.020000,290.299988,77.690002,91746.156250,27.49,108.59,51.040001,PM10,5430
24.070000,50.770000,16.510000,9.390000,0.610000,51.910000,0.770000,-1.630000,291.320007,74.989998,93425.687500,27.48,108.74,50.385002,PM10,5431
22.110001,50.369999,16.639999,10.930000,0.670000,49.509998,0.290000,-1.090000,291.730011,74.849998,94527.492188,27.48,108.9,50.184998,PM10,5432
19.900000,51.430000,20.620001,15.560000,0.760000,44.830002,-0.320000,-0.560000,291.209991,78.139999,94320.960938,27.47,109.05,50.715000,PM10,5433
20.760000,52.000000,19.719999,14.890000,0.780000,42.700001,-0.180000,-0.420000,291.000000,80.029999,94305.429688,27.47,109.2,51.000000,PM10,5434
32.060001,47.820000,8.710000,9.100000,0.560000,72.669998,-0.690000,-0.230000,287.700012,77.290001,85088.742188,27.68,105.38,47.820000,PM10,5560
32.689999,48.849998,8.470000,10.180000,0.560000,71.500000,-0.580000,-0.150000,289.040009,72.620003,86966.859375,27.68,105.54,48.849998,PM10,5561
32.860001,49.730000,8.490000,11.860000,0.560000,70.150002,-0.250000,0.340000,290.429993,69.190002,89171.570312,27.68,105.69,49.730000,PM10,5562
33.689999,51.560001,8.510000,13.660000,0.570000,69.029999,0.100000,0.420000,290.809998,68.949997,89867.492188,27.68,105.84,50.779999,PM10,5563
34.549999,53.830002,8.570000,15.680000,0.580000,68.160004,0.400000,0.250000,291.519989,67.760002,90991.070312,27.67,106.0,51.915001,PM10,5564
36.130001,57.189999,8.690000,18.110001,0.590000,67.099998,0.540000,0.060000,291.600006,68.699997,91342.343750,27.67,106.15,53.595001,PM10,5565
39.040001,62.080002,8.960000,21.450001,0.600000,65.300003,0.540000,-0.330000,290.720001,72.660004,90485.382812,27.67,106.3,56.040001,PM10,5566
42.040001,66.839996,9.130000,26.740000,0.630000,61.650002,0.400000,-1.330000,289.549988,76.160004,88992.328125,27.67,106.45,58.800003,PM2.5,5567
44.639999,70.629997,9.460000,34.230000,0.650000,57.689999,0.370000,-2.270000,289.480011,73.839996,88380.906250,27.67,106.61,62.049999,PM2.5,5568
42.459999,74.860001,9.240000,38.709999,0.770000,54.570000,0.100000,-2.270000,290.579987,69.360001,89604.851562,27.67,106.76,62.430000,PM10,5569
40.169998,71.269997,9.100000,34.520000,0.740000,53.610001,-0.580000,-1.580000,291.309998,67.610001,90941.328125,27.66,106.91,60.634998,PM10,5570
41.439999,62.740002,9.630000,18.549999,0.550000,57.959999,-0.820000,-1.190000,291.309998,67.940002,91522.593750,27.66,107.07,58.049999,PM2.5,5571
43.830002,62.689999,10.970000,15.140000,0.500000,58.720001,-0.550000,-1.410000,290.970001,68.550003,91408.398438,27.66,107.22,61.037502,PM2.5,5572
44.750000,63.380001,12.080000,13.670000,0.490000,58.930000,-0.140000,-1.790000,290.709991,69.690002,91250.929688,27.65,107.37,62.187500,PM2.5,5573
43.820000,63.770000,13.050000,13.180000,0.500000,59.040001,0.060000,-2.180000,290.730011,69.449997,91335.859375,27.65,107.53,61.025002,PM2.5,5574
41.990002,63.020000,13.850000,12.210000,0.500000,59.230000,0.230000,-2.480000,290.440002,70.300003,90982.992188,27.65,107.68,58.737503,PM2.5,5575
40.619999,61.419998,14.660000,10.790000,0.490000,59.799999,0.440000,-2.340000,290.799988,69.559998,91532.859375,27.64,107.83,57.024998,PM2.5,5576
37.799999,60.020000,15.640000,10.110000,0.500000,59.509998,0.610000,-1.570000,291.549988,68.650002,93054.289062,27.64,107.98,55.010002,PM10,5577
33.570000,57.630001,16.620001,9.330000,0.520000,59.740002,0.830000,-0.960000,291.609985,70.410004,93681.929688,27.64,108.14,53.815002,PM10,5578
30.840000,55.419998,16.590000,8.410000,0.530000,59.709999,0.690000,-0.960000,290.529999,76.540001,92602.953125,27.63,108.29,52.709999,PM10,5579
28.000000,53.660000,16.709999,8.200000,0.550000,57.779999,0.780000,-1.970000,289.829987,79.190002,91372.656250,27.63,108.44,51.830002,PM10,5580
25.309999,50.830002,16.570000,8.020000,0.570000,55.520000,0.750000,-1.890000,290.880005,74.769997,92322.390625,27.62,108.6,50.415001,PM10,5581
22.559999,49.139999,16.660000,8.780000,0.610000,52.959999,0.150000,-1.140000,291.750000,72.739998,93790.187500,27.62,108.75,49.139999,PM10,5582
20.870001,49.380001,16.850000,10.080000,0.670000,50.029999,-0.310000,-0.370000,291.809998,74.120003,94575.929688,27.61,108.9,49.380001,PM10,5583
16.020000,49.700001,20.139999,13.270000,0.810000,45.410000,-0.470000,0.200000,291.609985,76.449997,94866.078125,27.61,109.06,49.700001,PM10,5584
18.020000,50.110001,18.620001,12.150000,0.790000,43.549999,-0.260000,0.170000,291.350006,78.680000,94955.789062,27.6,109.21,50.055000,PM10,5585
21.170000,51.040001,16.090000,10.480000,0.750000,43.230000,0.000000,-0.320000,291.390015,79.790001,95802.796875,27.6,109.36,50.520000,PM10,5586
43.720001,69.260002,9.040000,28.990000,0.650000,59.770000,-0.350000,-1.150000,289.529999,74.980003,88821.992188,27.81,106.46,60.900002,PM2.5,5722
46.470001,71.190002,9.080000,29.280001,0.630000,58.849998,0.230000,-1.780000,288.739990,76.550003,87743.171875,27.8,106.61,64.337502,PM2.5,5723
45.450001,72.750000,9.380000,29.629999,0.680000,57.849998,0.590000,-2.240000,289.609985,72.769997,88636.453125,27.8,106.76,63.062500,PM2.5,5724
43.279999,68.220001,9.450000,24.740000,0.630000,58.570000,0.060000,-2.160000,290.940002,68.019997,90318.273438,27.8,106.92,60.349998,PM2.5,5725
43.369999,62.470001,9.520000,15.390000,0.510000,61.290001,-0.680000,-1.700000,291.459991,66.570000,91405.257812,27.8,107.07,60.462498,PM2.5,5726
45.459999,63.180000,10.560000,13.780000,0.490000,61.029999,-0.780000,-1.710000,290.910004,68.629997,91248.820312,27.79,107.22,63.074997,PM2.5,5727
45.880001,63.880001,11.680000,12.950000,0.480000,60.930000,-0.340000,-2.220000,290.510010,69.540001,90729.039062,27.79,107.38,63.600002,PM2.5,5728
44.270000,63.910000,12.770000,12.730000,0.490000,61.130001,0.050000,-2.500000,290.880005,68.010002,91094.093750,27.79,107.53,61.587502,PM2.5,5729
41.520000,62.389999,13.760000,11.640000,0.490000,61.849998,0.290000,-2.160000,291.239990,67.370003,91826.156250,27.78,107.68,58.150002,PM2.5,5730
40.209999,61.020000,14.740000,10.330000,0.480000,62.340000,0.510000,-1.880000,291.600006,67.019997,92671.500000,27.78,107.84,56.512497,PM2.5,5731
36.930000,59.490002,16.000000,9.940000,0.500000,61.500000,0.400000,-1.710000,292.260010,66.019997,93958.226562,27.78,107.99,54.745003,PM10,5732
31.959999,56.410000,17.420000,9.390000,0.520000,61.459999,-0.250000,-1.270000,292.440002,67.180000,94671.226562,27.77,108.14,53.205002,PM10,5733
28.620001,53.860001,17.690001,8.450000,0.530000,61.889999,-0.480000,-1.220000,290.989990,73.949997,93042.640625,27.77,108.3,51.930000,PM10,5734
26.799999,52.590000,17.090000,7.980000,0.550000,58.910000,0.170000,-2.370000,289.559998,78.430000,90584.937500,27.76,108.45,51.294998,PM10,5735
25.330000,50.040001,16.469999,7.260000,0.550000,56.869999,0.320000,-2.750000,290.500000,73.570000,91055.953125,27.76,108.6,50.020000,PM10,5736
22.320000,47.730000,16.490000,7.730000,0.580000,54.580002,-0.690000,-1.850000,292.049988,69.300003,93353.382812,27.76,108.76,47.730000,PM10,5737
20.530001,47.860001,16.790001,8.880000,0.630000,51.169998,-1.430000,-0.290000,292.399994,71.669998,95343.250000,27.75,108.91,47.860001,PM10,5738
16.330000,48.020000,19.350000,11.300000,0.750000,46.340000,-1.390000,0.260000,292.390015,74.389999,96408.218750,27.75,109.06,48.020000,PM10,5739
18.969999,48.580002,16.620001,9.910000,0.710000,44.650002,-1.130000,-0.110000,291.850006,77.089996,96104.773438,27.74,109.21,48.580002,PM10,5740
42.650002,66.440002,9.040000,25.090000,0.640000,62.709999,-0.250000,-0.450000,290.940002,70.160004,90371.023438,27.94,106.31,59.562500,PM2.5,5878
43.900002,67.529999,8.650000,25.160000,0.630000,61.740002,-0.150000,-0.580000,290.529999,70.870003,89997.851562,27.94,106.46,61.125000,PM2.5,5879
45.970001,66.900002,8.330000,19.230000,0.570000,64.400002,0.170000,-0.710000,290.220001,72.209999,89895.750000,27.94,106.61,63.712502,PM2.5,5880
46.009998,66.709999,8.390000,17.959999,0.560000,64.160004,0.280000,-1.640000,289.649994,73.010002,89019.218750,27.94,106.77,63.762497,PM2.5,5881
45.150002,63.910000,8.390000,15.270000,0.520000,64.660004,0.300000,-2.560000,290.049988,69.989998,89187.867188,27.93,106.92,62.687500,PM2.5,5882
44.400002,61.660000,8.780000,13.110000,0.500000,64.699997,-0.160000,-2.430000,291.000000,66.760002,90537.601562,27.93,107.07,61.750000,PM2.5,5883
45.779999,62.119999,9.510000,12.340000,0.480000,64.129997,-0.690000,-1.980000,290.640015,68.410004,90583.273438,27.93,107.23,63.474998,PM2.5,5884
46.290001,63.299999,10.550000,11.860000,0.480000,63.580002,-0.390000,-2.160000,289.850006,70.870003,89722.390625,27.93,107.38,64.112503,PM2.5,5885
44.549999,63.529999,11.670000,11.840000,0.500000,63.630001,0.380000,-2.650000,290.239990,69.580002,90135.789062,27.92,107.53,61.937500,PM2.5,5886
40.900002,61.200001,12.690000,10.820000,0.490000,64.430000,0.540000,-2.640000,291.579987,65.739998,91999.640625,27.92,107.69,57.375000,PM2.5,5887
39.290001,59.810001,13.630000,9.770000,0.480000,64.400002,0.160000,-2.570000,292.070007,65.040001,93141.710938,27.92,107.84,55.362503,PM2.5,5888
36.500000,58.680000,14.940000,9.330000,0.500000,63.590000,-0.170000,-2.900000,291.859985,65.870003,93024.156250,27.91,107.99,54.340000,PM10,5889
32.349998,56.320000,16.809999,9.170000,0.510000,62.500000,-0.450000,-2.720000,291.779999,66.660004,93152.281250,27.91,108.15,53.160000,PM10,5890
27.969999,53.310001,18.040001,8.590000,0.530000,62.340000,-0.670000,-2.000000,291.070007,71.410004,92797.929688,27.9,108.3,51.654999,PM10,5891
26.260000,51.660000,17.290001,7.690000,0.540000,60.310001,-0.460000,-2.340000,289.429993,77.290001,90243.617188,27.9,108.45,50.830002,PM10,5892
27.540001,50.720001,15.950000,6.310000,0.520000,58.209999,0.270000,-3.160000,288.429993,79.000000,88131.671875,27.9,108.61,50.360001,PM10,5893
25.459999,48.560001,15.770000,6.340000,0.530000,55.939999,0.420000,-3.260000,290.269989,72.180000,90184.906250,27.89,108.76,48.560001,PM10,5894
22.370001,46.509998,15.650000,6.900000,0.560000,52.750000,-0.440000,-2.090000,292.380005,67.989998,93840.773438,27.89,108.91,46.509998,PM10,5895
21.209999,47.369999,15.220000,7.570000,0.600000,49.020000,-0.910000,-1.540000,292.160004,71.800003,94816.406250,27.88,109.07,47.369999,PM10,5896
21.180000,48.490002,14.480000,8.330000,0.630000,45.910000,-0.650000,-1.550000,291.489990,75.739998,94549.500000,27.88,109.22,48.490002,PM10,5897
43.189999,61.279999,7.960000,14.690000,0.540000,70.220001,-0.620000,-0.330000,291.589996,67.660004,91397.523438,28.08,106.31,60.237499,PM2.5,6040
43.730000,61.900002,7.830000,14.060000,0.530000,70.230003,-0.410000,-0.440000,291.630005,67.489998,91739.578125,28.08,106.46,60.912498,PM2.5,6041
44.560001,62.560001,7.740000,12.710000,0.520000,70.430000,-0.360000,-1.150000,290.959991,68.519997,90748.578125,28.07,106.61,61.950001,PM2.5,6042
44.259998,62.570000,7.670000,13.510000,0.530000,68.860001,-0.350000,-1.930000,289.739990,70.779999,88822.226562,28.07,106.77,61.574997,PM2.5,6043
44.090000,61.230000,7.660000,12.560000,0.510000,68.660004,0.090000,-2.660000,289.260010,71.050003,88062.203125,28.07,106.92,61.362499,PM2.5,6044
43.349998,58.410000,7.670000,10.430000,0.470000,69.029999,0.170000,-2.660000,290.200012,67.970001,89292.226562,28.07,107.08,60.437500,PM2.5,6045
44.169998,58.720001,8.140000,10.160000,0.460000,68.169998,-0.370000,-2.130000,290.709991,67.279999,90436.109375,28.06,107.23,61.462498,PM2.5,6046
44.779999,60.490002,9.050000,10.030000,0.470000,67.449997,-0.400000,-1.770000,290.220001,69.400002,90283.679688,28.06,107.38,62.224998,PM2.5,6047
43.590000,61.610001,10.020000,10.090000,0.480000,67.040001,0.240000,-2.320000,290.019989,70.480003,90082.382812,28.06,107.54,60.737499,PM2.5,6048
40.169998,60.020000,11.020000,9.640000,0.490000,67.120003,0.500000,-2.940000,290.980011,67.220001,91216.398438,28.06,107.69,56.462498,PM2.5,6049
38.310001,58.549999,12.010000,9.160000,0.480000,66.570000,0.200000,-3.240000,291.459991,65.889999,92093.703125,28.05,107.84,54.275002,PM10,6050
36.250000,57.619999,13.140000,8.650000,0.490000,65.430000,-0.030000,-3.500000,290.989990,67.160004,91635.632812,28.05,108.0,53.809998,PM10,6051
33.450001,55.840000,15.020000,8.370000,0.490000,63.990002,0.050000,-3.290000,290.890015,67.870003,91835.968750,28.04,108.15,52.919998,PM10,6052
29.590000,53.000000,16.660000,7.950000,0.500000,63.320000,-0.130000,-2.320000,291.019989,69.839996,92593.796875,28.04,108.31,51.500000,PM10,6053
27.170000,50.980000,16.959999,7.280000,0.510000,61.860001,-0.450000,-2.100000,289.940002,74.440002,91018.203125,28.04,108.46,50.489998,PM10,6054
27.740000,50.790001,16.520000,6.460000,0.510000,59.009998,0.210000,-2.460000,287.859985,80.750000,87760.617188,28.03,108.61,50.395000,PM10,6055
26.760000,49.939999,16.370001,6.330000,0.520000,55.950001,1.400000,-3.090000,288.420013,78.260002,88161.812500,28.03,108.77,49.939999,PM10,6056
24.250000,47.610001,16.219999,6.640000,0.540000,53.759998,1.300000,-3.150000,290.899994,70.910004,91502.242188,28.02,108.92,47.610001,PM10,6057
22.120001,47.459999,15.580000,7.520000,0.570000,50.000000,0.540000,-2.610000,291.070007,72.959999,92724.117188,28.02,109.07,47.459999,PM10,6058
22.030001,48.480000,14.630000,8.290000,0.600000,47.009998,0.620000,-2.200000,290.420013,77.459999,92578.343750,28.01,109.23,48.480000,PM10,6059
41.000000,56.610001,8.310000,11.420000,0.510000,73.449997,0.100000,-1.240000,292.940002,62.200001,92441.578125,28.22,106.0,57.500000,PM2.5,6210
42.610001,58.520000,7.950000,12.410000,0.510000,72.599998,-0.470000,-1.010000,292.079987,65.459999,91705.523438,28.22,106.15,59.512501,PM2.5,6211
42.770000,58.410000,7.580000,11.110000,0.500000,72.790001,-0.750000,-1.430000,291.790009,65.209999,91200.757812,28.21,106.31,59.712502,PM2.5,6212
43.189999,59.090000,7.470000,10.800000,0.500000,72.879997,-0.650000,-1.770000,291.589996,65.180000,91038.453125,28.21,106.46,60.237499,PM2.5,6213
44.279999,60.750000,7.520000,10.860000,0.510000,72.610001,-0.440000,-2.490000,290.089996,68.279999,88946.453125,28.21,106.62,61.599998,PM2.5,6214
43.959999,60.709999,7.460000,11.620000,0.510000,71.980003,-0.120000,-2.730000,289.119995,71.180000,87733.476562,28.21,106.77,61.199997,PM2.5,6215
43.450001,59.310001,7.490000,11.050000,0.490000,72.050003,0.260000,-2.910000,289.279999,70.480003,88013.476562,28.21,106.92,60.562500,PM2.5,6216
42.889999,56.860001,7.530000,9.270000,0.460000,72.449997,0.320000,-2.820000,290.049988,67.889999,89015.937500,28.2,107.08,59.862499,PM2.5,6217
43.459999,56.840000,7.870000,9.070000,0.450000,71.419998,-0.160000,-2.510000,290.529999,66.839996,89865.906250,28.2,107.23,60.574997,PM2.5,6218
43.919998,58.580002,8.590000,9.120000,0.460000,70.089996,-0.390000,-1.880000,290.399994,68.320000,90374.976562,28.2,107.39,61.149998,PM2.5,6219
42.910000,59.900002,9.460000,9.170000,0.480000,69.559998,-0.050000,-2.130000,290.059998,70.139999,90136.546875,28.19,107.54,59.887501,PM2.5,6220
40.230000,58.970001,10.210000,8.820000,0.480000,69.309998,0.250000,-2.690000,290.380005,68.919998,90497.000000,28.19,107.69,56.537498,PM2.5,6221
38.590000,57.790001,10.940000,8.370000,0.470000,68.739998,0.280000,-2.960000,290.660004,68.120003,91124.390625,28.19,107.85,54.487499,PM2.5,6222
36.270000,56.490002,11.920000,8.010000,0.480000,67.660004,0.290000,-3.130000,290.640015,67.860001,91139.296875,28.18,108.0,53.245003,PM10,6223
33.119999,54.500000,13.860000,7.850000,0.480000,66.010002,0.260000,-2.800000,290.970001,67.230003,92069.437500,28.18,108.16,52.250000,PM10,6224
30.780001,52.820000,16.020000,7.540000,0.480000,64.559998,0.070000,-1.810000,290.850006,69.500000,92440.203125,28.18,108.31,51.410000,PM10,6225
28.330000,51.150002,17.180000,7.040000,0.490000,62.849998,0.030000,-1.600000,289.950012,73.419998,91005.421875,28.17,108.46,50.575001,PM10,6226
27.580000,50.500000,17.629999,6.580000,0.500000,59.520000,0.750000,-1.250000,289.200012,76.279999,89908.140625,28.17,108.62,50.250000,PM10,6227
26.620001,49.509998,17.469999,6.440000,0.510000,56.419998,1.800000,-1.390000,289.549988,75.199997,90251.578125,28.16,108.77,49.509998,PM10,6228
24.879999,48.099998,17.190001,6.780000,0.520000,54.160000,1.980000,-2.090000,290.670013,71.919998,91730.593750,28.16,108.93,48.099998,PM10,6229
22.180000,47.330002,16.500000,7.860000,0.560000,50.799999,1.340000,-1.930000,291.149994,72.559998,93163.726562,28.15,109.08,47.330002,PM10,6230
22.200001,48.169998,15.150000,8.560000,0.580000,47.560001,1.210000,-1.410000,290.149994,77.820000,92538.179688,28.15,109.23,48.169998,PM10,6231
41.580002,57.040001,9.020000,9.910000,0.520000,72.739998,-0.320000,-0.700000,291.970001,65.330002,91060.773438,28.35,105.69,58.225002,PM2.5,6382
42.000000,57.020000,8.780000,9.760000,0.500000,73.639999,0.270000,-1.430000,291.540009,65.360001,90309.671875,28.35,105.85,58.750000,PM2.5,6383
42.750000,58.080002,8.760000,11.850000,0.500000,72.739998,0.190000,-1.650000,291.950012,64.599998,91088.093750,28.35,106.0,59.687500,PM2.5,6384
43.849998,59.180000,8.330000,12.920000,0.500000,71.870003,-0.270000,-2.030000,290.869995,67.690002,89716.453125,28.35,106.16,61.062500,PM2.5,6385
44.200001,59.090000,7.660000,10.070000,0.480000,73.290001,-0.440000,-2.730000,290.109985,68.650002,88582.281250,28.35,106.31,61.500000,PM2.5,6386
44.330002,59.599998,7.510000,10.090000,0.480000,73.919998,-0.380000,-3.050000,290.220001,68.040001,88880.320312,28.35,106.47,61.662502,PM2.5,6387
44.990002,61.240002,7.500000,10.910000,0.500000,73.750000,-0.210000,-3.020000,289.510010,70.750000,88441.062500,28.35,106.62,62.487503,PM2.5,6388
44.910000,60.639999,7.470000,10.760000,0.490000,74.519997,0.090000,-2.910000,288.540009,74.019997,87362.281250,28.34,106.77,62.387501,PM2.5,6389
44.630001,59.669998,7.500000,10.170000,0.470000,74.779999,0.610000,-3.120000,288.649994,73.660004,87492.187500,28.34,106.93,62.037502,PM2.5,6390
43.810001,57.520000,7.550000,8.860000,0.450000,74.580002,0.830000,-3.360000,289.709991,69.300003,88544.210938,28.34,107.08,61.012501,PM2.5,6391
43.400002,56.330002,7.970000,8.670000,0.450000,73.660004,0.270000,-3.070000,290.690002,65.470001,89660.343750,28.34,107.24,60.500000,PM2.5,6392
43.450001,57.459999,8.610000,8.790000,0.450000,71.900002,-0.280000,-2.070000,290.880005,66.250000,90696.976562,28.33,107.39,60.562500,PM2.5,6393
42.910000,58.520000,9.400000,8.530000,0.460000,71.559998,-0.100000,-1.840000,290.309998,69.269997,90408.882812,28.33,107.54,59.887501,PM2.5,6394
40.740002,57.830002,10.090000,8.120000,0.460000,71.419998,0.220000,-2.220000,290.399994,68.919998,90571.843750,28.33,107.7,57.175003,PM2.5,6395
39.389999,57.029999,10.800000,7.700000,0.460000,71.059998,0.300000,-2.340000,290.450012,68.739998,90978.476562,28.32,107.85,55.487499,PM2.5,6396
36.840000,55.990002,11.850000,7.630000,0.470000,70.070000,0.500000,-2.680000,290.420013,67.940002,90805.406250,28.32,108.01,52.995003,PM10,6397
32.689999,53.270000,13.580000,7.520000,0.460000,68.610001,0.390000,-2.620000,291.609985,64.339996,92617.031250,28.32,108.16,51.635002,PM10,6398
30.639999,51.570000,15.790000,7.100000,0.460000,66.720001,0.020000,-1.350000,291.829987,65.769997,93887.023438,28.31,108.31,50.785000,PM10,6399
28.910000,50.459999,17.590000,6.620000,0.460000,65.209999,0.480000,-0.610000,290.920013,69.690002,92520.023438,28.31,108.47,50.230000,PM10,6400
28.150000,49.910000,18.840000,6.480000,0.480000,61.900002,1.440000,-0.440000,290.630005,71.620003,91995.476562,28.3,108.62,49.910000,PM10,6401
21.740000,47.430000,15.950000,9.200000,0.570000,48.110001,1.150000,-0.520000,291.029999,74.930000,93977.968750,28.28,109.24,47.430000,PM10,6405
42.400002,59.299999,9.320000,10.990000,0.560000,70.720001,-0.400000,-0.090000,294.109985,60.259998,94459.273438,28.49,105.7,59.250000,PM2.5,6563
43.099998,59.090000,8.890000,10.060000,0.520000,72.610001,-0.070000,-0.700000,293.079987,62.939999,92963.210938,28.49,105.85,60.125000,PM2.5,6564
44.730000,60.389999,8.670000,11.040000,0.510000,72.760002,-0.450000,-1.230000,292.040009,65.900002,91790.117188,28.49,106.0,62.162498,PM2.5,6565
45.270000,60.799999,8.330000,11.860000,0.500000,72.830002,-0.810000,-1.650000,290.709991,68.870003,89923.609375,28.49,106.16,62.837502,PM2.5,6566
45.860001,61.000000,7.930000,10.340000,0.480000,74.330002,-0.550000,-2.330000,289.350006,71.510002,88087.703125,28.49,106.31,63.575001,PM2.5,6567
45.919998,61.580002,7.660000,10.840000,0.490000,74.680000,-0.050000,-2.710000,289.690002,70.639999,88636.507812,28.48,106.47,63.649998,PM2.5,6568
45.869999,62.680000,7.670000,12.390000,0.500000,74.220001,0.270000,-2.740000,290.079987,69.669998,89402.257812,28.48,106.62,63.587498,PM2.5,6569
45.779999,61.410000,7.700000,12.430000,0.480000,75.629997,0.410000,-2.190000,289.399994,72.589996,88886.046875,28.48,106.78,63.474998,PM2.5,6570
46.230000,61.310001,7.760000,11.560000,0.470000,76.370003,0.800000,-2.260000,288.519989,76.160004,87868.750000,28.48,106.93,64.037498,PM2.5,6571
46.580002,60.470001,7.750000,9.070000,0.460000,76.320000,1.340000,-2.910000,288.329987,75.360001,87113.578125,28.47,107.08,64.475006,PM2.5,6572
45.250000,58.400002,8.200000,8.740000,0.460000,75.040001,1.300000,-2.970000,290.320007,66.959999,89120.031250,28.47,107.24,62.812500,PM2.5,6573
43.240002,57.040001,8.890000,8.750000,0.460000,73.620003,0.450000,-2.190000,291.899994,62.919998,91689.187500,28.47,107.39,60.300003,PM2.5,6574
43.610001,58.029999,9.600000,8.200000,0.460000,73.349998,0.000000,-1.610000,290.890015,67.379997,91154.976562,28.47,107.55,60.762501,PM2.5,6575
41.910000,57.700001,10.340000,7.780000,0.460000,73.430000,0.210000,-2.060000,290.480011,68.269997,90604.320312,28.46,107.7,58.637501,PM2.5,6576
40.509998,56.970001,11.180000,7.440000,0.450000,73.339996,0.270000,-1.950000,290.290009,68.660004,90677.093750,28.46,107.86,56.887497,PM2.5,6577
38.259998,56.150002,12.130000,7.330000,0.460000,72.529999,0.460000,-2.070000,289.799988,69.260002,89997.406250,28.45,108.01,54.074997,PM2.5,6578
34.200001,53.400002,13.610000,7.060000,0.450000,71.489998,0.730000,-2.470000,291.040009,64.970001,91491.890625,28.45,108.17,51.700001,PM10,6579
30.860001,50.540001,15.910000,6.750000,0.440000,69.589996,0.420000,-1.700000,292.690002,61.939999,94596.093750,28.45,108.32,50.270000,PM10,6580
28.180000,48.750000,18.040001,6.540000,0.440000,67.680000,0.440000,-0.150000,292.779999,64.089996,95540.617188,28.44,108.47,48.750000,PM10,6581
21.730000,47.610001,16.750000,9.870000,0.570000,48.459999,1.250000,-0.270000,291.829987,72.779999,95334.140625,28.42,109.24,47.610001,PM10,6586
46.599998,63.020000,8.880000,10.680000,0.530000,72.879997,-0.540000,-0.880000,292.339996,65.330002,92307.046875,28.62,106.01,64.500000,PM2.5,6754
46.250000,62.330002,8.560000,10.820000,0.520000,73.980003,-0.520000,-1.000000,291.649994,66.300003,91363.726562,28.62,106.16,64.062500,PM2.5,6755
45.740002,63.450001,7.930000,14.160000,0.520000,74.430000,0.690000,-1.910000,291.369995,66.370003,91104.476562,28.62,106.62,63.425003,PM2.5,6758
44.990002,61.270000,8.020000,15.640000,0.500000,74.940002,0.750000,-0.980000,291.920013,65.570000,92491.656250,28.61,106.78,62.487503,PM2.5,6759
46.049999,61.660000,8.290000,14.970000,0.480000,76.070000,0.950000,-0.450000,290.750000,69.980003,91167.210938,28.61,106.93,63.812500,PM2.5,6760
48.389999,62.610001,8.500000,9.940000,0.470000,77.879997,1.590000,-1.280000,288.720001,75.870003,88022.953125,28.61,107.09,66.737503,PM2.5,6761
48.250000,62.230000,9.000000,9.510000,0.480000,75.830002,1.920000,-1.940000,289.459991,70.930000,88279.210938,28.61,107.24,66.562500,PM2.5,6762
44.630001,58.770000,9.610000,9.100000,0.470000,75.279999,1.280000,-2.050000,291.779999,63.110001,91344.812500,28.6,107.4,62.037502,PM2.5,6763
44.349998,58.049999,9.990000,8.060000,0.460000,75.199997,0.380000,-1.430000,291.149994,65.949997,91219.601562,28.6,107.55,61.687500,PM2.5,6764
43.180000,58.160000,10.860000,7.730000,0.450000,75.440002,0.270000,-1.650000,290.369995,67.830002,90249.710938,28.6,107.71,60.224998,PM2.5,6765
41.080002,56.779999,11.840000,7.500000,0.450000,75.629997,0.380000,-1.660000,290.630005,67.010002,91064.476562,28.59,107.86,57.600002,PM2.5,6766
39.090000,55.240002,12.240000,6.870000,0.440000,75.430000,0.400000,-1.770000,290.220001,67.910004,90733.843750,28.59,108.02,55.112499,PM2.5,6767
36.049999,53.369999,13.320000,6.490000,0.430000,74.080002,0.940000,-2.190000,290.420013,66.620003,90836.382812,28.59,108.17,51.684998,PM10,6768
32.520000,51.160000,16.230000,6.600000,0.430000,72.599998,1.110000,-2.250000,292.040009,63.119999,93419.000000,28.58,108.32,50.580002,PM10,6769
28.240000,48.450001,18.940001,6.720000,0.440000,71.370003,0.640000,-0.870000,292.989990,62.709999,95585.062500,28.58,108.48,48.450001,PM10,6770
46.509998,62.500000,8.950000,16.629999,0.500000,74.769997,0.410000,0.180000,291.950012,67.230003,93122.296875,28.75,106.94,64.387497,PM2.5,6953
49.439999,63.869999,9.650000,11.140000,0.480000,77.489998,1.340000,-1.110000,289.989990,72.110001,89837.179688,28.75,107.09,68.049995,PM2.5,6954
49.599998,63.709999,10.050000,10.310000,0.490000,76.779999,1.830000,-1.920000,290.019989,69.010002,89095.726562,28.74,107.25,68.250000,PM2.5,6955
46.330002,59.990002,10.390000,9.450000,0.480000,77.260002,1.200000,-2.350000,291.489990,63.520000,90960.273438,28.74,107.4,64.162506,PM2.5,6956
45.279999,58.150002,10.710000,8.120000,0.450000,77.790001,0.340000,-1.150000,291.230011,65.099998,91189.351562,28.74,107.56,62.849998,PM2.5,6957
44.259998,57.959999,11.530000,7.700000,0.450000,77.849998,0.040000,-0.960000,290.529999,66.959999,90507.367188,28.73,107.71,61.574997,PM2.5,6958
42.130001,56.439999,12.070000,7.260000,0.440000,77.559998,0.200000,-2.040000,290.619995,65.690002,90608.312500,28.73,107.86,58.912502,PM2.5,6959
39.369999,54.279999,12.250000,6.570000,0.430000,77.730003,0.290000,-2.540000,290.989990,64.320000,91068.328125,28.73,108.02,55.462498,PM2.5,6960
36.020000,52.389999,13.430000,6.310000,0.410000,76.470001,0.600000,-2.140000,291.480011,63.630001,92353.539062,28.72,108.17,51.275002,PM2.5,6961
33.820000,51.840000,16.670000,6.560000,0.420000,74.970001,1.050000,-2.080000,291.540009,64.970001,93134.343750,28.72,108.33,50.919998,PM10,6962
50.049999,64.550003,10.730000,13.790000,0.490000,74.199997,0.770000,-2.260000,289.440002,72.300003,88603.398438,28.88,107.09,68.812500,PM2.5,7153
46.169998,58.939999,10.810000,10.140000,0.460000,78.089996,1.190000,-3.510000,291.570007,61.939999,90633.101562,28.88,107.4,63.962498,PM2.5,7155
44.799999,57.389999,11.300000,8.690000,0.450000,79.779999,0.610000,-1.920000,291.890015,62.160000,91571.929688,28.87,107.56,62.250000,PM2.5,7156
44.290001,56.799999,11.690000,7.600000,0.430000,79.570000,-0.230000,-1.780000,290.989990,64.199997,90519.101562,28.87,107.71,61.612503,PM2.5,7157
43.410000,56.049999,11.750000,6.730000,0.420000,78.790001,-0.150000,-2.790000,289.929993,66.389999,89149.781250,28.87,107.87,60.512501,PM2.5,7158
40.799999,54.709999,12.070000,6.220000,0.420000,78.709999,0.630000,-2.830000,290.529999,65.190002,90103.640625,28.86,108.02,57.250000,PM2.5,7159
36.270000,51.889999,13.460000,6.270000,0.410000,77.660004,0.790000,-2.030000,292.269989,61.919998,93126.593750,28.86,108.18,51.587502,PM2.5,7160
34.380001,51.110001,16.959999,6.760000,0.400000,76.190002,0.340000,-1.740000,291.839996,64.599998,93518.976562,28.85,108.33,50.555000,PM10,7161
48.290001,60.689999,11.670000,11.220000,0.460000,78.160004,2.020000,-3.950000,289.510010,69.129997,88342.117188,29.01,107.41,66.612503,PM2.5,7357
46.000000,57.689999,11.560000,8.830000,0.440000,80.389999,1.480000,-3.570000,290.480011,65.370003,89236.812500,29.01,107.56,63.750000,PM2.5,7358
45.150002,56.790001,11.780000,7.850000,0.430000,79.900002,0.360000,-3.520000,290.010010,66.120003,88666.203125,29.0,107.72,62.687500,PM2.5,7359
41.680000,55.029999,12.230000,6.770000,0.420000,78.709999,1.510000,-2.130000,290.579987,66.230003,90630.757812,29.0,108.03,58.349998,PM2.5,7361
38.119999,52.970001,13.590000,6.520000,0.400000,78.139999,1.470000,-1.800000,291.510010,63.919998,91774.023438,28.99,108.18,53.899998,PM2.5,7362
50.500000,63.000000,13.270000,12.860000,0.470000,77.150002,1.500000,-2.320000,288.579987,74.790001,88021.843750,29.15,107.41,69.375000,PM2.5,7575
49.470001,60.869999,12.590000,9.690000,0.440000,79.529999,1.740000,-3.260000,287.859985,74.760002,86371.960938,29.14,107.57,68.087502,PM2.5,7576
46.950001,58.040001,12.600000,8.680000,0.430000,79.220001,1.670000,-3.190000,289.410004,68.570000,88172.953125,29.14,107.72,64.937500,PM2.5,7577
