PM2.5(微克每立方米),PM10(微克每立方米),SO2(微克每立方米),NO2(微克每立方米),CO(毫克每立方米),O3(微克每立方米),U(m/s),V(m/s),TEMP(K),RH(%),PSFC(Pa),lat,lon,AQI,Major pollutants,id
18.430000,27.510000,6.150000,7.680000,0.520000,51.090000,-1.040000,-0.330000,295.519989,86.529999,101341.062500,20.3,110.04,27.510000,PM10,155
17.940001,26.740000,8.070000,10.490000,0.620000,44.110001,-0.910000,-0.100000,295.769989,85.800003,101093.773438,20.3,110.18,26.740000,PM10,156
19.070000,28.500000,9.500000,13.080000,0.620000,43.090000,-1.300000,0.030000,295.649994,86.970001,101123.117188,20.29,110.32,28.500000,PM10,157
18.309999,26.360001,5.850000,8.230000,0.670000,45.810001,-1.120000,-0.100000,295.369995,86.290001,100894.007812,20.43,110.05,26.360001,PM10,158
17.770000,25.490000,6.540000,9.730000,0.730000,41.040001,-1.010000,0.120000,295.329987,86.330002,100358.187500,20.43,110.19,25.490000,PM10,159
18.090000,26.020000,6.380000,10.070000,0.680000,41.169998,-0.980000,-0.080000,295.320007,87.360001,100544.992188,20.42,110.33,26.020000,PM10,160
18.170000,26.730000,4.670000,7.420000,0.510000,51.590000,-1.640000,-0.420000,295.250000,89.410004,101240.367188,20.41,110.47,26.730000,PM10,161
19.420000,27.520000,5.000000,6.780000,0.680000,49.580002,-1.210000,-0.200000,295.149994,85.500000,100934.039062,20.57,109.91,27.742857,PM2.5,162
18.299999,25.410000,5.440000,7.870000,0.780000,44.110001,-1.070000,0.000000,295.160004,85.809998,100354.796875,20.57,110.05,26.142857,PM2.5,163
18.540001,25.860001,5.740000,8.960000,0.760000,41.980000,-1.190000,-0.100000,294.929993,87.279999,100065.523438,20.56,110.2,26.485716,PM2.5,164
18.629999,26.500000,5.260000,8.570000,0.660000,44.090000,-1.580000,-0.410000,294.760010,89.760002,100618.687500,20.55,110.34,26.614285,PM2.5,165
18.139999,26.850000,3.760000,5.650000,0.470000,58.009998,-1.960000,-0.740000,294.660004,91.860001,101323.757812,20.55,110.48,26.850000,PM10,166
20.709999,29.110001,4.760000,6.740000,0.690000,50.799999,-1.300000,-0.710000,294.730011,85.070000,101357.578125,20.71,109.78,29.585712,PM2.5,167
18.139999,25.160000,5.000000,7.190000,0.840000,43.560001,-1.250000,-0.540000,295.049988,84.309998,100980.492188,20.71,109.92,25.914286,PM2.5,168
18.010000,24.709999,5.180000,7.900000,0.890000,41.570000,-1.160000,-0.630000,295.000000,85.320000,100677.476562,20.7,110.06,25.728571,PM2.5,169
18.590000,26.219999,5.260000,8.330000,0.760000,44.910000,-1.600000,-0.880000,294.820007,87.629997,100746.796875,20.69,110.2,26.557142,PM2.5,170
19.690001,27.440001,4.910000,7.110000,0.820000,45.779999,-1.400000,-1.130000,294.480011,84.099998,101363.210938,20.85,109.78,28.128572,PM2.5,171
17.860001,24.330000,5.030000,7.650000,0.980000,38.950001,-1.380000,-0.980000,294.769989,83.860001,101255.421875,20.84,109.92,25.514286,PM2.5,172
18.240000,24.879999,5.140000,8.130000,0.960000,39.549999,-1.450000,-1.230000,294.859985,84.730003,101288.023438,20.83,110.07,26.057142,PM2.5,173
18.330000,26.090000,5.220000,8.060000,0.740000,46.080002,-1.780000,-1.570000,294.790009,86.720001,101388.429688,20.83,110.21,26.185715,PM2.5,174
19.799999,27.410000,5.080000,7.620000,0.890000,43.270000,-1.610000,-1.330000,294.179993,84.050003,101301.718750,20.98,109.79,28.285713,PM2.5,175
18.350000,24.780001,5.160000,8.200000,1.060000,36.349998,-1.570000,-1.150000,294.429993,84.150002,101265.617188,20.97,109.93,26.499998,CO,176
18.730000,25.980000,5.390000,8.890000,1.040000,35.400002,-1.840000,-1.290000,294.510010,84.830002,101376.148438,20.97,110.07,26.757143,PM2.5,177
20.120001,27.610001,5.440000,8.450000,0.950000,38.869999,-1.940000,-1.380000,293.779999,84.430000,101282.742188,21.11,109.79,28.742859,PM2.5,178
18.959999,25.170000,5.620000,9.220000,1.100000,31.209999,-1.910000,-1.070000,294.000000,84.320000,101185.679688,21.11,109.94,27.500000,CO,179
19.209999,26.080000,6.070000,9.970000,1.070000,28.879999,-1.800000,-1.300000,294.160004,84.339996,101186.390625,21.1,110.08,27.442856,PM2.5,180
19.690001,27.930000,8.040000,12.850000,0.980000,24.629999,-2.040000,-1.250000,294.320007,84.790001,101286.710938,21.09,110.22,28.128572,PM2.5,181
21.129999,29.430000,6.050000,9.320000,0.930000,35.990002,-2.160000,-1.570000,293.410004,84.690002,101377.781250,21.25,109.8,30.185713,PM2.5,185
19.770000,26.430000,6.420000,10.150000,1.080000,28.639999,-2.020000,-0.960000,293.630005,84.580002,101214.296875,21.24,109.94,28.242857,PM2.5,186
20.010000,26.750000,6.980000,11.810000,1.150000,21.209999,-2.020000,-1.360000,293.670013,84.989998,101090.117188,21.23,110.09,28.750000,CO,187
20.799999,28.379999,9.290000,15.260000,1.100000,16.090000,-1.910000,-1.460000,293.750000,85.639999,101135.968750,21.23,110.23,29.714285,PM2.5,188
20.590000,28.690001,8.990000,14.900000,0.990000,16.670000,-1.730000,-1.520000,293.899994,85.930000,101330.187500,21.22,110.37,29.414286,PM2.5,189
19.629999,28.030001,6.010000,10.030000,0.810000,27.850000,-1.880000,-1.610000,294.040009,85.860001,101471.507812,21.21,110.52,28.042856,PM2.5,190
20.360001,27.250000,7.490000,12.190000,1.120000,21.780001,-2.230000,-1.340000,293.220001,84.099998,101288.976562,21.37,109.95,29.085714,PM2.5,195
20.629999,27.480000,8.180000,14.410000,1.240000,14.700000,-2.100000,-1.580000,293.239990,84.760002,101239.117188,21.37,110.09,31.000000,CO,196
21.459999,29.040001,10.480000,17.760000,1.180000,12.260000,-1.960000,-1.700000,293.309998,85.500000,101287.093750,21.36,110.24,30.657141,PM2.5,197
21.469999,29.660000,10.210000,17.240000,1.100000,11.740000,-1.830000,-1.950000,293.350006,86.139999,101368.882812,21.35,110.38,30.671427,PM2.5,198
21.360001,29.990000,7.390000,13.090000,0.990000,18.350000,-1.740000,-2.140000,293.500000,85.790001,101422.203125,21.35,110.52,30.514286,PM2.5,199
21.350000,32.070000,7.110000,12.570000,0.900000,20.910000,-2.060000,-2.460000,293.519989,86.279999,101468.656250,21.34,110.67,32.070000,PM10,200
21.379999,28.280001,7.860000,13.760000,1.150000,19.340000,-2.640000,-1.690000,292.700012,83.870003,101348.093750,21.51,109.81,30.542856,PM2.5,214
21.370001,28.480000,8.520000,14.830000,1.230000,13.660000,-2.490000,-1.790000,292.510010,85.110001,101271.960938,21.51,109.96,30.750000,CO,215
20.930000,28.290001,8.800000,15.700000,1.260000,11.470000,-2.180000,-1.890000,292.609985,85.349998,101337.546875,21.5,110.1,31.500000,CO,216
21.580000,29.639999,10.030000,17.120001,1.200000,10.980000,-2.050000,-1.950000,292.649994,85.809998,101362.093750,21.49,110.24,30.828571,PM2.5,217
22.110001,30.860001,9.780000,16.850000,1.150000,10.330000,-1.930000,-2.140000,292.609985,86.290001,101307.218750,21.49,110.39,31.585714,PM2.5,218
22.660000,31.690001,8.370000,15.490000,1.120000,12.990000,-1.820000,-2.380000,292.700012,86.320000,101331.921875,21.48,110.53,32.371429,PM2.5,219
22.530001,32.930000,9.090000,16.500000,1.040000,13.480000,-1.730000,-2.560000,292.829987,86.599998,101399.781250,21.47,110.67,32.930000,PM10,220
21.049999,32.910000,10.480000,17.930000,0.940000,13.910000,-1.760000,-2.440000,293.130005,86.300003,101404.382812,21.47,110.82,32.910000,PM10,221
19.559999,32.759998,9.520000,16.709999,0.820000,18.969999,-2.120000,-2.110000,293.369995,86.730003,101405.640625,21.46,110.96,32.759998,PM10,222
20.480000,27.180000,9.340000,16.940001,1.310000,10.430000,-2.370000,-2.150000,292.000000,85.180000,101276.453125,21.64,109.96,32.750000,CO,251
20.610001,28.340000,9.170000,16.600000,1.260000,11.370000,-2.030000,-2.160000,292.059998,85.400002,101259.671875,21.63,110.11,31.500000,CO,252
21.010000,29.540001,9.440000,16.680000,1.180000,12.090000,-1.940000,-2.050000,292.079987,85.989998,101184.953125,21.63,110.25,30.014286,PM2.5,253
21.780001,30.920000,9.390000,17.049999,1.150000,11.760000,-1.940000,-2.140000,292.040009,86.949997,101095.828125,21.62,110.39,31.114286,PM2.5,254
22.870001,32.189999,9.640000,18.350000,1.170000,10.800000,-1.800000,-2.330000,292.140015,86.889999,101202.273438,21.61,110.54,32.671429,PM2.5,255
22.840000,33.189999,11.510000,20.889999,1.130000,8.850000,-1.630000,-2.400000,292.359985,86.400002,101360.960938,21.61,110.68,33.189999,PM10,256
22.299999,33.490002,13.500000,23.180000,1.100000,7.670000,-1.560000,-2.270000,292.600006,86.620003,101401.773438,21.6,110.83,33.490002,PM10,257
21.400000,32.730000,12.080000,22.379999,1.030000,9.310000,-1.740000,-1.770000,293.029999,86.150002,101400.460938,21.59,110.97,32.730000,PM10,258
21.940001,33.099998,9.530000,21.580000,1.030000,11.810000,-2.070000,-1.440000,292.970001,87.989998,100949.468750,21.58,111.11,33.099998,PM10,259
22.629999,34.110001,8.860000,22.940001,0.990000,11.880000,-2.140000,-2.050000,292.630005,89.190002,100795.851562,21.58,111.26,34.110001,PM10,260
21.850000,33.430000,8.810000,24.459999,0.940000,15.170000,-2.280000,-3.420000,292.540009,87.669998,101518.476562,21.57,111.4,33.430000,PM10,261
23.920000,37.459999,10.000000,27.790001,0.880000,16.209999,-2.580000,-4.350000,291.929993,89.080002,101485.281250,21.56,111.54,37.459999,PM10,262
20.200001,27.070000,10.070000,17.350000,1.280000,11.560000,-1.960000,-2.510000,291.290009,86.309998,100741.593750,21.77,109.97,32.000000,CO,295
20.080000,28.010000,9.700000,17.350000,1.230000,12.210000,-1.710000,-2.210000,291.549988,85.820000,100999.718750,21.77,110.11,30.750000,CO,296
20.100000,28.930000,9.740000,17.379999,1.140000,13.010000,-1.850000,-1.990000,291.700012,85.860001,101062.187500,21.76,110.26,28.930000,PM10,297
20.650000,29.990000,9.870000,17.790001,1.110000,12.830000,-1.880000,-1.910000,291.750000,86.360001,101014.570312,21.75,110.4,29.990000,PM10,298
21.469999,30.830000,10.220000,19.219999,1.120000,11.940000,-1.790000,-2.030000,291.869995,86.470001,101164.500000,21.75,110.55,30.830000,PM10,299
21.580000,31.709999,11.610000,21.059999,1.100000,11.100000,-1.690000,-2.160000,292.140015,86.099998,101346.500000,21.74,110.69,31.709999,PM10,300
21.420000,32.040001,12.940000,23.170000,1.090000,9.820000,-1.480000,-2.110000,292.380005,86.540001,101314.421875,21.73,110.83,32.040001,PM10,301
20.100000,30.150000,11.260000,22.549999,1.040000,11.890000,-1.530000,-1.610000,293.049988,85.690002,101349.742188,21.73,110.98,30.150000,PM10,302
19.309999,28.850000,9.080000,22.010000,1.020000,15.940000,-2.110000,-0.980000,293.489990,86.000000,101305.437500,21.72,111.12,28.850000,PM10,303
21.040001,30.450001,8.410000,23.969999,1.040000,14.160000,-2.480000,-1.300000,292.859985,89.239998,100233.453125,21.71,111.26,30.450001,PM10,304
23.809999,33.349998,8.660000,27.740000,1.110000,9.910000,-2.130000,-2.820000,291.959991,91.559998,99782.421875,21.7,111.41,34.674999,NO2,305
23.879999,34.070000,9.550000,32.259998,1.070000,7.990000,-1.750000,-4.180000,291.100006,90.870003,100570.890625,21.69,111.55,40.324997,NO2,306
23.820000,35.439999,10.470000,35.099998,1.010000,9.410000,-1.060000,-3.980000,290.390015,90.720001,100780.609375,21.69,111.7,43.875000,NO2,307
30.219999,45.779999,10.400000,21.209999,0.600000,49.340000,-2.140000,-4.110000,292.519989,93.449997,101441.367188,21.63,112.56,45.779999,PM10,308
19.230000,27.360001,10.080000,17.010000,1.190000,13.760000,-1.440000,-2.020000,291.160004,85.870003,100745.539062,21.9,110.12,29.750002,CO,344
18.889999,27.920000,9.750000,16.639999,1.080000,14.830000,-1.730000,-1.850000,291.540009,84.980003,101024.296875,21.89,110.27,27.920000,PM10,345
19.219999,28.600000,9.760000,17.059999,1.040000,14.500000,-1.780000,-1.690000,291.649994,85.510002,101034.289062,21.89,110.41,28.600000,PM10,346
19.440001,28.760000,9.640000,18.020000,1.030000,14.750000,-1.830000,-1.660000,291.839996,85.650002,101206.226562,21.88,110.55,28.760000,PM10,347
19.540001,29.190001,10.050000,19.330000,1.030000,14.350000,-1.960000,-1.790000,292.079987,85.500000,101310.359375,21.87,110.7,29.190001,PM10,348
19.620001,29.320000,10.030000,20.200001,1.030000,14.640000,-1.920000,-1.650000,292.369995,85.970001,101231.257812,21.87,110.84,29.320000,PM10,349
19.340000,28.540001,8.910000,19.760000,0.980000,18.219999,-2.020000,-1.270000,292.739990,86.709999,100473.750000,21.86,110.99,28.540001,PM10,350
20.059999,29.080000,8.040000,20.610001,0.980000,18.459999,-2.260000,-1.000000,292.769989,88.129997,99729.242188,21.85,111.13,29.080000,PM10,351
23.040001,31.980000,8.030000,22.990000,1.010000,14.630000,-2.220000,-0.820000,291.709991,91.970001,98321.578125,21.84,111.27,32.914288,PM2.5,352
27.129999,36.380001,8.420000,27.740000,1.120000,9.240000,-1.270000,-1.240000,290.410004,95.790001,97430.250000,21.84,111.42,38.757141,PM2.5,353
24.549999,33.840000,9.000000,32.619999,1.140000,7.840000,-0.560000,-3.010000,290.489990,91.940002,99742.093750,21.83,111.56,40.774998,NO2,354
22.840000,33.029999,9.440000,37.500000,1.120000,6.090000,-0.690000,-3.790000,290.600006,88.410004,101399.546875,21.82,111.7,46.875000,NO2,355
23.389999,34.680000,9.000000,40.049999,1.090000,5.360000,-0.700000,-4.020000,290.380005,88.949997,101258.226562,21.81,111.85,50.062500,NO2,356
23.469999,36.360001,9.180000,40.520000,1.020000,9.950000,-1.840000,-4.010000,290.730011,89.089996,101549.218750,21.8,111.99,50.650002,NO2,357
29.070000,44.639999,11.630000,40.090000,1.010000,14.300000,-2.350000,-4.350000,290.239990,92.760002,100256.828125,21.78,112.28,50.112499,NO2,358
28.590000,44.080002,9.420000,26.010000,0.720000,40.240002,-1.760000,-4.660000,291.769989,92.779999,101275.132812,21.77,112.57,44.080002,PM10,359
30.129999,46.540001,12.260000,25.200001,0.580000,55.270000,-2.070000,-3.690000,292.190002,94.860001,101122.460938,21.75,112.85,46.540001,PM10,360
18.270000,27.510000,9.770000,16.500000,0.990000,15.900000,-1.580000,-1.790000,291.470001,85.010002,100913.703125,22.02,110.42,27.510000,PM10,397
18.139999,27.240000,9.320000,17.370001,0.970000,16.840000,-1.720000,-1.410000,291.750000,85.110001,101054.789062,22.01,110.56,27.240000,PM10,398
17.959999,27.219999,9.370000,18.530001,0.970000,15.990000,-1.890000,-1.450000,291.929993,85.139999,101061.179688,22.01,110.71,27.219999,PM10,399
17.660000,26.830000,9.120000,19.260000,0.980000,16.809999,-2.000000,-1.130000,292.540009,84.339996,101179.429688,22.0,110.85,26.830000,PM10,400
18.840000,27.590000,8.280000,18.740000,0.950000,20.360001,-2.450000,-0.290000,292.470001,86.739998,99726.367188,21.99,110.99,27.590000,PM10,401
22.250000,30.959999,7.780000,20.160000,0.960000,18.520000,-1.880000,-0.350000,291.140015,92.459999,97343.796875,21.99,111.14,31.785715,PM2.5,402
25.350000,33.849998,8.040000,21.760000,1.000000,15.370000,-0.710000,-1.120000,290.329987,92.959999,97420.859375,21.98,111.28,36.214287,PM2.5,403
24.760000,33.180000,8.350000,24.420000,1.030000,13.530000,-0.500000,-1.270000,290.489990,91.580002,98919.882812,21.97,111.43,35.371429,PM2.5,404
22.420000,31.360001,8.930000,32.299999,1.130000,9.730000,-0.520000,-2.630000,290.609985,89.099998,100476.937500,21.96,111.57,40.375000,NO2,405
20.950001,30.270000,9.180000,38.000000,1.150000,6.990000,-0.660000,-3.920000,290.769989,86.449997,101499.070312,21.95,111.71,47.500000,NO2,406
21.959999,31.600000,8.410000,41.400002,1.150000,3.780000,-1.040000,-4.080000,290.470001,87.790001,101268.750000,21.94,111.86,51.750000,NO2,407
22.389999,32.509998,7.920000,43.549999,1.110000,3.710000,-2.000000,-3.580000,290.359985,88.559998,101163.796875,21.94,112.0,54.437500,NO2,408
23.389999,34.389999,7.940000,46.200001,1.120000,2.160000,-2.970000,-4.150000,289.579987,89.419998,101141.593750,21.93,112.15,57.750000,NO2,409
25.959999,39.029999,9.280000,48.080002,1.130000,1.910000,-2.360000,-4.820000,288.839996,91.940002,100777.578125,21.92,112.29,60.100002,NO2,410
27.320000,40.180000,8.050000,44.259998,1.010000,9.390000,-1.450000,-5.320000,289.149994,92.769997,100659.882812,21.91,112.43,55.324997,NO2,411
28.910000,43.020000,8.970000,35.080002,0.840000,25.219999,-1.280000,-4.860000,290.179993,93.139999,100688.398438,21.9,112.58,43.850002,NO2,412
26.969999,44.680000,9.550000,34.410000,0.770000,45.779999,-2.070000,-4.140000,291.619995,95.139999,101313.710938,21.87,113.01,44.680000,PM10,413
26.250000,43.860001,10.060000,31.620001,0.750000,53.150002,-1.750000,-3.450000,291.510010,95.370003,101391.109375,21.86,113.15,43.860001,PM10,414
18.070000,27.170000,9.780000,16.490000,0.960000,16.750000,-1.270000,-2.090000,290.809998,86.480003,100216.640625,22.16,110.42,27.170000,PM10,456
17.610001,26.490000,9.060000,17.299999,0.930000,17.299999,-1.400000,-1.410000,291.339996,85.849998,100471.921875,22.15,110.57,26.490000,PM10,457
16.830000,25.690001,8.930000,18.080000,0.930000,17.180000,-1.830000,-1.440000,291.670013,84.889999,100806.382812,22.14,110.71,25.690001,PM10,458
16.450001,25.080000,8.600000,18.610001,0.930000,18.559999,-2.450000,-1.100000,292.279999,83.870003,100948.609375,22.13,110.86,25.080000,PM10,459
18.360001,26.459999,7.920000,17.910000,0.900000,22.410000,-3.030000,-0.030000,291.970001,87.029999,99207.960938,22.13,111.0,26.459999,PM10,460
23.000000,31.100000,7.630000,18.740000,0.930000,20.440001,-1.980000,-0.350000,290.309998,93.800003,96705.867188,22.12,111.15,32.857143,PM2.5,461
24.850000,32.560001,7.870000,20.469999,0.960000,18.010000,-0.430000,-2.250000,290.089996,92.800003,97389.617188,22.11,111.29,35.500000,PM2.5,462
22.750000,30.420000,8.200000,23.480000,0.990000,16.709999,-0.090000,-2.870000,290.859985,89.160004,99532.117188,22.1,111.43,32.500000,PM2.5,463
21.020000,29.500000,8.690000,31.420000,1.120000,10.720000,-0.320000,-3.370000,290.820007,87.919998,100442.046875,22.1,111.58,39.275002,NO2,464
20.090000,29.170000,8.920000,37.820000,1.140000,7.030000,-0.790000,-4.160000,290.410004,87.470001,100827.039062,22.09,111.72,47.275002,NO2,465
21.020000,30.500000,8.060000,40.529999,1.140000,4.870000,-1.060000,-4.310000,290.170013,88.830002,100557.929688,22.08,111.87,50.662498,NO2,466
21.990000,31.490000,6.990000,41.900002,1.110000,3.660000,-1.450000,-3.630000,290.390015,89.730003,100140.882812,22.07,112.01,52.375000,NO2,467
22.170000,32.360001,6.960000,44.439999,1.130000,1.830000,-1.980000,-4.020000,289.940002,89.769997,100585.593750,22.06,112.16,55.549999,NO2,468
22.320000,33.959999,7.610000,44.080002,1.180000,1.750000,-1.830000,-5.340000,288.890015,89.989998,101217.320312,22.05,112.3,55.100002,NO2,469
24.820000,37.080002,7.460000,45.360001,1.090000,3.750000,-1.260000,-5.290000,288.600006,91.750000,101047.632812,22.04,112.44,56.700001,NO2,470
27.520000,40.330002,7.630000,42.250000,0.950000,13.450000,-1.030000,-4.780000,289.079987,93.709999,100717.179688,22.03,112.59,52.812500,NO2,471
28.410000,41.959999,8.260000,38.849998,0.870000,23.049999,-1.220000,-4.040000,289.850006,93.620003,100806.976562,22.02,112.73,48.562500,NO2,472
29.559999,44.730000,9.240000,36.540001,0.860000,29.500000,-1.480000,-4.150000,290.320007,92.669998,101089.570312,22.01,112.88,45.675003,NO2,473
23.850000,38.770000,7.150000,29.870001,0.700000,61.180000,-2.440000,-1.620000,291.899994,97.500000,101445.281250,21.95,113.74,38.770000,PM10,474
16.340000,24.830000,8.840000,17.799999,0.900000,18.370001,-1.700000,-1.920000,291.079987,85.809998,100201.937500,22.28,110.72,24.830000,PM10,520
15.850000,23.940001,8.610000,18.090000,0.890000,20.610001,-2.620000,-1.270000,291.470001,84.820000,100024.242188,22.27,110.87,23.940001,PM10,521
18.040001,25.299999,8.110000,17.580000,0.870000,24.639999,-3.050000,0.220000,290.910004,89.769997,97804.781250,22.26,111.01,25.771429,PM2.5,522
23.850000,31.610001,7.670000,18.870001,0.920000,19.870001,-1.780000,0.410000,289.209991,96.849998,94684.492188,22.25,111.15,34.071430,PM2.5,523
26.059999,33.630001,8.120000,21.230000,0.970000,16.410000,-0.220000,-0.940000,288.829987,96.660004,94670.156250,22.24,111.3,37.228569,PM2.5,524
24.969999,32.540001,8.500000,23.260000,0.990000,16.110001,0.480000,-2.160000,289.410004,93.930000,96665.179688,22.24,111.44,35.671429,PM2.5,525
22.930000,31.430000,9.000000,30.420000,1.130000,8.450000,0.750000,-3.280000,289.690002,91.449997,98264.937500,22.23,111.59,38.025002,NO2,526
20.209999,29.330000,9.060000,37.810001,1.140000,4.950000,-0.130000,-4.070000,289.940002,88.320000,100090.109375,22.22,111.73,47.262501,NO2,527
20.549999,30.120001,7.990000,39.610001,1.130000,4.380000,-1.490000,-3.720000,289.720001,89.750000,100190.132812,22.21,111.88,49.512501,NO2,528
22.590000,32.299999,7.130000,40.750000,1.110000,4.100000,-1.670000,-3.110000,289.630005,92.449997,98654.937500,22.2,112.02,50.937500,NO2,529
22.830000,33.259998,7.310000,43.200001,1.160000,2.600000,-0.810000,-3.960000,289.170013,92.320000,99031.898438,22.19,112.17,54.000000,NO2,530
20.660000,32.400002,8.070000,41.820000,1.190000,2.340000,-0.530000,-5.500000,288.769989,90.019997,100911.492188,22.18,112.31,52.275002,NO2,531
22.379999,34.860001,8.340000,41.520000,1.130000,3.940000,-0.620000,-5.460000,288.480011,89.980003,101503.570312,22.18,112.45,51.900002,NO2,532
25.320000,37.910000,7.980000,44.200001,1.050000,5.440000,-0.650000,-4.860000,288.640015,92.309998,101250.703125,22.17,112.6,55.250000,NO2,533
26.900000,39.509998,7.720000,45.830002,1.000000,10.360000,-1.510000,-3.800000,289.339996,94.110001,100685.312500,22.16,112.74,57.287502,NO2,534
29.520000,43.439999,8.340000,43.110001,0.990000,16.650000,-1.700000,-4.180000,289.440002,94.680000,100296.718750,22.15,112.89,53.887501,NO2,535
28.920000,43.910000,8.980000,39.770000,0.960000,31.049999,-1.080000,-3.940000,290.070007,94.150002,101443.632812,22.13,113.17,49.712502,NO2,536
29.070000,42.770000,7.820000,39.090000,0.940000,37.150002,-1.180000,-3.070000,290.540009,94.129997,101487.257812,22.12,113.32,48.862499,NO2,537
17.209999,25.540001,8.930000,17.590000,0.870000,19.900000,-1.210000,-2.170000,289.660004,89.970001,98705.023438,22.41,110.73,25.540001,PM10,588
16.180000,24.170000,8.850000,18.150000,0.870000,21.870001,-1.990000,-1.110000,290.250000,88.089996,98799.843750,22.4,110.87,24.170000,PM10,589
18.160000,25.860001,8.430000,18.620001,0.880000,21.709999,-2.440000,1.050000,290.089996,90.980003,97175.906250,22.39,111.02,25.942858,PM2.5,590
22.930000,30.660000,7.990000,19.100000,0.910000,20.440001,-1.090000,2.650000,288.869995,97.720001,94278.882812,22.39,111.16,32.757145,PM2.5,591
26.100000,33.660000,8.490000,21.480000,0.970000,17.080000,0.090000,2.080000,288.399994,98.750000,93931.898438,22.38,111.31,37.285713,PM2.5,592
25.520000,33.330002,9.220000,24.469999,1.020000,13.150000,0.010000,0.130000,288.250000,97.120003,96090.710938,22.37,111.45,36.457142,PM2.5,593
24.559999,33.130001,9.250000,29.840000,1.090000,8.970000,0.570000,-1.390000,288.269989,95.550003,96804.500000,22.36,111.6,37.299999,NO2,594
22.059999,31.309999,8.900000,37.090000,1.130000,4.570000,0.830000,-3.180000,288.989990,91.220001,98786.882812,22.35,111.74,46.362499,NO2,595
20.170000,29.840000,7.780000,39.480000,1.100000,3.990000,-0.830000,-3.090000,289.459991,89.589996,100246.523438,22.35,111.89,49.349998,NO2,596
22.059999,32.110001,7.430000,40.209999,1.090000,4.430000,-2.030000,-1.930000,288.850006,93.769997,98323.281250,22.34,112.03,50.262497,NO2,597
23.070000,34.110001,7.820000,41.509998,1.160000,2.860000,-0.660000,-3.270000,287.920013,95.139999,98163.578125,22.33,112.17,51.887497,NO2,598
19.969999,31.680000,8.500000,40.290001,1.180000,2.990000,0.390000,-5.270000,288.209991,91.379997,100373.679688,22.32,112.32,50.362503,NO2,599
20.830000,33.230000,9.080000,39.099998,1.140000,4.300000,-0.040000,-5.480000,288.410004,89.699997,101495.953125,22.31,112.46,48.875000,NO2,600
23.240000,36.169998,9.540000,40.020000,1.120000,5.000000,-0.560000,-4.820000,288.359985,91.349998,101467.343750,22.3,112.61,50.025002,NO2,601
25.340000,39.169998,10.060000,43.650002,1.120000,3.760000,-1.390000,-3.920000,288.420013,93.070000,100898.453125,22.29,112.75,54.562500,NO2,602
28.270000,42.689999,10.460000,46.369999,1.120000,3.470000,-1.330000,-4.210000,288.350006,94.720001,100386.546875,22.28,112.9,57.962498,NO2,603
30.160000,45.389999,10.650000,53.160000,1.110000,5.480000,-0.500000,-5.250000,288.950012,95.029999,100933.539062,22.27,113.04,66.449997,NO2,604
30.700001,44.180000,9.460000,47.430000,1.070000,18.400000,-0.490000,-4.260000,289.470001,94.099998,101427.046875,22.26,113.19,59.287498,NO2,605
31.639999,43.930000,7.970000,43.419998,1.030000,28.139999,-0.940000,-3.240000,290.000000,94.610001,101305.937500,22.25,113.33,54.274998,NO2,606
31.000000,43.169998,7.160000,41.450001,0.960000,35.700001,-1.370000,-2.790000,290.440002,94.709999,101290.859375,22.24,113.47,51.812500,NO2,607
16.650000,24.530001,8.820000,17.690001,0.850000,23.090000,-1.070000,-0.650000,289.160004,91.129997,97997.687500,22.54,110.88,24.530001,PM10,662
17.770000,25.370001,8.780000,18.709999,0.880000,21.850000,-1.110000,1.010000,289.450012,91.629997,97053.656250,22.53,111.03,25.385715,PM2.5,663
20.980000,28.690001,8.720000,20.490000,0.920000,18.889999,-0.500000,2.770000,289.290009,93.809998,95663.718750,22.52,111.17,29.971428,PM2.5,664
23.219999,31.129999,9.610000,23.770000,1.010000,13.910000,-0.370000,2.020000,288.589996,94.529999,96127.750000,22.51,111.32,33.171429,PM2.5,665
22.230000,30.520000,10.250000,27.350000,1.070000,10.510000,-0.570000,0.210000,288.350006,92.690002,98387.242188,22.5,111.46,34.187500,NO2,666
22.379999,31.400000,9.910000,32.099998,1.120000,7.710000,-0.410000,-0.080000,287.910004,95.400002,98024.468750,22.5,111.61,40.125000,NO2,667
22.730000,32.279999,9.070000,36.500000,1.130000,4.620000,0.090000,-1.750000,287.790009,95.019997,97963.578125,22.49,111.75,45.625000,NO2,668
20.530001,30.360001,8.120000,37.459999,1.100000,4.270000,-0.570000,-2.790000,288.399994,92.330002,99549.328125,22.48,111.9,46.824997,NO2,669
20.750000,31.040001,8.220000,38.639999,1.100000,4.140000,-1.980000,-1.970000,288.029999,93.809998,99008.648438,22.47,112.04,48.299999,NO2,670
21.639999,32.790001,8.630000,39.009998,1.150000,3.250000,-1.230000,-2.700000,286.959991,96.610001,98444.843750,22.46,112.18,48.762497,NO2,671
19.750000,31.230000,9.070000,38.549999,1.140000,3.620000,0.250000,-4.440000,287.239990,94.190002,99675.359375,22.45,112.33,48.187500,NO2,672
20.360001,32.320000,9.540000,37.689999,1.120000,4.380000,0.520000,-5.160000,287.820007,91.500000,101008.359375,22.44,112.47,47.112499,NO2,673
21.469999,34.139999,10.170000,37.730000,1.110000,5.040000,-0.160000,-4.750000,288.339996,90.919998,101478.953125,22.43,112.62,47.162498,NO2,674
23.100000,37.380001,10.940000,39.900002,1.150000,3.430000,-1.230000,-4.560000,288.459991,91.220001,101302.929688,22.42,112.76,49.875000,NO2,675
25.450001,40.340000,11.330000,41.799999,1.170000,2.850000,-1.240000,-5.080000,288.170013,92.820000,101154.429688,22.41,112.91,52.250000,NO2,676
29.120001,45.119999,12.210000,49.860001,1.200000,3.890000,-0.510000,-5.610000,288.790009,94.250000,101371.757812,22.4,113.05,62.325001,NO2,677
32.549999,45.480000,11.410000,54.130001,1.200000,6.060000,-0.260000,-4.750000,288.750000,93.559998,101477.007812,22.39,113.2,67.662498,NO2,678
35.060001,46.560001,9.820000,50.389999,1.140000,17.889999,-0.470000,-3.810000,289.339996,94.760002,101125.671875,22.38,113.34,62.987499,NO2,679
34.240002,45.470001,8.750000,45.980000,1.030000,28.100000,-0.680000,-3.020000,289.890015,95.080002,101047.453125,22.37,113.49,57.474998,NO2,680
20.270000,28.020000,9.770000,22.660000,0.950000,17.340000,-0.820000,1.420000,288.250000,94.110001,96058.546875,22.65,111.18,28.957144,PM2.5,744
21.639999,29.760000,10.790000,27.020000,1.050000,11.110000,-0.690000,0.020000,287.470001,94.820000,97408.476562,22.65,111.32,33.775002,NO2,745
18.740000,27.299999,11.510000,31.370001,1.110000,6.950000,-0.420000,-1.540000,288.140015,91.389999,100193.539062,22.64,111.47,39.212502,NO2,746
17.809999,27.040001,10.890000,34.160000,1.120000,5.700000,-0.630000,-0.800000,288.570007,90.470001,100399.648438,22.63,111.61,42.700001,NO2,747
20.040001,29.600000,9.360000,35.209999,1.090000,5.370000,-0.900000,-0.970000,287.570007,93.889999,99215.648438,22.62,111.76,44.012497,NO2,748
19.940001,29.770000,8.690000,35.580002,1.090000,5.330000,-1.150000,-2.210000,287.170013,94.320000,99036.906250,22.61,111.9,44.475002,NO2,749
19.379999,29.530001,9.340000,37.459999,1.120000,3.890000,-1.400000,-2.740000,286.890015,94.220001,99293.171875,22.6,112.05,46.824997,NO2,750
18.860001,29.400000,9.600000,38.000000,1.120000,3.010000,-0.890000,-2.960000,286.510010,94.580002,99699.046875,22.6,112.19,47.500000,NO2,751
18.900000,29.840000,9.660000,37.570000,1.110000,3.400000,-0.160000,-3.600000,286.769989,94.129997,100145.656250,22.59,112.34,46.962502,NO2,752
20.770000,32.060001,9.590000,36.389999,1.080000,4.190000,-0.090000,-4.470000,287.290009,93.250000,100761.046875,22.58,112.48,45.487499,NO2,753
21.830000,33.880001,9.850000,35.299999,1.070000,5.210000,-1.050000,-4.780000,287.890015,92.680000,100695.242188,22.57,112.63,44.125000,NO2,754
22.620001,36.500000,10.680000,37.669998,1.140000,2.860000,-1.520000,-5.270000,287.929993,93.050003,100189.140625,22.56,112.77,47.087498,NO2,755
23.730000,38.549999,11.270000,39.160000,1.170000,2.160000,-0.670000,-5.860000,287.579987,92.709999,100910.789062,22.55,112.92,48.950001,NO2,756
26.580000,42.910000,13.980000,44.400002,1.320000,3.190000,0.060000,-5.550000,287.670013,91.849998,101629.062500,22.54,113.06,55.500000,NO2,757
32.080002,45.099998,12.440000,48.820000,1.310000,6.040000,0.170000,-4.920000,288.179993,93.230003,101568.742188,22.53,113.21,61.025002,NO2,758
36.799999,47.259998,10.480000,54.320000,1.230000,7.680000,0.220000,-4.480000,288.690002,94.519997,101328.312500,22.52,113.35,67.900002,NO2,759
36.400002,46.720001,9.000000,51.110001,1.080000,20.020000,0.180000,-3.390000,289.540009,95.190002,101247.031250,22.51,113.5,63.887501,NO2,760
20.530001,28.469999,11.990000,28.219999,1.040000,11.000000,-1.300000,-0.800000,286.720001,95.400002,98272.281250,22.78,111.33,35.274998,NO2,835
17.160000,25.620001,12.440000,32.000000,1.090000,7.380000,-0.940000,-2.430000,287.399994,92.019997,99971.382812,22.77,111.48,40.000000,NO2,836
15.360000,24.450001,11.670000,33.560001,1.090000,6.420000,-1.160000,-2.150000,288.290009,88.559998,101173.156250,22.76,111.62,41.950001,NO2,837
17.280001,26.629999,9.540000,33.540001,1.050000,6.800000,-1.580000,-1.660000,288.010010,90.059998,100556.718750,22.76,111.77,41.925003,NO2,838
18.959999,28.590000,8.990000,34.450001,1.050000,6.640000,-1.850000,-1.930000,287.019989,94.059998,99030.273438,22.75,111.91,43.062500,NO2,839
19.110001,28.980000,9.860000,36.990002,1.090000,4.250000,-1.210000,-2.750000,286.489990,94.889999,98997.492188,22.74,112.06,46.237503,NO2,840
18.040001,27.799999,9.930000,37.290001,1.080000,3.680000,-0.630000,-3.210000,286.700012,92.809998,100448.726562,22.73,112.2,46.612503,NO2,841
17.969999,28.040001,9.790000,36.840000,1.080000,3.470000,-0.790000,-3.370000,287.029999,92.440002,100829.500000,22.72,112.35,46.049999,NO2,842
20.020000,30.590000,9.700000,35.779999,1.060000,3.670000,-1.230000,-3.820000,286.950012,93.790001,100740.617188,22.71,112.49,44.724998,NO2,843
21.660000,33.290001,10.120000,34.669998,1.060000,4.240000,-1.830000,-4.260000,286.799988,95.400002,99979.390625,22.7,112.64,43.337498,NO2,844
23.080000,36.450001,11.130000,37.500000,1.120000,1.860000,-1.060000,-4.620000,286.519989,97.050003,99099.046875,22.69,112.78,46.875000,NO2,845
23.740000,38.099998,11.530000,39.330002,1.160000,1.540000,0.500000,-5.410000,286.859985,94.589996,100486.812500,22.68,112.93,49.162502,NO2,846
26.520000,42.610001,13.390000,44.459999,1.310000,2.510000,0.810000,-5.050000,287.640015,92.510002,101567.593750,22.67,113.07,55.574997,NO2,847
31.320000,44.020000,11.240000,47.680000,1.310000,5.120000,0.540000,-4.760000,287.929993,93.099998,101604.750000,22.66,113.22,59.599998,NO2,848
36.250000,45.730000,9.230000,50.000000,1.260000,6.780000,0.560000,-4.820000,288.350006,93.830002,101548.906250,22.65,113.36,62.500000,NO2,849
37.849998,46.689999,8.580000,54.270000,1.140000,9.750000,0.610000,-4.070000,289.339996,94.599998,101522.328125,22.64,113.51,67.837502,NO2,850
34.020000,45.160000,7.380000,55.820000,1.120000,26.600000,-3.060000,-1.700000,290.959991,95.330002,101170.476562,22.61,113.94,69.775002,NO2,851
30.809999,39.849998,7.500000,55.130001,1.080000,28.480000,-3.710000,-1.150000,290.660004,96.830002,100331.773438,22.6,114.09,68.912498,NO2,852
26.770000,36.730000,6.260000,37.230000,0.880000,38.080002,-3.780000,-1.620000,290.600006,97.470001,100171.679688,22.58,114.23,46.537498,NO2,853
22.510000,34.369999,5.220000,18.559999,0.710000,52.680000,-4.640000,-2.810000,291.760010,94.160004,101522.632812,22.56,114.52,34.369999,PM10,854
18.520000,26.650000,12.920000,30.980000,1.050000,9.870000,-1.540000,-1.550000,286.750000,94.849998,98632.117188,22.91,111.49,38.724998,NO2,931
16.900000,25.680000,12.150000,32.759998,1.060000,8.010000,-1.280000,-2.300000,287.190002,92.639999,99566.078125,22.9,111.63,40.949997,NO2,932
17.219999,26.219999,9.770000,33.209999,1.030000,7.930000,-1.570000,-2.320000,287.320007,91.720001,99959.656250,22.89,111.78,41.512497,NO2,933
18.730000,27.840000,9.310000,34.180000,1.030000,7.520000,-1.710000,-1.910000,286.649994,94.699997,99008.976562,22.88,111.92,42.724998,NO2,934
19.770000,29.080000,10.470000,36.650002,1.040000,4.770000,-1.010000,-2.250000,286.239990,95.379997,98957.296875,22.87,112.07,45.812500,NO2,935
17.950001,27.080000,10.280000,36.560001,1.050000,4.610000,-0.630000,-2.830000,286.709991,92.849998,100194.328125,22.86,112.21,45.700001,NO2,936
17.530001,26.650000,9.880000,36.720001,1.050000,4.170000,-1.030000,-3.070000,287.029999,91.849998,100793.046875,22.85,112.36,45.900002,NO2,937
19.230000,28.670000,9.670000,36.060001,1.040000,3.720000,-1.430000,-3.180000,286.880005,93.160004,100975.132812,22.84,112.5,45.075001,NO2,938
21.070000,31.469999,10.320000,36.150002,1.060000,3.450000,-1.530000,-3.410000,286.609985,94.430000,100821.437500,22.83,112.65,45.187500,NO2,939
22.260000,34.360001,11.860000,38.340000,1.100000,1.690000,-0.650000,-3.810000,286.390015,95.169998,100558.921875,22.82,112.8,47.924999,NO2,940
24.030001,37.430000,12.220000,40.540001,1.150000,1.700000,0.490000,-4.660000,286.910004,93.589996,101150.156250,22.82,112.94,50.675003,NO2,941
27.889999,43.020000,12.680000,45.439999,1.280000,2.610000,0.730000,-4.660000,287.500000,92.400002,101622.406250,22.8,113.09,56.799999,NO2,942
30.980000,42.980000,9.170000,47.840000,1.250000,4.660000,0.440000,-4.400000,287.890015,92.830002,101592.562500,22.79,113.23,59.799999,NO2,943
33.869999,43.200001,7.620000,47.990002,1.190000,5.840000,0.270000,-4.840000,288.260010,93.379997,101596.617188,22.78,113.38,59.987503,NO2,944
36.840000,45.360001,7.750000,53.310001,1.110000,9.080000,-0.460000,-4.010000,289.809998,94.500000,101545.328125,22.76,113.67,66.637505,NO2,945
36.990002,45.049999,7.980000,52.590000,1.150000,12.680000,-1.500000,-2.840000,290.160004,94.269997,101406.242188,22.75,113.81,65.737503,NO2,946
35.220001,43.040001,7.620000,52.330002,1.120000,16.670000,-2.670000,-1.820000,290.410004,95.230003,101036.679688,22.74,113.96,65.412506,NO2,947
31.219999,39.150002,7.600000,51.650002,1.080000,20.580000,-3.240000,-1.370000,290.260010,96.330002,100616.109375,22.73,114.1,64.562500,NO2,948
26.200001,35.669998,6.830000,33.720001,0.910000,31.510000,-3.330000,-1.390000,290.269989,96.519997,100560.929688,22.72,114.25,42.150002,NO2,949
24.240000,34.849998,6.220000,25.120001,0.850000,37.779999,-3.750000,-2.440000,290.410004,95.379997,100752.960938,22.71,114.39,34.849998,PM10,950
23.030001,35.430000,5.700000,19.240000,0.780000,45.000000,-4.220000,-3.410000,290.779999,94.480003,100939.531250,22.69,114.54,35.430000,PM10,951
23.950001,35.669998,5.980000,14.710000,0.720000,47.980000,-4.620000,-3.070000,290.579987,94.550003,100863.531250,22.67,114.82,35.669998,PM10,952
19.840000,27.490000,12.950000,30.490000,1.020000,11.170000,-1.610000,-0.510000,286.619995,95.699997,98745.976562,23.04,111.5,38.112499,NO2,1033
19.600000,27.809999,11.560000,32.209999,1.020000,8.990000,-1.280000,-1.260000,286.200012,96.260002,98720.703125,23.03,111.64,40.262497,NO2,1034
18.270000,26.799999,9.850000,33.439999,1.000000,8.450000,-1.030000,-1.740000,286.450012,94.349998,99488.460938,23.02,111.79,41.799999,NO2,1035
18.350000,26.950001,9.370000,34.160000,0.990000,8.230000,-1.150000,-1.320000,286.429993,94.300003,99630.023438,23.01,111.93,42.700001,NO2,1036
19.290001,27.860001,9.810000,34.700001,0.980000,7.550000,-0.950000,-1.660000,286.320007,94.510002,99527.476562,23.01,112.08,43.375000,NO2,1037
18.080000,26.520000,10.400000,35.860001,1.000000,6.160000,-0.810000,-2.230000,286.739990,92.720001,100085.687500,23.0,112.22,44.825001,NO2,1038
17.360001,25.520000,10.050000,35.259998,1.000000,6.070000,-1.120000,-2.870000,287.230011,91.040001,100828.203125,22.99,112.37,44.074997,NO2,1039
18.700001,26.969999,9.260000,35.660000,1.000000,4.840000,-1.390000,-3.360000,287.200012,91.830002,101097.570312,22.98,112.51,44.575001,NO2,1040
20.530001,29.590000,9.730000,36.320000,1.040000,3.440000,-1.380000,-3.620000,287.130005,92.870003,101192.351562,22.97,112.66,45.400002,NO2,1041
21.690001,32.130001,11.020000,38.320000,1.080000,2.010000,-0.870000,-4.060000,287.290009,92.169998,101584.078125,22.96,112.81,47.900002,NO2,1042
24.430000,36.540001,12.190000,42.160000,1.140000,1.230000,-0.270000,-4.680000,287.390015,92.080002,101643.046875,22.95,112.95,52.700001,NO2,1043
29.700001,43.610001,12.010000,47.459999,1.260000,2.130000,0.110000,-4.570000,287.500000,92.730003,101556.007812,22.94,113.1,59.324997,NO2,1044
30.139999,41.480000,7.830000,47.700001,1.180000,4.260000,0.220000,-3.890000,287.950012,91.830002,101606.859375,22.93,113.24,59.625000,NO2,1045
31.320000,41.150002,6.620000,47.270000,1.140000,4.770000,0.110000,-4.850000,288.279999,92.559998,101655.703125,22.92,113.39,59.087502,NO2,1046
33.369999,41.889999,6.840000,48.180000,1.090000,6.400000,-0.320000,-4.890000,289.010010,92.980003,101602.070312,22.91,113.53,60.224998,NO2,1047
34.099998,40.810001,7.170000,46.139999,1.090000,6.500000,-0.770000,-4.110000,288.910004,93.830002,101416.953125,22.9,113.68,57.674999,NO2,1048
33.290001,40.130001,7.070000,44.459999,1.070000,9.260000,-1.280000,-3.030000,289.440002,94.849998,101277.156250,22.89,113.82,55.574997,NO2,1049
30.770000,38.099998,6.810000,39.500000,1.020000,14.680000,-2.170000,-2.190000,289.660004,95.360001,101105.812500,22.87,113.97,49.375000,NO2,1050
26.750000,34.709999,6.470000,31.420000,0.940000,20.350000,-2.670000,-2.210000,289.709991,95.260002,100973.976562,22.86,114.11,39.275002,NO2,1051
25.059999,33.680000,6.770000,28.570000,0.920000,25.900000,-3.070000,-2.090000,289.869995,94.570000,100961.109375,22.85,114.26,35.799999,PM2.5,1052
24.209999,33.160000,6.750000,25.549999,0.900000,30.139999,-3.610000,-2.560000,289.549988,95.330002,100439.039062,22.84,114.4,34.585712,PM2.5,1053
23.160000,32.340000,6.170000,20.139999,0.840000,35.450001,-3.400000,-2.820000,289.290009,95.919998,100017.968750,22.83,114.55,33.085712,PM2.5,1054
21.930000,30.760000,6.030000,16.780001,0.810000,40.099998,-3.440000,-2.060000,289.769989,94.379997,100410.343750,22.82,114.69,31.328571,PM2.5,1055
22.930000,32.130001,6.170000,16.129999,0.800000,41.700001,-4.160000,-2.390000,289.899994,94.379997,100312.648438,22.8,114.84,32.757145,PM2.5,1056
24.450001,35.060001,6.660000,16.700001,0.810000,42.349998,-4.190000,-3.990000,289.850006,94.440002,100307.203125,22.79,114.98,35.060001,PM10,1057
27.260000,40.279999,8.360000,20.370001,0.930000,42.369999,-3.840000,-3.250000,290.649994,93.019997,101461.976562,22.75,115.42,40.279999,PM10,1058
19.440001,26.610001,13.460000,29.430000,0.990000,12.300000,-1.350000,-0.630000,286.750000,93.610001,99894.742188,23.17,111.51,36.787498,NO2,1146
19.170000,26.889999,11.380000,29.620001,0.960000,11.960000,-1.160000,-0.940000,286.480011,93.739998,100013.898438,23.17,111.65,37.025002,NO2,1147
17.959999,25.930000,9.880000,30.660000,0.940000,11.500000,-0.880000,-1.300000,286.739990,92.199997,100450.140625,23.16,111.8,38.325001,NO2,1148
17.440001,25.420000,9.340000,31.780001,0.930000,11.230000,-1.170000,-1.000000,287.040009,91.220001,100738.312500,23.15,111.94,39.725002,NO2,1149
17.430000,25.290001,9.230000,31.790001,0.920000,10.330000,-1.400000,-1.670000,286.929993,91.830002,100176.390625,23.14,112.09,39.737503,NO2,1150
17.209999,25.020000,10.200000,33.160000,0.950000,8.960000,-1.480000,-2.190000,287.019989,91.709999,99922.687500,23.13,112.23,41.450001,NO2,1151
17.280001,24.920000,9.790000,33.500000,0.950000,7.830000,-1.700000,-3.340000,287.079987,91.190002,100140.929688,23.12,112.38,41.875000,NO2,1152
18.980000,26.680000,8.730000,33.830002,0.960000,6.390000,-1.680000,-3.910000,286.730011,92.870003,100288.171875,23.11,112.53,42.287502,NO2,1153
20.520000,28.790001,8.870000,36.250000,1.010000,3.550000,-1.360000,-3.940000,286.730011,93.480003,100632.226562,23.1,112.67,45.312500,NO2,1154
21.379999,30.490000,9.850000,37.509998,1.040000,2.460000,-0.870000,-4.400000,287.140015,91.779999,101352.890625,23.09,112.82,46.887497,NO2,1155
24.350000,35.070000,11.440000,42.349998,1.110000,1.300000,-0.520000,-4.820000,287.380005,91.599998,101633.773438,23.08,112.96,52.937500,NO2,1156
30.250000,42.750000,12.110000,48.709999,1.240000,1.660000,-0.340000,-4.570000,287.459991,92.720001,101571.539062,23.07,113.11,60.887497,NO2,1157
28.770000,39.049999,6.530000,47.540001,1.120000,3.500000,-0.160000,-3.780000,288.019989,90.629997,101528.789062,23.06,113.25,59.425003,NO2,1158
29.620001,39.430000,5.990000,46.169998,1.130000,3.520000,-0.090000,-4.930000,288.149994,92.129997,101443.039062,23.05,113.4,57.712498,NO2,1159
30.809999,38.439999,6.320000,46.290001,1.100000,4.190000,-0.280000,-4.600000,288.429993,92.050003,101407.960938,23.04,113.54,57.862503,NO2,1160
30.709999,37.290001,6.930000,44.110001,1.070000,5.160000,-0.620000,-3.650000,288.779999,93.029999,101438.578125,23.03,113.69,55.137501,NO2,1161
28.350000,35.070000,6.900000,39.639999,1.020000,7.760000,-1.240000,-2.840000,289.220001,92.889999,101615.117188,23.02,113.83,49.549999,NO2,1162
25.570000,32.750000,6.730000,34.209999,0.970000,12.560000,-2.140000,-2.630000,289.380005,92.830002,101519.906250,23.01,113.98,42.762497,NO2,1163
22.959999,30.549999,6.510000,28.350000,0.950000,15.620000,-2.590000,-3.470000,289.230011,92.910004,101437.898438,23.0,114.13,35.437500,NO2,1164
23.240000,31.059999,7.270000,30.580000,0.970000,16.580000,-2.640000,-3.390000,289.160004,93.769997,101047.546875,22.98,114.27,38.224998,NO2,1165
22.820000,30.850000,7.180000,27.240000,0.940000,23.570000,-2.520000,-3.360000,289.040009,94.800003,100707.093750,22.97,114.42,34.049999,NO2,1166
21.280001,29.410000,6.330000,21.040001,0.880000,31.520000,-2.300000,-2.460000,289.269989,94.629997,100496.609375,22.96,114.56,30.400002,PM2.5,1167
20.180000,27.709999,6.290000,17.450001,0.840000,38.130001,-3.080000,-1.550000,289.820007,93.269997,100348.070312,22.95,114.71,28.828571,PM2.5,1168
21.450001,29.110001,6.300000,17.459999,0.860000,37.040001,-4.660000,-1.370000,289.799988,94.080002,99848.078125,22.94,114.85,30.642859,PM2.5,1169
23.809999,31.889999,6.740000,18.639999,0.910000,35.610001,-4.850000,-2.500000,289.130005,96.900002,98926.429688,22.92,115.0,34.014286,PM2.5,1170
24.799999,33.939999,7.840000,22.320000,1.000000,30.830000,-3.030000,-4.330000,288.839996,96.220001,99052.367188,22.91,115.14,35.428570,PM2.5,1171
24.879999,35.110001,9.260000,25.450001,1.100000,29.660000,-2.010000,-4.810000,289.489990,92.629997,100804.109375,22.9,115.29,35.542854,PM2.5,1172
25.690001,36.570000,9.320000,26.280001,1.150000,30.650000,-2.790000,-3.030000,290.260010,90.820000,101585.921875,22.89,115.43,36.700001,PM2.5,1173
26.600000,38.200001,8.500000,23.280001,1.090000,35.810001,-3.770000,-3.780000,290.329987,90.760002,101453.882812,22.87,115.58,38.200001,PM10,1174
28.459999,41.490002,8.710000,22.690001,1.060000,40.230000,-4.100000,-4.800000,290.589996,91.139999,101573.117188,22.86,115.72,41.490002,PM10,1175
33.250000,46.509998,9.740000,23.940001,1.050000,36.910000,-3.900000,-4.870000,289.929993,91.000000,101532.617188,22.85,115.87,47.500000,PM2.5,1176
19.549999,25.600000,16.799999,28.469999,0.990000,13.810000,-1.760000,-0.840000,286.540009,92.879997,100078.968750,23.32,111.37,35.587498,NO2,1263
19.250000,26.219999,14.140000,27.280001,0.940000,14.900000,-1.650000,-1.020000,286.649994,92.459999,100353.460938,23.31,111.51,34.100002,NO2,1264
19.200001,26.860001,10.940000,25.680000,0.880000,16.170000,-1.810000,-1.350000,286.679993,92.680000,100138.109375,23.3,111.66,32.099998,NO2,1265
18.799999,26.660000,9.450000,26.320000,0.860000,15.630000,-1.740000,-1.930000,286.839996,92.339996,99791.406250,23.29,111.81,32.900002,NO2,1266
17.250000,25.070000,8.940000,27.459999,0.870000,13.880000,-1.820000,-2.240000,287.390015,90.180000,100158.976562,23.28,111.95,34.324997,NO2,1267
16.690001,24.389999,8.840000,27.860001,0.870000,13.020000,-2.060000,-2.640000,287.390015,90.040001,100074.140625,23.27,112.1,34.825001,NO2,1268
17.120001,24.709999,9.410000,29.700001,0.890000,11.930000,-2.140000,-2.610000,287.010010,91.739998,99139.867188,23.26,112.24,37.125000,NO2,1269
18.389999,25.860001,8.950000,30.620001,0.900000,10.090000,-1.740000,-3.480000,286.519989,93.360001,99002.156250,23.26,112.39,38.275002,NO2,1270
18.990000,26.480000,8.190000,31.020000,0.920000,7.730000,-1.190000,-3.450000,286.450012,93.419998,100034.367188,23.25,112.54,38.775002,NO2,1271
19.280001,27.030001,8.090000,32.610001,0.960000,4.810000,-1.090000,-3.280000,286.929993,92.529999,101020.578125,23.24,112.68,40.762501,NO2,1272
19.940001,28.129999,8.410000,34.380001,0.980000,4.260000,-0.980000,-4.330000,287.190002,91.470001,101472.046875,23.23,112.83,42.975002,NO2,1273
22.719999,31.940001,9.980000,39.970001,1.030000,2.480000,-0.660000,-4.730000,287.390015,91.169998,101602.210938,23.22,112.97,49.962502,NO2,1274
27.049999,37.490002,10.020000,45.509998,1.120000,0.900000,-0.490000,-4.540000,287.529999,92.000000,101633.390625,23.21,113.12,56.887497,NO2,1275
25.860001,35.889999,7.100000,44.830002,1.060000,1.640000,-0.500000,-4.170000,287.670013,92.970001,101337.117188,23.2,113.26,56.037502,NO2,1276
25.930000,35.450001,5.950000,42.869999,1.040000,3.040000,-0.510000,-4.940000,287.950012,92.709999,100934.820312,23.19,113.41,53.587498,NO2,1277
25.719999,33.740002,6.130000,42.139999,1.010000,3.930000,-0.320000,-4.580000,288.429993,92.000000,101033.718750,23.17,113.56,52.674999,NO2,1278
24.950001,32.080002,6.610000,39.240002,0.980000,5.260000,-0.650000,-3.310000,289.029999,91.550003,101529.203125,23.16,113.7,49.050003,NO2,1279
23.870001,30.940001,6.580000,34.400002,0.960000,9.100000,-1.930000,-2.740000,289.220001,91.849998,101108.132812,23.15,113.85,43.000000,NO2,1280
22.480000,29.840000,6.460000,30.010000,0.940000,13.550000,-2.670000,-3.330000,289.010010,92.389999,100590.703125,23.14,113.99,37.512501,NO2,1281
20.610001,28.230000,6.310000,26.430000,0.930000,14.920000,-2.560000,-4.680000,288.660004,92.690002,100862.703125,23.13,114.14,33.037498,NO2,1282
21.139999,28.900000,7.350000,30.860001,0.990000,11.900000,-2.090000,-4.330000,288.410004,94.309998,100647.343750,23.12,114.28,38.575001,NO2,1283
20.900000,28.650000,7.470000,29.180000,0.970000,17.480000,-1.400000,-4.340000,288.679993,94.010002,100915.296875,23.11,114.43,36.474998,NO2,1284
19.740000,27.520000,6.460000,22.110001,0.900000,27.430000,-1.780000,-2.980000,289.410004,92.449997,101072.312500,23.09,114.57,28.199999,PM2.5,1285
19.820000,27.379999,6.170000,17.920000,0.860000,33.740002,-2.610000,-2.030000,289.339996,93.900002,99655.789062,23.08,114.72,28.314285,PM2.5,1286
20.129999,27.320000,6.440000,17.379999,0.860000,37.060001,-3.420000,-1.070000,289.519989,94.230003,99285.703125,23.07,114.86,28.757141,PM2.5,1287
22.280001,29.930000,6.550000,18.559999,0.910000,34.540001,-4.420000,-0.650000,289.079987,96.269997,98588.640625,23.06,115.01,31.828573,PM2.5,1288
24.010000,32.330002,7.200000,22.240000,1.010000,31.190001,-3.150000,-1.530000,288.079987,98.930000,97414.523438,23.05,115.16,34.299999,PM2.5,1289
23.219999,32.570000,8.160000,26.660000,1.140000,26.520000,-1.570000,-3.700000,288.809998,95.400002,99575.726562,23.03,115.3,33.325001,NO2,1290
22.959999,32.939999,8.950000,28.340000,1.200000,26.120001,-2.470000,-3.300000,290.359985,89.150002,101565.320312,23.02,115.45,35.424999,NO2,1291
25.420000,35.930000,9.140000,28.549999,1.220000,25.969999,-3.760000,-4.220000,290.100006,89.779999,101013.679688,23.01,115.59,36.314285,PM2.5,1292
28.340000,39.080002,9.680000,29.750000,1.230000,25.209999,-3.520000,-4.880000,289.609985,91.480003,100521.656250,22.99,115.74,40.485714,PM2.5,1293
33.410000,44.400002,11.180000,31.400000,1.260000,24.049999,-2.420000,-5.100000,289.279999,91.419998,100989.046875,22.98,115.88,47.728573,PM2.5,1294
39.169998,50.709999,12.360000,33.439999,1.280000,23.740000,-2.270000,-5.270000,289.470001,90.230003,101561.250000,22.97,116.03,55.212498,PM2.5,1295
39.900002,51.650002,12.580000,30.600000,1.150000,30.690001,-3.260000,-4.980000,290.100006,90.449997,101539.921875,22.95,116.17,56.125000,PM2.5,1296
18.719999,25.730000,13.060000,23.760000,0.880000,17.230000,-1.740000,-1.680000,287.000000,91.379997,100353.726562,23.44,111.52,29.700001,NO2,1386
18.780001,26.480000,10.310000,22.590000,0.830000,18.969999,-2.450000,-1.370000,287.190002,91.879997,99768.953125,23.43,111.67,28.237499,NO2,1387
19.799999,27.760000,9.150000,23.000000,0.820000,18.459999,-2.690000,-1.470000,286.750000,93.959999,98020.382812,23.43,111.82,28.750000,NO2,1388
19.790001,27.780001,8.690000,25.370001,0.850000,15.070000,-1.880000,-2.360000,286.459991,93.779999,97475.648438,23.42,111.96,31.712502,NO2,1389
18.260000,26.100000,8.420000,24.850000,0.850000,15.300000,-1.680000,-2.810000,286.730011,92.830002,98633.562500,23.41,112.11,31.062500,NO2,1390
18.480000,26.250000,8.480000,25.270000,0.840000,15.860000,-1.640000,-2.330000,286.480011,93.820000,98222.273438,23.4,112.25,31.587502,NO2,1391
18.860001,26.469999,7.780000,26.740000,0.860000,12.680000,-0.890000,-2.680000,286.130005,94.279999,98622.296875,23.39,112.4,33.424999,NO2,1392
16.870001,24.400000,7.860000,27.870001,0.890000,9.930000,-0.720000,-2.660000,287.040009,90.839996,100557.960938,23.38,112.55,34.837502,NO2,1393
16.389999,23.959999,7.280000,27.629999,0.920000,7.270000,-1.350000,-2.960000,287.600006,89.489998,101492.710938,23.37,112.69,34.537498,NO2,1394
17.309999,25.110001,7.230000,29.150000,0.920000,6.370000,-1.410000,-4.200000,287.329987,90.430000,101528.671875,23.36,112.84,36.437500,NO2,1395
19.490000,27.860001,8.130000,34.110001,0.950000,5.630000,-0.920000,-4.680000,287.339996,90.800003,101444.773438,23.35,112.98,42.637501,NO2,1396
20.969999,30.080000,8.120000,37.830002,0.990000,3.900000,-0.790000,-4.640000,287.660004,90.779999,101595.242188,23.34,113.13,47.287502,NO2,1397
20.059999,28.959999,6.810000,36.029999,0.950000,5.550000,-1.050000,-4.550000,287.829987,91.330002,101387.062500,23.33,113.28,45.037498,NO2,1398
20.709999,29.520000,6.100000,34.630001,0.940000,7.100000,-1.130000,-4.810000,287.779999,92.589996,100671.953125,23.32,113.42,43.287502,NO2,1399
20.139999,28.379999,5.960000,31.889999,0.920000,8.290000,-0.710000,-4.400000,288.130005,91.970001,100512.882812,23.31,113.57,39.862499,NO2,1400
19.180000,26.590000,6.010000,29.450001,0.880000,10.630000,-1.120000,-3.410000,289.089996,89.739998,101360.578125,23.3,113.71,36.812500,NO2,1401
19.530001,26.799999,6.120000,27.010000,0.880000,14.490000,-2.720000,-2.980000,288.820007,91.830002,100257.687500,23.29,113.86,33.762501,NO2,1402
20.290001,27.740000,6.220000,25.240000,0.870000,17.209999,-2.840000,-3.280000,287.750000,95.889999,98557.703125,23.28,114.0,31.549999,NO2,1403
18.709999,26.379999,6.080000,23.440001,0.890000,16.520000,-1.820000,-4.670000,287.660004,95.300003,99507.539062,23.26,114.15,29.300001,NO2,1404
18.459999,26.190001,7.050000,26.980000,0.950000,14.210000,-1.170000,-4.190000,287.799988,95.110001,100177.648438,23.25,114.3,33.724998,NO2,1405
18.650000,26.530001,7.020000,26.930000,0.960000,16.480000,-0.890000,-4.470000,288.290009,93.839996,100746.250000,23.24,114.44,33.662498,NO2,1406
18.549999,26.280001,6.570000,22.740000,0.910000,24.440001,-1.890000,-3.470000,289.000000,92.400002,100741.453125,23.23,114.59,28.424999,NO2,1407
19.549999,27.200001,6.150000,18.700001,0.880000,30.559999,-2.850000,-1.860000,288.489990,96.139999,98667.843750,23.22,114.73,27.928570,PM2.5,1408
20.430000,28.030001,6.250000,18.360001,0.880000,32.669998,-2.890000,-0.980000,288.390015,97.330002,98295.406250,23.2,114.88,29.185715,PM2.5,1409
20.850000,28.559999,6.500000,18.860001,0.920000,33.400002,-3.630000,0.110000,288.859985,95.940002,98872.726562,23.19,115.02,29.785715,PM2.5,1410
22.360001,30.549999,6.980000,20.860001,0.990000,33.180000,-4.040000,0.360000,288.420013,97.750000,98351.882812,23.18,115.17,31.942858,PM2.5,1411
22.770000,31.770000,7.870000,25.590000,1.100000,28.930000,-2.990000,-2.160000,288.329987,96.970001,98339.601562,23.17,115.31,32.528572,PM2.5,1412
23.540001,33.049999,9.250000,29.290001,1.190000,26.740000,-2.420000,-3.810000,289.070007,92.790001,99289.281250,23.15,115.46,36.612503,NO2,1413
26.889999,37.910000,9.990000,32.970001,1.280000,19.850000,-3.150000,-4.600000,288.600006,93.680000,99347.976562,23.14,115.61,41.212502,NO2,1414
29.959999,41.389999,10.810000,34.930000,1.290000,17.650000,-2.690000,-3.870000,288.089996,97.129997,98224.453125,23.13,115.75,43.662498,NO2,1415
34.220001,44.919998,13.080000,38.130001,1.330000,16.209999,-1.010000,-4.130000,288.029999,95.830002,99356.500000,23.11,115.9,48.885715,PM2.5,1416
40.750000,51.770000,14.560000,41.610001,1.460000,11.830000,-1.280000,-5.190000,288.600006,92.489998,100810.460938,23.1,116.04,57.187500,PM2.5,1417
43.540001,54.130001,15.650000,40.540001,1.440000,16.030001,-2.300000,-5.110000,288.839996,92.260002,100490.703125,23.08,116.19,60.675003,PM2.5,1418
43.180000,53.880001,15.610000,40.959999,1.410000,19.770000,-2.330000,-5.190000,289.079987,92.820000,100833.656250,23.07,116.33,60.224998,PM2.5,1419
41.000000,52.220001,14.490000,41.950001,1.370000,23.840000,-2.730000,-4.860000,289.850006,92.190002,101421.843750,23.06,116.48,57.500000,PM2.5,1420
19.520000,26.680000,11.320000,19.580000,0.810000,19.670000,-0.910000,-2.990000,286.690002,91.690002,100261.406250,23.58,111.53,27.885715,PM2.5,1512
18.219999,25.840000,10.060000,21.100000,0.810000,19.049999,-0.860000,-1.940000,287.320007,91.089996,100304.531250,23.57,111.68,26.375000,NO2,1513
18.530001,26.530001,9.160000,21.320000,0.810000,19.680000,-2.120000,-0.340000,287.160004,92.760002,98317.312500,23.56,111.82,26.650000,NO2,1514
21.020000,29.209999,8.770000,23.990000,0.840000,15.920000,-1.910000,-0.620000,286.089996,96.489998,96704.539062,23.55,111.97,30.028572,PM2.5,1515
19.260000,27.379999,8.350000,23.719999,0.840000,15.940000,-1.070000,-1.780000,285.959991,95.150002,97873.632812,23.54,112.12,29.650000,NO2,1516
17.920000,26.020000,8.390000,24.950001,0.830000,15.630000,-0.900000,-1.370000,286.059998,94.510002,98485.382812,23.53,112.26,31.187500,NO2,1517
17.680000,25.600000,7.830000,25.540001,0.840000,14.090000,-0.640000,-1.450000,286.109985,94.620003,98832.468750,23.52,112.41,31.925001,NO2,1518
15.220000,22.889999,7.790000,25.830000,0.860000,12.670000,-0.910000,-2.560000,287.049988,90.940002,99698.718750,23.51,112.56,32.287498,NO2,1519
14.160000,21.870001,6.990000,25.850000,0.900000,9.260000,-1.410000,-3.730000,287.700012,88.239998,100818.992188,23.5,112.7,32.312500,NO2,1520
14.510000,22.420000,7.030000,26.549999,0.900000,8.550000,-1.400000,-4.650000,287.640015,88.400002,101687.296875,23.49,112.85,33.187500,NO2,1521
16.780001,25.080000,7.770000,30.260000,0.910000,7.950000,-1.190000,-4.840000,287.470001,89.430000,101514.156250,23.48,112.99,37.825001,NO2,1522
17.940001,26.680000,7.690000,32.290001,0.930000,6.310000,-1.190000,-4.750000,287.470001,90.580002,101109.210938,23.47,113.14,40.362503,NO2,1523
16.760000,25.110001,6.660000,28.790001,0.900000,8.850000,-1.260000,-4.800000,287.630005,91.129997,101001.773438,23.46,113.29,35.987503,NO2,1524
17.190001,25.170000,6.160000,26.440001,0.870000,12.770000,-1.260000,-4.540000,287.809998,91.779999,100766.000000,23.45,113.43,33.049999,NO2,1525
16.850000,24.450001,5.680000,22.620001,0.840000,16.760000,-1.430000,-3.770000,288.130005,91.510002,100333.406250,23.44,113.58,28.275002,NO2,1526
16.760000,23.730000,5.430000,20.430000,0.810000,19.809999,-2.120000,-3.590000,288.709991,89.709999,100503.859375,23.43,113.73,25.537500,NO2,1527
17.139999,23.980000,5.620000,19.760000,0.810000,22.030001,-2.750000,-3.500000,288.369995,91.040001,100091.843750,23.42,113.87,24.700001,NO2,1528
17.660000,24.709999,5.920000,18.770000,0.810000,23.860001,-2.300000,-3.260000,287.170013,95.400002,98977.523438,23.41,114.02,25.228571,PM2.5,1529
16.920000,24.410000,6.010000,19.690001,0.860000,20.620001,-1.330000,-3.930000,286.989990,96.370003,99047.843750,23.4,114.16,24.612501,NO2,1530
16.020000,23.860001,6.180000,21.540001,0.910000,18.059999,-0.950000,-4.040000,287.690002,94.349998,100151.609375,23.39,114.31,26.925001,NO2,1531
15.810000,23.760000,6.470000,23.629999,0.940000,17.559999,-1.510000,-4.540000,288.519989,91.550003,101087.609375,23.37,114.45,29.537498,NO2,1532
16.570000,24.410000,6.710000,23.270000,0.930000,21.040001,-2.270000,-4.440000,288.540009,92.139999,100770.148438,23.36,114.6,29.087502,NO2,1533
17.480000,25.160000,6.300000,18.760000,0.900000,27.230000,-2.560000,-2.270000,288.450012,94.480003,99533.843750,23.35,114.75,25.160000,PM10,1534
18.410000,26.090000,6.460000,18.719999,0.900000,30.299999,-2.390000,-1.360000,288.529999,95.230003,99124.000000,23.34,114.89,26.299999,PM2.5,1535
18.690001,26.410000,6.790000,20.230000,0.930000,30.360001,-2.410000,-0.720000,289.109985,93.889999,99409.601562,23.33,115.04,26.700001,PM2.5,1536
19.549999,27.670000,7.350000,21.680000,1.000000,31.490000,-3.480000,0.210000,289.519989,93.220001,99187.203125,23.31,115.18,27.928570,PM2.5,1537
22.629999,31.070000,8.340000,24.639999,1.090000,30.840000,-4.010000,-0.200000,288.480011,97.570000,97075.023438,23.3,115.33,32.328571,PM2.5,1538
25.450001,35.410000,9.870000,30.750000,1.210000,23.309999,-2.490000,-1.860000,287.239990,98.879997,96079.406250,23.29,115.47,38.437500,NO2,1539
26.879999,38.169998,10.950000,33.720001,1.250000,18.950001,-1.470000,-3.600000,286.769989,97.669998,97824.781250,23.27,115.62,42.150002,NO2,1540
28.600000,40.720001,11.470000,36.369999,1.260000,14.690000,-1.220000,-3.000000,286.750000,97.790001,98134.742188,23.26,115.77,45.462498,NO2,1541
33.180000,45.490002,13.580000,40.240002,1.340000,10.460000,-0.430000,-2.900000,286.989990,97.050003,98943.046875,23.25,115.91,50.300003,NO2,1542
40.849998,52.939999,16.959999,45.970001,1.510000,5.830000,-0.930000,-4.220000,287.510010,95.470001,99928.601562,23.23,116.06,57.462502,NO2,1543
45.759998,56.619999,18.120001,46.930000,1.550000,7.180000,-1.510000,-4.380000,287.559998,96.080002,99534.617188,23.22,116.2,63.449997,PM2.5,1544
45.349998,55.759998,17.590000,47.160000,1.570000,11.160000,-1.210000,-4.330000,288.320007,93.709999,100543.882812,23.2,116.35,62.937500,PM2.5,1545
42.580002,53.330002,16.070000,46.419998,1.580000,17.139999,-1.880000,-4.420000,289.369995,91.430000,101364.929688,23.19,116.49,59.475002,PM2.5,1546
40.790001,52.860001,13.830000,46.139999,1.540000,24.870001,-3.050000,-4.630000,289.869995,92.629997,101433.820312,23.17,116.64,57.674999,NO2,1547
17.280001,25.230000,9.890000,19.510000,0.790000,19.660000,-1.320000,-2.560000,287.190002,90.360001,100385.750000,23.7,111.69,25.230000,PM10,1641
17.010000,25.330000,8.990000,20.990000,0.810000,18.590000,-2.020000,-0.940000,287.149994,91.230003,99554.671875,23.69,111.83,26.237499,NO2,1642
17.799999,26.309999,8.610000,22.590000,0.820000,16.770000,-1.810000,-0.770000,286.220001,93.889999,98487.656250,23.68,111.98,28.237499,NO2,1643
17.160000,25.570000,8.310000,23.340000,0.840000,16.309999,-0.730000,-1.540000,285.989990,93.809998,98981.406250,23.68,112.13,29.174999,NO2,1644
15.220000,23.639999,8.230000,24.240000,0.840000,15.640000,-0.330000,-0.970000,286.730011,91.529999,100034.906250,23.67,112.27,30.299999,NO2,1645
15.030000,23.250000,7.850000,23.570000,0.820000,16.150000,-1.280000,-0.910000,286.959991,91.529999,99502.093750,23.66,112.42,29.462500,NO2,1646
15.170000,23.270000,7.300000,23.790001,0.840000,14.670000,-1.900000,-2.710000,286.750000,91.379997,98135.148438,23.65,112.57,29.737501,NO2,1647
13.830000,21.910000,6.910000,23.629999,0.880000,12.180000,-1.290000,-4.400000,286.730011,90.639999,98837.992188,23.64,112.71,29.537498,NO2,1648
13.260000,21.540001,6.840000,23.430000,0.890000,11.040000,-0.870000,-5.470000,287.109985,89.089996,100556.117188,23.63,112.86,29.287500,NO2,1649
15.130000,23.540001,7.580000,26.610001,0.880000,10.930000,-1.070000,-5.240000,287.339996,88.620003,101110.148438,23.62,113.01,33.262501,NO2,1650
16.139999,24.690001,7.600000,28.020000,0.900000,10.110000,-1.360000,-4.910000,287.299988,90.169998,100754.117188,23.61,113.15,35.025002,NO2,1651
14.500000,22.670000,6.700000,23.740000,0.880000,14.220000,-1.140000,-4.890000,287.239990,91.559998,100481.226562,23.6,113.3,29.674999,NO2,1652
15.130000,22.799999,6.260000,22.320000,0.850000,18.049999,-0.920000,-4.760000,287.829987,90.519997,100839.023438,23.59,113.44,27.900000,NO2,1653
15.610000,22.719999,5.850000,20.190001,0.830000,20.920000,-2.030000,-3.980000,288.549988,88.930000,100507.000000,23.58,113.59,25.237501,NO2,1654
17.209999,23.770000,5.420000,17.250000,0.780000,25.080000,-3.070000,-3.440000,288.190002,90.980003,98802.093750,23.57,113.74,24.585712,PM2.5,1655
17.990000,24.549999,5.630000,17.250000,0.780000,26.690001,-2.320000,-3.600000,287.540009,93.730003,98030.031250,23.55,113.88,25.699999,PM2.5,1656
16.760000,23.870001,5.830000,18.270000,0.810000,23.930000,-1.480000,-3.810000,287.200012,94.309998,98758.656250,23.54,114.03,23.942858,PM2.5,1657
15.340000,22.900000,6.090000,20.000000,0.870000,19.860001,-1.260000,-3.490000,287.059998,95.250000,99362.781250,23.53,114.18,25.000000,NO2,1658
14.850000,22.920000,6.120000,21.559999,0.920000,16.230000,-1.640000,-4.260000,287.609985,93.339996,99815.960938,23.52,114.32,26.949999,NO2,1659
14.790000,22.860001,6.860000,24.469999,0.950000,15.780000,-2.060000,-4.790000,287.940002,92.300003,100023.898438,23.51,114.47,30.587500,NO2,1660
15.220000,23.389999,7.190000,25.110001,0.970000,17.379999,-2.000000,-5.600000,287.720001,92.879997,100427.906250,23.5,114.61,31.387501,NO2,1661
16.080000,23.870001,6.710000,19.969999,0.930000,23.860001,-2.300000,-3.970000,288.140015,93.120003,100066.656250,23.48,114.76,24.962500,NO2,1662
17.370001,25.170000,6.850000,19.959999,0.930000,26.660000,-2.160000,-3.030000,288.329987,93.699997,99296.867188,23.47,114.91,25.170000,PM10,1663
18.040001,25.910000,7.420000,21.530001,0.960000,27.160000,-1.590000,-2.780000,288.750000,92.970001,99289.460938,23.46,115.05,26.912500,NO2,1664
18.549999,27.090000,8.040000,23.660000,1.020000,27.840000,-2.090000,-1.800000,289.070007,92.610001,99038.960938,23.45,115.2,29.575001,NO2,1665
21.799999,31.209999,8.420000,25.690001,1.110000,26.160000,-3.490000,0.120000,288.290009,96.029999,97674.882812,23.43,115.34,32.112499,NO2,1666
24.889999,35.380001,9.420000,29.370001,1.190000,23.000000,-3.350000,0.450000,286.670013,99.680000,96368.531250,23.42,115.49,36.712502,NO2,1667
26.059999,37.259998,10.200000,32.189999,1.230000,18.490000,-1.860000,-2.360000,286.260010,98.730003,97509.023438,23.41,115.63,40.237499,NO2,1668
26.650000,37.610001,11.470000,33.119999,1.190000,18.320000,-1.060000,-3.760000,287.450012,95.000000,99327.171875,23.39,115.78,41.399998,NO2,1669
29.240000,40.439999,13.370000,37.290001,1.250000,13.900000,-0.880000,-3.620000,288.049988,92.470001,100463.812500,23.38,115.93,46.612503,NO2,1670
36.599998,49.990002,19.370001,46.830002,1.480000,3.890000,-0.930000,-3.590000,287.820007,93.459999,100679.132812,23.37,116.07,58.537502,NO2,1671
45.330002,56.860001,21.379999,50.619999,1.610000,2.960000,-0.700000,-3.260000,287.609985,94.400002,100339.898438,23.35,116.22,63.274998,NO2,1672
45.950001,56.090000,20.180000,50.970001,1.630000,5.850000,-0.550000,-3.440000,288.250000,92.059998,100874.296875,23.34,116.36,63.712502,NO2,1673
45.310001,55.250000,19.400000,52.000000,1.690000,9.560000,-1.250000,-3.770000,288.829987,90.690002,101098.453125,23.32,116.51,65.000000,NO2,1674
42.840000,53.180000,16.299999,48.919998,1.680000,17.430000,-2.390000,-3.690000,289.269989,91.330002,101247.882812,23.31,116.65,61.149998,NO2,1675
15.120000,23.719999,9.950000,16.570000,0.760000,23.580000,-1.900000,-2.420000,287.100006,88.250000,100567.546875,23.84,111.7,23.719999,PM10,1771
15.110000,24.020000,9.130000,18.570000,0.780000,22.150000,-2.270000,-1.640000,286.950012,89.790001,100342.656250,23.83,111.84,24.020000,PM10,1772
14.900000,24.080000,8.820000,20.760000,0.810000,19.799999,-1.720000,-1.800000,286.399994,91.970001,99798.500000,23.82,111.99,25.950001,NO2,1773
14.040000,23.080000,8.730000,23.030001,0.840000,17.870001,-0.530000,-1.750000,286.559998,91.599998,100158.796875,23.81,112.14,28.787500,NO2,1774
14.520000,23.320000,8.470000,23.120001,0.820000,17.260000,-0.520000,-1.510000,287.260010,89.480003,100762.531250,23.8,112.28,28.900002,NO2,1775
14.780000,23.379999,8.180000,21.870001,0.790000,18.750000,-1.970000,-2.090000,287.309998,88.349998,99332.367188,23.79,112.43,27.337502,NO2,1776
16.080000,24.629999,7.700000,22.059999,0.810000,17.830000,-2.280000,-3.140000,286.230011,91.169998,97430.507812,23.78,112.58,27.574999,NO2,1777
15.050000,23.540001,7.150000,21.990000,0.860000,15.250000,-0.980000,-4.270000,285.540009,93.610001,97615.117188,23.77,112.72,27.487499,NO2,1778
13.610000,22.280001,6.720000,21.250000,0.880000,13.520000,-0.190000,-5.070000,285.899994,93.019997,99122.023438,23.76,112.87,26.562500,NO2,1779
14.370000,23.049999,7.350000,23.160000,0.870000,14.270000,-0.680000,-5.200000,286.649994,90.209999,100058.203125,23.75,113.02,28.950001,NO2,1780
14.820000,23.430000,7.570000,24.969999,0.900000,13.300000,-1.380000,-5.160000,287.070007,89.870003,100245.343750,23.74,113.16,31.212500,NO2,1781
13.150000,21.379999,7.020000,22.770000,0.900000,15.520000,-1.310000,-5.050000,287.160004,90.690002,100375.671875,23.73,113.31,28.462502,NO2,1782
13.830000,21.780001,6.530000,21.920000,0.870000,18.040001,-1.450000,-5.490000,287.570007,90.180000,100410.320312,23.72,113.46,27.400000,NO2,1783
15.590000,22.879999,6.080000,19.959999,0.840000,21.709999,-2.270000,-4.780000,287.660004,91.150002,99319.101562,23.71,113.6,24.949999,NO2,1784
17.680000,24.280001,5.630000,16.709999,0.780000,26.680000,-2.740000,-3.010000,287.089996,94.720001,97289.468750,23.7,113.75,25.257143,PM2.5,1785
18.709999,25.790001,5.490000,17.190001,0.790000,24.809999,-1.900000,-2.620000,286.290009,97.489998,96284.078125,23.69,113.9,26.728571,PM2.5,1786
16.389999,23.790001,5.890000,18.730000,0.840000,21.610001,-0.760000,-3.270000,286.529999,95.489998,97423.218750,23.68,114.04,23.790001,PM10,1787
14.030000,21.629999,6.280000,19.790001,0.880000,19.639999,-0.950000,-3.350000,287.299988,92.959999,99434.023438,23.67,114.19,24.737501,NO2,1788
14.060000,22.110001,6.390000,20.940001,0.920000,16.639999,-2.140000,-4.550000,287.149994,92.970001,99205.320312,23.65,114.33,26.175001,NO2,1789
14.500000,22.719999,7.420000,24.940001,0.960000,14.710000,-1.860000,-4.170000,286.450012,96.519997,98195.578125,23.64,114.48,31.175001,NO2,1790
14.120000,22.660000,7.640000,26.190001,1.000000,14.650000,-0.890000,-5.420000,286.559998,95.389999,99441.062500,23.63,114.63,32.737499,NO2,1791
16.070000,24.040001,7.120000,20.309999,0.940000,24.010000,-1.680000,-4.580000,287.010010,94.970001,99296.867188,23.62,114.77,25.387499,NO2,1792
18.170000,26.090000,7.190000,20.120001,0.920000,27.120001,-2.410000,-2.900000,287.149994,97.089996,97730.273438,23.61,114.92,26.090000,PM10,1793
18.809999,26.809999,7.570000,20.900000,0.940000,29.219999,-2.130000,-2.810000,287.200012,97.209999,97357.968750,23.59,115.07,26.871428,PM2.5,1794
18.690001,27.990000,7.660000,23.520000,1.040000,25.070000,-1.870000,-3.160000,287.299988,96.500000,97589.296875,23.58,115.21,29.400002,NO2,1795
19.620001,29.330000,8.240000,24.900000,1.090000,25.879999,-2.430000,-1.650000,287.980011,94.650002,98529.476562,23.57,115.36,31.125000,NO2,1796
21.690001,31.879999,8.760000,26.469999,1.130000,25.930000,-3.960000,-0.080000,287.679993,95.750000,98651.546875,23.55,115.5,33.087498,NO2,1797
24.580000,34.740002,8.980000,28.500000,1.140000,24.730000,-4.390000,-0.950000,286.890015,98.720001,97481.148438,23.54,115.65,35.625000,NO2,1798
25.709999,35.500000,9.310000,29.930000,1.080000,22.410000,-2.510000,-3.590000,287.170013,96.559998,97219.078125,23.53,115.8,37.412498,NO2,1799
26.420000,37.330002,11.440000,35.240002,1.160000,15.730000,-0.440000,-4.970000,288.029999,92.180000,98911.617188,23.51,115.94,44.050003,NO2,1800
31.270000,44.410000,17.180000,44.130001,1.360000,5.760000,0.210000,-4.070000,288.450012,90.349998,101012.531250,23.5,116.09,55.162502,NO2,1801
41.689999,52.860001,21.510000,49.020000,1.570000,3.260000,-0.030000,-2.870000,288.540009,90.370003,101509.789062,23.49,116.23,61.275002,NO2,1802
43.889999,53.889999,21.020000,50.689999,1.640000,4.670000,-0.510000,-3.420000,288.850006,88.980003,101637.406250,23.47,116.38,63.362499,NO2,1803
45.650002,55.160000,20.650000,53.680000,1.740000,5.790000,-1.010000,-3.320000,288.809998,89.349998,101311.796875,23.46,116.52,67.099998,NO2,1804
44.040001,53.220001,17.129999,49.759998,1.740000,11.930000,-1.860000,-2.790000,289.179993,89.230003,101436.703125,23.44,116.67,62.199997,NO2,1805
39.099998,48.270000,12.200000,37.500000,1.530000,23.450001,-3.190000,-3.590000,289.450012,89.540001,101544.750000,23.43,116.82,55.125000,PM2.5,1806
14.160000,23.580000,9.070000,18.670000,0.770000,22.990000,-1.670000,-2.310000,286.850006,89.980003,100084.882812,23.95,112.0,23.580000,PM10,1907
13.310000,22.799999,9.110000,21.170000,0.800000,20.500000,-0.840000,-2.040000,287.149994,89.430000,100853.718750,23.94,112.15,26.462500,NO2,1908
15.220000,24.459999,8.590000,20.809999,0.770000,19.760000,-1.980000,-2.530000,287.399994,87.650002,99826.437500,23.94,112.29,26.012499,NO2,1909
16.290001,25.240000,8.360000,20.690001,0.770000,20.139999,-2.810000,-3.250000,286.519989,89.580002,97340.046875,23.93,112.44,25.862501,NO2,1910
17.719999,26.570000,7.880000,20.700001,0.790000,19.209999,-1.330000,-3.960000,285.399994,92.220001,96637.476562,23.92,112.59,26.570000,PM10,1911
14.220000,23.120001,7.180000,20.049999,0.850000,17.639999,-0.060000,-4.150000,285.279999,92.410004,98230.617188,23.91,112.73,25.062500,NO2,1912
13.090000,22.000000,6.690000,19.410000,0.880000,15.870000,-0.080000,-3.790000,285.829987,92.459999,99713.843750,23.9,112.88,24.262501,NO2,1913
13.530000,22.260000,6.920000,19.260000,0.870000,18.129999,-1.160000,-4.710000,286.170013,91.470001,99491.523438,23.89,113.03,24.075001,NO2,1914
13.710000,22.360001,7.260000,20.980000,0.900000,17.440001,-1.920000,-5.250000,286.239990,92.400002,98982.156250,23.88,113.17,26.224998,NO2,1915
12.730000,20.920000,7.470000,21.950001,0.920000,16.780001,-1.680000,-5.310000,286.420013,92.389999,99277.429688,23.87,113.32,27.437500,NO2,1916
13.420000,21.639999,6.790000,21.660000,0.900000,17.580000,-1.890000,-5.610000,286.660004,92.589996,99223.976562,23.86,113.47,27.075001,NO2,1917
15.600000,23.170000,6.220000,20.000000,0.860000,20.459999,-2.060000,-4.660000,286.420013,95.239998,98152.296875,23.84,113.61,25.000000,NO2,1918
17.600000,24.650000,5.550000,16.910000,0.800000,24.639999,-1.780000,-2.780000,286.320007,96.709999,97248.421875,23.83,113.76,25.142859,PM2.5,1919
17.799999,24.920000,5.560000,16.549999,0.810000,24.840000,-1.570000,-2.100000,286.049988,97.279999,96793.546875,23.82,113.91,25.428570,PM2.5,1920
16.889999,24.260000,5.890000,17.490000,0.840000,22.840000,-1.190000,-2.580000,286.130005,96.099998,96936.656250,23.81,114.05,24.260000,PM10,1921
15.230000,22.639999,6.330000,17.760000,0.860000,22.350000,-1.290000,-3.270000,286.570007,94.599998,97884.101562,23.8,114.2,22.639999,PM10,1922
14.810000,22.660000,6.400000,18.760000,0.900000,19.730000,-1.580000,-4.380000,286.269989,95.110001,98120.703125,23.79,114.35,23.450001,NO2,1923
13.820000,21.780001,7.630000,21.690001,0.940000,18.160000,-0.900000,-3.490000,285.790009,96.529999,98687.648438,23.78,114.49,27.112501,NO2,1924
12.430000,21.100000,7.710000,24.549999,1.020000,14.160000,-0.470000,-4.280000,286.029999,95.930000,99521.687500,23.76,114.64,30.687500,NO2,1925
14.160000,22.469999,7.360000,22.040001,0.980000,20.740000,-0.950000,-4.130000,286.429993,95.739998,99217.609375,23.75,114.79,27.550001,NO2,1926
16.629999,24.850000,7.280000,20.920000,0.950000,24.910000,-2.020000,-2.010000,286.910004,96.330002,98463.726562,23.74,114.93,26.150000,NO2,1927
18.120001,26.680000,7.260000,20.940001,0.950000,26.820000,-2.980000,-0.750000,286.619995,98.820000,97166.523438,23.73,115.08,26.680000,PM10,1928
18.389999,27.690001,7.430000,22.299999,1.010000,26.500000,-2.480000,-1.500000,286.260010,99.169998,96341.382812,23.71,115.23,27.875000,NO2,1929
18.700001,28.590000,7.880000,25.040001,1.070000,24.500000,-1.380000,-1.880000,286.820007,97.260002,97121.140625,23.7,115.37,31.300001,NO2,1930
19.370001,29.530001,8.330000,27.370001,1.120000,23.330000,-1.910000,-1.040000,287.899994,94.910004,98560.406250,23.69,115.52,34.212502,NO2,1931
21.860001,31.809999,8.550000,28.250000,1.130000,23.430000,-4.070000,-0.100000,288.220001,94.559998,98025.671875,23.67,115.66,35.312500,NO2,1932
26.270000,36.130001,8.780000,29.230000,1.110000,22.309999,-3.380000,-0.090000,286.769989,99.599998,94963.289062,23.66,115.81,37.528572,PM2.5,1933
27.559999,38.630001,10.200000,34.639999,1.150000,15.360000,0.190000,-2.630000,286.420013,98.650002,95285.226562,23.65,115.96,43.299999,NO2,1934
28.680000,40.439999,14.550000,39.029999,1.280000,12.880000,1.640000,-3.540000,287.910004,92.750000,99560.359375,23.63,116.1,48.787498,NO2,1935
36.810001,47.950001,20.309999,47.810001,1.500000,5.630000,0.390000,-3.330000,288.630005,90.269997,100932.750000,23.62,116.25,59.762501,NO2,1936
40.470001,50.570000,19.290001,47.619999,1.600000,7.020000,-0.540000,-4.130000,288.619995,90.000000,100550.906250,23.6,116.39,59.524998,NO2,1937
42.299999,51.180000,16.629999,45.990002,1.700000,9.970000,-0.630000,-3.440000,289.109985,87.730003,101410.460938,23.59,116.54,59.125000,PM2.5,1938
41.869999,49.610001,13.540000,43.110001,1.680000,14.060000,-1.510000,-2.990000,289.489990,86.550003,101578.562500,23.58,116.69,58.587498,PM2.5,1939
39.090000,46.939999,11.700000,37.970001,1.550000,19.469999,-2.660000,-3.360000,289.380005,87.290001,101493.343750,23.56,116.83,55.112499,PM2.5,1940
38.669998,47.349998,11.950000,38.889999,1.460000,21.719999,-3.510000,-4.000000,289.209991,88.470001,101261.429688,23.55,116.98,54.587498,PM2.5,1941
15.310000,24.719999,9.050000,16.049999,0.700000,26.450001,-1.600000,-3.510000,286.779999,88.620003,98543.796875,24.09,112.01,24.719999,PM10,2044
14.610000,24.299999,9.280000,18.459999,0.750000,23.129999,-1.740000,-3.150000,287.369995,87.330002,100300.203125,24.08,112.16,24.299999,PM10,2045
16.010000,25.559999,9.080000,18.650000,0.740000,22.370001,-2.700000,-4.010000,286.940002,87.389999,98462.851562,24.07,112.3,25.559999,PM10,2046
18.230000,27.320000,9.070000,19.809999,0.770000,21.969999,-2.210000,-3.250000,285.440002,93.510002,95690.226562,24.06,112.45,27.320000,PM10,2047
17.620001,26.920000,8.240000,20.059999,0.800000,20.139999,0.130000,-3.880000,284.859985,93.660004,95964.796875,24.05,112.6,26.920000,PM10,2048
12.740000,22.070000,7.500000,18.959999,0.840000,19.840000,0.850000,-3.860000,285.859985,89.739998,98938.101562,24.04,112.75,23.699999,NO2,2049
11.610000,20.840000,7.010000,19.410000,0.900000,16.490000,-0.570000,-2.730000,286.420013,90.449997,100329.750000,24.03,112.89,24.262501,NO2,2050
13.680000,22.520000,7.240000,19.110001,0.890000,18.299999,-2.080000,-3.570000,285.859985,92.339996,99260.476562,24.02,113.04,23.887501,NO2,2051
13.980000,22.680000,7.630000,20.969999,0.930000,17.150000,-2.480000,-4.280000,285.459991,94.360001,98606.750000,24.01,113.19,26.212500,NO2,2052
13.100000,21.790001,7.770000,22.360001,0.970000,15.420000,-1.980000,-4.870000,285.440002,95.160004,98588.726562,24.0,113.33,27.950001,NO2,2053
12.850000,21.299999,7.250000,22.520000,0.960000,15.930000,-1.500000,-4.670000,285.540009,95.910004,98325.992188,23.99,113.48,28.150002,NO2,2054
13.970000,21.809999,6.430000,20.170000,0.920000,19.129999,-1.110000,-3.800000,285.750000,96.300003,98426.656250,23.98,113.63,25.212500,NO2,2055
15.680000,22.889999,5.770000,17.010000,0.850000,23.389999,-1.240000,-2.620000,286.309998,95.760002,98173.960938,23.97,113.77,22.889999,PM10,2056
16.580000,23.680000,5.750000,16.330000,0.830000,25.500000,-1.730000,-2.050000,285.980011,96.599998,96887.789062,23.96,113.92,23.685715,PM2.5,2057
16.780001,24.049999,5.920000,16.510000,0.850000,23.920000,-1.480000,-2.600000,285.589996,96.570000,96357.718750,23.95,114.07,24.049999,PM10,2058
16.080000,23.510000,6.140000,16.190001,0.860000,23.860001,-1.090000,-2.990000,285.470001,96.480003,96826.859375,23.93,114.21,23.510000,PM10,2059
15.050000,22.700001,6.500000,17.110001,0.890000,22.469999,-0.690000,-3.600000,285.510010,96.540001,97373.007812,23.92,114.36,22.700001,PM10,2060
12.740000,20.629999,7.350000,19.260000,0.940000,20.680000,-0.470000,-3.410000,286.140015,94.379997,99069.953125,23.91,114.51,24.075001,NO2,2061
10.610000,19.180000,7.810000,22.410000,1.020000,16.830000,-0.920000,-3.730000,286.510010,93.500000,99989.570312,23.9,114.65,28.012501,NO2,2062
10.940000,19.750000,7.740000,23.910000,1.040000,17.030001,-0.910000,-4.160000,286.440002,94.809998,99483.242188,23.89,114.8,29.887501,NO2,2063
14.100000,22.690001,7.590000,21.950001,0.970000,22.530001,-0.910000,-2.840000,287.250000,93.220001,99668.328125,23.87,114.95,27.437500,NO2,2064
15.050000,23.830000,7.410000,20.559999,0.960000,25.790001,-2.230000,-0.980000,287.829987,92.540001,99343.507812,23.86,115.09,25.699999,NO2,2065
16.740000,26.020000,7.580000,21.639999,0.990000,27.120001,-3.070000,-0.020000,286.940002,97.099998,97117.156250,23.85,115.24,27.049999,NO2,2066
18.450001,28.290001,7.760000,25.030001,1.070000,23.889999,-1.580000,0.040000,286.299988,99.669998,95750.000000,23.83,115.39,31.287500,NO2,2067
18.049999,28.740000,8.210000,28.129999,1.140000,19.920000,0.080000,-0.810000,287.119995,97.669998,97549.617188,23.82,115.53,35.162498,NO2,2068
19.180000,29.910000,8.810000,29.360001,1.140000,19.510000,-0.660000,-1.580000,288.220001,93.489998,99043.406250,23.81,115.68,36.700001,NO2,2069
23.559999,33.619999,9.100000,29.059999,1.110000,21.809999,-2.250000,1.610000,287.779999,95.320000,96678.343750,23.79,115.83,36.325001,NO2,2070
27.299999,38.099998,10.770000,32.619999,1.170000,18.959999,-1.130000,1.070000,286.160004,99.860001,95505.257812,23.78,115.97,40.774998,NO2,2071
29.299999,40.889999,14.870000,40.220001,1.320000,11.860000,0.230000,-1.600000,286.829987,97.260002,97639.492188,23.77,116.12,50.275002,NO2,2072
34.619999,46.360001,18.129999,46.430000,1.480000,6.680000,-0.650000,-2.260000,287.339996,96.199997,97744.093750,23.75,116.26,58.037498,NO2,2073
36.970001,47.599998,17.030001,45.939999,1.530000,8.500000,-0.830000,-2.950000,287.529999,95.309998,98230.750000,23.74,116.41,57.424999,NO2,2074
37.709999,46.470001,14.600000,42.040001,1.590000,13.390000,-0.620000,-3.870000,288.880005,89.410004,100081.343750,23.72,116.56,53.387497,PM2.5,2075
38.070000,45.180000,12.110000,39.520000,1.570000,15.650000,-1.080000,-4.350000,289.309998,87.070000,100409.156250,23.71,116.7,53.837502,PM2.5,2076
36.400002,43.080002,10.630000,35.480000,1.460000,19.450001,-1.620000,-3.690000,289.170013,87.360001,100855.656250,23.69,116.85,51.750000,PM2.5,2077
35.320000,42.189999,10.720000,34.490002,1.370000,21.870001,-2.510000,-3.380000,289.369995,86.570000,101062.539062,23.68,116.99,50.400002,PM2.5,2078
18.309999,27.639999,9.480000,14.590000,0.670000,29.790001,-0.810000,-4.160000,285.660004,91.410004,95701.031250,24.22,112.02,27.639999,PM10,2185
16.150000,25.930000,9.550000,16.799999,0.720000,26.110001,-1.950000,-4.350000,286.670013,87.889999,97802.343750,24.21,112.17,25.930000,PM10,2186
18.270000,28.200001,9.490000,17.760000,0.750000,22.969999,-2.530000,-4.670000,285.480011,91.669998,96400.343750,24.2,112.31,28.200001,PM10,2187
18.950001,28.930000,9.280000,20.010000,0.780000,20.549999,-1.140000,-3.460000,284.480011,95.120003,95704.273438,24.19,112.46,28.930000,PM10,2188
16.889999,26.730000,8.820000,19.320000,0.800000,22.090000,0.970000,-3.190000,284.799988,92.750000,96991.609375,24.19,112.61,26.730000,PM10,2189
13.210000,22.840000,8.060000,18.520000,0.840000,22.320000,1.360000,-2.890000,285.859985,90.029999,98752.039062,24.18,112.76,23.150002,NO2,2190
12.210000,21.820000,7.620000,19.459999,0.910000,17.730000,-0.300000,-1.470000,286.380005,90.879997,99956.750000,24.17,112.9,24.324999,NO2,2191
13.470000,22.719999,7.970000,19.260000,0.920000,18.820000,-1.710000,-1.610000,286.209991,91.089996,100131.476562,24.16,113.05,24.075001,NO2,2192
13.020000,21.900000,8.390000,20.730000,0.960000,19.000000,-2.320000,-2.690000,286.100006,91.480003,100092.000000,24.15,113.2,25.912498,NO2,2193
12.280000,21.020000,8.420000,21.889999,1.010000,17.010000,-2.020000,-4.090000,285.869995,92.970001,99812.062500,24.13,113.34,27.362499,NO2,2194
11.740000,20.320000,7.820000,22.889999,1.010000,16.129999,-1.050000,-3.800000,285.630005,94.800003,99199.718750,24.12,113.49,28.612499,NO2,2195
11.180000,19.320000,6.710000,20.760000,0.970000,18.709999,-0.730000,-3.480000,286.179993,93.820000,99573.593750,24.11,113.64,25.950001,NO2,2196
12.040000,19.660000,6.170000,18.030001,0.930000,22.340000,-1.190000,-2.750000,286.529999,93.570000,99484.671875,24.1,113.79,23.250000,CO,2197
14.230000,21.540001,6.030000,16.610001,0.890000,24.750000,-1.880000,-1.700000,285.890015,95.690002,97309.671875,24.09,113.93,22.250000,CO,2198
15.820000,23.049999,6.280000,15.980000,0.870000,25.549999,-1.310000,-2.360000,285.000000,97.610001,95926.351562,24.08,114.08,23.049999,PM10,2199
13.810000,21.190001,6.700000,16.309999,0.890000,25.750000,-0.620000,-2.850000,285.350006,95.540001,97074.898438,24.07,114.23,22.250000,CO,2200
12.620000,20.270000,6.880000,17.430000,0.920000,23.170000,-1.000000,-3.400000,285.799988,94.739998,98151.687500,24.06,114.37,23.000000,CO,2201
11.760000,19.480000,7.890000,19.350000,0.940000,22.889999,-1.000000,-3.700000,286.000000,93.940002,98426.296875,24.04,114.52,24.187500,NO2,2202
9.400000,18.020000,8.430000,22.620001,1.030000,18.250000,-1.130000,-4.050000,286.350006,92.839996,99249.250000,24.03,114.67,28.275002,NO2,2203
8.580000,17.799999,8.310000,24.559999,1.070000,16.540001,-1.560000,-4.440000,286.339996,93.910004,99555.398438,24.02,114.81,30.699999,NO2,2204
10.620000,20.129999,8.300000,23.760000,1.040000,18.900000,-1.650000,-3.950000,286.750000,93.620003,99075.539062,24.01,114.96,29.700001,NO2,2205
13.410000,22.680000,7.760000,21.420000,0.990000,23.219999,-1.700000,-3.210000,287.209991,92.930000,99073.382812,23.99,115.11,26.775000,NO2,2206
14.090000,23.879999,8.100000,23.389999,1.030000,23.790001,-1.750000,-1.560000,286.869995,95.760002,97967.546875,23.98,115.25,29.237499,NO2,2207
16.150000,25.889999,8.490000,24.660000,1.050000,25.030001,-0.800000,-0.010000,286.559998,98.199997,96992.460938,23.97,115.4,30.825001,NO2,2208
14.840000,26.520000,8.610000,27.850000,1.150000,18.709999,0.720000,-1.080000,286.880005,96.400002,98475.031250,23.96,115.55,34.812500,NO2,2209
15.710000,27.950001,9.510000,30.250000,1.170000,16.790001,1.360000,-2.660000,287.329987,93.839996,99852.281250,23.94,115.69,37.812500,NO2,2210
20.600000,31.059999,9.680000,30.600000,1.160000,19.250000,0.200000,-0.400000,288.350006,92.279999,99612.468750,23.93,115.84,38.250000,NO2,2211
24.540001,34.060001,11.260000,31.510000,1.130000,23.250000,-1.190000,1.270000,287.609985,95.980003,97869.898438,23.91,115.99,39.387501,NO2,2212
29.139999,39.360001,13.700000,37.650002,1.290000,17.219999,-0.680000,0.330000,286.739990,98.980003,96333.406250,23.9,116.13,47.062500,NO2,2213
32.119999,42.549999,13.840000,39.709999,1.380000,13.460000,-0.600000,-0.170000,287.089996,97.489998,97020.031250,23.89,116.28,49.637497,NO2,2214
33.130001,42.259998,12.000000,35.410000,1.380000,17.600000,-2.040000,-0.650000,287.859985,95.220001,98112.156250,23.87,116.43,47.328571,PM2.5,2215
34.650002,42.730000,10.190000,34.549999,1.420000,18.180000,-2.110000,-2.510000,287.790009,95.360001,97073.710938,23.86,116.57,49.500004,PM2.5,2216
36.040001,43.369999,9.250000,34.349998,1.450000,17.290001,-0.400000,-3.810000,287.619995,94.320000,97237.773438,23.84,116.72,51.300003,PM2.5,2217
34.810001,41.119999,9.210000,32.000000,1.380000,20.040001,-0.090000,-3.500000,288.739990,89.110001,99918.218750,23.83,116.86,49.728573,PM2.5,2218
33.639999,39.610001,9.090000,30.420000,1.310000,21.780001,-1.820000,-3.310000,289.350006,87.180000,100207.976562,23.81,117.01,48.057140,PM2.5,2219
19.840000,29.639999,9.750000,15.210000,0.700000,29.100000,-1.120000,-3.690000,284.950012,93.790001,94344.906250,24.35,112.18,29.639999,PM10,2329
20.450001,30.840000,9.990000,18.260000,0.750000,22.950001,-0.510000,-3.520000,284.399994,95.720001,94717.468750,24.34,112.32,30.840000,PM10,2330
18.340000,29.230000,9.990000,19.660000,0.790000,22.270000,0.380000,-3.580000,284.720001,92.849998,96914.687500,24.33,112.47,29.230000,PM10,2331
15.510000,26.080000,9.410000,18.790001,0.800000,25.120001,1.000000,-2.980000,285.660004,88.989998,98671.382812,24.32,112.62,26.080000,PM10,2332
15.740000,25.450001,8.380000,17.139999,0.780000,26.990000,0.860000,-1.800000,286.089996,89.599998,98514.968750,24.31,112.77,25.450001,PM10,2333
15.170000,25.040001,8.370000,18.330000,0.850000,23.389999,-0.090000,-0.350000,286.489990,91.070000,99497.273438,24.3,112.91,25.040001,PM10,2334
14.610000,24.170000,8.790000,18.480000,0.920000,23.150000,-0.870000,-1.080000,286.790009,89.779999,100469.906250,24.29,113.06,24.170000,PM10,2335
12.870000,22.110001,9.190000,20.590000,0.990000,22.129999,-1.650000,-2.720000,286.929993,88.330002,100390.273438,24.28,113.21,25.737499,NO2,2336
12.050000,21.090000,8.790000,21.730000,1.030000,18.950001,-1.910000,-4.590000,286.690002,89.269997,100672.132812,24.27,113.36,27.162498,NO2,2337
11.470000,20.190001,8.260000,23.000000,1.020000,17.790001,-1.340000,-4.310000,286.359985,91.750000,100132.640625,24.26,113.5,28.750000,NO2,2338
10.350000,18.600000,7.130000,20.639999,0.990000,19.820000,-1.250000,-4.000000,286.579987,91.410004,99486.867188,24.25,113.65,25.799999,NO2,2339
10.230000,17.969999,6.610000,17.980000,0.970000,23.030001,-1.340000,-3.130000,286.720001,91.660004,99793.546875,24.24,113.8,24.250000,CO,2340
11.700000,19.120001,6.580000,16.670000,0.930000,25.750000,-1.700000,-2.010000,286.450012,93.040001,98999.953125,24.23,113.95,23.250000,CO,2341
14.210000,21.340000,6.750000,15.640000,0.890000,28.010000,-1.850000,-2.000000,285.399994,96.279999,96860.812500,24.21,114.09,22.250000,CO,2342
13.940000,20.889999,7.290000,15.660000,0.870000,30.590000,-1.110000,-2.670000,285.329987,96.099998,96250.718750,24.2,114.24,21.750000,CO,2343
11.960000,19.540001,7.150000,17.780001,0.930000,24.330000,-1.090000,-4.220000,286.119995,93.059998,97661.757812,24.19,114.39,23.250000,CO,2344
11.680000,19.610001,7.800000,19.480000,0.960000,22.330000,-1.480000,-4.710000,285.959991,93.300003,98054.976562,24.18,114.53,24.349998,NO2,2345
9.790000,18.780001,8.460000,22.549999,1.040000,18.059999,-1.300000,-4.780000,285.920013,93.379997,98230.796875,24.17,114.68,28.187500,NO2,2346
7.900000,17.500000,8.960000,24.170000,1.080000,17.309999,-1.630000,-4.540000,286.279999,92.330002,99452.000000,24.15,114.83,30.212500,NO2,2347
9.370000,19.570000,9.210000,24.690001,1.080000,17.840000,-2.070000,-4.180000,285.809998,95.050003,98751.039062,24.14,114.97,30.862501,NO2,2348
10.710000,21.520000,8.930000,25.150000,1.080000,18.059999,-1.340000,-3.840000,285.630005,97.239998,97789.382812,24.13,115.12,31.437500,NO2,2349
9.480000,21.410000,9.480000,28.000000,1.140000,17.190001,-0.280000,-3.070000,285.940002,96.470001,98524.406250,24.12,115.27,35.000000,NO2,2350
10.160000,22.959999,9.450000,28.450001,1.170000,17.740000,0.280000,-1.890000,286.489990,95.699997,99067.289062,24.1,115.41,35.562500,NO2,2351
10.030000,23.879999,9.600000,29.639999,1.230000,16.000000,0.690000,-1.950000,286.850006,94.459999,99618.726562,24.09,115.56,37.049999,NO2,2352
13.250000,26.629999,10.170000,30.200001,1.200000,16.059999,0.670000,-2.360000,287.480011,92.629997,100098.148438,24.08,115.71,37.750000,NO2,2353
17.690001,29.360001,10.300000,30.760000,1.160000,18.410000,0.190000,-1.810000,288.380005,90.779999,100424.421875,24.06,115.86,38.450001,NO2,2354
22.540001,32.779999,11.080000,31.750000,1.150000,20.490000,-0.750000,-0.590000,288.279999,92.940002,98916.476562,24.05,116.0,39.687500,NO2,2355
27.549999,37.160000,12.460000,35.630001,1.240000,19.910000,-0.830000,0.980000,287.029999,98.080002,96434.562500,24.03,116.15,44.537502,NO2,2356
30.110001,39.759998,11.880000,35.980000,1.320000,16.459999,-0.310000,0.440000,287.410004,96.339996,97564.406250,24.02,116.29,44.974998,NO2,2357
30.670000,39.279999,10.350000,32.500000,1.320000,18.980000,-1.740000,0.440000,288.519989,93.519997,98021.976562,24.01,116.44,43.814285,PM2.5,2358
33.660000,41.570000,9.040000,30.900000,1.370000,19.450001,-1.980000,0.760000,287.149994,98.860001,95182.406250,23.99,116.59,48.085712,PM2.5,2359
35.939999,43.419998,8.390000,31.520000,1.410000,17.160000,0.100000,-0.800000,286.399994,99.410004,95680.781250,23.98,116.73,51.174999,PM2.5,2360
34.389999,40.950001,8.040000,28.209999,1.320000,20.520000,0.030000,-2.570000,288.070007,92.129997,98815.359375,23.96,116.88,49.128571,PM2.5,2361
20.200001,30.340000,10.610000,13.170000,0.650000,31.969999,-2.480000,-0.470000,285.500000,92.690002,94754.093750,24.49,112.04,30.340000,PM10,2473
21.680000,31.969999,10.480000,15.640000,0.700000,29.370001,-0.930000,-1.190000,284.140015,97.830002,92765.671875,24.48,112.19,31.969999,PM10,2474
20.299999,31.780001,10.880000,17.770000,0.770000,24.110001,0.240000,-2.220000,284.519989,94.800003,95356.632812,24.47,112.33,31.780001,PM10,2475
18.440001,30.190001,10.760000,18.790001,0.800000,24.309999,0.110000,-3.160000,285.119995,90.650002,97939.406250,24.46,112.48,30.190001,PM10,2476
17.530001,28.350000,9.900000,17.540001,0.770000,28.209999,0.130000,-3.180000,285.899994,88.529999,98109.773438,24.45,112.63,28.350000,PM10,2477
17.709999,27.219999,8.840000,15.190000,0.710000,32.520000,-0.320000,-1.910000,286.619995,87.760002,98064.140625,24.44,112.78,27.219999,PM10,2478
17.040001,26.590000,9.070000,16.139999,0.770000,30.100000,-0.870000,-1.110000,286.709991,89.459999,98309.562500,24.43,112.93,26.590000,PM10,2479
17.150000,26.500000,9.180000,16.250000,0.840000,30.340000,-1.080000,-2.330000,286.220001,90.949997,97364.296875,24.42,113.07,26.500000,PM10,2480
15.530000,24.920000,9.580000,18.889999,0.950000,27.590000,-0.880000,-3.720000,286.040009,90.419998,97073.390625,24.41,113.22,24.920000,PM10,2481
13.740000,23.260000,9.100000,20.740000,1.040000,21.270000,-1.110000,-5.270000,286.250000,89.370003,99343.382812,24.4,113.37,26.000000,CO,2482
12.980000,22.030001,8.930000,23.500000,1.030000,18.280001,-1.320000,-4.900000,285.989990,91.820000,99629.023438,24.39,113.52,29.375000,NO2,2483
11.680000,20.180000,7.680000,20.370001,0.990000,21.910000,-1.100000,-4.230000,285.839996,93.370003,98162.867188,24.38,113.66,25.462502,NO2,2484
10.440000,18.340000,7.050000,16.709999,0.960000,26.350000,-1.070000,-3.140000,286.390015,91.910004,98706.476562,24.37,113.81,24.000000,CO,2485
10.840000,18.360001,7.230000,16.270000,0.950000,28.930000,-1.010000,-2.480000,286.730011,91.570000,99377.140625,24.36,113.96,23.750000,CO,2486
12.290000,19.520000,7.240000,15.890000,0.920000,30.100000,-1.590000,-2.260000,286.489990,92.349998,98493.156250,24.35,114.1,23.000000,CO,2487
14.220000,21.209999,7.530000,14.730000,0.870000,33.360001,-2.020000,-2.300000,285.559998,95.800003,95899.593750,24.34,114.25,21.750000,CO,2488
13.760000,21.250000,7.440000,17.129999,0.930000,26.469999,-1.130000,-4.020000,285.190002,96.320000,95346.601562,24.32,114.4,23.250000,CO,2489
13.360000,21.250000,8.100000,18.690001,0.950000,24.690001,-0.740000,-5.150000,285.399994,94.690002,96801.671875,24.31,114.55,23.750000,CO,2490
12.010000,20.950001,8.770000,21.549999,1.020000,20.590000,-0.810000,-5.230000,285.429993,94.449997,97179.742188,24.3,114.69,26.937500,NO2,2491
10.470000,19.840000,9.400000,23.090000,1.040000,20.219999,-0.880000,-4.810000,286.089996,92.099998,98504.546875,24.29,114.84,28.862499,NO2,2492
11.260000,21.250000,9.860000,23.889999,1.050000,20.190001,-1.230000,-4.230000,285.980011,93.120003,99464.773438,24.28,114.99,29.862499,NO2,2493
12.340000,22.990000,9.870000,24.360001,1.040000,20.620001,-0.760000,-3.660000,285.549988,95.870003,99106.796875,24.26,115.14,30.450001,NO2,2494
10.880000,22.639999,10.470000,26.160000,1.090000,20.840000,-0.100000,-2.940000,286.010010,94.830002,99189.546875,24.25,115.28,32.700001,NO2,2495
10.670000,23.530001,10.240000,26.990000,1.130000,19.920000,-0.150000,-2.490000,286.679993,93.489998,99443.359375,24.24,115.43,33.737499,NO2,2496
11.770000,25.100000,10.040000,27.320000,1.150000,18.790001,-0.470000,-2.500000,287.239990,92.169998,99791.132812,24.22,115.58,34.150002,NO2,2497
14.890000,28.120001,9.740000,28.240000,1.160000,16.809999,-0.820000,-2.700000,287.549988,91.800003,99671.757812,24.21,115.72,35.299999,NO2,2498
17.070000,29.540001,10.610000,29.389999,1.130000,17.629999,-0.760000,-2.380000,287.700012,92.099998,99347.898438,24.2,115.87,36.737499,NO2,2499
21.629999,32.759998,11.390000,32.810001,1.170000,15.900000,-0.390000,-2.390000,287.779999,93.070000,99156.523438,24.18,116.02,41.012501,NO2,2500
25.459999,35.130001,11.880000,34.029999,1.200000,18.850000,-0.640000,0.050000,287.480011,96.160004,97544.679688,24.17,116.16,42.537498,NO2,2501
28.410000,37.660000,11.290000,34.360001,1.250000,18.090000,-0.220000,0.450000,287.130005,97.889999,96761.289062,24.15,116.31,42.950001,NO2,2502
28.730000,37.369999,9.520000,31.360001,1.260000,17.780001,-0.050000,0.290000,288.100006,95.089996,97402.968750,24.14,116.46,41.042858,PM2.5,2503
30.280001,38.020000,8.450000,28.110001,1.280000,19.920000,-0.970000,1.370000,287.899994,94.900002,96951.226562,24.13,116.6,43.257145,PM2.5,2504
32.639999,39.889999,7.780000,26.450001,1.270000,20.469999,-1.020000,0.730000,287.040009,96.879997,97233.773438,24.11,116.75,46.628571,PM2.5,2505
32.990002,39.779999,7.280000,25.110001,1.230000,21.170000,-1.290000,-1.410000,287.480011,94.669998,97533.406250,24.1,116.9,47.128574,PM2.5,2506
20.459999,31.540001,12.060000,13.490000,0.660000,30.780001,-1.910000,-0.900000,285.769989,90.989998,95361.882812,24.63,112.05,31.540001,PM10,2618
20.900000,32.340000,12.170000,16.530001,0.720000,28.320000,-0.920000,-0.030000,284.739990,95.760002,93663.390625,24.62,112.2,32.340000,PM10,2619
19.830000,32.520000,12.840000,18.900000,0.800000,23.510000,-0.150000,-1.740000,284.920013,92.349998,96474.656250,24.61,112.34,32.520000,PM10,2620
19.610001,31.950001,12.490000,18.750000,0.800000,25.740000,-0.470000,-2.570000,285.140015,90.449997,97767.359375,24.6,112.49,31.950001,PM10,2621
19.920000,30.790001,11.360000,16.059999,0.740000,31.559999,-0.980000,-3.160000,285.670013,89.459999,96643.046875,24.59,112.64,30.790001,PM10,2622
20.670000,29.790001,10.390000,13.690000,0.680000,37.040001,-1.150000,-3.080000,285.920013,89.040001,95731.867188,24.58,112.79,29.790001,PM10,2623
20.240000,29.219999,10.430000,15.310000,0.730000,33.849998,-0.580000,-2.490000,285.769989,90.540001,95155.367188,24.57,112.94,29.219999,PM10,2624
20.270000,29.590000,10.410000,16.049999,0.810000,32.459999,-0.260000,-2.300000,285.209991,93.300003,94458.367188,24.56,113.08,29.590000,PM10,2625
19.540001,29.450001,10.360000,18.059999,0.940000,28.900000,0.080000,-3.220000,284.880005,94.230003,94774.796875,24.55,113.23,29.450001,PM10,2626
17.719999,27.590000,10.040000,20.270000,1.040000,22.760000,-0.070000,-4.650000,285.359985,91.970001,98051.351562,24.54,113.38,27.590000,PM10,2627
15.790000,25.090000,10.490000,25.260000,1.060000,17.770000,-0.610000,-4.240000,285.600006,92.690002,99753.546875,24.53,113.53,31.575001,NO2,2628
14.460000,22.799999,8.770000,20.879999,0.990000,23.490000,-0.950000,-3.680000,285.480011,94.389999,98226.750000,24.52,113.67,26.099998,NO2,2629
13.520000,21.010000,7.820000,15.380000,0.930000,30.670000,-1.150000,-2.930000,285.760010,93.989998,97410.093750,24.5,113.82,23.250000,CO,2630
12.940000,20.180000,7.850000,14.580000,0.920000,33.599998,-1.100000,-2.600000,286.230011,92.790001,97864.726562,24.49,113.97,23.000000,CO,2631
13.030000,20.260000,7.700000,15.270000,0.930000,32.110001,-1.770000,-2.860000,286.579987,91.489998,98235.906250,24.48,114.12,23.250000,CO,2632
14.550000,21.900000,7.710000,14.810000,0.910000,31.389999,-2.520000,-2.380000,285.679993,94.930000,96061.398438,24.47,114.27,22.750000,CO,2633
15.690000,23.219999,7.950000,16.180000,0.930000,28.830000,-1.530000,-2.110000,284.760010,98.379997,94436.726562,24.46,114.41,23.250000,CO,2634
15.350000,23.389999,8.620000,18.400000,0.980000,25.559999,-0.630000,-3.690000,284.459991,97.779999,95404.570312,24.45,114.56,24.500000,CO,2635
14.930000,23.790001,9.310000,21.110001,1.020000,22.290001,-0.670000,-4.260000,284.519989,97.349998,95769.976562,24.43,114.71,26.387501,NO2,2636
15.160000,23.860001,10.180000,22.230000,1.000000,24.180000,-0.180000,-4.290000,285.079987,95.199997,96606.406250,24.42,114.85,27.787498,NO2,2637
14.470000,23.840000,10.440000,23.030001,1.000000,23.559999,0.020000,-4.350000,285.839996,92.620003,98495.796875,24.41,115.0,28.787500,NO2,2638
14.570000,24.610001,10.010000,22.889999,0.990000,23.900000,0.010000,-3.990000,286.190002,92.510002,99799.453125,24.4,115.15,28.612499,NO2,2639
14.450000,25.450001,9.670000,23.410000,1.010000,23.170000,-0.250000,-2.960000,286.380005,93.029999,99582.617188,24.38,115.3,29.262501,NO2,2640
14.880000,26.780001,9.430000,24.320000,1.050000,21.570000,-0.630000,-2.550000,286.540009,93.349998,98951.406250,24.37,115.44,30.400000,NO2,2641
16.139999,28.450001,9.580000,25.059999,1.060000,19.959999,-1.000000,-3.320000,286.980011,91.900002,99129.601562,24.36,115.59,31.324999,NO2,2642
17.950001,30.320000,9.760000,25.639999,1.080000,19.160000,-1.520000,-3.500000,286.970001,92.400002,98860.898438,24.34,115.74,32.049999,NO2,2643
19.780001,31.700001,10.710000,26.629999,1.080000,18.840000,-1.130000,-3.180000,286.660004,94.529999,98390.546875,24.33,115.89,33.287498,NO2,2644
21.400000,33.200001,12.220000,32.820000,1.160000,13.210000,-0.500000,-3.200000,287.250000,93.320000,99171.953125,24.32,116.03,41.025002,NO2,2645
23.730000,34.580002,11.640000,34.570000,1.210000,12.110000,-0.530000,-1.480000,287.690002,93.610001,99083.203125,24.3,116.18,43.212502,NO2,2646
25.879999,35.750000,10.190000,32.340000,1.210000,14.800000,-0.320000,-0.370000,287.410004,95.680000,97937.312500,24.29,116.33,40.424999,NO2,2647
26.059999,34.990002,8.960000,29.480000,1.190000,17.150000,-0.220000,-0.690000,287.899994,93.550003,98413.351562,24.27,116.47,37.228569,PM2.5,2648
26.540001,34.240002,7.950000,25.459999,1.170000,20.879999,-0.820000,-0.250000,288.359985,91.089996,98981.773438,24.26,116.62,37.914288,PM2.5,2649
28.690001,35.820000,7.300000,23.600000,1.170000,22.010000,-1.610000,-0.030000,287.980011,92.239998,98538.906250,24.24,116.77,40.985714,PM2.5,2650
30.360001,37.189999,6.830000,22.290001,1.130000,22.730000,-1.950000,-0.990000,287.329987,94.290001,96794.773438,24.23,116.91,43.371429,PM2.5,2651
23.129999,35.299999,13.380000,13.620000,0.680000,30.540001,-1.060000,-1.380000,284.690002,94.489998,94213.671875,24.76,112.06,35.299999,PM10,2763
21.730000,34.400002,13.920000,17.370001,0.750000,26.219999,-0.780000,-0.760000,284.940002,93.849998,94940.453125,24.75,112.21,34.400002,PM10,2764
20.440001,33.990002,14.600000,19.650000,0.830000,23.219999,-0.820000,-1.240000,285.380005,89.360001,97816.539062,24.74,112.36,33.990002,PM10,2765
20.340000,33.040001,14.570000,19.230000,0.810000,26.580000,-1.060000,-2.090000,285.380005,89.699997,97689.617188,24.73,112.5,33.040001,PM10,2766
20.840000,32.040001,13.380000,16.610001,0.760000,31.700001,-1.940000,-3.250000,285.190002,91.239998,95582.093750,24.72,112.65,32.040001,PM10,2767
22.559999,32.040001,11.730000,13.370000,0.700000,36.590000,-1.570000,-3.530000,284.489990,93.760002,93325.617188,24.71,112.8,32.228569,PM2.5,2768
22.510000,31.610001,12.050000,15.450000,0.750000,34.279999,0.610000,-2.930000,284.010010,95.370003,91900.742188,24.7,112.95,32.157143,PM2.5,2769
21.780001,31.379999,11.780000,16.350000,0.830000,32.169998,1.390000,-1.610000,284.619995,93.940002,93436.921875,24.69,113.1,31.379999,PM10,2770
20.430000,30.900000,11.450000,18.070000,0.960000,28.820000,0.320000,-2.800000,284.970001,92.239998,95768.226562,24.68,113.24,30.900000,PM10,2771
19.150000,29.540001,11.190000,20.410000,1.080000,23.270000,-0.050000,-3.710000,285.119995,91.419998,98483.343750,24.67,113.39,29.540001,PM10,2772
16.969999,26.930000,12.120000,27.120001,1.130000,15.380000,-0.180000,-3.270000,285.779999,91.230003,100342.257812,24.66,113.54,33.900002,NO2,2773
16.469999,24.879999,9.860000,20.680000,1.020000,23.980000,-0.920000,-3.070000,285.559998,93.709999,99029.648438,24.65,113.69,25.850000,NO2,2774
15.580000,23.290001,7.930000,14.760000,0.940000,30.820000,-1.520000,-2.510000,285.329987,95.430000,96761.000000,24.64,113.83,23.500000,CO,2775
15.620000,22.850000,8.250000,13.640000,0.920000,35.139999,-1.450000,-2.090000,285.220001,96.050003,95943.546875,24.63,113.98,23.000000,CO,2776
15.490000,22.750000,8.220000,13.940000,0.940000,34.590000,-1.170000,-2.250000,285.250000,96.320000,95725.179688,24.62,114.13,23.500000,CO,2777
16.230000,23.790001,8.200000,13.790000,0.930000,33.160000,-1.160000,-1.570000,285.029999,97.180000,95250.679688,24.6,114.28,23.790001,PM10,2778
18.420000,27.190001,10.490000,20.500000,1.000000,26.549999,-0.160000,-2.700000,284.220001,98.120003,95480.593750,24.56,114.87,27.190001,PM10,2782
18.400000,27.590000,10.750000,21.510000,0.990000,25.730000,0.560000,-3.320000,284.660004,96.440002,96866.882812,24.54,115.02,27.590000,PM10,2783
18.219999,27.629999,10.680000,20.719999,0.940000,28.600000,0.680000,-3.640000,285.640015,93.599998,98736.093750,24.53,115.16,27.629999,PM10,2784
17.850000,27.950001,10.280000,20.900000,0.950000,27.690001,-0.010000,-3.360000,286.380005,91.919998,99125.539062,24.52,115.31,27.950001,PM10,2785
18.040001,29.049999,10.050000,21.980000,0.990000,25.389999,-0.980000,-2.780000,286.470001,93.089996,98451.921875,24.5,115.46,29.049999,PM10,2786
19.389999,31.020000,9.970000,23.540001,1.020000,22.080000,-1.410000,-3.290000,286.140015,94.959999,97492.906250,24.49,115.61,31.020000,PM10,2787
20.440001,32.299999,10.260000,24.780001,1.050000,20.590000,-1.230000,-3.630000,285.940002,95.480003,97423.398438,24.48,115.75,32.299999,PM10,2788
20.590000,32.509998,10.740000,26.049999,1.060000,18.510000,-0.960000,-3.840000,286.179993,94.620003,98383.218750,24.46,115.9,32.562500,NO2,2789
20.760000,32.480000,12.550000,31.719999,1.110000,15.000000,-0.840000,-2.970000,286.859985,93.150002,99024.453125,24.45,116.05,39.649998,NO2,2790
21.760000,32.790001,11.840000,32.270000,1.120000,13.680000,-0.840000,-2.410000,287.489990,91.510002,99523.843750,24.44,116.19,40.337502,NO2,2791
22.340000,32.250000,10.510000,29.340000,1.090000,17.020000,-0.680000,-1.790000,287.739990,91.220001,99553.773438,24.42,116.34,36.674999,NO2,2792
23.100000,31.799999,9.010000,25.230000,1.060000,21.530001,-0.400000,-1.740000,287.929993,90.970001,99427.843750,24.41,116.49,33.000000,PM2.5,2793
23.639999,31.260000,7.830000,22.680000,1.060000,23.520000,-0.790000,-1.040000,288.399994,89.660004,99293.640625,24.39,116.64,33.771427,PM2.5,2794
25.510000,32.380001,7.170000,21.480000,1.050000,24.650000,-1.850000,-0.600000,288.100006,91.029999,97865.171875,24.38,116.78,36.442856,PM2.5,2795
24.290001,38.490002,14.760000,17.219999,0.770000,27.110001,-1.040000,-1.950000,285.019989,90.309998,97018.453125,24.89,112.22,38.490002,PM10,2909
21.180000,36.049999,16.200001,20.040001,0.840000,24.400000,-1.000000,-1.780000,286.429993,84.360001,99723.343750,24.88,112.37,36.049999,PM10,2910
20.830000,34.619999,16.129999,20.000000,0.830000,26.480000,-1.850000,-2.440000,285.839996,87.669998,98137.257812,24.87,112.51,34.619999,PM10,2911
21.709999,33.880001,14.980000,18.230000,0.790000,29.639999,-2.470000,-2.370000,284.290009,95.290001,94264.226562,24.86,112.66,33.880001,PM10,2912
23.730000,33.790001,13.210000,14.680000,0.730000,34.270000,-1.250000,-1.720000,283.279999,98.949997,91708.898438,24.85,112.81,33.899998,PM2.5,2913
25.290001,35.040001,13.290000,16.350000,0.780000,32.860001,1.720000,-1.580000,282.809998,99.989998,90149.718750,24.84,112.96,36.128574,PM2.5,2914
23.090000,32.590000,13.630000,15.930000,0.810000,35.740002,2.920000,-1.540000,284.149994,96.099998,92228.156250,24.83,113.11,32.985714,PM2.5,2915
20.879999,32.080002,12.500000,18.230000,0.990000,29.709999,1.170000,-3.660000,284.970001,91.209999,95847.726562,24.82,113.25,32.080002,PM10,2916
18.219999,29.510000,12.970000,21.900000,1.150000,23.980000,0.170000,-3.090000,285.359985,89.629997,98817.390625,24.81,113.4,29.510000,PM10,2917
17.650000,28.549999,14.110000,27.049999,1.210000,15.200000,-0.220000,-2.120000,286.019989,89.300003,100680.273438,24.8,113.55,33.812500,NO2,2918
17.969999,26.750000,11.370000,19.820000,1.070000,24.500000,-0.850000,-2.470000,285.859985,91.559998,100048.078125,24.78,113.7,26.750002,CO,2919
16.510000,24.440001,8.480000,14.180000,0.960000,32.230000,-1.620000,-1.850000,285.359985,94.529999,97471.937500,24.77,113.85,24.440001,PM10,2920
16.280001,23.910000,8.570000,13.770000,0.950000,34.849998,-1.690000,-1.120000,284.779999,97.360001,95300.531250,24.76,114.0,23.910000,PM10,2921
16.650000,24.559999,8.210000,14.050000,0.990000,32.709999,-0.720000,-1.270000,284.540009,98.419998,95069.851562,24.75,114.14,24.750000,CO,2922
16.420000,24.209999,8.930000,13.830000,0.960000,34.919998,-0.310000,-0.940000,285.010010,96.449997,95660.953125,24.74,114.29,24.209999,PM10,2923
20.100000,29.440001,10.890000,19.379999,0.970000,27.709999,0.340000,-2.550000,284.619995,96.169998,97533.023438,24.68,115.03,29.440001,PM10,2928
20.590000,29.760000,10.450000,18.420000,0.910000,31.280001,0.010000,-2.880000,285.200012,95.040001,97934.093750,24.67,115.18,29.760000,PM10,2929
20.920000,30.670000,9.630000,18.420000,0.910000,29.639999,-0.390000,-3.320000,285.429993,95.029999,97267.906250,24.65,115.33,30.670000,PM10,2930
20.410000,30.950001,9.440000,19.110001,0.940000,27.160000,-0.830000,-3.020000,285.880005,94.279999,97668.820312,24.64,115.47,30.950001,PM10,2931
20.500000,31.650000,9.640000,20.690001,0.990000,25.170000,-0.560000,-3.850000,285.970001,94.860001,97992.773438,24.6,115.92,31.650000,PM10,2934
19.820000,30.340000,10.170000,22.639999,1.000000,25.670000,-1.000000,-2.500000,286.649994,93.349998,98499.796875,24.58,116.06,30.340000,PM10,2935
20.480000,30.879999,9.270000,22.410000,1.010000,23.850000,-1.270000,-2.490000,286.929993,92.300003,98324.218750,24.57,116.21,30.879999,PM10,2936
20.730000,30.740000,9.250000,21.790001,1.000000,24.990000,-0.820000,-2.690000,287.160004,91.470001,98615.812500,24.56,116.36,30.740000,PM10,2937
22.000000,30.940001,8.570000,20.600000,0.980000,25.870001,0.080000,-2.640000,287.429993,90.989998,98834.007812,24.54,116.51,31.428572,PM2.5,2938
22.540001,30.260000,7.790000,19.750000,0.980000,26.280001,0.130000,-1.680000,288.019989,90.089996,98867.140625,24.53,116.65,32.200001,PM2.5,2939
26.480000,40.820000,14.520000,14.420000,0.720000,34.730000,-1.200000,-4.020000,284.890015,88.930000,96710.929688,25.02,112.23,40.820000,PM10,3054
24.959999,40.169998,15.370000,17.430000,0.790000,30.410000,-1.520000,-3.730000,285.279999,87.860001,97534.101562,25.01,112.38,40.169998,PM10,3055
23.559999,38.990002,16.129999,20.370001,0.850000,27.160000,-1.590000,-2.780000,284.859985,90.860001,97045.578125,25.0,112.52,38.990002,PM10,3056
21.879999,35.650002,15.750000,20.080000,0.830000,28.389999,-1.140000,-0.650000,284.559998,94.550003,95111.312500,24.99,112.67,35.650002,PM10,3057
24.860001,35.340000,13.380000,17.760000,0.860000,32.430000,3.250000,-1.340000,283.529999,98.290001,91836.140625,24.96,113.12,35.514286,PM2.5,3060
22.160000,34.340000,12.540000,18.160000,1.010000,30.850000,2.640000,-4.030000,283.989990,94.230003,94448.476562,24.95,113.27,34.340000,PM10,3061
19.400000,31.190001,12.960000,20.620001,1.130000,26.750000,1.030000,-2.630000,285.760010,87.449997,98943.882812,24.94,113.41,31.190001,PM10,3062
18.760000,29.510000,14.740000,23.799999,1.170000,20.940001,-0.380000,-1.110000,286.720001,85.580002,101396.406250,24.93,113.56,29.750000,NO2,3063
19.240000,28.170000,11.970000,17.600000,1.060000,28.709999,-1.040000,-2.200000,286.250000,89.180000,100405.953125,24.92,113.71,28.170000,PM10,3064
19.450001,27.660000,10.410000,14.630000,1.000000,34.799999,-1.450000,-1.450000,285.390015,92.900002,98383.867188,24.91,113.86,27.785715,PM2.5,3065
18.469999,26.709999,9.860000,14.370000,1.030000,35.369999,-1.470000,-1.190000,285.040009,94.169998,97623.093750,24.9,114.01,26.709999,PM10,3066
17.570000,25.969999,9.360000,13.760000,1.030000,36.029999,-1.280000,-1.930000,285.109985,94.070000,97831.843750,24.89,114.16,25.969999,PM10,3067
17.600000,25.790001,9.190000,13.830000,0.980000,35.369999,-1.000000,-1.980000,284.750000,96.269997,96306.437500,24.87,114.3,25.790001,PM10,3068
21.770000,32.250000,9.730000,18.200001,0.950000,29.219999,-1.000000,-2.830000,285.149994,96.860001,96668.976562,24.75,115.78,32.250000,PM10,3078
20.930000,31.530001,9.480000,18.559999,0.960000,28.370001,-0.340000,-3.490000,285.549988,95.949997,97366.429688,24.73,115.93,31.530001,PM10,3079
20.010000,30.040001,9.940000,20.090000,0.960000,29.160000,-0.770000,-2.160000,286.359985,94.080002,97827.398438,24.72,116.08,30.040001,PM10,3080
20.889999,30.629999,9.480000,20.209999,0.950000,28.540001,-1.130000,-2.100000,286.190002,94.900002,96878.093750,24.7,116.23,30.629999,PM10,3081
21.389999,30.980000,9.120000,19.790001,0.950000,27.040001,-0.550000,-2.650000,286.149994,94.870003,97230.976562,24.69,116.37,30.980000,PM10,3082
21.850000,29.610001,7.800000,18.190001,0.920000,27.450001,-0.430000,-2.000000,287.299988,91.760002,97777.523438,24.66,116.67,31.214287,PM2.5,3084
28.670000,43.840000,14.100000,13.860000,0.710000,37.040001,-0.400000,-3.710000,282.940002,95.769997,92842.078125,25.15,112.24,43.840000,PM10,3199
24.469999,36.650002,13.040000,19.559999,0.930000,30.540001,2.080000,-1.250000,284.130005,95.769997,93689.781250,25.1,113.13,36.650002,PM10,3205
23.580000,36.980000,12.270000,17.830000,1.040000,33.029999,2.200000,-3.580000,283.679993,94.910004,94840.742188,25.09,113.28,36.980000,PM10,3206
20.330000,32.360001,12.410000,18.240000,1.080000,32.599998,0.950000,-2.500000,286.140015,86.250000,98553.789062,25.08,113.43,32.360001,PM10,3207
19.709999,30.530001,14.030000,19.910000,1.060000,29.370001,-0.740000,-1.270000,286.440002,87.080002,100070.929688,25.06,113.57,30.530001,PM10,3208
20.100000,29.400000,11.760000,16.410000,1.010000,32.169998,-1.070000,-2.070000,286.040009,89.099998,99678.507812,25.05,113.72,29.400000,PM10,3209
20.770000,29.290001,10.850000,14.250000,0.980000,37.380001,-1.080000,-1.630000,285.500000,91.230003,98284.203125,25.04,113.87,29.671429,PM2.5,3210
20.120001,28.980000,10.360000,14.860000,1.060000,36.400002,-1.180000,-1.800000,285.070007,92.959999,97702.882812,25.03,114.02,28.980000,PM10,3211
18.639999,27.610001,10.210000,15.250000,1.110000,36.900002,-1.690000,-2.330000,285.059998,92.980003,98274.609375,25.02,114.17,27.750000,CO,3212
17.430000,26.629999,10.090000,16.160000,1.150000,33.189999,-1.640000,-2.310000,284.459991,95.660004,96952.476562,25.01,114.32,28.750000,CO,3213
21.950001,31.790001,9.650000,16.139999,0.900000,31.950001,0.300000,-2.980000,285.329987,95.930000,97188.820312,24.87,115.95,31.790001,PM10,3224
20.959999,30.500000,10.130000,18.400000,0.910000,30.719999,-0.390000,-2.010000,286.000000,94.820000,97338.539062,24.85,116.09,30.500000,PM10,3225
23.549999,37.770000,12.450000,20.760000,1.000000,30.190001,-0.400000,-1.560000,285.239990,89.750000,96835.843750,25.23,113.14,37.770000,PM10,3349
24.389999,38.410000,11.750000,17.150000,1.020000,34.709999,0.330000,-3.250000,284.399994,92.080002,95877.250000,25.22,113.29,38.410000,PM10,3350
23.610001,36.119999,12.560000,16.650000,1.030000,37.439999,0.750000,-2.910000,284.940002,90.150002,94810.453125,25.21,113.44,36.119999,PM10,3351
22.290001,34.360001,13.920000,18.660000,1.010000,33.669998,0.560000,-2.330000,284.959991,90.940002,95617.320312,25.2,113.59,34.360001,PM10,3352
20.879999,30.799999,12.110000,15.250000,0.950000,36.500000,-0.480000,-1.750000,286.000000,88.139999,98985.773438,25.19,113.74,30.799999,PM10,3353
21.360001,30.170000,11.210000,13.030000,0.910000,41.369999,-1.000000,-1.950000,285.700012,89.699997,98061.703125,25.18,113.88,30.514286,PM2.5,3354
22.080000,31.379999,10.960000,14.310000,1.020000,38.549999,-0.370000,-1.660000,284.299988,96.379997,94894.992188,25.17,114.03,31.542856,PM2.5,3355
20.889999,30.430000,10.980000,15.760000,1.140000,35.980000,-0.620000,-1.270000,284.329987,96.019997,96109.656250,25.15,114.18,30.430000,PM10,3356
18.900000,29.360001,10.750000,17.520000,1.280000,30.450001,-1.230000,-1.770000,284.820007,92.680000,98558.859375,25.14,114.33,32.000000,CO,3357
19.270000,29.510000,10.740000,17.370001,1.230000,29.360001,-0.980000,-1.910000,285.049988,91.699997,98916.203125,25.13,114.48,30.750000,CO,3358
21.139999,30.959999,11.610000,16.660000,1.150000,31.530001,-0.780000,-1.270000,285.049988,92.510002,98675.859375,25.12,114.63,30.959999,PM10,3359
23.900000,39.070000,12.710000,21.520000,0.990000,30.469999,-1.320000,-2.250000,286.220001,84.849998,98458.242188,25.37,113.15,39.070000,PM10,3495
25.860001,40.000000,11.170000,17.040001,0.960000,34.759998,-1.160000,-2.830000,284.309998,92.309998,94690.546875,25.36,113.3,40.000000,PM10,3496
27.170000,39.490002,12.100000,14.800000,0.930000,39.759998,1.580000,-2.250000,282.709991,98.550003,90766.898438,25.34,113.45,39.490002,PM10,3497
22.129999,32.720001,12.380000,13.900000,0.880000,39.419998,0.570000,-1.830000,285.359985,89.279999,96747.726562,25.32,113.75,32.720001,PM10,3499
22.500000,31.570000,11.510000,11.350000,0.830000,45.830002,-0.780000,-2.090000,285.170013,90.849998,96585.890625,25.31,113.9,32.142857,PM2.5,3500
21.910000,32.180000,10.990000,14.470000,1.070000,36.360001,-0.230000,-1.210000,284.640015,93.400002,96129.609375,25.29,114.19,32.180000,PM10,3502
20.889999,31.590000,11.330000,16.639999,1.230000,33.520000,-1.230000,-1.860000,285.170013,90.050003,98899.039062,25.28,114.34,31.590000,PM10,3503
21.299999,31.690001,11.510000,16.830000,1.240000,32.880001,-1.290000,-2.350000,285.130005,90.050003,99310.703125,25.26,114.49,31.690001,PM10,3504
22.600000,32.930000,11.900000,17.080000,1.220000,30.580000,-0.940000,-1.760000,284.920013,92.190002,98983.187500,25.25,114.64,32.930000,PM10,3505
22.809999,33.180000,12.350000,15.550000,1.180000,36.709999,-0.560000,-2.220000,284.489990,92.269997,98010.148438,25.4,114.51,33.180000,PM10,3647
