PM2.5(微克每立方米),PM10(微克每立方米),SO2(微克每立方米),NO2(微克每立方米),CO(毫克每立方米),O3(微克每立方米),U(m/s),V(m/s),TEMP(K),RH(%),PSFC(Pa),lat,lon,AQI,Major pollutants,id
0.410000,0.600000,0.020000,0.240000,0.100000,75.889999,12.060000,2.370000,265.500000,49.009998,56437.718750,31.71,96.11,2.500000,CO,12494
0.370000,0.600000,0.030000,0.330000,0.110000,75.570000,9.450000,-0.540000,270.940002,33.990002,60863.171875,31.74,96.59,2.750000,CO,12497
0.390000,0.670000,0.030000,0.400000,0.110000,75.480003,9.400000,-0.260000,270.529999,33.930000,60589.929688,31.75,96.75,2.750000,CO,12498
0.310000,0.440000,0.020000,0.290000,0.100000,74.029999,10.360000,2.680000,262.589996,59.189999,55066.128906,31.81,95.62,2.500000,CO,12741
0.330000,0.500000,0.020000,0.270000,0.100000,74.680000,10.960000,3.070000,264.029999,53.230000,55911.730469,31.82,95.78,2.500000,CO,12742
0.350000,0.530000,0.020000,0.240000,0.100000,75.660004,11.990000,2.630000,265.399994,47.610001,56607.121094,31.84,95.94,2.500000,CO,12743
0.340000,0.520000,0.030000,0.230000,0.100000,75.650002,11.420000,1.390000,268.690002,38.230000,59040.378906,31.85,96.1,2.500000,CO,12744
0.320000,0.510000,0.030000,0.400000,0.100000,75.290001,9.580000,-1.080000,268.709991,37.759998,59245.921875,31.87,96.42,2.500000,CO,12746
0.340000,0.530000,0.050000,0.380000,0.100000,75.349998,10.200000,-0.720000,269.269989,35.619999,59643.128906,31.88,96.58,2.500000,CO,12747
0.340000,0.540000,0.040000,0.360000,0.110000,75.190002,9.740000,0.020000,270.799988,31.969999,60890.949219,31.89,96.74,2.750000,CO,12748
0.310000,0.480000,0.020000,0.240000,0.100000,74.500000,11.560000,2.310000,261.739990,61.450001,54398.691406,31.94,95.45,2.500000,CO,12990
0.300000,0.470000,0.020000,0.230000,0.100000,74.919998,12.080000,2.180000,263.549988,54.270000,55546.179688,31.95,95.61,2.500000,CO,12991
0.290000,0.470000,0.020000,0.220000,0.100000,75.089996,11.650000,2.090000,266.059998,46.080002,57417.929688,31.96,95.77,2.500000,CO,12992
0.300000,0.480000,0.020000,0.210000,0.100000,75.440002,11.320000,1.170000,267.730011,40.720001,58628.449219,31.97,95.93,2.500000,CO,12993
0.300000,0.470000,0.030000,0.210000,0.100000,73.199997,10.410000,-0.110000,269.570007,35.439999,60029.589844,31.98,96.09,2.500000,CO,12994
0.330000,0.520000,0.050000,0.290000,0.100000,71.849998,9.290000,-0.400000,269.890015,34.270000,60370.789062,31.99,96.25,2.500000,CO,12995
0.370000,0.560000,0.080000,0.370000,0.100000,71.250000,9.990000,0.180000,268.290009,37.070000,59045.878906,32.0,96.41,2.500000,CO,12996
0.360000,0.560000,0.070000,0.360000,0.110000,71.279999,10.800000,-0.050000,268.989990,34.799999,59452.519531,32.02,96.57,2.750000,CO,12997
0.360000,0.570000,0.070000,0.360000,0.110000,70.540001,10.160000,-0.380000,270.600006,31.190001,60727.281250,32.03,96.73,2.750000,CO,12998
0.380000,0.600000,0.070000,0.360000,0.110000,69.300003,9.270000,-0.300000,271.149994,30.040001,61350.480469,32.04,96.89,2.750000,CO,12999
0.420000,0.650000,0.080000,0.330000,0.110000,68.699997,9.210000,-0.480000,269.140015,33.590000,60112.949219,32.06,97.21,2.750000,CO,13001
0.290000,0.450000,0.020000,0.210000,0.100000,75.129997,12.230000,1.260000,264.549988,49.990002,56259.898438,32.08,95.59,2.500000,CO,13242
0.280000,0.440000,0.020000,0.200000,0.100000,75.180000,11.360000,0.470000,266.890015,43.230000,58109.121094,32.09,95.75,2.500000,CO,13243
0.280000,0.450000,0.030000,0.190000,0.100000,75.629997,10.750000,-0.140000,267.269989,41.410000,58372.699219,32.11,95.91,2.500000,CO,13244
0.290000,0.460000,0.030000,0.190000,0.100000,73.750000,10.600000,-0.480000,267.500000,39.410000,58459.929688,32.12,96.07,2.500000,CO,13245
0.340000,0.530000,0.070000,0.250000,0.100000,72.889999,10.520000,-0.140000,267.829987,37.549999,58638.128906,32.13,96.23,2.500000,CO,13246
0.400000,0.600000,0.100000,0.320000,0.110000,72.230003,10.570000,0.560000,269.170013,33.959999,59648.148438,32.14,96.39,2.750000,CO,13247
0.410000,0.640000,0.100000,0.360000,0.110000,71.230003,10.010000,0.010000,270.970001,30.219999,61131.839844,32.15,96.55,2.750000,CO,13248
0.440000,0.690000,0.100000,0.380000,0.110000,69.779999,9.300000,-0.840000,270.649994,30.629999,61026.531250,32.16,96.71,2.750000,CO,13249
0.480000,0.760000,0.100000,0.400000,0.110000,68.160004,8.530000,-1.000000,270.420013,31.059999,61130.179688,32.17,96.87,2.750000,CO,13250
0.520000,0.830000,0.100000,0.380000,0.110000,67.379997,7.980000,-0.840000,269.649994,32.560001,60749.878906,32.18,97.03,2.750000,CO,13251
0.520000,0.810000,0.090000,0.350000,0.110000,68.389999,8.770000,-0.780000,267.959991,35.700001,59360.121094,32.19,97.19,2.750000,CO,13252
0.250000,0.360000,0.020000,0.180000,0.100000,75.199997,10.960000,2.380000,264.320007,50.630001,56484.460938,32.21,95.42,2.500000,CO,13493
0.260000,0.400000,0.020000,0.180000,0.100000,75.230003,11.380000,0.760000,265.600006,46.590000,57346.121094,32.22,95.58,2.500000,CO,13494
0.260000,0.410000,0.020000,0.180000,0.100000,75.440002,10.970000,-0.110000,265.940002,45.259998,57602.390625,32.23,95.74,2.500000,CO,13495
0.270000,0.430000,0.030000,0.180000,0.100000,76.050003,10.740000,0.040000,265.799988,44.439999,57356.039062,32.24,95.9,2.500000,CO,13496
0.280000,0.440000,0.030000,0.180000,0.100000,74.239998,10.910000,0.090000,266.489990,40.950001,57727.628906,32.25,96.06,2.500000,CO,13497
0.320000,0.490000,0.050000,0.230000,0.110000,73.599998,11.170000,-0.060000,267.269989,37.799999,58184.949219,32.26,96.22,2.750000,CO,13498
0.380000,0.590000,0.080000,0.300000,0.110000,72.459999,10.690000,-0.580000,269.410004,32.619999,59840.839844,32.28,96.38,2.750000,CO,13499
0.430000,0.720000,0.090000,0.380000,0.110000,70.720001,9.320000,-1.340000,271.100006,29.500000,61426.328125,32.29,96.54,2.750000,CO,13500
0.500000,0.880000,0.090000,0.440000,0.110000,69.330002,8.620000,-1.450000,270.410004,30.830000,61140.160156,32.3,96.7,2.750000,CO,13501
0.590000,1.080000,0.090000,0.470000,0.110000,68.160004,8.500000,-1.410000,269.500000,32.540001,60625.078125,32.31,96.86,2.750000,CO,13502
0.670000,1.230000,0.100000,0.460000,0.110000,67.580002,8.320000,-1.190000,268.690002,33.990002,60120.511719,32.32,97.02,2.750000,CO,13503
0.670000,1.210000,0.090000,0.420000,0.110000,68.559998,8.810000,-0.700000,267.190002,36.950001,58951.160156,32.33,97.18,2.750000,CO,13504
0.540000,0.920000,0.080000,0.340000,0.110000,69.879997,10.220000,-0.150000,265.489990,40.970001,57502.789062,32.34,97.34,2.750000,CO,13505
0.250000,0.370000,0.020000,0.160000,0.100000,75.029999,10.730000,1.750000,265.779999,46.220001,57929.921875,32.33,95.24,2.500000,CO,13746
0.240000,0.360000,0.020000,0.170000,0.100000,74.650002,10.030000,1.640000,267.109985,43.070000,59092.890625,32.34,95.4,2.500000,CO,13747
0.260000,0.390000,0.030000,0.180000,0.100000,74.529999,10.120000,0.750000,266.559998,44.520000,58690.699219,32.35,95.56,2.500000,CO,13748
0.280000,0.420000,0.040000,0.190000,0.100000,74.839996,10.830000,0.600000,265.609985,46.139999,57781.480469,32.37,95.72,2.500000,CO,13749
0.290000,0.440000,0.040000,0.190000,0.100000,75.449997,11.220000,0.550000,266.480011,42.419998,58205.609375,32.38,95.88,2.500000,CO,13750
0.300000,0.450000,0.040000,0.210000,0.100000,73.519997,10.800000,0.340000,268.220001,36.919998,59419.488281,32.39,96.05,2.500000,CO,13751
0.310000,0.500000,0.050000,0.260000,0.110000,72.360001,10.150000,-0.140000,269.609985,33.310001,60462.230469,32.4,96.21,2.750000,CO,13752
0.380000,0.640000,0.060000,0.370000,0.110000,70.820000,9.380000,-1.240000,270.459991,31.420000,61247.460938,32.41,96.37,2.750000,CO,13753
0.490000,0.880000,0.070000,0.490000,0.110000,69.489998,8.920000,-1.810000,269.829987,32.389999,60877.660156,32.42,96.53,2.750000,CO,13754
0.690000,1.280000,0.070000,0.660000,0.120000,68.480003,9.030000,-1.650000,268.739990,34.189999,60091.480469,32.43,96.69,3.000000,CO,13755
1.010000,1.920000,0.080000,0.840000,0.130000,67.860001,9.200000,-1.360000,267.750000,35.799999,59364.890625,32.44,96.85,3.250000,CO,13756
1.240000,2.370000,0.090000,0.900000,0.130000,67.879997,9.780000,-0.900000,266.290009,38.480000,58138.738281,32.45,97.01,3.250000,CO,13757
1.110000,2.110000,0.080000,0.700000,0.130000,69.900002,11.040000,-0.210000,264.820007,41.480000,56847.718750,32.46,97.17,3.250000,CO,13758
0.740000,1.360000,0.060000,0.450000,0.120000,73.010002,12.700000,0.730000,264.559998,41.310001,56417.101562,32.47,97.33,3.000000,CO,13759
0.220000,0.330000,0.040000,0.390000,0.110000,73.440002,11.150000,-3.000000,268.779999,33.610001,60276.320312,32.63,100.56,2.750000,CO,13779
0.280000,0.490000,0.050000,0.440000,0.110000,72.160004,10.050000,-3.170000,270.179993,31.629999,61622.980469,32.64,100.88,2.750000,CO,13781
0.220000,0.350000,0.020000,0.140000,0.100000,75.510002,11.930000,1.170000,261.899994,58.220001,55053.230469,32.44,94.91,2.500000,CO,14001
0.220000,0.340000,0.020000,0.140000,0.100000,75.419998,12.870000,0.920000,262.549988,54.910000,55432.500000,32.45,95.07,2.500000,CO,14002
0.220000,0.330000,0.020000,0.140000,0.100000,75.389999,11.630000,0.420000,265.549988,45.660000,57675.390625,32.46,95.23,2.500000,CO,14003
0.210000,0.330000,0.020000,0.150000,0.100000,74.930000,9.960000,0.080000,267.179993,41.980000,59166.199219,32.48,95.39,2.500000,CO,14004
0.220000,0.340000,0.030000,0.160000,0.100000,74.870003,9.920000,0.470000,266.660004,43.450001,58848.949219,32.49,95.55,2.500000,CO,14005
0.240000,0.360000,0.030000,0.160000,0.100000,75.099998,10.300000,0.830000,266.859985,42.660000,58984.640625,32.5,95.71,2.500000,CO,14006
0.250000,0.380000,0.030000,0.170000,0.110000,75.459999,10.300000,0.200000,267.339996,40.730000,59257.800781,32.51,95.87,2.750000,CO,14007
0.270000,0.410000,0.040000,0.180000,0.110000,73.309998,10.010000,-0.190000,268.690002,36.410000,60187.691406,32.52,96.03,2.750000,CO,14008
0.320000,0.530000,0.050000,0.230000,0.110000,71.680000,9.150000,-0.430000,270.359985,32.630001,61519.960938,32.54,96.19,2.750000,CO,14009
0.420000,0.770000,0.050000,0.350000,0.110000,70.050003,8.560000,-0.620000,270.170013,32.660000,61416.710938,32.55,96.35,2.750000,CO,14010
0.710000,1.390000,0.060000,0.650000,0.120000,68.699997,8.710000,-0.380000,268.769989,34.889999,60293.031250,32.56,96.51,3.000000,CO,14011
1.360000,2.490000,0.070000,1.140000,0.140000,67.889999,9.320000,-0.290000,266.709991,38.700001,58598.199219,32.57,96.68,3.500000,CO,14012
2.120000,3.700000,0.070000,1.370000,0.150000,68.080002,10.400000,-0.000000,264.970001,41.930000,57057.398438,32.58,96.84,3.750000,CO,14013
2.600000,4.400000,0.070000,1.360000,0.160000,68.949997,11.240000,0.540000,263.839996,43.900002,56015.789062,32.59,97.0,4.400000,PM10,14014
2.220000,3.740000,0.060000,1.020000,0.150000,72.940002,12.300000,0.590000,263.450012,43.580002,55459.039062,32.6,97.16,3.750000,CO,14015
1.630000,2.770000,0.060000,0.820000,0.140000,73.239998,13.690000,0.180000,264.859985,39.099998,56351.640625,32.61,97.32,3.500000,CO,14016
0.880000,1.530000,0.050000,0.540000,0.120000,73.800003,12.750000,-0.760000,268.459991,31.820000,59224.738281,32.62,97.48,3.000000,CO,14017
0.230000,0.310000,0.040000,0.290000,0.100000,73.870003,11.580000,-1.800000,268.119995,35.880001,59928.359375,32.75,100.22,2.500000,CO,14034
0.220000,0.300000,0.040000,0.320000,0.100000,73.489998,10.990000,-2.650000,268.420013,35.599998,60264.328125,32.76,100.39,2.500000,CO,14035
0.230000,0.310000,0.040000,0.360000,0.110000,73.199997,10.890000,-2.780000,267.880005,37.080002,59865.980469,32.77,100.55,2.750000,CO,14036
0.230000,0.320000,0.050000,0.370000,0.110000,72.430000,10.250000,-2.770000,269.079987,34.709999,60871.500000,32.77,100.71,2.750000,CO,14037
0.280000,0.410000,0.050000,0.400000,0.110000,71.589996,9.250000,-3.350000,269.720001,34.029999,61644.648438,32.78,100.87,2.750000,CO,14038
0.370000,0.600000,0.060000,0.500000,0.110000,70.930000,9.050000,-3.190000,269.149994,35.599998,61396.648438,32.78,101.03,2.750000,CO,14039
0.490000,0.920000,0.070000,0.600000,0.120000,70.389999,9.260000,-2.070000,268.899994,36.400002,61345.949219,32.79,101.2,3.000000,CO,14040
0.220000,0.390000,0.020000,0.140000,0.100000,77.010002,10.050000,1.870000,262.649994,57.730000,55021.328125,32.49,93.93,2.500000,CO,14252
0.220000,0.380000,0.020000,0.130000,0.100000,76.870003,11.000000,2.120000,261.739990,59.869999,54358.121094,32.51,94.09,2.500000,CO,14253
0.210000,0.360000,0.020000,0.130000,0.100000,76.989998,11.700000,1.720000,261.769989,58.619999,54322.808594,32.52,94.25,2.500000,CO,14254
0.190000,0.290000,0.020000,0.120000,0.100000,77.019997,11.410000,0.900000,262.350006,54.650002,54992.281250,32.57,94.89,2.500000,CO,14258
0.190000,0.300000,0.020000,0.130000,0.100000,76.629997,11.310000,0.810000,264.079987,48.660000,56323.699219,32.59,95.05,2.500000,CO,14259
0.190000,0.300000,0.020000,0.130000,0.100000,76.190002,10.180000,-0.070000,265.839996,43.980000,57858.941406,32.6,95.21,2.500000,CO,14260
0.190000,0.300000,0.020000,0.130000,0.100000,76.019997,10.000000,-0.630000,265.170013,45.939999,57432.859375,32.61,95.37,2.500000,CO,14261
0.190000,0.300000,0.020000,0.130000,0.100000,76.120003,10.630000,-0.360000,265.380005,45.250000,57524.871094,32.62,95.54,2.500000,CO,14262
0.200000,0.310000,0.020000,0.140000,0.110000,76.029999,10.130000,-0.340000,266.540009,42.259998,58544.660156,32.64,95.7,2.750000,CO,14263
0.200000,0.320000,0.030000,0.140000,0.110000,76.150002,9.770000,-0.370000,266.250000,42.680000,58344.980469,32.65,95.86,2.750000,CO,14264
0.240000,0.380000,0.030000,0.150000,0.110000,73.940002,9.850000,-0.370000,266.880005,40.160000,58706.601562,32.66,96.02,2.750000,CO,14265
0.330000,0.570000,0.040000,0.200000,0.110000,72.440002,9.360000,-0.450000,268.029999,37.040001,59596.558594,32.67,96.18,2.750000,CO,14266
0.520000,0.960000,0.050000,0.370000,0.110000,71.120003,9.110000,-0.050000,268.230011,36.169998,59756.179688,32.68,96.34,2.750000,CO,14267
1.220000,2.270000,0.060000,0.890000,0.130000,69.879997,9.090000,0.640000,268.079987,36.150002,59701.289062,32.69,96.5,3.250000,CO,14268
2.690000,4.520000,0.070000,1.780000,0.170000,68.709999,9.700000,1.210000,266.209991,40.250000,58259.859375,32.7,96.66,4.520000,PM10,14269
4.160000,6.530000,0.080000,2.130000,0.190000,68.989998,10.910000,1.670000,264.959991,42.639999,57095.761719,32.72,96.82,6.530000,PM10,14270
4.930000,7.450000,0.080000,2.080000,0.200000,69.800003,11.780000,1.520000,265.339996,40.410000,57150.410156,32.73,96.99,7.450000,PM10,14271
5.010000,7.580000,0.090000,2.000000,0.200000,70.550003,12.760000,0.680000,265.779999,38.290001,57374.500000,32.74,97.15,7.580000,PM10,14272
3.490000,5.420000,0.080000,1.460000,0.170000,72.879997,12.780000,-0.870000,266.869995,35.950001,58177.960938,32.75,97.31,5.420000,PM10,14273
0.230000,0.300000,0.040000,0.300000,0.100000,74.769997,10.680000,-1.610000,267.200012,40.070000,59437.949219,32.86,99.57,2.500000,CO,14287
0.230000,0.300000,0.040000,0.280000,0.100000,75.040001,10.790000,-1.390000,267.350006,39.230000,59522.460938,32.87,99.73,2.500000,CO,14288
0.220000,0.290000,0.040000,0.260000,0.100000,73.430000,10.490000,-1.840000,268.779999,35.700001,60684.281250,32.89,100.22,2.500000,CO,14291
0.220000,0.290000,0.040000,0.280000,0.110000,73.019997,10.470000,-2.150000,267.690002,38.340000,59892.710938,32.9,100.38,2.750000,CO,14292
0.230000,0.290000,0.040000,0.310000,0.110000,72.570000,10.540000,-2.200000,267.859985,38.040001,59981.488281,32.9,100.54,2.750000,CO,14293
0.250000,0.320000,0.050000,0.340000,0.110000,71.320000,9.150000,-2.900000,270.010010,33.849998,61929.621094,32.91,100.7,2.750000,CO,14294
0.280000,0.350000,0.060000,0.370000,0.110000,70.529999,8.290000,-3.400000,269.059998,36.570000,61562.089844,32.91,100.87,2.750000,CO,14295
0.370000,0.560000,0.060000,0.400000,0.110000,70.389999,9.390000,-2.980000,267.040009,41.099998,59953.640625,32.92,101.03,2.750000,CO,14296
0.190000,0.370000,0.020000,0.120000,0.110000,78.480003,11.370000,2.300000,261.820007,57.459999,53863.441406,32.59,93.43,2.750000,CO,14511
0.200000,0.370000,0.020000,0.120000,0.110000,78.570000,11.480000,1.970000,262.660004,55.310001,54505.468750,32.6,93.59,2.750000,CO,14512
0.200000,0.360000,0.020000,0.120000,0.110000,78.440002,11.040000,1.710000,263.250000,54.060001,55038.890625,32.61,93.75,2.750000,CO,14513
0.200000,0.360000,0.020000,0.120000,0.110000,78.379997,11.170000,1.980000,263.140015,54.240002,55022.691406,32.63,93.91,2.750000,CO,14514
0.200000,0.350000,0.020000,0.120000,0.110000,78.260002,11.430000,1.920000,263.630005,52.340000,55480.660156,32.64,94.07,2.750000,CO,14515
0.200000,0.340000,0.020000,0.120000,0.110000,78.129997,11.490000,1.330000,263.700012,51.400002,55633.921875,32.66,94.23,2.750000,CO,14516
0.200000,0.340000,0.020000,0.120000,0.110000,78.040001,11.600000,0.780000,263.459991,51.450001,55508.898438,32.67,94.39,2.750000,CO,14517
0.200000,0.330000,0.020000,0.120000,0.110000,77.860001,11.420000,0.450000,263.739990,49.849998,55803.628906,32.68,94.55,2.750000,CO,14518
0.190000,0.320000,0.020000,0.120000,0.110000,77.790001,11.420000,0.520000,262.940002,52.250000,55329.121094,32.7,94.72,2.750000,CO,14519
0.180000,0.270000,0.020000,0.120000,0.110000,77.919998,11.610000,0.470000,262.989990,51.759998,55354.851562,32.71,94.88,2.750000,CO,14520
0.180000,0.280000,0.020000,0.120000,0.110000,77.180000,10.640000,0.130000,265.709991,44.060001,57590.539062,32.72,95.04,2.750000,CO,14521
0.180000,0.280000,0.020000,0.130000,0.110000,76.599998,9.270000,-0.040000,266.559998,42.520000,58557.980469,32.74,95.2,2.750000,CO,14522
0.180000,0.280000,0.020000,0.130000,0.110000,76.370003,9.690000,0.150000,265.010010,46.480000,57365.511719,32.75,95.36,2.750000,CO,14523
0.180000,0.290000,0.020000,0.140000,0.110000,76.489998,10.610000,-0.330000,264.730011,47.070000,57059.570312,32.76,95.52,2.750000,CO,14524
0.180000,0.290000,0.020000,0.140000,0.110000,76.730003,10.600000,-0.770000,264.779999,46.580002,57060.230469,32.77,95.68,2.750000,CO,14525
0.190000,0.300000,0.020000,0.150000,0.110000,77.000000,10.550000,-0.450000,265.010010,45.529999,57176.050781,32.78,95.84,2.750000,CO,14526
0.220000,0.370000,0.030000,0.170000,0.110000,74.660004,10.070000,-0.330000,266.440002,41.200001,58241.500000,32.8,96.0,2.750000,CO,14527
0.330000,0.590000,0.040000,0.220000,0.110000,73.290001,9.530000,-0.280000,266.920013,39.849998,58653.050781,32.81,96.17,2.750000,CO,14528
0.630000,1.150000,0.050000,0.430000,0.110000,72.400002,9.740000,-0.080000,267.059998,39.080002,58752.789062,32.82,96.33,2.750000,CO,14529
1.940000,3.300000,0.070000,1.080000,0.150000,71.389999,9.990000,0.380000,267.350006,38.259998,59046.429688,32.83,96.49,3.750000,CO,14530
4.470000,6.860000,0.090000,2.170000,0.200000,70.790001,10.560000,1.110000,266.600006,39.299999,58450.789062,32.84,96.65,6.860000,PM10,14531
7.240000,10.520000,0.110000,3.000000,0.250000,70.300003,11.030000,1.560000,267.390015,36.790001,59031.941406,32.85,96.81,10.520000,PM10,14532
9.990000,14.020000,0.190000,4.090000,0.310000,69.529999,10.740000,1.390000,268.899994,33.230000,60256.808594,32.86,96.97,14.271428,PM2.5,14533
11.920000,16.900000,0.350000,5.560000,0.380000,70.190002,10.620000,0.670000,269.130005,32.540001,60405.339844,32.87,97.13,17.028572,PM2.5,14534
8.180000,12.010000,0.240000,3.690000,0.300000,71.809998,10.600000,-0.570000,268.679993,33.639999,60158.128906,32.88,97.3,12.010000,PM10,14535
0.240000,0.340000,0.040000,0.300000,0.100000,74.709999,11.690000,-1.110000,264.910004,46.700001,57704.980469,32.98,99.24,2.500000,CO,14547
0.220000,0.300000,0.040000,0.270000,0.100000,74.940002,11.320000,-1.380000,266.019989,43.389999,58526.050781,32.99,99.4,2.500000,CO,14548
0.220000,0.290000,0.040000,0.280000,0.100000,75.089996,10.910000,-1.570000,266.040009,43.549999,58554.511719,33.0,99.56,2.500000,CO,14549
0.220000,0.290000,0.040000,0.260000,0.100000,75.379997,11.170000,-1.550000,266.140015,42.820000,58589.710938,33.01,99.72,2.500000,CO,14550
0.220000,0.290000,0.040000,0.230000,0.110000,74.010002,10.400000,-1.630000,268.140015,37.380001,60209.000000,33.02,100.05,2.750000,CO,14552
0.220000,0.290000,0.040000,0.240000,0.110000,73.330002,10.110000,-1.770000,267.899994,37.910000,60070.398438,33.03,100.21,2.750000,CO,14553
0.230000,0.290000,0.040000,0.260000,0.110000,72.790001,10.210000,-1.690000,267.500000,38.790001,59783.050781,33.03,100.37,2.750000,CO,14554
0.230000,0.300000,0.050000,0.310000,0.110000,71.809998,9.500000,-2.200000,268.899994,35.950001,60996.738281,33.04,100.53,2.750000,CO,14555
0.250000,0.320000,0.050000,0.350000,0.110000,70.480003,7.870000,-3.130000,269.730011,35.049999,62127.480469,33.04,100.7,2.750000,CO,14556
0.260000,0.330000,0.050000,0.340000,0.110000,70.550003,7.830000,-3.150000,267.760010,39.950001,60795.949219,33.05,100.86,2.750000,CO,14557
0.290000,0.440000,0.050000,0.310000,0.110000,70.300003,9.660000,-2.820000,265.649994,45.369999,58995.179688,33.05,101.02,2.750000,CO,14558
0.180000,0.350000,0.020000,0.110000,0.110000,79.190002,12.300000,2.220000,261.100006,58.400002,53211.539062,32.69,93.09,2.750000,CO,14770
0.180000,0.340000,0.020000,0.110000,0.110000,78.760002,12.520000,2.280000,261.899994,54.410000,53782.039062,32.71,93.25,2.750000,CO,14771
0.180000,0.340000,0.020000,0.110000,0.110000,78.940002,12.110000,2.080000,263.480011,49.500000,54964.691406,32.72,93.41,2.750000,CO,14772
0.180000,0.340000,0.020000,0.110000,0.110000,78.669998,11.220000,1.570000,264.670013,46.810001,55986.671875,32.74,93.57,2.750000,CO,14773
0.190000,0.340000,0.020000,0.110000,0.110000,78.470001,10.910000,1.290000,264.730011,47.209999,56151.710938,32.75,93.73,2.750000,CO,14774
0.190000,0.340000,0.020000,0.120000,0.110000,78.320000,10.940000,1.080000,264.820007,47.230000,56327.378906,32.76,93.89,2.750000,CO,14775
0.190000,0.340000,0.030000,0.120000,0.110000,78.099998,10.800000,0.730000,264.940002,47.150002,56559.039062,32.78,94.06,2.750000,CO,14776
0.200000,0.330000,0.030000,0.120000,0.110000,78.010002,10.820000,0.450000,264.359985,48.930000,56240.199219,32.79,94.22,2.750000,CO,14777
0.190000,0.330000,0.020000,0.120000,0.110000,78.000000,11.200000,0.190000,263.670013,50.810001,55763.769531,32.81,94.38,2.750000,CO,14778
0.190000,0.320000,0.020000,0.120000,0.110000,77.959999,11.360000,0.020000,263.679993,50.529999,55833.128906,32.82,94.54,2.750000,CO,14779
0.190000,0.310000,0.020000,0.120000,0.110000,77.959999,11.630000,0.120000,263.299988,51.630001,55628.511719,32.83,94.7,2.750000,CO,14780
0.180000,0.290000,0.020000,0.110000,0.110000,77.919998,11.970000,-0.100000,263.820007,49.490002,56024.980469,32.85,94.86,2.750000,CO,14781
0.180000,0.280000,0.020000,0.120000,0.110000,77.339996,10.970000,-0.540000,265.920013,43.639999,57770.191406,32.86,95.02,2.750000,CO,14782
0.180000,0.280000,0.020000,0.130000,0.110000,76.709999,9.510000,-0.450000,266.869995,41.540001,58793.191406,32.87,95.18,2.750000,CO,14783
0.180000,0.280000,0.020000,0.160000,0.110000,76.339996,9.230000,0.060000,266.459991,42.930000,58689.019531,32.88,95.34,2.750000,CO,14784
0.180000,0.280000,0.020000,0.170000,0.110000,76.400002,9.680000,-0.030000,265.489990,44.990002,57941.328125,32.9,95.51,2.750000,CO,14785
0.180000,0.280000,0.020000,0.180000,0.110000,76.699997,10.220000,-0.220000,264.440002,47.759998,57009.878906,32.91,95.67,2.750000,CO,14786
0.180000,0.290000,0.020000,0.180000,0.110000,77.089996,10.500000,-0.460000,264.739990,46.790001,57132.019531,32.92,95.83,2.750000,CO,14787
0.210000,0.350000,0.030000,0.200000,0.110000,75.849998,10.090000,-0.670000,265.950012,42.889999,58005.960938,32.93,95.99,2.750000,CO,14788
0.310000,0.570000,0.030000,0.250000,0.110000,74.010002,9.650000,-0.140000,266.570007,41.049999,58518.468750,32.94,96.15,2.750000,CO,14789
0.690000,1.220000,0.050000,0.470000,0.110000,72.970001,9.880000,0.200000,266.489990,40.759998,58441.039062,32.95,96.31,2.750000,CO,14790
2.300000,3.630000,0.060000,1.100000,0.150000,72.379997,10.460000,0.210000,266.429993,40.180000,58325.441406,32.97,96.48,3.750000,CO,14791
5.150000,7.500000,0.090000,2.190000,0.200000,71.940002,11.120000,0.130000,266.230011,39.939999,58097.218750,32.98,96.64,7.500000,PM10,14792
8.190000,11.520000,0.110000,3.170000,0.260000,71.269997,11.330000,-0.020000,267.130005,37.200001,58742.480469,32.99,96.8,11.700000,PM2.5,14793
10.950000,15.110000,0.180000,4.530000,0.310000,69.809998,10.350000,0.350000,269.470001,32.139999,60678.308594,33.0,96.96,15.642857,PM2.5,14794
13.790000,19.240000,0.340000,7.050000,0.410000,68.730003,9.280000,0.410000,270.589996,30.400000,61713.078125,33.01,97.12,19.700001,PM2.5,14795
10.160000,14.720000,0.260000,5.830000,0.360000,70.360001,9.340000,0.200000,269.040009,33.689999,60665.480469,33.02,97.28,14.720000,PM10,14796
5.200000,7.940000,0.160000,3.160000,0.240000,71.879997,10.640000,0.750000,266.170013,40.099998,58372.191406,33.03,97.45,7.940000,PM10,14797
0.250000,0.380000,0.040000,0.290000,0.100000,74.629997,12.100000,-1.080000,264.489990,47.770000,57343.250000,33.11,99.07,2.500000,CO,14807
0.230000,0.320000,0.040000,0.260000,0.100000,74.910004,11.780000,-1.060000,265.480011,44.830002,58116.738281,33.12,99.23,2.500000,CO,14808
0.210000,0.290000,0.040000,0.240000,0.100000,75.000000,11.120000,-1.300000,266.000000,43.840000,58577.480469,33.13,99.39,2.500000,CO,14809
0.210000,0.280000,0.040000,0.250000,0.100000,75.169998,10.870000,-1.480000,265.739990,44.189999,58376.429688,33.13,99.55,2.500000,CO,14810
0.210000,0.280000,0.040000,0.240000,0.100000,75.330002,10.980000,-1.780000,265.809998,44.020000,58444.089844,33.14,99.72,2.500000,CO,14811
0.210000,0.280000,0.040000,0.220000,0.110000,75.449997,10.810000,-2.110000,266.429993,41.910000,58933.671875,33.15,99.88,2.750000,CO,14812
0.210000,0.280000,0.040000,0.220000,0.110000,73.940002,10.360000,-2.150000,267.100006,39.779999,59496.480469,33.15,100.04,2.750000,CO,14813
0.220000,0.290000,0.040000,0.220000,0.110000,73.320000,10.000000,-2.100000,267.359985,39.029999,59756.921875,33.16,100.2,2.750000,CO,14814
0.230000,0.300000,0.040000,0.250000,0.110000,72.500000,9.510000,-2.240000,268.059998,37.590000,60421.730469,33.17,100.37,2.750000,CO,14815
0.240000,0.310000,0.040000,0.320000,0.110000,71.330002,8.250000,-2.710000,269.029999,36.110001,61498.210938,33.17,100.53,2.750000,CO,14816
0.250000,0.320000,0.050000,0.370000,0.110000,70.779999,7.130000,-2.970000,268.440002,38.459999,61435.289062,33.18,100.69,2.750000,CO,14817
0.260000,0.330000,0.050000,0.340000,0.110000,70.410004,7.730000,-2.540000,266.399994,44.230000,59867.421875,33.18,100.85,2.750000,CO,14818
0.270000,0.390000,0.050000,0.300000,0.100000,70.769997,9.480000,-2.380000,264.829987,49.029999,58514.031250,33.19,101.02,2.500000,CO,14819
0.750000,1.380000,0.130000,0.630000,0.120000,65.650002,4.390000,-2.560000,268.250000,40.779999,62699.300781,33.21,101.67,3.000000,CO,14823
0.180000,0.340000,0.020000,0.120000,0.100000,77.980003,12.570000,2.000000,260.140015,65.830002,52848.601562,32.75,92.27,2.500000,CO,15023
0.180000,0.330000,0.020000,0.110000,0.110000,77.849998,12.050000,2.140000,260.480011,62.880001,52984.679688,32.78,92.59,2.750000,CO,15025
0.180000,0.330000,0.020000,0.110000,0.110000,77.970001,12.900000,2.400000,260.079987,63.490002,52615.250000,32.8,92.75,2.750000,CO,15026
0.180000,0.330000,0.020000,0.110000,0.110000,78.139999,13.110000,2.480000,261.059998,59.849998,53287.589844,32.81,92.91,2.750000,CO,15027
0.180000,0.330000,0.020000,0.110000,0.110000,78.570000,12.110000,1.990000,263.000000,52.759998,54681.500000,32.83,93.07,2.750000,CO,15028
0.180000,0.340000,0.020000,0.110000,0.110000,78.500000,11.410000,1.460000,264.140015,48.060001,55537.031250,32.84,93.23,2.750000,CO,15029
0.190000,0.340000,0.030000,0.110000,0.110000,78.449997,11.340000,0.770000,264.829987,45.500000,56098.390625,32.86,93.39,2.750000,CO,15030
0.190000,0.340000,0.030000,0.110000,0.110000,78.300003,11.060000,0.540000,265.399994,44.200001,56619.250000,32.87,93.56,2.750000,CO,15031
0.200000,0.340000,0.030000,0.110000,0.110000,78.160004,10.790000,0.610000,265.570007,44.180000,56880.988281,32.89,93.72,2.750000,CO,15032
0.200000,0.350000,0.030000,0.120000,0.110000,78.040001,10.780000,0.460000,265.269989,45.180000,56767.250000,32.9,93.88,2.750000,CO,15033
0.200000,0.350000,0.030000,0.120000,0.110000,77.940002,10.880000,0.380000,264.730011,46.860001,56448.359375,32.91,94.04,2.750000,CO,15034
0.200000,0.340000,0.030000,0.120000,0.110000,77.910004,11.070000,0.480000,263.959991,49.410000,55946.789062,32.93,94.2,2.750000,CO,15035
0.200000,0.330000,0.030000,0.120000,0.110000,78.000000,11.500000,0.360000,263.239990,51.660000,55420.039062,32.94,94.36,2.750000,CO,15036
0.190000,0.320000,0.030000,0.110000,0.110000,78.019997,11.740000,-0.030000,263.519989,50.650002,55649.199219,32.95,94.52,2.750000,CO,15037
0.190000,0.310000,0.020000,0.110000,0.110000,78.010002,11.880000,-0.400000,263.630005,50.209999,55800.738281,32.97,94.68,2.750000,CO,15038
0.180000,0.300000,0.020000,0.110000,0.110000,77.879997,11.930000,-0.840000,264.269989,47.980000,56329.261719,32.98,94.85,2.750000,CO,15039
0.180000,0.290000,0.020000,0.110000,0.110000,77.360001,10.770000,-1.080000,265.929993,43.240002,57775.769531,32.99,95.01,2.750000,CO,15040
0.180000,0.280000,0.020000,0.120000,0.110000,76.930000,9.520000,-1.200000,265.869995,43.540001,57974.488281,33.01,95.17,2.750000,CO,15041
0.170000,0.280000,0.020000,0.130000,0.110000,76.900002,9.680000,-1.160000,264.950012,45.619999,57342.750000,33.02,95.33,2.750000,CO,15042
0.170000,0.280000,0.020000,0.130000,0.110000,77.120003,10.110000,-0.660000,264.700012,46.209999,57127.539062,33.03,95.49,2.750000,CO,15043
0.170000,0.280000,0.020000,0.130000,0.110000,77.190002,10.150000,-0.410000,264.649994,46.450001,57084.570312,33.04,95.65,2.750000,CO,15044
0.180000,0.290000,0.020000,0.120000,0.110000,77.529999,10.240000,-0.770000,264.440002,46.869999,56910.941406,33.06,95.82,2.750000,CO,15045
0.200000,0.330000,0.020000,0.120000,0.110000,77.849998,10.530000,-0.940000,264.160004,47.110001,56586.679688,33.07,95.98,2.750000,CO,15046
0.270000,0.490000,0.030000,0.140000,0.110000,77.889999,10.570000,-0.480000,264.989990,44.459999,57158.449219,33.08,96.14,2.750000,CO,15047
0.560000,0.980000,0.030000,0.240000,0.110000,77.570000,10.360000,0.170000,266.119995,41.209999,58039.800781,33.09,96.3,2.750000,CO,15048
1.760000,2.810000,0.050000,0.610000,0.130000,77.089996,10.380000,0.240000,266.709991,39.290001,58494.371094,33.1,96.46,3.250000,CO,15049
4.130000,6.120000,0.070000,1.480000,0.180000,76.559998,10.990000,-0.220000,266.059998,40.320000,57992.039062,33.11,96.62,6.120000,PM10,15050
6.730000,9.540000,0.090000,2.260000,0.220000,75.129997,11.780000,-0.630000,265.579987,40.889999,57515.429688,33.12,96.79,9.614285,PM2.5,15051
8.650000,12.010000,0.110000,3.170000,0.260000,73.930000,11.060000,-0.690000,268.089996,34.639999,59425.679688,33.13,96.95,12.357142,PM2.5,15052
9.940000,14.170000,0.160000,5.090000,0.320000,72.599998,9.710000,-0.500000,269.559998,31.830000,60766.371094,33.14,97.11,14.200000,PM2.5,15053
7.470000,11.010000,0.140000,4.720000,0.290000,73.739998,10.130000,0.030000,267.529999,36.180000,59290.480469,33.15,97.27,11.010000,PM10,15054
4.050000,6.200000,0.110000,2.810000,0.210000,74.660004,11.180000,0.710000,266.869995,37.919998,58797.199219,33.16,97.43,6.200000,PM10,15055
0.370000,0.680000,0.050000,0.380000,0.110000,74.989998,10.690000,-0.850000,263.670013,50.759998,56891.558594,33.24,98.9,2.750000,CO,15064
0.240000,0.320000,0.040000,0.270000,0.110000,75.339996,11.360000,-1.180000,264.019989,49.790001,57133.878906,33.25,99.06,2.750000,CO,15065
0.220000,0.290000,0.040000,0.240000,0.110000,75.599998,11.610000,-1.320000,264.950012,46.880001,57835.679688,33.26,99.22,2.750000,CO,15066
0.210000,0.280000,0.040000,0.230000,0.110000,75.510002,10.910000,-1.170000,266.220001,43.540001,58876.109375,33.26,99.38,2.750000,CO,15067
0.210000,0.270000,0.030000,0.240000,0.110000,75.449997,10.310000,-1.340000,266.429993,42.740002,59073.949219,33.27,99.55,2.750000,CO,15068
0.210000,0.270000,0.030000,0.230000,0.110000,75.470001,10.340000,-1.720000,266.160004,43.070000,58887.859375,33.28,99.71,2.750000,CO,15069
0.210000,0.270000,0.030000,0.210000,0.110000,75.419998,10.400000,-2.040000,266.010010,43.279999,58812.609375,33.28,99.87,2.750000,CO,15070
0.210000,0.280000,0.040000,0.210000,0.110000,73.910004,10.080000,-2.250000,266.339996,41.950001,59081.750000,33.29,100.03,2.750000,CO,15071
0.220000,0.280000,0.040000,0.230000,0.110000,73.660004,9.490000,-2.660000,266.709991,41.119999,59477.761719,33.3,100.2,2.750000,CO,15072
0.230000,0.290000,0.040000,0.270000,0.110000,72.839996,8.810000,-3.120000,266.950012,41.040001,59878.789062,33.3,100.36,2.750000,CO,15073
0.240000,0.300000,0.040000,0.330000,0.110000,71.879997,7.910000,-3.110000,267.230011,41.430000,60404.058594,33.31,100.52,2.750000,CO,15074
0.240000,0.310000,0.040000,0.370000,0.110000,70.610001,7.500000,-2.490000,266.540009,44.459999,60059.109375,33.31,100.68,2.750000,CO,15075
0.250000,0.320000,0.050000,0.380000,0.110000,69.709999,8.190000,-1.780000,265.510010,48.150002,59277.500000,33.32,100.85,2.750000,CO,15076
0.250000,0.310000,0.040000,0.350000,0.110000,70.489998,9.100000,-1.850000,265.299988,48.840000,59153.750000,33.33,101.01,2.750000,CO,15077
0.280000,0.410000,0.050000,0.360000,0.110000,69.839996,9.520000,-2.410000,265.480011,47.689999,59343.410156,33.33,101.17,2.750000,CO,15078
0.350000,0.560000,0.060000,0.430000,0.110000,68.239998,8.260000,-3.170000,266.970001,42.820000,60766.160156,33.33,101.33,2.750000,CO,15079
0.530000,0.860000,0.100000,0.560000,0.110000,66.379997,5.490000,-3.120000,268.200012,40.840000,62727.070312,33.34,101.5,2.750000,CO,15080
0.180000,0.330000,0.020000,0.120000,0.100000,78.820000,12.170000,2.210000,260.339996,64.639999,53043.308594,32.87,92.09,2.500000,CO,15281
0.180000,0.340000,0.020000,0.110000,0.100000,79.000000,12.360000,2.260000,260.399994,63.599998,53069.128906,32.88,92.25,2.500000,CO,15282
0.180000,0.330000,0.020000,0.110000,0.100000,79.040001,12.170000,2.310000,260.779999,61.779999,53343.101562,32.9,92.41,2.500000,CO,15283
0.180000,0.330000,0.020000,0.110000,0.110000,78.989998,11.800000,2.510000,261.029999,60.779999,53500.429688,32.91,92.57,2.750000,CO,15284
0.180000,0.330000,0.020000,0.100000,0.110000,78.910004,11.830000,2.270000,261.440002,58.759998,53735.750000,32.93,92.73,2.750000,CO,15285
0.170000,0.330000,0.020000,0.100000,0.110000,79.110001,11.780000,1.580000,262.519989,54.119999,54437.328125,32.95,92.89,2.750000,CO,15286
0.180000,0.330000,0.030000,0.100000,0.110000,79.239998,11.160000,1.000000,264.239990,48.130001,55676.800781,32.96,93.05,2.750000,CO,15287
0.180000,0.340000,0.030000,0.110000,0.110000,79.070000,10.500000,0.660000,265.459991,44.689999,56655.519531,32.98,93.22,2.750000,CO,15288
0.190000,0.340000,0.030000,0.110000,0.110000,78.889999,10.580000,0.200000,265.220001,45.099998,56528.578125,32.99,93.38,2.750000,CO,15289
0.190000,0.340000,0.030000,0.110000,0.110000,78.790001,10.930000,-0.000000,264.850006,45.799999,56279.531250,33.01,93.54,2.750000,CO,15290
0.190000,0.340000,0.030000,0.110000,0.110000,78.599998,10.920000,0.160000,264.989990,45.310001,56448.921875,33.02,93.7,2.750000,CO,15291
0.190000,0.330000,0.030000,0.110000,0.110000,78.570000,10.950000,0.330000,264.739990,45.939999,56345.601562,33.04,93.86,2.750000,CO,15292
0.200000,0.330000,0.030000,0.110000,0.110000,78.500000,11.220000,0.410000,264.489990,46.580002,56215.011719,33.05,94.02,2.750000,CO,15293
0.190000,0.330000,0.030000,0.110000,0.110000,78.410004,11.320000,0.560000,264.579987,46.799999,56375.101562,33.06,94.18,2.750000,CO,15294
0.190000,0.320000,0.030000,0.110000,0.110000,78.300003,11.260000,0.530000,264.720001,46.830002,56568.718750,33.08,94.35,2.750000,CO,15295
0.190000,0.310000,0.030000,0.110000,0.110000,78.129997,11.200000,0.000000,264.940002,46.330002,56829.039062,33.09,94.51,2.750000,CO,15296
0.190000,0.310000,0.030000,0.110000,0.110000,78.050003,11.440000,-0.640000,264.450012,47.580002,56525.000000,33.1,94.67,2.750000,CO,15297
0.180000,0.300000,0.020000,0.100000,0.110000,77.970001,11.770000,-1.280000,264.190002,47.980000,56326.519531,33.12,94.83,2.750000,CO,15298
0.180000,0.290000,0.020000,0.100000,0.110000,77.480003,10.850000,-1.400000,265.250000,44.669998,57288.671875,33.13,94.99,2.750000,CO,15299
0.180000,0.280000,0.020000,0.100000,0.110000,77.139999,9.710000,-1.080000,264.790009,45.869999,57124.808594,33.14,95.15,2.750000,CO,15300
0.170000,0.280000,0.020000,0.100000,0.110000,77.500000,10.320000,-1.200000,262.880005,51.200001,55602.589844,33.15,95.32,2.750000,CO,15301
0.170000,0.280000,0.020000,0.100000,0.110000,77.809998,11.110000,-1.150000,262.640015,52.439999,55344.449219,33.17,95.48,2.750000,CO,15302
0.170000,0.280000,0.020000,0.100000,0.110000,77.919998,10.890000,-0.920000,263.239990,51.009998,55847.878906,33.18,95.64,2.750000,CO,15303
0.170000,0.280000,0.020000,0.100000,0.110000,78.089996,10.870000,-0.770000,263.029999,51.470001,55695.730469,33.19,95.8,2.750000,CO,15304
0.190000,0.310000,0.020000,0.100000,0.110000,78.349998,11.310000,-0.710000,262.929993,51.290001,55553.019531,33.2,95.96,2.750000,CO,15305
0.240000,0.430000,0.020000,0.110000,0.110000,78.489998,11.570000,-0.980000,263.559998,48.779999,55931.289062,33.21,96.13,2.750000,CO,15306
0.430000,0.750000,0.030000,0.170000,0.110000,78.279999,11.190000,-0.830000,265.299988,43.150002,57245.531250,33.23,96.29,2.750000,CO,15307
1.130000,1.870000,0.040000,0.370000,0.120000,77.839996,10.550000,-0.460000,266.670013,39.209999,58378.371094,33.24,96.45,3.000000,CO,15308
2.590000,3.940000,0.050000,0.920000,0.150000,77.480003,10.860000,-0.300000,266.040009,40.220001,57931.640625,33.25,96.61,3.940000,PM10,15309
4.330000,6.290000,0.070000,1.540000,0.180000,77.110001,11.480000,-0.660000,266.250000,39.150002,58054.539062,33.26,96.77,6.290000,PM10,15310
5.540000,7.870000,0.080000,2.170000,0.200000,75.250000,10.780000,-1.340000,268.059998,34.939999,59518.921875,33.27,96.94,7.914286,PM2.5,15311
6.360000,9.120000,0.110000,3.160000,0.240000,74.459999,10.060000,-1.070000,268.170013,34.799999,59728.601562,33.28,97.1,9.120000,PM10,15312
4.540000,6.730000,0.100000,2.640000,0.210000,75.620003,10.820000,-0.520000,266.739990,38.029999,58629.488281,33.29,97.26,6.730000,PM10,15313
2.330000,3.720000,0.080000,1.610000,0.160000,76.260002,11.300000,-0.680000,267.540009,36.509998,59318.738281,33.3,97.42,4.000000,CO,15314
0.930000,1.630000,0.060000,0.790000,0.120000,76.320000,10.500000,-0.850000,268.730011,34.689999,60444.429688,33.31,97.59,3.000000,CO,15315
0.370000,0.700000,0.050000,0.290000,0.110000,75.400002,10.680000,-0.390000,264.190002,49.389999,57427.101562,33.38,98.89,2.750000,CO,15323
0.220000,0.270000,0.040000,0.190000,0.110000,76.019997,11.040000,-1.010000,263.309998,52.410000,56727.718750,33.38,99.05,2.750000,CO,15324
0.210000,0.280000,0.030000,0.190000,0.110000,76.160004,11.590000,-1.460000,263.570007,51.730000,56859.988281,33.39,99.21,2.750000,CO,15325
0.210000,0.270000,0.030000,0.190000,0.110000,76.070000,11.090000,-1.610000,265.649994,45.259998,58488.390625,33.4,99.37,2.750000,CO,15326
0.210000,0.270000,0.030000,0.210000,0.110000,75.800003,10.170000,-1.710000,266.670013,42.119999,59362.648438,33.41,99.54,2.750000,CO,15327
0.210000,0.270000,0.030000,0.210000,0.110000,75.550003,9.970000,-1.870000,266.420013,42.389999,59252.289062,33.41,99.7,2.750000,CO,15328
0.210000,0.270000,0.030000,0.200000,0.110000,75.209999,9.850000,-2.020000,266.100006,42.860001,59080.121094,33.42,99.86,2.750000,CO,15329
0.220000,0.290000,0.040000,0.220000,0.110000,73.809998,9.130000,-2.300000,266.390015,42.400002,59405.640625,33.43,100.03,2.750000,CO,15330
0.230000,0.300000,0.040000,0.260000,0.110000,72.580002,8.070000,-2.780000,266.239990,43.500000,59592.019531,33.43,100.19,2.750000,CO,15331
0.240000,0.310000,0.040000,0.300000,0.110000,71.680000,7.610000,-3.030000,265.290009,47.270000,59141.171875,33.44,100.35,2.750000,CO,15332
0.240000,0.310000,0.040000,0.330000,0.110000,70.839996,7.820000,-2.780000,265.049988,49.439999,59098.359375,33.44,100.51,2.750000,CO,15333
0.250000,0.310000,0.040000,0.340000,0.110000,69.480003,8.190000,-1.890000,265.390015,49.279999,59369.039062,33.45,100.68,2.750000,CO,15334
0.250000,0.320000,0.040000,0.360000,0.110000,68.949997,8.350000,-1.520000,266.059998,47.259998,59986.398438,33.46,100.84,2.750000,CO,15335
0.260000,0.320000,0.050000,0.370000,0.110000,69.059998,8.370000,-1.830000,266.179993,46.619999,60365.128906,33.46,101.0,2.750000,CO,15336
0.270000,0.330000,0.050000,0.380000,0.110000,68.410004,8.430000,-2.200000,266.239990,45.750000,60553.199219,33.47,101.17,2.750000,CO,15337
0.340000,0.410000,0.060000,0.450000,0.110000,66.959999,7.110000,-2.900000,267.559998,41.630001,62040.218750,33.47,101.33,2.750000,CO,15338
0.520000,0.680000,0.110000,0.560000,0.110000,65.430000,4.980000,-2.760000,267.720001,42.290001,63023.308594,33.48,101.49,2.750000,CO,15339
0.780000,1.050000,0.170000,0.690000,0.120000,64.540001,4.340000,-1.950000,267.309998,43.330002,62928.839844,33.48,101.66,3.000000,CO,15340
0.180000,0.330000,0.020000,0.130000,0.100000,79.089996,11.830000,2.830000,260.470001,64.019997,53174.160156,32.98,91.91,2.500000,CO,15541
0.180000,0.330000,0.020000,0.110000,0.100000,79.250000,12.260000,2.140000,259.709991,66.029999,52620.921875,33.0,92.07,2.500000,CO,15542
0.180000,0.330000,0.020000,0.110000,0.100000,79.500000,12.790000,2.250000,259.459991,66.410004,52410.921875,33.02,92.23,2.500000,CO,15543
0.180000,0.330000,0.020000,0.100000,0.100000,79.519997,12.560000,2.510000,260.250000,63.650002,52978.261719,33.03,92.39,2.500000,CO,15544
0.180000,0.330000,0.020000,0.100000,0.110000,79.519997,11.970000,2.390000,261.670013,58.520000,54018.449219,33.05,92.55,2.750000,CO,15545
0.180000,0.330000,0.020000,0.100000,0.110000,79.430000,11.600000,1.960000,263.019989,53.320000,55002.460938,33.07,92.71,2.750000,CO,15546
0.180000,0.330000,0.030000,0.100000,0.110000,79.449997,11.380000,1.360000,263.839996,49.930000,55604.578125,33.08,92.87,2.750000,CO,15547
0.180000,0.330000,0.030000,0.100000,0.110000,79.570000,11.150000,0.830000,264.660004,46.720001,56078.390625,33.1,93.04,2.750000,CO,15548
0.190000,0.320000,0.030000,0.110000,0.110000,77.809998,10.910000,0.770000,264.670013,47.939999,56568.679688,33.11,93.2,2.750000,CO,15549
0.190000,0.330000,0.030000,0.110000,0.110000,78.650002,10.840000,0.610000,264.730011,46.970001,56414.078125,33.13,93.36,2.750000,CO,15550
0.190000,0.330000,0.030000,0.110000,0.110000,78.839996,11.200000,0.330000,264.089996,47.740002,55817.640625,33.14,93.52,2.750000,CO,15551
0.190000,0.330000,0.030000,0.110000,0.110000,78.870003,11.570000,0.230000,263.839996,47.860001,55602.921875,33.16,93.68,2.750000,CO,15552
0.190000,0.320000,0.030000,0.110000,0.110000,78.809998,11.600000,0.260000,264.000000,47.250000,55755.460938,33.17,93.84,2.750000,CO,15553
0.190000,0.320000,0.030000,0.110000,0.110000,78.720001,11.710000,0.130000,264.190002,46.619999,55958.589844,33.18,94.01,2.750000,CO,15554
0.190000,0.320000,0.030000,0.100000,0.110000,78.550003,11.750000,0.080000,264.739990,45.099998,56442.371094,33.2,94.17,2.750000,CO,15555
0.190000,0.310000,0.030000,0.100000,0.110000,78.209999,11.370000,0.110000,265.760010,42.630001,57350.851562,33.21,94.33,2.750000,CO,15556
0.190000,0.310000,0.030000,0.100000,0.110000,77.860001,10.900000,-0.130000,266.350006,41.400002,57938.281250,33.23,94.49,2.750000,CO,15557
0.190000,0.310000,0.030000,0.100000,0.110000,77.669998,10.950000,-0.610000,265.709991,43.299999,57593.628906,33.24,94.65,2.750000,CO,15558
0.190000,0.300000,0.020000,0.100000,0.110000,77.650002,11.460000,-1.170000,264.320007,46.950001,56567.691406,33.25,94.81,2.750000,CO,15559
0.180000,0.290000,0.020000,0.100000,0.110000,77.480003,11.300000,-1.190000,264.010010,47.610001,56357.550781,33.27,94.98,2.750000,CO,15560
0.180000,0.290000,0.020000,0.100000,0.110000,77.250000,10.420000,-0.510000,264.079987,47.189999,56505.160156,33.28,95.14,2.750000,CO,15561
0.180000,0.290000,0.020000,0.090000,0.100000,77.379997,10.550000,-0.360000,262.510010,52.160000,55328.621094,33.29,95.3,2.500000,CO,15562
0.180000,0.280000,0.020000,0.090000,0.100000,77.660004,11.640000,-0.710000,261.399994,56.560001,54429.160156,33.3,95.46,2.500000,CO,15563
0.170000,0.280000,0.020000,0.090000,0.100000,77.510002,12.330000,-0.890000,261.459991,56.590000,54516.921875,33.31,95.62,2.500000,CO,15564
0.180000,0.280000,0.020000,0.090000,0.100000,78.040001,12.230000,-0.730000,262.089996,53.880001,54926.578125,33.33,95.79,2.500000,CO,15565
0.180000,0.300000,0.020000,0.100000,0.100000,78.070000,11.660000,-0.620000,263.700012,48.230000,56117.148438,33.34,95.95,2.500000,CO,15566
0.230000,0.380000,0.030000,0.120000,0.110000,78.110001,11.460000,-1.240000,264.380005,45.720001,56639.320312,33.35,96.11,2.750000,CO,15567
0.330000,0.570000,0.030000,0.190000,0.110000,78.139999,11.550000,-1.780000,264.660004,44.230000,56835.820312,33.36,96.27,2.750000,CO,15568
0.600000,1.060000,0.040000,0.340000,0.110000,77.980003,11.310000,-1.470000,265.309998,41.990002,57338.800781,33.37,96.44,2.750000,CO,15569
1.160000,1.850000,0.040000,0.590000,0.120000,77.699997,11.110000,-0.970000,266.010010,39.880001,57904.019531,33.38,96.6,3.000000,CO,15570
1.830000,2.820000,0.040000,0.970000,0.130000,77.389999,10.870000,-1.290000,267.190002,37.070000,58909.980469,33.39,96.76,3.250000,CO,15571
2.240000,3.390000,0.040000,1.280000,0.140000,75.860001,10.650000,-1.840000,267.029999,37.369999,58867.828125,33.4,96.92,3.500000,CO,15572
2.490000,3.880000,0.060000,1.490000,0.150000,75.260002,10.640000,-1.150000,266.790009,37.970001,58715.679688,33.41,97.09,3.880000,PM10,15573
1.880000,2.990000,0.060000,1.190000,0.140000,76.320000,10.730000,-0.870000,266.850006,38.150002,58837.300781,33.42,97.25,3.500000,CO,15574
1.050000,1.750000,0.060000,0.730000,0.120000,76.800003,11.120000,-1.580000,266.320007,39.720001,58482.019531,33.43,97.41,3.000000,CO,15575
0.510000,0.870000,0.050000,0.380000,0.110000,76.989998,11.150000,-1.410000,266.529999,39.490002,58687.839844,33.44,97.57,2.750000,CO,15576
0.320000,0.570000,0.040000,0.200000,0.110000,75.610001,11.160000,-0.370000,264.779999,48.750000,58024.921875,33.51,98.88,2.750000,CO,15584
0.220000,0.290000,0.040000,0.180000,0.110000,75.309998,11.450000,-0.630000,264.089996,51.029999,57555.839844,33.52,99.04,2.750000,CO,15585
0.210000,0.280000,0.030000,0.180000,0.110000,75.839996,11.910000,-1.160000,264.119995,50.570000,57516.968750,33.53,99.2,2.750000,CO,15586
0.210000,0.280000,0.030000,0.200000,0.110000,75.730003,11.110000,-1.780000,265.489990,46.070000,58605.480469,33.54,99.37,2.750000,CO,15587
0.220000,0.290000,0.040000,0.220000,0.110000,75.370003,10.160000,-2.000000,266.209991,43.520000,59275.128906,33.54,99.53,2.750000,CO,15588
0.230000,0.300000,0.040000,0.230000,0.110000,74.910004,9.710000,-2.120000,266.119995,43.650002,59353.101562,33.55,99.69,2.750000,CO,15589
0.240000,0.320000,0.040000,0.260000,0.110000,74.169998,9.280000,-2.300000,266.209991,43.590000,59550.269531,33.56,99.85,2.750000,CO,15590
0.270000,0.360000,0.050000,0.290000,0.110000,72.199997,7.960000,-2.630000,266.679993,43.230000,60223.980469,33.56,100.02,2.750000,CO,15591
0.290000,0.390000,0.050000,0.290000,0.110000,70.760002,6.100000,-2.510000,266.399994,44.990002,60582.210938,33.57,100.18,2.750000,CO,15592
0.290000,0.390000,0.050000,0.280000,0.110000,70.230003,6.010000,-1.910000,265.029999,49.900002,59714.109375,33.57,100.34,2.750000,CO,15593
0.280000,0.380000,0.050000,0.270000,0.110000,69.050003,7.760000,-1.570000,264.390015,52.680000,59071.851562,33.58,100.51,2.750000,CO,15594
0.280000,0.370000,0.050000,0.270000,0.110000,68.570000,8.700000,-1.420000,265.529999,48.520000,59851.691406,33.59,100.67,2.750000,CO,15595
0.280000,0.350000,0.050000,0.290000,0.110000,67.790001,8.200000,-1.610000,266.609985,44.910000,60934.460938,33.59,100.83,2.750000,CO,15596
0.280000,0.350000,0.050000,0.310000,0.110000,67.489998,7.880000,-1.830000,266.369995,44.889999,60950.898438,33.6,101.0,2.750000,CO,15597
0.300000,0.370000,0.050000,0.360000,0.120000,66.839996,7.620000,-2.330000,266.179993,45.040001,61025.890625,33.6,101.16,3.000000,CO,15598
0.400000,0.480000,0.080000,0.460000,0.140000,65.660004,6.470000,-2.710000,266.679993,43.480000,61899.269531,33.61,101.32,3.500000,CO,15599
0.570000,0.680000,0.120000,0.530000,0.160000,64.489998,5.320000,-2.090000,266.829987,42.639999,62334.441406,33.61,101.49,4.000000,CO,15600
0.190000,0.330000,0.020000,0.090000,0.110000,79.769997,13.150000,4.070000,261.359985,58.529999,53784.019531,33.09,91.57,2.750000,CO,15799
0.190000,0.330000,0.020000,0.100000,0.110000,79.269997,12.620000,4.120000,261.839996,57.529999,54231.828125,33.1,91.73,2.750000,CO,15800
0.190000,0.330000,0.020000,0.120000,0.100000,79.320000,11.880000,3.420000,261.630005,58.790001,54134.781250,33.12,91.89,2.500000,CO,15801
0.190000,0.340000,0.020000,0.110000,0.100000,77.480003,13.000000,2.710000,259.190002,67.540001,52373.339844,33.14,92.05,2.500000,CO,15802
0.190000,0.330000,0.020000,0.100000,0.100000,79.150002,14.010000,2.310000,258.910004,67.160004,52021.050781,33.15,92.21,2.500000,CO,15803
0.180000,0.330000,0.020000,0.100000,0.100000,79.220001,13.120000,2.160000,260.899994,59.070000,53445.261719,33.17,92.37,2.500000,CO,15804
0.180000,0.330000,0.020000,0.100000,0.100000,79.239998,12.210000,1.920000,262.559998,52.750000,54672.578125,33.19,92.53,2.500000,CO,15805
0.180000,0.330000,0.030000,0.100000,0.100000,79.309998,11.870000,1.530000,263.549988,48.689999,55374.511719,33.2,92.69,2.500000,CO,15806
0.180000,0.330000,0.030000,0.100000,0.110000,79.360001,11.570000,1.280000,264.329987,46.090000,55950.949219,33.22,92.86,2.750000,CO,15807
0.190000,0.330000,0.030000,0.100000,0.110000,77.029999,11.260000,1.070000,264.950012,44.110001,56391.531250,33.23,93.02,2.750000,CO,15808
0.190000,0.330000,0.030000,0.100000,0.110000,78.290001,10.970000,1.140000,265.359985,42.840000,56744.289062,33.25,93.18,2.750000,CO,15809
0.190000,0.330000,0.030000,0.100000,0.110000,78.400002,10.900000,1.180000,265.130005,43.360001,56607.039062,33.26,93.34,2.750000,CO,15810
0.190000,0.330000,0.030000,0.100000,0.110000,78.529999,11.300000,0.970000,264.200012,45.660000,55900.121094,33.28,93.5,2.750000,CO,15811
0.190000,0.320000,0.030000,0.100000,0.110000,78.650002,11.640000,0.690000,263.779999,46.450001,55574.808594,33.29,93.66,2.750000,CO,15812
0.190000,0.320000,0.030000,0.100000,0.110000,78.690002,11.630000,0.450000,263.730011,46.270000,55544.800781,33.31,93.83,2.750000,CO,15813
0.190000,0.320000,0.030000,0.100000,0.110000,78.730003,11.780000,0.110000,263.420013,46.849998,55326.058594,33.32,93.99,2.750000,CO,15814
0.190000,0.320000,0.030000,0.100000,0.110000,78.669998,11.980000,-0.320000,263.549988,46.180000,55426.820312,33.33,94.15,2.750000,CO,15815
0.190000,0.310000,0.030000,0.100000,0.110000,78.320000,11.530000,-0.540000,264.940002,42.529999,56562.359375,33.35,94.31,2.750000,CO,15816
0.190000,0.310000,0.030000,0.100000,0.110000,77.870003,10.760000,-0.640000,266.049988,40.209999,57566.121094,33.36,94.47,2.750000,CO,15817
0.190000,0.310000,0.030000,0.100000,0.110000,77.620003,10.600000,-1.010000,265.230011,42.500000,57175.320312,33.37,94.64,2.750000,CO,15818
0.190000,0.300000,0.020000,0.090000,0.100000,77.779999,11.590000,-1.290000,263.109985,48.549999,55555.730469,33.39,94.8,2.500000,CO,15819
0.190000,0.290000,0.020000,0.090000,0.100000,77.389999,12.450000,-1.130000,261.910004,52.330002,54677.921875,33.4,94.96,2.500000,CO,15820
0.180000,0.290000,0.020000,0.090000,0.100000,77.720001,11.820000,-0.480000,262.359985,51.639999,55053.269531,33.41,95.12,2.500000,CO,15821
0.180000,0.280000,0.020000,0.090000,0.100000,77.290001,11.720000,0.050000,261.809998,54.560001,54768.289062,33.43,95.29,2.500000,CO,15822
0.180000,0.280000,0.020000,0.090000,0.100000,77.349998,12.690000,-0.150000,261.679993,55.360001,54695.468750,33.44,95.45,2.500000,CO,15823
0.180000,0.280000,0.020000,0.090000,0.100000,77.400002,13.080000,-0.670000,261.890015,54.770000,54883.808594,33.45,95.61,2.500000,CO,15824
0.180000,0.280000,0.020000,0.090000,0.100000,77.940002,12.740000,-1.020000,262.459991,52.139999,55210.921875,33.46,95.77,2.500000,CO,15825
0.180000,0.280000,0.020000,0.100000,0.100000,77.820000,11.690000,-1.060000,264.850006,44.509998,57040.000000,33.47,95.94,2.500000,CO,15826
0.210000,0.320000,0.030000,0.120000,0.110000,77.769997,11.030000,-1.180000,265.450012,42.610001,57563.281250,33.49,96.1,2.750000,CO,15827
0.250000,0.400000,0.030000,0.150000,0.110000,77.849998,11.480000,-1.520000,264.380005,44.910000,56729.789062,33.5,96.26,2.750000,CO,15828
0.330000,0.560000,0.030000,0.180000,0.110000,77.889999,11.750000,-1.740000,264.510010,43.939999,56815.781250,33.51,96.42,2.750000,CO,15829
0.480000,0.780000,0.030000,0.250000,0.110000,77.699997,11.220000,-1.660000,265.600006,40.860001,57692.468750,33.52,96.59,2.750000,CO,15830
0.650000,1.070000,0.030000,0.340000,0.110000,77.510002,10.760000,-1.580000,266.239990,39.410000,58296.089844,33.53,96.75,2.750000,CO,15831
0.750000,1.240000,0.030000,0.410000,0.110000,77.089996,11.430000,-1.670000,264.670013,43.080002,57143.230469,33.54,96.91,2.750000,CO,15832
0.790000,1.330000,0.040000,0.470000,0.120000,75.989998,11.600000,-1.230000,265.149994,41.650002,57462.968750,33.55,97.07,3.000000,CO,15833
0.640000,1.080000,0.040000,0.390000,0.110000,76.150002,10.570000,-1.120000,266.380005,39.560001,58550.101562,33.56,97.24,2.750000,CO,15834
0.440000,0.740000,0.040000,0.250000,0.110000,76.849998,11.060000,-1.450000,264.859985,43.990002,57414.378906,33.57,97.4,2.750000,CO,15835
0.370000,0.730000,0.040000,0.170000,0.110000,75.379997,10.840000,-0.510000,264.700012,48.970001,58152.679688,33.64,98.7,2.750000,CO,15843
0.270000,0.440000,0.040000,0.150000,0.110000,75.379997,10.590000,-0.780000,265.859985,45.110001,59075.890625,33.65,98.87,2.750000,CO,15844
0.220000,0.290000,0.030000,0.150000,0.110000,75.239998,10.400000,-0.880000,265.799988,45.360001,59111.730469,33.66,99.03,2.750000,CO,15845
0.220000,0.280000,0.030000,0.180000,0.110000,75.150002,10.440000,-1.230000,266.100006,44.340000,59413.031250,33.66,99.19,2.750000,CO,15846
0.220000,0.290000,0.030000,0.220000,0.110000,74.769997,9.840000,-1.700000,266.570007,43.200001,59915.429688,33.67,99.36,2.750000,CO,15847
0.240000,0.310000,0.040000,0.250000,0.110000,74.150002,9.100000,-1.800000,266.529999,43.450001,60024.718750,33.68,99.52,2.750000,CO,15848
0.270000,0.370000,0.050000,0.280000,0.110000,73.330002,8.510000,-1.980000,266.390015,44.209999,60114.839844,33.69,99.68,2.750000,CO,15849
0.320000,0.460000,0.060000,0.340000,0.110000,71.720001,7.770000,-2.370000,266.399994,44.919998,60346.621094,33.69,99.85,2.750000,CO,15850
0.380000,0.590000,0.070000,0.380000,0.110000,69.809998,6.360000,-2.720000,266.489990,45.299999,60863.101562,33.7,100.01,2.750000,CO,15851
0.410000,0.670000,0.070000,0.380000,0.110000,69.110001,5.270000,-2.470000,265.910004,47.209999,60842.191406,33.7,100.17,2.750000,CO,15852
0.400000,0.660000,0.070000,0.350000,0.110000,68.830002,6.200000,-1.670000,264.730011,50.720001,59943.699219,33.71,100.34,2.750000,CO,15853
0.380000,0.610000,0.060000,0.330000,0.110000,68.010002,8.030000,-1.100000,264.600006,51.099998,59630.289062,33.72,100.5,2.750000,CO,15854
0.360000,0.530000,0.060000,0.310000,0.110000,67.290001,8.530000,-1.260000,265.730011,47.180000,60472.398438,33.72,100.66,2.750000,CO,15855
0.330000,0.460000,0.060000,0.340000,0.110000,66.580002,7.740000,-1.540000,266.920013,43.439999,61620.429688,33.73,100.83,2.750000,CO,15856
0.340000,0.490000,0.070000,0.370000,0.140000,65.839996,6.720000,-1.710000,266.829987,43.509998,61909.320312,33.73,100.99,3.500000,CO,15857
0.390000,0.560000,0.080000,0.410000,0.180000,65.220001,6.230000,-2.380000,265.700012,46.150002,61273.820312,33.74,101.15,4.500000,CO,15858
0.200000,0.350000,0.030000,0.080000,0.100000,80.279999,13.610000,1.920000,260.869995,52.139999,53167.019531,33.15,90.9,2.500000,CO,16055
0.200000,0.350000,0.030000,0.080000,0.100000,80.379997,14.960000,2.040000,259.170013,59.049999,51941.679688,33.17,91.06,2.500000,CO,16056
0.200000,0.350000,0.030000,0.080000,0.100000,80.580002,15.890000,2.340000,258.459991,62.520000,51413.898438,33.19,91.22,2.500000,CO,16057
0.200000,0.340000,0.030000,0.080000,0.100000,80.459999,15.430000,3.120000,259.600006,59.560001,52311.921875,33.2,91.38,2.500000,CO,16058
0.200000,0.330000,0.020000,0.080000,0.100000,80.050003,14.520000,3.690000,260.299988,58.029999,52903.070312,33.22,91.54,2.500000,CO,16059
0.190000,0.330000,0.020000,0.090000,0.100000,79.559998,13.660000,3.800000,261.519989,54.529999,53878.691406,33.24,91.71,2.500000,CO,16060
0.190000,0.320000,0.020000,0.110000,0.100000,79.139999,12.630000,3.770000,262.309998,53.540001,54649.039062,33.25,91.87,2.500000,CO,16061
0.190000,0.330000,0.020000,0.100000,0.100000,79.120003,12.750000,3.470000,260.779999,59.860001,53542.609375,33.27,92.03,2.500000,CO,16062
0.190000,0.330000,0.020000,0.100000,0.100000,79.489998,13.590000,2.150000,260.170013,61.380001,53010.878906,33.29,92.19,2.500000,CO,16063
0.190000,0.330000,0.020000,0.100000,0.100000,79.540001,13.330000,1.430000,261.489990,55.689999,53931.820312,33.3,92.35,2.500000,CO,16064
0.180000,0.320000,0.020000,0.100000,0.100000,79.389999,12.330000,1.410000,263.149994,49.459999,55139.480469,33.32,92.51,2.500000,CO,16065
0.180000,0.320000,0.020000,0.100000,0.100000,79.349998,11.760000,1.090000,264.079987,45.770000,55809.101562,33.34,92.68,2.500000,CO,16066
0.180000,0.320000,0.020000,0.100000,0.100000,79.400002,11.650000,0.700000,264.619995,43.540001,56180.750000,33.35,92.84,2.500000,CO,16067
0.180000,0.320000,0.030000,0.100000,0.100000,77.080002,11.540000,0.680000,265.119995,41.480000,56526.460938,33.37,93.0,2.500000,CO,16068
0.190000,0.320000,0.030000,0.100000,0.110000,78.269997,11.300000,0.920000,265.619995,39.680000,56915.339844,33.38,93.16,2.750000,CO,16069
0.190000,0.320000,0.030000,0.100000,0.110000,78.410004,11.150000,1.160000,265.679993,39.360001,57005.628906,33.4,93.32,2.750000,CO,16070
0.190000,0.320000,0.030000,0.100000,0.110000,78.540001,11.400000,1.120000,264.920013,41.369999,56466.230469,33.41,93.49,2.750000,CO,16071
0.190000,0.320000,0.030000,0.100000,0.110000,78.680000,11.710000,0.820000,264.480011,42.509998,56136.878906,33.43,93.65,2.750000,CO,16072
0.190000,0.320000,0.030000,0.100000,0.110000,78.690002,11.680000,0.560000,264.640015,42.020000,56275.351562,33.44,93.81,2.750000,CO,16073
0.190000,0.310000,0.030000,0.100000,0.110000,78.650002,11.610000,0.220000,264.820007,41.400002,56450.500000,33.46,93.97,2.750000,CO,16074
0.190000,0.310000,0.030000,0.100000,0.110000,78.580002,11.710000,-0.420000,264.519989,42.240002,56266.050781,33.47,94.13,2.750000,CO,16075
0.200000,0.310000,0.030000,0.100000,0.110000,78.379997,11.540000,-0.970000,264.700012,41.990002,56469.160156,33.48,94.3,2.750000,CO,16076
0.200000,0.310000,0.030000,0.100000,0.110000,78.059998,10.880000,-1.020000,265.170013,41.070000,56962.621094,33.5,94.46,2.750000,CO,16077
0.200000,0.310000,0.030000,0.100000,0.110000,77.849998,10.860000,-0.900000,263.750000,44.740002,56024.851562,33.51,94.62,2.750000,CO,16078
0.190000,0.300000,0.030000,0.090000,0.100000,77.879997,12.260000,-0.920000,261.040009,53.290001,53941.070312,33.52,94.78,2.500000,CO,16079
0.190000,0.300000,0.020000,0.090000,0.100000,76.570000,13.720000,-0.970000,259.859985,57.389999,53104.238281,33.54,94.95,2.500000,CO,16080
0.190000,0.290000,0.020000,0.090000,0.100000,77.180000,13.810000,-0.690000,260.910004,54.279999,53929.160156,33.55,95.11,2.500000,CO,16081
0.190000,0.280000,0.020000,0.090000,0.100000,77.019997,13.190000,-0.220000,262.049988,51.009998,54874.300781,33.56,95.27,2.500000,CO,16082
0.180000,0.280000,0.020000,0.090000,0.100000,77.410004,12.430000,-0.360000,263.209991,48.080002,55784.371094,33.57,95.43,2.500000,CO,16083
0.180000,0.280000,0.020000,0.090000,0.100000,77.500000,11.940000,-0.730000,263.630005,47.130001,56160.800781,33.59,95.6,2.500000,CO,16084
0.180000,0.280000,0.020000,0.100000,0.100000,77.629997,12.040000,-1.260000,263.570007,47.029999,56109.941406,33.6,95.76,2.500000,CO,16085
0.180000,0.280000,0.020000,0.120000,0.100000,77.599998,11.590000,-1.620000,265.019989,42.930000,57223.339844,33.61,95.92,2.500000,CO,16086
0.190000,0.290000,0.020000,0.130000,0.100000,77.470001,10.840000,-1.340000,265.859985,40.990002,57934.468750,33.62,96.08,2.500000,CO,16087
0.200000,0.310000,0.020000,0.140000,0.100000,77.360001,10.730000,-1.240000,265.679993,41.459999,57879.339844,33.63,96.25,2.500000,CO,16088
0.230000,0.360000,0.020000,0.140000,0.100000,77.309998,10.880000,-1.620000,264.970001,43.209999,57424.609375,33.64,96.41,2.500000,CO,16089
0.270000,0.430000,0.020000,0.150000,0.100000,77.279999,10.910000,-1.800000,264.559998,44.139999,57115.121094,33.65,96.57,2.500000,CO,16090
0.300000,0.500000,0.020000,0.170000,0.110000,77.199997,10.520000,-1.600000,265.410004,42.110001,57826.218750,33.66,96.74,2.750000,CO,16091
0.320000,0.530000,0.020000,0.170000,0.110000,77.230003,10.740000,-1.340000,264.519989,44.480000,57191.031250,33.68,96.9,2.750000,CO,16092
0.340000,0.580000,0.030000,0.220000,0.110000,76.089996,10.880000,-1.400000,265.190002,42.689999,57701.710938,33.69,97.06,2.750000,CO,16093
0.330000,0.550000,0.040000,0.230000,0.110000,75.220001,9.830000,-1.520000,266.579987,40.009998,58927.960938,33.7,97.23,2.750000,CO,16094
0.300000,0.460000,0.040000,0.200000,0.110000,75.360001,9.750000,-1.460000,265.570007,43.490002,58255.851562,33.71,97.39,2.750000,CO,16095
0.520000,0.840000,0.040000,0.200000,0.110000,74.400002,9.420000,-0.230000,265.109985,48.419998,58824.449219,33.77,98.53,2.750000,CO,16102
0.290000,0.470000,0.040000,0.150000,0.110000,74.650002,10.080000,-0.490000,265.440002,46.869999,59045.750000,33.78,98.69,2.750000,CO,16103
0.240000,0.310000,0.040000,0.140000,0.110000,74.620003,9.930000,-0.970000,266.010010,44.950001,59540.550781,33.78,98.86,2.750000,CO,16104
0.240000,0.300000,0.040000,0.150000,0.110000,74.480003,9.920000,-1.310000,265.940002,44.959999,59540.089844,33.79,99.02,2.750000,CO,16105
0.230000,0.300000,0.040000,0.180000,0.110000,74.269997,9.870000,-1.850000,266.190002,44.029999,59825.089844,33.8,99.18,2.750000,CO,16106
0.240000,0.310000,0.040000,0.220000,0.110000,73.730003,9.410000,-2.000000,266.399994,43.669998,60127.460938,33.81,99.35,2.750000,CO,16107
0.290000,0.400000,0.050000,0.290000,0.110000,72.750000,8.470000,-1.880000,266.790009,43.150002,60616.328125,33.81,99.51,2.750000,CO,16108
0.410000,0.630000,0.090000,0.390000,0.110000,71.599998,7.110000,-2.070000,266.690002,44.330002,60929.910156,33.82,99.68,2.750000,CO,16109
0.570000,1.010000,0.120000,0.510000,0.120000,69.889999,6.090000,-2.360000,266.130005,46.389999,60793.828125,33.83,99.84,3.000000,CO,16110
0.710000,1.410000,0.140000,0.590000,0.120000,68.230003,5.510000,-2.500000,265.700012,47.250000,60760.898438,33.83,100.0,3.000000,CO,16111
0.690000,1.370000,0.130000,0.560000,0.120000,67.410004,6.040000,-2.210000,264.559998,50.060001,59887.550781,33.84,100.17,3.000000,CO,16112
0.560000,1.060000,0.100000,0.460000,0.120000,67.110001,8.160000,-1.770000,263.429993,54.160000,58714.750000,33.85,100.33,3.000000,CO,16113
0.440000,0.730000,0.080000,0.370000,0.110000,67.230003,9.560000,-1.610000,264.209991,51.250000,59110.140625,33.85,100.49,2.750000,CO,16114
0.390000,0.600000,0.070000,0.340000,0.110000,66.410004,8.820000,-1.780000,265.959991,45.470001,60570.011719,33.86,100.66,2.750000,CO,16115
0.400000,0.750000,0.080000,0.400000,0.120000,65.459999,6.920000,-2.040000,267.220001,42.209999,62041.421875,33.86,100.82,3.000000,CO,16116
0.420000,0.830000,0.100000,0.430000,0.150000,64.739998,5.140000,-2.200000,266.750000,43.680000,62306.171875,33.87,100.98,3.750000,CO,16117
0.220000,0.370000,0.030000,0.080000,0.100000,79.970001,14.010000,1.820000,262.100006,46.000000,54244.648438,33.25,90.56,2.500000,CO,16314
0.220000,0.360000,0.030000,0.080000,0.100000,80.120003,13.970000,1.560000,261.260010,48.599998,53590.480469,33.27,90.72,2.500000,CO,16315
0.210000,0.360000,0.030000,0.080000,0.100000,80.199997,14.540000,1.990000,259.750000,54.480000,52469.109375,33.29,90.88,2.500000,CO,16316
0.210000,0.370000,0.030000,0.070000,0.100000,79.099998,15.540000,2.700000,258.130005,61.869999,51296.511719,33.3,91.04,2.500000,CO,16317
0.210000,0.370000,0.030000,0.070000,0.100000,79.339996,16.650000,2.900000,256.950012,66.690002,50416.550781,33.32,91.2,2.500000,CO,16318
0.210000,0.350000,0.030000,0.070000,0.100000,80.190002,16.480000,3.080000,257.720001,64.260002,50936.980469,33.34,91.36,2.500000,CO,16319
0.200000,0.360000,0.030000,0.070000,0.100000,78.930000,15.410000,3.260000,259.040009,59.689999,51940.390625,33.36,91.52,2.500000,CO,16320
0.200000,0.340000,0.030000,0.080000,0.100000,79.239998,14.340000,3.130000,260.510010,55.410000,53089.828125,33.37,91.69,2.500000,CO,16321
0.200000,0.340000,0.030000,0.100000,0.100000,79.339996,13.200000,3.100000,262.140015,51.310001,54365.531250,33.39,91.85,2.500000,CO,16322
0.190000,0.330000,0.030000,0.110000,0.100000,78.839996,12.760000,3.370000,262.690002,50.779999,54943.390625,33.41,92.01,2.500000,CO,16323
0.190000,0.330000,0.020000,0.100000,0.100000,79.230003,13.350000,2.400000,261.619995,54.810001,54140.050781,33.42,92.17,2.500000,CO,16324
0.190000,0.320000,0.020000,0.100000,0.100000,79.000000,14.090000,1.530000,261.089996,55.959999,53696.308594,33.44,92.33,2.500000,CO,16325
0.190000,0.320000,0.020000,0.100000,0.100000,79.199997,13.260000,1.110000,263.179993,48.419998,55177.101562,33.46,92.49,2.500000,CO,16326
0.190000,0.320000,0.020000,0.100000,0.100000,79.040001,11.860000,0.850000,264.660004,43.360001,56284.878906,33.47,92.66,2.500000,CO,16327
0.190000,0.320000,0.020000,0.100000,0.100000,79.129997,11.660000,0.470000,264.589996,42.570000,56193.300781,33.49,92.82,2.500000,CO,16328
0.190000,0.320000,0.030000,0.090000,0.100000,76.959999,11.860000,0.110000,264.390015,42.070000,55988.339844,33.5,92.98,2.500000,CO,16329
0.190000,0.320000,0.030000,0.100000,0.100000,78.279999,11.740000,0.280000,264.809998,40.240002,56290.921875,33.52,93.14,2.500000,CO,16330
0.190000,0.320000,0.030000,0.100000,0.100000,78.370003,11.380000,0.770000,265.399994,38.619999,56781.468750,33.53,93.31,2.500000,CO,16331
0.190000,0.320000,0.030000,0.100000,0.100000,78.459999,11.300000,0.950000,265.529999,38.570000,56939.390625,33.55,93.47,2.500000,CO,16332
0.200000,0.320000,0.030000,0.100000,0.100000,78.510002,11.480000,0.710000,265.579987,38.570000,57023.429688,33.56,93.63,2.500000,CO,16333
0.200000,0.320000,0.030000,0.100000,0.110000,78.480003,11.440000,0.300000,266.100006,37.320000,57467.289062,33.58,93.79,2.750000,CO,16334
0.200000,0.320000,0.030000,0.100000,0.110000,78.379997,11.180000,-0.060000,266.529999,36.560001,57876.281250,33.59,93.95,2.750000,CO,16335
0.210000,0.320000,0.030000,0.100000,0.110000,78.279999,11.180000,-0.330000,265.850006,38.380001,57450.929688,33.6,94.12,2.750000,CO,16336
0.210000,0.320000,0.030000,0.100000,0.110000,78.169998,11.300000,-0.770000,264.720001,41.340000,56638.140625,33.62,94.28,2.750000,CO,16337
0.210000,0.320000,0.030000,0.100000,0.110000,78.080002,11.270000,-0.840000,264.079987,43.040001,56203.199219,33.63,94.44,2.750000,CO,16338
0.210000,0.310000,0.030000,0.090000,0.100000,77.949997,11.260000,-0.240000,262.980011,46.230000,55435.871094,33.65,94.6,2.500000,CO,16339
0.200000,0.280000,0.030000,0.090000,0.100000,78.160004,11.870000,-0.120000,261.220001,52.320000,54158.828125,33.66,94.77,2.500000,CO,16340
0.200000,0.290000,0.030000,0.090000,0.100000,77.849998,13.330000,-0.660000,260.519989,55.049999,53688.718750,33.67,94.93,2.500000,CO,16341
0.190000,0.280000,0.020000,0.090000,0.100000,77.750000,13.800000,-0.930000,261.589996,51.750000,54554.500000,33.68,95.09,2.500000,CO,16342
0.190000,0.280000,0.020000,0.090000,0.100000,77.769997,12.640000,-0.810000,263.359985,46.770000,55945.441406,33.7,95.26,2.500000,CO,16343
0.190000,0.280000,0.020000,0.090000,0.100000,77.599998,11.610000,-0.860000,264.649994,43.610001,57032.179688,33.71,95.42,2.500000,CO,16344
0.190000,0.280000,0.020000,0.090000,0.100000,77.500000,11.230000,-0.870000,265.290009,42.240002,57635.519531,33.72,95.58,2.500000,CO,16345
0.190000,0.280000,0.020000,0.110000,0.100000,77.440002,11.260000,-1.110000,265.170013,42.680000,57598.140625,33.73,95.74,2.500000,CO,16346
0.190000,0.280000,0.020000,0.130000,0.100000,77.400002,11.230000,-1.680000,265.540009,41.700001,57881.160156,33.75,95.91,2.500000,CO,16347
0.190000,0.280000,0.030000,0.140000,0.100000,77.199997,10.720000,-1.790000,266.339996,39.820000,58572.558594,33.76,96.07,2.500000,CO,16348
0.200000,0.280000,0.030000,0.150000,0.100000,76.919998,10.220000,-1.490000,266.299988,40.230000,58686.179688,33.77,96.23,2.500000,CO,16349
0.210000,0.300000,0.020000,0.150000,0.100000,76.760002,10.210000,-1.080000,265.160004,43.230000,57882.039062,33.78,96.4,2.500000,CO,16350
0.220000,0.320000,0.030000,0.170000,0.100000,76.779999,10.430000,-1.320000,264.600006,44.720001,57428.441406,33.79,96.56,2.500000,CO,16351
0.230000,0.340000,0.030000,0.190000,0.100000,76.760002,10.290000,-1.680000,265.119995,43.580002,57867.851562,33.8,96.72,2.500000,CO,16352
0.240000,0.360000,0.030000,0.200000,0.110000,76.699997,10.340000,-1.410000,264.880005,44.840000,57740.160156,33.81,96.89,2.750000,CO,16353
0.270000,0.400000,0.050000,0.240000,0.110000,74.930000,10.040000,-1.670000,265.630005,43.490002,58411.710938,33.82,97.05,2.750000,CO,16354
0.290000,0.420000,0.060000,0.270000,0.110000,73.800003,9.030000,-1.890000,266.220001,42.849998,59042.960938,33.83,97.21,2.750000,CO,16355
0.370000,0.510000,0.050000,0.190000,0.110000,73.730003,9.400000,-0.250000,265.049988,47.180000,58846.109375,33.9,98.52,2.750000,CO,16363
0.260000,0.330000,0.050000,0.160000,0.110000,73.839996,9.780000,-0.600000,265.269989,46.270000,59039.050781,33.91,98.68,2.750000,CO,16364
0.260000,0.330000,0.040000,0.160000,0.110000,73.599998,9.530000,-0.740000,265.890015,44.509998,59593.230469,33.92,98.85,2.750000,CO,16365
0.260000,0.320000,0.040000,0.170000,0.110000,73.300003,9.070000,-1.220000,265.959991,44.290001,59787.789062,33.93,99.01,2.750000,CO,16366
0.260000,0.330000,0.040000,0.200000,0.110000,72.949997,9.010000,-1.930000,265.149994,46.660000,59283.550781,33.94,99.18,2.750000,CO,16367
0.270000,0.360000,0.040000,0.240000,0.110000,71.800003,8.850000,-2.240000,264.799988,48.279999,59088.589844,33.94,99.34,2.750000,CO,16368
0.350000,0.530000,0.060000,0.320000,0.110000,70.419998,7.480000,-2.500000,265.559998,47.349998,60016.660156,33.95,99.5,2.750000,CO,16369
0.550000,1.000000,0.100000,0.430000,0.120000,69.559998,5.920000,-2.640000,265.700012,47.660000,60571.281250,33.96,99.67,3.000000,CO,16370
0.850000,2.130000,0.150000,0.550000,0.140000,68.389999,5.550000,-2.370000,265.200012,48.290001,60438.070312,33.96,99.83,3.500000,CO,16371
1.300000,4.040000,0.180000,0.690000,0.190000,67.660004,6.020000,-2.000000,264.609985,48.799999,60048.519531,33.97,99.99,4.750000,CO,16372
1.250000,3.980000,0.170000,0.690000,0.190000,67.410004,7.160000,-1.190000,263.809998,50.740002,59295.679688,33.98,100.16,4.750000,CO,16373
0.890000,2.500000,0.140000,0.550000,0.150000,67.220001,8.700000,-0.830000,263.450012,51.959999,58763.570312,33.98,100.32,3.750000,CO,16374
0.450000,0.790000,0.100000,0.410000,0.110000,66.720001,9.340000,-1.640000,264.100006,49.570000,59100.398438,33.99,100.49,2.750000,CO,16375
0.400000,0.620000,0.080000,0.380000,0.110000,65.839996,8.250000,-2.500000,265.429993,46.119999,60338.261719,33.99,100.65,2.750000,CO,16376
0.470000,1.130000,0.110000,0.420000,0.130000,64.940002,6.250000,-2.710000,265.869995,45.630001,61206.679688,34.0,100.81,3.250000,CO,16377
0.230000,0.380000,0.030000,0.080000,0.100000,79.540001,13.670000,2.280000,262.649994,47.740002,54960.550781,33.37,90.37,2.500000,CO,16573
0.230000,0.380000,0.030000,0.080000,0.100000,79.680000,13.500000,1.990000,262.510010,47.330002,54822.578125,33.38,90.53,2.500000,CO,16574
0.230000,0.370000,0.030000,0.080000,0.100000,79.739998,14.120000,2.230000,260.459991,53.820000,53251.039062,33.4,90.69,2.500000,CO,16575
0.230000,0.380000,0.030000,0.080000,0.100000,78.389999,15.400000,2.780000,258.059998,60.250000,51322.699219,33.42,90.86,2.500000,CO,16576
0.220000,0.370000,0.030000,0.070000,0.100000,78.400002,16.520000,3.160000,257.209991,62.529999,50587.730469,33.44,91.02,2.500000,CO,16577
0.220000,0.380000,0.030000,0.070000,0.100000,78.870003,17.160000,3.300000,256.709991,64.949997,50226.050781,33.46,91.18,2.500000,CO,16578
0.210000,0.360000,0.030000,0.070000,0.100000,79.970001,15.980000,2.910000,258.209991,59.980000,51236.121094,33.47,91.34,2.500000,CO,16579
0.210000,0.350000,0.030000,0.070000,0.100000,79.620003,13.860000,2.570000,260.489990,52.610001,52937.640625,33.49,91.5,2.500000,CO,16580
0.210000,0.350000,0.030000,0.080000,0.100000,79.529999,12.970000,2.400000,261.510010,49.840000,53749.671875,33.51,91.67,2.500000,CO,16581
0.200000,0.340000,0.030000,0.090000,0.100000,79.339996,12.710000,2.230000,262.380005,47.590000,54417.000000,33.52,91.83,2.500000,CO,16582
0.200000,0.340000,0.030000,0.100000,0.100000,79.110001,12.320000,2.460000,263.489990,45.270000,55337.949219,33.54,91.99,2.500000,CO,16583
0.200000,0.330000,0.030000,0.110000,0.100000,79.040001,12.360000,2.400000,263.440002,46.799999,55405.359375,33.56,92.15,2.500000,CO,16584
0.200000,0.330000,0.030000,0.110000,0.100000,79.070000,12.640000,1.740000,263.350006,47.450001,55352.320312,33.57,92.31,2.500000,CO,16585
0.200000,0.330000,0.030000,0.100000,0.100000,78.940002,12.190000,0.850000,264.230011,44.810001,56034.531250,33.59,92.48,2.500000,CO,16586
0.190000,0.320000,0.030000,0.100000,0.100000,78.739998,11.410000,0.710000,264.899994,42.299999,56552.328125,33.61,92.64,2.500000,CO,16587
0.190000,0.320000,0.020000,0.100000,0.100000,78.629997,11.030000,0.700000,264.929993,41.509998,56582.281250,33.62,92.8,2.500000,CO,16588
0.200000,0.320000,0.030000,0.100000,0.100000,77.410004,11.430000,0.170000,263.649994,44.090000,55584.828125,33.64,92.96,2.500000,CO,16589
0.200000,0.320000,0.030000,0.100000,0.100000,78.370003,12.080000,-0.040000,262.839996,45.459999,54917.859375,33.65,93.12,2.500000,CO,16590
0.200000,0.320000,0.030000,0.100000,0.100000,78.470001,11.900000,0.250000,263.890015,41.790001,55674.929688,33.67,93.29,2.500000,CO,16591
0.200000,0.320000,0.030000,0.100000,0.100000,78.379997,11.390000,0.370000,265.109985,38.480000,56630.460938,33.68,93.45,2.500000,CO,16592
0.200000,0.320000,0.030000,0.100000,0.100000,78.339996,11.190000,0.220000,266.010010,36.470001,57383.371094,33.7,93.61,2.500000,CO,16593
0.210000,0.320000,0.030000,0.100000,0.100000,78.300003,11.090000,-0.160000,266.329987,36.029999,57708.250000,33.71,93.78,2.500000,CO,16594
0.210000,0.320000,0.030000,0.100000,0.100000,78.309998,11.190000,-0.450000,265.809998,37.380001,57370.328125,33.73,93.94,2.500000,CO,16595
0.220000,0.330000,0.030000,0.100000,0.100000,78.290001,11.280000,-0.370000,265.500000,38.320000,57206.160156,33.74,94.1,2.500000,CO,16596
0.220000,0.320000,0.030000,0.100000,0.100000,78.260002,11.380000,-0.460000,264.630005,40.680000,56627.351562,33.75,94.26,2.500000,CO,16597
0.210000,0.320000,0.030000,0.090000,0.100000,78.320000,11.850000,-0.580000,263.190002,44.590000,55546.550781,33.77,94.43,2.500000,CO,16598
0.210000,0.310000,0.030000,0.090000,0.100000,78.400002,12.130000,-0.230000,262.709991,46.299999,55220.039062,33.78,94.59,2.500000,CO,16599
0.200000,0.300000,0.030000,0.090000,0.100000,78.449997,12.280000,-0.220000,262.519989,47.619999,55166.078125,33.79,94.75,2.500000,CO,16600
0.200000,0.300000,0.030000,0.090000,0.100000,78.529999,12.770000,-0.880000,262.019989,50.000000,54882.640625,33.81,94.91,2.500000,CO,16601
0.200000,0.290000,0.020000,0.090000,0.100000,78.519997,12.840000,-1.320000,262.619995,48.750000,55420.019531,33.82,95.08,2.500000,CO,16602
0.200000,0.290000,0.020000,0.100000,0.100000,78.260002,12.180000,-1.360000,264.079987,44.360001,56615.039062,33.83,95.24,2.500000,CO,16603
0.200000,0.290000,0.030000,0.120000,0.100000,78.000000,11.590000,-1.370000,265.040009,41.939999,57461.699219,33.84,95.4,2.500000,CO,16604
0.220000,0.310000,0.040000,0.170000,0.100000,77.750000,11.240000,-1.050000,265.700012,40.580002,58058.191406,33.86,95.57,2.500000,CO,16605
0.220000,0.310000,0.040000,0.180000,0.110000,77.459999,10.870000,-0.910000,266.329987,39.340000,58604.488281,33.87,95.73,2.750000,CO,16606
0.220000,0.300000,0.040000,0.180000,0.110000,77.169998,10.400000,-1.630000,266.549988,39.189999,58877.859375,33.88,95.89,2.750000,CO,16607
0.210000,0.290000,0.030000,0.170000,0.100000,77.010002,10.390000,-1.990000,265.440002,42.130001,58111.328125,33.89,96.06,2.500000,CO,16608
0.210000,0.290000,0.030000,0.180000,0.100000,76.580002,11.000000,-1.480000,264.339996,44.900002,57310.238281,33.9,96.22,2.500000,CO,16609
0.210000,0.290000,0.030000,0.190000,0.100000,76.669998,10.580000,-0.840000,265.350006,42.619999,58086.210938,33.91,96.38,2.500000,CO,16610
0.210000,0.290000,0.030000,0.230000,0.110000,76.320000,9.550000,-1.120000,265.790009,42.480000,58559.769531,33.93,96.55,2.750000,CO,16611
0.220000,0.300000,0.030000,0.240000,0.100000,76.209999,9.610000,-1.520000,264.500000,46.779999,57641.160156,33.94,96.71,2.500000,CO,16612
0.220000,0.310000,0.030000,0.230000,0.110000,76.269997,9.870000,-1.500000,264.109985,48.730000,57374.980469,33.95,96.87,2.750000,CO,16613
0.250000,0.340000,0.050000,0.250000,0.110000,74.669998,9.420000,-1.730000,264.640015,48.060001,57883.199219,33.96,97.04,2.750000,CO,16614
0.280000,0.370000,0.060000,0.270000,0.110000,73.540001,9.010000,-1.690000,264.649994,49.080002,58053.269531,33.97,97.2,2.750000,CO,16615
0.280000,0.370000,0.060000,0.250000,0.110000,73.190002,9.200000,-1.570000,264.269989,50.320000,57838.761719,33.98,97.36,2.750000,CO,16616
0.540000,0.740000,0.060000,0.400000,0.110000,72.930000,9.750000,-1.600000,263.519989,52.529999,57292.140625,33.99,97.53,2.750000,CO,16617
0.230000,0.290000,0.040000,0.160000,0.110000,72.660004,9.520000,-0.640000,265.040009,44.950001,58735.070312,34.04,98.51,2.750000,CO,16623
0.230000,0.290000,0.040000,0.160000,0.110000,72.379997,10.080000,-1.000000,264.799988,45.130001,58644.171875,34.05,98.68,2.750000,CO,16624
0.230000,0.290000,0.030000,0.160000,0.110000,72.099998,9.130000,-1.340000,265.859985,42.930000,59682.890625,34.06,98.84,2.750000,CO,16625
0.240000,0.310000,0.040000,0.180000,0.110000,71.540001,7.360000,-1.780000,265.869995,44.150002,60191.640625,34.06,99.0,2.750000,CO,16626
0.270000,0.350000,0.040000,0.220000,0.110000,71.099998,6.880000,-1.950000,264.589996,48.830002,59429.621094,34.07,99.17,2.750000,CO,16627
0.330000,0.460000,0.060000,0.300000,0.110000,70.540001,6.730000,-2.310000,263.799988,52.880001,59011.730469,34.08,99.33,2.750000,CO,16628
0.430000,0.740000,0.070000,0.340000,0.110000,70.139999,5.960000,-2.910000,263.769989,53.869999,59310.019531,34.09,99.49,2.750000,CO,16629
0.640000,1.530000,0.080000,0.360000,0.130000,69.910004,5.860000,-3.060000,263.690002,53.369999,59364.238281,34.09,99.66,3.250000,CO,16630
1.340000,3.740000,0.110000,0.440000,0.170000,68.959999,6.650000,-2.250000,263.630005,52.169998,59269.750000,34.1,99.82,4.250000,CO,16631
2.790000,7.260000,0.140000,0.700000,0.240000,68.040001,7.640000,-1.380000,263.510010,52.070000,59005.390625,34.11,99.99,7.260000,PM10,16632
3.030000,7.800000,0.180000,0.850000,0.260000,67.190002,8.360000,-0.680000,263.869995,50.320000,59223.601562,34.11,100.15,7.800000,PM10,16633
2.060000,5.150000,0.210000,0.770000,0.210000,67.209999,8.160000,-0.570000,264.929993,47.029999,60115.300781,34.12,100.32,5.250000,CO,16634
0.480000,1.230000,0.160000,0.470000,0.130000,66.169998,7.530000,-1.430000,265.320007,46.470001,60645.621094,34.12,100.48,3.250000,CO,16635
0.410000,0.770000,0.110000,0.430000,0.120000,64.970001,6.840000,-2.190000,265.149994,48.180000,60811.269531,34.13,100.64,3.000000,CO,16636
0.580000,1.640000,0.150000,0.450000,0.150000,64.029999,5.600000,-2.020000,264.929993,49.220001,60955.339844,34.14,100.81,3.750000,CO,16637
1.440000,1.670000,0.310000,0.950000,0.130000,62.070000,0.340000,-1.040000,265.929993,47.630001,64290.769531,34.16,101.79,3.250000,CO,16643
1.880000,2.170000,0.460000,1.100000,0.130000,61.630001,1.490000,-0.780000,265.250000,47.119999,63318.648438,34.17,101.96,3.250000,CO,16644
0.260000,0.400000,0.030000,0.080000,0.100000,78.480003,13.820000,2.670000,261.750000,51.950001,54513.339844,33.48,90.19,2.500000,CO,16830
0.250000,0.360000,0.030000,0.080000,0.100000,77.669998,13.690000,2.390000,261.839996,52.029999,54871.878906,33.5,90.35,2.500000,CO,16831
0.250000,0.380000,0.030000,0.080000,0.100000,78.849998,13.800000,2.480000,261.720001,51.509998,54563.898438,33.52,90.51,2.500000,CO,16832
0.240000,0.380000,0.030000,0.080000,0.100000,79.260002,14.780000,3.390000,260.559998,54.299999,53524.781250,33.54,90.67,2.500000,CO,16833
0.240000,0.380000,0.030000,0.080000,0.100000,79.489998,15.720000,3.850000,259.380005,56.740002,52498.750000,33.56,90.83,2.500000,CO,16834
0.230000,0.380000,0.030000,0.070000,0.100000,79.019997,15.990000,3.180000,258.670013,57.509998,51814.839844,33.57,91.0,2.500000,CO,16835
0.230000,0.380000,0.030000,0.070000,0.100000,78.800003,16.469999,2.590000,258.350006,58.060001,51512.078125,33.59,91.16,2.500000,CO,16836
0.230000,0.370000,0.030000,0.070000,0.100000,79.680000,15.660000,1.560000,260.239990,51.349998,52831.621094,33.61,91.32,2.500000,CO,16837
0.220000,0.360000,0.030000,0.080000,0.100000,79.440002,13.730000,1.180000,262.339996,45.400002,54423.339844,33.63,91.48,2.500000,CO,16838
0.220000,0.350000,0.030000,0.080000,0.100000,79.309998,12.690000,1.450000,263.320007,43.610001,55224.890625,33.64,91.64,2.500000,CO,16839
0.220000,0.350000,0.030000,0.080000,0.100000,79.220001,12.290000,1.490000,263.989990,42.590000,55772.601562,33.66,91.81,2.500000,CO,16840
0.210000,0.340000,0.030000,0.090000,0.100000,79.120003,12.150000,1.430000,264.410004,41.889999,56115.480469,33.68,91.97,2.500000,CO,16841
0.210000,0.340000,0.030000,0.120000,0.100000,79.000000,12.070000,1.530000,265.109985,40.700001,56698.019531,33.69,92.13,2.500000,CO,16842
0.210000,0.330000,0.030000,0.110000,0.100000,78.930000,11.890000,1.210000,265.730011,39.799999,57261.261719,33.71,92.29,2.500000,CO,16843
0.210000,0.330000,0.030000,0.100000,0.100000,78.940002,11.780000,0.760000,265.540009,40.340000,57154.058594,33.73,92.46,2.500000,CO,16844
0.210000,0.330000,0.030000,0.100000,0.100000,78.940002,11.570000,0.690000,265.429993,40.189999,57042.859375,33.74,92.62,2.500000,CO,16845
0.200000,0.320000,0.030000,0.100000,0.100000,78.830002,11.090000,0.890000,265.829987,38.880001,57378.800781,33.76,92.78,2.500000,CO,16846
0.200000,0.320000,0.030000,0.100000,0.100000,77.199997,11.390000,0.890000,264.489990,41.700001,56349.800781,33.77,92.94,2.500000,CO,16847
0.210000,0.320000,0.030000,0.100000,0.100000,78.430000,12.420000,0.520000,262.980011,44.820000,55114.570312,33.79,93.11,2.500000,CO,16848
0.200000,0.320000,0.030000,0.090000,0.100000,78.690002,12.440000,0.120000,263.950012,41.349998,55796.660156,33.8,93.27,2.500000,CO,16849
0.200000,0.320000,0.030000,0.090000,0.100000,78.669998,11.800000,-0.020000,265.109985,38.029999,56713.160156,33.82,93.43,2.500000,CO,16850
0.210000,0.310000,0.030000,0.100000,0.100000,78.639999,11.470000,-0.110000,265.929993,36.040001,57397.890625,33.83,93.59,2.500000,CO,16851
0.210000,0.310000,0.030000,0.100000,0.100000,78.610001,11.300000,-0.260000,266.239990,35.439999,57704.109375,33.85,93.76,2.500000,CO,16852
0.210000,0.310000,0.030000,0.100000,0.100000,78.669998,11.480000,-0.400000,265.339996,37.410000,57058.921875,33.86,93.92,2.500000,CO,16853
0.210000,0.310000,0.030000,0.090000,0.100000,78.690002,11.620000,-0.390000,265.040009,38.230000,56877.128906,33.88,94.08,2.500000,CO,16854
0.210000,0.310000,0.030000,0.090000,0.100000,78.669998,11.620000,-0.220000,264.459991,40.040001,56518.550781,33.89,94.25,2.500000,CO,16855
0.210000,0.310000,0.030000,0.090000,0.100000,78.709999,12.130000,-0.200000,263.010010,44.240002,55468.300781,33.9,94.41,2.500000,CO,16856
0.210000,0.300000,0.030000,0.090000,0.100000,78.750000,12.440000,-0.240000,262.839996,45.330002,55398.621094,33.92,94.57,2.500000,CO,16857
0.210000,0.300000,0.030000,0.090000,0.100000,78.650002,12.290000,-0.270000,263.260010,44.919998,55830.191406,33.93,94.74,2.500000,CO,16858
0.200000,0.290000,0.020000,0.090000,0.100000,78.629997,12.650000,-0.670000,262.579987,47.459999,55404.230469,33.94,94.9,2.500000,CO,16859
0.200000,0.290000,0.020000,0.090000,0.100000,78.589996,12.970000,-1.280000,262.760010,47.119999,55583.179688,33.96,95.06,2.500000,CO,16860
0.200000,0.290000,0.020000,0.110000,0.100000,78.360001,12.440000,-1.580000,263.709991,44.349998,56369.000000,33.97,95.23,2.500000,CO,16861
0.210000,0.290000,0.030000,0.120000,0.100000,78.250000,12.120000,-1.560000,263.200012,45.509998,56041.761719,33.98,95.39,2.500000,CO,16862
0.220000,0.300000,0.030000,0.150000,0.100000,77.980003,11.950000,-1.300000,264.149994,42.860001,56715.460938,33.99,95.55,2.500000,CO,16863
0.220000,0.300000,0.030000,0.180000,0.110000,77.300003,10.570000,-1.560000,266.920013,37.029999,59015.058594,34.0,95.72,2.750000,CO,16864
0.220000,0.290000,0.030000,0.230000,0.110000,76.790001,9.470000,-2.250000,266.690002,38.720001,59168.019531,34.02,95.88,2.750000,CO,16865
0.210000,0.290000,0.030000,0.220000,0.100000,76.760002,10.260000,-2.060000,264.130005,45.279999,57168.710938,34.03,96.04,2.500000,CO,16866
0.210000,0.280000,0.030000,0.200000,0.100000,77.019997,11.020000,-1.560000,263.459991,47.060001,56570.589844,34.04,96.21,2.500000,CO,16867
0.210000,0.280000,0.030000,0.200000,0.100000,76.570000,10.050000,-1.550000,265.350006,42.669998,58091.550781,34.05,96.37,2.500000,CO,16868
0.210000,0.280000,0.030000,0.190000,0.100000,75.959999,8.780000,-1.490000,265.959991,42.950001,58852.320312,34.06,96.53,2.500000,CO,16869
0.210000,0.290000,0.030000,0.180000,0.100000,75.519997,8.700000,-1.160000,264.630005,48.560001,58060.960938,34.07,96.7,2.500000,CO,16870
0.230000,0.300000,0.030000,0.180000,0.100000,75.250000,8.950000,-1.110000,263.920013,51.980000,57647.589844,34.08,96.86,2.500000,CO,16871
0.240000,0.310000,0.040000,0.170000,0.100000,73.589996,8.940000,-1.160000,263.660004,52.810001,57465.968750,34.09,97.03,2.500000,CO,16872
0.250000,0.330000,0.040000,0.170000,0.100000,72.690002,8.900000,-1.030000,263.720001,52.830002,57574.800781,34.1,97.19,2.500000,CO,16873
0.260000,0.330000,0.040000,0.170000,0.110000,72.250000,9.120000,-0.940000,263.160004,54.139999,57183.000000,34.11,97.35,2.750000,CO,16874
0.500000,0.660000,0.050000,0.280000,0.110000,72.129997,10.100000,-0.860000,261.869995,57.680000,56109.539062,34.12,97.52,2.750000,CO,16875
0.230000,0.290000,0.030000,0.170000,0.100000,71.930000,10.430000,-1.350000,263.420013,49.160000,57132.589844,34.15,98.01,2.500000,CO,16878
0.220000,0.280000,0.030000,0.160000,0.100000,72.709999,9.910000,-1.320000,264.480011,45.779999,58021.230469,34.16,98.17,2.500000,CO,16879
0.220000,0.280000,0.030000,0.160000,0.100000,72.570000,9.350000,-1.330000,265.500000,43.040001,58983.960938,34.17,98.34,2.500000,CO,16880
0.220000,0.280000,0.030000,0.160000,0.100000,72.230003,8.900000,-1.280000,265.299988,43.820000,59083.699219,34.18,98.5,2.500000,CO,16881
0.220000,0.280000,0.030000,0.160000,0.100000,71.400002,8.220000,-1.650000,265.070007,44.840000,59242.179688,34.18,98.67,2.500000,CO,16882
0.230000,0.290000,0.030000,0.160000,0.100000,70.660004,6.600000,-2.320000,265.179993,45.619999,59861.429688,34.19,98.83,2.500000,CO,16883
0.260000,0.320000,0.040000,0.200000,0.110000,70.309998,4.950000,-2.390000,264.399994,49.209999,59941.570312,34.2,98.99,2.750000,CO,16884
0.310000,0.400000,0.050000,0.270000,0.110000,69.910004,4.650000,-2.120000,263.500000,53.349998,59469.808594,34.21,99.16,2.750000,CO,16885
0.390000,0.590000,0.070000,0.360000,0.110000,69.690002,4.890000,-2.320000,262.859985,55.880001,59151.281250,34.21,99.32,2.750000,CO,16886
0.550000,1.030000,0.090000,0.400000,0.110000,69.269997,5.310000,-2.360000,262.100006,58.400002,58560.878906,34.22,99.49,2.750000,CO,16887
0.960000,2.890000,0.110000,0.440000,0.160000,68.680000,6.970000,-2.330000,261.130005,61.830002,57560.570312,34.23,99.65,4.000000,CO,16888
2.590000,6.800000,0.130000,0.630000,0.230000,69.269997,8.700000,-1.610000,261.679993,60.160000,57606.160156,34.24,99.82,6.800000,PM10,16889
5.220000,11.800000,0.180000,1.100000,0.310000,68.510002,9.290000,-1.100000,262.970001,55.000000,58339.250000,34.24,99.98,11.800000,PM10,16890
5.900000,13.100000,0.270000,1.430000,0.340000,67.029999,8.990000,-1.240000,264.390015,49.320000,59482.089844,34.25,100.14,13.100000,PM10,16891
4.310000,10.200000,0.510000,1.540000,0.330000,65.379997,7.560000,-1.450000,265.809998,45.580002,61067.570312,34.25,100.31,10.200000,PM10,16892
0.830000,3.040000,0.380000,0.740000,0.190000,65.099998,6.220000,-1.620000,265.649994,47.520000,61497.019531,34.26,100.47,4.750000,CO,16893
0.530000,1.450000,0.190000,0.550000,0.140000,64.519997,5.800000,-1.740000,264.880005,50.299999,61127.808594,34.27,100.64,3.500000,CO,16894
0.630000,1.710000,0.180000,0.520000,0.150000,62.349998,4.790000,-1.510000,265.359985,48.650002,61861.460938,34.27,100.8,3.750000,CO,16895
0.680000,1.070000,0.170000,0.490000,0.150000,61.619999,2.630000,-0.480000,266.790009,42.549999,64527.890625,34.29,101.29,3.750000,CO,16898
0.810000,0.980000,0.170000,0.560000,0.120000,61.529999,1.160000,-1.080000,266.119995,44.990002,64636.570312,34.29,101.46,3.000000,CO,16899
1.080000,1.210000,0.230000,0.750000,0.120000,62.340000,0.530000,-1.010000,265.410004,46.740002,63837.589844,34.3,101.62,3.000000,CO,16900
1.210000,1.350000,0.250000,0.790000,0.120000,61.900002,1.260000,-0.430000,265.059998,46.910000,63410.910156,34.3,101.79,3.000000,CO,16901
1.480000,1.660000,0.320000,0.880000,0.120000,60.840000,1.820000,-0.060000,265.570007,44.790001,63942.011719,34.3,101.95,3.000000,CO,16902
2.170000,2.480000,0.440000,1.000000,0.130000,60.540001,2.010000,-0.580000,266.559998,42.200001,65079.339844,34.31,102.12,3.250000,CO,16903
0.280000,0.430000,0.030000,0.080000,0.100000,78.750000,12.780000,2.880000,261.190002,54.180000,54298.820312,33.6,90.0,2.500000,CO,17087
0.270000,0.430000,0.030000,0.080000,0.100000,79.349998,12.370000,2.350000,261.899994,50.599998,54635.738281,33.62,90.17,2.500000,CO,17088
0.270000,0.380000,0.030000,0.080000,0.100000,77.940002,12.830000,2.260000,261.450012,51.919998,54647.910156,33.63,90.33,2.500000,CO,17089
0.260000,0.400000,0.030000,0.080000,0.100000,78.870003,14.170000,2.690000,260.440002,53.889999,53679.011719,33.65,90.49,2.500000,CO,17090
0.260000,0.400000,0.030000,0.080000,0.100000,79.290001,15.270000,3.420000,260.559998,53.200001,53612.179688,33.67,90.65,2.500000,CO,17091
0.250000,0.390000,0.030000,0.080000,0.100000,79.260002,15.550000,3.890000,261.390015,50.889999,54195.320312,33.69,90.81,2.500000,CO,17092
0.250000,0.380000,0.030000,0.080000,0.100000,78.320000,15.780000,3.410000,261.230011,51.040001,54032.949219,33.71,90.98,2.500000,CO,17093
0.250000,0.380000,0.030000,0.080000,0.100000,79.379997,15.970000,2.300000,260.989990,51.290001,53797.929688,33.73,91.14,2.500000,CO,17094
0.240000,0.380000,0.030000,0.080000,0.100000,79.930000,15.250000,0.870000,261.200012,50.189999,53876.890625,33.74,91.3,2.500000,CO,17095
0.240000,0.370000,0.030000,0.080000,0.100000,80.080002,14.340000,0.480000,261.519989,48.860001,54058.378906,33.76,91.46,2.500000,CO,17096
0.240000,0.360000,0.030000,0.080000,0.100000,80.070000,13.640000,0.900000,262.839996,45.040001,55033.398438,33.78,91.62,2.500000,CO,17097
0.230000,0.360000,0.030000,0.080000,0.100000,79.959999,12.840000,1.120000,264.309998,41.400002,56161.210938,33.79,91.79,2.500000,CO,17098
0.230000,0.350000,0.030000,0.090000,0.100000,79.889999,12.620000,1.170000,265.010010,39.669998,56688.421875,33.81,91.95,2.500000,CO,17099
0.230000,0.340000,0.030000,0.100000,0.100000,79.510002,13.040000,1.210000,265.579987,38.480000,57163.269531,33.83,92.11,2.500000,CO,17100
0.220000,0.340000,0.030000,0.110000,0.100000,79.389999,13.450000,1.240000,265.989990,37.889999,57518.820312,33.84,92.27,2.500000,CO,17101
0.220000,0.330000,0.030000,0.120000,0.100000,79.320000,13.510000,1.270000,266.029999,37.840000,57576.781250,33.86,92.44,2.500000,CO,17102
0.220000,0.330000,0.030000,0.110000,0.100000,79.559998,12.930000,1.090000,266.179993,37.070000,57643.000000,33.88,92.6,2.500000,CO,17103
0.220000,0.330000,0.030000,0.110000,0.100000,79.480003,12.160000,1.100000,266.549988,35.700001,57913.640625,33.89,92.76,2.500000,CO,17104
0.210000,0.330000,0.030000,0.100000,0.100000,77.330002,12.040000,1.390000,266.309998,35.830002,57752.699219,33.91,92.93,2.500000,CO,17105
0.210000,0.320000,0.030000,0.100000,0.100000,77.650002,12.340000,1.130000,265.790009,36.509998,57343.769531,33.92,93.09,2.500000,CO,17106
0.210000,0.320000,0.030000,0.100000,0.100000,78.470001,12.320000,0.420000,265.940002,35.790001,57455.160156,33.94,93.25,2.500000,CO,17107
0.210000,0.320000,0.030000,0.100000,0.100000,78.620003,11.980000,0.120000,266.100006,35.200001,57584.421875,33.95,93.41,2.500000,CO,17108
0.210000,0.310000,0.030000,0.100000,0.100000,78.639999,11.650000,0.070000,266.309998,34.660000,57765.750000,33.97,93.58,2.500000,CO,17109
0.210000,0.310000,0.030000,0.100000,0.100000,78.699997,11.430000,0.020000,266.350006,34.580002,57860.230469,33.98,93.74,2.500000,CO,17110
0.210000,0.310000,0.030000,0.090000,0.100000,78.669998,11.670000,0.020000,265.399994,36.709999,57179.480469,34.0,93.9,2.500000,CO,17111
0.210000,0.310000,0.030000,0.090000,0.100000,78.849998,12.040000,0.020000,264.589996,38.799999,56595.078125,34.01,94.07,2.500000,CO,17112
0.210000,0.310000,0.030000,0.090000,0.100000,78.849998,12.160000,0.170000,264.179993,40.259998,56341.789062,34.02,94.23,2.500000,CO,17113
0.210000,0.310000,0.030000,0.090000,0.100000,78.839996,12.440000,0.160000,263.529999,42.430000,55935.859375,34.04,94.39,2.500000,CO,17114
0.210000,0.300000,0.030000,0.090000,0.100000,78.790001,12.670000,-0.110000,263.410004,43.080002,55903.640625,34.05,94.56,2.500000,CO,17115
0.210000,0.300000,0.030000,0.090000,0.100000,78.550003,12.350000,-0.170000,263.989990,42.060001,56444.328125,34.06,94.72,2.500000,CO,17116
0.210000,0.300000,0.030000,0.100000,0.100000,78.339996,12.120000,-0.400000,263.920013,42.959999,56501.148438,34.08,94.88,2.500000,CO,17117
0.220000,0.300000,0.030000,0.120000,0.100000,78.160004,12.220000,-1.160000,263.380005,44.779999,56186.539062,34.09,95.05,2.500000,CO,17118
0.220000,0.290000,0.030000,0.120000,0.100000,78.070000,12.130000,-1.540000,263.059998,46.020000,56006.921875,34.1,95.21,2.500000,CO,17119
0.210000,0.290000,0.030000,0.120000,0.100000,77.989998,12.020000,-1.370000,262.609985,47.240002,55656.371094,34.12,95.37,2.500000,CO,17120
0.210000,0.290000,0.030000,0.130000,0.100000,77.489998,11.270000,-1.670000,264.640015,41.720001,57186.390625,34.13,95.54,2.500000,CO,17121
0.210000,0.280000,0.030000,0.190000,0.100000,76.699997,9.270000,-2.380000,267.109985,37.180000,59460.359375,34.14,95.7,2.500000,CO,17122
0.220000,0.290000,0.030000,0.280000,0.110000,76.129997,8.720000,-2.320000,265.350006,42.380001,58327.449219,34.15,95.87,2.750000,CO,17123
0.220000,0.280000,0.030000,0.270000,0.100000,76.029999,10.310000,-1.690000,263.079987,48.790001,56471.679688,34.16,96.03,2.500000,CO,17124
0.210000,0.280000,0.030000,0.230000,0.100000,76.320000,10.870000,-1.590000,263.450012,47.919998,56709.101562,34.17,96.19,2.500000,CO,17125
0.210000,0.280000,0.030000,0.220000,0.100000,75.940002,9.800000,-1.990000,264.549988,45.970001,57686.339844,34.19,96.36,2.500000,CO,17126
0.210000,0.280000,0.030000,0.200000,0.100000,75.470001,8.850000,-1.900000,264.799988,47.259998,58146.179688,34.2,96.52,2.500000,CO,17127
0.220000,0.280000,0.030000,0.190000,0.100000,75.110001,8.630000,-1.370000,264.290009,50.599998,57990.800781,34.21,96.68,2.500000,CO,17128
0.230000,0.300000,0.030000,0.180000,0.100000,74.750000,8.560000,-0.960000,263.820007,53.439999,57825.281250,34.22,96.85,2.500000,CO,17129
0.250000,0.320000,0.040000,0.170000,0.100000,72.980003,8.510000,-0.600000,263.519989,54.680000,57651.250000,34.23,97.01,2.500000,CO,17130
0.260000,0.330000,0.040000,0.170000,0.100000,72.019997,8.630000,-0.410000,263.260010,55.799999,57523.441406,34.24,97.18,2.500000,CO,17131
0.260000,0.330000,0.040000,0.160000,0.100000,71.589996,9.170000,-0.150000,262.690002,56.419998,57013.621094,34.25,97.34,2.500000,CO,17132
0.260000,0.330000,0.040000,0.170000,0.100000,71.540001,10.110000,-0.080000,262.179993,56.560001,56494.359375,34.26,97.51,2.500000,CO,17133
0.250000,0.310000,0.040000,0.180000,0.100000,71.370003,10.600000,-0.690000,262.329987,54.660000,56533.230469,34.27,97.67,2.500000,CO,17134
0.240000,0.300000,0.040000,0.190000,0.100000,71.269997,10.510000,-1.330000,262.579987,52.669998,56706.769531,34.28,97.83,2.500000,CO,17135
0.230000,0.290000,0.030000,0.190000,0.100000,70.879997,10.180000,-1.560000,263.359985,49.580002,57330.980469,34.29,98.0,2.500000,CO,17136
0.230000,0.290000,0.030000,0.180000,0.100000,71.720001,9.590000,-1.750000,264.500000,46.299999,58345.570312,34.29,98.16,2.500000,CO,17137
0.230000,0.280000,0.030000,0.180000,0.100000,71.589996,8.870000,-2.030000,265.149994,44.980000,59055.339844,34.3,98.33,2.500000,CO,17138
0.230000,0.280000,0.030000,0.180000,0.100000,70.860001,7.710000,-2.090000,265.369995,45.380001,59620.660156,34.31,98.49,2.500000,CO,17139
0.230000,0.280000,0.030000,0.180000,0.100000,69.360001,6.410000,-2.270000,264.350006,48.970001,60163.488281,34.32,98.66,2.500000,CO,17140
0.240000,0.300000,0.030000,0.190000,0.100000,69.519997,4.980000,-2.410000,264.179993,50.680000,60237.871094,34.33,98.82,2.500000,CO,17141
0.290000,0.360000,0.050000,0.250000,0.110000,69.209999,3.600000,-2.040000,263.269989,52.860001,59918.070312,34.34,98.98,2.750000,CO,17142
0.370000,0.480000,0.070000,0.340000,0.110000,69.349998,3.750000,-2.030000,262.220001,56.299999,59041.179688,34.34,99.15,2.750000,CO,17143
0.420000,0.650000,0.070000,0.340000,0.110000,68.989998,5.140000,-2.120000,261.119995,61.209999,58146.781250,34.35,99.31,2.750000,CO,17144
0.560000,1.100000,0.080000,0.350000,0.110000,68.739998,6.240000,-1.230000,260.500000,66.070000,57520.550781,34.36,99.48,2.750000,CO,17145
1.020000,3.280000,0.090000,0.410000,0.160000,68.779999,7.840000,-0.620000,260.250000,68.160004,56871.359375,34.36,99.64,4.000000,CO,17146
3.290000,8.040000,0.130000,0.840000,0.240000,68.849998,9.660000,-0.740000,261.559998,61.939999,57582.429688,34.37,99.81,8.040000,PM10,17147
6.910000,14.200000,0.190000,1.650000,0.340000,68.169998,9.560000,-1.340000,263.980011,52.410000,59351.089844,34.38,99.97,14.200000,PM10,17148
9.550000,19.230000,0.500000,2.360000,0.450000,66.470001,8.040000,-2.100000,265.250000,47.779999,60664.230469,34.38,100.14,19.230000,PM10,17149
7.700000,17.620001,1.520000,3.290000,0.530000,65.790001,6.270000,-2.150000,265.760010,47.310001,61676.789062,34.39,100.3,17.620001,PM10,17150
1.510000,6.080000,1.050000,1.340000,0.300000,64.129997,5.060000,-1.560000,264.959991,50.490002,61414.191406,34.4,100.47,7.500000,CO,17151
0.740000,2.390000,0.370000,0.750000,0.180000,63.389999,4.790000,-1.390000,264.010010,52.900002,60717.250000,34.4,100.63,4.500000,CO,17152
0.630000,1.530000,0.220000,0.580000,0.140000,61.590000,4.110000,-1.710000,265.250000,47.849998,62077.429688,34.41,100.79,3.500000,CO,17153
0.650000,1.390000,0.180000,0.540000,0.150000,61.290001,2.830000,-1.460000,266.470001,43.860001,63948.718750,34.41,100.96,3.750000,CO,17154
0.720000,1.430000,0.180000,0.520000,0.150000,61.669998,2.030000,-1.130000,266.119995,45.369999,64378.761719,34.42,101.12,3.750000,CO,17155
0.740000,1.000000,0.170000,0.570000,0.130000,62.320000,1.340000,-0.880000,265.450012,48.130001,64294.210938,34.42,101.29,3.250000,CO,17156
0.860000,0.970000,0.180000,0.620000,0.110000,62.950001,0.650000,-0.290000,265.239990,47.490002,63972.449219,34.43,101.45,2.750000,CO,17157
1.060000,1.200000,0.230000,0.700000,0.120000,62.910000,1.040000,-0.070000,264.809998,46.720001,63183.808594,34.43,101.62,3.000000,CO,17158
1.250000,1.400000,0.260000,0.700000,0.120000,62.090000,1.880000,-0.180000,265.049988,45.020000,63348.109375,34.44,101.78,3.000000,CO,17159
1.650000,1.860000,0.330000,0.770000,0.120000,60.709999,1.910000,-0.430000,266.250000,42.230000,64887.820312,34.44,101.95,3.000000,CO,17160
2.510000,2.940000,0.430000,0.870000,0.140000,60.189999,1.360000,-0.860000,267.299988,40.759998,66376.226562,34.44,102.11,3.585714,PM2.5,17161
0.290000,0.440000,0.030000,0.080000,0.100000,78.519997,13.040000,2.950000,261.290009,53.430000,54522.289062,33.73,89.98,2.500000,CO,17345
0.290000,0.440000,0.030000,0.080000,0.100000,78.620003,12.610000,2.290000,261.410004,51.750000,54469.390625,33.75,90.14,2.500000,CO,17346
0.280000,0.430000,0.030000,0.080000,0.100000,79.180000,12.650000,2.370000,260.950012,52.000000,54072.011719,33.77,90.3,2.500000,CO,17347
0.280000,0.420000,0.030000,0.080000,0.100000,79.529999,13.600000,2.660000,259.769989,54.700001,53107.820312,33.79,90.47,2.500000,CO,17348
0.270000,0.420000,0.030000,0.080000,0.100000,79.980003,14.500000,2.830000,259.540009,54.599998,52834.589844,33.81,90.63,2.500000,CO,17349
0.270000,0.410000,0.030000,0.080000,0.100000,78.669998,14.960000,3.370000,260.540009,51.209999,53558.550781,33.82,90.79,2.500000,CO,17350
0.260000,0.400000,0.030000,0.080000,0.100000,78.250000,14.970000,3.410000,261.750000,47.759998,54473.449219,33.84,90.95,2.500000,CO,17351
0.260000,0.390000,0.030000,0.080000,0.100000,79.180000,14.960000,2.630000,262.329987,46.070000,54916.691406,33.86,91.12,2.500000,CO,17352
0.260000,0.380000,0.030000,0.080000,0.100000,79.410004,15.310000,1.800000,261.399994,48.180000,54199.281250,33.88,91.28,2.500000,CO,17353
0.250000,0.380000,0.030000,0.070000,0.100000,79.949997,15.300000,1.330000,260.429993,50.869999,53396.929688,33.9,91.44,2.500000,CO,17354
0.250000,0.370000,0.030000,0.080000,0.100000,80.099998,14.430000,1.250000,261.619995,46.369999,54175.601562,33.91,91.6,2.500000,CO,17355
0.240000,0.370000,0.030000,0.080000,0.100000,80.059998,13.550000,1.150000,263.429993,40.860001,55488.191406,33.93,91.77,2.500000,CO,17356
0.240000,0.360000,0.030000,0.080000,0.100000,80.029999,13.090000,1.130000,264.700012,37.290001,56431.519531,33.95,91.93,2.500000,CO,17357
0.240000,0.350000,0.030000,0.080000,0.100000,80.010002,12.990000,1.180000,265.369995,35.630001,56916.468750,33.96,92.09,2.500000,CO,17358
0.230000,0.350000,0.030000,0.100000,0.100000,79.440002,13.300000,1.330000,265.230011,36.080002,56849.531250,33.98,92.25,2.500000,CO,17359
0.230000,0.340000,0.030000,0.110000,0.100000,77.709999,13.020000,1.410000,265.630005,35.529999,57145.191406,34.0,92.42,2.500000,CO,17360
0.230000,0.340000,0.030000,0.110000,0.100000,76.930000,12.460000,1.220000,266.420013,33.910000,57756.078125,34.01,92.58,2.500000,CO,17361
0.230000,0.330000,0.030000,0.110000,0.100000,75.739998,12.830000,0.990000,266.739990,33.009998,58048.390625,34.03,92.74,2.500000,CO,17362
0.220000,0.330000,0.030000,0.100000,0.100000,75.050003,13.290000,1.050000,267.040009,32.230000,58330.109375,34.04,92.91,2.500000,CO,17363
0.220000,0.320000,0.030000,0.100000,0.100000,74.480003,13.300000,1.030000,267.220001,31.790001,58515.351562,34.06,93.07,2.500000,CO,17364
0.220000,0.320000,0.030000,0.100000,0.100000,76.040001,13.080000,0.690000,266.829987,32.430000,58250.140625,34.07,93.23,2.500000,CO,17365
0.220000,0.320000,0.030000,0.100000,0.100000,76.940002,12.400000,0.320000,266.459991,33.020000,57946.281250,34.09,93.4,2.500000,CO,17366
0.220000,0.320000,0.030000,0.100000,0.100000,77.239998,11.640000,0.280000,266.399994,33.040001,57912.070312,34.1,93.56,2.500000,CO,17367
0.220000,0.310000,0.030000,0.100000,0.100000,77.489998,11.380000,0.480000,265.839996,34.360001,57523.230469,34.12,93.72,2.500000,CO,17368
0.220000,0.310000,0.030000,0.100000,0.100000,77.760002,11.650000,0.520000,264.649994,37.480000,56645.761719,34.13,93.89,2.500000,CO,17369
0.220000,0.310000,0.030000,0.100000,0.100000,78.010002,11.990000,0.320000,264.190002,39.130001,56319.339844,34.15,94.05,2.500000,CO,17370
0.220000,0.310000,0.030000,0.100000,0.100000,78.089996,12.050000,0.210000,264.489990,38.980000,56618.308594,34.16,94.21,2.500000,CO,17371
0.220000,0.310000,0.030000,0.100000,0.100000,78.089996,12.150000,0.200000,264.480011,39.730000,56713.410156,34.17,94.38,2.500000,CO,17372
0.220000,0.300000,0.030000,0.100000,0.100000,78.070000,12.350000,-0.080000,264.059998,41.349998,56475.230469,34.19,94.54,2.500000,CO,17373
0.220000,0.300000,0.030000,0.100000,0.100000,77.830002,12.100000,-0.470000,264.549988,40.610001,56945.710938,34.2,94.7,2.500000,CO,17374
0.220000,0.300000,0.030000,0.100000,0.100000,77.540001,11.570000,-0.780000,265.010010,40.259998,57474.558594,34.21,94.87,2.500000,CO,17375
0.220000,0.300000,0.030000,0.120000,0.100000,77.400002,11.670000,-1.080000,263.890015,43.459999,56720.738281,34.23,95.03,2.500000,CO,17376
0.220000,0.300000,0.030000,0.120000,0.100000,77.370003,12.040000,-1.320000,262.950012,46.090000,56001.078125,34.24,95.2,2.500000,CO,17377
0.220000,0.300000,0.030000,0.120000,0.100000,77.089996,11.690000,-1.540000,263.790009,43.910000,56656.511719,34.25,95.36,2.500000,CO,17378
0.220000,0.290000,0.030000,0.140000,0.100000,76.400002,10.200000,-2.040000,265.769989,39.590000,58344.019531,34.26,95.52,2.500000,CO,17379
0.220000,0.290000,0.030000,0.190000,0.100000,75.629997,8.500000,-2.080000,266.000000,40.619999,58907.851562,34.28,95.69,2.500000,CO,17380
0.220000,0.290000,0.030000,0.220000,0.100000,75.309998,8.740000,-1.320000,263.769989,47.570000,57247.769531,34.29,95.85,2.500000,CO,17381
0.220000,0.290000,0.030000,0.210000,0.100000,75.559998,10.210000,-1.270000,262.450012,51.860001,56129.578125,34.3,96.02,2.500000,CO,17382
0.220000,0.290000,0.030000,0.190000,0.100000,75.480003,10.160000,-1.800000,263.380005,49.639999,56869.128906,34.31,96.18,2.500000,CO,17383
0.220000,0.290000,0.030000,0.180000,0.100000,75.080002,8.990000,-1.970000,263.869995,50.060001,57492.089844,34.32,96.34,2.500000,CO,17384
0.230000,0.290000,0.030000,0.160000,0.100000,74.889999,8.720000,-1.770000,263.220001,54.509998,57214.339844,34.33,96.51,2.500000,CO,17385
0.230000,0.300000,0.030000,0.150000,0.100000,74.750000,9.270000,-1.360000,262.799988,57.049999,56959.558594,34.34,96.67,2.500000,CO,17386
0.240000,0.310000,0.030000,0.150000,0.100000,74.589996,9.610000,-0.960000,262.940002,56.459999,57091.980469,34.35,96.84,2.500000,CO,17387
0.250000,0.310000,0.040000,0.150000,0.100000,72.919998,9.480000,-0.510000,263.309998,54.900002,57423.609375,34.36,97.0,2.500000,CO,17388
0.250000,0.320000,0.040000,0.140000,0.100000,72.050003,9.320000,-0.140000,263.309998,54.880001,57510.070312,34.37,97.17,2.500000,CO,17389
0.250000,0.320000,0.040000,0.140000,0.100000,71.330002,9.460000,0.080000,263.220001,54.540001,57463.000000,34.38,97.33,2.500000,CO,17390
0.240000,0.310000,0.040000,0.140000,0.100000,70.769997,9.530000,-0.170000,263.670013,51.759998,57825.859375,34.39,97.49,2.500000,CO,17391
0.240000,0.300000,0.030000,0.140000,0.100000,70.529999,9.370000,-0.800000,263.750000,50.680000,57943.640625,34.4,97.66,2.500000,CO,17392
0.240000,0.300000,0.030000,0.190000,0.100000,70.349998,9.450000,-1.190000,263.390015,51.990002,57725.269531,34.41,97.82,2.500000,CO,17393
0.230000,0.290000,0.030000,0.200000,0.100000,69.940002,9.300000,-1.460000,263.959991,50.259998,58239.878906,34.42,97.99,2.500000,CO,17394
0.230000,0.290000,0.030000,0.200000,0.100000,70.790001,8.420000,-1.880000,264.690002,48.509998,59014.589844,34.43,98.15,2.500000,CO,17395
0.230000,0.280000,0.030000,0.200000,0.100000,70.599998,7.520000,-2.250000,264.670013,49.490002,59313.000000,34.44,98.32,2.500000,CO,17396
0.230000,0.280000,0.030000,0.210000,0.100000,70.139999,6.820000,-2.490000,264.470001,51.220001,59650.441406,34.45,98.48,2.500000,CO,17397
0.240000,0.290000,0.030000,0.200000,0.100000,69.720001,6.040000,-2.290000,264.320007,51.270000,60098.628906,34.46,98.65,2.500000,CO,17398
0.260000,0.310000,0.040000,0.220000,0.110000,69.000000,4.350000,-2.170000,263.869995,52.189999,60574.699219,34.46,98.81,2.750000,CO,17399
0.320000,0.390000,0.060000,0.280000,0.110000,68.699997,2.610000,-1.990000,262.790009,54.799999,60221.039062,34.47,98.97,2.750000,CO,17400
0.400000,0.520000,0.080000,0.390000,0.110000,68.680000,3.520000,-1.720000,261.130005,63.189999,58577.429688,34.48,99.14,2.750000,CO,17401
0.440000,0.680000,0.080000,0.390000,0.110000,68.239998,6.180000,-1.580000,259.470001,71.389999,56973.398438,34.49,99.3,2.750000,CO,17402
0.550000,1.060000,0.080000,0.380000,0.110000,68.519997,7.850000,-0.710000,259.850006,70.940002,56846.898438,34.49,99.47,2.750000,CO,17403
1.030000,3.300000,0.090000,0.480000,0.160000,68.769997,8.570000,0.260000,261.369995,63.750000,57776.750000,34.5,99.63,4.000000,CO,17404
3.190000,7.650000,0.120000,0.970000,0.240000,68.720001,8.750000,-0.360000,263.279999,55.110001,59121.800781,34.51,99.8,7.650000,PM10,17405
6.820000,13.690000,0.180000,2.190000,0.350000,68.500000,7.640000,-1.660000,264.880005,50.029999,60622.140625,34.51,99.96,13.690000,PM10,17406
7.900000,15.580000,0.370000,2.760000,0.410000,67.389999,6.320000,-2.070000,264.609985,51.119999,60764.960938,34.52,100.13,15.580000,PM10,17407
5.110000,11.500000,0.710000,2.320000,0.380000,65.839996,5.650000,-1.850000,264.059998,52.849998,60447.910156,34.53,100.29,11.500000,PM10,17408
1.120000,4.500000,0.600000,1.030000,0.250000,62.369999,4.640000,-1.390000,264.579987,50.580002,61208.949219,34.53,100.46,6.250000,CO,17409
0.660000,2.050000,0.290000,0.840000,0.170000,61.200001,3.430000,-1.080000,265.130005,48.200001,62260.070312,34.54,100.62,4.250000,CO,17410
0.490000,0.860000,0.140000,0.620000,0.120000,61.000000,2.550000,-1.230000,265.980011,44.330002,63590.890625,34.54,100.79,3.000000,CO,17411
0.530000,0.650000,0.100000,0.580000,0.110000,61.610001,1.480000,-1.130000,266.049988,45.200001,64539.121094,34.55,100.95,2.750000,CO,17412
0.600000,0.700000,0.110000,0.500000,0.110000,62.750000,1.340000,-0.930000,265.260010,48.349998,63906.511719,34.55,101.12,2.750000,CO,17413
0.730000,0.830000,0.140000,0.550000,0.110000,62.900002,1.680000,-0.570000,265.040009,48.950001,63816.089844,34.56,101.28,2.750000,CO,17414
0.990000,1.120000,0.210000,0.660000,0.120000,62.630001,1.030000,0.330000,265.380005,47.939999,64522.750000,34.56,101.45,3.000000,CO,17415
1.530000,1.760000,0.360000,0.890000,0.130000,62.369999,0.890000,0.250000,265.459991,46.230000,64465.109375,34.57,101.61,3.250000,CO,17416
1.930000,2.220000,0.400000,0.860000,0.130000,62.009998,1.790000,-0.220000,264.959991,46.849998,64071.929688,34.57,101.78,3.250000,CO,17417
2.740000,3.210000,0.490000,0.960000,0.150000,60.810001,2.270000,-0.980000,265.049988,46.380001,64294.058594,34.58,101.94,3.914286,PM2.5,17418
0.310000,0.450000,0.040000,0.080000,0.100000,78.080002,13.410000,3.450000,261.019989,52.169998,54388.628906,33.87,89.96,2.500000,CO,17602
0.310000,0.450000,0.040000,0.080000,0.100000,77.629997,13.800000,3.060000,260.410004,53.240002,53834.820312,33.89,90.12,2.500000,CO,17603
0.300000,0.440000,0.040000,0.080000,0.100000,78.250000,14.460000,3.120000,259.429993,55.669998,53038.949219,33.9,90.28,2.500000,CO,17604
0.290000,0.430000,0.040000,0.080000,0.100000,78.239998,14.800000,3.190000,258.709991,56.910000,52394.828125,33.92,90.44,2.500000,CO,17605
0.290000,0.420000,0.030000,0.080000,0.100000,78.849998,15.670000,3.200000,257.839996,59.669998,51702.101562,33.94,90.61,2.500000,CO,17606
0.280000,0.410000,0.030000,0.080000,0.100000,78.040001,15.930000,3.430000,258.839996,56.049999,52358.800781,33.96,90.77,2.500000,CO,17607
0.280000,0.410000,0.030000,0.080000,0.100000,78.029999,14.320000,3.240000,261.290009,47.950001,54116.988281,33.98,90.93,2.500000,CO,17608
0.270000,0.400000,0.030000,0.080000,0.100000,77.879997,13.390000,2.720000,262.500000,44.049999,55015.890625,34.0,91.09,2.500000,CO,17609
0.270000,0.390000,0.030000,0.080000,0.100000,77.419998,14.400000,2.530000,261.859985,45.279999,54554.261719,34.01,91.26,2.500000,CO,17610
0.260000,0.390000,0.030000,0.080000,0.100000,77.959999,15.010000,2.030000,261.299988,46.049999,54039.679688,34.03,91.42,2.500000,CO,17611
0.260000,0.380000,0.030000,0.080000,0.100000,77.919998,14.230000,1.460000,262.750000,41.410000,55051.960938,34.05,91.58,2.500000,CO,17612
0.260000,0.380000,0.030000,0.080000,0.100000,77.750000,13.400000,1.070000,264.119995,37.509998,56072.550781,34.06,91.75,2.500000,CO,17613
0.250000,0.370000,0.030000,0.080000,0.100000,76.900002,13.200000,0.880000,264.500000,35.990002,56328.921875,34.08,91.91,2.500000,CO,17614
0.250000,0.360000,0.030000,0.080000,0.100000,76.440002,13.060000,0.860000,264.869995,34.790001,56581.000000,34.1,92.07,2.500000,CO,17615
0.250000,0.360000,0.030000,0.090000,0.100000,76.010002,12.870000,0.840000,264.799988,34.619999,56515.671875,34.11,92.24,2.500000,CO,17616
0.250000,0.350000,0.030000,0.110000,0.100000,75.419998,12.520000,0.690000,265.480011,33.150002,57027.769531,34.13,92.4,2.500000,CO,17617
0.240000,0.350000,0.030000,0.110000,0.100000,74.820000,11.930000,0.600000,266.559998,31.160000,57892.441406,34.15,92.56,2.500000,CO,17618
0.240000,0.340000,0.030000,0.100000,0.100000,74.550003,11.810000,0.470000,266.399994,31.740000,57805.289062,34.16,92.72,2.500000,CO,17619
0.240000,0.340000,0.030000,0.100000,0.100000,74.470001,12.080000,0.350000,266.029999,32.610001,57548.351562,34.18,92.89,2.500000,CO,17620
0.230000,0.330000,0.030000,0.100000,0.100000,74.089996,11.930000,0.460000,266.529999,31.540001,57961.730469,34.19,93.05,2.500000,CO,17621
0.230000,0.330000,0.030000,0.100000,0.100000,75.750000,11.510000,0.490000,267.029999,30.540001,58393.578125,34.21,93.21,2.500000,CO,17622
0.230000,0.320000,0.030000,0.100000,0.100000,76.269997,11.390000,0.120000,266.579987,31.270000,58105.410156,34.22,93.38,2.500000,CO,17623
0.230000,0.320000,0.030000,0.100000,0.100000,76.660004,11.680000,0.060000,265.739990,32.849998,57476.621094,34.24,93.54,2.500000,CO,17624
0.230000,0.320000,0.030000,0.100000,0.100000,76.529999,12.020000,0.640000,265.269989,33.750000,57178.488281,34.25,93.71,2.500000,CO,17625
0.230000,0.320000,0.030000,0.100000,0.100000,77.050003,11.830000,0.770000,265.029999,34.730000,57003.718750,34.27,93.87,2.500000,CO,17626
0.230000,0.310000,0.030000,0.100000,0.100000,77.269997,11.750000,0.300000,264.609985,36.090000,56697.191406,34.28,94.03,2.500000,CO,17627
0.230000,0.310000,0.030000,0.100000,0.100000,77.470001,12.130000,-0.030000,264.269989,37.560001,56494.269531,34.3,94.2,2.500000,CO,17628
0.230000,0.310000,0.030000,0.100000,0.100000,77.519997,12.300000,0.100000,264.399994,38.279999,56692.269531,34.31,94.36,2.500000,CO,17629
0.230000,0.310000,0.030000,0.100000,0.100000,77.440002,12.120000,0.030000,264.779999,38.459999,57102.890625,34.32,94.52,2.500000,CO,17630
0.230000,0.310000,0.030000,0.100000,0.100000,77.230003,11.790000,-0.460000,265.019989,38.779999,57419.679688,34.34,94.69,2.500000,CO,17631
0.230000,0.310000,0.030000,0.100000,0.100000,76.970001,11.660000,-0.670000,264.510010,40.490002,57143.929688,34.35,94.85,2.500000,CO,17632
0.230000,0.300000,0.030000,0.100000,0.100000,76.790001,11.790000,-0.680000,264.089996,41.820000,56900.488281,34.36,95.02,2.500000,CO,17633
0.230000,0.300000,0.030000,0.100000,0.100000,76.519997,11.660000,-1.160000,264.279999,41.639999,57134.570312,34.37,95.18,2.500000,CO,17634
0.230000,0.300000,0.020000,0.110000,0.100000,76.019997,10.840000,-1.890000,264.880005,40.860001,57752.300781,34.39,95.34,2.500000,CO,17635
0.230000,0.290000,0.030000,0.140000,0.100000,75.320000,9.300000,-2.120000,265.450012,41.029999,58458.230469,34.4,95.51,2.500000,CO,17636
0.230000,0.290000,0.030000,0.180000,0.100000,74.709999,8.050000,-1.460000,264.880005,44.360001,58252.910156,34.41,95.67,2.500000,CO,17637
0.230000,0.290000,0.030000,0.170000,0.100000,74.470001,8.010000,-0.720000,263.809998,48.750000,57540.828125,34.42,95.84,2.500000,CO,17638
0.230000,0.290000,0.030000,0.160000,0.100000,74.489998,8.830000,-1.080000,262.820007,53.139999,56805.480469,34.43,96.0,2.500000,CO,17639
0.220000,0.290000,0.030000,0.140000,0.100000,74.529999,9.380000,-1.680000,262.609985,54.849998,56673.371094,34.45,96.17,2.500000,CO,17640
0.230000,0.290000,0.030000,0.140000,0.100000,74.360001,9.290000,-1.410000,262.850006,55.369999,56960.218750,34.46,96.33,2.500000,CO,17641
0.230000,0.290000,0.030000,0.130000,0.100000,74.349998,9.460000,-0.750000,262.549988,57.560001,56797.980469,34.47,96.49,2.500000,CO,17642
0.230000,0.300000,0.030000,0.130000,0.100000,74.389999,10.010000,-0.430000,262.510010,58.049999,56779.171875,34.48,96.66,2.500000,CO,17643
0.240000,0.300000,0.030000,0.120000,0.100000,74.489998,10.300000,-0.510000,262.839996,56.029999,56992.878906,34.49,96.82,2.500000,CO,17644
0.240000,0.300000,0.030000,0.120000,0.100000,74.260002,10.160000,-0.680000,263.279999,54.020000,57356.808594,34.5,96.99,2.500000,CO,17645
0.240000,0.310000,0.030000,0.120000,0.100000,72.400002,9.730000,-0.660000,263.739990,52.580002,57809.640625,34.51,97.15,2.500000,CO,17646
0.240000,0.300000,0.030000,0.120000,0.100000,71.330002,9.200000,-0.640000,264.059998,51.540001,58200.410156,34.52,97.32,2.500000,CO,17647
0.240000,0.290000,0.030000,0.120000,0.100000,70.839996,8.590000,-0.940000,264.369995,50.709999,58644.269531,34.53,97.48,2.500000,CO,17648
0.230000,0.290000,0.030000,0.130000,0.100000,70.459999,8.310000,-1.200000,264.149994,51.610001,58667.390625,34.54,97.65,2.500000,CO,17649
0.230000,0.280000,0.030000,0.150000,0.100000,69.570000,8.430000,-1.220000,264.109985,51.900002,58764.308594,34.55,97.81,2.500000,CO,17650
0.230000,0.290000,0.030000,0.180000,0.100000,68.550003,7.920000,-1.510000,264.730011,50.209999,59449.910156,34.56,97.98,2.500000,CO,17651
0.250000,0.310000,0.050000,0.270000,0.110000,69.099998,6.790000,-1.870000,264.880005,50.290001,59963.480469,34.57,98.14,2.750000,CO,17652
0.240000,0.300000,0.040000,0.280000,0.100000,69.209999,6.330000,-1.960000,264.200012,53.810001,59820.140625,34.57,98.31,2.500000,CO,17653
0.240000,0.290000,0.040000,0.290000,0.100000,68.690002,6.670000,-1.930000,263.320007,58.230000,59410.339844,34.58,98.47,2.500000,CO,17654
0.250000,0.300000,0.040000,0.270000,0.110000,68.519997,6.090000,-1.680000,263.279999,56.380001,59704.578125,34.59,98.64,2.750000,CO,17655
0.280000,0.340000,0.050000,0.270000,0.110000,68.400002,4.280000,-2.060000,262.869995,56.799999,60110.898438,34.6,98.8,2.750000,CO,17656
0.320000,0.380000,0.060000,0.290000,0.110000,68.440002,3.640000,-2.090000,261.809998,60.980000,59270.820312,34.61,98.97,2.750000,CO,17657
0.350000,0.440000,0.060000,0.360000,0.110000,67.989998,4.900000,-1.160000,260.209991,68.190002,57824.089844,34.61,99.13,2.750000,CO,17658
0.370000,0.520000,0.060000,0.360000,0.110000,67.559998,7.110000,-1.030000,258.739990,74.540001,56201.199219,34.62,99.3,2.750000,CO,17659
0.420000,0.730000,0.060000,0.330000,0.110000,68.639999,9.080000,-1.400000,259.250000,72.000000,56001.769531,34.63,99.46,2.750000,CO,17660
0.680000,2.000000,0.070000,0.420000,0.140000,68.120003,8.940000,-0.680000,262.470001,58.110001,58319.089844,34.64,99.63,3.500000,CO,17661
1.940000,4.760000,0.090000,0.820000,0.190000,66.580002,6.800000,-0.740000,265.019989,49.520000,60648.750000,34.64,99.79,4.760000,PM10,17662
3.960000,8.340000,0.140000,1.710000,0.270000,66.059998,4.900000,-1.250000,265.160004,50.009998,61356.640625,34.65,99.96,8.340000,PM10,17663
4.180000,8.540000,0.200000,2.040000,0.290000,65.279999,4.510000,-0.940000,263.880005,53.869999,60551.000000,34.66,100.12,8.540000,PM10,17664
2.530000,5.680000,0.250000,1.310000,0.230000,64.230003,4.710000,-1.070000,263.049988,55.549999,59898.339844,34.66,100.29,5.750000,CO,17665
0.670000,2.230000,0.250000,0.680000,0.170000,61.570000,3.930000,-1.650000,264.809998,48.139999,61861.910156,34.67,100.45,4.250000,CO,17666
0.550000,1.280000,0.180000,0.770000,0.150000,60.869999,1.990000,-1.740000,266.700012,41.669998,64585.941406,34.67,100.62,3.750000,CO,17667
0.590000,0.850000,0.130000,0.640000,0.120000,61.840000,0.370000,-1.330000,266.359985,43.770000,65312.691406,34.68,100.78,3.000000,CO,17668
0.680000,0.810000,0.130000,0.610000,0.110000,62.639999,0.030000,-0.970000,265.380005,48.910000,64731.371094,34.68,100.95,2.750000,CO,17669
0.730000,0.840000,0.130000,0.530000,0.110000,62.830002,1.240000,-0.470000,264.619995,50.290001,63637.691406,34.69,101.11,2.750000,CO,17670
0.840000,0.950000,0.160000,0.570000,0.110000,62.180000,2.250000,-0.280000,265.119995,47.340000,63984.671875,34.69,101.28,2.750000,CO,17671
1.080000,1.230000,0.220000,0.670000,0.120000,61.450001,1.470000,0.050000,265.709991,47.139999,65408.109375,34.7,101.44,3.000000,CO,17672
1.780000,2.050000,0.410000,0.990000,0.130000,60.889999,0.640000,0.260000,265.529999,48.020000,65683.343750,34.7,101.61,3.250000,CO,17673
2.380000,2.780000,0.460000,0.940000,0.140000,61.259998,1.240000,-0.070000,264.309998,50.490002,64398.289062,34.71,101.77,3.500000,CO,17674
0.330000,0.470000,0.040000,0.080000,0.100000,77.120003,13.510000,3.790000,259.500000,53.700001,53289.781250,33.98,89.77,2.500000,CO,17858
0.330000,0.470000,0.040000,0.080000,0.100000,76.379997,13.400000,3.880000,260.450012,50.720001,53960.921875,34.0,89.93,2.500000,CO,17859
0.320000,0.460000,0.040000,0.080000,0.100000,75.690002,13.860000,3.820000,259.609985,53.240002,53264.898438,34.02,90.1,2.500000,CO,17860
0.310000,0.450000,0.040000,0.080000,0.100000,76.260002,15.150000,3.920000,258.160004,57.910000,52131.058594,34.04,90.26,2.500000,CO,17861
0.310000,0.440000,0.040000,0.080000,0.100000,76.379997,16.200001,3.940000,257.570007,59.209999,51617.390625,34.06,90.42,2.500000,CO,17862
0.300000,0.430000,0.040000,0.080000,0.100000,77.519997,16.860001,3.800000,257.230011,59.959999,51303.539062,34.08,90.58,2.500000,CO,17863
0.300000,0.420000,0.040000,0.080000,0.100000,77.050003,16.709999,3.350000,258.859985,53.360001,52377.128906,34.09,90.75,2.500000,CO,17864
0.290000,0.410000,0.040000,0.080000,0.100000,76.620003,15.390000,2.970000,261.510010,44.730000,54315.539062,34.11,90.91,2.500000,CO,17865
0.280000,0.410000,0.030000,0.080000,0.100000,77.889999,14.050000,2.620000,262.890015,40.869999,55314.199219,34.13,91.07,2.500000,CO,17866
0.280000,0.400000,0.030000,0.080000,0.100000,78.279999,13.880000,2.480000,262.980011,40.310001,55366.390625,34.15,91.24,2.500000,CO,17867
0.280000,0.400000,0.030000,0.080000,0.100000,77.459999,14.220000,2.020000,263.010010,39.740002,55342.289062,34.17,91.4,2.500000,CO,17868
0.270000,0.390000,0.030000,0.080000,0.100000,77.220001,13.840000,1.290000,264.109985,36.759998,56156.871094,34.18,91.56,2.500000,CO,17869
0.270000,0.390000,0.030000,0.080000,0.100000,77.010002,13.270000,1.020000,264.869995,34.700001,56732.488281,34.2,91.73,2.500000,CO,17870
0.270000,0.380000,0.030000,0.080000,0.100000,76.820000,13.080000,0.910000,264.630005,34.799999,56542.421875,34.22,91.89,2.500000,CO,17871
0.260000,0.370000,0.030000,0.080000,0.100000,75.889999,13.030000,0.640000,264.910004,33.849998,56724.539062,34.23,92.05,2.500000,CO,17872
0.260000,0.370000,0.030000,0.090000,0.100000,74.720001,13.190000,0.390000,265.100006,33.040001,56916.730469,34.25,92.22,2.500000,CO,17873
0.260000,0.370000,0.030000,0.100000,0.100000,74.779999,13.000000,0.190000,265.320007,32.369999,57072.339844,34.27,92.38,2.500000,CO,17874
0.260000,0.360000,0.030000,0.120000,0.100000,73.559998,12.820000,0.240000,265.890015,31.020000,57537.460938,34.28,92.54,2.500000,CO,17875
0.250000,0.350000,0.030000,0.120000,0.100000,73.000000,12.920000,0.310000,265.859985,31.000000,57548.519531,34.3,92.71,2.500000,CO,17876
0.250000,0.350000,0.030000,0.110000,0.100000,73.410004,12.750000,0.050000,265.209991,32.540001,57034.750000,34.31,92.87,2.500000,CO,17877
0.250000,0.340000,0.030000,0.100000,0.100000,73.389999,12.270000,-0.010000,265.540009,32.160000,57292.121094,34.33,93.03,2.500000,CO,17878
0.250000,0.340000,0.030000,0.100000,0.100000,74.879997,11.690000,0.160000,266.619995,30.290001,58176.960938,34.34,93.2,2.500000,CO,17879
0.240000,0.330000,0.030000,0.100000,0.100000,75.220001,11.970000,0.100000,265.649994,32.049999,57513.679688,34.36,93.36,2.500000,CO,17880
0.240000,0.330000,0.030000,0.100000,0.100000,76.309998,12.650000,0.010000,263.809998,35.939999,56064.160156,34.37,93.52,2.500000,CO,17881
0.240000,0.330000,0.030000,0.100000,0.100000,76.690002,12.400000,0.190000,264.549988,34.340000,56578.761719,34.39,93.69,2.500000,CO,17882
0.240000,0.320000,0.030000,0.100000,0.100000,76.699997,11.550000,0.300000,266.359985,30.910000,58029.601562,34.4,93.85,2.500000,CO,17883
0.240000,0.320000,0.030000,0.100000,0.100000,76.739998,11.320000,0.120000,266.290009,31.350000,58058.398438,34.42,94.02,2.500000,CO,17884
0.240000,0.320000,0.030000,0.100000,0.100000,76.889999,11.930000,-0.220000,264.769989,35.000000,56935.921875,34.43,94.18,2.500000,CO,17885
0.240000,0.320000,0.030000,0.100000,0.100000,76.910004,12.180000,-0.370000,264.369995,36.630001,56680.601562,34.44,94.34,2.500000,CO,17886
0.240000,0.320000,0.030000,0.100000,0.100000,76.680000,11.510000,-0.510000,265.200012,35.820000,57435.328125,34.46,94.51,2.500000,CO,17887
0.240000,0.310000,0.030000,0.100000,0.100000,76.349998,10.970000,-0.770000,264.929993,37.590000,57403.570312,34.47,94.67,2.500000,CO,17888
0.240000,0.310000,0.030000,0.100000,0.100000,76.050003,10.950000,-0.800000,264.420013,39.680000,57122.910156,34.48,94.84,2.500000,CO,17889
0.240000,0.310000,0.030000,0.110000,0.100000,75.540001,10.450000,-1.060000,265.230011,38.939999,57938.980469,34.5,95.0,2.500000,CO,17890
0.240000,0.310000,0.030000,0.120000,0.100000,74.870003,9.470000,-1.710000,265.769989,38.950001,58722.921875,34.51,95.17,2.500000,CO,17891
0.240000,0.300000,0.030000,0.150000,0.100000,74.309998,8.700000,-2.040000,265.269989,41.610001,58590.769531,34.52,95.33,2.500000,CO,17892
0.240000,0.300000,0.030000,0.180000,0.100000,73.910004,8.190000,-1.570000,264.750000,44.730000,58333.511719,34.53,95.49,2.500000,CO,17893
0.240000,0.300000,0.030000,0.200000,0.100000,73.470001,7.670000,-0.750000,264.589996,47.200001,58411.109375,34.55,95.66,2.500000,CO,17894
0.230000,0.300000,0.030000,0.180000,0.100000,73.110001,7.320000,-0.350000,264.250000,49.630001,58346.601562,34.56,95.82,2.500000,CO,17895
0.230000,0.300000,0.030000,0.160000,0.100000,72.970001,7.870000,-0.210000,263.119995,54.139999,57509.808594,34.57,95.99,2.500000,CO,17896
0.230000,0.300000,0.030000,0.150000,0.100000,73.059998,9.050000,-0.200000,262.119995,57.520000,56610.488281,34.58,96.15,2.500000,CO,17897
0.230000,0.290000,0.030000,0.140000,0.100000,73.339996,9.840000,-0.290000,262.109985,57.160000,56473.710938,34.59,96.32,2.500000,CO,17898
0.230000,0.290000,0.030000,0.130000,0.100000,73.529999,10.050000,-0.190000,262.630005,55.599998,56831.691406,34.6,96.48,2.500000,CO,17899
0.230000,0.290000,0.030000,0.130000,0.100000,73.629997,9.930000,-0.350000,263.209991,54.080002,57332.289062,34.61,96.65,2.500000,CO,17900
0.240000,0.300000,0.030000,0.120000,0.100000,73.470001,9.520000,-0.800000,263.559998,53.650002,57704.339844,34.62,96.81,2.500000,CO,17901
0.240000,0.300000,0.030000,0.120000,0.100000,73.269997,9.220000,-1.230000,263.570007,54.660000,57865.769531,34.64,96.98,2.500000,CO,17902
0.240000,0.300000,0.030000,0.120000,0.100000,72.150002,9.070000,-1.440000,263.720001,54.180000,58078.929688,34.65,97.14,2.500000,CO,17903
0.230000,0.290000,0.030000,0.120000,0.100000,71.300003,8.510000,-1.570000,264.290009,52.090000,58678.761719,34.66,97.31,2.500000,CO,17904
0.230000,0.280000,0.030000,0.120000,0.100000,70.529999,7.630000,-1.550000,264.519989,52.110001,59155.648438,34.66,97.47,2.500000,CO,17905
0.230000,0.280000,0.030000,0.130000,0.100000,69.709999,7.320000,-1.230000,263.929993,54.799999,59055.160156,34.67,97.64,2.500000,CO,17906
0.230000,0.280000,0.030000,0.140000,0.100000,68.519997,7.410000,-1.250000,263.959991,54.939999,59279.238281,34.68,97.8,2.500000,CO,17907
0.230000,0.280000,0.030000,0.180000,0.100000,67.489998,6.960000,-1.570000,264.350006,53.939999,59862.281250,34.69,97.97,2.500000,CO,17908
0.260000,0.310000,0.050000,0.280000,0.110000,68.480003,6.270000,-1.710000,264.309998,54.869999,60237.820312,34.7,98.13,2.750000,CO,17909
0.250000,0.300000,0.040000,0.310000,0.110000,68.089996,6.110000,-1.480000,263.600006,58.500000,60133.960938,34.71,98.3,2.750000,CO,17910
0.250000,0.300000,0.040000,0.310000,0.110000,68.070000,6.160000,-1.130000,263.019989,60.820000,59691.910156,34.72,98.46,2.750000,CO,17911
0.250000,0.300000,0.040000,0.280000,0.110000,67.820000,5.130000,-1.140000,262.420013,61.090000,59609.351562,34.73,98.63,2.750000,CO,17912
0.290000,0.350000,0.050000,0.280000,0.110000,67.879997,4.030000,-1.380000,261.440002,64.129997,59044.250000,34.74,98.79,2.750000,CO,17913
0.310000,0.370000,0.050000,0.290000,0.110000,67.419998,5.170000,-0.940000,260.079987,70.320000,57670.269531,34.74,98.96,2.750000,CO,17914
0.330000,0.400000,0.060000,0.330000,0.110000,66.820000,6.940000,0.100000,259.480011,72.470001,57066.898438,34.75,99.12,2.750000,CO,17915
0.320000,0.410000,0.050000,0.310000,0.100000,67.230003,7.910000,0.140000,259.100006,74.089996,56318.871094,34.76,99.29,2.500000,CO,17916
0.330000,0.480000,0.050000,0.290000,0.110000,68.239998,9.640000,-1.300000,258.470001,75.250000,55336.828125,34.77,99.45,2.750000,CO,17917
0.410000,0.900000,0.050000,0.320000,0.110000,67.730003,9.410000,-2.110000,261.700012,60.980000,57551.089844,34.77,99.62,2.750000,CO,17918
0.790000,1.890000,0.060000,0.440000,0.140000,65.089996,5.400000,-1.740000,265.209991,49.509998,61023.281250,34.78,99.78,3.500000,CO,17919
1.470000,3.240000,0.080000,0.700000,0.170000,64.879997,3.070000,-1.310000,265.140015,49.700001,61864.968750,34.79,99.95,4.250000,CO,17920
1.640000,3.500000,0.110000,0.850000,0.180000,62.810001,3.210000,-0.420000,264.649994,51.180000,61818.089844,34.79,100.11,4.500000,CO,17921
1.210000,2.550000,0.130000,0.630000,0.160000,62.240002,2.880000,-0.950000,264.899994,47.139999,62455.089844,34.8,100.28,4.000000,CO,17922
0.500000,1.050000,0.130000,0.450000,0.130000,61.290001,2.390000,-1.840000,264.950012,45.959999,63135.988281,34.8,100.44,3.250000,CO,17923
0.530000,0.850000,0.120000,0.570000,0.120000,61.400002,2.420000,-2.520000,264.959991,45.160000,63174.878906,34.81,100.61,3.000000,CO,17924
0.610000,0.780000,0.130000,0.620000,0.110000,62.080002,2.700000,-2.360000,265.029999,43.639999,63228.039062,34.82,100.78,2.750000,CO,17925
0.700000,0.820000,0.140000,0.640000,0.110000,61.750000,2.660000,-2.040000,264.799988,43.650002,63249.851562,34.82,100.94,2.750000,CO,17926
0.770000,0.890000,0.150000,0.550000,0.110000,61.340000,2.870000,-1.320000,264.519989,44.660000,63248.019531,34.83,101.11,2.750000,CO,17927
0.920000,1.060000,0.180000,0.590000,0.110000,60.730000,2.690000,-0.890000,265.250000,43.060001,64292.378906,34.83,101.27,2.750000,CO,17928
1.220000,1.390000,0.260000,0.680000,0.120000,59.980000,1.370000,-0.730000,265.540009,44.110001,65466.921875,34.84,101.44,3.000000,CO,17929
1.890000,2.150000,0.410000,0.870000,0.130000,60.130001,0.400000,0.250000,265.149994,48.970001,65826.601562,34.84,101.6,3.250000,CO,17930
2.570000,2.950000,0.500000,0.950000,0.150000,60.810001,1.110000,0.510000,264.089996,51.119999,64362.628906,34.84,101.77,3.750000,CO,17931
3.620000,4.220000,0.640000,1.110000,0.170000,60.750000,2.930000,-0.240000,263.109985,51.240002,62934.730469,34.85,101.93,5.171428,PM2.5,17932
0.350000,0.490000,0.040000,0.080000,0.100000,76.440002,13.730000,3.280000,259.489990,51.880001,53295.398438,34.12,89.75,2.500000,CO,18115
0.340000,0.480000,0.040000,0.080000,0.100000,76.690002,13.540000,3.540000,260.279999,48.990002,53848.679688,34.14,89.91,2.500000,CO,18116
0.340000,0.470000,0.040000,0.080000,0.100000,76.089996,14.140000,4.010000,259.179993,52.110001,52996.910156,34.15,90.07,2.500000,CO,18117
0.330000,0.460000,0.040000,0.080000,0.100000,76.080002,15.420000,4.220000,257.850006,56.680000,51962.089844,34.17,90.24,2.500000,CO,18118
0.320000,0.450000,0.040000,0.080000,0.100000,76.790001,16.360001,4.040000,257.649994,57.299999,51750.281250,34.19,90.4,2.500000,CO,18119
0.320000,0.440000,0.040000,0.080000,0.100000,77.400002,16.610001,3.650000,257.829987,57.009998,51837.878906,34.21,90.56,2.500000,CO,18120
0.310000,0.440000,0.040000,0.080000,0.100000,77.959999,15.580000,2.670000,259.760010,49.680000,53120.308594,34.23,90.73,2.500000,CO,18121
0.310000,0.430000,0.040000,0.080000,0.100000,77.610001,14.670000,2.170000,262.049988,42.230000,54800.519531,34.25,90.89,2.500000,CO,18122
0.300000,0.420000,0.030000,0.080000,0.100000,77.620003,14.560000,2.000000,263.049988,39.299999,55553.519531,34.27,91.05,2.500000,CO,18123
0.300000,0.420000,0.030000,0.080000,0.100000,78.040001,14.360000,1.760000,263.450012,38.189999,55815.140625,34.28,91.22,2.500000,CO,18124
0.290000,0.410000,0.030000,0.080000,0.100000,77.769997,14.400000,1.500000,263.839996,36.980000,56123.660156,34.3,91.38,2.500000,CO,18125
0.290000,0.410000,0.030000,0.080000,0.100000,78.070000,13.940000,0.970000,264.170013,36.119999,56360.519531,34.32,91.54,2.500000,CO,18126
0.290000,0.400000,0.030000,0.080000,0.100000,77.720001,13.330000,0.720000,264.279999,35.590000,56414.281250,34.33,91.71,2.500000,CO,18127
0.280000,0.390000,0.030000,0.080000,0.100000,77.709999,13.390000,0.650000,264.429993,34.830002,56564.191406,34.35,91.87,2.500000,CO,18128
0.280000,0.390000,0.030000,0.080000,0.100000,76.269997,13.010000,0.330000,264.570007,34.419998,56650.218750,34.37,92.03,2.500000,CO,18129
0.280000,0.380000,0.030000,0.090000,0.100000,76.000000,12.480000,0.150000,264.329987,34.779999,56472.640625,34.38,92.2,2.500000,CO,18130
0.270000,0.380000,0.030000,0.090000,0.100000,75.550003,12.470000,0.150000,264.059998,35.130001,56245.039062,34.4,92.36,2.500000,CO,18131
0.270000,0.380000,0.030000,0.110000,0.100000,74.610001,12.200000,0.200000,264.570007,33.840000,56633.601562,34.42,92.52,2.500000,CO,18132
0.270000,0.370000,0.030000,0.120000,0.100000,74.489998,11.920000,0.210000,265.399994,32.009998,57295.898438,34.43,92.69,2.500000,CO,18133
0.270000,0.360000,0.030000,0.120000,0.100000,73.589996,12.380000,-0.030000,264.760010,33.160000,56882.750000,34.45,92.85,2.500000,CO,18134
0.260000,0.360000,0.030000,0.110000,0.100000,74.059998,12.740000,-0.160000,264.010010,34.740002,56266.378906,34.46,93.01,2.500000,CO,18135
0.260000,0.350000,0.030000,0.110000,0.100000,73.959999,12.480000,0.150000,264.410004,34.060001,56614.718750,34.48,93.18,2.500000,CO,18136
0.260000,0.350000,0.030000,0.100000,0.100000,75.500000,12.120000,0.570000,264.380005,34.610001,56599.000000,34.49,93.34,2.500000,CO,18137
0.260000,0.350000,0.030000,0.100000,0.100000,76.129997,12.280000,0.370000,263.899994,35.849998,56208.421875,34.51,93.51,2.500000,CO,18138
0.250000,0.340000,0.030000,0.100000,0.100000,76.419998,12.290000,-0.280000,264.929993,34.080002,56992.640625,34.52,93.67,2.500000,CO,18139
0.250000,0.340000,0.030000,0.100000,0.100000,76.300003,11.570000,-0.670000,266.720001,30.480000,58435.570312,34.54,93.83,2.500000,CO,18140
0.250000,0.340000,0.030000,0.100000,0.100000,76.190002,11.090000,-0.700000,267.420013,29.430000,59086.820312,34.55,94.0,2.500000,CO,18141
0.250000,0.340000,0.030000,0.100000,0.100000,76.150002,11.440000,-0.750000,266.190002,32.130001,58248.371094,34.57,94.16,2.500000,CO,18142
0.250000,0.330000,0.030000,0.100000,0.100000,76.169998,11.740000,-0.970000,265.369995,34.299999,57678.058594,34.58,94.33,2.500000,CO,18143
0.250000,0.330000,0.030000,0.100000,0.100000,75.910004,11.170000,-1.260000,265.839996,34.180000,58174.011719,34.59,94.49,2.500000,CO,18144
0.250000,0.320000,0.030000,0.100000,0.100000,75.459999,10.650000,-1.350000,265.559998,35.599998,58133.820312,34.61,94.66,2.500000,CO,18145
0.250000,0.320000,0.030000,0.100000,0.100000,74.940002,10.220000,-1.440000,265.869995,36.020000,58565.328125,34.62,94.82,2.500000,CO,18146
0.250000,0.320000,0.030000,0.120000,0.100000,74.150002,8.890000,-1.730000,266.109985,37.189999,59232.570312,34.63,94.99,2.500000,CO,18147
0.250000,0.320000,0.030000,0.150000,0.100000,73.500000,7.970000,-2.070000,264.869995,41.650002,58589.109375,34.65,95.15,2.500000,CO,18148
0.250000,0.310000,0.030000,0.180000,0.100000,73.199997,8.560000,-1.800000,263.420013,46.490002,57429.609375,34.66,95.31,2.500000,CO,18149
0.250000,0.310000,0.030000,0.200000,0.100000,73.070000,8.970000,-0.900000,263.269989,47.889999,57207.171875,34.67,95.48,2.500000,CO,18150
0.240000,0.310000,0.030000,0.210000,0.100000,72.709999,7.990000,-0.330000,264.130005,47.730000,58067.589844,34.68,95.64,2.500000,CO,18151
0.240000,0.300000,0.030000,0.190000,0.100000,72.629997,7.350000,-0.160000,263.660004,51.139999,57916.781250,34.69,95.81,2.500000,CO,18152
0.240000,0.300000,0.030000,0.170000,0.100000,72.650002,8.140000,0.270000,262.589996,56.020000,57110.601562,34.71,95.97,2.500000,CO,18153
0.240000,0.300000,0.030000,0.160000,0.100000,72.709999,8.910000,0.420000,262.480011,57.340000,57005.339844,34.72,96.14,2.500000,CO,18154
0.240000,0.300000,0.030000,0.140000,0.100000,72.820000,9.120000,-0.100000,262.410004,58.310001,56947.878906,34.73,96.3,2.500000,CO,18155
0.240000,0.300000,0.030000,0.130000,0.100000,73.019997,9.200000,-0.680000,262.660004,58.650002,57188.160156,34.74,96.47,2.500000,CO,18156
0.240000,0.300000,0.030000,0.130000,0.100000,73.000000,9.000000,-1.060000,263.350006,57.080002,57834.281250,34.75,96.63,2.500000,CO,18157
0.240000,0.300000,0.030000,0.130000,0.100000,72.720001,8.670000,-1.350000,263.720001,55.799999,58259.429688,34.76,96.8,2.500000,CO,18158
0.240000,0.300000,0.030000,0.130000,0.100000,72.320000,8.610000,-1.390000,263.779999,55.610001,58463.390625,34.77,96.96,2.500000,CO,18159
0.240000,0.300000,0.030000,0.130000,0.100000,71.699997,8.390000,-1.450000,264.130005,54.259998,58869.250000,34.78,97.13,2.500000,CO,18160
0.240000,0.290000,0.030000,0.130000,0.100000,70.949997,7.780000,-1.620000,264.459991,53.709999,59469.980469,34.79,97.29,2.500000,CO,18161
0.230000,0.290000,0.030000,0.130000,0.100000,70.220001,7.140000,-1.570000,264.489990,54.130001,59789.871094,34.8,97.46,2.500000,CO,18162
0.230000,0.280000,0.020000,0.130000,0.100000,68.379997,6.570000,-1.060000,262.910004,62.160000,59825.148438,34.81,97.62,2.500000,CO,18163
0.230000,0.280000,0.020000,0.140000,0.100000,68.589996,6.290000,-1.040000,262.980011,61.930000,59761.691406,34.82,97.79,2.500000,CO,18164
0.240000,0.290000,0.030000,0.180000,0.100000,68.400002,6.190000,-1.310000,263.200012,60.730000,59822.468750,34.83,97.95,2.500000,CO,18165
0.280000,0.330000,0.040000,0.280000,0.110000,68.099998,5.980000,-1.630000,263.089996,60.290001,59997.820312,34.84,98.12,2.750000,CO,18166
0.270000,0.320000,0.040000,0.300000,0.110000,67.800003,5.860000,-1.600000,262.820007,60.110001,59933.328125,34.85,98.29,2.750000,CO,18167
0.270000,0.320000,0.040000,0.320000,0.110000,67.410004,5.190000,-1.000000,262.420013,61.279999,59905.539062,34.85,98.45,2.750000,CO,18168
0.270000,0.320000,0.040000,0.310000,0.110000,67.370003,3.850000,-0.580000,261.549988,64.580002,59452.039062,34.86,98.62,2.750000,CO,18169
0.280000,0.330000,0.040000,0.350000,0.100000,67.410004,3.760000,-0.080000,260.239990,70.650002,58226.871094,34.87,98.78,2.500000,CO,18170
0.280000,0.340000,0.040000,0.350000,0.100000,66.959999,5.870000,0.430000,259.220001,75.900002,57036.421875,34.88,98.95,2.500000,CO,18171
0.290000,0.340000,0.040000,0.350000,0.100000,66.139999,7.610000,1.080000,259.859985,74.290001,57380.730469,34.89,99.11,2.500000,CO,18172
0.290000,0.340000,0.040000,0.330000,0.100000,66.330002,7.540000,1.320000,260.899994,70.510002,58130.988281,34.89,99.28,2.500000,CO,18173
0.290000,0.350000,0.040000,0.340000,0.100000,65.820000,8.660000,0.260000,259.529999,74.209999,56759.949219,34.9,99.44,2.500000,CO,18174
0.290000,0.370000,0.040000,0.330000,0.100000,65.900002,9.820000,-1.750000,260.299988,70.230003,57115.328125,34.91,99.61,2.500000,CO,18175
0.300000,0.410000,0.040000,0.290000,0.110000,65.099998,7.050000,-2.400000,263.450012,58.139999,59785.218750,34.91,99.77,2.750000,CO,18176
0.330000,0.580000,0.050000,0.290000,0.110000,63.759998,4.340000,-1.530000,263.679993,56.389999,60782.109375,34.92,99.94,2.750000,CO,18177
0.380000,0.690000,0.070000,0.340000,0.120000,61.990002,3.300000,-0.630000,265.149994,50.779999,62735.660156,34.93,100.11,3.000000,CO,18178
0.540000,0.880000,0.110000,0.380000,0.120000,61.130001,1.210000,-1.310000,266.920013,40.299999,65310.140625,34.93,100.27,3.000000,CO,18179
0.560000,0.700000,0.110000,0.390000,0.110000,61.529999,0.760000,-1.260000,265.239990,44.320000,63898.250000,34.94,100.44,2.750000,CO,18180
0.650000,0.780000,0.140000,0.510000,0.110000,61.599998,2.530000,-1.460000,263.429993,48.000000,61906.851562,34.95,100.6,2.750000,CO,18181
0.760000,0.890000,0.160000,0.640000,0.110000,62.000000,3.450000,-1.700000,263.670013,44.990002,62132.328125,34.95,100.77,2.750000,CO,18182
0.850000,0.990000,0.180000,0.690000,0.110000,61.689999,3.510000,-1.990000,263.839996,42.880001,62457.648438,34.96,100.93,2.750000,CO,18183
0.920000,1.060000,0.190000,0.600000,0.110000,61.139999,3.710000,-2.050000,264.420013,40.779999,63139.269531,34.96,101.1,2.750000,CO,18184
1.210000,1.380000,0.270000,0.700000,0.120000,60.360001,2.860000,-1.890000,264.950012,41.009998,64243.820312,34.97,101.27,3.000000,CO,18185
1.640000,1.850000,0.390000,0.820000,0.120000,59.470001,1.490000,-1.780000,264.589996,45.779999,64714.011719,34.97,101.43,3.000000,CO,18186
2.090000,2.290000,0.480000,0.900000,0.130000,59.360001,0.850000,-0.760000,264.609985,48.400002,64965.750000,34.98,101.6,3.250000,CO,18187
2.810000,3.070000,0.610000,1.030000,0.140000,59.680000,0.890000,0.470000,263.899994,52.270000,64585.949219,34.98,101.76,4.014286,PM2.5,18188
3.880000,4.260000,0.810000,1.220000,0.160000,59.869999,2.310000,0.480000,263.420013,50.169998,63770.570312,34.98,101.93,5.542857,PM2.5,18189
5.220000,6.050000,1.010000,1.410000,0.190000,60.389999,3.390000,-0.600000,263.760010,45.099998,63727.519531,34.99,102.1,7.457142,PM2.5,18190
0.360000,0.490000,0.040000,0.090000,0.100000,75.910004,13.790000,2.930000,259.380005,53.389999,53383.070312,34.27,89.89,2.500000,CO,18369
0.350000,0.480000,0.040000,0.080000,0.100000,75.300003,14.560000,3.860000,258.790009,54.160000,52857.750000,34.29,90.05,2.500000,CO,18370
0.340000,0.470000,0.040000,0.080000,0.100000,76.099998,15.430000,4.100000,258.380005,55.290001,52488.941406,34.31,90.21,2.500000,CO,18371
0.340000,0.470000,0.040000,0.080000,0.100000,76.709999,16.059999,3.590000,258.380005,55.209999,52439.199219,34.33,90.38,2.500000,CO,18372
0.330000,0.460000,0.040000,0.080000,0.100000,77.040001,16.280001,3.070000,258.850006,53.509998,52733.828125,34.35,90.54,2.500000,CO,18373
0.330000,0.450000,0.040000,0.080000,0.100000,77.489998,15.190000,2.010000,260.649994,46.919998,53978.281250,34.36,90.7,2.500000,CO,18374
0.320000,0.450000,0.040000,0.080000,0.100000,77.510002,13.930000,1.310000,262.579987,41.299999,55338.480469,34.38,90.87,2.500000,CO,18375
0.320000,0.420000,0.030000,0.080000,0.100000,76.449997,14.070000,1.230000,262.609985,40.900002,55707.378906,34.4,91.03,2.500000,CO,18376
0.310000,0.430000,0.040000,0.080000,0.100000,77.470001,14.100000,1.230000,262.720001,40.430000,55607.160156,34.42,91.19,2.500000,CO,18377
0.310000,0.430000,0.040000,0.080000,0.100000,77.650002,13.690000,1.180000,263.260010,38.860001,55909.929688,34.44,91.36,2.500000,CO,18378
0.310000,0.420000,0.040000,0.090000,0.100000,77.459999,13.770000,0.940000,263.440002,38.110001,56051.929688,34.45,91.52,2.500000,CO,18379
0.300000,0.420000,0.040000,0.080000,0.100000,77.870003,13.610000,0.600000,263.269989,38.250000,55867.300781,34.47,91.68,2.500000,CO,18380
0.300000,0.410000,0.030000,0.080000,0.100000,78.000000,13.070000,0.400000,263.649994,37.020000,56119.589844,34.49,91.85,2.500000,CO,18381
0.300000,0.410000,0.030000,0.080000,0.100000,77.279999,12.780000,0.360000,263.869995,36.270000,56278.339844,34.5,92.01,2.500000,CO,18382
0.290000,0.400000,0.030000,0.080000,0.100000,76.919998,12.670000,0.350000,263.670013,36.580002,56116.550781,34.52,92.18,2.500000,CO,18383
0.290000,0.390000,0.030000,0.080000,0.100000,75.510002,12.800000,0.230000,263.429993,36.889999,55917.328125,34.54,92.34,2.500000,CO,18384
0.290000,0.390000,0.030000,0.090000,0.100000,74.150002,13.000000,0.130000,263.640015,35.980000,56106.839844,34.55,92.5,2.500000,CO,18385
0.280000,0.380000,0.030000,0.100000,0.100000,74.629997,12.510000,0.150000,264.029999,35.060001,56408.730469,34.57,92.67,2.500000,CO,18386
0.280000,0.380000,0.030000,0.110000,0.100000,74.589996,12.270000,0.200000,263.190002,36.779999,55774.910156,34.58,92.83,2.500000,CO,18387
0.280000,0.370000,0.030000,0.110000,0.100000,74.110001,12.840000,0.160000,262.100006,39.099998,54918.480469,34.6,93.0,2.500000,CO,18388
0.270000,0.370000,0.030000,0.100000,0.100000,73.739998,12.780000,0.230000,262.850006,37.320000,55424.050781,34.61,93.16,2.500000,CO,18389
0.270000,0.360000,0.030000,0.100000,0.100000,74.669998,12.070000,0.300000,264.820007,33.330002,56946.839844,34.63,93.32,2.500000,CO,18390
0.270000,0.360000,0.030000,0.100000,0.100000,75.050003,11.640000,-0.010000,266.109985,31.160000,58034.968750,34.64,93.49,2.500000,CO,18391
0.270000,0.360000,0.030000,0.100000,0.100000,75.290001,11.590000,-0.720000,266.709991,30.330000,58577.250000,34.66,93.65,2.500000,CO,18392
0.270000,0.360000,0.030000,0.100000,0.100000,74.940002,11.760000,-1.490000,266.890015,30.250000,58853.609375,34.67,93.82,2.500000,CO,18393
0.270000,0.350000,0.030000,0.100000,0.100000,74.949997,12.170000,-1.640000,266.440002,31.510000,58618.828125,34.69,93.98,2.500000,CO,18394
0.270000,0.350000,0.030000,0.100000,0.100000,74.930000,12.580000,-1.310000,265.549988,33.730000,58021.949219,34.7,94.15,2.500000,CO,18395
0.270000,0.340000,0.030000,0.100000,0.100000,75.269997,12.200000,-1.190000,265.589996,34.130001,58072.281250,34.71,94.31,2.500000,CO,18396
0.260000,0.340000,0.030000,0.100000,0.100000,74.970001,11.060000,-1.500000,266.269989,33.709999,58733.988281,34.73,94.48,2.500000,CO,18397
0.260000,0.330000,0.030000,0.110000,0.100000,74.459999,10.320000,-1.610000,265.910004,35.810001,58729.031250,34.74,94.64,2.500000,CO,18398
0.260000,0.330000,0.030000,0.120000,0.100000,73.900002,9.600000,-1.650000,265.799988,37.250000,58932.390625,34.75,94.81,2.500000,CO,18399
0.260000,0.330000,0.030000,0.150000,0.100000,73.089996,8.050000,-1.710000,265.619995,39.200001,59281.640625,34.77,94.97,2.500000,CO,18400
0.260000,0.330000,0.030000,0.170000,0.100000,72.449997,7.740000,-1.490000,263.570007,45.619999,57712.429688,34.78,95.13,2.500000,CO,18401
0.260000,0.320000,0.030000,0.180000,0.100000,71.959999,9.560000,-1.190000,261.489990,52.349998,55961.351562,34.79,95.3,2.500000,CO,18402
0.250000,0.320000,0.030000,0.170000,0.100000,72.419998,10.040000,-1.030000,262.489990,49.580002,56517.179688,34.81,95.46,2.500000,CO,18403
0.250000,0.310000,0.030000,0.170000,0.100000,72.029999,8.530000,-1.130000,263.480011,48.400002,57487.539062,34.82,95.63,2.500000,CO,18404
0.250000,0.310000,0.030000,0.160000,0.100000,72.010002,8.050000,-0.740000,262.459991,54.790001,56939.691406,34.83,95.79,2.500000,CO,18405
0.250000,0.310000,0.030000,0.150000,0.100000,72.440002,8.810000,-0.360000,261.859985,58.910000,56489.910156,34.84,95.96,2.500000,CO,18406
0.250000,0.310000,0.030000,0.140000,0.100000,72.599998,8.930000,-0.470000,262.420013,59.669998,57071.488281,34.85,96.12,2.500000,CO,18407
0.250000,0.310000,0.030000,0.130000,0.100000,72.540001,8.610000,-0.670000,262.890015,60.099998,57640.171875,34.86,96.29,2.500000,CO,18408
0.250000,0.310000,0.030000,0.130000,0.100000,72.370003,8.710000,-0.910000,263.089996,59.610001,57906.898438,34.87,96.46,2.500000,CO,18409
0.250000,0.300000,0.030000,0.130000,0.100000,71.949997,8.660000,-1.190000,263.730011,56.779999,58488.050781,34.89,96.62,2.500000,CO,18410
0.250000,0.300000,0.030000,0.130000,0.100000,71.470001,8.270000,-1.310000,264.070007,55.720001,58969.199219,34.9,96.79,2.500000,CO,18411
0.250000,0.300000,0.030000,0.130000,0.100000,71.029999,8.070000,-1.330000,264.130005,55.860001,59137.398438,34.91,96.95,2.500000,CO,18412
0.250000,0.300000,0.030000,0.130000,0.100000,69.639999,7.860000,-1.420000,263.769989,58.590000,59506.160156,34.92,97.12,2.500000,CO,18413
0.240000,0.290000,0.030000,0.130000,0.100000,68.760002,7.550000,-1.530000,263.200012,62.049999,59673.910156,34.93,97.28,2.500000,CO,18414
0.240000,0.290000,0.020000,0.130000,0.100000,67.849998,7.260000,-1.510000,262.690002,64.459999,59707.078125,34.94,97.45,2.500000,CO,18415
0.240000,0.290000,0.020000,0.140000,0.100000,67.169998,6.720000,-1.260000,262.429993,65.739998,59913.910156,34.95,97.61,2.500000,CO,18416
0.250000,0.290000,0.020000,0.150000,0.100000,66.690002,6.250000,-0.990000,261.619995,68.989998,59967.019531,34.96,97.78,2.500000,CO,18417
0.250000,0.300000,0.030000,0.180000,0.100000,67.459999,5.830000,-1.000000,262.290009,63.990002,60043.261719,34.96,97.94,2.500000,CO,18418
0.270000,0.320000,0.040000,0.250000,0.100000,67.400002,5.620000,-1.330000,262.079987,63.230000,59739.281250,34.97,98.11,2.500000,CO,18419
0.270000,0.320000,0.040000,0.260000,0.100000,67.099998,6.240000,-1.360000,261.649994,64.309998,59057.179688,34.98,98.27,2.500000,CO,18420
0.270000,0.320000,0.040000,0.280000,0.110000,66.449997,6.050000,-0.670000,261.850006,63.610001,59231.179688,34.99,98.44,2.750000,CO,18421
0.270000,0.320000,0.040000,0.330000,0.110000,65.820000,4.980000,0.350000,261.220001,67.809998,59070.148438,35.0,98.61,2.750000,CO,18422
0.290000,0.340000,0.040000,0.410000,0.110000,65.510002,5.150000,1.520000,260.010010,75.269997,58228.359375,35.01,98.77,2.750000,CO,18423
0.290000,0.340000,0.040000,0.420000,0.110000,65.519997,6.660000,1.400000,259.910004,76.980003,57723.480469,35.01,98.94,2.750000,CO,18424
0.290000,0.340000,0.040000,0.400000,0.110000,64.730003,7.530000,0.940000,260.940002,72.839996,58457.421875,35.02,99.1,2.750000,CO,18425
0.290000,0.340000,0.040000,0.360000,0.110000,64.279999,6.360000,0.870000,262.589996,66.540001,60079.089844,35.03,99.27,2.750000,CO,18426
0.300000,0.350000,0.040000,0.330000,0.100000,64.220001,6.060000,1.030000,262.040009,67.430000,59775.480469,35.04,99.43,2.500000,CO,18427
0.300000,0.360000,0.040000,0.310000,0.100000,64.360001,7.110000,-0.100000,261.829987,66.480003,59373.730469,35.04,99.6,2.500000,CO,18428
0.320000,0.390000,0.040000,0.300000,0.110000,63.750000,6.000000,-1.410000,263.109985,59.570000,60646.558594,35.05,99.77,2.750000,CO,18429
0.360000,0.450000,0.050000,0.300000,0.110000,62.480000,4.530000,-0.480000,263.510010,55.930000,61367.871094,35.06,99.93,2.750000,CO,18430
0.500000,0.610000,0.090000,0.330000,0.110000,59.750000,3.390000,-0.730000,265.649994,45.500000,63773.988281,35.06,100.1,2.750000,CO,18431
0.740000,0.880000,0.150000,0.500000,0.110000,59.869999,1.530000,-1.480000,268.029999,37.470001,67039.382812,35.07,100.26,2.750000,CO,18432
0.900000,1.050000,0.200000,0.650000,0.120000,60.610001,1.150000,-0.140000,266.959991,40.060001,66126.632812,35.08,100.43,3.000000,CO,18433
1.170000,1.370000,0.320000,0.960000,0.120000,60.959999,1.900000,0.550000,265.790009,41.060001,64940.300781,35.08,100.6,3.000000,CO,18434
1.210000,1.410000,0.290000,0.850000,0.120000,61.250000,1.960000,0.310000,265.609985,39.419998,64893.910156,35.09,100.76,3.000000,CO,18435
1.280000,1.480000,0.290000,0.840000,0.120000,61.009998,2.100000,-0.150000,264.489990,40.709999,63890.179688,35.09,100.93,3.000000,CO,18436
1.240000,1.420000,0.270000,0.770000,0.120000,60.500000,2.900000,-1.220000,263.950012,41.750000,63503.878906,35.1,101.09,3.000000,CO,18437
1.600000,1.810000,0.390000,0.890000,0.120000,59.730000,2.660000,-1.890000,264.000000,43.400002,63875.410156,35.1,101.26,3.000000,CO,18438
2.030000,2.240000,0.500000,1.000000,0.130000,58.970001,2.380000,-1.930000,263.559998,46.770000,63578.531250,35.11,101.43,3.250000,CO,18439
2.510000,2.680000,0.570000,1.040000,0.130000,58.200001,2.710000,-1.610000,263.250000,47.740002,62917.718750,35.11,101.59,3.585714,PM2.5,18440
3.610000,3.730000,0.820000,1.250000,0.150000,57.540001,2.070000,-0.520000,264.079987,46.990002,64430.078125,35.12,101.76,5.157143,PM2.5,18441
4.920000,4.970000,1.130000,1.480000,0.170000,58.380001,1.810000,0.320000,264.589996,46.169998,65655.140625,35.12,101.92,7.028572,PM2.5,18442
6.230000,6.570000,1.370000,1.640000,0.190000,59.139999,2.600000,-0.400000,263.679993,47.820000,64492.648438,35.12,102.09,8.900000,PM2.5,18443
8.760000,10.470000,1.760000,2.270000,0.260000,60.040001,2.350000,-1.020000,264.619995,44.810001,65576.117188,35.13,102.26,12.514286,PM2.5,18444
0.370000,0.500000,0.040000,0.090000,0.100000,75.209999,13.890000,2.760000,257.910004,63.230000,52572.011719,34.4,89.86,2.500000,CO,18621
0.360000,0.490000,0.040000,0.090000,0.100000,75.300003,14.510000,3.440000,258.130005,61.130001,52612.328125,34.42,90.03,2.500000,CO,18622
0.360000,0.480000,0.040000,0.090000,0.100000,75.519997,14.700000,3.540000,258.760010,58.099998,53004.578125,34.44,90.19,2.500000,CO,18623
0.350000,0.480000,0.040000,0.080000,0.100000,76.410004,14.350000,2.910000,259.140015,55.889999,53178.960938,34.46,90.35,2.500000,CO,18624
0.340000,0.470000,0.040000,0.080000,0.100000,76.720001,13.850000,2.250000,260.230011,51.099998,53883.671875,34.48,90.52,2.500000,CO,18625
0.340000,0.460000,0.040000,0.080000,0.100000,76.790001,13.290000,1.320000,261.649994,45.750000,54902.140625,34.5,90.68,2.500000,CO,18626
0.330000,0.460000,0.040000,0.080000,0.100000,77.019997,13.080000,0.600000,262.160004,43.639999,55265.718750,34.52,90.85,2.500000,CO,18627
0.330000,0.450000,0.040000,0.080000,0.100000,76.849998,13.870000,0.580000,261.589996,45.150002,54885.640625,34.53,91.01,2.500000,CO,18628
0.330000,0.440000,0.040000,0.080000,0.100000,77.010002,14.760000,0.930000,261.369995,45.340000,54700.750000,34.55,91.17,2.500000,CO,18629
0.320000,0.440000,0.040000,0.080000,0.100000,77.070000,14.590000,1.160000,261.859985,43.560001,55047.679688,34.57,91.34,2.500000,CO,18630
0.320000,0.430000,0.040000,0.080000,0.100000,77.430000,13.650000,1.130000,262.399994,41.889999,55411.179688,34.59,91.5,2.500000,CO,18631
0.320000,0.430000,0.040000,0.080000,0.100000,77.570000,13.000000,0.850000,262.609985,41.080002,55544.910156,34.6,91.66,2.500000,CO,18632
0.310000,0.420000,0.040000,0.080000,0.100000,77.709999,13.000000,0.520000,262.899994,40.049999,55727.179688,34.62,91.83,2.500000,CO,18633
0.310000,0.420000,0.040000,0.080000,0.100000,76.589996,13.350000,0.400000,263.390015,38.410000,56109.890625,34.64,91.99,2.500000,CO,18634
0.310000,0.410000,0.040000,0.080000,0.100000,74.849998,13.690000,0.290000,263.649994,37.619999,56323.191406,34.65,92.16,2.500000,CO,18635
0.300000,0.400000,0.040000,0.080000,0.100000,74.050003,13.730000,0.090000,263.309998,38.299999,56087.421875,34.67,92.32,2.500000,CO,18636
0.300000,0.400000,0.040000,0.080000,0.100000,74.110001,13.150000,0.090000,262.989990,38.820000,55805.648438,34.69,92.48,2.500000,CO,18637
0.300000,0.400000,0.040000,0.090000,0.100000,73.690002,12.350000,0.310000,263.079987,38.259998,55844.039062,34.7,92.65,2.500000,CO,18638
0.290000,0.390000,0.040000,0.110000,0.100000,73.419998,12.270000,0.400000,262.829987,38.740002,55640.398438,34.72,92.81,2.500000,CO,18639
0.290000,0.390000,0.040000,0.110000,0.100000,73.260002,12.570000,0.090000,262.679993,38.959999,55496.828125,34.73,92.98,2.500000,CO,18640
0.290000,0.380000,0.030000,0.100000,0.100000,72.919998,12.510000,-0.490000,264.089996,35.630001,56539.441406,34.75,93.14,2.500000,CO,18641
0.290000,0.380000,0.030000,0.110000,0.100000,72.959999,12.230000,-1.070000,265.839996,31.969999,58001.718750,34.76,93.31,2.500000,CO,18642
0.280000,0.380000,0.030000,0.100000,0.100000,73.459999,11.790000,-1.240000,266.720001,30.879999,58763.250000,34.78,93.47,2.500000,CO,18643
0.290000,0.370000,0.030000,0.100000,0.100000,73.529999,11.640000,-1.550000,266.820007,31.219999,58976.910156,34.79,93.64,2.500000,CO,18644
0.280000,0.370000,0.030000,0.100000,0.100000,73.779999,11.810000,-1.870000,265.950012,33.529999,58429.328125,34.81,93.8,2.500000,CO,18645
0.280000,0.370000,0.030000,0.100000,0.100000,74.629997,11.970000,-1.700000,264.230011,37.669998,57074.269531,34.82,93.96,2.500000,CO,18646
0.280000,0.360000,0.030000,0.100000,0.100000,74.989998,12.120000,-1.380000,263.630005,39.290001,56577.171875,34.84,94.13,2.500000,CO,18647
0.280000,0.360000,0.030000,0.100000,0.100000,74.820000,11.600000,-1.310000,264.820007,36.910000,57535.878906,34.85,94.29,2.500000,CO,18648
0.270000,0.350000,0.030000,0.120000,0.100000,74.250000,10.620000,-1.600000,265.470001,36.320000,58224.968750,34.86,94.46,2.500000,CO,18649
0.270000,0.350000,0.030000,0.140000,0.100000,73.480003,9.970000,-1.740000,264.940002,39.220001,58076.890625,34.88,94.62,2.500000,CO,18650
0.270000,0.340000,0.030000,0.170000,0.100000,72.610001,8.920000,-1.800000,264.859985,41.529999,58390.769531,34.89,94.79,2.500000,CO,18651
0.270000,0.340000,0.030000,0.200000,0.100000,71.820000,7.170000,-1.830000,264.570007,44.410000,58734.238281,34.9,94.95,2.500000,CO,18652
0.260000,0.330000,0.030000,0.190000,0.100000,71.300003,7.010000,-0.950000,262.679993,50.959999,57374.539062,34.92,95.12,2.500000,CO,18653
0.260000,0.330000,0.030000,0.170000,0.100000,71.389999,8.600000,-0.700000,261.589996,54.369999,56230.371094,34.93,95.28,2.500000,CO,18654
0.260000,0.320000,0.030000,0.160000,0.100000,71.370003,8.700000,-1.360000,262.510010,52.520000,56876.921875,34.94,95.45,2.500000,CO,18655
0.250000,0.320000,0.030000,0.150000,0.100000,71.309998,7.810000,-1.500000,262.470001,55.669998,57126.480469,34.95,95.61,2.500000,CO,18656
0.250000,0.320000,0.030000,0.140000,0.100000,71.610001,8.210000,-0.760000,261.739990,60.750000,56685.300781,34.96,95.78,2.500000,CO,18657
0.250000,0.320000,0.030000,0.130000,0.100000,72.070000,8.950000,-0.580000,261.970001,61.270000,56853.031250,34.98,95.95,2.500000,CO,18658
0.260000,0.320000,0.030000,0.130000,0.100000,71.989998,8.970000,-0.890000,262.519989,60.490002,57385.070312,34.99,96.11,2.500000,CO,18659
0.250000,0.310000,0.030000,0.120000,0.100000,71.739998,8.620000,-0.860000,263.100006,58.919998,58001.988281,35.0,96.28,2.500000,CO,18660
0.260000,0.310000,0.030000,0.120000,0.100000,71.330002,8.170000,-0.860000,263.690002,56.939999,58608.359375,35.01,96.44,2.500000,CO,18661
0.260000,0.310000,0.030000,0.120000,0.100000,70.769997,7.560000,-1.250000,264.239990,55.900002,59262.968750,35.02,96.61,2.500000,CO,18662
0.260000,0.310000,0.030000,0.120000,0.100000,70.279999,7.110000,-1.460000,264.000000,57.740002,59329.730469,35.03,96.77,2.500000,CO,18663
0.260000,0.310000,0.030000,0.120000,0.100000,69.980003,7.110000,-1.490000,263.350006,60.900002,58937.980469,35.04,96.94,2.500000,CO,18664
0.260000,0.310000,0.030000,0.120000,0.100000,69.839996,7.150000,-1.660000,263.029999,61.970001,58756.531250,35.05,97.1,2.500000,CO,18665
0.260000,0.310000,0.030000,0.120000,0.100000,69.820000,7.220000,-1.750000,262.739990,62.419998,58545.039062,35.06,97.27,2.500000,CO,18666
0.250000,0.310000,0.030000,0.120000,0.100000,69.580002,7.220000,-1.750000,262.950012,61.369999,58747.300781,35.07,97.44,2.500000,CO,18667
0.260000,0.310000,0.030000,0.150000,0.100000,69.129997,6.990000,-1.900000,263.309998,60.099998,59177.058594,35.08,97.6,2.500000,CO,18668
0.260000,0.310000,0.030000,0.180000,0.100000,68.660004,6.570000,-1.700000,263.459991,59.139999,59530.621094,35.09,97.77,2.500000,CO,18669
0.260000,0.310000,0.030000,0.200000,0.100000,68.089996,6.050000,-1.470000,262.959991,59.790001,59496.089844,35.1,97.93,2.500000,CO,18670
0.260000,0.310000,0.030000,0.200000,0.100000,67.529999,6.200000,-1.150000,261.809998,63.299999,58798.550781,35.11,98.1,2.500000,CO,18671
0.260000,0.310000,0.030000,0.210000,0.100000,66.989998,6.750000,-0.530000,261.500000,65.580002,58542.339844,35.12,98.26,2.500000,CO,18672
0.260000,0.310000,0.030000,0.230000,0.100000,66.150002,6.190000,-0.210000,262.200012,64.199997,59283.980469,35.13,98.43,2.500000,CO,18673
0.280000,0.320000,0.030000,0.310000,0.100000,64.900002,5.130000,0.430000,262.000000,66.389999,59737.000000,35.13,98.6,2.500000,CO,18674
0.300000,0.350000,0.040000,0.430000,0.110000,64.209999,4.890000,1.680000,261.630005,69.480003,59784.390625,35.14,98.76,2.750000,CO,18675
0.310000,0.360000,0.050000,0.480000,0.110000,63.790001,5.240000,1.490000,261.429993,71.610001,59677.039062,35.15,98.93,2.750000,CO,18676
0.310000,0.360000,0.040000,0.440000,0.110000,63.650002,5.890000,0.310000,261.299988,70.639999,59550.140625,35.16,99.09,2.750000,CO,18677
0.320000,0.370000,0.040000,0.370000,0.110000,63.470001,5.770000,-0.500000,262.190002,65.150002,60515.140625,35.17,99.26,2.750000,CO,18678
0.340000,0.390000,0.050000,0.350000,0.110000,63.060001,5.760000,-0.290000,262.850006,60.720001,61374.351562,35.17,99.43,2.750000,CO,18679
0.360000,0.420000,0.050000,0.330000,0.110000,62.590000,5.950000,-0.410000,263.380005,56.110001,61755.070312,35.18,99.59,2.750000,CO,18680
0.400000,0.470000,0.060000,0.330000,0.110000,61.480000,4.480000,-0.390000,264.399994,52.680000,63124.148438,35.19,99.76,2.750000,CO,18681
0.500000,0.580000,0.080000,0.350000,0.110000,60.900002,3.500000,0.350000,265.269989,47.209999,64307.039062,35.19,99.92,2.750000,CO,18682
0.770000,0.880000,0.140000,0.430000,0.110000,58.389999,3.310000,-0.900000,267.109985,39.570000,66255.273438,35.2,100.09,2.750000,CO,18683
1.090000,1.240000,0.220000,0.620000,0.120000,58.630001,1.750000,-1.170000,269.130005,34.820000,68920.742188,35.21,100.26,3.000000,CO,18684
1.320000,1.500000,0.280000,0.760000,0.120000,59.720001,0.320000,0.080000,268.519989,36.150002,68470.156250,35.21,100.42,3.000000,CO,18685
1.580000,1.820000,0.400000,1.060000,0.120000,59.950001,0.130000,0.490000,267.290009,37.610001,67344.773438,35.22,100.59,3.000000,CO,18686
1.570000,1.800000,0.360000,0.930000,0.120000,60.029999,0.200000,0.390000,266.820007,37.540001,67199.226562,35.22,100.76,3.000000,CO,18687
1.540000,1.760000,0.350000,0.900000,0.120000,60.130001,0.490000,1.080000,265.989990,38.090000,66299.210938,35.23,100.92,3.000000,CO,18688
1.430000,1.620000,0.320000,0.800000,0.120000,60.310001,1.470000,0.140000,264.489990,41.119999,64598.289062,35.23,101.09,3.000000,CO,18689
1.790000,2.000000,0.430000,0.910000,0.120000,59.860001,2.160000,-1.250000,263.329987,44.900002,63395.250000,35.24,101.25,3.000000,CO,18690
2.290000,2.480000,0.540000,1.020000,0.130000,59.160000,2.680000,-1.420000,262.540009,48.939999,62636.449219,35.24,101.42,3.271429,PM2.5,18691
3.080000,3.190000,0.680000,1.080000,0.140000,58.049999,3.720000,-1.300000,262.209991,47.340000,61927.589844,35.25,101.59,4.400000,PM2.5,18692
4.850000,4.850000,1.100000,1.390000,0.180000,56.880001,2.700000,-1.510000,264.649994,40.389999,64753.980469,35.25,101.75,6.928571,PM2.5,18693
6.850000,6.710000,1.540000,1.780000,0.230000,57.610001,0.610000,-0.980000,265.480011,41.270000,66922.031250,35.26,101.92,9.785714,PM2.5,18694
8.050000,7.870000,1.780000,1.910000,0.240000,58.180000,1.700000,-0.720000,263.339996,47.099998,64538.890625,35.26,102.09,11.500000,PM2.5,18695
10.680000,12.250000,2.170000,2.650000,0.300000,59.349998,3.130000,-1.570000,263.859985,45.259998,65020.421875,35.26,102.25,15.257143,PM2.5,18696
0.390000,0.520000,0.040000,0.090000,0.100000,75.010002,14.140000,2.790000,257.529999,68.930000,52517.269531,34.54,89.84,2.500000,CO,18870
0.380000,0.510000,0.040000,0.090000,0.100000,75.209999,13.430000,2.800000,258.700012,63.049999,53215.250000,34.56,90.0,2.500000,CO,18871
0.370000,0.500000,0.040000,0.090000,0.100000,75.019997,13.060000,2.680000,259.769989,58.130001,53967.898438,34.58,90.17,2.500000,CO,18872
0.370000,0.500000,0.040000,0.090000,0.100000,75.809998,13.160000,2.060000,260.429993,54.400002,54336.031250,34.6,90.33,2.500000,CO,18873
0.360000,0.490000,0.040000,0.090000,0.100000,75.699997,13.110000,1.350000,261.440002,50.180000,55052.511719,34.62,90.5,2.500000,CO,18874
0.350000,0.480000,0.040000,0.090000,0.100000,75.800003,12.980000,0.690000,261.970001,48.320000,55462.410156,34.63,90.66,2.500000,CO,18875
0.350000,0.470000,0.040000,0.090000,0.100000,75.900002,13.140000,0.340000,260.989990,50.889999,54737.949219,34.65,90.82,2.500000,CO,18876
0.350000,0.470000,0.040000,0.090000,0.100000,76.129997,14.130000,0.220000,259.480011,55.150002,53537.640625,34.67,90.99,2.500000,CO,18877
0.340000,0.460000,0.040000,0.090000,0.100000,76.349998,14.730000,0.380000,259.160004,56.220001,53262.148438,34.69,91.15,2.500000,CO,18878
0.340000,0.460000,0.040000,0.080000,0.100000,76.820000,13.960000,0.710000,260.209991,52.880001,54004.648438,34.71,91.31,2.500000,CO,18879
0.330000,0.450000,0.040000,0.090000,0.100000,76.589996,13.340000,0.900000,261.410004,48.349998,54908.101562,34.72,91.48,2.500000,CO,18880
0.330000,0.440000,0.040000,0.090000,0.100000,76.610001,13.480000,0.760000,262.040009,45.770000,55376.800781,34.74,91.64,2.500000,CO,18881
0.330000,0.440000,0.040000,0.090000,0.100000,76.669998,13.700000,0.330000,262.149994,44.959999,55441.628906,34.76,91.81,2.500000,CO,18882
0.320000,0.430000,0.040000,0.090000,0.100000,75.320000,13.830000,-0.010000,262.320007,44.099998,55556.230469,34.77,91.97,2.500000,CO,18883
0.320000,0.420000,0.040000,0.080000,0.100000,74.839996,13.930000,-0.080000,262.410004,43.590000,55625.531250,34.79,92.14,2.500000,CO,18884
0.320000,0.420000,0.040000,0.080000,0.100000,74.519997,14.090000,-0.080000,261.989990,44.279999,55315.988281,34.81,92.3,2.500000,CO,18885
0.310000,0.420000,0.040000,0.080000,0.100000,74.199997,13.550000,0.050000,262.059998,43.730000,55316.449219,34.82,92.46,2.500000,CO,18886
0.310000,0.410000,0.040000,0.090000,0.100000,73.750000,12.630000,0.200000,263.329987,40.009998,56242.871094,34.84,92.63,2.500000,CO,18887
0.310000,0.400000,0.040000,0.110000,0.100000,73.070000,12.640000,0.100000,264.290009,37.349998,57017.218750,34.85,92.79,2.500000,CO,18888
0.300000,0.400000,0.040000,0.120000,0.100000,72.220001,13.120000,-0.380000,264.690002,36.160000,57357.898438,34.87,92.96,2.500000,CO,18889
0.300000,0.400000,0.040000,0.110000,0.100000,71.720001,13.230000,-1.120000,265.239990,34.840000,57809.359375,34.88,93.12,2.500000,CO,18890
0.300000,0.390000,0.040000,0.110000,0.100000,71.699997,13.070000,-1.600000,265.290009,34.849998,57892.648438,34.9,93.29,2.500000,CO,18891
0.300000,0.390000,0.040000,0.110000,0.100000,72.370003,12.910000,-1.640000,265.100006,35.500000,57769.800781,34.91,93.45,2.500000,CO,18892
0.300000,0.380000,0.040000,0.100000,0.100000,72.440002,12.610000,-1.600000,264.769989,36.540001,57558.769531,34.93,93.62,2.500000,CO,18893
0.290000,0.380000,0.030000,0.100000,0.100000,73.239998,12.130000,-1.240000,264.059998,38.540001,56986.820312,34.94,93.78,2.500000,CO,18894
0.290000,0.380000,0.030000,0.100000,0.100000,73.519997,12.110000,-0.980000,263.230011,40.959999,56348.019531,34.96,93.95,2.500000,CO,18895
0.290000,0.370000,0.030000,0.110000,0.100000,74.209999,12.060000,-1.240000,263.320007,41.099998,56437.421875,34.97,94.11,2.500000,CO,18896
0.290000,0.370000,0.030000,0.120000,0.100000,73.669998,10.860000,-1.820000,264.549988,39.119999,57561.429688,34.99,94.28,2.500000,CO,18897
0.290000,0.360000,0.030000,0.140000,0.100000,72.760002,9.080000,-2.060000,264.890015,40.540001,58263.179688,35.0,94.44,2.500000,CO,18898
0.280000,0.360000,0.030000,0.160000,0.100000,71.760002,7.770000,-1.960000,264.279999,45.060001,58259.218750,35.01,94.61,2.500000,CO,18899
0.280000,0.350000,0.030000,0.160000,0.100000,71.209999,6.840000,-1.960000,263.910004,48.590000,58440.261719,35.03,94.77,2.500000,CO,18900
0.280000,0.350000,0.030000,0.170000,0.100000,70.660004,6.590000,-1.750000,263.149994,52.330002,58133.089844,35.04,94.94,2.500000,CO,18901
0.280000,0.340000,0.030000,0.160000,0.100000,70.580002,7.420000,-0.760000,262.380005,55.380001,57423.210938,35.05,95.1,2.500000,CO,18902
0.270000,0.340000,0.030000,0.140000,0.100000,70.629997,8.150000,-0.670000,262.440002,55.630001,57326.968750,35.06,95.27,2.500000,CO,18903
0.270000,0.340000,0.030000,0.130000,0.100000,70.769997,8.030000,-1.120000,262.339996,57.509998,57305.929688,35.08,95.43,2.500000,CO,18904
0.270000,0.330000,0.030000,0.130000,0.100000,70.919998,8.130000,-0.780000,261.760010,61.900002,56949.359375,35.09,95.6,2.500000,CO,18905
0.270000,0.330000,0.030000,0.120000,0.100000,71.269997,8.610000,-0.300000,262.149994,61.259998,57238.320312,35.1,95.77,2.500000,CO,18906
0.270000,0.330000,0.030000,0.120000,0.100000,71.449997,8.640000,-0.630000,262.959991,58.169998,57880.941406,35.11,95.93,2.500000,CO,18907
0.270000,0.330000,0.030000,0.120000,0.100000,71.199997,8.370000,-1.070000,262.950012,57.970001,57961.789062,35.12,96.1,2.500000,CO,18908
0.270000,0.330000,0.030000,0.120000,0.100000,70.669998,7.890000,-1.240000,263.100006,57.500000,58199.320312,35.13,96.26,2.500000,CO,18909
0.270000,0.330000,0.030000,0.120000,0.100000,70.160004,6.920000,-1.360000,263.600006,57.099998,58790.070312,35.15,96.43,2.500000,CO,18910
0.270000,0.330000,0.030000,0.120000,0.100000,69.860001,6.270000,-1.670000,263.309998,59.950001,58831.218750,35.16,96.59,2.500000,CO,18911
0.270000,0.330000,0.030000,0.120000,0.100000,69.680000,6.540000,-1.630000,262.380005,63.939999,58198.781250,35.17,96.76,2.500000,CO,18912
0.270000,0.330000,0.030000,0.110000,0.100000,69.699997,7.040000,-1.470000,261.880005,65.610001,57810.339844,35.18,96.93,2.500000,CO,18913
0.270000,0.330000,0.030000,0.110000,0.100000,69.639999,7.300000,-1.570000,261.640015,66.239998,57681.511719,35.19,97.09,2.500000,CO,18914
0.270000,0.330000,0.030000,0.110000,0.100000,69.400002,7.610000,-1.600000,261.540009,66.379997,57626.019531,35.2,97.26,2.500000,CO,18915
0.270000,0.320000,0.030000,0.110000,0.100000,68.750000,7.780000,-1.780000,261.869995,64.620003,58002.500000,35.21,97.42,2.500000,CO,18916
0.270000,0.320000,0.030000,0.140000,0.100000,68.290001,7.810000,-2.120000,261.529999,65.339996,57883.449219,35.22,97.59,2.500000,CO,18917
0.270000,0.320000,0.030000,0.160000,0.100000,68.449997,7.870000,-1.880000,261.500000,64.199997,57795.359375,35.23,97.76,2.500000,CO,18918
0.270000,0.330000,0.030000,0.180000,0.100000,67.930000,8.200000,-1.750000,261.529999,62.349998,57855.250000,35.24,97.92,2.500000,CO,18919
0.280000,0.320000,0.030000,0.180000,0.100000,67.470001,8.590000,-1.590000,261.500000,62.279999,57900.769531,35.24,98.09,2.500000,CO,18920
0.270000,0.320000,0.030000,0.180000,0.100000,66.809998,7.350000,-0.920000,262.649994,60.709999,59173.699219,35.25,98.25,2.500000,CO,18921
0.280000,0.330000,0.030000,0.200000,0.100000,65.650002,5.110000,-0.860000,262.959991,61.410000,60118.769531,35.26,98.42,2.500000,CO,18922
0.300000,0.350000,0.030000,0.260000,0.100000,63.689999,4.180000,-0.950000,261.649994,65.970001,60253.621094,35.27,98.59,2.500000,CO,18923
0.320000,0.370000,0.040000,0.330000,0.100000,63.320000,3.740000,-0.050000,261.959991,65.089996,60752.148438,35.28,98.75,2.500000,CO,18924
0.330000,0.390000,0.050000,0.390000,0.100000,63.290001,3.100000,0.310000,261.369995,66.589996,60744.050781,35.29,98.92,2.500000,CO,18925
0.360000,0.410000,0.050000,0.420000,0.110000,63.130001,3.960000,-0.240000,260.339996,68.779999,59929.800781,35.29,99.08,2.750000,CO,18926
0.380000,0.450000,0.060000,0.400000,0.110000,62.689999,5.300000,-1.180000,260.470001,66.599998,59870.371094,35.3,99.25,2.750000,CO,18927
0.400000,0.470000,0.060000,0.370000,0.110000,62.529999,6.240000,-1.480000,261.239990,61.349998,60340.851562,35.31,99.42,2.750000,CO,18928
0.410000,0.470000,0.060000,0.330000,0.110000,62.160000,6.560000,-1.690000,262.250000,53.610001,60612.550781,35.32,99.58,2.750000,CO,18929
0.520000,0.600000,0.090000,0.400000,0.110000,60.169998,4.550000,-0.770000,263.970001,48.630001,62546.679688,35.32,99.75,2.750000,CO,18930
0.790000,0.900000,0.160000,0.520000,0.110000,59.639999,2.680000,-0.330000,266.429993,39.459999,65874.906250,35.33,99.92,2.750000,CO,18931
1.290000,1.470000,0.280000,0.740000,0.120000,57.720001,1.780000,-0.840000,268.540009,34.650002,68697.406250,35.34,100.08,3.000000,CO,18932
1.700000,1.930000,0.360000,0.840000,0.120000,59.369999,0.220000,-0.230000,268.760010,34.419998,68958.929688,35.34,100.25,3.000000,CO,18933
1.890000,2.140000,0.400000,0.870000,0.130000,60.709999,-0.410000,0.030000,266.679993,37.320000,66428.203125,35.35,100.42,3.250000,CO,18934
2.110000,2.390000,0.460000,0.900000,0.130000,60.570000,-0.200000,-0.360000,265.279999,40.369999,65371.230469,35.35,100.58,3.250000,CO,18935
2.080000,2.370000,0.470000,0.960000,0.130000,60.450001,0.070000,-0.350000,265.809998,40.910000,66705.742188,35.36,100.75,3.250000,CO,18936
1.890000,2.150000,0.430000,0.950000,0.130000,60.520000,0.290000,0.900000,266.489990,39.270000,67680.039062,35.36,100.92,3.250000,CO,18937
1.690000,1.900000,0.370000,0.830000,0.120000,60.529999,0.540000,1.100000,265.510010,40.040001,66076.859375,35.37,101.08,3.000000,CO,18938
1.780000,1.960000,0.380000,0.770000,0.120000,60.139999,1.690000,-0.150000,263.250000,44.340000,63366.050781,35.37,101.25,3.000000,CO,18939
2.130000,2.270000,0.440000,0.790000,0.120000,59.660000,3.390000,-0.930000,261.709991,49.209999,61730.621094,35.38,101.42,3.042857,PM2.5,18940
3.090000,3.140000,0.630000,0.920000,0.150000,58.660000,4.970000,-1.640000,261.600006,45.650002,61230.800781,35.38,101.58,4.414286,PM2.5,18941
5.710000,5.600000,1.330000,1.410000,0.220000,57.340000,3.340000,-2.270000,264.119995,39.810001,64023.890625,35.39,101.75,8.157143,PM2.5,18942
9.270000,8.930000,2.270000,2.150000,0.330000,57.580002,0.390000,-1.640000,265.000000,42.150002,66838.296875,35.39,101.92,13.242858,PM2.5,18943
10.590000,10.190000,2.390000,2.380000,0.360000,58.110001,1.150000,-0.330000,263.779999,45.500000,65616.640625,35.4,102.08,15.128572,PM2.5,18944
12.000000,13.130000,2.470000,2.820000,0.350000,58.520000,3.200000,-1.450000,263.570007,46.770000,65480.179688,35.4,102.25,17.142857,PM2.5,18945
0.400000,0.530000,0.040000,0.090000,0.100000,74.610001,13.950000,2.720000,258.179993,69.760002,53240.218750,34.67,89.82,2.500000,CO,19115
0.390000,0.520000,0.040000,0.090000,0.100000,74.150002,13.600000,2.430000,259.649994,62.349998,54204.531250,34.69,89.98,2.500000,CO,19116
0.390000,0.510000,0.040000,0.090000,0.100000,74.150002,13.190000,2.190000,260.850006,55.779999,54995.941406,34.71,90.15,2.500000,CO,19117
0.380000,0.510000,0.040000,0.090000,0.100000,75.089996,13.220000,1.740000,261.420013,52.369999,55332.269531,34.73,90.31,2.500000,CO,19118
0.380000,0.510000,0.040000,0.090000,0.100000,74.169998,13.120000,1.110000,261.720001,50.290001,55529.109375,34.75,90.47,2.500000,CO,19119
0.370000,0.510000,0.040000,0.090000,0.100000,73.860001,12.910000,0.730000,261.410004,51.520000,55305.699219,34.77,90.64,2.500000,CO,19120
0.370000,0.490000,0.040000,0.090000,0.100000,74.750000,13.090000,0.780000,260.559998,54.380001,54645.929688,34.79,90.8,2.500000,CO,19121
0.360000,0.480000,0.040000,0.090000,0.100000,75.250000,13.970000,0.620000,259.140015,59.560001,53552.390625,34.8,90.97,2.500000,CO,19122
0.360000,0.470000,0.040000,0.090000,0.100000,75.669998,14.960000,0.460000,258.190002,63.200001,52811.878906,34.82,91.13,2.500000,CO,19123
0.350000,0.470000,0.040000,0.080000,0.100000,75.930000,14.910000,0.600000,258.890015,61.500000,53326.128906,34.84,91.29,2.500000,CO,19124
0.350000,0.460000,0.040000,0.090000,0.100000,75.919998,14.020000,0.780000,260.470001,55.380001,54478.730469,34.86,91.46,2.500000,CO,19125
0.340000,0.450000,0.040000,0.090000,0.100000,75.879997,13.370000,0.770000,261.640015,50.689999,55347.511719,34.87,91.62,2.500000,CO,19126
0.340000,0.440000,0.040000,0.090000,0.100000,75.989998,13.380000,0.510000,261.829987,49.419998,55471.570312,34.89,91.79,2.500000,CO,19127
0.330000,0.440000,0.040000,0.080000,0.100000,74.690002,13.970000,0.290000,261.239990,50.410000,54990.339844,34.91,91.95,2.500000,CO,19128
0.330000,0.430000,0.040000,0.080000,0.100000,74.370003,14.290000,0.340000,260.980011,50.099998,54746.269531,34.92,92.12,2.500000,CO,19129
0.320000,0.430000,0.040000,0.080000,0.100000,74.139999,13.830000,0.380000,260.940002,49.360001,54644.058594,34.94,92.28,2.500000,CO,19130
0.320000,0.420000,0.040000,0.080000,0.100000,74.000000,13.200000,0.100000,261.510010,47.000000,55013.488281,34.96,92.45,2.500000,CO,19131
0.320000,0.420000,0.040000,0.080000,0.100000,74.570000,12.640000,-0.220000,263.170013,41.900002,56264.558594,34.97,92.61,2.500000,CO,19132
0.310000,0.410000,0.040000,0.100000,0.100000,74.000000,12.450000,-0.450000,264.230011,39.029999,57144.449219,34.99,92.77,2.500000,CO,19133
0.310000,0.400000,0.040000,0.100000,0.100000,73.769997,12.670000,-0.680000,264.390015,38.560001,57319.429688,35.0,92.94,2.500000,CO,19134
0.310000,0.400000,0.040000,0.110000,0.100000,73.480003,12.590000,-0.880000,264.279999,38.880001,57281.691406,35.02,93.1,2.500000,CO,19135
0.310000,0.400000,0.040000,0.110000,0.100000,73.879997,12.030000,-0.890000,263.970001,39.880001,57038.910156,35.03,93.27,2.500000,CO,19136
0.300000,0.390000,0.040000,0.100000,0.100000,73.750000,11.600000,-0.960000,263.679993,40.680000,56808.968750,35.05,93.43,2.500000,CO,19137
0.300000,0.390000,0.030000,0.100000,0.100000,74.519997,11.510000,-0.990000,263.489990,41.200001,56658.589844,35.06,93.6,2.500000,CO,19138
0.300000,0.390000,0.030000,0.110000,0.100000,74.739998,11.410000,-0.910000,263.670013,40.830002,56802.968750,35.08,93.77,2.500000,CO,19139
0.300000,0.380000,0.030000,0.130000,0.100000,74.580002,11.010000,-1.200000,264.329987,39.880001,57446.199219,35.09,93.93,2.500000,CO,19140
0.300000,0.380000,0.030000,0.150000,0.100000,73.879997,10.110000,-1.910000,264.820007,40.000000,58080.148438,35.11,94.1,2.500000,CO,19141
0.300000,0.370000,0.040000,0.180000,0.100000,72.589996,8.810000,-2.800000,264.760010,42.930000,58604.378906,35.12,94.26,2.500000,CO,19142
0.300000,0.370000,0.040000,0.190000,0.100000,71.949997,7.580000,-2.590000,264.260010,46.919998,58702.000000,35.13,94.43,2.500000,CO,19143
0.290000,0.360000,0.030000,0.170000,0.100000,71.779999,7.150000,-1.960000,263.339996,51.080002,58137.539062,35.15,94.59,2.500000,CO,19144
0.290000,0.360000,0.030000,0.150000,0.100000,71.570000,7.620000,-1.490000,262.799988,53.209999,57687.929688,35.16,94.76,2.500000,CO,19145
0.280000,0.350000,0.030000,0.140000,0.100000,71.410004,8.300000,-0.950000,262.559998,54.369999,57493.839844,35.17,94.92,2.500000,CO,19146
0.280000,0.350000,0.030000,0.130000,0.100000,71.440002,8.750000,-0.630000,262.579987,54.910000,57552.210938,35.19,95.09,2.500000,CO,19147
0.280000,0.350000,0.030000,0.130000,0.100000,71.419998,8.730000,-0.730000,262.739990,54.990002,57741.648438,35.2,95.25,2.500000,CO,19148
0.280000,0.350000,0.030000,0.120000,0.100000,70.830002,8.630000,-0.530000,262.239990,58.310001,57543.960938,35.21,95.42,2.500000,CO,19149
0.280000,0.340000,0.030000,0.120000,0.100000,71.089996,8.650000,-0.300000,262.059998,60.599998,57374.640625,35.22,95.59,2.500000,CO,19150
0.280000,0.340000,0.030000,0.120000,0.100000,71.220001,8.510000,-0.450000,262.959991,58.139999,58051.859375,35.24,95.75,2.500000,CO,19151
0.280000,0.340000,0.030000,0.120000,0.100000,70.620003,8.090000,-0.930000,263.440002,56.619999,58569.101562,35.25,95.92,2.500000,CO,19152
0.280000,0.340000,0.030000,0.120000,0.100000,70.120003,7.700000,-1.320000,262.730011,58.740002,58038.410156,35.26,96.08,2.500000,CO,19153
0.290000,0.340000,0.030000,0.120000,0.100000,69.540001,7.270000,-1.670000,262.540009,60.320000,58022.800781,35.27,96.25,2.500000,CO,19154
0.290000,0.340000,0.040000,0.120000,0.100000,69.470001,6.430000,-1.750000,262.859985,61.240002,58533.710938,35.28,96.41,2.500000,CO,19155
0.290000,0.340000,0.040000,0.120000,0.100000,69.180000,6.230000,-1.610000,261.989990,64.610001,58011.859375,35.29,96.58,2.500000,CO,19156
0.290000,0.340000,0.040000,0.110000,0.100000,69.099998,7.130000,-1.310000,260.989990,67.580002,57181.371094,35.3,96.75,2.500000,CO,19157
0.290000,0.340000,0.030000,0.110000,0.100000,68.580002,7.970000,-1.080000,260.929993,67.449997,57160.230469,35.31,96.91,2.500000,CO,19158
0.290000,0.350000,0.040000,0.120000,0.100000,68.139999,8.370000,-1.020000,261.149994,66.160004,57351.148438,35.32,97.08,2.500000,CO,19159
0.300000,0.350000,0.040000,0.120000,0.100000,67.650002,8.260000,-1.270000,261.649994,63.619999,57815.890625,35.33,97.25,2.500000,CO,19160
0.300000,0.360000,0.040000,0.120000,0.100000,67.730003,7.470000,-1.580000,262.019989,61.630001,58233.429688,35.34,97.41,2.500000,CO,19161
0.300000,0.360000,0.040000,0.120000,0.100000,67.250000,7.680000,-1.290000,260.929993,65.339996,57532.519531,35.35,97.58,2.500000,CO,19162
0.300000,0.360000,0.040000,0.130000,0.100000,67.000000,8.360000,-0.820000,261.359985,62.599998,57821.378906,35.36,97.74,2.500000,CO,19163
0.300000,0.360000,0.030000,0.130000,0.100000,67.010002,7.710000,-0.890000,262.070007,59.889999,58462.648438,35.37,97.91,2.500000,CO,19164
0.300000,0.350000,0.030000,0.130000,0.100000,66.669998,7.230000,-1.290000,261.309998,64.260002,57992.128906,35.38,98.08,2.500000,CO,19165
0.300000,0.350000,0.030000,0.160000,0.100000,65.610001,6.200000,-1.740000,261.820007,64.110001,58783.449219,35.39,98.24,2.500000,CO,19166
0.310000,0.360000,0.040000,0.190000,0.100000,64.930000,4.600000,-1.760000,261.730011,64.309998,59345.480469,35.4,98.41,2.500000,CO,19167
0.310000,0.370000,0.040000,0.180000,0.100000,64.360001,4.680000,-1.920000,261.130005,63.790001,59051.121094,35.41,98.58,2.500000,CO,19168
0.320000,0.380000,0.040000,0.190000,0.100000,63.849998,5.050000,-1.530000,261.440002,60.680000,59448.769531,35.41,98.74,2.500000,CO,19169
0.340000,0.390000,0.040000,0.220000,0.100000,63.310001,4.590000,-0.830000,261.070007,61.689999,59609.359375,35.42,98.91,2.500000,CO,19170
0.370000,0.430000,0.050000,0.330000,0.100000,62.830002,4.800000,-0.690000,260.049988,64.639999,59135.839844,35.43,99.08,2.500000,CO,19171
0.400000,0.460000,0.060000,0.330000,0.100000,62.560001,5.840000,-1.660000,259.820007,63.259998,58938.328125,35.44,99.24,2.500000,CO,19172
0.410000,0.480000,0.060000,0.310000,0.100000,62.830002,7.030000,-1.430000,260.470001,58.320000,59234.500000,35.44,99.41,2.500000,CO,19173
0.430000,0.490000,0.060000,0.280000,0.100000,62.439999,7.440000,-1.330000,261.089996,52.220001,59200.511719,35.45,99.58,2.500000,CO,19174
0.620000,0.720000,0.120000,0.390000,0.110000,60.220001,5.440000,-0.940000,262.880005,46.070000,61050.589844,35.46,99.74,2.750000,CO,19175
1.170000,1.350000,0.270000,0.630000,0.120000,58.959999,1.960000,-1.270000,266.600006,34.509998,66110.656250,35.46,99.91,3.000000,CO,19176
1.640000,1.880000,0.370000,0.860000,0.120000,58.389999,-0.930000,-1.100000,268.559998,34.570000,69190.773438,35.47,100.08,3.000000,CO,19177
1.810000,2.050000,0.380000,0.850000,0.120000,59.660000,-1.480000,-0.080000,267.250000,35.590000,67077.617188,35.48,100.24,3.000000,CO,19178
1.940000,2.180000,0.410000,0.860000,0.130000,60.209999,0.020000,0.220000,264.920013,37.860001,64427.550781,35.48,100.41,3.250000,CO,19179
2.120000,2.380000,0.450000,0.870000,0.130000,60.830002,1.060000,-0.430000,264.869995,38.549999,64750.101562,35.49,100.58,3.250000,CO,19180
2.240000,2.520000,0.490000,0.920000,0.130000,60.880001,0.820000,-0.320000,265.940002,39.029999,66598.929688,35.49,100.74,3.250000,CO,19181
2.130000,2.410000,0.470000,0.930000,0.130000,60.570000,0.120000,0.300000,266.230011,41.180000,67777.156250,35.5,100.91,3.250000,CO,19182
1.920000,2.150000,0.420000,0.840000,0.120000,60.189999,-0.150000,1.160000,265.649994,41.410000,66657.953125,35.5,101.08,3.000000,CO,19183
1.980000,2.170000,0.420000,0.760000,0.120000,60.029999,0.630000,1.160000,264.160004,43.000000,64599.359375,35.51,101.24,3.000000,CO,19184
2.300000,2.440000,0.460000,0.760000,0.130000,59.880001,2.420000,0.510000,261.980011,47.400002,62148.980469,35.51,101.41,3.285714,PM2.5,19185
3.370000,3.410000,0.670000,0.920000,0.150000,58.830002,5.650000,-1.310000,260.380005,47.630001,60337.019531,35.52,101.58,4.814286,PM2.5,19186
5.980000,5.810000,1.420000,1.420000,0.240000,58.090000,4.610000,-2.180000,263.070007,42.389999,63087.339844,35.52,101.74,8.542857,PM2.5,19187
14.270000,13.670000,4.230000,3.480000,0.470000,56.330002,0.600000,-1.620000,265.690002,44.049999,68348.929688,35.53,101.91,20.385715,PM2.5,19188
19.190001,18.219999,5.130000,4.780000,0.590000,58.419998,0.310000,-0.200000,266.390015,43.730000,69876.171875,35.53,102.08,27.414286,PM2.5,19189
14.750000,15.280000,3.420000,3.580000,0.420000,58.540001,1.710000,-0.610000,264.489990,47.830002,67376.789062,35.53,102.24,21.071428,PM2.5,19190
15.060000,17.469999,3.450000,3.900000,0.380000,59.209999,2.070000,-0.770000,263.279999,51.840000,66026.390625,35.54,102.41,21.514286,PM2.5,19191
0.410000,0.530000,0.040000,0.090000,0.100000,73.809998,13.720000,2.480000,259.869995,61.380001,54490.289062,34.83,89.96,2.500000,CO,19361
0.400000,0.520000,0.040000,0.090000,0.100000,73.519997,13.240000,2.300000,260.929993,55.770000,55185.878906,34.85,90.12,2.500000,CO,19362
0.390000,0.510000,0.040000,0.090000,0.100000,74.550003,13.100000,2.130000,261.510010,52.259998,55551.898438,34.87,90.29,2.500000,CO,19363
0.390000,0.510000,0.040000,0.090000,0.100000,73.620003,12.930000,1.800000,261.390015,52.340000,55468.269531,34.88,90.45,2.500000,CO,19364
0.380000,0.500000,0.040000,0.090000,0.100000,74.970001,12.520000,1.500000,261.140015,52.799999,55187.171875,34.9,90.61,2.500000,CO,19365
0.370000,0.490000,0.040000,0.090000,0.100000,74.900002,12.700000,1.500000,260.920013,53.389999,55028.449219,34.92,90.78,2.500000,CO,19366
0.370000,0.480000,0.040000,0.090000,0.100000,75.199997,13.820000,1.470000,259.790009,57.700001,54189.468750,34.94,90.94,2.500000,CO,19367
0.360000,0.480000,0.040000,0.080000,0.100000,75.580002,15.050000,1.280000,258.470001,62.660000,53178.679688,34.96,91.11,2.500000,CO,19368
0.360000,0.470000,0.040000,0.080000,0.100000,75.790001,15.300000,0.980000,258.959991,60.529999,53502.328125,34.97,91.27,2.500000,CO,19369
0.350000,0.460000,0.040000,0.080000,0.100000,75.779999,14.530000,0.710000,260.640015,53.090000,54679.671875,34.99,91.44,2.500000,CO,19370
0.350000,0.450000,0.040000,0.090000,0.100000,75.830002,13.710000,0.660000,262.130005,47.689999,55795.859375,35.01,91.6,2.500000,CO,19371
0.340000,0.450000,0.040000,0.090000,0.100000,75.930000,13.570000,0.870000,262.410004,47.040001,56026.988281,35.03,91.77,2.500000,CO,19372
0.340000,0.440000,0.040000,0.080000,0.100000,75.349998,13.980000,0.980000,261.570007,49.279999,55381.359375,35.04,91.93,2.500000,CO,19373
0.340000,0.440000,0.040000,0.080000,0.100000,74.650002,13.590000,0.700000,261.619995,48.400002,55355.589844,35.06,92.1,2.500000,CO,19374
0.330000,0.430000,0.040000,0.080000,0.100000,75.019997,12.810000,0.300000,262.329987,45.669998,55866.640625,35.08,92.26,2.500000,CO,19375
0.330000,0.420000,0.040000,0.080000,0.100000,75.220001,12.900000,-0.220000,262.399994,45.290001,55969.621094,35.09,92.43,2.500000,CO,19376
0.330000,0.420000,0.030000,0.080000,0.100000,75.410004,13.130000,-0.710000,262.500000,45.340000,56081.410156,35.11,92.59,2.500000,CO,19377
0.320000,0.410000,0.030000,0.080000,0.100000,75.480003,12.780000,-0.880000,262.829987,45.040001,56400.660156,35.12,92.76,2.500000,CO,19378
0.320000,0.410000,0.030000,0.090000,0.100000,75.959999,12.140000,-0.740000,262.989990,44.880001,56540.390625,35.14,92.92,2.500000,CO,19379
0.320000,0.410000,0.040000,0.110000,0.100000,76.089996,11.750000,-0.520000,263.260010,43.889999,56729.308594,35.15,93.09,2.500000,CO,19380
0.310000,0.400000,0.030000,0.100000,0.100000,76.110001,11.520000,-0.450000,263.850006,42.070000,57177.199219,35.17,93.25,2.500000,CO,19381
0.310000,0.400000,0.030000,0.100000,0.100000,75.949997,11.300000,-0.660000,264.279999,40.869999,57532.968750,35.18,93.42,2.500000,CO,19382
0.310000,0.390000,0.030000,0.100000,0.100000,75.480003,11.030000,-1.030000,264.480011,40.570000,57763.179688,35.2,93.58,2.500000,CO,19383
0.310000,0.390000,0.030000,0.120000,0.100000,74.830002,10.520000,-1.440000,264.760010,40.759998,58157.031250,35.21,93.75,2.500000,CO,19384
0.310000,0.380000,0.040000,0.150000,0.100000,73.510002,9.720000,-2.050000,264.940002,42.060001,58685.218750,35.23,93.91,2.500000,CO,19385
0.310000,0.380000,0.040000,0.180000,0.100000,72.440002,8.810000,-2.650000,264.690002,44.990002,58922.441406,35.24,94.08,2.500000,CO,19386
0.300000,0.380000,0.040000,0.180000,0.100000,71.779999,8.540000,-3.140000,263.660004,49.770000,58344.839844,35.26,94.24,2.500000,CO,19387
0.300000,0.370000,0.040000,0.170000,0.100000,72.050003,9.000000,-2.400000,262.940002,51.910000,57624.648438,35.27,94.41,2.500000,CO,19388
0.290000,0.370000,0.030000,0.150000,0.100000,71.809998,9.630000,-1.650000,262.380005,53.980000,57200.578125,35.28,94.58,2.500000,CO,19389
0.290000,0.360000,0.030000,0.130000,0.100000,72.320000,10.020000,-1.310000,262.329987,54.009998,57076.179688,35.3,94.74,2.500000,CO,19390
0.290000,0.360000,0.030000,0.130000,0.100000,71.919998,10.130000,-1.010000,262.670013,52.599998,57442.859375,35.31,94.91,2.500000,CO,19391
0.290000,0.360000,0.030000,0.120000,0.100000,71.699997,10.160000,-1.010000,262.440002,53.869999,57414.179688,35.32,95.07,2.500000,CO,19392
0.290000,0.360000,0.030000,0.120000,0.100000,71.360001,10.080000,-1.230000,262.260010,55.099998,57339.488281,35.33,95.24,2.500000,CO,19393
0.290000,0.360000,0.030000,0.120000,0.100000,70.830002,9.540000,-0.990000,262.559998,55.380001,57714.671875,35.35,95.4,2.500000,CO,19394
0.290000,0.350000,0.030000,0.110000,0.100000,70.910004,8.790000,-0.900000,262.760010,56.040001,57950.410156,35.36,95.57,2.500000,CO,19395
0.290000,0.360000,0.030000,0.110000,0.100000,70.449997,7.960000,-1.120000,263.399994,54.889999,58510.269531,35.37,95.74,2.500000,CO,19396
0.300000,0.360000,0.040000,0.110000,0.100000,69.940002,6.780000,-1.450000,263.850006,54.259998,59039.050781,35.38,95.9,2.500000,CO,19397
0.300000,0.360000,0.040000,0.120000,0.100000,69.239998,5.990000,-1.690000,263.160004,57.730000,58796.710938,35.39,96.07,2.500000,CO,19398
0.300000,0.360000,0.040000,0.120000,0.100000,68.580002,5.930000,-1.880000,262.609985,60.580002,58643.351562,35.41,96.24,2.500000,CO,19399
0.300000,0.360000,0.040000,0.120000,0.100000,67.680000,6.010000,-1.500000,262.260010,61.779999,58599.179688,35.42,96.4,2.500000,CO,19400
0.310000,0.370000,0.040000,0.120000,0.100000,67.129997,6.510000,-1.010000,261.179993,65.290001,57789.968750,35.43,96.57,2.500000,CO,19401
0.310000,0.370000,0.040000,0.120000,0.100000,67.389999,7.570000,-0.640000,260.600006,66.580002,57112.140625,35.44,96.73,2.500000,CO,19402
0.310000,0.370000,0.040000,0.120000,0.100000,67.599998,7.920000,-0.440000,261.619995,61.950001,57719.660156,35.45,96.9,2.500000,CO,19403
0.320000,0.380000,0.040000,0.120000,0.100000,67.120003,7.120000,-0.980000,262.869995,57.310001,58801.128906,35.46,97.07,2.500000,CO,19404
0.330000,0.390000,0.040000,0.130000,0.100000,66.760002,6.280000,-1.730000,263.059998,56.680000,59315.550781,35.47,97.23,2.500000,CO,19405
0.340000,0.400000,0.040000,0.130000,0.100000,66.519997,6.270000,-1.860000,261.820007,60.259998,58645.921875,35.48,97.4,2.500000,CO,19406
0.340000,0.400000,0.040000,0.120000,0.100000,66.379997,7.300000,-1.290000,261.220001,62.119999,58143.070312,35.49,97.57,2.500000,CO,19407
0.340000,0.400000,0.040000,0.130000,0.100000,65.540001,7.550000,-1.070000,262.850006,56.009998,59497.500000,35.5,97.73,2.500000,CO,19408
0.340000,0.400000,0.040000,0.130000,0.100000,64.489998,5.850000,-0.380000,263.450012,55.029999,60401.781250,35.51,97.9,2.500000,CO,19409
0.340000,0.400000,0.040000,0.170000,0.100000,63.709999,4.850000,0.000000,261.809998,62.669998,59419.929688,35.52,98.07,2.500000,CO,19410
0.340000,0.400000,0.040000,0.200000,0.100000,62.820000,5.140000,-0.580000,260.769989,67.220001,58812.261719,35.52,98.23,2.500000,CO,19411
0.340000,0.400000,0.040000,0.210000,0.100000,63.080002,4.960000,-0.820000,261.190002,63.250000,59250.738281,35.53,98.4,2.500000,CO,19412
0.350000,0.400000,0.040000,0.190000,0.100000,63.130001,5.190000,-0.980000,260.920013,61.990002,59138.769531,35.54,98.57,2.500000,CO,19413
0.350000,0.410000,0.040000,0.180000,0.100000,63.020000,6.100000,-1.230000,260.619995,61.029999,58871.679688,35.55,98.73,2.500000,CO,19414
0.360000,0.420000,0.040000,0.180000,0.100000,62.490002,6.070000,-0.750000,260.859985,57.849998,59278.320312,35.56,98.9,2.500000,CO,19415
0.370000,0.430000,0.040000,0.180000,0.100000,62.820000,5.440000,-0.430000,260.329987,59.320000,59151.410156,35.57,99.07,2.500000,CO,19416
0.390000,0.450000,0.050000,0.170000,0.100000,62.639999,6.640000,-1.570000,258.950012,62.570000,58052.589844,35.57,99.23,2.500000,CO,19417
0.390000,0.450000,0.050000,0.160000,0.100000,63.529999,8.670000,-1.560000,259.970001,54.459999,58291.890625,35.58,99.4,2.500000,CO,19418
0.490000,0.570000,0.080000,0.220000,0.100000,61.590000,6.890000,-1.000000,262.589996,43.779999,60394.121094,35.59,99.57,2.500000,CO,19419
0.980000,1.140000,0.230000,0.450000,0.110000,59.209999,3.470000,-0.280000,264.250000,38.599998,63042.929688,35.59,99.73,2.750000,CO,19420
1.380000,1.590000,0.340000,0.610000,0.120000,58.450001,1.660000,-1.240000,266.359985,32.880001,66119.382812,35.6,99.9,3.000000,CO,19421
1.510000,1.720000,0.360000,0.710000,0.120000,57.570000,-0.780000,-1.650000,267.160004,34.720001,67721.359375,35.61,100.07,3.000000,CO,19422
1.810000,2.030000,0.390000,0.810000,0.120000,58.990002,-1.760000,-0.190000,266.670013,38.259998,67554.953125,35.61,100.23,3.000000,CO,19423
1.980000,2.210000,0.400000,0.840000,0.130000,60.119999,-0.490000,0.440000,266.540009,37.919998,67368.937500,35.62,100.4,3.250000,CO,19424
2.280000,2.540000,0.480000,0.920000,0.130000,61.189999,0.530000,-0.090000,266.720001,37.480000,67691.500000,35.62,100.57,3.257143,PM2.5,19425
2.400000,2.680000,0.520000,0.920000,0.130000,61.689999,0.160000,-0.010000,266.679993,38.889999,67951.539062,35.63,100.74,3.428571,PM2.5,19426
2.410000,2.710000,0.530000,0.940000,0.130000,60.439999,-0.550000,0.660000,265.720001,43.230000,67462.710938,35.64,100.9,3.442857,PM2.5,19427
2.280000,2.550000,0.510000,0.900000,0.130000,60.349998,0.130000,1.230000,264.690002,44.779999,65927.023438,35.64,101.07,3.257143,PM2.5,19428
2.480000,2.720000,0.560000,0.880000,0.130000,60.139999,1.000000,1.870000,264.660004,43.459999,65635.031250,35.65,101.24,3.542857,PM2.5,19429
2.970000,3.160000,0.660000,0.920000,0.140000,60.070000,1.770000,1.960000,264.829987,41.220001,65593.007812,35.65,101.4,4.242857,PM2.5,19430
4.420000,4.510000,1.000000,1.190000,0.170000,58.950001,4.040000,0.610000,263.519989,42.720001,64156.769531,35.65,101.57,6.314286,PM2.5,19431
8.140000,8.020000,2.160000,2.030000,0.260000,57.980000,3.530000,-1.110000,264.290009,44.470001,65479.488281,35.66,101.74,11.628572,PM2.5,19432
19.879999,19.340000,6.600000,5.360000,0.530000,55.930000,-0.250000,-1.790000,266.470001,46.759998,70310.726562,35.66,101.91,28.400000,PM2.5,19433
32.209999,31.510000,10.700000,9.600000,0.750000,55.320000,-1.430000,-1.420000,267.660004,46.209999,72972.296875,35.67,102.07,46.014286,PM2.5,19434
25.209999,25.370001,8.230000,7.280000,0.560000,55.590000,-0.160000,-0.040000,265.589996,49.750000,69825.031250,35.67,102.24,36.014286,PM2.5,19435
23.070000,24.770000,8.150000,7.310000,0.460000,55.119999,0.530000,0.100000,264.200012,54.610001,68658.757812,35.67,102.41,32.957142,PM2.5,19436
30.790001,39.279999,9.770000,11.080000,0.630000,57.779999,0.540000,-0.050000,264.250000,56.220001,69690.203125,35.68,102.57,43.985714,PM2.5,19437
0.430000,0.550000,0.050000,0.090000,0.100000,74.330002,14.350000,3.480000,256.959991,72.169998,52450.988281,34.92,89.61,2.500000,CO,19602
0.430000,0.550000,0.050000,0.090000,0.100000,74.709999,13.810000,2.900000,258.670013,64.330002,53593.128906,34.94,89.77,2.500000,CO,19603
0.420000,0.540000,0.050000,0.090000,0.100000,73.459999,13.070000,2.490000,260.109985,57.509998,54611.421875,34.96,89.93,2.500000,CO,19604
0.410000,0.530000,0.040000,0.090000,0.100000,73.550003,13.230000,2.300000,260.799988,53.730000,55062.851562,34.98,90.1,2.500000,CO,19605
0.400000,0.520000,0.040000,0.090000,0.100000,74.370003,13.100000,2.250000,261.480011,50.810001,55530.980469,35.0,90.26,2.500000,CO,19606
0.400000,0.510000,0.040000,0.090000,0.100000,74.449997,12.880000,2.180000,261.619995,50.580002,55657.058594,35.02,90.43,2.500000,CO,19607
0.390000,0.500000,0.040000,0.090000,0.100000,74.589996,12.920000,2.010000,261.649994,50.970001,55692.890625,35.04,90.59,2.500000,CO,19608
0.380000,0.490000,0.040000,0.090000,0.100000,74.709999,13.150000,1.890000,261.410004,52.009998,55540.000000,35.06,90.76,2.500000,CO,19609
0.380000,0.490000,0.040000,0.090000,0.100000,74.940002,13.950000,1.900000,260.480011,55.029999,54822.890625,35.07,90.92,2.500000,CO,19610
0.370000,0.480000,0.040000,0.090000,0.100000,75.230003,14.720000,1.750000,259.709991,57.560001,54217.679688,35.09,91.09,2.500000,CO,19611
0.370000,0.480000,0.040000,0.090000,0.100000,75.800003,14.100000,1.040000,260.459991,54.709999,54710.550781,35.11,91.25,2.500000,CO,19612
0.360000,0.470000,0.040000,0.090000,0.100000,75.580002,13.330000,0.400000,261.440002,51.340000,55467.218750,35.13,91.42,2.500000,CO,19613
0.360000,0.460000,0.040000,0.090000,0.100000,75.620003,13.400000,0.250000,261.690002,50.790001,55696.359375,35.14,91.58,2.500000,CO,19614
0.360000,0.450000,0.040000,0.090000,0.100000,75.680000,13.590000,0.740000,261.839996,50.340000,55841.808594,35.16,91.75,2.500000,CO,19615
0.350000,0.450000,0.040000,0.090000,0.100000,75.709999,13.630000,0.890000,262.279999,48.270000,56111.921875,35.18,91.91,2.500000,CO,19616
0.350000,0.430000,0.030000,0.090000,0.100000,74.680000,13.560000,0.200000,262.179993,48.419998,56274.960938,35.19,92.08,2.500000,CO,19617
0.350000,0.420000,0.030000,0.090000,0.100000,74.190002,13.460000,-0.370000,261.890015,49.840000,56379.378906,35.21,92.24,2.500000,CO,19618
0.340000,0.430000,0.030000,0.090000,0.100000,75.070000,13.160000,-0.390000,262.040009,49.630001,56298.921875,35.23,92.41,2.500000,CO,19619
0.340000,0.430000,0.030000,0.080000,0.100000,75.730003,12.450000,-0.390000,262.109985,49.340000,56200.031250,35.24,92.57,2.500000,CO,19620
0.330000,0.420000,0.030000,0.080000,0.100000,75.980003,12.110000,-0.440000,262.260010,48.520000,56245.351562,35.26,92.74,2.500000,CO,19621
0.330000,0.410000,0.030000,0.080000,0.100000,75.750000,12.670000,-0.310000,262.350006,47.590000,56298.390625,35.27,92.9,2.500000,CO,19622
0.330000,0.410000,0.030000,0.100000,0.100000,75.639999,12.980000,-0.160000,263.160004,44.820000,56896.789062,35.29,93.07,2.500000,CO,19623
0.330000,0.410000,0.030000,0.110000,0.100000,75.279999,12.570000,-0.460000,264.239990,41.990002,57761.500000,35.3,93.23,2.500000,CO,19624
0.320000,0.400000,0.030000,0.120000,0.100000,74.669998,11.970000,-0.950000,264.779999,41.099998,58272.160156,35.32,93.4,2.500000,CO,19625
0.320000,0.400000,0.040000,0.130000,0.100000,72.510002,11.080000,-1.440000,264.850006,42.500000,58588.671875,35.33,93.56,2.500000,CO,19626
0.320000,0.400000,0.040000,0.150000,0.100000,72.180000,9.870000,-1.750000,264.600006,45.169998,58744.960938,35.35,93.73,2.500000,CO,19627
0.320000,0.400000,0.040000,0.190000,0.100000,71.580002,8.750000,-2.150000,263.970001,48.720001,58549.359375,35.36,93.9,2.500000,CO,19628
0.310000,0.390000,0.040000,0.170000,0.100000,69.930000,8.410000,-2.460000,262.980011,53.130001,57902.250000,35.38,94.06,2.500000,CO,19629
0.310000,0.380000,0.040000,0.150000,0.100000,70.449997,9.300000,-2.320000,261.410004,59.090000,56593.449219,35.39,94.23,2.500000,CO,19630
0.300000,0.380000,0.030000,0.130000,0.100000,71.699997,10.530000,-1.610000,260.850006,59.470001,55856.070312,35.4,94.39,2.500000,CO,19631
0.300000,0.370000,0.030000,0.120000,0.100000,71.779999,11.270000,-1.440000,261.329987,56.810001,56149.730469,35.42,94.56,2.500000,CO,19632
0.300000,0.370000,0.030000,0.120000,0.100000,71.830002,11.870000,-1.640000,261.089996,57.220001,55968.101562,35.43,94.73,2.500000,CO,19633
0.300000,0.370000,0.030000,0.120000,0.100000,71.690002,12.110000,-1.740000,261.230011,56.270000,56084.421875,35.44,94.89,2.500000,CO,19634
0.310000,0.380000,0.040000,0.120000,0.100000,71.099998,11.540000,-1.660000,261.529999,55.570000,56441.640625,35.46,95.06,2.500000,CO,19635
0.320000,0.390000,0.040000,0.120000,0.100000,70.209999,10.890000,-1.800000,261.320007,57.279999,56414.949219,35.47,95.22,2.500000,CO,19636
0.320000,0.390000,0.040000,0.120000,0.100000,69.589996,9.860000,-2.050000,261.859985,56.310001,56981.808594,35.48,95.39,2.500000,CO,19637
0.320000,0.390000,0.040000,0.120000,0.100000,69.629997,8.420000,-2.050000,262.290009,56.549999,57535.031250,35.49,95.56,2.500000,CO,19638
0.320000,0.390000,0.040000,0.120000,0.100000,68.930000,7.580000,-2.230000,262.899994,56.180000,58237.648438,35.51,95.72,2.500000,CO,19639
0.320000,0.390000,0.040000,0.120000,0.100000,68.000000,6.110000,-2.350000,263.809998,55.570000,59545.398438,35.52,95.89,2.500000,CO,19640
0.330000,0.390000,0.040000,0.120000,0.100000,67.480003,4.760000,-1.990000,263.070007,58.070000,59488.519531,35.53,96.06,2.500000,CO,19641
0.330000,0.400000,0.040000,0.120000,0.100000,66.949997,5.640000,-1.590000,261.730011,61.160000,58381.140625,35.54,96.22,2.500000,CO,19642
0.330000,0.400000,0.040000,0.130000,0.100000,66.510002,6.710000,-0.610000,261.529999,60.970001,58107.519531,35.55,96.39,2.500000,CO,19643
0.340000,0.400000,0.040000,0.130000,0.100000,66.349998,7.510000,-0.470000,260.890015,62.150002,57427.589844,35.56,96.55,2.500000,CO,19644
0.340000,0.400000,0.040000,0.120000,0.100000,66.519997,8.620000,-0.800000,260.739990,62.080002,57162.679688,35.57,96.72,2.500000,CO,19645
0.340000,0.410000,0.050000,0.120000,0.100000,66.400002,7.720000,-1.230000,262.730011,56.209999,58816.550781,35.58,96.89,2.500000,CO,19646
0.350000,0.420000,0.050000,0.130000,0.100000,65.720001,5.970000,-1.980000,263.299988,55.680000,59825.519531,35.59,97.05,2.500000,CO,19647
0.360000,0.430000,0.050000,0.130000,0.100000,65.419998,6.130000,-2.010000,261.950012,59.340000,58934.289062,35.6,97.22,2.500000,CO,19648
0.360000,0.430000,0.050000,0.130000,0.100000,65.010002,7.260000,-1.370000,260.220001,64.639999,57455.160156,35.61,97.39,2.500000,CO,19649
0.360000,0.420000,0.050000,0.130000,0.100000,65.360001,8.010000,-1.430000,259.859985,66.690002,56986.808594,35.62,97.55,2.500000,CO,19650
0.370000,0.430000,0.050000,0.130000,0.100000,64.400002,7.830000,-1.840000,260.829987,63.230000,57678.371094,35.63,97.72,2.500000,CO,19651
0.380000,0.440000,0.050000,0.150000,0.100000,62.730000,5.690000,-1.010000,262.500000,58.660000,59468.968750,35.64,97.89,2.500000,CO,19652
0.390000,0.450000,0.050000,0.200000,0.100000,62.040001,3.470000,-0.420000,263.299988,55.880001,61231.179688,35.65,98.05,2.500000,CO,19653
0.380000,0.440000,0.050000,0.230000,0.100000,62.099998,3.150000,0.400000,263.140015,54.639999,61681.328125,35.66,98.22,2.500000,CO,19654
0.380000,0.440000,0.050000,0.230000,0.100000,62.259998,3.330000,0.830000,262.980011,53.549999,61776.449219,35.67,98.39,2.500000,CO,19655
0.380000,0.440000,0.050000,0.200000,0.100000,62.299999,4.080000,0.840000,261.459991,57.910000,60475.000000,35.68,98.56,2.500000,CO,19656
0.390000,0.460000,0.050000,0.180000,0.100000,62.180000,5.730000,0.160000,260.489990,59.619999,59407.070312,35.69,98.72,2.500000,CO,19657
0.410000,0.470000,0.050000,0.180000,0.100000,62.090000,5.710000,-0.400000,261.369995,54.119999,60174.500000,35.69,98.89,2.500000,CO,19658
0.420000,0.490000,0.050000,0.170000,0.100000,62.590000,4.210000,0.290000,260.920013,54.720001,60162.410156,35.7,99.06,2.500000,CO,19659
0.440000,0.510000,0.060000,0.170000,0.100000,62.009998,6.080000,0.530000,258.500000,61.369999,57957.359375,35.71,99.22,2.500000,CO,19660
0.450000,0.510000,0.060000,0.160000,0.100000,62.220001,9.360000,-1.030000,258.929993,54.590000,57474.140625,35.72,99.39,2.500000,CO,19661
0.620000,0.710000,0.110000,0.250000,0.100000,59.480000,6.300000,-1.320000,263.440002,39.389999,61436.800781,35.72,99.56,2.500000,CO,19662
1.120000,1.290000,0.260000,0.490000,0.110000,58.490002,2.220000,-0.340000,265.589996,34.099998,65002.859375,35.73,99.73,2.750000,CO,19663
1.390000,1.590000,0.330000,0.590000,0.110000,58.529999,1.300000,-1.210000,265.730011,32.860001,65505.980469,35.74,99.89,2.750000,CO,19664
1.540000,1.750000,0.370000,0.680000,0.120000,57.759998,0.020000,-1.310000,265.709991,34.770000,66306.203125,35.74,100.06,3.000000,CO,19665
1.770000,1.980000,0.380000,0.730000,0.120000,59.599998,-0.440000,-0.170000,266.720001,38.490002,68429.273438,35.75,100.23,3.000000,CO,19666
2.140000,2.360000,0.440000,0.790000,0.130000,60.980000,-0.090000,-0.080000,267.869995,38.560001,70065.132812,35.75,100.39,3.250000,CO,19667
2.750000,3.040000,0.600000,0.960000,0.130000,61.430000,0.200000,-0.280000,267.950012,39.660000,70177.898438,35.76,100.56,3.928571,PM2.5,19668
2.890000,3.190000,0.650000,1.030000,0.140000,61.330002,-0.170000,0.560000,267.179993,41.279999,69081.437500,35.77,100.73,4.128572,PM2.5,19669
2.960000,3.300000,0.720000,1.100000,0.140000,60.480000,-0.310000,1.640000,266.269989,42.950001,68134.320312,35.77,100.9,4.228571,PM2.5,19670
3.260000,3.630000,0.860000,1.220000,0.140000,59.790001,0.540000,1.900000,265.390015,44.270000,66989.273438,35.78,101.06,4.657143,PM2.5,19671
4.460000,4.930000,1.410000,1.620000,0.150000,59.040001,1.210000,1.800000,265.769989,43.720001,67571.320312,35.78,101.23,6.371428,PM2.5,19672
5.650000,6.110000,1.840000,1.920000,0.170000,59.259998,1.210000,1.420000,267.679993,39.250000,70013.468750,35.79,101.4,8.071428,PM2.5,19673
7.610000,8.000000,2.460000,2.380000,0.200000,57.910000,1.960000,1.270000,266.660004,40.939999,68995.500000,35.79,101.57,10.871428,PM2.5,19674
12.450000,12.750000,4.300000,3.890000,0.290000,56.950001,2.520000,0.010000,264.429993,48.770000,66903.179688,35.79,101.73,17.785713,PM2.5,19675
24.330000,24.670000,9.540000,7.940000,0.510000,53.549999,0.200000,-1.320000,265.519989,52.020000,69852.453125,35.8,101.9,34.757141,PM2.5,19676
41.419998,42.639999,17.530001,15.060000,0.750000,47.790001,-2.590000,-1.340000,267.329987,51.080002,74279.812500,35.8,102.07,58.024998,PM2.5,19677
42.919998,45.139999,19.000000,15.920000,0.730000,47.360001,-4.090000,0.460000,267.040009,51.070000,74176.617188,35.81,102.24,59.899998,PM2.5,19678
46.230000,51.549999,22.549999,18.639999,0.740000,43.720001,-4.600000,0.400000,266.260010,55.209999,74705.523438,35.81,102.4,64.037498,PM2.5,19679
55.200001,69.940002,23.260000,24.549999,0.960000,44.779999,-4.240000,-0.740000,267.119995,53.830002,76851.773438,35.81,102.57,75.250000,PM2.5,19680
0.440000,0.560000,0.050000,0.090000,0.100000,75.019997,14.670000,2.620000,259.880005,56.880001,54509.308594,35.08,89.75,2.500000,CO,19846
0.430000,0.550000,0.050000,0.090000,0.100000,74.900002,13.900000,2.230000,260.589996,53.549999,55006.640625,35.1,89.91,2.500000,CO,19847
0.430000,0.540000,0.050000,0.090000,0.100000,75.180000,13.180000,1.870000,260.959991,51.680000,55210.089844,35.12,90.08,2.500000,CO,19848
0.420000,0.530000,0.040000,0.090000,0.100000,74.830002,12.820000,1.770000,261.649994,49.240002,55755.730469,35.14,90.24,2.500000,CO,19849
0.410000,0.520000,0.040000,0.090000,0.100000,74.669998,12.860000,1.710000,261.929993,48.480000,56013.210938,35.15,90.41,2.500000,CO,19850
0.400000,0.510000,0.040000,0.090000,0.100000,74.570000,12.910000,1.570000,261.980011,48.410000,56083.730469,35.17,90.57,2.500000,CO,19851
0.400000,0.500000,0.040000,0.090000,0.100000,74.529999,13.160000,1.350000,261.529999,50.180000,55781.640625,35.19,90.73,2.500000,CO,19852
0.390000,0.500000,0.040000,0.090000,0.100000,74.690002,13.800000,1.360000,260.769989,53.160000,55219.441406,35.21,90.9,2.500000,CO,19853
0.390000,0.490000,0.040000,0.090000,0.100000,74.919998,14.210000,1.340000,260.589996,54.599998,55082.679688,35.23,91.06,2.500000,CO,19854
0.380000,0.480000,0.040000,0.090000,0.100000,74.959999,13.790000,0.800000,261.079987,54.049999,55487.410156,35.24,91.23,2.500000,CO,19855
0.380000,0.480000,0.040000,0.090000,0.100000,75.029999,13.350000,0.310000,261.049988,55.500000,55516.441406,35.26,91.39,2.500000,CO,19856
0.380000,0.470000,0.040000,0.090000,0.100000,75.169998,13.720000,0.400000,260.079987,58.799999,54798.500000,35.28,91.56,2.500000,CO,19857
0.370000,0.470000,0.040000,0.090000,0.100000,75.309998,14.070000,0.810000,260.299988,57.020000,54833.468750,35.3,91.72,2.500000,CO,19858
0.370000,0.450000,0.030000,0.090000,0.100000,74.400002,13.570000,0.740000,261.119995,53.709999,55767.910156,35.31,91.89,2.500000,CO,19859
0.360000,0.450000,0.040000,0.090000,0.100000,75.059998,13.320000,0.330000,261.230011,52.840000,55697.441406,35.33,92.06,2.500000,CO,19860
0.360000,0.450000,0.040000,0.080000,0.100000,75.269997,13.620000,0.220000,260.790009,53.790001,55273.140625,35.35,92.22,2.500000,CO,19861
0.350000,0.440000,0.040000,0.080000,0.100000,75.790001,13.310000,0.310000,261.450012,50.799999,55671.781250,35.36,92.39,2.500000,CO,19862
0.350000,0.440000,0.030000,0.080000,0.100000,75.470001,12.920000,0.260000,262.250000,47.450001,56272.359375,35.38,92.55,2.500000,CO,19863
0.350000,0.430000,0.030000,0.080000,0.100000,75.379997,13.250000,0.030000,262.029999,47.470001,56110.968750,35.39,92.72,2.500000,CO,19864
0.340000,0.420000,0.030000,0.080000,0.100000,75.209999,13.410000,-0.180000,261.790009,48.169998,55929.589844,35.41,92.88,2.500000,CO,19865
0.340000,0.420000,0.030000,0.090000,0.100000,74.970001,12.330000,-0.550000,263.279999,44.529999,57086.238281,35.42,93.05,2.500000,CO,19866
0.330000,0.410000,0.030000,0.100000,0.100000,73.709999,10.960000,-1.280000,264.440002,42.689999,58214.511719,35.44,93.21,2.500000,CO,19867
0.330000,0.410000,0.030000,0.120000,0.100000,72.599998,9.990000,-1.890000,264.339996,45.119999,58488.789062,35.45,93.38,2.500000,CO,19868
0.330000,0.410000,0.040000,0.130000,0.100000,70.349998,9.020000,-2.420000,263.970001,48.650002,58586.500000,35.47,93.55,2.500000,CO,19869
0.330000,0.400000,0.040000,0.150000,0.100000,70.360001,8.360000,-2.390000,263.450012,51.580002,58341.648438,35.48,93.71,2.500000,CO,19870
0.330000,0.400000,0.040000,0.180000,0.100000,69.129997,8.250000,-1.910000,262.380005,56.009998,57589.191406,35.5,93.88,2.500000,CO,19871
0.320000,0.400000,0.040000,0.190000,0.100000,69.620003,9.080000,-1.450000,260.679993,62.020000,56117.500000,35.51,94.04,2.500000,CO,19872
0.320000,0.390000,0.040000,0.180000,0.100000,69.949997,10.780000,-0.920000,259.309998,65.519997,54797.890625,35.53,94.21,2.500000,CO,19873
0.320000,0.390000,0.040000,0.160000,0.100000,70.400002,11.920000,-0.690000,259.720001,63.119999,54966.878906,35.54,94.38,2.500000,CO,19874
0.320000,0.390000,0.040000,0.150000,0.100000,69.379997,11.910000,-1.060000,260.709991,58.759998,55718.230469,35.55,94.54,2.500000,CO,19875
0.320000,0.400000,0.040000,0.140000,0.100000,68.809998,11.730000,-1.210000,260.619995,58.860001,55726.949219,35.57,94.71,2.500000,CO,19876
0.350000,0.430000,0.050000,0.150000,0.100000,68.199997,11.430000,-1.560000,260.519989,59.349998,55721.589844,35.58,94.88,2.500000,CO,19877
0.370000,0.450000,0.050000,0.150000,0.100000,67.660004,10.150000,-2.160000,261.100006,58.730000,56398.890625,35.59,95.04,2.500000,CO,19878
0.380000,0.460000,0.050000,0.150000,0.100000,66.480003,8.450000,-2.400000,261.549988,58.860001,57106.019531,35.61,95.21,2.500000,CO,19879
0.370000,0.440000,0.050000,0.150000,0.100000,66.459999,6.970000,-2.520000,262.100006,59.180000,57936.660156,35.62,95.37,2.500000,CO,19880
0.360000,0.430000,0.050000,0.140000,0.100000,67.059998,6.220000,-2.240000,262.420013,60.240002,58516.679688,35.63,95.54,2.500000,CO,19881
0.350000,0.420000,0.050000,0.130000,0.100000,66.669998,5.950000,-2.200000,262.730011,60.130001,58964.578125,35.64,95.71,2.500000,CO,19882
0.360000,0.430000,0.050000,0.140000,0.100000,66.290001,4.860000,-1.990000,263.070007,58.779999,59652.699219,35.65,95.87,2.500000,CO,19883
0.370000,0.440000,0.050000,0.130000,0.100000,66.379997,5.030000,-1.140000,261.519989,62.049999,58287.320312,35.67,96.04,2.500000,CO,19884
0.370000,0.440000,0.050000,0.130000,0.100000,66.089996,7.480000,-0.620000,260.480011,64.230003,57143.078125,35.68,96.21,2.500000,CO,19885
0.370000,0.440000,0.050000,0.130000,0.100000,65.940002,8.200000,0.110000,262.420013,56.349998,58594.890625,35.69,96.37,2.500000,CO,19886
0.370000,0.440000,0.050000,0.130000,0.100000,66.110001,7.370000,-0.240000,262.480011,56.340000,58699.339844,35.7,96.54,2.500000,CO,19887
0.370000,0.440000,0.050000,0.130000,0.100000,66.379997,7.520000,-1.620000,261.029999,61.910000,57620.468750,35.71,96.71,2.500000,CO,19888
0.380000,0.440000,0.050000,0.130000,0.100000,65.639999,7.440000,-2.720000,261.000000,63.130001,57885.089844,35.72,96.87,2.500000,CO,19889
0.380000,0.450000,0.050000,0.130000,0.100000,65.330002,7.360000,-1.880000,260.589996,64.250000,57696.378906,35.73,97.04,2.500000,CO,19890
0.390000,0.460000,0.050000,0.130000,0.100000,64.750000,8.020000,-0.560000,260.059998,65.260002,57084.949219,35.74,97.21,2.500000,CO,19891
0.410000,0.480000,0.060000,0.150000,0.100000,64.000000,7.440000,0.100000,260.799988,64.220001,57843.648438,35.75,97.38,2.500000,CO,19892
0.420000,0.490000,0.060000,0.140000,0.100000,63.860001,6.530000,-0.130000,260.920013,65.339996,58149.320312,35.76,97.54,2.500000,CO,19893
0.440000,0.510000,0.060000,0.150000,0.100000,62.880001,6.380000,-0.870000,260.739990,65.230003,58125.429688,35.77,97.71,2.500000,CO,19894
0.450000,0.520000,0.070000,0.180000,0.100000,62.549999,4.820000,-1.440000,262.769989,55.520000,60429.070312,35.78,97.88,2.500000,CO,19895
0.440000,0.510000,0.070000,0.230000,0.100000,61.340000,2.620000,-1.410000,264.049988,48.720001,62468.488281,35.79,98.04,2.500000,CO,19896
0.470000,0.540000,0.070000,0.260000,0.100000,62.279999,1.440000,-0.320000,263.380005,48.450001,62684.968750,35.8,98.21,2.500000,CO,19897
0.460000,0.530000,0.070000,0.240000,0.100000,62.849998,1.280000,0.830000,262.489990,49.919998,62195.750000,35.8,98.38,2.500000,CO,19898
0.440000,0.510000,0.060000,0.200000,0.100000,62.810001,2.730000,1.950000,261.390015,53.060001,60801.488281,35.81,98.55,2.500000,CO,19899
0.440000,0.510000,0.060000,0.190000,0.100000,62.660000,4.790000,1.210000,260.790009,53.330002,59931.730469,35.82,98.71,2.500000,CO,19900
0.450000,0.520000,0.060000,0.170000,0.100000,62.709999,5.550000,-0.600000,260.540009,52.310001,59692.171875,35.83,98.88,2.500000,CO,19901
0.480000,0.550000,0.060000,0.180000,0.100000,62.590000,5.330000,-0.410000,260.390015,51.689999,59728.191406,35.84,99.05,2.500000,CO,19902
0.480000,0.550000,0.060000,0.190000,0.100000,62.869999,5.760000,1.310000,259.989990,52.730000,59374.519531,35.84,99.21,2.500000,CO,19903
0.480000,0.550000,0.070000,0.200000,0.100000,62.970001,7.420000,-0.190000,259.790009,50.230000,58741.839844,35.85,99.38,2.500000,CO,19904
0.570000,0.650000,0.090000,0.270000,0.100000,60.540001,6.170000,-1.250000,262.079987,42.279999,60460.738281,35.86,99.55,2.500000,CO,19905
0.890000,1.020000,0.170000,0.400000,0.110000,58.500000,3.500000,-0.710000,264.350006,36.119999,63337.488281,35.87,99.72,2.750000,CO,19906
1.290000,1.450000,0.260000,0.510000,0.110000,57.680000,1.570000,-1.420000,265.320007,33.529999,65197.769531,35.87,99.88,2.750000,CO,19907
1.700000,1.890000,0.340000,0.670000,0.120000,58.779999,-0.390000,-0.230000,265.929993,36.430000,67198.539062,35.88,100.05,3.000000,CO,19908
2.140000,2.340000,0.430000,0.670000,0.130000,60.799999,-0.870000,0.210000,266.510010,40.430000,68608.140625,35.88,100.22,3.250000,CO,19909
2.630000,2.870000,0.550000,0.730000,0.130000,60.630001,-0.490000,-0.340000,267.369995,41.209999,70106.289062,35.89,100.39,3.757143,PM2.5,19910
3.710000,4.040000,0.890000,1.130000,0.150000,61.340000,-0.060000,-0.680000,268.459991,41.740002,71769.843750,35.9,100.55,5.300000,PM2.5,19911
3.990000,4.370000,1.030000,1.380000,0.150000,60.680000,-0.500000,0.550000,268.739990,40.330002,71538.312500,35.9,100.72,5.700000,PM2.5,19912
4.300000,4.740000,1.190000,1.570000,0.150000,59.360001,-0.770000,1.820000,268.269989,40.139999,70845.859375,35.91,100.89,6.142858,PM2.5,19913
5.080000,5.640000,1.530000,1.870000,0.160000,58.529999,-0.090000,1.680000,267.269989,42.889999,69881.156250,35.91,101.06,7.257143,PM2.5,19914
6.830000,7.640000,2.350000,2.560000,0.180000,57.869999,0.800000,0.590000,267.839996,42.709999,70969.882812,35.92,101.22,9.757143,PM2.5,19915
8.860000,9.980000,3.240000,3.310000,0.210000,58.590000,0.390000,-0.190000,270.149994,37.790001,74081.343750,35.92,101.39,12.657143,PM2.5,19916
12.610000,14.070000,4.320000,4.070000,0.280000,56.910000,0.160000,1.320000,267.690002,42.840000,71006.046875,35.93,101.56,18.014286,PM2.5,19917
16.480000,17.950001,5.740000,5.300000,0.330000,56.439999,0.850000,1.120000,264.209991,53.369999,67269.523438,35.93,101.73,23.542856,PM2.5,19918
31.549999,34.980000,12.320000,11.360000,0.570000,52.240002,-0.970000,0.300000,266.040009,53.730000,71662.828125,35.93,101.9,45.071426,PM2.5,19919
40.650002,45.130001,16.860001,15.770000,0.700000,49.369999,-3.020000,1.060000,268.149994,49.980000,75994.789062,35.94,102.06,57.062500,PM2.5,19920
43.189999,47.990002,18.360001,16.790001,0.730000,48.750000,-3.680000,0.910000,267.700012,50.639999,75452.156250,35.94,102.23,60.237499,PM2.5,19921
45.230000,51.250000,21.320000,18.600000,0.740000,45.410000,-3.840000,0.740000,266.380005,55.299999,74442.921875,35.95,102.4,62.787498,PM2.5,19922
49.400002,60.310001,23.190001,21.980000,0.840000,44.709999,-3.300000,-0.680000,265.609985,58.799999,74125.843750,35.95,102.57,68.000000,PM2.5,19923
61.320000,82.190002,24.420000,30.459999,1.120000,44.869999,-2.880000,-1.430000,265.730011,59.930000,75913.406250,35.95,102.73,82.900002,PM2.5,19924
68.419998,98.550003,20.840000,39.150002,1.300000,47.930000,-2.220000,-1.600000,266.630005,57.869999,78527.726562,35.95,102.9,91.774994,PM2.5,19925
0.460000,0.570000,0.050000,0.100000,0.100000,74.660004,13.850000,2.660000,260.649994,53.029999,55232.589844,35.19,89.56,2.500000,CO,20090
0.450000,0.560000,0.050000,0.100000,0.100000,74.949997,13.350000,1.870000,261.100006,51.910000,55535.851562,35.21,89.72,2.500000,CO,20091
0.450000,0.550000,0.050000,0.090000,0.100000,74.669998,12.940000,1.610000,261.309998,51.549999,55725.910156,35.23,89.89,2.500000,CO,20092
0.440000,0.540000,0.050000,0.090000,0.100000,74.620003,13.110000,1.260000,261.209991,52.099998,55668.371094,35.25,90.05,2.500000,CO,20093
0.430000,0.530000,0.040000,0.090000,0.100000,74.519997,12.940000,1.000000,261.339996,51.599998,55779.988281,35.27,90.22,2.500000,CO,20094
0.430000,0.530000,0.050000,0.090000,0.100000,73.160004,12.610000,0.960000,261.350006,51.720001,55856.898438,35.29,90.38,2.500000,CO,20095
0.420000,0.520000,0.040000,0.090000,0.100000,73.690002,12.440000,0.890000,261.170013,52.480000,55754.878906,35.31,90.55,2.500000,CO,20096
0.410000,0.510000,0.040000,0.090000,0.100000,73.809998,12.850000,0.770000,260.119995,57.220001,55022.660156,35.33,90.71,2.500000,CO,20097
0.410000,0.510000,0.040000,0.090000,0.100000,74.160004,13.850000,0.870000,258.959991,61.310001,54091.960938,35.34,90.88,2.500000,CO,20098
0.400000,0.500000,0.040000,0.090000,0.100000,74.410004,14.210000,1.000000,259.200012,60.560001,54240.070312,35.36,91.04,2.500000,CO,20099
0.400000,0.490000,0.040000,0.090000,0.100000,74.400002,13.650000,0.760000,260.160004,58.090000,55006.691406,35.38,91.21,2.500000,CO,20100
0.390000,0.490000,0.040000,0.090000,0.100000,74.470001,13.540000,0.530000,259.950012,58.900002,54868.898438,35.4,91.37,2.500000,CO,20101
0.390000,0.480000,0.040000,0.090000,0.100000,74.680000,14.260000,0.740000,259.149994,60.849998,54208.121094,35.41,91.54,2.500000,CO,20102
0.390000,0.480000,0.040000,0.090000,0.100000,74.790001,14.330000,0.890000,259.880005,57.220001,54669.578125,35.43,91.7,2.500000,CO,20103
0.380000,0.470000,0.040000,0.090000,0.100000,74.730003,13.550000,0.550000,260.970001,52.919998,55478.789062,35.45,91.87,2.500000,CO,20104
0.380000,0.460000,0.040000,0.090000,0.100000,74.809998,13.250000,0.390000,260.720001,53.459999,55292.601562,35.46,92.04,2.500000,CO,20105
0.370000,0.460000,0.040000,0.090000,0.100000,75.239998,12.930000,0.420000,260.799988,53.160000,55313.808594,35.48,92.2,2.500000,CO,20106
0.370000,0.450000,0.040000,0.090000,0.100000,75.089996,12.240000,0.080000,261.769989,49.740002,56043.031250,35.5,92.37,2.500000,CO,20107
0.360000,0.440000,0.040000,0.090000,0.100000,74.470001,12.030000,-0.440000,262.380005,47.619999,56591.390625,35.51,92.53,2.500000,CO,20108
0.350000,0.440000,0.030000,0.090000,0.100000,74.070000,12.250000,-0.740000,262.160004,49.009998,56512.339844,35.53,92.7,2.500000,CO,20109
0.350000,0.430000,0.030000,0.080000,0.100000,73.449997,12.140000,-1.250000,262.440002,49.369999,56819.148438,35.54,92.86,2.500000,CO,20110
0.340000,0.420000,0.030000,0.090000,0.100000,72.449997,11.100000,-2.210000,263.540009,47.750000,57956.660156,35.56,93.03,2.500000,CO,20111
0.340000,0.410000,0.030000,0.090000,0.100000,70.300003,9.690000,-2.530000,263.640015,49.790001,58412.628906,35.58,93.2,2.500000,CO,20112
0.330000,0.410000,0.030000,0.080000,0.100000,69.120003,8.910000,-2.480000,262.679993,53.860001,57860.789062,35.59,93.36,2.500000,CO,20113
0.330000,0.410000,0.030000,0.090000,0.100000,68.410004,9.300000,-2.600000,261.320007,59.599998,56783.398438,35.6,93.53,2.500000,CO,20114
0.330000,0.400000,0.040000,0.100000,0.100000,68.040001,10.520000,-2.080000,260.320007,62.270000,55790.730469,35.62,93.69,2.500000,CO,20115
0.330000,0.400000,0.040000,0.120000,0.100000,69.449997,11.390000,-0.940000,260.309998,61.450001,55638.660156,35.63,93.86,2.500000,CO,20116
0.320000,0.400000,0.040000,0.150000,0.100000,70.010002,11.850000,-0.010000,260.079987,62.060001,55371.078125,35.65,94.03,2.500000,CO,20117
0.320000,0.400000,0.040000,0.160000,0.100000,69.349998,12.390000,0.140000,260.299988,60.730000,55444.160156,35.66,94.19,2.500000,CO,20118
0.340000,0.420000,0.040000,0.160000,0.100000,68.690002,11.980000,-0.670000,261.609985,55.820000,56506.820312,35.68,94.36,2.500000,CO,20119
0.370000,0.460000,0.050000,0.160000,0.100000,67.839996,10.830000,-1.290000,262.420013,53.389999,57378.769531,35.69,94.53,2.500000,CO,20120
0.420000,0.500000,0.060000,0.180000,0.100000,68.230003,9.470000,-1.230000,263.100006,52.150002,58177.851562,35.7,94.69,2.500000,CO,20121
0.490000,0.580000,0.090000,0.200000,0.100000,67.720001,7.160000,-1.810000,263.200012,54.490002,58621.308594,35.72,94.86,2.500000,CO,20122
0.440000,0.530000,0.070000,0.180000,0.100000,65.370003,5.210000,-2.890000,262.470001,59.630001,58585.179688,35.73,95.03,2.500000,CO,20123
0.430000,0.510000,0.070000,0.180000,0.100000,63.340000,4.920000,-3.260000,262.480011,61.230000,59017.371094,35.74,95.19,2.500000,CO,20124
0.410000,0.490000,0.060000,0.170000,0.100000,64.180000,5.190000,-2.340000,263.170013,59.880001,59814.878906,35.75,95.36,2.500000,CO,20125
0.400000,0.470000,0.060000,0.160000,0.100000,64.510002,5.330000,-1.300000,263.040009,60.480000,59825.781250,35.77,95.53,2.500000,CO,20126
0.400000,0.480000,0.060000,0.150000,0.100000,64.809998,5.360000,-0.860000,262.489990,61.150002,59361.781250,35.78,95.69,2.500000,CO,20127
0.410000,0.490000,0.060000,0.150000,0.100000,63.759998,5.230000,-0.580000,261.649994,62.689999,58628.328125,35.79,95.86,2.500000,CO,20128
0.410000,0.490000,0.060000,0.150000,0.100000,64.320000,6.230000,-0.120000,260.320007,65.550003,57341.109375,35.8,96.03,2.500000,CO,20129
0.410000,0.490000,0.060000,0.140000,0.100000,64.800003,8.530000,-0.640000,260.739990,63.830002,57478.300781,35.81,96.19,2.500000,CO,20130
0.410000,0.490000,0.060000,0.140000,0.100000,64.510002,8.570000,-0.730000,263.619995,52.290001,59707.109375,35.82,96.36,2.500000,CO,20131
0.420000,0.490000,0.060000,0.140000,0.100000,63.820000,6.150000,-0.320000,264.570007,50.980000,61009.019531,35.83,96.53,2.500000,CO,20132
0.410000,0.480000,0.060000,0.140000,0.100000,64.160004,5.640000,-0.600000,261.429993,63.270000,58625.851562,35.84,96.69,2.500000,CO,20133
0.400000,0.470000,0.060000,0.130000,0.100000,62.639999,7.900000,-1.270000,258.540009,72.239998,56025.601562,35.86,96.86,2.500000,CO,20134
0.410000,0.480000,0.060000,0.130000,0.100000,63.330002,9.170000,-0.560000,259.359985,66.379997,56295.398438,35.87,97.03,2.500000,CO,20135
0.480000,0.550000,0.080000,0.160000,0.100000,61.450001,6.440000,-0.440000,262.149994,58.330002,58983.609375,35.88,97.2,2.500000,CO,20136
0.650000,0.750000,0.140000,0.240000,0.110000,60.410000,3.080000,-0.290000,265.200012,50.040001,63207.699219,35.89,97.36,2.750000,CO,20137
0.650000,0.740000,0.130000,0.220000,0.110000,60.860001,2.580000,0.190000,266.160004,46.360001,64827.859375,35.89,97.53,2.750000,CO,20138
0.640000,0.730000,0.120000,0.240000,0.110000,61.000000,2.880000,0.210000,265.920013,45.459999,64660.968750,35.9,97.7,2.750000,CO,20139
0.640000,0.730000,0.120000,0.290000,0.110000,60.709999,2.110000,-0.180000,266.839996,41.029999,66092.992188,35.91,97.87,2.750000,CO,20140
0.560000,0.640000,0.100000,0.300000,0.100000,60.610001,0.970000,0.520000,266.140015,40.470001,65490.429688,35.92,98.03,2.500000,CO,20141
0.530000,0.610000,0.090000,0.280000,0.100000,61.880001,1.310000,0.650000,263.570007,43.990002,62669.281250,35.93,98.2,2.500000,CO,20142
0.520000,0.600000,0.080000,0.220000,0.100000,62.480000,2.530000,0.920000,261.829987,47.900002,61115.898438,35.94,98.37,2.500000,CO,20143
0.500000,0.570000,0.070000,0.200000,0.100000,62.419998,3.000000,1.770000,261.410004,49.439999,60848.300781,35.95,98.54,2.500000,CO,20144
0.500000,0.570000,0.070000,0.180000,0.100000,62.509998,3.130000,1.280000,260.850006,50.790001,60525.769531,35.96,98.7,2.500000,CO,20145
0.510000,0.580000,0.070000,0.170000,0.100000,62.570000,4.480000,-0.060000,259.130005,56.070000,58845.179688,35.96,98.87,2.500000,CO,20146
0.510000,0.580000,0.070000,0.170000,0.100000,62.630001,6.900000,-0.940000,258.380005,54.709999,57737.421875,35.97,99.04,2.500000,CO,20147
0.490000,0.560000,0.070000,0.170000,0.100000,61.830002,7.570000,-0.460000,259.850006,47.330002,58621.828125,35.98,99.21,2.500000,CO,20148
0.510000,0.580000,0.070000,0.180000,0.100000,60.369999,7.280000,-0.760000,260.390015,43.820000,58967.988281,35.99,99.37,2.500000,CO,20149
0.620000,0.700000,0.100000,0.220000,0.100000,58.910000,6.170000,-1.480000,261.410004,41.660000,59735.019531,35.99,99.54,2.500000,CO,20150
0.960000,1.080000,0.180000,0.350000,0.110000,57.799999,3.590000,-1.060000,263.890015,39.119999,62841.730469,36.0,99.71,2.750000,CO,20151
1.600000,1.780000,0.310000,0.540000,0.110000,57.700001,0.920000,-1.170000,265.809998,36.299999,66521.296875,36.01,99.88,2.750000,CO,20152
2.210000,2.440000,0.450000,0.710000,0.120000,59.439999,-0.770000,0.450000,266.970001,38.360001,69081.046875,36.01,100.04,3.157143,PM2.5,20153
2.870000,3.130000,0.630000,0.850000,0.130000,60.459999,-1.080000,1.010000,267.329987,40.139999,69818.796875,36.02,100.21,4.100000,PM2.5,20154
3.910000,4.220000,0.940000,1.130000,0.150000,60.450001,-0.810000,0.470000,267.500000,41.040001,70289.632812,36.03,100.38,5.585714,PM2.5,20155
5.360000,5.760000,1.440000,1.730000,0.180000,60.200001,-0.720000,-0.380000,268.820007,40.040001,72152.210938,36.03,100.55,7.657143,PM2.5,20156
6.310000,6.800000,1.890000,2.220000,0.200000,60.849998,-1.550000,-0.070000,270.220001,37.950001,73935.203125,36.04,100.72,9.014286,PM2.5,20157
7.460000,8.140000,2.310000,2.560000,0.200000,58.790001,-2.040000,0.720000,269.679993,38.660000,73419.257812,36.04,100.88,10.657143,PM2.5,20158
8.840000,9.830000,2.910000,3.010000,0.210000,59.439999,-1.390000,0.420000,268.209991,42.090000,71864.523438,36.05,101.05,12.628572,PM2.5,20159
11.750000,13.470000,3.960000,4.090000,0.260000,58.590000,-0.870000,-0.490000,268.820007,41.130001,72952.960938,36.05,101.22,16.785715,PM2.5,20160
17.020000,20.260000,5.710000,6.020000,0.370000,56.860001,-1.970000,-0.780000,270.440002,38.630001,75238.593750,36.06,101.39,24.314287,PM2.5,20161
21.160000,25.809999,7.040000,7.410000,0.470000,56.700001,-3.200000,0.320000,268.529999,44.610001,73068.648438,36.06,101.55,30.228571,PM2.5,20162
31.290001,38.810001,10.450000,11.070000,0.670000,54.970001,-2.590000,1.190000,266.140015,53.369999,71379.179688,36.07,101.72,44.700001,PM2.5,20163
36.779999,45.520000,12.980000,13.940000,0.760000,54.779999,-1.860000,1.440000,267.640015,51.349998,74617.476562,36.07,101.89,52.224998,PM2.5,20164
37.270000,45.599998,13.900000,14.780000,0.750000,55.279999,-1.380000,1.500000,267.440002,51.009998,74089.906250,36.07,102.06,52.837502,PM2.5,20165
36.020000,43.130001,13.820000,14.110000,0.710000,54.389999,-0.040000,-0.380000,264.899994,56.029999,70047.726562,36.08,102.23,51.275002,PM2.5,20166
37.410000,43.790001,15.690000,14.970000,0.690000,51.480000,0.790000,-0.620000,263.450012,60.950001,68443.882812,36.08,102.39,53.012501,PM2.5,20167
42.910000,50.049999,20.940001,18.180000,0.730000,46.570000,-0.030000,-0.970000,263.420013,64.169998,69818.351562,36.08,102.56,59.887501,PM2.5,20168
57.619999,72.580002,29.020000,29.160000,1.000000,39.919998,-1.320000,-0.210000,264.679993,62.799999,74015.773438,36.09,102.73,78.275002,PM2.5,20169
68.239998,94.480003,26.240000,40.040001,1.250000,42.830002,-1.940000,-0.320000,266.299988,58.650002,77972.492188,36.09,102.9,91.549995,PM2.5,20170
0.470000,0.570000,0.050000,0.100000,0.100000,74.089996,13.570000,1.590000,260.380005,53.470001,55184.359375,35.33,89.53,2.500000,CO,20335
0.470000,0.570000,0.050000,0.100000,0.100000,73.029999,13.700000,1.250000,260.410004,54.720001,55253.328125,35.35,89.7,2.500000,CO,20336
0.460000,0.560000,0.050000,0.100000,0.100000,72.480003,13.260000,1.210000,260.690002,55.610001,55575.980469,35.37,89.86,2.500000,CO,20337
0.450000,0.550000,0.050000,0.100000,0.100000,73.160004,12.870000,1.070000,260.529999,57.259998,55516.371094,35.39,90.03,2.500000,CO,20338
0.450000,0.540000,0.050000,0.090000,0.100000,73.339996,12.750000,0.800000,260.100006,59.240002,55228.500000,35.4,90.19,2.500000,CO,20339
0.440000,0.530000,0.040000,0.090000,0.100000,73.410004,12.690000,0.710000,259.959991,59.720001,55092.480469,35.42,90.36,2.500000,CO,20340
0.430000,0.530000,0.040000,0.090000,0.100000,73.459999,12.620000,0.820000,259.890015,59.910000,55037.800781,35.44,90.52,2.500000,CO,20341
0.430000,0.520000,0.040000,0.090000,0.100000,73.550003,13.100000,1.040000,258.899994,63.720001,54274.289062,35.46,90.69,2.500000,CO,20342
0.420000,0.510000,0.040000,0.090000,0.100000,73.769997,14.050000,1.030000,257.940002,66.830002,53519.750000,35.48,90.86,2.500000,CO,20343
0.420000,0.510000,0.040000,0.090000,0.100000,73.870003,14.300000,0.800000,258.750000,63.650002,54066.468750,35.5,91.02,2.500000,CO,20344
0.410000,0.490000,0.040000,0.090000,0.100000,73.089996,13.840000,0.520000,259.489990,61.610001,54947.421875,35.51,91.19,2.500000,CO,20345
0.400000,0.490000,0.040000,0.090000,0.100000,73.589996,13.840000,0.460000,259.130005,62.290001,54561.378906,35.53,91.35,2.500000,CO,20346
0.400000,0.490000,0.040000,0.090000,0.100000,72.669998,14.370000,0.340000,258.700012,62.799999,54151.820312,35.55,91.52,2.500000,CO,20347
0.400000,0.480000,0.040000,0.090000,0.100000,73.349998,14.030000,0.040000,260.420013,55.830002,55311.390625,35.57,91.68,2.500000,CO,20348
0.390000,0.460000,0.040000,0.090000,0.100000,72.440002,13.070000,-0.240000,260.929993,55.410000,56069.898438,35.58,91.85,2.500000,CO,20349
0.390000,0.470000,0.040000,0.090000,0.100000,73.269997,13.010000,-0.070000,260.260010,57.910000,55445.179688,35.6,92.01,2.500000,CO,20350
0.380000,0.460000,0.040000,0.090000,0.100000,73.449997,13.190000,-0.160000,260.600006,56.689999,55602.421875,35.62,92.18,2.500000,CO,20351
0.370000,0.460000,0.040000,0.090000,0.100000,72.160004,12.630000,-0.780000,261.920013,52.500000,56650.121094,35.63,92.35,2.500000,CO,20352
0.370000,0.450000,0.040000,0.090000,0.100000,71.279999,12.070000,-1.210000,262.339996,52.180000,57070.109375,35.65,92.51,2.500000,CO,20353
0.360000,0.450000,0.040000,0.090000,0.100000,70.440002,11.690000,-1.350000,262.660004,52.509998,57445.390625,35.66,92.68,2.500000,CO,20354
0.360000,0.440000,0.040000,0.090000,0.100000,69.629997,11.000000,-1.950000,262.890015,52.959999,57758.210938,35.68,92.85,2.500000,CO,20355
0.350000,0.420000,0.030000,0.090000,0.100000,69.010002,10.770000,-2.620000,261.630005,58.799999,57273.441406,35.69,93.01,2.500000,CO,20356
0.350000,0.420000,0.030000,0.080000,0.100000,68.449997,10.780000,-1.860000,261.429993,59.080002,56961.851562,35.71,93.18,2.500000,CO,20357
0.340000,0.420000,0.030000,0.080000,0.100000,67.830002,10.510000,-0.940000,261.040009,60.439999,56608.839844,35.73,93.34,2.500000,CO,20358
0.340000,0.420000,0.030000,0.080000,0.100000,67.680000,11.050000,-0.470000,259.519989,65.870003,55306.898438,35.74,93.51,2.500000,CO,20359
0.340000,0.410000,0.040000,0.090000,0.100000,67.949997,12.470000,-0.170000,258.829987,66.809998,54568.171875,35.75,93.68,2.500000,CO,20360
0.340000,0.410000,0.040000,0.100000,0.100000,69.400002,12.840000,-0.090000,260.589996,59.580002,55784.550781,35.77,93.84,2.500000,CO,20361
0.330000,0.400000,0.040000,0.110000,0.100000,70.199997,11.550000,-0.330000,262.869995,51.980000,57574.378906,35.78,94.01,2.500000,CO,20362
0.330000,0.400000,0.040000,0.130000,0.100000,69.889999,9.900000,-0.790000,264.320007,48.540001,58960.308594,35.8,94.18,2.500000,CO,20363
0.410000,0.490000,0.060000,0.180000,0.100000,69.099998,8.490000,-1.670000,264.029999,51.610001,59184.050781,35.81,94.34,2.500000,CO,20364
0.490000,0.580000,0.080000,0.230000,0.100000,68.610001,8.040000,-1.400000,262.739990,56.369999,58399.699219,35.82,94.51,2.500000,CO,20365
0.610000,0.720000,0.120000,0.280000,0.110000,67.830002,6.770000,-1.470000,263.559998,55.169998,59274.660156,35.84,94.68,2.750000,CO,20366
0.750000,0.900000,0.180000,0.350000,0.110000,66.099998,3.300000,-1.940000,264.869995,54.860001,61302.738281,35.85,94.84,2.750000,CO,20367
0.510000,0.610000,0.100000,0.250000,0.100000,62.779999,2.100000,-2.370000,263.489990,60.209999,60495.058594,35.86,95.01,2.500000,CO,20368
0.480000,0.570000,0.090000,0.210000,0.100000,61.279999,5.000000,-2.580000,261.079987,66.570000,58064.960938,35.88,95.18,2.500000,CO,20369
0.470000,0.550000,0.080000,0.190000,0.100000,63.080002,7.580000,-1.470000,260.950012,65.610001,57557.621094,35.89,95.34,2.500000,CO,20370
0.460000,0.540000,0.080000,0.180000,0.100000,63.910000,7.630000,-0.710000,261.809998,63.029999,58198.949219,35.9,95.51,2.500000,CO,20371
0.460000,0.550000,0.080000,0.170000,0.100000,64.309998,7.030000,-0.340000,262.149994,61.680000,58640.050781,35.91,95.68,2.500000,CO,20372
0.460000,0.540000,0.080000,0.170000,0.100000,64.269997,6.370000,0.150000,261.929993,62.520000,58745.359375,35.92,95.85,2.500000,CO,20373
0.450000,0.530000,0.070000,0.160000,0.100000,64.839996,6.140000,0.170000,261.459991,64.129997,58497.019531,35.94,96.01,2.500000,CO,20374
0.450000,0.520000,0.070000,0.150000,0.100000,64.760002,8.160000,-0.530000,260.390015,66.589996,57538.328125,35.95,96.18,2.500000,CO,20375
0.460000,0.540000,0.070000,0.150000,0.100000,63.130001,8.910000,-1.240000,262.260010,57.410000,58705.121094,35.96,96.35,2.500000,CO,20376
0.490000,0.570000,0.080000,0.150000,0.100000,61.160000,5.740000,-1.030000,264.880005,51.180000,61621.718750,35.97,96.51,2.500000,CO,20377
0.460000,0.540000,0.070000,0.150000,0.100000,62.189999,4.700000,1.510000,263.190002,59.009998,60576.160156,35.98,96.68,2.500000,CO,20378
0.470000,0.540000,0.070000,0.150000,0.100000,62.259998,7.280000,1.630000,261.329987,63.099998,58575.128906,35.99,96.85,2.500000,CO,20379
0.540000,0.610000,0.080000,0.170000,0.100000,61.130001,7.040000,-0.340000,262.779999,58.250000,60065.789062,36.0,97.02,2.500000,CO,20380
0.730000,0.820000,0.120000,0.240000,0.110000,59.439999,3.200000,-1.510000,265.730011,49.750000,64311.949219,36.01,97.18,2.750000,CO,20381
1.060000,1.180000,0.210000,0.350000,0.110000,59.860001,0.940000,-1.020000,268.750000,41.980000,69074.906250,36.02,97.35,2.750000,CO,20382
1.130000,1.260000,0.220000,0.380000,0.110000,61.849998,0.700000,-0.290000,269.920013,37.889999,70664.523438,36.03,97.52,2.750000,CO,20383
1.040000,1.180000,0.210000,0.390000,0.110000,60.849998,0.760000,0.540000,269.839996,35.689999,70289.781250,36.04,97.69,2.750000,CO,20384
0.930000,1.060000,0.210000,0.420000,0.110000,61.740002,0.540000,1.170000,269.540009,33.849998,69776.000000,36.05,97.85,2.750000,CO,20385
0.680000,0.780000,0.140000,0.390000,0.100000,61.169998,0.190000,2.310000,267.760010,34.549999,67551.640625,36.06,98.02,2.500000,CO,20386
0.600000,0.690000,0.110000,0.320000,0.100000,61.290001,0.990000,2.220000,265.559998,36.669998,64764.828125,36.07,98.19,2.500000,CO,20387
0.570000,0.660000,0.090000,0.240000,0.100000,60.669998,2.030000,2.010000,263.519989,40.400002,62822.078125,36.08,98.36,2.500000,CO,20388
0.550000,0.620000,0.080000,0.200000,0.100000,60.369999,2.160000,1.820000,261.670013,45.830002,61325.378906,36.08,98.53,2.500000,CO,20389
0.540000,0.610000,0.080000,0.180000,0.100000,60.279999,2.300000,1.550000,259.899994,51.759998,59864.070312,36.09,98.69,2.500000,CO,20390
0.540000,0.610000,0.080000,0.160000,0.100000,60.470001,4.180000,1.410000,258.190002,57.410000,58146.230469,36.1,98.86,2.500000,CO,20391
0.530000,0.600000,0.070000,0.160000,0.100000,60.130001,7.390000,0.750000,257.720001,54.209999,57134.058594,36.11,99.03,2.500000,CO,20392
0.530000,0.600000,0.080000,0.150000,0.100000,59.250000,8.950000,-0.660000,259.059998,46.400002,57683.660156,36.12,99.2,2.500000,CO,20393
0.610000,0.690000,0.100000,0.170000,0.100000,57.720001,7.620000,-1.660000,260.820007,41.470001,59185.519531,36.12,99.36,2.500000,CO,20394
0.860000,0.960000,0.150000,0.230000,0.100000,56.830002,4.460000,-1.930000,263.010010,39.810001,61938.710938,36.13,99.53,2.500000,CO,20395
1.410000,1.570000,0.270000,0.430000,0.110000,57.250000,1.570000,-1.280000,265.320007,39.500000,65769.140625,36.14,99.7,2.750000,CO,20396
2.070000,2.290000,0.410000,0.630000,0.120000,58.419998,0.050000,-0.410000,266.959991,38.590000,68850.500000,36.14,99.87,3.000000,CO,20397
2.470000,2.710000,0.510000,0.730000,0.130000,59.009998,-0.690000,0.690000,267.859985,38.669998,70537.843750,36.15,100.04,3.528571,PM2.5,20398
3.080000,3.340000,0.680000,0.900000,0.140000,59.290001,-0.910000,1.060000,268.029999,39.369999,71106.117188,36.16,100.2,4.400000,PM2.5,20399
3.900000,4.180000,0.900000,1.160000,0.160000,59.509998,-0.620000,0.570000,267.809998,40.130001,70978.671875,36.16,100.37,5.571429,PM2.5,20400
5.500000,5.890000,1.390000,1.870000,0.200000,59.580002,-0.380000,-0.140000,268.559998,38.349998,71964.429688,36.17,100.54,7.857143,PM2.5,20401
6.470000,6.970000,1.810000,2.390000,0.220000,61.400002,-0.960000,-0.330000,269.799988,35.880001,73424.242188,36.17,100.71,9.242857,PM2.5,20402
6.790000,7.390000,2.040000,2.530000,0.220000,62.029999,-1.320000,-0.430000,268.910004,37.930000,72372.343750,36.18,100.88,9.700000,PM2.5,20403
7.400000,8.320000,2.380000,2.810000,0.220000,63.070000,-0.490000,-0.880000,266.929993,42.139999,69882.757812,36.18,101.04,10.571428,PM2.5,20404
9.340000,11.020000,3.070000,3.660000,0.250000,62.119999,0.750000,-1.310000,265.730011,45.009998,68540.210938,36.19,101.21,13.342857,PM2.5,20405
14.830000,18.400000,4.620000,5.480000,0.370000,60.990002,0.270000,-0.270000,266.170013,44.970001,69326.359375,36.19,101.38,21.185715,PM2.5,20406
25.020000,33.520000,7.830000,9.560000,0.620000,58.430000,-1.980000,-0.320000,266.760010,48.380001,71314.726562,36.2,101.55,35.742859,PM2.5,20407
34.820000,47.730000,10.680000,13.080000,0.840000,57.599998,-2.490000,0.040000,266.829987,53.720001,72982.492188,36.2,101.72,49.742855,PM2.5,20408
37.910000,51.709999,11.810000,14.410000,0.890000,57.910000,-1.460000,0.490000,266.910004,54.549999,73335.937500,36.21,101.89,53.637501,PM2.5,20409
37.430000,50.290001,12.290000,14.650000,0.860000,57.540001,-0.440000,0.360000,265.440002,56.599998,70630.312500,36.21,102.05,53.037498,PM2.5,20410
37.490002,48.540001,13.370000,14.950000,0.820000,55.910000,2.220000,0.140000,262.790009,59.419998,66551.406250,36.21,102.22,53.112503,PM2.5,20411
39.529999,48.439999,16.000000,16.070000,0.780000,52.730000,2.790000,-0.560000,262.399994,61.400002,66429.796875,36.22,102.39,55.662498,PM2.5,20412
47.700001,56.970001,24.290001,22.549999,0.830000,43.560001,-0.510000,-0.460000,264.149994,62.430000,71882.906250,36.22,102.56,65.875000,PM2.5,20413
61.790001,79.540001,28.660000,32.860001,1.080000,39.450001,-2.420000,0.700000,266.470001,58.099998,77478.093750,36.22,102.73,83.487503,PM2.5,20414
66.519997,92.279999,21.860001,37.900002,1.210000,45.060001,-2.360000,0.950000,267.420013,55.400002,79729.546875,36.23,102.9,89.399994,PM2.5,20415
0.470000,0.570000,0.050000,0.100000,0.100000,73.730003,13.630000,1.340000,258.529999,63.080002,53986.179688,35.5,89.84,2.500000,CO,20583
0.460000,0.550000,0.050000,0.100000,0.100000,73.550003,12.960000,1.370000,259.010010,63.389999,54473.070312,35.52,90.01,2.500000,CO,20584
0.460000,0.550000,0.050000,0.100000,0.100000,73.430000,12.650000,1.250000,259.130005,64.320000,54667.859375,35.54,90.17,2.500000,CO,20585
0.450000,0.540000,0.050000,0.090000,0.100000,73.400002,12.650000,1.120000,259.010010,65.019997,54604.191406,35.56,90.34,2.500000,CO,20586
0.440000,0.530000,0.040000,0.090000,0.100000,73.360001,12.760000,1.050000,259.170013,64.559998,54684.671875,35.58,90.5,2.500000,CO,20587
0.440000,0.510000,0.040000,0.090000,0.100000,72.690002,13.140000,1.150000,258.899994,65.760002,54642.160156,35.59,90.67,2.500000,CO,20588
0.430000,0.510000,0.040000,0.090000,0.100000,73.250000,13.700000,1.090000,258.730011,66.330002,54432.859375,35.61,90.83,2.500000,CO,20589
0.430000,0.500000,0.040000,0.090000,0.100000,72.680000,13.950000,0.870000,258.679993,66.459999,54529.320312,35.63,91.0,2.500000,CO,20590
0.420000,0.500000,0.040000,0.090000,0.100000,71.760002,13.580000,0.680000,259.149994,64.559998,54876.121094,35.65,91.16,2.500000,CO,20591
0.420000,0.500000,0.040000,0.090000,0.100000,71.260002,13.370000,0.530000,258.950012,64.500000,54682.191406,35.67,91.33,2.500000,CO,20592
0.410000,0.500000,0.040000,0.090000,0.100000,71.019997,13.700000,0.050000,258.679993,65.040001,54424.660156,35.68,91.5,2.500000,CO,20593
0.400000,0.490000,0.040000,0.090000,0.100000,71.949997,13.550000,-0.640000,259.429993,62.220001,54917.570312,35.7,91.66,2.500000,CO,20594
0.400000,0.490000,0.040000,0.090000,0.100000,71.110001,13.120000,-0.600000,259.839996,61.320000,55267.769531,35.72,91.83,2.500000,CO,20595
0.390000,0.480000,0.040000,0.090000,0.100000,70.919998,13.000000,0.140000,260.070007,60.610001,55433.789062,35.73,91.99,2.500000,CO,20596
0.390000,0.470000,0.040000,0.090000,0.100000,71.660004,12.420000,-0.060000,261.029999,56.860001,56134.640625,35.75,92.16,2.500000,CO,20597
0.380000,0.460000,0.040000,0.090000,0.100000,71.669998,11.600000,-1.010000,261.510010,56.160000,56566.539062,35.77,92.33,2.500000,CO,20598
0.370000,0.450000,0.040000,0.090000,0.100000,71.660004,11.450000,-1.320000,261.350006,58.009998,56512.339844,35.78,92.49,2.500000,CO,20599
0.370000,0.440000,0.040000,0.090000,0.100000,71.440002,11.040000,-1.180000,262.049988,56.240002,57166.449219,35.8,92.66,2.500000,CO,20600
0.360000,0.440000,0.040000,0.090000,0.100000,69.910004,10.570000,-1.150000,261.350006,59.459999,56767.308594,35.81,92.83,2.500000,CO,20601
0.360000,0.430000,0.040000,0.080000,0.100000,69.169998,11.510000,-1.090000,259.359985,66.830002,55193.468750,35.83,92.99,2.500000,CO,20602
0.350000,0.430000,0.040000,0.080000,0.100000,68.809998,12.090000,-0.710000,260.179993,62.799999,55752.351562,35.85,93.16,2.500000,CO,20603
0.350000,0.420000,0.030000,0.080000,0.100000,69.279999,11.150000,-0.300000,261.859985,56.279999,57106.648438,35.86,93.33,2.500000,CO,20604
0.340000,0.410000,0.030000,0.080000,0.100000,69.389999,10.670000,0.070000,261.630005,57.980000,57066.828125,35.87,93.49,2.500000,CO,20605
0.340000,0.410000,0.030000,0.080000,0.100000,69.739998,11.100000,-0.170000,261.529999,59.310001,57038.660156,35.89,93.66,2.500000,CO,20606
0.340000,0.410000,0.030000,0.080000,0.100000,69.930000,11.000000,-0.790000,262.549988,56.389999,57906.750000,35.9,93.83,2.500000,CO,20607
0.340000,0.410000,0.030000,0.090000,0.100000,69.720001,10.440000,-1.380000,263.290009,54.250000,58604.230469,35.92,93.99,2.500000,CO,20608
0.350000,0.420000,0.040000,0.100000,0.100000,68.190002,9.490000,-1.850000,263.339996,54.980000,58767.019531,35.93,94.16,2.500000,CO,20609
0.460000,0.540000,0.060000,0.170000,0.100000,67.889999,8.610000,-2.130000,262.950012,57.299999,58676.949219,35.95,94.33,2.500000,CO,20610
0.670000,0.790000,0.140000,0.280000,0.110000,66.279999,7.750000,-0.750000,262.529999,59.240002,58462.539062,35.96,94.49,2.750000,CO,20611
1.020000,1.220000,0.260000,0.420000,0.110000,64.690002,4.790000,-1.220000,264.549988,56.070000,60934.488281,35.97,94.66,2.750000,CO,20612
1.320000,1.600000,0.390000,0.620000,0.120000,66.989998,1.150000,-1.110000,266.899994,50.970001,64186.339844,35.99,94.83,3.000000,CO,20613
0.710000,0.850000,0.170000,0.350000,0.100000,60.759998,1.850000,0.250000,264.130005,57.020000,61257.390625,36.0,94.99,2.500000,CO,20614
0.660000,0.780000,0.150000,0.290000,0.100000,59.290001,6.480000,0.700000,260.140015,68.059998,57102.921875,36.01,95.16,2.500000,CO,20615
0.650000,0.770000,0.140000,0.260000,0.100000,61.180000,8.320000,-0.050000,260.899994,64.540001,57400.238281,36.02,95.33,2.500000,CO,20616
0.620000,0.740000,0.130000,0.240000,0.100000,60.599998,6.770000,-0.610000,262.549988,59.980000,59065.449219,36.04,95.5,2.500000,CO,20617
0.600000,0.710000,0.120000,0.220000,0.100000,60.500000,5.620000,-0.300000,263.390015,58.430000,60224.199219,36.05,95.66,2.500000,CO,20618
0.570000,0.670000,0.110000,0.210000,0.100000,61.180000,4.930000,0.530000,263.799988,58.090000,60997.660156,36.06,95.83,2.500000,CO,20619
0.540000,0.640000,0.100000,0.190000,0.100000,60.430000,5.560000,1.240000,262.619995,61.340000,60125.050781,36.07,96.0,2.500000,CO,20620
0.540000,0.630000,0.100000,0.180000,0.100000,61.250000,7.600000,1.200000,261.720001,61.049999,58910.269531,36.08,96.17,2.500000,CO,20621
0.590000,0.680000,0.100000,0.180000,0.100000,60.270000,6.790000,-0.880000,263.709991,54.779999,60803.140625,36.09,96.33,2.500000,CO,20622
0.700000,0.790000,0.120000,0.180000,0.100000,59.369999,3.540000,-1.320000,265.510010,51.570000,63574.730469,36.1,96.5,2.500000,CO,20623
0.810000,0.910000,0.150000,0.190000,0.110000,59.369999,2.310000,1.030000,266.040009,51.619999,64630.531250,36.12,96.67,2.750000,CO,20624
0.970000,1.070000,0.190000,0.240000,0.110000,58.849998,2.300000,1.050000,266.769989,49.720001,65901.117188,36.13,96.84,2.750000,CO,20625
1.130000,1.250000,0.200000,0.290000,0.110000,58.779999,1.430000,-0.440000,267.730011,47.400002,67861.296875,36.14,97.0,2.750000,CO,20626
1.400000,1.540000,0.250000,0.370000,0.120000,60.720001,0.340000,-0.550000,269.010010,43.270000,70090.890625,36.15,97.17,3.000000,CO,20627
1.630000,1.790000,0.300000,0.430000,0.120000,63.660000,0.350000,-0.620000,270.119995,40.619999,71819.710938,36.16,97.34,3.000000,CO,20628
1.380000,1.540000,0.270000,0.440000,0.120000,65.599998,0.140000,-0.490000,270.760010,38.200001,72156.539062,36.17,97.51,3.000000,CO,20629
1.220000,1.380000,0.270000,0.480000,0.110000,63.500000,-0.510000,0.640000,270.679993,34.490002,71799.109375,36.18,97.68,2.750000,CO,20630
1.130000,1.290000,0.270000,0.500000,0.110000,62.919998,-0.290000,1.590000,269.440002,33.369999,69918.820312,36.18,97.84,2.750000,CO,20631
0.850000,0.970000,0.180000,0.450000,0.100000,61.330002,0.130000,2.220000,267.619995,33.939999,67519.023438,36.19,98.01,2.500000,CO,20632
0.710000,0.810000,0.130000,0.360000,0.100000,60.299999,0.570000,2.410000,266.720001,33.389999,66396.492188,36.2,98.18,2.500000,CO,20633
0.640000,0.730000,0.110000,0.240000,0.090000,60.650002,0.960000,2.710000,264.950012,36.560001,64640.648438,36.21,98.35,2.250000,CO,20634
0.600000,0.680000,0.090000,0.190000,0.090000,60.020000,1.510000,2.890000,262.390015,42.549999,62168.949219,36.22,98.51,2.250000,CO,20635
0.580000,0.660000,0.090000,0.170000,0.090000,59.610001,3.030000,2.880000,259.920013,49.299999,59790.281250,36.23,98.68,2.250000,CO,20636
0.570000,0.650000,0.080000,0.160000,0.090000,59.410000,5.930000,2.640000,258.570007,51.840000,58302.339844,36.24,98.85,2.250000,CO,20637
0.560000,0.630000,0.090000,0.150000,0.090000,59.509998,7.610000,1.480000,260.190002,44.500000,59065.300781,36.24,99.02,2.250000,CO,20638
0.700000,0.790000,0.130000,0.200000,0.100000,57.610001,5.630000,-0.460000,262.829987,37.959999,61544.019531,36.25,99.19,2.500000,CO,20639
1.100000,1.230000,0.240000,0.340000,0.100000,56.619999,2.660000,-1.440000,264.299988,37.549999,64027.480469,36.26,99.36,2.500000,CO,20640
1.610000,1.790000,0.330000,0.480000,0.110000,57.740002,0.820000,-1.330000,265.500000,39.419998,66470.570312,36.27,99.52,2.750000,CO,20641
1.950000,2.160000,0.390000,0.600000,0.120000,58.000000,-0.040000,-0.750000,267.170013,39.209999,69257.031250,36.27,99.69,3.000000,CO,20642
2.220000,2.450000,0.450000,0.680000,0.120000,58.419998,-0.140000,-0.300000,268.399994,36.880001,70992.390625,36.28,99.86,3.171429,PM2.5,20643
2.440000,2.670000,0.510000,0.720000,0.130000,59.410000,-0.040000,0.480000,268.170013,37.270000,70842.617188,36.29,100.03,3.485714,PM2.5,20644
2.810000,3.040000,0.630000,0.840000,0.140000,60.250000,0.130000,0.280000,267.420013,37.930000,70020.312500,36.29,100.2,4.014286,PM2.5,20645
3.370000,3.600000,0.760000,1.040000,0.150000,60.599998,0.240000,-0.420000,267.119995,37.939999,69762.742188,36.3,100.36,4.814286,PM2.5,20646
4.870000,5.210000,1.200000,1.780000,0.190000,61.180000,0.140000,-1.080000,267.100006,37.740002,69671.046875,36.3,100.53,6.957143,PM2.5,20647
5.730000,6.200000,1.460000,2.210000,0.220000,61.930000,0.070000,-1.230000,266.829987,38.450001,69372.476562,36.31,100.7,8.185715,PM2.5,20648
5.700000,6.290000,1.520000,2.150000,0.210000,63.080002,-0.070000,-1.220000,266.380005,39.639999,68987.257812,36.31,100.87,8.142857,PM2.5,20649
6.540000,7.580000,1.870000,2.540000,0.220000,63.570000,1.130000,-0.900000,264.250000,44.009998,66365.640625,36.32,101.04,9.342857,PM2.5,20650
8.450000,10.460000,2.590000,3.450000,0.260000,63.189999,3.670000,-1.260000,261.579987,48.810001,63091.410156,36.32,101.21,12.071428,PM2.5,20651
12.680000,16.990000,3.860000,5.240000,0.370000,62.820000,3.550000,-0.470000,262.720001,47.959999,64381.468750,36.33,101.38,18.114286,PM2.5,20652
24.650000,36.250000,7.410000,10.790000,0.680000,61.080002,1.130000,-0.660000,264.690002,50.360001,68248.101562,36.33,101.54,36.250000,PM10,20653
36.840000,55.439999,10.930000,15.340000,0.970000,59.549999,-0.470000,-0.560000,265.149994,57.439999,70593.382812,36.34,101.71,52.720001,PM10,20654
42.529999,62.750000,13.080000,17.190001,1.050000,59.279999,-1.360000,-0.670000,265.040009,62.570000,71733.828125,36.34,101.88,59.412498,PM2.5,20655
45.549999,66.059998,15.400000,19.629999,1.090000,56.860001,-1.680000,-0.890000,265.209991,61.419998,72193.437500,36.35,102.05,63.187500,PM2.5,20656
46.889999,64.589996,17.580000,20.900000,1.060000,53.790001,-1.290000,0.170000,265.079987,60.389999,71994.023438,36.35,102.22,64.862503,PM2.5,20657
53.849998,69.930000,24.219999,26.790001,1.090000,46.139999,-2.100000,0.530000,265.079987,61.169998,73261.117188,36.35,102.39,73.562500,PM2.5,20658
57.130001,70.709999,29.709999,29.540001,1.020000,38.509998,-2.910000,0.750000,266.019989,60.790001,76803.960938,36.36,102.55,77.662498,PM2.5,20659
63.430000,82.320000,28.450001,33.919998,1.130000,37.939999,-2.340000,0.890000,267.769989,55.439999,79805.906250,36.36,102.72,85.537498,PM2.5,20660
0.480000,0.560000,0.050000,0.100000,0.100000,73.610001,14.160000,1.370000,257.279999,64.519997,53112.128906,35.64,89.82,2.500000,CO,20829
0.470000,0.550000,0.050000,0.100000,0.100000,73.360001,13.450000,1.190000,258.390015,61.040001,54023.828125,35.65,89.98,2.500000,CO,20830
0.460000,0.550000,0.050000,0.100000,0.100000,73.190002,12.960000,1.080000,258.869995,59.759998,54434.410156,35.67,90.15,2.500000,CO,20831
0.460000,0.540000,0.050000,0.100000,0.100000,73.050003,12.700000,1.100000,258.880005,61.310001,54504.589844,35.69,90.31,2.500000,CO,20832
0.450000,0.530000,0.050000,0.090000,0.100000,72.989998,12.600000,0.850000,258.660004,63.450001,54385.781250,35.71,90.48,2.500000,CO,20833
0.440000,0.520000,0.040000,0.090000,0.100000,72.959999,12.920000,0.480000,258.070007,65.669998,53980.800781,35.73,90.65,2.500000,CO,20834
0.440000,0.520000,0.040000,0.090000,0.100000,73.000000,13.480000,0.430000,257.679993,67.269997,53696.191406,35.75,90.81,2.500000,CO,20835
0.430000,0.510000,0.040000,0.090000,0.100000,72.989998,13.490000,0.740000,258.160004,66.570000,54094.851562,35.77,90.98,2.500000,CO,20836
0.430000,0.510000,0.040000,0.090000,0.100000,71.519997,12.820000,0.970000,258.989990,64.730003,54838.871094,35.78,91.14,2.500000,CO,20837
0.420000,0.500000,0.040000,0.090000,0.100000,72.139999,12.420000,0.820000,259.170013,64.940002,54971.968750,35.8,91.31,2.500000,CO,20838
0.410000,0.500000,0.040000,0.090000,0.100000,70.910004,12.530000,0.410000,258.779999,67.029999,54700.121094,35.82,91.48,2.500000,CO,20839
0.410000,0.490000,0.040000,0.090000,0.100000,70.599998,12.770000,-0.020000,258.320007,68.779999,54318.750000,35.84,91.64,2.500000,CO,20840
0.400000,0.490000,0.040000,0.090000,0.100000,70.519997,13.160000,-0.170000,258.029999,69.139999,53997.558594,35.85,91.81,2.500000,CO,20841
0.400000,0.480000,0.040000,0.090000,0.100000,71.459999,12.760000,-0.140000,260.239990,59.869999,55617.070312,35.87,91.97,2.500000,CO,20842
0.390000,0.460000,0.040000,0.090000,0.100000,71.510002,10.990000,-0.370000,262.739990,50.970001,57634.199219,35.89,92.14,2.500000,CO,20843
0.380000,0.460000,0.040000,0.090000,0.100000,70.199997,10.190000,-0.580000,261.380005,56.759998,56736.128906,35.9,92.31,2.500000,CO,20844
0.380000,0.460000,0.040000,0.090000,0.100000,69.500000,11.150000,-0.780000,259.559998,63.720001,55321.218750,35.92,92.47,2.500000,CO,20845
0.370000,0.450000,0.040000,0.090000,0.100000,70.169998,11.450000,-0.890000,260.369995,60.570000,55936.171875,35.93,92.64,2.500000,CO,20846
0.370000,0.440000,0.040000,0.090000,0.100000,70.029999,10.960000,-0.480000,260.980011,58.380001,56480.960938,35.95,92.81,2.500000,CO,20847
0.370000,0.440000,0.040000,0.090000,0.100000,68.500000,11.110000,-0.330000,260.290009,61.209999,56038.781250,35.96,92.97,2.500000,CO,20848
0.360000,0.430000,0.040000,0.090000,0.100000,68.730003,10.980000,-1.130000,260.809998,59.820000,56533.078125,35.98,93.14,2.500000,CO,20849
0.360000,0.430000,0.040000,0.090000,0.100000,67.239998,10.050000,-1.350000,261.619995,58.000000,57353.910156,36.0,93.31,2.500000,CO,20850
0.360000,0.420000,0.040000,0.090000,0.100000,68.129997,9.600000,-0.710000,261.350006,59.980000,57222.679688,36.01,93.47,2.500000,CO,20851
0.360000,0.420000,0.040000,0.090000,0.100000,68.510002,9.990000,-0.860000,260.709991,62.770000,56728.511719,36.02,93.64,2.500000,CO,20852
0.370000,0.430000,0.040000,0.090000,0.100000,68.629997,10.190000,-1.200000,260.959991,61.590000,56860.378906,36.04,93.81,2.500000,CO,20853
0.420000,0.500000,0.050000,0.100000,0.100000,66.459999,9.220000,-1.130000,261.720001,59.950001,57541.039062,36.05,93.98,2.500000,CO,20854
0.520000,0.610000,0.070000,0.120000,0.110000,65.410004,7.530000,-1.000000,262.000000,61.029999,58053.230469,36.07,94.14,2.750000,CO,20855
0.650000,0.760000,0.100000,0.160000,0.110000,65.389999,7.320000,-1.360000,262.119995,60.950001,58360.519531,36.08,94.31,2.750000,CO,20856
1.020000,1.200000,0.230000,0.330000,0.110000,62.570000,5.910000,-0.600000,263.489990,59.419998,59810.621094,36.09,94.48,2.750000,CO,20857
2.070000,2.470000,0.610000,0.790000,0.120000,60.090000,2.190000,-1.530000,266.809998,52.419998,64577.011719,36.11,94.64,3.000000,CO,20858
3.340000,4.060000,1.180000,1.710000,0.130000,61.720001,0.110000,-1.020000,268.500000,46.070000,67371.656250,36.12,94.81,4.771429,PM2.5,20859
1.980000,2.390000,0.640000,0.960000,0.110000,58.259998,2.190000,2.220000,265.769989,51.480000,63456.769531,36.13,94.98,2.828572,PM2.5,20860
1.570000,1.870000,0.450000,0.660000,0.110000,58.869999,4.920000,1.990000,264.119995,55.840000,61224.511719,36.15,95.15,2.750000,CO,20861
1.340000,1.580000,0.360000,0.490000,0.110000,58.459999,3.940000,-0.070000,265.649994,52.790001,63315.730469,36.16,95.31,2.750000,CO,20862
1.150000,1.340000,0.300000,0.400000,0.110000,58.570000,2.770000,-0.210000,265.940002,52.330002,64044.640625,36.17,95.48,2.750000,CO,20863
1.030000,1.200000,0.250000,0.350000,0.110000,58.490002,2.880000,0.210000,265.679993,52.509998,63845.691406,36.18,95.65,2.750000,CO,20864
0.930000,1.080000,0.220000,0.300000,0.110000,58.330002,3.110000,0.760000,265.950012,51.380001,64189.101562,36.19,95.82,2.750000,CO,20865
0.900000,1.030000,0.200000,0.270000,0.110000,58.020000,3.780000,1.590000,265.380005,52.880001,63507.128906,36.21,95.98,2.750000,CO,20866
0.960000,1.080000,0.210000,0.240000,0.110000,57.389999,3.310000,0.930000,266.040009,50.910000,64505.218750,36.22,96.15,2.750000,CO,20867
1.170000,1.300000,0.250000,0.240000,0.110000,57.169998,1.060000,-0.580000,267.670013,47.889999,67425.460938,36.23,96.32,2.750000,CO,20868
1.700000,1.860000,0.340000,0.270000,0.120000,59.720001,-0.790000,-0.340000,268.130005,47.680000,68904.703125,36.24,96.49,3.000000,CO,20869
2.110000,2.290000,0.440000,0.320000,0.130000,61.509998,-1.140000,-0.240000,268.640015,47.209999,70136.468750,36.25,96.66,3.250000,CO,20870
2.130000,2.320000,0.440000,0.350000,0.130000,62.720001,-0.930000,-0.520000,269.619995,44.799999,71828.812500,36.26,96.82,3.250000,CO,20871
2.010000,2.200000,0.380000,0.360000,0.130000,64.379997,-1.040000,-0.400000,270.230011,43.820000,72710.093750,36.27,96.99,3.250000,CO,20872
1.930000,2.110000,0.360000,0.360000,0.120000,65.139999,-0.950000,-0.170000,270.380005,42.590000,72843.421875,36.28,97.16,3.000000,CO,20873
1.820000,2.000000,0.340000,0.370000,0.120000,65.849998,-0.640000,-0.560000,270.359985,41.240002,72602.179688,36.29,97.33,3.000000,CO,20874
1.480000,1.640000,0.300000,0.370000,0.120000,66.400002,-0.880000,-0.760000,270.609985,36.840000,72275.453125,36.3,97.5,3.000000,CO,20875
1.300000,1.450000,0.290000,0.420000,0.110000,65.099998,-1.050000,0.250000,270.459991,33.500000,71727.296875,36.31,97.66,2.750000,CO,20876
1.190000,1.350000,0.290000,0.460000,0.110000,63.090000,-0.620000,1.490000,269.579987,31.860001,70330.093750,36.32,97.83,2.750000,CO,20877
1.110000,1.270000,0.270000,0.550000,0.110000,60.779999,-0.260000,1.960000,268.470001,31.040001,68928.390625,36.33,98.0,2.750000,CO,20878
1.020000,1.170000,0.250000,0.530000,0.100000,59.840000,0.000000,2.510000,267.239990,31.549999,67514.617188,36.34,98.17,2.500000,CO,20879
0.730000,0.830000,0.130000,0.300000,0.090000,59.950001,0.530000,3.080000,265.200012,35.139999,65199.359375,36.35,98.34,2.250000,CO,20880
0.670000,0.760000,0.110000,0.250000,0.090000,59.060001,1.760000,3.560000,263.040009,39.630001,63010.289062,36.35,98.5,2.250000,CO,20881
0.640000,0.720000,0.100000,0.210000,0.090000,58.869999,3.610000,3.780000,261.589996,42.889999,61484.421875,36.36,98.67,2.250000,CO,20882
0.630000,0.710000,0.100000,0.180000,0.090000,58.630001,6.520000,3.210000,260.570007,44.240002,60266.000000,36.37,98.84,2.250000,CO,20883
0.680000,0.760000,0.130000,0.180000,0.100000,58.080002,6.900000,1.010000,262.309998,38.770000,61264.570312,36.38,99.01,2.500000,CO,20884
1.400000,1.580000,0.360000,0.450000,0.110000,56.610001,2.390000,-0.870000,265.739990,34.570000,65604.546875,36.39,99.18,2.750000,CO,20885
1.980000,2.220000,0.530000,0.720000,0.120000,58.220001,-0.720000,-0.690000,267.200012,36.619999,68895.921875,36.39,99.35,3.000000,CO,20886
2.030000,2.260000,0.490000,0.710000,0.120000,58.580002,-0.590000,-0.980000,267.709991,37.009998,69939.117188,36.4,99.51,3.000000,CO,20887
2.030000,2.250000,0.450000,0.670000,0.120000,58.480000,0.280000,-1.210000,267.640015,36.849998,69859.640625,36.41,99.68,3.000000,CO,20888
2.110000,2.330000,0.450000,0.650000,0.120000,58.880001,1.700000,-0.790000,266.839996,37.160000,68689.546875,36.41,99.85,3.014286,PM2.5,20889
2.230000,2.440000,0.490000,0.660000,0.130000,60.419998,2.430000,-0.180000,266.320007,36.790001,67852.312500,36.42,100.02,3.250000,CO,20890
2.530000,2.740000,0.570000,0.750000,0.130000,60.700001,2.210000,-0.860000,265.390015,38.099998,67098.523438,36.43,100.19,3.614286,PM2.5,20891
3.000000,3.210000,0.660000,0.930000,0.140000,60.849998,1.590000,-1.500000,264.799988,39.950001,66913.273438,36.43,100.36,4.285714,PM2.5,20892
4.560000,4.870000,1.110000,1.690000,0.180000,61.220001,1.040000,-1.550000,264.019989,41.959999,66414.796875,36.44,100.53,6.514286,PM2.5,20893
5.400000,5.860000,1.360000,2.090000,0.210000,62.380001,1.120000,-1.380000,263.570007,42.650002,66117.289062,36.44,100.69,7.714286,PM2.5,20894
5.170000,5.770000,1.340000,1.940000,0.200000,63.990002,1.330000,-1.850000,263.779999,41.740002,66314.726562,36.45,100.86,7.385715,PM2.5,20895
7.040000,8.350000,1.980000,2.750000,0.240000,64.080002,2.270000,-0.850000,262.790009,44.290001,64855.390625,36.46,101.03,10.057143,PM2.5,20896
11.350000,14.590000,3.370000,4.710000,0.340000,63.459999,3.250000,-0.390000,262.630005,46.650002,64535.441406,36.46,101.2,16.214287,PM2.5,20897
20.230000,29.180000,6.060000,9.140000,0.580000,62.680000,1.990000,-1.080000,264.209991,50.139999,67497.328125,36.46,101.37,29.180000,PM10,20898
40.360001,63.919998,12.540000,20.370001,1.100000,59.570000,-0.340000,-1.280000,265.079987,58.980000,70957.078125,36.47,101.54,56.959999,PM10,20899
54.200001,88.180000,18.600000,28.889999,1.420000,56.930000,-1.810000,-0.040000,265.440002,62.520000,72512.210938,36.47,101.71,74.000000,PM2.5,20900
59.270000,94.169998,20.750000,30.680000,1.490000,55.590000,-2.850000,0.420000,265.559998,63.619999,73676.593750,36.48,101.88,80.337502,PM2.5,20901
58.790001,87.949997,21.209999,29.770000,1.400000,52.869999,-3.580000,-0.100000,266.660004,59.910000,75745.007812,36.48,102.04,79.737503,PM2.5,20902
55.500000,77.480003,21.420000,27.370001,1.220000,50.619999,-3.990000,0.230000,268.040009,55.000000,77824.656250,36.49,102.21,75.625000,PM2.5,20903
53.040001,68.930000,22.610001,26.240000,1.040000,46.450001,-4.170000,0.990000,267.989990,54.919998,78273.843750,36.49,102.38,72.550003,PM2.5,20904
50.900002,64.519997,22.870001,26.530001,0.910000,44.590000,-3.260000,1.080000,266.220001,61.060001,76720.382812,36.49,102.55,69.875000,PM2.5,20905
56.759998,77.139999,21.680000,34.110001,1.060000,43.830002,-1.840000,0.920000,266.429993,60.740002,77524.421875,36.49,102.72,77.199997,PM2.5,20906
0.490000,0.570000,0.050000,0.100000,0.100000,73.550003,14.090000,1.190000,258.049988,57.400002,53741.480469,35.77,89.79,2.500000,CO,21076
0.480000,0.560000,0.050000,0.100000,0.100000,72.050003,13.390000,0.740000,258.820007,54.779999,54421.289062,35.79,89.96,2.500000,CO,21077
0.470000,0.560000,0.050000,0.100000,0.100000,71.290001,13.060000,0.740000,258.570007,56.450001,54346.648438,35.81,90.12,2.500000,CO,21078
0.470000,0.550000,0.050000,0.100000,0.100000,72.000000,12.910000,0.890000,258.630005,57.520000,54420.609375,35.83,90.29,2.500000,CO,21079
0.460000,0.540000,0.050000,0.100000,0.100000,72.089996,12.640000,0.840000,258.220001,60.049999,54164.890625,35.85,90.46,2.500000,CO,21080
0.450000,0.530000,0.050000,0.090000,0.100000,70.989998,13.110000,0.510000,256.510010,67.250000,52929.621094,35.86,90.62,2.500000,CO,21081
0.450000,0.530000,0.050000,0.090000,0.100000,71.059998,14.230000,0.100000,255.229996,71.370003,51855.300781,35.88,90.79,2.500000,CO,21082
0.440000,0.530000,0.050000,0.090000,0.100000,70.910004,14.540000,0.050000,256.079987,68.510002,52482.019531,35.9,90.95,2.500000,CO,21083
0.440000,0.510000,0.050000,0.090000,0.100000,71.489998,13.580000,0.460000,258.200012,61.509998,54157.789062,35.92,91.12,2.500000,CO,21084
0.430000,0.510000,0.040000,0.090000,0.100000,71.610001,12.760000,0.710000,258.880005,59.869999,54729.578125,35.94,91.29,2.500000,CO,21085
0.420000,0.500000,0.040000,0.090000,0.100000,71.839996,12.790000,0.570000,258.730011,61.150002,54619.769531,35.95,91.45,2.500000,CO,21086
0.420000,0.490000,0.040000,0.090000,0.100000,71.919998,12.840000,0.410000,258.910004,61.029999,54756.460938,35.97,91.62,2.500000,CO,21087
0.410000,0.490000,0.040000,0.090000,0.100000,70.830002,12.820000,0.150000,258.829987,62.130001,54736.238281,35.99,91.79,2.500000,CO,21088
0.410000,0.480000,0.040000,0.090000,0.100000,71.480003,12.540000,-0.550000,260.000000,58.139999,55618.480469,36.0,91.95,2.500000,CO,21089
0.400000,0.470000,0.040000,0.090000,0.100000,71.180000,11.450000,-0.640000,261.880005,51.209999,57138.070312,36.02,92.12,2.500000,CO,21090
0.390000,0.460000,0.040000,0.090000,0.100000,70.849998,10.560000,0.170000,261.799988,52.020000,57179.910156,36.04,92.29,2.500000,CO,21091
0.390000,0.460000,0.040000,0.090000,0.100000,70.459999,10.710000,-0.040000,260.690002,56.369999,56321.460938,36.05,92.45,2.500000,CO,21092
0.380000,0.450000,0.040000,0.090000,0.100000,69.940002,10.780000,-1.030000,260.390015,57.439999,56131.500000,36.07,92.62,2.500000,CO,21093
0.380000,0.450000,0.040000,0.090000,0.100000,67.830002,10.010000,-1.220000,260.769989,57.299999,56588.109375,36.08,92.79,2.500000,CO,21094
0.370000,0.440000,0.040000,0.090000,0.100000,66.559998,8.990000,-0.960000,260.739990,59.630001,56838.671875,36.1,92.95,2.500000,CO,21095
0.370000,0.440000,0.040000,0.090000,0.100000,65.650002,8.960000,-1.410000,259.559998,65.650002,56038.890625,36.12,93.12,2.500000,CO,21096
0.370000,0.440000,0.040000,0.090000,0.100000,65.389999,9.690000,-1.160000,259.140015,67.790001,55619.328125,36.13,93.29,2.500000,CO,21097
0.400000,0.470000,0.040000,0.090000,0.100000,64.779999,9.300000,-0.400000,260.549988,63.900002,56713.191406,36.15,93.46,2.500000,CO,21098
0.440000,0.510000,0.050000,0.100000,0.100000,64.330002,8.610000,-0.100000,261.170013,62.860001,57366.019531,36.16,93.62,2.500000,CO,21099
0.510000,0.590000,0.060000,0.110000,0.110000,64.760002,8.130000,-0.270000,262.040009,60.410000,58153.121094,36.17,93.79,2.750000,CO,21100
0.890000,1.010000,0.140000,0.190000,0.110000,61.970001,5.600000,-0.990000,264.339996,54.869999,60945.359375,36.19,93.96,2.750000,CO,21101
1.340000,1.520000,0.260000,0.290000,0.110000,58.950001,3.010000,-0.840000,265.739990,52.270000,63546.601562,36.2,94.13,2.750000,CO,21102
1.660000,1.900000,0.360000,0.430000,0.120000,57.540001,3.610000,-0.260000,265.239990,53.410000,63171.601562,36.22,94.29,3.000000,CO,21103
2.140000,2.500000,0.560000,0.720000,0.120000,57.209999,3.570000,-0.560000,265.329987,54.150002,63421.171875,36.23,94.46,3.057143,PM2.5,21104
3.900000,4.680000,1.280000,1.740000,0.130000,56.549999,1.180000,-1.650000,267.940002,46.650002,67754.953125,36.24,94.63,5.571429,PM2.5,21105
8.390000,10.300000,3.290000,4.730000,0.160000,55.430000,-0.040000,-1.480000,269.209991,43.139999,70096.140625,36.26,94.8,11.985715,PM2.5,21106
5.320000,6.500000,2.040000,2.830000,0.140000,56.090000,0.150000,0.810000,268.859985,44.169998,68624.226562,36.27,94.96,7.600000,PM2.5,21107
2.690000,3.170000,0.830000,1.050000,0.120000,57.680000,0.210000,0.140000,268.790009,44.480000,68577.148438,36.28,95.13,3.842857,PM2.5,21108
2.020000,2.340000,0.580000,0.730000,0.120000,59.400002,-0.340000,-0.740000,269.109985,43.820000,69533.437500,36.29,95.3,3.000000,CO,21109
1.620000,1.850000,0.430000,0.530000,0.120000,60.040001,-0.860000,-0.270000,268.970001,44.790001,69374.117188,36.31,95.47,3.000000,CO,21110
1.520000,1.710000,0.370000,0.450000,0.120000,59.849998,-0.860000,0.070000,268.720001,45.520000,69133.273438,36.32,95.63,3.000000,CO,21111
1.630000,1.820000,0.380000,0.430000,0.120000,59.119999,-0.860000,0.090000,268.890015,45.150002,69534.343750,36.33,95.8,3.000000,CO,21112
1.940000,2.130000,0.440000,0.450000,0.120000,58.450001,-1.450000,0.290000,269.130005,44.439999,70039.343750,36.34,95.97,3.000000,CO,21113
2.320000,2.530000,0.520000,0.510000,0.130000,59.270000,-2.480000,0.050000,269.339996,45.090000,71099.343750,36.35,96.14,3.314286,PM2.5,21114
2.500000,2.730000,0.570000,0.560000,0.130000,59.840000,-3.180000,0.050000,269.480011,46.709999,72016.648438,36.36,96.31,3.571429,PM2.5,21115
2.490000,2.710000,0.600000,0.490000,0.130000,60.820000,-2.930000,0.100000,269.529999,46.770000,72445.117188,36.38,96.47,3.557143,PM2.5,21116
2.420000,2.630000,0.620000,0.400000,0.130000,62.610001,-2.220000,-0.590000,269.700012,46.630001,73028.773438,36.39,96.64,3.457143,PM2.5,21117
2.400000,2.610000,0.600000,0.360000,0.130000,62.730000,-1.740000,-0.690000,269.869995,46.290001,73324.078125,36.4,96.81,3.428571,PM2.5,21118
2.280000,2.480000,0.500000,0.330000,0.130000,64.750000,-1.690000,-0.720000,269.929993,44.970001,73150.773438,36.41,96.98,3.257143,PM2.5,21119
2.120000,2.310000,0.430000,0.310000,0.130000,65.620003,-1.640000,-0.850000,269.850006,42.230000,72864.281250,36.42,97.15,3.250000,CO,21120
1.830000,2.000000,0.370000,0.310000,0.120000,66.519997,-1.890000,-0.890000,270.170013,39.060001,72657.390625,36.43,97.32,3.000000,CO,21121
1.690000,1.860000,0.350000,0.340000,0.120000,65.779999,-2.030000,-0.740000,270.250000,36.580002,72405.218750,36.44,97.48,3.000000,CO,21122
1.520000,1.680000,0.340000,0.380000,0.120000,64.500000,-1.490000,-0.020000,270.019989,34.509998,71796.406250,36.45,97.65,3.000000,CO,21123
1.310000,1.470000,0.320000,0.460000,0.110000,62.560001,-1.020000,1.040000,269.619995,32.080002,70958.109375,36.46,97.82,2.750000,CO,21124
1.310000,1.490000,0.340000,0.600000,0.110000,60.349998,-0.620000,1.810000,268.489990,31.240000,69460.671875,36.46,97.99,2.750000,CO,21125
1.220000,1.390000,0.310000,0.610000,0.100000,60.209999,-0.270000,2.530000,267.140015,32.369999,67833.507812,36.47,98.16,2.500000,CO,21126
0.850000,0.950000,0.170000,0.360000,0.100000,59.310001,0.320000,3.190000,265.899994,33.580002,66333.523438,36.48,98.33,2.500000,CO,21127
0.770000,0.860000,0.140000,0.290000,0.100000,59.380001,1.910000,3.530000,263.859985,37.730000,64054.871094,36.49,98.49,2.500000,CO,21128
0.730000,0.820000,0.130000,0.260000,0.100000,58.660000,4.220000,3.770000,262.320007,41.189999,62443.710938,36.5,98.66,2.500000,CO,21129
0.730000,0.820000,0.140000,0.240000,0.100000,58.400002,6.580000,3.250000,262.410004,39.810001,62129.179688,36.51,98.83,2.500000,CO,21130
0.960000,1.070000,0.240000,0.300000,0.100000,57.639999,4.920000,0.390000,264.720001,34.919998,64116.398438,36.51,99.0,2.500000,CO,21131
1.820000,2.030000,0.510000,0.620000,0.120000,58.709999,0.850000,-1.260000,267.029999,35.580002,68197.031250,36.52,99.17,3.000000,CO,21132
2.060000,2.310000,0.570000,0.770000,0.120000,59.480000,-0.040000,-1.420000,268.140015,35.459999,70261.039062,36.53,99.34,3.000000,CO,21133
2.030000,2.260000,0.530000,0.720000,0.120000,59.790001,0.870000,-1.900000,267.459991,35.369999,69336.546875,36.54,99.51,3.000000,CO,21134
1.990000,2.210000,0.480000,0.630000,0.120000,59.680000,2.610000,-1.460000,265.010010,39.070000,66251.296875,36.54,99.67,3.000000,CO,21135
2.040000,2.250000,0.480000,0.610000,0.120000,59.869999,4.490000,-0.510000,263.510010,40.459999,64245.339844,36.55,99.84,3.000000,CO,21136
2.160000,2.360000,0.500000,0.620000,0.120000,60.110001,4.300000,-0.610000,264.799988,37.720001,65807.226562,36.56,100.01,3.085714,PM2.5,21137
2.390000,2.600000,0.540000,0.680000,0.130000,60.139999,2.760000,-0.580000,264.739990,39.470001,67053.242188,36.56,100.18,3.414286,PM2.5,21138
2.830000,3.020000,0.620000,0.830000,0.140000,60.560001,1.720000,-0.210000,264.010010,42.389999,67006.523438,36.57,100.35,4.042857,PM2.5,21139
3.990000,4.240000,0.860000,1.230000,0.160000,62.540001,1.110000,1.060000,262.929993,46.320000,67399.281250,36.57,100.52,5.700000,PM2.5,21140
5.340000,5.780000,1.250000,1.720000,0.180000,64.199997,0.470000,1.290000,262.579987,47.669998,67470.617188,36.58,100.69,7.628572,PM2.5,21141
7.000000,8.020000,1.910000,2.350000,0.210000,64.110001,1.650000,-0.460000,262.519989,44.919998,65523.078125,36.59,100.86,10.000000,PM2.5,21142
11.380000,13.960000,3.450000,4.360000,0.300000,63.750000,3.410000,-0.950000,262.570007,46.730000,64984.371094,36.59,101.03,16.257143,PM2.5,21143
20.219999,27.209999,6.370000,8.670000,0.550000,63.049999,1.120000,-0.490000,264.970001,46.419998,68475.632812,36.6,101.19,28.885714,PM2.5,21144
48.230000,73.150002,15.130000,24.430000,1.280000,57.209999,-1.910000,-0.470000,265.510010,58.270000,71810.828125,36.6,101.36,66.537498,PM2.5,21145
63.869999,103.949997,20.559999,34.849998,1.680000,56.259998,-2.350000,-0.340000,266.690002,61.330002,74412.078125,36.61,101.53,86.087502,PM2.5,21146
70.580002,119.260002,24.719999,40.580002,1.850000,55.259998,-2.670000,0.840000,267.630005,57.720001,75762.750000,36.61,101.7,94.475006,PM2.5,21147
68.309998,113.570000,24.049999,38.540001,1.770000,55.090000,-3.160000,1.940000,267.140015,59.450001,75672.453125,36.61,101.87,91.637497,PM2.5,21148
57.900002,90.489998,20.139999,30.809999,1.440000,55.150002,-3.030000,1.520000,266.420013,62.380001,74956.789062,36.62,102.04,78.625000,PM2.5,21149
51.369999,73.500000,18.290001,24.049999,1.180000,54.369999,-2.680000,1.130000,265.720001,63.830002,74035.031250,36.62,102.21,70.462502,PM2.5,21150
47.380001,61.790001,19.200001,21.959999,0.950000,50.639999,-2.180000,0.820000,264.950012,65.400002,73161.617188,36.62,102.38,65.474998,PM2.5,21151
44.700001,56.599998,19.350000,22.670000,0.810000,48.189999,-1.670000,0.720000,263.929993,69.070000,72258.843750,36.63,102.55,62.125000,PM2.5,21152
0.500000,0.580000,0.050000,0.100000,0.100000,73.540001,13.570000,1.720000,258.809998,51.970001,54330.820312,35.88,89.6,2.500000,CO,21322
0.500000,0.580000,0.050000,0.100000,0.100000,73.430000,13.360000,1.080000,258.480011,54.009998,54138.890625,35.9,89.77,2.500000,CO,21323
0.490000,0.570000,0.050000,0.100000,0.100000,73.309998,13.190000,0.650000,258.010010,57.060001,53857.070312,35.92,89.93,2.500000,CO,21324
0.480000,0.560000,0.050000,0.100000,0.100000,73.230003,13.240000,0.700000,257.690002,60.310001,53689.378906,35.94,90.1,2.500000,CO,21325
0.470000,0.550000,0.050000,0.100000,0.100000,73.059998,13.060000,0.740000,258.279999,59.700001,54233.371094,35.96,90.27,2.500000,CO,21326
0.470000,0.540000,0.050000,0.100000,0.100000,72.959999,12.630000,0.870000,258.369995,60.430000,54383.789062,35.98,90.43,2.500000,CO,21327
0.460000,0.540000,0.050000,0.100000,0.100000,71.500000,12.690000,1.110000,257.100006,65.959999,53564.671875,36.0,90.6,2.500000,CO,21328
0.460000,0.530000,0.050000,0.090000,0.100000,72.309998,13.620000,0.750000,255.250000,71.879997,52039.781250,36.02,90.77,2.500000,CO,21329
0.450000,0.530000,0.050000,0.090000,0.100000,70.940002,14.170000,-0.090000,255.789993,68.800003,52377.828125,36.05,91.1,2.500000,CO,21331
0.440000,0.520000,0.050000,0.090000,0.100000,70.209999,13.110000,0.220000,257.470001,62.340000,53700.878906,36.07,91.27,2.500000,CO,21332
0.440000,0.520000,0.050000,0.090000,0.100000,69.690002,12.620000,0.080000,257.769989,61.560001,53965.488281,36.09,91.43,2.500000,CO,21333
0.430000,0.510000,0.050000,0.090000,0.100000,69.230003,12.470000,-0.380000,258.029999,61.340000,54192.390625,36.11,91.6,2.500000,CO,21334
0.420000,0.500000,0.050000,0.090000,0.100000,70.139999,12.110000,-0.640000,258.609985,60.349998,54657.750000,36.12,91.77,2.500000,CO,21335
0.420000,0.490000,0.050000,0.090000,0.100000,70.379997,11.850000,-0.820000,258.709991,61.480000,54781.968750,36.14,91.93,2.500000,CO,21336
0.420000,0.490000,0.050000,0.100000,0.100000,68.849998,11.340000,-0.570000,259.779999,59.459999,55615.941406,36.16,92.1,2.500000,CO,21337
0.410000,0.480000,0.040000,0.100000,0.100000,68.660004,9.790000,-0.460000,262.350006,52.250000,57790.578125,36.17,92.27,2.500000,CO,21338
0.400000,0.470000,0.040000,0.100000,0.100000,67.930000,8.010000,-0.710000,263.279999,50.980000,58885.378906,36.19,92.43,2.500000,CO,21339
0.390000,0.470000,0.040000,0.100000,0.100000,65.889999,7.440000,-0.870000,261.290009,58.779999,57520.960938,36.2,92.6,2.500000,CO,21340
0.390000,0.460000,0.040000,0.100000,0.100000,65.080002,7.740000,-1.160000,259.649994,65.389999,56197.289062,36.22,92.77,2.500000,CO,21341
0.390000,0.460000,0.040000,0.100000,0.100000,66.010002,7.890000,-1.020000,259.760010,66.040001,56360.750000,36.23,92.94,2.500000,CO,21342
0.390000,0.460000,0.040000,0.100000,0.100000,64.849998,8.710000,-0.400000,259.279999,69.470001,56066.558594,36.25,93.1,2.500000,CO,21343
0.420000,0.490000,0.040000,0.100000,0.100000,65.059998,9.310000,-0.020000,260.410004,65.730003,56823.410156,36.27,93.27,2.500000,CO,21344
0.620000,0.710000,0.080000,0.120000,0.110000,62.720001,6.900000,-0.600000,263.859985,55.869999,60245.410156,36.28,93.44,2.750000,CO,21345
0.970000,1.090000,0.160000,0.170000,0.110000,58.790001,3.850000,-0.370000,265.489990,52.860001,63107.460938,36.29,93.61,2.750000,CO,21346
1.420000,1.600000,0.260000,0.250000,0.120000,56.900002,2.470000,-0.290000,266.040009,51.669998,64711.699219,36.31,93.77,3.000000,CO,21347
2.050000,2.310000,0.410000,0.390000,0.120000,55.990002,1.340000,-1.230000,267.040009,48.950001,67183.273438,36.32,93.94,3.000000,CO,21348
2.690000,3.060000,0.610000,0.660000,0.130000,56.090000,0.520000,-1.540000,268.010010,46.240002,69595.421875,36.34,94.11,3.842857,PM2.5,21349
3.180000,3.670000,0.810000,1.030000,0.130000,56.669998,0.270000,-0.680000,268.519989,44.560001,69994.156250,36.35,94.28,4.542857,PM2.5,21350
5.000000,5.920000,1.580000,2.320000,0.140000,56.080002,-0.280000,-0.400000,268.549988,44.020000,69904.578125,36.36,94.44,7.142857,PM2.5,21351
8.280000,10.030000,2.980000,4.680000,0.170000,54.060001,-1.220000,-0.880000,269.290009,41.939999,71181.242188,36.38,94.61,11.828571,PM2.5,21352
12.710000,15.690000,5.120000,7.420000,0.200000,51.400002,-2.000000,-1.360000,269.790009,40.630001,72086.078125,36.39,94.78,18.157143,PM2.5,21353
7.400000,8.990000,2.750000,3.790000,0.160000,54.240002,-2.550000,-1.160000,270.140015,39.880001,72357.296875,36.4,94.95,10.571428,PM2.5,21354
2.440000,2.700000,0.500000,0.490000,0.130000,57.439999,-3.170000,-1.090000,270.100006,41.029999,72633.953125,36.42,95.12,3.485714,PM2.5,21355
2.330000,2.570000,0.500000,0.450000,0.130000,57.799999,-3.540000,-0.840000,269.899994,42.230000,72456.882812,36.43,95.28,3.328571,PM2.5,21356
2.320000,2.550000,0.500000,0.440000,0.130000,57.740002,-3.600000,-0.770000,270.040009,42.810001,72580.750000,36.44,95.45,3.314286,PM2.5,21357
2.350000,2.580000,0.530000,0.430000,0.130000,57.990002,-3.790000,-0.630000,270.239990,42.889999,72903.617188,36.45,95.62,3.357143,PM2.5,21358
2.370000,2.590000,0.570000,0.430000,0.130000,58.570000,-4.090000,-0.600000,270.250000,43.139999,73098.726562,36.47,95.79,3.385714,PM2.5,21359
2.400000,2.620000,0.630000,0.450000,0.130000,58.869999,-4.230000,-0.510000,270.359985,42.790001,73508.656250,36.48,95.96,3.428571,PM2.5,21360
2.470000,2.700000,0.680000,0.490000,0.130000,60.220001,-4.080000,-0.090000,270.269989,43.110001,73612.882812,36.49,96.12,3.528571,PM2.5,21361
2.530000,2.750000,0.700000,0.510000,0.130000,61.950001,-3.830000,-0.200000,269.809998,43.709999,73224.671875,36.5,96.29,3.614286,PM2.5,21362
2.460000,2.690000,0.740000,0.460000,0.130000,62.560001,-3.530000,-0.480000,269.450012,43.720001,73082.679688,36.51,96.46,3.514286,PM2.5,21363
2.460000,2.680000,0.790000,0.400000,0.130000,62.000000,-2.980000,-0.990000,269.299988,43.900002,73228.156250,36.52,96.63,3.514286,PM2.5,21364
2.390000,2.610000,0.730000,0.370000,0.130000,63.070000,-2.510000,-1.150000,269.489990,43.150002,73249.226562,36.53,96.8,3.414286,PM2.5,21365
2.270000,2.470000,0.600000,0.330000,0.130000,64.330002,-2.360000,-0.820000,269.589996,41.849998,73095.171875,36.54,96.97,3.250000,CO,21366
2.170000,2.360000,0.510000,0.330000,0.130000,64.790001,-2.270000,-0.780000,269.619995,40.660000,72897.882812,36.55,97.13,3.250000,CO,21367
1.990000,2.180000,0.450000,0.360000,0.130000,65.370003,-2.480000,-0.990000,269.859985,38.470001,72699.257812,36.56,97.3,3.250000,CO,21368
1.810000,1.990000,0.400000,0.390000,0.120000,65.410004,-2.550000,-0.860000,269.910004,36.919998,72351.343750,36.57,97.47,3.000000,CO,21369
1.620000,1.780000,0.380000,0.450000,0.120000,65.169998,-2.500000,-0.580000,269.640015,36.369999,71744.398438,36.58,97.64,3.000000,CO,21370
1.510000,1.680000,0.390000,0.560000,0.120000,63.290001,-2.340000,0.150000,269.130005,34.169998,71060.539062,36.59,97.81,3.000000,CO,21371
1.380000,1.540000,0.360000,0.570000,0.110000,61.299999,-1.540000,1.130000,268.059998,33.070000,69488.562500,36.6,97.98,2.750000,CO,21372
1.230000,1.380000,0.320000,0.530000,0.110000,60.930000,-0.640000,1.930000,266.510010,34.830002,67544.203125,36.61,98.15,2.750000,CO,21373
1.000000,1.120000,0.240000,0.390000,0.100000,59.959999,0.550000,3.040000,265.149994,36.160000,66029.843750,36.62,98.32,2.500000,CO,21374
0.930000,1.040000,0.220000,0.340000,0.100000,59.889999,2.530000,3.520000,264.149994,37.570000,64604.421875,36.63,98.48,2.500000,CO,21375
0.910000,1.020000,0.220000,0.320000,0.100000,59.070000,5.150000,3.490000,263.690002,37.770000,63840.179688,36.63,98.65,2.500000,CO,21376
0.990000,1.100000,0.270000,0.340000,0.100000,59.270000,5.350000,1.960000,265.220001,34.209999,64880.519531,36.64,98.82,2.500000,CO,21377
1.620000,1.810000,0.530000,0.600000,0.120000,60.119999,1.980000,-1.230000,267.540009,32.619999,68228.640625,36.65,98.99,3.000000,CO,21378
2.070000,2.310000,0.650000,0.740000,0.120000,61.340000,0.270000,-2.370000,268.119995,35.369999,70078.210938,36.66,99.16,3.000000,CO,21379
2.080000,2.320000,0.610000,0.790000,0.130000,60.900002,1.620000,-2.440000,266.989990,35.849998,68558.500000,36.66,99.33,3.250000,CO,21380
2.030000,2.260000,0.570000,0.710000,0.120000,60.900002,3.600000,-1.380000,264.450012,39.299999,65563.046875,36.67,99.5,3.000000,CO,21381
2.020000,2.230000,0.540000,0.640000,0.120000,60.369999,5.250000,-0.220000,262.920013,40.580002,63672.539062,36.68,99.67,3.000000,CO,21382
2.150000,2.370000,0.550000,0.650000,0.120000,59.810001,4.990000,-0.100000,264.390015,37.779999,65369.550781,36.69,99.84,3.071429,PM2.5,21383
2.570000,2.810000,0.620000,0.740000,0.130000,61.509998,3.190000,-0.300000,263.820007,44.630001,68002.546875,36.69,100.0,3.671428,PM2.5,21384
2.750000,2.980000,0.630000,0.770000,0.130000,62.689999,1.660000,0.390000,262.589996,51.590000,68764.351562,36.7,100.17,3.928571,PM2.5,21385
3.270000,3.490000,0.730000,0.950000,0.140000,63.360001,1.040000,1.480000,262.350006,52.930000,68735.640625,36.7,100.34,4.671429,PM2.5,21386
4.600000,4.970000,1.040000,1.330000,0.160000,64.389999,0.830000,2.350000,261.720001,55.029999,69236.460938,36.71,100.51,6.571428,PM2.5,21387
6.840000,7.910000,1.680000,2.030000,0.190000,64.910004,0.230000,2.970000,261.730011,55.200001,68777.773438,36.72,100.68,9.771429,PM2.5,21388
9.110000,11.560000,2.690000,2.910000,0.230000,64.250000,1.380000,1.890000,263.119995,47.049999,66808.648438,36.72,100.85,13.014285,PM2.5,21389
12.470000,16.420000,4.290000,4.710000,0.310000,64.660004,3.000000,-0.010000,263.899994,46.849998,67198.953125,36.73,101.02,17.814285,PM2.5,21390
18.750000,25.790001,7.080000,8.910000,0.500000,63.939999,0.870000,-0.880000,265.119995,48.750000,69490.906250,36.73,101.19,26.785715,PM2.5,21391
40.029999,60.320000,13.260000,20.780001,1.070000,60.990002,-1.730000,0.340000,264.829987,60.029999,71023.226562,36.74,101.36,56.287498,PM2.5,21392
61.540001,99.199997,20.920000,35.919998,1.650000,55.799999,-1.910000,0.700000,265.890015,61.869999,73135.117188,36.74,101.53,83.175003,PM2.5,21393
68.610001,115.809998,25.680000,42.680000,1.850000,51.060001,-1.540000,1.360000,267.390015,58.880001,75152.078125,36.75,101.7,92.012497,PM2.5,21394
61.590000,102.779999,22.500000,37.889999,1.640000,53.880001,-1.290000,1.920000,267.660004,58.700001,75463.179688,36.75,101.87,83.237503,PM2.5,21395
52.259998,82.889999,18.480000,28.830000,1.370000,54.770000,-1.220000,0.860000,265.559998,65.239998,72469.539062,36.75,102.04,71.574997,PM2.5,21396
42.810001,62.070000,15.560000,20.850000,1.030000,54.790001,-0.600000,0.150000,262.540009,73.660004,68143.898438,36.76,102.2,59.762501,PM2.5,21397
40.470001,53.959999,15.900000,18.809999,0.850000,51.709999,0.020000,0.710000,261.959991,76.150002,67889.726562,36.76,102.37,56.837502,PM2.5,21398
38.950001,51.119999,14.840000,19.639999,0.750000,51.880001,-0.490000,1.200000,264.059998,67.940002,71489.070312,36.76,102.54,54.937500,PM2.5,21399
39.459999,53.770000,13.100000,24.959999,0.760000,52.849998,-0.830000,1.450000,265.269989,64.809998,74215.593750,36.77,102.71,55.574997,PM2.5,21400
0.520000,0.600000,0.060000,0.110000,0.100000,73.000000,13.280000,1.110000,258.890015,50.080002,54492.851562,36.02,89.58,2.500000,CO,21568
0.510000,0.600000,0.060000,0.100000,0.100000,71.589996,12.680000,0.960000,258.859985,52.639999,54624.660156,36.04,89.74,2.500000,CO,21569
0.500000,0.580000,0.050000,0.100000,0.100000,72.309998,12.600000,0.870000,257.940002,58.450001,54018.039062,36.06,89.91,2.500000,CO,21570
0.500000,0.580000,0.050000,0.100000,0.100000,72.410004,12.840000,0.750000,257.269989,64.250000,53605.101562,36.08,90.08,2.500000,CO,21571
0.490000,0.570000,0.050000,0.100000,0.100000,72.379997,12.770000,0.570000,257.500000,65.769997,53869.480469,36.1,90.24,2.500000,CO,21572
0.480000,0.560000,0.050000,0.100000,0.100000,72.349998,12.600000,0.690000,257.790009,65.529999,54142.910156,36.11,90.41,2.500000,CO,21573
0.470000,0.550000,0.050000,0.100000,0.100000,70.830002,12.460000,0.970000,257.940002,64.500000,54359.691406,36.13,90.58,2.500000,CO,21574
0.450000,0.540000,0.050000,0.100000,0.100000,69.389999,12.290000,-0.500000,257.450012,67.860001,54041.050781,36.21,91.24,2.500000,CO,21578
0.450000,0.530000,0.050000,0.100000,0.100000,68.650002,11.350000,-0.400000,258.279999,66.449997,54846.800781,36.22,91.41,2.500000,CO,21579
0.440000,0.530000,0.050000,0.100000,0.100000,68.110001,11.260000,-0.470000,257.880005,68.230003,54581.121094,36.24,91.58,2.500000,CO,21580
0.440000,0.520000,0.050000,0.100000,0.100000,67.690002,11.540000,-0.710000,257.410004,70.239998,54189.339844,36.26,91.75,2.500000,CO,21581
0.440000,0.520000,0.050000,0.100000,0.100000,67.139999,11.680000,-0.830000,257.779999,68.360001,54380.460938,36.27,91.91,2.500000,CO,21582
0.430000,0.510000,0.050000,0.100000,0.100000,67.160004,10.490000,-1.310000,260.459991,58.450001,56386.070312,36.29,92.08,2.500000,CO,21583
0.430000,0.510000,0.050000,0.110000,0.100000,66.620003,7.890000,-2.050000,263.410004,51.430000,59181.839844,36.31,92.25,2.500000,CO,21584
0.440000,0.520000,0.050000,0.110000,0.100000,65.309998,5.860000,-1.540000,264.040009,52.080002,60244.179688,36.32,92.41,2.500000,CO,21585
0.480000,0.560000,0.050000,0.110000,0.100000,63.889999,5.270000,0.070000,263.450012,55.270000,60011.230469,36.34,92.58,2.500000,CO,21586
0.440000,0.520000,0.050000,0.110000,0.100000,63.959999,5.740000,0.840000,262.760010,57.180000,59437.640625,36.35,92.75,2.500000,CO,21587
0.420000,0.490000,0.040000,0.110000,0.100000,64.050003,7.070000,0.660000,261.910004,59.410000,58690.800781,36.37,92.92,2.500000,CO,21588
0.450000,0.540000,0.050000,0.110000,0.100000,62.599998,7.810000,1.010000,262.559998,57.070000,59155.839844,36.39,93.08,2.500000,CO,21589
0.710000,0.820000,0.100000,0.130000,0.110000,59.419998,5.620000,0.210000,264.950012,52.700001,61943.480469,36.4,93.25,2.750000,CO,21590
1.180000,1.330000,0.200000,0.190000,0.110000,55.869999,2.050000,-0.950000,266.399994,51.040001,65459.031250,36.42,93.42,2.750000,CO,21591
2.050000,2.310000,0.410000,0.380000,0.120000,56.320000,-0.170000,-0.990000,266.890015,49.230000,67925.703125,36.43,93.59,3.000000,CO,21592
3.160000,3.570000,0.700000,0.730000,0.130000,57.610001,-0.770000,-1.070000,267.339996,47.750000,69665.109375,36.44,93.76,4.514286,PM2.5,21593
3.770000,4.290000,0.870000,1.010000,0.140000,57.180000,-0.660000,-1.260000,267.929993,46.009998,71023.046875,36.46,93.92,5.385714,PM2.5,21594
3.800000,4.340000,0.890000,1.100000,0.140000,56.250000,-0.920000,-1.440000,268.630005,44.060001,71986.523438,36.47,94.09,5.428571,PM2.5,21595
3.810000,4.370000,0.910000,1.180000,0.140000,56.080002,-1.340000,-1.580000,269.500000,41.160000,72872.867188,36.49,94.26,5.442857,PM2.5,21596
3.900000,4.500000,0.980000,1.310000,0.140000,55.529999,-1.750000,-0.970000,270.130005,39.270000,73319.601562,36.5,94.43,5.571429,PM2.5,21597
4.210000,4.880000,1.140000,1.500000,0.150000,55.660000,-2.270000,-0.700000,269.920013,39.660000,72991.296875,36.51,94.59,6.014286,PM2.5,21598
4.620000,5.430000,1.440000,1.790000,0.150000,56.080002,-3.040000,-0.850000,269.760010,39.450001,72760.203125,36.53,94.76,6.600000,PM2.5,21599
3.530000,4.040000,1.000000,1.050000,0.140000,56.029999,-3.740000,-1.060000,269.529999,40.180000,72956.171875,36.54,94.93,5.042857,PM2.5,21600
2.540000,2.770000,0.570000,0.350000,0.140000,56.689999,-4.060000,-1.140000,269.410004,41.480000,73099.117188,36.55,95.1,3.628571,PM2.5,21601
2.560000,2.780000,0.630000,0.320000,0.140000,57.040001,-4.310000,-0.940000,269.269989,42.270000,73194.992188,36.56,95.27,3.657143,PM2.5,21602
2.510000,2.740000,0.660000,0.330000,0.140000,57.480000,-4.490000,-0.800000,269.510010,41.770000,73320.296875,36.58,95.44,3.585714,PM2.5,21603
2.470000,2.700000,0.700000,0.350000,0.130000,57.970001,-4.720000,-0.660000,269.589996,41.009998,73369.960938,36.59,95.6,3.528571,PM2.5,21604
2.470000,2.690000,0.740000,0.370000,0.130000,58.560001,-4.740000,-0.510000,269.579987,40.330002,73367.039062,36.6,95.77,3.528571,PM2.5,21605
2.450000,2.680000,0.780000,0.410000,0.130000,59.320000,-4.550000,-0.520000,269.570007,39.580002,73384.156250,36.61,95.94,3.500000,PM2.5,21606
2.430000,2.660000,0.830000,0.450000,0.130000,60.060001,-4.290000,-0.520000,269.559998,39.259998,73413.898438,36.62,96.11,3.471429,PM2.5,21607
2.410000,2.640000,0.860000,0.500000,0.130000,60.650002,-4.030000,-0.680000,269.529999,39.189999,73415.023438,36.64,96.28,3.442857,PM2.5,21608
2.410000,2.640000,0.910000,0.490000,0.130000,61.139999,-3.760000,-1.090000,269.570007,39.220001,73440.390625,36.65,96.45,3.442857,PM2.5,21609
2.410000,2.640000,0.930000,0.460000,0.130000,61.840000,-3.320000,-1.690000,269.570007,39.419998,73380.640625,36.66,96.62,3.442857,PM2.5,21610
2.390000,2.620000,0.890000,0.420000,0.130000,62.959999,-2.780000,-1.910000,269.440002,40.070000,73111.601562,36.67,96.78,3.414286,PM2.5,21611
2.290000,2.520000,0.760000,0.370000,0.130000,63.820000,-2.490000,-1.170000,269.589996,39.619999,72981.023438,36.68,96.95,3.271429,PM2.5,21612
2.270000,2.490000,0.660000,0.360000,0.130000,64.349998,-2.480000,-0.770000,269.750000,38.610001,72823.070312,36.69,97.12,3.250000,CO,21613
2.150000,2.370000,0.590000,0.380000,0.130000,64.660004,-2.440000,-0.830000,269.790009,37.529999,72395.992188,36.7,97.29,3.250000,CO,21614
1.990000,2.200000,0.520000,0.410000,0.130000,65.150002,-2.400000,-0.610000,269.470001,37.200001,71535.031250,36.71,97.46,3.250000,CO,21615
1.850000,2.050000,0.490000,0.470000,0.120000,64.610001,-2.460000,-0.630000,268.589996,37.270000,70465.593750,36.72,97.63,3.000000,CO,21616
1.770000,1.960000,0.490000,0.580000,0.120000,64.449997,-2.250000,-0.380000,267.809998,37.230000,69638.773438,36.73,97.8,3.000000,CO,21617
1.690000,1.870000,0.470000,0.580000,0.120000,62.889999,-1.490000,0.390000,266.720001,37.880001,68448.687500,36.74,97.97,3.000000,CO,21618
1.550000,1.730000,0.450000,0.570000,0.110000,61.720001,-0.110000,1.580000,265.540009,38.439999,66969.843750,36.74,98.14,2.750000,CO,21619
1.500000,1.700000,0.540000,0.610000,0.110000,61.880001,1.470000,2.280000,264.989990,38.139999,65997.843750,36.75,98.3,2.750000,CO,21620
1.680000,1.920000,0.680000,0.720000,0.110000,61.810001,2.860000,1.820000,265.190002,37.169998,66128.562500,36.76,98.47,2.750000,CO,21621
1.790000,2.030000,0.730000,0.730000,0.120000,62.090000,4.270000,0.960000,265.589996,36.090000,66542.296875,36.77,98.64,3.000000,CO,21622
1.950000,2.200000,0.780000,0.780000,0.120000,62.770000,4.330000,-0.720000,266.489990,34.660000,67408.453125,36.78,98.81,3.000000,CO,21623
2.070000,2.330000,0.780000,0.810000,0.130000,62.880001,2.800000,-2.600000,267.829987,34.049999,69257.953125,36.79,98.98,3.250000,CO,21624
2.160000,2.420000,0.730000,0.780000,0.130000,62.330002,2.500000,-2.770000,266.540009,36.200001,67951.593750,36.79,99.15,3.250000,CO,21625
2.110000,2.360000,0.670000,0.740000,0.130000,62.070000,4.690000,-1.560000,263.420013,40.930000,64423.109375,36.8,99.32,3.250000,CO,21626
2.080000,2.320000,0.640000,0.690000,0.130000,61.689999,6.220000,-0.120000,263.079987,39.230000,63725.761719,36.81,99.49,3.250000,CO,21627
2.240000,2.480000,0.660000,0.720000,0.130000,60.160000,4.860000,0.060000,264.470001,37.650002,65788.671875,36.81,99.66,3.250000,CO,21628
2.670000,2.930000,0.740000,0.780000,0.130000,62.570000,2.310000,-0.350000,263.260010,48.020000,68526.312500,36.82,99.83,3.814286,PM2.5,21629
2.960000,3.220000,0.820000,0.790000,0.130000,64.269997,0.020000,0.030000,260.709991,61.320000,69449.109375,36.83,100.0,4.228571,PM2.5,21630
3.310000,3.560000,0.930000,0.880000,0.140000,64.940002,-0.730000,0.710000,260.440002,63.150002,69088.476562,36.83,100.17,4.728571,PM2.5,21631
4.110000,4.340000,1.150000,1.160000,0.140000,65.160004,-0.460000,1.520000,259.959991,65.489998,69080.953125,36.84,100.34,5.871429,PM2.5,21632
5.780000,6.470000,1.620000,1.630000,0.160000,66.010002,-0.600000,1.540000,259.470001,68.339996,69081.726562,36.85,100.5,8.257143,PM2.5,21633
9.530000,11.910000,4.180000,3.520000,0.210000,64.949997,0.500000,2.520000,260.339996,64.260002,68500.281250,36.85,100.67,13.614285,PM2.5,21634
13.180000,18.110001,8.620000,6.200000,0.270000,62.360001,1.890000,2.390000,263.450012,51.290001,68605.289062,36.86,100.84,18.828571,PM2.5,21635
14.810000,20.610001,9.280000,7.540000,0.320000,62.779999,1.870000,0.660000,264.029999,51.240002,68787.921875,36.86,101.01,21.157143,PM2.5,21636
15.700000,21.450001,8.240000,8.370000,0.370000,63.520000,1.860000,-0.690000,263.160004,55.419998,67655.093750,36.87,101.18,22.428572,PM2.5,21637
22.820000,32.290001,9.450000,13.080000,0.590000,62.299999,0.630000,0.630000,263.390015,59.779999,68322.281250,36.87,101.35,32.599998,PM2.5,21638
48.560001,74.010002,21.080000,35.200001,1.270000,51.779999,-0.860000,1.540000,264.660004,64.290001,71151.171875,36.88,101.52,66.950005,PM2.5,21639
56.209999,88.989998,24.410000,40.340000,1.480000,48.009998,-0.380000,1.370000,266.510010,61.150002,73697.929688,36.88,101.69,76.512497,PM2.5,21640
44.389999,70.019997,16.090000,26.320000,1.170000,56.990002,0.060000,0.820000,267.170013,61.009998,74125.859375,36.88,101.86,61.737499,PM2.5,21641
38.700001,58.790001,13.570000,19.490000,1.000000,56.680000,-0.060000,0.450000,264.380005,69.400002,70337.132812,36.89,102.03,54.625000,PM2.5,21642
34.529999,49.200001,12.910000,16.420000,0.820000,55.290001,0.530000,0.430000,261.290009,75.660004,66053.843750,36.89,102.2,49.328571,PM2.5,21643
31.870001,43.119999,12.140000,15.370000,0.680000,54.830002,0.150000,0.680000,262.660004,71.510002,68317.773438,36.9,102.37,45.528572,PM2.5,21644
30.309999,40.299999,10.840000,15.200000,0.610000,56.650002,-0.690000,1.090000,265.450012,62.910000,72921.476562,36.9,102.54,43.299999,PM2.5,21645
0.510000,0.600000,0.060000,0.110000,0.100000,70.349998,12.230000,0.600000,258.040009,58.790001,54369.730469,36.21,90.05,2.500000,CO,21818
0.470000,0.560000,0.060000,0.110000,0.100000,67.760002,11.450000,-0.540000,257.350006,73.080002,54515.828125,36.32,91.06,2.500000,CO,21824
0.470000,0.560000,0.060000,0.110000,0.100000,67.019997,11.160000,-0.690000,257.950012,71.860001,55078.769531,36.34,91.22,2.500000,CO,21825
0.460000,0.550000,0.060000,0.110000,0.100000,66.330002,10.700000,-0.130000,258.720001,69.779999,55828.710938,36.36,91.39,2.500000,CO,21826
0.460000,0.550000,0.060000,0.110000,0.100000,67.050003,10.430000,0.670000,259.660004,65.989998,56563.628906,36.37,91.56,2.500000,CO,21827
0.450000,0.540000,0.050000,0.110000,0.100000,67.019997,10.330000,0.540000,260.309998,63.040001,57004.050781,36.39,91.72,2.500000,CO,21828
0.450000,0.540000,0.050000,0.120000,0.100000,66.250000,9.900000,-0.470000,261.200012,59.650002,57660.339844,36.41,91.89,2.500000,CO,21829
0.460000,0.550000,0.050000,0.120000,0.100000,64.519997,7.990000,-1.520000,263.410004,54.480000,59770.769531,36.42,92.06,2.500000,CO,21830
0.490000,0.580000,0.060000,0.120000,0.100000,63.020000,5.370000,-1.520000,265.230011,51.610001,61956.761719,36.44,92.23,2.500000,CO,21831
0.580000,0.680000,0.070000,0.130000,0.110000,60.700001,3.740000,-0.890000,265.779999,52.290001,63147.761719,36.46,92.39,2.750000,CO,21832
0.680000,0.790000,0.090000,0.140000,0.110000,58.590000,3.130000,-0.100000,266.299988,51.900002,64267.210938,36.47,92.56,2.750000,CO,21833
0.700000,0.810000,0.090000,0.140000,0.110000,58.509998,3.200000,1.070000,265.910004,51.779999,63870.058594,36.49,92.73,2.750000,CO,21834
0.650000,0.750000,0.080000,0.130000,0.110000,59.130001,4.720000,1.930000,264.190002,54.849998,61867.339844,36.5,92.9,2.750000,CO,21835
0.760000,0.870000,0.110000,0.140000,0.110000,57.889999,4.980000,1.270000,264.839996,54.189999,62521.910156,36.52,93.07,2.750000,CO,21836
1.080000,1.220000,0.170000,0.180000,0.110000,54.900002,2.200000,-0.610000,266.440002,51.830002,65864.023438,36.54,93.23,2.750000,CO,21837
1.860000,2.090000,0.360000,0.350000,0.120000,55.759998,-0.420000,-0.850000,266.809998,49.459999,68259.273438,36.55,93.4,3.000000,CO,21838
2.790000,3.130000,0.580000,0.600000,0.130000,57.799999,-1.140000,-0.640000,266.940002,47.959999,69478.242188,36.56,93.57,3.985714,PM2.5,21839
3.210000,3.590000,0.670000,0.730000,0.140000,57.549999,-0.800000,-1.180000,267.799988,45.730000,71165.039062,36.58,93.74,4.585714,PM2.5,21840
3.190000,3.570000,0.660000,0.700000,0.140000,56.270000,-0.780000,-1.350000,268.700012,43.869999,72505.226562,36.59,93.91,4.557143,PM2.5,21841
3.090000,3.460000,0.630000,0.640000,0.140000,54.919998,-1.550000,-1.230000,269.040009,42.500000,72779.179688,36.61,94.07,4.414286,PM2.5,21842
3.020000,3.360000,0.620000,0.540000,0.140000,55.330002,-2.250000,-1.230000,269.079987,41.330002,72877.273438,36.62,94.24,4.314286,PM2.5,21843
2.940000,3.250000,0.600000,0.480000,0.140000,55.910000,-2.540000,-1.210000,269.170013,39.930000,73040.593750,36.63,94.41,4.200000,PM2.5,21844
2.870000,3.160000,0.600000,0.430000,0.140000,56.770000,-2.910000,-0.940000,269.220001,38.820000,73145.906250,36.65,94.58,4.100000,PM2.5,21845
2.790000,3.060000,0.590000,0.400000,0.140000,56.830002,-3.340000,-0.660000,269.200012,38.490002,73190.328125,36.66,94.75,3.985714,PM2.5,21846
2.720000,2.960000,0.590000,0.350000,0.140000,56.910000,-3.680000,-0.710000,268.899994,39.099998,73246.453125,36.67,94.92,3.885714,PM2.5,21847
2.720000,2.950000,0.620000,0.340000,0.140000,57.419998,-3.770000,-0.680000,268.809998,39.790001,73310.078125,36.69,95.08,3.885714,PM2.5,21848
2.720000,2.950000,0.660000,0.310000,0.140000,57.930000,-3.790000,-0.620000,268.839996,39.669998,73394.960938,36.7,95.25,3.885714,PM2.5,21849
2.650000,2.870000,0.690000,0.320000,0.140000,58.650002,-3.870000,-0.530000,269.019989,38.650002,73449.843750,36.71,95.42,3.785714,PM2.5,21850
2.510000,2.730000,0.720000,0.330000,0.130000,59.270000,-3.920000,-0.390000,269.149994,37.099998,73473.609375,36.72,95.59,3.585714,PM2.5,21851
2.470000,2.690000,0.750000,0.360000,0.130000,59.939999,-3.840000,-0.420000,269.200012,35.709999,73503.406250,36.74,95.76,3.528571,PM2.5,21852
2.410000,2.630000,0.790000,0.390000,0.130000,60.470001,-3.510000,-0.560000,269.239990,34.900002,73509.578125,36.75,95.93,3.442857,PM2.5,21853
2.330000,2.540000,0.830000,0.440000,0.130000,60.750000,-3.320000,-0.750000,269.600006,33.689999,73509.390625,36.76,96.1,3.328571,PM2.5,21854
2.300000,2.510000,0.890000,0.500000,0.130000,60.840000,-3.470000,-1.220000,269.869995,33.250000,73600.937500,36.77,96.26,3.285714,PM2.5,21855
2.340000,2.570000,0.980000,0.540000,0.130000,61.200001,-3.610000,-1.900000,269.880005,34.080002,73361.273438,36.78,96.43,3.342857,PM2.5,21856
2.430000,2.670000,1.060000,0.540000,0.130000,61.689999,-3.280000,-2.420000,269.179993,36.630001,72645.789062,36.79,96.6,3.471429,PM2.5,21857
2.490000,2.750000,1.090000,0.530000,0.130000,62.730000,-2.610000,-2.380000,268.730011,38.840000,72363.171875,36.8,96.77,3.557143,PM2.5,21858
2.370000,2.640000,0.950000,0.460000,0.130000,63.259998,-2.480000,-1.530000,269.209991,38.720001,72482.273438,36.81,96.94,3.385714,PM2.5,21859
2.330000,2.650000,0.850000,0.420000,0.130000,63.869999,-2.730000,-0.710000,269.429993,37.490002,72078.382812,36.82,97.11,3.328571,PM2.5,21860
2.300000,2.690000,0.790000,0.420000,0.130000,64.419998,-2.580000,-0.730000,268.839996,37.529999,71264.960938,36.83,97.28,3.285714,PM2.5,21861
2.180000,2.570000,0.690000,0.430000,0.130000,64.370003,-2.080000,-0.170000,268.239990,37.490002,70172.468750,36.84,97.45,3.250000,CO,21862
2.100000,2.420000,0.650000,0.480000,0.130000,64.860001,-1.640000,0.210000,267.350006,37.630001,69019.546875,36.85,97.62,3.250000,CO,21863
2.030000,2.290000,0.630000,0.420000,0.130000,65.059998,-1.000000,0.340000,266.399994,38.040001,67926.828125,36.86,97.79,3.250000,CO,21864
1.980000,2.210000,0.640000,0.490000,0.120000,65.279999,-0.130000,0.500000,265.239990,40.200001,66692.476562,36.87,97.96,3.000000,CO,21865
2.090000,2.360000,0.830000,0.710000,0.120000,63.320000,0.500000,0.980000,265.130005,42.599998,67169.523438,36.88,98.12,3.000000,CO,21866
3.390000,3.980000,1.880000,1.680000,0.140000,65.160004,0.420000,-0.010000,266.619995,38.270000,69109.257812,36.89,98.29,4.842857,PM2.5,21867
3.230000,3.760000,1.680000,1.600000,0.140000,66.970001,1.030000,-1.160000,266.350006,37.119999,68523.843750,36.9,98.46,4.614286,PM2.5,21868
2.740000,3.150000,1.340000,1.200000,0.140000,66.720001,3.240000,-2.070000,264.920013,39.119999,66568.742188,36.91,98.63,3.914286,PM2.5,21869
2.550000,2.900000,1.160000,1.090000,0.130000,65.459999,4.270000,-1.760000,265.299988,38.029999,66659.601562,36.91,98.8,3.642857,PM2.5,21870
2.410000,2.730000,0.980000,1.000000,0.130000,64.150002,3.660000,-1.780000,265.179993,37.680000,66406.710938,36.92,98.97,3.442857,PM2.5,21871
2.370000,2.670000,0.870000,0.900000,0.130000,63.400002,4.600000,-1.230000,262.739990,42.619999,63773.070312,36.93,99.14,3.385714,PM2.5,21872
2.210000,2.480000,0.780000,0.760000,0.130000,63.360001,6.890000,-0.100000,261.950012,40.259998,62562.878906,36.94,99.31,3.250000,CO,21873
2.280000,2.540000,0.760000,0.760000,0.130000,61.470001,5.630000,-0.650000,264.559998,35.259998,65318.718750,36.94,99.48,3.257143,PM2.5,21874
2.820000,3.110000,0.870000,0.920000,0.130000,63.389999,1.530000,-0.680000,263.079987,50.439999,68484.156250,36.95,99.65,4.028571,PM2.5,21875
3.020000,3.300000,0.950000,0.880000,0.130000,64.639999,-0.820000,-0.530000,260.440002,66.669998,69176.796875,36.96,99.82,4.314286,PM2.5,21876
3.320000,3.620000,1.080000,0.960000,0.140000,65.209999,-1.130000,0.090000,260.149994,67.070000,68992.851562,36.96,99.99,4.742857,PM2.5,21877
3.810000,4.120000,1.280000,1.150000,0.140000,65.559998,-0.900000,0.720000,259.589996,68.669998,68981.593750,36.97,100.16,5.442857,PM2.5,21878
4.770000,5.060000,1.610000,1.500000,0.150000,65.720001,-1.110000,1.410000,259.299988,69.940002,69024.789062,36.98,100.33,6.814286,PM2.5,21879
6.440000,7.230000,2.180000,2.000000,0.170000,65.949997,-0.920000,1.550000,259.940002,68.779999,68702.289062,36.98,100.5,9.200000,PM2.5,21880
9.200000,11.570000,4.390000,3.500000,0.200000,62.930000,0.740000,1.350000,262.059998,59.580002,68205.000000,36.99,100.67,13.142857,PM2.5,21881
12.040000,16.620001,6.790000,5.200000,0.240000,63.090000,1.420000,1.040000,263.709991,53.950001,68906.851562,36.99,100.84,17.200001,PM2.5,21882
13.190000,18.230000,6.840000,5.780000,0.280000,62.980000,1.070000,1.130000,263.600006,55.500000,68550.757812,37.0,101.01,18.842857,PM2.5,21883
13.540000,18.030001,6.150000,6.310000,0.310000,62.830002,2.150000,0.580000,262.410004,57.439999,66320.390625,37.0,101.18,19.342857,PM2.5,21884
17.469999,23.000000,6.990000,9.450000,0.430000,61.139999,1.240000,0.920000,263.089996,59.090000,67353.992188,37.01,101.35,24.957142,PM2.5,21885
37.619999,53.910000,16.070000,26.719999,0.930000,50.490002,-0.560000,1.660000,264.679993,63.709999,70873.250000,37.01,101.52,53.274998,PM2.5,21886
42.830002,62.849998,18.420000,29.660000,1.060000,50.150002,-0.010000,1.290000,265.209991,65.949997,71915.070312,37.02,101.69,59.787502,PM2.5,21887
34.150002,49.509998,12.690000,18.420000,0.830000,56.349998,0.290000,0.450000,264.640015,69.269997,70933.812500,37.02,101.86,49.509998,PM10,21888
28.950001,40.610001,10.950000,14.190000,0.670000,57.270000,-0.030000,0.330000,263.220001,72.370003,68673.437500,37.02,102.03,41.357143,PM2.5,21889
25.740000,34.160000,10.500000,12.350000,0.550000,56.259998,-0.010000,0.630000,262.440002,72.989998,67853.562500,37.03,102.2,36.771427,PM2.5,21890
22.219999,28.370001,8.930000,10.630000,0.440000,57.759998,-0.180000,0.240000,264.000000,67.730003,70439.679688,37.03,102.37,31.742857,PM2.5,21891
0.490000,0.590000,0.060000,0.120000,0.100000,65.980003,10.190000,-0.340000,257.160004,71.839996,54515.328125,36.46,91.03,2.500000,CO,22074
0.480000,0.590000,0.060000,0.120000,0.100000,65.629997,10.550000,-0.220000,256.579987,72.889999,53981.210938,36.47,91.2,2.500000,CO,22075
0.480000,0.590000,0.060000,0.120000,0.100000,64.860001,10.400000,0.190000,257.660004,70.360001,54796.769531,36.49,91.37,2.500000,CO,22076
0.480000,0.580000,0.060000,0.130000,0.100000,65.080002,8.790000,-0.020000,261.160004,59.599998,57663.800781,36.51,91.54,2.500000,CO,22077
0.470000,0.570000,0.060000,0.130000,0.100000,63.730000,6.830000,-0.390000,264.190002,52.840000,60801.500000,36.53,91.7,2.500000,CO,22078
0.490000,0.600000,0.060000,0.140000,0.100000,62.150002,5.340000,-0.970000,265.929993,49.750000,63021.218750,36.54,91.87,2.500000,CO,22079
0.540000,0.650000,0.070000,0.140000,0.110000,59.110001,3.500000,-1.080000,266.420013,51.000000,64336.468750,36.56,92.04,2.750000,CO,22080
0.610000,0.730000,0.080000,0.140000,0.110000,57.099998,1.650000,-0.840000,266.299988,52.240002,64956.218750,36.58,92.21,2.750000,CO,22081
0.720000,0.850000,0.100000,0.150000,0.110000,55.840000,1.100000,-0.970000,265.920013,53.500000,65026.140625,36.59,92.37,2.750000,CO,22082
0.810000,0.950000,0.120000,0.150000,0.110000,55.340000,1.060000,-1.210000,265.619995,55.720001,65299.558594,36.61,92.54,2.750000,CO,22083
0.970000,1.110000,0.150000,0.160000,0.110000,54.779999,1.020000,-0.550000,265.130005,57.709999,65257.660156,36.62,92.71,2.750000,CO,22084
1.050000,1.190000,0.160000,0.160000,0.110000,55.189999,2.080000,1.020000,264.850006,57.660000,64655.320312,36.64,92.88,2.750000,CO,22085
1.160000,1.310000,0.180000,0.170000,0.110000,54.869999,2.680000,0.230000,265.730011,54.820000,65961.546875,36.65,93.05,2.750000,CO,22086
1.580000,1.770000,0.280000,0.240000,0.120000,54.660000,1.310000,-0.870000,266.750000,50.860001,68286.148438,36.67,93.21,3.000000,CO,22087
2.180000,2.440000,0.420000,0.380000,0.130000,56.049999,-0.400000,-0.170000,266.899994,49.060001,69470.703125,36.68,93.38,3.250000,CO,22088
2.810000,3.140000,0.560000,0.540000,0.130000,57.450001,-0.750000,-0.110000,267.230011,46.799999,70452.437500,36.7,93.55,4.014286,PM2.5,22089
3.010000,3.340000,0.590000,0.570000,0.140000,57.189999,-0.470000,-0.820000,268.089996,44.270000,72020.750000,36.71,93.72,4.300000,PM2.5,22090
3.000000,3.320000,0.580000,0.520000,0.140000,56.250000,-0.710000,-1.240000,268.649994,42.520000,72978.093750,36.73,93.89,4.285714,PM2.5,22091
2.960000,3.260000,0.570000,0.450000,0.140000,55.650002,-1.350000,-1.000000,268.679993,41.619999,73079.851562,36.74,94.06,4.228571,PM2.5,22092
2.880000,3.160000,0.550000,0.380000,0.140000,55.810001,-1.910000,-0.700000,268.690002,40.400002,73188.523438,36.76,94.22,4.114286,PM2.5,22093
2.820000,3.080000,0.540000,0.320000,0.140000,56.400002,-2.300000,-0.660000,268.709991,38.830002,73301.710938,36.77,94.39,4.028571,PM2.5,22094
2.790000,3.030000,0.540000,0.290000,0.140000,57.349998,-2.770000,-0.630000,268.720001,37.230000,73373.906250,36.78,94.56,3.985714,PM2.5,22095
2.770000,3.000000,0.540000,0.280000,0.140000,57.590000,-3.210000,-0.550000,268.600006,35.900002,73411.242188,36.8,94.73,3.957143,PM2.5,22096
2.820000,3.030000,0.570000,0.290000,0.140000,58.160000,-3.330000,-0.520000,268.549988,36.310001,73436.226562,36.81,94.9,4.028571,PM2.5,22097
2.850000,3.070000,0.590000,0.320000,0.140000,58.490002,-3.230000,-0.480000,268.470001,36.209999,73468.671875,36.82,95.07,4.071428,PM2.5,22098
2.860000,3.070000,0.610000,0.360000,0.140000,59.099998,-2.980000,-0.430000,268.369995,35.840000,73523.296875,36.83,95.24,4.085714,PM2.5,22099
2.710000,2.920000,0.610000,0.360000,0.130000,60.209999,-2.840000,-0.300000,268.779999,33.950001,73551.953125,36.85,95.41,3.871429,PM2.5,22100
2.410000,2.610000,0.620000,0.300000,0.130000,61.029999,-2.850000,-0.150000,269.049988,32.259998,73561.921875,36.86,95.57,3.442857,PM2.5,22101
2.290000,2.490000,0.640000,0.310000,0.130000,61.450001,-2.810000,-0.380000,269.149994,30.830000,73638.859375,36.87,95.74,3.271429,PM2.5,22102
2.330000,2.520000,0.680000,0.360000,0.130000,61.250000,-2.430000,-1.030000,268.750000,32.189999,73762.039062,36.88,95.91,3.328571,PM2.5,22103
2.110000,2.310000,0.710000,0.390000,0.130000,60.830002,-2.290000,-1.500000,270.200012,28.309999,73725.890625,36.89,96.08,3.250000,CO,22104
2.110000,2.320000,0.800000,0.460000,0.130000,60.320000,-2.730000,-2.100000,270.160004,29.129999,73454.351562,36.91,96.25,3.250000,CO,22105
2.250000,2.470000,0.930000,0.520000,0.130000,60.470001,-2.850000,-2.430000,269.179993,32.070000,72247.203125,36.92,96.42,3.250000,CO,22106
2.450000,2.700000,1.130000,0.620000,0.130000,61.209999,-2.260000,-2.240000,267.820007,36.730000,71018.046875,36.93,96.59,3.500000,PM2.5,22107
2.680000,3.020000,1.390000,0.700000,0.130000,62.599998,-1.620000,-1.860000,267.739990,39.090000,71555.398438,36.94,96.76,3.828572,PM2.5,22108
2.700000,3.310000,1.360000,0.640000,0.130000,63.240002,-2.040000,-1.390000,267.980011,39.470001,72007.968750,36.95,96.93,3.857143,PM2.5,22109
2.900000,4.000000,1.430000,0.590000,0.140000,63.660000,-2.750000,-0.330000,268.500000,36.980000,71237.023438,36.96,97.1,4.142857,PM2.5,22110
3.240000,4.910000,1.650000,0.660000,0.150000,63.779999,-2.670000,-0.080000,267.679993,38.529999,70437.617188,36.97,97.27,4.910000,PM10,22111
3.240000,5.140000,1.790000,0.770000,0.150000,63.380001,-2.340000,0.160000,267.450012,38.740002,70082.906250,36.98,97.44,5.140000,PM10,22112
2.820000,4.270000,1.670000,0.880000,0.140000,63.369999,-2.200000,0.220000,267.369995,37.810001,69876.570312,36.99,97.61,4.270000,PM10,22113
2.370000,3.180000,1.410000,0.780000,0.130000,63.360001,-1.820000,0.290000,266.720001,38.270000,69145.492188,37.0,97.77,3.385714,PM2.5,22114
2.130000,2.540000,1.280000,0.760000,0.130000,63.779999,-0.840000,0.030000,265.839996,39.669998,68313.867188,37.01,97.94,3.250000,CO,22115
2.160000,2.440000,1.300000,0.770000,0.130000,64.250000,0.140000,-0.570000,265.739990,39.610001,68283.531250,37.02,98.11,3.250000,CO,22116
2.510000,2.870000,1.440000,1.010000,0.130000,65.680000,0.100000,-1.430000,266.369995,37.349998,68798.882812,37.02,98.28,3.585714,PM2.5,22117
2.520000,2.880000,1.280000,1.010000,0.130000,66.660004,1.030000,-1.520000,264.839996,39.360001,66771.031250,37.03,98.45,3.600000,PM2.5,22118
2.450000,2.800000,1.260000,1.030000,0.130000,65.900002,4.220000,-2.210000,262.350006,43.610001,63690.988281,37.04,98.62,3.500000,PM2.5,22119
2.260000,2.550000,1.090000,0.930000,0.130000,65.010002,5.660000,-1.340000,263.140015,39.240002,63981.878906,37.05,98.79,3.250000,CO,22120
2.180000,2.460000,0.960000,0.880000,0.130000,63.849998,4.980000,0.090000,263.079987,39.549999,64016.441406,37.06,98.96,3.250000,CO,22121
2.190000,2.460000,0.880000,0.830000,0.130000,64.720001,6.120000,1.020000,262.059998,40.889999,62934.070312,37.06,99.13,3.250000,CO,22122
2.150000,2.400000,0.810000,0.790000,0.130000,64.470001,6.140000,0.150000,264.019989,35.040001,64654.761719,37.07,99.3,3.250000,CO,22123
2.460000,2.720000,0.800000,0.860000,0.130000,63.419998,2.450000,-1.030000,264.890015,38.459999,67304.546875,37.08,99.47,3.514286,PM2.5,22124
2.730000,3.000000,0.850000,0.920000,0.130000,62.650002,-0.190000,-1.080000,263.149994,52.820000,68672.281250,37.09,99.64,3.900000,PM2.5,22125
2.950000,3.220000,0.940000,0.940000,0.130000,63.919998,-0.570000,-0.780000,260.339996,68.480003,69100.382812,37.09,99.81,4.214286,PM2.5,22126
3.340000,3.660000,1.140000,1.070000,0.140000,64.540001,-0.700000,0.130000,259.769989,71.250000,69081.023438,37.1,99.98,4.771429,PM2.5,22127
3.980000,4.360000,1.410000,1.330000,0.140000,64.800003,-0.640000,0.400000,259.350006,73.389999,69098.460938,37.1,100.15,5.685714,PM2.5,22128
5.030000,5.430000,1.740000,1.800000,0.150000,64.830002,-0.520000,0.910000,259.529999,73.330002,69060.273438,37.11,100.32,7.185715,PM2.5,22129
5.640000,6.140000,1.900000,2.020000,0.160000,64.940002,-0.350000,1.050000,262.600006,58.830002,68389.976562,37.12,100.49,8.057142,PM2.5,22130
6.770000,7.870000,2.410000,2.420000,0.170000,65.620003,0.670000,-0.210000,263.119995,54.759998,67440.046875,37.12,100.66,9.671429,PM2.5,22131
7.910000,9.900000,2.780000,2.720000,0.190000,65.910004,1.920000,-1.400000,263.269989,52.490002,66757.109375,37.13,100.83,11.300000,PM2.5,22132
9.150000,11.540000,3.010000,3.180000,0.210000,65.309998,2.470000,-0.200000,262.970001,52.310001,66152.078125,37.13,101.0,13.071428,PM2.5,22133
10.800000,13.280000,3.550000,4.280000,0.250000,63.689999,1.910000,0.620000,263.089996,53.639999,66360.140625,37.14,101.17,15.428572,PM2.5,22134
16.860001,21.360001,6.130000,8.700000,0.390000,59.439999,0.450000,0.610000,263.320007,59.410000,67698.500000,37.14,101.34,24.085714,PM2.5,22135
29.440001,39.840000,12.190000,18.940001,0.670000,51.189999,-0.010000,0.970000,263.190002,67.879997,68687.578125,37.15,101.51,42.057144,PM2.5,22136
31.900000,43.900002,13.760000,20.330000,0.720000,51.549999,0.740000,1.010000,263.269989,70.220001,68903.429688,37.15,101.68,45.571426,PM2.5,22137
25.230000,33.900002,10.190000,13.730000,0.550000,56.820000,0.760000,0.470000,263.920013,69.510002,69610.617188,37.16,101.85,36.042858,PM2.5,22138
18.309999,23.299999,7.310000,8.550000,0.380000,61.020000,0.020000,0.220000,263.970001,68.889999,69761.718750,37.16,102.02,26.157143,PM2.5,22139
15.660000,19.580000,6.020000,7.090000,0.330000,63.320000,-0.090000,0.370000,263.589996,68.430000,69580.476562,37.16,102.19,22.371428,PM2.5,22140
15.670000,20.160000,5.450000,6.990000,0.340000,63.860001,0.030000,0.020000,262.910004,69.300003,68695.132812,37.17,102.36,22.385714,PM2.5,22141
16.830000,23.120001,4.910000,6.900000,0.400000,64.220001,0.160000,-0.660000,260.570007,79.379997,65834.617188,37.17,102.53,24.042856,PM2.5,22142
0.500000,0.610000,0.060000,0.130000,0.100000,66.110001,9.560000,-0.240000,257.070007,71.139999,54450.921875,36.57,90.84,2.500000,CO,22325
0.500000,0.610000,0.060000,0.130000,0.100000,65.370003,9.920000,0.000000,256.390015,72.519997,53813.328125,36.59,91.01,2.500000,CO,22326
0.500000,0.620000,0.060000,0.130000,0.100000,64.410004,9.840000,-0.280000,256.720001,72.910004,54031.960938,36.61,91.18,2.500000,CO,22327
0.500000,0.620000,0.060000,0.130000,0.100000,64.370003,8.820000,-1.070000,259.709991,66.070000,56656.121094,36.63,91.35,2.500000,CO,22328
0.500000,0.620000,0.060000,0.140000,0.100000,62.970001,7.100000,-2.110000,263.489990,55.970001,60407.308594,36.64,91.51,2.500000,CO,22329
0.500000,0.620000,0.060000,0.150000,0.100000,61.750000,5.180000,-2.510000,265.519989,51.889999,63130.640625,36.66,91.68,2.500000,CO,22330
0.510000,0.630000,0.070000,0.150000,0.100000,60.070000,3.670000,-2.360000,265.850006,51.980000,64132.390625,36.68,91.85,2.500000,CO,22331
0.550000,0.680000,0.080000,0.150000,0.110000,59.400002,3.230000,-1.570000,265.399994,53.070000,63673.730469,36.69,92.02,2.750000,CO,22332
0.620000,0.750000,0.090000,0.140000,0.110000,58.020000,3.290000,-1.050000,264.660004,55.150002,62910.328125,36.71,92.19,2.750000,CO,22333
0.740000,0.880000,0.110000,0.150000,0.110000,55.689999,3.380000,-0.750000,263.970001,57.419998,62454.691406,36.73,92.35,2.750000,CO,22334
0.940000,1.080000,0.140000,0.160000,0.110000,54.520000,2.930000,-0.790000,264.519989,56.639999,63993.699219,36.74,92.52,2.750000,CO,22335
1.300000,1.460000,0.210000,0.190000,0.120000,54.419998,1.870000,-1.270000,265.420013,53.930000,66855.546875,36.76,92.69,3.000000,CO,22336
1.600000,1.780000,0.260000,0.230000,0.120000,55.070000,1.340000,-0.640000,266.000000,52.599998,68313.117188,36.77,92.86,3.000000,CO,22337
1.920000,2.130000,0.330000,0.290000,0.120000,55.480000,1.070000,-0.550000,266.649994,50.490002,69447.289062,36.79,93.03,3.000000,CO,22338
2.270000,2.520000,0.410000,0.370000,0.130000,55.889999,0.050000,-0.170000,267.269989,47.950001,70618.828125,36.8,93.2,3.250000,CO,22339
2.690000,2.980000,0.510000,0.440000,0.130000,56.910000,-0.780000,0.390000,267.410004,46.520000,71163.007812,36.82,93.36,3.842857,PM2.5,22340
2.940000,3.250000,0.550000,0.470000,0.140000,57.070000,-0.570000,-0.070000,267.779999,44.959999,71946.890625,36.83,93.53,4.200000,PM2.5,22341
2.930000,3.230000,0.530000,0.400000,0.140000,57.410000,-0.530000,-0.590000,268.339996,42.669998,72840.953125,36.85,93.7,4.185714,PM2.5,22342
2.900000,3.180000,0.530000,0.320000,0.140000,56.099998,-0.870000,-0.740000,268.279999,41.580002,73193.773438,36.86,93.87,4.142857,PM2.5,22343
2.840000,3.100000,0.510000,0.280000,0.140000,56.130001,-1.300000,-0.600000,268.220001,40.349998,73285.203125,36.88,94.04,4.057143,PM2.5,22344
2.780000,3.020000,0.510000,0.260000,0.140000,56.990002,-1.950000,-0.410000,268.130005,38.549999,73426.531250,36.89,94.21,3.971429,PM2.5,22345
2.730000,2.950000,0.500000,0.240000,0.140000,57.680000,-2.480000,-0.280000,268.190002,36.750000,73487.843750,36.9,94.38,3.900000,PM2.5,22346
2.690000,2.900000,0.510000,0.240000,0.140000,58.580002,-2.890000,-0.230000,268.260010,34.939999,73474.046875,36.92,94.55,3.842857,PM2.5,22347
2.660000,2.870000,0.520000,0.250000,0.140000,59.130001,-3.100000,-0.220000,268.269989,33.900002,73463.937500,36.93,94.71,3.800000,PM2.5,22348
2.650000,2.850000,0.520000,0.280000,0.130000,59.599998,-3.070000,-0.180000,268.260010,33.490002,73517.687500,36.94,94.88,3.785714,PM2.5,22349
2.680000,2.880000,0.530000,0.320000,0.130000,59.810001,-2.830000,-0.180000,268.000000,33.570000,73610.906250,36.96,95.05,3.828572,PM2.5,22350
2.730000,2.930000,0.540000,0.440000,0.130000,60.560001,-2.320000,-0.320000,267.089996,35.750000,73687.671875,36.97,95.22,3.900000,PM2.5,22351
2.440000,2.630000,0.520000,0.410000,0.130000,61.340000,-2.230000,-0.560000,269.109985,29.090000,73607.273438,36.98,95.39,3.485714,PM2.5,22352
2.120000,2.310000,0.510000,0.340000,0.130000,61.939999,-2.430000,-0.510000,269.529999,27.690001,73461.828125,36.99,95.56,3.250000,CO,22353
1.930000,2.110000,0.520000,0.310000,0.120000,62.060001,-2.430000,-0.590000,269.890015,26.650000,73175.656250,37.01,95.73,3.000000,CO,22354
1.890000,2.060000,0.530000,0.320000,0.120000,62.000000,-2.140000,-1.200000,269.589996,27.049999,72359.703125,37.02,95.9,3.000000,CO,22355
1.880000,2.060000,0.560000,0.350000,0.120000,61.689999,-1.740000,-1.590000,268.970001,28.559999,71473.093750,37.03,96.07,3.000000,CO,22356
1.930000,2.110000,0.620000,0.390000,0.120000,61.110001,-1.640000,-1.980000,268.339996,30.180000,70933.156250,37.04,96.24,3.000000,CO,22357
2.050000,2.240000,0.740000,0.460000,0.120000,60.549999,-1.360000,-1.970000,267.450012,32.669998,70126.468750,37.05,96.41,3.000000,CO,22358
2.280000,2.530000,1.020000,0.630000,0.120000,60.889999,-0.770000,-1.530000,266.940002,35.520000,69910.179688,37.06,96.58,3.257143,PM2.5,22359
2.910000,3.490000,1.800000,0.950000,0.130000,62.889999,-0.300000,-0.750000,267.450012,37.340000,71240.046875,37.07,96.75,4.157143,PM2.5,22360
3.890000,5.900000,2.680000,1.190000,0.150000,63.919998,-0.880000,-0.140000,266.420013,42.709999,72111.312500,37.08,96.91,5.900000,PM10,22361
5.170000,9.620000,3.770000,1.360000,0.180000,63.959999,-1.960000,0.140000,268.179993,36.330002,71697.960938,37.09,97.08,9.620000,PM10,22362
6.940000,13.850000,5.170000,1.670000,0.220000,64.540001,-2.090000,0.480000,268.040009,35.560001,71279.210938,37.1,97.25,13.850000,PM10,22363
7.530000,15.180000,5.940000,1.940000,0.230000,65.000000,-1.980000,-0.180000,268.149994,33.860001,71215.750000,37.11,97.42,15.180000,PM10,22364
5.270000,9.650000,4.150000,1.610000,0.190000,64.169998,-1.980000,-0.910000,267.929993,32.750000,70671.312500,37.12,97.59,9.650000,PM10,22365
3.250000,5.210000,2.570000,1.240000,0.150000,62.840000,-1.490000,-1.100000,267.089996,33.529999,69596.140625,37.13,97.76,5.210000,PM10,22366
2.220000,2.940000,1.790000,1.010000,0.130000,62.980000,-0.360000,-1.070000,266.019989,34.849998,68274.429688,37.14,97.93,3.250000,CO,22367
1.930000,2.210000,1.510000,0.830000,0.120000,64.250000,1.250000,-1.330000,264.329987,38.060001,66148.226562,37.15,98.1,3.000000,CO,22368
1.970000,2.200000,1.330000,0.710000,0.120000,64.790001,1.600000,-0.600000,263.309998,41.889999,65128.269531,37.16,98.27,3.000000,CO,22369
2.080000,2.310000,1.120000,0.640000,0.130000,66.690002,1.590000,0.140000,262.359985,44.730000,64068.828125,37.17,98.44,3.250000,CO,22370
2.170000,2.440000,1.220000,0.840000,0.130000,65.419998,4.600000,-0.730000,260.149994,48.200001,61521.410156,37.18,98.61,3.250000,CO,22371
2.000000,2.230000,1.050000,0.770000,0.120000,64.669998,7.240000,-1.270000,261.309998,39.689999,61875.078125,37.18,98.78,3.000000,CO,22372
1.880000,2.100000,0.930000,0.750000,0.120000,63.009998,6.390000,-0.200000,263.869995,33.630001,64281.000000,37.19,98.95,3.000000,CO,22373
1.950000,2.180000,0.890000,0.780000,0.120000,63.250000,4.930000,0.680000,264.899994,32.779999,65683.898438,37.2,99.12,3.000000,CO,22374
2.080000,2.310000,0.810000,0.800000,0.130000,63.540001,2.610000,-0.340000,265.440002,34.389999,67200.320312,37.21,99.29,3.250000,CO,22375
2.170000,2.390000,0.750000,0.790000,0.130000,63.500000,0.450000,-0.840000,264.519989,40.340000,67694.132812,37.21,99.46,3.250000,CO,22376
2.300000,2.520000,0.730000,0.800000,0.130000,62.389999,0.660000,-1.340000,263.579987,44.959999,67416.812500,37.22,99.63,3.285714,PM2.5,22377
2.370000,2.580000,0.730000,0.750000,0.130000,62.369999,0.950000,-1.180000,263.440002,49.410000,67986.437500,37.23,99.8,3.385714,PM2.5,22378
2.660000,2.910000,0.880000,0.870000,0.130000,62.450001,0.210000,-0.270000,263.130005,55.830002,68467.226562,37.23,99.97,3.800000,PM2.5,22379
3.080000,3.390000,1.080000,1.090000,0.140000,62.570000,-0.250000,-0.030000,262.890015,57.130001,68371.117188,37.24,100.14,4.400000,PM2.5,22380
3.680000,4.020000,1.280000,1.430000,0.140000,63.060001,-0.010000,0.160000,262.850006,57.709999,68198.117188,37.25,100.31,5.257143,PM2.5,22381
4.150000,4.440000,1.450000,1.640000,0.150000,65.089996,0.100000,0.270000,263.369995,55.430000,67805.171875,37.25,100.48,5.928572,PM2.5,22382
4.690000,5.050000,1.680000,1.820000,0.150000,66.199997,0.570000,-0.700000,262.820007,53.549999,66197.546875,37.26,100.65,6.700000,PM2.5,22383
5.450000,6.010000,1.910000,1.970000,0.160000,65.900002,2.910000,-2.170000,260.700012,56.439999,63309.500000,37.26,100.82,7.785714,PM2.5,22384
6.780000,7.530000,2.130000,2.370000,0.170000,65.250000,4.420000,-2.330000,260.380005,54.240002,62411.640625,37.27,100.99,9.685715,PM2.5,22385
8.460000,9.430000,2.620000,3.250000,0.200000,63.610001,1.690000,-1.550000,262.799988,51.669998,65290.429688,37.27,101.16,12.085714,PM2.5,22386
14.900000,17.860001,5.210000,7.070000,0.330000,60.500000,-0.290000,-0.370000,263.100006,62.070000,67487.250000,37.28,101.33,21.285713,PM2.5,22387
25.730000,32.939999,10.650000,15.280000,0.530000,52.349998,0.680000,0.520000,262.410004,68.220001,67268.429688,37.28,101.51,36.757141,PM2.5,22388
24.420000,31.590000,10.370000,14.130000,0.500000,53.830002,1.030000,0.080000,263.059998,68.400002,68265.718750,37.29,101.68,34.885715,PM2.5,22389
16.889999,21.170000,6.710000,8.480000,0.350000,60.919998,0.730000,-0.240000,264.380005,64.470001,69790.929688,37.29,101.85,24.128571,PM2.5,22390
11.760000,14.610000,4.360000,5.240000,0.280000,65.900002,0.860000,-0.250000,263.679993,64.940002,68870.273438,37.3,102.02,16.800001,PM2.5,22391
10.410000,13.350000,3.470000,4.340000,0.270000,67.610001,1.220000,-0.210000,261.950012,68.940002,66737.656250,37.3,102.19,14.871428,PM2.5,22392
11.240000,15.180000,3.330000,4.230000,0.310000,66.639999,0.750000,-0.430000,260.589996,74.040001,65353.441406,37.3,102.36,16.057142,PM2.5,22393
0.520000,0.640000,0.060000,0.140000,0.100000,66.500000,8.640000,-0.440000,257.700012,73.800003,55116.171875,36.71,90.82,2.500000,CO,22578
0.520000,0.640000,0.060000,0.140000,0.100000,65.419998,7.920000,-0.810000,258.630005,73.910004,56072.289062,36.73,90.99,2.500000,CO,22579
0.520000,0.640000,0.060000,0.140000,0.100000,64.459999,7.110000,-1.350000,260.640015,69.660004,58208.628906,36.74,91.16,2.500000,CO,22580
0.520000,0.640000,0.060000,0.150000,0.100000,63.259998,6.630000,-2.210000,263.089996,61.910000,60871.769531,36.76,91.32,2.500000,CO,22581
0.510000,0.650000,0.070000,0.150000,0.100000,60.889999,5.780000,-2.720000,264.179993,58.599998,62439.730469,36.78,91.49,2.500000,CO,22582
0.520000,0.650000,0.070000,0.150000,0.100000,59.580002,4.710000,-2.810000,263.809998,58.060001,62253.839844,36.8,91.66,2.500000,CO,22583
0.520000,0.660000,0.070000,0.140000,0.100000,59.259998,4.740000,-1.790000,262.779999,60.119999,60948.171875,36.81,91.83,2.500000,CO,22584
0.560000,0.690000,0.080000,0.140000,0.110000,59.820000,5.590000,-0.410000,262.230011,61.419998,60073.300781,36.83,92.0,2.750000,CO,22585
0.670000,0.800000,0.090000,0.150000,0.110000,58.509998,5.270000,0.180000,262.950012,60.040001,60889.769531,36.85,92.17,2.750000,CO,22586
0.880000,1.020000,0.130000,0.160000,0.110000,55.299999,3.660000,0.380000,263.950012,58.560001,63173.281250,36.86,92.33,2.750000,CO,22587
1.200000,1.360000,0.190000,0.180000,0.120000,54.840000,2.010000,-0.340000,265.019989,55.259998,66114.000000,36.88,92.5,3.000000,CO,22588
1.730000,1.920000,0.290000,0.250000,0.120000,55.160000,0.950000,-1.230000,265.839996,51.990002,68889.273438,36.89,92.67,3.000000,CO,22589
2.330000,2.560000,0.400000,0.350000,0.130000,56.220001,0.350000,-1.190000,266.470001,50.509998,70614.312500,36.91,92.84,3.328571,PM2.5,22590
2.600000,2.860000,0.460000,0.400000,0.130000,56.939999,-0.470000,-0.590000,267.100006,48.580002,71313.257812,36.92,93.01,3.714286,PM2.5,22591
2.720000,2.990000,0.480000,0.410000,0.140000,56.990002,-1.280000,-0.010000,267.609985,46.169998,71800.929688,36.94,93.18,3.885714,PM2.5,22592
2.890000,3.170000,0.510000,0.400000,0.140000,56.860001,-1.180000,0.080000,267.640015,44.889999,72258.523438,36.95,93.35,4.128572,PM2.5,22593
2.980000,3.260000,0.530000,0.360000,0.140000,56.680000,-0.770000,-0.210000,267.700012,43.770000,72728.859375,36.97,93.51,4.257143,PM2.5,22594
2.930000,3.190000,0.520000,0.290000,0.140000,56.480000,-0.760000,-0.480000,267.820007,41.619999,73107.523438,36.98,93.68,4.185714,PM2.5,22595
2.850000,3.090000,0.500000,0.250000,0.140000,56.660000,-1.050000,-0.430000,267.670013,40.090000,73237.781250,37.0,93.85,4.071428,PM2.5,22596
2.760000,2.990000,0.490000,0.220000,0.140000,57.070000,-1.540000,-0.300000,267.720001,38.459999,73330.992188,37.01,94.02,3.942857,PM2.5,22597
2.680000,2.900000,0.480000,0.220000,0.140000,57.779999,-2.030000,-0.150000,267.869995,36.990002,73446.687500,37.03,94.19,3.828572,PM2.5,22598
2.610000,2.820000,0.480000,0.220000,0.140000,58.680000,-2.460000,0.060000,268.070007,35.049999,73502.632812,37.04,94.36,3.728571,PM2.5,22599
2.540000,2.740000,0.480000,0.230000,0.140000,59.540001,-2.640000,0.180000,268.190002,33.139999,73492.273438,37.05,94.53,3.628571,PM2.5,22600
2.440000,2.640000,0.480000,0.260000,0.130000,60.349998,-2.580000,0.110000,268.269989,31.850000,73494.226562,37.07,94.7,3.485714,PM2.5,22601
2.320000,2.510000,0.470000,0.290000,0.130000,61.040001,-2.390000,-0.080000,268.440002,30.690001,73556.679688,37.08,94.87,3.314286,PM2.5,22602
2.220000,2.410000,0.460000,0.340000,0.130000,61.650002,-2.240000,-0.260000,268.750000,29.440001,73602.132812,37.09,95.04,3.250000,CO,22603
2.140000,2.320000,0.450000,0.410000,0.120000,62.070000,-2.130000,-0.720000,269.100006,28.309999,73486.476562,37.1,95.21,3.057143,PM2.5,22604
1.970000,2.150000,0.440000,0.450000,0.120000,62.240002,-2.130000,-1.280000,269.320007,27.480000,73113.710938,37.12,95.37,3.000000,CO,22605
1.820000,1.990000,0.420000,0.410000,0.120000,62.500000,-2.230000,-1.360000,269.279999,27.180000,72616.906250,37.13,95.54,3.000000,CO,22606
1.730000,1.900000,0.420000,0.350000,0.120000,62.830002,-2.250000,-1.010000,268.839996,27.690001,71556.523438,37.14,95.71,3.000000,CO,22607
1.760000,1.920000,0.420000,0.320000,0.120000,63.279999,-1.890000,-1.080000,267.390015,30.250000,69492.132812,37.15,95.88,3.000000,CO,22608
1.730000,1.890000,0.420000,0.330000,0.120000,64.330002,-1.210000,-1.460000,266.170013,33.230000,67905.468750,37.16,96.05,3.000000,CO,22609
1.710000,1.870000,0.440000,0.350000,0.120000,64.010002,-0.560000,-1.920000,265.790009,34.650002,67550.148438,37.18,96.22,3.000000,CO,22610
1.750000,1.920000,0.510000,0.390000,0.120000,62.619999,0.260000,-1.820000,265.609985,35.630001,67614.726562,37.19,96.39,3.000000,CO,22611
1.870000,2.080000,0.690000,0.520000,0.120000,61.669998,0.820000,-1.030000,266.380005,34.779999,68851.500000,37.2,96.56,3.000000,CO,22612
2.650000,3.390000,1.650000,0.940000,0.130000,62.590000,0.610000,0.060000,267.790009,34.049999,71176.406250,37.21,96.73,3.785714,PM2.5,22613
4.740000,9.140000,4.060000,1.780000,0.170000,63.939999,0.350000,0.500000,268.190002,35.139999,72451.546875,37.22,96.9,9.140000,PM10,22614
7.100000,15.940000,5.370000,2.220000,0.220000,64.199997,0.230000,-0.160000,268.959991,32.080002,72446.828125,37.23,97.07,15.940000,PM10,22615
13.180000,31.219999,10.800000,3.610000,0.350000,65.510002,-0.000000,-0.060000,269.160004,30.850000,72397.117188,37.24,97.24,31.219999,PM10,22616
16.740000,37.770000,14.550000,4.210000,0.410000,68.599998,-0.320000,-0.850000,268.829987,30.260000,71689.781250,37.25,97.41,37.770000,PM10,22617
9.850000,19.150000,7.890000,2.520000,0.260000,64.779999,-0.340000,-1.620000,267.230011,31.879999,69500.867188,37.26,97.58,19.150000,PM10,22618
5.020000,8.490000,3.990000,1.660000,0.170000,62.279999,-0.030000,-2.060000,266.019989,33.080002,68155.796875,37.27,97.75,8.490000,PM10,22619
2.730000,3.830000,2.370000,1.250000,0.130000,62.060001,0.800000,-1.910000,264.899994,34.599998,66783.046875,37.28,97.92,3.900000,PM2.5,22620
1.960000,2.310000,1.840000,1.040000,0.120000,62.770000,3.000000,-1.640000,262.570007,39.200001,64108.710938,37.29,98.09,3.000000,CO,22621
1.850000,2.100000,1.560000,0.880000,0.120000,63.730000,3.620000,-0.500000,262.010010,41.919998,63599.968750,37.29,98.26,3.000000,CO,22622
1.890000,2.100000,1.300000,0.740000,0.120000,64.589996,2.550000,0.880000,261.709991,45.570000,63484.628906,37.3,98.43,3.000000,CO,22623
1.990000,2.220000,1.280000,0.800000,0.120000,64.320000,4.660000,1.100000,260.359985,46.730000,61807.558594,37.31,98.6,3.000000,CO,22624
1.860000,2.060000,1.120000,0.770000,0.120000,63.560001,7.520000,-0.650000,261.600006,39.270000,62449.429688,37.32,98.77,3.000000,CO,22625
1.720000,1.920000,1.010000,0.780000,0.120000,62.279999,6.590000,-1.770000,264.660004,32.209999,65325.589844,37.33,98.94,3.000000,CO,22626
2.070000,2.360000,1.040000,1.020000,0.120000,63.259998,3.820000,-1.150000,265.690002,31.870001,66876.796875,37.33,99.11,3.000000,CO,22627
1.850000,2.050000,0.790000,0.720000,0.120000,63.900002,1.810000,-0.690000,264.739990,35.669998,66690.851562,37.34,99.28,3.000000,CO,22628
1.870000,2.060000,0.690000,0.640000,0.120000,63.750000,1.580000,-1.130000,263.529999,38.840000,65876.296875,37.35,99.45,3.000000,CO,22629
1.910000,2.090000,0.650000,0.600000,0.120000,63.669998,2.470000,-1.850000,262.970001,40.439999,65419.660156,37.36,99.62,3.000000,CO,22630
1.990000,2.170000,0.630000,0.620000,0.120000,63.459999,2.720000,-1.600000,263.040009,42.730000,65726.203125,37.36,99.79,3.000000,CO,22631
2.130000,2.330000,0.660000,0.680000,0.130000,62.919998,1.900000,-0.760000,263.119995,46.759998,66376.726562,37.37,99.96,3.250000,CO,22632
2.340000,2.570000,0.760000,0.850000,0.130000,63.200001,0.770000,-0.230000,262.940002,49.669998,66608.390625,37.38,100.14,3.342857,PM2.5,22633
2.340000,2.540000,0.740000,0.840000,0.130000,64.230003,0.430000,-0.400000,262.869995,51.759998,66531.953125,37.38,100.31,3.342857,PM2.5,22634
2.610000,2.810000,0.880000,1.010000,0.130000,66.000000,0.430000,-0.150000,262.769989,55.330002,66377.968750,37.39,100.48,3.728571,PM2.5,22635
3.090000,3.280000,1.140000,1.270000,0.140000,66.959999,0.890000,0.060000,261.709991,56.490002,64728.519531,37.39,100.65,4.414286,PM2.5,22636
3.800000,4.000000,1.340000,1.380000,0.140000,66.470001,2.750000,-0.530000,259.640015,61.180000,62273.339844,37.4,100.82,5.428571,PM2.5,22637
4.830000,5.080000,1.490000,1.680000,0.150000,65.889999,4.350000,-1.800000,259.299988,60.930000,61771.570312,37.4,100.99,6.900000,PM2.5,22638
6.120000,6.560000,1.900000,2.310000,0.170000,64.970001,2.760000,-2.510000,261.209991,59.520000,64163.468750,37.41,101.16,8.742857,PM2.5,22639
12.610000,14.560000,4.450000,6.100000,0.260000,61.200001,0.400000,-1.050000,263.130005,62.520000,67582.609375,37.41,101.33,18.014286,PM2.5,22640
17.549999,21.040001,6.910000,9.380000,0.340000,58.250000,0.010000,0.090000,263.829987,62.939999,68940.117188,37.42,101.5,25.071428,PM2.5,22641
15.450000,19.270000,5.840000,7.740000,0.340000,61.340000,0.090000,-0.830000,262.940002,67.000000,67919.632812,37.42,101.67,22.071428,PM2.5,22642
8.840000,10.680000,3.050000,3.680000,0.240000,68.209999,0.280000,-1.280000,261.540009,71.010002,66075.093750,37.43,101.84,12.628572,PM2.5,22643
7.800000,9.810000,2.470000,3.040000,0.230000,69.580002,1.510000,-1.950000,259.869995,73.599998,63872.808594,37.43,102.01,11.142858,PM2.5,22644
7.880000,10.360000,2.290000,2.810000,0.250000,69.129997,2.890000,-2.140000,258.510010,74.680000,62171.250000,37.43,102.18,11.257143,PM2.5,22645
0.550000,0.680000,0.060000,0.150000,0.100000,62.919998,6.210000,-0.440000,260.470001,72.650002,58297.628906,36.84,90.8,2.500000,CO,22832
0.540000,0.670000,0.060000,0.150000,0.100000,62.750000,5.780000,-1.090000,261.730011,69.410004,59809.921875,36.86,90.97,2.500000,CO,22833
0.530000,0.660000,0.060000,0.150000,0.100000,62.009998,5.660000,-1.960000,262.329987,66.550003,60806.488281,36.88,91.13,2.500000,CO,22834
0.520000,0.660000,0.070000,0.150000,0.100000,60.340000,5.840000,-2.460000,262.059998,64.800003,60642.089844,36.9,91.3,2.500000,CO,22835
0.520000,0.660000,0.070000,0.140000,0.100000,59.340000,6.090000,-2.110000,261.589996,63.470001,60023.558594,36.91,91.47,2.500000,CO,22836
0.550000,0.680000,0.070000,0.140000,0.100000,59.849998,6.490000,-1.030000,261.369995,62.189999,59506.851562,36.93,91.64,2.500000,CO,22837
0.630000,0.770000,0.090000,0.150000,0.110000,59.680000,6.520000,0.390000,261.899994,59.860001,59822.980469,36.95,91.81,2.750000,CO,22838
0.740000,0.880000,0.110000,0.160000,0.110000,56.660000,4.780000,1.080000,263.170013,58.650002,61584.769531,36.96,91.98,2.750000,CO,22839
0.970000,1.110000,0.150000,0.160000,0.110000,54.700001,2.400000,0.600000,264.109985,58.400002,64188.570312,36.98,92.15,2.750000,CO,22840
1.320000,1.480000,0.210000,0.180000,0.120000,54.840000,0.960000,-0.480000,265.220001,54.130001,67057.226562,37.0,92.31,3.000000,CO,22841
1.870000,2.060000,0.310000,0.250000,0.120000,55.660000,0.100000,-0.870000,265.779999,51.669998,69161.328125,37.01,92.48,3.000000,CO,22842
2.440000,2.670000,0.420000,0.360000,0.130000,56.580002,-0.240000,-0.730000,266.089996,51.180000,70397.476562,37.03,92.65,3.485714,PM2.5,22843
2.730000,2.980000,0.470000,0.360000,0.140000,56.320000,-0.410000,-0.990000,266.619995,49.869999,71432.937500,37.04,92.82,3.900000,PM2.5,22844
2.770000,3.030000,0.470000,0.330000,0.140000,56.660000,-1.130000,-0.780000,267.200012,47.099998,71970.023438,37.06,92.99,3.957143,PM2.5,22845
2.840000,3.100000,0.480000,0.300000,0.140000,56.400002,-1.430000,-0.590000,267.339996,45.490002,72225.609375,37.07,93.16,4.057143,PM2.5,22846
2.890000,3.140000,0.490000,0.280000,0.140000,56.490002,-1.070000,-0.480000,267.309998,43.990002,72506.343750,37.09,93.33,4.128572,PM2.5,22847
2.890000,3.130000,0.490000,0.250000,0.140000,57.220001,-0.980000,-0.220000,267.450012,41.709999,72823.531250,37.1,93.5,4.128572,PM2.5,22848
2.850000,3.090000,0.490000,0.220000,0.140000,57.310001,-0.930000,-0.290000,267.359985,40.009998,73129.531250,37.12,93.67,4.071428,PM2.5,22849
2.780000,3.000000,0.480000,0.210000,0.140000,57.240002,-1.100000,-0.220000,267.470001,38.400002,73295.203125,37.13,93.83,3.971429,PM2.5,22850
2.700000,2.910000,0.470000,0.200000,0.140000,57.660000,-1.600000,0.090000,267.660004,36.959999,73373.781250,37.15,94.0,3.857143,PM2.5,22851
2.620000,2.820000,0.470000,0.200000,0.140000,58.630001,-2.020000,0.280000,267.839996,35.610001,73406.343750,37.16,94.17,3.742857,PM2.5,22852
2.530000,2.720000,0.460000,0.220000,0.140000,59.730000,-2.210000,0.390000,268.049988,33.720001,73435.468750,37.17,94.34,3.614286,PM2.5,22853
2.420000,2.620000,0.460000,0.250000,0.140000,60.700001,-2.130000,0.370000,268.250000,31.969999,73522.398438,37.19,94.51,3.500000,CO,22854
2.290000,2.480000,0.440000,0.290000,0.130000,61.540001,-2.020000,0.080000,268.559998,30.230000,73578.421875,37.2,94.68,3.271429,PM2.5,22855
2.120000,2.300000,0.420000,0.330000,0.130000,62.459999,-2.020000,-0.370000,268.890015,28.650000,73390.343750,37.21,94.85,3.250000,CO,22856
1.980000,2.150000,0.400000,0.360000,0.130000,62.900002,-2.000000,-0.720000,269.079987,27.760000,73030.726562,37.23,95.02,3.250000,CO,22857
1.860000,2.030000,0.390000,0.430000,0.120000,63.150002,-1.890000,-1.100000,268.899994,27.840000,72343.617188,37.24,95.19,3.000000,CO,22858
1.770000,1.950000,0.380000,0.510000,0.120000,62.919998,-1.690000,-1.450000,268.290009,29.059999,71349.156250,37.25,95.36,3.000000,CO,22859
1.670000,1.840000,0.370000,0.500000,0.110000,63.160000,-1.620000,-1.570000,267.640015,30.010000,70515.882812,37.26,95.53,2.750000,CO,22860
1.620000,1.780000,0.350000,0.460000,0.110000,63.770000,-1.740000,-1.270000,267.010010,31.709999,69636.117188,37.28,95.7,2.750000,CO,22861
1.600000,1.760000,0.350000,0.410000,0.110000,64.360001,-1.600000,-1.110000,266.100006,33.869999,68422.796875,37.29,95.87,2.750000,CO,22862
1.580000,1.730000,0.350000,0.390000,0.120000,64.699997,-0.930000,-1.380000,265.130005,35.970001,67109.406250,37.3,96.04,3.000000,CO,22863
1.560000,1.700000,0.360000,0.380000,0.110000,64.370003,0.180000,-1.830000,264.190002,38.110001,65971.523438,37.31,96.21,2.750000,CO,22864
1.530000,1.680000,0.380000,0.390000,0.110000,64.379997,1.460000,-1.940000,264.059998,38.529999,65731.132812,37.32,96.38,2.750000,CO,22865
1.590000,1.760000,0.480000,0.470000,0.110000,63.080002,1.220000,-1.410000,266.029999,34.040001,67902.406250,37.33,96.55,2.750000,CO,22866
1.950000,2.460000,0.960000,0.710000,0.120000,61.490002,-0.050000,0.060000,268.190002,30.180000,71057.656250,37.34,96.72,3.000000,CO,22867
3.500000,6.330000,2.310000,1.350000,0.150000,62.660000,-0.000000,-0.060000,268.589996,29.709999,71642.828125,37.35,96.89,6.330000,PM10,22868
6.710000,14.020000,3.700000,2.150000,0.240000,62.939999,1.010000,-1.170000,267.619995,30.440001,70009.000000,37.36,97.06,14.020000,PM10,22869
18.840000,40.389999,13.890000,6.350000,0.500000,64.150002,1.540000,-0.930000,266.910004,31.379999,68831.539062,37.37,97.23,40.389999,PM10,22870
29.219999,63.169998,24.370001,9.810000,0.700000,67.559998,1.450000,-0.150000,266.070007,33.259998,68034.000000,37.38,97.4,56.584999,PM10,22871
14.080000,27.590000,11.650000,4.370000,0.350000,64.540001,1.560000,-0.950000,264.890015,35.360001,66879.812500,37.39,97.57,27.590000,PM10,22872
6.540000,10.810000,5.340000,2.350000,0.200000,61.430000,1.710000,-2.260000,264.720001,34.380001,66707.203125,37.4,97.74,10.810000,PM10,22873
3.180000,4.500000,3.050000,1.620000,0.140000,60.869999,2.470000,-2.680000,263.859985,35.110001,65471.589844,37.41,97.91,4.542857,PM2.5,22874
2.020000,2.420000,2.290000,1.360000,0.120000,61.259998,4.830000,-2.060000,261.630005,39.130001,62914.019531,37.42,98.08,3.000000,CO,22875
1.830000,2.110000,1.950000,1.190000,0.120000,61.360001,6.220000,-0.790000,261.269989,38.369999,62150.320312,37.43,98.25,3.000000,CO,22876
1.730000,1.950000,1.590000,1.000000,0.120000,61.080002,5.190000,0.640000,261.450012,39.230000,62591.640625,37.44,98.42,3.000000,CO,22877
1.730000,1.940000,1.370000,0.910000,0.120000,61.930000,4.940000,1.520000,261.820007,40.490002,63227.750000,37.45,98.59,3.000000,CO,22878
1.690000,1.890000,1.240000,0.890000,0.120000,61.529999,5.910000,-0.560000,262.109985,40.090000,63633.429688,37.45,98.76,3.000000,CO,22879
1.620000,1.810000,1.130000,0.860000,0.120000,61.540001,6.340000,-2.840000,262.750000,37.450001,64002.699219,37.46,98.93,3.000000,CO,22880
1.770000,2.010000,1.110000,0.990000,0.120000,63.040001,5.790000,-2.460000,263.529999,34.470001,64428.468750,37.47,99.1,3.000000,CO,22881
1.670000,1.860000,0.880000,0.770000,0.120000,63.790001,4.530000,-1.400000,262.929993,35.959999,64033.460938,37.48,99.27,3.000000,CO,22882
1.660000,1.830000,0.710000,0.610000,0.120000,64.360001,3.620000,-1.410000,261.820007,39.680000,63417.050781,37.48,99.44,3.000000,CO,22883
1.680000,1.840000,0.630000,0.550000,0.120000,64.690002,3.930000,-2.260000,261.269989,42.040001,63110.640625,37.49,99.62,3.000000,CO,22884
1.710000,1.860000,0.580000,0.530000,0.120000,64.910004,4.430000,-2.270000,261.579987,42.099998,63306.058594,37.5,99.79,3.000000,CO,22885
1.800000,1.960000,0.570000,0.550000,0.120000,64.379997,3.640000,-1.540000,262.420013,43.000000,64397.761719,37.51,99.96,3.000000,CO,22886
1.940000,2.110000,0.590000,0.620000,0.120000,64.260002,2.290000,-1.100000,262.529999,44.720001,65048.640625,37.51,100.13,3.000000,CO,22887
2.020000,2.200000,0.590000,0.730000,0.130000,64.739998,1.580000,-1.130000,261.940002,48.860001,64773.601562,37.52,100.3,3.250000,CO,22888
2.210000,2.390000,0.670000,0.860000,0.130000,66.050003,1.320000,-0.640000,261.540009,56.200001,64684.238281,37.52,100.47,3.250000,CO,22889
2.520000,2.710000,0.790000,0.990000,0.140000,67.459999,1.180000,0.070000,261.549988,59.070000,64831.789062,37.53,100.64,3.600000,PM2.5,22890
3.010000,3.230000,0.940000,1.090000,0.140000,67.550003,1.930000,0.220000,261.170013,60.110001,64473.070312,37.53,100.81,4.300000,PM2.5,22891
3.660000,3.920000,1.100000,1.300000,0.150000,66.870003,2.760000,-0.730000,260.790009,62.439999,64165.300781,37.54,100.98,5.228571,PM2.5,22892
4.820000,5.240000,1.460000,1.760000,0.160000,67.029999,1.680000,-1.750000,261.820007,63.880001,65885.093750,37.54,101.15,6.885715,PM2.5,22893
6.760000,7.520000,2.160000,2.640000,0.190000,67.900002,0.430000,-1.440000,262.869995,64.059998,67562.531250,37.55,101.32,9.657144,PM2.5,22894
7.560000,8.810000,2.470000,2.970000,0.210000,68.220001,0.360000,-1.240000,261.510010,68.339996,65847.257812,37.55,101.49,10.800000,PM2.5,22895
7.560000,9.310000,2.340000,2.710000,0.230000,68.290001,0.110000,-1.080000,259.429993,76.720001,63745.800781,37.56,101.66,10.800000,PM2.5,22896
6.860000,8.590000,2.010000,2.490000,0.220000,70.570000,0.070000,-1.310000,258.790009,80.339996,63316.679688,37.56,101.84,9.800000,PM2.5,22897
6.850000,8.930000,1.920000,2.320000,0.230000,70.010002,1.670000,-1.970000,257.940002,80.129997,62317.328125,37.57,102.01,9.785714,PM2.5,22898
0.530000,0.660000,0.070000,0.140000,0.100000,60.340000,8.100000,-1.400000,259.739990,64.129997,57712.519531,37.05,91.45,2.500000,CO,23089
0.630000,0.770000,0.090000,0.140000,0.100000,58.000000,7.550000,0.210000,261.980011,55.930000,59748.351562,37.06,91.62,2.500000,CO,23090
0.760000,0.900000,0.110000,0.150000,0.110000,55.639999,4.690000,0.490000,263.570007,54.639999,62036.910156,37.08,91.79,2.750000,CO,23091
0.940000,1.080000,0.150000,0.160000,0.110000,53.369999,1.730000,0.110000,264.000000,57.349998,64508.828125,37.1,91.96,2.750000,CO,23092
1.270000,1.420000,0.200000,0.170000,0.120000,54.020000,0.600000,-0.560000,264.649994,54.689999,66807.671875,37.11,92.12,3.000000,CO,23093
1.760000,1.930000,0.290000,0.200000,0.120000,55.540001,0.060000,-1.290000,265.299988,52.540001,68873.937500,37.13,92.29,3.000000,CO,23094
2.290000,2.490000,0.390000,0.290000,0.130000,57.049999,-0.320000,-1.010000,266.049988,51.389999,70529.257812,37.15,92.46,3.271429,PM2.5,23095
2.570000,2.800000,0.440000,0.360000,0.140000,57.790001,-0.590000,-0.790000,266.660004,49.590000,71506.617188,37.16,92.63,3.671428,PM2.5,23096
2.770000,3.010000,0.460000,0.320000,0.140000,56.820000,-0.770000,-0.940000,266.790009,48.650002,71987.210938,37.18,92.8,3.957143,PM2.5,23097
2.820000,3.060000,0.470000,0.290000,0.140000,56.619999,-1.060000,-0.890000,266.980011,46.650002,72244.382812,37.19,92.97,4.028571,PM2.5,23098
2.870000,3.110000,0.480000,0.250000,0.140000,56.669998,-1.100000,-0.740000,266.959991,44.790001,72440.031250,37.21,93.14,4.100000,PM2.5,23099
2.850000,3.080000,0.480000,0.230000,0.140000,57.209999,-0.820000,-0.670000,266.950012,42.900002,72704.289062,37.22,93.31,4.071428,PM2.5,23100
2.800000,3.030000,0.470000,0.210000,0.140000,57.980000,-0.900000,-0.380000,267.230011,40.049999,73020.859375,37.24,93.48,4.000000,PM2.5,23101
2.760000,2.980000,0.470000,0.200000,0.140000,58.009998,-0.940000,-0.200000,267.309998,38.450001,73248.507812,37.25,93.65,3.942857,PM2.5,23102
2.690000,2.900000,0.460000,0.200000,0.140000,58.110001,-1.070000,-0.050000,267.540009,36.529999,73389.273438,37.27,93.82,3.842857,PM2.5,23103
2.640000,2.840000,0.460000,0.210000,0.140000,58.540001,-1.520000,0.390000,267.730011,35.459999,73463.726562,37.28,93.99,3.771429,PM2.5,23104
2.570000,2.770000,0.460000,0.250000,0.140000,59.639999,-1.890000,0.650000,267.869995,34.680000,73420.093750,37.3,94.16,3.671428,PM2.5,23105
2.460000,2.650000,0.450000,0.310000,0.140000,60.750000,-1.950000,0.620000,268.089996,32.720001,73362.273438,37.31,94.33,3.514286,PM2.5,23106
2.340000,2.520000,0.440000,0.360000,0.130000,61.570000,-1.850000,0.360000,268.470001,30.510000,73375.281250,37.32,94.49,3.342857,PM2.5,23107
2.170000,2.350000,0.420000,0.400000,0.130000,62.669998,-1.880000,-0.080000,268.839996,28.920000,73184.671875,37.34,94.66,3.250000,CO,23108
1.990000,2.150000,0.390000,0.420000,0.130000,63.099998,-1.930000,-0.450000,268.769989,28.500000,72442.562500,37.35,94.83,3.250000,CO,23109
1.820000,1.980000,0.360000,0.440000,0.120000,63.610001,-1.800000,-0.710000,268.290009,28.990000,71397.656250,37.36,95.0,3.000000,CO,23110
1.670000,1.830000,0.330000,0.480000,0.120000,64.290001,-1.460000,-0.980000,267.559998,30.340000,70294.140625,37.38,95.17,3.000000,CO,23111
1.560000,1.730000,0.330000,0.590000,0.110000,64.620003,-1.010000,-1.330000,266.730011,31.670000,69282.906250,37.39,95.34,2.750000,CO,23112
1.480000,1.650000,0.310000,0.590000,0.110000,64.669998,-0.550000,-1.620000,266.299988,32.439999,68782.953125,37.4,95.51,2.750000,CO,23113
1.440000,1.600000,0.300000,0.540000,0.110000,64.989998,-0.150000,-1.830000,266.179993,32.889999,68465.632812,37.41,95.68,2.750000,CO,23114
1.440000,1.590000,0.290000,0.470000,0.110000,65.489998,0.010000,-1.450000,265.579987,34.459999,67750.648438,37.42,95.85,2.750000,CO,23115
1.410000,1.550000,0.270000,0.390000,0.110000,66.709999,0.290000,-1.220000,264.700012,36.139999,66536.140625,37.43,96.02,2.750000,CO,23116
1.360000,1.500000,0.270000,0.340000,0.110000,66.230003,1.170000,-1.410000,263.549988,38.369999,65160.660156,37.45,96.19,2.750000,CO,23117
1.340000,1.470000,0.290000,0.320000,0.110000,65.269997,2.170000,-2.070000,263.260010,38.770000,64786.539062,37.46,96.36,2.750000,CO,23118
1.370000,1.520000,0.320000,0.340000,0.110000,63.990002,1.790000,-2.500000,264.660004,34.860001,66040.171875,37.47,96.54,2.750000,CO,23119
1.460000,1.710000,0.410000,0.350000,0.110000,63.040001,0.710000,-1.080000,266.350006,31.160000,67956.492188,37.48,96.71,2.750000,CO,23120
1.760000,2.430000,0.510000,0.370000,0.120000,62.650002,0.650000,-0.630000,266.160004,31.400000,68012.703125,37.49,96.88,3.000000,CO,23121
2.600000,4.430000,0.710000,0.500000,0.150000,63.080002,2.090000,-1.960000,263.160004,36.750000,64447.949219,37.5,97.05,4.430000,PM10,23122
6.510000,12.400000,3.920000,2.060000,0.250000,62.759998,4.220000,-2.410000,260.750000,41.119999,61474.070312,37.51,97.22,12.400000,PM10,23123
10.220000,19.270000,7.320000,3.860000,0.330000,62.380001,4.480000,-1.010000,261.390015,39.840000,62100.449219,37.52,97.39,19.270000,PM10,23124
6.650000,11.830000,5.050000,2.730000,0.230000,61.529999,3.100000,-1.260000,262.239990,38.590000,63431.570312,37.53,97.56,11.830000,PM10,23125
3.650000,5.760000,3.000000,1.720000,0.160000,61.560001,2.660000,-2.460000,261.769989,39.220001,63105.410156,37.54,97.73,5.760000,PM10,23126
2.310000,3.140000,2.170000,1.340000,0.130000,61.099998,4.540000,-3.010000,259.600006,43.290001,60698.371094,37.55,97.9,3.300000,PM2.5,23127
1.740000,2.050000,1.780000,1.170000,0.120000,61.349998,7.610000,-2.390000,258.609985,43.279999,59334.968750,37.56,98.07,3.000000,CO,23128
1.540000,1.740000,1.460000,0.980000,0.110000,61.700001,7.950000,-1.430000,260.489990,36.680000,60520.371094,37.57,98.24,2.750000,CO,23129
1.440000,1.600000,1.190000,0.820000,0.110000,60.860001,5.410000,-0.760000,261.950012,33.619999,62186.218750,37.57,98.41,2.750000,CO,23130
1.420000,1.580000,1.030000,0.800000,0.120000,61.520000,3.440000,-0.090000,262.670013,35.549999,63843.039062,37.58,98.58,3.000000,CO,23131
1.460000,1.620000,1.000000,0.760000,0.120000,61.820000,3.550000,-1.010000,261.720001,39.790001,63363.761719,37.59,98.75,3.000000,CO,23132
1.450000,1.600000,0.930000,0.710000,0.120000,61.910000,5.540000,-2.730000,260.350006,42.299999,61713.398438,37.6,98.92,3.000000,CO,23133
1.390000,1.530000,0.800000,0.620000,0.120000,64.029999,6.890000,-3.040000,260.940002,38.849998,61784.859375,37.61,99.09,3.000000,CO,23134
1.370000,1.500000,0.670000,0.540000,0.120000,64.750000,5.900000,-2.400000,261.779999,36.669998,62516.660156,37.61,99.26,3.000000,CO,23135
1.410000,1.540000,0.590000,0.490000,0.120000,65.379997,4.330000,-1.880000,261.309998,39.450001,62611.250000,37.62,99.44,3.000000,CO,23136
1.460000,1.580000,0.530000,0.450000,0.120000,65.760002,4.500000,-2.370000,259.839996,44.439999,61459.179688,37.63,99.61,3.000000,CO,23137
1.470000,1.600000,0.500000,0.420000,0.120000,66.059998,5.340000,-2.790000,260.019989,44.320000,61478.718750,37.63,99.78,3.000000,CO,23138
1.580000,1.710000,0.490000,0.440000,0.120000,65.639999,4.550000,-2.680000,261.489990,43.310001,63016.210938,37.64,99.95,3.000000,CO,23139
1.740000,1.890000,0.500000,0.510000,0.120000,64.940002,3.250000,-2.410000,261.459991,46.410000,63499.578125,37.65,100.12,3.000000,CO,23140
1.890000,2.060000,0.520000,0.670000,0.130000,65.139999,2.390000,-2.040000,260.970001,51.580002,63517.570312,37.65,100.29,3.250000,CO,23141
2.120000,2.300000,0.570000,0.780000,0.130000,66.580002,1.400000,-1.500000,260.859985,59.150002,64028.660156,37.66,100.46,3.250000,CO,23142
2.430000,2.630000,0.650000,0.870000,0.140000,68.709999,0.810000,-1.190000,261.089996,63.490002,64951.710938,37.66,100.63,3.500000,CO,23143
2.750000,2.980000,0.720000,0.940000,0.140000,68.919998,1.230000,-0.870000,260.779999,65.739998,64827.578125,37.67,100.8,3.928571,PM2.5,23144
3.340000,3.640000,0.890000,1.090000,0.150000,69.089996,1.550000,-1.240000,260.769989,67.589996,65013.929688,37.68,100.97,4.771429,PM2.5,23145
4.470000,5.020000,1.210000,1.440000,0.160000,69.720001,0.490000,-1.860000,262.089996,65.470001,66844.343750,37.68,101.15,6.385714,PM2.5,23146
6.090000,7.170000,1.700000,2.140000,0.200000,69.489998,0.300000,-1.800000,260.730011,70.430000,65118.890625,37.69,101.32,8.700000,PM2.5,23147
6.820000,8.440000,1.860000,2.320000,0.220000,69.930000,1.650000,-1.480000,257.829987,79.040001,61761.878906,37.69,101.49,9.742857,PM2.5,23148
6.960000,8.980000,1.910000,2.170000,0.240000,69.559998,1.250000,-0.840000,258.700012,80.250000,63266.941406,37.69,101.66,9.942857,PM2.5,23149
7.780000,10.910000,2.370000,2.390000,0.270000,69.269997,1.330000,-0.300000,261.559998,70.250000,67178.812500,37.7,102.0,11.114286,PM2.5,23151
0.530000,0.670000,0.070000,0.130000,0.100000,59.709999,9.600000,-1.160000,259.429993,62.509998,57322.210938,37.18,91.43,2.500000,CO,23345
0.600000,0.730000,0.090000,0.140000,0.100000,56.930000,7.680000,-1.090000,262.369995,53.139999,60103.441406,37.2,91.6,2.500000,CO,23346
0.810000,0.940000,0.120000,0.150000,0.110000,53.790001,3.230000,-1.020000,263.579987,54.790001,62775.398438,37.22,91.77,2.750000,CO,23347
1.130000,1.270000,0.180000,0.160000,0.110000,53.299999,0.560000,-0.700000,263.750000,56.959999,65292.179688,37.23,91.94,2.750000,CO,23348
1.560000,1.710000,0.250000,0.180000,0.120000,55.000000,0.070000,-0.590000,264.450012,53.910000,67511.726562,37.25,92.1,3.000000,CO,23349
2.060000,2.250000,0.350000,0.260000,0.130000,56.970001,-0.170000,-0.480000,265.410004,51.849998,69649.046875,37.27,92.27,3.250000,CO,23350
2.380000,2.580000,0.400000,0.310000,0.130000,57.759998,-0.270000,-0.730000,266.119995,50.950001,71149.187500,37.28,92.44,3.400000,PM2.5,23351
2.570000,2.780000,0.440000,0.280000,0.140000,57.740002,-0.290000,-0.980000,266.459991,50.240002,71907.820312,37.3,92.61,3.671428,PM2.5,23352
2.720000,2.940000,0.460000,0.240000,0.140000,57.259998,-0.390000,-0.910000,266.589996,49.230000,72398.781250,37.31,92.78,3.885714,PM2.5,23353
2.770000,2.990000,0.470000,0.220000,0.140000,57.189999,-0.660000,-0.700000,266.549988,47.200001,72539.109375,37.33,92.95,3.957143,PM2.5,23354
2.780000,3.000000,0.470000,0.200000,0.140000,57.310001,-0.730000,-0.590000,266.779999,44.220001,72622.937500,37.34,93.12,3.971429,PM2.5,23355
2.760000,2.970000,0.470000,0.200000,0.140000,57.680000,-0.610000,-0.550000,266.959991,41.799999,72975.171875,37.36,93.29,3.942857,PM2.5,23356
2.720000,2.930000,0.460000,0.190000,0.140000,58.119999,-0.680000,-0.390000,267.179993,39.660000,73279.460938,37.37,93.46,3.885714,PM2.5,23357
2.660000,2.860000,0.450000,0.190000,0.140000,59.049999,-0.940000,-0.070000,267.369995,37.209999,73422.867188,37.39,93.63,3.800000,PM2.5,23358
2.600000,2.790000,0.450000,0.210000,0.140000,59.360001,-1.180000,0.030000,267.679993,34.860001,73527.406250,37.4,93.8,3.714286,PM2.5,23359
2.570000,2.760000,0.450000,0.240000,0.140000,59.779999,-1.450000,0.510000,267.839996,34.310001,73587.523438,37.42,93.97,3.671428,PM2.5,23360
2.520000,2.720000,0.450000,0.290000,0.140000,60.369999,-1.790000,0.900000,268.019989,33.689999,73439.968750,37.43,94.14,3.600000,PM2.5,23361
2.400000,2.590000,0.440000,0.340000,0.140000,61.340000,-1.900000,0.850000,268.279999,31.510000,73122.906250,37.44,94.31,3.500000,CO,23362
2.270000,2.450000,0.420000,0.360000,0.130000,62.139999,-1.770000,0.480000,268.470001,30.120001,72743.859375,37.46,94.48,3.250000,CO,23363
2.090000,2.260000,0.390000,0.360000,0.130000,62.939999,-1.710000,0.060000,268.420013,29.719999,72045.890625,37.47,94.65,3.250000,CO,23364
1.870000,2.030000,0.350000,0.360000,0.120000,63.310001,-1.780000,-0.190000,267.929993,30.280001,70904.281250,37.48,94.82,3.000000,CO,23365
1.650000,1.790000,0.310000,0.360000,0.120000,64.339996,-1.670000,-0.530000,267.019989,31.850000,69425.500000,37.5,94.99,3.000000,CO,23366
1.500000,1.640000,0.280000,0.400000,0.110000,65.860001,-1.060000,-1.110000,265.940002,33.709999,68136.187500,37.51,95.16,2.750000,CO,23367
1.400000,1.580000,0.300000,0.610000,0.110000,66.010002,-0.050000,-1.990000,265.790009,33.270000,68164.023438,37.52,95.33,2.750000,CO,23368
1.320000,1.510000,0.300000,0.610000,0.100000,64.889999,0.870000,-2.520000,266.239990,31.490000,68415.953125,37.53,95.5,2.500000,CO,23369
1.280000,1.460000,0.280000,0.530000,0.100000,64.860001,1.980000,-2.470000,265.339996,32.500000,66909.007812,37.55,95.67,2.500000,CO,23370
1.290000,1.440000,0.260000,0.390000,0.110000,66.160004,2.510000,-1.280000,264.000000,35.730000,65290.609375,37.56,95.84,2.750000,CO,23371
1.300000,1.430000,0.240000,0.290000,0.110000,66.959999,1.990000,-0.800000,263.170013,37.959999,64552.351562,37.57,96.01,2.750000,CO,23372
1.220000,1.350000,0.220000,0.230000,0.110000,66.430000,1.980000,-1.330000,262.359985,39.380001,63686.679688,37.58,96.18,2.750000,CO,23373
1.150000,1.270000,0.200000,0.210000,0.110000,65.800003,2.540000,-2.230000,261.899994,39.720001,63235.601562,37.59,96.35,2.750000,CO,23374
1.160000,1.290000,0.220000,0.210000,0.110000,65.290001,3.060000,-2.920000,261.690002,39.169998,62750.960938,37.6,96.52,2.750000,CO,23375
1.250000,1.410000,0.270000,0.220000,0.110000,64.800003,3.540000,-2.520000,261.790009,38.139999,62600.121094,37.61,96.69,2.750000,CO,23376
1.370000,1.700000,0.320000,0.230000,0.110000,63.360001,3.070000,-1.470000,262.160004,36.980000,63015.570312,37.62,96.86,2.750000,CO,23377
1.570000,2.200000,0.370000,0.250000,0.120000,62.810001,3.360000,-1.250000,260.070007,41.480000,60957.289062,37.63,97.03,3.000000,CO,23378
1.830000,2.740000,0.500000,0.340000,0.130000,62.080002,5.830000,-1.870000,258.250000,43.230000,58953.351562,37.64,97.2,3.250000,CO,23379
1.980000,3.000000,0.730000,0.540000,0.130000,61.520000,6.390000,-2.620000,259.739990,38.730000,60241.210938,37.65,97.37,3.250000,CO,23380
2.090000,3.010000,1.170000,0.860000,0.140000,61.259998,4.530000,-2.850000,260.380005,39.299999,61265.558594,37.66,97.55,3.500000,CO,23381
1.800000,2.420000,1.120000,0.800000,0.130000,62.450001,4.150000,-2.650000,258.820007,44.000000,59831.910156,37.67,97.72,3.250000,CO,23382
1.540000,1.860000,1.030000,0.740000,0.120000,62.189999,6.420000,-2.280000,256.649994,48.480000,57697.300781,37.68,97.89,3.000000,CO,23383
1.350000,1.510000,0.840000,0.610000,0.110000,62.900002,9.290000,-2.350000,256.980011,43.480000,57479.710938,37.69,98.06,2.750000,CO,23384
1.230000,1.340000,0.610000,0.450000,0.110000,63.080002,8.880000,-3.130000,259.940002,34.810001,59805.511719,37.7,98.23,2.750000,CO,23385
1.160000,1.260000,0.440000,0.330000,0.110000,63.259998,5.880000,-3.440000,261.829987,32.529999,61934.160156,37.71,98.4,2.750000,CO,23386
1.170000,1.260000,0.380000,0.330000,0.120000,63.810001,3.600000,-3.020000,262.239990,33.770000,63000.738281,37.72,98.57,3.000000,CO,23387
1.220000,1.310000,0.410000,0.340000,0.120000,64.120003,3.100000,-2.070000,260.959991,39.389999,62371.128906,37.73,98.74,3.000000,CO,23388
1.240000,1.340000,0.420000,0.340000,0.120000,64.269997,4.900000,-2.390000,259.070007,44.930000,60603.519531,37.73,98.91,3.000000,CO,23389
1.230000,1.330000,0.390000,0.310000,0.120000,66.120003,6.740000,-3.200000,259.519989,42.189999,60712.789062,37.74,99.08,3.000000,CO,23390
1.240000,1.340000,0.370000,0.310000,0.120000,67.080002,6.190000,-3.290000,260.890015,38.080002,61822.148438,37.75,99.26,3.000000,CO,23391
1.280000,1.390000,0.380000,0.320000,0.120000,67.320000,4.890000,-2.630000,260.739990,39.299999,61863.890625,37.76,99.43,3.000000,CO,23392
1.400000,1.510000,0.410000,0.370000,0.120000,67.169998,4.730000,-2.270000,259.260010,44.520000,60729.000000,37.76,99.6,3.000000,CO,23393
1.550000,1.680000,0.450000,0.430000,0.120000,66.709999,4.660000,-2.660000,259.339996,46.919998,60962.390625,37.77,99.77,3.000000,CO,23394
1.750000,1.900000,0.490000,0.510000,0.120000,65.820000,3.700000,-3.140000,260.630005,46.759998,62512.300781,37.78,99.94,3.000000,CO,23395
1.960000,2.130000,0.530000,0.610000,0.130000,65.330002,2.580000,-3.080000,260.980011,49.299999,63332.179688,37.78,100.11,3.250000,CO,23396
2.060000,2.240000,0.530000,0.710000,0.130000,66.389999,1.580000,-2.720000,260.820007,55.599998,63799.359375,37.79,100.28,3.250000,CO,23397
2.310000,2.520000,0.590000,0.800000,0.130000,67.639999,1.150000,-2.090000,260.399994,62.669998,63948.289062,37.79,100.45,3.300000,PM2.5,23398
2.690000,2.930000,0.690000,0.850000,0.140000,68.779999,1.380000,-1.670000,260.059998,66.680000,63980.320312,37.8,100.63,3.842857,PM2.5,23399
3.090000,3.370000,0.800000,0.960000,0.140000,69.349998,1.570000,-1.470000,259.929993,68.730003,64016.238281,37.81,100.8,4.414286,PM2.5,23400
3.610000,4.030000,0.930000,1.080000,0.150000,69.860001,1.220000,-1.780000,260.010010,70.349998,64519.941406,37.81,100.97,5.157143,PM2.5,23401
4.390000,5.130000,1.110000,1.270000,0.170000,70.440002,0.440000,-2.110000,259.970001,72.339996,64605.480469,37.82,101.14,6.271429,PM2.5,23402
6.640000,8.690000,1.810000,2.060000,0.230000,70.269997,1.670000,-0.850000,259.579987,76.489998,64302.601562,37.83,101.48,9.485714,PM2.5,23404
0.560000,0.700000,0.080000,0.130000,0.100000,59.400002,8.770000,0.740000,257.890015,69.599998,56281.968750,37.3,91.24,2.500000,CO,23601
0.560000,0.700000,0.080000,0.130000,0.100000,58.389999,8.660000,-0.690000,259.390015,63.959999,57569.171875,37.32,91.41,2.500000,CO,23602
0.630000,0.760000,0.090000,0.130000,0.100000,56.669998,6.710000,-1.780000,260.769989,61.450001,59062.820312,37.33,91.58,2.500000,CO,23603
0.880000,1.000000,0.130000,0.150000,0.110000,53.810001,3.240000,-1.480000,262.480011,60.570000,62129.441406,37.35,91.74,2.750000,CO,23604
1.280000,1.420000,0.210000,0.170000,0.120000,54.189999,0.680000,-0.290000,264.320007,55.939999,66386.546875,37.37,91.91,3.000000,CO,23605
1.750000,1.910000,0.290000,0.210000,0.120000,56.220001,-0.270000,0.310000,265.190002,51.860001,68948.101562,37.38,92.08,3.000000,CO,23606
2.190000,2.380000,0.370000,0.350000,0.130000,58.090000,-0.480000,0.200000,265.529999,51.459999,70285.023438,37.4,92.25,3.250000,CO,23607
2.410000,2.600000,0.410000,0.360000,0.130000,58.750000,-0.240000,-0.400000,266.040009,50.860001,71266.523438,37.42,92.42,3.442857,PM2.5,23608
2.530000,2.730000,0.430000,0.200000,0.140000,58.759998,-0.060000,-0.790000,266.510010,49.380001,72137.507812,37.43,92.59,3.614286,PM2.5,23609
2.630000,2.840000,0.450000,0.170000,0.140000,58.459999,-0.230000,-0.970000,266.670013,47.950001,72745.976562,37.45,92.76,3.757143,PM2.5,23610
2.690000,2.890000,0.460000,0.170000,0.140000,58.259998,-0.530000,-0.810000,266.660004,45.810001,72845.476562,37.46,92.93,3.842857,PM2.5,23611
2.700000,2.900000,0.460000,0.180000,0.140000,58.389999,-0.610000,-0.670000,266.750000,43.240002,72902.453125,37.48,93.1,3.857143,PM2.5,23612
2.660000,2.860000,0.460000,0.180000,0.140000,58.759998,-0.620000,-0.570000,266.940002,40.919998,73159.656250,37.49,93.27,3.800000,PM2.5,23613
2.610000,2.800000,0.450000,0.190000,0.140000,59.330002,-0.880000,-0.320000,267.250000,38.650002,73422.898438,37.51,93.44,3.728571,PM2.5,23614
2.530000,2.720000,0.440000,0.190000,0.140000,60.220001,-1.410000,-0.130000,267.630005,35.910000,73495.890625,37.52,93.61,3.614286,PM2.5,23615
2.500000,2.680000,0.430000,0.200000,0.140000,60.790001,-1.710000,-0.140000,267.820007,33.770000,73409.742188,37.54,93.78,3.571429,PM2.5,23616
2.470000,2.650000,0.430000,0.220000,0.140000,60.709999,-1.570000,0.190000,267.980011,33.299999,73443.851562,37.55,93.95,3.528571,PM2.5,23617
2.430000,2.610000,0.430000,0.250000,0.140000,60.939999,-1.480000,0.750000,268.200012,32.689999,73322.726562,37.57,94.12,3.500000,CO,23618
2.320000,2.500000,0.420000,0.270000,0.130000,61.570000,-1.510000,0.910000,268.390015,31.170000,72760.617188,37.58,94.29,3.314286,PM2.5,23619
2.160000,2.330000,0.390000,0.280000,0.130000,61.880001,-1.380000,0.750000,268.359985,30.930000,72123.296875,37.59,94.46,3.250000,CO,23620
1.950000,2.110000,0.350000,0.280000,0.120000,62.520000,-1.500000,0.450000,268.029999,31.049999,71286.296875,37.61,94.63,3.000000,CO,23621
1.690000,1.840000,0.310000,0.270000,0.120000,63.290001,-1.860000,-0.020000,267.420013,31.799999,70161.156250,37.62,94.8,3.000000,CO,23622
1.520000,1.650000,0.280000,0.280000,0.110000,64.919998,-1.860000,-0.660000,266.380005,33.160000,68783.609375,37.63,94.97,2.750000,CO,23623
1.380000,1.510000,0.260000,0.320000,0.110000,66.419998,-0.940000,-1.370000,265.359985,34.169998,67674.296875,37.65,95.14,2.750000,CO,23624
1.370000,1.570000,0.320000,0.610000,0.100000,65.169998,0.560000,-2.860000,265.809998,31.910000,67950.289062,37.66,95.31,2.500000,CO,23625
1.310000,1.510000,0.310000,0.620000,0.100000,63.709999,2.320000,-3.810000,265.459991,30.840000,66862.179688,37.67,95.48,2.500000,CO,23626
1.220000,1.400000,0.280000,0.530000,0.100000,64.639999,4.600000,-3.200000,263.179993,33.040001,63734.281250,37.68,95.65,2.500000,CO,23627
1.180000,1.350000,0.260000,0.430000,0.100000,64.010002,5.160000,-1.100000,262.640015,34.139999,63088.390625,37.69,95.82,2.500000,CO,23628
1.180000,1.320000,0.230000,0.330000,0.100000,64.690002,3.320000,0.020000,262.309998,37.000000,63341.050781,37.71,96.0,2.500000,CO,23629
1.140000,1.270000,0.210000,0.250000,0.100000,64.940002,2.530000,-0.730000,261.049988,39.900002,62250.199219,37.72,96.17,2.500000,CO,23630
1.090000,1.210000,0.190000,0.210000,0.100000,65.029999,2.950000,-2.080000,260.660004,40.110001,61973.839844,37.73,96.34,2.500000,CO,23631
1.080000,1.180000,0.180000,0.180000,0.100000,65.500000,3.660000,-2.620000,260.239990,39.900002,61327.878906,37.74,96.51,2.500000,CO,23632
1.090000,1.210000,0.190000,0.170000,0.110000,65.709999,5.330000,-2.500000,259.250000,40.430000,60002.488281,37.75,96.68,2.750000,CO,23633
1.120000,1.280000,0.200000,0.170000,0.110000,65.379997,6.120000,-1.910000,259.459991,38.849998,59899.589844,37.76,96.85,2.750000,CO,23634
1.200000,1.450000,0.220000,0.170000,0.110000,63.410000,5.410000,-0.990000,259.640015,39.490002,60227.898438,37.77,97.02,2.750000,CO,23635
1.300000,1.650000,0.270000,0.200000,0.110000,62.700001,5.060000,-1.030000,259.510010,40.360001,60377.019531,37.78,97.19,2.750000,CO,23636
1.330000,1.720000,0.300000,0.220000,0.120000,62.419998,5.140000,-2.500000,259.100006,42.160000,60151.648438,37.79,97.36,3.000000,CO,23637
1.320000,1.650000,0.370000,0.280000,0.120000,62.619999,5.640000,-2.980000,257.989990,44.740002,58954.210938,37.8,97.53,3.000000,CO,23638
1.260000,1.480000,0.400000,0.300000,0.110000,63.029999,6.900000,-2.450000,256.989990,46.009998,57848.539062,37.81,97.7,2.750000,CO,23639
1.190000,1.330000,0.370000,0.280000,0.110000,63.639999,8.170000,-2.020000,257.100006,44.299999,57814.390625,37.82,97.88,2.750000,CO,23640
1.140000,1.230000,0.310000,0.230000,0.110000,63.990002,8.770000,-2.480000,258.029999,40.709999,58555.531250,37.83,98.05,2.750000,CO,23641
1.110000,1.200000,0.260000,0.190000,0.110000,63.880001,7.390000,-3.880000,259.739990,36.830002,60271.839844,37.84,98.22,2.750000,CO,23642
1.100000,1.180000,0.240000,0.170000,0.120000,64.900002,5.210000,-4.400000,260.269989,37.330002,61250.250000,37.84,98.39,3.000000,CO,23643
1.110000,1.190000,0.230000,0.180000,0.120000,65.419998,4.870000,-4.470000,259.690002,39.419998,60916.769531,37.85,98.56,3.000000,CO,23644
1.130000,1.210000,0.240000,0.190000,0.120000,65.589996,5.100000,-3.190000,259.500000,40.279999,60814.378906,37.86,98.73,3.000000,CO,23645
1.150000,1.240000,0.260000,0.210000,0.120000,65.699997,5.550000,-2.450000,258.549988,43.529999,60092.000000,37.87,98.9,3.000000,CO,23646
1.180000,1.270000,0.280000,0.230000,0.120000,67.250000,6.630000,-3.120000,258.429993,43.400002,59843.359375,37.88,99.07,3.000000,CO,23647
1.250000,1.350000,0.310000,0.260000,0.120000,68.180000,6.550000,-3.300000,259.440002,41.130001,60564.179688,37.88,99.25,3.000000,CO,23648
1.350000,1.450000,0.330000,0.300000,0.120000,67.879997,5.410000,-2.790000,259.859985,41.970001,61037.230469,37.89,99.42,3.000000,CO,23649
1.490000,1.610000,0.380000,0.370000,0.120000,67.059998,4.190000,-2.180000,259.850006,44.910000,61382.839844,37.9,99.59,3.000000,CO,23650
1.700000,1.840000,0.430000,0.470000,0.120000,66.110001,3.210000,-2.310000,260.190002,47.869999,62249.898438,37.9,99.76,3.000000,CO,23651
1.970000,2.140000,0.510000,0.590000,0.130000,65.279999,2.670000,-2.720000,260.559998,50.380001,63134.500000,37.91,99.93,3.250000,CO,23652
2.310000,2.520000,0.590000,0.760000,0.130000,64.930000,1.960000,-3.030000,260.640015,54.860001,63661.480469,37.92,100.1,3.300000,PM2.5,23653
2.480000,2.710000,0.630000,0.850000,0.130000,66.559998,1.160000,-2.510000,260.869995,59.279999,64511.621094,37.92,100.28,3.542857,PM2.5,23654
2.820000,3.080000,0.730000,0.940000,0.140000,67.849998,1.000000,-1.380000,260.880005,63.220001,65049.281250,37.93,100.45,4.028571,PM2.5,23655
3.360000,3.740000,0.870000,0.960000,0.150000,69.110001,1.080000,-1.180000,260.200012,68.370003,64764.550781,37.94,100.62,4.800000,PM2.5,23656
3.870000,4.410000,1.000000,1.150000,0.160000,69.730003,0.840000,-1.160000,259.739990,72.269997,64496.480469,37.94,100.79,5.528571,PM2.5,23657
4.390000,5.200000,1.130000,1.270000,0.170000,70.269997,0.890000,-1.400000,259.369995,75.089996,64134.289062,37.95,100.96,6.271429,PM2.5,23658
0.640000,0.780000,0.090000,0.140000,0.100000,57.790001,6.420000,1.510000,260.220001,64.010002,58847.289062,37.43,91.22,2.500000,CO,23855
0.710000,0.830000,0.100000,0.140000,0.110000,57.240002,4.740000,0.220000,261.290009,63.330002,60385.628906,37.45,91.38,2.750000,CO,23856
0.910000,1.030000,0.140000,0.150000,0.110000,55.869999,2.990000,-0.660000,262.040009,63.720001,62070.621094,37.47,91.55,2.750000,CO,23857
1.250000,1.380000,0.200000,0.190000,0.120000,54.650002,1.540000,-0.570000,263.399994,60.070000,64830.289062,37.49,91.72,3.000000,CO,23858
1.640000,1.790000,0.270000,0.240000,0.120000,55.080002,0.190000,0.420000,265.200012,52.840000,68323.367188,37.5,91.89,3.000000,CO,23859
2.030000,2.200000,0.340000,0.270000,0.130000,56.880001,-0.860000,0.790000,265.309998,51.590000,69707.523438,37.52,92.06,3.250000,CO,23860
2.320000,2.500000,0.390000,0.280000,0.130000,58.669998,-0.980000,0.430000,265.380005,51.919998,70160.859375,37.54,92.23,3.314286,PM2.5,23861
2.440000,2.630000,0.420000,0.220000,0.140000,59.110001,-0.390000,-0.250000,266.079987,49.509998,71313.226562,37.55,92.4,3.500000,CO,23862
2.540000,2.730000,0.430000,0.160000,0.140000,59.189999,-0.220000,-0.780000,266.450012,48.380001,72294.781250,37.57,92.57,3.628571,PM2.5,23863
2.620000,2.810000,0.450000,0.150000,0.140000,59.200001,-0.480000,-1.000000,266.529999,46.570000,72654.343750,37.58,92.74,3.742857,PM2.5,23864
2.660000,2.860000,0.460000,0.150000,0.140000,59.279999,-0.540000,-1.060000,266.619995,44.520000,72883.781250,37.6,92.91,3.800000,PM2.5,23865
2.660000,2.860000,0.460000,0.160000,0.140000,59.439999,-0.560000,-1.030000,266.760010,42.580002,73141.726562,37.61,93.08,3.800000,PM2.5,23866
2.600000,2.790000,0.450000,0.180000,0.140000,59.810001,-0.800000,-0.780000,266.940002,40.689999,73327.937500,37.63,93.25,3.714286,PM2.5,23867
2.500000,2.680000,0.440000,0.190000,0.140000,60.590000,-1.430000,-0.360000,267.399994,37.959999,73380.429688,37.64,93.42,3.571429,PM2.5,23868
2.420000,2.600000,0.430000,0.200000,0.140000,61.299999,-2.080000,-0.320000,267.910004,34.930000,73202.476562,37.66,93.59,3.500000,CO,23869
2.380000,2.550000,0.420000,0.200000,0.140000,61.520000,-2.070000,-0.340000,267.980011,33.919998,73025.640625,37.67,93.76,3.500000,CO,23870
2.320000,2.500000,0.410000,0.210000,0.130000,61.500000,-1.680000,-0.100000,268.149994,33.270000,73141.343750,37.69,93.93,3.314286,PM2.5,23871
2.230000,2.400000,0.400000,0.230000,0.130000,61.439999,-1.470000,0.320000,268.440002,32.250000,73133.070312,37.7,94.1,3.250000,CO,23872
2.130000,2.290000,0.380000,0.240000,0.130000,61.580002,-1.410000,0.580000,268.470001,31.480000,72668.320312,37.71,94.27,3.250000,CO,23873
1.970000,2.120000,0.360000,0.260000,0.120000,62.049999,-1.390000,0.620000,268.390015,31.040001,72174.343750,37.73,94.44,3.000000,CO,23874
1.790000,1.930000,0.320000,0.270000,0.120000,62.730000,-1.630000,0.460000,268.230011,30.760000,71576.687500,37.74,94.61,3.000000,CO,23875
1.600000,1.740000,0.290000,0.270000,0.120000,63.669998,-1.840000,-0.220000,267.510010,31.660000,70390.976562,37.75,94.79,3.000000,CO,23876
1.440000,1.570000,0.270000,0.280000,0.110000,65.250000,-1.300000,-1.290000,266.390015,32.810001,68988.640625,37.77,94.96,2.750000,CO,23877
1.290000,1.420000,0.250000,0.330000,0.100000,66.250000,-0.500000,-2.040000,266.549988,30.790001,69025.093750,37.78,95.13,2.500000,CO,23878
1.420000,1.660000,0.360000,0.650000,0.100000,63.869999,0.590000,-3.320000,266.059998,30.020000,67778.843750,37.79,95.3,2.500000,CO,23879
1.350000,1.580000,0.340000,0.630000,0.090000,62.740002,3.040000,-4.330000,261.750000,35.540001,62313.121094,37.8,95.47,2.250000,CO,23880
1.200000,1.380000,0.270000,0.460000,0.100000,64.260002,6.230000,-3.870000,259.109985,36.720001,59002.519531,37.82,95.64,2.500000,CO,23881
1.130000,1.280000,0.240000,0.360000,0.100000,64.410004,6.510000,-2.870000,261.410004,29.370001,60712.890625,37.83,95.81,2.500000,CO,23882
1.110000,1.240000,0.220000,0.300000,0.100000,63.250000,3.790000,-1.280000,262.130005,31.350000,62282.789062,37.84,95.98,2.500000,CO,23883
1.080000,1.200000,0.200000,0.230000,0.100000,64.500000,2.690000,-1.320000,260.880005,36.700001,61886.929688,37.85,96.15,2.500000,CO,23884
1.050000,1.150000,0.180000,0.190000,0.100000,65.089996,3.790000,-2.800000,260.019989,38.020000,61038.699219,37.86,96.32,2.500000,CO,23885
1.030000,1.120000,0.170000,0.170000,0.100000,65.860001,5.540000,-2.860000,259.089996,38.419998,59771.011719,37.87,96.49,2.500000,CO,23886
1.030000,1.120000,0.170000,0.150000,0.110000,66.150002,7.010000,-2.050000,258.609985,37.820000,58991.179688,37.88,96.67,2.750000,CO,23887
1.030000,1.130000,0.160000,0.140000,0.110000,66.110001,7.040000,-2.100000,259.239990,35.360001,59334.949219,37.89,96.84,2.750000,CO,23888
1.040000,1.140000,0.160000,0.130000,0.110000,64.410004,6.130000,-2.260000,259.529999,35.549999,59784.988281,37.91,97.01,2.750000,CO,23889
1.060000,1.180000,0.170000,0.130000,0.110000,64.150002,5.800000,-2.330000,258.940002,38.619999,59529.191406,37.92,97.18,2.750000,CO,23890
1.080000,1.200000,0.180000,0.130000,0.110000,64.050003,6.270000,-2.230000,257.799988,42.599998,58571.308594,37.93,97.35,2.750000,CO,23891
1.080000,1.190000,0.180000,0.130000,0.110000,64.199997,7.070000,-2.100000,256.850006,44.680000,57623.570312,37.93,97.52,2.750000,CO,23892
1.070000,1.160000,0.180000,0.130000,0.110000,64.199997,7.590000,-2.420000,256.739990,44.000000,57520.531250,37.94,97.69,2.750000,CO,23893
1.060000,1.140000,0.180000,0.120000,0.110000,64.519997,7.710000,-2.960000,257.309998,42.689999,58278.738281,37.95,97.86,2.750000,CO,23894
1.060000,1.130000,0.180000,0.120000,0.110000,64.589996,7.700000,-3.650000,258.359985,40.830002,59513.691406,37.96,98.04,2.750000,CO,23895
1.060000,1.140000,0.170000,0.120000,0.110000,64.709999,6.340000,-3.920000,259.929993,38.049999,61197.210938,37.97,98.21,2.750000,CO,23896
1.070000,1.150000,0.180000,0.130000,0.120000,65.540001,4.610000,-3.480000,259.920013,39.400002,61466.269531,37.98,98.38,3.000000,CO,23897
1.080000,1.150000,0.180000,0.130000,0.120000,66.050003,5.370000,-3.760000,258.480011,43.200001,60150.769531,37.99,98.55,3.000000,CO,23898
1.080000,1.150000,0.190000,0.140000,0.120000,66.809998,6.440000,-3.370000,258.730011,41.889999,60135.769531,38.0,98.72,3.000000,CO,23899
1.090000,1.170000,0.200000,0.150000,0.120000,67.099998,6.260000,-2.450000,258.950012,41.270000,60285.199219,38.0,98.89,3.000000,CO,23900
1.140000,1.230000,0.220000,0.180000,0.120000,67.190002,6.540000,-2.420000,258.410004,43.520000,59801.398438,38.01,99.07,3.000000,CO,23901
1.280000,1.370000,0.270000,0.240000,0.120000,68.190002,6.410000,-2.630000,259.119995,43.619999,60425.789062,38.02,99.24,3.000000,CO,23902
1.420000,1.530000,0.310000,0.300000,0.120000,67.419998,5.050000,-2.640000,260.260010,43.790001,61706.179688,38.03,99.41,3.000000,CO,23903
1.620000,1.750000,0.370000,0.400000,0.120000,66.389999,3.240000,-2.500000,260.700012,46.490002,62648.941406,38.03,99.58,3.000000,CO,23904
1.860000,2.020000,0.440000,0.530000,0.120000,65.580002,2.270000,-2.530000,260.309998,51.840000,62996.871094,38.04,99.75,3.000000,CO,23905
2.170000,2.360000,0.540000,0.670000,0.130000,64.860001,2.220000,-2.490000,259.850006,56.980000,62935.089844,38.05,99.92,3.250000,CO,23906
2.890000,3.170000,0.770000,1.060000,0.140000,64.180000,1.870000,-2.540000,260.589996,59.139999,64132.519531,38.05,100.1,4.128572,PM2.5,23907
3.500000,3.880000,1.040000,1.370000,0.140000,66.010002,0.920000,-1.660000,262.440002,56.580002,66780.179688,38.06,100.27,5.000000,PM2.5,23908
4.210000,4.680000,1.330000,1.650000,0.150000,68.639999,0.260000,-1.010000,261.989990,61.209999,66806.437500,38.06,100.44,6.014286,PM2.5,23909
4.610000,5.290000,1.320000,1.590000,0.170000,69.400002,0.720000,-1.090000,259.660004,70.269997,64200.449219,38.07,100.61,6.585714,PM2.5,23910
5.630000,6.830000,1.600000,1.820000,0.200000,69.419998,1.090000,-0.860000,259.010010,76.940002,63731.691406,38.08,100.78,8.042857,PM2.5,23911
0.790000,0.910000,0.120000,0.140000,0.110000,55.740002,4.410000,1.900000,261.440002,62.650002,60810.441406,37.55,91.02,2.750000,CO,24111
0.880000,1.000000,0.130000,0.140000,0.110000,54.540001,2.040000,1.150000,263.109985,60.619999,63394.621094,37.57,91.19,2.750000,CO,24112
1.090000,1.210000,0.170000,0.150000,0.110000,54.580002,0.650000,0.350000,263.910004,58.230000,65287.890625,37.59,91.36,2.750000,CO,24113
1.590000,1.730000,0.250000,0.190000,0.120000,54.939999,-0.120000,-0.570000,264.779999,54.230000,67549.562500,37.6,91.53,3.000000,CO,24114
2.080000,2.250000,0.340000,0.290000,0.130000,55.779999,-0.620000,-1.040000,265.529999,51.540001,69471.937500,37.62,91.7,3.250000,CO,24115
2.300000,2.480000,0.390000,0.350000,0.130000,56.599998,-1.310000,0.050000,265.760010,50.970001,70317.976562,37.64,91.87,3.285714,PM2.5,24116
2.340000,2.520000,0.390000,0.330000,0.130000,57.849998,-1.770000,1.110000,265.269989,51.950001,69910.406250,37.65,92.04,3.342857,PM2.5,24117
2.430000,2.620000,0.410000,0.280000,0.140000,58.580002,-1.130000,0.900000,265.459991,51.090000,70274.726562,37.67,92.21,3.500000,CO,24118
2.510000,2.690000,0.430000,0.190000,0.140000,58.939999,-0.250000,0.050000,266.190002,48.820000,71841.343750,37.69,92.38,3.585714,PM2.5,24119
2.580000,2.770000,0.450000,0.150000,0.140000,59.200001,-0.300000,-0.630000,266.290009,48.189999,72535.046875,37.7,92.55,3.685714,PM2.5,24120
2.640000,2.830000,0.460000,0.150000,0.140000,59.740002,-0.590000,-0.770000,266.290009,46.290001,72627.812500,37.72,92.72,3.771429,PM2.5,24121
2.680000,2.870000,0.460000,0.150000,0.140000,60.240002,-0.490000,-0.990000,266.339996,44.900002,72886.523438,37.73,92.89,3.828572,PM2.5,24122
2.670000,2.860000,0.470000,0.180000,0.140000,60.689999,-0.420000,-1.140000,266.489990,43.389999,73177.789062,37.75,93.06,3.814286,PM2.5,24123
2.580000,2.770000,0.460000,0.230000,0.140000,61.209999,-0.880000,-0.970000,266.790009,41.740002,73476.109375,37.76,93.23,3.685714,PM2.5,24124
2.470000,2.660000,0.450000,0.260000,0.140000,62.130001,-1.860000,-0.650000,267.429993,38.259998,73252.593750,37.78,93.4,3.528571,PM2.5,24125
2.400000,2.580000,0.440000,0.280000,0.140000,62.869999,-2.200000,-0.650000,267.670013,36.360001,72844.210938,37.79,93.57,3.500000,CO,24126
2.340000,2.510000,0.420000,0.270000,0.140000,63.380001,-1.750000,-0.620000,267.640015,36.380001,73005.382812,37.81,93.74,3.500000,CO,24127
2.250000,2.420000,0.400000,0.280000,0.130000,63.500000,-1.580000,-0.490000,268.029999,34.889999,73150.523438,37.82,93.92,3.250000,CO,24128
2.150000,2.310000,0.380000,0.320000,0.130000,63.299999,-1.580000,-0.290000,268.320007,33.310001,72970.523438,37.84,94.09,3.250000,CO,24129
2.040000,2.190000,0.360000,0.320000,0.130000,63.259998,-1.420000,-0.020000,268.470001,32.480000,72720.070312,37.85,94.26,3.250000,CO,24130
1.890000,2.030000,0.330000,0.330000,0.120000,63.570000,-1.360000,0.030000,268.579987,31.740000,72466.453125,37.86,94.43,3.000000,CO,24131
1.730000,1.870000,0.310000,0.320000,0.120000,64.290001,-1.500000,-0.350000,268.700012,30.740000,72109.031250,37.88,94.6,3.000000,CO,24132
1.540000,1.670000,0.290000,0.310000,0.110000,65.050003,-1.670000,-0.820000,267.869995,31.299999,70667.898438,37.89,94.77,2.750000,CO,24133
1.380000,1.500000,0.260000,0.310000,0.110000,65.930000,-1.200000,-1.800000,266.720001,32.130001,69097.703125,37.9,94.94,2.750000,CO,24134
1.240000,1.370000,0.240000,0.340000,0.100000,65.839996,-0.420000,-2.710000,266.529999,30.250000,68394.843750,37.91,95.11,2.500000,CO,24135
1.450000,1.700000,0.380000,0.620000,0.090000,62.130001,0.480000,-3.020000,262.950012,34.720001,63996.949219,37.93,95.28,2.250000,CO,24136
1.410000,1.670000,0.380000,0.630000,0.090000,60.889999,3.100000,-2.630000,257.160004,44.340000,57635.570312,37.94,95.45,2.250000,CO,24137
1.220000,1.400000,0.290000,0.400000,0.090000,62.470001,6.210000,-2.800000,255.649994,41.959999,55950.160156,37.95,95.62,2.250000,CO,24138
1.110000,1.240000,0.230000,0.280000,0.100000,64.440002,6.750000,-4.200000,258.079987,33.529999,57964.128906,37.96,95.8,2.500000,CO,24139
1.070000,1.180000,0.200000,0.220000,0.100000,65.250000,5.280000,-4.050000,260.149994,31.320000,60190.910156,37.98,95.97,2.500000,CO,24140
1.050000,1.140000,0.180000,0.180000,0.100000,66.169998,4.450000,-3.520000,259.720001,34.000000,60267.101562,37.99,96.14,2.500000,CO,24141
1.020000,1.100000,0.170000,0.150000,0.100000,66.680000,5.780000,-3.550000,257.339996,38.340000,57954.328125,38.0,96.31,2.500000,CO,24142
1.010000,1.090000,0.160000,0.130000,0.110000,67.180000,7.990000,-2.850000,256.179993,38.410000,56524.898438,38.01,96.48,2.750000,CO,24143
1.020000,1.090000,0.160000,0.120000,0.110000,66.949997,8.230000,-2.870000,257.649994,33.770000,57542.078125,38.02,96.65,2.750000,CO,24144
1.020000,1.100000,0.160000,0.110000,0.110000,66.760002,6.700000,-3.670000,258.980011,32.430000,59002.539062,38.03,96.82,2.750000,CO,24145
1.030000,1.100000,0.150000,0.110000,0.110000,65.610001,5.770000,-3.650000,258.640015,35.590000,59130.699219,38.04,96.99,2.750000,CO,24146
1.030000,1.100000,0.150000,0.100000,0.110000,65.580002,6.300000,-3.050000,257.519989,39.330002,58287.921875,38.05,97.17,2.750000,CO,24147
1.030000,1.110000,0.150000,0.100000,0.110000,65.720001,7.080000,-2.360000,257.510010,40.320000,58233.871094,38.06,97.34,2.750000,CO,24148
1.050000,1.130000,0.160000,0.100000,0.110000,65.339996,6.410000,-2.280000,258.350006,39.310001,59175.328125,38.07,97.51,2.750000,CO,24149
1.060000,1.140000,0.160000,0.110000,0.110000,65.500000,5.000000,-2.120000,258.059998,41.980000,59812.101562,38.08,97.68,2.750000,CO,24150
1.060000,1.140000,0.160000,0.110000,0.110000,65.440002,5.070000,-2.600000,257.390015,46.130001,59825.691406,38.09,97.85,2.750000,CO,24151
1.060000,1.140000,0.160000,0.110000,0.110000,65.029999,6.690000,-3.670000,257.149994,47.480000,59649.078125,38.1,98.02,2.750000,CO,24152
1.050000,1.130000,0.160000,0.100000,0.110000,67.150002,6.780000,-3.570000,258.679993,42.439999,60490.378906,38.11,98.2,2.750000,CO,24153
1.060000,1.130000,0.160000,0.110000,0.120000,67.800003,5.330000,-2.950000,259.410004,40.419998,60960.191406,38.11,98.37,3.000000,CO,24154
1.060000,1.130000,0.160000,0.120000,0.120000,68.400002,5.980000,-3.170000,257.859985,44.509998,59529.589844,38.12,98.54,3.000000,CO,24155
1.040000,1.120000,0.170000,0.120000,0.120000,69.019997,7.360000,-3.550000,257.630005,44.439999,59127.769531,38.13,98.71,3.000000,CO,24156
1.040000,1.120000,0.170000,0.120000,0.120000,69.220001,7.170000,-3.290000,258.500000,42.720001,59836.289062,38.14,98.88,3.000000,CO,24157
1.080000,1.160000,0.180000,0.140000,0.120000,69.190002,6.500000,-2.750000,258.760010,43.459999,60128.648438,38.15,99.06,3.000000,CO,24158
1.280000,1.370000,0.240000,0.220000,0.120000,68.349998,5.610000,-2.570000,259.619995,44.689999,61146.371094,38.15,99.23,3.000000,CO,24159
1.470000,1.580000,0.300000,0.300000,0.120000,67.040001,4.390000,-2.670000,260.000000,47.990002,61922.878906,38.16,99.4,3.000000,CO,24160
1.720000,1.860000,0.370000,0.430000,0.120000,65.940002,3.100000,-2.690000,259.940002,52.980000,62470.718750,38.17,99.57,3.000000,CO,24161
2.040000,2.220000,0.470000,0.580000,0.130000,65.000000,2.460000,-2.390000,259.369995,58.180000,62596.730469,38.18,99.74,3.250000,CO,24162
2.530000,2.800000,0.640000,0.810000,0.130000,64.269997,2.520000,-2.310000,259.359985,62.259998,62935.781250,38.18,99.92,3.614286,PM2.5,24163
3.540000,3.990000,0.970000,1.330000,0.150000,63.970001,1.690000,-2.300000,262.209991,55.799999,66567.007812,38.19,100.09,5.057143,PM2.5,24164
4.840000,5.600000,1.520000,1.960000,0.170000,67.580002,0.210000,-1.660000,263.429993,55.380001,68390.671875,38.19,100.26,6.914286,PM2.5,24165
5.230000,6.100000,1.700000,2.100000,0.180000,67.800003,0.800000,-1.170000,260.200012,66.629997,64578.640625,38.2,100.43,7.471428,PM2.5,24166
5.980000,7.370000,1.870000,2.160000,0.210000,67.879997,1.990000,-0.870000,258.149994,77.279999,62395.781250,38.21,100.6,8.542857,PM2.5,24167
0.880000,1.000000,0.130000,0.140000,0.110000,56.500000,4.300000,1.350000,260.250000,65.779999,59792.371094,37.67,90.83,2.750000,CO,24369
1.060000,1.180000,0.160000,0.150000,0.110000,53.959999,2.000000,0.440000,263.630005,58.529999,64419.480469,37.69,91.0,2.750000,CO,24370
1.330000,1.460000,0.210000,0.160000,0.120000,54.180000,-0.200000,0.680000,265.179993,53.619999,67377.539062,37.7,91.17,3.000000,CO,24371
1.650000,1.790000,0.260000,0.180000,0.120000,54.869999,-1.910000,0.780000,264.720001,53.880001,68134.656250,37.72,91.34,3.000000,CO,24372
2.240000,2.410000,0.360000,0.260000,0.130000,55.860001,-2.250000,-0.950000,264.600006,53.950001,69137.546875,37.74,91.51,3.250000,CO,24373
2.420000,2.610000,0.400000,0.330000,0.130000,56.330002,-1.720000,-2.120000,265.359985,52.500000,70668.031250,37.75,91.68,3.457143,PM2.5,24374
2.520000,2.720000,0.430000,0.360000,0.140000,56.669998,-1.530000,-1.350000,265.619995,52.490002,71381.453125,37.77,91.85,3.600000,PM2.5,24375
2.510000,2.700000,0.430000,0.330000,0.140000,57.459999,-1.240000,0.410000,265.679993,51.680000,71366.523438,37.79,92.02,3.585714,PM2.5,24376
2.520000,2.710000,0.440000,0.260000,0.140000,57.910000,-0.650000,0.780000,266.040009,49.889999,71855.492188,37.8,92.19,3.600000,PM2.5,24377
2.580000,2.770000,0.450000,0.190000,0.140000,58.480000,-0.370000,0.040000,266.130005,49.090000,72497.968750,37.82,92.36,3.685714,PM2.5,24378
2.640000,2.830000,0.460000,0.170000,0.140000,59.410000,-0.550000,-0.550000,266.149994,47.500000,72694.390625,37.84,92.53,3.771429,PM2.5,24379
2.690000,2.880000,0.470000,0.170000,0.140000,60.430000,-0.570000,-0.690000,266.109985,46.430000,72872.343750,37.85,92.7,3.842857,PM2.5,24380
2.720000,2.910000,0.480000,0.190000,0.140000,61.279999,-0.440000,-0.820000,266.130005,45.660000,73063.148438,37.87,92.87,3.885714,PM2.5,24381
2.710000,2.900000,0.480000,0.250000,0.140000,61.820000,-0.580000,-0.990000,266.320007,44.220001,73289.039062,37.88,93.04,3.871429,PM2.5,24382
2.620000,2.810000,0.480000,0.310000,0.140000,62.259998,-1.210000,-1.170000,266.880005,41.680000,73461.250000,37.9,93.21,3.742857,PM2.5,24383
2.530000,2.720000,0.480000,0.350000,0.140000,62.990002,-1.910000,-1.080000,267.390015,39.160000,73108.656250,37.91,93.38,3.614286,PM2.5,24384
2.440000,2.630000,0.460000,0.370000,0.140000,63.660000,-1.960000,-1.010000,267.470001,38.450001,72906.039062,37.93,93.56,3.500000,CO,24385
2.340000,2.510000,0.430000,0.340000,0.140000,64.250000,-1.820000,-1.160000,267.779999,37.389999,73129.523438,37.94,93.73,3.500000,CO,24386
2.250000,2.410000,0.400000,0.330000,0.130000,64.379997,-1.760000,-1.200000,267.980011,36.150002,73000.257812,37.96,93.9,3.250000,CO,24387
2.150000,2.310000,0.380000,0.320000,0.130000,63.900002,-1.370000,-0.890000,268.019989,35.340000,72825.687500,37.97,94.07,3.250000,CO,24388
2.060000,2.220000,0.360000,0.340000,0.130000,63.740002,-1.120000,-0.430000,268.410004,33.599998,72876.968750,37.98,94.24,3.250000,CO,24389
1.910000,2.060000,0.330000,0.360000,0.120000,62.459999,-1.490000,-0.620000,268.970001,31.990000,72539.000000,38.0,94.41,3.000000,CO,24390
1.830000,1.970000,0.310000,0.400000,0.120000,64.629997,-1.730000,-1.270000,268.450012,32.200001,71669.179688,38.01,94.58,3.000000,CO,24391
1.610000,1.730000,0.290000,0.430000,0.120000,65.620003,-1.900000,-1.580000,267.480011,32.770000,70428.890625,38.02,94.75,3.000000,CO,24392
1.380000,1.500000,0.260000,0.380000,0.110000,66.089996,-1.850000,-1.700000,266.779999,32.169998,69267.046875,38.04,94.92,2.750000,CO,24393
1.220000,1.320000,0.220000,0.230000,0.100000,65.610001,-1.060000,-1.920000,264.170013,34.939999,65816.617188,38.05,95.09,2.500000,CO,24394
1.120000,1.220000,0.210000,0.190000,0.090000,63.820000,0.800000,-1.390000,259.239990,41.990002,60124.199219,38.06,95.27,2.250000,CO,24395
1.100000,1.200000,0.210000,0.180000,0.090000,64.779999,3.410000,-0.310000,256.850006,44.669998,57689.890625,38.07,95.44,2.250000,CO,24396
1.100000,1.190000,0.200000,0.150000,0.100000,64.760002,4.900000,-1.060000,256.760010,43.310001,57823.019531,38.09,95.61,2.500000,CO,24397
1.090000,1.180000,0.190000,0.150000,0.100000,65.379997,5.530000,-2.980000,256.480011,43.950001,57777.968750,38.1,95.78,2.500000,CO,24398
1.070000,1.160000,0.180000,0.140000,0.100000,65.900002,6.060000,-4.180000,256.769989,41.349998,57848.968750,38.11,95.95,2.500000,CO,24399
1.060000,1.140000,0.170000,0.130000,0.100000,66.650002,6.620000,-3.550000,256.100006,39.470001,56864.730469,38.12,96.12,2.500000,CO,24400
1.060000,1.140000,0.180000,0.120000,0.110000,66.019997,7.960000,-2.580000,254.710007,39.840000,55399.730469,38.13,96.29,2.750000,CO,24401
1.070000,1.150000,0.170000,0.110000,0.110000,66.540001,8.460000,-2.730000,255.910004,36.549999,56260.671875,38.14,96.47,2.750000,CO,24402
1.080000,1.160000,0.170000,0.110000,0.110000,66.029999,6.930000,-3.890000,257.630005,35.970001,58212.781250,38.15,96.64,2.750000,CO,24403
1.080000,1.150000,0.160000,0.100000,0.110000,66.480003,6.010000,-4.360000,257.230011,40.509998,58391.121094,38.16,96.81,2.750000,CO,24404
1.060000,1.140000,0.160000,0.100000,0.110000,66.879997,6.600000,-3.930000,256.980011,42.349998,58209.160156,38.18,96.98,2.750000,CO,24405
1.060000,1.130000,0.160000,0.100000,0.110000,67.029999,7.410000,-3.250000,257.459991,41.240002,58595.300781,38.19,97.15,2.750000,CO,24406
1.060000,1.130000,0.160000,0.100000,0.110000,66.870003,7.340000,-2.950000,258.690002,38.730000,59678.191406,38.2,97.33,2.750000,CO,24407
1.080000,1.150000,0.150000,0.100000,0.110000,66.010002,4.790000,-2.840000,259.420013,38.750000,61138.679688,38.2,97.5,2.750000,CO,24408
1.130000,1.210000,0.160000,0.100000,0.110000,67.309998,2.010000,-2.400000,257.290009,48.500000,61608.300781,38.21,97.67,2.750000,CO,24409
1.090000,1.170000,0.160000,0.090000,0.110000,67.279999,3.010000,-2.540000,257.109985,50.310001,60548.800781,38.22,97.84,2.750000,CO,24410
1.080000,1.150000,0.160000,0.090000,0.110000,67.019997,6.480000,-2.840000,256.320007,50.630001,59021.390625,38.23,98.01,2.750000,CO,24411
1.050000,1.120000,0.150000,0.090000,0.110000,67.930000,7.430000,-2.650000,257.899994,43.270000,59577.550781,38.24,98.19,2.750000,CO,24412
1.050000,1.120000,0.150000,0.100000,0.120000,68.010002,5.820000,-2.440000,259.290009,39.919998,60664.371094,38.25,98.36,3.000000,CO,24413
1.050000,1.120000,0.150000,0.100000,0.120000,67.959999,5.970000,-2.180000,257.799988,44.680000,59517.058594,38.26,98.53,3.000000,CO,24414
1.050000,1.120000,0.160000,0.100000,0.120000,66.750000,7.400000,-2.840000,256.829987,48.459999,58729.941406,38.27,98.7,3.000000,CO,24415
1.040000,1.120000,0.150000,0.100000,0.120000,67.720001,7.710000,-3.490000,257.190002,48.750000,59100.320312,38.27,98.87,3.000000,CO,24416
1.050000,1.130000,0.150000,0.110000,0.120000,68.519997,6.890000,-3.430000,258.010010,47.840000,59845.878906,38.28,99.05,3.000000,CO,24417
1.260000,1.360000,0.220000,0.200000,0.120000,67.790001,5.390000,-2.940000,259.100006,48.520000,61075.558594,38.29,99.22,3.000000,CO,24418
1.570000,1.700000,0.310000,0.350000,0.120000,66.370003,4.110000,-2.410000,259.160004,53.709999,61619.648438,38.3,99.39,3.000000,CO,24419
1.960000,2.150000,0.430000,0.560000,0.130000,65.089996,3.070000,-2.380000,259.709991,56.889999,62901.019531,38.3,99.56,3.250000,CO,24420
2.440000,2.730000,0.590000,0.810000,0.130000,64.330002,1.850000,-1.850000,260.149994,59.990002,64156.019531,38.31,99.74,3.485714,PM2.5,24421
3.360000,3.930000,0.900000,1.240000,0.150000,64.519997,1.580000,-1.830000,260.660004,61.570000,65306.218750,38.32,99.91,4.800000,PM2.5,24422
5.280000,6.500000,1.570000,1.940000,0.190000,67.559998,0.230000,-1.530000,260.500000,66.459999,65379.789062,38.33,100.25,7.542858,PM2.5,24424
1.020000,1.130000,0.160000,0.150000,0.110000,54.759998,2.770000,1.330000,261.200012,62.660000,61389.128906,37.78,90.64,2.750000,CO,24628
1.300000,1.430000,0.220000,0.210000,0.110000,53.709999,1.250000,0.050000,263.920013,55.970001,65464.699219,37.8,90.81,2.750000,CO,24629
1.660000,1.810000,0.280000,0.250000,0.120000,53.990002,-0.000000,-0.080000,266.089996,49.470001,68776.687500,37.82,90.98,3.000000,CO,24630
1.890000,2.050000,0.310000,0.290000,0.120000,54.480000,-1.990000,1.270000,266.489990,48.450001,70022.953125,37.84,91.15,3.000000,CO,24631
2.120000,2.280000,0.340000,0.340000,0.130000,54.500000,-3.660000,1.430000,265.250000,50.599998,69054.273438,37.85,91.32,3.250000,CO,24632
2.390000,2.570000,0.380000,0.410000,0.130000,54.700001,-3.050000,-0.050000,264.000000,54.500000,68019.273438,37.87,91.49,3.414286,PM2.5,24633
2.550000,2.730000,0.420000,0.400000,0.130000,56.080002,-1.260000,-1.280000,264.410004,54.930000,69477.968750,37.89,91.66,3.642857,PM2.5,24634
2.630000,2.820000,0.450000,0.380000,0.140000,56.720001,-0.310000,-1.610000,265.529999,52.599998,71721.953125,37.91,91.83,3.757143,PM2.5,24635
2.640000,2.840000,0.460000,0.330000,0.140000,57.439999,-0.350000,-0.650000,265.940002,52.040001,72883.718750,37.92,92.0,3.771429,PM2.5,24636
2.650000,2.840000,0.470000,0.260000,0.140000,58.139999,-0.800000,-0.110000,266.049988,51.049999,73146.460938,37.94,92.17,3.785714,PM2.5,24637
2.700000,2.890000,0.490000,0.220000,0.140000,59.060001,-1.100000,-0.320000,265.959991,49.169998,72876.789062,37.96,92.34,3.857143,PM2.5,24638
2.740000,2.940000,0.500000,0.230000,0.140000,60.080002,-0.920000,-0.570000,265.970001,47.290001,72864.648438,37.97,92.51,3.914286,PM2.5,24639
2.770000,2.980000,0.510000,0.240000,0.140000,61.139999,-0.640000,-0.680000,265.920013,46.750000,73072.093750,37.99,92.68,3.957143,PM2.5,24640
2.790000,2.990000,0.510000,0.270000,0.140000,62.040001,-0.770000,-0.620000,266.079987,45.570000,73250.601562,38.0,92.85,3.985714,PM2.5,24641
2.750000,2.950000,0.510000,0.280000,0.140000,62.349998,-1.240000,-0.950000,266.660004,42.650002,73327.046875,38.02,93.02,3.928571,PM2.5,24642
2.670000,2.870000,0.510000,0.290000,0.140000,62.820000,-1.610000,-1.370000,267.149994,40.419998,73081.343750,38.03,93.2,3.814286,PM2.5,24643
2.620000,2.820000,0.510000,0.330000,0.140000,63.400002,-1.670000,-1.330000,267.269989,39.639999,72806.117188,38.05,93.37,3.742857,PM2.5,24644
2.500000,2.700000,0.490000,0.380000,0.140000,63.950001,-1.660000,-1.370000,267.519989,38.639999,72812.429688,38.06,93.54,3.571429,PM2.5,24645
2.380000,2.560000,0.450000,0.410000,0.140000,64.440002,-1.680000,-1.560000,267.730011,37.570000,72686.773438,38.08,93.71,3.500000,CO,24646
2.250000,2.420000,0.410000,0.380000,0.130000,64.660004,-1.460000,-1.510000,267.589996,37.580002,72619.093750,38.09,93.88,3.250000,CO,24647
2.100000,2.250000,0.380000,0.290000,0.130000,64.080002,-1.230000,-1.290000,267.869995,36.560001,72875.398438,38.11,94.05,3.250000,CO,24648
2.000000,2.160000,0.360000,0.310000,0.130000,63.630001,-1.530000,-0.770000,268.769989,33.720001,73085.187500,38.12,94.22,3.250000,CO,24649
1.940000,2.090000,0.340000,0.360000,0.120000,62.990002,-1.760000,-0.870000,268.649994,33.299999,71897.656250,38.13,94.39,3.000000,CO,24650
1.910000,2.050000,0.320000,0.440000,0.120000,64.910004,-1.460000,-1.180000,266.679993,36.520000,69480.218750,38.15,94.56,3.000000,CO,24651
1.750000,1.880000,0.300000,0.470000,0.120000,66.290001,-1.590000,-1.670000,265.829987,37.189999,68632.179688,38.16,94.74,3.000000,CO,24652
1.510000,1.620000,0.270000,0.410000,0.120000,67.190002,-1.890000,-1.680000,265.670013,35.330002,68276.796875,38.17,94.91,3.000000,CO,24653
1.360000,1.460000,0.240000,0.230000,0.110000,66.989998,-1.120000,-0.790000,262.570007,39.380001,64396.898438,38.18,95.08,2.750000,CO,24654
1.270000,1.370000,0.220000,0.180000,0.100000,66.660004,1.090000,0.320000,258.739990,45.060001,60165.589844,38.2,95.25,2.500000,CO,24655
1.250000,1.340000,0.220000,0.160000,0.100000,66.620003,2.840000,0.230000,257.420013,47.259998,59048.070312,38.21,95.42,2.500000,CO,24656
1.230000,1.320000,0.210000,0.140000,0.100000,66.339996,3.280000,-0.960000,256.640015,49.549999,58557.511719,38.22,95.59,2.500000,CO,24657
1.210000,1.300000,0.210000,0.140000,0.100000,65.519997,4.190000,-1.650000,255.410004,52.220001,57352.148438,38.23,95.77,2.500000,CO,24658
1.160000,1.240000,0.180000,0.100000,0.110000,65.129997,5.910000,-2.740000,256.980011,46.110001,58785.648438,38.3,96.8,2.750000,CO,24664
1.140000,1.220000,0.180000,0.100000,0.110000,64.820000,6.800000,-2.520000,256.880005,45.959999,58545.710938,38.31,96.97,2.750000,CO,24665
1.120000,1.200000,0.180000,0.100000,0.110000,64.989998,7.600000,-3.070000,257.510010,44.180000,59161.828125,38.32,97.14,2.750000,CO,24666
1.110000,1.180000,0.160000,0.090000,0.110000,65.820000,7.170000,-3.520000,258.839996,41.220001,60336.410156,38.33,97.31,2.750000,CO,24667
1.130000,1.210000,0.160000,0.090000,0.110000,66.010002,4.960000,-3.270000,258.339996,44.389999,61194.679688,38.34,97.49,2.750000,CO,24668
1.130000,1.210000,0.160000,0.090000,0.110000,66.930000,3.890000,-3.340000,257.119995,48.830002,60602.308594,38.35,97.66,2.750000,CO,24669
1.090000,1.170000,0.160000,0.090000,0.110000,66.860001,6.190000,-2.930000,255.970001,49.880001,58616.710938,38.36,97.83,2.750000,CO,24670
1.070000,1.150000,0.150000,0.080000,0.110000,67.529999,8.820000,-2.080000,255.979996,46.799999,57933.449219,38.37,98.0,2.750000,CO,24671
1.050000,1.120000,0.150000,0.090000,0.110000,67.879997,7.660000,-2.470000,259.059998,38.480000,60219.101562,38.38,98.17,2.750000,CO,24672
1.060000,1.130000,0.150000,0.100000,0.120000,67.519997,4.830000,-2.670000,260.779999,36.599998,62091.871094,38.39,98.35,3.000000,CO,24673
1.070000,1.140000,0.150000,0.110000,0.120000,67.830002,4.280000,-1.750000,259.410004,41.810001,61293.789062,38.39,98.52,3.000000,CO,24674
1.070000,1.150000,0.150000,0.110000,0.120000,67.870003,5.150000,-1.880000,258.329987,47.090000,60516.179688,38.4,98.69,3.000000,CO,24675
1.080000,1.160000,0.150000,0.110000,0.120000,67.959999,5.710000,-2.380000,257.980011,50.430000,60363.390625,38.41,98.86,3.000000,CO,24676
1.110000,1.190000,0.160000,0.120000,0.120000,67.980003,6.040000,-2.750000,257.709991,52.880001,60222.488281,38.42,99.04,3.000000,CO,24677
1.330000,1.430000,0.230000,0.240000,0.120000,67.419998,5.450000,-2.720000,258.450012,53.389999,61019.628906,38.42,99.21,3.000000,CO,24678
1.750000,1.910000,0.360000,0.470000,0.120000,65.919998,4.130000,-2.230000,259.380005,55.630001,62482.230469,38.43,99.38,3.000000,CO,24679
2.270000,2.560000,0.520000,0.780000,0.130000,64.629997,3.070000,-2.250000,259.850006,59.090000,63724.898438,38.44,99.55,3.250000,CO,24680
5.390000,6.870000,1.620000,2.300000,0.190000,66.809998,0.320000,-1.290000,260.980011,65.339996,66801.156250,38.46,100.07,7.700000,PM2.5,24683
2.260000,2.500000,0.470000,0.470000,0.120000,53.180000,-0.020000,-0.210000,265.119995,49.959999,67823.109375,37.92,90.62,3.228571,PM2.5,24886
2.600000,2.870000,0.550000,0.580000,0.130000,54.000000,-1.000000,-0.400000,266.950012,45.889999,70677.171875,37.94,90.79,3.714286,PM2.5,24887
2.440000,2.670000,0.480000,0.480000,0.130000,53.840000,-2.430000,-0.080000,267.440002,45.639999,71558.843750,37.95,90.96,3.485714,PM2.5,24888
2.310000,2.500000,0.400000,0.340000,0.130000,53.759998,-4.000000,0.320000,267.079987,46.570000,71147.460938,37.97,91.13,3.300000,PM2.5,24889
2.410000,2.600000,0.390000,0.300000,0.130000,54.000000,-4.310000,0.450000,265.230011,50.799999,69109.273438,37.99,91.3,3.442857,PM2.5,24890
2.530000,2.720000,0.410000,0.310000,0.130000,55.049999,-2.580000,0.560000,263.630005,56.759998,68023.406250,38.01,91.47,3.614286,PM2.5,24891
2.640000,2.840000,0.440000,0.310000,0.140000,57.049999,-0.410000,-0.250000,264.459991,55.970001,70068.406250,38.02,91.64,3.771429,PM2.5,24892
2.720000,2.930000,0.480000,0.410000,0.140000,57.599998,0.160000,-1.100000,265.779999,52.540001,72391.781250,38.04,91.81,3.885714,PM2.5,24893
2.770000,2.990000,0.510000,0.420000,0.140000,58.360001,-0.770000,-1.070000,265.920013,52.340000,73143.546875,38.06,91.98,3.957143,PM2.5,24894
2.780000,3.000000,0.530000,0.380000,0.140000,58.910000,-1.580000,-1.000000,265.820007,51.220001,73171.390625,38.07,92.15,3.971429,PM2.5,24895
2.820000,3.030000,0.540000,0.330000,0.140000,59.360001,-1.470000,-1.040000,265.720001,50.029999,73112.976562,38.09,92.32,4.028571,PM2.5,24896
2.840000,3.050000,0.550000,0.330000,0.140000,60.220001,-1.040000,-1.000000,265.720001,48.689999,73144.296875,38.11,92.49,4.057143,PM2.5,24897
2.840000,3.060000,0.550000,0.330000,0.140000,61.320000,-1.030000,-0.850000,265.890015,46.930000,73211.882812,38.12,92.66,4.057143,PM2.5,24898
2.810000,3.030000,0.560000,0.320000,0.140000,62.080002,-1.650000,-0.770000,266.570007,43.330002,73121.820312,38.14,92.83,4.014286,PM2.5,24899
2.770000,2.980000,0.550000,0.300000,0.140000,62.580002,-1.980000,-1.240000,266.980011,41.180000,72678.406250,38.15,93.0,3.957143,PM2.5,24900
2.740000,2.960000,0.550000,0.290000,0.140000,63.189999,-1.560000,-1.530000,266.779999,41.610001,72466.406250,38.17,93.18,3.914286,PM2.5,24901
2.710000,2.940000,0.580000,0.350000,0.140000,63.820000,-1.240000,-1.360000,266.890015,41.049999,72504.531250,38.18,93.35,3.871429,PM2.5,24902
2.580000,2.780000,0.530000,0.380000,0.140000,64.349998,-1.200000,-1.380000,267.200012,39.630001,72354.859375,38.2,93.52,3.685714,PM2.5,24903
2.450000,2.640000,0.470000,0.380000,0.140000,64.680000,-0.940000,-1.300000,267.160004,39.560001,72342.406250,38.21,93.69,3.500000,PM2.5,24904
2.310000,2.470000,0.420000,0.310000,0.130000,64.690002,-0.680000,-1.330000,267.399994,38.939999,72785.882812,38.23,93.86,3.300000,PM2.5,24905
2.120000,2.280000,0.380000,0.270000,0.130000,64.150002,-1.250000,-1.730000,268.230011,36.500000,73296.617188,38.24,94.03,3.250000,CO,24906
1.990000,2.140000,0.360000,0.300000,0.130000,63.560001,-2.410000,-1.470000,268.880005,34.340000,73051.851562,38.25,94.2,3.250000,CO,24907
1.990000,2.150000,0.340000,0.350000,0.130000,63.820000,-2.340000,-0.700000,267.209991,36.910000,70434.273438,38.27,94.38,3.250000,CO,24908
1.970000,2.110000,0.330000,0.420000,0.120000,65.459999,-1.280000,-0.360000,264.320007,42.639999,66974.757812,38.28,94.55,3.000000,CO,24909
1.830000,1.960000,0.310000,0.420000,0.120000,67.089996,-0.810000,-0.930000,263.329987,44.060001,65869.007812,38.29,94.72,3.000000,CO,24910
1.650000,1.760000,0.280000,0.350000,0.120000,68.279999,-0.600000,-1.300000,262.470001,44.169998,64792.289062,38.31,94.89,3.000000,CO,24911
1.530000,1.630000,0.260000,0.220000,0.110000,68.290001,0.330000,-0.030000,259.859985,48.520000,61834.089844,38.32,95.06,2.750000,CO,24912
1.220000,1.310000,0.190000,0.110000,0.110000,65.330002,7.140000,-2.040000,258.010010,44.430000,59668.218750,38.43,96.78,2.750000,CO,24922
1.190000,1.270000,0.180000,0.100000,0.110000,65.830002,6.000000,-2.380000,258.540009,43.549999,60422.320312,38.45,96.96,2.750000,CO,24923
1.160000,1.240000,0.170000,0.100000,0.110000,65.809998,5.900000,-3.190000,257.739990,46.930000,60112.781250,38.46,97.13,2.750000,CO,24924
1.140000,1.220000,0.160000,0.090000,0.110000,66.050003,6.770000,-3.320000,257.250000,47.959999,59678.570312,38.47,97.3,2.750000,CO,24925
1.110000,1.190000,0.160000,0.090000,0.110000,66.459999,6.740000,-2.680000,257.179993,46.860001,59453.898438,38.47,97.47,2.750000,CO,24926
1.080000,1.150000,0.150000,0.080000,0.110000,66.980003,7.200000,-2.720000,255.979996,49.119999,58194.308594,38.48,97.65,2.750000,CO,24927
1.060000,1.140000,0.160000,0.080000,0.110000,66.150002,9.140000,-1.900000,255.029999,49.560001,57078.050781,38.49,97.82,2.750000,CO,24928
1.040000,1.110000,0.150000,0.080000,0.110000,67.489998,8.770000,-2.010000,257.760010,40.630001,59044.300781,38.5,97.99,2.750000,CO,24929
1.050000,1.120000,0.150000,0.090000,0.110000,67.279999,6.120000,-3.690000,260.170013,37.080002,61489.238281,38.51,98.16,2.750000,CO,24930
1.060000,1.140000,0.150000,0.100000,0.110000,67.209999,5.000000,-3.990000,259.630005,40.450001,61348.160156,38.52,98.34,2.750000,CO,24931
1.090000,1.170000,0.160000,0.120000,0.120000,67.279999,4.770000,-2.800000,258.980011,44.099998,61126.781250,38.53,98.51,3.000000,CO,24932
1.120000,1.200000,0.160000,0.140000,0.120000,67.430000,4.570000,-2.250000,258.839996,48.250000,61470.988281,38.54,98.68,3.000000,CO,24933
1.150000,1.230000,0.170000,0.140000,0.120000,67.330002,5.110000,-1.940000,258.359985,52.529999,61308.179688,38.54,98.85,3.000000,CO,24934
1.240000,1.330000,0.190000,0.190000,0.120000,67.099998,5.490000,-1.700000,258.589996,53.580002,61569.179688,38.55,99.03,3.000000,CO,24935
1.550000,1.670000,0.290000,0.440000,0.120000,66.269997,4.840000,-1.960000,259.410004,53.849998,62617.808594,38.56,99.2,3.000000,CO,24936
1.970000,2.170000,0.420000,0.780000,0.130000,64.930000,3.880000,-1.770000,259.130005,59.430000,62996.828125,38.57,99.37,3.250000,CO,24937
4.010000,4.550000,1.040000,1.230000,0.140000,53.220001,-1.550000,-0.390000,267.140015,45.049999,71282.242188,38.05,90.59,5.728572,PM2.5,25136
4.220000,4.820000,1.150000,1.510000,0.140000,53.029999,-2.820000,-0.290000,267.619995,45.389999,72013.656250,38.07,90.76,6.028571,PM2.5,25137
3.660000,4.120000,0.910000,1.130000,0.140000,53.209999,-4.070000,-0.750000,267.299988,46.630001,71425.773438,38.09,90.93,5.228571,PM2.5,25138
2.810000,3.060000,0.520000,0.430000,0.130000,53.959999,-4.330000,-1.410000,265.570007,51.810001,69643.796875,38.11,91.1,4.014286,PM2.5,25139
2.720000,2.930000,0.460000,0.260000,0.130000,55.160000,-3.100000,-0.750000,263.890015,58.180000,68527.843750,38.12,91.27,3.885714,PM2.5,25140
2.710000,2.920000,0.460000,0.230000,0.130000,56.919998,-1.090000,0.130000,264.190002,57.950001,69542.656250,38.14,91.45,3.871429,PM2.5,25141
2.730000,2.940000,0.470000,0.240000,0.140000,58.220001,0.210000,-0.260000,265.420013,54.750000,71731.976562,38.16,91.62,3.900000,PM2.5,25142
2.810000,3.040000,0.510000,0.420000,0.140000,58.400002,-0.190000,-0.920000,265.899994,53.430000,72904.578125,38.17,91.79,4.014286,PM2.5,25143
2.860000,3.090000,0.550000,0.430000,0.140000,58.830002,-1.380000,-0.960000,265.730011,53.139999,72970.953125,38.19,91.96,4.085714,PM2.5,25144
2.890000,3.120000,0.560000,0.400000,0.140000,58.720001,-1.890000,-1.240000,265.630005,51.910000,72956.523438,38.21,92.13,4.128572,PM2.5,25145
2.940000,3.170000,0.590000,0.360000,0.140000,58.930000,-1.730000,-1.600000,265.549988,51.080002,73105.601562,38.22,92.3,4.200000,PM2.5,25146
2.950000,3.190000,0.600000,0.360000,0.140000,59.470001,-1.460000,-1.570000,265.640015,49.470001,73210.773438,38.24,92.47,4.214286,PM2.5,25147
2.930000,3.170000,0.610000,0.360000,0.140000,60.459999,-1.680000,-1.390000,266.019989,46.849998,73234.843750,38.26,92.64,4.185714,PM2.5,25148
2.890000,3.130000,0.610000,0.340000,0.140000,61.279999,-2.210000,-1.430000,266.579987,43.790001,72844.757812,38.27,92.81,4.128572,PM2.5,25149
2.860000,3.100000,0.600000,0.320000,0.140000,62.090000,-1.900000,-1.470000,266.299988,43.880001,72266.640625,38.29,92.99,4.085714,PM2.5,25150
2.810000,3.050000,0.610000,0.320000,0.140000,63.139999,-1.120000,-1.460000,266.049988,44.560001,72385.617188,38.3,93.16,4.014286,PM2.5,25151
2.790000,3.060000,0.660000,0.430000,0.140000,63.669998,-0.980000,-1.170000,266.410004,42.750000,72496.023438,38.32,93.33,3.985714,PM2.5,25152
2.590000,2.810000,0.570000,0.390000,0.140000,64.339996,-0.950000,-0.920000,266.809998,40.889999,72365.546875,38.33,93.5,3.700000,PM2.5,25153
2.410000,2.600000,0.480000,0.280000,0.140000,64.589996,-0.930000,-0.970000,267.269989,39.349998,72730.882812,38.35,93.67,3.500000,CO,25154
2.310000,2.480000,0.430000,0.180000,0.130000,64.120003,-1.150000,-1.550000,268.049988,37.130001,73042.187500,38.36,93.84,3.300000,PM2.5,25155
2.210000,2.370000,0.400000,0.210000,0.130000,63.540001,-1.630000,-2.240000,268.250000,36.270000,72840.562500,38.37,94.02,3.250000,CO,25156
2.110000,2.270000,0.370000,0.280000,0.130000,63.200001,-2.370000,-2.120000,267.299988,37.939999,71572.859375,38.39,94.19,3.250000,CO,25157
2.070000,2.220000,0.350000,0.340000,0.130000,63.459999,-2.010000,-0.280000,265.329987,41.759998,69003.718750,38.4,94.36,3.250000,CO,25158
1.180000,1.260000,0.170000,0.100000,0.110000,65.089996,5.270000,-3.200000,256.410004,52.730000,59326.390625,38.59,97.12,2.750000,CO,25174
1.130000,1.210000,0.160000,0.090000,0.110000,65.470001,8.080000,-2.490000,255.789993,50.730000,58268.488281,38.6,97.29,2.750000,CO,25175
1.100000,1.180000,0.160000,0.080000,0.110000,65.750000,8.200000,-1.230000,256.869995,45.279999,58930.789062,38.61,97.46,2.750000,CO,25176
1.080000,1.150000,0.150000,0.080000,0.110000,66.070000,8.470000,-1.170000,255.899994,46.910000,57956.519531,38.62,97.63,2.750000,CO,25177
1.060000,1.130000,0.150000,0.080000,0.110000,66.519997,9.580000,-1.620000,256.929993,43.380001,58620.539062,38.63,97.81,2.750000,CO,25178
1.060000,1.130000,0.150000,0.080000,0.110000,66.580002,7.360000,-2.970000,260.329987,36.759998,61780.449219,38.64,97.98,2.750000,CO,25179
1.090000,1.170000,0.160000,0.110000,0.110000,66.430000,5.080000,-3.630000,259.609985,41.410000,61665.839844,38.65,98.15,2.750000,CO,25180
1.120000,1.190000,0.160000,0.130000,0.110000,66.089996,5.310000,-3.370000,258.119995,47.330002,60634.578125,38.66,98.32,2.750000,CO,25181
1.170000,1.250000,0.170000,0.180000,0.120000,66.559998,4.490000,-2.850000,259.109985,48.450001,62058.128906,38.66,98.5,3.000000,CO,25182
1.220000,1.300000,0.190000,0.210000,0.120000,67.000000,3.930000,-2.110000,258.790009,52.849998,62264.078125,38.67,98.67,3.000000,CO,25183
1.270000,1.360000,0.200000,0.210000,0.120000,66.720001,5.230000,-1.510000,258.119995,55.910000,61617.558594,38.68,98.84,3.000000,CO,25184
1.470000,1.590000,0.260000,0.330000,0.120000,66.480003,5.140000,-1.920000,259.679993,52.939999,63185.929688,38.69,99.02,3.000000,CO,25185
1.890000,2.070000,0.390000,0.620000,0.130000,65.339996,4.040000,-1.690000,259.839996,55.200001,63724.628906,38.69,99.19,3.250000,CO,25186
2.460000,2.810000,0.550000,1.040000,0.140000,63.480000,3.070000,-1.040000,258.480011,63.139999,62738.449219,38.7,99.36,3.514286,PM2.5,25187
5.360000,6.160000,1.540000,1.960000,0.140000,54.669998,-2.090000,-0.540000,267.920013,43.450001,72265.093750,38.19,90.57,7.657143,PM2.5,25378
6.220000,7.230000,1.920000,2.620000,0.150000,53.299999,-3.550000,-0.980000,267.679993,44.709999,71853.453125,38.2,90.74,8.885714,PM2.5,25379
5.830000,6.730000,1.740000,2.340000,0.150000,53.230000,-4.440000,-1.580000,265.769989,51.189999,69881.000000,38.22,90.91,8.328571,PM2.5,25380
3.620000,4.000000,0.800000,0.800000,0.140000,54.759998,-3.180000,-1.250000,263.660004,60.380001,68397.148438,38.24,91.08,5.171428,PM2.5,25381
3.110000,3.380000,0.590000,0.390000,0.130000,57.400002,-1.050000,-0.710000,264.119995,60.830002,69803.921875,38.26,91.25,4.442857,PM2.5,25382
2.910000,3.150000,0.530000,0.280000,0.130000,58.720001,0.130000,-0.410000,265.510010,56.509998,71866.007812,38.27,91.42,4.157143,PM2.5,25383
2.840000,3.050000,0.510000,0.240000,0.140000,59.020000,0.080000,-0.450000,265.750000,55.560001,72538.296875,38.29,91.59,4.057143,PM2.5,25384
2.870000,3.090000,0.530000,0.300000,0.140000,59.480000,-0.580000,-0.640000,265.700012,54.959999,72775.218750,38.31,91.77,4.100000,PM2.5,25385
2.920000,3.150000,0.560000,0.330000,0.140000,59.349998,-1.360000,-0.470000,265.690002,53.869999,72962.390625,38.33,91.94,4.171429,PM2.5,25386
2.970000,3.200000,0.590000,0.350000,0.140000,58.840000,-1.990000,-1.010000,265.600006,53.060001,73000.468750,38.34,92.11,4.242857,PM2.5,25387
3.030000,3.280000,0.620000,0.370000,0.140000,58.680000,-1.930000,-1.820000,265.480011,52.599998,73033.882812,38.36,92.28,4.328571,PM2.5,25388
3.070000,3.330000,0.650000,0.390000,0.140000,58.860001,-1.590000,-1.780000,265.510010,51.430000,73221.093750,38.37,92.45,4.385714,PM2.5,25389
3.080000,3.360000,0.680000,0.400000,0.140000,59.669998,-1.860000,-1.650000,265.779999,49.110001,73215.640625,38.39,92.62,4.400000,PM2.5,25390
3.050000,3.330000,0.690000,0.390000,0.140000,60.270000,-2.050000,-1.920000,265.869995,47.750000,72781.710938,38.41,92.79,4.357143,PM2.5,25391
3.040000,3.330000,0.700000,0.420000,0.140000,61.299999,-1.360000,-1.670000,265.660004,47.520000,72594.476562,38.42,92.97,4.342857,PM2.5,25392
2.970000,3.260000,0.720000,0.460000,0.140000,62.939999,-0.630000,-1.430000,265.790009,46.040001,72739.796875,38.44,93.14,4.242857,PM2.5,25393
2.960000,3.300000,0.820000,0.630000,0.140000,63.509998,-0.340000,-1.250000,266.299988,42.980000,72727.593750,38.45,93.31,4.228571,PM2.5,25394
2.660000,2.940000,0.680000,0.480000,0.140000,64.540001,-0.610000,-0.680000,266.929993,40.270000,72913.367188,38.47,93.48,3.800000,PM2.5,25395
2.360000,2.550000,0.490000,0.250000,0.130000,64.790001,-1.220000,-0.790000,267.630005,37.450001,72522.773438,38.48,93.65,3.371428,PM2.5,25396
2.320000,2.490000,0.440000,0.150000,0.130000,64.690002,-1.230000,-1.180000,266.570007,39.310001,70530.242188,38.5,93.83,3.314286,PM2.5,25397
2.370000,2.530000,0.420000,0.150000,0.130000,65.209999,-0.890000,-1.180000,265.000000,42.930000,68657.476562,38.51,94.0,3.385714,PM2.5,25398
2.350000,2.500000,0.410000,0.260000,0.130000,64.260002,-0.610000,-1.090000,264.040009,45.930000,68115.109375,38.52,94.17,3.357143,PM2.5,25399
2.220000,2.380000,0.380000,0.370000,0.130000,63.619999,-0.380000,0.310000,263.989990,46.470001,68610.617188,38.54,94.34,3.250000,CO,25400
1.130000,1.220000,0.180000,0.090000,0.110000,62.820000,6.910000,-1.080000,254.220001,59.139999,57239.589844,38.73,97.1,2.750000,CO,25416
1.070000,1.150000,0.170000,0.080000,0.110000,63.169998,10.560000,-1.320000,254.919998,50.139999,57178.250000,38.74,97.28,2.750000,CO,25417
1.050000,1.120000,0.160000,0.070000,0.110000,64.820000,9.310000,-1.670000,258.630005,38.369999,60075.621094,38.74,97.45,2.750000,CO,25418
1.060000,1.130000,0.170000,0.080000,0.110000,63.980000,7.680000,-1.640000,258.760010,39.570000,60532.578125,38.75,97.62,2.750000,CO,25419
1.050000,1.130000,0.160000,0.080000,0.110000,65.760002,7.760000,-2.660000,259.000000,41.049999,60955.769531,38.76,97.79,2.750000,CO,25420
1.100000,1.180000,0.170000,0.110000,0.110000,65.959999,6.500000,-3.560000,260.089996,40.700001,62226.128906,38.77,97.97,2.750000,CO,25421
1.190000,1.290000,0.180000,0.210000,0.120000,65.519997,4.650000,-2.740000,260.140015,43.619999,62706.031250,38.78,98.14,3.000000,CO,25422
1.260000,1.380000,0.210000,0.360000,0.120000,65.629997,2.900000,-1.770000,260.829987,45.130001,64121.648438,38.79,98.31,3.000000,CO,25423
1.310000,1.410000,0.220000,0.360000,0.120000,67.120003,2.140000,-2.320000,260.059998,51.730000,64078.828125,38.8,98.49,3.000000,CO,25424
1.340000,1.440000,0.230000,0.340000,0.120000,67.099998,3.660000,-1.940000,258.519989,56.779999,62456.929688,38.81,98.66,3.000000,CO,25425
1.410000,1.520000,0.250000,0.340000,0.120000,66.750000,4.770000,-1.380000,258.390015,57.759998,62236.339844,38.81,98.83,3.000000,CO,25426
1.520000,1.660000,0.270000,0.400000,0.120000,66.440002,5.230000,-2.530000,258.160004,60.080002,62073.261719,38.82,99.01,3.000000,CO,25427
5.770000,6.650000,1.720000,2.150000,0.140000,55.759998,-1.000000,-1.310000,266.579987,44.599998,70282.687500,38.32,90.55,8.242857,PM2.5,25622
8.530000,10.040000,2.860000,3.910000,0.150000,53.700001,-1.870000,-1.750000,266.179993,46.279999,69802.273438,38.34,90.72,12.185714,PM2.5,25623
10.350000,12.260000,3.620000,5.160000,0.160000,52.320000,-2.400000,-1.880000,264.100006,55.220001,68204.359375,38.36,90.89,14.785715,PM2.5,25624
5.480000,6.260000,1.570000,1.800000,0.140000,56.410000,-1.210000,-0.920000,263.899994,59.349998,69250.632812,38.37,91.06,7.828571,PM2.5,25625
3.780000,4.190000,0.880000,0.740000,0.140000,58.529999,0.160000,-0.710000,265.619995,56.160000,72119.843750,38.39,91.23,5.400000,PM2.5,25626
3.090000,3.360000,0.610000,0.350000,0.130000,59.389999,0.510000,-0.740000,266.109985,55.680000,73234.398438,38.41,91.4,4.414286,PM2.5,25627
2.880000,3.100000,0.520000,0.210000,0.140000,59.700001,-0.010000,-0.140000,265.799988,56.330002,72974.296875,38.43,91.57,4.114286,PM2.5,25628
2.820000,3.030000,0.510000,0.190000,0.140000,60.029999,-0.560000,-0.420000,265.940002,53.599998,73085.210938,38.44,91.74,4.028571,PM2.5,25629
2.850000,3.070000,0.530000,0.210000,0.140000,60.080002,-0.890000,-0.560000,266.339996,50.680000,73401.046875,38.46,91.92,4.071428,PM2.5,25630
2.950000,3.190000,0.580000,0.270000,0.140000,59.610001,-1.420000,-1.230000,266.140015,51.279999,73332.726562,38.48,92.09,4.214286,PM2.5,25631
3.040000,3.290000,0.630000,0.320000,0.140000,59.209999,-1.520000,-1.950000,265.579987,53.560001,73131.117188,38.49,92.26,4.342857,PM2.5,25632
3.010000,3.260000,0.630000,0.330000,0.140000,58.500000,-1.360000,-1.850000,265.700012,51.970001,73286.039062,38.51,92.43,4.300000,PM2.5,25633
3.120000,3.400000,0.690000,0.400000,0.140000,59.139999,-1.690000,-1.700000,265.970001,49.630001,73297.773438,38.52,92.6,4.457143,PM2.5,25634
3.090000,3.380000,0.710000,0.480000,0.140000,59.500000,-1.810000,-2.400000,265.880005,49.189999,72939.757812,38.54,92.77,4.414286,PM2.5,25635
3.160000,3.480000,0.770000,0.590000,0.140000,60.279999,-1.180000,-2.210000,265.700012,48.660000,72882.289062,38.56,92.95,4.514286,PM2.5,25636
3.200000,3.590000,0.890000,0.760000,0.140000,62.349998,-0.590000,-1.420000,265.929993,45.720001,72858.406250,38.57,93.12,4.571429,PM2.5,25637
3.280000,3.770000,1.080000,1.030000,0.140000,62.820000,-0.460000,-1.310000,266.480011,42.020000,72774.843750,38.59,93.29,4.685714,PM2.5,25638
2.800000,3.160000,0.840000,0.700000,0.140000,63.810001,-1.070000,-0.490000,267.329987,38.230000,72862.367188,38.6,93.46,4.000000,PM2.5,25639
2.390000,2.600000,0.530000,0.270000,0.130000,64.320000,-1.440000,0.260000,266.670013,38.860001,70946.296875,38.62,93.63,3.414286,PM2.5,25640
2.400000,2.570000,0.460000,0.170000,0.130000,64.489998,-0.500000,0.670000,263.609985,45.509998,67009.453125,38.63,93.81,3.428571,PM2.5,25641
2.460000,2.630000,0.440000,0.160000,0.130000,64.709999,0.450000,0.990000,262.019989,50.310001,65390.121094,38.64,93.98,3.514286,PM2.5,25642
2.480000,2.650000,0.440000,0.250000,0.130000,63.820000,0.910000,0.620000,263.140015,48.299999,67360.109375,38.66,94.15,3.542857,PM2.5,25643
2.370000,2.530000,0.410000,0.370000,0.130000,63.820000,1.040000,0.430000,264.540009,45.439999,70011.007812,38.67,94.32,3.385714,PM2.5,25644
1.160000,1.250000,0.180000,0.090000,0.110000,64.639999,8.000000,2.280000,256.019989,53.520000,58815.351562,38.86,97.09,2.750000,CO,25660
1.130000,1.210000,0.180000,0.080000,0.110000,65.410004,10.350000,-0.170000,257.709991,44.840000,59846.371094,38.87,97.26,2.750000,CO,25661
1.130000,1.200000,0.170000,0.080000,0.110000,65.779999,9.560000,-2.660000,259.799988,39.849998,61807.578125,38.88,97.44,2.750000,CO,25662
1.140000,1.210000,0.170000,0.090000,0.110000,65.989998,8.110000,-2.760000,259.940002,41.570000,62323.699219,38.89,97.61,2.750000,CO,25663
1.130000,1.220000,0.170000,0.100000,0.110000,66.760002,7.460000,-2.540000,259.290009,45.330002,61943.660156,38.9,97.78,2.750000,CO,25664
1.400000,1.690000,0.240000,0.850000,0.120000,65.809998,2.770000,-2.170000,261.820007,45.099998,65617.757812,38.93,98.3,3.000000,CO,25667
1.440000,1.690000,0.250000,0.810000,0.120000,66.339996,3.310000,-1.630000,259.239990,53.099998,63081.781250,38.93,98.48,3.000000,CO,25668
1.460000,1.670000,0.250000,0.660000,0.120000,66.010002,5.910000,-2.150000,257.309998,58.779999,61002.199219,38.94,98.65,3.000000,CO,25669
1.610000,1.800000,0.290000,0.580000,0.120000,65.230003,6.140000,-2.270000,257.809998,58.160000,61338.191406,38.95,98.82,3.000000,CO,25670
1.800000,2.050000,0.340000,0.640000,0.130000,64.510002,5.680000,-2.100000,256.730011,65.730003,60589.511719,38.96,99.0,3.250000,CO,25671
3.500000,3.870000,0.810000,0.920000,0.120000,56.250000,-1.350000,0.140000,263.760010,52.330002,67571.492188,38.42,90.18,5.000000,PM2.5,25864
3.610000,4.020000,0.860000,0.900000,0.120000,57.259998,-0.890000,0.010000,261.700012,57.110001,64554.679688,38.44,90.35,5.157143,PM2.5,25865
3.940000,4.420000,1.000000,1.040000,0.120000,57.820000,0.470000,-0.490000,261.369995,58.330002,64056.578125,38.45,90.52,5.628572,PM2.5,25866
6.400000,7.420000,2.030000,2.560000,0.140000,55.380001,0.850000,-0.560000,261.760010,57.549999,64491.878906,38.47,90.69,9.142858,PM2.5,25867
8.040000,9.430000,2.710000,3.650000,0.150000,53.459999,0.610000,-0.570000,262.209991,59.459999,65636.750000,38.49,90.86,11.485714,PM2.5,25868
5.600000,6.420000,1.650000,1.990000,0.140000,55.599998,0.320000,-0.490000,264.100006,56.580002,69187.367188,38.51,91.04,8.000000,PM2.5,25869
3.370000,3.710000,0.750000,0.570000,0.130000,57.810001,0.160000,-1.180000,265.940002,52.910000,72519.320312,38.53,91.21,4.814286,PM2.5,25870
2.750000,2.960000,0.510000,0.200000,0.130000,59.119999,-0.220000,-1.070000,266.190002,53.189999,73521.429688,38.54,91.38,3.928571,PM2.5,25871
2.690000,2.880000,0.480000,0.160000,0.130000,59.230000,-0.760000,-0.220000,266.290009,51.410000,73243.898438,38.56,91.55,3.842857,PM2.5,25872
2.670000,2.860000,0.470000,0.140000,0.130000,59.669998,-0.900000,-0.410000,266.029999,49.610001,72133.109375,38.58,91.72,3.814286,PM2.5,25873
2.680000,2.860000,0.470000,0.130000,0.130000,60.250000,-0.490000,-0.780000,265.500000,49.930000,71103.109375,38.59,91.89,3.828572,PM2.5,25874
2.840000,3.050000,0.520000,0.160000,0.140000,60.130001,-0.080000,-1.260000,265.690002,50.099998,71504.546875,38.61,92.07,4.057143,PM2.5,25875
2.960000,3.190000,0.590000,0.220000,0.140000,59.560001,-0.110000,-1.910000,265.899994,51.419998,72814.359375,38.63,92.24,4.228571,PM2.5,25876
2.890000,3.120000,0.580000,0.240000,0.140000,58.310001,-0.890000,-2.350000,266.260010,49.849998,73440.523438,38.64,92.41,4.128572,PM2.5,25877
3.020000,3.280000,0.640000,0.320000,0.140000,58.490002,-1.580000,-2.220000,266.549988,47.389999,73025.218750,38.66,92.58,4.314286,PM2.5,25878
3.060000,3.330000,0.670000,0.420000,0.140000,58.869999,-1.280000,-3.020000,266.089996,48.580002,72560.023438,38.67,92.75,4.371428,PM2.5,25879
3.130000,3.440000,0.740000,0.550000,0.140000,59.939999,-0.780000,-2.570000,265.799988,48.810001,72827.226562,38.69,92.93,4.471429,PM2.5,25880
3.220000,3.600000,0.860000,0.750000,0.140000,61.860001,-0.880000,-1.150000,266.040009,45.689999,72967.179688,38.71,93.1,4.600000,PM2.5,25881
3.230000,3.680000,0.980000,0.980000,0.140000,62.540001,-1.450000,-1.410000,266.640015,41.380001,72803.398438,38.72,93.27,4.614286,PM2.5,25882
2.900000,3.290000,0.850000,0.840000,0.140000,63.320000,-2.210000,-1.110000,267.079987,38.720001,72585.007812,38.74,93.44,4.142857,PM2.5,25883
2.460000,2.690000,0.560000,0.400000,0.130000,63.689999,-2.460000,-0.010000,266.089996,40.040001,70814.382812,38.75,93.62,3.514286,PM2.5,25884
1.250000,1.340000,0.200000,0.090000,0.110000,66.220001,7.100000,2.310000,260.059998,44.340000,62843.140625,39.0,97.08,2.750000,CO,25904
1.250000,1.340000,0.200000,0.100000,0.110000,66.349998,7.720000,-0.890000,260.429993,43.369999,63327.820312,39.01,97.25,2.750000,CO,25905
1.260000,1.350000,0.200000,0.100000,0.120000,66.129997,8.180000,-2.470000,259.390015,47.660000,62596.328125,39.01,97.42,3.000000,CO,25906
1.280000,1.390000,0.200000,0.120000,0.120000,66.089996,8.440000,-1.860000,258.950012,49.830002,62248.089844,39.02,97.6,3.000000,CO,25907
2.090000,2.550000,0.450000,0.800000,0.130000,61.540001,5.880000,-2.190000,256.720001,67.400002,60745.789062,39.08,98.81,3.250000,CO,25914
4.860000,5.510000,1.340000,1.390000,0.130000,56.070000,2.700000,1.620000,260.489990,60.540001,62916.859375,38.61,90.67,6.942857,PM2.5,26109
5.470000,6.260000,1.590000,1.840000,0.130000,54.880001,2.020000,1.570000,262.209991,57.990002,65361.589844,38.62,90.84,7.814285,PM2.5,26110
4.180000,4.680000,1.050000,1.100000,0.130000,55.220001,1.090000,-0.210000,263.809998,55.799999,68715.593750,38.64,91.01,5.971428,PM2.5,26111
3.060000,3.340000,0.630000,0.420000,0.120000,56.459999,0.490000,-2.010000,265.690002,50.910000,71776.507812,38.66,91.19,4.371428,PM2.5,26112
2.700000,2.910000,0.510000,0.220000,0.130000,57.750000,-0.420000,-2.010000,266.600006,48.330002,73097.609375,38.68,91.36,3.857143,PM2.5,26113
2.600000,2.800000,0.480000,0.170000,0.130000,58.779999,-1.020000,-1.620000,266.130005,48.910000,72143.257812,38.69,91.53,3.714286,PM2.5,26114
2.590000,2.770000,0.450000,0.140000,0.120000,59.290001,-0.910000,-0.470000,264.309998,52.480000,69178.953125,38.71,91.7,3.700000,PM2.5,26115
2.630000,2.810000,0.450000,0.130000,0.130000,59.910000,0.180000,-0.380000,262.399994,57.099998,66357.179688,38.73,91.87,3.757143,PM2.5,26116
2.760000,2.950000,0.480000,0.130000,0.130000,58.580002,1.290000,-0.070000,263.369995,55.160000,67739.156250,38.75,92.05,3.942857,PM2.5,26117
2.850000,3.050000,0.520000,0.150000,0.130000,58.349998,1.020000,-1.630000,265.619995,51.220001,71812.210938,38.76,92.22,4.071428,PM2.5,26118
2.820000,3.030000,0.530000,0.160000,0.140000,58.950001,-0.720000,-3.120000,266.179993,49.820000,72717.617188,38.78,92.39,4.028571,PM2.5,26119
2.960000,3.180000,0.570000,0.210000,0.140000,58.889999,-1.140000,-2.430000,265.359985,50.189999,70844.062500,38.79,92.56,4.228571,PM2.5,26120
3.010000,3.250000,0.610000,0.300000,0.140000,59.099998,-0.010000,-3.150000,265.109985,51.490002,70940.828125,38.81,92.73,4.300000,PM2.5,26121
3.010000,3.290000,0.670000,0.410000,0.140000,60.119999,-0.120000,-3.140000,266.299988,46.770000,72973.312500,38.82,92.91,4.300000,PM2.5,26122
3.030000,3.360000,0.750000,0.560000,0.140000,61.630001,-0.940000,-2.170000,267.339996,41.110001,73632.093750,38.84,93.08,4.328571,PM2.5,26123
3.160000,3.570000,0.860000,0.840000,0.140000,62.430000,-1.460000,-2.190000,267.470001,38.639999,72989.132812,38.85,93.25,4.514286,PM2.5,26124
2.980000,3.360000,0.790000,0.840000,0.140000,63.430000,-1.820000,-1.930000,267.010010,38.680000,72088.406250,38.87,93.42,4.257143,PM2.5,26125
2.490000,2.720000,0.550000,0.510000,0.130000,64.080002,-2.060000,-1.510000,265.899994,40.930000,70903.273438,38.88,93.6,3.557143,PM2.5,26126
2.480000,2.690000,0.530000,0.500000,0.130000,63.759998,-1.830000,-0.690000,264.989990,43.279999,70316.171875,38.9,93.77,3.542857,PM2.5,26127
1.400000,1.500000,0.230000,0.110000,0.120000,66.050003,4.960000,0.080000,260.220001,47.740002,63895.089844,39.13,97.06,3.000000,CO,26146
1.380000,1.490000,0.220000,0.120000,0.120000,65.970001,5.580000,-1.460000,258.429993,54.139999,62335.980469,39.14,97.24,3.000000,CO,26147
2.680000,2.860000,0.470000,0.150000,0.120000,58.549999,-0.270000,-0.220000,262.570007,57.400002,67054.460938,38.85,91.68,3.828572,PM2.5,26357
2.660000,2.840000,0.460000,0.140000,0.120000,58.689999,1.480000,0.450000,261.190002,58.680000,64831.109375,38.86,91.85,3.800000,PM2.5,26358
2.800000,2.990000,0.490000,0.140000,0.130000,56.910000,2.490000,0.850000,262.429993,57.630001,66530.406250,38.88,92.02,4.000000,PM2.5,26359
2.870000,3.070000,0.520000,0.140000,0.130000,56.750000,1.250000,-1.210000,264.429993,56.340000,70508.000000,38.9,92.2,4.100000,PM2.5,26360
2.850000,3.050000,0.510000,0.140000,0.140000,58.759998,-0.710000,-2.300000,264.040009,58.599998,70247.617188,38.91,92.37,4.071428,PM2.5,26361
2.970000,3.180000,0.550000,0.170000,0.140000,58.790001,-0.260000,-1.220000,262.700012,59.639999,67780.117188,38.93,92.54,4.242857,PM2.5,26362
2.980000,3.200000,0.580000,0.230000,0.140000,59.439999,0.790000,-2.140000,263.309998,58.810001,69010.109375,38.94,92.71,4.257143,PM2.5,26363
2.900000,3.150000,0.610000,0.300000,0.140000,60.380001,-0.470000,-3.360000,265.559998,48.169998,71505.718750,38.96,92.89,4.142857,PM2.5,26364
2.900000,3.180000,0.660000,0.400000,0.140000,61.590000,-1.320000,-2.990000,266.089996,43.470001,71369.453125,38.97,93.06,4.142857,PM2.5,26365
3.040000,3.250000,0.550000,0.160000,0.140000,58.279999,0.290000,0.860000,262.649994,66.529999,68854.343750,39.06,92.52,4.342857,PM2.5,26605
3.020000,3.240000,0.570000,0.220000,0.140000,59.369999,0.050000,0.060000,262.510010,65.089996,68611.023438,39.08,92.69,4.314286,PM2.5,26606
2.970000,3.210000,0.590000,0.270000,0.140000,60.310001,-0.770000,-1.010000,262.630005,58.740002,68056.812500,39.09,92.87,4.242857,PM2.5,26607
2.980000,3.230000,0.630000,0.340000,0.140000,61.410000,-0.720000,-0.530000,262.089996,56.740002,66913.570312,39.11,93.04,4.257143,PM2.5,26608
