PM2.5(微克每立方米),PM10(微克每立方米),SO2(微克每立方米),NO2(微克每立方米),CO(毫克每立方米),O3(微克每立方米),U(m/s),V(m/s),TEMP(K),RH(%),PSFC(Pa),lat,lon,AQI,Major pollutants,id
36.680000,53.360001,9.760000,4.310000,0.600000,70.480003,-3.030000,0.870000,287.130005,75.230003,91246.101562,21.29,101.34,52.099998,PM2.5,182
35.880001,54.330002,10.080000,4.150000,0.600000,72.190002,-5.830000,1.220000,286.269989,76.489998,89955.867188,21.29,101.49,52.165001,PM10,183
42.820000,57.529999,10.490000,3.510000,0.550000,74.629997,-6.130000,0.060000,284.079987,82.660004,88552.320312,21.3,101.63,59.775002,PM2.5,184
36.430000,54.630001,9.940000,5.200000,0.620000,70.379997,-2.310000,-0.880000,287.420013,72.150002,92999.726562,21.42,101.2,52.315002,PM10,191
30.719999,53.369999,10.270000,5.730000,0.680000,68.599998,-3.880000,0.100000,288.100006,69.320000,93444.476562,21.42,101.34,51.684998,PM10,192
30.430000,55.200001,10.580000,5.420000,0.680000,69.930000,-6.360000,0.350000,286.359985,73.959999,91122.476562,21.43,101.48,52.599998,PM10,193
38.369999,58.200001,10.930000,4.320000,0.610000,73.709999,-6.430000,0.160000,284.170013,81.139999,89508.617188,21.43,101.63,54.212498,PM2.5,194
33.520000,46.220001,7.220000,7.000000,0.580000,71.139999,-5.090000,1.600000,289.109985,75.190002,90328.570312,21.52,100.33,47.885715,PM2.5,201
32.889999,48.700001,7.810000,8.360000,0.650000,65.320000,-4.640000,-1.120000,286.910004,82.000000,88577.390625,21.52,100.47,48.700001,PM10,202
34.450001,53.180000,8.810000,9.490000,0.690000,63.740002,-3.000000,-3.260000,286.920013,79.230003,90630.359375,21.53,100.62,51.590000,PM10,203
28.030001,52.410000,9.930000,6.900000,0.730000,66.779999,-5.680000,0.150000,288.100006,69.129997,93046.500000,21.56,101.33,51.205002,PM10,204
29.780001,55.299999,10.250000,6.110000,0.720000,67.559998,-7.110000,-0.410000,285.640015,77.339996,90418.632812,21.56,101.48,52.650002,PM10,205
35.060001,57.560001,10.590000,5.030000,0.650000,70.290001,-6.400000,-0.110000,284.660004,79.849998,90125.992188,21.56,101.62,53.779999,PM10,206
34.029999,47.049999,7.090000,8.450000,0.600000,69.510002,-2.810000,3.550000,289.140015,75.900002,90024.296875,21.65,100.18,48.614285,PM2.5,224
31.070000,46.639999,7.090000,9.500000,0.660000,64.690002,-4.110000,4.300000,288.070007,78.919998,87723.906250,21.65,100.32,46.639999,PM10,225
32.200001,50.590000,7.730000,11.040000,0.730000,58.740002,-3.940000,2.590000,285.260010,89.139999,85599.820312,21.66,100.47,50.294998,PM10,226
33.090000,53.990002,8.670000,13.070000,0.780000,57.590000,-2.280000,-0.660000,285.329987,86.099998,87541.140625,21.66,100.61,51.995003,PM10,227
31.490000,55.610001,8.570000,9.920000,0.770000,57.950001,-1.110000,-2.320000,286.929993,77.250000,91576.828125,21.67,100.75,52.805000,PM10,228
29.889999,54.740002,9.600000,8.090000,0.760000,63.049999,-1.910000,1.270000,287.079987,75.370003,91741.078125,21.68,101.19,52.370003,PM10,229
28.389999,53.759998,9.620000,7.940000,0.770000,62.740002,-4.330000,1.390000,287.019989,74.239998,90203.039062,21.69,101.33,51.879997,PM10,230
30.219999,56.389999,9.900000,6.680000,0.760000,63.930000,-5.470000,0.930000,284.820007,82.129997,88289.546875,21.69,101.47,53.195000,PM10,231
33.369999,59.080002,10.420000,5.790000,0.700000,66.519997,-5.200000,-0.000000,284.260010,80.620003,89090.476562,21.7,101.62,54.540001,PM10,232
41.900002,61.680000,10.640000,4.830000,0.620000,70.860001,-5.680000,0.120000,283.230011,84.139999,88228.437500,21.7,101.76,58.625000,PM2.5,233
36.119999,47.459999,6.940000,6.660000,0.560000,71.379997,-2.320000,3.350000,287.760010,81.559998,88502.531250,21.77,100.03,51.399998,PM2.5,263
32.130001,46.959999,6.950000,9.670000,0.640000,66.300003,-1.330000,3.870000,287.959991,80.120003,87994.421875,21.78,100.17,46.959999,PM10,264
30.030001,46.299999,7.040000,10.080000,0.680000,62.709999,-2.070000,5.140000,288.309998,77.330002,87547.687500,21.79,100.32,46.299999,PM10,265
31.280001,49.700001,7.590000,10.760000,0.730000,59.340000,-3.050000,4.590000,286.119995,84.070000,85433.703125,21.79,100.46,49.700001,PM10,266
33.180000,54.900002,8.520000,13.040000,0.810000,55.320000,-2.210000,1.890000,284.170013,90.059998,85314.953125,21.8,100.6,52.450001,PM10,267
29.440001,54.330002,8.870000,11.230000,0.820000,55.250000,-1.180000,-1.050000,286.209991,79.559998,90192.656250,21.8,100.75,52.165001,PM10,268
27.209999,53.500000,9.150000,10.720000,0.820000,55.639999,-1.220000,-1.010000,288.029999,72.160004,93605.406250,21.81,100.89,51.750000,PM10,269
26.860001,54.130001,9.300000,9.630000,0.820000,56.139999,-1.870000,-0.500000,287.700012,72.830002,93166.953125,21.81,101.04,52.065002,PM10,270
26.330000,54.560001,9.540000,9.300000,0.840000,55.820000,-1.990000,-0.680000,287.269989,74.059998,92361.343750,21.82,101.18,52.279999,PM10,271
26.879999,54.790001,9.640000,8.360000,0.840000,56.990002,-4.040000,1.330000,286.769989,74.379997,90417.226562,21.82,101.32,52.395000,PM10,272
29.809999,57.450001,9.900000,7.080000,0.800000,59.840000,-6.330000,2.330000,284.529999,81.309998,88282.867188,21.83,101.47,53.724998,PM10,273
33.650002,60.419998,10.270000,6.260000,0.740000,63.070000,-5.840000,0.630000,282.929993,84.750000,88091.453125,21.83,101.61,55.209999,PM10,274
34.869999,47.099998,6.770000,6.780000,0.570000,69.660004,-2.170000,4.520000,287.230011,82.839996,86820.179688,21.91,100.02,49.814285,PM2.5,309
32.169998,47.970001,6.950000,9.770000,0.660000,63.590000,-1.350000,4.610000,286.600006,84.410004,85995.226562,21.91,100.17,47.970001,PM10,310
30.420000,47.279999,7.130000,10.680000,0.690000,61.389999,-1.270000,4.120000,287.640015,78.389999,87273.281250,21.92,100.31,47.279999,PM10,311
30.610001,49.470001,7.520000,10.520000,0.730000,59.090000,-2.860000,3.750000,286.660004,79.980003,86484.023438,21.93,100.45,49.470001,PM10,312
32.160000,54.720001,8.280000,11.290000,0.800000,55.060001,-3.100000,2.000000,284.089996,88.760002,86121.656250,21.93,100.6,52.360001,PM10,313
28.840000,55.790001,9.430000,13.240000,0.870000,52.049999,-1.350000,-0.370000,286.109985,79.080002,90780.007812,21.94,100.74,52.895000,PM10,314
25.230000,53.509998,9.330000,11.660000,0.870000,52.509998,-1.920000,0.060000,288.089996,70.989998,93583.453125,21.94,100.89,51.754997,PM10,315
25.070000,53.709999,9.250000,10.100000,0.860000,53.200001,-4.060000,-0.600000,287.209991,72.930000,92275.937500,21.95,101.03,51.855000,PM10,316
25.670000,54.939999,9.420000,9.740000,0.870000,52.490002,-3.630000,-1.830000,286.429993,75.639999,91892.007812,21.95,101.18,52.470001,PM10,317
25.930000,55.000000,9.610000,9.080000,0.860000,54.220001,-3.890000,-0.610000,286.910004,72.110001,92055.687500,21.96,101.32,52.500000,PM10,318
30.240000,57.340000,9.850000,7.130000,0.800000,59.180000,-6.460000,1.770000,285.000000,78.160004,89549.601562,21.96,101.46,53.669998,PM10,319
33.750000,46.779999,6.880000,6.910000,0.580000,68.440002,-1.290000,4.290000,287.540009,80.029999,86845.000000,22.04,100.02,48.214287,PM2.5,361
31.590000,47.669998,7.150000,9.130000,0.670000,62.580002,-1.600000,4.490000,287.440002,78.570000,86888.640625,22.05,100.16,47.669998,PM10,362
30.889999,48.380001,7.290000,10.200000,0.700000,60.790001,-2.350000,3.590000,287.149994,78.110001,87096.273438,22.05,100.3,48.380001,PM10,363
31.389999,51.279999,7.670000,10.280000,0.750000,58.259998,-3.750000,3.200000,285.420013,83.800003,86026.351562,22.06,100.45,50.639999,PM10,364
31.910000,55.180000,8.230000,10.800000,0.800000,55.189999,-3.160000,1.600000,283.760010,89.489998,86535.750000,22.07,100.59,52.590000,PM10,365
28.160000,56.549999,10.220000,14.560000,0.890000,51.349998,-0.990000,0.110000,286.320007,77.080002,91290.093750,22.07,100.74,53.275002,PM10,366
25.379999,55.150002,9.950000,13.160000,0.900000,50.470001,-1.990000,0.570000,287.730011,71.199997,92841.328125,22.08,100.88,52.575001,PM10,367
25.610001,55.689999,9.370000,10.170000,0.890000,50.590000,-4.570000,0.060000,286.119995,75.570000,90573.179688,22.08,101.03,52.845001,PM10,368
26.570000,57.290001,9.440000,9.870000,0.890000,49.840000,-4.820000,-0.800000,284.750000,80.519997,89734.812500,22.09,101.17,53.645000,PM10,369
26.920000,57.720001,9.710000,9.800000,0.890000,51.590000,-4.560000,-0.880000,285.130005,77.349998,90543.781250,22.09,101.31,53.860001,PM10,370
32.090000,59.259998,9.990000,8.320000,0.810000,57.540001,-5.670000,0.890000,284.489990,79.059998,89813.062500,22.1,101.46,54.629997,PM10,371
34.180000,40.250000,5.800000,2.880000,0.380000,85.080002,-2.920000,5.660000,289.769989,64.959999,87680.570312,22.14,99.29,48.828571,PM2.5,415
35.950001,43.230000,5.870000,3.000000,0.400000,81.309998,-1.260000,5.170000,287.609985,76.980003,86134.601562,22.15,99.43,51.187500,PM2.5,416
35.000000,43.759998,6.140000,3.390000,0.420000,80.029999,-0.820000,4.450000,288.859985,75.089996,88256.773438,22.16,99.58,50.000000,PM2.5,417
34.630001,44.419998,6.320000,3.640000,0.450000,77.790001,-1.600000,5.510000,288.540009,76.339996,87702.812500,22.16,99.72,49.471432,PM2.5,418
33.939999,45.529999,6.570000,4.750000,0.510000,73.790001,-1.730000,4.870000,287.290009,80.470001,86165.390625,22.17,99.86,48.485714,PM2.5,419
33.119999,47.470001,7.170000,6.940000,0.590000,67.290001,-1.830000,3.060000,287.369995,79.360001,87303.578125,22.18,100.01,47.470001,PM10,420
31.690001,48.570000,7.510000,9.170000,0.680000,62.299999,-2.120000,2.390000,287.799988,76.339996,88139.437500,22.18,100.15,48.570000,PM10,421
31.020000,49.740002,7.610000,10.230000,0.720000,60.139999,-1.990000,2.540000,286.899994,77.940002,87251.156250,22.19,100.3,49.740002,PM10,422
31.360001,53.020000,8.070000,10.670000,0.770000,57.759998,-2.960000,3.590000,284.760010,85.199997,85241.843750,22.19,100.44,51.510002,PM10,423
30.950001,56.700001,8.850000,11.770000,0.840000,53.680000,-3.270000,3.100000,283.420013,89.970001,86076.906250,22.2,100.59,53.349998,PM10,424
27.340000,57.020000,10.090000,13.950000,0.900000,51.110001,-2.430000,1.510000,285.809998,77.680000,90550.296875,22.2,100.73,53.510002,PM10,425
25.540001,56.130001,9.800000,12.540000,0.900000,50.029999,-3.890000,0.660000,286.859985,72.220001,91486.531250,22.21,100.88,53.065002,PM10,426
26.320000,57.959999,9.510000,11.060000,0.910000,48.060001,-5.220000,-0.320000,285.049988,77.709999,89831.726562,22.21,101.02,53.980000,PM10,427
27.250000,59.750000,9.580000,11.080000,0.930000,46.869999,-5.030000,-0.420000,284.070007,81.180000,89287.226562,22.22,101.17,54.875000,PM10,428
27.930000,60.799999,9.790000,11.170000,0.920000,47.500000,-5.090000,-0.050000,283.720001,81.540001,89065.492188,22.22,101.31,55.400002,PM10,429
32.490002,61.380001,10.050000,9.560000,0.830000,54.040001,-4.980000,0.820000,283.709991,80.980003,89234.703125,22.23,101.45,55.690002,PM10,430
32.910000,39.090000,5.750000,2.740000,0.380000,85.540001,-1.910000,5.630000,290.239990,62.180000,88146.640625,22.28,99.28,47.014286,PM2.5,475
33.730000,41.689999,5.880000,2.930000,0.400000,82.699997,-1.260000,5.550000,288.209991,73.639999,86690.351562,22.28,99.42,48.185715,PM2.5,476
33.250000,43.410000,6.160000,3.570000,0.430000,79.559998,-0.440000,4.440000,288.269989,76.330002,87266.468750,22.29,99.57,47.500000,PM2.5,477
32.180000,43.759998,6.380000,3.810000,0.460000,77.220001,-0.740000,4.760000,288.549988,75.190002,87595.968750,22.3,99.71,45.971428,PM2.5,478
31.889999,44.759998,6.640000,4.680000,0.510000,73.540001,-2.040000,4.670000,288.059998,76.739998,87223.992188,22.3,99.86,45.557140,PM2.5,479
32.169998,46.430000,7.000000,5.840000,0.570000,68.620003,-2.880000,3.910000,287.410004,79.040001,86877.953125,22.31,100.0,46.430000,PM10,480
32.570000,48.419998,7.240000,7.460000,0.640000,64.400002,-2.010000,3.200000,285.970001,83.589996,85090.609375,22.32,100.15,48.419998,PM10,481
32.139999,51.570000,7.650000,8.890000,0.720000,60.369999,-0.920000,2.760000,284.970001,84.949997,84764.796875,22.32,100.29,50.785000,PM10,482
30.010000,53.689999,8.360000,9.660000,0.790000,56.459999,-2.220000,2.660000,285.260010,82.269997,86572.156250,22.33,100.44,51.845001,PM10,483
28.290001,55.139999,8.880000,10.190000,0.840000,53.580002,-3.880000,4.060000,285.649994,79.599998,89070.890625,22.33,100.58,52.570000,PM10,484
26.400000,55.590000,9.260000,11.020000,0.870000,51.919998,-4.030000,2.790000,286.350006,74.279999,90834.460938,22.34,100.73,52.794998,PM10,485
26.160000,56.009998,9.080000,10.040000,0.870000,50.680000,-5.240000,0.770000,285.929993,74.760002,90110.140625,22.34,100.87,53.004997,PM10,486
27.860001,58.939999,9.250000,10.370000,0.890000,47.810001,-5.700000,-0.300000,283.980011,81.120003,88888.046875,22.35,101.02,54.470001,PM10,487
28.680000,60.840000,9.440000,11.040000,0.900000,46.639999,-4.760000,-0.800000,283.570007,82.360001,89105.476562,22.35,101.16,55.419998,PM10,488
28.900000,61.730000,9.680000,10.840000,0.900000,47.349998,-4.440000,-0.560000,283.790009,80.839996,89534.968750,22.36,101.3,55.864998,PM10,489
30.809999,62.040001,9.960000,10.260000,0.840000,51.160000,-4.270000,0.520000,283.799988,80.190002,89515.289062,22.36,101.45,56.020000,PM10,490
35.869999,62.139999,10.300000,8.530000,0.730000,59.049999,-3.770000,0.780000,283.980011,79.230003,89853.726562,22.37,101.59,56.070000,PM10,491
33.139999,40.259998,5.910000,2.790000,0.400000,84.760002,-1.330000,5.920000,288.929993,68.500000,86965.109375,22.42,99.42,47.342857,PM2.5,538
33.549999,43.119999,6.220000,3.530000,0.430000,80.650002,-0.400000,4.990000,287.540009,76.580002,85900.609375,22.42,99.56,47.928570,PM2.5,539
32.959999,44.200001,6.290000,3.920000,0.460000,76.120003,-0.220000,4.090000,288.040009,76.260002,87085.406250,22.43,99.71,47.085712,PM2.5,540
31.969999,44.250000,6.630000,4.340000,0.500000,75.370003,-1.050000,4.800000,288.179993,75.910004,87321.617188,22.44,99.85,45.671429,PM2.5,541
32.049999,45.389999,6.840000,5.100000,0.550000,71.339996,-1.390000,5.950000,287.170013,78.660004,85635.179688,22.44,100.0,45.785713,PM2.5,542
32.990002,48.669998,7.220000,6.530000,0.630000,66.550003,-0.040000,6.610000,285.390015,82.459999,83116.820312,22.45,100.14,48.669998,PM10,543
32.560001,53.180000,7.840000,8.000000,0.740000,59.340000,-1.130000,4.380000,284.149994,86.820000,83571.796875,22.46,100.29,51.590000,PM10,544
29.590000,54.250000,8.320000,8.570000,0.800000,55.500000,-3.380000,2.670000,285.429993,81.480003,88375.726562,22.46,100.43,52.125000,PM10,545
26.650000,53.639999,8.460000,9.100000,0.830000,53.500000,-3.850000,3.780000,287.540009,71.230003,91850.382812,22.47,100.57,51.820000,PM10,546
26.260000,54.290001,8.650000,9.180000,0.840000,53.189999,-4.930000,2.640000,286.540009,73.190002,90158.437500,22.47,100.72,52.145000,PM10,547
27.670000,56.639999,8.680000,9.330000,0.850000,50.240002,-5.790000,0.920000,284.529999,80.500000,88115.882812,22.48,100.86,53.320000,PM10,548
28.969999,59.430000,9.010000,10.170000,0.880000,45.970001,-5.660000,0.290000,283.369995,84.129997,87839.406250,22.48,101.01,54.715000,PM10,549
29.930000,61.299999,9.230000,10.790000,0.880000,45.220001,-4.820000,0.100000,282.779999,86.180000,87664.796875,22.49,101.15,55.650002,PM10,550
29.840000,61.869999,9.410000,10.380000,0.860000,45.930000,-3.650000,-0.400000,283.209991,83.419998,88994.382812,22.49,101.3,55.934998,PM10,551
29.330000,61.270000,9.610000,10.570000,0.820000,47.740002,-3.650000,0.330000,283.929993,80.209999,89764.312500,22.5,101.44,55.635002,PM10,552
31.570000,61.209999,9.820000,9.090000,0.730000,53.340000,-3.860000,0.410000,283.640015,80.629997,89447.820312,22.5,101.59,55.605000,PM10,553
33.340000,59.700001,9.920000,7.430000,0.630000,61.689999,-3.810000,0.400000,284.429993,76.650002,90278.406250,22.51,101.73,54.849998,PM10,554
36.810001,60.009998,10.040000,5.950000,0.560000,70.029999,-4.530000,1.090000,283.790009,78.059998,89276.351562,22.51,101.88,55.004997,PM10,555
37.959999,60.110001,10.070000,5.880000,0.530000,72.660004,-4.790000,1.740000,283.089996,80.489998,88952.843750,22.51,102.02,55.055000,PM10,556
37.619999,58.500000,10.060000,5.770000,0.510000,74.150002,-4.570000,2.600000,284.329987,75.339996,90895.359375,22.52,102.17,54.250000,PM10,557
46.889999,57.849998,10.080000,7.200000,0.460000,64.889999,-0.480000,1.730000,284.459991,72.820000,90598.078125,22.53,103.04,64.862503,PM2.5,559
32.930000,39.430000,5.960000,2.900000,0.400000,85.260002,-0.990000,5.290000,289.890015,64.680000,87983.296875,22.55,99.41,47.042858,PM2.5,608
33.240002,42.110001,6.250000,3.410000,0.430000,82.349998,-1.120000,5.330000,288.140015,73.639999,86589.960938,22.56,99.55,47.485718,PM2.5,609
33.820000,44.080002,6.410000,3.940000,0.460000,78.099998,-0.480000,4.370000,287.040009,78.959999,85751.523438,22.56,99.7,48.314285,PM2.5,610
33.369999,44.939999,6.610000,4.570000,0.500000,74.650002,0.360000,4.970000,287.140015,78.639999,85849.929688,22.57,99.84,47.671429,PM2.5,611
32.040001,44.549999,6.880000,4.890000,0.550000,74.620003,1.100000,5.770000,287.339996,76.500000,85271.437500,22.58,99.99,45.771431,PM2.5,612
31.770000,47.830002,7.320000,6.140000,0.640000,67.320000,-0.040000,5.690000,287.160004,74.019997,84847.421875,22.58,100.13,47.830002,PM10,613
31.900000,53.139999,7.800000,6.740000,0.750000,59.759998,-3.360000,4.660000,285.549988,80.889999,86389.273438,22.59,100.28,51.570000,PM10,614
29.780001,54.040001,8.310000,7.520000,0.800000,58.250000,-3.630000,4.620000,285.790009,79.760002,89174.343750,22.59,100.42,52.020000,PM10,615
27.370001,53.209999,8.350000,7.880000,0.810000,56.759998,-2.890000,4.510000,286.940002,73.529999,90328.578125,22.6,100.57,51.605000,PM10,616
27.500000,54.020000,8.330000,7.860000,0.810000,55.970001,-4.800000,3.740000,285.739990,76.910004,88116.429688,22.61,100.71,52.010002,PM10,617
29.559999,57.180000,8.480000,8.420000,0.820000,51.590000,-5.750000,2.190000,283.269989,86.209999,86583.843750,22.61,100.86,53.590000,PM10,618
30.290001,59.509998,8.730000,9.430000,0.840000,47.360001,-5.070000,0.550000,282.720001,87.019997,87244.242188,22.62,101.0,54.754997,PM10,619
30.650000,60.930000,8.910000,9.800000,0.840000,46.400002,-4.360000,0.550000,282.700012,86.830002,87451.023438,22.62,101.15,55.465000,PM10,620
30.530001,61.340000,9.080000,9.580000,0.820000,46.480000,-3.510000,0.450000,282.929993,85.019997,88463.421875,22.63,101.29,55.669998,PM10,621
30.270000,60.630001,9.260000,9.320000,0.760000,49.090000,-3.710000,0.640000,283.399994,82.690002,88959.710938,22.63,101.44,55.315002,PM10,622
30.969999,60.549999,9.390000,8.620000,0.690000,52.970001,-4.400000,0.870000,282.850006,84.339996,88511.382812,22.64,101.59,55.275002,PM10,623
31.000000,59.529999,9.460000,7.350000,0.620000,59.450001,-4.260000,0.360000,283.119995,82.800003,88965.343750,22.64,101.73,54.764999,PM10,624
31.100000,58.880001,9.560000,6.370000,0.570000,65.389999,-4.060000,0.660000,283.480011,80.660004,89519.406250,22.64,101.88,54.440002,PM10,625
30.770000,57.500000,9.580000,6.150000,0.540000,69.330002,-3.950000,1.940000,284.619995,75.910004,91176.843750,22.65,102.02,53.750000,PM10,626
31.200001,56.709999,9.560000,6.460000,0.520000,70.320000,-3.600000,2.640000,285.160004,74.529999,91851.023438,22.65,102.17,53.355000,PM10,627
36.419998,57.560001,9.510000,6.160000,0.490000,70.510002,-2.060000,2.390000,284.100006,79.779999,90304.546875,22.65,102.31,53.779999,PM10,628
44.439999,56.560001,8.990000,6.830000,0.440000,63.119999,-3.530000,4.260000,281.390015,87.540001,85747.453125,22.67,102.89,61.799999,PM2.5,629
40.959999,54.849998,10.210000,7.990000,0.450000,60.459999,-0.740000,1.090000,284.600006,73.440002,91869.562500,22.67,103.04,57.449997,PM2.5,630
43.040001,56.099998,10.790000,7.050000,0.460000,58.570000,-0.610000,0.140000,285.750000,67.269997,92350.648438,22.67,103.18,60.050003,PM2.5,631
50.650002,61.459999,11.680000,6.750000,0.480000,61.080002,-4.350000,1.960000,279.720001,83.580002,83724.679688,22.68,103.47,69.562500,PM2.5,632
43.049999,54.939999,13.320000,6.880000,0.510000,60.790001,-1.240000,1.580000,286.500000,54.959999,97510.898438,22.68,103.91,60.062500,PM2.5,633
33.580002,39.340000,5.920000,2.960000,0.390000,85.839996,-1.310000,3.520000,289.119995,67.650002,87733.578125,22.68,99.4,47.971432,PM2.5,681
33.029999,40.869999,6.180000,3.220000,0.430000,83.949997,-0.950000,4.460000,288.299988,71.389999,86827.742188,22.69,99.55,47.185711,PM2.5,682
33.970001,43.330002,6.430000,3.840000,0.470000,80.089996,-0.090000,5.440000,286.250000,78.080002,84189.921875,22.7,99.69,48.528572,PM2.5,683
34.060001,44.849998,6.750000,4.960000,0.530000,76.669998,0.910000,5.050000,286.209991,79.900002,84270.718750,22.7,99.84,48.657146,PM2.5,684
33.220001,46.490002,6.870000,5.900000,0.590000,72.480003,0.860000,4.240000,286.500000,78.379997,84701.562500,22.71,99.98,47.457146,PM2.5,685
33.200001,50.689999,7.490000,6.660000,0.700000,65.830002,-1.050000,3.110000,285.640015,79.830002,84912.671875,22.72,100.13,50.345001,PM10,686
32.049999,53.470001,7.810000,6.500000,0.770000,60.700001,-3.370000,4.700000,285.709991,80.419998,87476.367188,22.72,100.27,51.735001,PM10,687
29.950001,53.720001,8.320000,7.090000,0.810000,59.910000,-2.900000,5.970000,285.970001,78.809998,89026.703125,22.73,100.42,51.860001,PM10,688
28.280001,53.299999,8.270000,7.400000,0.810000,58.020000,-2.870000,5.430000,286.290009,75.760002,88848.507812,22.73,100.56,51.650002,PM10,689
28.219999,53.830002,8.160000,7.420000,0.800000,55.200001,-5.750000,5.890000,285.739990,76.760002,88060.718750,22.74,100.71,51.915001,PM10,690
30.299999,55.849998,8.280000,7.480000,0.790000,53.009998,-7.360000,4.120000,283.380005,86.620003,86678.867188,22.75,100.85,52.924999,PM10,691
32.060001,58.130001,8.290000,8.040000,0.780000,48.689999,-5.950000,1.400000,281.480011,93.820000,85818.992188,22.75,101.0,54.065002,PM10,692
32.400002,59.869999,8.330000,8.470000,0.760000,47.860001,-4.000000,0.330000,281.500000,93.459999,86436.867188,22.76,101.14,54.934998,PM10,693
32.180000,60.900002,8.440000,7.970000,0.740000,46.939999,-3.210000,0.530000,282.109985,90.120003,87369.226562,22.76,101.29,55.450001,PM10,694
31.629999,60.169998,8.950000,7.860000,0.690000,50.919998,-3.640000,1.140000,282.190002,88.250000,87534.039062,22.76,101.43,55.084999,PM10,695
31.799999,59.380001,9.030000,7.000000,0.620000,54.970001,-4.590000,1.850000,282.160004,87.980003,87806.992188,22.77,101.58,54.690002,PM10,696
31.920000,58.279999,9.000000,6.150000,0.570000,60.680000,-4.850000,1.950000,282.070007,88.550003,88129.039062,22.77,101.73,54.139999,PM10,697
31.590000,57.099998,8.940000,5.360000,0.530000,65.820000,-3.550000,1.660000,282.989990,85.120003,89636.078125,22.78,101.87,53.549999,PM10,698
31.080000,55.939999,8.840000,5.560000,0.510000,67.610001,-2.480000,1.860000,284.170013,80.260002,90690.906250,22.78,102.02,52.970001,PM10,699
32.200001,55.520000,8.600000,5.830000,0.480000,67.180000,-2.350000,1.950000,283.959991,81.110001,89772.476562,22.78,102.16,52.760002,PM10,700
35.639999,55.599998,8.320000,5.860000,0.460000,65.160004,-2.260000,0.700000,283.350006,83.629997,88337.562500,22.79,102.31,52.799999,PM10,701
40.560001,56.779999,8.380000,5.950000,0.440000,63.200001,-1.720000,-0.920000,282.619995,85.580002,87222.546875,22.79,102.45,56.950001,PM2.5,702
44.099998,57.939999,8.700000,6.050000,0.440000,59.599998,-0.720000,-1.440000,282.980011,83.360001,87537.156250,22.79,102.6,61.375000,PM2.5,703
40.930000,54.320000,8.950000,6.440000,0.440000,59.080002,-3.030000,2.340000,285.000000,73.029999,88950.976562,22.8,102.74,57.412498,PM2.5,704
40.610001,55.049999,9.280000,7.620000,0.440000,55.860001,-5.150000,5.050000,283.579987,76.900002,88466.007812,22.8,102.89,57.012501,PM2.5,705
40.099998,55.860001,10.040000,9.310000,0.460000,50.349998,-3.880000,2.470000,282.220001,80.629997,86682.687500,22.8,103.04,56.375000,PM2.5,706
42.880001,57.910000,10.550000,8.370000,0.470000,50.560001,-3.650000,1.220000,281.359985,82.559998,85157.656250,22.81,103.18,59.850002,PM2.5,707
42.009998,55.930000,11.540000,8.260000,0.470000,52.540001,-4.040000,1.430000,281.239990,75.680000,88182.500000,22.81,103.47,58.762497,PM2.5,708
39.299999,53.610001,11.540000,8.690000,0.490000,49.919998,-4.070000,2.690000,283.700012,64.559998,92901.250000,22.81,103.62,55.375000,PM2.5,709
37.810001,51.889999,12.520000,8.360000,0.500000,51.540001,-2.210000,2.990000,283.779999,63.160000,93518.070312,22.81,103.76,53.512501,PM2.5,710
36.680000,51.310001,12.680000,8.950000,0.520000,50.750000,-1.680000,2.570000,284.140015,61.840000,93357.492188,22.81,103.91,52.099998,PM2.5,711
37.860001,52.099998,12.710000,7.460000,0.520000,55.660000,-2.520000,2.550000,283.230011,63.250000,90840.250000,22.82,104.05,53.575001,PM2.5,712
40.330002,53.680000,12.100000,6.040000,0.510000,58.549999,-2.940000,2.100000,281.179993,69.750000,87430.296875,22.82,104.34,56.662502,PM2.5,713
41.029999,53.680000,12.090000,5.790000,0.510000,60.369999,-2.710000,1.970000,281.769989,67.239998,88056.460938,22.82,104.49,57.537498,PM2.5,714
34.410000,40.770000,6.020000,3.260000,0.430000,84.150002,0.700000,4.430000,286.059998,75.830002,83844.296875,22.82,99.54,49.157143,PM2.5,763
33.869999,42.130001,6.410000,3.990000,0.500000,82.349998,1.160000,5.860000,286.489990,74.620003,84094.101562,22.83,99.68,48.385712,PM2.5,764
33.869999,43.939999,6.770000,5.070000,0.570000,79.470001,0.770000,5.740000,286.329987,76.690002,84048.093750,22.84,99.83,48.385712,PM2.5,765
34.330002,47.169998,7.110000,6.090000,0.660000,74.720001,0.760000,4.560000,285.230011,80.599998,83112.296875,22.84,99.97,49.042858,PM2.5,766
34.380001,52.160000,7.610000,7.090000,0.760000,65.510002,-0.660000,3.460000,285.119995,81.849998,84869.882812,22.85,100.12,51.080002,PM10,767
31.959999,53.090000,8.040000,6.110000,0.800000,63.259998,-2.390000,4.520000,286.519989,77.309998,88708.328125,22.86,100.27,51.544998,PM10,768
30.389999,53.790001,8.190000,6.630000,0.830000,59.900002,-1.890000,5.440000,286.690002,75.930000,89512.656250,22.86,100.41,51.895000,PM10,769
28.620001,52.520000,8.440000,7.210000,0.810000,59.349998,-2.140000,4.780000,286.820007,73.930000,89067.843750,22.87,100.56,51.260002,PM10,770
28.270000,52.560001,8.580000,7.770000,0.800000,56.180000,-4.850000,6.250000,286.769989,73.430000,89116.351562,22.87,100.7,51.279999,PM10,771
29.820000,53.939999,8.730000,7.820000,0.780000,55.099998,-6.440000,5.730000,284.790009,81.720001,87104.117188,22.88,100.85,51.970001,PM10,772
32.610001,57.180000,8.450000,7.210000,0.740000,50.700001,-5.140000,4.360000,281.950012,92.790001,84190.789062,22.88,100.99,53.590000,PM10,773
33.820000,60.279999,8.180000,7.000000,0.720000,47.639999,-3.330000,3.280000,280.529999,97.989998,83565.593750,22.89,101.14,55.139999,PM10,774
33.770000,61.330002,8.480000,6.710000,0.680000,48.900002,-2.530000,2.850000,280.600006,97.300003,84726.523438,22.89,101.28,55.665001,PM10,775
33.130001,60.369999,8.740000,6.410000,0.620000,52.810001,-2.710000,2.750000,281.049988,94.269997,86104.687500,22.9,101.43,55.184998,PM10,776
32.610001,58.689999,8.690000,5.580000,0.570000,57.439999,-3.290000,3.230000,281.829987,90.739998,87413.320312,22.9,101.58,54.345001,PM10,777
32.209999,57.160000,8.600000,5.310000,0.530000,61.599998,-4.010000,3.770000,282.209991,89.430000,88090.359375,22.91,101.72,53.580002,PM10,778
32.560001,56.400002,8.400000,4.990000,0.500000,64.660004,-3.470000,3.560000,281.869995,91.300003,87480.968750,22.91,101.87,53.200001,PM10,779
32.450001,54.970001,8.110000,4.800000,0.470000,66.400002,-2.700000,3.290000,282.140015,89.820000,87027.562500,22.92,102.01,52.485001,PM10,780
33.220001,53.400002,7.650000,4.590000,0.440000,66.300003,-3.130000,2.600000,282.359985,88.339996,86471.921875,22.92,102.16,51.700001,PM10,781
35.250000,53.360001,7.740000,5.220000,0.420000,65.680000,-3.260000,0.580000,281.510010,91.830002,85314.773438,22.92,102.3,51.680000,PM10,782
38.730000,55.570000,8.160000,6.190000,0.430000,61.070000,-2.600000,-1.280000,281.290009,91.389999,85743.523438,22.93,102.45,54.662498,PM2.5,783
41.709999,58.180000,8.650000,6.750000,0.440000,54.180000,-1.550000,-2.020000,282.690002,83.500000,88000.570312,22.93,102.6,58.387497,PM2.5,784
39.389999,54.430000,9.070000,7.320000,0.440000,53.369999,-2.450000,0.600000,284.350006,74.790001,88994.109375,22.93,102.74,55.487499,PM2.5,785
39.560001,54.400002,9.540000,7.510000,0.440000,52.680000,-4.130000,3.120000,282.359985,79.800003,86129.898438,22.93,102.89,55.700001,PM2.5,786
39.910000,54.970001,10.460000,10.080000,0.450000,49.639999,-4.390000,1.760000,280.299988,87.050003,84514.148438,22.94,103.03,56.137501,PM2.5,787
39.130001,53.939999,10.580000,9.150000,0.450000,49.240002,-5.490000,2.050000,281.019989,80.930000,86403.968750,22.94,103.18,55.162502,PM2.5,788
37.119999,50.919998,11.080000,8.550000,0.450000,51.930000,-6.080000,2.460000,281.690002,73.980003,89130.921875,22.94,103.32,52.649998,PM2.5,789
35.160000,49.259998,11.110000,9.270000,0.460000,50.410000,-3.940000,1.090000,283.200012,67.019997,92602.031250,22.94,103.47,50.200001,PM2.5,790
34.029999,49.180000,11.390000,10.680000,0.480000,45.020000,-1.880000,1.200000,283.890015,64.720001,93191.789062,22.95,103.62,49.180000,PM10,791
34.130001,49.560001,11.890000,10.810000,0.510000,44.040001,-0.870000,1.950000,283.410004,65.269997,92223.718750,22.95,103.76,49.560001,PM10,792
33.320000,48.430000,11.880000,10.380000,0.520000,47.759998,-1.550000,2.590000,282.869995,66.000000,90316.296875,22.95,103.91,48.430000,PM10,793
34.830002,49.529999,11.800000,9.390000,0.530000,50.250000,-2.680000,2.990000,280.820007,71.940002,86403.953125,22.95,104.05,49.757145,PM2.5,794
35.790001,50.570000,11.710000,8.740000,0.540000,49.299999,-2.110000,2.560000,279.890015,75.389999,85168.320312,22.95,104.2,50.987503,PM2.5,795
34.680000,49.310001,11.700000,8.190000,0.540000,51.119999,-1.990000,3.050000,280.540009,72.510002,86008.328125,22.95,104.34,49.542858,PM2.5,796
35.119999,49.389999,11.660000,7.950000,0.540000,52.860001,-2.910000,3.210000,280.899994,70.610001,86398.476562,22.95,104.49,50.149998,PM2.5,797
37.430000,51.160000,11.860000,7.040000,0.520000,56.180000,-3.220000,2.050000,280.720001,70.739998,86815.070312,22.95,104.64,53.037498,PM2.5,798
43.500000,55.279999,12.430000,5.310000,0.500000,63.730000,-1.940000,1.380000,282.420013,64.459999,89821.968750,22.95,104.78,60.625000,PM2.5,799
34.529999,42.259998,6.380000,4.760000,0.550000,80.720001,2.230000,5.630000,286.480011,72.949997,84115.890625,22.97,99.68,49.328571,PM2.5,855
33.919998,43.830002,6.880000,5.640000,0.640000,78.690002,1.700000,6.280000,287.339996,71.330002,85146.023438,22.97,99.82,48.457142,PM2.5,856
35.029999,48.000000,7.500000,6.540000,0.740000,75.930000,0.520000,5.180000,285.179993,78.260002,82659.617188,22.98,99.97,50.037498,PM2.5,857
35.410000,53.340000,7.920000,6.790000,0.820000,66.370003,-1.920000,3.710000,285.010010,82.120003,85482.492188,22.98,100.11,51.669998,PM10,858
32.450001,53.060001,8.300000,6.470000,0.840000,65.730003,-2.340000,3.380000,287.220001,75.370003,90223.453125,22.99,100.26,51.529999,PM10,859
31.370001,53.730000,8.410000,6.760000,0.860000,62.459999,-1.300000,4.110000,286.670013,76.510002,89295.023438,23.0,100.4,51.864998,PM10,860
30.230000,53.119999,8.530000,7.710000,0.830000,60.549999,-1.230000,4.040000,286.329987,76.470001,88427.882812,23.0,100.55,51.559998,PM10,861
29.030001,52.189999,8.670000,8.570000,0.810000,57.200001,-1.720000,5.050000,287.100006,72.730003,89207.726562,23.01,100.7,51.095001,PM10,862
28.730000,51.189999,8.590000,7.410000,0.770000,59.099998,-2.820000,5.420000,286.459991,75.010002,87402.937500,23.01,100.84,50.595001,PM10,863
31.830000,55.599998,8.460000,6.730000,0.730000,54.349998,-3.030000,7.120000,283.640015,85.120003,84165.656250,23.02,100.99,52.799999,PM10,864
34.009998,59.590000,8.410000,5.950000,0.690000,51.029999,-2.290000,6.730000,281.510010,93.370003,83504.062500,23.02,101.13,54.794998,PM10,865
33.939999,60.320000,8.540000,5.150000,0.620000,52.660000,-2.270000,5.660000,281.320007,93.559998,84708.062500,23.03,101.28,55.160000,PM10,866
33.680000,59.730000,8.660000,5.060000,0.580000,55.560001,-2.350000,4.790000,281.160004,93.730003,85753.296875,23.03,101.43,54.864998,PM10,867
32.959999,57.820000,8.520000,4.680000,0.530000,59.680000,-2.360000,4.630000,281.839996,91.089996,87056.960938,23.04,101.57,53.910000,PM10,868
32.310001,55.709999,8.250000,4.300000,0.500000,63.470001,-3.070000,4.580000,282.429993,88.800003,87496.453125,23.04,101.72,52.855000,PM10,869
32.560001,54.400002,7.920000,4.110000,0.470000,65.720001,-3.380000,4.640000,281.820007,91.300003,86062.632812,23.05,101.86,52.200001,PM10,870
32.840000,53.430000,7.400000,4.200000,0.440000,64.300003,-2.540000,4.190000,281.529999,93.029999,85404.031250,23.05,102.01,51.715000,PM10,871
33.189999,51.950001,7.530000,4.220000,0.420000,65.760002,-2.310000,3.880000,281.799988,91.830002,84554.421875,23.05,102.15,50.974998,PM10,872
36.430000,54.660000,8.060000,4.970000,0.430000,63.549999,-2.710000,3.960000,280.549988,96.699997,82694.039062,23.06,102.3,52.330002,PM10,873
39.799999,56.799999,8.630000,6.270000,0.430000,59.360001,-2.810000,2.370000,279.619995,97.379997,82676.906250,23.06,102.45,56.000000,PM2.5,874
41.360001,57.110001,8.950000,6.710000,0.430000,57.139999,-2.900000,0.290000,280.670013,89.199997,85243.742188,23.06,102.59,57.950001,PM2.5,875
39.340000,53.830002,9.040000,7.710000,0.430000,54.689999,-3.770000,0.270000,282.380005,79.010002,87572.132812,23.07,102.74,55.424999,PM2.5,876
37.099998,51.049999,9.100000,7.740000,0.420000,54.029999,-6.380000,2.870000,282.359985,77.360001,87427.921875,23.07,102.88,52.625000,PM2.5,877
35.740002,49.139999,9.290000,8.220000,0.420000,54.689999,-7.180000,2.510000,281.750000,77.910004,88367.992188,23.07,103.03,50.925003,PM2.5,878
32.779999,44.689999,9.420000,7.800000,0.400000,59.560001,-5.620000,1.230000,282.970001,70.339996,90490.156250,23.07,103.18,46.828571,PM2.5,879
32.430000,44.590000,9.630000,8.460000,0.410000,56.770000,-5.230000,2.130000,282.630005,70.870003,90144.039062,23.08,103.32,46.328571,PM2.5,880
32.959999,44.970001,9.580000,8.030000,0.410000,56.470001,-4.610000,1.960000,280.790009,77.379997,87570.296875,23.08,103.47,47.085712,PM2.5,881
33.099998,45.330002,9.780000,7.970000,0.420000,52.310001,-2.420000,1.210000,280.570007,77.610001,87282.273438,23.08,103.61,47.285713,PM2.5,882
33.660000,47.220001,10.310000,9.210000,0.470000,48.259998,-0.190000,1.450000,282.570007,69.150002,90059.421875,23.08,103.76,48.085712,PM2.5,883
33.169998,47.490002,10.900000,10.140000,0.500000,47.650002,-0.410000,2.150000,281.600006,70.959999,87995.882812,23.08,103.91,47.490002,PM10,884
33.779999,47.840000,11.090000,9.380000,0.510000,48.090000,-1.610000,3.760000,279.239990,79.209999,83520.031250,23.08,104.05,48.257141,PM2.5,885
34.650002,49.020000,11.150000,9.530000,0.530000,46.869999,-1.070000,3.530000,279.089996,79.449997,83757.726562,23.09,104.2,49.500004,PM2.5,886
33.119999,47.320000,11.150000,8.910000,0.530000,48.930000,-0.640000,3.060000,281.329987,70.040001,86698.796875,23.09,104.34,47.320000,PM10,887
32.500000,46.709999,11.100000,8.850000,0.530000,50.299999,-2.140000,3.240000,282.549988,65.110001,88102.632812,23.09,104.49,46.709999,PM10,888
34.650002,49.060001,11.300000,7.800000,0.530000,51.660000,-3.490000,3.330000,280.540009,71.370003,85901.140625,23.09,104.64,49.500004,PM2.5,889
39.139999,52.810001,11.490000,6.500000,0.510000,55.369999,-2.230000,2.180000,280.220001,72.230003,86603.390625,23.09,104.78,55.174999,PM2.5,890
33.520000,38.400002,6.120000,3.970000,0.520000,88.019997,2.220000,6.240000,286.390015,63.090000,82472.609375,23.09,99.52,47.885715,PM2.5,954
34.540001,41.459999,6.790000,5.800000,0.640000,83.550003,1.860000,5.360000,286.529999,69.260002,83611.906250,23.1,99.67,49.342857,PM2.5,955
34.450001,44.200001,7.660000,6.890000,0.750000,78.779999,1.530000,5.020000,288.010010,66.800003,86087.023438,23.11,99.82,49.214287,PM2.5,956
35.310001,48.669998,8.330000,6.680000,0.830000,76.699997,-0.240000,3.620000,286.649994,72.180000,85178.703125,23.11,99.96,50.387501,PM2.5,957
35.939999,53.419998,8.490000,6.250000,0.870000,71.220001,-3.030000,4.010000,285.420013,80.989998,86493.226562,23.12,100.11,51.709999,PM10,958
34.470001,54.209999,8.740000,6.540000,0.880000,70.300003,-2.140000,3.950000,285.739990,81.889999,88471.937500,23.13,100.25,52.105000,PM10,959
33.279999,54.549999,8.780000,7.230000,0.890000,66.230003,-0.740000,3.950000,285.660004,80.360001,87738.492188,23.13,100.4,52.275002,PM10,960
32.049999,53.860001,8.720000,8.640000,0.880000,62.880001,-0.900000,4.260000,286.029999,78.129997,87959.117188,23.14,100.54,51.930000,PM10,961
31.360001,53.099998,8.570000,9.650000,0.850000,59.700001,0.110000,3.460000,286.529999,76.010002,88586.148438,23.14,100.69,51.549999,PM10,962
30.230000,52.139999,8.180000,8.140000,0.800000,57.520000,0.670000,2.810000,286.959991,73.120003,88327.117188,23.15,100.84,51.070000,PM10,963
30.440001,52.860001,8.330000,6.630000,0.730000,57.410000,-0.990000,5.620000,285.690002,76.430000,86006.703125,23.15,100.98,51.430000,PM10,964
32.500000,56.639999,8.480000,5.650000,0.680000,54.450001,-2.280000,6.020000,283.649994,83.919998,85370.640625,23.16,101.13,53.320000,PM10,965
32.970001,57.740002,8.380000,4.270000,0.590000,56.490002,-2.820000,5.430000,283.119995,85.139999,86319.789062,23.16,101.27,53.870003,PM10,966
33.889999,58.529999,8.440000,4.390000,0.550000,57.970001,-2.800000,5.580000,281.660004,91.570000,86105.703125,23.17,101.42,54.264999,PM10,967
33.160000,56.910000,7.940000,4.120000,0.510000,60.090000,-1.870000,5.290000,282.489990,88.370003,87359.953125,23.17,101.57,53.455002,PM10,968
31.790001,53.490002,7.780000,3.790000,0.470000,65.070000,-2.660000,4.680000,283.410004,84.730003,87675.140625,23.18,101.71,51.745003,PM10,969
32.740002,53.119999,7.270000,3.850000,0.450000,64.360001,-3.680000,5.150000,282.130005,90.849998,85443.632812,23.18,101.86,51.559998,PM10,970
33.150002,51.790001,7.210000,3.800000,0.420000,65.269997,-1.920000,4.780000,280.730011,98.099998,83149.476562,23.18,102.0,50.895000,PM10,971
34.349998,52.500000,7.570000,4.230000,0.420000,65.070000,0.170000,5.840000,280.799988,97.400002,82452.656250,23.19,102.15,51.250000,PM10,972
36.160000,53.660000,8.190000,4.810000,0.430000,63.869999,-1.050000,6.380000,281.519989,90.769997,83025.843750,23.19,102.3,51.830002,PM10,973
38.990002,55.389999,8.570000,5.790000,0.420000,59.180000,-3.810000,6.050000,280.589996,90.379997,83432.796875,23.19,102.44,54.987503,PM2.5,974
39.099998,53.529999,8.860000,6.620000,0.420000,59.130001,-4.550000,3.710000,280.369995,89.029999,84954.406250,23.2,102.59,55.125000,PM2.5,975
35.529999,48.270000,8.480000,7.610000,0.400000,59.240002,-3.800000,1.850000,282.489990,77.660004,88815.617188,23.2,102.73,50.662498,PM2.5,976
32.650002,44.840000,8.220000,8.310000,0.390000,57.099998,-5.260000,2.470000,284.570007,69.190002,90736.921875,23.2,102.88,46.642860,PM2.5,977
32.709999,44.250000,8.370000,8.930000,0.380000,58.619999,-6.690000,2.670000,281.959991,77.870003,87296.476562,23.21,103.03,46.728569,PM2.5,978
32.889999,44.650002,8.150000,8.530000,0.380000,53.230000,-4.990000,2.950000,279.690002,86.480003,84242.562500,23.21,103.17,46.985714,PM2.5,979
33.310001,45.340000,8.410000,8.380000,0.390000,51.759998,-3.740000,3.580000,279.470001,85.669998,84210.921875,23.21,103.32,47.585716,PM2.5,980
33.650002,45.610001,8.780000,8.390000,0.400000,50.889999,-3.850000,3.640000,278.760010,87.279999,83555.046875,23.21,103.47,48.071430,PM2.5,981
33.540001,45.450001,8.830000,8.600000,0.420000,49.610001,-2.790000,3.250000,278.679993,86.730003,84194.039062,23.21,103.61,47.914288,PM2.5,982
32.869999,44.770000,9.000000,8.490000,0.430000,51.290001,-1.310000,2.580000,279.929993,80.730003,85890.382812,23.22,103.76,46.957142,PM2.5,983
32.730000,45.410000,9.680000,9.090000,0.460000,49.419998,-0.060000,2.950000,279.380005,82.080002,84089.796875,23.22,103.9,46.757141,PM2.5,984
33.599998,47.200001,10.570000,9.430000,0.500000,47.759998,0.080000,4.890000,278.690002,83.019997,82449.468750,23.22,104.05,47.999996,PM2.5,985
33.599998,47.910000,10.890000,10.330000,0.530000,45.430000,-0.890000,4.550000,279.279999,78.879997,83724.156250,23.22,104.2,47.999996,PM2.5,986
32.509998,46.980000,11.060000,10.310000,0.530000,46.950001,-0.900000,3.450000,280.700012,72.580002,85763.367188,23.22,104.34,46.980000,PM10,987
31.650000,46.160000,10.750000,10.090000,0.530000,48.450001,-1.140000,2.580000,282.029999,67.779999,87522.843750,23.22,104.49,46.160000,PM10,988
33.360001,47.900002,10.960000,8.430000,0.530000,50.360001,-2.550000,3.210000,281.220001,69.389999,86502.312500,23.22,104.63,47.900002,PM10,989
36.389999,50.779999,11.070000,7.140000,0.510000,52.669998,-2.360000,3.130000,280.660004,70.730003,86789.726562,23.22,104.78,51.737499,PM2.5,990
41.139999,54.520000,12.290000,6.310000,0.510000,57.939999,-0.840000,2.190000,283.109985,62.230000,90645.023438,23.22,104.93,57.674999,PM2.5,991
54.560001,66.680000,15.840000,5.310000,0.500000,66.000000,-2.420000,-0.980000,282.899994,57.299999,90029.593750,23.22,105.51,74.450005,PM2.5,992
30.860001,33.849998,5.190000,3.240000,0.440000,90.820000,-0.550000,3.530000,291.339996,50.880001,90072.953125,23.2,98.93,44.085716,PM2.5,1060
30.860001,33.750000,5.450000,3.620000,0.470000,90.970001,-0.750000,4.870000,290.390015,51.279999,87900.140625,23.21,99.08,44.085716,PM2.5,1061
31.840000,34.820000,5.720000,4.070000,0.500000,89.919998,0.960000,5.490000,287.399994,57.230000,83732.359375,23.21,99.22,45.485714,PM2.5,1062
32.340000,35.889999,6.090000,4.520000,0.540000,89.449997,2.670000,5.270000,286.940002,58.919998,83037.671875,23.22,99.37,46.200001,PM2.5,1063
33.029999,38.439999,6.560000,5.350000,0.630000,85.190002,1.990000,4.810000,288.160004,57.049999,84620.898438,23.23,99.52,47.185711,PM2.5,1064
34.599998,42.139999,7.730000,7.080000,0.750000,82.849998,-0.040000,4.220000,287.820007,64.529999,85518.531250,23.23,99.66,49.428570,PM2.5,1065
36.250000,46.240002,8.970000,8.140000,0.860000,80.650002,-1.010000,3.180000,286.630005,71.610001,85247.070312,23.24,99.81,51.562500,PM2.5,1066
37.209999,51.040001,9.320000,7.770000,0.910000,76.949997,-2.040000,1.810000,286.140015,76.000000,86424.656250,23.25,99.95,52.762497,PM2.5,1067
36.680000,53.599998,8.980000,6.100000,0.920000,73.129997,-3.460000,3.990000,286.309998,78.050003,87900.078125,23.25,100.1,52.099998,PM2.5,1068
36.570000,55.419998,9.360000,6.980000,0.930000,73.010002,-1.900000,5.320000,284.709991,85.370003,86458.203125,23.26,100.25,52.709999,PM10,1069
35.259998,55.669998,9.420000,8.500000,0.950000,68.930000,-0.560000,4.180000,285.209991,82.309998,86920.937500,23.27,100.39,52.834999,PM10,1070
33.759998,54.290001,9.400000,10.430000,0.930000,65.500000,-1.090000,3.910000,286.410004,77.269997,88422.460938,23.27,100.54,52.145000,PM10,1071
33.270000,53.790001,8.850000,9.140000,0.880000,63.220001,-1.290000,2.970000,285.940002,78.129997,87715.289062,23.28,100.68,51.895000,PM10,1072
31.750000,52.810001,8.330000,7.940000,0.820000,61.419998,-1.480000,1.510000,286.390015,75.070000,88139.812500,23.28,100.83,51.404999,PM10,1073
31.379999,53.299999,8.360000,6.900000,0.750000,59.230000,-2.420000,2.530000,285.619995,76.360001,86991.273438,23.29,100.98,51.650002,PM10,1074
33.150002,56.450001,8.520000,5.740000,0.670000,57.240002,-3.070000,3.770000,283.350006,85.459999,85461.718750,23.29,101.12,53.224998,PM10,1075
33.500000,57.029999,8.290000,4.180000,0.580000,60.259998,-2.840000,4.430000,283.049988,86.190002,86455.476562,23.3,101.27,53.514999,PM10,1076
34.060001,57.180000,8.320000,3.690000,0.530000,62.919998,-2.600000,5.480000,282.320007,89.139999,86565.117188,23.3,101.42,53.590000,PM10,1077
33.560001,55.880001,8.090000,3.840000,0.500000,64.260002,-1.260000,4.960000,282.839996,87.559998,87397.656250,23.31,101.56,52.940002,PM10,1078
32.320000,52.840000,7.340000,3.750000,0.460000,64.500000,-0.940000,3.860000,283.940002,84.309998,87863.226562,23.31,101.71,51.419998,PM10,1079
32.619999,51.259998,7.180000,3.420000,0.430000,66.970001,-1.230000,5.430000,282.100006,92.129997,84115.843750,23.31,101.85,50.629997,PM10,1080
33.740002,51.680000,7.200000,4.150000,0.420000,64.949997,0.790000,6.380000,280.720001,97.980003,81492.476562,23.32,102.0,50.840000,PM10,1081
33.889999,51.480000,7.460000,4.170000,0.420000,63.049999,0.610000,6.520000,282.559998,87.779999,83778.273438,23.32,102.15,50.739998,PM10,1082
34.169998,50.820000,7.860000,4.620000,0.420000,61.970001,-3.120000,5.390000,283.850006,78.589996,86358.718750,23.33,102.29,50.410000,PM10,1083
35.419998,50.419998,7.900000,5.120000,0.410000,60.410000,-5.650000,5.290000,283.459991,77.169998,87610.843750,23.33,102.44,50.524998,PM2.5,1084
35.330002,48.299999,7.860000,5.520000,0.390000,60.020000,-6.180000,4.730000,282.260010,81.040001,87357.851562,23.33,102.59,50.412502,PM2.5,1085
33.480000,44.480000,7.730000,6.840000,0.370000,59.200001,-5.200000,3.920000,281.089996,86.480003,86161.828125,23.33,102.73,47.828571,PM2.5,1086
31.610001,42.310001,7.690000,8.050000,0.360000,56.990002,-3.940000,3.330000,281.260010,84.809998,85034.617188,23.34,102.88,45.157143,PM2.5,1087
32.740002,43.990002,8.580000,9.320000,0.380000,55.919998,-2.080000,4.760000,279.420013,91.370003,81661.539062,23.34,103.02,46.771431,PM2.5,1088
34.009998,46.439999,9.380000,11.240000,0.390000,50.150002,-0.740000,7.600000,278.260010,94.000000,80708.429688,23.34,103.17,48.585712,PM2.5,1089
33.169998,45.330002,9.660000,10.720000,0.400000,51.590000,-2.310000,7.480000,280.070007,84.029999,83523.203125,23.34,103.32,47.385712,PM2.5,1090
32.830002,44.509998,9.450000,10.030000,0.400000,51.680000,-3.730000,5.930000,279.890015,83.000000,83837.656250,23.35,103.46,46.900002,PM2.5,1091
32.639999,43.669998,7.970000,7.730000,0.400000,50.400002,-2.940000,5.090000,278.630005,88.430000,82879.273438,23.35,103.61,46.628571,PM2.5,1092
32.169998,43.250000,8.060000,8.330000,0.410000,49.680000,-0.970000,5.260000,278.149994,90.480003,81602.023438,23.35,103.76,45.957142,PM2.5,1093
32.230000,44.150002,9.430000,8.930000,0.440000,49.860001,1.590000,5.830000,278.109985,89.320000,80583.328125,23.35,103.9,46.042858,PM2.5,1094
32.349998,46.000000,11.050000,10.630000,0.500000,46.240002,1.030000,5.910000,279.640015,79.500000,83019.710938,23.35,104.05,46.214283,PM2.5,1095
32.189999,46.750000,11.270000,11.420000,0.530000,44.700001,-1.260000,4.890000,280.690002,73.320000,85193.656250,23.35,104.2,46.750000,PM10,1096
31.760000,46.639999,10.710000,10.980000,0.530000,46.480000,-1.460000,4.090000,280.649994,73.339996,85387.718750,23.36,104.34,46.639999,PM10,1097
31.170000,46.450001,10.460000,10.890000,0.540000,47.509998,-1.370000,3.040000,281.130005,71.629997,86287.250000,23.36,104.49,46.450001,PM10,1098
31.889999,47.200001,10.500000,9.420000,0.530000,48.580002,-2.230000,2.510000,281.410004,69.809998,86984.523438,23.36,104.63,47.200001,PM10,1099
33.560001,49.040001,10.900000,8.160000,0.520000,50.259998,-2.480000,2.600000,281.700012,67.739998,88246.593750,23.36,104.78,49.040001,PM10,1100
37.290001,52.860001,11.910000,7.760000,0.530000,52.169998,-1.680000,1.910000,282.410004,63.740002,89618.382812,23.36,104.93,52.862503,PM2.5,1101
43.070000,57.740002,12.990000,6.910000,0.520000,56.240002,-2.190000,2.220000,281.480011,64.110001,87736.117188,23.36,105.07,60.087502,PM2.5,1102
48.630001,61.720001,13.490000,5.780000,0.500000,61.570000,-3.100000,2.390000,280.260010,67.250000,86010.656250,23.36,105.22,67.037498,PM2.5,1103
50.790001,64.489998,14.630000,5.800000,0.510000,63.369999,-2.870000,1.260000,280.339996,66.220001,86485.000000,23.36,105.37,69.737503,PM2.5,1104
54.160000,68.860001,16.910000,5.980000,0.520000,63.669998,-2.310000,0.080000,280.929993,63.330002,87617.671875,23.36,105.51,73.949997,PM2.5,1105
56.619999,72.269997,18.379999,6.510000,0.530000,62.799999,-2.330000,-0.900000,281.779999,60.259998,89217.617188,23.36,105.66,77.025002,PM2.5,1106
31.370001,34.130001,5.440000,4.790000,0.540000,90.809998,0.300000,4.430000,290.529999,50.040001,88312.773438,23.33,98.92,44.814285,PM2.5,1178
31.320000,33.980000,5.890000,5.460000,0.610000,91.440002,0.630000,5.420000,290.220001,48.520000,86995.546875,23.34,99.07,44.742855,PM2.5,1179
32.520000,35.490002,6.310000,6.210000,0.650000,90.199997,1.830000,5.800000,287.450012,53.349998,83136.656250,23.35,99.22,46.457142,PM2.5,1180
34.340000,38.310001,6.980000,7.150000,0.720000,87.959999,1.620000,4.510000,286.869995,60.150002,83561.648438,23.35,99.36,49.057144,PM2.5,1181
35.470001,41.549999,7.730000,8.360000,0.820000,83.400002,-0.600000,2.960000,287.989990,62.070000,86376.320312,23.36,99.51,50.587502,PM2.5,1182
36.009998,43.740002,8.740000,9.090000,0.900000,82.059998,-1.860000,2.920000,288.029999,64.860001,86872.710938,23.37,99.65,51.262497,PM2.5,1183
37.790001,47.330002,9.790000,10.110000,0.980000,81.750000,-2.570000,2.940000,286.109985,73.050003,85044.343750,23.37,99.8,53.487503,PM2.5,1184
39.930000,52.500000,9.920000,10.000000,1.020000,76.879997,-2.870000,2.950000,284.160004,82.599998,83995.148438,23.38,99.95,56.162498,PM2.5,1185
39.500000,54.919998,9.810000,7.300000,0.990000,76.709999,-1.620000,3.480000,284.609985,85.129997,85751.531250,23.39,100.09,55.625000,PM2.5,1186
38.439999,56.020000,10.220000,8.070000,1.020000,75.230003,-0.740000,4.290000,285.279999,82.580002,86659.093750,23.39,100.24,54.299999,PM2.5,1187
37.709999,56.790001,10.310000,10.380000,1.040000,69.639999,-1.150000,3.650000,285.829987,79.739998,87609.296875,23.4,100.39,53.395000,PM10,1188
36.439999,55.400002,11.010000,11.710000,1.030000,68.769997,-1.130000,3.250000,286.309998,78.190002,88335.023438,23.41,100.53,52.700001,PM10,1189
34.540001,53.630001,9.450000,8.760000,0.930000,67.680000,-2.080000,3.450000,286.079987,76.959999,87596.679688,23.41,100.68,51.815002,PM10,1190
33.680000,53.049999,8.370000,6.570000,0.850000,65.830002,-2.970000,2.960000,285.100006,79.370003,86339.101562,23.42,100.82,51.525002,PM10,1191
34.419998,55.060001,8.260000,5.580000,0.760000,63.810001,-2.840000,2.440000,283.470001,85.110001,84788.679688,23.42,100.97,52.529999,PM10,1192
35.740002,57.939999,8.340000,5.080000,0.670000,61.310001,-2.650000,2.820000,282.170013,91.500000,84735.000000,23.43,101.12,53.970001,PM10,1193
34.779999,57.000000,8.160000,3.800000,0.560000,64.510002,-2.340000,3.900000,282.980011,87.230003,86633.218750,23.43,101.26,53.500000,PM10,1194
34.580002,56.529999,8.050000,3.340000,0.520000,65.209999,-2.950000,5.570000,283.350006,85.000000,87383.109375,23.44,101.41,53.264999,PM10,1195
34.959999,56.040001,8.100000,3.660000,0.500000,65.629997,-2.380000,5.540000,282.750000,89.379997,86782.187500,23.44,101.56,53.020000,PM10,1196
33.849998,52.430000,7.500000,3.640000,0.460000,68.059998,-0.000000,3.850000,282.239990,93.559998,85415.062500,23.44,101.7,51.215000,PM10,1197
32.959999,50.360001,7.250000,3.590000,0.440000,67.010002,1.530000,4.780000,282.100006,92.489998,83513.867188,23.45,101.85,50.180000,PM10,1198
31.320000,48.139999,7.240000,3.890000,0.430000,64.800003,-0.280000,4.860000,284.000000,81.260002,85202.031250,23.45,102.0,48.139999,PM10,1199
30.620001,47.169998,7.310000,3.990000,0.420000,62.959999,-4.400000,4.840000,285.929993,71.430000,88855.992188,23.46,102.14,47.169998,PM10,1200
32.730000,48.639999,7.570000,4.310000,0.420000,63.070000,-7.010000,4.510000,284.399994,74.959999,88216.109375,23.46,102.29,48.639999,PM10,1201
34.950001,49.480000,7.580000,4.680000,0.410000,61.740002,-6.400000,4.550000,281.790009,85.480003,85928.851562,23.46,102.44,49.928574,PM2.5,1202
34.470001,47.320000,7.460000,4.970000,0.390000,59.759998,-4.540000,4.670000,280.929993,88.980003,84825.460938,23.47,102.58,49.242859,PM2.5,1203
32.950001,44.520000,7.470000,6.070000,0.380000,57.360001,-3.150000,6.290000,280.359985,91.419998,83242.273438,23.47,102.73,47.071430,PM2.5,1204
31.410000,42.400002,7.380000,6.760000,0.370000,56.139999,-0.590000,7.450000,279.750000,93.099998,81152.828125,23.47,102.88,44.871429,PM2.5,1205
31.879999,43.040001,8.860000,8.570000,0.390000,56.959999,1.960000,7.650000,280.380005,87.510002,80800.343750,23.47,103.02,45.542854,PM2.5,1206
31.690001,43.970001,9.820000,10.120000,0.400000,51.580002,-0.000000,8.460000,282.600006,75.300003,84377.343750,23.48,103.17,45.271431,PM2.5,1207
31.490000,43.509998,10.100000,10.220000,0.400000,53.970001,-3.650000,7.840000,282.739990,73.730003,86001.242188,23.48,103.31,44.985714,PM2.5,1208
32.419998,43.959999,9.900000,9.710000,0.400000,53.580002,-3.490000,6.680000,279.700012,85.529999,82564.609375,23.48,103.46,46.314281,PM2.5,1209
32.570000,43.599998,7.870000,7.010000,0.400000,50.560001,-0.720000,6.590000,277.829987,92.160004,80620.203125,23.48,103.61,46.528572,PM2.5,1210
31.879999,43.220001,8.140000,7.430000,0.410000,50.230000,1.680000,7.830000,278.619995,89.019997,81071.593750,23.48,103.75,45.542854,PM2.5,1211
31.020000,43.480000,9.370000,8.050000,0.440000,48.480000,1.380000,6.540000,280.730011,78.129997,82905.953125,23.49,103.9,44.314285,PM2.5,1212
30.660000,44.720001,10.960000,9.340000,0.490000,46.610001,-1.100000,5.530000,281.760010,71.379997,85301.843750,23.49,104.05,44.720001,PM10,1213
30.930000,46.000000,11.040000,9.980000,0.510000,46.619999,-2.030000,4.820000,280.989990,73.300003,85364.203125,23.49,104.19,46.000000,PM10,1214
30.209999,46.450001,10.910000,11.010000,0.530000,47.110001,-1.660000,4.140000,280.510010,74.110001,85062.851562,23.49,104.34,46.450001,PM10,1215
28.850000,46.299999,10.390000,11.860000,0.550000,47.560001,-1.820000,3.310000,280.920013,72.980003,85911.250000,23.49,104.49,46.299999,PM10,1216
28.580000,47.389999,10.400000,11.870000,0.560000,47.610001,-2.380000,2.430000,281.070007,71.410004,86729.898438,23.49,104.63,47.389999,PM10,1217
31.299999,49.400002,10.840000,9.530000,0.540000,49.700001,-2.500000,2.260000,281.100006,69.699997,87480.203125,23.49,104.78,49.400002,PM10,1218
34.910000,53.130001,11.700000,8.270000,0.540000,51.720001,-1.690000,1.790000,281.010010,67.930000,87755.656250,23.49,104.93,51.565002,PM10,1219
39.259998,56.430000,12.620000,7.100000,0.530000,55.349998,-1.640000,1.790000,281.170013,64.900002,87585.851562,23.49,105.07,55.324997,PM2.5,1220
43.389999,59.759998,13.170000,6.150000,0.520000,59.950001,-2.710000,1.880000,280.859985,64.559998,86877.250000,23.49,105.22,60.487499,PM2.5,1221
47.639999,64.169998,14.380000,6.050000,0.520000,62.230000,-2.850000,1.620000,279.890015,67.440002,86039.523438,23.49,105.37,65.800003,PM2.5,1222
52.160000,68.879997,16.770000,6.320000,0.530000,63.549999,-2.210000,0.650000,280.329987,65.139999,87147.093750,23.49,105.51,71.449997,PM2.5,1223
54.439999,70.760002,18.650000,6.740000,0.530000,64.830002,-1.980000,-0.370000,281.600006,61.299999,89505.812500,23.49,105.66,74.299995,PM2.5,1224
31.700001,34.430000,5.710000,7.190000,0.650000,89.730003,0.940000,2.800000,291.029999,47.639999,89506.257812,23.47,98.92,45.285717,PM2.5,1300
32.369999,35.169998,6.730000,8.820000,0.770000,90.040001,1.410000,3.290000,291.619995,45.450001,89746.640625,23.47,99.06,46.242855,PM2.5,1301
33.099998,36.259998,7.250000,8.860000,0.800000,89.209999,1.250000,4.440000,290.109985,48.310001,86966.093750,23.48,99.21,47.285713,PM2.5,1302
35.240002,39.270000,8.030000,9.130000,0.860000,87.500000,-0.580000,4.370000,288.059998,58.770000,85539.531250,23.49,99.35,50.300003,PM2.5,1303
36.520000,42.150002,8.660000,9.830000,0.930000,83.570000,-2.270000,3.840000,287.100006,66.089996,85538.187500,23.5,99.5,51.900002,PM2.5,1304
37.250000,44.009998,9.640000,10.840000,0.980000,84.430000,-2.000000,3.060000,285.799988,71.779999,84181.851562,23.5,99.65,52.812500,PM2.5,1305
39.770000,48.959999,10.750000,13.060000,1.070000,81.150002,-1.770000,3.220000,284.950012,77.000000,84127.890625,23.51,99.79,55.962502,PM2.5,1306
41.290001,52.740002,10.870000,11.380000,1.090000,79.459999,-1.900000,4.820000,283.769989,82.150002,82903.976562,23.52,99.94,57.862503,PM2.5,1307
41.840000,55.830002,10.670000,9.340000,1.060000,79.360001,-1.030000,3.690000,283.359985,87.019997,83193.773438,23.52,100.09,58.549999,PM2.5,1308
40.810001,57.099998,10.740000,9.460000,1.100000,74.720001,-0.590000,2.430000,285.480011,81.709999,87056.820312,23.53,100.23,57.262501,PM2.5,1309
39.299999,56.669998,11.170000,11.080000,1.100000,73.870003,-0.900000,2.810000,286.470001,77.830002,88442.226562,23.53,100.38,55.375000,PM2.5,1310
38.680000,56.009998,11.740000,11.450000,1.080000,73.129997,-0.470000,3.040000,285.859985,80.089996,87527.593750,23.54,100.53,54.599998,PM2.5,1311
35.959999,53.529999,9.840000,8.270000,0.970000,71.669998,-1.100000,3.430000,286.179993,77.129997,87604.671875,23.55,100.67,51.764999,PM10,1312
34.959999,52.750000,8.560000,5.790000,0.880000,69.930000,-1.890000,4.850000,284.910004,79.449997,85439.320312,23.55,100.82,51.375000,PM10,1313
36.930000,56.200001,8.350000,4.940000,0.790000,67.709999,-1.970000,4.020000,282.250000,89.949997,82848.257812,23.56,100.97,53.099998,PM10,1314
37.880001,58.560001,8.270000,4.080000,0.670000,66.050003,-1.980000,2.960000,281.559998,94.629997,84213.921875,23.56,101.11,54.279999,PM10,1315
35.450001,55.889999,7.970000,2.820000,0.540000,69.180000,-1.330000,3.400000,283.109985,87.919998,86845.617188,23.57,101.26,52.945000,PM10,1316
33.639999,53.430000,7.850000,2.710000,0.500000,69.900002,-1.770000,4.840000,284.489990,81.360001,88347.859375,23.57,101.41,51.715000,PM10,1317
35.549999,55.180000,7.750000,3.290000,0.500000,67.059998,-2.090000,6.380000,283.089996,88.360001,86219.156250,23.57,101.55,52.590000,PM10,1318
34.849998,52.779999,7.580000,3.940000,0.470000,67.339996,0.410000,5.350000,281.089996,97.169998,82644.062500,23.58,101.7,51.389999,PM10,1319
31.090000,48.189999,7.410000,4.150000,0.460000,65.410004,0.190000,3.420000,283.950012,82.889999,85882.773438,23.58,101.85,48.189999,PM10,1320
28.100000,45.310001,7.170000,4.120000,0.450000,64.379997,-4.200000,3.030000,287.459991,67.370003,90772.648438,23.59,101.99,45.310001,PM10,1321
29.340000,44.980000,7.170000,3.770000,0.440000,65.709999,-6.510000,4.220000,285.619995,72.690002,88920.156250,23.59,102.14,44.980000,PM10,1322
32.840000,49.619999,7.390000,4.400000,0.450000,61.549999,-6.290000,4.450000,282.640015,82.750000,85889.398438,23.59,102.29,49.619999,PM10,1323
34.360001,49.980000,7.490000,4.730000,0.440000,59.340000,-4.840000,5.510000,280.989990,89.419998,84068.906250,23.6,102.43,49.980000,PM10,1324
33.950001,47.849998,7.600000,5.320000,0.420000,56.139999,-2.050000,5.570000,280.149994,92.809998,83025.320312,23.6,102.58,48.500000,PM2.5,1325
31.799999,45.060001,8.400000,7.190000,0.420000,52.849998,-0.020000,6.070000,281.660004,85.400002,84169.218750,23.6,102.73,45.428570,PM2.5,1326
29.990000,43.150002,8.910000,8.390000,0.420000,50.070000,0.890000,6.600000,283.200012,77.529999,84601.390625,23.61,102.87,43.150002,PM10,1327
30.690001,43.790001,10.490000,10.940000,0.430000,48.549999,0.420000,4.670000,283.200012,75.919998,84239.921875,23.61,103.02,43.842857,PM2.5,1328
30.520000,43.330002,10.650000,10.880000,0.420000,49.320000,-1.610000,5.220000,283.709991,72.059998,86231.046875,23.61,103.17,43.600002,PM2.5,1329
30.700001,42.889999,10.080000,9.120000,0.420000,54.480000,-2.250000,7.170000,283.040009,73.279999,85759.523438,23.61,103.31,43.857143,PM2.5,1330
31.450001,42.959999,9.720000,7.720000,0.400000,55.470001,-0.360000,8.340000,280.489990,82.180000,81441.781250,23.62,103.46,44.928574,PM2.5,1331
31.719999,42.919998,7.950000,5.660000,0.390000,53.459999,1.910000,7.650000,279.190002,87.239998,80611.492188,23.62,103.61,45.314285,PM2.5,1332
30.290001,42.279999,8.220000,6.070000,0.420000,50.200001,1.310000,6.150000,281.309998,77.779999,83695.093750,23.62,103.75,43.271431,PM2.5,1333
29.389999,42.860001,9.250000,6.830000,0.450000,48.000000,-1.200000,3.830000,282.910004,69.559998,86107.906250,23.62,103.9,42.860001,PM10,1334
29.700001,44.299999,10.120000,7.240000,0.480000,48.430000,-2.470000,4.430000,282.059998,70.790001,85945.773438,23.62,104.05,44.299999,PM10,1335
30.150000,46.009998,10.620000,7.850000,0.500000,48.230000,-2.110000,4.680000,280.570007,75.660004,84676.210938,23.62,104.19,46.009998,PM10,1336
29.139999,46.849998,10.820000,9.780000,0.530000,47.639999,-1.930000,4.410000,280.130005,76.220001,84483.312500,23.62,104.34,46.849998,PM10,1337
27.790001,48.299999,10.660000,12.190000,0.570000,46.669998,-2.170000,3.930000,279.950012,76.279999,84809.039062,23.62,104.49,48.299999,PM10,1338
27.490000,50.029999,10.290000,13.220000,0.600000,47.169998,-2.350000,3.160000,279.970001,75.360001,85532.218750,23.63,104.63,50.014999,PM10,1339
30.129999,50.959999,10.690000,10.050000,0.560000,50.040001,-2.260000,2.910000,280.119995,72.949997,86155.320312,23.63,104.78,50.480000,PM10,1340
33.400002,54.230000,11.280000,8.480000,0.560000,52.439999,-1.740000,2.480000,279.910004,71.660004,86082.320312,23.63,104.93,52.114998,PM10,1341
38.099998,57.410000,11.980000,6.770000,0.540000,55.950001,-1.690000,1.820000,280.079987,68.470001,86267.578125,23.63,105.07,53.875000,PM2.5,1342
42.380001,61.369999,12.590000,6.120000,0.530000,59.910000,-2.100000,1.860000,279.720001,68.209999,85771.867188,23.63,105.22,59.225002,PM2.5,1343
47.369999,66.879997,13.820000,6.210000,0.540000,61.740002,-2.370000,1.890000,279.480011,68.820000,85798.898438,23.63,105.37,65.462502,PM2.5,1344
51.500000,71.070000,16.030001,6.980000,0.550000,62.919998,-2.410000,0.960000,280.570007,64.529999,88134.046875,23.62,105.51,70.625000,PM2.5,1345
54.119999,72.669998,17.690001,7.670000,0.550000,63.880001,-2.150000,-0.420000,282.149994,59.549999,91010.421875,23.62,105.66,73.900002,PM2.5,1346
57.669998,74.699997,18.280001,8.330000,0.540000,62.639999,-1.610000,-1.350000,283.290009,56.200001,92903.828125,23.62,105.81,78.337494,PM2.5,1347
60.939999,77.269997,19.860001,10.260000,0.550000,58.490002,-1.570000,-1.350000,284.119995,53.790001,94363.593750,23.62,105.95,82.424995,PM2.5,1348
63.299999,79.760002,22.040001,12.740000,0.570000,55.139999,-2.680000,-0.990000,283.690002,53.049999,93391.117188,23.62,106.1,85.375000,PM2.5,1349
32.820000,36.009998,6.050000,8.390000,0.720000,88.419998,0.080000,1.220000,289.589996,50.270000,87553.320312,23.6,98.91,46.885715,PM2.5,1426
33.919998,37.160000,7.430000,10.570000,0.870000,89.809998,0.180000,0.630000,290.519989,48.259998,88949.796875,23.61,99.05,48.457142,PM2.5,1427
33.959999,37.360001,8.220000,10.720000,0.910000,89.059998,0.330000,1.360000,290.410004,49.360001,88841.328125,23.62,99.2,48.514286,PM2.5,1428
35.029999,39.020000,8.870000,10.350000,0.950000,88.260002,-0.120000,3.190000,289.040009,55.310001,87351.460938,23.62,99.35,50.037498,PM2.5,1429
34.849998,39.700001,9.100000,9.570000,0.960000,86.639999,-1.250000,4.570000,288.559998,58.080002,86560.421875,23.63,99.49,49.785713,PM2.5,1430
36.939999,43.000000,9.900000,9.850000,1.010000,87.180000,-1.430000,5.140000,285.589996,67.250000,82956.906250,23.64,99.64,52.424999,PM2.5,1431
40.669998,48.669998,11.520000,12.690000,1.100000,85.239998,-0.590000,4.190000,283.059998,79.540001,81077.843750,23.64,99.79,57.087498,PM2.5,1432
42.610001,52.900002,11.510000,13.060000,1.140000,81.550003,-0.440000,4.560000,283.380005,82.669998,82253.156250,23.65,99.93,59.512501,PM2.5,1433
43.480000,55.900002,11.100000,10.710000,1.120000,81.220001,-1.120000,3.870000,283.220001,86.209999,82743.812500,23.66,100.08,60.599998,PM2.5,1434
43.369999,57.810001,11.160000,10.190000,1.130000,78.500000,-0.680000,2.400000,284.279999,86.699997,85678.820312,23.66,100.23,60.462498,PM2.5,1435
41.619999,57.090000,11.320000,10.770000,1.140000,76.070000,0.190000,2.540000,285.959991,80.889999,87975.937500,23.67,100.37,58.274998,PM2.5,1436
41.119999,56.790001,11.660000,10.850000,1.140000,74.050003,0.140000,3.380000,285.260010,82.019997,86641.953125,23.67,100.52,57.649998,PM2.5,1437
38.220001,54.000000,10.180000,7.860000,1.020000,74.220001,0.180000,3.120000,285.399994,80.650002,86617.351562,23.68,100.67,54.025002,PM2.5,1438
35.759998,51.950001,8.670000,4.930000,0.920000,73.220001,-0.320000,4.550000,285.630005,76.959999,86197.476562,23.68,100.81,50.974998,PM10,1439
37.590000,55.290001,8.390000,4.060000,0.800000,71.260002,-2.090000,4.600000,283.220001,85.860001,83891.023438,23.69,100.96,53.237499,PM2.5,1440
39.320000,58.250000,8.210000,3.530000,0.680000,69.150002,-2.460000,4.150000,281.250000,95.559998,83612.500000,23.7,101.11,55.400002,PM2.5,1441
36.840000,55.529999,7.810000,2.330000,0.530000,71.440002,-1.090000,3.670000,282.600006,90.669998,85996.968750,23.7,101.25,52.764999,PM10,1442
34.160000,52.180000,7.630000,2.500000,0.500000,71.410004,-0.380000,3.420000,284.579987,83.040001,88397.992188,23.7,101.4,51.090000,PM10,1443
35.880001,54.110001,7.500000,3.330000,0.510000,66.949997,0.170000,5.980000,282.959991,89.300003,85336.062500,23.71,101.55,52.055000,PM10,1444
33.619999,50.889999,7.540000,4.390000,0.500000,65.500000,0.000000,4.660000,282.359985,90.839996,83731.218750,23.71,101.69,50.445000,PM10,1445
28.750000,46.099998,7.180000,4.800000,0.490000,62.910000,-1.950000,2.250000,286.549988,72.769997,89968.578125,23.72,101.84,46.099998,PM10,1446
26.700001,43.770000,6.960000,4.460000,0.470000,64.230003,-4.230000,4.160000,288.119995,65.449997,91434.976562,23.72,101.99,43.770000,PM10,1447
29.770000,45.259998,7.110000,3.950000,0.460000,65.680000,-4.760000,5.690000,283.670013,80.040001,85621.109375,23.72,102.13,45.259998,PM10,1448
33.049999,49.520000,7.620000,4.850000,0.480000,61.200001,-3.730000,4.830000,280.929993,89.989998,83462.976562,23.73,102.28,49.520000,PM10,1449
34.049999,51.049999,7.910000,5.810000,0.480000,55.410000,-2.990000,5.100000,280.989990,88.620003,83912.609375,23.73,102.43,50.525002,PM10,1450
33.810001,49.270000,8.340000,6.530000,0.470000,52.169998,-1.440000,5.280000,280.320007,90.980003,83009.429688,23.73,102.58,49.270000,PM10,1451
32.680000,48.110001,9.700000,8.880000,0.480000,47.720001,-0.060000,3.670000,281.250000,86.410004,84109.507812,23.74,102.72,48.110001,PM10,1452
31.570000,47.369999,10.720000,10.570000,0.490000,44.470001,-0.550000,2.250000,282.989990,77.629997,85770.640625,23.74,102.87,47.369999,PM10,1453
31.940001,47.060001,12.210000,12.680000,0.480000,44.660000,-1.490000,1.920000,282.549988,77.669998,85191.078125,23.74,103.02,47.060001,PM10,1454
31.850000,46.340000,12.400000,12.510000,0.460000,46.590000,-1.330000,3.940000,282.410004,77.010002,85302.453125,23.75,103.16,46.340000,PM10,1455
31.010000,44.490002,10.610000,8.650000,0.450000,51.490002,0.180000,5.930000,282.730011,74.750000,85221.289062,23.75,103.31,44.490002,PM10,1456
30.379999,42.900002,10.060000,7.020000,0.430000,53.470001,1.130000,7.210000,282.709991,72.410004,83629.976562,23.75,103.46,43.399998,PM2.5,1457
30.129999,42.180000,8.360000,4.840000,0.420000,52.759998,-0.310000,5.930000,282.320007,73.169998,83927.429688,23.75,103.6,43.042854,PM2.5,1458
29.990000,42.930000,8.560000,4.970000,0.430000,51.660000,-2.450000,3.350000,282.390015,72.400002,85549.742188,23.75,103.75,42.930000,PM10,1459
30.049999,43.869999,9.260000,5.120000,0.450000,52.549999,-2.880000,2.480000,282.010010,72.589996,85593.210938,23.76,103.9,43.869999,PM10,1460
30.430000,45.590000,9.720000,5.410000,0.480000,51.150002,-2.170000,3.540000,280.720001,76.709999,84652.156250,23.76,104.04,45.590000,PM10,1461
30.480000,47.060001,10.370000,5.970000,0.500000,50.490002,-1.380000,4.030000,280.119995,78.279999,84294.039062,23.76,104.19,47.060001,PM10,1462
29.410000,47.599998,10.680000,7.680000,0.520000,49.980000,-1.390000,4.380000,280.239990,76.360001,84572.562500,23.76,104.34,47.599998,PM10,1463
29.000000,49.950001,10.590000,9.670000,0.560000,48.340000,-1.870000,4.650000,279.670013,77.239998,84393.460938,23.76,104.49,49.950001,PM10,1464
29.469999,52.240002,10.390000,10.700000,0.590000,48.400002,-2.140000,4.220000,279.149994,78.010002,84498.906250,23.76,104.63,51.120003,PM10,1465
30.709999,52.459999,10.680000,8.650000,0.570000,51.040001,-2.050000,3.860000,279.130005,76.260002,84748.960938,23.76,104.78,51.230000,PM10,1466
32.330002,55.490002,11.180000,8.090000,0.580000,53.259998,-1.860000,3.680000,278.790009,75.820000,84344.601562,23.76,104.93,52.745003,PM10,1467
33.709999,59.470001,11.880000,8.320000,0.600000,56.599998,-1.380000,2.990000,279.029999,72.970001,84831.539062,23.76,105.07,54.735001,PM10,1468
37.360001,63.110001,12.830000,7.920000,0.600000,61.389999,-1.480000,1.840000,279.989990,67.639999,86256.250000,23.76,105.22,56.555000,PM10,1469
44.400002,70.089996,13.340000,7.710000,0.600000,61.180000,-2.410000,1.560000,280.730011,64.110001,88047.757812,23.76,105.37,61.750000,PM2.5,1470
49.189999,75.620003,14.900000,8.610000,0.610000,61.840000,-2.870000,1.400000,280.959991,62.610001,89105.828125,23.76,105.51,67.737495,PM2.5,1471
53.750000,76.779999,16.230000,8.760000,0.580000,61.849998,-2.770000,0.220000,281.260010,60.570000,89959.726562,23.76,105.66,73.437500,PM2.5,1472
56.619999,76.919998,17.520000,9.520000,0.560000,61.610001,-1.950000,-0.850000,282.640015,56.480000,92387.359375,23.76,105.81,77.025002,PM2.5,1473
58.090000,75.480003,19.570000,10.890000,0.550000,59.270000,-1.400000,-1.250000,284.489990,51.959999,95249.117188,23.76,105.96,78.862503,PM2.5,1474
59.779999,76.360001,21.860001,13.330000,0.560000,55.889999,-2.070000,-0.950000,284.679993,50.529999,95457.468750,23.76,106.1,80.974998,PM2.5,1475
35.490002,40.799999,6.450000,10.140000,0.810000,87.959999,-0.000000,2.800000,288.570007,51.680000,86034.570312,23.73,98.9,50.612503,PM2.5,1554
36.189999,41.259998,7.500000,11.660000,0.910000,88.800003,0.110000,2.080000,287.720001,53.090000,84646.203125,23.74,99.05,51.487499,PM2.5,1555
35.349998,39.750000,8.120000,11.610000,0.930000,89.570000,0.930000,1.780000,286.980011,57.000000,84044.429688,23.75,99.19,50.437500,PM2.5,1556
35.020000,39.169998,8.770000,10.850000,0.950000,88.730003,1.370000,2.360000,287.769989,57.049999,85650.757812,23.76,99.34,50.025002,PM2.5,1557
34.090000,38.549999,8.820000,9.460000,0.950000,87.500000,1.070000,3.260000,288.420013,55.939999,86648.648438,23.76,99.49,48.700001,PM2.5,1558
35.430000,41.270000,9.570000,9.700000,1.000000,86.209999,0.320000,6.270000,287.829987,56.759998,85195.757812,23.77,99.63,50.537498,PM2.5,1559
38.709999,45.880001,11.000000,10.470000,1.060000,87.809998,-0.060000,6.150000,284.579987,68.959999,81670.226562,23.78,99.78,54.637497,PM2.5,1560
41.450001,50.130001,11.310000,11.090000,1.080000,85.510002,0.040000,4.910000,282.549988,80.980003,80376.796875,23.78,99.93,58.062500,PM2.5,1561
44.689999,55.689999,12.080000,12.210000,1.160000,80.269997,-0.630000,4.860000,282.130005,87.879997,81044.921875,23.79,100.07,62.112499,PM2.5,1562
44.790001,57.610001,11.770000,11.060000,1.150000,79.660004,-0.310000,3.840000,282.579987,90.750000,82874.789062,23.8,100.22,62.237503,PM2.5,1563
42.759998,56.630001,11.270000,9.920000,1.130000,79.029999,0.820000,3.680000,284.700012,85.339996,86164.187500,23.8,100.37,59.699997,PM2.5,1564
41.799999,55.650002,11.580000,9.650000,1.130000,77.349998,0.610000,4.000000,284.760010,83.639999,85799.382812,23.81,100.51,58.500000,PM2.5,1565
39.509998,53.580002,10.280000,7.320000,1.030000,76.129997,0.250000,3.510000,284.720001,82.900002,85546.601562,23.81,100.66,55.637497,PM2.5,1566
37.169998,51.910000,8.810000,5.190000,0.940000,74.470001,-0.030000,3.400000,285.290009,79.389999,86283.632812,23.82,100.81,52.712498,PM2.5,1567
37.939999,53.939999,8.380000,3.830000,0.810000,73.410004,-1.470000,4.160000,283.649994,84.209999,84516.773438,23.82,100.95,53.674999,PM2.5,1568
39.669998,56.880001,8.160000,3.320000,0.690000,71.209999,-2.480000,5.200000,281.589996,94.139999,83691.617188,23.83,101.1,55.837498,PM2.5,1569
37.650002,54.630001,7.670000,2.330000,0.530000,72.430000,-1.800000,4.450000,282.450012,92.050003,85698.250000,23.83,101.25,53.312500,PM2.5,1570
35.860001,51.950001,7.380000,2.440000,0.500000,72.290001,0.370000,3.260000,283.040009,90.980003,86548.468750,23.84,101.4,51.075001,PM2.5,1571
35.709999,52.470001,7.470000,3.710000,0.520000,67.180000,1.020000,4.850000,282.350006,92.570000,84481.093750,23.84,101.54,51.235001,PM10,1572
32.349998,49.130001,7.290000,4.570000,0.510000,64.989998,-1.540000,2.870000,284.000000,84.699997,86846.500000,23.85,101.69,49.130001,PM10,1573
29.680000,46.240002,6.850000,4.530000,0.490000,63.259998,-2.250000,2.210000,285.769989,75.989998,89581.921875,23.85,101.84,46.240002,PM10,1574
28.639999,45.270000,6.730000,4.640000,0.480000,62.189999,-1.430000,4.920000,285.179993,76.209999,87690.679688,23.86,101.98,45.270000,PM10,1575
29.400000,45.459999,6.920000,4.670000,0.480000,61.310001,-3.280000,6.480000,284.420013,75.970001,85981.906250,23.86,102.13,45.459999,PM10,1576
32.459999,49.150002,7.280000,4.960000,0.490000,57.689999,-4.370000,6.140000,282.070007,84.769997,84006.343750,23.86,102.28,49.150002,PM10,1577
34.410000,51.619999,7.800000,6.210000,0.500000,51.099998,-2.310000,5.280000,279.959991,93.800003,82108.570312,23.87,102.42,50.809998,PM10,1578
34.500000,50.880001,8.740000,8.300000,0.500000,46.930000,-0.650000,4.730000,279.619995,93.800003,82066.492188,23.87,102.57,50.440002,PM10,1579
33.930000,50.139999,10.310000,10.930000,0.500000,43.270000,-0.940000,2.920000,280.709991,87.690002,83686.562500,23.87,102.72,50.070000,PM10,1580
33.389999,49.759998,11.600000,12.330000,0.500000,41.369999,-1.410000,1.310000,281.299988,83.150002,84414.382812,23.88,102.87,49.759998,PM10,1581
33.049999,48.740002,14.080000,16.350000,0.490000,42.119999,-1.150000,1.870000,281.440002,81.519997,84649.781250,23.88,103.01,48.740002,PM10,1582
32.340000,47.560001,14.340000,16.299999,0.480000,44.320000,-0.640000,3.150000,282.160004,77.169998,85362.351562,23.88,103.16,47.560001,PM10,1583
31.340000,46.299999,10.760000,10.100000,0.480000,46.759998,0.340000,3.040000,282.769989,73.680000,85645.351562,23.88,103.31,46.299999,PM10,1584
29.620001,43.529999,9.580000,7.340000,0.450000,50.580002,-0.120000,2.920000,284.589996,64.980003,86851.171875,23.88,103.45,43.529999,PM10,1585
28.870001,41.720001,8.370000,5.290000,0.430000,52.349998,-2.980000,3.800000,284.510010,64.010002,87019.429688,23.89,103.6,41.720001,PM10,1586
29.969999,43.529999,8.270000,4.720000,0.450000,53.849998,-4.020000,3.470000,281.890015,73.300003,84691.492188,23.89,103.75,43.529999,PM10,1587
30.730000,45.639999,8.700000,4.930000,0.470000,51.250000,-2.620000,2.990000,279.640015,81.919998,82836.421875,23.89,103.9,45.639999,PM10,1588
31.190001,48.040001,9.530000,5.420000,0.500000,49.869999,-1.330000,3.450000,278.829987,84.879997,82795.843750,23.89,104.04,48.040001,PM10,1589
30.610001,48.320000,9.790000,5.570000,0.510000,50.820000,-0.650000,3.490000,279.670013,80.830002,84033.937500,23.89,104.19,48.320000,PM10,1590
29.209999,48.220001,10.030000,6.830000,0.530000,50.750000,-0.730000,3.750000,280.529999,75.959999,85124.570312,23.89,104.34,48.220001,PM10,1591
29.280001,50.779999,10.220000,8.160000,0.570000,49.060001,-1.470000,4.360000,280.220001,75.070000,85041.453125,23.89,104.48,50.389999,PM10,1592
30.320000,53.279999,10.350000,8.970000,0.590000,49.360001,-2.020000,4.410000,279.470001,76.190002,84787.570312,23.89,104.63,51.639999,PM10,1593
30.780001,53.840000,10.600000,7.950000,0.580000,51.669998,-1.750000,3.780000,279.709991,73.739998,85377.843750,23.89,104.78,51.919998,PM10,1594
31.459999,57.279999,11.130000,8.260000,0.620000,53.570000,-1.750000,3.380000,280.200012,69.879997,85966.148438,23.89,104.93,53.639999,PM10,1595
32.470001,65.029999,11.880000,10.170000,0.690000,55.080002,-2.570000,2.790000,280.170013,68.610001,86340.093750,23.89,105.07,57.514999,PM10,1596
36.619999,71.980003,12.620000,10.680000,0.720000,57.150002,-2.900000,0.890000,280.290009,66.239998,87661.476562,23.89,105.22,60.990002,PM10,1597
42.110001,74.169998,13.610000,9.610000,0.670000,60.549999,-2.480000,0.370000,281.720001,60.480000,90234.273438,23.89,105.37,62.084999,PM10,1598
46.040001,78.430000,15.450000,10.210000,0.670000,63.630001,-2.640000,0.880000,282.109985,58.270000,90893.156250,23.89,105.52,64.214996,PM10,1599
51.619999,81.320000,17.059999,10.790000,0.640000,63.189999,-2.980000,0.830000,281.200012,60.040001,90029.406250,23.89,105.66,70.775002,PM2.5,1600
55.400002,82.269997,19.280001,12.920000,0.620000,60.840000,-2.180000,0.170000,282.190002,57.200001,91930.828125,23.89,105.81,75.500000,PM2.5,1601
56.849998,76.570000,21.450001,13.430000,0.570000,58.570000,-1.560000,-0.340000,284.329987,51.480000,95168.781250,23.89,105.96,77.312500,PM2.5,1602
58.430000,75.150002,23.650000,16.250000,0.570000,54.130001,-1.830000,-0.380000,285.239990,49.110001,96795.351562,23.89,106.1,79.287498,PM2.5,1603
34.330002,40.090000,5.650000,7.410000,0.630000,86.400002,0.760000,2.910000,288.450012,52.580002,85923.382812,23.86,98.74,49.042858,PM2.5,1683
37.560001,44.970001,6.670000,10.960000,0.850000,87.349998,0.660000,3.810000,288.529999,51.200001,86055.296875,23.87,98.89,53.200001,PM2.5,1684
38.560001,46.330002,7.420000,13.040000,0.960000,88.959999,0.270000,3.970000,287.799988,51.680000,84739.242188,23.88,99.04,54.450001,PM2.5,1685
37.849998,44.400002,7.660000,12.440000,0.970000,87.699997,1.540000,4.900000,285.149994,59.900002,81638.867188,23.88,99.18,53.562500,PM2.5,1686
36.200001,41.400002,7.860000,10.520000,0.940000,88.080002,2.290000,5.030000,285.089996,61.740002,81812.578125,23.89,99.33,51.500000,PM2.5,1687
34.130001,38.430000,7.760000,8.860000,0.910000,88.680000,2.220000,3.830000,285.600006,61.259998,82529.429688,23.9,99.48,48.757145,PM2.5,1688
34.480000,39.480000,8.640000,8.650000,0.950000,87.629997,2.380000,4.650000,287.049988,58.060001,84647.968750,23.91,99.63,49.257141,PM2.5,1689
35.110001,41.009998,9.700000,8.890000,0.980000,88.459999,1.620000,5.640000,287.679993,56.669998,85064.179688,23.91,99.77,50.137501,PM2.5,1690
38.419998,45.770000,10.540000,9.160000,1.030000,87.309998,0.700000,6.580000,285.130005,66.330002,82227.273438,23.92,99.92,54.274998,PM2.5,1691
43.900002,53.259998,12.640000,11.920000,1.150000,81.099998,0.270000,7.100000,282.250000,82.660004,80210.726562,23.92,100.07,61.125000,PM2.5,1692
44.939999,55.849998,12.060000,11.070000,1.140000,81.059998,0.670000,5.560000,281.350006,91.000000,80207.031250,23.93,100.21,62.424999,PM2.5,1693
43.540001,55.700001,10.900000,8.920000,1.130000,78.309998,1.460000,5.420000,283.839996,86.150002,84535.078125,23.94,100.36,60.675003,PM2.5,1694
41.900002,54.160000,11.070000,8.180000,1.110000,78.889999,0.890000,4.730000,284.829987,82.629997,85686.546875,23.94,100.51,58.625000,PM2.5,1695
40.500000,53.200001,9.780000,6.170000,1.030000,75.639999,-0.160000,4.490000,284.239990,83.709999,84749.570312,23.95,100.65,56.875000,PM2.5,1696
39.040001,52.520000,8.710000,4.950000,0.960000,74.169998,-0.230000,3.990000,284.179993,83.260002,85018.968750,23.95,100.8,55.050003,PM2.5,1697
39.259998,53.939999,8.430000,4.050000,0.830000,74.449997,-1.050000,3.950000,282.660004,88.730003,83455.781250,23.96,100.95,55.324997,PM2.5,1698
39.200001,54.639999,8.090000,3.270000,0.690000,72.970001,-2.830000,4.790000,282.540009,90.669998,84905.718750,23.96,101.1,55.250000,PM2.5,1699
37.720001,52.779999,7.510000,2.200000,0.530000,74.370003,-2.550000,5.100000,282.660004,90.849998,85475.843750,23.97,101.24,53.400002,PM2.5,1700
37.090000,51.740002,7.200000,2.520000,0.500000,71.540001,1.050000,5.430000,280.950012,96.320000,82546.460938,23.97,101.39,52.612499,PM2.5,1701
35.150002,50.880001,7.310000,4.140000,0.530000,66.300003,0.830000,5.140000,282.179993,93.010002,84167.937500,23.98,101.54,50.440002,PM10,1702
31.959999,47.970001,7.050000,4.880000,0.520000,63.650002,-3.100000,4.260000,284.470001,82.620003,87703.929688,23.98,101.68,47.970001,PM10,1703
30.959999,45.910000,6.710000,4.380000,0.490000,64.849998,-2.310000,5.180000,282.609985,88.410004,84590.523438,23.99,101.83,45.910000,PM10,1704
30.740000,46.990002,6.690000,5.170000,0.500000,59.840000,-0.090000,5.630000,281.850006,89.760002,83386.312500,23.99,101.98,46.990002,PM10,1705
28.959999,45.169998,6.810000,5.750000,0.500000,57.779999,-1.620000,5.190000,284.739990,75.379997,86498.023438,23.99,102.13,45.169998,PM10,1706
30.879999,47.139999,7.070000,5.530000,0.500000,56.730000,-2.920000,6.810000,283.450012,79.129997,84714.578125,24.0,102.27,47.139999,PM10,1707
34.099998,51.259998,7.770000,6.900000,0.520000,49.320000,-1.410000,6.950000,280.149994,92.519997,81301.156250,24.0,102.42,50.629997,PM10,1708
34.959999,52.020000,8.870000,9.930000,0.540000,43.840000,-1.090000,4.980000,279.500000,93.650002,81857.210938,24.0,102.57,51.010002,PM10,1709
34.520000,51.119999,9.900000,12.140000,0.540000,42.970001,-2.200000,3.110000,280.440002,87.949997,83475.843750,24.01,102.72,50.559998,PM10,1710
34.389999,51.099998,10.840000,13.670000,0.540000,41.290001,-1.930000,1.890000,279.929993,88.800003,83018.726562,24.01,102.86,50.549999,PM10,1711
34.070000,50.590000,13.010000,17.830000,0.530000,40.910000,-0.450000,1.580000,280.609985,85.010002,84244.062500,24.01,103.01,50.294998,PM10,1712
32.470001,48.820000,12.560000,16.190001,0.520000,42.799999,-0.030000,1.550000,282.260010,76.680000,86016.437500,24.01,103.16,48.820000,PM10,1713
32.849998,50.549999,10.570000,11.490000,0.540000,42.900002,-0.230000,0.980000,282.010010,75.650002,85500.609375,24.02,103.31,50.275002,PM10,1714
30.790001,48.220001,9.710000,8.640000,0.520000,46.580002,-0.450000,0.450000,283.859985,67.239998,87363.750000,24.02,103.45,48.220001,PM10,1715
28.530001,44.369999,8.580000,6.420000,0.490000,50.930000,-1.730000,2.360000,284.779999,63.110001,87732.468750,24.02,103.6,44.369999,PM10,1716
29.650000,45.599998,8.400000,5.370000,0.490000,52.709999,-2.200000,3.860000,281.309998,74.919998,83200.093750,24.02,103.75,45.599998,PM10,1717
31.100000,49.320000,8.890000,5.590000,0.530000,50.540001,-1.160000,3.450000,278.160004,88.000000,80615.171875,24.02,103.89,49.320000,PM10,1718
30.680000,50.320000,9.320000,5.800000,0.550000,49.810001,-0.670000,3.070000,278.459991,86.169998,82234.187500,24.03,104.04,50.160000,PM10,1719
30.059999,49.380001,9.520000,5.630000,0.540000,51.750000,-0.760000,3.250000,279.980011,79.800003,84425.242188,24.03,104.19,49.380001,PM10,1720
28.620001,49.759998,9.670000,6.650000,0.570000,51.029999,-0.700000,3.090000,280.529999,76.010002,85324.023438,24.03,104.34,49.759998,PM10,1721
28.370001,52.730000,9.980000,8.170000,0.620000,49.330002,-1.250000,3.310000,280.720001,73.769997,85830.460938,24.03,104.48,51.364998,PM10,1722
29.230000,55.939999,10.300000,9.130000,0.650000,48.680000,-2.090000,3.760000,280.190002,73.120003,85670.031250,24.03,104.63,52.970001,PM10,1723
29.459999,58.980000,10.740000,9.720000,0.690000,49.580002,-2.080000,3.000000,280.010010,72.440002,85902.140625,24.03,104.78,54.489998,PM10,1724
30.570000,62.540001,11.390000,9.980000,0.720000,50.810001,-2.520000,1.880000,280.809998,66.750000,87223.132812,24.03,104.93,56.270000,PM10,1725
33.830002,67.580002,12.170000,10.080000,0.730000,53.110001,-3.810000,1.670000,280.529999,65.540001,87618.437500,24.03,105.07,58.790001,PM10,1726
37.189999,73.449997,12.780000,10.660000,0.750000,55.660000,-3.590000,0.980000,279.929993,66.010002,88097.843750,24.03,105.22,61.724998,PM10,1727
39.279999,74.690002,14.090000,10.720000,0.730000,60.990002,-2.340000,0.090000,281.820007,59.380001,91097.343750,24.03,105.37,62.345001,PM10,1728
42.200001,81.570000,15.380000,12.560000,0.760000,61.869999,-2.140000,0.050000,283.049988,55.340000,92922.812500,24.03,105.52,65.785004,PM10,1729
47.250000,85.070000,16.879999,14.270000,0.740000,61.750000,-2.770000,0.430000,282.410004,56.240002,91946.898438,24.03,105.66,67.535004,PM10,1730
53.340000,92.099998,19.020000,18.750000,0.740000,58.470001,-2.180000,0.500000,282.630005,55.560001,92833.828125,24.03,105.81,72.925003,PM2.5,1731
57.549999,85.320000,20.420000,16.670000,0.640000,57.389999,-1.400000,0.310000,284.429993,50.930000,95470.468750,24.03,105.96,78.187500,PM2.5,1732
29.410000,32.709999,4.010000,2.790000,0.420000,88.500000,1.630000,-0.150000,290.570007,47.419998,89896.570312,23.93,97.56,42.014286,PM2.5,1816
32.889999,37.480000,4.510000,4.540000,0.520000,85.389999,1.460000,-0.640000,291.320007,46.400002,91526.539062,23.94,97.71,46.985714,PM2.5,1817
38.209999,47.259998,6.540000,11.640000,0.840000,85.660004,0.990000,3.160000,288.549988,50.759998,86182.781250,24.0,98.88,54.012497,PM2.5,1818
38.759998,48.189999,7.100000,13.120000,0.930000,87.440002,1.260000,4.240000,287.220001,52.430000,83910.609375,24.01,99.03,54.699997,PM2.5,1819
39.070000,47.849998,7.620000,13.570000,0.990000,86.580002,3.330000,6.180000,284.880005,58.060001,80938.679688,24.02,99.18,55.087502,PM2.5,1820
36.619999,43.380001,7.690000,11.400000,0.960000,87.339996,3.400000,7.080000,286.380005,55.290001,82778.226562,24.03,99.32,52.024998,PM2.5,1821
33.930000,39.070000,7.460000,9.480000,0.920000,87.250000,1.950000,6.320000,286.649994,54.740002,82950.406250,24.03,99.47,48.471428,PM2.5,1822
34.310001,39.200001,7.950000,8.520000,0.920000,88.269997,2.650000,4.440000,284.670013,61.830002,81004.906250,24.04,99.62,49.014286,PM2.5,1823
34.340000,39.599998,8.770000,8.680000,0.950000,88.769997,3.430000,3.740000,286.730011,57.439999,83962.203125,24.05,99.76,49.057144,PM2.5,1824
35.650002,41.910000,9.880000,8.860000,0.990000,86.989998,1.940000,5.580000,288.320007,55.200001,86144.789062,24.05,99.91,50.812500,PM2.5,1825
40.080002,48.060001,11.300000,9.890000,1.080000,82.089996,0.920000,8.000000,285.679993,65.220001,83196.546875,24.06,100.06,56.350002,PM2.5,1826
42.439999,51.330002,11.120000,8.900000,1.080000,82.629997,0.990000,6.620000,282.130005,83.099998,80009.171875,24.07,100.21,59.299999,PM2.5,1827
42.830002,53.500000,10.290000,7.180000,1.080000,79.160004,1.060000,6.380000,283.369995,85.550003,83168.468750,24.07,100.35,59.787502,PM2.5,1828
41.430000,52.590000,10.290000,7.300000,1.080000,77.970001,0.790000,5.740000,285.220001,80.050003,85928.750000,24.08,100.5,58.037498,PM2.5,1829
40.000000,51.290001,9.360000,5.320000,0.990000,77.760002,0.020000,4.970000,284.380005,82.209999,84644.351562,24.08,100.65,56.250000,PM2.5,1830
39.290001,51.470001,8.680000,4.580000,0.950000,76.820000,-0.160000,4.080000,283.929993,83.489998,84494.656250,24.09,100.8,55.362503,PM2.5,1831
39.919998,53.439999,8.380000,4.060000,0.840000,74.959999,-1.660000,3.640000,282.670013,89.339996,83773.828125,24.09,100.94,56.149998,PM2.5,1832
39.650002,53.680000,8.060000,3.180000,0.700000,74.599998,-2.950000,4.140000,282.829987,90.559998,85583.906250,24.1,101.09,55.812500,PM2.5,1833
37.720001,50.970001,7.220000,2.070000,0.520000,74.599998,-0.840000,5.450000,281.820007,93.510002,83689.726562,24.1,101.24,53.400002,PM2.5,1834
37.310001,50.509998,7.090000,2.470000,0.510000,71.769997,1.940000,7.360000,280.440002,95.839996,80659.976562,24.11,101.39,52.887501,PM2.5,1835
33.779999,48.730000,7.030000,4.310000,0.540000,64.320000,0.240000,6.330000,283.619995,85.620003,85647.367188,24.11,101.53,48.730000,PM10,1836
31.360001,46.480000,6.890000,5.000000,0.530000,63.060001,-1.970000,7.360000,284.450012,81.349998,86947.406250,24.12,101.68,46.480000,PM10,1837
30.900000,45.529999,6.770000,4.790000,0.510000,63.389999,-1.270000,8.780000,282.579987,85.650002,83112.937500,24.12,101.83,45.529999,PM10,1838
30.709999,46.540001,6.730000,5.680000,0.520000,58.480000,-1.390000,7.000000,281.989990,87.739998,83080.250000,24.12,101.98,46.540001,PM10,1839
29.900000,45.849998,6.750000,6.530000,0.530000,57.320000,-1.140000,5.020000,282.970001,83.209999,84482.882812,24.13,102.12,45.849998,PM10,1840
30.040001,44.919998,7.060000,6.360000,0.520000,57.630001,-0.250000,5.960000,282.640015,83.070000,83477.218750,24.13,102.27,44.919998,PM10,1841
33.130001,50.169998,7.730000,8.150000,0.550000,47.669998,-0.490000,7.290000,280.989990,87.769997,81687.007812,24.14,102.42,50.084999,PM10,1842
34.830002,52.520000,8.660000,11.050000,0.580000,41.820000,-1.710000,6.010000,279.779999,92.000000,81622.828125,24.14,102.57,51.260002,PM10,1843
34.709999,51.950001,9.320000,13.270000,0.580000,40.610001,-2.390000,4.930000,279.760010,91.720001,81967.578125,24.14,102.71,50.974998,PM10,1844
34.939999,52.599998,9.970000,15.390000,0.600000,37.910000,-1.560000,3.870000,278.519989,96.470001,80580.921875,24.14,102.86,51.299999,PM10,1845
34.590000,52.650002,10.780000,16.879999,0.590000,40.520000,-0.040000,2.820000,278.600006,93.860001,81517.382812,24.15,103.01,51.325001,PM10,1846
32.810001,51.650002,10.200000,13.770000,0.580000,45.970001,0.250000,1.760000,280.970001,81.120003,84773.656250,24.15,103.16,50.825001,PM10,1847
31.190001,51.090000,10.110000,10.630000,0.590000,49.040001,-0.920000,1.230000,281.559998,76.559998,85215.960938,24.15,103.3,50.544998,PM10,1848
30.420000,51.770000,9.780000,9.680000,0.610000,46.130001,-2.140000,0.570000,281.910004,73.470001,85784.179688,24.15,103.45,50.885002,PM10,1849
28.080000,48.709999,9.230000,7.790000,0.600000,49.189999,-2.420000,0.810000,282.529999,70.139999,86110.140625,24.16,103.6,48.709999,PM10,1850
27.990000,48.889999,9.130000,6.460000,0.600000,52.599998,-2.120000,2.080000,280.609985,76.110001,83278.406250,24.16,103.75,48.889999,PM10,1851
28.940001,52.830002,9.600000,6.960000,0.660000,50.080002,-1.730000,1.400000,278.309998,85.459999,81671.992188,24.16,103.89,51.415001,PM10,1852
29.760000,55.860001,10.240000,7.120000,0.690000,51.290001,-1.100000,0.410000,279.209991,81.330002,83867.562500,24.16,104.04,52.930000,PM10,1853
29.379999,51.730000,9.720000,6.350000,0.620000,52.700001,-0.980000,2.400000,280.510010,76.669998,85146.093750,24.16,104.19,50.864998,PM10,1854
28.290001,51.439999,9.560000,6.710000,0.620000,51.520000,-1.200000,2.960000,280.209991,76.599998,85046.468750,24.16,104.34,50.720001,PM10,1855
27.780001,55.349998,9.970000,8.480000,0.690000,48.310001,-1.520000,2.270000,280.829987,72.769997,86170.421875,24.16,104.48,52.674999,PM10,1856
28.000000,59.330002,10.400000,9.870000,0.740000,45.599998,-2.220000,2.380000,280.769989,70.309998,86435.367188,24.16,104.63,54.665001,PM10,1857
28.740000,65.199997,11.140000,11.340000,0.820000,44.830002,-3.000000,2.050000,280.010010,70.709999,86132.421875,24.16,104.78,57.599998,PM10,1858
29.870001,67.529999,12.030000,11.320000,0.830000,46.880001,-3.340000,1.290000,280.260010,66.709999,87367.773438,24.16,104.93,58.764999,PM10,1859
32.119999,66.410004,13.010000,10.220000,0.780000,52.669998,-3.520000,1.170000,280.890015,62.630001,88885.093750,24.16,105.07,58.205002,PM10,1860
35.560001,41.599998,5.010000,6.500000,0.600000,82.879997,1.470000,-1.200000,290.220001,47.810001,89372.289062,24.07,97.7,50.700001,PM2.5,1950
41.330002,51.590000,5.820000,9.870000,0.760000,80.129997,1.120000,-0.450000,290.029999,49.349998,89939.843750,24.08,97.84,57.912502,PM2.5,1951
43.110001,56.570000,6.020000,10.650000,0.820000,80.099998,0.770000,1.170000,289.649994,50.840000,89265.718750,24.09,97.99,60.137501,PM2.5,1952
41.349998,54.000000,5.910000,9.630000,0.750000,81.580002,0.710000,1.950000,289.739990,50.869999,89095.710938,24.1,98.14,57.937500,PM2.5,1953
37.549999,47.700001,5.770000,9.710000,0.730000,80.809998,1.280000,0.910000,288.190002,51.119999,85595.976562,24.12,98.58,53.187500,PM2.5,1954
37.770000,48.480000,5.900000,10.680000,0.760000,81.699997,2.460000,0.800000,288.119995,50.360001,85314.789062,24.13,98.73,53.462502,PM2.5,1955
38.619999,49.910000,6.600000,12.850000,0.890000,84.699997,3.410000,4.620000,287.359985,51.389999,83765.906250,24.15,99.02,54.524998,PM2.5,1956
38.970001,50.099998,7.020000,13.690000,0.970000,84.279999,4.580000,5.500000,286.950012,51.459999,82682.171875,24.15,99.17,54.962502,PM2.5,1957
36.330002,45.090000,7.280000,11.290000,0.930000,88.480003,3.750000,5.320000,288.660004,48.540001,84916.656250,24.16,99.32,51.662502,PM2.5,1958
33.779999,41.009998,7.060000,9.710000,0.910000,87.559998,2.000000,6.250000,289.769989,45.290001,86315.953125,24.17,99.46,48.257141,PM2.5,1959
34.099998,40.360001,7.430000,8.540000,0.900000,89.690002,2.620000,6.040000,285.989990,53.779999,81628.617188,24.17,99.61,48.714283,PM2.5,1960
34.820000,40.910000,7.990000,8.310000,0.920000,90.339996,3.540000,4.130000,284.170013,61.189999,79968.726562,24.18,99.76,49.742855,PM2.5,1961
35.389999,41.480000,8.690000,8.070000,0.940000,88.510002,2.690000,3.970000,286.339996,59.029999,83740.390625,24.19,99.91,50.487499,PM2.5,1962
37.599998,44.520000,9.620000,8.000000,1.000000,83.129997,2.010000,6.720000,286.899994,59.730000,84632.781250,24.19,100.05,53.250000,PM2.5,1963
40.369999,48.150002,9.880000,7.190000,1.020000,82.730003,1.840000,7.580000,283.549988,72.120003,80753.882812,24.2,100.2,56.712498,PM2.5,1964
42.619999,51.779999,9.590000,6.670000,1.060000,79.029999,1.170000,7.730000,282.459991,84.000000,81025.398438,24.21,100.35,59.524998,PM2.5,1965
41.369999,51.169998,9.500000,5.860000,1.050000,78.870003,0.110000,6.620000,285.250000,78.889999,85613.351562,24.21,100.5,57.962498,PM2.5,1966
40.290001,50.279999,8.690000,4.620000,0.970000,77.550003,-0.180000,5.100000,284.329987,82.010002,84541.679688,24.22,100.64,56.612503,PM2.5,1967
40.770000,51.669998,8.540000,4.620000,0.960000,77.889999,-0.300000,3.840000,282.660004,88.540001,82892.312500,24.22,100.79,57.212502,PM2.5,1968
40.380001,52.070000,8.200000,3.700000,0.830000,77.269997,-2.360000,3.310000,283.070007,89.169998,84883.046875,24.23,100.94,56.725002,PM2.5,1969
39.480000,51.049999,7.710000,2.940000,0.680000,77.320000,-2.670000,5.130000,282.320007,91.730003,84322.187500,24.23,101.09,55.599998,PM2.5,1970
38.209999,49.340000,7.030000,2.010000,0.520000,74.809998,1.400000,6.820000,280.350006,95.550003,80569.539062,24.24,101.23,54.012497,PM2.5,1971
36.790001,48.259998,6.970000,2.450000,0.510000,72.160004,2.360000,6.960000,281.529999,91.419998,81545.562500,24.24,101.38,52.237503,PM2.5,1972
32.660000,45.930000,6.960000,4.070000,0.540000,66.389999,-0.010000,6.410000,284.390015,81.800003,86345.203125,24.25,101.53,46.657143,PM2.5,1973
30.420000,44.610001,6.770000,4.910000,0.540000,63.290001,0.460000,8.470000,285.200012,77.339996,87147.070312,24.25,101.68,44.610001,PM10,1974
27.940001,42.209999,6.590000,5.420000,0.540000,60.619999,-0.610000,7.450000,286.250000,70.239998,87083.476562,24.26,101.82,42.209999,PM10,1975
28.799999,43.939999,6.590000,5.960000,0.540000,58.820000,-2.660000,7.500000,284.440002,76.220001,85347.140625,24.26,101.97,43.939999,PM10,1976
29.930000,44.580002,6.590000,6.690000,0.550000,59.240002,-0.850000,6.580000,281.739990,88.089996,82337.109375,24.26,102.12,44.580002,PM10,1977
30.330000,45.270000,7.060000,7.560000,0.550000,56.189999,0.970000,5.510000,281.450012,87.879997,81927.039062,24.27,102.27,45.270000,PM10,1978
32.020000,48.220001,7.810000,9.640000,0.580000,47.299999,0.430000,5.670000,281.309998,86.279999,81892.546875,24.27,102.41,48.220001,PM10,1979
34.669998,53.810001,9.550000,14.270000,0.650000,39.189999,-0.760000,6.660000,280.630005,87.449997,81766.593750,24.27,102.56,51.904999,PM10,1980
34.570000,53.029999,9.500000,15.210000,0.640000,37.810001,-1.330000,7.180000,280.190002,88.540001,81597.156250,24.28,102.71,51.514999,PM10,1981
34.580002,52.779999,9.370000,14.980000,0.630000,37.660000,-0.480000,7.330000,278.619995,92.190002,79856.203125,24.28,102.86,51.389999,PM10,1982
34.720001,53.759998,10.050000,16.209999,0.640000,38.820000,0.250000,6.070000,278.029999,94.750000,80003.953125,24.28,103.01,51.879997,PM10,1983
32.959999,52.810001,9.950000,13.650000,0.630000,44.660000,-0.150000,3.930000,279.630005,86.529999,82921.976562,24.28,103.15,51.404999,PM10,1984
31.100000,52.040001,10.720000,11.830000,0.660000,47.639999,-1.040000,2.510000,280.730011,79.400002,84334.617188,24.29,103.3,51.020000,PM10,1985
30.139999,52.200001,10.380000,10.450000,0.680000,46.209999,-2.660000,1.900000,280.720001,77.449997,84335.898438,24.29,103.45,51.099998,PM10,1986
28.840000,50.430000,9.520000,8.300000,0.660000,49.110001,-3.210000,1.600000,279.929993,79.129997,83543.703125,24.29,103.6,50.215000,PM10,1987
28.530001,50.389999,9.310000,6.910000,0.660000,52.490002,-3.060000,1.000000,278.679993,83.139999,82617.203125,24.29,103.74,50.195000,PM10,1988
30.030001,55.310001,9.860000,7.200000,0.720000,51.040001,-3.080000,-0.850000,277.920013,85.430000,83275.968750,24.29,103.89,52.654999,PM10,1989
30.870001,58.389999,10.620000,7.230000,0.760000,54.310001,-2.280000,-2.490000,279.589996,78.010002,86018.460938,24.29,104.04,54.195000,PM10,1990
28.920000,56.840000,10.610000,7.630000,0.760000,53.160000,-1.780000,-0.650000,280.880005,73.680000,86509.562500,24.3,104.19,53.419998,PM10,1991
27.870001,56.200001,10.260000,8.060000,0.740000,48.869999,-2.320000,1.690000,280.299988,75.400002,85359.257812,24.3,104.33,53.099998,PM10,1992
27.549999,60.169998,10.840000,10.100000,0.810000,44.430000,-2.730000,1.270000,280.220001,73.940002,86184.968750,24.3,104.48,55.084999,PM10,1993
27.020000,63.299999,11.400000,11.520000,0.870000,41.650002,-3.060000,0.790000,280.609985,69.639999,87355.593750,24.3,104.63,56.650002,PM10,1994
27.160000,69.559998,11.570000,13.370000,0.970000,37.689999,-3.660000,0.630000,280.869995,66.699997,88489.750000,24.3,104.78,59.779999,PM10,1995
26.959999,71.000000,12.240000,13.630000,0.980000,39.639999,-3.540000,0.960000,281.359985,62.490002,89776.609375,24.3,104.93,60.500000,PM10,1996
27.440001,71.410004,13.170000,13.740000,0.970000,45.720001,-3.300000,0.990000,282.179993,58.110001,91262.000000,24.3,105.07,60.705002,PM10,1997
45.700001,59.270000,6.310000,13.370000,0.920000,75.010002,2.320000,-0.500000,289.670013,48.360001,88975.617188,24.21,97.83,63.375000,PM2.5,2089
48.919998,66.639999,7.110000,16.510000,1.040000,74.470001,1.820000,-0.140000,289.730011,48.610001,89370.046875,24.22,97.98,67.399994,PM2.5,2090
46.730000,64.419998,7.060000,15.580000,0.970000,76.080002,1.140000,0.790000,289.959991,49.250000,90091.179688,24.23,98.13,64.662498,PM2.5,2091
42.669998,57.790001,6.690000,13.980000,0.890000,77.019997,0.410000,1.470000,290.329987,47.869999,89784.296875,24.24,98.28,59.587498,PM2.5,2092
40.939999,54.779999,6.690000,14.060000,0.860000,77.889999,0.150000,2.210000,289.739990,47.619999,87647.421875,24.25,98.42,57.424999,PM2.5,2093
40.740002,54.790001,6.640000,13.670000,0.880000,75.400002,1.280000,1.930000,287.380005,51.689999,84125.820312,24.26,98.57,57.175003,PM2.5,2094
40.090000,53.700001,6.290000,13.200000,0.850000,78.309998,4.200000,1.680000,284.600006,56.240002,80132.820312,24.26,98.72,56.362499,PM2.5,2095
37.820000,50.480000,5.820000,12.110000,0.820000,81.059998,5.180000,2.780000,286.720001,49.840000,82283.773438,24.27,98.86,53.525002,PM2.5,2096
36.959999,49.779999,6.000000,12.850000,0.840000,81.639999,3.380000,3.050000,290.250000,43.779999,87441.031250,24.28,99.01,52.449997,PM2.5,2097
37.680000,50.810001,6.550000,13.910000,0.920000,83.029999,3.110000,2.890000,290.070007,44.889999,87313.343750,24.29,99.16,53.349998,PM2.5,2098
37.130001,48.849998,6.840000,12.090000,0.910000,85.809998,3.760000,3.060000,288.910004,47.799999,85783.429688,24.29,99.31,52.662502,PM2.5,2099
34.290001,43.619999,6.640000,9.840000,0.870000,88.349998,3.080000,3.960000,289.660004,45.930000,86674.046875,24.3,99.46,48.985714,PM2.5,2100
33.110001,41.119999,6.620000,8.480000,0.860000,88.570000,3.010000,5.560000,289.079987,45.230000,85179.242188,24.31,99.6,47.299999,PM2.5,2101
33.680000,40.650002,7.100000,7.570000,0.860000,90.919998,3.720000,5.010000,285.519989,54.040001,80864.726562,24.32,99.75,48.114285,PM2.5,2102
34.369999,40.439999,7.470000,6.920000,0.870000,89.300003,3.290000,4.360000,284.329987,61.470001,80362.890625,24.32,99.9,49.099998,PM2.5,2103
36.619999,42.740002,8.940000,7.530000,0.930000,85.559998,3.130000,5.440000,285.239990,63.389999,82664.750000,24.33,100.05,52.024998,PM2.5,2104
38.200001,45.099998,9.020000,6.650000,0.960000,82.500000,3.170000,7.640000,285.359985,63.310001,82474.093750,24.33,100.19,54.000000,PM2.5,2105
40.240002,48.240002,8.630000,5.430000,0.990000,79.470001,0.570000,8.470000,284.890015,70.709999,82898.617188,24.34,100.34,56.550003,PM2.5,2106
40.779999,49.520000,8.660000,4.680000,0.990000,79.650002,-1.310000,7.770000,285.140015,78.379997,85305.921875,24.35,100.49,57.224998,PM2.5,2107
39.910000,48.509998,8.200000,3.790000,0.920000,80.099998,0.390000,6.350000,283.000000,84.889999,82421.039062,24.35,100.64,56.137501,PM2.5,2108
41.950001,52.060001,8.850000,4.690000,0.980000,78.860001,0.040000,5.220000,281.339996,92.099998,80773.046875,24.36,100.78,58.687500,PM2.5,2109
41.200001,51.900002,8.530000,4.240000,0.860000,77.629997,-2.240000,4.320000,282.440002,91.790001,84142.507812,24.36,100.93,57.750000,PM2.5,2110
39.209999,49.349998,7.210000,2.490000,0.660000,75.239998,-0.320000,7.180000,281.250000,93.040001,81896.617188,24.37,101.08,55.262497,PM2.5,2111
37.980000,47.660000,6.890000,1.960000,0.530000,75.919998,3.300000,7.940000,280.730011,91.830002,80046.039062,24.37,101.23,53.724998,PM2.5,2112
33.830002,44.220001,6.740000,2.370000,0.520000,72.190002,1.480000,5.320000,284.170013,78.720001,84088.953125,24.38,101.38,48.328575,PM2.5,2113
31.200001,43.320000,6.820000,3.790000,0.560000,67.199997,-0.770000,6.390000,285.160004,78.000000,86841.320312,24.38,101.52,44.571430,PM2.5,2114
29.270000,42.740002,6.530000,4.860000,0.570000,61.630001,0.340000,6.870000,285.820007,74.510002,87760.718750,24.39,101.67,42.740002,PM10,2115
27.459999,41.290001,6.290000,5.690000,0.560000,58.259998,0.030000,4.550000,285.950012,72.250000,87382.437500,24.39,101.82,41.290001,PM10,2116
28.459999,43.110001,6.280000,6.150000,0.570000,57.650002,-0.620000,7.390000,283.929993,78.169998,84575.593750,24.39,101.97,43.110001,PM10,2117
29.410000,44.360001,6.290000,7.430000,0.570000,56.200001,-0.190000,7.790000,282.119995,84.690002,82164.890625,24.4,102.11,44.360001,PM10,2118
30.620001,46.750000,6.840000,8.460000,0.590000,53.330002,0.570000,5.980000,280.970001,89.239998,81116.421875,24.4,102.26,46.750000,PM10,2119
31.900000,48.919998,7.660000,10.680000,0.620000,47.490002,0.940000,4.570000,280.739990,88.910004,81047.523438,24.4,102.41,48.919998,PM10,2120
36.939999,60.189999,12.530000,25.400000,0.840000,29.000000,0.700000,6.100000,280.630005,88.089996,81465.398438,24.41,102.56,55.095001,PM10,2121
35.630001,56.759998,11.100000,20.889999,0.750000,33.029999,1.580000,7.360000,280.600006,88.019997,81626.906250,24.41,102.71,53.379997,PM10,2122
32.939999,51.330002,8.260000,12.750000,0.590000,50.270000,1.970000,9.120000,282.109985,87.230003,81469.617188,24.41,102.85,50.665001,PM10,2123
33.389999,52.930000,9.510000,14.360000,0.650000,40.689999,-0.010000,7.380000,280.190002,84.760002,81729.609375,24.42,103.0,51.465000,PM10,2124
32.959999,53.189999,9.850000,13.400000,0.670000,43.490002,-1.440000,5.790000,279.350006,87.080002,82211.546875,24.42,103.15,51.595001,PM10,2125
32.209999,53.730000,11.550000,13.990000,0.730000,43.930000,-1.420000,4.140000,279.149994,85.519997,82553.023438,24.42,103.3,51.864998,PM10,2126
30.820000,52.419998,11.290000,11.980000,0.720000,46.290001,-1.820000,3.190000,279.739990,81.330002,83298.742188,24.42,103.45,51.209999,PM10,2127
29.549999,50.580002,9.980000,8.790000,0.690000,50.090000,-2.270000,3.480000,279.230011,82.050003,82781.343750,24.42,103.59,50.290001,PM10,2128
29.250000,49.970001,9.810000,7.130000,0.670000,55.880001,-3.000000,2.490000,277.700012,87.309998,81591.312500,24.43,103.74,49.970001,PM10,2129
32.139999,56.650002,9.940000,6.840000,0.730000,57.209999,-3.570000,-0.010000,276.750000,88.419998,82538.960938,24.43,103.89,53.325001,PM10,2130
30.879999,57.259998,10.580000,6.820000,0.760000,56.320000,-3.040000,-2.340000,278.970001,78.440002,86141.671875,24.43,104.04,53.629997,PM10,2131
29.049999,57.770000,11.340000,7.630000,0.800000,55.540001,-2.800000,-2.780000,280.730011,71.129997,88171.453125,24.43,104.19,53.885002,PM10,2132
27.940001,59.490002,11.760000,9.010000,0.850000,49.029999,-3.350000,-1.130000,280.899994,69.150002,87745.781250,24.43,104.33,54.745003,PM10,2133
27.320000,62.700001,11.470000,10.970000,0.910000,41.000000,-3.740000,0.540000,280.750000,68.440002,87806.882812,24.43,104.48,56.349998,PM10,2134
26.209999,68.400002,12.250000,14.870000,1.040000,36.099998,-3.440000,0.890000,281.459991,63.650002,90007.078125,24.43,104.78,59.200001,PM10,2136
27.360001,73.320000,12.950000,16.370001,1.090000,38.779999,-3.080000,1.330000,282.339996,56.840000,91363.671875,24.43,105.07,61.660000,PM10,2138
34.680000,42.330002,4.810000,6.450000,0.590000,79.800003,1.480000,1.350000,288.279999,50.160000,85889.859375,24.34,97.68,49.542858,PM2.5,2231
43.580002,56.759998,6.070000,12.420000,0.870000,75.330002,2.210000,0.240000,288.440002,49.939999,86669.109375,24.35,97.82,60.725002,PM2.5,2232
47.529999,65.529999,6.740000,16.190001,1.010000,74.379997,2.420000,-0.420000,289.140015,48.189999,87831.781250,24.36,97.97,65.662498,PM2.5,2233
45.770000,64.230003,6.900000,17.129999,0.990000,74.680000,2.260000,-0.080000,289.980011,46.150002,89137.101562,24.37,98.12,63.462502,PM2.5,2234
45.750000,64.699997,8.180000,21.520000,1.040000,74.739998,1.600000,0.150000,289.769989,46.750000,89146.851562,24.37,98.27,63.437500,PM2.5,2235
43.330002,60.680000,7.970000,20.520000,0.980000,76.510002,0.910000,1.120000,289.700012,47.270000,88412.031250,24.38,98.41,60.412502,PM2.5,2236
43.869999,61.840000,8.500000,20.690001,1.000000,74.080002,1.970000,2.820000,288.549988,48.060001,85850.156250,24.39,98.56,61.087498,PM2.5,2237
42.209999,58.599998,7.420000,18.209999,0.940000,76.839996,4.410000,2.960000,285.290009,53.860001,80891.218750,24.4,98.71,59.012497,PM2.5,2238
40.090000,55.799999,6.600000,16.660000,0.900000,77.830002,4.750000,1.950000,286.359985,50.669998,82104.132812,24.41,98.86,56.362499,PM2.5,2239
37.340000,52.139999,6.180000,15.110000,0.850000,79.050003,3.050000,0.710000,288.730011,46.430000,85731.023438,24.41,99.0,52.924999,PM2.5,2240
36.959999,51.700001,6.100000,13.890000,0.840000,80.419998,3.030000,1.100000,288.239990,48.230000,85242.906250,24.42,99.15,52.449997,PM2.5,2241
36.320000,49.970001,6.170000,11.960000,0.840000,82.750000,3.690000,1.950000,288.649994,47.650002,85897.523438,24.43,99.3,51.650002,PM2.5,2242
34.060001,45.830002,5.990000,10.340000,0.800000,86.860001,3.220000,1.960000,289.019989,47.279999,86671.710938,24.44,99.45,48.657146,PM2.5,2243
33.299999,43.439999,6.030000,8.810000,0.810000,88.510002,3.030000,3.440000,289.119995,46.290001,86257.429688,24.44,99.6,47.571426,PM2.5,2244
32.619999,40.860001,6.420000,7.440000,0.800000,90.419998,3.390000,4.550000,287.500000,49.320000,83731.343750,24.45,99.74,46.599998,PM2.5,2245
33.080002,39.590000,6.700000,6.420000,0.790000,90.449997,3.530000,4.600000,284.519989,58.490002,80283.226562,24.46,99.89,47.257145,PM2.5,2246
35.970001,42.299999,8.390000,8.040000,0.870000,84.650002,3.780000,5.000000,283.730011,65.699997,80366.882812,24.46,100.04,51.212502,PM2.5,2247
36.980000,43.450001,8.240000,6.260000,0.890000,81.430000,2.960000,5.890000,285.579987,62.450001,82907.843750,24.47,100.19,52.474998,PM2.5,2248
38.090000,45.310001,7.780000,4.790000,0.910000,79.070000,-0.400000,6.980000,286.670013,64.730003,85259.898438,24.48,100.33,53.862499,PM2.5,2249
39.730000,47.669998,7.950000,4.050000,0.920000,79.180000,-0.980000,8.730000,285.040009,76.550003,84757.773438,24.48,100.48,55.912498,PM2.5,2250
39.090000,46.660000,7.830000,3.590000,0.870000,81.830002,1.290000,7.380000,282.779999,82.400002,81325.429688,24.49,100.63,55.112499,PM2.5,2251
40.349998,49.389999,8.530000,4.240000,0.940000,80.120003,-0.540000,5.680000,282.609985,86.050003,81959.507812,24.49,100.78,56.687500,PM2.5,2252
40.599998,50.349998,8.130000,4.010000,0.840000,76.480003,-1.590000,6.060000,281.779999,92.239998,82638.898438,24.5,100.93,57.000000,PM2.5,2253
38.540001,47.160000,7.150000,2.430000,0.670000,77.320000,1.990000,7.520000,281.170013,91.629997,80935.726562,24.5,101.07,54.425003,PM2.5,2254
34.820000,44.130001,6.480000,2.230000,0.550000,72.230003,2.160000,5.100000,283.910004,78.110001,83551.328125,24.51,101.22,49.742855,PM2.5,2255
31.420000,41.810001,6.400000,2.850000,0.550000,68.389999,-1.370000,3.430000,286.040009,72.500000,86991.648438,24.51,101.37,44.885715,PM2.5,2256
30.280001,42.080002,6.550000,3.830000,0.590000,65.209999,-2.380000,6.320000,285.970001,74.720001,87792.687500,24.52,101.52,43.257145,PM2.5,2257
29.969999,42.730000,6.290000,4.690000,0.590000,61.430000,-0.870000,6.210000,284.250000,81.150002,85832.523438,24.52,101.67,42.814285,PM2.5,2258
29.520000,42.610001,6.030000,5.340000,0.580000,58.549999,0.860000,5.810000,282.299988,87.559998,83094.468750,24.52,101.81,42.610001,PM10,2259
28.990000,43.310001,6.100000,6.260000,0.590000,56.400002,1.480000,7.410000,282.429993,85.059998,82885.921875,24.53,101.96,43.310001,PM10,2260
28.690001,43.580002,6.200000,7.530000,0.590000,56.580002,0.820000,7.510000,282.959991,80.919998,82957.507812,24.53,102.11,43.580002,PM10,2261
29.660000,44.700001,6.540000,7.760000,0.590000,56.610001,0.810000,6.630000,281.299988,87.430000,81002.218750,24.54,102.26,44.700001,PM10,2262
31.900000,49.330002,7.130000,10.570000,0.630000,45.889999,1.370000,5.630000,279.910004,92.169998,79739.281250,24.54,102.41,49.330002,PM10,2263
36.540001,59.220001,11.180000,23.940001,0.840000,29.090000,1.300000,6.110000,279.640015,92.529999,79912.687500,24.54,102.56,54.610001,PM10,2264
35.419998,56.660000,10.270000,20.530001,0.760000,32.970001,3.080000,6.530000,279.910004,91.800003,80388.953125,24.55,102.7,53.330002,PM10,2265
32.310001,51.299999,7.850000,12.990000,0.600000,51.740002,2.690000,7.850000,282.619995,88.949997,81463.046875,24.55,102.85,50.650002,PM10,2266
32.860001,53.209999,9.180000,14.780000,0.680000,40.349998,-0.220000,6.330000,280.119995,84.800003,82061.343750,24.55,103.0,51.605000,PM10,2267
32.639999,53.029999,9.530000,13.420000,0.690000,42.439999,-1.530000,7.070000,279.190002,87.230003,81616.578125,24.55,103.15,51.514999,PM10,2268
32.029999,52.799999,10.470000,12.800000,0.720000,43.619999,-2.090000,6.170000,278.429993,87.620003,81428.148438,24.56,103.3,51.400002,PM10,2269
30.980000,51.450001,10.390000,11.300000,0.720000,46.799999,-1.960000,4.380000,278.459991,86.050003,81913.539062,24.56,103.44,50.724998,PM10,2270
29.980000,50.790001,10.060000,9.720000,0.720000,49.220001,-2.200000,4.080000,278.549988,84.800003,82362.406250,24.56,103.59,50.395000,PM10,2271
30.250000,52.200001,10.080000,8.270000,0.730000,52.430000,-3.940000,4.020000,277.690002,86.800003,81820.156250,24.56,103.74,51.099998,PM10,2272
32.959999,57.160000,10.390000,7.670000,0.770000,54.919998,-4.860000,2.740000,275.950012,91.910004,81155.843750,24.56,103.89,53.580002,PM10,2273
32.080002,56.410000,10.760000,6.390000,0.740000,56.360001,-3.650000,0.500000,276.570007,88.230003,82670.882812,24.56,104.04,53.205002,PM10,2274
30.660000,56.080002,11.580000,6.240000,0.750000,58.639999,-2.910000,-1.250000,278.609985,78.650002,85820.742188,24.57,104.18,53.040001,PM10,2275
29.090000,57.820000,11.910000,7.320000,0.810000,53.230000,-2.570000,-1.360000,280.899994,68.260002,88881.671875,24.57,104.33,53.910000,PM10,2276
27.469999,58.560001,11.780000,8.880000,0.850000,47.930000,-2.760000,-0.260000,282.500000,61.790001,90547.460938,24.57,104.48,54.279999,PM10,2277
34.730000,42.270000,5.040000,7.420000,0.630000,77.070000,0.700000,1.960000,289.380005,47.709999,87462.718750,24.47,97.67,49.614285,PM2.5,2376
43.490002,56.459999,6.580000,13.780000,0.900000,72.959999,1.850000,1.670000,287.959991,50.380001,85820.789062,24.48,97.81,60.612503,PM2.5,2377
47.080002,65.389999,7.320000,18.040001,1.020000,73.430000,2.690000,1.280000,287.489990,50.830002,85054.156250,24.49,97.96,65.100006,PM2.5,2378
45.750000,64.949997,7.180000,19.030001,1.010000,74.239998,3.550000,1.080000,287.890015,48.759998,85295.593750,24.5,98.11,63.437500,PM2.5,2379
45.689999,65.919998,8.040000,22.190001,1.050000,73.839996,3.250000,0.480000,288.440002,47.540001,86746.492188,24.51,98.26,63.362499,PM2.5,2380
42.939999,61.450001,8.150000,22.490000,0.980000,75.889999,2.000000,0.440000,288.100006,49.619999,86730.171875,24.52,98.4,59.924999,PM2.5,2381
42.310001,60.470001,8.860000,23.680000,0.980000,76.320000,1.830000,1.910000,288.329987,48.889999,86442.046875,24.53,98.55,59.137501,PM2.5,2382
40.990002,58.209999,7.680000,20.299999,0.920000,76.199997,2.680000,2.510000,287.250000,50.090000,84233.500000,24.53,98.7,57.487503,PM2.5,2383
40.090000,56.840000,6.740000,17.750000,0.880000,77.559998,3.350000,1.730000,285.470001,53.869999,81864.046875,24.54,98.85,56.362499,PM2.5,2384
38.689999,55.150002,6.470000,16.719999,0.840000,77.930000,3.710000,1.390000,285.559998,52.900002,81568.789062,24.55,99.0,54.612499,PM2.5,2385
38.200001,54.619999,6.320000,15.750000,0.830000,78.389999,4.290000,1.800000,285.320007,52.939999,81157.851562,24.56,99.14,54.000000,PM2.5,2386
35.529999,49.689999,6.100000,12.150000,0.780000,82.410004,4.320000,2.130000,286.730011,50.029999,82763.343750,24.56,99.29,50.662498,PM2.5,2387
32.740002,45.099998,5.660000,10.000000,0.730000,86.919998,2.910000,2.150000,287.929993,48.520000,85076.039062,24.57,99.44,46.771431,PM2.5,2388
31.809999,42.580002,5.610000,8.720000,0.720000,90.440002,2.080000,2.380000,287.809998,49.820000,85408.976562,24.58,99.59,45.442856,PM2.5,2389
32.099998,40.930000,6.160000,7.720000,0.740000,90.809998,3.180000,4.070000,286.799988,51.740002,83647.671875,24.58,99.74,45.857140,PM2.5,2390
32.180000,39.009998,6.470000,6.910000,0.740000,90.000000,4.310000,5.200000,284.769989,56.529999,80672.953125,24.59,99.88,45.971428,PM2.5,2391
33.849998,39.680000,7.360000,7.200000,0.770000,86.059998,4.040000,5.570000,283.739990,62.950001,79769.953125,24.6,100.03,48.357140,PM2.5,2392
35.490002,41.430000,7.370000,5.550000,0.790000,81.620003,2.100000,5.260000,284.250000,66.790001,81202.906250,24.6,100.18,50.612503,PM2.5,2393
36.570000,42.930000,7.170000,4.070000,0.800000,80.989998,-0.330000,5.810000,284.899994,71.849998,83469.710938,24.61,100.33,51.962502,PM2.5,2394
37.770000,44.720001,7.440000,3.570000,0.830000,81.089996,0.350000,7.810000,284.480011,77.199997,83899.296875,24.62,100.48,53.462502,PM2.5,2395
36.860001,44.070000,7.410000,3.220000,0.810000,81.800003,1.130000,6.020000,283.640015,78.400002,82348.000000,24.62,100.62,52.325001,PM2.5,2396
38.360001,46.889999,8.020000,3.630000,0.880000,80.410004,-0.820000,5.280000,282.829987,84.680000,82265.617188,24.63,100.77,54.200001,PM2.5,2397
38.740002,47.430000,7.700000,3.160000,0.790000,78.900002,0.030000,6.880000,281.130005,92.139999,80867.039062,24.63,100.92,54.675003,PM2.5,2398
36.650002,45.020000,6.930000,2.490000,0.670000,77.370003,1.550000,6.020000,281.609985,88.750000,80985.523438,24.64,101.07,52.062500,PM2.5,2399
33.560001,43.000000,6.340000,2.630000,0.570000,71.160004,-0.090000,2.810000,283.209991,83.580002,83537.312500,24.64,101.22,47.942860,PM2.5,2400
31.950001,42.259998,6.300000,2.960000,0.570000,68.599998,-2.070000,3.650000,283.869995,82.900002,85032.046875,24.65,101.37,45.642857,PM2.5,2401
30.990000,42.529999,6.320000,3.820000,0.610000,64.279999,-2.020000,6.600000,283.859985,83.800003,85468.156250,24.65,101.51,44.271427,PM2.5,2402
30.650000,43.020000,6.100000,4.640000,0.610000,60.709999,0.220000,7.810000,282.200012,88.989998,83047.750000,24.66,101.66,43.785713,PM2.5,2403
29.610001,42.389999,5.890000,5.150000,0.600000,58.820000,1.530000,8.480000,281.630005,89.339996,81862.750000,24.66,101.81,42.389999,PM10,2404
28.870001,42.889999,5.960000,6.130000,0.600000,56.900002,1.400000,7.890000,282.070007,86.050003,82261.953125,24.66,101.96,42.889999,PM10,2405
28.809999,43.770000,6.140000,7.990000,0.620000,55.209999,1.760000,7.560000,281.760010,86.199997,81644.703125,24.67,102.11,43.770000,PM10,2406
29.230000,44.630001,6.260000,7.780000,0.600000,55.150002,2.080000,7.640000,281.410004,86.400002,80907.523438,24.67,102.26,44.630001,PM10,2407
30.940001,47.880001,6.710000,9.730000,0.630000,48.060001,2.330000,7.470000,280.309998,89.320000,79595.523438,24.67,102.4,47.880001,PM10,2408
34.959999,56.150002,9.560000,20.170000,0.810000,32.209999,1.850000,7.280000,279.619995,91.699997,79304.406250,24.68,102.55,53.075001,PM10,2409
34.439999,55.259998,9.300000,18.980000,0.760000,33.830002,2.460000,7.670000,279.640015,88.800003,80003.351562,24.68,102.7,52.629997,PM10,2410
33.139999,53.630001,8.200000,15.100000,0.680000,42.849998,2.410000,6.580000,280.170013,91.809998,80012.171875,24.68,102.85,51.815002,PM10,2411
33.009998,53.830002,8.730000,15.040000,0.700000,39.849998,1.030000,5.910000,278.880005,89.989998,80620.078125,24.69,103.0,51.915001,PM10,2412
32.049999,52.570000,9.220000,13.420000,0.710000,41.720001,-0.400000,7.480000,279.640015,84.309998,81866.226562,24.69,103.15,51.285000,PM10,2413
31.219999,51.490002,9.780000,11.990000,0.720000,43.770000,-2.330000,7.680000,279.510010,82.389999,82062.570312,24.69,103.29,50.745003,PM10,2414
31.020000,51.070000,9.840000,10.960000,0.730000,45.970001,-2.390000,6.530000,278.019989,88.820000,80803.382812,24.69,103.44,50.535000,PM10,2415
30.760000,51.340000,9.720000,10.440000,0.750000,48.490002,-1.680000,5.460000,277.040009,92.680000,80401.460938,24.69,103.59,50.669998,PM10,2416
31.010000,52.980000,10.160000,8.810000,0.760000,49.730000,-2.470000,4.830000,277.350006,88.690002,81295.976562,24.7,103.74,51.489998,PM10,2417
32.880001,56.799999,10.390000,7.840000,0.790000,51.150002,-3.900000,4.570000,276.820007,88.120003,81135.726562,24.7,103.89,53.400002,PM10,2418
33.139999,57.849998,10.610000,6.750000,0.780000,53.590000,-3.590000,3.660000,275.489990,92.820000,80419.679688,24.7,104.04,53.924999,PM10,2419
33.110001,59.070000,11.140000,6.370000,0.780000,55.080002,-2.660000,1.760000,275.779999,90.540001,81848.406250,24.7,104.18,54.535000,PM10,2420
31.700001,58.360001,11.600000,6.560000,0.780000,52.400002,-2.600000,1.260000,278.750000,77.150002,86229.609375,24.7,104.33,54.180000,PM10,2421
30.490000,57.799999,11.400000,7.140000,0.790000,52.529999,-2.750000,0.890000,281.519989,64.449997,89718.679688,24.7,104.48,53.900002,PM10,2422
33.720001,41.590000,5.270000,8.070000,0.610000,73.580002,-0.010000,1.220000,289.290009,47.939999,87491.453125,24.61,97.66,48.171429,PM2.5,2521
42.820000,56.540001,7.590000,16.129999,0.910000,71.139999,1.480000,1.250000,287.920013,50.590000,86297.609375,24.62,97.8,59.775002,PM2.5,2522
46.980000,66.889999,8.240000,21.059999,1.040000,72.050003,2.150000,2.080000,287.940002,50.299999,86467.906250,24.63,97.95,64.974998,PM2.5,2523
45.509998,66.660004,7.570000,21.750000,1.020000,73.089996,2.300000,1.740000,287.609985,50.509998,85838.937500,24.63,98.1,63.137497,PM2.5,2524
43.849998,65.400002,7.730000,22.610001,1.000000,75.830002,1.700000,0.480000,287.519989,50.799999,86713.117188,24.64,98.25,61.062500,PM2.5,2525
41.549999,61.500000,7.670000,22.610001,0.950000,78.050003,1.320000,0.260000,287.339996,51.209999,86213.890625,24.65,98.4,58.187500,PM2.5,2526
40.310001,59.169998,8.270000,24.090000,0.920000,79.849998,1.690000,0.890000,287.170013,50.980000,85401.757812,24.66,98.54,56.637501,PM2.5,2527
40.070000,58.380001,7.750000,21.959999,0.880000,77.580002,2.510000,2.140000,286.649994,51.709999,84146.078125,24.67,98.69,56.337502,PM2.5,2528
40.189999,58.709999,6.800000,18.830000,0.860000,77.379997,3.940000,2.760000,285.579987,52.360001,82034.820312,24.68,98.84,56.487499,PM2.5,2529
39.220001,57.639999,6.540000,17.860001,0.830000,78.059998,4.430000,2.590000,286.040009,50.750000,82284.031250,24.68,98.99,55.275002,PM2.5,2530
38.480000,56.349998,6.350000,16.430000,0.800000,79.379997,4.770000,2.490000,284.910004,53.590000,80912.046875,24.69,99.14,54.349998,PM2.5,2531
36.040001,51.599998,6.030000,12.560000,0.740000,83.099998,5.030000,2.910000,284.779999,53.470001,80152.109375,24.7,99.28,51.300003,PM2.5,2532
33.169998,46.779999,5.620000,10.290000,0.690000,87.339996,3.130000,2.640000,286.940002,50.000000,83424.890625,24.71,99.43,47.385712,PM2.5,2533
31.250000,42.770000,5.310000,8.400000,0.650000,91.750000,1.910000,2.280000,286.790009,52.020000,83996.093750,24.71,99.58,44.642857,PM2.5,2534
31.930000,41.730000,5.950000,8.020000,0.680000,92.419998,3.450000,4.020000,285.480011,55.450001,82293.781250,24.72,99.73,45.614285,PM2.5,2535
31.719999,39.529999,6.260000,7.790000,0.700000,88.860001,5.080000,4.960000,285.609985,54.360001,82034.773438,24.73,99.88,45.314285,PM2.5,2536
32.209999,38.330002,6.690000,6.950000,0.710000,84.500000,4.400000,5.460000,286.320007,53.669998,82588.656250,24.73,100.02,46.014286,PM2.5,2537
33.720001,39.639999,6.720000,5.070000,0.720000,79.959999,1.350000,5.800000,286.320007,59.820000,83552.406250,24.74,100.17,48.171429,PM2.5,2538
35.169998,41.450001,6.640000,3.840000,0.720000,78.970001,-0.900000,6.240000,284.839996,72.080002,83391.632812,24.74,100.32,50.212498,PM2.5,2539
36.349998,42.720001,6.990000,3.380000,0.750000,81.029999,0.350000,6.660000,283.019989,80.360001,81746.140625,24.75,100.47,51.687500,PM2.5,2540
35.810001,42.639999,7.030000,3.020000,0.740000,82.089996,1.290000,5.530000,281.929993,83.830002,80220.289062,24.76,100.62,51.012501,PM2.5,2541
37.490002,45.520000,7.620000,3.530000,0.830000,80.169998,0.590000,5.800000,281.000000,90.059998,79771.437500,24.76,100.77,53.112503,PM2.5,2542
37.080002,45.070000,7.390000,2.980000,0.760000,79.669998,0.960000,6.800000,281.130005,90.300003,80232.046875,24.77,100.92,52.600002,PM2.5,2543
35.349998,43.529999,6.740000,2.630000,0.660000,77.139999,0.990000,5.730000,281.420013,88.279999,80384.976562,24.77,101.06,50.437500,PM2.5,2544
33.590000,42.860001,6.200000,2.770000,0.580000,70.410004,0.030000,4.810000,281.359985,88.949997,80736.171875,24.78,101.21,47.985714,PM2.5,2545
32.380001,42.599998,6.080000,3.040000,0.590000,66.199997,-1.130000,6.050000,282.049988,88.570000,82425.703125,24.78,101.36,46.257145,PM2.5,2546
31.469999,42.700001,6.160000,3.790000,0.620000,63.340000,-0.450000,7.990000,281.869995,90.040001,82534.773438,24.79,101.51,44.957142,PM2.5,2547
30.610001,42.660000,6.020000,4.490000,0.620000,60.849998,2.030000,9.240000,281.600006,90.000000,81823.718750,24.79,101.66,43.728573,PM2.5,2548
28.860001,41.230000,5.790000,4.660000,0.610000,61.250000,2.220000,9.120000,282.850006,82.769997,82818.156250,24.79,101.81,41.230000,PM10,2549
28.400000,41.910000,5.810000,5.530000,0.610000,58.980000,1.540000,9.180000,282.309998,83.919998,82193.843750,24.8,101.95,41.910000,PM10,2550
28.600000,43.119999,5.950000,7.500000,0.630000,56.200001,2.580000,8.890000,281.179993,87.480003,80705.890625,24.8,102.1,43.119999,PM10,2551
28.889999,44.220001,6.250000,8.320000,0.630000,55.119999,3.450000,8.270000,281.459991,85.500000,80815.617188,24.81,102.25,44.220001,PM10,2552
29.889999,46.560001,6.660000,9.810000,0.640000,50.389999,3.610000,8.180000,281.440002,83.550003,80332.937500,24.81,102.4,46.560001,PM10,2553
32.500000,52.230000,8.400000,16.320000,0.750000,39.660000,3.520000,7.660000,281.239990,83.300003,80330.203125,24.81,102.55,51.114998,PM10,2554
31.690001,51.320000,7.620000,14.320000,0.680000,49.369999,3.530000,8.390000,282.489990,84.349998,80931.507812,24.82,102.7,50.660000,PM10,2555
32.740002,53.680000,7.890000,16.120001,0.710000,42.889999,2.630000,6.410000,280.230011,87.760002,80170.742188,24.82,102.85,51.840000,PM10,2556
33.049999,54.889999,9.370000,19.709999,0.760000,36.099998,1.460000,5.600000,279.529999,87.220001,80979.039062,24.82,102.99,52.445000,PM10,2557
31.469999,52.599998,10.100000,18.360001,0.750000,38.349998,0.340000,5.880000,280.940002,78.809998,83299.132812,24.82,103.14,51.299999,PM10,2558
30.700001,50.770000,9.530000,12.690000,0.740000,44.029999,-0.990000,7.350000,280.839996,77.660004,83090.023438,24.83,103.29,50.385002,PM10,2559
31.020000,50.919998,9.470000,11.280000,0.750000,45.720001,-1.090000,7.700000,278.950012,85.199997,81057.726562,24.83,103.44,50.459999,PM10,2560
31.209999,51.700001,9.800000,10.770000,0.780000,47.349998,-1.300000,7.000000,277.320007,91.540001,80052.257812,24.83,103.59,50.849998,PM10,2561
31.959999,53.639999,10.080000,9.630000,0.790000,48.759998,-2.300000,5.860000,276.869995,91.669998,80489.507812,24.83,103.74,51.820000,PM10,2562
33.790001,57.139999,10.560000,8.550000,0.820000,49.570000,-3.130000,4.760000,276.720001,89.139999,80989.617188,24.83,103.89,53.570000,PM10,2563
34.060001,58.660000,10.790000,7.560000,0.820000,50.750000,-3.180000,4.620000,276.029999,90.339996,80786.570312,24.83,104.03,54.330002,PM10,2564
34.779999,60.830002,11.610000,7.600000,0.830000,50.490002,-2.690000,3.450000,275.649994,91.330002,81545.632812,24.84,104.18,55.415001,PM10,2565
34.160000,61.250000,12.560000,8.220000,0.840000,46.639999,-2.330000,3.010000,277.519989,82.330002,84510.906250,24.84,104.33,55.625000,PM10,2566
33.509998,60.340000,12.210000,8.280000,0.820000,48.830002,-2.380000,2.930000,279.190002,74.550003,86363.679688,24.84,104.48,55.169998,PM10,2567
32.959999,41.380001,4.870000,7.280000,0.560000,69.519997,0.440000,0.940000,289.109985,47.980000,86773.703125,24.74,97.64,47.085712,PM2.5,2666
41.639999,56.200001,7.020000,14.000000,0.830000,67.919998,2.660000,0.820000,285.989990,53.200001,82722.968750,24.75,97.79,58.299999,PM2.5,2667
44.529999,64.830002,7.570000,18.600000,0.960000,69.889999,2.760000,1.110000,288.239990,47.759998,86556.343750,24.76,97.94,61.912498,PM2.5,2668
42.080002,63.639999,6.540000,19.290001,0.930000,72.400002,1.860000,0.600000,288.940002,46.130001,88042.460938,24.77,98.09,58.850002,PM2.5,2669
41.099998,63.200001,6.700000,21.240000,0.940000,74.910004,2.250000,-0.130000,287.760010,47.950001,86337.117188,24.78,98.24,57.625000,PM2.5,2670
40.860001,62.990002,7.050000,23.730000,0.940000,76.199997,2.830000,0.050000,286.790009,49.860001,85059.609375,24.79,98.39,57.325001,PM2.5,2671
39.410000,59.889999,7.080000,23.760000,0.890000,78.620003,2.960000,0.740000,286.220001,50.840000,83974.117188,24.79,98.53,55.512501,PM2.5,2672
39.009998,59.430000,6.760000,22.580000,0.840000,78.629997,2.820000,1.470000,286.260010,52.459999,84401.601562,24.8,98.68,55.012497,PM2.5,2673
38.380001,57.779999,6.350000,19.090000,0.800000,79.750000,2.860000,2.320000,286.899994,50.279999,84422.921875,24.81,98.83,54.225002,PM2.5,2674
37.900002,57.020000,6.230000,18.059999,0.780000,80.889999,3.310000,2.270000,286.609985,50.560001,83763.773438,24.82,98.98,53.625000,PM2.5,2675
38.459999,58.099998,6.520000,17.940001,0.770000,82.550003,4.910000,2.320000,284.989990,53.389999,81475.046875,24.83,99.13,54.324997,PM2.5,2676
37.200001,55.660000,6.210000,15.560000,0.740000,83.419998,5.700000,2.500000,285.489990,51.209999,81557.117188,24.83,99.28,52.830002,PM10,2677
34.560001,50.540001,5.730000,12.750000,0.680000,86.070000,3.570000,1.690000,287.109985,49.860001,84159.820312,24.84,99.42,50.270000,PM10,2678
32.930000,46.220001,5.890000,10.200000,0.650000,90.629997,2.780000,2.150000,285.720001,54.490002,82336.093750,24.85,99.57,47.042858,PM2.5,2679
32.790001,43.770000,5.850000,8.840000,0.660000,90.919998,4.000000,3.230000,284.679993,57.730000,81191.523438,24.85,99.72,46.842857,PM2.5,2680
31.010000,38.790001,5.680000,7.090000,0.630000,90.019997,4.070000,2.770000,285.440002,57.650002,82516.882812,24.86,99.87,44.299999,PM2.5,2681
31.950001,37.860001,6.000000,5.640000,0.640000,84.529999,2.700000,3.820000,287.019989,54.590000,84395.171875,24.87,100.02,45.642857,PM2.5,2682
32.070000,37.480000,6.080000,4.340000,0.640000,80.610001,0.720000,5.560000,287.160004,59.480000,85165.906250,24.87,100.17,45.814285,PM2.5,2683
33.009998,38.279999,6.130000,3.490000,0.640000,81.480003,0.320000,6.330000,284.619995,71.489998,82931.921875,24.88,100.32,47.157139,PM2.5,2684
33.709999,39.230000,6.330000,2.980000,0.660000,82.800003,1.700000,6.710000,282.540009,78.129997,80433.273438,24.88,100.46,48.157143,PM2.5,2685
34.509998,40.980000,6.460000,2.650000,0.680000,80.309998,2.520000,7.800000,280.929993,83.190002,78425.976562,24.89,100.61,49.299999,PM2.5,2686
35.660000,42.840000,7.030000,3.060000,0.760000,80.699997,1.850000,6.890000,280.799988,87.559998,78803.289062,24.9,100.76,50.825001,PM2.5,2687
35.330002,43.119999,6.870000,2.750000,0.720000,78.699997,1.420000,6.500000,282.049988,84.879997,80853.726562,24.9,100.91,50.412502,PM2.5,2688
34.380001,42.500000,6.450000,2.600000,0.650000,75.669998,1.680000,6.650000,281.910004,85.099998,80642.726562,24.91,101.06,49.114288,PM2.5,2689
33.040001,42.160000,6.020000,2.820000,0.590000,69.040001,0.890000,6.920000,281.549988,86.900002,80492.351562,24.91,101.21,47.200001,PM2.5,2690
32.299999,42.299999,5.960000,3.000000,0.590000,65.550003,-0.080000,7.590000,281.589996,89.099998,81422.476562,24.92,101.36,46.142857,PM2.5,2691
31.379999,42.279999,6.090000,3.640000,0.620000,63.619999,1.050000,9.160000,281.369995,90.019997,81318.273438,24.92,101.5,44.828571,PM2.5,2692
30.430000,42.110001,6.020000,4.340000,0.630000,61.540001,2.720000,9.340000,281.579987,88.739998,81421.750000,24.92,101.65,43.471428,PM2.5,2693
28.320000,39.290001,5.820000,4.160000,0.600000,65.029999,2.880000,8.110000,282.929993,81.900002,82714.320312,24.93,101.8,40.457142,PM2.5,2694
27.420000,40.119999,5.690000,4.930000,0.610000,62.020000,2.690000,9.310000,283.660004,77.199997,83310.187500,24.93,101.95,40.119999,PM10,2695
27.600000,41.320000,5.750000,6.740000,0.610000,59.730000,2.780000,9.310000,282.809998,78.809998,81993.843750,24.94,102.1,41.320000,PM10,2696
28.670000,43.980000,6.370000,9.200000,0.650000,54.830002,3.460000,7.660000,281.540009,84.370003,80714.179688,24.94,102.25,43.980000,PM10,2697
29.680000,46.540001,6.830000,11.500000,0.680000,49.189999,4.230000,7.370000,281.350006,84.370003,80199.296875,24.94,102.4,46.540001,PM10,2698
31.870001,51.980000,8.310000,18.209999,0.780000,39.160000,3.620000,6.890000,281.510010,82.470001,80405.117188,24.95,102.54,50.989998,PM10,2699
31.790001,51.340000,8.520000,21.250000,0.780000,39.270000,2.630000,6.330000,281.940002,82.980003,80999.906250,24.95,102.69,50.669998,PM10,2700
33.009998,54.689999,8.320000,20.520000,0.770000,38.169998,1.600000,5.800000,280.250000,86.139999,80323.929688,24.95,102.84,52.345001,PM10,2701
33.980000,56.919998,10.390000,27.090000,0.830000,30.120001,0.490000,4.890000,279.149994,90.370003,80674.906250,24.96,102.99,53.459999,PM10,2702
32.740002,54.959999,11.980000,28.559999,0.820000,31.840000,0.290000,4.140000,280.049988,84.809998,82846.546875,24.96,103.14,52.480000,PM10,2703
31.030001,51.500000,9.900000,14.840000,0.770000,41.820000,0.240000,5.660000,280.480011,80.330002,82908.406250,24.96,103.29,50.750000,PM10,2704
31.260000,51.360001,9.810000,12.720000,0.780000,43.910000,-0.170000,6.400000,279.359985,83.239998,81580.906250,24.96,103.44,50.680000,PM10,2705
31.430000,52.119999,9.980000,11.970000,0.810000,44.709999,-1.430000,6.050000,278.549988,84.980003,81360.726562,24.96,103.59,51.059998,PM10,2706
32.389999,53.869999,10.290000,9.960000,0.820000,46.459999,-3.080000,6.310000,277.420013,88.019997,80987.117188,24.97,103.74,51.934998,PM10,2707
34.680000,57.610001,10.470000,9.240000,0.840000,47.770000,-3.460000,5.360000,276.089996,91.419998,80280.039062,24.97,103.88,53.805000,PM10,2708
35.320000,59.360001,10.810000,8.170000,0.850000,49.110001,-3.060000,4.400000,275.429993,92.290001,80386.750000,24.97,104.03,54.680000,PM10,2709
36.049999,61.320000,11.820000,8.070000,0.860000,48.919998,-2.440000,3.220000,275.640015,91.610001,81685.460938,24.97,104.18,55.660000,PM10,2710
35.910000,62.040001,12.780000,8.430000,0.860000,44.919998,-1.670000,2.430000,277.369995,84.419998,84317.906250,24.97,104.33,56.020000,PM10,2711
35.790001,62.900002,13.050000,8.990000,0.870000,43.130001,-1.490000,2.210000,278.399994,78.709999,85340.429688,24.97,104.48,56.450001,PM10,2712
36.439999,63.709999,13.320000,8.800000,0.870000,43.639999,-2.100000,2.910000,277.109985,82.760002,83375.062500,24.97,104.63,56.855000,PM10,2713
38.369999,51.849998,5.070000,9.220000,0.680000,64.180000,2.780000,1.490000,285.149994,55.400002,81419.320312,24.89,97.78,54.212498,PM2.5,2812
41.799999,60.869999,5.260000,11.750000,0.790000,65.680000,3.550000,0.720000,285.359985,53.230000,81871.609375,24.89,97.93,58.500000,PM2.5,2813
40.330002,61.830002,5.230000,13.910000,0.820000,69.739998,3.740000,0.990000,286.320007,49.720001,83192.406250,24.9,98.08,56.662502,PM2.5,2814
40.840000,64.709999,5.930000,19.639999,0.900000,70.849998,4.550000,1.270000,286.019989,49.430000,82896.531250,24.91,98.23,57.355000,PM10,2815
41.000000,66.070000,6.210000,23.490000,0.920000,70.910004,4.790000,1.070000,286.329987,48.869999,83930.437500,24.92,98.38,58.035000,PM10,2816
38.799999,61.290001,6.020000,22.240000,0.850000,74.629997,4.220000,1.140000,285.920013,49.139999,83359.140625,24.93,98.53,55.645000,PM10,2817
39.009998,62.349998,5.990000,22.780001,0.800000,76.519997,3.310000,0.730000,286.359985,49.549999,84611.617188,24.94,98.67,56.174999,PM10,2818
36.770000,58.119999,6.150000,19.400000,0.730000,85.370003,2.000000,1.080000,287.609985,49.270000,86357.296875,24.94,98.82,54.059998,PM10,2819
36.180000,57.099998,6.520000,18.879999,0.720000,88.309998,1.860000,1.240000,286.630005,49.639999,84294.343750,24.95,98.97,53.549999,PM10,2820
38.459999,61.459999,7.690000,20.290001,0.750000,92.059998,4.030000,1.110000,284.690002,53.770000,81760.078125,24.96,99.12,55.730000,PM10,2821
35.810001,55.040001,6.540000,15.070000,0.680000,92.580002,4.560000,1.270000,285.600006,51.599998,82802.156250,24.97,99.27,52.520000,PM10,2822
35.820000,53.619999,6.110000,13.870000,0.680000,89.870003,3.310000,1.460000,286.059998,51.959999,83574.656250,24.97,99.42,51.809998,PM10,2823
34.150002,48.360001,6.030000,10.360000,0.640000,92.370003,3.290000,2.310000,285.040009,56.000000,81742.593750,24.98,99.57,48.785717,PM2.5,2824
33.869999,44.860001,5.770000,7.960000,0.630000,93.760002,3.220000,2.080000,284.329987,61.000000,81297.210938,24.99,99.71,48.385712,PM2.5,2825
33.619999,41.290001,5.590000,6.280000,0.610000,90.029999,2.160000,1.820000,284.089996,65.620003,81584.328125,25.0,99.86,48.028568,PM2.5,2826
32.560001,38.029999,5.420000,5.070000,0.580000,84.269997,0.800000,3.360000,285.239990,64.989998,83058.640625,25.0,100.01,46.514286,PM2.5,2827
31.840000,36.459999,5.460000,3.970000,0.560000,79.519997,0.780000,5.560000,284.820007,67.849998,82728.101562,25.01,100.16,45.485714,PM2.5,2828
31.900000,36.349998,5.650000,3.270000,0.550000,82.379997,2.520000,6.320000,282.790009,74.800003,80293.492188,25.01,100.31,45.571426,PM2.5,2829
32.259998,37.320000,5.650000,2.860000,0.570000,80.330002,4.020000,6.540000,282.619995,76.160004,80240.726562,25.02,100.46,46.085712,PM2.5,2830
32.150002,37.910000,5.890000,2.410000,0.590000,79.360001,3.660000,8.350000,283.470001,71.930000,80982.000000,25.03,100.61,45.928574,PM2.5,2831
33.070000,39.709999,6.320000,2.750000,0.660000,78.339996,1.570000,7.350000,283.019989,74.599998,80599.000000,25.03,100.75,47.242855,PM2.5,2832
33.869999,40.720001,6.470000,2.550000,0.630000,80.519997,1.370000,6.450000,281.500000,84.970001,79721.117188,25.04,100.9,48.385712,PM2.5,2833
33.689999,41.419998,6.230000,2.550000,0.610000,75.430000,2.610000,7.160000,281.640015,85.610001,80158.773438,25.04,101.05,48.128571,PM2.5,2834
32.380001,41.119999,6.070000,2.870000,0.570000,69.720001,1.840000,7.290000,282.190002,83.330002,80918.546875,25.05,101.2,46.257145,PM2.5,2835
32.139999,41.990002,6.170000,3.480000,0.590000,65.370003,1.240000,8.070000,281.290009,88.330002,80494.367188,25.05,101.35,45.914284,PM2.5,2836
31.370001,42.189999,6.910000,4.590000,0.630000,63.570000,2.040000,9.160000,281.410004,88.250000,80836.500000,25.06,101.5,44.814285,PM2.5,2837
30.580000,42.310001,7.260000,5.810000,0.660000,61.459999,2.650000,8.800000,281.690002,86.959999,81195.226562,25.06,101.65,43.685715,PM2.5,2838
28.950001,40.330002,6.070000,4.780000,0.620000,62.520000,3.120000,7.240000,282.079987,85.150002,81651.281250,25.06,101.8,41.357143,PM2.5,2839
27.309999,39.529999,5.770000,4.860000,0.610000,62.459999,3.520000,7.950000,283.720001,77.489998,83442.617188,25.07,101.95,39.529999,PM10,2840
27.020000,41.180000,5.900000,6.760000,0.630000,60.099998,3.050000,8.290000,283.720001,75.370003,83009.062500,25.07,102.09,41.180000,PM10,2841
27.830000,41.900002,6.230000,7.900000,0.630000,60.240002,2.850000,6.690000,281.609985,82.970001,80452.671875,25.08,102.24,41.900002,PM10,2842
29.480000,45.889999,6.850000,12.420000,0.710000,50.619999,3.470000,5.830000,280.700012,85.919998,79383.156250,25.08,102.39,45.889999,PM10,2843
36.599998,62.860001,12.220000,37.700001,1.100000,21.010000,2.870000,6.360000,280.820007,84.400002,79899.296875,25.08,102.54,56.430000,PM10,2844
37.730000,65.019997,12.670000,42.240002,1.110000,17.959999,2.090000,5.430000,280.619995,84.540001,80329.382812,25.08,102.69,57.509998,PM10,2845
34.959999,58.959999,9.970000,27.400000,0.890000,30.740000,1.850000,5.960000,279.519989,89.169998,79393.460938,25.09,102.84,54.480000,PM10,2846
34.830002,58.639999,10.640000,28.889999,0.890000,28.440001,0.570000,5.560000,278.149994,93.610001,78983.632812,25.09,102.99,54.320000,PM10,2847
33.570000,55.959999,11.380000,25.459999,0.830000,34.630001,-0.020000,4.770000,278.320007,91.589996,80807.421875,25.09,103.14,52.980000,PM10,2848
31.840000,52.360001,9.890000,15.250000,0.790000,42.910000,0.010000,4.910000,279.320007,85.970001,82072.296875,25.1,103.29,51.180000,PM10,2849
31.780001,51.810001,9.900000,13.200000,0.800000,44.320000,-0.710000,5.230000,278.570007,86.889999,81284.437500,25.1,103.44,50.904999,PM10,2850
32.200001,52.950001,10.320000,13.330000,0.840000,45.020000,-1.490000,4.710000,277.619995,89.339996,80909.851562,25.1,103.58,51.474998,PM10,2851
32.910000,54.330002,10.250000,11.030000,0.840000,45.980000,-2.400000,5.790000,277.029999,89.720001,80813.953125,25.1,103.73,52.165001,PM10,2852
34.849998,57.509998,10.300000,9.610000,0.850000,46.650002,-3.220000,6.290000,276.170013,90.500000,80289.867188,25.1,103.88,53.754997,PM10,2853
35.830002,59.549999,10.510000,8.670000,0.860000,47.470001,-3.350000,5.330000,275.049988,93.800003,79850.343750,25.1,104.03,54.775002,PM10,2854
36.869999,61.419998,11.300000,8.340000,0.860000,47.439999,-2.640000,3.800000,274.559998,95.349998,80375.171875,25.1,104.18,55.709999,PM10,2855
37.310001,61.810001,12.030000,7.830000,0.840000,46.919998,-1.710000,2.270000,275.839996,91.070000,82708.859375,25.11,104.33,55.904999,PM10,2856
36.680000,62.619999,13.050000,9.020000,0.880000,41.959999,-1.110000,1.860000,276.660004,86.720001,83669.960938,25.11,104.48,56.309998,PM10,2857
37.340000,64.830002,14.790000,10.500000,0.930000,40.000000,-1.280000,2.220000,276.320007,86.449997,83004.000000,25.11,104.63,57.415001,PM10,2858
30.240000,40.080002,3.860000,5.720000,0.490000,59.349998,1.570000,1.440000,287.750000,49.480000,85249.406250,25.02,97.77,43.200001,PM2.5,2957
36.669998,52.419998,4.290000,8.520000,0.650000,60.119999,3.480000,1.240000,283.950012,57.619999,80379.632812,25.03,97.92,52.087498,PM2.5,2958
38.080002,57.919998,4.530000,10.690000,0.730000,63.689999,4.400000,1.780000,284.100006,55.799999,80348.007812,25.04,98.07,53.959999,PM10,2959
39.310001,63.029999,5.300000,15.540000,0.820000,65.379997,4.510000,1.550000,284.750000,52.980000,81386.273438,25.05,98.22,56.514999,PM10,2960
38.759998,63.070000,5.940000,18.730000,0.840000,68.550003,4.520000,0.840000,285.630005,50.250000,82860.593750,25.06,98.37,56.535000,PM10,2961
38.320000,62.470001,6.390000,19.870001,0.820000,70.209999,4.120000,1.280000,285.429993,50.520000,83064.703125,25.06,98.52,56.235001,PM10,2962
36.279999,58.840000,6.340000,17.940001,0.730000,75.349998,3.090000,0.680000,286.059998,49.139999,84106.070312,25.07,98.66,54.419998,PM10,2963
35.599998,59.619999,6.550000,19.530001,0.690000,86.239998,1.870000,0.420000,287.720001,46.049999,86757.078125,25.08,98.81,54.809998,PM10,2964
35.169998,58.529999,7.860000,20.540001,0.690000,91.199997,1.940000,0.460000,286.730011,48.150002,84553.320312,25.09,98.96,54.264999,PM10,2965
37.869999,62.180000,9.670000,21.780001,0.740000,95.809998,4.420000,0.400000,283.790009,54.299999,80238.773438,25.09,99.11,56.090000,PM10,2966
35.930000,56.910000,7.590000,15.420000,0.680000,94.650002,5.450000,1.140000,284.440002,52.480000,80842.890625,25.1,99.26,53.455002,PM10,2967
34.919998,52.509998,6.570000,12.150000,0.650000,93.389999,3.650000,1.970000,285.279999,53.810001,82424.781250,25.11,99.41,51.254997,PM10,2968
33.970001,48.049999,5.970000,9.470000,0.620000,93.779999,2.840000,2.180000,284.720001,58.279999,82014.296875,25.12,99.56,48.528572,PM2.5,2969
34.189999,45.130001,5.720000,7.710000,0.620000,94.870003,3.370000,1.900000,283.359985,64.959999,80752.687500,25.12,99.71,48.842854,PM2.5,2970
33.540001,40.849998,5.430000,6.180000,0.590000,91.760002,2.820000,3.060000,283.140015,68.379997,80543.773438,25.13,99.86,47.914288,PM2.5,2971
32.939999,37.740002,5.110000,4.900000,0.550000,84.519997,1.130000,4.510000,283.869995,68.989998,81484.867188,25.14,100.0,47.057140,PM2.5,2972
31.410000,34.750000,5.070000,3.630000,0.500000,81.470001,1.690000,5.560000,283.269989,72.110001,80807.320312,25.14,100.15,44.871429,PM2.5,2973
31.570000,35.360001,5.220000,2.910000,0.500000,80.489998,3.960000,6.870000,282.049988,74.629997,79142.406250,25.15,100.3,45.099998,PM2.5,2974
31.400000,35.369999,5.390000,2.630000,0.510000,81.839996,5.070000,6.110000,281.609985,76.809998,78627.570312,25.15,100.45,44.857143,PM2.5,2975
30.760000,35.689999,5.430000,2.320000,0.520000,78.290001,4.240000,6.830000,283.859985,69.550003,81288.437500,25.16,100.6,43.942856,PM2.5,2976
30.959999,36.849998,5.710000,2.540000,0.560000,77.169998,1.950000,7.070000,284.350006,68.220001,81989.289062,25.17,100.75,44.228569,PM2.5,2977
32.700001,39.169998,5.940000,2.370000,0.560000,78.220001,2.010000,7.340000,281.029999,83.589996,78680.976562,25.17,100.9,46.714287,PM2.5,2978
33.369999,40.660000,5.980000,2.600000,0.560000,74.190002,3.160000,7.540000,280.290009,88.449997,78156.648438,25.18,101.05,47.671429,PM2.5,2979
32.340000,40.689999,6.090000,2.980000,0.550000,70.099998,2.450000,7.200000,281.519989,85.400002,80007.648438,25.18,101.2,46.200001,PM2.5,2980
31.840000,41.349998,6.340000,3.620000,0.580000,66.379997,2.420000,7.530000,281.589996,86.050003,80483.210938,25.19,101.35,45.485714,PM2.5,2981
31.260000,41.930000,7.550000,5.140000,0.630000,64.070000,2.720000,8.560000,281.809998,85.529999,80920.546875,25.19,101.49,44.657143,PM2.5,2982
30.820000,42.549999,8.360000,6.830000,0.670000,61.830002,2.370000,8.720000,281.760010,85.540001,81011.820312,25.19,101.64,44.028572,PM2.5,2983
29.480000,39.930000,6.460000,4.860000,0.610000,64.709999,2.530000,7.280000,281.070007,88.019997,80158.281250,25.2,101.79,42.114285,PM2.5,2984
28.530001,40.310001,5.930000,5.090000,0.600000,61.599998,3.200000,6.890000,281.690002,86.190002,81123.210938,25.2,101.94,40.757145,PM2.5,2985
27.510000,41.650002,6.100000,6.990000,0.630000,58.990002,3.570000,7.130000,282.970001,79.910004,82488.867188,25.21,102.09,41.650002,PM10,2986
28.040001,43.180000,6.240000,8.150000,0.650000,57.660000,3.610000,6.970000,281.799988,82.230003,80682.976562,25.21,102.24,43.180000,PM10,2987
29.740000,46.560001,7.090000,13.640000,0.740000,50.520000,3.420000,5.650000,280.480011,85.139999,78974.507812,25.21,102.39,46.560001,PM10,2988
39.810001,69.739998,15.460000,48.680000,1.290000,15.310000,2.230000,6.580000,280.720001,83.529999,79853.203125,25.22,102.54,60.849998,NO2,2989
42.049999,74.000000,16.549999,56.610001,1.360000,8.330000,2.060000,6.680000,279.950012,86.419998,79635.703125,25.22,102.69,70.762497,NO2,2990
36.599998,62.360001,11.570000,34.290001,1.000000,24.400000,2.810000,6.950000,279.190002,89.510002,78780.476562,25.22,102.84,56.180000,PM10,2991
34.990002,59.290001,11.090000,29.110001,0.930000,27.889999,1.180000,6.520000,278.670013,90.779999,79211.710938,25.23,102.99,54.645000,PM10,2992
33.910000,56.450001,11.200000,23.889999,0.860000,35.650002,-0.320000,6.470000,277.920013,92.230003,79928.351562,25.23,103.13,53.224998,PM10,2993
32.560001,53.119999,9.810000,15.610000,0.810000,43.509998,-0.390000,5.940000,277.970001,91.889999,80590.656250,25.23,103.28,51.559998,PM10,2994
32.169998,52.139999,9.820000,13.580000,0.820000,45.070000,-0.980000,5.790000,277.559998,91.150002,80353.062500,25.23,103.43,51.070000,PM10,2995
32.619999,53.700001,10.610000,14.360000,0.870000,44.009998,-1.150000,5.720000,276.299988,95.010002,79392.992188,25.23,103.58,51.849998,PM10,2996
33.369999,54.680000,10.200000,11.330000,0.850000,45.849998,-1.120000,6.230000,275.899994,95.000000,79595.367188,25.24,103.73,52.340000,PM10,2997
34.490002,56.689999,10.150000,9.520000,0.850000,46.320000,-2.360000,6.570000,276.239990,89.489998,80366.257812,25.24,103.88,53.345001,PM10,2998
35.650002,59.060001,10.210000,8.720000,0.860000,47.020000,-3.120000,6.050000,275.070007,92.750000,79683.617188,25.24,104.03,54.529999,PM10,2999
36.900002,61.160000,10.870000,8.360000,0.870000,46.290001,-2.470000,4.980000,274.070007,96.360001,79513.250000,25.24,104.18,55.580002,PM10,3000
37.369999,61.820000,11.560000,8.530000,0.860000,44.950001,-1.670000,4.190000,274.420013,95.459999,80377.250000,25.24,104.33,55.910000,PM10,3001
37.400002,62.930000,13.030000,9.750000,0.890000,41.349998,-0.890000,3.670000,274.739990,93.790001,80840.890625,25.24,104.48,56.465000,PM10,3002
38.189999,64.199997,15.550000,11.200000,0.920000,39.790001,-1.070000,2.260000,275.850006,89.839996,82796.750000,25.24,104.63,57.099998,PM10,3003
38.560001,65.269997,20.040001,12.250000,0.980000,40.160000,-1.900000,1.610000,278.160004,79.839996,86066.359375,25.24,104.78,57.634998,PM10,3004
28.950001,39.080002,3.560000,5.330000,0.460000,59.150002,3.160000,1.840000,283.850006,57.099998,80356.273438,25.16,97.91,41.357143,PM2.5,3103
31.959999,46.950001,3.820000,7.480000,0.560000,60.630001,3.460000,1.190000,283.589996,57.060001,80207.570312,25.17,98.06,46.950001,PM10,3104
34.200001,54.150002,4.500000,11.730000,0.680000,62.480000,3.570000,0.170000,284.170013,54.700001,80996.453125,25.18,98.21,52.075001,PM10,3105
36.330002,59.610001,5.380000,16.719999,0.770000,65.290001,5.120000,0.460000,284.000000,53.759998,80492.062500,25.19,98.36,54.805000,PM10,3106
37.009998,61.959999,6.090000,19.490000,0.790000,67.410004,5.310000,1.570000,285.040009,49.549999,81769.531250,25.2,98.51,55.980000,PM10,3107
35.389999,59.320000,5.990000,18.010000,0.720000,72.220001,3.440000,0.560000,285.619995,48.180000,83250.796875,25.21,98.66,54.660000,PM10,3108
32.080002,53.310001,5.180000,14.600000,0.630000,82.750000,1.810000,0.080000,286.679993,46.470001,84650.796875,25.21,98.8,51.654999,PM10,3109
32.470001,54.189999,6.560000,17.620001,0.630000,88.790001,2.330000,1.060000,285.690002,49.230000,83204.226562,25.22,98.95,52.095001,PM10,3110
36.490002,61.070000,9.730000,23.680000,0.730000,94.129997,5.360000,1.620000,282.559998,56.139999,78782.843750,25.23,99.1,55.535000,PM10,3111
34.869999,56.660000,7.740000,17.170000,0.670000,94.000000,6.540000,1.960000,283.399994,53.349998,79420.609375,25.24,99.25,53.330002,PM10,3112
34.650002,53.669998,6.670000,13.660000,0.650000,92.500000,4.300000,2.150000,285.100006,51.310001,81988.117188,25.24,99.4,51.834999,PM10,3113
33.330002,47.709999,5.950000,10.040000,0.610000,93.760002,3.390000,2.460000,283.959991,57.790001,80873.343750,25.25,99.55,47.709999,PM10,3114
33.810001,44.610001,5.680000,8.050000,0.610000,94.930000,4.670000,2.760000,282.149994,66.480003,79137.757812,25.26,99.7,48.300003,PM2.5,3115
33.580002,40.340000,5.250000,6.560000,0.580000,89.300003,4.250000,3.850000,283.369995,67.300003,80880.656250,25.26,99.85,47.971432,PM2.5,3116
32.009998,36.099998,4.900000,4.570000,0.520000,83.800003,2.330000,4.790000,284.429993,66.220001,82078.328125,25.27,100.0,45.728569,PM2.5,3117
30.049999,32.450001,4.820000,3.190000,0.460000,82.650002,2.950000,4.830000,282.829987,70.800003,79899.546875,25.28,100.15,42.928570,PM2.5,3118
30.290001,32.990002,5.140000,2.910000,0.460000,81.820000,4.480000,5.890000,282.450012,72.730003,79493.750000,25.28,100.3,43.271431,PM2.5,3119
30.110001,33.200001,5.350000,2.700000,0.470000,82.300003,4.570000,5.210000,282.540009,73.000000,79509.578125,25.29,100.44,43.014286,PM2.5,3120
30.120001,34.270000,5.480000,2.790000,0.480000,77.580002,4.080000,5.950000,282.989990,71.580002,80041.953125,25.3,100.59,43.028572,PM2.5,3121
29.990000,35.150002,5.550000,2.600000,0.500000,77.339996,3.140000,6.920000,283.619995,70.610001,81022.601562,25.3,100.74,42.842857,PM2.5,3122
31.010000,36.880001,5.710000,2.440000,0.500000,77.720001,3.360000,8.110000,281.779999,77.809998,79112.312500,25.31,100.89,44.299999,PM2.5,3123
32.200001,38.959999,5.800000,2.610000,0.520000,74.129997,3.540000,7.900000,280.589996,84.230003,77933.609375,25.31,101.04,46.000000,PM2.5,3124
32.070000,39.910000,5.930000,2.950000,0.530000,70.120003,2.570000,7.370000,280.640015,87.129997,78605.828125,25.32,101.19,45.814285,PM2.5,3125
31.379999,39.490002,6.250000,3.260000,0.550000,70.410004,2.780000,6.670000,280.850006,86.949997,79095.101562,25.32,101.34,44.828571,PM2.5,3126
31.110001,41.130001,7.340000,4.750000,0.600000,65.209999,3.250000,8.210000,281.529999,85.500000,80316.382812,25.33,101.49,44.442860,PM2.5,3127
30.820000,41.990002,8.240000,6.040000,0.640000,63.630001,3.030000,9.350000,281.790009,84.400002,80778.750000,25.33,101.64,44.028572,PM2.5,3128
29.770000,40.230000,6.520000,4.800000,0.600000,64.199997,2.520000,8.740000,281.010010,86.309998,79654.023438,25.33,101.79,42.528572,PM2.5,3129
29.160000,39.770000,6.030000,4.950000,0.590000,62.980000,2.410000,7.220000,280.339996,89.389999,79073.828125,25.34,101.94,41.657143,PM2.5,3130
28.530001,41.799999,5.990000,6.260000,0.610000,58.919998,3.440000,6.720000,280.910004,88.180000,80182.250000,25.34,102.09,41.799999,PM10,3131
28.400000,43.240002,6.190000,8.540000,0.650000,55.910000,4.510000,7.220000,281.399994,84.410004,80522.656250,25.35,102.24,43.240002,PM10,3132
30.000000,47.049999,6.920000,13.050000,0.740000,51.060001,4.250000,6.430000,280.959991,82.830002,79674.718750,25.35,102.39,47.049999,PM10,3133
36.790001,62.240002,12.780000,34.369999,1.080000,26.760000,2.690000,6.900000,280.890015,81.769997,79920.476562,25.35,102.53,56.120003,PM10,3134
38.849998,66.099998,14.120000,42.240002,1.140000,18.290001,2.170000,7.680000,280.220001,84.220001,79670.398438,25.35,102.68,58.049999,PM10,3135
36.209999,60.680000,11.410000,32.080002,0.970000,26.510000,2.860000,7.110000,279.480011,86.860001,79108.460938,25.36,102.83,55.340000,PM10,3136
34.720001,57.880001,11.030000,28.139999,0.910000,30.340000,1.880000,6.350000,279.130005,88.349998,79567.882812,25.36,102.98,53.940002,PM10,3137
33.820000,56.110001,11.290000,24.150000,0.880000,35.430000,0.290000,6.930000,278.309998,90.419998,80000.359375,25.36,103.13,53.055000,PM10,3138
32.779999,53.299999,9.740000,16.090000,0.830000,43.290001,-0.190000,6.860000,277.730011,92.209999,80032.023438,25.37,103.28,51.650002,PM10,3139
32.380001,52.310001,9.540000,13.960000,0.830000,44.990002,-0.220000,6.610000,277.179993,92.669998,79810.593750,25.37,103.43,51.154999,PM10,3140
32.630001,53.459999,10.250000,14.200000,0.870000,44.040001,-0.180000,7.130000,276.359985,94.260002,79135.617188,25.37,103.58,51.730000,PM10,3141
33.060001,54.810001,10.870000,13.660000,0.880000,44.029999,-0.810000,7.320000,276.029999,93.050003,79600.468750,25.37,103.73,52.404999,PM10,3142
34.000000,56.560001,10.970000,12.780000,0.880000,44.549999,-2.200000,6.810000,276.299988,88.699997,80287.710938,25.37,103.88,53.279999,PM10,3143
35.549999,58.759998,10.390000,10.220000,0.870000,45.509998,-2.320000,6.650000,274.880005,94.120003,78997.992188,25.37,104.03,54.379997,PM10,3144
37.119999,61.169998,10.920000,9.720000,0.870000,44.160000,-1.230000,5.570000,273.720001,97.559998,78736.140625,25.37,104.18,55.584999,PM10,3145
37.560001,62.040001,12.400000,11.290000,0.880000,41.389999,-0.930000,5.220000,274.190002,95.660004,79754.781250,25.38,104.33,56.020000,PM10,3146
38.360001,63.099998,15.510000,14.590000,0.880000,37.830002,-1.400000,4.430000,274.880005,93.459999,81078.367188,25.38,104.48,56.549999,PM10,3147
29.740000,45.709999,3.840000,8.560000,0.550000,62.730000,4.240000,-0.680000,282.630005,58.400002,78949.570312,25.32,98.2,45.709999,PM10,3249
32.880001,53.400002,4.550000,12.950000,0.680000,64.959999,6.460000,0.910000,282.359985,57.009998,78232.507812,25.32,98.35,51.700001,PM10,3250
34.639999,58.759998,5.190000,16.900000,0.740000,65.830002,5.510000,1.950000,284.839996,49.240002,81278.023438,25.33,98.5,54.379997,PM10,3251
32.320000,54.330002,4.820000,14.710000,0.670000,72.459999,3.370000,0.180000,285.040009,48.310001,82159.726562,25.34,98.65,52.165001,PM10,3252
30.980000,51.639999,4.440000,12.550000,0.610000,77.080002,3.300000,0.700000,283.910004,51.060001,80468.773438,25.35,98.8,50.820000,PM10,3253
30.450001,50.549999,4.680000,12.760000,0.580000,82.040001,3.690000,2.510000,283.750000,52.299999,80457.070312,25.36,98.95,50.275002,PM10,3254
32.330002,53.799999,5.720000,15.580000,0.610000,85.989998,5.990000,2.900000,282.010010,55.889999,78094.882812,25.36,99.09,51.900002,PM10,3255
32.820000,54.009998,5.910000,15.960000,0.620000,88.389999,7.580000,2.920000,282.350006,54.290001,78193.062500,25.37,99.24,52.004997,PM10,3256
32.200001,50.549999,5.630000,13.810000,0.610000,91.870003,5.690000,2.660000,284.079987,51.790001,80556.976562,25.38,99.39,50.275002,PM10,3257
32.279999,47.340000,5.530000,11.600000,0.610000,91.410004,4.720000,3.130000,283.609985,55.430000,80287.046875,25.39,99.54,47.340000,PM10,3258
31.809999,42.480000,5.350000,8.860000,0.580000,95.449997,5.180000,2.910000,282.399994,62.250000,79076.859375,25.39,99.69,45.442856,PM2.5,3259
33.130001,39.610001,5.080000,8.470000,0.590000,88.970001,4.460000,3.090000,283.429993,65.070000,81106.867188,25.4,99.84,47.328571,PM2.5,3260
30.870001,34.279999,4.880000,5.310000,0.520000,85.900002,2.960000,3.510000,284.649994,64.430000,82677.773438,25.41,99.99,44.100002,PM2.5,3261
30.129999,32.099998,4.870000,3.910000,0.480000,80.230003,3.900000,4.220000,282.390015,70.000000,79542.546875,25.41,100.14,43.042854,PM2.5,3262
30.340000,32.349998,5.370000,3.760000,0.480000,81.269997,5.330000,4.430000,281.459991,74.120003,78382.843750,25.42,100.29,43.342857,PM2.5,3263
30.230000,32.419998,5.680000,3.580000,0.500000,81.750000,4.860000,4.370000,282.429993,72.709999,79522.781250,25.42,100.44,43.185715,PM2.5,3264
30.139999,33.470001,5.920000,3.610000,0.510000,77.449997,4.180000,5.830000,282.859985,71.610001,79876.226562,25.43,100.59,43.057140,PM2.5,3265
29.139999,33.200001,5.750000,2.950000,0.500000,79.750000,3.760000,5.930000,283.209991,71.639999,80234.203125,25.44,100.74,41.628571,PM2.5,3266
29.580000,34.779999,5.680000,2.790000,0.490000,77.589996,4.210000,7.410000,282.600006,73.389999,79705.921875,25.44,100.89,42.257141,PM2.5,3267
30.360001,36.520000,5.650000,2.570000,0.500000,74.980003,4.020000,7.520000,282.160004,75.639999,79314.382812,25.45,101.04,43.371429,PM2.5,3268
30.889999,38.009998,5.710000,2.720000,0.500000,71.830002,3.560000,7.970000,280.980011,82.370003,78405.828125,25.45,101.19,44.128571,PM2.5,3269
31.180000,39.009998,5.960000,3.140000,0.530000,69.650002,4.540000,7.150000,279.709991,88.230003,77160.398438,25.46,101.33,44.542858,PM2.5,3270
31.139999,40.369999,6.850000,4.200000,0.580000,66.180000,4.610000,8.640000,280.529999,87.779999,78720.007812,25.46,101.48,44.485714,PM2.5,3271
30.650000,40.919998,7.570000,5.190000,0.610000,64.910004,3.730000,9.450000,281.910004,82.940002,80713.953125,25.46,101.63,43.785713,PM2.5,3272
29.309999,39.340000,6.450000,4.490000,0.580000,65.089996,2.720000,9.250000,282.619995,78.790001,81369.132812,25.47,101.78,41.871429,PM2.5,3273
28.940001,39.430000,5.940000,4.510000,0.570000,64.330002,1.940000,8.440000,281.470001,82.580002,79802.742188,25.47,101.93,41.342857,PM2.5,3274
29.240000,41.740002,5.880000,5.770000,0.600000,59.549999,3.120000,7.800000,279.390015,91.290001,77827.257812,25.48,102.08,41.771427,PM2.5,3275
29.410000,43.630001,6.170000,9.060000,0.650000,55.730000,4.340000,7.150000,279.970001,88.809998,79050.492188,25.48,102.23,43.630001,PM10,3276
30.500000,46.689999,6.790000,12.980000,0.710000,51.130001,4.130000,6.110000,281.149994,82.110001,80471.382812,25.48,102.38,46.689999,PM10,3277
34.389999,55.970001,10.420000,25.770000,0.910000,35.619999,3.210000,6.250000,281.470001,79.300003,80732.007812,25.49,102.53,52.985001,PM10,3278
36.270000,60.119999,12.120000,32.470001,0.990000,27.750000,2.010000,6.990000,281.450012,78.790001,80952.000000,25.49,102.68,55.059998,PM10,3279
35.400002,57.889999,10.660000,27.420000,0.900000,32.480000,2.220000,6.570000,279.829987,84.849998,79428.109375,25.49,102.83,53.945000,PM10,3280
35.189999,57.139999,10.660000,26.270000,0.890000,32.580002,2.540000,6.380000,277.899994,92.699997,78003.531250,25.5,102.98,53.570000,PM10,3281
34.220001,55.490002,11.180000,24.450001,0.870000,36.669998,1.380000,6.430000,277.570007,92.900002,79000.867188,25.5,103.13,52.745003,PM10,3282
32.950001,53.200001,9.760000,16.610001,0.830000,43.660000,0.300000,6.310000,277.649994,91.870003,80016.843750,25.5,103.28,51.599998,PM10,3283
32.419998,52.230000,9.570000,14.280000,0.830000,45.270000,0.530000,6.540000,277.209991,92.010002,79810.859375,25.5,103.43,51.114998,PM10,3284
32.560001,53.330002,10.220000,15.050000,0.870000,43.450001,0.640000,6.860000,276.820007,92.139999,79666.203125,25.5,103.58,51.665001,PM10,3285
32.880001,55.040001,12.500000,19.950001,0.920000,39.900002,-0.280000,6.860000,276.890015,89.550003,80467.617188,25.51,103.73,52.520000,PM10,3286
33.520000,54.560001,13.850000,20.709999,0.910000,40.869999,-1.340000,6.590000,276.850006,86.940002,80629.570312,25.51,103.88,52.279999,PM10,3287
35.349998,58.889999,14.670000,16.709999,0.900000,41.380001,-1.560000,7.570000,275.239990,92.190002,78782.367188,25.51,104.03,54.445000,PM10,3288
37.180000,61.790001,16.280001,16.129999,0.920000,39.720001,-0.810000,5.730000,273.690002,97.410004,78394.320312,25.51,104.18,55.895000,PM10,3289
37.939999,62.880001,16.389999,15.890000,0.940000,38.070000,-0.980000,4.210000,274.440002,94.830002,80405.273438,25.51,104.33,56.440002,PM10,3290
23.209999,33.259998,3.130000,4.910000,0.380000,60.049999,4.900000,0.260000,280.029999,64.699997,76159.343750,25.45,98.19,33.259998,PM10,3395
27.510000,42.580002,3.770000,8.990000,0.530000,62.860001,7.940000,1.870000,279.209991,62.220001,74547.328125,25.46,98.34,42.580002,PM10,3396
29.430000,48.380001,4.240000,12.680000,0.620000,64.870003,5.840000,2.200000,283.429993,49.810001,79241.976562,25.47,98.49,48.380001,PM10,3397
30.200001,50.840000,4.200000,13.630000,0.640000,68.279999,4.390000,1.090000,283.440002,49.500000,79822.796875,25.48,98.64,50.419998,PM10,3398
30.040001,50.250000,4.020000,12.260000,0.610000,71.050003,6.310000,2.280000,281.559998,53.709999,77432.976562,25.48,98.79,50.125000,PM10,3399
29.600000,49.119999,4.110000,12.030000,0.580000,75.550003,5.330000,3.470000,282.769989,51.840000,79054.476562,25.49,98.94,49.119999,PM10,3400
29.530001,48.009998,4.610000,12.280000,0.570000,82.949997,5.750000,3.720000,281.700012,54.590000,77454.273438,25.5,99.09,48.009998,PM10,3401
30.629999,49.939999,4.900000,13.550000,0.590000,84.129997,7.910000,4.010000,281.720001,53.169998,77012.109375,25.51,99.24,49.939999,PM10,3402
29.889999,46.900002,4.840000,12.170000,0.570000,88.419998,5.750000,2.800000,283.910004,49.650002,79792.898438,25.51,99.38,46.900002,PM10,3403
30.190001,44.980000,4.790000,10.920000,0.570000,88.040001,4.210000,2.410000,283.660004,53.070000,80431.226562,25.52,99.53,44.980000,PM10,3404
29.750000,40.139999,4.820000,8.500000,0.550000,92.430000,4.600000,2.460000,282.320007,59.810001,79241.687500,25.53,99.68,42.500000,PM2.5,3405
31.629999,37.549999,5.200000,8.250000,0.570000,90.190002,4.010000,2.750000,282.100006,66.449997,79725.679688,25.53,99.83,45.185715,PM2.5,3406
31.330000,34.450001,6.410000,7.930000,0.560000,87.989998,3.090000,3.010000,282.720001,68.580002,80633.007812,25.54,99.98,44.757141,PM2.5,3407
31.010000,32.619999,7.240000,6.850000,0.560000,82.800003,4.360000,4.400000,281.320007,71.599998,78440.437500,25.55,100.13,44.299999,PM2.5,3408
30.709999,32.310001,6.640000,5.210000,0.520000,82.400002,6.410000,5.080000,280.119995,74.550003,76691.992188,25.55,100.28,43.871426,PM2.5,3409
30.610001,32.200001,6.700000,4.860000,0.530000,82.199997,5.890000,5.170000,280.829987,74.029999,77398.937500,25.56,100.43,43.728573,PM2.5,3410
30.070000,32.660000,6.240000,4.170000,0.530000,77.440002,3.990000,5.500000,282.989990,69.680000,79903.273438,25.56,100.58,42.957142,PM2.5,3411
28.139999,31.420000,5.780000,3.240000,0.490000,80.680000,3.470000,4.550000,283.559998,69.309998,80458.398438,25.57,100.73,40.200001,PM2.5,3412
28.600000,33.049999,5.550000,2.970000,0.480000,77.290001,4.730000,6.250000,282.100006,74.559998,78971.726562,25.58,100.88,40.857143,PM2.5,3413
28.709999,33.689999,5.540000,2.460000,0.470000,78.230003,4.550000,6.250000,282.049988,75.260002,78914.960938,25.58,101.03,41.014286,PM2.5,3414
29.430000,35.820000,5.630000,2.610000,0.480000,73.889999,4.190000,8.260000,281.649994,77.760002,78813.226562,25.59,101.18,42.042858,PM2.5,3415
29.510000,36.060001,5.980000,2.720000,0.490000,75.309998,5.430000,7.190000,280.730011,80.099998,77561.203125,25.59,101.33,42.157143,PM2.5,3416
30.030001,38.279999,6.560000,3.670000,0.550000,68.540001,5.310000,7.770000,281.000000,81.919998,78388.921875,25.6,101.48,42.900002,PM2.5,3417
29.790001,39.049999,6.930000,4.320000,0.580000,65.650002,4.000000,8.130000,282.869995,76.790001,81787.046875,25.6,101.63,42.557144,PM2.5,3418
28.360001,38.049999,6.470000,4.380000,0.580000,65.099998,2.980000,8.080000,284.890015,70.190002,84693.726562,25.6,101.78,40.514286,PM2.5,3419
27.860001,37.990002,5.940000,4.290000,0.560000,64.709999,2.480000,8.640000,283.869995,72.709999,82786.328125,25.61,101.93,39.799999,PM2.5,3420
28.969999,40.549999,5.860000,5.340000,0.580000,61.549999,3.200000,9.100000,280.049988,86.070000,78064.656250,25.61,102.08,41.385712,PM2.5,3421
30.309999,43.590000,6.140000,8.300000,0.640000,57.549999,3.640000,7.230000,278.809998,91.160004,77424.882812,25.62,102.23,43.590000,PM10,3422
31.629999,46.830002,6.770000,11.880000,0.690000,52.049999,3.420000,5.760000,279.730011,87.940002,79287.671875,25.62,102.38,46.830002,PM10,3423
33.919998,53.110001,9.320000,21.190001,0.820000,41.130001,3.010000,5.250000,281.350006,80.440002,81179.140625,25.62,102.53,51.555000,PM10,3424
34.910000,56.029999,10.790000,26.629999,0.890000,34.549999,2.150000,5.510000,281.570007,78.550003,81362.710938,25.62,102.68,53.014999,PM10,3425
35.130001,55.840000,10.150000,23.930000,0.860000,36.439999,2.990000,6.240000,278.959991,88.080002,78393.398438,25.63,102.83,52.919998,PM10,3426
35.560001,56.349998,10.350000,24.459999,0.870000,35.900002,3.760000,6.900000,276.989990,94.480003,76644.656250,25.63,102.98,53.174999,PM10,3427
34.400002,54.619999,10.780000,22.530001,0.840000,39.230000,2.030000,6.490000,276.809998,94.099998,77698.656250,25.63,103.13,52.309998,PM10,3428
33.290001,53.419998,9.960000,16.809999,0.840000,43.220001,0.700000,6.090000,276.679993,94.040001,78940.718750,25.64,103.28,51.709999,PM10,3429
32.750000,52.720001,9.970000,15.480000,0.840000,43.950001,1.070000,6.350000,276.709991,93.139999,79402.710938,25.64,103.43,51.360001,PM10,3430
32.750000,53.820000,10.970000,17.059999,0.880000,41.709999,0.700000,6.040000,276.690002,92.239998,79779.203125,25.64,103.58,51.910000,PM10,3431
33.700001,57.430000,15.710000,30.650000,0.990000,32.950001,-0.350000,5.800000,276.709991,90.410004,80505.992188,25.64,103.73,53.715000,PM10,3432
34.480000,58.200001,17.690001,34.310001,0.990000,32.580002,-0.710000,5.780000,276.630005,88.930000,80607.250000,25.64,103.88,54.099998,PM10,3433
35.509998,59.730000,20.879999,27.000000,0.920000,35.900002,-1.390000,7.400000,275.720001,89.870003,79237.132812,25.64,104.03,54.864998,PM10,3434
37.330002,62.740002,22.830000,24.780001,0.950000,35.560001,-1.670000,5.830000,273.869995,96.000000,78459.609375,25.64,104.18,56.370003,PM10,3435
24.059999,38.189999,3.050000,7.860000,0.490000,56.450001,6.560000,1.510000,281.100006,52.500000,76242.882812,25.6,98.48,38.189999,PM10,3540
27.059999,44.520000,3.410000,11.010000,0.580000,59.900002,5.720000,2.450000,281.230011,52.919998,76901.070312,25.61,98.63,44.520000,PM10,3541
26.950001,43.900002,3.450000,10.620000,0.560000,64.150002,7.180000,3.090000,281.179993,52.580002,76598.093750,25.62,98.78,43.900002,PM10,3542
27.040001,44.560001,3.500000,11.060000,0.560000,65.459999,6.190000,2.680000,282.700012,49.480000,78887.453125,25.63,98.93,44.560001,PM10,3543
27.980000,46.080002,4.120000,12.490000,0.580000,70.300003,6.390000,3.460000,281.989990,51.919998,78123.320312,25.63,99.08,46.080002,PM10,3544
28.700001,47.200001,4.290000,13.030000,0.580000,73.279999,7.010000,3.260000,283.130005,48.790001,79130.476562,25.64,99.23,47.200001,PM10,3545
28.150000,44.450001,4.070000,11.630000,0.550000,77.489998,4.530000,1.930000,284.279999,47.779999,80891.726562,25.65,99.38,44.450001,PM10,3546
28.270000,42.279999,4.020000,10.380000,0.540000,79.720001,4.990000,1.900000,282.130005,53.490002,78441.703125,25.66,99.53,42.279999,PM10,3547
28.480000,38.919998,4.190000,8.570000,0.530000,83.839996,7.090000,3.360000,280.410004,60.580002,76511.687500,25.66,99.68,40.685715,PM2.5,3548
29.660000,35.279999,4.690000,6.990000,0.540000,86.089996,5.850000,4.260000,280.619995,65.940002,77623.968750,25.67,99.83,42.371429,PM2.5,3549
29.740000,32.490002,6.190000,7.300000,0.550000,86.209999,4.550000,4.180000,281.239990,68.949997,78692.820312,25.68,99.98,42.485714,PM2.5,3550
31.650000,33.369999,8.330000,8.110000,0.620000,80.320000,6.290000,5.490000,280.390015,71.470001,77373.273438,25.68,100.13,45.214287,PM2.5,3551
30.629999,32.430000,7.300000,6.460000,0.560000,79.440002,8.140000,5.710000,280.700012,69.309998,77280.773438,25.69,100.28,43.757141,PM2.5,3552
30.510000,32.119999,7.340000,5.700000,0.570000,79.139999,6.120000,5.720000,282.950012,63.459999,79507.828125,25.69,100.43,43.585716,PM2.5,3553
29.480000,31.480000,6.640000,4.780000,0.550000,78.760002,2.960000,4.830000,284.350006,63.730000,81486.523438,25.7,100.58,42.114285,PM2.5,3554
28.459999,31.209999,5.910000,3.970000,0.520000,77.389999,3.650000,4.210000,282.209991,72.080002,79129.382812,25.71,100.72,40.657143,PM2.5,3555
27.980000,31.389999,5.600000,3.250000,0.480000,78.510002,5.860000,5.870000,280.670013,76.550003,77071.226562,25.71,100.87,39.971428,PM2.5,3556
27.650000,31.850000,5.490000,2.680000,0.470000,78.480003,5.140000,5.150000,281.989990,73.629997,78497.179688,25.72,101.02,39.500000,PM2.5,3557
27.889999,33.480000,5.540000,2.590000,0.470000,75.330002,4.980000,7.200000,282.820007,71.809998,79700.867188,25.72,101.17,39.842857,PM2.5,3558
28.080000,34.400002,5.940000,2.860000,0.490000,74.620003,6.380000,6.990000,282.250000,72.699997,79076.390625,25.73,101.32,40.114285,PM2.5,3559
28.280001,35.119999,6.360000,3.250000,0.520000,73.400002,5.230000,5.260000,281.950012,75.110001,79200.843750,25.73,101.47,40.400002,PM2.5,3560
28.410000,37.040001,6.740000,4.020000,0.560000,66.410004,3.050000,5.740000,284.619995,67.959999,83713.578125,25.73,101.62,40.585712,PM2.5,3561
26.950001,36.340000,6.480000,4.190000,0.570000,67.209999,2.260000,6.900000,286.899994,62.700001,87143.718750,25.74,101.77,38.500000,PM2.5,3562
27.420000,37.049999,5.980000,4.050000,0.560000,66.470001,3.090000,8.140000,284.899994,69.279999,84423.601562,25.74,101.92,39.171429,PM2.5,3563
28.290001,38.970001,5.890000,4.890000,0.570000,62.419998,3.650000,9.200000,281.950012,77.190002,80082.828125,25.75,102.07,40.414288,PM2.5,3564
29.910000,41.250000,6.370000,6.770000,0.600000,61.349998,2.740000,6.620000,279.399994,86.680000,77518.851562,25.75,102.22,42.728573,PM2.5,3565
32.459999,46.580002,6.890000,11.320000,0.670000,54.130001,2.450000,6.020000,278.519989,91.370003,77694.867188,25.75,102.37,46.580002,PM10,3566
34.540001,51.689999,8.810000,18.160000,0.760000,46.770000,2.320000,5.220000,279.950012,86.180000,80058.828125,25.76,102.52,50.845001,PM10,3567
34.910000,53.180000,9.760000,20.870001,0.790000,43.110001,2.350000,5.140000,279.869995,86.209999,80008.710938,25.76,102.67,51.590000,PM10,3568
35.299999,53.810001,9.670000,20.180000,0.790000,42.709999,4.150000,5.770000,277.950012,91.949997,77533.726562,25.76,102.82,51.904999,PM10,3569
35.470001,54.770000,10.070000,20.940001,0.820000,40.700001,4.660000,6.120000,277.399994,92.989998,77213.906250,25.77,102.97,52.385002,PM10,3570
33.980000,53.419998,10.520000,19.950001,0.800000,41.529999,2.150000,5.860000,278.190002,88.379997,78857.632812,25.77,103.12,51.709999,PM10,3571
33.200001,52.619999,10.150000,15.920000,0.800000,44.930000,0.980000,5.930000,277.769989,88.430000,79426.593750,25.77,103.27,51.309998,PM10,3572
32.919998,52.560001,10.200000,15.190000,0.820000,44.799999,1.560000,6.040000,276.980011,91.190002,79231.828125,25.77,103.42,51.279999,PM10,3573
33.160000,54.189999,11.610000,17.870001,0.860000,41.639999,0.480000,5.650000,276.579987,92.629997,79666.078125,25.77,103.57,52.095001,PM10,3574
34.520000,58.320000,17.090000,33.759998,0.970000,32.040001,-0.840000,5.420000,276.230011,92.760002,79968.882812,25.78,103.72,54.160000,PM10,3575
35.650002,59.830002,19.330000,38.330002,0.980000,30.900000,-0.590000,5.100000,275.790009,92.949997,79773.281250,25.78,103.87,54.915001,PM10,3576
36.200001,60.450001,23.709999,32.290001,0.920000,34.290001,-1.070000,6.150000,275.399994,91.529999,79277.773438,25.78,104.02,55.224998,PM10,3577
37.759998,62.919998,25.150000,27.750000,0.940000,35.430000,-1.750000,6.180000,273.989990,94.739998,78313.781250,25.78,104.17,56.459999,PM10,3578
40.169998,64.900002,20.799999,21.389999,0.960000,38.080002,-1.410000,4.990000,273.239990,96.559998,78477.750000,25.78,104.32,57.450001,PM10,3579
19.520000,29.320000,2.740000,5.240000,0.380000,57.880001,6.870000,0.170000,279.299988,58.389999,74651.523438,25.74,98.47,29.320000,PM10,3684
23.260000,37.049999,3.080000,8.900000,0.500000,58.650002,6.900000,1.400000,279.859985,55.259998,75181.242188,25.75,98.62,37.049999,PM10,3685
23.990000,38.540001,3.090000,9.770000,0.520000,59.970001,6.830000,1.310000,280.769989,52.709999,76150.046875,25.75,98.77,38.540001,PM10,3686
24.760000,40.220001,3.120000,10.630000,0.540000,61.910000,5.800000,0.060000,281.279999,53.029999,77287.296875,25.76,98.92,40.220001,PM10,3687
26.799999,44.730000,3.710000,12.990000,0.590000,63.959999,5.820000,0.470000,281.519989,53.320000,77749.390625,25.77,99.07,44.730000,PM10,3688
29.000000,48.790001,3.920000,14.600000,0.630000,66.919998,4.970000,0.970000,283.869995,47.480000,80940.867188,25.78,99.22,48.790001,PM10,3689
27.770000,42.880001,3.670000,12.050000,0.570000,74.050003,3.170000,1.910000,283.869995,47.950001,81145.593750,25.78,99.37,42.880001,PM10,3690
27.020000,38.570000,3.570000,9.340000,0.530000,76.260002,5.740000,2.940000,280.170013,57.029999,76262.140625,25.79,99.52,38.600002,PM2.5,3691
26.120001,34.070000,3.660000,7.640000,0.500000,81.989998,8.390000,4.100000,279.869995,56.369999,75095.437500,25.8,99.67,37.314285,PM2.5,3692
27.110001,32.180000,4.040000,6.660000,0.520000,79.919998,6.750000,4.900000,281.089996,56.330002,76940.539062,25.8,99.82,38.728573,PM2.5,3693
26.420000,28.760000,4.950000,6.020000,0.490000,82.379997,5.570000,4.560000,281.390015,60.580002,77895.093750,25.81,99.97,37.742859,PM2.5,3694
27.190001,28.559999,6.470000,6.400000,0.530000,80.290001,6.670000,5.350000,281.290009,62.740002,77852.617188,25.82,100.12,38.842857,PM2.5,3695
27.870001,29.750000,6.460000,5.710000,0.520000,78.190002,7.700000,5.090000,281.160004,64.080002,77573.500000,25.82,100.27,39.814285,PM2.5,3696
28.670000,30.360001,6.660000,5.510000,0.550000,76.940002,5.090000,5.180000,284.190002,57.849998,80987.656250,25.83,100.42,40.957142,PM2.5,3697
28.219999,30.290001,6.320000,4.870000,0.550000,77.099998,2.040000,5.410000,285.049988,59.369999,82456.367188,25.83,100.57,40.314285,PM2.5,3698
26.700001,28.900000,5.570000,3.640000,0.490000,77.800003,4.580000,5.050000,280.390015,72.970001,76737.851562,25.84,100.72,38.142857,PM2.5,3699
27.200001,30.180000,5.310000,3.430000,0.480000,75.790001,7.110000,5.720000,279.500000,77.019997,75552.593750,25.85,100.87,38.857143,PM2.5,3700
26.049999,29.480000,5.270000,2.860000,0.460000,78.059998,4.980000,4.050000,282.679993,68.949997,79007.101562,25.85,101.02,37.214283,PM2.5,3701
26.639999,31.400000,5.270000,2.760000,0.460000,75.040001,4.780000,5.630000,282.839996,70.410004,79612.156250,25.86,101.17,38.057140,PM2.5,3702
27.320000,32.919998,5.540000,2.870000,0.480000,74.089996,6.880000,6.810000,281.390015,76.169998,78288.406250,25.86,101.32,39.028572,PM2.5,3703
27.200001,33.180000,5.870000,2.940000,0.500000,74.690002,4.990000,4.130000,281.869995,74.120003,79239.093750,25.87,101.47,38.857143,PM2.5,3704
27.530001,35.790001,6.620000,3.830000,0.560000,68.190002,1.450000,3.690000,285.410004,63.970001,84610.906250,25.87,101.62,39.328571,PM2.5,3705
26.260000,35.150002,6.340000,3.910000,0.560000,68.559998,1.030000,5.920000,286.790009,62.070000,86709.578125,25.87,101.77,37.514286,PM2.5,3706
27.389999,36.709999,6.060000,3.990000,0.560000,66.360001,3.060000,7.570000,284.440002,70.220001,84021.460938,25.88,101.92,39.128571,PM2.5,3707
27.809999,37.700001,5.870000,4.640000,0.560000,63.290001,3.610000,8.370000,283.190002,72.400002,81856.609375,25.88,102.07,39.728569,PM2.5,3708
29.750000,40.689999,6.100000,6.030000,0.580000,62.680000,2.550000,7.060000,280.309998,81.379997,78313.742188,25.89,102.22,42.500000,PM2.5,3709
32.849998,46.009998,6.830000,9.610000,0.650000,55.680000,2.180000,6.550000,277.850006,92.320000,76585.812500,25.89,102.37,46.928570,PM2.5,3710
35.330002,50.830002,8.410000,15.210000,0.720000,51.959999,1.720000,6.340000,277.839996,93.870003,77737.242188,25.89,102.52,50.415001,PM10,3711
35.529999,51.619999,9.050000,17.100000,0.730000,50.439999,2.110000,6.150000,277.429993,95.059998,77235.171875,25.9,102.67,50.809998,PM10,3712
35.970001,52.459999,9.200000,16.650000,0.730000,49.490002,4.360000,5.450000,276.290009,96.589996,75664.429688,25.9,102.82,51.230000,PM10,3713
36.020000,53.860001,9.810000,18.959999,0.760000,46.860001,4.250000,4.970000,276.980011,94.239998,77192.648438,25.9,102.97,51.930000,PM10,3714
34.950001,53.610001,10.450000,18.680000,0.760000,45.750000,0.700000,4.340000,279.019989,86.000000,80542.992188,25.9,103.12,51.805000,PM10,3715
33.740002,51.910000,9.880000,14.400000,0.740000,49.470001,0.260000,4.180000,277.950012,88.209999,79716.976562,25.91,103.27,50.955002,PM10,3716
33.590000,52.590000,10.060000,14.780000,0.780000,46.369999,1.830000,5.140000,276.019989,96.000000,78193.046875,25.91,103.42,51.294998,PM10,3717
34.119999,54.900002,12.140000,17.809999,0.840000,42.639999,0.260000,5.160000,276.010010,95.250000,79235.906250,25.91,103.57,52.450001,PM10,3718
35.380001,58.180000,16.170000,28.469999,0.900000,36.619999,-1.330000,5.420000,275.730011,94.260002,79495.476562,25.91,103.72,54.090000,PM10,3719
36.790001,59.759998,17.850000,30.969999,0.900000,36.369999,-0.940000,5.180000,275.029999,95.779999,78950.617188,25.91,103.87,54.879997,PM10,3720
37.450001,60.189999,20.139999,27.950001,0.860000,38.450001,-0.630000,4.900000,274.799988,95.000000,79056.093750,25.91,104.02,55.095001,PM10,3721
38.310001,61.490002,21.150000,23.950001,0.850000,40.040001,-0.960000,5.160000,274.679993,92.209999,79045.281250,25.92,104.17,55.745003,PM10,3722
40.560001,63.119999,18.340000,18.900000,0.850000,42.279999,-1.690000,4.950000,274.359985,91.730003,79482.171875,25.92,104.32,56.950001,PM2.5,3723
23.080000,37.220001,2.850000,9.760000,0.500000,57.009998,5.490000,-0.080000,279.910004,58.660000,76511.890625,25.89,98.76,37.220001,PM10,3828
24.219999,39.660000,2.930000,11.780000,0.550000,62.259998,4.800000,-1.600000,280.010010,58.279999,76638.140625,25.9,98.91,39.660000,PM10,3829
25.420000,41.650002,3.330000,12.520000,0.590000,65.949997,5.770000,-2.400000,279.809998,57.290001,75791.093750,25.9,99.06,41.650002,PM10,3830
26.799999,43.560001,3.540000,12.940000,0.610000,68.080002,5.810000,-0.230000,281.679993,50.630001,77572.773438,25.91,99.21,43.560001,PM10,3831
27.180000,41.349998,3.430000,11.910000,0.590000,71.349998,4.320000,3.010000,282.119995,50.540001,78942.031250,25.92,99.36,41.349998,PM10,3832
26.209999,36.730000,3.350000,9.220000,0.540000,74.610001,6.760000,3.710000,280.040009,55.730000,76090.937500,25.93,99.51,37.442856,PM2.5,3833
25.760000,33.330002,3.350000,7.980000,0.530000,75.220001,9.060000,3.100000,280.769989,51.959999,76271.593750,25.93,99.66,36.799999,PM2.5,3834
24.889999,29.540001,3.470000,6.480000,0.500000,74.739998,7.230000,3.310000,281.940002,50.439999,77751.046875,25.94,99.81,35.557140,PM2.5,3835
23.650000,26.129999,3.840000,5.320000,0.460000,76.680000,5.950000,3.270000,281.410004,54.430000,77430.546875,25.95,99.96,33.785713,PM2.5,3836
22.860001,24.559999,4.330000,4.600000,0.440000,76.430000,6.550000,3.570000,282.010010,54.720001,78327.289062,25.95,100.11,32.657143,PM2.5,3837
24.610001,26.639999,5.040000,4.910000,0.470000,74.500000,7.160000,4.630000,282.049988,56.330002,78368.070312,25.96,100.26,35.157143,PM2.5,3838
26.570000,28.440001,5.640000,5.100000,0.510000,73.989998,4.900000,4.990000,284.200012,54.830002,80902.789062,25.96,100.41,37.957142,PM2.5,3839
26.700001,28.870001,5.670000,4.830000,0.530000,74.660004,2.950000,6.290000,284.950012,57.730000,82326.023438,25.97,100.56,38.142857,PM2.5,3840
25.379999,27.370001,5.350000,3.850000,0.490000,76.500000,5.700000,6.080000,281.570007,64.480003,77669.007812,25.98,100.71,36.257141,PM2.5,3841
25.040001,27.360001,5.110000,3.190000,0.460000,77.769997,6.740000,5.210000,280.709991,67.239998,76340.039062,25.98,100.86,35.771431,PM2.5,3842
24.889999,27.700001,5.020000,2.850000,0.440000,78.820000,4.850000,3.870000,281.100006,69.550003,77025.109375,25.99,101.01,35.557140,PM2.5,3843
25.480000,29.070000,5.000000,2.680000,0.440000,77.669998,5.770000,5.290000,280.100006,75.239998,76150.976562,25.99,101.16,36.399998,PM2.5,3844
26.110001,30.430000,5.230000,2.760000,0.460000,76.800003,6.500000,6.090000,280.100006,76.779999,76367.187500,26.0,101.31,37.299999,PM2.5,3845
26.000000,31.650000,6.000000,3.290000,0.500000,72.540001,3.900000,3.840000,281.540009,73.389999,78835.570312,26.0,101.46,37.142857,PM2.5,3846
27.379999,35.490002,6.810000,4.060000,0.570000,66.650002,0.980000,3.470000,284.230011,67.269997,83342.320312,26.0,101.61,39.114285,PM2.5,3847
26.920000,35.650002,6.640000,3.940000,0.570000,67.709999,0.880000,6.030000,284.660004,68.320000,84218.812500,26.01,101.77,38.457142,PM2.5,3848
27.809999,36.720001,6.120000,3.800000,0.560000,66.580002,2.880000,7.120000,283.420013,73.389999,83031.718750,26.01,101.92,39.728569,PM2.5,3849
27.620001,36.880001,5.940000,4.130000,0.550000,64.989998,3.760000,7.300000,283.739990,71.080002,83214.937500,26.02,102.07,39.457146,PM2.5,3850
28.980000,38.930000,5.880000,5.040000,0.560000,65.839996,3.490000,8.440000,281.869995,74.940002,80040.812500,26.02,102.22,41.399998,PM2.5,3851
32.230000,43.720001,6.440000,7.160000,0.600000,60.570000,3.780000,8.410000,277.790009,91.059998,75511.367188,26.02,102.37,46.042858,PM2.5,3852
35.459999,49.180000,8.010000,11.190000,0.670000,57.360001,3.000000,8.650000,276.390015,96.879997,74986.976562,26.03,102.52,50.574997,PM2.5,3853
35.290001,49.740002,8.730000,13.310000,0.680000,55.240002,1.920000,9.240000,276.769989,96.449997,75745.398438,26.03,102.67,50.362503,PM2.5,3854
35.459999,49.700001,8.710000,12.550000,0.650000,56.369999,4.890000,7.990000,274.920013,99.209999,72815.296875,26.03,102.82,50.574997,PM2.5,3855
36.380001,52.759998,9.590000,15.110000,0.690000,53.820000,5.000000,6.980000,275.519989,97.480003,74499.343750,26.04,102.97,51.725002,PM2.5,3856
35.619999,53.200001,10.330000,15.470000,0.700000,54.820000,0.030000,5.630000,278.380005,87.750000,79383.093750,26.04,103.12,51.599998,PM10,3857
33.279999,48.669998,8.970000,11.380000,0.640000,56.919998,1.960000,4.340000,276.149994,94.050003,76018.757812,26.04,103.27,48.669998,PM10,3858
34.060001,50.939999,9.540000,12.030000,0.700000,53.560001,5.050000,5.930000,274.619995,98.389999,75056.523438,26.04,103.42,50.470001,PM10,3859
34.540001,54.450001,12.060000,15.740000,0.790000,46.520000,1.440000,5.830000,275.890015,94.839996,78867.882812,26.04,103.57,52.224998,PM10,3860
35.720001,57.340000,15.160000,23.170000,0.840000,42.139999,-1.160000,6.120000,275.850006,92.180000,79532.117188,26.05,103.72,53.669998,PM10,3861
37.070000,58.779999,16.400000,25.990000,0.830000,41.580002,-1.540000,5.960000,275.049988,93.980003,78928.296875,26.05,103.87,54.389999,PM10,3862
38.130001,60.139999,18.650000,28.600000,0.810000,40.490002,-1.490000,4.800000,274.089996,96.449997,78562.000000,26.05,104.02,55.070000,PM10,3863
39.970001,61.900002,19.200001,27.510000,0.790000,41.340000,-1.010000,3.920000,274.049988,95.070000,78953.296875,26.05,104.17,56.212502,PM2.5,3864
41.639999,62.130001,16.780001,18.370001,0.750000,46.439999,-1.800000,3.730000,275.019989,89.970001,80724.671875,26.05,104.32,58.299999,PM2.5,3865
18.910000,29.700001,2.600000,7.360000,0.420000,66.209999,3.060000,1.100000,279.170013,61.810001,76436.843750,26.02,98.75,29.700001,PM10,3969
19.600000,30.730000,2.580000,8.810000,0.460000,74.709999,2.940000,-0.280000,279.359985,59.599998,76206.460938,26.03,98.9,30.730000,PM10,3970
21.389999,33.389999,2.700000,9.290000,0.500000,74.820000,6.160000,-1.160000,276.980011,63.689999,72981.328125,26.04,99.05,33.389999,PM10,3971
21.469999,32.660000,2.690000,8.560000,0.490000,76.330002,9.100000,0.810000,277.329987,56.270000,72200.671875,26.05,99.2,32.660000,PM10,3972
22.480000,32.810001,2.860000,8.980000,0.510000,75.699997,6.660000,3.450000,280.709991,48.549999,76104.781250,26.05,99.35,32.810001,PM10,3973
23.740000,32.820000,2.920000,8.530000,0.530000,73.690002,6.460000,3.440000,280.329987,50.910000,76175.148438,26.06,99.5,33.914284,PM2.5,3974
23.629999,30.320000,2.940000,7.360000,0.510000,73.650002,8.760000,2.750000,279.200012,54.150002,74875.742188,26.07,99.65,33.757141,PM2.5,3975
22.000000,25.730000,3.010000,6.080000,0.480000,75.889999,7.350000,2.690000,280.570007,51.560001,76300.601562,26.07,99.8,31.428572,PM2.5,3976
21.520000,24.350000,3.120000,5.300000,0.450000,73.169998,6.610000,2.360000,280.399994,53.110001,76353.023438,26.08,99.95,30.742857,PM2.5,3977
20.240000,22.600000,3.140000,3.880000,0.400000,72.790001,8.160000,2.690000,280.200012,55.070000,75974.359375,26.09,100.1,28.914286,PM2.5,3978
21.080000,23.500000,3.640000,4.060000,0.410000,71.400002,7.340000,4.130000,283.299988,49.150002,79504.140625,26.09,100.26,30.114286,PM2.5,3979
23.620001,25.820000,4.490000,4.720000,0.470000,70.580002,4.000000,4.290000,286.750000,46.110001,84007.992188,26.1,100.41,33.742859,PM2.5,3980
24.889999,27.280001,4.970000,4.700000,0.500000,72.199997,2.920000,5.670000,286.140015,52.730000,83822.093750,26.11,100.56,35.557140,PM2.5,3981
24.400000,26.660000,4.840000,4.040000,0.490000,72.239998,5.820000,5.760000,283.029999,60.029999,79762.726562,26.11,100.71,34.857143,PM2.5,3982
24.040001,26.440001,4.740000,3.520000,0.460000,74.050003,7.130000,5.030000,281.880005,62.029999,78139.156250,26.12,100.86,34.342857,PM2.5,3983
23.490000,25.980000,4.680000,2.840000,0.430000,77.250000,6.320000,5.040000,280.440002,67.839996,76302.046875,26.12,101.01,33.557144,PM2.5,3984
23.969999,26.770000,4.650000,2.490000,0.410000,78.750000,7.470000,5.560000,278.440002,73.400002,73737.320312,26.13,101.16,34.242855,PM2.5,3985
24.330000,28.500000,5.460000,3.300000,0.450000,72.570000,6.660000,4.280000,280.049988,70.300003,75847.281250,26.13,101.31,34.757141,PM2.5,3986
24.520000,30.330000,6.490000,4.010000,0.500000,68.809998,2.940000,2.810000,281.950012,68.940002,79531.156250,26.14,101.46,35.028572,PM2.5,3987
27.400000,35.560001,7.370000,4.690000,0.580000,64.250000,1.220000,4.530000,282.429993,73.089996,81321.601562,26.14,101.61,39.142857,PM2.5,3988
27.830000,36.980000,7.660000,4.540000,0.590000,65.300003,2.090000,7.080000,282.279999,76.089996,81540.343750,26.14,101.76,39.757141,PM2.5,3989
27.920000,36.959999,5.930000,4.150000,0.540000,68.839996,4.810000,8.330000,283.700012,69.110001,82785.343750,26.16,102.21,39.885715,PM2.5,3992
30.690001,40.580002,6.100000,5.320000,0.550000,66.440002,6.260000,9.600000,280.230011,79.360001,77732.437500,26.16,102.36,43.842857,PM2.5,3993
33.270000,44.779999,7.170000,7.680000,0.600000,63.400002,5.730000,9.570000,278.690002,84.500000,76190.437500,26.16,102.51,47.528572,PM2.5,3994
33.200001,45.480000,8.030000,9.420000,0.600000,63.040001,3.780000,10.720000,280.440002,78.489998,78815.726562,26.17,102.66,47.428574,PM2.5,3995
34.160000,46.689999,8.330000,9.780000,0.590000,63.139999,6.140000,10.800000,278.170013,82.239998,75330.359375,26.17,102.81,48.799999,PM2.5,3996
35.450001,50.980000,9.670000,11.530000,0.640000,59.720001,5.710000,7.910000,277.619995,83.970001,75150.648438,26.17,102.97,50.562500,PM2.5,3997
34.529999,51.040001,10.280000,12.700000,0.650000,61.369999,-0.150000,8.140000,279.250000,80.120003,78797.351562,26.17,103.12,50.520000,PM10,3998
32.099998,45.570000,8.610000,9.330000,0.570000,61.840000,3.970000,7.350000,275.380005,91.629997,73202.828125,26.18,103.27,45.857140,PM2.5,3999
33.570000,48.220001,9.070000,9.800000,0.630000,60.520000,7.780000,7.280000,274.850006,92.610001,72885.273438,26.18,103.42,48.220001,PM10,4000
34.189999,52.450001,11.640000,13.580000,0.730000,51.419998,2.040000,6.320000,276.809998,88.440002,78678.062500,26.18,103.57,51.224998,PM10,4001
35.900002,56.419998,14.200000,20.150000,0.780000,46.660000,-1.050000,6.440000,276.420013,88.239998,79868.000000,26.18,103.72,53.209999,PM10,4002
37.200001,57.590000,14.970000,23.070000,0.770000,46.009998,-1.600000,6.400000,275.510010,89.669998,79253.468750,26.18,103.87,53.794998,PM10,4003
38.849998,59.779999,17.219999,28.340000,0.760000,43.180000,-1.850000,5.990000,274.079987,93.830002,78119.406250,26.18,104.02,54.889999,PM10,4004
41.689999,62.400002,17.940001,28.540001,0.740000,43.299999,-1.430000,4.930000,273.450012,95.870003,78154.882812,26.19,104.17,58.362499,PM2.5,4005
42.990002,61.900002,15.880000,18.540001,0.690000,49.009998,-1.760000,3.780000,274.640015,90.680000,80351.609375,26.19,104.32,59.987503,PM2.5,4006
43.790001,61.220001,15.120000,16.430000,0.660000,51.250000,-2.100000,3.900000,274.500000,89.809998,80461.882812,26.19,104.47,60.987503,PM2.5,4007
17.200001,26.290001,2.460000,5.750000,0.370000,68.669998,3.750000,3.030000,278.209991,62.880001,75364.007812,26.16,98.74,26.290001,PM10,4111
18.030001,27.440001,2.500000,7.390000,0.430000,77.230003,2.260000,2.600000,278.700012,60.250000,75423.398438,26.17,98.89,27.440001,PM10,4112
19.799999,30.090000,2.540000,7.950000,0.470000,76.199997,6.540000,2.250000,275.399994,67.500000,71545.023438,26.17,99.04,30.090000,PM10,4113
18.879999,27.629999,2.450000,6.680000,0.440000,78.730003,10.560000,2.690000,275.359985,57.090000,70165.000000,26.18,99.19,27.629999,PM10,4114
19.309999,27.420000,2.580000,7.310000,0.470000,77.610001,7.340000,2.580000,279.290009,46.090000,73993.398438,26.19,99.35,27.585714,PM2.5,4115
20.730000,28.320000,2.640000,7.310000,0.490000,74.959999,6.250000,2.970000,278.970001,49.259998,74251.390625,26.2,99.5,29.614285,PM2.5,4116
20.969999,27.250000,2.680000,6.440000,0.490000,74.199997,9.410000,3.840000,277.329987,54.599998,72493.921875,26.2,99.65,29.957142,PM2.5,4117
19.350000,23.290001,2.710000,5.410000,0.450000,76.730003,7.890000,3.280000,279.029999,50.869999,74073.781250,26.21,99.8,27.642859,PM2.5,4118
19.190001,22.440001,2.750000,4.830000,0.430000,73.620003,7.140000,2.930000,278.250000,55.070000,73683.890625,26.22,99.95,27.414286,PM2.5,4119
18.969999,21.780001,2.730000,3.750000,0.390000,73.129997,10.250000,3.780000,276.720001,59.869999,71791.953125,26.22,100.1,27.099998,PM2.5,4120
19.030001,21.480000,3.070000,3.700000,0.380000,72.690002,6.900000,3.810000,282.209991,47.799999,77606.101562,26.23,100.25,27.185715,PM2.5,4121
22.389999,25.080000,3.940000,4.840000,0.460000,70.099998,1.220000,2.830000,286.339996,47.119999,84329.843750,26.23,100.4,31.985714,PM2.5,4122
23.610001,26.260000,4.490000,4.680000,0.480000,71.190002,1.700000,5.160000,285.519989,53.230000,83524.046875,26.24,100.55,33.728573,PM2.5,4123
23.830000,26.280001,4.470000,4.100000,0.470000,70.029999,5.380000,5.500000,281.230011,64.849998,78053.742188,26.25,100.7,34.042858,PM2.5,4124
23.270000,25.549999,4.460000,3.720000,0.440000,72.879997,7.340000,4.910000,279.809998,68.430000,76216.046875,26.25,100.85,33.242859,PM2.5,4125
22.260000,25.200001,4.670000,3.560000,0.430000,72.570000,7.320000,4.990000,281.059998,64.440002,77827.500000,26.26,101.0,31.800001,PM2.5,4126
21.850000,25.299999,5.380000,3.600000,0.430000,73.779999,6.610000,3.890000,280.549988,64.910004,76727.453125,26.26,101.15,31.214287,PM2.5,4127
24.799999,32.220001,9.920000,6.680000,0.550000,66.330002,4.870000,0.890000,281.279999,65.150002,78731.148438,26.27,101.3,35.428570,PM2.5,4128
25.639999,34.529999,9.940000,6.920000,0.580000,62.930000,3.080000,1.280000,282.790009,64.029999,81478.757812,26.27,101.45,36.628571,PM2.5,4129
30.270000,40.220001,6.410000,5.630000,0.540000,68.930000,5.520000,6.000000,282.829987,68.400002,80669.906250,26.3,102.51,43.242859,PM2.5,4136
32.900002,45.450001,8.630000,8.100000,0.580000,65.400002,5.020000,8.110000,281.059998,73.250000,79244.359375,26.3,102.81,47.000004,PM2.5,4138
35.340000,53.610001,12.730000,10.070000,0.680000,59.779999,3.080000,2.820000,280.940002,73.269997,80320.617188,26.31,102.96,51.805000,PM10,4139
33.910000,51.330002,11.630000,11.740000,0.650000,63.340000,0.650000,6.290000,281.600006,71.540001,81622.851562,26.31,103.11,50.665001,PM10,4140
32.150002,45.419998,9.530000,8.980000,0.560000,65.889999,5.970000,8.920000,277.839996,80.029999,75571.781250,26.31,103.26,45.928574,PM2.5,4141
33.009998,46.759998,9.640000,9.570000,0.590000,64.279999,7.720000,5.830000,276.459991,83.279999,73749.992188,26.31,103.42,47.157139,PM2.5,4142
34.759998,51.430000,11.170000,12.330000,0.670000,55.959999,1.160000,4.820000,276.489990,84.529999,77703.617188,26.32,103.57,50.715000,PM10,4143
37.830002,56.820000,12.790000,17.610001,0.720000,51.650002,-1.360000,5.380000,276.000000,88.660004,79878.093750,26.32,103.72,53.537502,PM2.5,4144
38.889999,57.630001,13.350000,19.799999,0.710000,50.990002,-1.330000,5.520000,275.760010,88.589996,79874.937500,26.32,103.87,54.862499,PM2.5,4145
40.360001,59.470001,15.320000,24.889999,0.700000,47.840000,-1.300000,5.660000,275.149994,88.919998,79192.523438,26.32,104.02,56.700001,PM2.5,4146
42.560001,61.480000,16.320000,25.459999,0.690000,47.270000,-1.690000,5.310000,274.859985,88.870003,79386.101562,26.32,104.17,59.450001,PM2.5,4147
44.070000,61.619999,15.190000,18.120001,0.650000,51.000000,-1.940000,4.470000,274.489990,89.730003,79754.617188,26.32,104.32,61.337502,PM2.5,4148
45.130001,61.270000,15.060000,15.820000,0.630000,52.740002,-2.350000,4.120000,274.290009,90.169998,80065.656250,26.32,104.47,62.662502,PM2.5,4149
16.520000,24.450001,2.320000,4.560000,0.330000,68.279999,5.080000,3.930000,277.839996,60.639999,74430.289062,26.29,98.73,24.450001,PM10,4253
18.700001,28.309999,2.500000,7.210000,0.430000,74.820000,2.070000,4.720000,279.410004,56.410000,76041.203125,26.3,98.89,28.309999,PM10,4254
19.110001,28.549999,2.470000,7.120000,0.450000,74.290001,7.380000,4.320000,275.850006,63.880001,71948.828125,26.31,99.04,28.549999,PM10,4255
17.850000,25.450001,2.420000,6.130000,0.430000,77.870003,11.140000,3.890000,276.010010,55.880001,71185.867188,26.32,99.19,25.500000,PM2.5,4256
17.930000,24.980000,2.500000,6.510000,0.450000,77.269997,8.420000,2.040000,277.519989,49.740002,72568.546875,26.32,99.34,25.614286,PM2.5,4257
18.639999,25.360001,2.560000,6.460000,0.470000,74.849998,8.560000,2.970000,276.440002,52.599998,71500.406250,26.33,99.49,26.628571,PM2.5,4258
17.830000,23.350000,2.610000,5.600000,0.460000,77.379997,9.330000,4.000000,278.149994,47.439999,72757.062500,26.34,99.64,25.471428,PM2.5,4259
17.400000,21.860001,2.650000,5.280000,0.450000,76.070000,6.450000,3.230000,279.799988,44.950001,74656.851562,26.34,99.79,24.857141,PM2.5,4260
17.650000,21.500000,2.600000,4.730000,0.420000,73.070000,7.500000,3.900000,277.410004,53.099998,72504.671875,26.35,99.94,25.214285,PM2.5,4261
17.660000,21.000000,2.500000,3.690000,0.380000,72.809998,11.200000,4.270000,276.230011,55.470001,70741.843750,26.36,100.09,25.228571,PM2.5,4262
18.580000,21.860001,2.690000,4.120000,0.390000,69.910004,6.890000,3.290000,281.299988,46.090000,76229.890625,26.36,100.24,26.542856,PM2.5,4263
21.540001,24.780001,3.370000,5.610000,0.460000,70.190002,1.000000,2.610000,283.350006,52.680000,80696.968750,26.37,100.39,30.771429,PM2.5,4264
23.370001,26.430000,4.250000,4.940000,0.480000,70.879997,1.980000,5.970000,282.760010,58.900002,80324.523438,26.38,100.54,33.385715,PM2.5,4265
22.799999,25.340000,4.310000,4.020000,0.440000,71.279999,5.120000,6.330000,280.769989,63.230000,77393.359375,26.38,100.69,32.571426,PM2.5,4266
22.250000,24.660000,4.340000,3.530000,0.420000,73.190002,6.800000,4.530000,279.160004,66.300003,75297.046875,26.39,100.85,31.785715,PM2.5,4267
21.059999,24.410000,5.220000,3.800000,0.430000,71.730003,5.530000,3.320000,281.190002,61.509998,78306.320312,26.39,101.0,30.085714,PM2.5,4268
22.230000,28.709999,8.250000,6.230000,0.520000,66.000000,3.070000,1.760000,282.059998,62.290001,81127.273438,26.4,101.15,31.757143,PM2.5,4269
32.250000,47.209999,17.760000,12.050000,0.750000,60.290001,2.210000,-0.800000,283.399994,60.480000,84181.828125,26.4,101.3,47.209999,PM10,4270
34.700001,53.209999,22.520000,15.050000,0.850000,56.980000,2.400000,-0.100000,283.929993,60.840000,84717.968750,26.41,101.45,51.605000,PM10,4271
33.290001,50.220001,21.830000,15.650000,0.830000,55.590000,2.350000,2.060000,282.510010,68.820000,81771.171875,26.41,101.6,50.110001,PM10,4272
36.779999,52.630001,12.850000,10.040000,0.640000,67.190002,0.140000,2.570000,280.179993,76.839996,81366.117188,26.44,103.11,52.224998,PM2.5,4282
34.799999,48.509998,12.140000,9.540000,0.590000,65.629997,3.420000,6.110000,277.950012,81.099998,77491.210938,26.45,103.26,49.714283,PM2.5,4283
35.770000,49.990002,11.420000,9.530000,0.590000,65.309998,3.900000,3.680000,276.359985,82.690002,76107.109375,26.45,103.41,50.962502,PM2.5,4284
36.340000,51.200001,10.840000,10.320000,0.610000,61.880001,-0.240000,3.960000,276.100006,82.589996,77435.546875,26.45,103.56,51.674999,PM2.5,4285
40.459999,57.279999,11.940000,14.130000,0.650000,57.750000,-2.600000,4.870000,275.640015,88.239998,79383.523438,26.45,103.72,56.824997,PM2.5,4286
41.900002,58.369999,12.270000,15.800000,0.640000,56.509998,-2.220000,4.640000,275.529999,88.580002,79906.781250,26.45,103.87,58.625000,PM2.5,4287
43.169998,59.759998,13.750000,19.809999,0.640000,53.180000,-1.470000,4.140000,275.459991,88.099998,79969.007812,26.46,104.02,60.212498,PM2.5,4288
44.450001,61.029999,14.920000,21.530001,0.640000,51.189999,-1.530000,4.030000,275.589996,86.480003,80355.203125,26.46,104.17,61.812500,PM2.5,4289
46.040001,62.060001,14.890000,17.510000,0.620000,52.610001,-1.950000,4.390000,274.850006,88.120003,79995.656250,26.46,104.32,63.800003,PM2.5,4290
46.700001,61.639999,15.100000,14.830000,0.610000,54.490002,-2.720000,4.190000,274.820007,89.129997,80875.882812,26.46,104.47,64.625000,PM2.5,4291
46.830002,60.849998,15.430000,13.670000,0.600000,55.360001,-3.220000,4.080000,274.720001,90.690002,81947.820312,26.46,104.62,64.787506,PM2.5,4292
18.959999,28.049999,2.510000,6.120000,0.400000,73.400002,1.830000,4.470000,279.190002,55.740002,75866.460938,26.44,98.88,28.049999,PM10,4392
18.770000,27.629999,2.470000,6.100000,0.420000,73.309998,7.920000,4.640000,275.630005,62.520000,71513.273438,26.44,99.03,27.629999,PM10,4393
18.030001,26.010000,2.440000,5.730000,0.430000,74.529999,11.600000,4.370000,276.440002,55.570000,71711.046875,26.45,99.18,26.010000,PM10,4394
17.240000,23.950001,2.470000,5.400000,0.440000,76.860001,8.920000,2.400000,276.739990,53.259998,71930.796875,26.46,99.33,24.628571,PM2.5,4395
17.770000,24.580000,2.570000,5.550000,0.470000,75.099998,10.070000,2.600000,275.239990,56.060001,70230.546875,26.47,99.48,25.385715,PM2.5,4396
17.850000,24.590000,2.780000,5.800000,0.500000,74.339996,11.100000,2.630000,277.959991,47.180000,72624.507812,26.47,99.63,25.500000,PM2.5,4397
17.660000,23.559999,2.700000,5.630000,0.490000,72.959999,8.290000,2.850000,279.940002,42.750000,74922.562500,26.48,99.78,25.228571,PM2.5,4398
17.719999,22.629999,2.580000,4.960000,0.450000,71.480003,8.480000,4.010000,278.760010,46.689999,74003.953125,26.49,99.93,25.314285,PM2.5,4399
17.750000,21.820000,2.530000,4.150000,0.410000,70.970001,10.820000,3.280000,277.519989,49.130001,72287.070312,26.49,100.08,25.357143,PM2.5,4400
18.450001,22.350000,2.670000,4.500000,0.410000,68.959999,7.650000,2.340000,281.100006,43.180000,76230.437500,26.5,100.24,26.357143,PM2.5,4401
20.639999,24.260000,3.090000,5.130000,0.440000,70.050003,3.360000,2.980000,282.010010,51.020000,78868.296875,26.5,100.39,29.485714,PM2.5,4402
22.660000,26.160000,3.900000,5.040000,0.470000,70.000000,3.620000,5.790000,281.480011,58.869999,78573.687500,26.51,100.54,32.371429,PM2.5,4403
22.469999,25.770000,4.180000,4.610000,0.450000,69.809998,4.200000,5.240000,282.019989,57.740002,79215.703125,26.52,100.69,32.099998,PM2.5,4404
21.540001,24.740000,4.450000,4.120000,0.420000,71.209999,4.790000,3.290000,280.549988,60.480000,77376.593750,26.52,100.84,30.771429,PM2.5,4405
21.709999,26.830000,5.760000,5.080000,0.470000,68.610001,4.670000,2.090000,280.350006,62.700001,77872.976562,26.53,100.99,31.014284,PM2.5,4406
25.459999,35.410000,11.750000,9.430000,0.620000,63.290001,2.310000,1.740000,282.239990,60.430000,81527.132812,26.53,101.14,36.371426,PM2.5,4407
35.439999,55.060001,23.879999,16.740000,0.880000,58.189999,-0.030000,-0.870000,283.820007,58.369999,84947.179688,26.54,101.29,52.529999,PM10,4408
40.490002,55.279999,14.370000,9.340000,0.660000,66.300003,-1.270000,2.830000,277.000000,86.900002,78161.406250,26.58,103.11,56.862503,PM2.5,4420
38.599998,52.080002,12.710000,8.540000,0.600000,66.070000,1.770000,3.790000,274.829987,92.400002,75793.640625,26.58,103.26,54.500000,PM2.5,4421
37.189999,50.419998,10.950000,8.270000,0.570000,67.430000,3.180000,2.870000,275.850006,84.680000,77441.281250,26.58,103.41,52.737499,PM2.5,4422
37.540001,51.150002,10.650000,9.250000,0.570000,65.379997,0.170000,3.660000,276.839996,80.709999,78779.578125,26.59,103.56,53.175003,PM2.5,4423
41.410000,56.279999,11.540000,12.030000,0.610000,62.259998,-2.710000,5.480000,275.809998,85.389999,78997.679688,26.59,103.71,58.012501,PM2.5,4424
47.400002,62.919998,13.980000,19.639999,0.610000,54.320000,-1.220000,3.800000,274.500000,89.820000,78979.171875,26.59,104.17,65.500000,PM2.5,4427
48.529999,64.099998,14.260000,17.580000,0.610000,55.060001,-1.480000,3.980000,275.119995,88.070000,80270.179688,26.59,104.32,66.912498,PM2.5,4428
48.730000,64.150002,14.470000,16.070000,0.610000,56.529999,-2.320000,4.060000,275.100006,88.349998,81145.273438,26.59,104.47,67.162498,PM2.5,4429
15.370000,21.320000,2.380000,3.500000,0.310000,74.959999,3.370000,3.550000,277.600006,60.910000,74289.476562,26.57,98.87,21.957142,PM2.5,4530
16.020000,22.930000,2.390000,4.160000,0.360000,74.050003,8.670000,4.440000,274.880005,64.690002,70606.289062,26.58,99.02,22.930000,PM10,4531
16.600000,23.969999,2.440000,4.690000,0.420000,73.760002,10.950000,3.840000,277.100006,53.869999,72215.960938,26.59,99.17,23.969999,PM10,4532
16.959999,23.840000,2.530000,4.890000,0.470000,75.699997,7.730000,1.880000,277.299988,53.279999,72528.742188,26.59,99.32,24.228571,PM2.5,4533
17.969999,25.139999,2.830000,5.400000,0.520000,76.410004,8.830000,1.040000,275.230011,58.869999,70450.882812,26.6,99.47,25.671427,PM2.5,4534
18.990000,26.530001,3.390000,6.280000,0.580000,77.980003,9.840000,1.220000,276.230011,54.209999,71074.296875,26.61,99.62,27.128571,PM2.5,4535
19.180000,25.809999,3.140000,6.220000,0.560000,76.470001,7.380000,2.520000,277.839996,49.110001,72745.671875,26.62,99.77,27.400000,PM2.5,4536
19.690001,25.629999,2.850000,5.820000,0.520000,72.760002,7.310000,3.430000,278.279999,47.779999,73583.742188,26.62,99.93,28.128572,PM2.5,4537
19.700001,24.549999,2.920000,5.180000,0.480000,71.839996,9.650000,2.860000,277.130005,49.860001,72142.687500,26.63,100.08,28.142859,PM2.5,4538
19.260000,23.410000,3.040000,5.200000,0.440000,72.059998,7.310000,1.620000,280.290009,44.020000,75524.531250,26.63,100.23,27.514286,PM2.5,4539
20.340000,24.299999,3.220000,5.520000,0.460000,71.410004,3.810000,2.210000,281.839996,47.220001,78798.843750,26.64,100.38,29.057142,PM2.5,4540
21.719999,25.709999,3.760000,5.450000,0.480000,70.089996,3.430000,4.040000,281.299988,54.230000,78388.750000,26.65,100.53,31.028570,PM2.5,4541
21.570000,25.420000,3.970000,5.100000,0.460000,70.680000,2.650000,3.430000,281.459991,56.070000,78844.523438,26.65,100.68,30.814285,PM2.5,4542
21.400000,25.209999,4.050000,4.570000,0.430000,70.690002,4.580000,2.740000,278.799988,62.669998,75547.742188,26.66,100.83,30.571428,PM2.5,4543
21.799999,27.110001,5.040000,5.130000,0.470000,69.849998,6.550000,2.920000,277.709991,67.230003,74375.890625,26.66,100.98,31.142857,PM2.5,4544
24.320000,33.630001,10.160000,8.100000,0.580000,66.379997,2.940000,2.360000,281.299988,59.230000,79446.898438,26.67,101.14,34.742855,PM2.5,4545
35.220001,56.040001,22.400000,16.799999,0.900000,59.529999,-0.970000,-1.160000,282.450012,61.130001,83003.773438,26.67,101.29,53.020000,PM10,4546
39.060001,64.790001,32.349998,25.020000,1.040000,53.020000,-2.610000,-2.190000,282.029999,66.220001,82897.562500,26.68,101.44,57.395000,PM10,4547
39.580002,53.470001,14.220000,7.780000,0.660000,66.379997,-0.690000,3.780000,277.709991,80.180000,79484.617188,26.71,103.11,55.725002,PM2.5,4558
38.970001,51.910000,12.500000,7.730000,0.610000,67.230003,1.600000,4.110000,274.070007,93.190002,75306.007812,26.72,103.26,54.962502,PM2.5,4559
37.830002,50.599998,10.890000,7.820000,0.580000,67.669998,2.780000,2.370000,275.179993,86.779999,77389.789062,26.72,103.41,53.537502,PM2.5,4560
38.619999,51.660000,10.550000,8.930000,0.570000,66.250000,0.860000,2.440000,277.299988,80.190002,79998.429688,26.72,103.56,54.524998,PM2.5,4561
41.790001,55.299999,11.080000,10.970000,0.580000,64.260002,-1.300000,4.920000,277.070007,79.720001,79999.359375,26.72,103.71,58.487503,PM2.5,4562
13.820000,18.770000,2.290000,2.470000,0.270000,72.300003,5.150000,3.730000,276.709991,65.910004,73665.476562,26.71,98.86,19.742857,PM2.5,4668
14.290000,20.309999,2.330000,2.930000,0.330000,72.500000,9.220000,3.950000,274.730011,68.139999,70735.226562,26.71,99.01,20.414286,PM2.5,4669
15.190000,22.040001,2.400000,3.760000,0.410000,71.029999,9.310000,2.630000,277.739990,54.810001,73251.593750,26.72,99.16,22.040001,PM10,4670
16.850000,24.190001,2.580000,4.610000,0.490000,72.720001,5.340000,0.730000,277.619995,55.790001,73544.492188,26.73,99.31,24.190001,PM10,4671
18.270000,26.020000,2.940000,5.410000,0.560000,73.230003,7.580000,-0.480000,274.700012,64.739998,70536.703125,26.74,99.46,26.100000,PM2.5,4672
17.740000,25.160000,3.360000,5.660000,0.570000,77.389999,10.660000,0.510000,274.609985,61.419998,69729.500000,26.74,99.62,25.342857,PM2.5,4673
18.260000,25.070000,3.220000,6.070000,0.570000,75.739998,8.460000,2.340000,276.739990,53.320000,71703.906250,26.75,99.77,26.085714,PM2.5,4674
19.299999,25.610001,2.930000,5.980000,0.540000,72.260002,7.040000,3.180000,277.739990,49.939999,72914.460938,26.76,99.92,27.571428,PM2.5,4675
19.680000,24.920000,3.230000,6.010000,0.510000,70.730003,8.510000,2.460000,277.399994,49.770000,72388.953125,26.76,100.07,28.114286,PM2.5,4676
18.920000,23.370001,3.420000,6.650000,0.470000,71.930000,6.670000,0.310000,279.480011,47.240002,75033.460938,26.77,100.22,27.028572,PM2.5,4677
19.370001,23.600000,3.380000,6.550000,0.470000,72.660004,4.030000,1.100000,280.450012,49.230000,77285.679688,26.78,100.37,27.671431,PM2.5,4678
20.240000,24.490000,3.660000,6.020000,0.470000,71.849998,3.210000,2.660000,280.399994,53.090000,77689.203125,26.78,100.52,28.914286,PM2.5,4679
19.959999,23.910000,3.740000,5.260000,0.440000,71.709999,2.200000,3.560000,280.619995,54.509998,77861.359375,26.79,100.68,28.514284,PM2.5,4680
20.360001,24.260000,3.750000,4.660000,0.420000,70.099998,5.550000,4.490000,277.019989,63.549999,73326.976562,26.79,100.83,29.085714,PM2.5,4681
20.959999,25.959999,4.370000,4.780000,0.440000,70.290001,8.340000,4.570000,275.959991,67.440002,71782.828125,26.8,100.98,29.942856,PM2.5,4682
23.860001,33.410000,8.580000,6.950000,0.560000,67.430000,3.060000,2.980000,280.109985,59.180000,77612.437500,26.8,101.13,34.085716,PM2.5,4683
35.459999,56.549999,17.330000,13.500000,0.860000,63.310001,-1.800000,-0.610000,281.470001,61.910000,82328.531250,26.81,101.28,53.275002,PM10,4684
37.580002,52.169998,15.560000,7.160000,0.760000,72.349998,-1.970000,0.270000,281.649994,64.510002,86542.046875,26.85,102.95,53.225002,PM2.5,4695
37.130001,49.959999,13.630000,6.370000,0.650000,67.300003,-1.340000,2.260000,277.480011,76.959999,80189.960938,26.85,103.1,52.662502,PM2.5,4696
38.450001,51.180000,12.640000,6.920000,0.630000,68.160004,1.310000,3.390000,274.079987,90.199997,76136.093750,26.85,103.25,54.312500,PM2.5,4697
38.630001,51.580002,11.910000,7.870000,0.620000,66.940002,1.650000,1.660000,275.019989,86.459999,77830.109375,26.85,103.41,54.537502,PM2.5,4698
39.939999,53.330002,11.660000,9.170000,0.610000,66.160004,0.130000,1.390000,277.059998,81.150002,80561.203125,26.86,103.56,56.174999,PM2.5,4699
41.639999,55.209999,11.250000,10.530000,0.610000,65.500000,-0.900000,3.050000,277.390015,79.169998,80888.140625,26.86,103.71,58.299999,PM2.5,4700
13.170000,17.840000,2.280000,2.100000,0.270000,69.099998,5.350000,3.770000,276.880005,67.099998,74232.250000,26.84,98.85,18.814285,PM2.5,4806
13.770000,19.580000,2.370000,2.610000,0.330000,69.669998,8.670000,3.300000,274.670013,71.779999,71181.953125,26.85,99.0,19.671429,PM2.5,4807
14.450000,20.870001,2.410000,3.450000,0.420000,68.440002,8.040000,2.340000,277.660004,58.220001,73815.718750,26.86,99.15,20.870001,PM10,4808
16.590000,23.400000,2.600000,4.970000,0.520000,72.720001,3.480000,0.970000,277.869995,57.259998,74470.828125,26.86,99.3,23.700001,PM2.5,4809
16.650000,23.260000,2.560000,5.110000,0.550000,72.250000,7.140000,0.580000,273.630005,70.449997,69782.382812,26.87,99.46,23.785713,PM2.5,4810
15.070000,21.190001,2.530000,4.020000,0.520000,77.629997,11.920000,1.670000,272.609985,67.050003,67693.156250,26.88,99.61,21.528570,PM2.5,4811
15.170000,20.940001,2.570000,4.910000,0.510000,74.190002,8.330000,1.210000,276.350006,53.200001,71134.671875,26.89,99.76,21.671429,PM2.5,4812
16.209999,21.730000,2.730000,5.930000,0.490000,72.040001,4.040000,1.550000,279.220001,47.119999,74942.000000,26.89,99.91,23.157141,PM2.5,4813
18.379999,23.760000,3.880000,8.330000,0.530000,72.010002,4.550000,-0.160000,278.940002,48.840000,75080.101562,26.9,100.06,26.257141,PM2.5,4814
18.209999,23.200001,3.740000,8.420000,0.500000,71.980003,6.370000,-1.350000,277.850006,52.410000,73919.000000,26.9,100.21,26.014284,PM2.5,4815
17.820000,22.190001,3.640000,7.580000,0.470000,72.570000,6.300000,1.740000,276.940002,56.529999,73008.273438,26.91,100.37,25.457142,PM2.5,4816
18.400000,22.510000,3.600000,6.450000,0.450000,71.970001,3.940000,3.560000,278.260010,56.090000,74893.320312,26.92,100.52,26.285713,PM2.5,4817
18.230000,22.110001,3.420000,5.220000,0.410000,72.010002,2.470000,4.010000,279.470001,55.410000,76699.812500,26.92,100.67,26.042856,PM2.5,4818
18.740000,22.580000,3.390000,4.640000,0.390000,69.800003,5.830000,5.540000,277.529999,58.810001,73842.578125,26.93,100.82,26.771429,PM2.5,4819
19.440001,24.010000,3.780000,4.490000,0.410000,70.260002,8.880000,4.920000,276.309998,61.560001,72016.796875,26.93,100.97,27.771429,PM2.5,4820
22.650000,31.299999,6.730000,6.080000,0.510000,68.199997,4.680000,4.100000,277.779999,62.700001,74718.117188,26.94,101.13,32.357143,PM2.5,4821
36.189999,49.310001,14.740000,6.640000,0.720000,70.959999,-3.400000,0.380000,279.350006,68.949997,83500.117188,26.98,102.95,51.487499,PM2.5,4833
37.810001,50.139999,13.850000,6.080000,0.670000,68.930000,-1.290000,1.470000,274.850006,85.720001,77941.570312,26.99,103.1,53.512501,PM2.5,4834
40.650002,53.470001,14.580000,7.100000,0.690000,66.870003,0.670000,1.210000,274.910004,85.580002,78885.898438,26.99,103.25,57.062500,PM2.5,4835
41.180000,54.389999,15.100000,8.260000,0.680000,66.120003,-0.430000,0.230000,276.670013,81.080002,81236.789062,26.99,103.4,57.724998,PM2.5,4836
41.639999,55.389999,14.820000,9.500000,0.680000,66.599998,-1.370000,0.500000,276.720001,79.849998,81266.687500,26.99,103.56,58.299999,PM2.5,4837
41.950001,56.340000,14.850000,10.160000,0.680000,66.769997,-1.840000,1.080000,276.329987,79.110001,80563.398438,26.99,103.71,58.687500,PM2.5,4838
12.810000,17.040001,2.270000,1.830000,0.270000,68.669998,4.150000,3.170000,276.880005,67.970001,74473.789062,26.98,98.84,18.300001,PM2.5,4944
13.570000,18.950001,2.360000,2.260000,0.350000,68.660004,8.280000,3.330000,273.880005,75.699997,70483.601562,26.98,98.99,19.385714,PM2.5,4945
14.130000,20.090000,2.420000,3.140000,0.440000,67.730003,6.540000,2.530000,277.739990,59.570000,74181.093750,26.99,99.14,20.185715,PM2.5,4946
15.910000,22.170000,2.900000,5.030000,0.560000,74.029999,2.050000,2.240000,278.089996,57.759998,74942.250000,27.0,99.3,22.728571,PM2.5,4947
16.000000,22.430000,2.780000,5.210000,0.590000,70.559998,8.500000,3.760000,273.000000,72.739998,69222.656250,27.01,99.45,22.857143,PM2.5,4948
14.960000,21.120001,2.690000,4.500000,0.580000,75.660004,11.510000,2.630000,273.380005,64.260002,68368.273438,27.01,99.6,21.371429,PM2.5,4949
14.650000,20.530001,2.950000,6.110000,0.570000,73.099998,5.960000,-1.560000,276.570007,55.450001,72008.039062,27.02,99.75,20.928572,PM2.5,4950
15.200000,21.340000,3.220000,6.920000,0.530000,75.050003,2.240000,-1.110000,279.769989,48.840000,76705.523438,27.03,99.9,21.714285,PM2.5,4951
18.820000,24.620001,3.270000,7.160000,0.520000,74.320000,3.060000,-1.170000,278.730011,51.090000,75426.687500,27.03,100.06,26.885714,PM2.5,4952
18.610001,23.969999,2.940000,6.580000,0.480000,72.199997,8.910000,0.070000,273.790009,63.799999,69556.117188,27.04,100.21,26.585714,PM2.5,4953
17.709999,22.700001,2.860000,6.300000,0.450000,73.050003,10.910000,3.290000,275.179993,57.349998,70266.710938,27.05,100.36,25.299999,PM2.5,4954
17.889999,22.590000,3.040000,6.010000,0.430000,70.690002,5.230000,4.250000,279.420013,48.860001,75256.617188,27.05,100.51,25.557142,PM2.5,4955
17.549999,21.660000,2.940000,4.950000,0.390000,72.110001,2.380000,3.950000,278.809998,55.090000,75951.156250,27.06,100.66,25.071428,PM2.5,4956
17.910000,21.870001,2.980000,4.560000,0.370000,69.760002,5.440000,5.440000,276.739990,60.590000,73343.593750,27.06,100.82,25.585714,PM2.5,4957
18.469999,22.790001,3.250000,4.250000,0.370000,70.050003,9.070000,5.350000,274.899994,64.510002,70914.406250,27.07,100.97,26.385714,PM2.5,4958
21.030001,28.219999,5.170000,5.100000,0.450000,68.940002,6.970000,5.580000,275.660004,65.000000,71869.406250,27.07,101.12,30.042858,PM2.5,4959
38.560001,51.750000,15.180000,6.910000,0.780000,68.169998,-3.150000,1.480000,275.329987,82.239998,78741.609375,27.12,102.95,54.450001,PM2.5,4971
40.689999,53.770000,15.920000,6.890000,0.760000,66.730003,-0.980000,2.490000,273.739990,88.930000,77472.000000,27.12,103.1,57.112499,PM2.5,4972
42.259998,55.220001,17.959999,7.380000,0.730000,67.000000,-0.570000,0.380000,276.450012,80.709999,82272.273438,27.12,103.25,59.074997,PM2.5,4973
42.849998,55.990002,17.490000,8.410000,0.710000,67.239998,-1.950000,-0.960000,277.920013,74.239998,83983.703125,27.13,103.4,59.812500,PM2.5,4974
43.669998,57.750000,17.500000,9.980000,0.730000,66.250000,-2.470000,-0.460000,276.190002,78.389999,81599.828125,27.13,103.55,60.837498,PM2.5,4975
12.600000,16.410000,2.190000,1.640000,0.300000,70.129997,4.540000,3.920000,275.880005,71.949997,73290.906250,27.11,98.83,18.000000,PM2.5,5082
13.130000,17.940001,2.330000,1.970000,0.400000,70.690002,8.620000,4.350000,273.619995,75.690002,70028.273438,27.12,98.98,18.757143,PM2.5,5083
13.320000,18.719999,2.440000,2.810000,0.500000,68.489998,6.640000,1.920000,277.570007,59.220001,73965.523438,27.13,99.14,19.028570,PM2.5,5084
15.070000,21.020000,3.320000,5.380000,0.640000,71.989998,3.880000,3.050000,277.239990,60.669998,74267.921875,27.14,99.29,21.528570,PM2.5,5085
15.560000,22.040001,3.320000,5.830000,0.680000,72.449997,8.860000,4.810000,273.720001,69.660004,69955.390625,27.14,99.44,22.228573,PM2.5,5086
15.170000,21.730000,3.260000,6.520000,0.710000,74.029999,8.240000,0.260000,275.690002,61.400002,71650.671875,27.15,99.59,21.730000,PM10,5087
14.100000,19.980000,3.240000,6.560000,0.650000,74.690002,5.260000,-3.870000,276.609985,59.529999,72998.328125,27.16,99.74,20.142859,PM2.5,5088
13.840000,18.770000,3.030000,5.590000,0.530000,76.220001,6.270000,-1.950000,276.730011,57.020000,72806.859375,27.16,99.9,19.771429,PM2.5,5089
15.770000,20.590000,2.570000,5.210000,0.470000,74.629997,7.110000,2.640000,275.250000,61.810001,71660.343750,27.17,100.05,22.528572,PM2.5,5090
15.350000,19.850000,2.330000,4.400000,0.410000,76.360001,11.170000,4.570000,272.250000,67.430000,67771.007812,27.18,100.2,21.928572,PM2.5,5091
15.410000,19.969999,2.380000,4.840000,0.410000,73.680000,10.020000,2.570000,277.040009,50.119999,71794.296875,27.18,100.35,22.014286,PM2.5,5092
16.620001,21.420000,2.560000,5.260000,0.400000,70.750000,2.520000,2.540000,280.859985,45.060001,77369.781250,27.19,100.51,23.742859,PM2.5,5093
16.780001,20.950001,2.600000,4.530000,0.360000,72.769997,1.980000,4.450000,277.559998,56.430000,74242.609375,27.19,100.66,23.971430,PM2.5,5094
17.240000,21.260000,2.650000,4.270000,0.350000,69.779999,6.330000,6.060000,274.910004,65.339996,71428.320312,27.2,100.81,24.628571,PM2.5,5095
17.459999,21.610001,2.820000,3.910000,0.340000,70.300003,9.560000,6.340000,274.250000,65.650002,70317.453125,27.2,100.96,24.942856,PM2.5,5096
40.020000,53.349998,17.100000,7.390000,0.810000,66.820000,-1.740000,0.400000,274.920013,85.209999,79688.242188,27.25,102.94,56.275002,PM2.5,5109
42.209999,55.759998,18.230000,7.500000,0.770000,65.910004,-1.230000,0.980000,275.510010,82.860001,80487.117188,27.26,103.09,59.012497,PM2.5,5110
42.930000,56.040001,17.730000,7.800000,0.720000,66.800003,-2.060000,0.950000,275.720001,82.110001,80964.382812,27.26,103.25,59.912498,PM2.5,5111
43.630001,56.779999,17.440001,8.650000,0.700000,66.660004,-2.380000,-1.120000,275.420013,81.400002,80885.156250,27.26,103.4,60.787502,PM2.5,5112
44.430000,58.490002,18.330000,10.020000,0.730000,66.110001,-2.110000,-1.300000,275.350006,80.639999,81215.531250,27.26,103.55,61.787498,PM2.5,5113
44.669998,59.369999,17.950001,9.870000,0.730000,65.910004,-2.850000,-1.190000,275.190002,78.519997,80676.453125,27.26,103.7,62.087498,PM2.5,5114
12.410000,15.700000,2.120000,1.480000,0.360000,70.330002,5.300000,4.500000,275.989990,72.139999,73224.546875,27.25,98.82,17.728571,PM2.5,5221
12.610000,16.600000,2.330000,1.900000,0.470000,70.419998,7.260000,3.150000,275.459991,70.400002,71991.953125,27.26,98.98,18.014286,PM2.5,5222
12.670000,17.240000,2.420000,2.640000,0.580000,70.690002,5.340000,0.250000,276.839996,65.470001,73835.828125,27.26,99.13,18.100000,PM2.5,5223
14.100000,19.660000,3.240000,4.990000,0.710000,71.699997,5.240000,2.700000,275.260010,69.980003,72390.312500,27.27,99.28,20.142859,PM2.5,5224
15.090000,21.530001,3.570000,6.470000,0.800000,73.550003,5.940000,2.810000,274.079987,72.059998,70874.031250,27.28,99.43,21.557142,PM2.5,5225
15.120000,22.559999,3.490000,7.690000,0.870000,77.010002,2.530000,-1.980000,276.010010,65.080002,72895.976562,27.28,99.58,22.559999,PM10,5226
13.910000,20.110001,3.270000,6.600000,0.740000,75.099998,4.910000,-2.980000,273.920013,69.779999,70257.046875,27.29,99.74,20.110001,PM10,5227
12.720000,17.760000,2.540000,4.220000,0.530000,76.459999,11.990000,0.100000,271.320007,73.419998,66777.843750,27.3,99.89,18.171429,PM2.5,5228
13.020000,16.860001,2.060000,3.530000,0.420000,76.830002,12.550000,4.770000,274.179993,61.080002,69360.992188,27.3,100.04,18.600000,PM2.5,5229
13.150000,16.830000,2.030000,3.560000,0.380000,75.260002,10.230000,4.780000,276.329987,53.160000,71468.156250,27.31,100.19,18.785713,PM2.5,5230
13.180000,16.920000,1.990000,3.680000,0.360000,74.540001,7.580000,1.440000,277.160004,52.299999,72722.570312,27.32,100.35,18.828571,PM2.5,5231
15.080000,19.340000,2.160000,4.170000,0.360000,73.059998,3.730000,2.300000,277.920013,52.590000,74404.531250,27.32,100.5,21.542856,PM2.5,5232
16.020000,20.090000,2.310000,3.930000,0.340000,72.480003,4.570000,5.480000,275.880005,59.070000,72089.210938,27.33,100.65,22.885715,PM2.5,5233
16.559999,20.590000,2.460000,3.810000,0.320000,71.459999,8.110000,6.730000,275.179993,61.590000,71293.867188,27.33,100.8,23.657143,PM2.5,5234
16.290001,20.280001,2.580000,3.470000,0.310000,71.230003,9.050000,6.100000,276.140015,57.500000,71871.773438,27.34,100.96,23.271429,PM2.5,5235
40.459999,53.480000,17.059999,7.430000,0.810000,66.500000,-2.000000,-1.660000,276.119995,80.760002,82087.929688,27.39,102.94,56.824997,PM2.5,5248
43.459999,56.810001,18.700001,7.740000,0.760000,65.550003,-1.470000,-2.520000,277.429993,73.330002,84162.156250,27.39,103.09,60.574997,PM2.5,5249
44.290001,58.000000,18.000000,8.450000,0.730000,64.059998,-2.570000,0.600000,275.209991,78.290001,79518.882812,27.39,103.24,61.612503,PM2.5,5250
46.020000,59.970001,17.459999,9.440000,0.730000,63.889999,-3.090000,0.590000,272.549988,88.599998,76971.781250,27.4,103.4,63.775002,PM2.5,5251
47.160000,62.150002,19.540001,11.260000,0.760000,62.750000,-2.170000,-1.710000,273.790009,84.699997,79957.789062,27.4,103.55,65.199997,PM2.5,5252
47.950001,62.840000,18.480000,10.430000,0.740000,62.959999,-2.480000,-1.310000,273.619995,83.519997,79474.742188,27.4,103.7,66.187500,PM2.5,5253
50.770000,66.669998,17.950001,11.150000,0.760000,58.720001,-1.810000,-1.150000,272.440002,89.160004,78147.046875,27.4,103.86,69.712502,PM2.5,5254
52.439999,71.680000,18.809999,13.530000,0.810000,53.480000,-0.340000,-2.260000,276.299988,78.669998,83936.226562,27.4,104.16,71.799995,PM2.5,5256
49.720001,67.559998,17.990000,21.080000,0.880000,42.209999,-0.520000,-1.650000,275.399994,86.510002,83876.390625,27.41,104.62,68.400002,PM2.5,5259
45.810001,61.180000,17.620001,23.250000,0.880000,40.639999,-0.650000,-0.500000,276.450012,84.879997,84896.460938,27.41,104.77,63.512501,PM2.5,5260
43.290001,56.360001,17.420000,24.049999,0.880000,41.540001,-1.440000,2.220000,276.589996,85.080002,84718.757812,27.41,104.92,60.362503,PM2.5,5261
11.500000,14.130000,2.040000,1.270000,0.410000,74.699997,3.010000,2.160000,277.940002,67.860001,76197.796875,27.38,98.81,16.428572,PM2.5,5366
11.520000,14.750000,2.260000,1.800000,0.550000,74.709999,3.700000,0.180000,276.500000,71.699997,74432.406250,27.39,98.97,16.457144,PM2.5,5367
11.660000,15.270000,2.480000,2.720000,0.670000,73.989998,4.880000,-0.150000,275.059998,76.370003,72637.773438,27.4,99.12,16.750000,CO,5368
13.040000,18.040001,2.760000,4.080000,0.770000,73.019997,6.380000,2.450000,272.950012,83.110001,70199.750000,27.41,99.27,19.250000,CO,5369
14.360000,21.110001,3.160000,6.350000,0.930000,74.540001,3.970000,1.140000,274.220001,75.580002,71487.976562,27.41,99.42,23.250000,CO,5370
14.380000,21.850000,3.560000,8.100000,0.990000,77.309998,0.810000,-1.290000,276.029999,66.459999,73046.156250,27.42,99.58,24.750000,CO,5371
13.970000,20.410000,2.950000,6.580000,0.820000,73.650002,6.760000,0.020000,271.250000,82.550003,67773.257812,27.43,99.73,20.500000,CO,5372
12.520000,17.660000,2.240000,4.050000,0.580000,76.419998,15.120000,2.040000,270.140015,80.160004,65757.929688,27.43,99.88,17.885715,PM2.5,5373
11.750000,15.040000,1.720000,2.900000,0.410000,75.510002,13.620000,2.500000,275.170013,57.080002,70001.921875,27.44,100.03,16.785715,PM2.5,5374
11.650000,14.700000,1.700000,2.810000,0.350000,74.730003,9.570000,2.250000,275.940002,54.950001,71224.968750,27.45,100.19,16.642857,PM2.5,5375
12.000000,15.190000,1.710000,2.830000,0.340000,74.589996,9.340000,3.270000,273.820007,62.040001,69204.703125,27.45,100.34,17.142857,PM2.5,5376
12.770000,16.049999,1.860000,2.960000,0.320000,74.010002,6.540000,3.690000,274.950012,59.910000,70758.406250,27.46,100.49,18.242857,PM2.5,5377
14.520000,18.250000,2.030000,3.170000,0.310000,73.099998,5.580000,4.900000,275.230011,59.650002,71288.156250,27.46,100.65,20.742857,PM2.5,5378
15.450000,19.299999,2.250000,3.290000,0.300000,72.480003,8.500000,5.790000,275.350006,59.610001,71418.078125,27.47,100.8,22.071428,PM2.5,5379
45.650002,59.160000,17.990000,8.150000,0.720000,62.950001,-1.450000,-0.980000,276.209991,73.940002,82098.781250,27.53,103.24,63.312500,PM2.5,5395
47.209999,61.340000,17.690001,8.750000,0.710000,63.040001,-3.100000,1.270000,273.109985,82.750000,77250.601562,27.53,103.39,65.262497,PM2.5,5396
49.330002,64.669998,18.700001,10.550000,0.770000,60.200001,-2.740000,-0.510000,271.630005,89.790001,77223.781250,27.53,103.55,67.912506,PM2.5,5397
52.139999,67.379997,18.610001,10.370000,0.760000,58.759998,-1.830000,-1.020000,272.170013,88.730003,78846.812500,27.54,103.7,71.425003,PM2.5,5398
55.070000,71.410004,19.049999,11.220000,0.790000,53.540001,-1.680000,-1.390000,272.799988,88.949997,80105.046875,27.54,103.85,75.087502,PM2.5,5399
56.090000,74.019997,19.330000,12.200000,0.800000,51.560001,-0.580000,-2.680000,275.809998,79.599998,84988.703125,27.54,104.01,76.362503,PM2.5,5400
55.169998,73.800003,19.240000,13.420000,0.810000,50.419998,-0.800000,-2.610000,276.220001,79.110001,84920.093750,27.54,104.16,75.212494,PM2.5,5401
55.049999,73.570000,18.730000,15.020000,0.830000,48.590000,-2.190000,-1.380000,273.709991,86.889999,80960.531250,27.54,104.31,75.062500,PM2.5,5402
53.830002,71.949997,18.629999,17.629999,0.860000,43.470001,-1.330000,-1.530000,273.970001,89.059998,82205.726562,27.54,104.46,73.537506,PM2.5,5403
50.500000,67.790001,18.639999,20.260000,0.880000,41.000000,-0.360000,-1.590000,275.959991,83.860001,85156.453125,27.54,104.62,69.375000,PM2.5,5404
46.570000,61.860001,18.400000,21.740000,0.880000,39.799999,-0.820000,-0.720000,276.420013,84.779999,85318.257812,27.54,104.77,64.462502,PM2.5,5405
44.869999,57.919998,18.150000,21.420000,0.860000,41.680000,-1.650000,1.250000,276.329987,86.410004,84864.632812,27.54,104.92,62.337498,PM2.5,5406
42.720001,54.740002,17.450001,19.100000,0.850000,44.480000,-2.700000,2.340000,276.170013,86.750000,84871.132812,27.54,105.08,59.650002,PM2.5,5407
41.529999,53.250000,17.639999,18.200001,0.880000,46.180000,-3.290000,2.790000,275.619995,89.930000,84935.046875,27.54,105.23,58.162498,PM2.5,5408
10.490000,12.700000,1.920000,0.910000,0.440000,82.519997,1.190000,-0.240000,277.739990,69.900002,76207.898438,27.52,98.81,14.985714,PM2.5,5517
10.250000,12.860000,1.980000,1.220000,0.550000,79.650002,3.410000,0.110000,275.640015,75.489998,73611.742188,27.53,98.96,14.642858,PM2.5,5518
10.870000,14.140000,2.130000,1.940000,0.650000,76.099998,7.310000,2.210000,272.350006,86.889999,69825.757812,27.53,99.11,16.250000,CO,5519
11.490000,15.930000,2.400000,3.640000,0.760000,74.930000,6.520000,3.070000,272.140015,85.029999,69296.828125,27.54,99.26,19.000000,CO,5520
11.280000,17.110001,2.690000,6.160000,0.870000,76.570000,1.470000,1.010000,274.119995,77.139999,71637.179688,27.55,99.42,21.750000,CO,5521
10.510000,16.209999,2.890000,6.010000,0.840000,78.459999,0.780000,1.000000,274.739990,71.900002,71873.656250,27.56,99.57,21.000000,CO,5522
10.840000,15.920000,2.870000,5.200000,0.700000,74.809998,7.710000,2.740000,270.109985,88.339996,66817.617188,27.56,99.72,17.500000,CO,5523
9.720000,13.440000,2.260000,3.050000,0.500000,78.059998,13.970000,1.770000,270.109985,81.150002,65914.679688,27.57,99.87,13.885715,PM2.5,5524
9.330000,11.520000,1.680000,2.000000,0.350000,78.230003,13.580000,1.120000,273.079987,65.239998,68280.382812,27.58,100.03,13.328571,PM2.5,5525
9.770000,11.960000,1.580000,1.890000,0.300000,77.809998,12.580000,3.630000,272.299988,67.449997,67587.171875,27.58,100.18,13.957144,PM2.5,5526
10.140000,12.600000,1.580000,1.980000,0.290000,77.070000,11.590000,5.100000,274.119995,59.919998,69033.546875,27.59,100.33,14.485715,PM2.5,5527
10.610000,13.340000,1.630000,2.090000,0.280000,74.870003,8.200000,3.710000,276.070007,54.740002,71240.929688,27.59,100.49,15.157143,PM2.5,5528
12.060000,15.070000,1.740000,2.200000,0.260000,73.400002,7.940000,4.350000,273.940002,62.590000,69559.453125,27.6,100.64,17.228573,PM2.5,5529
12.770000,15.520000,1.920000,2.300000,0.250000,74.300003,8.610000,4.800000,274.570007,59.820000,69869.453125,27.6,100.79,18.242857,PM2.5,5530
49.930000,64.099998,18.040001,8.430000,0.720000,61.650002,-3.220000,-1.150000,273.670013,80.430000,79232.101562,27.67,103.39,68.662498,PM2.5,5547
51.900002,67.820000,19.070000,10.160000,0.780000,57.240002,-2.710000,0.410000,271.279999,91.110001,76696.648438,27.67,103.55,71.125000,PM2.5,5548
53.570000,69.769997,19.010000,10.660000,0.780000,54.259998,-2.030000,-0.290000,272.369995,89.540001,80076.843750,27.67,103.7,73.212502,PM2.5,5549
56.490002,73.169998,19.520000,10.710000,0.770000,53.150002,-1.370000,-1.540000,275.239990,81.139999,84952.570312,27.67,103.85,76.862503,PM2.5,5550
58.020000,75.290001,20.270000,11.850000,0.770000,51.840000,-0.860000,-2.190000,276.880005,77.529999,87721.257812,27.67,104.0,78.775002,PM2.5,5551
57.580002,75.599998,19.809999,13.070000,0.790000,49.689999,-1.740000,-2.450000,275.910004,80.480003,85481.601562,27.68,104.16,78.225006,PM2.5,5552
56.790001,75.199997,18.879999,14.640000,0.810000,47.060001,-2.100000,-2.160000,274.630005,85.550003,83652.437500,27.68,104.31,77.237503,PM2.5,5553
55.160000,73.720001,19.450001,17.299999,0.840000,42.430000,-1.130000,-1.660000,275.519989,83.930000,85042.031250,27.68,104.46,75.199997,PM2.5,5554
51.419998,69.470001,19.480000,19.500000,0.870000,39.419998,-0.640000,-1.850000,276.130005,83.309998,85903.632812,27.68,104.62,70.524994,PM2.5,5555
47.820000,64.300003,19.070000,20.559999,0.870000,38.599998,-1.090000,-1.290000,276.019989,85.750000,85361.523438,27.68,104.77,66.025002,PM2.5,5556
46.610001,60.919998,18.930000,20.129999,0.840000,40.049999,-1.710000,0.280000,275.880005,87.779999,85034.976562,27.68,104.92,64.512497,PM2.5,5557
46.099998,58.630001,18.080000,17.670000,0.810000,43.419998,-2.320000,1.280000,276.359985,87.040001,85933.101562,27.68,105.08,63.875000,PM2.5,5558
43.930000,55.919998,17.680000,16.809999,0.810000,45.889999,-3.160000,2.260000,276.339996,87.239998,86197.148438,27.68,105.23,61.162498,PM2.5,5559
10.720000,12.440000,1.540000,0.430000,0.250000,66.639999,1.490000,3.290000,276.959991,80.320000,75168.546875,27.63,98.34,15.314286,PM2.5,5670
11.070000,13.070000,1.730000,0.780000,0.360000,74.610001,1.870000,2.280000,273.899994,88.870003,71809.046875,27.65,98.64,15.814285,PM2.5,5671
10.410000,12.600000,1.760000,0.820000,0.450000,76.300003,1.840000,1.390000,273.549988,87.360001,71276.710938,27.65,98.8,14.871428,PM2.5,5672
10.280000,12.780000,1.790000,1.000000,0.520000,75.860001,5.820000,3.460000,271.170013,94.449997,68735.046875,27.66,98.95,14.685714,PM2.5,5673
10.440000,13.550000,1.920000,1.420000,0.630000,76.540001,9.140000,5.420000,270.529999,92.639999,67760.156250,27.67,99.1,15.750000,CO,5674
10.980000,15.260000,2.150000,3.330000,0.760000,75.110001,6.630000,4.500000,271.690002,85.379997,68832.171875,27.68,99.26,19.000000,CO,5675
11.090000,16.299999,2.480000,5.840000,0.880000,76.129997,1.850000,2.310000,272.339996,83.050003,69527.101562,27.68,99.41,22.000000,CO,5676
10.710000,16.469999,2.660000,6.280000,0.870000,78.339996,2.520000,3.160000,271.279999,86.339996,68292.679688,27.69,99.56,21.750000,CO,5677
10.280000,15.000000,2.570000,4.840000,0.710000,76.320000,7.540000,4.510000,269.260010,91.720001,65973.437500,27.7,99.71,17.750000,CO,5678
9.280000,12.510000,2.100000,2.720000,0.480000,78.089996,12.650000,2.550000,268.630005,88.989998,64714.738281,27.7,99.87,13.257142,PM2.5,5679
8.980000,10.750000,1.640000,1.550000,0.330000,79.059998,15.560000,2.210000,270.230011,76.209999,65566.593750,27.71,100.02,12.828570,PM2.5,5680
8.800000,10.460000,1.560000,1.420000,0.270000,77.860001,14.300000,4.000000,273.359985,61.529999,67995.148438,27.72,100.17,12.571429,PM2.5,5681
8.410000,10.260000,1.520000,1.490000,0.260000,75.320000,8.830000,2.790000,277.790009,48.299999,72517.500000,27.72,100.33,12.014285,PM2.5,5682
8.890000,10.860000,1.560000,1.550000,0.240000,74.339996,5.660000,2.510000,277.540009,50.759998,72970.679688,27.73,100.48,12.700001,PM2.5,5683
10.070000,12.400000,1.590000,1.630000,0.230000,72.959999,8.860000,4.090000,274.850006,58.590000,70194.156250,27.73,100.63,14.385714,PM2.5,5684
54.360001,69.949997,19.639999,9.390000,0.760000,57.459999,-2.540000,-0.270000,274.230011,84.400002,82459.117188,27.81,103.54,74.199997,PM2.5,5703
54.330002,70.449997,19.910000,9.560000,0.740000,56.480000,-2.470000,0.660000,275.220001,80.089996,84480.812500,27.81,103.7,74.162506,PM2.5,5704
57.779999,73.680000,19.930000,10.020000,0.740000,55.250000,-1.730000,-0.640000,277.029999,77.059998,88136.960938,27.81,103.85,78.474998,PM2.5,5705
58.980000,75.029999,20.010000,10.650000,0.720000,53.270000,-1.640000,-2.130000,277.829987,74.860001,89412.812500,27.81,104.0,79.974998,PM2.5,5706
58.939999,75.830002,19.360001,12.180000,0.750000,50.430000,-1.810000,-2.260000,276.130005,80.339996,86776.250000,27.81,104.16,79.924995,PM2.5,5707
58.200001,75.790001,19.100000,13.730000,0.770000,47.560001,-1.400000,-2.290000,276.089996,81.629997,86696.656250,27.81,104.31,79.000000,PM2.5,5708
56.660000,75.040001,20.190001,16.650000,0.810000,43.570000,-0.840000,-1.900000,277.279999,79.089996,88349.476562,27.81,104.46,77.074997,PM2.5,5709
52.700001,71.300003,19.780001,18.750000,0.850000,39.790001,-0.840000,-2.020000,277.239990,80.120003,88047.710938,27.81,104.62,72.125000,PM2.5,5710
49.150002,66.639999,19.190001,19.840000,0.850000,37.740002,-0.880000,-1.820000,276.709991,83.379997,87034.476562,27.81,104.77,67.687500,PM2.5,5711
48.090000,63.650002,19.190001,20.160000,0.840000,37.700001,-1.240000,-0.110000,276.489990,85.870003,86427.781250,27.81,104.92,66.362503,PM2.5,5712
48.950001,62.439999,18.520000,18.049999,0.780000,41.389999,-1.870000,1.140000,276.660004,85.980003,86878.023438,27.81,105.08,67.437500,PM2.5,5713
45.980000,58.540001,17.670000,16.969999,0.790000,44.299999,-2.370000,1.680000,276.869995,85.309998,87309.289062,27.81,105.23,63.724998,PM2.5,5714
10.390000,12.260000,1.480000,0.430000,0.280000,67.519997,1.660000,2.980000,276.149994,84.919998,74772.039062,27.76,98.33,14.842857,PM2.5,5826
11.000000,13.190000,1.600000,0.580000,0.350000,70.470001,3.270000,4.220000,273.010010,95.629997,70859.968750,27.77,98.48,15.714286,PM2.5,5827
11.100000,13.270000,1.690000,0.880000,0.410000,73.320000,2.130000,3.550000,273.059998,93.919998,71034.882812,27.78,98.64,15.857143,PM2.5,5828
10.480000,12.740000,1.680000,0.740000,0.470000,74.260002,3.850000,5.180000,270.320007,97.190002,67365.218750,27.79,98.79,14.971428,PM2.5,5829
10.170000,12.630000,1.690000,0.750000,0.530000,75.160004,8.310000,6.860000,268.649994,96.839996,65085.660156,27.8,98.94,14.528571,PM2.5,5830
10.200000,13.130000,1.780000,1.130000,0.620000,75.989998,9.290000,6.270000,270.609985,84.730003,66798.671875,27.8,99.09,15.500000,CO,5831
10.410000,14.280000,1.960000,2.660000,0.740000,73.750000,5.740000,5.710000,272.709991,77.269997,69314.203125,27.81,99.25,18.500000,CO,5832
10.780000,15.490000,2.230000,4.820000,0.860000,75.250000,2.690000,5.080000,272.320007,80.750000,69131.289062,27.82,99.4,21.500000,CO,5833
10.870000,16.280001,2.930000,6.590000,0.940000,75.930000,4.780000,4.580000,269.730011,89.739998,66229.406250,27.83,99.55,23.500000,CO,5834
10.150000,14.550000,2.510000,4.640000,0.740000,76.199997,8.370000,5.160000,268.980011,90.669998,65367.339844,27.83,99.71,18.500000,CO,5835
9.430000,12.430000,1.970000,2.550000,0.500000,77.480003,11.740000,4.090000,268.250000,90.290001,64293.230469,27.84,99.86,13.471429,PM2.5,5836
9.020000,10.650000,1.560000,1.250000,0.330000,79.260002,14.380000,2.470000,270.179993,75.870003,65386.078125,27.85,100.01,12.885715,PM2.5,5837
8.580000,10.030000,1.480000,1.160000,0.260000,77.610001,11.840000,1.620000,273.769989,60.150002,68480.812500,27.85,100.17,12.257143,PM2.5,5838
8.300000,9.750000,1.560000,0.970000,0.220000,75.660004,4.150000,1.280000,275.890015,55.779999,71681.007812,27.86,100.47,11.857143,PM2.5,5840
8.890000,10.570000,1.570000,1.080000,0.200000,74.339996,8.530000,2.380000,273.640015,63.169998,69292.703125,27.87,100.63,12.700001,PM2.5,5841
55.840000,70.160004,19.129999,8.720000,0.710000,58.459999,-1.450000,-1.340000,275.510010,80.260002,84672.093750,27.94,103.54,76.050003,PM2.5,5860
58.250000,72.900002,19.719999,9.300000,0.710000,58.150002,-1.650000,-0.370000,274.589996,83.059998,83337.718750,27.94,103.69,79.062500,PM2.5,5861
59.259998,73.720001,19.549999,9.430000,0.690000,56.660000,-1.980000,-0.750000,275.420013,81.430000,85036.429688,27.94,103.85,80.324997,PM2.5,5862
59.730000,74.720001,18.889999,10.090000,0.680000,53.939999,-2.010000,-1.710000,276.750000,78.129997,87903.093750,27.95,104.0,80.912498,PM2.5,5863
59.820000,75.339996,18.760000,11.160000,0.700000,52.020000,-1.300000,-2.050000,277.279999,77.709999,88999.359375,27.95,104.16,81.025002,PM2.5,5864
59.369999,75.750000,19.459999,13.130000,0.730000,50.009998,-0.530000,-2.210000,278.230011,76.169998,90175.210938,27.95,104.31,80.462502,PM2.5,5865
48.619999,64.650002,19.510000,19.080000,0.810000,38.639999,-0.480000,-1.040000,279.450012,76.980003,90579.203125,27.95,104.92,67.025002,PM2.5,5869
50.750000,64.620003,19.320000,18.160000,0.760000,40.169998,-1.630000,0.900000,277.910004,81.919998,88417.273438,27.95,105.08,69.687500,PM2.5,5870
48.400002,61.389999,18.350000,18.100000,0.760000,41.830002,-2.030000,1.350000,277.190002,84.339996,87877.296875,27.95,105.23,66.750000,PM2.5,5871
10.340000,12.250000,1.440000,0.540000,0.290000,68.370003,2.110000,4.020000,273.250000,96.370003,72096.046875,27.9,98.32,14.771429,PM2.5,5988
10.750000,12.900000,1.540000,0.710000,0.360000,69.989998,3.150000,4.130000,272.380005,96.220001,70460.539062,27.91,98.47,15.357142,PM2.5,5989
10.830000,12.960000,1.630000,0.930000,0.410000,72.430000,3.380000,4.120000,272.260010,96.050003,70237.718750,27.92,98.63,15.471429,PM2.5,5990
10.430000,12.640000,1.610000,0.690000,0.460000,73.930000,5.860000,6.200000,270.829987,95.250000,67997.320312,27.92,98.78,14.900001,PM2.5,5991
10.110000,12.480000,1.620000,0.720000,0.530000,74.900002,8.330000,5.810000,271.600006,82.540001,67830.976562,27.93,98.93,14.442857,PM2.5,5992
10.020000,12.730000,1.660000,0.980000,0.600000,74.889999,8.160000,3.860000,271.519989,78.019997,67221.023438,27.94,99.09,15.000001,CO,5993
10.080000,13.550000,1.800000,2.340000,0.720000,72.230003,4.960000,4.570000,273.230011,72.639999,69410.562500,27.95,99.24,18.000000,CO,5994
10.370000,14.660000,2.040000,4.670000,0.850000,72.820000,2.200000,6.390000,274.089996,71.730003,70764.796875,27.95,99.39,21.250000,CO,5995
10.300000,14.950000,2.710000,5.610000,0.910000,73.709999,5.300000,5.240000,270.179993,85.760002,66430.328125,27.96,99.55,22.750000,CO,5996
10.100000,14.280000,2.490000,4.690000,0.810000,72.940002,9.320000,4.920000,268.589996,91.150002,64788.800781,27.97,99.7,20.250000,CO,5997
9.690000,12.920000,2.060000,3.110000,0.620000,74.220001,11.670000,4.080000,267.799988,91.980003,63843.218750,27.98,99.85,15.500000,CO,5998
9.380000,11.620000,1.730000,1.920000,0.470000,75.589996,14.210000,2.380000,268.399994,85.839996,64040.289062,27.98,100.01,13.400001,PM2.5,5999
55.900002,69.570000,17.840000,8.550000,0.670000,58.270000,-1.740000,-1.940000,274.029999,83.790001,82903.492188,28.08,103.54,76.125000,PM2.5,6022
59.290001,73.169998,18.320000,9.160000,0.670000,57.950001,-1.440000,-1.530000,273.299988,88.209999,82110.023438,28.08,103.69,80.362503,PM2.5,6023
60.790001,74.639999,17.820000,9.550000,0.660000,56.119999,-1.530000,-1.130000,273.940002,87.629997,83292.312500,28.08,103.85,82.237503,PM2.5,6024
60.660000,74.839996,18.299999,10.130000,0.660000,54.680000,-1.750000,-0.970000,275.670013,81.750000,86194.523438,28.08,104.0,82.074997,PM2.5,6025
59.750000,74.459999,18.480000,10.910000,0.660000,53.730000,-1.220000,-1.490000,278.209991,74.639999,90212.500000,28.08,104.15,80.937500,PM2.5,6026
59.180000,75.230003,19.090000,13.570000,0.710000,50.650002,-0.220000,-1.930000,280.160004,68.139999,92898.453125,28.08,104.31,80.224998,PM2.5,6027
9.760000,11.350000,1.350000,0.270000,0.210000,71.470001,3.600000,7.150000,270.290009,99.160004,67869.531250,28.03,98.16,13.942858,PM2.5,6159
10.190000,12.130000,1.400000,0.440000,0.280000,69.750000,2.170000,6.870000,271.809998,97.360001,70275.203125,28.04,98.31,14.557142,PM2.5,6160
10.540000,12.620000,1.470000,0.600000,0.330000,70.139999,2.240000,5.600000,271.429993,96.650002,69448.656250,28.04,98.46,15.057143,PM2.5,6161
10.590000,12.630000,1.540000,0.700000,0.390000,71.339996,3.980000,3.960000,270.970001,96.309998,68786.406250,28.05,98.62,15.128572,PM2.5,6162
10.370000,12.510000,1.540000,0.680000,0.450000,72.809998,6.250000,4.760000,271.350006,92.510002,68931.187500,28.06,98.77,14.814285,PM2.5,6163
9.970000,12.230000,1.540000,0.720000,0.510000,74.209999,7.230000,3.890000,272.700012,82.900002,69956.296875,28.07,98.92,14.242858,PM2.5,6164
10.030000,12.520000,1.550000,0.810000,0.570000,74.470001,8.080000,3.490000,270.299988,90.050003,67079.500000,28.08,99.08,14.328571,PM2.5,6165
10.100000,13.130000,1.630000,2.010000,0.690000,72.510002,5.410000,3.540000,271.239990,84.099998,67772.906250,28.08,99.23,17.250000,CO,6166
10.250000,14.020000,1.840000,4.380000,0.840000,73.410004,1.920000,5.360000,273.480011,77.250000,70565.132812,28.09,99.38,21.000000,CO,6167
10.070000,14.040000,2.100000,4.160000,0.830000,73.760002,4.980000,5.720000,269.950012,89.650002,66581.742188,28.1,99.54,20.750000,CO,6168
9.600000,12.960000,2.070000,3.170000,0.750000,71.239998,8.260000,5.130000,268.279999,93.129997,64481.851562,28.1,99.69,18.750000,CO,6169
9.320000,12.340000,1.840000,2.520000,0.650000,73.000000,9.990000,4.210000,266.739990,93.839996,62580.460938,28.11,99.85,16.250000,CO,6170
9.260000,11.860000,1.710000,1.900000,0.580000,74.750000,12.710000,3.830000,266.709991,89.389999,61926.109375,28.12,100.0,14.500000,CO,6171
57.369999,71.279999,16.930000,9.800000,0.660000,54.730000,-1.050000,-1.150000,276.519989,77.809998,87299.093750,28.21,103.69,77.962502,PM2.5,6195
59.459999,73.089996,17.080000,9.890000,0.650000,54.230000,-1.210000,-1.110000,276.429993,79.230003,87360.976562,28.22,103.85,80.574997,PM2.5,6196
60.310001,74.129997,17.750000,10.520000,0.640000,54.900002,-1.460000,-0.780000,276.059998,80.889999,86887.710938,28.22,104.0,81.637505,PM2.5,6197
59.759998,73.970001,18.379999,11.320000,0.640000,55.029999,-1.190000,-0.940000,278.589996,73.040001,90605.820312,28.22,104.15,80.949997,PM2.5,6198
60.130001,75.760002,19.370001,14.270000,0.690000,51.709999,-0.290000,-1.200000,281.010010,65.089996,93929.218750,28.22,104.31,81.412498,PM2.5,6199
9.950000,11.860000,1.340000,0.380000,0.260000,69.779999,2.000000,6.810000,271.510010,93.739998,69620.773438,28.17,98.3,14.214286,PM2.5,6334
10.030000,12.330000,1.490000,0.720000,0.470000,72.180000,7.090000,4.310000,268.190002,96.660004,64909.910156,28.2,98.76,14.328571,PM2.5,6337
9.830000,12.270000,1.510000,0.770000,0.520000,73.900002,7.950000,5.690000,269.000000,94.400002,66067.289062,28.2,98.91,14.042857,PM2.5,6338
9.930000,12.750000,1.560000,0.910000,0.580000,74.470001,8.000000,6.200000,268.899994,93.800003,65821.132812,28.21,99.07,14.500000,CO,6339
9.840000,13.260000,1.720000,2.280000,0.700000,72.540001,3.910000,4.260000,270.929993,85.440002,67817.523438,28.22,99.22,17.500000,CO,6340
9.860000,14.600000,2.040000,3.830000,0.820000,73.930000,5.430000,6.670000,268.549988,93.930000,65165.691406,28.23,99.53,20.500000,CO,6342
9.590000,14.240000,2.080000,3.640000,0.800000,71.919998,8.280000,6.510000,267.940002,94.300003,64220.718750,28.24,99.68,20.000000,CO,6343
9.360000,13.750000,1.970000,3.330000,0.760000,72.389999,10.800000,5.460000,266.329987,94.699997,62151.929688,28.25,99.84,19.000000,CO,6344
9.170000,13.130000,1.880000,2.780000,0.730000,73.940002,11.600000,4.050000,268.170013,80.010002,62919.039062,28.25,99.99,18.250000,CO,6345
8.940000,12.500000,1.720000,2.580000,0.710000,70.910004,5.750000,0.460000,271.600006,65.190002,66473.453125,28.26,100.15,17.750000,CO,6346
60.130001,74.290001,17.370001,11.410000,0.640000,55.020000,-1.430000,-0.730000,276.609985,78.470001,88022.421875,28.35,104.0,81.412498,PM2.5,6371
60.630001,75.070000,18.020000,12.320000,0.640000,54.599998,-1.310000,-0.780000,278.279999,73.839996,90141.000000,28.35,104.15,82.037498,PM2.5,6372
9.710000,11.570000,1.240000,0.360000,0.230000,69.889999,2.170000,5.060000,269.670013,95.389999,66847.281250,28.31,98.29,13.871428,PM2.5,6515
9.250000,11.590000,1.370000,0.760000,0.500000,67.160004,10.220000,7.130000,265.019989,96.540001,60614.101562,28.33,98.75,13.214286,PM2.5,6518
9.310000,11.740000,1.430000,0.900000,0.530000,70.919998,10.820000,7.710000,267.420013,87.290001,62864.699219,28.34,98.91,13.300000,PM2.5,6519
9.470000,12.340000,1.620000,1.390000,0.600000,71.930000,7.320000,7.550000,269.220001,84.180000,65188.781250,28.35,99.06,15.000001,CO,6520
9.690000,13.380000,1.790000,2.730000,0.720000,71.730003,3.160000,6.340000,270.760010,83.059998,67528.851562,28.35,99.21,18.000000,CO,6521
9.670000,14.560000,1.960000,3.340000,0.780000,74.669998,7.050000,7.710000,267.799988,91.949997,63994.410156,28.37,99.52,19.500000,CO,6523
9.280000,14.070000,1.950000,2.990000,0.750000,74.199997,7.070000,6.860000,269.230011,84.510002,65123.679688,28.37,99.68,18.750000,CO,6524
9.120000,13.640000,1.870000,2.990000,0.730000,74.129997,8.000000,5.060000,267.350006,90.440002,63096.039062,28.38,99.83,18.250000,CO,6525
8.930000,12.890000,1.760000,2.630000,0.710000,74.720001,9.790000,2.210000,267.850006,83.209999,63016.808594,28.39,99.98,17.750000,CO,6526
59.130001,73.209999,16.719999,11.800000,0.640000,56.180000,-1.410000,-0.620000,278.040009,73.010002,89849.421875,28.49,103.84,80.162498,PM2.5,6551
59.599998,73.489998,17.900000,12.240000,0.630000,56.959999,-1.480000,-0.570000,278.649994,71.510002,90569.640625,28.49,104.0,80.750000,PM2.5,6552
61.240002,75.839996,18.549999,13.920000,0.650000,54.310001,-1.700000,-0.760000,279.630005,67.989998,91782.976562,28.49,104.15,82.800003,PM2.5,6553
8.770000,11.100000,1.310000,0.660000,0.490000,68.970001,10.840000,9.490000,268.250000,77.529999,62832.859375,28.47,98.74,12.528572,PM2.5,6707
8.670000,11.100000,1.330000,0.950000,0.530000,69.519997,9.680000,5.660000,270.350006,65.970001,64233.199219,28.47,98.9,13.249999,CO,6708
8.920000,11.810000,1.570000,1.680000,0.620000,68.290001,6.330000,5.410000,269.790009,72.400002,64342.570312,28.48,99.05,15.500000,CO,6709
9.390000,14.150000,1.850000,3.120000,0.760000,73.970001,7.900000,7.340000,269.339996,81.099998,65035.238281,28.5,99.51,19.000000,CO,6712
9.110000,13.950000,1.870000,3.260000,0.760000,72.830002,6.390000,6.730000,270.399994,76.190002,66186.710938,28.51,99.67,19.000000,CO,6713
9.040000,13.560000,1.790000,3.500000,0.740000,73.620003,5.760000,5.200000,267.209991,90.699997,63131.359375,28.52,99.82,18.500000,CO,6714
8.680000,12.540000,1.640000,2.810000,0.700000,74.010002,9.280000,2.410000,264.519989,93.029999,59548.761719,28.52,99.98,17.500000,CO,6715
59.740002,74.000000,16.410000,12.800000,0.640000,57.450001,-1.130000,-0.110000,279.670013,67.309998,92037.750000,28.62,103.84,80.925003,PM2.5,6740
62.919998,77.860001,18.570000,15.810000,0.670000,53.419998,-1.560000,-0.550000,280.959991,64.050003,93779.242188,28.62,104.15,84.899994,PM2.5,6742
8.350000,10.380000,1.220000,0.470000,0.410000,70.970001,9.130000,7.440000,271.959991,66.559998,66883.617188,28.6,98.73,11.928572,PM2.5,6900
8.310000,10.430000,1.210000,0.630000,0.440000,70.919998,7.000000,2.460000,270.950012,67.910004,65800.007812,28.61,98.89,11.871429,PM2.5,6901
8.550000,10.900000,1.290000,1.110000,0.530000,68.279999,6.780000,2.490000,268.739990,74.800003,63244.949219,28.62,99.04,13.249999,CO,6902
8.980000,12.300000,1.560000,2.260000,0.700000,73.070000,6.990000,7.560000,268.920013,83.470001,64811.500000,28.65,99.66,17.500000,CO,6906
8.840000,12.010000,1.530000,2.760000,0.710000,73.580002,4.810000,7.510000,267.970001,87.860001,64065.980469,28.65,99.82,17.750000,CO,6907
8.400000,10.220000,1.150000,0.400000,0.320000,72.660004,7.660000,5.570000,268.869995,81.470001,64496.070312,28.74,98.72,11.999999,PM2.5,7099
8.310000,10.180000,1.130000,0.500000,0.360000,72.169998,6.520000,3.630000,267.640015,86.580002,63322.031250,28.75,98.88,11.871429,PM2.5,7100
8.400000,10.450000,1.150000,0.780000,0.440000,70.839996,8.560000,3.310000,266.269989,88.290001,61406.769531,28.75,99.03,11.999999,PM2.5,7101
8.710000,11.300000,1.360000,1.650000,0.620000,72.529999,6.300000,5.770000,270.029999,74.839996,65034.089844,28.78,99.65,15.500000,CO,7105
8.230000,9.870000,1.080000,0.340000,0.260000,73.190002,7.350000,6.510000,266.450012,87.980003,61642.488281,28.87,98.72,11.757142,PM2.5,7301
8.110000,9.850000,1.090000,0.540000,0.330000,72.080002,9.010000,6.900000,266.019989,87.489998,60892.351562,28.89,99.03,11.585713,PM2.5,7303
7.740000,9.160000,1.010000,0.420000,0.230000,71.559998,8.220000,8.220000,268.690002,74.230003,63057.500000,29.02,99.02,11.057142,PM2.5,7521
7.070000,8.290000,0.880000,0.360000,0.170000,71.160004,6.190000,5.620000,271.010010,63.660000,65054.921875,29.16,99.01,10.100000,PM2.5,7743
