PM2.5(微克每立方米),PM10(微克每立方米),SO2(微克每立方米),NO2(微克每立方米),CO(毫克每立方米),O3(微克每立方米),U(m/s),V(m/s),TEMP(K),RH(%),PSFC(Pa),lat,lon,AQI,Major pollutants,id
27.520000,35.529999,14.570000,5.200000,0.520000,58.709999,0.020000,2.400000,269.450012,96.750000,74627.437500,32.71,104.6,39.314285,PM2.5,13804
25.260000,33.959999,14.460000,6.410000,0.570000,52.220001,-1.420000,0.940000,272.070007,97.459999,80352.523438,32.71,104.76,36.085716,PM2.5,13805
23.530001,32.639999,15.400000,7.310000,0.600000,51.570000,-2.210000,-0.010000,274.679993,98.720001,85599.710938,32.71,104.92,33.614288,PM2.5,13806
21.200001,30.870001,15.400000,7.710000,0.640000,52.509998,-3.210000,-0.840000,275.489990,95.769997,87171.703125,32.71,105.08,30.870001,PM10,13807
19.990000,30.330000,14.740000,8.260000,0.690000,52.570000,-4.300000,-3.050000,275.190002,96.139999,87428.953125,32.71,105.24,30.330000,PM10,13808
25.719999,33.200001,13.450000,5.140000,0.470000,59.230000,0.190000,3.380000,270.459991,86.190002,73852.226562,32.84,104.43,36.742855,PM2.5,14060
27.330000,35.820000,15.130000,6.480000,0.540000,55.119999,-2.370000,3.170000,271.890015,90.449997,78631.500000,32.84,104.6,39.042858,PM2.5,14061
25.799999,34.759998,14.920000,7.330000,0.580000,51.790001,-3.320000,1.260000,273.309998,98.900002,83215.109375,32.84,104.76,36.857143,PM2.5,14062
23.389999,32.799999,15.250000,8.130000,0.600000,51.689999,-2.850000,0.300000,275.329987,96.750000,86694.250000,32.84,104.92,33.414284,PM2.5,14063
21.120001,31.100000,15.750000,8.260000,0.640000,52.480000,-4.120000,-0.390000,275.200012,92.839996,86379.117188,32.84,105.08,31.100000,PM10,14064
21.600000,32.220001,15.150000,8.500000,0.700000,52.009998,-5.070000,-1.890000,273.709991,98.629997,85226.289062,32.84,105.24,32.220001,PM10,14065
28.870001,37.349998,15.020000,6.400000,0.510000,55.459999,-3.420000,1.550000,271.359985,94.059998,78331.898438,32.98,104.43,41.242859,PM2.5,14317
28.780001,37.470001,15.430000,7.360000,0.550000,54.209999,-4.720000,1.680000,272.730011,96.949997,81616.679688,32.98,104.59,41.114288,PM2.5,14318
27.580000,36.410000,15.370000,7.870000,0.570000,52.619999,-4.120000,1.430000,273.040009,99.089996,82458.437500,32.98,104.76,39.400002,PM2.5,14319
24.950001,34.330002,15.640000,8.770000,0.590000,52.020000,-3.300000,0.880000,274.700012,97.220001,85611.710938,32.98,104.92,35.642857,PM2.5,14320
23.160000,33.130001,16.299999,8.870000,0.630000,52.660000,-4.350000,0.180000,274.380005,94.330002,85068.289062,32.98,105.08,33.130001,PM10,14321
23.870001,34.560001,15.940000,8.870000,0.710000,52.470001,-5.660000,-0.700000,273.170013,98.040001,84164.703125,32.98,105.24,34.560001,PM10,14322
24.240000,36.259998,16.670000,9.330000,0.800000,53.560001,-5.990000,-1.870000,273.880005,96.940002,85961.960938,32.98,105.41,36.259998,PM10,14323
25.480000,39.119999,17.270000,9.680000,0.890000,54.580002,-6.210000,-2.600000,274.160004,97.190002,87069.773438,32.98,105.57,39.119999,PM10,14324
26.820000,41.959999,17.700001,10.360000,0.970000,55.419998,-6.770000,-2.370000,274.410004,98.660004,88360.328125,32.98,105.73,41.959999,PM10,14325
26.559999,43.770000,16.900000,10.760000,1.040000,56.090000,-8.210000,-1.960000,275.220001,95.529999,90052.906250,32.98,105.89,43.770000,PM10,14326
30.309999,38.860001,15.890000,6.800000,0.520000,55.720001,-4.970000,1.840000,272.559998,91.029999,80527.812500,33.11,104.43,43.299999,PM2.5,14579
30.350000,38.750000,15.760000,7.370000,0.540000,55.070000,-5.190000,1.870000,271.279999,97.070000,78968.476562,33.11,104.59,43.357143,PM2.5,14580
29.230000,37.799999,15.490000,8.350000,0.580000,52.689999,-3.710000,1.690000,271.720001,98.529999,80139.976562,33.12,104.76,41.757141,PM2.5,14581
27.290001,36.340000,15.890000,9.070000,0.600000,52.169998,-3.300000,1.840000,273.309998,98.209999,82989.078125,33.12,104.92,38.985714,PM2.5,14582
25.559999,35.209999,16.490000,9.380000,0.640000,52.250000,-4.120000,1.150000,272.850006,96.519997,82517.296875,33.12,105.08,36.514286,PM2.5,14583
25.379999,35.869999,17.010000,9.250000,0.710000,52.930000,-4.930000,0.490000,272.489990,95.980003,82528.046875,33.12,105.24,36.257141,PM2.5,14584
26.280001,38.189999,17.969999,9.350000,0.810000,54.330002,-5.550000,-0.390000,272.510010,96.120003,83197.640625,33.11,105.41,38.189999,PM10,14585
28.200001,42.130001,18.180000,9.660000,0.910000,54.720001,-5.970000,-0.600000,272.589996,98.870003,84371.640625,33.11,105.57,42.130001,PM10,14586
29.040001,44.480000,18.950001,10.570000,0.990000,56.119999,-5.990000,-0.160000,273.690002,99.400002,86998.031250,33.11,105.73,44.480000,PM10,14587
28.190001,45.169998,18.600000,10.800000,1.060000,57.470001,-7.820000,-0.180000,274.950012,95.680000,89329.773438,33.11,105.89,45.169998,PM10,14588
5.790000,6.890000,1.280000,0.500000,0.140000,69.269997,8.730000,2.620000,275.549988,36.509998,63255.351562,33.21,101.83,8.271428,PM2.5,14824
7.590000,8.810000,1.610000,0.820000,0.150000,65.879997,6.840000,2.220000,277.100006,36.360001,65005.390625,33.22,101.99,10.842857,PM2.5,14825
31.629999,40.060001,16.080000,6.930000,0.520000,56.340000,-3.640000,1.900000,271.380005,92.930000,78274.531250,33.25,104.43,45.185715,PM2.5,14840
31.290001,39.869999,16.180000,7.570000,0.550000,55.610001,-4.240000,2.880000,269.869995,96.410004,76319.968750,33.25,104.59,44.700001,PM2.5,14841
30.309999,39.029999,15.810000,9.040000,0.590000,52.470001,-3.260000,2.310000,270.760010,98.019997,78609.718750,33.25,104.76,43.299999,PM2.5,14842
28.980000,38.000000,16.379999,9.880000,0.610000,51.490002,-3.210000,2.220000,272.190002,97.760002,81196.828125,33.25,104.92,41.399998,PM2.5,14843
27.940001,37.480000,16.760000,10.060000,0.650000,51.560001,-4.490000,2.010000,272.279999,95.339996,81576.156250,33.25,105.08,39.914288,PM2.5,14844
27.889999,38.400002,17.110001,9.910000,0.730000,52.150002,-5.660000,1.700000,271.690002,95.680000,81169.062500,33.25,105.24,39.842857,PM2.5,14845
28.879999,41.070000,17.830000,9.730000,0.830000,53.590000,-5.410000,1.530000,271.369995,97.730003,81323.640625,33.25,105.41,41.257141,PM2.5,14846
29.730000,43.660000,19.190001,10.020000,0.930000,54.860001,-4.800000,1.610000,272.230011,98.389999,83472.062500,33.25,105.57,43.660000,PM10,14847
30.719999,46.310001,19.340000,10.780000,1.010000,56.349998,-5.010000,1.790000,273.410004,99.300003,86070.843750,33.25,105.73,46.310001,PM10,14848
8.510000,9.540000,1.620000,0.860000,0.160000,66.139999,6.190000,1.610000,276.709991,39.279999,64846.531250,33.35,101.99,12.157144,PM2.5,15083
9.240000,10.290000,1.820000,0.960000,0.160000,65.000000,5.190000,2.280000,276.970001,40.849998,65615.976562,33.36,102.15,13.200000,PM2.5,15084
33.889999,41.860001,16.010000,6.000000,0.490000,59.630001,-1.410000,2.190000,267.769989,97.500000,71452.843750,33.39,104.27,48.414284,PM2.5,15097
32.939999,41.459999,16.320000,6.790000,0.520000,57.160000,-1.790000,3.250000,269.149994,96.529999,74671.187500,33.39,104.43,47.057140,PM2.5,15098
32.099998,40.820000,16.590000,7.720000,0.550000,56.040001,-3.050000,3.340000,269.959991,95.730003,76382.843750,33.39,104.59,45.857140,PM2.5,15099
31.629999,40.380001,17.070000,9.960000,0.600000,52.540001,-2.770000,2.100000,271.059998,97.730003,79262.046875,33.39,104.76,45.185715,PM2.5,15100
30.590000,39.549999,17.250000,11.050000,0.620000,51.650002,-2.490000,1.380000,272.809998,96.650002,82302.437500,33.39,104.92,43.700001,PM2.5,15101
30.190001,39.549999,17.070000,10.880000,0.650000,51.650002,-4.100000,2.070000,272.640015,91.250000,81655.507812,33.39,105.08,43.128571,PM2.5,15102
31.020000,41.380001,17.070000,10.150000,0.730000,52.590000,-5.150000,2.620000,271.010010,96.239998,80037.648438,33.39,105.24,44.314285,PM2.5,15103
31.830000,44.090000,17.580000,9.950000,0.840000,53.540001,-4.660000,2.640000,271.369995,98.059998,81383.023438,33.39,105.41,45.471428,PM2.5,15104
32.279999,46.349998,18.400000,10.310000,0.940000,54.400002,-4.440000,2.810000,272.649994,98.660004,84119.648438,33.39,105.57,46.349998,PM10,15105
9.680000,10.580000,1.700000,0.810000,0.160000,66.629997,6.200000,1.290000,276.420013,41.130001,64812.929688,33.49,101.98,13.828572,PM2.5,15342
10.690000,11.620000,1.900000,0.890000,0.170000,65.540001,4.810000,1.610000,276.950012,41.869999,65883.851562,33.49,102.14,15.271428,PM2.5,15343
11.920000,12.880000,2.070000,1.090000,0.170000,64.360001,4.010000,1.760000,276.959991,42.560001,66277.726562,33.5,102.31,17.028572,PM2.5,15344
31.969999,39.650002,14.470000,5.700000,0.470000,60.299999,0.690000,5.020000,268.829987,84.110001,69555.117188,33.52,104.27,45.671429,PM2.5,15356
33.610001,42.299999,16.110001,6.880000,0.530000,57.080002,-2.010000,5.390000,269.660004,91.190002,74663.093750,33.52,104.43,48.014286,PM2.5,15357
33.500000,42.360001,16.709999,7.960000,0.560000,56.090000,-4.020000,3.760000,270.149994,95.199997,77089.296875,33.52,104.59,47.857143,PM2.5,15358
32.849998,41.919998,17.030001,9.120000,0.590000,54.560001,-3.280000,2.190000,270.369995,96.550003,78156.562500,33.52,104.76,46.928570,PM2.5,15359
32.419998,41.709999,17.020000,10.790000,0.620000,52.040001,-2.550000,1.180000,271.489990,96.169998,80132.023438,33.52,104.92,46.314281,PM2.5,15360
33.240002,42.689999,16.799999,11.030000,0.650000,51.770000,-3.540000,2.030000,271.489990,96.269997,80475.023438,33.52,105.08,47.485718,PM2.5,15361
34.150002,44.560001,17.049999,10.530000,0.740000,52.139999,-4.230000,2.710000,271.339996,96.519997,80757.859375,33.52,105.24,48.785717,PM2.5,15362
35.380001,47.529999,17.530001,10.230000,0.850000,53.169998,-3.820000,2.330000,272.600006,98.169998,83589.703125,33.52,105.41,50.475002,PM2.5,15363
36.380001,50.070000,18.209999,10.650000,0.950000,54.130001,-3.500000,2.530000,273.529999,98.830002,85519.976562,33.52,105.57,51.725002,PM2.5,15364
36.720001,51.090000,18.010000,10.370000,0.980000,56.090000,-2.930000,2.680000,274.170013,98.980003,86915.609375,33.52,105.73,52.150002,PM2.5,15365
7.530000,8.190000,1.240000,0.560000,0.150000,70.400002,8.700000,1.190000,274.910004,40.119999,63059.460938,33.62,101.65,10.757143,PM2.5,15601
9.260000,10.040000,1.570000,0.700000,0.160000,68.529999,7.290000,1.250000,275.989990,41.139999,64323.691406,33.62,101.81,13.228572,PM2.5,15602
10.790000,11.630000,1.830000,0.770000,0.160000,67.139999,5.950000,1.020000,276.239990,42.160000,64970.171875,33.62,101.98,15.414286,PM2.5,15603
12.010000,12.920000,2.080000,0.870000,0.170000,65.680000,4.390000,1.150000,276.619995,42.439999,65885.671875,33.63,102.14,17.157143,PM2.5,15604
12.970000,13.960000,2.280000,1.100000,0.190000,64.290001,3.050000,1.200000,276.500000,43.759998,66340.406250,33.63,102.3,18.528572,PM2.5,15605
33.340000,41.529999,14.670000,5.940000,0.490000,58.959999,-2.520000,3.080000,271.709991,77.169998,73910.882812,33.66,104.26,47.628571,PM2.5,15617
34.599998,43.590000,16.340000,6.780000,0.530000,58.070000,-4.170000,4.970000,271.290009,85.489998,76859.718750,33.66,104.43,49.428570,PM2.5,15618
35.080002,44.270000,17.200001,7.730000,0.560000,57.590000,-4.150000,3.970000,270.000000,92.599998,76247.750000,33.66,104.59,50.100002,PM2.5,15619
34.730000,44.259998,17.320000,8.840000,0.590000,55.599998,-3.010000,3.470000,269.160004,95.760002,75745.773438,33.66,104.75,49.614285,PM2.5,15620
34.799999,44.360001,17.920000,10.680000,0.620000,52.709999,-2.270000,2.440000,270.239990,96.709999,78156.156250,33.66,104.92,49.714283,PM2.5,15621
36.570000,46.360001,17.330000,11.890000,0.670000,51.130001,-3.290000,2.660000,271.450012,97.220001,80872.007812,33.66,105.08,51.962502,PM2.5,15622
37.950001,48.549999,17.510000,11.590000,0.750000,51.910000,-4.140000,2.730000,272.179993,97.589996,82614.437500,33.66,105.25,53.687500,PM2.5,15623
39.209999,51.200001,17.889999,11.110000,0.860000,53.299999,-3.630000,1.890000,273.250000,97.389999,84840.117188,33.66,105.41,55.262497,PM2.5,15624
40.340000,53.599998,18.180000,11.140000,0.960000,54.270000,-2.990000,1.750000,273.750000,97.839996,85687.882812,33.66,105.57,56.674999,PM2.5,15625
40.919998,54.619999,17.730000,10.890000,0.990000,55.560001,-2.110000,1.670000,274.510010,96.639999,87024.242188,33.66,105.74,57.399998,PM2.5,15626
40.580002,54.250000,16.930000,10.400000,1.010000,57.340000,-0.720000,1.560000,276.160004,88.459999,89159.398438,33.66,105.9,56.975002,PM2.5,15627
40.759998,54.150002,15.370000,9.480000,1.010000,57.180000,0.090000,0.940000,277.309998,82.250000,90351.617188,33.66,106.06,57.199997,PM2.5,15628
41.049999,53.779999,14.370000,8.350000,0.960000,61.590000,-1.740000,1.670000,275.980011,84.139999,87258.343750,33.65,106.23,57.562500,PM2.5,15629
39.820000,52.540001,13.600000,7.570000,0.930000,65.480003,-5.800000,4.360000,272.859985,86.389999,81692.257812,33.65,106.39,56.025002,PM2.5,15630
39.889999,52.750000,13.240000,7.240000,0.940000,68.820000,-7.310000,4.850000,270.600006,93.629997,80231.437500,33.65,106.55,56.112499,PM2.5,15631
5.610000,6.350000,0.840000,0.350000,0.140000,74.050003,10.040000,1.160000,272.290009,45.250000,60922.890625,33.74,101.32,8.014286,PM2.5,15859
6.040000,6.700000,0.940000,0.410000,0.140000,72.680000,9.870000,1.210000,273.609985,41.840000,61939.789062,33.75,101.48,8.628572,PM2.5,15860
8.180000,8.870000,1.500000,0.590000,0.150000,71.599998,8.240000,1.080000,275.429993,41.560001,63788.578125,33.75,101.64,11.685715,PM2.5,15861
9.780000,10.640000,1.780000,0.730000,0.160000,68.830002,6.840000,1.160000,275.880005,42.939999,64563.531250,33.76,101.81,13.971428,PM2.5,15862
11.430000,12.370000,2.070000,0.840000,0.180000,67.510002,5.620000,1.120000,275.709991,44.250000,64803.578125,33.76,101.97,16.328571,PM2.5,15863
12.510000,13.550000,2.330000,0.950000,0.190000,65.480003,3.460000,0.710000,276.279999,43.820000,66009.796875,33.76,102.14,17.871429,PM2.5,15864
13.480000,14.700000,2.530000,1.150000,0.220000,63.500000,1.790000,0.840000,276.190002,44.529999,66571.929688,33.77,102.3,19.257143,PM2.5,15865
20.840000,24.020000,4.430000,1.780000,0.290000,64.550003,1.540000,1.910000,271.390015,60.990002,64842.390625,33.78,103.28,29.771429,PM2.5,15871
21.549999,25.680000,5.460000,2.100000,0.280000,63.939999,1.160000,1.180000,271.820007,63.279999,66373.843750,33.79,103.44,30.785713,PM2.5,15872
24.160000,29.520000,7.270000,2.730000,0.320000,62.439999,-0.040000,-0.280000,272.250000,66.440002,68397.617188,33.79,103.61,34.514286,PM2.5,15873
27.379999,33.549999,9.130000,3.360000,0.360000,61.330002,-1.230000,-0.060000,271.899994,68.879997,69209.226562,33.79,103.77,39.114285,PM2.5,15874
28.639999,35.080002,10.270000,3.840000,0.380000,61.220001,-3.130000,2.860000,271.089996,72.050003,69250.703125,33.79,103.94,40.914284,PM2.5,15875
34.939999,43.009998,13.940000,5.090000,0.470000,60.200001,-4.790000,1.520000,269.500000,85.699997,72041.398438,33.79,104.1,49.914284,PM2.5,15876
36.830002,45.779999,15.700000,6.030000,0.520000,59.509998,-5.160000,0.450000,270.079987,90.980003,75283.781250,33.79,104.26,52.287502,PM2.5,15877
36.630001,45.970001,16.389999,6.740000,0.540000,58.709999,-4.940000,3.460000,270.070007,90.309998,75657.773438,33.79,104.43,52.037502,PM2.5,15878
37.150002,46.910000,17.020000,8.060000,0.580000,57.299999,-4.250000,3.430000,269.459991,93.470001,75699.382812,33.8,104.59,52.687500,PM2.5,15879
36.849998,46.919998,17.070000,9.460000,0.600000,55.240002,-3.450000,2.970000,269.980011,93.209999,77129.273438,33.8,104.75,52.312500,PM2.5,15880
37.860001,47.950001,17.299999,11.590000,0.640000,52.330002,-2.670000,2.000000,271.450012,95.070000,80404.203125,33.8,104.92,53.575001,PM2.5,15881
40.750000,50.919998,18.030001,13.570000,0.700000,50.820000,-3.060000,2.670000,272.679993,95.849998,82949.382812,33.8,105.08,57.187500,PM2.5,15882
42.320000,53.230000,18.250000,13.250000,0.790000,51.910000,-4.170000,3.420000,272.510010,96.000000,83072.023438,33.8,105.25,59.150002,PM2.5,15883
43.169998,55.200001,17.889999,12.160000,0.880000,53.419998,-3.910000,2.840000,272.309998,97.529999,82998.476562,33.8,105.41,60.212498,PM2.5,15884
44.020000,56.820000,17.520000,11.850000,0.960000,54.060001,-2.810000,1.860000,273.040009,97.779999,84259.851562,33.79,105.57,61.275002,PM2.5,15885
44.490002,58.290001,17.629999,12.630000,1.040000,53.459999,-1.930000,1.340000,274.510010,96.500000,86930.593750,33.79,105.74,61.862503,PM2.5,15886
44.220001,58.349998,16.760000,12.330000,1.080000,53.840000,-1.330000,0.510000,276.100006,87.669998,88806.578125,33.79,105.9,61.525002,PM2.5,15887
44.410000,58.200001,15.280000,11.090000,1.090000,54.049999,-1.380000,-1.350000,277.089996,81.769997,89749.023438,33.79,106.06,61.762501,PM2.5,15888
45.189999,58.310001,14.650000,10.300000,1.070000,57.540001,-1.810000,-1.120000,277.019989,76.809998,88678.656250,33.79,106.23,62.737499,PM2.5,15889
44.270000,57.279999,14.650000,9.660000,1.040000,61.779999,-3.840000,2.660000,275.859985,74.900002,85894.242188,33.79,106.39,61.587502,PM2.5,15890
6.170000,8.530000,0.890000,0.310000,0.140000,75.279999,8.800000,2.170000,271.739990,48.990002,60837.839844,33.87,101.15,8.814286,PM2.5,16118
5.770000,6.800000,0.850000,0.290000,0.140000,75.250000,9.950000,2.060000,271.359985,49.250000,60381.671875,33.88,101.31,8.242857,PM2.5,16119
6.290000,7.090000,0.980000,0.340000,0.140000,74.040001,10.030000,1.640000,272.589996,45.980000,61293.410156,33.88,101.48,8.985714,PM2.5,16120
8.890000,9.770000,1.550000,0.560000,0.160000,70.419998,8.640000,1.500000,274.140015,46.270000,62877.539062,33.89,101.64,12.700001,PM2.5,16121
10.580000,11.580000,1.950000,0.760000,0.170000,68.349998,6.940000,1.350000,275.399994,45.259998,64338.820312,33.89,101.8,15.114285,PM2.5,16122
11.960000,13.090000,2.280000,0.960000,0.190000,66.089996,4.570000,0.680000,275.779999,45.110001,65302.148438,33.9,101.97,17.085714,PM2.5,16123
13.100000,14.570000,2.630000,1.180000,0.220000,63.090000,2.040000,0.120000,275.500000,46.099998,65838.460938,33.9,102.13,18.714287,PM2.5,16124
25.629999,30.520000,6.030000,1.930000,0.390000,63.169998,-1.020000,3.320000,272.660004,60.200001,67340.007812,33.92,103.28,36.614285,PM2.5,16131
31.010000,36.590000,8.850000,2.760000,0.420000,62.299999,-4.060000,1.240000,271.779999,67.919998,69828.210938,33.92,103.44,44.299999,PM2.5,16132
35.959999,43.439999,11.790000,3.680000,0.450000,62.049999,-5.370000,-1.850000,270.779999,78.029999,71981.773438,33.92,103.61,51.199997,PM2.5,16133
36.439999,44.419998,12.780000,4.070000,0.460000,61.299999,-5.410000,-1.910000,271.149994,78.309998,73118.398438,33.93,103.77,51.799999,PM2.5,16134
36.450001,44.599998,13.470000,4.510000,0.460000,60.880001,-6.370000,0.890000,271.260010,76.879997,73459.117188,33.93,103.93,51.812500,PM2.5,16135
37.849998,46.459999,14.500000,5.100000,0.490000,60.480000,-6.470000,2.040000,268.959991,89.010002,72413.976562,33.93,104.1,53.562500,PM2.5,16136
39.189999,48.340000,15.560000,5.850000,0.520000,59.700001,-5.230000,2.190000,268.059998,95.910004,72603.343750,33.93,104.26,55.237499,PM2.5,16137
39.169998,48.849998,16.240000,6.870000,0.550000,59.060001,-4.610000,3.160000,269.179993,94.459999,75276.101562,33.93,104.43,55.212498,PM2.5,16138
39.400002,49.389999,16.969999,8.440000,0.580000,57.950001,-4.700000,2.310000,270.339996,90.599998,77251.109375,33.93,104.59,55.500000,PM2.5,16139
39.720001,49.980000,17.309999,9.880000,0.610000,55.990002,-4.140000,1.350000,270.089996,94.370003,77738.203125,33.93,104.75,55.900002,PM2.5,16140
41.349998,51.759998,17.530001,11.800000,0.660000,53.029999,-2.490000,1.220000,271.029999,96.510002,79939.539062,33.93,104.92,57.937500,PM2.5,16141
45.410000,56.459999,18.750000,14.720000,0.740000,50.540001,-1.760000,2.310000,272.799988,95.230003,83081.921875,33.93,105.08,63.012501,PM2.5,16142
47.349998,58.869999,18.860001,14.880000,0.820000,51.360001,-2.830000,3.750000,272.450012,95.129997,82427.078125,33.93,105.25,65.437500,PM2.5,16143
48.200001,60.689999,18.280001,13.720000,0.920000,52.570000,-3.380000,4.030000,271.350006,97.019997,80893.203125,33.93,105.41,66.500000,PM2.5,16144
48.119999,60.910000,17.969999,12.760000,0.980000,53.380001,-2.690000,2.690000,272.239990,97.519997,82513.250000,33.93,105.57,66.400002,PM2.5,16145
50.439999,64.430000,17.170000,14.090000,1.080000,51.730000,-2.500000,1.890000,273.739990,97.949997,85406.953125,33.93,105.74,69.299995,PM2.5,16146
50.810001,64.959999,16.610001,13.720000,1.130000,52.700001,-3.180000,0.280000,274.920013,91.730003,86935.367188,33.93,105.9,69.762505,PM2.5,16147
50.070000,63.660000,15.770000,12.870000,1.140000,54.200001,-4.770000,-1.680000,275.500000,84.059998,87313.976562,33.93,106.07,68.837502,PM2.5,16148
50.220001,64.330002,15.120000,12.490000,1.170000,54.099998,-5.790000,-2.430000,275.970001,78.510002,87843.757812,33.93,106.23,69.025002,PM2.5,16149
49.700001,64.239998,15.010000,12.140000,1.190000,56.110001,-5.870000,-0.510000,276.410004,74.559998,88200.539062,33.92,106.39,68.375000,PM2.5,16150
7.080000,12.020000,0.980000,0.320000,0.140000,76.470001,8.830000,3.000000,271.540009,49.830002,60670.390625,34.01,100.98,12.020000,PM10,16378
7.130000,11.900000,0.970000,0.310000,0.140000,75.529999,9.040000,3.250000,270.589996,52.560001,59925.378906,34.01,101.14,11.900000,PM10,16379
6.210000,7.720000,0.900000,0.280000,0.140000,74.669998,9.610000,3.080000,270.809998,52.070000,60040.859375,34.01,101.31,8.871428,PM2.5,16380
7.150000,8.180000,1.140000,0.400000,0.150000,72.440002,9.360000,2.400000,272.429993,49.759998,61480.570312,34.02,101.47,10.214286,PM2.5,16381
9.360000,10.310000,1.660000,0.630000,0.160000,69.360001,8.080000,1.840000,274.369995,47.139999,63314.128906,34.02,101.63,13.371428,PM2.5,16382
10.650000,11.700000,2.020000,0.840000,0.170000,66.769997,5.550000,0.650000,275.179993,46.250000,64508.011719,34.03,101.8,15.214285,PM2.5,16383
11.900000,13.130000,2.330000,1.090000,0.200000,64.809998,3.230000,-0.230000,274.579987,48.380001,64604.570312,34.03,101.96,17.000000,PM2.5,16384
13.370000,15.080000,2.730000,1.350000,0.240000,61.860001,2.090000,0.070000,273.950012,50.250000,64508.421875,34.04,102.13,19.100000,PM2.5,16385
14.860000,17.320000,2.980000,1.390000,0.280000,60.220001,1.570000,1.210000,273.809998,50.700001,64778.429688,34.04,102.29,21.228571,PM2.5,16386
30.969999,38.240002,7.420000,2.190000,0.490000,61.090000,-4.280000,2.310000,273.649994,59.080002,69944.007812,34.06,103.28,44.242855,PM2.5,16392
31.209999,37.369999,8.680000,2.460000,0.440000,61.919998,-4.830000,0.650000,271.809998,65.480003,69021.296875,34.06,103.44,44.585712,PM2.5,16393
34.060001,42.160000,11.010000,3.020000,0.440000,61.099998,-4.160000,-0.610000,270.820007,71.309998,69546.937500,34.06,103.6,48.657146,PM2.5,16394
36.650002,45.970001,12.940000,3.790000,0.470000,59.950001,-4.620000,-0.990000,270.549988,76.589996,71490.539062,34.06,103.77,52.062500,PM2.5,16395
37.810001,47.660000,14.040000,4.270000,0.480000,60.080002,-5.130000,-0.260000,269.609985,83.349998,71890.929688,34.06,103.93,53.512501,PM2.5,16396
39.490002,49.980000,15.010000,4.950000,0.510000,61.240002,-4.700000,2.380000,268.279999,91.879997,71748.070312,34.06,104.1,55.612503,PM2.5,16397
40.580002,51.669998,16.150000,5.880000,0.550000,60.459999,-4.510000,3.620000,268.859985,92.110001,73962.046875,34.07,104.26,56.975002,PM2.5,16398
40.770000,52.240002,16.879999,6.960000,0.570000,59.520000,-4.690000,3.220000,269.630005,91.260002,75957.796875,34.07,104.43,57.212502,PM2.5,16399
40.740002,52.389999,17.719999,8.240000,0.590000,58.299999,-4.260000,1.480000,269.369995,90.589996,75299.429688,34.07,104.59,57.175003,PM2.5,16400
41.110001,53.020000,18.730000,9.410000,0.620000,56.060001,-2.820000,1.880000,268.570007,94.129997,74792.789062,34.07,104.75,57.637501,PM2.5,16401
43.669998,56.000000,19.340000,11.780000,0.680000,53.450001,-1.300000,2.550000,270.079987,95.150002,78027.742188,34.07,104.92,60.837498,PM2.5,16402
49.430000,62.689999,19.730000,15.550000,0.770000,50.310001,-0.980000,2.540000,272.619995,92.650002,82533.046875,34.07,105.08,68.037498,PM2.5,16403
52.279999,65.480003,19.639999,16.250000,0.870000,50.220001,-1.810000,3.160000,272.890015,90.330002,82653.476562,34.07,105.25,71.599998,PM2.5,16404
52.930000,66.150002,18.620001,14.810000,0.930000,52.070000,-3.190000,4.000000,272.059998,93.300003,81441.976562,34.07,105.41,72.412498,PM2.5,16405
52.689999,65.989998,17.670000,13.480000,1.000000,52.910000,-3.420000,3.670000,272.029999,96.940002,82114.210938,34.07,105.57,72.112495,PM2.5,16406
53.529999,67.019997,17.629999,14.110000,1.070000,52.720001,-3.160000,2.500000,272.640015,97.930000,83282.023438,34.07,105.74,73.162498,PM2.5,16407
54.299999,67.709999,16.920000,14.270000,1.120000,53.700001,-3.650000,0.870000,273.269989,96.449997,84618.281250,34.06,105.9,74.125000,PM2.5,16408
54.470001,67.980003,16.350000,13.980000,1.170000,54.820000,-4.630000,-0.260000,273.579987,92.589996,85329.203125,34.06,106.07,74.337502,PM2.5,16409
55.139999,69.769997,16.000000,14.460000,1.270000,54.369999,-5.370000,-0.620000,273.529999,89.989998,85419.148438,34.06,106.23,75.175003,PM2.5,16410
56.299999,72.949997,15.450000,14.620000,1.400000,53.360001,-5.540000,-0.510000,273.500000,87.699997,85438.593750,34.06,106.4,76.625000,PM2.5,16411
8.110000,16.290001,1.110000,0.330000,0.140000,75.070000,8.930000,3.250000,271.839996,50.110001,60947.468750,34.14,100.97,16.290001,PM10,16638
8.170000,16.070000,1.120000,0.320000,0.140000,73.570000,8.270000,3.460000,271.769989,52.090000,61041.289062,34.15,101.14,16.070000,PM10,16639
7.080000,9.150000,1.120000,0.350000,0.140000,72.080002,8.000000,3.050000,272.519989,52.009998,61835.320312,34.15,101.3,10.114285,PM2.5,16640
8.220000,9.310000,1.400000,0.510000,0.150000,70.370003,7.450000,2.100000,274.429993,48.099998,63632.648438,34.16,101.46,11.742858,PM2.5,16641
9.380000,10.320000,1.690000,0.740000,0.160000,68.269997,5.690000,0.870000,275.160004,46.650002,64595.761719,34.16,101.63,13.400001,PM2.5,16642
13.400000,15.540000,2.660000,1.370000,0.240000,62.770000,3.830000,1.050000,273.130005,52.970001,63566.410156,34.17,102.12,19.142857,PM2.5,16645
14.760000,18.290001,2.910000,1.490000,0.290000,60.480000,2.620000,1.580000,273.920013,51.139999,64796.101562,34.18,102.29,21.085714,PM2.5,16646
16.170000,21.320000,3.120000,1.640000,0.330000,58.520000,1.230000,1.830000,273.260010,53.130001,64795.871094,34.18,102.45,23.100000,PM2.5,16647
17.500000,23.879999,3.290000,1.770000,0.350000,57.709999,0.370000,2.200000,272.410004,56.770000,64696.960938,34.18,102.62,25.000000,PM2.5,16648
28.360001,38.009998,5.800000,2.640000,0.510000,59.639999,-0.950000,2.570000,272.600006,63.150002,67571.312500,34.19,103.11,40.514286,PM2.5,16651
28.860001,37.380001,6.230000,2.300000,0.470000,62.759998,-2.450000,1.630000,272.559998,60.259998,67323.773438,34.19,103.27,41.228573,PM2.5,16652
29.030001,36.180000,7.120000,2.400000,0.430000,62.490002,-0.860000,1.090000,270.679993,62.650002,64745.660156,34.19,103.44,41.471428,PM2.5,16653
31.350000,40.009998,8.810000,2.700000,0.440000,60.570000,0.790000,0.710000,270.019989,66.889999,65291.328125,34.2,103.6,44.785713,PM2.5,16654
35.049999,45.669998,11.310000,3.560000,0.470000,58.549999,-0.350000,1.050000,269.519989,73.699997,67777.890625,34.2,103.77,50.062500,PM2.5,16655
39.180000,51.720001,13.970000,4.580000,0.520000,58.650002,-2.190000,1.890000,268.429993,85.040001,69644.226562,34.2,103.93,55.224998,PM2.5,16656
41.209999,54.660000,15.470000,5.460000,0.550000,59.990002,-3.300000,3.070000,268.690002,90.309998,72537.640625,34.2,104.1,57.762497,PM2.5,16657
41.830002,55.680000,16.520000,6.380000,0.570000,59.869999,-3.850000,3.480000,269.799988,87.559998,74940.890625,34.2,104.26,58.537502,PM2.5,16658
41.810001,55.950001,17.070000,7.120000,0.590000,59.230000,-4.110000,3.640000,269.100006,87.849998,73373.117188,34.2,104.42,58.512501,PM2.5,16659
41.919998,56.500000,17.920000,8.060000,0.620000,57.939999,-2.710000,3.270000,267.489990,91.980003,71133.953125,34.2,104.59,58.649998,PM2.5,16660
42.529999,57.060001,19.469999,9.010000,0.640000,57.000000,-0.660000,3.720000,267.869995,93.849998,72960.718750,34.2,104.75,59.412498,PM2.5,16661
45.889999,60.759998,20.180000,11.600000,0.710000,54.480000,-0.830000,3.480000,270.540009,91.760002,78296.453125,34.2,104.92,63.612499,PM2.5,16662
53.060001,69.430000,20.770000,15.650000,0.820000,50.840000,-1.060000,2.700000,272.640015,90.580002,82530.671875,34.2,105.08,72.575005,PM2.5,16663
56.150002,71.919998,20.350000,16.969999,0.900000,50.889999,-1.040000,2.330000,273.359985,88.209999,83362.656250,34.2,105.25,76.437500,PM2.5,16664
57.400002,72.150002,19.070000,16.240000,0.970000,51.299999,-2.120000,3.140000,273.220001,88.260002,83036.601562,34.2,105.41,78.000000,PM2.5,16665
56.230000,70.029999,17.650000,14.490000,1.020000,52.630001,-3.000000,4.240000,272.540009,93.669998,82597.406250,34.2,105.58,76.537498,PM2.5,16666
56.160000,69.959999,17.350000,14.640000,1.070000,53.330002,-3.660000,3.800000,271.910004,95.470001,81927.359375,34.2,105.74,76.449997,PM2.5,16667
56.410000,69.970001,17.400000,14.770000,1.130000,54.220001,-4.300000,2.740000,271.750000,95.489998,82305.023438,34.2,105.9,76.762497,PM2.5,16668
56.950001,71.190002,17.049999,14.970000,1.210000,54.720001,-4.870000,1.630000,271.829987,93.250000,82911.906250,34.2,106.07,77.437500,PM2.5,16669
58.660000,74.650002,16.860001,15.700000,1.360000,53.430000,-4.960000,0.880000,271.609985,92.199997,82982.531250,34.2,106.23,79.574997,PM2.5,16670
60.580002,78.860001,16.610001,16.200001,1.530000,51.889999,-4.710000,0.290000,271.170013,93.440002,82711.953125,34.2,106.4,81.975006,PM2.5,16671
62.369999,83.199997,16.020000,16.430000,1.690000,51.180000,-4.270000,0.200000,270.670013,96.250000,82289.320312,34.19,106.56,84.212502,PM2.5,16672
7.820000,14.990000,1.120000,0.340000,0.140000,73.010002,7.980000,2.580000,273.600006,49.230000,62888.531250,34.28,100.97,14.990000,PM10,16896
7.960000,14.790000,1.190000,0.360000,0.140000,71.940002,6.960000,2.320000,274.119995,49.599998,63621.960938,34.28,101.13,14.790000,PM10,16897
15.450000,21.650000,3.040000,1.610000,0.310000,59.810001,2.260000,1.010000,274.049988,51.799999,65166.210938,34.31,102.28,22.071428,PM2.5,16904
17.030001,26.200001,3.230000,1.790000,0.370000,57.660000,1.180000,1.450000,272.760010,55.590000,64508.828125,34.31,102.45,26.200001,PM10,16905
18.360001,29.299999,3.380000,1.960000,0.400000,56.349998,0.740000,2.120000,272.170013,57.630001,64419.269531,34.32,102.61,29.299999,PM10,16906
19.610001,31.120001,3.530000,2.130000,0.420000,56.500000,0.670000,2.860000,271.519989,61.709999,64456.441406,34.32,102.78,31.120001,PM10,16907
22.879999,36.730000,4.200000,2.470000,0.470000,55.180000,0.960000,2.890000,271.269989,64.029999,64797.328125,34.32,102.94,36.730000,PM10,16908
28.760000,44.740002,5.860000,3.100000,0.550000,55.720001,-0.010000,2.230000,271.329987,64.989998,65923.453125,34.33,103.11,44.740002,PM10,16909
30.040001,44.430000,6.420000,2.790000,0.530000,58.099998,-0.740000,2.700000,270.890015,63.830002,65298.808594,34.33,103.27,44.430000,PM10,16910
31.280001,43.880001,7.510000,2.880000,0.520000,58.369999,0.320000,3.060000,270.230011,64.470001,64738.718750,34.33,103.44,44.685715,PM2.5,16911
33.500000,46.950001,9.190000,3.270000,0.530000,57.340000,0.770000,1.360000,270.519989,66.000000,66665.218750,34.33,103.6,47.857143,PM2.5,16912
37.680000,53.150002,11.700000,4.350000,0.560000,55.730000,-0.530000,1.240000,270.410004,71.010002,69044.882812,34.33,103.76,53.349998,PM2.5,16913
42.470001,60.720001,15.270000,5.670000,0.620000,55.840000,-2.690000,3.110000,269.970001,78.919998,71687.796875,34.34,103.93,59.337502,PM2.5,16914
43.459999,62.209999,16.440001,6.400000,0.620000,58.029999,-4.160000,3.450000,269.220001,88.110001,73485.289062,34.34,104.09,60.574997,PM2.5,16915
43.029999,61.490002,16.549999,6.720000,0.620000,58.529999,-3.840000,3.010000,268.670013,88.720001,72843.070312,34.34,104.26,60.037498,PM2.5,16916
42.660000,61.259998,17.160000,7.090000,0.620000,56.650002,-2.720000,3.580000,268.410004,86.709999,71603.906250,34.34,104.42,59.575001,PM2.5,16917
43.220001,62.389999,18.480000,8.150000,0.660000,55.810001,-1.150000,4.600000,268.320007,84.629997,70910.023438,34.34,104.59,60.275002,PM2.5,16918
44.330002,62.770000,20.000000,9.340000,0.690000,56.669998,-0.690000,4.840000,268.670013,87.650002,73203.773438,34.34,104.75,61.662502,PM2.5,16919
49.090000,68.209999,19.990000,12.290000,0.770000,53.820000,-1.600000,3.810000,270.149994,92.739998,78072.390625,34.34,104.92,67.612503,PM2.5,16920
55.200001,74.239998,20.540001,15.400000,0.840000,51.930000,-1.360000,2.990000,271.470001,91.879997,80636.320312,34.34,105.08,75.250000,PM2.5,16921
58.910000,76.970001,20.530001,17.170000,0.930000,51.549999,-0.950000,2.550000,271.910004,91.940002,81333.546875,34.34,105.25,79.887497,PM2.5,16922
61.599998,78.129997,19.410000,17.080000,1.010000,51.070000,-1.270000,3.180000,272.309998,93.070000,82178.109375,34.34,105.41,83.250000,PM2.5,16923
60.980000,75.839996,18.170000,16.290001,1.070000,51.840000,-1.870000,4.240000,272.350006,94.349998,82307.976562,34.34,105.58,82.474998,PM2.5,16924
60.110001,74.419998,17.809999,15.730000,1.120000,52.500000,-3.020000,4.580000,272.350006,91.010002,82142.632812,34.34,105.74,81.387497,PM2.5,16925
59.380001,73.669998,17.840000,15.700000,1.180000,54.480000,-4.560000,4.510000,272.209991,88.430000,82376.476562,34.34,105.91,80.474998,PM2.5,16926
59.840000,75.650002,17.080000,16.120001,1.290000,53.919998,-5.850000,3.930000,271.339996,90.320000,81960.453125,34.34,106.07,81.050003,PM2.5,16927
61.790001,79.620003,17.770000,17.120001,1.460000,52.020000,-5.840000,2.010000,270.329987,94.059998,81549.773438,34.33,106.24,83.487503,PM2.5,16928
65.379997,88.430000,17.900000,19.410000,1.740000,47.439999,-4.980000,0.390000,270.420013,96.519997,82961.679688,34.33,106.4,87.974998,PM2.5,16929
68.809998,98.260002,21.260000,23.170000,2.120000,41.639999,-4.490000,-0.650000,271.480011,93.680000,85248.898438,34.33,106.56,92.262497,PM2.5,16930
17.799999,30.459999,3.570000,1.870000,0.390000,58.119999,1.060000,0.400000,273.850006,52.820000,65824.593750,34.45,102.28,30.459999,PM10,17162
20.559999,38.540001,4.030000,2.180000,0.480000,56.000000,0.710000,1.160000,272.750000,55.900002,65191.449219,34.45,102.44,38.540001,PM10,17163
23.170000,45.290001,4.530000,2.480000,0.540000,53.950001,0.440000,1.750000,272.510010,56.480000,65544.046875,34.45,102.61,45.290001,PM10,17164
25.580000,50.820000,5.010000,2.800000,0.590000,52.910000,0.080000,2.510000,271.790009,59.430000,65396.679688,34.46,102.77,50.410000,PM10,17165
28.969999,58.730000,5.820000,3.180000,0.660000,52.150002,-0.160000,2.250000,271.190002,62.830002,65845.656250,34.46,102.94,54.364998,PM10,17166
33.480000,65.320000,7.310000,3.740000,0.720000,53.040001,-1.200000,1.720000,271.079987,64.290001,67209.007812,34.46,103.1,57.660000,PM10,17167
36.150002,66.430000,8.360000,3.930000,0.740000,54.189999,-1.970000,2.250000,270.769989,65.940002,67405.671875,34.46,103.27,58.215000,PM10,17168
38.709999,65.320000,9.770000,4.310000,0.740000,54.480000,-2.220000,1.560000,270.450012,69.629997,68460.109375,34.47,103.43,57.660000,PM10,17169
43.720001,70.180000,12.790000,5.130000,0.780000,55.060001,-3.060000,0.000000,269.880005,76.589996,70386.843750,34.47,103.6,60.900002,PM2.5,17170
45.430000,71.540001,14.990000,5.630000,0.750000,55.459999,-3.960000,0.150000,269.660004,80.370003,71861.593750,34.47,103.76,63.037498,PM2.5,17171
44.160000,68.680000,15.910000,5.930000,0.690000,55.150002,-4.400000,2.030000,270.630005,75.930000,73823.382812,34.47,103.93,61.450001,PM2.5,17172
44.130001,68.040001,16.469999,6.400000,0.670000,56.709999,-4.480000,2.450000,269.690002,80.970001,73688.437500,34.47,104.09,61.412502,PM2.5,17173
43.380001,66.470001,16.379999,6.640000,0.650000,57.330002,-3.180000,2.200000,268.100006,87.730003,71902.882812,34.47,104.26,60.475002,PM2.5,17174
43.169998,66.300003,16.950001,7.130000,0.650000,56.139999,-1.170000,2.640000,268.690002,84.919998,72440.398438,34.47,104.42,60.212498,PM2.5,17175
45.060001,69.629997,18.620001,8.560000,0.710000,53.639999,-0.130000,3.170000,269.910004,80.230003,73435.062500,34.48,104.59,62.575001,PM2.5,17176
47.310001,70.720001,20.010000,10.030000,0.750000,54.330002,-1.090000,5.380000,270.010010,81.849998,74656.500000,34.48,104.75,65.387505,PM2.5,17177
52.150002,74.650002,20.490000,12.450000,0.810000,54.610001,-2.140000,5.380000,269.619995,91.510002,77022.921875,34.48,104.92,71.437500,PM2.5,17178
58.110001,79.050003,22.049999,15.530000,0.870000,53.099998,-1.220000,4.900000,269.570007,93.379997,77524.476562,34.48,105.08,78.887497,PM2.5,17179
62.810001,82.529999,22.299999,17.760000,0.970000,52.480000,-0.500000,5.220000,270.140015,94.779999,78439.382812,34.48,105.25,84.762505,PM2.5,17180
66.309998,84.940002,20.750000,18.860001,1.080000,51.660000,-1.120000,4.920000,271.549988,94.910004,81167.500000,34.48,105.41,89.137497,PM2.5,17181
66.449997,83.599998,19.920000,19.760000,1.170000,49.820000,-2.210000,4.320000,272.519989,91.820000,82716.117188,34.47,105.58,89.312500,PM2.5,17182
65.430000,81.489998,19.129999,18.879999,1.220000,50.250000,-3.090000,3.660000,273.670013,83.489998,84229.648438,34.47,105.74,88.037498,PM2.5,17183
63.369999,79.360001,18.340000,17.950001,1.260000,51.380001,-4.860000,3.930000,274.630005,75.099998,85438.382812,34.47,105.91,85.462502,PM2.5,17184
62.740002,79.930000,18.180000,17.049999,1.360000,52.189999,-6.970000,4.550000,272.880005,80.279999,83895.210938,34.47,106.07,84.675003,PM2.5,17185
64.879997,84.279999,19.280001,18.570000,1.520000,51.549999,-7.370000,3.200000,270.230011,93.580002,82149.601562,34.47,106.24,87.349998,PM2.5,17186
69.879997,96.419998,20.090000,22.370001,1.820000,45.880001,-6.810000,1.210000,270.350006,96.940002,84067.539062,34.47,106.4,93.599998,PM2.5,17187
71.250000,101.800003,21.670000,25.190001,2.030000,41.950001,-6.610000,-0.920000,272.220001,91.120003,86917.132812,34.47,106.57,95.312500,PM2.5,17188
16.799999,29.030001,3.490000,1.750000,0.350000,60.169998,2.680000,-0.190000,273.350006,53.169998,65119.378906,34.58,102.11,29.030001,PM10,17419
20.070000,39.320000,4.160000,2.270000,0.460000,56.889999,0.760000,0.460000,273.429993,54.270000,66122.718750,34.58,102.27,39.320000,PM10,17420
24.030001,50.869999,5.010000,2.700000,0.580000,53.669998,-0.280000,1.010000,272.859985,55.779999,66411.382812,34.59,102.44,50.434998,PM10,17421
27.520000,60.250000,5.910000,3.110000,0.670000,51.619999,-0.830000,1.290000,272.149994,57.570000,66764.156250,34.59,102.6,55.125000,PM10,17422
30.500000,67.919998,6.710000,3.560000,0.730000,51.110001,-1.380000,1.920000,271.630005,60.099998,67177.421875,34.59,102.77,58.959999,PM10,17423
33.759998,76.760002,7.770000,3.990000,0.800000,50.849998,-2.270000,2.030000,271.209991,63.169998,67948.453125,34.6,102.93,63.380001,PM10,17424
41.209999,90.660004,10.000000,4.940000,0.930000,51.689999,-3.800000,1.500000,270.630005,68.260002,69069.828125,34.6,103.1,70.330002,PM10,17425
49.060001,102.389999,12.470000,6.020000,1.060000,52.349998,-4.820000,0.580000,270.149994,73.080002,70017.406250,34.6,103.27,76.195000,PM10,17426
51.459999,102.250000,14.310000,6.730000,1.060000,52.340000,-4.640000,-1.100000,269.230011,80.669998,70897.656250,34.6,103.43,76.125000,PM10,17427
48.950001,94.739998,14.490000,6.540000,0.970000,53.290001,-4.100000,-1.510000,268.720001,86.150002,71465.656250,34.6,103.6,72.369995,PM10,17428
46.250000,86.120003,14.680000,5.880000,0.850000,55.200001,-3.980000,0.080000,268.940002,86.430000,72057.703125,34.61,103.76,68.059998,PM10,17429
43.939999,77.379997,14.930000,5.720000,0.740000,56.939999,-4.020000,1.700000,269.149994,83.599998,72442.539062,34.61,103.93,63.689999,PM10,17430
43.869999,74.910004,15.510000,6.180000,0.710000,58.240002,-3.230000,1.280000,268.260010,85.290001,71756.757812,34.61,104.09,62.455002,PM10,17431
44.340000,74.650002,16.350000,6.640000,0.700000,56.779999,-1.130000,1.470000,267.769989,87.970001,71783.617188,34.61,104.26,62.325001,PM10,17432
44.160000,73.500000,17.049999,7.310000,0.700000,56.160000,0.660000,2.020000,269.420013,83.190002,74146.109375,34.61,104.42,61.750000,PM10,17433
46.000000,76.589996,18.580000,8.850000,0.750000,53.169998,0.730000,1.320000,271.559998,77.919998,76961.617188,34.61,104.59,63.750000,PM2.5,17434
49.279999,78.809998,19.809999,10.180000,0.800000,52.560001,-1.190000,4.170000,272.559998,74.779999,78475.023438,34.61,104.75,67.849998,PM2.5,17435
54.400002,81.779999,20.540001,12.380000,0.850000,52.880001,-2.260000,6.460000,271.730011,81.349998,79045.093750,34.61,104.92,74.250000,PM2.5,17436
61.700001,87.690002,22.040001,15.800000,0.930000,51.880001,-1.010000,6.530000,271.519989,83.459999,78927.148438,34.61,105.08,83.375000,PM2.5,17437
67.790001,92.330002,24.020000,19.350000,1.070000,51.919998,-1.130000,6.510000,272.160004,84.570000,80417.687500,34.61,105.25,90.987503,PM2.5,17438
71.000000,93.709999,22.850000,21.040001,1.160000,50.320000,-2.760000,5.860000,273.269989,85.139999,83181.843750,34.61,105.41,95.000000,PM2.5,17439
71.230003,91.940002,22.620001,23.209999,1.270000,48.689999,-3.850000,4.490000,273.720001,84.570000,84325.492188,34.61,105.58,95.287506,PM2.5,17440
70.680000,89.769997,21.309999,22.490000,1.320000,48.759998,-4.520000,3.200000,274.339996,79.790001,85462.453125,34.61,105.74,94.599998,PM2.5,17441
69.070000,87.400002,20.170000,20.760000,1.360000,49.470001,-5.570000,2.930000,274.769989,74.290001,86163.093750,34.61,105.91,92.587502,PM2.5,17442
67.199997,85.720001,19.190001,18.850000,1.410000,50.520000,-6.920000,3.750000,273.049988,80.160004,84613.789062,34.61,106.07,90.250000,PM2.5,17443
66.889999,86.779999,19.809999,19.170000,1.500000,50.540001,-7.400000,3.990000,271.019989,90.209999,83080.109375,34.61,106.24,89.862503,PM2.5,17444
14.450000,24.660000,2.920000,1.580000,0.300000,62.080002,4.160000,0.690000,271.399994,56.889999,62933.519531,34.71,101.94,24.660000,PM10,17675
17.459999,33.669998,3.620000,1.930000,0.390000,59.790001,3.530000,0.550000,271.820007,55.820000,63661.011719,34.72,102.1,33.669998,PM10,17676
20.420000,42.570000,4.390000,2.430000,0.480000,56.430000,1.630000,0.890000,272.369995,55.610001,64850.871094,34.72,102.27,42.570000,PM10,17677
25.010000,55.549999,5.530000,3.040000,0.620000,51.470001,-0.470000,1.130000,272.029999,57.270000,66041.593750,34.72,102.44,52.775002,PM10,17678
28.230000,63.910000,6.530000,3.550000,0.700000,50.810001,-1.450000,0.890000,271.170013,60.650002,66946.179688,34.73,102.6,56.955002,PM10,17679
31.650000,72.980003,7.600000,4.100000,0.780000,50.700001,-1.780000,1.610000,271.140015,62.070000,67742.062500,34.73,102.77,61.490002,PM10,17680
36.849998,85.610001,9.110000,4.730000,0.870000,51.029999,-3.120000,2.170000,270.920013,64.820000,68685.328125,34.73,102.93,67.805000,PM10,17681
44.779999,103.239998,11.650000,5.660000,1.020000,52.259998,-4.350000,1.830000,270.459991,67.760002,69076.453125,34.73,103.1,76.619995,PM10,17682
51.680000,118.889999,14.280000,6.740000,1.150000,52.959999,-4.280000,-0.040000,270.070007,68.510002,69179.421875,34.74,103.26,84.445000,PM10,17683
55.160000,124.750000,15.850000,7.300000,1.180000,53.340000,-3.670000,-1.540000,268.690002,76.629997,69252.109375,34.74,103.43,87.375000,PM10,17684
51.380001,118.250000,15.410000,7.000000,1.080000,54.070000,-2.800000,-1.410000,267.649994,86.599998,70364.382812,34.74,103.59,84.125000,PM10,17685
48.029999,108.129997,15.070000,6.090000,0.940000,54.799999,-2.630000,-0.140000,268.480011,85.430000,71924.796875,34.74,103.76,79.065002,PM10,17686
46.730000,98.720001,15.090000,5.800000,0.850000,55.680000,-3.180000,1.730000,268.239990,84.559998,70652.140625,34.74,103.92,74.360001,PM10,17687
48.200001,97.750000,15.810000,6.470000,0.850000,56.009998,-1.710000,1.690000,266.850006,87.989998,69296.656250,34.74,104.09,73.875000,PM10,17688
47.810001,94.059998,16.610001,6.940000,0.810000,55.720001,0.940000,1.480000,267.989990,85.199997,72036.296875,34.75,104.26,72.029999,PM10,17689
47.439999,90.680000,17.330000,7.700000,0.790000,54.970001,1.390000,1.770000,270.320007,80.180000,75735.132812,34.75,104.42,70.339996,PM10,17690
48.509998,91.070000,18.680000,9.050000,0.830000,52.619999,-0.280000,0.090000,272.269989,74.709999,78631.343750,34.75,104.59,70.535004,PM10,17691
51.310001,89.739998,20.080000,9.840000,0.860000,51.720001,-2.120000,1.960000,273.720001,70.519997,80914.460938,34.75,104.75,70.387505,PM2.5,17692
56.509998,91.360001,20.629999,11.500000,0.900000,51.639999,-2.380000,4.410000,273.730011,74.849998,81872.468750,34.75,104.92,76.887497,PM2.5,17693
62.410000,94.139999,21.480000,14.420000,0.950000,50.919998,-2.070000,3.290000,274.730011,73.500000,83286.757812,34.75,105.08,84.262497,PM2.5,17694
68.099998,97.639999,22.680000,17.180000,1.070000,51.240002,-3.480000,3.430000,275.529999,72.720001,84924.703125,34.75,105.25,91.375000,PM2.5,17695
72.839996,99.610001,23.049999,20.330000,1.200000,50.669998,-4.660000,4.630000,274.829987,78.870003,85189.039062,34.75,105.41,97.299995,PM2.5,17696
73.470001,97.279999,23.090000,22.870001,1.310000,49.250000,-4.800000,4.230000,274.170013,82.589996,84890.343750,34.75,105.58,98.087502,PM2.5,17697
72.870003,94.059998,21.820000,22.260000,1.340000,49.630001,-5.330000,4.000000,273.529999,84.779999,84744.351562,34.75,105.74,97.337502,PM2.5,17698
71.669998,91.400002,20.600000,21.020000,1.360000,50.020000,-5.520000,3.760000,272.730011,85.809998,84119.726562,34.74,105.91,95.837494,PM2.5,17699
68.849998,87.519997,19.290001,18.879999,1.360000,50.459999,-5.560000,3.820000,272.329987,84.430000,83728.226562,34.74,106.08,92.312500,PM2.5,17700
66.889999,85.940002,19.629999,18.510000,1.400000,50.520000,-6.170000,3.880000,272.089996,82.430000,83257.476562,34.74,106.24,89.862503,PM2.5,17701
66.519997,86.510002,20.629999,18.150000,1.470000,50.480000,-6.290000,2.890000,270.170013,87.940002,80770.906250,34.74,106.41,89.399994,PM2.5,17702
16.469999,31.280001,3.630000,2.010000,0.360000,59.759998,3.930000,1.460000,271.279999,56.080002,63155.019531,34.85,102.1,31.280001,PM10,17933
19.400000,40.279999,4.530000,2.490000,0.460000,56.490002,2.330000,1.510000,271.470001,56.419998,63823.410156,34.86,102.27,40.279999,PM10,17934
23.450001,52.889999,5.760000,3.220000,0.590000,51.369999,0.450000,1.590000,271.209991,58.070000,64894.179688,34.86,102.43,51.445000,PM10,17935
26.879999,62.110001,7.100000,4.060000,0.690000,50.110001,-0.530000,0.930000,270.660004,60.029999,66086.570312,34.86,102.6,56.055000,PM10,17936
32.840000,78.879997,9.790000,5.660000,0.840000,49.509998,-0.820000,0.830000,270.750000,61.459999,67410.031250,34.86,102.76,64.440002,PM10,17937
39.040001,93.290001,11.370000,6.420000,0.960000,50.540001,-1.860000,1.930000,271.309998,61.759998,68634.273438,34.87,102.93,71.645004,PM10,17938
41.400002,99.790001,11.620000,5.950000,0.980000,52.400002,-2.700000,2.230000,271.010010,61.599998,67814.726562,34.87,103.09,74.895004,PM10,17939
46.029999,117.239998,14.440000,6.730000,1.070000,52.230000,-1.970000,0.370000,269.570007,65.349998,66602.679688,34.87,103.26,83.619995,PM10,17940
50.439999,130.470001,16.180000,7.210000,1.130000,51.470001,-0.750000,-0.630000,267.950012,74.300003,66975.937500,34.87,103.43,90.235001,PM10,17941
52.880001,136.820007,17.059999,7.560000,1.160000,52.029999,-0.530000,-0.010000,267.790009,81.470001,69908.210938,34.88,103.59,93.410004,PM10,17942
49.290001,125.339996,16.400000,6.700000,1.030000,54.660000,-1.440000,0.570000,269.040009,79.879997,72945.710938,34.88,103.76,87.669998,PM10,17943
47.689999,115.370003,15.800000,6.110000,0.940000,55.270000,-2.450000,1.960000,268.769989,78.720001,71101.890625,34.88,103.92,82.684998,PM10,17944
49.270000,116.349998,16.420000,6.620000,0.950000,54.900002,-1.140000,2.810000,267.779999,81.070000,69807.953125,34.88,104.09,83.175003,PM10,17945
48.919998,114.800003,17.299999,7.410000,0.930000,54.650002,0.960000,1.520000,269.790009,77.309998,73879.406250,34.88,104.25,82.400002,PM10,17946
49.119999,113.169998,18.620001,8.700000,0.940000,52.790001,-0.210000,0.800000,271.600006,73.129997,77460.476562,34.88,104.42,81.584999,PM10,17947
50.820000,113.180000,20.379999,10.280000,0.980000,50.549999,-2.830000,0.030000,272.010010,74.010002,79205.156250,34.88,104.59,81.589996,PM10,17948
51.540001,100.699997,20.330000,10.230000,0.920000,50.419998,-3.870000,0.910000,272.619995,74.279999,80400.789062,34.88,104.75,75.349998,PM10,17949
56.439999,101.150002,20.600000,12.020000,0.960000,50.150002,-3.900000,1.370000,272.329987,80.830002,80915.046875,34.88,104.92,76.799995,PM2.5,17950
62.169998,104.349998,22.430000,15.010000,1.050000,49.980000,-4.530000,-0.100000,273.570007,80.389999,83232.039062,34.88,105.08,83.962494,PM2.5,17951
66.279999,103.760002,21.139999,15.830000,1.110000,50.930000,-5.120000,1.470000,274.470001,80.360001,84641.476562,34.88,105.25,89.099998,PM2.5,17952
70.709999,104.029999,20.920000,17.389999,1.190000,51.270000,-4.340000,3.340000,273.570007,86.970001,83983.632812,34.88,105.41,94.637497,PM2.5,17953
73.430000,102.389999,20.980000,19.850000,1.320000,50.200001,-3.850000,3.700000,273.299988,89.449997,84181.023438,34.88,105.58,98.037498,PM2.5,17954
71.790001,93.769997,20.030001,19.120001,1.280000,52.049999,-4.560000,4.890000,272.790009,89.269997,83849.171875,34.88,105.75,95.987503,PM2.5,17955
70.839996,90.820000,19.340000,17.969999,1.280000,53.049999,-4.940000,5.110000,271.739990,91.239998,82752.656250,34.88,105.91,94.799995,PM2.5,17956
69.339996,89.040001,19.299999,17.820000,1.310000,52.669998,-5.000000,4.640000,271.929993,86.620003,82868.843750,34.88,106.08,92.924995,PM2.5,17957
67.779999,87.610001,19.610001,16.969999,1.330000,52.650002,-5.680000,3.630000,271.720001,81.250000,81924.289062,34.88,106.24,90.974998,PM2.5,17958
67.519997,87.690002,20.790001,16.719999,1.380000,53.209999,-5.220000,2.850000,268.950012,92.089996,78954.757812,34.88,106.41,90.649994,PM2.5,17959
18.959999,38.389999,4.840000,2.670000,0.420000,55.060001,1.350000,1.320000,271.549988,55.110001,64429.589844,34.99,102.26,38.389999,PM10,18191
22.910000,53.000000,6.300000,3.530000,0.560000,51.720001,-0.020000,1.410000,271.040009,56.540001,65398.320312,34.99,102.43,51.500000,PM10,18192
25.629999,63.080002,7.720000,4.450000,0.660000,50.540001,-0.360000,0.800000,270.000000,59.799999,65498.660156,35.0,102.59,56.540001,PM10,18193
31.889999,84.800003,11.560000,6.800000,0.810000,50.070000,-0.260000,-0.450000,270.119995,60.950001,67265.742188,35.0,102.76,67.400002,PM10,18194
39.540001,105.239998,14.030000,8.540000,0.970000,50.410000,-0.630000,0.360000,271.299988,59.480000,68770.960938,35.0,102.93,77.619995,PM10,18195
40.430000,105.139999,12.910000,7.190000,0.970000,52.619999,-1.110000,2.060000,270.869995,59.290001,66802.820312,35.01,103.09,77.570000,PM10,18196
46.880001,130.649994,16.480000,8.380000,1.120000,51.790001,-0.050000,0.890000,268.529999,65.480003,65092.929688,35.01,103.26,90.324997,PM10,18197
50.639999,145.330002,18.530001,8.710000,1.170000,51.070000,1.330000,0.150000,267.950012,69.870003,66204.789062,35.01,103.42,97.665001,PM10,18198
54.599998,156.270004,19.620001,9.310000,1.220000,50.639999,0.590000,0.060000,268.959991,72.550003,70461.398438,35.01,103.59,103.135002,PM10,18199
51.740002,144.580002,18.879999,8.130000,1.130000,53.090000,-0.550000,1.330000,270.320007,72.599998,74498.320312,35.01,103.75,97.290001,PM10,18200
49.139999,132.889999,17.549999,6.980000,1.040000,54.279999,-1.550000,1.690000,270.230011,74.370003,73818.671875,35.02,103.92,91.445000,PM10,18201
48.639999,129.070007,17.559999,7.100000,1.020000,54.040001,-1.870000,2.060000,270.359985,73.650002,73855.039062,35.02,104.09,89.535004,PM10,18202
49.049999,133.509995,18.930000,8.340000,1.070000,52.240002,-2.000000,0.140000,271.200012,71.959999,77011.562500,35.02,104.25,91.754997,PM10,18203
48.860001,130.160004,19.620001,9.160000,1.060000,50.790001,-3.420000,-0.360000,271.700012,73.250000,79054.953125,35.02,104.42,90.080002,PM10,18204
48.849998,121.300003,20.320000,9.760000,1.010000,50.009998,-4.570000,-0.000000,272.040009,73.599998,80051.171875,35.02,104.58,85.650002,PM10,18205
49.869999,107.449997,20.379999,9.970000,0.940000,50.049999,-4.760000,0.500000,271.790009,76.889999,80147.296875,35.02,104.75,78.724998,PM10,18206
53.799999,105.190002,20.410000,10.910000,0.960000,50.580002,-4.690000,0.640000,271.019989,85.589996,79918.976562,35.02,104.92,77.595001,PM10,18207
58.380001,105.580002,20.959999,12.490000,1.030000,51.250000,-4.850000,0.690000,271.670013,87.070000,81238.812500,35.02,105.08,79.224998,PM2.5,18208
62.169998,102.620003,20.280001,13.480000,1.070000,52.180000,-4.550000,2.250000,271.989990,89.470001,81931.843750,35.02,105.25,83.962494,PM2.5,18209
66.790001,103.320000,19.790001,15.280000,1.170000,51.799999,-3.440000,3.010000,271.709991,94.620003,82008.640625,35.02,105.42,89.737503,PM2.5,18210
70.510002,103.900002,19.830000,17.070000,1.280000,51.299999,-2.780000,3.370000,272.299988,94.010002,83152.367188,35.02,105.58,94.387505,PM2.5,18211
71.610001,99.970001,19.900000,17.980000,1.310000,51.889999,-3.210000,4.860000,272.630005,90.540001,83560.843750,35.02,105.75,95.762497,PM2.5,18212
70.360001,94.830002,19.690001,17.410000,1.300000,52.259998,-3.920000,5.270000,272.470001,87.260002,83219.046875,35.02,105.91,94.199997,PM2.5,18213
68.970001,92.129997,19.700001,17.299999,1.300000,52.599998,-4.780000,5.050000,272.489990,82.059998,82709.546875,35.02,106.08,92.462502,PM2.5,18214
67.160004,88.279999,19.709999,17.080000,1.300000,53.080002,-5.360000,4.110000,270.429993,85.820000,79753.828125,35.01,106.25,90.200005,PM2.5,18215
68.260002,90.320000,21.450001,17.680000,1.380000,52.380001,-4.200000,3.380000,267.940002,94.410004,77605.546875,35.01,106.41,91.575005,PM2.5,18216
70.949997,100.150002,21.580000,20.120001,1.850000,49.689999,-3.870000,0.930000,272.200012,90.580002,87532.648438,35.0,107.24,94.937500,PM2.5,18221
69.430000,100.190002,21.629999,19.730000,1.890000,51.240002,-4.920000,1.770000,272.339996,86.559998,87878.976562,35.0,107.41,93.037498,PM2.5,18222
68.550003,101.430000,22.049999,20.049999,1.900000,52.369999,-5.810000,2.340000,272.459991,82.699997,88210.882812,34.99,107.57,91.937500,PM2.5,18223
68.360001,103.110001,23.000000,20.330000,1.890000,53.520000,-6.850000,2.910000,272.679993,77.809998,88461.367188,34.99,107.74,91.699997,PM2.5,18224
23.620001,57.720001,7.380000,4.210000,0.550000,52.130001,-0.730000,0.820000,270.950012,55.480000,66694.343750,35.13,102.42,53.860001,PM10,18445
27.620001,76.820000,9.690000,5.600000,0.670000,50.740002,-0.980000,0.650000,269.510010,59.480000,66322.593750,35.13,102.59,63.410000,PM10,18446
32.840000,96.110001,13.380000,7.780000,0.790000,50.590000,-1.140000,-0.900000,269.390015,60.970001,67964.921875,35.14,102.76,73.055000,PM10,18447
40.730000,118.190002,16.410000,9.700000,0.960000,50.349998,-2.330000,-0.860000,269.690002,61.630001,68105.968750,35.14,102.92,84.095001,PM10,18448
45.880001,137.139999,18.030001,10.130000,1.080000,50.549999,-1.260000,1.460000,268.519989,64.519997,65450.730469,35.14,103.09,93.570000,PM10,18449
49.150002,149.039993,19.920000,10.460000,1.140000,50.639999,1.590000,0.950000,267.739990,67.650002,65618.906250,35.14,103.25,99.519997,PM10,18450
53.580002,160.800003,22.660000,11.250000,1.190000,50.029999,1.700000,-0.580000,268.670013,67.559998,68312.546875,35.15,103.42,105.400002,PM10,18451
61.410000,181.649994,24.660000,12.640000,1.320000,49.150002,0.110000,-1.260000,269.489990,69.930000,72234.796875,35.15,103.59,115.824997,PM10,18452
53.900002,157.729996,21.740000,10.070000,1.190000,51.480000,-0.470000,0.950000,271.160004,67.360001,75730.859375,35.15,103.75,103.864998,PM10,18453
49.660000,141.910004,20.030001,8.450000,1.120000,52.799999,-1.950000,0.500000,271.239990,70.620003,76443.437500,35.15,103.92,95.955002,PM10,18454
47.340000,134.360001,19.459999,8.100000,1.090000,52.380001,-3.780000,0.270000,270.820007,73.470001,76877.382812,35.15,104.09,92.180000,PM10,18455
46.540001,134.380005,19.690001,8.580000,1.100000,51.560001,-4.580000,-1.020000,270.670013,75.669998,78141.093750,35.15,104.25,92.190002,PM10,18456
45.200001,128.550003,19.639999,8.790000,1.060000,51.180000,-5.020000,-0.970000,270.750000,76.010002,78605.523438,35.15,104.42,89.275002,PM10,18457
45.270000,122.410004,20.100000,9.240000,1.020000,50.509998,-4.860000,-0.540000,270.600006,78.879997,79005.593750,35.16,104.58,86.205002,PM10,18458
46.549999,110.769997,20.250000,9.600000,0.950000,50.410000,-4.520000,0.360000,270.739990,81.620003,79620.687500,35.16,104.75,80.384995,PM10,18459
49.869999,106.809998,19.990000,10.070000,0.950000,51.029999,-4.400000,1.070000,270.470001,86.510002,79622.976562,35.16,104.92,78.404999,PM10,18460
53.759998,105.739998,19.650000,10.690000,1.000000,52.090000,-4.140000,1.790000,270.459991,89.599998,79830.000000,35.16,105.08,77.869995,PM10,18461
57.410000,101.349998,19.330000,11.330000,1.040000,52.689999,-3.470000,2.880000,270.500000,92.650002,80141.148438,35.16,105.25,78.012497,PM2.5,18462
61.820000,100.650002,19.190001,13.000000,1.120000,52.259998,-2.700000,3.030000,270.739990,95.129997,80912.953125,35.16,105.42,83.525002,PM2.5,18463
66.019997,101.389999,19.200001,15.040000,1.240000,51.669998,-2.300000,3.190000,271.640015,95.410004,82525.843750,35.15,105.58,88.774994,PM2.5,18464
69.419998,105.190002,20.250000,16.770000,1.340000,51.490002,-2.380000,4.140000,272.470001,92.610001,83470.578125,35.15,105.75,93.024994,PM2.5,18465
69.309998,101.680000,20.520000,17.440001,1.350000,51.759998,-2.650000,4.550000,272.790009,87.169998,83431.000000,35.15,105.91,92.887497,PM2.5,18466
67.480003,95.809998,20.530001,17.709999,1.320000,52.220001,-3.230000,4.630000,272.440002,82.680000,82098.078125,35.15,106.08,90.600006,PM2.5,18467
64.940002,86.900002,20.940001,16.920000,1.290000,53.450001,-3.730000,4.380000,269.799988,88.910004,78512.390625,35.15,106.25,87.425003,PM2.5,18468
66.870003,89.599998,22.180000,18.410000,1.380000,52.049999,-3.400000,3.800000,268.130005,93.470001,77670.406250,35.15,106.41,89.837502,PM2.5,18469
72.099998,101.339996,23.610001,22.950001,1.590000,46.570000,-2.780000,3.270000,269.549988,93.529999,82117.140625,35.15,106.58,96.375000,PM2.5,18470
73.570000,104.040001,23.270000,22.580000,1.760000,44.580002,-2.240000,2.700000,271.329987,91.389999,85542.148438,35.14,106.75,98.212502,PM2.5,18471
74.769997,104.599998,23.150000,22.020000,1.830000,45.820000,-2.710000,1.620000,271.549988,90.870003,86284.796875,35.14,106.91,99.712494,PM2.5,18472
73.169998,100.790001,21.610001,20.760000,1.790000,49.380001,-4.130000,1.700000,271.649994,90.570000,86649.648438,35.14,107.08,97.712494,PM2.5,18473
71.430000,100.570000,21.030001,20.309999,1.830000,50.689999,-5.090000,2.070000,271.609985,91.209999,87051.531250,35.14,107.24,95.537498,PM2.5,18474
70.870003,101.860001,21.270000,20.629999,1.880000,51.730000,-5.370000,2.190000,271.649994,90.720001,87408.953125,35.13,107.41,94.837502,PM2.5,18475
69.919998,102.620003,22.190001,21.049999,1.900000,53.000000,-5.290000,2.160000,271.929993,87.690002,87952.578125,35.13,107.58,93.649994,PM2.5,18476
23.440001,58.220001,7.860000,4.500000,0.500000,53.410000,-0.500000,0.900000,270.910004,53.750000,67213.710938,35.27,102.42,54.110001,PM10,18697
28.400000,83.800003,10.780000,6.140000,0.660000,52.020000,-1.900000,0.510000,269.600006,57.130001,67471.093750,35.27,102.59,66.900002,PM10,18698
32.980000,100.089996,14.090000,7.970000,0.760000,50.950001,-2.200000,-1.010000,268.670013,61.189999,68303.187500,35.27,102.75,75.044998,PM10,18699
40.250000,122.910004,18.379999,9.940000,0.900000,50.090000,-1.940000,-0.340000,267.730011,67.540001,68534.289062,35.28,102.92,86.455002,PM10,18700
51.549999,165.089996,27.040001,12.750000,1.150000,50.430000,0.130000,0.260000,267.570007,69.059998,67743.046875,35.28,103.08,107.544998,PM10,18701
60.730000,187.550003,30.730000,14.960000,1.290000,49.360001,1.290000,-0.870000,268.670013,67.239998,70330.273438,35.28,103.25,118.775002,PM10,18702
68.120003,207.229996,35.709999,17.730000,1.380000,49.220001,0.410000,-1.870000,269.670013,66.889999,73901.750000,35.28,103.42,128.614990,PM10,18703
70.019997,211.600006,32.259998,17.059999,1.450000,49.490002,0.130000,-1.510000,270.130005,68.779999,75878.750000,35.28,103.58,130.800003,PM10,18704
56.939999,175.179993,24.660000,12.270000,1.290000,51.290001,-0.750000,0.230000,271.339996,67.169998,77384.320312,35.29,103.75,112.589996,PM10,18705
49.099998,144.699997,21.660000,9.520000,1.150000,52.810001,-3.030000,0.370000,271.140015,71.279999,77658.179688,35.29,103.92,97.349998,PM10,18706
43.610001,124.309998,19.879999,8.030000,1.040000,53.090000,-4.680000,-0.090000,270.130005,75.769997,77086.601562,35.29,104.08,87.154999,PM10,18707
42.549999,123.610001,19.620001,8.230000,1.030000,52.860001,-4.930000,-0.910000,269.420013,77.449997,76796.726562,35.29,104.25,86.805000,PM10,18708
41.750000,122.260002,19.620001,8.440000,1.020000,52.080002,-4.390000,-0.720000,269.019989,79.790001,76839.156250,35.29,104.42,86.130005,PM10,18709
42.189999,121.730003,20.110001,9.030000,1.010000,51.290001,-3.800000,0.020000,269.329987,81.559998,77860.726562,35.29,104.58,85.865005,PM10,18710
43.360001,113.599998,20.309999,9.400000,0.960000,50.880001,-3.750000,0.870000,269.910004,83.110001,78885.523438,35.29,104.75,81.800003,PM10,18711
46.360001,109.360001,19.799999,9.630000,0.960000,51.590000,-3.660000,1.790000,269.440002,88.220001,78388.328125,35.29,104.92,79.680000,PM10,18712
50.070000,107.550003,19.100000,9.720000,1.000000,52.189999,-3.030000,2.600000,269.320007,90.709999,78348.656250,35.29,105.08,78.775002,PM10,18713
53.400002,101.000000,18.670000,10.180000,1.020000,52.410000,-2.500000,3.150000,269.769989,91.989998,79200.226562,35.29,105.25,75.500000,PM10,18714
57.200001,98.089996,18.360001,11.450000,1.080000,52.020000,-2.320000,3.000000,270.279999,94.230003,80454.000000,35.29,105.42,77.750000,PM2.5,18715
61.509998,98.419998,19.040001,13.200000,1.180000,52.189999,-2.090000,3.130000,271.209991,95.029999,82163.023438,35.29,105.58,83.137497,PM2.5,18716
64.690002,102.849998,19.820000,15.300000,1.300000,51.509998,-2.030000,3.800000,271.850006,93.709999,82749.343750,35.29,105.75,87.112503,PM2.5,18717
65.889999,101.940002,20.240000,16.740000,1.340000,51.090000,-2.370000,4.230000,272.070007,89.139999,82350.093750,35.29,105.92,88.612503,PM2.5,18718
65.180000,96.290001,20.240000,17.389999,1.320000,51.389999,-3.010000,4.390000,271.059998,89.199997,80424.453125,35.29,106.08,87.724998,PM2.5,18719
64.599998,90.199997,20.360001,17.940001,1.330000,51.520000,-3.550000,4.040000,269.089996,92.269997,78031.898438,35.29,106.25,87.000000,PM2.5,18720
67.320000,93.870003,21.549999,19.920000,1.440000,49.270000,-3.760000,3.610000,268.709991,92.559998,79142.437500,35.28,106.42,90.400002,PM2.5,18721
71.040001,100.489998,23.490000,22.420000,1.580000,46.660000,-3.390000,3.420000,269.609985,92.680000,82362.843750,35.28,106.58,95.050003,PM2.5,18722
73.889999,105.349998,23.090000,22.250000,1.730000,44.820000,-2.760000,2.400000,270.839996,91.559998,85001.773438,35.28,106.75,98.612503,PM2.5,18723
74.959999,104.580002,22.129999,21.639999,1.770000,47.610001,-3.100000,1.730000,271.839996,89.070000,86768.070312,35.28,106.92,99.949997,PM2.5,18724
73.320000,101.849998,21.420000,21.150000,1.780000,50.139999,-4.200000,2.440000,271.839996,89.830002,87080.046875,35.28,107.08,97.900002,PM2.5,18725
71.949997,101.709999,21.299999,20.790001,1.820000,51.820000,-4.870000,2.760000,271.519989,91.300003,87008.179688,35.27,107.25,96.187500,PM2.5,18726
71.410004,102.459999,21.780001,20.639999,1.870000,53.369999,-4.880000,2.760000,271.549988,91.559998,87388.523438,35.27,107.41,95.512505,PM2.5,18727
70.769997,102.879997,22.820000,21.290001,1.890000,54.610001,-4.760000,2.730000,271.760010,90.080002,87947.851562,35.27,107.58,94.712494,PM2.5,18728
70.190002,103.940002,24.629999,20.719999,1.890000,57.410000,-5.680000,3.100000,273.589996,72.620003,89827.562500,35.26,107.91,93.987503,PM2.5,18730
20.080000,44.250000,6.400000,3.830000,0.390000,54.790001,0.420000,0.470000,270.779999,52.279999,67026.093750,35.4,102.42,44.250000,PM10,18946
26.990000,74.769997,9.990000,5.780000,0.590000,52.330002,-0.870000,-0.060000,269.549988,55.070000,66485.156250,35.41,102.58,62.384998,PM10,18947
33.310001,101.099998,14.000000,7.700000,0.740000,49.950001,-0.860000,-0.980000,267.420013,63.230000,66633.023438,35.41,102.75,75.550003,PM10,18948
46.459999,146.910004,24.730000,12.270000,0.970000,48.779999,-0.960000,-0.610000,267.880005,65.260002,71125.648438,35.41,102.92,98.455002,PM10,18949
77.500000,227.570007,40.520000,21.680000,1.460000,48.770000,-0.220000,-2.130000,268.950012,64.269997,74838.632812,35.41,103.08,138.785004,PM10,18950
77.639999,232.389999,42.110001,22.690001,1.470000,49.919998,0.890000,-2.130000,269.589996,65.199997,76304.109375,35.42,103.25,141.195007,PM10,18951
74.230003,226.770004,39.540001,21.350000,1.420000,50.669998,0.550000,-1.620000,270.450012,64.760002,77386.226562,35.42,103.42,138.385010,PM10,18952
68.910004,215.259995,33.549999,17.940001,1.420000,51.270000,-0.060000,-1.080000,271.070007,65.910004,78225.882812,35.42,103.58,132.630005,PM10,18953
56.000000,178.559998,26.330000,12.890000,1.280000,53.110001,-1.550000,0.350000,272.109985,64.839996,79172.601562,35.42,103.75,114.279999,PM10,18954
46.430000,140.720001,22.059999,9.720000,1.120000,53.360001,-3.950000,0.720000,271.480011,69.089996,78584.640625,35.42,103.92,95.360001,PM10,18955
40.310001,116.860001,20.030001,8.070000,1.000000,53.110001,-5.050000,-0.280000,269.850006,71.559998,76734.492188,35.42,104.08,83.430000,PM10,18956
39.759998,116.940002,19.590000,8.130000,1.000000,53.590000,-4.170000,-0.210000,268.299988,78.620003,75706.273438,35.43,104.25,83.470001,PM10,18957
39.160000,117.029999,19.719999,8.440000,1.000000,52.660000,-2.830000,0.410000,268.380005,79.599998,76524.757812,35.43,104.42,83.514999,PM10,18958
39.970001,121.269997,20.360001,9.280000,1.010000,51.689999,-2.560000,0.900000,269.570007,77.459999,78493.921875,35.43,104.58,85.634995,PM10,18959
40.939999,115.599998,20.600000,9.680000,0.970000,51.040001,-2.830000,1.440000,269.980011,78.879997,79112.617188,35.43,104.75,82.800003,PM10,18960
43.520000,111.769997,20.030001,9.410000,0.970000,51.139999,-2.640000,2.500000,269.350006,85.449997,78328.671875,35.43,104.92,80.884995,PM10,18961
47.000000,108.959999,18.840000,9.030000,1.000000,52.220001,-2.190000,3.190000,269.350006,88.540001,78518.109375,35.43,105.08,79.479996,PM10,18962
49.980000,99.809998,18.180000,9.250000,1.000000,52.450001,-2.110000,3.300000,269.739990,90.239998,79330.546875,35.43,105.25,74.904999,PM10,18963
53.200001,94.639999,18.020000,10.040000,1.030000,52.480000,-2.110000,3.040000,270.000000,92.599998,80194.132812,35.43,105.42,72.750000,PM2.5,18964
57.090000,95.669998,18.709999,11.550000,1.140000,52.580002,-1.810000,3.210000,270.799988,93.870003,81664.671875,35.43,105.58,77.612503,PM2.5,18965
59.419998,96.949997,19.570000,13.260000,1.220000,52.360001,-1.790000,3.830000,271.470001,91.650002,82188.656250,35.43,105.75,80.524994,PM2.5,18966
60.700001,95.410004,19.620001,14.770000,1.250000,51.360001,-2.250000,4.360000,271.410004,89.580002,81327.593750,35.42,105.92,82.125000,PM2.5,18967
71.279999,102.660004,22.570000,22.350000,1.580000,46.450001,-3.210000,3.490000,269.929993,90.680000,82794.218750,35.42,106.58,95.349998,PM2.5,18971
75.360001,109.599998,22.389999,21.990000,1.710000,45.680000,-3.140000,2.710000,270.519989,90.800003,84430.023438,35.42,106.75,100.449997,PM2.5,18972
76.110001,108.720001,21.870001,21.830000,1.750000,48.590000,-3.270000,2.100000,271.549988,90.279999,86431.703125,35.41,106.92,101.387497,PM2.5,18973
74.389999,105.949997,21.709999,21.490000,1.780000,50.840000,-3.580000,2.340000,271.859985,91.080002,87266.453125,35.41,107.08,99.237503,PM2.5,18974
72.930000,104.809998,22.180000,21.420000,1.830000,52.720001,-4.110000,2.470000,271.630005,91.430000,87250.843750,35.41,107.25,97.412498,PM2.5,18975
72.290001,104.459999,22.410000,21.410000,1.880000,53.990002,-4.470000,2.690000,271.640015,92.220001,87723.703125,35.41,107.42,96.612503,PM2.5,18976
71.860001,103.910004,22.840000,21.190001,1.910000,55.520000,-4.480000,2.910000,271.920013,90.919998,88402.148438,35.4,107.58,96.074997,PM2.5,18977
71.430000,103.650002,23.690001,20.790001,1.910000,57.360001,-4.490000,3.310000,272.209991,85.580002,88680.359375,35.4,107.75,95.537498,PM2.5,18978
71.360001,103.889999,24.360001,19.910000,1.910000,59.000000,-5.300000,3.540000,272.820007,76.110001,88994.648438,35.4,107.92,95.449997,PM2.5,18979
72.699997,105.760002,24.959999,19.530001,1.920000,61.040001,-7.190000,3.820000,272.540009,73.029999,88652.898438,35.39,108.08,97.125000,PM2.5,18980
74.870003,108.339996,25.719999,19.180000,1.940000,63.000000,-9.000000,3.800000,271.399994,74.599998,87537.101562,35.39,108.25,99.837502,PM2.5,18981
77.220001,111.389999,26.860001,19.570000,1.970000,64.129997,-9.210000,3.180000,269.670013,79.690002,85947.812500,35.38,108.42,102.775002,PM2.5,18982
79.089996,112.839996,28.709999,19.930000,1.990000,66.839996,-7.740000,2.350000,268.140015,85.599998,84655.773438,35.38,108.58,105.112495,PM2.5,18983
30.990000,78.230003,12.000000,6.710000,0.600000,51.919998,1.650000,1.130000,267.899994,58.439999,64323.789062,35.54,102.58,64.115005,PM10,19192
38.730000,116.610001,16.160000,9.020000,0.830000,49.869999,1.010000,1.010000,266.720001,63.990002,65149.839844,35.54,102.74,83.305000,PM10,19193
60.750000,184.039993,31.290001,17.530001,1.150000,49.240002,-1.050000,-1.890000,268.029999,62.240002,72981.781250,35.55,102.91,117.019997,PM10,19194
74.139999,221.300003,40.160000,23.450001,1.370000,49.470001,-0.770000,-3.340000,271.070007,56.090000,79397.578125,35.55,103.08,135.649994,PM10,19195
64.669998,203.550003,40.130001,23.180000,1.230000,51.040001,-0.520000,-2.140000,271.029999,58.230000,79127.156250,35.55,103.25,126.775002,PM10,19196
57.389999,186.059998,35.139999,19.240000,1.170000,52.860001,-1.260000,-1.910000,270.540009,62.430000,77820.757812,35.55,103.41,118.029999,PM10,19197
52.459999,173.240005,27.680000,14.490000,1.170000,52.880001,-1.720000,-1.330000,271.380005,62.830002,78658.140625,35.56,103.58,111.620003,PM10,19198
47.939999,159.479996,23.400000,11.620000,1.150000,53.209999,-3.110000,0.670000,272.420013,63.240002,79530.992188,35.56,103.75,104.739998,PM10,19199
43.250000,140.139999,21.180000,9.740000,1.090000,53.680000,-4.540000,0.100000,270.760010,67.980003,77324.226562,35.56,103.91,95.070000,PM10,19200
38.500000,118.669998,19.820000,8.280000,1.010000,53.500000,-3.980000,-0.680000,268.540009,73.160004,75251.773438,35.56,104.08,84.334999,PM10,19201
38.160000,117.910004,19.860001,8.530000,1.010000,53.910000,-2.440000,0.500000,268.320007,75.970001,76093.609375,35.56,104.25,83.955002,PM10,19202
37.950001,120.199997,20.040001,9.020000,1.020000,52.610001,-1.830000,0.760000,269.480011,72.629997,78162.593750,35.56,104.42,85.099998,PM10,19203
38.830002,125.029999,20.840000,10.000000,1.040000,51.630001,-2.070000,0.590000,270.089996,71.879997,79416.929688,35.56,104.58,87.514999,PM10,19204
39.320000,116.599998,21.090000,10.170000,0.970000,50.869999,-2.060000,0.670000,270.040009,74.150002,79411.929688,35.56,104.75,83.300003,PM10,19205
41.759998,112.900002,20.059999,9.500000,0.970000,50.950001,-1.790000,1.560000,270.119995,79.050003,79563.187500,35.56,104.92,81.449997,PM10,19206
44.840000,109.239998,18.590000,8.700000,0.990000,51.580002,-1.910000,2.440000,270.290009,83.470001,79992.898438,35.56,105.08,79.619995,PM10,19207
47.310001,98.580002,17.840000,8.570000,0.980000,52.299999,-2.190000,3.040000,269.839996,88.150002,79645.578125,35.56,105.25,74.290001,PM10,19208
50.099998,92.300003,17.620001,9.150000,1.000000,52.549999,-2.090000,3.120000,269.630005,92.110001,79821.882812,35.56,105.42,71.150002,PM10,19209
53.439999,93.779999,18.590000,10.560000,1.110000,52.509998,-1.660000,3.350000,270.410004,92.279999,81136.898438,35.56,105.58,73.049995,PM2.5,19210
54.689999,91.489998,19.580000,11.550000,1.140000,52.799999,-1.520000,3.730000,271.260010,88.860001,81833.406250,35.56,105.75,74.612495,PM2.5,19211
73.470001,109.489998,24.610001,27.549999,1.580000,42.220001,-2.860000,2.900000,270.459991,89.389999,83860.203125,35.55,106.59,98.087502,PM2.5,19216
77.000000,113.040001,23.719999,29.490000,1.700000,41.259998,-3.310000,2.650000,270.920013,89.120003,84946.609375,35.55,106.75,102.500000,PM2.5,19217
77.089996,111.660004,22.330000,25.770000,1.750000,46.240002,-3.600000,2.670000,271.079987,91.199997,85756.820312,35.55,106.92,102.612495,PM2.5,19218
75.599998,109.300003,21.770000,21.500000,1.790000,51.169998,-3.670000,2.460000,271.429993,91.980003,86759.312500,35.55,107.09,100.750000,PM2.5,19219
74.220001,107.419998,22.370001,21.540001,1.840000,53.060001,-4.000000,2.540000,271.529999,92.269997,87259.031250,35.54,107.26,99.025002,PM2.5,19220
73.540001,106.300003,22.879999,21.490000,1.900000,54.480000,-4.220000,2.930000,271.540009,92.599998,87639.648438,35.54,107.42,98.175003,PM2.5,19221
73.269997,105.620003,23.490000,21.500000,1.940000,55.750000,-4.060000,3.030000,271.600006,92.029999,87975.296875,35.54,107.59,97.837494,PM2.5,19222
72.430000,103.910004,23.400000,20.129999,1.930000,58.279999,-3.780000,3.150000,271.859985,88.500000,88312.320312,35.53,107.76,96.787498,PM2.5,19223
72.599998,103.820000,24.000000,19.510000,1.920000,60.099998,-4.020000,3.210000,272.690002,78.459999,88952.210938,35.53,107.92,97.000000,PM2.5,19224
74.190002,105.519997,24.730000,19.309999,1.940000,61.110001,-5.420000,3.330000,272.470001,74.779999,88498.796875,35.53,108.09,98.987503,PM2.5,19225
76.000000,107.699997,25.480000,19.459999,1.960000,63.110001,-7.290000,3.400000,271.329987,75.570000,87245.406250,35.52,108.26,101.250000,PM2.5,19226
78.089996,110.410004,26.459999,19.700001,2.000000,63.950001,-8.040000,3.430000,269.630005,78.970001,85664.226562,35.52,108.42,103.862495,PM2.5,19227
79.540001,111.699997,27.850000,19.820000,2.020000,66.739998,-7.360000,3.310000,267.850006,86.010002,84430.117188,35.51,108.59,105.675003,PM2.5,19228
46.740002,128.710007,22.850000,13.250000,0.840000,49.250000,-2.640000,0.960000,267.350006,62.650002,70144.992188,35.68,102.74,89.355003,PM10,19438
60.040001,181.130005,32.090000,19.440001,1.090000,50.290001,-1.730000,-1.960000,268.540009,61.419998,75539.179688,35.68,102.91,115.565002,PM10,19439
61.740002,191.919998,36.849998,22.150000,1.150000,49.959999,-1.150000,-3.200000,271.579987,52.509998,80186.023438,35.69,103.08,120.959999,PM10,19440
54.410000,177.179993,36.080002,22.590000,1.060000,51.520000,-2.500000,-2.770000,271.130005,53.900002,79697.156250,35.69,103.24,113.589996,PM10,19441
52.389999,173.500000,33.270000,21.150000,1.080000,52.240002,-2.960000,-2.960000,270.329987,57.340000,78157.468750,35.69,103.41,111.750000,PM10,19442
49.049999,166.080002,28.330000,17.020000,1.110000,52.860001,-2.910000,-2.630000,271.459991,55.820000,79162.906250,35.69,103.58,108.040001,PM10,19443
45.730000,158.880005,23.150000,13.140000,1.120000,53.110001,-4.040000,-0.750000,271.950012,55.849998,78333.328125,35.69,103.75,104.440002,PM10,19444
42.660000,150.880005,20.799999,10.560000,1.120000,53.000000,-3.800000,-0.000000,268.619995,67.400002,74057.703125,35.7,103.91,100.440002,PM10,19445
37.650002,126.309998,19.100000,8.610000,1.040000,54.169998,-1.630000,0.110000,267.489990,72.180000,73966.132812,35.7,104.08,88.154999,PM10,19446
36.919998,121.650002,19.950001,8.790000,1.040000,53.680000,-1.280000,0.540000,269.470001,68.680000,77645.453125,35.7,104.25,85.824997,PM10,19447
36.639999,122.199997,20.040001,9.340000,1.040000,52.160000,-2.220000,0.190000,270.420013,66.720001,79669.703125,35.7,104.41,86.099998,PM10,19448
37.410000,122.779999,21.030001,10.020000,1.030000,51.500000,-2.190000,-0.520000,270.209991,66.790001,79769.828125,35.7,104.58,86.389999,PM10,19449
38.549999,119.519997,21.680000,10.650000,0.990000,49.919998,-1.730000,-1.060000,270.209991,68.250000,79884.593750,35.7,104.75,84.759995,PM10,19450
41.000000,117.379997,20.219999,9.800000,1.000000,50.070000,-1.610000,-0.540000,270.850006,71.190002,80770.671875,35.7,104.92,83.690002,PM10,19451
43.369999,109.739998,18.389999,8.380000,0.990000,51.529999,-1.770000,0.770000,270.899994,77.480003,80973.781250,35.7,105.08,79.869995,PM10,19452
45.459999,99.180000,17.700001,8.160000,0.980000,51.740002,-1.970000,2.210000,270.170013,84.570000,80216.476562,35.7,105.25,74.589996,PM10,19453
47.549999,91.169998,17.469999,8.490000,0.980000,52.410000,-2.070000,2.850000,269.859985,88.989998,80147.726562,35.7,105.42,70.584999,PM10,19454
49.919998,90.339996,18.360001,9.390000,1.060000,53.029999,-1.800000,3.420000,270.200012,90.139999,80746.187500,35.7,105.59,70.169998,PM10,19455
74.230003,111.180000,25.690001,28.750000,1.550000,39.919998,-2.810000,2.490000,270.190002,89.580002,83812.460938,35.69,106.59,99.037506,PM2.5,19461
78.010002,115.260002,24.590000,32.939999,1.690000,38.139999,-3.130000,2.390000,270.910004,89.980003,85103.820312,35.69,106.76,103.762505,PM2.5,19462
78.139999,114.300003,23.010000,28.330000,1.750000,44.290001,-3.530000,2.730000,271.140015,91.260002,85899.710938,35.69,106.92,103.925003,PM2.5,19463
76.900002,112.400002,21.980000,21.620001,1.800000,51.090000,-3.550000,2.740000,271.290009,92.059998,86585.539062,35.68,107.09,102.375000,PM2.5,19464
75.269997,109.639999,22.709999,21.469999,1.840000,53.310001,-3.610000,2.870000,271.350006,92.610001,86984.921875,35.68,107.26,100.337494,PM2.5,19465
74.620003,107.750000,23.379999,21.370001,1.900000,54.849998,-3.780000,3.040000,271.320007,92.730003,87200.890625,35.68,107.43,99.525002,PM2.5,19466
74.720001,107.029999,24.080000,22.030001,1.960000,55.740002,-3.690000,2.750000,271.100006,93.110001,87088.148438,35.67,107.59,99.650002,PM2.5,19467
73.680000,103.879997,23.270000,19.809999,1.950000,58.580002,-3.290000,2.260000,271.510010,90.849998,87912.039062,35.67,107.76,98.349998,PM2.5,19468
73.849998,103.120003,23.870001,19.530001,1.940000,60.880001,-3.520000,2.330000,272.299988,82.339996,88955.492188,35.67,107.93,98.562500,PM2.5,19469
75.309998,104.349998,24.650000,19.139999,1.960000,62.619999,-5.240000,2.740000,271.929993,76.709999,88339.156250,35.66,108.09,100.387497,PM2.5,19470
77.050003,106.639999,25.559999,19.340000,1.990000,64.360001,-7.930000,2.730000,270.489990,78.169998,87039.226562,35.66,108.26,102.562500,PM2.5,19471
78.720001,109.099998,26.139999,19.570000,2.030000,64.980003,-9.530000,3.060000,268.890015,82.910004,85916.109375,35.65,108.43,104.650002,PM2.5,19472
48.430000,112.669998,26.370001,16.219999,0.760000,48.480000,-5.410000,-1.630000,269.619995,57.410000,77009.156250,35.82,102.74,81.334999,PM10,19681
53.080002,147.820007,30.059999,18.910000,0.910000,49.900002,-3.280000,-2.100000,270.079987,56.919998,78462.218750,35.82,102.91,98.910004,PM10,19682
50.279999,155.350006,32.259998,20.280001,0.940000,50.570000,-2.480000,-3.150000,271.250000,52.810001,80121.406250,35.82,103.07,102.675003,PM10,19683
46.980000,157.380005,32.599998,21.809999,0.940000,51.980000,-3.730000,-2.820000,270.950012,52.820000,79950.921875,35.82,103.24,103.690002,PM10,19684
47.240002,160.550003,32.180000,23.840000,0.990000,52.509998,-4.590000,-3.060000,270.010010,54.630001,78587.507812,35.83,103.41,105.275002,PM10,19685
46.509998,159.500000,30.260000,22.219999,1.050000,52.529999,-4.820000,-3.880000,270.329987,53.889999,78819.117188,35.83,103.58,104.750000,PM10,19686
44.279999,153.289993,23.799999,17.270000,1.090000,53.060001,-5.030000,-2.850000,269.820007,55.810001,77347.539062,35.83,103.74,101.644997,PM10,19687
41.040001,146.259995,19.719999,12.380000,1.090000,53.590000,-2.950000,-0.400000,268.350006,61.470001,74811.156250,35.83,103.91,98.129997,PM10,19688
37.860001,139.979996,18.799999,9.110000,1.090000,53.090000,-1.220000,0.480000,269.470001,59.990002,76963.226562,35.83,104.08,94.989998,PM10,19689
35.599998,126.169998,19.320000,8.860000,1.050000,52.980000,-2.460000,0.460000,270.619995,61.529999,79517.179688,35.83,104.25,88.084999,PM10,19690
34.680000,117.529999,19.820000,8.840000,1.010000,51.970001,-3.090000,-0.640000,270.200012,62.849998,79430.640625,35.83,104.41,83.764999,PM10,19691
35.869999,117.620003,21.010000,9.570000,1.000000,51.130001,-2.380000,-1.580000,270.029999,62.459999,79685.226562,35.83,104.58,83.809998,PM10,19692
38.029999,120.949997,22.580000,10.910000,1.000000,49.189999,-1.880000,-2.170000,270.320007,63.070000,80252.023438,35.84,104.75,85.474998,PM10,19693
40.520000,120.160004,20.760000,9.870000,1.010000,49.549999,-1.660000,-1.660000,270.640015,67.639999,80893.250000,35.84,104.92,85.080002,PM10,19694
42.099998,108.930000,18.129999,8.060000,0.970000,51.060001,-1.600000,-0.280000,270.630005,75.949997,81094.046875,35.84,105.08,79.464996,PM10,19695
43.919998,100.080002,17.570000,7.780000,0.970000,51.669998,-1.750000,1.210000,270.329987,82.360001,80690.937500,35.84,105.25,75.040001,PM10,19696
76.699997,109.279999,22.540001,25.350000,1.720000,47.250000,-3.290000,2.810000,270.850006,91.540001,85510.976562,35.82,106.93,102.125000,PM2.5,19706
76.180000,108.220001,21.580000,20.760000,1.790000,52.669998,-3.240000,2.700000,271.019989,92.440002,86124.726562,35.82,107.09,101.474998,PM2.5,19707
75.389999,106.839996,22.260000,21.010000,1.840000,54.720001,-3.300000,2.640000,271.179993,92.669998,86704.656250,35.82,107.26,100.487503,PM2.5,19708
74.769997,105.320000,23.090000,21.250000,1.890000,56.610001,-3.660000,2.550000,271.109985,92.309998,86897.593750,35.81,107.43,99.712494,PM2.5,19709
75.279999,105.010002,23.690001,21.360001,1.950000,57.950001,-3.980000,2.180000,270.600006,93.129997,86544.343750,35.81,107.6,100.349998,PM2.5,19710
74.540001,102.320000,23.650000,20.200001,1.970000,60.689999,-3.820000,1.810000,270.970001,91.279999,87639.281250,35.81,107.76,99.425003,PM2.5,19711
74.690002,101.760002,24.170000,19.660000,2.000000,63.299999,-4.330000,2.390000,271.809998,83.089996,88906.093750,35.8,107.93,99.612503,PM2.5,19712
75.559998,102.529999,24.639999,19.150000,2.030000,65.559998,-6.430000,3.170000,271.309998,77.629997,88160.578125,35.8,108.1,100.699997,PM2.5,19713
76.779999,104.129997,25.459999,19.110001,2.060000,67.180000,-7.860000,3.220000,269.690002,81.279999,86600.578125,35.79,108.27,102.224998,PM2.5,19714
77.830002,104.980003,26.790001,19.309999,2.090000,68.190002,-7.380000,3.270000,268.380005,86.220001,85599.757812,35.79,108.43,103.537506,PM2.5,19715
45.189999,140.220001,28.980000,19.879999,0.860000,51.520000,-3.330000,-2.650000,270.899994,51.779999,79880.726562,35.96,103.07,95.110001,PM10,19926
43.639999,149.320007,30.080000,22.240000,0.910000,52.660000,-4.530000,-2.520000,271.209991,50.840000,80608.023438,35.96,103.24,99.660004,PM10,19927
44.610001,155.960007,31.590000,24.770000,0.970000,52.330002,-5.730000,-2.480000,269.980011,53.320000,79159.312500,35.96,103.41,102.980003,PM10,19928
47.099998,166.179993,33.990002,26.090000,1.080000,49.119999,-5.060000,-2.950000,269.500000,53.869999,78745.929688,35.96,103.57,108.089996,PM10,19929
43.860001,156.600006,25.620001,22.010000,1.090000,52.400002,-3.440000,-2.900000,269.940002,52.560001,79363.898438,35.97,103.74,103.300003,PM10,19930
40.810001,149.000000,19.900000,16.410000,1.110000,56.400002,-2.270000,-2.040000,270.880005,50.599998,79924.007812,35.97,103.91,99.500000,PM10,19931
37.040001,142.039993,18.370001,8.660000,1.060000,54.020000,-3.130000,-0.870000,271.940002,49.799999,80987.742188,35.97,104.08,96.019997,PM10,19932
34.340000,125.769997,18.990000,7.970000,1.020000,52.680000,-4.500000,-0.870000,270.579987,55.860001,79619.546875,35.97,104.24,87.884995,PM10,19933
33.950001,119.980003,19.610001,8.160000,1.000000,51.520000,-3.610000,-1.850000,268.929993,61.910000,78003.507812,35.97,104.41,84.990005,PM10,19934
35.400002,119.860001,21.129999,9.230000,0.990000,50.639999,-2.170000,-2.260000,269.399994,60.720001,79132.039062,35.97,104.58,84.930000,PM10,19935
38.459999,128.740005,24.010000,11.450000,1.030000,48.049999,-1.750000,-2.140000,270.079987,60.139999,80238.187500,35.97,104.75,89.370003,PM10,19936
40.799999,127.889999,21.740000,10.310000,1.040000,48.990002,-1.430000,-1.190000,270.339996,64.849998,80851.226562,35.97,104.92,88.945000,PM10,19937
41.250000,111.230003,18.090000,7.720000,0.960000,50.919998,-1.360000,-0.010000,270.429993,74.559998,81213.890625,35.97,105.08,80.615005,PM10,19938
42.590000,103.150002,17.400000,7.410000,0.960000,51.490002,-1.660000,0.880000,270.079987,81.889999,80691.398438,35.97,105.25,76.574997,PM10,19939
74.720001,103.629997,21.750000,22.100000,1.710000,50.509998,-3.100000,3.120000,270.410004,91.669998,84800.976562,35.96,106.93,99.650002,PM2.5,19949
74.580002,102.300003,20.730000,20.309999,1.780000,53.840000,-3.240000,2.650000,270.760010,92.519997,85777.328125,35.95,107.1,99.475006,PM2.5,19950
74.480003,102.230003,21.370001,20.400000,1.830000,56.230000,-3.290000,2.340000,271.029999,92.250000,86601.570312,35.95,107.27,99.350006,PM2.5,19951
74.720001,102.339996,22.230000,20.500000,1.890000,57.799999,-3.650000,2.170000,270.809998,92.110001,86659.773438,35.95,107.43,99.650002,PM2.5,19952
75.040001,102.480003,23.080000,20.559999,1.960000,59.529999,-4.110000,2.140000,270.279999,92.500000,86420.703125,35.95,107.6,100.050003,PM2.5,19953
75.150002,101.349998,24.020000,20.629999,2.030000,61.619999,-3.850000,2.230000,270.700012,91.120003,87623.468750,35.94,107.77,100.187500,PM2.5,19954
75.489998,100.959999,24.440001,19.780001,2.080000,64.400002,-4.000000,2.720000,271.350006,85.150002,88599.257812,35.94,107.94,100.612495,PM2.5,19955
75.900002,101.209999,24.730000,18.969999,2.130000,66.300003,-5.360000,3.310000,270.920013,80.120003,87799.367188,35.93,108.1,101.125000,PM2.5,19956
76.940002,102.839996,25.610001,19.020000,2.180000,67.809998,-6.620000,3.860000,269.510010,82.309998,86257.640625,35.93,108.27,102.425003,PM2.5,19957
78.260002,104.739998,26.030001,19.420000,2.210000,68.910004,-6.410000,4.580000,268.200012,86.970001,85285.140625,35.93,108.44,104.075005,PM2.5,19958
43.009998,134.630005,26.469999,20.910000,0.840000,51.450001,-3.690000,-1.030000,270.910004,50.400002,80049.421875,36.09,103.07,92.315002,PM10,20171
43.320000,153.070007,27.270000,24.150000,0.940000,53.240002,-5.390000,-1.690000,271.510010,48.910000,81095.437500,36.1,103.23,101.535004,PM10,20172
45.869999,166.139999,30.180000,27.780001,1.040000,52.060001,-6.420000,-1.560000,270.700012,50.459999,80435.851562,36.1,103.4,108.070000,PM10,20173
51.189999,187.759995,34.610001,31.590000,1.210000,46.740002,-5.660000,-1.740000,270.890015,49.029999,80925.468750,36.1,103.57,118.879997,PM10,20174
44.299999,165.110001,24.850000,24.110001,1.150000,54.049999,-4.490000,-2.740000,271.950012,46.320000,82313.476562,36.1,103.74,107.555000,PM10,20175
39.880001,150.990005,20.129999,17.209999,1.090000,57.799999,-4.410000,-3.510000,272.769989,44.599998,83173.343750,36.1,103.91,100.495003,PM10,20176
35.529999,137.580002,18.200001,8.140000,1.000000,55.009998,-5.750000,-2.670000,272.250000,46.160000,81903.187500,36.1,104.08,93.790001,PM10,20177
34.310001,129.789993,18.719999,7.340000,1.000000,53.000000,-5.850000,-1.990000,269.160004,55.790001,78240.156250,36.11,104.24,89.894997,PM10,20178
34.279999,126.279999,19.320000,7.570000,0.990000,51.360001,-3.380000,-2.030000,267.459991,63.130001,76748.070312,36.11,104.41,88.139999,PM10,20179
35.970001,127.970001,21.459999,8.900000,1.010000,49.380001,-1.470000,-2.300000,268.750000,60.000000,78649.726562,36.11,104.58,88.985001,PM10,20180
39.860001,140.759995,25.120001,12.070000,1.080000,47.700001,-1.220000,-1.740000,270.489990,55.689999,80920.320312,36.11,104.75,95.379997,PM10,20181
41.860001,138.779999,23.080000,10.840000,1.080000,47.630001,-1.200000,-0.460000,271.190002,58.759998,82034.890625,36.11,104.92,94.389999,PM10,20182
40.950001,115.290001,18.059999,7.440000,0.960000,50.680000,-1.550000,0.740000,270.660004,71.559998,81647.648438,36.11,105.08,82.645004,PM10,20183
41.860001,108.010002,17.110001,6.990000,0.950000,51.049999,-2.060000,1.090000,269.859985,79.589996,80571.851562,36.11,105.25,79.005005,PM10,20184
42.470001,99.709999,17.170000,6.970000,0.960000,52.520000,-2.110000,1.870000,269.200012,83.139999,79344.406250,36.11,105.42,74.854996,PM10,20185
72.980003,98.160004,20.730000,19.530001,1.770000,55.220001,-3.100000,2.920000,270.529999,92.220001,85480.093750,36.09,107.1,97.475006,PM2.5,20195
73.220001,98.709999,21.180000,19.680000,1.820000,57.040001,-3.190000,2.570000,270.500000,92.230003,85876.289062,36.09,107.27,97.775002,PM2.5,20196
73.580002,99.379997,21.980000,19.750000,1.880000,58.090000,-3.730000,2.290000,270.290009,92.059998,86140.039062,36.08,107.44,98.225006,PM2.5,20197
74.150002,100.029999,23.070000,20.170000,1.980000,59.380001,-4.090000,2.370000,270.390015,91.070000,86868.937500,36.08,107.61,98.937500,PM2.5,20198
74.930000,99.809998,24.420000,20.660000,2.100000,61.320000,-3.890000,2.690000,270.779999,89.919998,87886.648438,36.08,107.77,99.912498,PM2.5,20199
75.739998,99.750000,24.670000,19.780001,2.180000,64.260002,-4.430000,2.940000,270.730011,87.610001,87885.976562,36.07,107.94,100.924995,PM2.5,20200
76.529999,100.349998,24.830000,18.850000,2.250000,66.459999,-5.920000,3.160000,270.079987,84.199997,86892.750000,36.07,108.11,101.912498,PM2.5,20201
77.820000,102.360001,25.730000,19.520000,2.310000,67.589996,-7.010000,3.970000,269.079987,85.639999,85975.609375,36.07,108.28,103.525002,PM2.5,20202
79.400002,104.720001,26.160000,20.320000,2.350000,68.070000,-6.940000,5.210000,268.559998,87.050003,85902.351562,36.06,108.45,105.500000,PM2.5,20203
80.769997,107.190002,26.410000,21.350000,2.370000,68.519997,-6.150000,5.780000,268.660004,88.430000,86663.203125,36.06,108.61,107.212494,PM2.5,20204
39.009998,128.720001,19.490000,16.629999,0.800000,53.779999,-4.170000,0.410000,271.279999,48.750000,80445.476562,36.23,103.06,89.360001,PM10,20416
39.880001,143.289993,20.299999,18.590000,0.890000,54.189999,-5.510000,-0.950000,271.779999,46.980000,81216.796875,36.23,103.23,96.644997,PM10,20417
41.400002,154.169998,22.920000,21.420000,0.970000,53.400002,-6.490000,-1.100000,271.970001,46.009998,81749.046875,36.23,103.4,102.084999,PM10,20418
43.689999,167.839996,25.730000,23.480000,1.060000,53.509998,-6.910000,-2.000000,272.070007,45.230000,82007.531250,36.24,103.57,108.919998,PM10,20419
39.310001,154.250000,21.660000,18.100000,1.010000,55.759998,-6.530000,-3.500000,271.799988,45.709999,81998.593750,36.24,103.74,102.125000,PM10,20420
37.630001,152.160004,20.389999,13.760000,0.980000,56.790001,-6.300000,-4.650000,271.920013,44.830002,82521.421875,36.24,103.91,101.080002,PM10,20421
35.950001,147.880005,19.209999,8.130000,0.930000,55.020000,-6.160000,-4.500000,271.149994,46.430000,81585.132812,36.24,104.07,98.940002,PM10,20422
35.310001,140.070007,18.900000,6.960000,0.950000,53.090000,-4.860000,-2.290000,269.600006,51.279999,79399.312500,36.24,104.24,95.035004,PM10,20423
34.990002,133.279999,19.490000,7.130000,0.970000,51.450001,-2.880000,-1.170000,268.450012,55.669998,78039.257812,36.24,104.41,91.639999,PM10,20424
36.849998,135.720001,21.680000,8.700000,1.010000,49.299999,-1.400000,-1.340000,268.880005,56.959999,78942.867188,36.24,104.58,92.860001,PM10,20425
40.380001,146.100006,26.020000,12.350000,1.060000,47.360001,-1.020000,-1.350000,271.209991,51.709999,81986.906250,36.24,104.75,98.050003,PM10,20426
41.080002,137.169998,23.770000,10.870000,1.020000,47.770000,-1.350000,-0.430000,272.230011,53.709999,83316.773438,36.24,104.92,93.584999,PM10,20427
40.099998,115.099998,17.600000,6.700000,0.910000,50.549999,-2.200000,1.040000,270.820007,68.760002,81740.406250,36.24,105.08,82.550003,PM10,20428
40.950001,108.699997,16.879999,6.380000,0.910000,50.900002,-2.780000,1.160000,269.489990,76.080002,80111.648438,36.24,105.25,79.349998,PM10,20429
41.490002,101.639999,16.940001,6.420000,0.910000,51.880001,-2.250000,1.650000,268.369995,80.809998,78486.343750,36.24,105.42,75.820000,PM10,20430
70.750000,101.459999,20.820000,18.490000,1.540000,47.450001,-2.450000,3.020000,269.570007,89.360001,83272.859375,36.23,106.77,94.687500,PM2.5,20438
71.949997,99.400002,20.520000,18.230000,1.640000,51.009998,-2.630000,3.270000,269.899994,91.470001,84118.820312,36.23,106.94,96.187500,PM2.5,20439
72.070000,96.290001,21.020000,18.299999,1.720000,54.169998,-2.720000,3.410000,269.940002,92.199997,84553.156250,36.23,107.1,96.337502,PM2.5,20440
72.199997,95.949997,21.719999,18.680000,1.770000,55.869999,-3.120000,3.000000,270.049988,92.220001,85291.343750,36.22,107.27,96.500000,PM2.5,20441
72.660004,96.680000,22.889999,18.799999,1.830000,57.049999,-3.860000,2.730000,270.220001,91.110001,86303.687500,36.22,107.44,97.075005,PM2.5,20442
73.650002,97.820000,23.490000,19.670000,1.960000,58.090000,-3.940000,2.820000,270.489990,90.120003,87188.039062,36.22,107.61,98.312500,PM2.5,20443
75.010002,98.300003,24.760000,20.549999,2.110000,59.939999,-3.760000,3.040000,270.589996,90.199997,87610.523438,36.21,107.78,100.012505,PM2.5,20444
76.410004,98.790001,24.610001,19.490000,2.220000,63.730000,-4.500000,3.230000,270.239990,89.720001,87213.281250,36.21,107.95,101.762505,PM2.5,20445
77.519997,99.720001,24.600000,18.760000,2.300000,67.169998,-5.670000,3.370000,269.309998,89.610001,86099.500000,36.21,108.11,103.149994,PM2.5,20446
79.070000,102.169998,25.180000,19.540001,2.380000,68.050003,-6.110000,3.880000,268.600006,90.550003,85693.343750,36.2,108.28,105.087502,PM2.5,20447
80.699997,104.720001,25.670000,20.660000,2.420000,68.339996,-6.030000,4.840000,268.679993,90.190002,86351.687500,36.2,108.45,107.125000,PM2.5,20448
82.320000,107.500000,26.059999,21.900000,2.440000,67.930000,-5.590000,6.120000,268.739990,90.760002,86801.101562,36.19,108.62,109.150002,PM2.5,20449
38.959999,103.139999,17.850000,13.610000,0.710000,52.070000,-2.980000,2.050000,271.420013,48.570000,80143.898438,36.36,102.89,76.570000,PM10,20661
34.299999,111.290001,13.810000,10.490000,0.730000,54.709999,-4.370000,0.570000,270.940002,50.090000,79534.671875,36.36,103.06,80.645004,PM10,20662
32.750000,114.589996,12.780000,9.030000,0.730000,55.160000,-4.970000,-0.490000,270.980011,49.130001,79791.421875,36.37,103.23,82.294998,PM10,20663
31.709999,116.589996,13.010000,8.040000,0.740000,54.980000,-5.880000,-1.110000,272.059998,45.130001,81332.070312,36.37,103.4,83.294998,PM10,20664
31.879999,124.879997,14.250000,7.560000,0.770000,54.810001,-7.070000,-2.560000,271.670013,45.480000,81100.296875,36.37,103.57,87.440002,PM10,20665
32.470001,132.669998,16.639999,7.600000,0.800000,53.860001,-6.840000,-4.250000,270.899994,46.680000,80769.640625,36.37,103.74,91.334999,PM10,20666
33.930000,144.130005,19.110001,8.150000,0.860000,54.080002,-6.150000,-5.750000,270.790009,46.369999,81267.976562,36.37,103.9,97.065002,PM10,20667
35.529999,152.619995,21.299999,8.990000,0.910000,53.840000,-5.040000,-6.360000,270.609985,46.700001,81569.820312,36.38,104.07,101.309998,PM10,20668
35.529999,150.059998,19.840000,7.150000,0.890000,52.080002,-3.100000,-4.760000,271.399994,45.509998,82589.671875,36.38,104.24,100.029999,PM10,20669
36.060001,141.990005,19.270000,6.880000,0.950000,50.200001,-2.190000,-2.130000,271.230011,46.750000,81874.820312,36.38,104.41,95.995003,PM10,20670
38.130001,144.360001,21.430000,8.650000,1.010000,48.540001,-2.050000,-0.550000,270.700012,49.880001,81279.140625,36.38,104.58,97.180000,PM10,20671
39.389999,141.449997,26.090000,12.440000,0.970000,47.160000,-1.830000,-0.700000,271.980011,48.810001,83166.367188,36.38,104.75,95.724998,PM10,20672
40.090000,133.809998,23.790001,10.960000,0.930000,46.720001,-2.130000,-0.370000,271.869995,53.000000,83075.468750,36.38,104.92,91.904999,PM10,20673
38.709999,112.559998,16.930000,5.900000,0.830000,50.419998,-2.560000,0.920000,269.739990,68.550003,80411.546875,36.38,105.08,81.279999,PM10,20674
40.119999,109.360001,16.690001,5.900000,0.840000,50.450001,-2.320000,1.100000,268.540009,73.690002,79107.312500,36.38,105.25,79.680000,PM10,20675
65.610001,96.580002,21.000000,16.760000,1.380000,43.660000,-2.090000,2.700000,268.820007,83.690002,81809.023438,36.37,106.6,88.262497,PM2.5,20683
67.910004,97.389999,20.520000,16.549999,1.450000,46.020000,-1.940000,2.780000,269.470001,87.320000,83078.250000,36.37,106.77,91.137505,PM2.5,20684
69.580002,96.529999,20.580000,16.580000,1.540000,48.779999,-2.080000,3.100000,269.839996,90.730003,84019.679688,36.36,106.94,93.225006,PM2.5,20685
70.529999,94.699997,21.480000,17.160000,1.630000,51.220001,-2.550000,3.370000,269.910004,91.699997,84564.523438,36.36,107.11,94.412498,PM2.5,20686
70.519997,93.500000,22.709999,18.030001,1.680000,53.270000,-3.370000,3.240000,270.170013,91.440002,85720.421875,36.36,107.28,94.399994,PM2.5,20687
70.930000,93.550003,23.440001,18.299999,1.750000,55.020000,-3.870000,3.330000,270.309998,89.919998,86538.156250,36.36,107.45,94.912498,PM2.5,20688
72.389999,94.529999,23.490000,18.520000,1.900000,57.000000,-3.670000,3.500000,270.140015,90.480003,86577.242188,36.35,107.61,96.737503,PM2.5,20689
74.470001,95.669998,24.480000,19.090000,2.090000,59.470001,-3.760000,3.480000,270.130005,90.970001,86792.671875,36.35,107.78,99.337502,PM2.5,20690
76.550003,97.290001,24.049999,18.760000,2.240000,62.270000,-4.780000,3.690000,269.720001,90.809998,86470.406250,36.35,107.95,101.937500,PM2.5,20691
77.980003,98.940002,24.290001,18.690001,2.350000,65.540001,-5.610000,4.080000,268.790009,91.180000,85493.617188,36.34,108.12,103.725006,PM2.5,20692
79.699997,101.550003,24.980000,19.670000,2.440000,66.940002,-5.490000,4.690000,268.250000,91.660004,85244.203125,36.34,108.29,105.875000,PM2.5,20693
81.489998,104.480003,25.520000,20.940001,2.480000,67.230003,-5.160000,5.730000,268.100006,91.989998,85386.507812,36.33,108.46,108.112495,PM2.5,20694
83.529999,107.860001,26.230000,22.400000,2.520000,66.849998,-4.410000,6.920000,268.160004,92.470001,85576.406250,36.33,108.62,110.662498,PM2.5,20695
38.259998,111.000000,15.350000,13.160000,0.790000,53.709999,-2.760000,1.390000,270.970001,50.279999,79112.703125,36.5,102.89,80.500000,PM10,20907
34.330002,110.750000,12.340000,9.480000,0.780000,55.330002,-3.290000,0.380000,270.109985,53.340000,77974.117188,36.5,103.06,80.375000,PM10,20908
32.549999,110.660004,11.560000,7.590000,0.770000,55.610001,-3.590000,0.230000,269.630005,53.849998,77665.976562,36.5,103.23,80.330002,PM10,20909
30.850000,110.830002,11.870000,6.730000,0.750000,55.799999,-4.460000,-0.580000,271.329987,47.029999,79824.359375,36.5,103.4,80.415001,PM10,20910
30.809999,118.610001,13.450000,6.580000,0.770000,55.529999,-6.370000,-2.540000,271.529999,45.360001,80328.421875,36.51,103.56,84.305000,PM10,20911
31.260000,126.550003,15.780000,6.710000,0.800000,53.880001,-7.260000,-4.990000,270.709991,45.599998,80166.382812,36.51,103.73,88.275002,PM10,20912
33.070000,139.880005,19.080000,7.680000,0.860000,52.830002,-6.300000,-6.840000,270.100006,46.110001,80392.859375,36.51,103.9,94.940002,PM10,20913
36.439999,156.589996,23.180000,9.980000,0.970000,52.919998,-4.550000,-7.820000,270.029999,45.869999,81034.281250,36.51,104.07,103.294998,PM10,20914
35.259998,150.570007,20.280001,7.300000,0.880000,50.459999,-2.880000,-7.720000,271.130005,44.340000,82653.648438,36.51,104.24,100.285004,PM10,20915
35.889999,144.679993,18.870001,6.490000,0.890000,49.360001,-1.890000,-4.900000,272.100006,44.700001,83566.203125,36.51,104.41,97.339996,PM10,20916
39.549999,156.139999,21.160000,8.840000,1.010000,47.970001,-2.030000,-1.110000,272.769989,44.349998,84046.906250,36.51,104.58,103.070000,PM10,20917
39.299999,143.449997,26.629999,13.280000,0.910000,46.430000,-2.560000,-0.150000,272.829987,45.160000,84375.023438,36.51,104.75,96.724998,PM10,20918
39.709999,136.100006,24.719999,12.050000,0.870000,45.650002,-2.770000,0.120000,271.399994,50.919998,82660.109375,36.51,104.92,93.050003,PM10,20919
37.709999,114.389999,16.420000,5.390000,0.760000,49.410000,-2.380000,0.840000,268.920013,63.700001,79511.171875,36.51,105.08,82.195000,PM10,20920
39.590000,113.120003,16.420000,5.680000,0.780000,49.130001,-1.080000,1.230000,268.070007,69.120003,78733.210938,36.51,105.25,81.559998,PM10,20921
59.150002,88.050003,21.080000,14.920000,1.200000,41.880001,-2.410000,3.400000,268.570007,79.019997,81251.703125,36.51,106.44,80.187500,PM2.5,20928
62.360001,91.589996,20.840000,15.110000,1.280000,42.799999,-1.880000,3.040000,268.380005,82.980003,81265.406250,36.5,106.6,84.199997,PM2.5,20929
64.870003,93.239998,20.559999,15.180000,1.350000,44.080002,-1.590000,2.870000,269.079987,86.680000,82527.820312,36.5,106.77,87.337502,PM2.5,20930
66.779999,93.370003,20.980000,15.390000,1.420000,46.450001,-2.020000,2.950000,269.820007,89.870003,84078.140625,36.5,106.94,89.724998,PM2.5,20931
68.150002,92.580002,22.030001,16.350000,1.510000,47.980000,-2.820000,3.050000,270.190002,90.370003,85251.953125,36.5,107.11,91.437500,PM2.5,20932
68.440002,91.430000,23.219999,17.059999,1.550000,49.990002,-3.420000,3.420000,270.369995,89.790001,86123.968750,36.49,107.28,91.800003,PM2.5,20933
68.830002,90.680000,23.639999,17.290001,1.650000,52.650002,-3.420000,3.840000,270.170013,89.730003,86182.843750,36.49,107.45,92.287506,PM2.5,20934
70.910004,91.760002,23.730000,17.459999,1.820000,55.200001,-3.270000,3.920000,269.829987,90.860001,85934.406250,36.49,107.62,94.887505,PM2.5,20935
73.820000,93.769997,24.150000,18.129999,2.050000,57.500000,-3.600000,3.910000,269.820007,91.290001,86261.546875,36.49,107.79,98.525002,PM2.5,20936
76.599998,96.250000,24.139999,18.290001,2.250000,60.150002,-4.400000,4.360000,269.250000,90.930000,85736.156250,36.48,107.96,102.000000,PM2.5,20937
78.449997,98.459999,24.389999,18.780001,2.400000,62.919998,-4.960000,5.130000,268.359985,91.080002,84814.687500,36.48,108.12,104.312500,PM2.5,20938
80.470001,101.440002,24.780001,19.940001,2.530000,64.320000,-5.020000,6.210000,267.989990,91.290001,84675.476562,36.47,108.29,106.837502,PM2.5,20939
32.880001,74.190002,13.300000,12.570000,0.580000,53.169998,-2.580000,1.920000,267.510010,59.650002,74085.460938,36.63,102.72,62.095001,PM10,21153
34.119999,96.500000,12.920000,13.080000,0.750000,54.619999,-2.050000,1.270000,269.380005,53.830002,76502.882812,36.63,102.89,73.250000,PM10,21154
30.980000,94.199997,10.430000,8.520000,0.760000,56.580002,-1.970000,0.270000,268.959991,55.590000,75902.218750,36.64,103.05,72.099998,PM10,21155
31.370001,101.550003,10.520000,7.000000,0.810000,56.380001,-2.200000,0.760000,269.459991,54.360001,76748.093750,36.64,103.22,75.775002,PM10,21156
30.740000,106.669998,10.890000,6.310000,0.820000,56.209999,-3.090000,-0.160000,271.070007,48.029999,78693.171875,36.64,103.39,78.334999,PM10,21157
30.240000,113.580002,12.060000,5.920000,0.810000,56.250000,-4.740000,-2.890000,271.279999,45.930000,79055.429688,36.64,103.56,81.790001,PM10,21158
29.469999,116.160004,13.720000,5.610000,0.790000,55.099998,-5.930000,-5.500000,270.179993,46.910000,78784.359375,36.64,103.73,83.080002,PM10,21159
31.059999,128.929993,17.360001,6.430000,0.830000,52.189999,-5.510000,-7.190000,269.149994,47.389999,79090.953125,36.65,103.9,89.464996,PM10,21160
35.619999,152.539993,22.830000,9.430000,0.960000,51.590000,-3.890000,-8.030000,269.130005,46.009998,80229.476562,36.65,104.07,101.269997,PM10,21161
34.029999,143.869995,19.620001,6.900000,0.830000,49.470001,-1.940000,-8.380000,269.839996,44.840000,81595.539062,36.65,104.24,96.934998,PM10,21162
34.770000,140.550003,17.879999,6.050000,0.800000,48.700001,-0.850000,-6.520000,271.519989,44.860001,83348.710938,36.65,104.41,95.275002,PM10,21163
39.380001,158.820007,19.530001,8.110000,0.950000,46.680000,-1.490000,-2.550000,273.290009,42.599998,85077.500000,36.65,104.58,104.410004,PM10,21164
38.450001,143.470001,23.950001,11.940000,0.840000,45.419998,-2.490000,-0.830000,273.100006,43.150002,84947.171875,36.65,104.75,96.735001,PM10,21165
38.790001,135.970001,23.430000,11.770000,0.790000,44.750000,-2.580000,0.000000,271.160004,47.990002,82573.992188,36.65,104.92,92.985001,PM10,21166
37.189999,118.040001,15.670000,5.100000,0.710000,47.849998,-1.520000,0.830000,269.049988,56.130001,79767.500000,36.65,105.08,84.020004,PM10,21167
58.889999,87.260002,20.760000,14.110000,1.160000,41.560001,-1.720000,3.460000,268.540009,79.849998,81398.687500,36.64,106.61,79.862503,PM2.5,21176
61.419998,89.220001,20.770000,14.180000,1.220000,42.439999,-1.550000,3.280000,268.829987,85.639999,82135.960938,36.64,106.78,83.024994,PM2.5,21177
63.720001,90.330002,21.209999,14.510000,1.290000,43.889999,-2.110000,3.350000,269.529999,89.489998,83794.656250,36.64,106.95,85.900002,PM2.5,21178
65.199997,90.190002,22.219999,15.430000,1.350000,45.230000,-2.840000,3.440000,270.049988,89.540001,85250.226562,36.63,107.11,87.750000,PM2.5,21179
65.830002,89.110001,23.000000,15.590000,1.390000,47.470001,-3.020000,3.820000,270.100006,89.529999,85745.656250,36.63,107.28,88.537506,PM2.5,21180
66.629997,88.279999,23.160000,15.990000,1.500000,50.230000,-2.880000,4.060000,269.869995,90.320000,85588.046875,36.63,107.45,89.537498,PM2.5,21181
69.309998,89.489998,23.400000,16.629999,1.700000,52.810001,-2.950000,4.090000,269.600006,91.169998,85436.890625,36.62,107.62,92.887497,PM2.5,21182
73.209999,92.410004,23.809999,17.450001,1.980000,54.889999,-3.190000,4.300000,269.390015,91.650002,85501.953125,36.62,107.79,97.762497,PM2.5,21183
76.690002,95.389999,24.080000,17.980000,2.240000,57.290001,-3.600000,4.970000,268.839996,91.139999,84920.351562,36.62,107.96,102.112503,PM2.5,21184
29.290001,81.889999,10.350000,12.080000,0.730000,56.209999,-1.260000,0.890000,267.209991,59.619999,72983.882812,36.77,102.88,65.945000,PM10,21401
26.660000,76.959999,8.460000,6.960000,0.720000,58.689999,-0.730000,-0.250000,267.190002,58.110001,73129.453125,36.77,103.05,63.480000,PM10,21402
28.730000,88.650002,9.230000,6.190000,0.780000,57.900002,-0.680000,0.420000,269.140015,52.709999,75702.679688,36.77,103.22,69.324997,PM10,21403
29.379999,97.779999,9.740000,5.800000,0.820000,57.250000,-0.940000,-0.670000,269.869995,50.110001,76640.562500,36.78,103.39,73.889999,PM10,21404
28.940001,104.720001,10.580000,5.390000,0.820000,57.419998,-1.730000,-3.920000,269.700012,50.230000,76488.476562,36.78,103.56,77.360001,PM10,21405
27.940001,107.599998,11.660000,4.930000,0.770000,55.369999,-2.970000,-6.360000,269.339996,48.959999,77164.617188,36.78,103.73,78.800003,PM10,21406
29.219999,120.019997,14.480000,5.320000,0.780000,51.110001,-3.490000,-7.280000,268.970001,46.610001,78518.617188,36.78,103.9,85.009995,PM10,21407
33.020000,141.490005,19.330000,7.500000,0.860000,49.529999,-2.790000,-7.760000,269.350006,43.209999,80511.882812,36.78,104.07,95.745003,PM10,21408
32.790001,138.490005,18.059999,6.320000,0.760000,47.959999,-1.270000,-8.170000,270.320007,40.740002,82524.718750,36.78,104.24,94.245003,PM10,21409
33.439999,134.940002,16.680000,5.630000,0.710000,47.500000,-0.380000,-7.160000,271.549988,42.880001,83750.250000,36.78,104.41,92.470001,PM10,21410
36.279999,143.580002,17.330000,6.620000,0.780000,46.220001,-0.930000,-4.130000,272.329987,43.950001,84184.523438,36.79,104.58,96.790001,PM10,21411
36.849998,139.289993,19.540001,8.710000,0.740000,44.759998,-1.800000,-2.460000,271.760010,45.470001,83654.640625,36.79,104.75,94.644997,PM10,21412
37.270000,134.130005,19.879999,9.240000,0.710000,44.599998,-1.530000,-0.770000,270.029999,49.540001,81533.820312,36.79,104.92,92.065002,PM10,21413
37.209999,124.779999,15.510000,5.210000,0.660000,46.450001,-0.060000,0.160000,268.920013,53.220001,79855.523438,36.79,105.08,87.389999,PM10,21414
39.090000,125.430000,15.800000,5.450000,0.670000,44.900002,0.690000,0.430000,269.450012,52.650002,80385.226562,36.79,105.25,87.714996,PM10,21415
58.810001,86.190002,20.650000,13.610000,1.100000,40.730000,-1.550000,3.620000,268.670013,84.120003,81922.343750,36.77,106.78,79.762505,PM2.5,21424
61.160000,87.779999,21.020000,14.120000,1.150000,41.340000,-2.340000,4.050000,269.390015,87.910004,83772.476562,36.77,106.95,82.699997,PM2.5,21425
62.660000,87.919998,21.780001,14.670000,1.190000,42.750000,-3.000000,4.320000,269.790009,88.589996,85033.773438,36.77,107.12,84.574997,PM2.5,21426
63.410000,86.790001,22.299999,14.740000,1.210000,44.740002,-2.880000,4.480000,269.679993,89.370003,85176.250000,36.77,107.29,85.512497,PM2.5,21427
64.690002,86.239998,22.620001,14.960000,1.310000,47.709999,-2.510000,4.310000,269.390015,90.760002,84733.906250,36.76,107.46,87.112503,PM2.5,21428
68.010002,87.910004,22.940001,15.790000,1.540000,50.180000,-2.450000,4.530000,269.079987,91.820000,84392.406250,36.76,107.63,91.262505,PM2.5,21429
72.620003,91.279999,23.430000,16.990000,1.860000,52.419998,-2.530000,4.790000,268.880005,92.080002,84458.226562,36.76,107.8,97.025002,PM2.5,21430
25.309999,62.230000,9.060000,9.420000,0.630000,57.779999,-0.840000,1.260000,266.549988,62.810001,71271.492188,36.9,102.71,56.114998,PM10,21646
24.980000,67.820000,8.230000,8.420000,0.740000,58.430000,0.260000,-0.200000,265.269989,65.019997,69717.703125,36.9,102.88,58.910000,PM10,21647
24.750000,69.220001,7.770000,6.440000,0.730000,59.900002,0.550000,-1.200000,266.880005,56.770000,72382.179688,36.91,103.05,59.610001,PM10,21648
26.530001,78.459999,8.290000,5.780000,0.770000,59.299999,0.320000,-0.610000,268.309998,53.040001,74327.593750,36.91,103.22,64.229996,PM10,21649
26.950001,84.550003,8.710000,5.180000,0.780000,58.939999,-0.010000,-1.880000,267.839996,55.320000,73901.359375,36.91,103.39,67.275002,PM10,21650
26.430000,90.660004,9.540000,4.790000,0.770000,58.490002,-0.080000,-4.860000,267.089996,56.919998,73826.640625,36.91,103.56,70.330002,PM10,21651
26.459999,98.169998,10.310000,4.580000,0.760000,56.270000,0.240000,-6.780000,267.019989,54.230000,74786.187500,36.92,103.73,74.084999,PM10,21652
27.520000,110.190002,12.090000,4.700000,0.750000,51.099998,-0.260000,-7.350000,268.070007,47.639999,77402.187500,36.92,103.9,80.095001,PM10,21653
30.940001,130.919998,15.640000,6.010000,0.780000,48.130001,-0.980000,-7.370000,269.350006,41.570000,80527.843750,36.92,104.07,90.459999,PM10,21654
31.610001,131.679993,16.160000,5.980000,0.710000,46.849998,-0.650000,-7.890000,270.399994,38.000000,82776.828125,36.92,104.24,90.839996,PM10,21655
32.110001,127.230003,15.130000,5.320000,0.630000,46.279999,-0.180000,-7.470000,270.329987,42.360001,82579.640625,36.92,104.41,88.615005,PM10,21656
33.400002,124.500000,15.430000,5.610000,0.630000,45.740002,0.020000,-4.820000,269.429993,49.529999,81038.648438,36.92,104.58,87.250000,PM10,21657
34.750000,127.959999,16.299999,6.410000,0.630000,44.700001,0.160000,-3.230000,269.720001,49.110001,81473.390625,36.92,104.75,88.979996,PM10,21658
35.570000,128.470001,16.290001,6.380000,0.620000,44.330002,0.310000,-1.530000,270.059998,47.889999,81943.062500,36.92,104.92,89.235001,PM10,21659
37.080002,129.229996,15.410000,5.310000,0.610000,44.070000,0.670000,-1.400000,269.670013,49.150002,81245.640625,36.92,105.08,89.614998,PM10,21660
52.630001,81.190002,20.530001,12.640000,0.930000,38.509998,-1.360000,4.370000,268.369995,77.660004,81195.968750,36.91,106.61,72.037498,PM2.5,21669
54.900002,83.169998,20.910000,13.050000,0.970000,38.990002,-1.430000,3.990000,268.579987,82.220001,81920.820312,36.91,106.78,74.875000,PM2.5,21670
57.049999,84.690002,21.459999,13.520000,1.000000,39.459999,-2.240000,4.570000,269.489990,84.239998,83926.976562,36.91,106.95,77.562500,PM2.5,21671
58.490002,84.599998,21.870001,13.790000,1.020000,40.669998,-2.650000,4.900000,269.750000,86.320000,84955.906250,36.9,107.12,79.362503,PM2.5,21672
59.259998,83.300003,22.309999,13.940000,1.030000,42.650002,-2.430000,5.040000,269.670013,87.360001,85000.023438,36.9,107.29,80.324997,PM2.5,21673
61.180000,83.150002,22.500000,14.030000,1.110000,45.220001,-2.070000,4.580000,269.130005,89.830002,84217.820312,36.9,107.46,82.724998,PM2.5,21674
20.770000,44.520000,7.920000,7.210000,0.450000,60.029999,-1.080000,1.230000,266.130005,65.500000,69922.492188,37.03,102.54,44.520000,PM10,21892
23.170000,60.020000,8.160000,7.750000,0.700000,59.419998,0.580000,0.660000,264.190002,70.980003,67431.523438,37.04,102.71,55.010002,PM10,21893
22.900000,62.869999,7.530000,6.380000,0.870000,59.040001,1.130000,-1.440000,264.309998,67.080002,68607.789062,37.04,102.88,56.434998,PM10,21894
21.860001,59.639999,7.450000,5.360000,0.770000,60.529999,1.050000,-2.770000,265.850006,57.919998,71293.531250,37.04,103.05,54.820000,PM10,21895
23.379999,67.040001,7.690000,5.100000,0.790000,60.330002,1.060000,-1.970000,266.260010,57.660000,71554.757812,37.05,103.22,58.520000,PM10,21896
23.760000,71.459999,8.180000,4.600000,0.790000,58.869999,0.840000,-3.530000,265.880005,58.650002,71891.843750,37.05,103.39,60.730000,PM10,21897
25.139999,84.250000,9.270000,4.620000,0.800000,57.980000,0.780000,-5.040000,265.019989,59.520000,72722.570312,37.05,103.56,67.125000,PM10,21898
25.389999,92.500000,9.800000,4.440000,0.770000,56.900002,2.070000,-5.370000,264.980011,57.480000,73622.789062,37.05,103.73,71.250000,PM10,21899
26.490000,104.970001,10.720000,4.580000,0.770000,52.650002,2.510000,-6.040000,267.230011,47.759998,77139.187500,37.05,103.9,77.485001,PM10,21900
31.180000,132.500000,14.830000,6.470000,0.830000,48.180000,1.170000,-6.090000,269.709991,39.660000,81257.710938,37.05,104.07,91.250000,PM10,21901
30.990000,128.270004,14.700000,6.250000,0.710000,45.009998,0.360000,-6.690000,270.519989,35.840000,83220.890625,37.06,104.24,89.135002,PM10,21902
30.780001,121.139999,13.390000,5.360000,0.590000,43.560001,0.650000,-6.110000,269.589996,39.910000,82214.742188,37.06,104.4,85.570000,PM10,21903
31.969999,115.870003,13.940000,5.290000,0.550000,43.930000,1.400000,-3.880000,268.130005,50.049999,80122.109375,37.06,104.58,82.934998,PM10,21904
33.830002,122.269997,15.510000,6.000000,0.560000,43.150002,1.940000,-2.790000,269.149994,48.330002,81182.726562,37.06,104.74,86.134995,PM10,21905
34.910000,126.260002,15.700000,5.880000,0.560000,42.439999,1.470000,-2.360000,270.679993,44.830002,82988.820312,37.06,104.92,88.130005,PM10,21906
51.299999,81.820000,21.299999,13.020000,0.870000,36.779999,-1.640000,4.580000,268.959991,78.889999,82640.460938,37.05,106.78,70.375000,PM2.5,21917
53.180000,82.739998,21.860001,13.260000,0.880000,37.520000,-2.050000,5.050000,269.369995,81.910004,83886.820312,37.04,106.95,72.724998,PM2.5,21918
54.230000,81.879997,22.190001,13.200000,0.880000,38.950001,-2.060000,5.330000,269.529999,84.809998,84524.273438,37.04,107.12,74.037498,PM2.5,21919
21.180000,56.320000,8.070000,6.140000,0.880000,57.889999,1.730000,0.190000,263.010010,73.230003,65931.679688,37.17,102.7,53.160000,PM10,22143
21.330000,58.529999,8.280000,5.030000,1.060000,57.580002,0.700000,-2.470000,263.399994,65.820000,69400.781250,37.18,102.87,54.264999,PM10,22144
20.610001,55.580002,8.020000,4.630000,0.930000,58.910000,1.130000,-2.840000,263.170013,63.180000,69382.132812,37.18,103.04,52.790001,PM10,22145
21.410000,59.869999,8.020000,4.510000,0.900000,58.619999,2.440000,-2.300000,263.309998,62.060001,68860.742188,37.18,103.21,54.934998,PM10,22146
22.650000,66.610001,8.220000,4.460000,0.880000,57.490002,2.960000,-3.990000,264.190002,57.709999,71258.828125,37.18,103.38,58.305000,PM10,22147
24.430000,79.860001,8.990000,4.600000,0.870000,56.759998,3.100000,-4.660000,264.839996,54.950001,73756.296875,37.19,103.55,64.930000,PM10,22148
25.330000,90.669998,9.400000,4.610000,0.840000,55.770000,4.380000,-4.710000,266.049988,50.110001,76089.929688,37.19,103.72,70.334999,PM10,22149
26.059999,101.120003,10.040000,4.630000,0.800000,52.520000,4.400000,-5.230000,268.769989,41.520000,79757.296875,37.19,103.89,75.559998,PM10,22150
28.820000,117.959999,13.490000,6.310000,0.790000,48.180000,2.910000,-5.750000,270.869995,36.020000,83004.953125,37.19,104.06,83.979996,PM10,22151
29.080000,115.139999,13.740000,6.280000,0.670000,44.910000,1.980000,-6.370000,271.369995,33.529999,84375.562500,37.19,104.23,82.570000,PM10,22152
29.150000,108.889999,12.900000,5.520000,0.550000,42.950001,1.720000,-5.280000,270.940002,35.099998,84157.171875,37.19,104.4,79.445000,PM10,22153
29.780001,104.089996,12.830000,5.210000,0.490000,41.759998,2.010000,-3.100000,270.160004,39.970001,83055.906250,37.19,104.57,77.044998,PM10,22154
32.810001,115.779999,14.870000,5.790000,0.500000,41.009998,2.250000,-2.170000,270.350006,42.060001,82967.843750,37.19,104.74,82.889999,PM10,22155
18.639999,47.939999,8.060000,5.380000,0.800000,58.169998,1.680000,1.780000,262.609985,75.839996,64902.769531,37.31,102.53,47.939999,PM10,22394
20.780001,58.910000,10.440000,5.150000,1.280000,55.139999,0.750000,-1.120000,262.450012,71.080002,68149.078125,37.31,102.7,54.455002,PM10,22395
23.510000,67.239998,11.160000,5.470000,1.380000,55.259998,0.420000,-2.420000,263.399994,61.189999,72004.453125,37.31,102.87,58.619999,PM10,22396
22.299999,61.700001,10.220000,4.860000,1.180000,56.689999,1.230000,-1.580000,262.899994,60.830002,71572.609375,37.31,103.04,55.849998,PM10,22397
22.740000,63.709999,9.740000,4.630000,1.110000,56.349998,2.920000,-1.770000,263.079987,58.480000,71499.906250,37.32,103.21,56.855000,PM10,22398
24.290001,69.589996,9.680000,4.790000,1.070000,55.160000,3.600000,-3.500000,264.910004,51.910000,74539.843750,37.32,103.38,59.794998,PM10,22399
25.549999,80.879997,9.710000,4.950000,1.030000,54.660000,4.260000,-4.350000,265.750000,48.770000,76700.906250,37.32,103.55,65.440002,PM10,22400
25.820000,89.279999,9.480000,4.860000,0.940000,53.860001,6.000000,-5.120000,266.529999,45.689999,77873.851562,37.32,103.72,69.639999,PM10,22401
26.090000,97.739998,9.810000,4.820000,0.860000,50.680000,6.140000,-5.910000,268.950012,39.169998,80625.906250,37.32,103.89,73.869995,PM10,22402
27.230000,105.550003,12.630000,6.250000,0.760000,46.889999,4.660000,-6.670000,270.809998,34.439999,83337.398438,37.33,104.06,77.775002,PM10,22403
27.030001,100.570000,12.930000,6.180000,0.620000,44.950001,3.770000,-6.980000,270.589996,33.790001,83722.171875,37.33,104.23,75.285004,PM10,22404
27.139999,95.320000,12.440000,5.450000,0.500000,42.700001,3.260000,-5.990000,270.649994,34.810001,83812.359375,37.33,104.4,72.660004,PM10,22405
27.870001,93.070000,12.540000,5.180000,0.440000,41.549999,2.680000,-3.920000,271.190002,36.020000,84420.968750,37.33,104.57,71.535004,PM10,22406
18.010000,48.820000,7.610000,5.330000,0.750000,58.930000,3.940000,2.400000,262.829987,73.419998,63100.078125,37.44,102.35,48.820000,PM10,22646
20.570000,63.970001,13.300000,5.170000,1.520000,54.220001,-0.190000,-0.280000,262.399994,71.050003,68100.648438,37.44,102.52,56.985001,PM10,22647
27.379999,85.400002,17.620001,6.630000,1.900000,52.139999,-1.050000,-1.830000,263.829987,60.810001,73462.882812,37.44,102.69,67.699997,PM10,22648
29.320000,88.779999,17.950001,7.000000,1.840000,52.750000,0.170000,-2.110000,265.179993,52.959999,76308.500000,37.45,102.87,69.389999,PM10,22649
27.570000,79.699997,16.020000,6.280000,1.590000,53.450001,2.040000,-1.690000,265.339996,51.299999,76498.703125,37.45,103.04,64.849998,PM10,22650
27.490000,78.070000,14.470000,5.960000,1.470000,52.700001,3.820000,-2.170000,265.739990,48.650002,77008.226562,37.45,103.21,64.035004,PM10,22651
27.360001,77.419998,12.940000,5.770000,1.330000,52.009998,4.580000,-3.390000,267.369995,43.070000,79378.539062,37.45,103.38,63.709999,PM10,22652
27.900000,86.769997,11.950000,5.740000,1.240000,51.369999,4.700000,-3.630000,267.450012,42.349998,80039.023438,37.46,103.55,68.384995,PM10,22653
26.780001,89.309998,10.770000,5.380000,1.060000,50.959999,5.770000,-4.000000,266.760010,43.889999,79034.843750,37.46,103.72,69.654999,PM10,22654
26.799999,96.480003,10.620000,5.320000,0.940000,48.590000,6.460000,-5.470000,268.369995,39.320000,80776.773438,37.46,103.89,73.240005,PM10,22655
26.559999,97.199997,11.910000,6.050000,0.770000,45.820000,5.560000,-6.450000,270.049988,34.750000,83247.382812,37.46,104.06,73.599998,PM10,22656
17.590000,44.500000,7.130000,5.400000,0.720000,58.500000,5.930000,3.230000,262.470001,71.900002,61351.710938,37.57,102.18,44.500000,PM10,22899
17.090000,52.040001,9.750000,4.630000,1.250000,56.029999,2.860000,-0.330000,262.540009,69.220001,64766.398438,37.57,102.35,51.020000,PM10,22900
22.930000,76.290001,16.620001,5.860000,1.840000,53.299999,-0.920000,-2.100000,263.089996,64.279999,71753.117188,37.58,102.52,63.145000,PM10,22901
29.760000,100.669998,22.469999,7.550000,2.190000,51.200001,-0.600000,-2.520000,265.850006,52.470001,77517.148438,37.58,102.69,75.334999,PM10,22902
32.330002,106.800003,24.020000,8.050000,2.180000,50.820000,0.640000,-2.370000,267.420013,46.330002,80258.953125,37.58,102.86,78.400002,PM10,22903
30.219999,93.970001,21.280001,7.150000,1.860000,50.860001,2.380000,-2.200000,267.869995,43.950001,81006.789062,37.59,103.03,71.985001,PM10,22904
29.270000,87.459999,18.590000,6.580000,1.670000,50.060001,4.170000,-2.580000,267.829987,42.639999,81071.476562,37.59,103.2,68.729996,PM10,22905
28.230000,81.690002,15.940000,6.140000,1.460000,49.380001,5.230000,-3.230000,268.369995,40.230000,81752.710938,37.59,103.37,65.845001,PM10,22906
28.820000,90.669998,14.650000,6.150000,1.390000,48.259998,5.350000,-3.110000,268.660004,39.209999,82170.679688,37.59,103.55,70.334999,PM10,22907
28.400000,94.230003,13.230000,5.930000,1.230000,46.130001,5.790000,-2.880000,268.600006,38.889999,82101.976562,37.59,103.72,72.115005,PM10,22908
14.280000,34.750000,6.900000,4.520000,0.890000,58.599998,0.830000,0.740000,262.429993,72.349998,66084.437500,37.7,101.83,34.750000,PM10,23150
15.110000,44.410000,9.150000,4.150000,1.180000,57.580002,1.580000,-0.590000,262.399994,69.529999,67271.671875,37.71,102.17,44.410000,PM10,23152
17.700001,57.880001,12.220000,4.600000,1.500000,55.910000,0.860000,-2.570000,262.709991,65.650002,70579.750000,37.71,102.34,53.940002,PM10,23153
24.400000,85.349998,19.690001,6.540000,2.030000,53.290001,0.480000,-3.270000,264.959991,55.630001,75967.828125,37.71,102.52,67.675003,PM10,23154
29.010000,102.349998,25.000000,7.880000,2.210000,51.000000,0.810000,-3.480000,267.769989,46.660000,80763.742188,37.72,102.69,76.175003,PM10,23155
30.440001,104.379997,26.200001,7.880000,2.110000,49.529999,1.470000,-2.960000,269.070007,42.279999,83215.906250,37.72,102.86,77.190002,PM10,23156
28.799999,93.269997,23.860001,7.050000,1.820000,48.529999,2.560000,-2.510000,269.109985,40.849998,83597.796875,37.72,103.03,71.634995,PM10,23157
27.780001,85.730003,20.670000,6.500000,1.620000,47.290001,3.890000,-2.410000,268.600006,40.830002,83101.703125,37.72,103.2,67.865005,PM10,23158
27.049999,79.739998,17.559999,6.080000,1.430000,46.400002,5.030000,-2.690000,268.350006,40.389999,82720.773438,37.73,103.37,64.869995,PM10,23159
27.180000,85.730003,16.330000,5.930000,1.330000,44.520000,5.660000,-2.840000,268.769989,38.619999,83064.140625,37.73,103.54,67.865005,PM10,23160
26.709999,87.059998,14.620000,5.760000,1.190000,42.750000,5.770000,-2.810000,269.470001,36.689999,83820.500000,37.73,103.71,68.529999,PM10,23161
13.450000,22.570000,4.860000,4.260000,0.550000,59.770000,0.420000,2.280000,261.470001,77.559998,63107.199219,37.82,101.31,22.570000,PM10,23403
13.250000,31.780001,6.750000,3.710000,0.920000,60.099998,-0.060000,0.100000,262.549988,71.160004,67561.421875,37.83,101.65,31.780001,PM10,23405
13.900000,38.650002,7.980000,3.750000,1.140000,59.869999,-1.240000,-1.580000,262.959991,70.260002,70882.726562,37.83,101.83,38.650002,PM10,23406
14.830000,45.029999,8.870000,3.790000,1.240000,59.430000,-0.550000,-2.360000,263.339996,65.839996,72056.578125,37.84,102.0,45.029999,PM10,23407
16.780001,54.880001,11.260000,4.300000,1.430000,58.400002,0.200000,-2.480000,263.410004,63.029999,72886.210938,37.84,102.17,52.440002,PM10,23408
20.090000,69.800003,15.350000,5.180000,1.710000,55.470001,0.870000,-2.650000,264.470001,57.590000,75501.507812,37.84,102.34,59.900002,PM10,23409
27.459999,100.209999,25.190001,7.770000,2.330000,52.209999,1.470000,-3.480000,266.970001,49.759998,79768.210938,37.85,102.51,75.104996,PM10,23410
32.090000,117.910004,30.610001,9.090000,2.560000,48.939999,1.740000,-3.720000,269.320007,42.200001,83699.656250,37.85,102.68,83.955002,PM10,23411
28.290001,97.349998,27.540001,7.410000,1.970000,47.820000,2.080000,-3.210000,269.790009,39.980000,84906.726562,37.85,102.85,73.675003,PM10,23412
26.160000,84.680000,25.490000,6.460000,1.640000,45.860001,2.870000,-2.830000,269.049988,40.200001,84231.281250,37.86,103.03,67.339996,PM10,23413
24.410000,74.230003,21.600000,5.770000,1.370000,44.150002,3.880000,-2.470000,268.640015,40.080002,83688.476562,37.86,103.2,62.115002,PM10,23414
23.320000,66.550003,18.150000,5.370000,1.170000,42.680000,4.750000,-2.380000,268.700012,39.200001,83612.250000,37.86,103.37,58.275002,PM10,23415
8.380000,12.410000,3.510000,1.980000,0.450000,61.389999,2.160000,0.190000,260.350006,77.059998,63623.089844,37.95,101.13,12.410000,PM10,23659
11.060000,20.280001,5.000000,2.610000,0.690000,61.650002,2.390000,1.010000,261.320007,73.910004,65506.671875,37.96,101.31,20.280001,PM10,23660
12.070000,26.209999,5.640000,2.820000,0.830000,61.910000,1.920000,-0.570000,262.089996,71.709999,67605.140625,37.96,101.48,26.209999,PM10,23661
12.700000,32.009998,6.190000,3.020000,0.960000,61.570000,1.500000,-1.990000,262.160004,72.620003,69073.218750,37.96,101.65,32.009998,PM10,23662
14.190000,41.220001,7.440000,3.360000,1.150000,60.730000,0.870000,-2.980000,263.040009,67.980003,71726.156250,37.97,101.82,41.220001,PM10,23663
15.490000,49.330002,9.070000,3.820000,1.280000,59.660000,0.400000,-2.840000,263.660004,63.180000,73739.023438,37.97,101.99,49.330002,PM10,23664
18.170000,62.279999,13.270000,4.930000,1.550000,57.520000,0.730000,-2.160000,264.489990,58.959999,75655.656250,37.98,102.16,56.139999,PM10,23665
21.480000,76.610001,18.510000,5.810000,1.750000,54.139999,1.040000,-2.520000,266.739990,51.549999,79630.250000,37.98,102.34,63.305000,PM10,23666
26.459999,97.070000,25.240000,7.220000,2.130000,50.650002,1.510000,-3.270000,268.899994,43.930000,83283.906250,37.98,102.51,73.535004,PM10,23667
27.850000,100.860001,28.650000,7.660000,2.150000,47.869999,1.970000,-3.570000,269.910004,39.869999,85114.867188,37.99,102.68,75.430000,PM10,23668
22.580000,74.650002,25.930000,6.170000,1.500000,46.540001,2.160000,-3.500000,269.809998,38.860001,85323.500000,37.99,102.85,62.325001,PM10,23669
20.600000,63.209999,24.340000,5.470000,1.200000,44.779999,2.720000,-3.120000,269.209991,38.939999,84671.492188,37.99,103.02,56.605000,PM10,23670
19.389999,55.549999,21.430000,5.050000,1.010000,43.730000,3.550000,-2.750000,269.029999,38.680000,84436.570312,37.99,103.19,52.775002,PM10,23671
11.810000,20.410000,6.750000,2.600000,0.610000,61.639999,2.410000,-0.430000,259.940002,77.690002,64590.941406,38.08,100.96,20.410000,PM10,23912
12.820000,25.200001,7.230000,2.580000,0.760000,62.480000,3.520000,-0.080000,260.839996,75.089996,66706.039062,38.09,101.13,25.200001,PM10,23913
14.980000,34.020000,8.020000,2.840000,0.970000,62.990002,3.130000,-1.020000,262.350006,70.879997,69775.882812,38.09,101.3,34.020000,PM10,23914
15.380000,39.570000,7.770000,2.890000,1.070000,63.619999,2.280000,-1.500000,262.149994,71.410004,70549.937500,38.1,101.47,39.570000,PM10,23915
15.520000,44.580002,7.500000,3.090000,1.180000,63.279999,2.370000,-2.010000,261.809998,70.419998,70393.109375,38.1,101.64,44.580002,PM10,23916
16.190001,51.029999,7.600000,3.160000,1.270000,62.430000,2.490000,-3.080000,263.190002,64.500000,72806.593750,38.1,101.82,50.514999,PM10,23917
17.360001,59.180000,10.070000,4.030000,1.400000,60.770000,1.400000,-2.800000,265.250000,57.580002,76482.117188,38.11,101.99,54.590000,PM10,23918
21.280001,79.500000,17.480000,6.270000,1.800000,57.340000,0.520000,-2.090000,266.829987,51.240002,79752.648438,38.11,102.16,64.750000,PM10,23919
23.799999,90.769997,22.049999,6.780000,1.930000,52.919998,0.750000,-2.850000,268.540009,44.590000,82958.312500,38.12,102.33,70.384995,PM10,23920
23.730000,88.559998,24.190001,6.480000,1.790000,50.169998,1.240000,-3.600000,269.829987,40.049999,85073.070312,38.12,102.5,69.279999,PM10,23921
21.379999,76.970001,24.670000,5.950000,1.520000,48.270000,1.590000,-3.850000,270.070007,38.029999,85648.000000,38.12,102.68,63.485001,PM10,23922
16.879999,54.090000,24.120001,5.130000,1.040000,45.970001,1.960000,-3.950000,269.799988,37.540001,85505.296875,38.12,102.85,52.044998,PM10,23923
15.770000,47.369999,23.139999,4.850000,0.860000,44.490002,2.420000,-3.550000,269.500000,37.450001,85165.679688,38.13,103.02,47.369999,PM10,23924
15.200000,42.970001,21.129999,4.700000,0.730000,43.290001,2.860000,-3.240000,269.489990,37.240002,85166.523438,38.13,103.19,42.970001,PM10,23925
15.090000,39.759998,18.200001,4.660000,0.610000,42.480000,3.090000,-3.150000,269.640015,36.939999,85267.632812,38.13,103.36,39.759998,PM10,23926
16.350000,31.610001,10.700000,3.450000,0.660000,62.169998,2.550000,-0.930000,260.049988,77.500000,65443.359375,38.21,100.78,31.610001,PM10,24168
21.240000,45.840000,13.810000,3.990000,1.020000,63.180000,1.540000,-1.450000,261.100006,75.220001,69805.531250,38.22,100.95,45.840000,PM10,24169
19.180000,45.849998,12.150000,3.440000,1.070000,64.940002,2.310000,-1.830000,261.100006,73.389999,71148.687500,38.22,101.12,45.849998,PM10,24170
18.459999,49.029999,11.030000,3.220000,1.160000,65.389999,4.210000,-3.250000,261.320007,69.379997,71393.742188,38.23,101.29,49.029999,PM10,24171
17.730000,51.130001,9.930000,3.130000,1.190000,65.459999,4.360000,-2.180000,262.920013,63.980000,72780.171875,38.23,101.47,50.565002,PM10,24172
17.740000,54.660000,9.240000,3.320000,1.240000,64.830002,2.720000,-1.590000,264.480011,60.779999,75132.578125,38.24,101.64,52.330002,PM10,24173
17.690001,57.299999,8.720000,3.330000,1.240000,63.919998,2.660000,-2.680000,265.529999,56.549999,77353.523438,38.24,101.81,53.650002,PM10,24174
18.690001,65.690002,11.850000,4.420000,1.410000,62.150002,2.510000,-2.670000,267.149994,50.770000,79701.406250,38.24,101.98,57.845001,PM10,24175
23.360001,93.529999,22.420000,7.770000,2.000000,57.529999,0.890000,-2.550000,268.160004,46.549999,81785.906250,38.25,102.15,71.764999,PM10,24176
22.270000,87.430000,23.000000,6.810000,1.680000,52.919998,0.480000,-3.510000,268.470001,44.029999,83273.546875,38.25,102.33,68.714996,PM10,24177
20.299999,77.730003,22.620001,5.990000,1.470000,50.730000,1.230000,-4.300000,269.179993,40.700001,84578.898438,38.25,102.5,63.865002,PM10,24178
17.670000,64.699997,22.180000,5.350000,1.190000,49.080002,1.780000,-4.230000,269.739990,37.840000,85460.406250,38.26,102.67,57.349998,PM10,24179
15.000000,50.299999,22.780001,4.840000,0.890000,46.169998,2.000000,-4.110000,269.839996,36.480000,85725.781250,38.26,102.84,50.150002,PM10,24180
14.320000,45.459999,22.389999,4.660000,0.750000,44.270000,2.080000,-3.810000,269.690002,36.180000,85564.812500,38.26,103.02,45.459999,PM10,24181
14.030000,42.009998,20.910000,4.560000,0.650000,43.029999,2.070000,-3.710000,269.640015,36.080002,85450.812500,38.27,103.19,42.009998,PM10,24182
14.090000,39.180000,18.000000,4.510000,0.550000,42.209999,2.020000,-3.700000,269.820007,35.740002,85558.210938,38.27,103.36,39.180000,PM10,24183
8.230000,12.280000,4.390000,1.800000,0.200000,63.400002,-0.460000,-3.680000,262.440002,69.059998,66606.710938,38.32,100.08,12.280000,PM10,24423
13.730000,24.450001,8.880000,2.700000,0.360000,63.709999,-0.420000,-0.350000,259.350006,77.690002,63371.578125,38.34,100.42,24.450001,PM10,24425
21.950001,44.680000,15.430000,3.810000,0.660000,63.570000,1.330000,-0.900000,259.950012,78.459999,66587.656250,38.34,100.6,44.680000,PM10,24426
31.850000,72.459999,21.850000,5.680000,1.160000,64.360001,0.550000,-2.080000,261.859985,74.160004,72028.898438,38.35,100.77,61.230000,PM10,24427
33.980000,85.940002,23.260000,6.070000,1.610000,67.629997,-0.340000,-1.720000,263.029999,66.830002,75437.312500,38.35,100.94,67.970001,PM10,24428
23.559999,64.720001,17.260000,4.480000,1.360000,69.010002,0.760000,-1.140000,261.850006,65.800003,74002.226562,38.36,101.11,57.360001,PM10,24429
21.059999,62.160000,14.290000,3.880000,1.340000,68.040001,4.160000,-2.040000,260.070007,68.949997,70786.203125,38.36,101.29,56.080002,PM10,24430
19.219999,59.330002,12.110000,3.520000,1.270000,67.470001,6.190000,-2.770000,262.459991,61.020000,72403.382812,38.37,101.46,54.665001,PM10,24431
19.260000,61.790001,10.950000,3.610000,1.290000,66.510002,5.100000,-4.100000,265.899994,52.270000,77419.437500,38.37,101.63,55.895000,PM10,24432
18.010000,58.349998,9.660000,3.420000,1.150000,65.589996,4.690000,-4.890000,266.239990,51.849998,78937.851562,38.38,101.8,54.174999,PM10,24433
19.090000,68.129997,13.170000,4.690000,1.370000,63.570000,4.080000,-3.950000,266.510010,50.320000,78947.296875,38.38,101.98,59.064999,PM10,24434
24.580000,103.489998,26.870001,9.120000,2.090000,58.549999,1.500000,-3.850000,268.049988,45.310001,81577.328125,38.38,102.15,76.744995,PM10,24435
18.540001,73.190002,22.559999,6.280000,1.240000,54.099998,0.500000,-4.060000,268.640015,42.500000,83815.890625,38.39,102.32,61.595001,PM10,24436
15.100000,56.980000,20.750000,5.100000,0.940000,51.110001,1.600000,-4.160000,268.989990,40.040001,84740.039062,38.39,102.5,53.489998,PM10,24437
13.730000,49.630001,19.889999,4.650000,0.810000,48.860001,2.200000,-3.950000,269.540009,37.270000,85576.132812,38.39,102.67,49.630001,PM10,24438
13.400000,46.750000,20.940001,4.470000,0.740000,46.250000,2.070000,-3.860000,269.779999,35.709999,85960.531250,38.4,102.84,46.750000,PM10,24439
13.310000,44.529999,21.040001,4.400000,0.670000,44.349998,1.810000,-3.640000,269.750000,35.160000,85865.507812,38.4,103.01,44.529999,PM10,24440
13.370000,42.110001,20.180000,4.370000,0.600000,43.340000,1.670000,-3.820000,269.649994,35.029999,85683.406250,38.4,103.19,42.110001,PM10,24441
13.440000,38.630001,17.389999,4.270000,0.500000,42.580002,1.700000,-3.990000,269.920013,34.619999,85968.812500,38.4,103.36,38.630001,PM10,24442
3.060000,3.220000,0.380000,0.110000,0.110000,62.580002,10.090000,-2.010000,255.330002,80.820000,55563.140625,38.25,95.94,4.371428,PM2.5,24659
3.090000,3.240000,0.390000,0.110000,0.120000,63.990002,12.340000,-1.540000,255.919998,75.339996,55454.238281,38.26,96.11,4.414286,PM2.5,24660
2.980000,3.120000,0.370000,0.110000,0.120000,65.250000,11.880000,-2.020000,258.109985,65.300003,56959.578125,38.27,96.28,4.257143,PM2.5,24661
2.920000,3.070000,0.360000,0.110000,0.120000,65.059998,9.990000,-3.490000,259.500000,62.099998,58517.070312,38.28,96.45,4.171429,PM2.5,24662
2.970000,3.140000,0.370000,0.110000,0.120000,63.740002,8.970000,-3.540000,259.549988,63.520000,59057.648438,38.29,96.62,4.242857,PM2.5,24663
5.290000,7.200000,2.380000,0.980000,0.160000,62.889999,0.570000,-1.210000,261.380005,70.830002,64823.019531,38.45,99.73,7.557143,PM2.5,24681
7.840000,12.140000,4.440000,1.510000,0.200000,61.599998,-1.390000,-2.880000,261.149994,74.279999,67319.343750,38.45,99.9,12.140000,PM10,24682
16.809999,30.450001,10.740000,2.850000,0.370000,66.070000,-0.840000,-1.070000,259.420013,79.610001,64925.660156,38.46,100.24,30.450001,PM10,24684
29.180000,57.470001,22.549999,5.190000,0.630000,66.029999,-0.470000,-1.000000,260.829987,77.919998,69612.132812,38.47,100.42,53.735001,PM10,24685
35.209999,74.820000,25.820000,5.590000,0.890000,67.029999,-0.570000,-1.880000,263.220001,69.260002,75462.703125,38.48,100.59,62.410000,PM10,24686
33.000000,74.779999,24.209999,5.560000,0.990000,67.250000,0.380000,-1.870000,264.480011,62.459999,77722.718750,38.48,100.76,62.389999,PM10,24687
34.430000,85.889999,24.530001,5.860000,1.320000,68.180000,1.040000,-0.750000,264.549988,60.160000,78147.351562,38.49,100.94,67.945000,PM10,24688
28.570000,76.709999,20.469999,5.160000,1.340000,68.959999,2.030000,0.360000,263.570007,61.029999,76738.476562,38.49,101.11,63.355000,PM10,24689
24.540001,69.620003,16.820000,4.550000,1.280000,67.879997,4.480000,0.290000,262.160004,63.709999,74494.867188,38.5,101.28,59.810001,PM10,24690
22.280001,66.180000,14.230000,4.170000,1.240000,67.000000,6.980000,-2.040000,262.970001,59.680000,75237.750000,38.5,101.45,58.090000,PM10,24691
19.690001,59.799999,11.970000,3.680000,1.110000,66.559998,7.510000,-4.580000,264.239990,56.130001,77124.039062,38.51,101.63,54.900002,PM10,24692
17.510000,53.570000,10.190000,3.250000,0.970000,65.660004,7.230000,-5.310000,263.700012,57.320000,76217.273438,38.51,101.8,51.785000,PM10,24693
17.450001,58.770000,13.130000,4.300000,1.080000,63.369999,5.730000,-4.730000,265.149994,51.810001,77315.398438,38.51,101.97,54.385002,PM10,24694
21.360001,87.419998,24.969999,8.560000,1.620000,59.110001,2.580000,-5.010000,268.489990,41.549999,82461.312500,38.52,102.15,68.709999,PM10,24695
16.520000,65.820000,21.260000,5.940000,1.120000,54.029999,1.270000,-4.090000,269.709991,38.180000,85469.468750,38.52,102.32,57.910000,PM10,24696
13.800000,52.639999,19.000000,4.840000,0.880000,51.509998,1.930000,-3.560000,269.720001,36.779999,85875.382812,38.52,102.49,51.320000,PM10,24697
12.250000,43.950001,17.820000,4.250000,0.700000,49.099998,2.010000,-3.390000,269.920013,35.470001,86228.226562,38.53,102.66,43.950001,PM10,24698
11.860000,40.500000,19.129999,3.950000,0.600000,46.250000,1.580000,-3.430000,269.890015,34.660000,86314.898438,38.53,102.84,40.500000,PM10,24699
12.560000,41.919998,19.700001,4.140000,0.610000,44.290001,1.280000,-3.450000,269.929993,34.009998,86265.109375,38.53,103.01,41.919998,PM10,24700
13.180000,41.389999,19.299999,4.290000,0.610000,43.599998,1.250000,-3.840000,269.920013,33.820000,86285.351562,38.54,103.18,41.389999,PM10,24701
12.970000,35.680000,16.280001,4.010000,0.490000,42.900002,1.410000,-4.150000,270.130005,33.570000,86547.023438,38.54,103.36,35.680000,PM10,24702
13.230000,30.540001,14.840000,4.030000,0.410000,42.290001,1.390000,-4.040000,270.269989,33.869999,86579.023438,38.54,103.53,30.540001,PM10,24703
3.330000,3.500000,0.420000,0.220000,0.110000,62.200001,4.650000,2.140000,257.959991,80.370003,59759.371094,38.33,95.23,4.757143,PM2.5,24913
3.250000,3.420000,0.410000,0.180000,0.110000,61.259998,5.820000,1.290000,257.380005,80.980003,58818.351562,38.34,95.41,4.642857,PM2.5,24914
3.210000,3.370000,0.400000,0.160000,0.110000,61.209999,7.590000,0.230000,255.949997,82.529999,57038.218750,38.36,95.58,4.585714,PM2.5,24915
3.230000,3.400000,0.400000,0.130000,0.110000,63.349998,10.520000,0.220000,255.440002,80.269997,56001.121094,38.37,95.75,4.614286,PM2.5,24916
3.260000,3.430000,0.410000,0.120000,0.120000,65.339996,12.230000,0.110000,256.920013,73.040001,56768.679688,38.38,95.92,4.657143,PM2.5,24917
3.110000,3.260000,0.390000,0.120000,0.120000,66.260002,11.450000,-1.380000,259.619995,63.150002,59000.359375,38.39,96.09,4.442857,PM2.5,24918
3.120000,3.270000,0.390000,0.120000,0.120000,64.959999,9.670000,-2.980000,260.380005,63.070000,60176.640625,38.4,96.27,4.457143,PM2.5,24919
3.140000,3.320000,0.400000,0.120000,0.120000,64.089996,9.610000,-3.040000,258.500000,73.419998,59053.988281,38.41,96.44,4.485714,PM2.5,24920
3.080000,3.260000,0.380000,0.110000,0.120000,65.120003,10.580000,-2.420000,257.869995,75.599998,58386.300781,38.42,96.61,4.400000,PM2.5,24921
4.360000,5.590000,1.520000,0.810000,0.150000,65.230003,3.310000,-0.200000,260.100006,71.599998,62325.988281,38.57,99.54,6.228571,PM2.5,24938
5.830000,8.480000,2.790000,1.000000,0.170000,62.990002,2.380000,-2.410000,259.809998,73.660004,63980.089844,38.58,99.72,8.480000,PM10,24939
8.230000,13.120000,4.470000,1.440000,0.210000,61.709999,0.280000,-3.140000,260.529999,74.690002,67350.796875,38.59,99.89,13.120000,PM10,24940
14.490000,25.080000,9.140000,2.790000,0.310000,64.199997,-0.760000,-1.520000,260.380005,78.400002,68826.742188,38.59,100.06,25.080000,PM10,24941
26.150000,49.410000,20.000000,4.790000,0.520000,67.489998,-0.710000,-0.950000,261.309998,76.430000,71294.289062,38.6,100.24,49.410000,PM10,24942
36.020000,71.040001,30.129999,7.060000,0.720000,69.279999,-0.620000,-2.030000,264.200012,65.389999,77450.796875,38.61,100.41,60.520000,PM10,24943
37.340000,78.059998,28.660000,6.470000,0.850000,69.760002,0.170000,-1.480000,266.489990,55.160000,81170.203125,38.61,100.58,64.029999,PM10,24944
33.320000,73.220001,26.170000,5.930000,0.870000,69.150002,1.610000,-1.180000,266.440002,53.750000,81150.031250,38.62,100.76,61.610001,PM10,24945
31.379999,74.169998,23.440001,5.590000,0.980000,67.430000,2.980000,-0.520000,266.209991,53.509998,80773.789062,38.62,100.93,62.084999,PM10,24946
28.990000,73.489998,20.760000,5.350000,1.080000,67.230003,3.880000,0.420000,265.980011,53.700001,80309.421875,38.63,101.1,61.744999,PM10,24947
25.910000,70.199997,18.049999,4.970000,1.100000,66.720001,5.000000,0.750000,265.239990,55.009998,79176.437500,38.63,101.27,60.099998,PM10,24948
23.070000,65.440002,15.400000,4.530000,1.060000,65.730003,6.060000,-0.610000,264.549988,57.200001,78235.726562,38.64,101.45,57.720001,PM10,24949
20.110001,58.230000,12.710000,3.810000,0.940000,64.739998,6.360000,-2.100000,263.549988,60.700001,76945.156250,38.64,101.62,54.114998,PM10,24950
17.290001,50.450001,10.540000,3.190000,0.810000,63.389999,6.700000,-3.140000,263.299988,58.590000,75970.726562,38.65,101.79,50.224998,PM10,24951
16.010000,51.610001,13.180000,3.950000,0.860000,60.419998,5.940000,-4.630000,266.029999,47.439999,79232.882812,38.65,101.97,50.805000,PM10,24952
18.610001,74.059998,23.330000,7.530000,1.290000,56.020000,3.620000,-5.230000,269.160004,38.250000,84188.000000,38.65,102.14,62.029999,PM10,24953
13.640000,53.400002,17.629999,4.930000,0.890000,53.520000,2.310000,-3.880000,270.239990,35.130001,86315.453125,38.66,102.31,51.700001,PM10,24954
11.740000,44.009998,16.959999,4.100000,0.720000,50.279999,2.040000,-3.260000,270.279999,34.340000,86695.773438,38.66,102.49,44.009998,PM10,24955
10.410000,36.000000,16.440001,3.580000,0.540000,48.040001,1.530000,-3.240000,270.230011,33.610001,86714.796875,38.66,102.66,36.000000,PM10,24956
10.250000,33.419998,17.480000,3.420000,0.460000,46.480000,1.010000,-3.520000,270.040009,33.110001,86640.523438,38.67,102.83,33.419998,PM10,24957
11.220000,35.990002,18.080000,3.730000,0.510000,45.040001,0.900000,-3.730000,269.989990,32.880001,86623.726562,38.67,103.01,35.990002,PM10,24958
11.740000,35.000000,17.070000,3.850000,0.510000,43.860001,1.120000,-4.040000,270.040009,32.810001,86740.929688,38.67,103.18,35.000000,PM10,24959
11.700000,29.850000,14.480000,3.670000,0.430000,42.700001,1.300000,-4.250000,270.140015,32.740002,86856.593750,38.67,103.35,29.850000,PM10,24960
12.010000,25.049999,13.400000,3.720000,0.370000,42.599998,1.260000,-4.140000,270.179993,33.080002,86844.273438,38.68,103.53,25.049999,PM10,24961
12.410000,21.500000,11.800000,3.830000,0.340000,41.630001,1.120000,-3.830000,270.339996,33.400002,86866.796875,38.68,103.7,21.500000,PM10,24962
13.060000,20.440001,10.880000,4.060000,0.320000,41.040001,0.820000,-3.490000,270.589996,34.040001,86940.703125,38.68,103.87,20.440001,PM10,24963
3.360000,3.560000,0.510000,0.390000,0.130000,62.689999,1.490000,0.010000,263.589996,58.689999,66574.648438,38.42,94.53,4.800000,PM2.5,25159
3.420000,3.610000,0.480000,0.360000,0.120000,63.590000,1.890000,0.130000,261.899994,65.000000,64559.078125,38.43,94.7,4.885715,PM2.5,25160
3.350000,3.540000,0.440000,0.280000,0.120000,64.309998,4.130000,0.370000,259.070007,76.080002,61389.699219,38.44,94.87,4.785714,PM2.5,25161
3.360000,3.540000,0.440000,0.240000,0.120000,63.000000,6.760000,1.690000,257.929993,78.849998,59905.339844,38.45,95.05,4.800000,PM2.5,25162
3.210000,3.390000,0.410000,0.220000,0.120000,63.119999,7.040000,1.780000,259.239990,71.510002,60700.968750,38.47,95.22,4.585714,PM2.5,25163
3.220000,3.400000,0.410000,0.200000,0.110000,61.820000,6.550000,1.920000,259.239990,73.139999,60674.539062,38.48,95.39,4.600000,PM2.5,25164
3.220000,3.400000,0.410000,0.170000,0.110000,61.709999,8.040000,2.320000,258.260010,76.500000,59489.890625,38.49,95.56,4.600000,PM2.5,25165
3.150000,3.310000,0.390000,0.160000,0.120000,63.470001,9.690000,0.850000,258.640015,74.059998,59422.359375,38.5,95.74,4.500000,PM2.5,25166
3.090000,3.240000,0.380000,0.150000,0.120000,64.849998,9.700000,-1.760000,259.959991,70.059998,60731.609375,38.51,95.91,4.414286,PM2.5,25167
3.160000,3.350000,0.400000,0.140000,0.120000,64.860001,9.780000,-2.840000,259.769989,71.620003,60837.398438,38.53,96.08,4.514286,PM2.5,25168
3.180000,3.410000,0.400000,0.130000,0.120000,63.980000,10.230000,-1.280000,258.619995,75.809998,59759.078125,38.54,96.25,4.542857,PM2.5,25169
3.190000,3.440000,0.400000,0.130000,0.120000,63.240002,9.700000,-0.240000,258.079987,77.089996,59291.640625,38.55,96.42,4.557143,PM2.5,25170
3.110000,3.370000,0.390000,0.130000,0.120000,63.590000,8.600000,-0.810000,258.549988,74.470001,59827.621094,38.56,96.6,4.442857,PM2.5,25171
3.070000,3.300000,0.380000,0.130000,0.120000,63.459999,6.640000,-1.850000,258.920013,72.669998,60596.160156,38.57,96.77,4.385714,PM2.5,25172
3.130000,3.330000,0.370000,0.120000,0.120000,65.230003,4.100000,-1.350000,258.329987,74.800003,60633.359375,38.58,96.94,4.471429,PM2.5,25173
5.490000,7.960000,2.540000,1.220000,0.170000,61.509998,1.830000,-0.240000,259.010010,76.040001,64005.191406,38.71,99.54,7.960000,PM10,25188
6.890000,10.680000,3.670000,1.360000,0.190000,60.169998,1.180000,-2.020000,259.329987,78.309998,67014.906250,38.72,99.71,10.680000,PM10,25189
9.100000,15.000000,4.880000,1.630000,0.230000,62.139999,1.330000,-2.270000,260.100006,77.489998,68841.828125,38.72,99.88,15.000000,PM10,25190
17.090000,30.040001,10.100000,3.290000,0.350000,64.320000,-0.000000,-1.480000,262.049988,71.680000,72609.953125,38.73,100.06,30.040001,PM10,25191
32.040001,60.700001,24.959999,6.360000,0.590000,66.739998,-1.120000,-1.630000,264.989990,60.650002,78511.437500,38.74,100.23,55.349998,PM10,25192
41.630001,81.779999,35.900002,9.010000,0.790000,69.269997,-0.320000,-1.780000,267.500000,50.750000,82746.570312,38.74,100.4,65.889999,PM10,25193
38.919998,80.180000,32.970001,7.710000,0.840000,69.349998,1.280000,-1.630000,268.260010,48.410000,84122.523438,38.75,100.58,65.089996,PM10,25194
31.110001,65.989998,26.040001,6.420000,0.750000,67.830002,3.000000,-1.560000,268.019989,48.580002,83628.421875,38.75,100.75,57.994999,PM10,25195
26.139999,58.389999,21.350000,5.570000,0.740000,64.900002,4.170000,-0.570000,267.320007,50.480000,82361.507812,38.76,100.92,54.195000,PM10,25196
23.719999,56.630001,18.860001,5.130000,0.770000,64.000000,4.290000,0.550000,266.470001,54.660000,80986.578125,38.76,101.1,53.315002,PM10,25197
21.270000,54.320000,16.000000,4.550000,0.790000,62.980000,4.670000,0.780000,265.100006,59.240002,79216.226562,38.77,101.27,52.160000,PM10,25198
12.610000,39.020000,12.010000,3.480000,0.620000,55.900002,5.010000,-4.040000,268.649994,38.520000,83653.562500,38.78,101.96,39.020000,PM10,25202
13.100000,49.240002,16.910000,5.010000,0.790000,52.750000,3.610000,-3.870000,269.989990,35.080002,85949.031250,38.79,102.14,49.240002,PM10,25203
10.030000,36.139999,14.100000,3.520000,0.580000,51.150002,2.660000,-3.330000,270.399994,33.709999,86737.953125,38.79,102.31,36.139999,PM10,25204
8.980000,30.860001,14.170000,3.150000,0.470000,49.720001,1.980000,-3.330000,270.549988,32.590000,86910.976562,38.8,102.48,30.860001,PM10,25205
8.590000,27.430000,14.470000,3.010000,0.390000,48.310001,1.170000,-3.680000,270.320007,32.189999,86719.867188,38.8,102.66,27.430000,PM10,25206
8.880000,26.870001,15.710000,3.070000,0.360000,47.459999,0.730000,-4.110000,269.989990,32.029999,86646.476562,38.8,102.83,26.870001,PM10,25207
9.620000,28.270000,16.219999,3.270000,0.380000,46.410000,0.830000,-4.230000,269.929993,32.040001,86820.390625,38.8,103.0,28.270000,PM10,25208
10.170000,27.520000,15.150000,3.400000,0.390000,44.689999,1.190000,-4.360000,269.950012,31.969999,86971.398438,38.81,103.18,27.520000,PM10,25209
10.580000,24.570000,13.360000,3.460000,0.370000,43.520000,1.390000,-4.180000,269.970001,32.310001,86969.726562,38.81,103.35,24.570000,PM10,25210
10.840000,20.440001,12.090000,3.530000,0.340000,42.630001,1.350000,-4.210000,269.970001,32.720001,86983.546875,38.81,103.52,20.440001,PM10,25211
11.090000,17.559999,11.050000,3.630000,0.300000,42.880001,1.180000,-3.790000,270.040009,33.090000,87080.523438,38.81,103.7,17.559999,PM10,25212
10.890000,16.059999,10.070000,3.730000,0.270000,42.099998,0.850000,-3.460000,270.130005,33.650002,87066.250000,38.81,103.87,16.059999,PM10,25213
3.280000,3.470000,0.530000,0.370000,0.130000,62.799999,1.380000,0.010000,264.690002,56.230000,68667.507812,38.55,94.51,4.685714,PM2.5,25401
3.360000,3.540000,0.500000,0.300000,0.120000,63.799999,2.390000,1.800000,263.089996,61.520000,66358.289062,38.56,94.69,4.800000,PM2.5,25402
3.320000,3.500000,0.470000,0.260000,0.120000,64.120003,5.450000,2.240000,260.799988,68.930000,63205.398438,38.58,94.86,4.742857,PM2.5,25403
3.280000,3.460000,0.460000,0.240000,0.120000,62.189999,6.970000,1.280000,261.100006,67.750000,63286.039062,38.59,95.03,4.685714,PM2.5,25404
3.240000,3.420000,0.450000,0.220000,0.120000,60.779999,6.310000,0.070000,261.309998,69.139999,63790.601562,38.6,95.2,4.628572,PM2.5,25405
3.170000,3.340000,0.420000,0.200000,0.120000,61.459999,6.360000,0.620000,260.429993,72.589996,62794.859375,38.61,95.38,4.528572,PM2.5,25406
3.130000,3.300000,0.410000,0.180000,0.120000,61.910000,6.370000,0.620000,260.989990,69.959999,63150.050781,38.63,95.55,4.471429,PM2.5,25407
3.110000,3.280000,0.390000,0.170000,0.120000,62.799999,5.760000,-0.730000,260.760010,72.830002,63235.179688,38.64,95.72,4.442857,PM2.5,25408
3.050000,3.220000,0.370000,0.140000,0.120000,63.990002,7.460000,-1.180000,258.019989,81.430000,60561.300781,38.65,95.89,4.357143,PM2.5,25409
3.120000,3.310000,0.390000,0.130000,0.120000,63.860001,11.500000,0.410000,256.570007,81.559998,58387.781250,38.66,96.07,4.457143,PM2.5,25410
3.080000,3.360000,0.410000,0.130000,0.120000,62.720001,10.880000,0.230000,259.160004,67.989998,60116.140625,38.67,96.24,4.400000,PM2.5,25411
2.950000,3.210000,0.400000,0.140000,0.120000,61.700001,6.160000,-0.120000,261.179993,64.959999,63138.429688,38.68,96.41,4.214286,PM2.5,25412
2.950000,3.220000,0.400000,0.150000,0.120000,61.580002,3.990000,-0.140000,261.079987,66.760002,63821.878906,38.69,96.58,4.214286,PM2.5,25413
2.960000,3.160000,0.380000,0.130000,0.120000,62.029999,3.390000,0.450000,259.450012,71.959999,62358.121094,38.7,96.76,4.228571,PM2.5,25414
2.940000,3.130000,0.360000,0.120000,0.120000,62.959999,3.390000,0.960000,257.250000,78.629997,59923.949219,38.72,96.93,4.200000,PM2.5,25415
3.260000,3.920000,0.750000,0.590000,0.130000,63.570000,6.650000,-0.600000,258.820007,74.510002,60623.429688,38.83,99.18,4.657143,PM2.5,25428
5.310000,8.240000,2.520000,1.230000,0.170000,60.320000,4.050000,-0.170000,258.790009,74.739998,62618.390625,38.84,99.35,8.240000,PM10,25429
7.710000,12.660000,4.250000,2.000000,0.210000,58.220001,0.190000,-1.120000,260.220001,74.849998,68823.898438,38.84,99.53,12.660000,PM10,25430
9.290000,15.380000,5.330000,2.330000,0.230000,59.660000,-0.020000,-1.350000,262.390015,68.470001,73563.820312,38.85,99.7,15.380000,PM10,25431
11.640000,19.840000,6.220000,2.500000,0.270000,61.720001,0.660000,-1.050000,262.950012,66.230003,74511.679688,38.86,99.87,19.840000,PM10,25432
20.950001,37.810001,11.330000,3.940000,0.400000,62.910000,0.050000,-1.530000,264.630005,60.009998,77417.523438,38.86,100.05,37.810001,PM10,25433
36.110001,69.470001,29.030001,7.550000,0.660000,65.489998,-0.550000,-1.860000,267.640015,50.110001,82748.101562,38.87,100.22,59.735001,PM10,25434
49.410000,97.739998,48.189999,11.260000,0.920000,70.279999,0.260000,-2.520000,269.260010,43.639999,85525.023438,38.88,100.39,73.869995,PM10,25435
33.580002,67.610001,30.809999,7.760000,0.700000,69.010002,1.920000,-2.640000,269.000000,43.770000,85063.226562,38.88,100.57,58.805000,PM10,25436
23.660000,48.040001,21.559999,5.710000,0.560000,66.449997,3.650000,-3.460000,267.029999,47.470001,81850.156250,38.89,100.74,48.040001,PM10,25437
17.950001,37.250000,16.719999,4.600000,0.480000,63.040001,4.590000,-2.680000,265.750000,49.639999,78961.546875,38.89,100.92,37.250000,PM10,25438
16.379999,36.830002,15.620000,4.270000,0.540000,60.130001,3.810000,-1.050000,266.079987,51.080002,79054.390625,38.9,101.09,36.830002,PM10,25439
7.570000,23.070000,10.610000,2.660000,0.370000,51.639999,2.850000,-3.260000,270.709991,32.959999,86802.226562,38.92,102.13,23.070000,PM10,25445
6.960000,21.320000,11.010000,2.550000,0.340000,50.930000,2.270000,-3.610000,270.609985,32.080002,86650.210938,38.93,102.31,21.320000,PM10,25446
6.990000,21.150000,12.000000,2.610000,0.320000,50.180000,1.690000,-4.030000,270.279999,32.020000,86325.398438,38.93,102.48,21.150000,PM10,25447
7.480000,21.709999,12.680000,2.720000,0.300000,48.650002,1.190000,-4.360000,269.779999,32.820000,86045.109375,38.93,102.65,21.709999,PM10,25448
8.020000,22.240000,13.890000,2.860000,0.300000,48.400002,0.980000,-4.560000,269.339996,32.480000,86015.921875,38.94,102.83,22.240000,PM10,25449
8.460000,22.209999,14.190000,2.990000,0.290000,47.400002,1.090000,-4.610000,269.489990,31.930000,86440.843750,38.94,103.0,22.209999,PM10,25450
9.110000,21.799999,13.640000,3.140000,0.300000,46.380001,1.260000,-4.650000,269.720001,31.559999,86881.523438,38.94,103.17,21.799999,PM10,25451
9.720000,20.129999,12.380000,3.330000,0.310000,44.950001,1.410000,-4.240000,269.829987,31.930000,87007.796875,38.94,103.35,20.129999,PM10,25452
10.100000,17.150000,11.330000,3.460000,0.300000,43.849998,1.500000,-4.140000,269.739990,32.419998,87003.726562,38.95,103.52,17.150000,PM10,25453
10.180000,14.910000,10.370000,3.570000,0.270000,43.709999,1.300000,-3.580000,269.799988,32.900002,87121.843750,38.95,103.7,14.910000,PM10,25454
9.910000,13.900000,9.860000,3.710000,0.250000,43.740002,0.860000,-3.350000,269.769989,33.430000,87211.492188,38.95,103.87,14.157143,PM2.5,25455
9.760000,14.130000,9.640000,3.830000,0.240000,43.450001,0.530000,-3.050000,269.649994,34.459999,87036.671875,38.95,104.04,14.130000,PM10,25456
3.190000,3.380000,0.560000,0.400000,0.130000,61.599998,1.820000,-0.390000,265.320007,54.330002,70373.562500,38.68,94.5,4.557143,PM2.5,25645
3.240000,3.430000,0.530000,0.330000,0.130000,62.119999,2.580000,1.750000,264.579987,57.330002,68960.289062,38.7,94.67,4.628572,PM2.5,25646
3.240000,3.430000,0.510000,0.300000,0.130000,61.680000,3.920000,1.770000,263.880005,59.869999,67621.500000,38.71,94.84,4.628572,PM2.5,25647
3.240000,3.430000,0.500000,0.280000,0.120000,61.029999,4.050000,0.130000,263.320007,63.450001,67265.507812,38.72,95.01,4.628572,PM2.5,25648
3.290000,3.470000,0.480000,0.240000,0.120000,61.299999,3.460000,-0.180000,262.260010,67.760002,66397.617188,38.74,95.19,4.700000,PM2.5,25649
3.290000,3.470000,0.450000,0.200000,0.120000,61.580002,2.920000,-0.060000,261.089996,71.809998,65296.761719,38.75,95.36,4.700000,PM2.5,25650
3.290000,3.470000,0.430000,0.170000,0.120000,62.349998,2.770000,-0.840000,260.200012,74.410004,64297.019531,38.76,95.53,4.700000,PM2.5,25651
3.230000,3.400000,0.410000,0.150000,0.120000,61.720001,5.210000,0.700000,258.190002,81.760002,61711.519531,38.77,95.71,4.614286,PM2.5,25652
3.160000,3.330000,0.400000,0.130000,0.120000,62.150002,10.070000,3.990000,256.790009,82.959999,59372.890625,38.78,95.88,4.514286,PM2.5,25653
3.050000,3.260000,0.410000,0.140000,0.120000,63.490002,11.640000,2.520000,259.510010,66.570000,60762.988281,38.8,96.05,4.357143,PM2.5,25654
2.930000,3.290000,0.440000,0.160000,0.120000,60.470001,6.870000,-1.400000,262.429993,57.869999,64540.781250,38.81,96.22,4.185714,PM2.5,25655
2.890000,3.190000,0.440000,0.160000,0.120000,59.880001,1.290000,-2.240000,262.130005,62.930000,66191.257812,38.82,96.4,4.128572,PM2.5,25656
2.960000,3.230000,0.440000,0.160000,0.120000,62.330002,0.370000,-1.150000,260.829987,69.059998,64809.601562,38.83,96.57,4.228571,PM2.5,25657
2.950000,3.150000,0.420000,0.150000,0.110000,62.639999,2.110000,1.680000,259.190002,73.470001,62844.148438,38.84,96.74,4.214286,PM2.5,25658
2.890000,3.070000,0.380000,0.130000,0.110000,62.189999,4.640000,4.310000,257.380005,78.220001,60360.871094,38.85,96.92,4.128572,PM2.5,25659
2.680000,3.020000,0.360000,0.120000,0.110000,62.750000,8.950000,-0.870000,260.600006,62.869999,61608.398438,38.91,97.96,3.828572,PM2.5,25665
2.710000,3.120000,0.380000,0.250000,0.120000,62.360001,5.410000,-2.810000,262.089996,60.230000,63782.441406,38.92,98.13,3.871429,PM2.5,25666
4.430000,6.810000,2.010000,1.170000,0.160000,60.980000,7.590000,-0.040000,257.290009,78.879997,60082.640625,38.96,99.17,6.810000,PM10,25672
7.300000,12.900000,4.210000,1.960000,0.220000,58.130001,4.600000,-1.960000,258.989990,74.860001,65312.199219,38.97,99.34,12.900000,PM10,25673
9.390000,16.510000,5.410000,2.470000,0.240000,57.590000,1.640000,-2.540000,261.779999,67.519997,72588.648438,38.98,99.52,16.510000,PM10,25674
10.180000,17.700001,5.730000,2.540000,0.250000,58.910000,1.620000,-2.250000,263.119995,62.299999,75896.750000,38.99,99.69,17.700001,PM10,25675
11.040000,19.260000,6.030000,2.500000,0.260000,60.599998,2.180000,-1.560000,264.369995,57.099998,77519.570312,38.99,99.87,19.260000,PM10,25676
17.070000,31.250000,9.540000,3.290000,0.350000,60.279999,1.040000,-1.780000,267.049988,48.810001,81335.531250,39.0,100.04,31.250000,PM10,25677
27.770000,53.250000,21.209999,6.120000,0.520000,61.669998,0.280000,-2.980000,268.890015,43.189999,84971.460938,39.01,100.21,51.625000,PM10,25678
36.200001,70.699997,35.240002,9.260000,0.670000,65.370003,0.810000,-3.100000,269.640015,40.200001,86288.789062,39.01,100.39,60.349998,PM10,25679
22.980000,44.750000,23.049999,6.230000,0.490000,65.019997,1.500000,-2.830000,268.239990,42.799999,84079.312500,39.02,100.56,44.750000,PM10,25680
17.540001,34.299999,17.459999,4.690000,0.420000,63.060001,3.000000,-3.480000,264.079987,53.299999,78095.898438,39.02,100.73,34.299999,PM10,25681
6.910000,19.690001,9.160000,2.530000,0.340000,52.480000,3.030000,-3.660000,269.399994,33.990002,85280.460938,39.06,101.95,19.690001,PM10,25688
6.390000,17.820000,9.080000,2.360000,0.310000,51.820000,2.780000,-4.150000,268.989990,33.389999,84820.617188,39.06,102.13,17.820000,PM10,25689
6.190000,17.410000,9.470000,2.330000,0.290000,51.200001,2.380000,-4.420000,268.649994,33.349998,84539.460938,39.06,102.3,17.410000,PM10,25690
6.320000,17.760000,10.280000,2.450000,0.280000,50.259998,1.940000,-4.480000,268.690002,33.279999,84887.898438,39.07,102.47,17.760000,PM10,25691
7.000000,18.559999,11.190000,2.630000,0.280000,49.689999,1.550000,-4.390000,268.739990,33.259998,85321.093750,39.07,102.65,18.559999,PM10,25692
7.340000,18.430000,11.910000,2.730000,0.260000,49.009998,1.360000,-4.320000,268.559998,33.900002,85363.882812,39.07,102.82,18.430000,PM10,25693
7.670000,18.010000,12.210000,2.870000,0.260000,47.900002,1.420000,-4.430000,268.480011,33.279999,85428.421875,39.07,103.0,18.010000,PM10,25694
8.120000,17.090000,11.930000,3.020000,0.260000,47.130001,1.650000,-4.550000,268.779999,32.720001,85930.140625,39.08,103.17,17.090000,PM10,25695
8.620000,15.580000,11.250000,3.190000,0.260000,46.209999,1.900000,-4.320000,269.290009,32.049999,86657.171875,39.08,103.35,15.580000,PM10,25696
9.110000,13.850000,10.570000,3.370000,0.260000,45.610001,1.870000,-3.910000,269.589996,32.000000,87042.226562,39.08,103.52,13.850000,PM10,25697
9.350000,12.790000,9.910000,3.530000,0.240000,45.139999,1.450000,-3.480000,269.510010,32.689999,87048.039062,39.08,103.69,13.357143,PM2.5,25698
9.330000,12.560000,9.550000,3.690000,0.230000,44.779999,0.980000,-3.410000,269.399994,33.369999,86938.828125,39.08,103.87,13.328571,PM2.5,25699
9.420000,13.200000,9.550000,3.830000,0.230000,44.490002,0.630000,-3.290000,269.369995,33.939999,86857.289062,39.09,104.04,13.457143,PM2.5,25700
3.220000,3.420000,0.580000,0.250000,0.140000,66.559998,5.180000,0.190000,264.299988,45.130001,68284.203125,38.76,93.79,4.600000,PM2.5,25885
3.310000,3.500000,0.570000,0.270000,0.140000,64.370003,3.840000,0.320000,264.570007,46.020000,68505.882812,38.78,93.96,4.728571,PM2.5,25886
3.290000,3.480000,0.570000,0.320000,0.140000,62.270000,0.940000,-0.530000,265.369995,48.610001,70395.468750,38.79,94.13,4.700000,PM2.5,25887
3.090000,3.260000,0.570000,0.590000,0.140000,65.790001,0.300000,-2.110000,265.609985,50.560001,71362.507812,38.81,94.31,4.414286,PM2.5,25888
3.110000,3.280000,0.570000,0.590000,0.130000,63.410000,0.910000,-0.920000,264.910004,54.639999,70888.726562,38.82,94.48,4.442857,PM2.5,25889
3.130000,3.300000,0.540000,0.460000,0.130000,62.509998,1.480000,0.410000,264.549988,56.680000,70045.593750,38.83,94.65,4.471429,PM2.5,25890
3.150000,3.330000,0.530000,0.420000,0.120000,61.980000,1.530000,-0.150000,264.029999,58.970001,69293.281250,38.85,94.82,4.500000,PM2.5,25891
3.180000,3.360000,0.510000,0.360000,0.120000,61.730000,0.820000,-0.870000,263.010010,63.509998,68274.453125,38.86,95.0,4.542857,PM2.5,25892
3.210000,3.390000,0.480000,0.270000,0.120000,63.060001,-0.150000,-0.810000,262.290009,67.330002,67491.953125,38.87,95.17,4.585714,PM2.5,25893
3.230000,3.400000,0.450000,0.190000,0.120000,63.049999,0.100000,-0.330000,261.070007,72.470001,65926.687500,38.88,95.34,4.614286,PM2.5,25894
3.160000,3.320000,0.420000,0.160000,0.110000,61.259998,4.130000,1.330000,257.880005,83.059998,62016.648438,38.9,95.52,4.514286,PM2.5,25895
2.880000,3.010000,0.420000,0.130000,0.120000,63.889999,8.930000,4.360000,257.459991,79.519997,60218.191406,38.91,95.69,4.114286,PM2.5,25896
2.900000,3.050000,0.440000,0.160000,0.120000,62.919998,8.780000,3.460000,261.529999,60.450001,63541.089844,38.92,95.86,4.142857,PM2.5,25897
2.840000,3.000000,0.470000,0.180000,0.120000,61.709999,6.240000,-1.720000,263.779999,53.419998,66698.757812,38.93,96.04,4.057143,PM2.5,25898
2.790000,2.960000,0.460000,0.180000,0.120000,61.070000,4.320000,-4.010000,263.070007,55.389999,66636.921875,38.94,96.21,3.985714,PM2.5,25899
2.820000,3.000000,0.450000,0.180000,0.120000,60.849998,2.640000,-3.250000,261.000000,65.430000,64837.269531,38.95,96.38,4.028571,PM2.5,25900
2.860000,3.050000,0.450000,0.170000,0.120000,61.110001,2.950000,-2.100000,258.630005,75.769997,62462.519531,38.96,96.56,4.085714,PM2.5,25901
2.880000,3.080000,0.450000,0.160000,0.120000,61.500000,4.970000,0.320000,257.720001,78.730003,61575.289062,38.97,96.73,4.114286,PM2.5,25902
2.850000,3.040000,0.420000,0.150000,0.120000,61.630001,6.720000,3.930000,258.279999,75.610001,61737.148438,38.98,96.9,4.071428,PM2.5,25903
2.830000,3.280000,0.430000,0.150000,0.120000,62.900002,8.700000,0.520000,259.920013,67.820000,62482.410156,39.03,97.77,4.042857,PM2.5,25908
2.860000,3.430000,0.450000,0.190000,0.120000,63.389999,6.830000,-0.230000,261.239990,63.119999,63339.941406,39.04,97.94,4.085714,PM2.5,25909
2.880000,3.510000,0.460000,0.350000,0.120000,62.830002,5.180000,-3.620000,260.329987,68.599998,62905.000000,39.05,98.12,4.114286,PM2.5,25910
2.870000,3.460000,0.440000,0.440000,0.120000,63.119999,5.460000,-3.080000,259.730011,69.559998,61980.628906,39.06,98.29,4.100000,PM2.5,25911
2.890000,3.450000,0.440000,0.530000,0.120000,63.580002,6.080000,1.070000,258.700012,75.169998,61257.019531,39.07,98.47,4.128572,PM2.5,25912
3.100000,3.980000,0.720000,0.640000,0.130000,63.139999,8.300000,1.640000,257.730011,77.510002,59876.230469,39.08,98.64,4.428571,PM2.5,25913
5.910000,10.600000,3.640000,1.990000,0.190000,58.270000,5.570000,-0.130000,258.019989,77.029999,62943.089844,39.09,98.99,10.600000,PM10,25915
8.510000,16.190001,5.650000,3.000000,0.240000,56.480000,4.020000,-1.260000,259.100006,75.089996,66950.820312,39.1,99.16,16.190001,PM10,25916
11.420000,21.700001,7.210000,3.590000,0.290000,54.959999,3.130000,-2.640000,261.790009,66.169998,73296.343750,39.11,99.34,21.700001,PM10,25917
12.030000,22.129999,7.240000,3.370000,0.290000,55.849998,2.430000,-1.960000,263.500000,58.849998,77476.007812,39.11,99.51,22.129999,PM10,25918
11.790000,21.180000,6.870000,3.000000,0.270000,57.509998,3.330000,-1.260000,263.010010,58.930000,77106.796875,39.12,99.68,21.180000,PM10,25919
12.110000,21.580000,6.780000,2.850000,0.280000,59.340000,4.320000,-1.630000,264.640015,51.919998,78516.843750,39.13,99.86,21.580000,PM10,25920
16.209999,29.920000,9.690000,3.330000,0.340000,59.410000,2.920000,-2.800000,268.480011,41.849998,83689.523438,39.13,100.03,29.920000,PM10,25921
23.110001,43.930000,16.650000,5.170000,0.440000,59.279999,1.600000,-3.620000,269.510010,39.919998,86373.757812,39.14,100.21,43.930000,PM10,25922
25.180000,48.130001,24.990000,7.060000,0.470000,62.240002,1.750000,-3.100000,268.920013,40.919998,85705.710938,39.15,100.38,48.130001,PM10,25923
18.750000,35.529999,19.620001,5.530000,0.400000,60.439999,2.050000,-1.930000,267.339996,44.549999,83295.953125,39.15,100.55,35.529999,PM10,25924
14.870000,28.010000,15.930000,4.380000,0.350000,58.970001,3.720000,-1.150000,264.970001,49.840000,79696.718750,39.16,100.73,28.010000,PM10,25925
5.730000,14.610000,8.060000,2.250000,0.270000,50.459999,3.130000,-4.000000,266.940002,35.689999,83038.156250,39.2,102.3,14.610000,PM10,25934
5.810000,14.840000,8.560000,2.390000,0.260000,49.209999,2.560000,-4.050000,268.250000,33.060001,84885.828125,39.2,102.47,14.840000,PM10,25935
8.190000,12.960000,9.680000,3.130000,0.240000,46.139999,2.190000,-3.640000,269.019989,32.230000,86434.070312,39.21,103.34,12.960000,PM10,25940
8.650000,11.970000,9.530000,3.330000,0.230000,46.150002,1.810000,-3.570000,269.529999,31.570000,87074.156250,39.22,103.52,12.357142,PM2.5,25941
8.940000,11.580000,9.270000,3.500000,0.220000,45.830002,1.190000,-3.440000,269.359985,32.450001,86932.781250,39.22,103.69,12.771428,PM2.5,25942
9.030000,11.750000,9.190000,3.660000,0.220000,45.470001,0.880000,-3.250000,269.010010,33.560001,86478.718750,39.22,103.87,12.900000,PM2.5,25943
9.160000,12.470000,9.250000,3.790000,0.220000,44.740002,0.830000,-3.160000,269.000000,33.770000,86391.492188,39.22,104.04,13.085714,PM2.5,25944
3.190000,3.370000,0.560000,0.270000,0.140000,65.290001,2.490000,1.200000,266.480011,41.299999,70742.531250,38.91,93.94,4.557143,PM2.5,26128
3.000000,3.160000,0.580000,0.530000,0.140000,63.279999,-1.120000,-0.690000,266.429993,44.730000,71978.312500,38.93,94.12,4.285714,PM2.5,26129
2.980000,3.150000,0.610000,0.700000,0.140000,65.930000,-2.090000,-5.220000,265.670013,48.139999,72012.046875,38.94,94.29,4.257143,PM2.5,26130
2.980000,3.140000,0.580000,0.660000,0.130000,64.730003,-1.250000,-3.790000,264.970001,51.599998,71048.273438,38.95,94.46,4.257143,PM2.5,26131
2.930000,3.090000,0.550000,0.460000,0.120000,64.620003,-0.410000,-2.360000,264.029999,55.630001,69729.906250,38.97,94.64,4.185714,PM2.5,26132
3.000000,3.160000,0.530000,0.370000,0.120000,63.610001,-0.090000,-2.200000,262.619995,63.049999,68125.546875,38.98,94.81,4.285714,PM2.5,26133
3.090000,3.270000,0.520000,0.300000,0.120000,63.000000,-0.280000,-2.170000,261.489990,69.519997,66801.703125,38.99,94.98,4.414286,PM2.5,26134
3.170000,3.340000,0.490000,0.250000,0.120000,63.680000,-0.200000,-1.170000,260.380005,74.070000,65403.710938,39.01,95.15,4.528572,PM2.5,26135
3.160000,3.320000,0.460000,0.190000,0.110000,62.540001,2.330000,1.420000,257.609985,83.870003,62113.429688,39.02,95.33,4.514286,PM2.5,26136
3.130000,3.300000,0.450000,0.170000,0.110000,61.599998,8.700000,4.840000,256.160004,85.290001,59848.589844,39.03,95.5,4.471429,PM2.5,26137
2.970000,3.120000,0.470000,0.180000,0.120000,62.230000,9.970000,4.090000,261.109985,60.549999,63269.250000,39.04,95.67,4.242857,PM2.5,26138
2.870000,3.040000,0.510000,0.210000,0.120000,62.119999,4.940000,-2.630000,263.829987,53.139999,67507.453125,39.05,95.85,4.100000,PM2.5,26139
2.850000,3.010000,0.500000,0.200000,0.120000,62.549999,3.920000,-5.750000,262.369995,57.970001,66217.398438,39.07,96.02,4.071428,PM2.5,26140
2.870000,3.040000,0.500000,0.190000,0.120000,60.599998,6.090000,-4.320000,259.940002,65.940002,63315.320312,39.08,96.2,4.100000,PM2.5,26141
2.850000,3.040000,0.490000,0.190000,0.120000,60.639999,5.530000,-2.490000,258.390015,74.839996,62065.019531,39.09,96.37,4.071428,PM2.5,26142
2.850000,3.050000,0.490000,0.190000,0.120000,60.369999,4.440000,-2.670000,256.950012,81.019997,61333.851562,39.1,96.54,4.071428,PM2.5,26143
2.840000,3.040000,0.470000,0.170000,0.120000,60.570000,6.790000,-1.640000,256.880005,81.239998,61065.578125,39.11,96.72,4.057143,PM2.5,26144
2.800000,3.020000,0.470000,0.170000,0.120000,60.369999,7.670000,0.830000,258.630005,73.279999,62414.039062,39.12,96.89,4.000000,PM2.5,26145
2.870000,3.290000,0.480000,0.150000,0.120000,60.700001,6.620000,-2.890000,256.799988,80.760002,60751.070312,39.15,97.41,4.100000,PM2.5,26148
2.880000,3.420000,0.490000,0.150000,0.120000,61.799999,10.120000,-1.860000,258.239990,73.010002,61233.480469,39.16,97.59,4.114286,PM2.5,26149
2.870000,3.520000,0.530000,0.180000,0.120000,61.660000,9.430000,0.590000,260.970001,61.900002,63251.320312,39.17,97.76,4.100000,PM2.5,26150
2.960000,3.820000,0.630000,0.310000,0.120000,62.919998,4.410000,0.200000,262.529999,58.160000,65278.691406,39.18,97.93,4.228571,PM2.5,26151
2.970000,3.810000,0.600000,0.470000,0.120000,62.209999,3.800000,-1.580000,258.859985,74.739998,61699.421875,39.19,98.11,4.242857,PM2.5,26152
3.030000,3.920000,0.640000,0.510000,0.120000,60.849998,9.640000,0.580000,256.269989,81.500000,58596.328125,39.2,98.28,4.328571,PM2.5,26153
3.980000,6.490000,2.040000,1.130000,0.150000,60.540001,9.980000,1.150000,258.299988,71.239998,60270.910156,39.2,98.46,6.490000,PM10,26154
6.810000,13.360000,4.990000,2.450000,0.220000,57.700001,5.830000,0.450000,257.700012,77.879997,62004.910156,39.21,98.63,13.360000,PM10,26155
9.520000,19.010000,6.810000,3.680000,0.270000,56.810001,4.820000,-1.380000,258.179993,77.680000,65168.921875,39.22,98.8,19.010000,PM10,26156
11.410000,22.590000,7.850000,4.660000,0.290000,55.750000,4.250000,-2.400000,260.500000,70.669998,70523.960938,39.23,98.98,22.590000,PM10,26157
13.190000,26.059999,8.980000,5.350000,0.320000,54.610001,2.910000,-2.490000,263.630005,59.520000,76979.179688,39.23,99.15,26.059999,PM10,26158
14.920000,29.129999,9.810000,5.130000,0.340000,53.680000,1.940000,-1.440000,265.850006,50.939999,82051.093750,39.24,99.33,29.129999,PM10,26159
14.770000,28.070000,9.460000,4.340000,0.330000,54.459999,2.280000,0.170000,266.040009,48.799999,83051.578125,39.25,99.5,28.070000,PM10,26160
14.290000,26.280001,8.630000,3.760000,0.310000,56.160000,3.420000,0.830000,266.170013,47.610001,82702.601562,39.26,99.67,26.280001,PM10,26161
14.870000,27.059999,8.750000,3.590000,0.320000,57.660000,4.320000,-0.720000,267.290009,44.959999,83870.617188,39.26,99.85,27.059999,PM10,26162
16.809999,31.150000,10.260000,3.590000,0.340000,57.470001,4.110000,-2.770000,268.809998,40.930000,86116.882812,39.27,100.02,31.150000,PM10,26163
18.610001,34.910000,12.410000,4.010000,0.370000,56.590000,3.270000,-3.030000,269.119995,40.029999,86599.789062,39.28,100.2,34.910000,PM10,26164
18.930000,35.480000,16.520000,4.580000,0.380000,57.110001,2.950000,-2.380000,268.179993,41.400002,85111.429688,39.28,100.37,35.480000,PM10,26165
14.270000,26.200001,14.340000,3.710000,0.330000,56.110001,3.350000,-1.530000,267.239990,43.320000,83492.796875,39.29,100.55,26.200001,PM10,26166
10.960000,19.780001,12.270000,3.010000,0.290000,55.330002,4.400000,-0.800000,267.100006,42.430000,82902.726562,39.29,100.72,19.780001,PM10,26167
7.750000,9.990000,8.540000,3.250000,0.210000,46.730000,1.450000,-3.090000,269.459991,31.379999,87078.593750,39.35,103.51,11.071428,PM2.5,26183
8.180000,10.200000,8.720000,3.460000,0.210000,46.930000,1.240000,-3.050000,269.369995,32.049999,87076.593750,39.35,103.69,11.685715,PM2.5,26184
8.590000,10.880000,8.930000,3.660000,0.210000,46.709999,1.220000,-2.630000,269.329987,32.580002,87087.296875,39.35,103.86,12.271429,PM2.5,26185
8.970000,11.850000,9.240000,3.810000,0.220000,46.419998,0.940000,-2.380000,269.209991,32.900002,86984.351562,39.36,104.04,12.814286,PM2.5,26186
2.950000,3.120000,0.540000,0.160000,0.150000,68.269997,1.470000,-9.830000,264.510010,45.619999,69902.273438,38.99,93.23,4.214286,PM2.5,26366
2.920000,3.090000,0.520000,0.160000,0.140000,69.980003,2.480000,-8.760000,264.399994,42.130001,68593.750000,39.0,93.41,4.171429,PM2.5,26367
2.920000,3.070000,0.490000,0.120000,0.140000,71.199997,4.530000,-7.010000,263.869995,41.660000,67082.710938,39.02,93.58,4.171429,PM2.5,26368
3.020000,3.180000,0.500000,0.120000,0.140000,71.040001,6.730000,-3.850000,263.070007,44.169998,65796.523438,39.03,93.75,4.314286,PM2.5,26369
3.080000,3.240000,0.520000,0.160000,0.140000,66.930000,5.670000,0.990000,263.730011,46.650002,66723.796875,39.05,93.93,4.400000,PM2.5,26370
2.920000,3.080000,0.610000,0.460000,0.140000,61.320000,1.430000,-3.520000,265.309998,46.060001,70156.617188,39.06,94.1,4.171429,PM2.5,26371
2.970000,3.140000,0.640000,0.730000,0.140000,64.440002,-1.320000,-8.900000,265.029999,47.750000,71435.117188,39.07,94.27,4.242857,PM2.5,26372
3.010000,3.180000,0.620000,0.690000,0.130000,64.160004,-0.640000,-7.100000,263.799988,52.000000,69427.062500,39.09,94.44,4.300000,PM2.5,26373
2.980000,3.140000,0.590000,0.470000,0.130000,64.660004,1.140000,-4.550000,262.160004,57.939999,67214.773438,39.1,94.62,4.257143,PM2.5,26374
2.970000,3.130000,0.570000,0.350000,0.120000,64.320000,1.370000,-2.330000,260.269989,71.029999,65594.007812,39.11,94.79,4.242857,PM2.5,26375
3.040000,3.210000,0.560000,0.280000,0.120000,63.419998,1.150000,-0.860000,258.339996,81.599998,63522.808594,39.13,94.97,4.342857,PM2.5,26376
3.090000,3.260000,0.540000,0.250000,0.120000,62.799999,3.230000,1.220000,256.339996,87.379997,60988.949219,39.14,95.14,4.414286,PM2.5,26377
3.110000,3.280000,0.530000,0.220000,0.120000,62.049999,7.240000,4.200000,255.919998,85.220001,59746.781250,39.15,95.31,4.442857,PM2.5,26378
3.080000,3.260000,0.550000,0.220000,0.120000,62.060001,9.430000,3.720000,258.709991,70.250000,61636.601562,39.16,95.49,4.400000,PM2.5,26379
2.990000,3.170000,0.600000,0.250000,0.120000,61.180000,7.100000,-1.290000,262.010010,59.110001,65699.593750,39.18,95.66,4.271429,PM2.5,26380
2.970000,3.150000,0.590000,0.250000,0.120000,61.419998,3.580000,-5.180000,260.989990,64.559998,65938.882812,39.19,95.83,4.242857,PM2.5,26381
2.910000,3.090000,0.560000,0.220000,0.120000,60.070000,4.870000,-4.120000,257.820007,76.940002,62117.519531,39.2,96.01,4.157143,PM2.5,26382
2.900000,3.080000,0.560000,0.210000,0.120000,59.410000,7.610000,-2.230000,256.730011,79.209999,60480.859375,39.21,96.18,4.142857,PM2.5,26383
2.860000,3.060000,0.550000,0.210000,0.120000,60.090000,5.050000,-2.640000,256.920013,78.949997,61349.441406,39.22,96.35,4.085714,PM2.5,26384
2.900000,3.100000,0.540000,0.200000,0.120000,59.680000,4.010000,-3.990000,256.250000,82.010002,61183.480469,39.23,96.53,4.142857,PM2.5,26385
2.860000,3.070000,0.510000,0.190000,0.120000,60.650002,8.540000,-1.240000,256.179993,81.269997,60230.808594,39.24,96.7,4.085714,PM2.5,26386
2.860000,3.120000,0.570000,0.190000,0.120000,59.400002,8.800000,-0.320000,258.209991,71.489998,61571.039062,39.25,96.88,4.085714,PM2.5,26387
2.880000,3.220000,0.570000,0.180000,0.120000,62.389999,3.680000,-0.420000,258.519989,73.330002,63386.578125,39.26,97.05,4.114286,PM2.5,26388
2.890000,3.340000,0.530000,0.160000,0.120000,62.830002,1.540000,0.290000,257.309998,79.669998,62258.179688,39.27,97.22,4.128572,PM2.5,26389
2.870000,3.430000,0.520000,0.150000,0.120000,61.669998,5.820000,-0.530000,255.679993,83.970001,59834.539062,39.28,97.4,4.100000,PM2.5,26390
2.890000,3.530000,0.540000,0.180000,0.120000,62.470001,12.010000,-0.500000,256.579987,76.690002,59388.210938,39.29,97.57,4.128572,PM2.5,26391
2.940000,3.890000,0.840000,0.290000,0.120000,61.650002,10.620000,-0.600000,260.700012,58.759998,62461.910156,39.3,97.75,4.200000,PM2.5,26392
3.190000,4.520000,1.160000,0.540000,0.130000,63.270000,4.270000,-1.070000,261.489990,58.750000,64352.429688,39.31,97.92,4.557143,PM2.5,26393
3.420000,5.190000,1.650000,0.700000,0.140000,61.930000,5.490000,1.450000,257.630005,76.379997,60684.570312,39.32,98.1,5.190000,PM10,26394
4.820000,8.790000,4.060000,1.480000,0.170000,60.099998,8.930000,1.430000,256.410004,80.540001,59465.359375,39.33,98.27,8.790000,PM10,26395
9.090000,18.389999,7.860000,4.040000,0.260000,58.790001,5.830000,-2.380000,257.959991,77.150002,64202.238281,39.34,98.44,18.389999,PM10,26396
14.980000,30.650000,10.820000,6.930000,0.370000,58.360001,3.180000,-2.520000,259.970001,73.209999,69992.726562,39.35,98.62,30.650000,PM10,26397
18.270000,36.990002,12.090000,8.470000,0.420000,57.660000,3.300000,-2.120000,262.820007,62.910000,75827.148438,39.35,98.79,36.990002,PM10,26398
19.750000,39.910000,12.510000,8.910000,0.440000,56.529999,3.130000,-1.690000,265.190002,54.150002,80725.929688,39.36,98.97,39.910000,PM10,26399
20.309999,41.430000,13.020000,8.640000,0.450000,55.049999,2.930000,-1.140000,266.549988,49.310001,84008.757812,39.37,99.14,41.430000,PM10,26400
17.879999,35.980000,12.670000,7.420000,0.420000,53.630001,2.760000,-0.150000,266.890015,47.619999,85579.929688,39.38,99.32,35.980000,PM10,26401
17.870001,35.680000,12.190000,6.150000,0.410000,53.090000,3.110000,0.590000,266.829987,48.240002,85973.257812,39.38,99.49,35.680000,PM10,26402
18.280001,34.869999,11.130000,5.190000,0.380000,53.750000,3.620000,0.450000,267.760010,45.900002,86769.296875,39.39,99.67,34.869999,PM10,26403
18.950001,35.480000,11.900000,4.750000,0.380000,54.799999,3.670000,-1.000000,268.179993,45.119999,87118.609375,39.4,99.84,35.480000,PM10,26404
17.260000,31.820000,11.290000,3.930000,0.350000,54.270000,3.480000,-2.160000,268.390015,42.320000,86550.382812,39.4,100.02,31.820000,PM10,26405
14.620000,26.420000,9.830000,3.140000,0.320000,53.570000,3.230000,-2.310000,268.410004,40.270000,85863.812500,39.41,100.19,26.420000,PM10,26406
10.920000,18.910000,9.310000,2.520000,0.270000,53.529999,3.170000,-2.030000,268.119995,39.680000,85055.351562,39.42,100.36,18.910000,PM10,26407
2.910000,3.050000,0.520000,0.120000,0.150000,65.360001,0.430000,-8.280000,259.200012,66.949997,65623.273438,39.12,93.21,4.157143,PM2.5,26609
2.830000,2.970000,0.470000,0.100000,0.140000,67.080002,1.690000,-8.460000,259.049988,59.900002,63841.019531,39.14,93.39,4.042857,PM2.5,26610
2.870000,3.010000,0.460000,0.090000,0.140000,69.650002,6.220000,-8.020000,257.929993,57.470001,61091.171875,39.15,93.56,4.100000,PM2.5,26611
2.940000,3.080000,0.480000,0.090000,0.140000,70.680000,11.240000,-4.350000,257.890015,52.590000,59734.128906,39.17,93.73,4.200000,PM2.5,26612
2.890000,3.030000,0.530000,0.140000,0.140000,65.070000,9.650000,-1.570000,260.540009,50.540001,62255.621094,39.18,93.91,4.128572,PM2.5,26613
2.910000,3.060000,0.640000,0.430000,0.140000,60.700001,3.150000,-6.640000,261.470001,58.160000,66723.148438,39.2,94.08,4.157143,PM2.5,26614
3.120000,3.300000,0.700000,0.780000,0.150000,62.560001,-0.700000,-7.720000,260.890015,62.340000,68074.648438,39.21,94.25,4.457143,PM2.5,26615
3.140000,3.310000,0.660000,0.760000,0.130000,63.090000,0.330000,-5.550000,259.480011,66.660004,65752.406250,39.22,94.43,4.485714,PM2.5,26616
3.180000,3.350000,0.660000,0.620000,0.130000,62.849998,3.830000,-3.260000,257.649994,72.739998,63031.289062,39.24,94.6,4.542857,PM2.5,26617
3.200000,3.370000,0.700000,0.550000,0.130000,62.630001,5.150000,-0.730000,257.250000,76.010002,62616.929688,39.25,94.77,4.571429,PM2.5,26618
3.200000,3.390000,0.730000,0.470000,0.130000,63.060001,4.350000,1.090000,257.070007,81.099998,62830.789062,39.26,94.95,4.571429,PM2.5,26619
3.180000,3.370000,0.700000,0.390000,0.130000,62.980000,5.820000,2.300000,256.839996,82.760002,62139.320312,39.27,95.12,4.542857,PM2.5,26620
3.080000,3.270000,0.680000,0.370000,0.130000,63.860001,7.570000,1.890000,259.079987,72.599998,63945.089844,39.29,95.3,4.400000,PM2.5,26621
3.080000,3.280000,0.730000,0.390000,0.130000,62.849998,7.170000,-1.170000,260.380005,68.220001,65796.898438,39.3,95.47,4.400000,PM2.5,26622
3.040000,3.230000,0.700000,0.360000,0.120000,62.290001,6.430000,-3.600000,258.950012,74.099998,65000.890625,39.31,95.64,4.342857,PM2.5,26623
2.970000,3.160000,0.670000,0.330000,0.120000,61.049999,5.260000,-2.780000,257.739990,79.260002,63561.531250,39.32,95.82,4.242857,PM2.5,26624
2.950000,3.130000,0.650000,0.300000,0.120000,60.520000,5.160000,-0.400000,256.470001,83.230003,61727.621094,39.33,95.99,4.214286,PM2.5,26625
2.910000,3.090000,0.620000,0.270000,0.120000,59.970001,5.220000,-0.900000,255.949997,84.029999,61183.660156,39.35,96.17,4.157143,PM2.5,26626
2.930000,3.140000,0.620000,0.240000,0.120000,60.700001,3.840000,-2.750000,255.500000,84.089996,60836.921875,39.36,96.34,4.185714,PM2.5,26627
2.910000,3.120000,0.590000,0.220000,0.120000,60.000000,7.530000,-1.880000,254.179993,85.849998,58769.660156,39.37,96.51,4.157143,PM2.5,26628
2.940000,3.180000,0.630000,0.210000,0.120000,61.060001,11.930000,1.150000,255.809998,74.040001,58778.671875,39.38,96.69,4.200000,PM2.5,26629
2.870000,3.210000,0.730000,0.250000,0.120000,59.889999,6.560000,-1.650000,258.899994,66.480003,62973.949219,39.39,96.86,4.100000,PM2.5,26630
3.060000,3.560000,0.750000,0.240000,0.140000,69.750000,0.340000,-0.710000,259.200012,73.339996,66145.218750,39.4,97.04,4.371428,PM2.5,26631
2.930000,3.500000,0.630000,0.180000,0.120000,65.739998,0.680000,1.660000,258.209991,77.019997,64326.808594,39.41,97.21,4.185714,PM2.5,26632
2.870000,3.550000,0.600000,0.160000,0.120000,62.439999,6.090000,3.470000,255.809998,83.940002,60608.500000,39.42,97.39,4.100000,PM2.5,26633
3.000000,3.990000,0.890000,0.260000,0.120000,61.490002,11.230000,2.560000,256.880005,74.589996,60077.230469,39.43,97.56,4.285714,PM2.5,26634
3.440000,5.290000,1.900000,0.640000,0.140000,61.540001,9.840000,-2.030000,258.459991,68.589996,61737.859375,39.44,97.74,5.290000,PM10,26635
4.020000,6.830000,3.180000,1.100000,0.150000,60.990002,6.140000,-2.280000,257.670013,74.080002,62048.890625,39.45,97.91,6.830000,PM10,26636
5.640000,10.540000,5.920000,2.130000,0.190000,60.349998,4.250000,-0.200000,257.730011,77.239998,63612.289062,39.46,98.08,10.540000,PM10,26637
11.110000,22.230000,11.220000,5.400000,0.300000,60.389999,3.150000,-2.540000,259.369995,74.349998,68414.171875,39.46,98.26,22.230000,PM10,26638
18.020000,37.060001,15.490000,9.940000,0.410000,61.220001,2.380000,-3.300000,261.950012,66.489998,74979.976562,39.47,98.43,37.060001,PM10,26639
27.500000,56.599998,18.350000,14.430000,0.580000,62.540001,2.510000,-1.720000,265.040009,54.990002,80710.617188,39.48,98.61,53.299999,PM10,26640
28.110001,57.939999,17.830000,13.660000,0.600000,60.599998,2.860000,-0.800000,266.660004,49.970001,84164.273438,39.49,98.78,53.970001,PM10,26641
26.840000,56.150002,17.309999,12.330000,0.590000,58.060001,2.870000,-0.110000,267.089996,48.660000,85857.023438,39.5,98.96,53.075001,PM10,26642
24.020000,50.389999,17.059999,10.590000,0.540000,55.220001,2.870000,0.340000,266.730011,49.669998,86250.203125,39.5,99.13,50.195000,PM10,26643
20.680000,42.860001,16.120001,8.870000,0.480000,53.119999,3.010000,0.100000,266.480011,50.529999,86348.046875,39.51,99.31,42.860001,PM10,26644
19.340000,39.720001,15.210000,7.260000,0.460000,51.750000,3.200000,-0.120000,266.450012,51.470001,87003.843750,39.52,99.48,39.720001,PM10,26645
16.360001,31.110001,12.200000,5.420000,0.370000,52.000000,2.630000,-0.650000,267.100006,49.480000,87306.062500,39.53,99.66,31.110001,PM10,26646
13.830000,24.910000,10.840000,4.120000,0.320000,51.759998,2.020000,-1.630000,266.880005,46.240002,85847.476562,39.53,99.83,24.910000,PM10,26647
11.270000,19.219999,9.220000,3.240000,0.270000,52.080002,2.590000,-2.370000,266.790009,42.160000,84376.117188,39.54,100.01,19.219999,PM10,26648
8.730000,14.030000,7.740000,2.600000,0.240000,52.080002,3.010000,-2.470000,267.470001,39.220001,84601.976562,39.55,100.18,14.030000,PM10,26649
3.540000,3.710000,0.770000,0.170000,0.140000,60.709999,1.040000,0.170000,262.470001,70.690002,74317.953125,39.2,92.5,5.057143,PM2.5,26848
3.230000,3.380000,0.650000,0.140000,0.130000,58.049999,1.370000,-0.960000,260.540009,77.000000,71446.382812,39.21,92.67,4.614286,PM2.5,26849
2.910000,3.060000,0.560000,0.140000,0.130000,58.230000,1.170000,-2.540000,259.250000,79.180000,68990.773438,39.23,92.85,4.157143,PM2.5,26850
2.950000,3.090000,0.590000,0.160000,0.140000,58.889999,0.460000,-2.460000,259.220001,77.059998,68397.046875,39.24,93.02,4.214286,PM2.5,26851
2.780000,2.920000,0.550000,0.170000,0.140000,63.490002,-0.540000,-2.180000,259.250000,71.980003,67196.570312,39.26,93.19,3.971429,PM2.5,26852
2.620000,2.740000,0.450000,0.110000,0.130000,59.570000,0.400000,-0.750000,257.380005,72.610001,63507.859375,39.27,93.37,3.742857,PM2.5,26853
2.590000,2.720000,0.430000,0.100000,0.130000,58.230000,6.710000,0.340000,254.350006,77.589996,58836.359375,39.29,93.54,3.700000,PM2.5,26854
2.790000,2.920000,0.520000,0.130000,0.130000,60.869999,12.250000,-0.430000,255.919998,62.900002,58596.660156,39.3,93.72,3.985714,PM2.5,26855
2.800000,2.930000,0.630000,0.250000,0.130000,60.049999,8.890000,-4.790000,258.839996,63.349998,63410.320312,39.32,93.89,4.000000,PM2.5,26856
2.910000,3.050000,0.680000,0.510000,0.140000,59.889999,3.100000,-5.160000,258.500000,74.699997,67271.632812,39.33,94.06,4.157143,PM2.5,26857
3.120000,3.300000,0.760000,0.950000,0.150000,61.279999,0.800000,-2.350000,258.859985,73.889999,67935.007812,39.34,94.24,4.457143,PM2.5,26858
3.360000,3.560000,0.910000,1.080000,0.140000,62.209999,1.430000,-0.970000,258.579987,73.230003,66854.593750,39.36,94.41,4.800000,PM2.5,26859
3.430000,3.640000,0.990000,0.930000,0.140000,62.700001,3.920000,-0.200000,257.250000,76.500000,64618.390625,39.37,94.58,4.900000,PM2.5,26860
3.590000,3.840000,1.250000,0.990000,0.140000,62.430000,4.700000,-0.250000,257.450012,76.620003,65041.820312,39.38,94.76,5.128572,PM2.5,26861
3.700000,3.990000,1.480000,1.140000,0.140000,64.639999,3.580000,-0.260000,259.640015,71.639999,68396.570312,39.4,94.93,5.285714,PM2.5,26862
3.540000,3.800000,1.220000,0.860000,0.140000,64.870003,3.960000,0.160000,259.799988,73.300003,68566.953125,39.41,95.11,5.057143,PM2.5,26863
3.450000,3.700000,1.150000,0.780000,0.130000,63.939999,5.840000,-2.000000,258.470001,77.790001,66838.312500,39.42,95.28,4.928572,PM2.5,26864
3.330000,3.570000,1.080000,0.710000,0.130000,63.259998,7.200000,-2.670000,257.989990,77.470001,65743.789062,39.43,95.45,4.757143,PM2.5,26865
3.250000,3.480000,1.020000,0.650000,0.130000,62.599998,7.570000,-0.720000,257.579987,77.139999,64438.910156,39.45,95.63,4.642857,PM2.5,26866
3.170000,3.390000,0.990000,0.630000,0.120000,61.230000,5.640000,-0.210000,257.839996,78.070000,64285.468750,39.46,95.8,4.528572,PM2.5,26867
3.080000,3.300000,0.930000,0.560000,0.120000,61.310001,2.880000,0.330000,257.670013,79.959999,64559.269531,39.47,95.98,4.400000,PM2.5,26868
2.970000,3.170000,0.790000,0.430000,0.120000,60.770000,3.030000,1.120000,256.440002,83.279999,62888.449219,39.48,96.15,4.242857,PM2.5,26869
2.890000,3.130000,0.760000,0.360000,0.120000,60.150002,6.730000,1.830000,254.529999,87.180000,59915.519531,39.49,96.33,4.128572,PM2.5,26870
2.930000,3.180000,0.750000,0.310000,0.120000,60.980000,11.920000,3.370000,254.940002,79.110001,58755.140625,39.5,96.5,4.185714,PM2.5,26871
2.880000,3.180000,0.830000,0.340000,0.120000,59.360001,10.010000,-0.450000,257.559998,68.860001,61193.269531,39.51,96.68,4.114286,PM2.5,26872
2.900000,3.330000,0.890000,0.350000,0.130000,63.009998,2.320000,-3.630000,258.609985,74.099998,66300.031250,39.52,96.85,4.142857,PM2.5,26873
3.180000,3.790000,0.950000,0.310000,0.150000,77.120003,-0.920000,-1.340000,259.429993,75.680000,68726.546875,39.53,97.02,4.542857,PM2.5,26874
3.010000,3.780000,0.810000,0.230000,0.130000,67.599998,2.340000,1.590000,257.540009,81.430000,65009.800781,39.54,97.2,4.300000,PM2.5,26875
3.000000,4.010000,0.850000,0.230000,0.130000,65.379997,7.860000,4.490000,256.700012,80.459999,62273.890625,39.55,97.37,4.285714,PM2.5,26876
3.740000,5.970000,2.260000,0.850000,0.150000,63.919998,7.160000,0.590000,259.420013,69.010002,64704.980469,39.56,97.55,5.970000,PM10,26877
5.530000,10.000000,5.150000,2.250000,0.190000,63.180000,3.430000,-2.710000,258.019989,77.550003,65974.140625,39.57,97.72,10.000000,PM10,26878
7.110000,13.240000,7.640000,3.420000,0.220000,62.779999,3.650000,-2.210000,258.019989,78.180000,67000.578125,39.58,97.9,13.240000,PM10,26879
10.160000,18.790001,10.230000,5.310000,0.270000,62.779999,3.240000,-3.340000,261.540009,66.919998,72969.148438,39.59,98.07,18.790001,PM10,26880
17.450001,35.220001,17.230000,9.870000,0.410000,63.090000,1.840000,-3.190000,264.299988,56.630001,78985.843750,39.6,98.25,35.220001,PM10,26881
25.350000,53.250000,21.900000,15.720000,0.540000,65.290001,1.880000,-1.680000,266.320007,49.810001,82795.820312,39.61,98.42,51.625000,PM10,26882
35.599998,74.919998,22.959999,19.629999,0.730000,66.180000,2.200000,-0.620000,267.640015,46.790001,85603.546875,39.62,98.6,62.459999,PM10,26883
29.410000,61.230000,19.379999,15.250000,0.620000,62.270000,2.200000,0.120000,267.429993,48.250000,86404.789062,39.62,98.77,55.614998,PM10,26884
27.629999,58.360001,18.570000,12.890000,0.610000,58.459999,2.350000,0.280000,266.549988,51.090000,86433.648438,39.63,98.95,54.180000,PM10,26885
23.049999,48.230000,17.190001,10.630000,0.530000,55.400002,2.550000,0.130000,266.519989,50.509998,86549.898438,39.64,99.12,48.230000,PM10,26886
19.990000,41.570000,16.379999,8.800000,0.480000,52.630001,2.580000,-0.090000,266.410004,51.000000,86798.882812,39.65,99.3,41.570000,PM10,26887
16.190001,32.230000,13.470000,6.540000,0.400000,51.459999,2.180000,-0.530000,266.649994,49.709999,86999.453125,39.65,99.47,32.230000,PM10,26888
12.660000,22.730000,10.420000,4.610000,0.310000,51.459999,1.390000,-1.160000,266.989990,45.189999,86588.906250,39.66,99.65,22.730000,PM10,26889
9.200000,14.910000,8.450000,3.310000,0.250000,51.360001,1.640000,-1.400000,266.570007,43.689999,85120.992188,39.67,99.82,14.910000,PM10,26890
7.450000,11.220000,7.270000,2.690000,0.220000,51.599998,2.910000,-1.910000,266.309998,41.610001,83979.289062,39.67,100.0,11.220000,PM10,26891
5.920000,8.430000,6.400000,2.220000,0.200000,52.110001,3.500000,-2.380000,267.309998,38.090000,84700.140625,39.68,100.17,8.457143,PM2.5,26892
3.570000,3.750000,1.090000,0.270000,0.140000,64.699997,1.130000,-0.210000,265.290009,57.990002,79108.531250,39.33,92.48,5.100000,PM2.5,27093
3.490000,3.660000,0.990000,0.240000,0.140000,63.509998,1.540000,0.270000,264.179993,62.480000,77036.203125,39.35,92.65,4.985714,PM2.5,27094
3.470000,3.640000,0.950000,0.240000,0.140000,62.900002,1.680000,0.030000,263.390015,64.389999,75623.968750,39.36,92.83,4.957143,PM2.5,27095
3.470000,3.650000,1.010000,0.340000,0.140000,63.169998,1.450000,-0.470000,263.079987,63.410000,74998.578125,39.38,93.0,4.957143,PM2.5,27096
3.520000,3.700000,1.040000,0.400000,0.150000,63.630001,1.160000,-0.550000,262.559998,63.310001,73687.593750,39.39,93.18,5.028572,PM2.5,27097
3.500000,3.670000,0.940000,0.320000,0.140000,62.439999,1.850000,1.460000,260.839996,67.099998,70105.976562,39.41,93.35,5.000000,PM2.5,27098
3.470000,3.640000,0.890000,0.290000,0.140000,61.500000,4.330000,2.650000,258.739990,72.430000,66456.843750,39.42,93.52,4.957143,PM2.5,27099
3.500000,3.680000,0.970000,0.410000,0.140000,61.650002,5.230000,-1.320000,259.179993,71.720001,67735.453125,39.44,93.7,5.000000,PM2.5,27100
3.450000,3.640000,1.020000,0.600000,0.140000,60.230000,2.720000,-3.730000,260.589996,70.639999,72479.617188,39.45,93.87,4.928572,PM2.5,27101
3.530000,3.740000,1.110000,0.890000,0.150000,60.869999,1.070000,-1.190000,262.209991,64.209999,75456.929688,39.46,94.04,5.042857,PM2.5,27102
3.910000,4.210000,1.710000,1.450000,0.150000,64.029999,1.200000,-0.410000,263.000000,60.529999,76023.929688,39.48,94.22,5.585714,PM2.5,27103
4.260000,4.670000,2.360000,1.960000,0.160000,65.570000,1.610000,-0.630000,262.809998,59.439999,75328.546875,39.49,94.39,6.085715,PM2.5,27104
4.280000,4.680000,2.300000,1.730000,0.160000,65.900002,2.060000,-0.850000,262.059998,61.240002,74163.218750,39.51,94.57,6.114286,PM2.5,27105
4.650000,5.150000,2.990000,2.280000,0.160000,64.919998,1.850000,-1.460000,262.299988,60.980000,74812.546875,39.52,94.74,6.642857,PM2.5,27106
4.860000,5.450000,3.600000,2.880000,0.160000,66.970001,1.320000,-1.570000,262.709991,60.990002,75602.882812,39.53,94.92,6.942857,PM2.5,27107
3.940000,4.310000,2.100000,1.630000,0.120000,67.800003,1.680000,0.070000,260.209991,71.559998,71004.671875,39.54,95.09,5.628572,PM2.5,27108
3.630000,3.940000,1.700000,1.280000,0.110000,63.250000,4.890000,0.610000,256.750000,82.739998,65144.378906,39.56,95.26,5.185714,PM2.5,27109
3.380000,3.660000,1.440000,1.060000,0.100000,63.389999,9.340000,0.260000,256.440002,78.830002,63280.800781,39.57,95.44,4.828572,PM2.5,27110
3.270000,3.520000,1.350000,0.990000,0.110000,62.599998,8.830000,0.320000,258.320007,68.809998,64193.660156,39.58,95.61,4.671429,PM2.5,27111
3.270000,3.540000,1.370000,1.070000,0.110000,60.660000,3.060000,-1.280000,259.609985,70.459999,67288.953125,39.59,95.79,4.671429,PM2.5,27112
3.290000,3.550000,1.330000,1.020000,0.130000,62.750000,0.460000,-1.430000,260.149994,71.099998,69811.359375,39.6,95.96,4.700000,PM2.5,27113
3.100000,3.330000,1.070000,0.760000,0.120000,62.410000,3.310000,0.950000,258.799988,76.059998,67586.296875,39.62,96.14,4.428571,PM2.5,27114
3.040000,3.320000,1.030000,0.590000,0.120000,62.529999,7.830000,3.420000,257.480011,78.650002,64525.851562,39.63,96.31,4.342857,PM2.5,27115
3.000000,3.300000,1.020000,0.570000,0.120000,62.080002,8.200000,1.360000,259.570007,67.669998,65853.773438,39.64,96.49,4.285714,PM2.5,27116
3.010000,3.380000,1.090000,0.570000,0.130000,61.200001,3.240000,-3.310000,259.239990,73.370003,68315.210938,39.65,96.66,4.300000,PM2.5,27117
3.010000,3.510000,1.110000,0.450000,0.140000,65.290001,0.600000,-2.400000,258.690002,79.120003,69489.406250,39.66,96.84,4.300000,PM2.5,27118
2.970000,3.670000,1.090000,0.390000,0.140000,68.930000,1.470000,-0.840000,259.350006,77.459999,69951.023438,39.67,97.01,4.242857,PM2.5,27119
3.010000,3.980000,1.050000,0.340000,0.140000,67.769997,4.700000,1.730000,258.209991,80.519997,67316.171875,39.68,97.19,4.300000,PM2.5,27120
3.340000,4.950000,1.440000,0.560000,0.140000,66.220001,7.370000,1.230000,258.299988,77.769997,66172.609375,39.69,97.36,4.950000,PM10,27121
5.890000,10.490000,5.180000,2.650000,0.190000,64.430000,5.010000,-3.650000,260.200012,71.930000,70137.523438,39.7,97.54,10.490000,PM10,27122
9.710000,18.030001,10.080000,5.530000,0.260000,64.320000,2.610000,-2.950000,261.660004,67.000000,74158.406250,39.71,97.71,18.030001,PM10,27123
11.410000,21.059999,12.440000,6.750000,0.290000,64.440002,3.480000,-2.570000,263.309998,60.369999,77047.203125,39.72,97.89,21.059999,PM10,27124
12.350000,23.010000,13.180000,7.190000,0.310000,63.720001,4.050000,-3.390000,265.230011,52.279999,80259.992188,39.73,98.06,23.010000,PM10,27125
18.660000,38.950001,20.990000,12.080000,0.430000,63.990002,3.190000,-2.720000,266.609985,47.060001,82755.492188,39.73,98.24,38.950001,PM10,27126
27.940001,62.029999,27.930000,20.340000,0.580000,66.279999,2.190000,-2.090000,267.350006,44.230000,84694.500000,39.74,98.41,56.014999,PM10,27127
31.400000,67.540001,22.709999,19.030001,0.640000,66.010002,1.870000,-1.290000,267.640015,43.459999,85967.273438,39.75,98.59,58.770000,PM10,27128
24.879999,51.759998,17.270000,13.720000,0.530000,61.840000,1.820000,-0.830000,267.489990,44.049999,86546.312500,39.76,98.76,50.879997,PM10,27129
22.690001,47.380001,15.590000,11.200000,0.510000,58.160000,1.980000,-0.230000,266.859985,46.970001,86805.031250,39.77,98.94,47.380001,PM10,27130
18.959999,39.130001,14.480000,9.020000,0.450000,54.639999,2.160000,-0.050000,266.739990,47.450001,86859.117188,39.77,99.11,39.130001,PM10,27131
16.440001,33.520000,13.720000,7.460000,0.420000,52.070000,2.050000,0.090000,266.549988,48.450001,87109.609375,39.78,99.29,33.520000,PM10,27132
11.310000,20.350000,9.700000,4.900000,0.300000,52.650002,1.520000,-0.440000,266.899994,43.840000,86611.562500,39.79,99.46,20.350000,PM10,27133
9.150000,14.650000,8.100000,3.620000,0.260000,51.750000,1.560000,-1.220000,266.660004,41.849998,85466.953125,39.8,99.64,14.650000,PM10,27134
6.940000,9.870000,6.710000,2.770000,0.220000,51.680000,2.300000,-1.320000,266.700012,40.810001,85346.507812,39.8,99.81,9.914286,PM2.5,27135
3.760000,3.950000,1.220000,0.310000,0.150000,67.519997,-0.460000,-0.590000,266.230011,50.200001,80779.640625,39.48,92.63,5.371428,PM2.5,27350
3.700000,3.890000,1.210000,0.330000,0.150000,67.089996,-0.230000,-0.630000,265.589996,51.189999,79739.406250,39.5,92.81,5.285714,PM2.5,27351
3.710000,3.900000,1.230000,0.390000,0.150000,67.629997,0.190000,-1.030000,265.059998,51.520000,79169.023438,39.51,92.98,5.300000,PM2.5,27352
3.810000,4.010000,1.280000,0.470000,0.150000,68.800003,0.660000,-1.690000,265.000000,51.959999,79089.242188,39.53,93.16,5.442857,PM2.5,27353
3.820000,4.020000,1.310000,0.610000,0.150000,68.849998,1.170000,-1.800000,264.670013,54.200001,78338.187500,39.54,93.33,5.457143,PM2.5,27354
3.710000,3.920000,1.300000,0.700000,0.150000,68.180000,0.920000,-1.790000,264.410004,55.070000,77998.648438,39.56,93.5,5.300000,PM2.5,27355
3.560000,3.770000,1.290000,0.790000,0.150000,67.510002,0.320000,-2.240000,264.390015,54.189999,79303.257812,39.57,93.68,5.085714,PM2.5,27356
3.480000,3.700000,1.280000,0.810000,0.150000,66.540001,0.510000,-1.250000,265.730011,49.570000,81045.640625,39.58,93.85,4.971428,PM2.5,27357
3.630000,3.860000,1.340000,0.880000,0.150000,67.739998,1.040000,-0.370000,266.980011,45.209999,82513.343750,39.6,94.03,5.185714,PM2.5,27358
4.060000,4.420000,2.070000,1.510000,0.160000,67.529999,1.340000,-0.880000,267.320007,42.740002,83192.101562,39.61,94.2,5.800000,PM2.5,27359
4.590000,5.100000,2.980000,2.240000,0.160000,67.330002,1.450000,-1.060000,266.790009,42.599998,82693.328125,39.63,94.38,6.557143,PM2.5,27360
4.410000,4.850000,2.520000,1.790000,0.160000,68.099998,1.330000,-1.170000,266.339996,43.450001,82071.773438,39.64,94.55,6.300000,PM2.5,27361
4.950000,5.520000,3.490000,2.690000,0.160000,66.540001,0.890000,-0.700000,265.970001,45.360001,81617.617188,39.65,94.72,7.071428,PM2.5,27362
5.110000,5.760000,4.190000,3.340000,0.160000,64.599998,1.190000,0.040000,264.480011,51.849998,79055.796875,39.67,94.9,7.300000,PM2.5,27363
4.340000,4.810000,2.880000,2.210000,0.120000,61.970001,2.670000,1.750000,261.429993,65.389999,73878.023438,39.68,95.07,6.200000,PM2.5,27364
3.910000,4.290000,2.220000,1.680000,0.110000,61.119999,4.700000,2.570000,259.579987,71.480003,69761.367188,39.69,95.25,5.585714,PM2.5,27365
3.760000,4.110000,2.000000,1.450000,0.120000,60.310001,6.560000,0.540000,258.570007,73.739998,67921.796875,39.7,95.42,5.371428,PM2.5,27366
3.660000,3.990000,1.880000,1.330000,0.120000,59.209999,6.600000,-1.880000,258.470001,73.500000,67959.023438,39.72,95.6,5.228571,PM2.5,27367
3.480000,3.780000,1.660000,1.210000,0.120000,60.250000,4.370000,-3.350000,260.450012,66.279999,71335.843750,39.73,95.77,4.971428,PM2.5,27368
3.360000,3.630000,1.510000,1.060000,0.130000,61.509998,2.380000,-2.680000,262.670013,59.200001,75053.617188,39.74,95.95,4.800000,PM2.5,27369
3.270000,3.530000,1.380000,0.960000,0.130000,62.470001,3.510000,-1.190000,261.589996,65.550003,73891.828125,39.75,96.12,4.671429,PM2.5,27370
3.210000,3.540000,1.350000,0.840000,0.130000,63.130001,6.600000,-0.330000,260.179993,70.970001,71105.726562,39.76,96.3,4.585714,PM2.5,27371
3.190000,3.550000,1.310000,0.760000,0.140000,62.520000,6.830000,-3.270000,260.450012,69.629997,71513.718750,39.77,96.47,4.557143,PM2.5,27372
3.140000,3.540000,1.290000,0.660000,0.140000,62.480000,3.530000,-2.860000,261.700012,64.330002,73982.460938,39.78,96.65,4.485714,PM2.5,27373
3.160000,3.680000,1.270000,0.550000,0.140000,65.739998,2.000000,-0.690000,262.040009,65.410004,74689.242188,39.79,96.82,4.514286,PM2.5,27374
3.110000,3.850000,1.240000,0.530000,0.140000,67.510002,4.000000,0.350000,260.850006,71.750000,72870.210938,39.8,97.0,4.442857,PM2.5,27375
3.280000,4.460000,1.380000,0.690000,0.150000,67.260002,5.880000,0.630000,261.070007,71.250000,72360.367188,39.81,97.17,4.685714,PM2.5,27376
5.010000,7.940000,2.950000,2.040000,0.180000,64.349998,5.560000,-2.390000,262.119995,66.660004,74348.398438,39.82,97.35,7.940000,PM10,27377
10.140000,18.850000,10.470000,6.280000,0.270000,63.770000,4.220000,-3.680000,263.149994,60.700001,77234.453125,39.83,97.52,18.850000,PM10,27378
14.330000,27.639999,16.820000,9.440000,0.340000,64.379997,3.400000,-2.630000,264.880005,52.599998,80208.531250,39.84,97.7,27.639999,PM10,27379
12.910000,24.540001,14.830000,8.380000,0.320000,64.040001,3.600000,-2.540000,265.510010,48.520000,81425.960938,39.85,97.87,24.540001,PM10,27380
12.750000,24.290001,14.130000,8.250000,0.330000,63.020000,4.010000,-3.040000,265.440002,46.439999,81438.023438,39.86,98.05,24.290001,PM10,27381
22.969999,51.340000,30.540001,19.260000,0.530000,65.239998,3.400000,-3.150000,266.570007,42.349998,83270.117188,39.87,98.23,50.669998,PM10,27382
34.709999,82.080002,39.180000,30.650000,0.710000,66.790001,2.380000,-2.710000,267.670013,39.200001,85527.382812,39.88,98.4,66.040001,PM10,27383
24.620001,53.689999,21.030001,17.129999,0.520000,65.010002,1.890000,-1.870000,267.809998,38.349998,86391.789062,39.89,98.58,51.845001,PM10,27384
18.459999,38.279999,13.690000,10.570000,0.430000,60.250000,1.990000,-1.400000,267.690002,38.150002,86769.093750,39.89,98.75,38.279999,PM10,27385
15.530000,31.379999,10.300000,7.820000,0.390000,57.759998,2.130000,-0.720000,267.619995,39.240002,86998.250000,39.9,98.93,31.379999,PM10,27386
12.000000,23.549999,8.380000,5.590000,0.330000,55.520000,1.970000,-0.330000,267.589996,40.220001,87262.976562,39.91,99.1,23.549999,PM10,27387
10.900000,21.059999,8.340000,4.770000,0.320000,53.650002,1.690000,0.290000,267.369995,42.220001,87446.507812,39.92,99.28,21.059999,PM10,27388
8.330000,14.290000,6.820000,3.420000,0.260000,52.630001,1.500000,0.120000,267.350006,40.320000,87006.023438,39.92,99.45,14.290000,PM10,27389
4.300000,4.500000,1.350000,0.310000,0.150000,70.339996,-1.030000,-1.150000,265.829987,48.660000,81115.101562,39.63,92.79,6.142858,PM2.5,27604
4.220000,4.420000,1.370000,0.350000,0.150000,70.870003,-0.050000,-1.250000,266.000000,47.480000,81468.093750,39.65,92.96,6.028571,PM2.5,27605
4.140000,4.340000,1.380000,0.430000,0.150000,70.620003,0.640000,-1.590000,266.350006,46.230000,81981.671875,39.66,93.14,5.914286,PM2.5,27606
3.940000,4.140000,1.360000,0.600000,0.150000,70.449997,0.980000,-1.740000,266.450012,45.020000,82346.023438,39.68,93.31,5.628572,PM2.5,27607
3.690000,3.890000,1.350000,0.660000,0.150000,70.720001,1.070000,-1.430000,266.730011,43.320000,82967.546875,39.69,93.49,5.271429,PM2.5,27608
3.540000,3.750000,1.330000,0.720000,0.150000,69.570000,1.320000,-0.220000,267.040009,42.730000,83214.523438,39.7,93.66,5.057143,PM2.5,27609
3.580000,3.790000,1.340000,0.760000,0.150000,68.910004,1.600000,-0.900000,267.519989,41.369999,83606.093750,39.72,93.83,5.114285,PM2.5,27610
3.770000,4.000000,1.380000,0.790000,0.150000,68.910004,1.720000,-1.110000,268.260010,39.040001,84570.523438,39.73,94.01,5.385714,PM2.5,27611
4.120000,4.430000,1.800000,1.190000,0.160000,68.900002,1.800000,-0.620000,268.390015,37.830002,85182.671875,39.75,94.18,5.885714,PM2.5,27612
4.570000,5.010000,2.590000,1.910000,0.160000,68.290001,1.770000,-0.030000,267.989990,38.169998,84909.593750,39.76,94.36,6.528572,PM2.5,27613
4.510000,4.930000,2.390000,1.670000,0.160000,68.889999,1.740000,0.170000,267.279999,40.049999,83933.851562,39.77,94.53,6.442857,PM2.5,27614
4.720000,5.190000,2.790000,1.990000,0.160000,68.889999,1.730000,0.510000,266.570007,42.450001,82737.937500,39.79,94.71,6.742857,PM2.5,27615
4.710000,5.220000,3.160000,2.290000,0.160000,68.449997,2.260000,0.840000,265.850006,45.310001,81267.906250,39.8,94.88,6.728571,PM2.5,27616
4.320000,4.760000,2.640000,1.850000,0.150000,67.070000,3.630000,1.210000,265.010010,49.310001,79540.421875,39.81,95.06,6.171429,PM2.5,27617
4.050000,4.430000,2.260000,1.540000,0.150000,66.260002,4.660000,0.230000,264.380005,51.980000,78012.390625,39.83,95.23,5.785715,PM2.5,27618
3.850000,4.200000,2.000000,1.310000,0.150000,65.919998,4.550000,-1.440000,263.470001,54.380001,76929.046875,39.84,95.41,5.500000,PM2.5,27619
3.660000,3.970000,1.790000,1.070000,0.150000,66.019997,4.280000,-1.980000,262.420013,57.910000,76051.750000,39.85,95.58,5.228571,PM2.5,27620
3.490000,3.780000,1.630000,0.920000,0.150000,66.019997,4.490000,-2.400000,262.809998,56.340000,76472.828125,39.86,95.76,4.985714,PM2.5,27621
3.330000,3.600000,1.490000,0.810000,0.150000,66.059998,4.220000,-1.950000,264.029999,51.779999,77954.796875,39.87,95.93,4.757143,PM2.5,27622
3.210000,3.460000,1.380000,0.790000,0.150000,66.180000,4.050000,-1.030000,263.519989,53.689999,77379.523438,39.88,96.11,4.585714,PM2.5,27623
3.180000,3.510000,1.400000,0.690000,0.150000,66.510002,5.100000,-1.030000,261.660004,61.570000,75065.039062,39.9,96.28,4.542857,PM2.5,27624
3.110000,3.460000,1.280000,0.640000,0.150000,67.220001,6.640000,-2.120000,260.660004,67.180000,73484.742188,39.91,96.46,4.442857,PM2.5,27625
3.120000,3.510000,1.300000,0.610000,0.150000,65.970001,6.090000,-2.370000,262.750000,58.060001,75724.226562,39.92,96.63,4.457143,PM2.5,27626
3.170000,3.680000,1.290000,0.630000,0.150000,66.169998,4.490000,-1.460000,264.609985,51.959999,78338.656250,39.93,96.81,4.528572,PM2.5,27627
3.250000,4.000000,1.370000,0.700000,0.150000,65.750000,5.060000,-0.430000,263.899994,55.509998,77420.148438,39.94,96.98,4.642857,PM2.5,27628
4.110000,5.640000,2.100000,1.570000,0.170000,63.959999,5.140000,-1.630000,264.959991,52.599998,79015.859375,39.95,97.16,5.871429,PM2.5,27629
7.850000,12.670000,5.440000,4.620000,0.210000,61.849998,3.600000,-2.810000,266.209991,46.360001,82025.226562,39.96,97.34,12.670000,PM10,27630
12.250000,22.180000,11.180000,8.070000,0.290000,63.310001,2.800000,-2.230000,266.279999,43.970001,82648.140625,39.97,97.51,22.180000,PM10,27631
12.290000,23.879999,14.160000,8.160000,0.310000,61.680000,2.520000,-2.080000,266.399994,42.180000,83297.523438,39.98,97.69,23.879999,PM10,27632
9.850000,18.750000,10.620000,6.380000,0.280000,60.799999,2.490000,-1.850000,266.279999,41.290001,83527.367188,39.99,97.86,18.750000,PM10,27633
9.540000,17.950001,9.950000,6.290000,0.280000,60.070000,3.040000,-2.130000,266.140015,40.990002,83407.906250,39.99,98.04,17.950001,PM10,27634
13.640000,29.059999,16.860001,11.460000,0.360000,61.520000,3.150000,-2.470000,267.070007,38.340000,84861.773438,40.0,98.21,29.059999,PM10,27635
16.139999,35.410000,18.580000,14.130000,0.410000,61.759998,2.560000,-2.440000,268.029999,35.549999,86552.132812,40.01,98.39,35.410000,PM10,27636
11.160000,22.820000,9.730000,7.160000,0.310000,59.470001,2.080000,-2.030000,268.250000,34.200001,87279.671875,40.02,98.57,22.820000,PM10,27637
9.200000,17.580000,5.960000,4.740000,0.280000,57.369999,2.030000,-1.600000,268.450012,33.189999,87640.468750,40.03,98.74,17.580000,PM10,27638
8.380000,15.230000,4.270000,3.850000,0.270000,56.790001,1.780000,-1.200000,268.690002,32.959999,87810.609375,40.04,98.92,15.230000,PM10,27639
6.550000,11.620000,3.460000,2.740000,0.240000,55.610001,1.270000,-1.010000,268.559998,33.020000,88038.890625,40.04,99.09,11.620000,PM10,27640
5.800000,10.060000,3.620000,2.380000,0.230000,55.290001,1.100000,-0.430000,268.350006,34.540001,88149.976562,40.05,99.27,10.060000,PM10,27641
4.570000,7.040000,3.060000,1.700000,0.210000,54.919998,1.210000,-0.160000,268.309998,33.889999,88066.906250,40.06,99.45,7.040000,PM10,27642
3.550000,4.680000,2.560000,1.150000,0.180000,55.130001,1.490000,-0.570000,268.160004,32.750000,87677.250000,40.07,99.62,5.071428,PM2.5,27643
2.950000,3.570000,2.260000,0.960000,0.180000,55.209999,1.940000,-1.490000,267.779999,32.919998,86984.117188,40.07,99.8,4.500000,CO,27644
5.130000,5.340000,1.510000,0.310000,0.150000,73.089996,-1.070000,-1.240000,267.700012,42.759998,84596.476562,39.76,92.77,7.328572,PM2.5,27861
5.000000,5.200000,1.510000,0.330000,0.150000,73.230003,-0.060000,-1.310000,267.649994,42.220001,84530.882812,39.78,92.94,7.142857,PM2.5,27862
4.800000,5.010000,1.490000,0.370000,0.160000,72.489998,0.880000,-1.470000,267.609985,41.689999,84434.750000,39.79,93.12,6.857143,PM2.5,27863
4.530000,4.740000,1.460000,0.440000,0.150000,71.550003,1.660000,-1.300000,267.750000,40.599998,84591.406250,39.81,93.29,6.471429,PM2.5,27864
4.230000,4.440000,1.430000,0.470000,0.150000,70.879997,2.000000,-1.020000,267.959991,39.279999,84894.359375,39.82,93.47,6.042857,PM2.5,27865
3.960000,4.170000,1.400000,0.500000,0.150000,70.349998,2.120000,-0.800000,268.010010,38.150002,84845.226562,39.84,93.64,5.657143,PM2.5,27866
3.930000,4.150000,1.400000,0.490000,0.150000,69.989998,2.310000,-0.930000,268.489990,36.740002,85328.312500,39.85,93.82,5.614286,PM2.5,27867
4.210000,4.440000,1.420000,0.460000,0.150000,69.800003,2.420000,-1.040000,269.339996,35.130001,86585.593750,39.87,93.99,6.014286,PM2.5,27868
4.340000,4.590000,1.490000,0.670000,0.150000,70.160004,2.290000,-0.600000,269.429993,34.650002,87024.546875,39.88,94.17,6.200000,PM2.5,27869
4.490000,4.810000,1.820000,1.230000,0.160000,69.250000,2.210000,0.090000,268.670013,35.630001,86179.031250,39.89,94.34,6.414285,PM2.5,27870
4.590000,4.940000,1.960000,1.320000,0.160000,69.110001,2.540000,0.360000,267.880005,37.209999,84872.937500,39.91,94.52,6.557143,PM2.5,27871
4.670000,5.060000,2.150000,1.390000,0.160000,68.820000,3.010000,0.680000,267.579987,38.090000,84113.156250,39.92,94.69,6.671429,PM2.5,27872
4.560000,4.970000,2.280000,1.440000,0.160000,68.699997,3.440000,0.890000,267.489990,38.509998,83661.976562,39.93,94.87,6.514286,PM2.5,27873
4.350000,4.730000,2.170000,1.340000,0.160000,68.250000,4.170000,0.670000,267.049988,39.849998,82808.882812,39.95,95.04,6.214285,PM2.5,27874
4.110000,4.460000,1.990000,1.210000,0.150000,67.830002,4.800000,-0.240000,266.920013,39.799999,82385.421875,39.96,95.22,5.871429,PM2.5,27875
3.880000,4.210000,1.820000,1.090000,0.150000,67.330002,4.790000,-0.810000,267.140015,38.840000,82601.343750,39.97,95.39,5.542857,PM2.5,27876
3.660000,3.970000,1.680000,0.940000,0.150000,67.169998,4.610000,-0.440000,267.119995,39.320000,82596.882812,39.98,95.57,5.228571,PM2.5,27877
3.490000,3.780000,1.560000,0.830000,0.150000,67.150002,4.850000,-0.500000,266.640015,41.040001,81975.640625,40.0,95.74,4.985714,PM2.5,27878
3.380000,3.650000,1.470000,0.760000,0.150000,66.769997,5.140000,-0.690000,266.220001,42.360001,81410.937500,40.01,95.92,4.828572,PM2.5,27879
3.290000,3.560000,1.410000,0.730000,0.150000,66.260002,5.200000,-0.260000,266.140015,42.799999,81212.617188,40.02,96.09,4.700000,PM2.5,27880
3.250000,3.600000,1.420000,0.670000,0.150000,66.190002,5.520000,0.070000,265.640015,44.590000,80481.281250,40.03,96.27,4.642857,PM2.5,27881
3.220000,3.590000,1.360000,0.630000,0.150000,65.849998,6.250000,-0.430000,264.600006,48.119999,79108.296875,40.04,96.44,4.600000,PM2.5,27882
3.170000,3.570000,1.350000,0.610000,0.150000,65.389999,6.610000,-1.580000,264.779999,47.720001,79315.203125,40.05,96.62,4.528572,PM2.5,27883
3.220000,3.740000,1.440000,0.850000,0.150000,64.709999,5.950000,-1.720000,265.820007,44.990002,80701.460938,40.06,96.8,4.600000,PM2.5,27884
3.680000,4.560000,1.860000,1.470000,0.160000,63.630001,5.040000,-1.290000,266.230011,44.849998,81572.000000,40.07,96.97,5.257143,PM2.5,27885
5.570000,7.640000,3.300000,3.140000,0.180000,61.340000,4.130000,-2.020000,266.859985,41.700001,83211.820312,40.08,97.15,7.957143,PM2.5,27886
7.990000,13.660000,6.480000,5.200000,0.220000,59.360001,3.010000,-2.090000,267.239990,39.020000,84395.867188,40.09,97.32,13.660000,PM10,27887
7.590000,14.640000,7.110000,4.680000,0.230000,58.130001,2.170000,-1.830000,266.920013,38.369999,84440.609375,40.1,97.5,14.640000,PM10,27888
5.310000,10.080000,4.790000,2.930000,0.200000,56.740002,1.590000,-1.770000,267.209991,36.560001,85445.429688,40.11,97.68,10.080000,PM10,27889
4.550000,8.290000,4.130000,2.680000,0.200000,57.040001,1.560000,-1.390000,267.779999,35.240002,86783.976562,40.12,97.85,8.290000,PM10,27890
4.530000,8.100000,4.050000,3.000000,0.200000,57.200001,1.960000,-1.280000,268.119995,35.060001,87217.046875,40.13,98.03,8.100000,PM10,27891
4.790000,8.660000,4.270000,3.640000,0.210000,58.330002,2.180000,-1.740000,268.149994,34.610001,87319.101562,40.14,98.2,8.660000,PM10,27892
4.020000,7.110000,3.090000,2.640000,0.200000,57.900002,2.080000,-2.320000,268.390015,33.779999,87681.500000,40.15,98.38,7.110000,PM10,27893
3.350000,5.450000,1.860000,1.470000,0.190000,57.549999,1.710000,-2.310000,268.700012,32.840000,88134.976562,40.16,98.56,5.450000,PM10,27894
3.950000,6.250000,1.640000,1.610000,0.200000,57.169998,1.390000,-2.020000,268.989990,31.740000,88324.429688,40.16,98.73,6.250000,PM10,27895
4.270000,6.730000,1.620000,1.730000,0.210000,56.939999,1.030000,-1.940000,269.059998,30.900000,88352.312500,40.17,98.91,6.730000,PM10,27896
3.310000,5.100000,1.560000,1.240000,0.190000,54.919998,0.680000,-1.970000,268.989990,30.280001,88497.843750,40.18,99.08,5.100000,PM10,27897
2.740000,3.980000,1.640000,1.090000,0.180000,55.150002,0.530000,-1.760000,268.869995,30.000000,88690.343750,40.19,99.26,4.500000,CO,27898
2.520000,3.320000,1.590000,1.000000,0.180000,54.689999,0.700000,-1.590000,268.839996,29.840000,88815.867188,40.19,99.44,4.500000,CO,27899
2.480000,3.010000,1.570000,0.790000,0.170000,54.759998,1.080000,-1.340000,268.670013,29.830000,88651.929688,40.2,99.61,4.250000,CO,27900
2.350000,2.770000,1.670000,0.810000,0.170000,54.810001,1.450000,-1.940000,268.540009,29.959999,88389.140625,40.21,99.79,4.250000,CO,27901
2.220000,2.590000,1.770000,0.840000,0.170000,55.060001,1.700000,-2.640000,268.609985,30.490000,88392.023438,40.21,99.97,4.250000,CO,27902
5.910000,6.120000,1.640000,0.330000,0.160000,73.389999,0.040000,-1.390000,270.070007,36.910000,88526.890625,39.91,92.92,8.442857,PM2.5,28122
5.790000,6.000000,1.620000,0.340000,0.160000,72.519997,1.190000,-1.370000,270.059998,36.470001,88422.453125,39.93,93.1,8.271428,PM2.5,28123
5.460000,5.660000,1.580000,0.350000,0.160000,71.599998,2.150000,-1.190000,270.230011,35.509998,88525.656250,39.94,93.27,7.800000,PM2.5,28124
4.960000,5.170000,1.520000,0.370000,0.160000,70.720001,2.560000,-0.790000,270.369995,34.349998,88646.953125,39.96,93.45,7.085714,PM2.5,28125
4.510000,4.720000,1.470000,0.400000,0.160000,69.980003,2.640000,-0.400000,270.380005,33.299999,88543.078125,39.97,93.62,6.442857,PM2.5,28126
4.310000,4.530000,1.450000,0.400000,0.150000,69.730003,2.550000,-0.460000,270.410004,32.830002,88476.023438,39.99,93.8,6.157143,PM2.5,28127
4.420000,4.640000,1.440000,0.380000,0.150000,70.010002,2.280000,-0.700000,270.510010,32.889999,88745.507812,40.0,93.97,6.314286,PM2.5,28128
4.490000,4.720000,1.430000,0.420000,0.150000,70.150002,2.110000,-0.540000,270.179993,33.830002,88527.929688,40.02,94.15,6.414285,PM2.5,28129
4.280000,4.520000,1.480000,0.620000,0.160000,70.010002,2.410000,-0.100000,269.720001,35.130001,87907.296875,40.03,94.32,6.114286,PM2.5,28130
5.060000,5.460000,2.040000,1.410000,0.160000,69.279999,3.160000,0.350000,269.489990,35.230000,87322.882812,40.04,94.5,7.228571,PM2.5,28131
5.640000,6.210000,2.510000,2.010000,0.170000,67.339996,3.930000,0.720000,269.549988,34.470001,86949.656250,40.06,94.67,8.057142,PM2.5,28132
5.190000,5.690000,2.310000,1.790000,0.170000,67.879997,4.390000,0.930000,269.390015,34.119999,86438.351562,40.07,94.85,7.414286,PM2.5,28133
4.790000,5.230000,2.140000,1.590000,0.160000,67.849998,4.850000,0.820000,268.970001,34.419998,85584.210938,40.08,95.02,6.842857,PM2.5,28134
4.420000,4.820000,1.980000,1.380000,0.160000,67.540001,5.220000,0.320000,269.049988,33.730000,85470.953125,40.09,95.2,6.314286,PM2.5,28135
4.110000,4.480000,1.850000,1.190000,0.160000,67.059998,5.250000,-0.130000,269.320007,32.779999,85743.531250,40.11,95.38,5.871429,PM2.5,28136
3.840000,4.180000,1.720000,1.030000,0.160000,66.669998,5.100000,-0.170000,269.489990,32.270000,85993.742188,40.12,95.55,5.485714,PM2.5,28137
3.630000,3.950000,1.620000,0.910000,0.160000,66.370003,5.220000,-0.080000,269.109985,32.910000,85528.906250,40.13,95.73,5.185714,PM2.5,28138
3.480000,3.780000,1.540000,0.830000,0.150000,65.970001,5.630000,-0.070000,268.649994,33.779999,84867.250000,40.14,95.9,4.971428,PM2.5,28139
3.350000,3.640000,1.480000,0.770000,0.150000,65.269997,5.790000,0.050000,268.959991,33.439999,85218.609375,40.15,96.08,4.785714,PM2.5,28140
3.270000,3.640000,1.470000,0.720000,0.150000,64.830002,5.700000,0.240000,268.929993,33.970001,85199.570312,40.16,96.25,4.671429,PM2.5,28141
3.210000,3.600000,1.420000,0.680000,0.150000,64.620003,5.810000,0.210000,268.290009,35.709999,84354.210938,40.18,96.43,4.585714,PM2.5,28142
3.250000,3.700000,1.490000,0.810000,0.160000,64.120003,5.480000,-0.190000,267.519989,38.360001,83472.960938,40.19,96.61,4.642857,PM2.5,28143
3.530000,4.170000,1.760000,1.380000,0.160000,62.570000,4.410000,-0.510000,267.130005,40.220001,83408.039062,40.2,96.78,5.042857,PM2.5,28144
3.870000,4.780000,2.080000,1.790000,0.170000,60.919998,3.680000,-0.790000,267.359985,39.650002,84104.296875,40.21,96.96,5.528571,PM2.5,28145
4.460000,6.000000,2.620000,2.280000,0.180000,58.810001,2.940000,-1.300000,267.600006,37.770000,84830.000000,40.22,97.13,6.371428,PM2.5,28146
5.980000,10.220000,5.350000,3.640000,0.210000,56.700001,1.740000,-1.580000,267.619995,36.099998,85499.023438,40.23,97.31,10.220000,PM10,28147
4.980000,9.480000,4.690000,2.880000,0.200000,55.849998,0.800000,-1.540000,267.769989,35.459999,86229.953125,40.24,97.49,9.480000,PM10,28148
2.540000,4.190000,1.760000,0.980000,0.170000,55.730000,0.020000,-1.430000,268.140015,34.169998,87337.671875,40.25,97.66,4.250000,CO,28149
2.250000,3.550000,1.480000,0.890000,0.170000,57.549999,-0.180000,-1.580000,268.579987,33.110001,88375.117188,40.26,97.84,4.250000,CO,28150
2.300000,3.620000,1.480000,1.010000,0.170000,58.169998,0.020000,-1.960000,268.869995,32.799999,88740.218750,40.26,98.02,4.250000,CO,28151
2.390000,3.820000,1.500000,1.210000,0.170000,58.970001,0.290000,-2.390000,268.750000,32.869999,88457.882812,40.27,98.19,4.250000,CO,28152
2.170000,3.370000,1.190000,0.990000,0.170000,58.770000,0.640000,-3.050000,268.630005,32.529999,87999.203125,40.28,98.37,4.250000,CO,28153
2.130000,3.130000,1.110000,0.850000,0.170000,58.910000,0.690000,-3.290000,268.799988,31.920000,87890.312500,40.29,98.54,4.250000,CO,28154
2.420000,3.470000,1.190000,0.970000,0.180000,58.750000,0.670000,-3.190000,268.859985,31.209999,87841.179688,40.3,98.72,4.500000,CO,28155
2.490000,3.530000,1.240000,0.980000,0.180000,58.410000,0.680000,-3.170000,268.829987,30.580000,87759.976562,40.31,98.9,4.500000,CO,28156
2.120000,2.950000,1.250000,0.820000,0.170000,56.750000,0.730000,-3.120000,268.899994,29.690001,87936.203125,40.31,99.07,4.250000,CO,28157
1.930000,2.570000,1.290000,0.810000,0.170000,56.369999,0.700000,-3.190000,268.970001,28.940001,88228.328125,40.32,99.25,4.250000,CO,28158
1.870000,2.340000,1.310000,0.820000,0.170000,55.759998,0.980000,-3.160000,269.059998,28.410000,88592.406250,40.33,99.43,4.250000,CO,28159
2.130000,2.520000,1.360000,0.750000,0.170000,55.980000,1.180000,-2.990000,269.230011,28.379999,88955.367188,40.33,99.6,4.250000,CO,28160
2.180000,2.570000,1.590000,0.840000,0.170000,56.060001,1.110000,-3.220000,269.059998,28.750000,89126.656250,40.34,99.78,4.250000,CO,28161
2.110000,2.480000,1.720000,0.860000,0.170000,55.849998,1.370000,-3.480000,269.179993,29.840000,89128.617188,40.35,99.96,4.250000,CO,28162
2.020000,2.350000,1.930000,0.860000,0.170000,55.799999,1.850000,-3.580000,268.970001,30.520000,88797.976562,40.35,100.13,4.250000,CO,28163
5.970000,6.170000,1.640000,0.360000,0.160000,71.419998,-0.400000,-2.020000,271.739990,33.919998,91378.812500,40.05,92.9,8.528571,PM2.5,28385
5.950000,6.160000,1.640000,0.370000,0.160000,70.480003,0.710000,-2.070000,271.820007,33.700001,91478.367188,40.06,93.08,8.500000,PM2.5,28386
5.870000,6.080000,1.630000,0.380000,0.160000,69.769997,1.560000,-1.790000,271.809998,33.310001,91328.976562,40.08,93.25,8.385715,PM2.5,28387
5.660000,5.870000,1.600000,0.380000,0.160000,69.620003,2.000000,-1.310000,271.679993,32.820000,91106.179688,40.09,93.43,8.085714,PM2.5,28388
5.200000,5.410000,1.540000,0.390000,0.160000,69.029999,2.090000,-0.740000,271.540009,32.029999,90851.476562,40.11,93.6,7.428571,PM2.5,28389
4.930000,5.150000,1.500000,0.380000,0.160000,68.620003,1.730000,-0.530000,271.309998,31.660000,90444.390625,40.12,93.78,7.042857,PM2.5,28390
5.000000,5.220000,1.490000,0.360000,0.160000,68.709999,1.350000,-0.750000,270.980011,32.709999,89902.406250,40.14,93.95,7.142857,PM2.5,28391
4.810000,5.020000,1.440000,0.340000,0.160000,68.709999,1.410000,-1.000000,270.670013,35.299999,89348.773438,40.15,94.13,6.871428,PM2.5,28392
4.230000,4.440000,1.350000,0.350000,0.160000,68.790001,2.100000,-1.350000,270.579987,37.730000,89206.710938,40.16,94.31,6.042857,PM2.5,28393
4.490000,4.790000,1.630000,0.780000,0.160000,68.449997,3.260000,-0.930000,270.750000,36.750000,89396.882812,40.18,94.48,6.414285,PM2.5,28394
5.140000,5.630000,2.150000,1.550000,0.170000,66.879997,4.160000,-0.180000,271.029999,34.610001,89527.937500,40.19,94.66,7.342857,PM2.5,28395
4.750000,5.200000,2.010000,1.510000,0.170000,66.440002,4.560000,0.350000,271.279999,32.490002,89430.937500,40.2,94.83,6.785714,PM2.5,28396
4.490000,4.910000,1.940000,1.440000,0.170000,66.970001,4.870000,0.480000,271.299988,31.020000,89092.609375,40.22,95.01,6.414285,PM2.5,28397
4.170000,4.550000,1.820000,1.280000,0.160000,66.849998,5.150000,0.070000,271.109985,30.549999,88627.328125,40.23,95.18,5.957143,PM2.5,28398
3.900000,4.250000,1.710000,1.120000,0.160000,66.510002,5.200000,-0.360000,270.850006,30.459999,88165.750000,40.24,95.36,5.571429,PM2.5,28399
3.710000,4.050000,1.630000,1.000000,0.160000,66.139999,5.030000,-0.500000,270.649994,30.040001,87943.757812,40.25,95.54,5.300000,PM2.5,28400
3.550000,3.870000,1.560000,0.910000,0.160000,65.980003,4.890000,-0.290000,270.170013,30.420000,87339.148438,40.26,95.71,5.071428,PM2.5,28401
3.400000,3.720000,1.510000,0.860000,0.160000,65.510002,4.730000,-0.270000,269.760010,31.129999,86823.382812,40.28,95.89,4.857143,PM2.5,28402
3.150000,3.460000,1.420000,0.810000,0.160000,63.209999,4.330000,-0.500000,269.880005,31.000000,87037.203125,40.29,96.06,4.500000,PM2.5,28403
3.100000,3.500000,1.460000,0.860000,0.160000,61.639999,3.720000,-0.360000,269.820007,31.660000,86891.273438,40.3,96.24,4.428571,PM2.5,28404
3.130000,3.560000,1.450000,0.900000,0.160000,61.320000,3.070000,0.020000,269.220001,32.959999,86124.468750,40.31,96.42,4.471429,PM2.5,28405
3.150000,3.630000,1.470000,0.970000,0.160000,60.470001,2.600000,0.110000,268.410004,34.590000,85309.773438,40.32,96.59,4.500000,PM2.5,28406
3.280000,3.840000,1.530000,1.120000,0.160000,59.430000,2.610000,-0.030000,267.970001,36.259998,85033.812500,40.33,96.77,4.685714,PM2.5,28407
3.230000,3.900000,1.540000,1.110000,0.170000,58.020000,2.540000,-0.590000,268.160004,36.419998,85490.718750,40.34,96.94,4.614286,PM2.5,28408
3.250000,4.240000,1.660000,1.120000,0.170000,57.040001,1.630000,-1.160000,268.309998,35.529999,86121.117188,40.35,97.12,4.642857,PM2.5,28409
2.280000,3.230000,1.390000,0.670000,0.160000,56.840000,0.610000,-1.320000,268.290009,35.439999,86750.023438,40.36,97.3,4.000000,CO,28410
1.900000,2.770000,1.170000,0.440000,0.160000,56.349998,-0.040000,-1.730000,268.649994,35.380001,87552.898438,40.37,97.47,4.000000,CO,28411
1.770000,2.630000,1.110000,0.380000,0.160000,56.340000,-1.080000,-2.170000,268.989990,34.200001,88202.320312,40.38,97.65,4.000000,CO,28412
1.650000,2.370000,1.040000,0.370000,0.160000,59.020000,-1.620000,-2.810000,268.920013,33.630001,88441.312500,40.39,97.83,4.000000,CO,28413
1.660000,2.390000,1.010000,0.450000,0.160000,60.020000,-1.310000,-3.500000,268.859985,33.049999,88353.343750,40.4,98.0,4.000000,CO,28414
1.690000,2.460000,1.000000,0.570000,0.160000,60.209999,-0.800000,-3.810000,268.630005,33.029999,87932.921875,40.41,98.18,4.000000,CO,28415
1.730000,2.510000,1.020000,0.660000,0.170000,59.799999,-0.280000,-4.280000,268.170013,33.660000,87159.937500,40.42,98.36,4.250000,CO,28416
1.730000,2.400000,1.050000,0.670000,0.160000,60.119999,0.120000,-4.690000,267.670013,34.340000,86410.187500,40.42,98.53,4.000000,CO,28417
1.710000,2.280000,1.080000,0.670000,0.160000,59.930000,0.560000,-4.810000,267.390015,34.410000,85895.226562,40.43,98.71,4.000000,CO,28418
1.680000,2.190000,1.120000,0.640000,0.160000,59.970001,0.960000,-4.780000,267.279999,34.200001,85689.640625,40.44,98.89,4.000000,CO,28419
1.600000,2.060000,1.140000,0.580000,0.160000,58.340000,1.260000,-4.620000,267.529999,33.299999,86057.976562,40.45,99.06,4.000000,CO,28420
1.610000,2.010000,1.200000,0.630000,0.160000,58.400002,1.460000,-4.600000,267.820007,32.070000,86671.546875,40.46,99.24,4.000000,CO,28421
1.570000,1.900000,1.230000,0.690000,0.170000,57.430000,1.630000,-4.560000,268.260010,30.610001,87417.890625,40.46,99.42,4.250000,CO,28422
1.750000,2.040000,1.290000,0.630000,0.170000,57.400002,1.720000,-4.650000,268.839996,29.330000,88461.882812,40.47,99.59,4.250000,CO,28423
1.790000,2.090000,1.420000,0.700000,0.170000,57.290001,1.800000,-4.530000,269.109985,29.070000,89185.890625,40.48,99.77,4.250000,CO,28424
1.820000,2.130000,1.580000,0.760000,0.170000,57.220001,1.990000,-4.330000,269.160004,29.750000,89317.320312,40.48,99.95,4.250000,CO,28425
2.040000,2.370000,2.010000,0.920000,0.170000,56.830002,2.300000,-4.110000,269.149994,30.260000,89325.187500,40.49,100.13,4.250000,CO,28426
5.690000,5.890000,1.620000,0.370000,0.160000,69.830002,-1.520000,-2.890000,272.540009,32.040001,92435.500000,40.18,92.88,8.128572,PM2.5,28647
5.610000,5.820000,1.620000,0.390000,0.160000,69.209999,-0.770000,-3.190000,272.529999,32.380001,92402.429688,40.2,93.06,8.014286,PM2.5,28648
5.540000,5.750000,1.600000,0.410000,0.160000,68.459999,-0.300000,-2.910000,272.359985,32.580002,91967.718750,40.21,93.23,7.914286,PM2.5,28649
5.620000,5.830000,1.620000,0.430000,0.160000,68.949997,-0.010000,-2.070000,272.000000,32.840000,91510.320312,40.23,93.41,8.028571,PM2.5,28650
5.550000,5.760000,1.600000,0.440000,0.160000,68.589996,0.210000,-1.160000,271.750000,32.500000,91192.109375,40.24,93.58,7.928572,PM2.5,28651
5.510000,5.730000,1.580000,0.400000,0.160000,67.599998,0.140000,-0.660000,271.600006,32.630001,90900.562500,40.26,93.76,7.871429,PM2.5,28652
5.440000,5.650000,1.550000,0.380000,0.160000,66.820000,0.250000,-1.040000,271.459991,34.830002,90540.156250,40.27,93.94,7.771429,PM2.5,28653
4.770000,4.970000,1.450000,0.330000,0.160000,66.889999,0.650000,-1.990000,271.299988,37.130001,90208.140625,40.28,94.11,6.814286,PM2.5,28654
3.950000,4.140000,1.320000,0.310000,0.160000,67.610001,1.360000,-3.080000,271.260010,38.750000,90032.046875,40.3,94.29,5.642857,PM2.5,28655
3.530000,3.740000,1.300000,0.410000,0.160000,67.919998,2.400000,-2.820000,271.420013,38.310001,90140.171875,40.31,94.46,5.042857,PM2.5,28656
3.580000,3.870000,1.430000,0.710000,0.160000,66.989998,3.450000,-1.640000,271.640015,35.950001,90383.820312,40.32,94.64,5.114285,PM2.5,28657
3.680000,4.000000,1.520000,0.930000,0.160000,66.860001,4.100000,-0.560000,271.799988,33.090000,90557.539062,40.34,94.82,5.257143,PM2.5,28658
3.690000,4.020000,1.570000,1.020000,0.160000,66.669998,4.160000,-0.170000,271.829987,31.059999,90513.421875,40.35,94.99,5.271429,PM2.5,28659
3.410000,3.720000,1.480000,0.910000,0.160000,65.860001,4.080000,-0.400000,271.640015,30.010000,90043.632812,40.36,95.17,4.871428,PM2.5,28660
3.140000,3.420000,1.390000,0.900000,0.160000,64.610001,3.840000,-0.690000,271.339996,29.770000,89536.429688,40.37,95.34,4.485714,PM2.5,28661
3.080000,3.380000,1.350000,0.910000,0.160000,61.830002,3.130000,-0.800000,271.079987,30.080000,89275.578125,40.39,95.52,4.400000,PM2.5,28662
2.920000,3.220000,1.300000,0.870000,0.160000,59.860001,2.190000,-0.520000,270.809998,30.400000,88758.843750,40.4,95.7,4.171429,PM2.5,28663
2.820000,3.110000,1.270000,0.860000,0.160000,58.939999,1.570000,-0.560000,270.269989,31.580000,88020.671875,40.41,95.87,4.028571,PM2.5,28664
2.670000,2.960000,1.200000,0.820000,0.160000,58.020000,1.360000,-0.790000,269.850006,32.340000,87623.140625,40.42,96.05,4.000000,CO,28665
2.520000,2.840000,1.150000,0.790000,0.160000,57.459999,1.210000,-0.720000,269.690002,32.639999,87457.671875,40.43,96.23,4.000000,CO,28666
2.450000,2.780000,1.130000,0.790000,0.160000,57.230000,1.180000,-0.460000,269.339996,33.369999,87037.171875,40.44,96.4,4.000000,CO,28667
2.450000,2.800000,1.130000,0.770000,0.160000,57.750000,1.440000,-0.310000,268.790009,34.830002,86493.453125,40.45,96.58,4.000000,CO,28668
2.380000,2.750000,1.110000,0.760000,0.160000,57.619999,1.700000,-0.500000,268.510010,35.880001,86247.132812,40.47,96.75,4.000000,CO,28669
2.200000,2.590000,1.100000,0.680000,0.160000,57.820000,1.440000,-1.210000,268.480011,36.959999,86307.773438,40.48,96.93,4.000000,CO,28670
2.220000,2.780000,1.230000,0.640000,0.160000,57.410000,0.900000,-1.930000,268.390015,38.130001,86434.953125,40.49,97.11,4.000000,CO,28671
1.660000,2.130000,1.060000,0.400000,0.160000,56.820000,0.480000,-2.470000,268.429993,39.310001,86637.882812,40.5,97.28,4.000000,CO,28672
1.560000,2.040000,1.050000,0.360000,0.160000,57.040001,-0.110000,-3.130000,268.500000,38.869999,86964.523438,40.51,97.46,4.000000,CO,28673
1.520000,2.030000,1.050000,0.330000,0.160000,58.000000,-1.050000,-3.840000,268.450012,36.939999,87267.960938,40.51,97.64,4.000000,CO,28674
1.480000,1.980000,1.020000,0.320000,0.160000,59.820000,-1.720000,-4.340000,268.260010,35.349998,87502.406250,40.52,97.82,4.000000,CO,28675
1.520000,2.040000,1.020000,0.350000,0.160000,60.919998,-1.750000,-4.650000,267.880005,35.080002,87204.968750,40.53,97.99,4.000000,CO,28676
1.550000,2.070000,1.010000,0.400000,0.160000,61.110001,-1.330000,-4.800000,267.320007,35.889999,86465.343750,40.54,98.17,4.000000,CO,28677
1.540000,2.030000,1.010000,0.420000,0.160000,60.540001,-0.890000,-5.080000,266.760010,36.810001,85761.929688,40.55,98.35,4.000000,CO,28678
1.590000,2.040000,1.040000,0.540000,0.160000,60.830002,-0.330000,-5.340000,265.970001,38.119999,84827.593750,40.56,98.52,4.000000,CO,28679
1.610000,2.050000,1.080000,0.600000,0.160000,60.459999,0.520000,-5.390000,265.279999,39.150002,83908.726562,40.57,98.7,4.000000,CO,28680
1.630000,2.040000,1.130000,0.570000,0.160000,60.860001,1.390000,-5.360000,265.010010,39.259998,83589.890625,40.57,98.88,4.000000,CO,28681
1.570000,1.930000,1.150000,0.470000,0.160000,60.360001,2.130000,-5.280000,265.480011,37.700001,84168.109375,40.58,99.05,4.000000,CO,28682
1.510000,1.820000,1.180000,0.510000,0.160000,59.750000,2.450000,-5.050000,266.390015,35.369999,85301.468750,40.59,99.23,4.000000,CO,28683
1.420000,1.690000,1.180000,0.580000,0.160000,58.119999,2.480000,-5.050000,267.269989,33.259998,86451.882812,40.6,99.41,4.000000,CO,28684
1.390000,1.620000,1.230000,0.520000,0.160000,58.369999,2.550000,-5.150000,268.130005,31.410000,87695.789062,40.6,99.59,4.000000,CO,28685
1.500000,1.730000,1.310000,0.580000,0.170000,58.230000,2.590000,-5.050000,268.809998,30.299999,88850.953125,40.61,99.76,4.250000,CO,28686
1.590000,1.850000,1.460000,0.660000,0.170000,58.189999,2.570000,-4.840000,268.950012,30.379999,89419.507812,40.62,99.94,4.250000,CO,28687
2.050000,2.370000,2.060000,0.930000,0.170000,57.810001,2.650000,-4.690000,269.070007,30.940001,89589.226562,40.62,100.12,4.250000,CO,28688
5.100000,5.300000,1.590000,0.400000,0.160000,69.919998,-1.670000,-3.710000,272.940002,30.590000,92795.656250,40.33,93.04,7.285714,PM2.5,28912
5.110000,5.310000,1.590000,0.430000,0.160000,69.730003,-1.270000,-3.680000,272.769989,31.309999,92368.312500,40.35,93.21,7.300000,PM2.5,28913
5.160000,5.360000,1.590000,0.450000,0.160000,69.639999,-1.130000,-3.230000,272.459991,32.070000,91693.679688,40.36,93.39,7.371428,PM2.5,28914
5.190000,5.390000,1.580000,0.470000,0.160000,69.459999,-1.020000,-2.780000,272.200012,32.740002,91175.656250,40.38,93.57,7.414286,PM2.5,28915
5.200000,5.410000,1.570000,0.420000,0.160000,68.570000,-0.800000,-2.700000,272.019989,33.419998,90792.718750,40.39,93.74,7.428571,PM2.5,28916
5.010000,5.210000,1.530000,0.390000,0.160000,67.669998,-0.510000,-3.480000,271.929993,34.560001,90551.578125,40.4,93.92,7.157143,PM2.5,28917
4.430000,4.630000,1.430000,0.340000,0.160000,67.019997,-0.200000,-4.760000,271.899994,36.020000,90482.453125,40.42,94.09,6.328571,PM2.5,28918
3.720000,3.910000,1.310000,0.310000,0.160000,67.760002,0.450000,-5.510000,271.820007,38.099998,90491.539062,40.43,94.27,5.314286,PM2.5,28919
3.000000,3.180000,1.180000,0.310000,0.160000,68.099998,1.120000,-4.800000,272.029999,38.540001,90544.578125,40.45,94.45,4.285714,PM2.5,28920
2.550000,2.750000,1.120000,0.410000,0.160000,69.059998,1.340000,-2.990000,272.089996,36.439999,90530.882812,40.46,94.62,4.000000,CO,28921
2.530000,2.760000,1.170000,0.670000,0.160000,67.809998,1.580000,-1.350000,271.829987,32.959999,90441.906250,40.47,94.8,4.000000,CO,28922
2.650000,2.900000,1.240000,0.830000,0.160000,65.650002,1.800000,-0.610000,271.690002,31.660000,90286.992188,40.48,94.97,4.000000,CO,28923
2.480000,2.720000,1.190000,0.880000,0.160000,63.049999,1.740000,-0.630000,271.549988,31.309999,90052.718750,40.5,95.15,4.000000,CO,28924
2.360000,2.610000,1.160000,0.920000,0.160000,60.939999,1.300000,-0.730000,271.420013,31.309999,89820.617188,40.51,95.33,4.000000,CO,28925
2.290000,2.540000,1.130000,0.970000,0.160000,59.450001,0.890000,-0.660000,271.179993,32.240002,89576.929688,40.52,95.5,4.000000,CO,28926
2.200000,2.450000,1.130000,1.000000,0.160000,59.020000,0.610000,-0.620000,270.980011,33.330002,89200.273438,40.53,95.68,4.000000,CO,28927
2.210000,2.470000,1.160000,1.050000,0.160000,59.160000,0.390000,-0.720000,270.410004,34.660000,88552.406250,40.54,95.86,4.000000,CO,28928
1.940000,2.150000,1.010000,0.930000,0.160000,58.900002,0.320000,-0.770000,269.790009,35.990002,87900.882812,40.56,96.03,4.000000,CO,28929
1.780000,2.010000,0.940000,0.880000,0.160000,58.709999,0.280000,-0.810000,269.369995,36.779999,87521.226562,40.57,96.21,4.000000,CO,28930
1.710000,1.930000,0.900000,0.850000,0.160000,57.810001,0.400000,-0.900000,269.059998,37.660000,87087.148438,40.58,96.39,4.000000,CO,28931
1.780000,2.010000,0.900000,0.810000,0.160000,57.759998,0.540000,-1.030000,268.649994,38.939999,86584.578125,40.59,96.56,4.000000,CO,28932
1.760000,2.010000,0.920000,0.730000,0.160000,58.750000,0.520000,-1.410000,268.320007,40.169998,86237.023438,40.6,96.74,4.000000,CO,28933
1.680000,1.940000,0.940000,0.630000,0.160000,58.680000,0.430000,-1.960000,268.010010,42.220001,85834.382812,40.61,96.92,4.000000,CO,28934
1.530000,1.790000,0.960000,0.430000,0.150000,58.750000,0.410000,-2.600000,267.500000,44.779999,85305.617188,40.62,97.09,3.750000,CO,28935
1.510000,1.780000,1.000000,0.370000,0.160000,58.389999,0.320000,-3.300000,266.970001,46.360001,84896.960938,40.63,97.27,4.000000,CO,28936
1.490000,1.790000,1.020000,0.330000,0.160000,57.910000,-0.020000,-3.970000,266.720001,44.700001,84923.773438,40.64,97.45,4.000000,CO,28937
1.470000,1.790000,1.020000,0.300000,0.160000,59.000000,-0.620000,-4.570000,266.660004,41.610001,85293.062500,40.65,97.63,4.000000,CO,28938
1.480000,1.820000,1.040000,0.300000,0.160000,60.790001,-1.180000,-4.970000,266.630005,38.959999,85705.726562,40.66,97.8,4.000000,CO,28939
1.510000,1.870000,1.050000,0.310000,0.160000,61.970001,-1.420000,-5.100000,266.429993,38.590000,85796.898438,40.67,97.98,4.000000,CO,28940
1.520000,1.890000,1.060000,0.330000,0.160000,62.430000,-1.270000,-5.140000,265.940002,39.490002,85281.867188,40.68,98.16,4.000000,CO,28941
1.490000,1.840000,1.040000,0.340000,0.160000,61.160000,-0.770000,-5.330000,265.429993,40.459999,84658.828125,40.68,98.33,4.000000,CO,28942
1.540000,1.830000,1.140000,0.490000,0.160000,61.320000,1.890000,-4.790000,264.380005,40.849998,83661.781250,40.71,98.87,4.000000,CO,28945
1.460000,1.690000,1.170000,0.460000,0.160000,60.830002,3.140000,-4.850000,265.489990,37.520000,84579.679688,40.72,99.22,4.000000,CO,28947
1.400000,1.610000,1.190000,0.540000,0.160000,60.240002,3.000000,-4.980000,266.480011,35.230000,85853.703125,40.73,99.4,4.000000,CO,28948
1.350000,1.550000,1.210000,0.490000,0.160000,59.700001,3.150000,-5.270000,267.220001,34.099998,86894.578125,40.74,99.58,4.000000,CO,28949
1.390000,1.600000,1.270000,0.510000,0.160000,59.509998,3.300000,-5.480000,268.179993,32.700001,88256.882812,40.75,99.75,4.000000,CO,28950
1.430000,1.650000,1.390000,0.560000,0.170000,59.330002,3.120000,-5.480000,268.980011,31.730000,89511.312500,40.75,99.93,4.250000,CO,28951
1.650000,1.930000,1.970000,0.870000,0.170000,58.799999,2.950000,-5.480000,269.019989,31.280001,89810.539062,40.76,100.11,4.250000,CO,28952
4.920000,5.110000,1.580000,0.400000,0.160000,71.230003,-2.600000,-4.890000,273.119995,29.340000,92866.171875,40.47,93.02,7.028572,PM2.5,29177
4.970000,5.160000,1.590000,0.410000,0.160000,70.760002,-2.510000,-5.380000,272.790009,30.240000,92255.453125,40.48,93.19,7.100000,PM2.5,29178
5.040000,5.230000,1.590000,0.420000,0.160000,70.349998,-2.580000,-5.430000,272.190002,31.350000,91156.117188,40.49,93.37,7.200000,PM2.5,29179
5.100000,5.300000,1.580000,0.420000,0.160000,69.980003,-2.490000,-5.520000,271.519989,33.040001,89995.718750,40.51,93.55,7.285714,PM2.5,29180
5.150000,5.350000,1.570000,0.400000,0.160000,69.139999,-1.900000,-5.910000,270.890015,34.610001,88979.250000,40.52,93.72,7.357143,PM2.5,29181
5.100000,5.300000,1.550000,0.380000,0.160000,67.959999,-0.930000,-6.590000,270.619995,35.700001,88647.343750,40.54,93.9,7.285714,PM2.5,29182
4.680000,4.870000,1.470000,0.350000,0.160000,68.040001,-0.040000,-7.380000,270.720001,36.830002,89099.000000,40.55,94.08,6.685714,PM2.5,29183
3.870000,4.050000,1.330000,0.320000,0.160000,68.160004,0.760000,-7.410000,270.989990,38.939999,89611.070312,40.57,94.25,5.528571,PM2.5,29184
2.990000,3.170000,1.180000,0.300000,0.160000,68.400002,1.080000,-6.350000,271.429993,41.070000,89675.843750,40.58,94.43,4.271429,PM2.5,29185
2.270000,2.450000,1.080000,0.360000,0.150000,69.790001,0.620000,-4.400000,271.769989,40.290001,89554.296875,40.59,94.6,3.750000,CO,29186
2.100000,2.300000,1.080000,0.540000,0.150000,69.099998,0.220000,-2.450000,271.709991,36.869999,89595.273438,40.61,94.78,3.750000,CO,29187
2.120000,2.330000,1.100000,0.730000,0.160000,66.720001,0.190000,-1.170000,271.589996,34.150002,89713.718750,40.62,94.96,4.000000,CO,29188
2.090000,2.320000,1.120000,0.890000,0.160000,64.750000,0.090000,-0.730000,271.459991,33.549999,89606.171875,40.63,95.13,4.000000,CO,29189
2.000000,2.230000,1.120000,0.910000,0.160000,63.669998,0.070000,-0.630000,271.170013,34.400002,89225.437500,40.64,95.31,4.000000,CO,29190
1.970000,2.210000,1.130000,0.950000,0.160000,63.240002,0.110000,-0.750000,270.790009,36.119999,88782.710938,40.66,95.49,4.000000,CO,29191
2.000000,2.240000,1.150000,1.000000,0.160000,62.779999,-0.000000,-1.160000,270.380005,38.130001,88303.843750,40.67,95.67,4.000000,CO,29192
1.990000,2.240000,1.150000,0.980000,0.160000,62.139999,-0.030000,-1.480000,269.779999,40.189999,87647.421875,40.68,95.84,4.000000,CO,29193
1.740000,1.940000,1.000000,0.820000,0.150000,61.669998,0.120000,-1.520000,269.170013,41.840000,86937.593750,40.69,96.02,3.750000,CO,29194
1.580000,1.770000,0.910000,0.740000,0.150000,61.060001,0.180000,-1.600000,268.700012,43.090000,86374.976562,40.7,96.2,3.750000,CO,29195
1.540000,1.730000,0.880000,0.740000,0.150000,60.360001,0.120000,-1.630000,268.230011,44.180000,85857.132812,40.71,96.37,3.750000,CO,29196
1.630000,1.820000,0.880000,0.720000,0.150000,60.160000,-0.050000,-1.830000,267.779999,45.150002,85420.203125,40.72,96.55,3.750000,CO,29197
1.620000,1.820000,0.890000,0.660000,0.150000,60.130001,-0.240000,-2.120000,267.279999,46.330002,84965.976562,40.73,96.73,3.750000,CO,29198
1.580000,1.780000,0.910000,0.590000,0.150000,60.119999,-0.310000,-2.330000,266.589996,48.480000,84235.921875,40.74,96.9,3.750000,CO,29199
1.500000,1.700000,0.930000,0.410000,0.150000,60.110001,-0.260000,-2.640000,265.850006,50.599998,83657.968750,40.75,97.08,3.750000,CO,29200
1.520000,1.720000,0.980000,0.350000,0.150000,59.869999,-0.180000,-3.070000,265.399994,51.040001,83457.812500,40.76,97.26,3.750000,CO,29201
1.520000,1.720000,1.010000,0.320000,0.160000,59.779999,-0.100000,-3.670000,265.320007,48.889999,83673.898438,40.77,97.44,4.000000,CO,29202
1.490000,1.710000,1.020000,0.300000,0.160000,60.680000,-0.280000,-3.980000,265.529999,45.369999,84295.648438,40.78,97.61,4.000000,CO,29203
1.480000,1.720000,1.050000,0.290000,0.160000,61.830002,-0.580000,-4.270000,265.670013,42.000000,84916.812500,40.79,97.79,4.000000,CO,29204
1.490000,1.740000,1.070000,0.290000,0.160000,63.070000,-0.750000,-4.850000,265.679993,41.549999,85247.796875,40.8,97.97,4.000000,CO,29205
1.490000,1.750000,1.090000,0.300000,0.160000,63.599998,-0.730000,-5.150000,265.350006,42.250000,85029.250000,40.81,98.15,4.000000,CO,29206
1.480000,1.720000,1.090000,0.300000,0.160000,63.470001,-0.090000,-5.100000,264.920013,43.180000,84674.007812,40.82,98.32,4.000000,CO,29207
1.300000,1.480000,1.240000,0.450000,0.160000,60.619999,3.580000,-5.510000,267.619995,35.310001,87870.609375,40.88,99.75,4.000000,CO,29215
1.330000,1.520000,1.330000,0.480000,0.170000,60.410000,3.500000,-5.930000,268.440002,33.630001,89060.226562,40.89,99.92,4.250000,CO,29216
5.290000,5.480000,1.600000,0.400000,0.160000,70.410004,-2.900000,-7.250000,269.890015,35.619999,88540.250000,40.64,93.53,7.557143,PM2.5,29449
5.430000,5.630000,1.590000,0.400000,0.160000,69.000000,-2.220000,-7.200000,268.380005,39.490002,86646.656250,40.66,93.7,7.757143,PM2.5,29450
5.500000,5.700000,1.580000,0.390000,0.160000,67.339996,-0.720000,-7.380000,267.519989,42.410000,85685.937500,40.67,93.88,7.857143,PM2.5,29451
5.090000,5.290000,1.510000,0.360000,0.160000,67.320000,0.690000,-7.660000,267.850006,43.049999,86371.140625,40.69,94.06,7.271429,PM2.5,29452
4.180000,4.370000,1.360000,0.330000,0.160000,67.860001,1.400000,-7.570000,268.579987,44.240002,87193.273438,40.7,94.23,5.971428,PM2.5,29453
3.200000,3.380000,1.200000,0.300000,0.160000,68.660004,1.440000,-6.840000,269.179993,47.090000,87161.710938,40.71,94.41,4.571429,PM2.5,29454
2.420000,2.600000,1.080000,0.310000,0.150000,70.570000,1.040000,-5.600000,269.799988,46.860001,87009.703125,40.73,94.59,3.750000,CO,29455
2.100000,2.280000,1.050000,0.410000,0.150000,71.790001,0.610000,-4.080000,270.230011,44.029999,87231.687500,40.74,94.76,3.750000,CO,29456
2.010000,2.210000,1.070000,0.580000,0.150000,71.050003,0.450000,-2.580000,270.570007,39.549999,87677.406250,40.75,94.94,3.750000,CO,29457
1.980000,2.190000,1.110000,0.770000,0.160000,70.160004,0.490000,-1.690000,270.559998,39.029999,87843.453125,40.76,95.12,4.000000,CO,29458
1.980000,2.200000,1.170000,0.860000,0.160000,69.699997,0.500000,-1.400000,270.200012,39.619999,87495.203125,40.78,95.3,4.000000,CO,29459
1.970000,2.200000,1.230000,0.920000,0.160000,68.910004,0.450000,-1.600000,269.779999,40.820000,87006.226562,40.79,95.47,4.000000,CO,29460
1.880000,2.110000,1.240000,0.920000,0.160000,67.110001,0.190000,-2.060000,269.279999,43.189999,86515.882812,40.8,95.65,4.000000,CO,29461
1.730000,1.940000,1.090000,0.780000,0.150000,65.760002,-0.010000,-2.560000,268.489990,46.770000,85824.703125,40.81,95.83,3.750000,CO,29462
1.570000,1.740000,0.960000,0.630000,0.150000,64.760002,0.060000,-2.600000,267.760010,49.459999,85099.093750,40.82,96.0,3.750000,CO,29463
1.470000,1.630000,0.910000,0.550000,0.150000,63.709999,0.150000,-2.640000,267.239990,51.369999,84607.593750,40.84,96.18,3.750000,CO,29464
1.420000,1.580000,0.870000,0.510000,0.150000,62.130001,0.070000,-2.700000,266.859985,52.470001,84207.789062,40.85,96.36,3.750000,CO,29465
1.470000,1.630000,0.890000,0.530000,0.150000,61.959999,-0.270000,-2.690000,266.359985,52.970001,83836.921875,40.86,96.54,3.750000,CO,29466
1.500000,1.660000,0.920000,0.540000,0.150000,62.349998,-0.570000,-2.910000,265.779999,54.150002,83436.140625,40.87,96.71,3.750000,CO,29467
1.530000,1.690000,0.950000,0.530000,0.150000,62.470001,-0.400000,-2.930000,265.079987,55.610001,82764.593750,40.88,96.89,3.750000,CO,29468
1.540000,1.700000,0.980000,0.420000,0.150000,62.950001,0.070000,-3.020000,264.619995,55.400002,82411.140625,40.89,97.07,3.750000,CO,29469
1.550000,1.720000,1.010000,0.360000,0.160000,62.720001,0.410000,-3.370000,264.769989,52.119999,82840.671875,40.9,97.25,4.000000,CO,29470
1.540000,1.710000,1.030000,0.330000,0.160000,62.500000,0.680000,-3.740000,265.130005,50.279999,83625.703125,40.91,97.42,4.000000,CO,29471
1.500000,1.680000,1.050000,0.310000,0.160000,63.080002,0.500000,-3.520000,265.640015,46.099998,84610.578125,40.92,97.6,4.000000,CO,29472
1.470000,1.650000,1.070000,0.290000,0.160000,63.959999,-0.090000,-3.570000,266.000000,41.919998,85561.312500,40.93,97.78,4.000000,CO,29473
1.460000,1.650000,1.090000,0.280000,0.160000,64.589996,-0.360000,-4.510000,265.690002,42.689999,85578.421875,40.94,97.96,4.000000,CO,29474
1.460000,1.650000,1.100000,0.280000,0.160000,64.800003,0.050000,-4.980000,265.209991,44.090000,85228.312500,40.95,98.13,4.000000,CO,29475
5.870000,6.070000,1.600000,0.400000,0.160000,66.709999,0.120000,-6.340000,265.890015,47.340000,84651.828125,40.81,93.86,8.385715,PM2.5,29722
5.520000,5.720000,1.550000,0.390000,0.160000,65.860001,1.430000,-6.090000,266.260010,47.880001,85347.476562,40.82,94.04,7.885714,PM2.5,29723
4.550000,4.740000,1.390000,0.340000,0.160000,66.489998,1.810000,-6.050000,266.640015,49.529999,85576.757812,40.83,94.22,6.500000,PM2.5,29724
3.490000,3.670000,1.220000,0.300000,0.160000,68.160004,1.500000,-5.960000,266.670013,53.650002,84543.351562,40.85,94.39,4.985714,PM2.5,29725
2.670000,2.840000,1.090000,0.280000,0.150000,71.029999,1.290000,-5.650000,266.920013,56.630001,83861.898438,40.86,94.57,3.814286,PM2.5,29726
2.230000,2.410000,1.030000,0.310000,0.150000,72.540001,1.400000,-4.980000,267.329987,56.040001,83858.820312,40.87,94.75,3.750000,CO,29727
2.030000,2.220000,1.040000,0.410000,0.150000,73.250000,1.440000,-4.140000,267.910004,50.599998,84229.812500,40.89,94.92,3.750000,CO,29728
2.010000,2.210000,1.080000,0.600000,0.150000,72.769997,1.360000,-3.470000,268.359985,47.119999,84755.203125,40.9,95.1,3.750000,CO,29729
2.190000,2.440000,1.230000,0.900000,0.160000,72.400002,1.350000,-3.130000,268.390015,46.470001,84962.898438,40.91,95.28,4.000000,CO,29730
2.300000,2.580000,1.450000,1.100000,0.160000,71.849998,1.320000,-2.900000,268.089996,47.610001,84755.593750,40.92,95.46,4.000000,CO,29731
2.200000,2.490000,1.670000,1.170000,0.160000,70.180000,1.020000,-2.820000,267.619995,50.380001,84402.679688,40.94,95.63,4.000000,CO,29732
1.770000,1.970000,1.180000,0.750000,0.150000,68.639999,0.570000,-3.070000,266.920013,55.070000,84080.726562,40.95,95.81,3.750000,CO,29733
1.580000,1.750000,0.990000,0.600000,0.150000,67.160004,0.030000,-3.010000,266.309998,58.000000,83695.992188,40.96,95.99,3.750000,CO,29734
1.550000,1.710000,0.960000,0.550000,0.150000,65.480003,-0.510000,-3.330000,265.739990,60.389999,83268.351562,40.97,96.17,3.750000,CO,29735
1.580000,1.730000,0.950000,0.500000,0.150000,64.680000,-0.420000,-3.610000,265.109985,62.029999,82616.968750,40.98,96.34,3.750000,CO,29736
1.580000,1.730000,0.940000,0.500000,0.150000,62.970001,-0.130000,-3.700000,264.510010,62.689999,81929.429688,40.99,96.52,3.750000,CO,29737
1.620000,1.770000,0.990000,0.540000,0.160000,63.630001,-0.060000,-3.940000,264.000000,63.070000,81701.421875,41.0,96.7,4.000000,CO,29738
1.620000,1.780000,1.020000,0.580000,0.160000,63.889999,0.180000,-3.840000,263.579987,62.119999,81419.507812,41.01,96.88,4.000000,CO,29739
1.600000,1.760000,1.040000,0.460000,0.160000,64.760002,0.720000,-3.850000,263.329987,59.759998,81280.882812,41.02,97.06,4.000000,CO,29740
1.580000,1.740000,1.050000,0.380000,0.160000,64.970001,1.340000,-4.120000,263.799988,56.130001,82137.710938,41.03,97.23,4.000000,CO,29741
1.550000,1.710000,1.060000,0.350000,0.160000,64.709999,1.700000,-4.090000,264.769989,52.080002,83533.906250,41.04,97.41,4.000000,CO,29742
1.510000,1.670000,1.080000,0.320000,0.160000,65.070000,1.420000,-3.780000,265.679993,46.970001,84797.343750,41.05,97.59,4.000000,CO,29743
1.480000,1.640000,1.100000,0.300000,0.160000,65.879997,0.730000,-3.920000,266.140015,42.560001,85786.843750,41.06,97.77,4.000000,CO,29744
1.460000,1.620000,1.120000,0.290000,0.160000,66.309998,0.460000,-4.770000,265.940002,43.029999,86065.632812,41.07,97.95,4.000000,CO,29745
5.860000,6.060000,1.580000,0.410000,0.160000,65.750000,2.080000,-4.310000,267.440002,44.959999,87343.226562,40.95,94.02,8.371428,PM2.5,29996
4.920000,5.110000,1.420000,0.360000,0.160000,66.110001,1.830000,-4.090000,266.859985,48.980000,86352.656250,40.97,94.2,7.028572,PM2.5,29997
3.770000,3.950000,1.240000,0.310000,0.160000,68.720001,1.400000,-4.090000,265.579987,57.380001,83730.757812,40.98,94.38,5.385714,PM2.5,29998
2.900000,3.080000,1.110000,0.290000,0.150000,71.150002,1.480000,-4.370000,264.950012,62.380001,82038.242188,40.99,94.55,4.142857,PM2.5,29999
2.420000,2.590000,1.040000,0.300000,0.150000,73.129997,1.910000,-4.360000,264.829987,64.599998,81362.570312,41.01,94.73,3.750000,CO,30000
2.190000,2.370000,1.020000,0.350000,0.150000,73.760002,2.240000,-4.220000,264.929993,64.510002,81119.609375,41.02,94.91,3.750000,CO,30001
2.140000,2.330000,1.050000,0.480000,0.150000,73.699997,2.250000,-4.000000,265.470001,62.130001,81650.882812,41.03,95.08,3.750000,CO,30002
2.500000,2.770000,1.280000,0.980000,0.160000,73.019997,2.070000,-3.850000,265.929993,60.220001,82437.679688,41.05,95.26,4.000000,CO,30003
2.960000,3.340000,1.800000,1.540000,0.160000,72.300003,1.960000,-3.430000,265.839996,58.830002,82500.507812,41.06,95.44,4.228571,PM2.5,30004
3.140000,3.620000,2.780000,2.120000,0.170000,70.430000,1.820000,-3.040000,265.480011,60.029999,82187.750000,41.07,95.62,4.485714,PM2.5,30005
1.990000,2.230000,1.400000,0.850000,0.160000,70.150002,1.420000,-3.080000,265.329987,61.180000,82417.171875,41.08,95.8,4.000000,CO,30006
1.680000,1.850000,1.020000,0.600000,0.150000,69.019997,0.110000,-3.190000,265.119995,61.299999,82570.781250,41.09,95.97,3.750000,CO,30007
1.670000,1.820000,1.000000,0.590000,0.150000,65.339996,-1.160000,-3.820000,264.209991,64.910004,82142.546875,41.1,96.15,3.750000,CO,30008
1.700000,1.840000,1.000000,0.520000,0.160000,64.769997,-1.240000,-4.100000,263.170013,66.940002,81156.726562,41.12,96.33,4.000000,CO,30009
1.710000,1.850000,1.010000,0.490000,0.160000,64.430000,-0.550000,-4.280000,262.269989,67.970001,80173.328125,41.13,96.51,4.000000,CO,30010
1.690000,1.840000,1.040000,0.540000,0.160000,64.099998,0.310000,-4.650000,261.970001,66.989998,79991.648438,41.14,96.69,4.000000,CO,30011
1.670000,1.810000,1.060000,0.580000,0.160000,64.650002,1.020000,-4.710000,262.029999,65.529999,80264.546875,41.15,96.86,4.000000,CO,30012
1.620000,1.770000,1.070000,0.480000,0.160000,65.529999,1.750000,-4.740000,262.359985,62.779999,80957.132812,41.16,97.04,4.000000,CO,30013
1.580000,1.730000,1.080000,0.400000,0.160000,66.349998,2.310000,-4.830000,263.260010,58.480000,82198.117188,41.17,97.22,4.000000,CO,30014
1.540000,1.690000,1.090000,0.360000,0.160000,66.339996,2.430000,-4.670000,264.410004,53.180000,83488.226562,41.18,97.4,4.000000,CO,30015
1.520000,1.670000,1.100000,0.330000,0.160000,66.529999,2.110000,-4.730000,265.299988,47.619999,84556.250000,41.19,97.58,4.000000,CO,30016
1.500000,1.650000,1.120000,0.310000,0.160000,67.169998,1.750000,-5.250000,265.769989,44.070000,85484.476562,41.2,97.75,4.000000,CO,30017
5.960000,6.160000,1.590000,0.420000,0.160000,66.239998,2.110000,-3.750000,268.529999,42.070000,88817.460938,41.09,94.0,8.514286,PM2.5,30269
4.970000,5.170000,1.430000,0.380000,0.160000,66.709999,1.560000,-3.320000,267.739990,46.540001,87491.992188,41.1,94.18,7.100000,PM2.5,30270
3.740000,3.920000,1.250000,0.340000,0.160000,69.279999,1.430000,-2.650000,266.380005,55.700001,85138.546875,41.12,94.36,5.342857,PM2.5,30271
3.040000,3.220000,1.130000,0.310000,0.150000,71.349998,1.720000,-2.580000,265.429993,61.939999,83255.296875,41.13,94.53,4.342857,PM2.5,30272
2.550000,2.720000,1.060000,0.310000,0.150000,73.279999,2.160000,-2.780000,264.739990,65.610001,81868.789062,41.14,94.71,3.750000,CO,30273
2.250000,2.430000,1.020000,0.340000,0.150000,74.320000,2.570000,-2.960000,264.220001,67.760002,80874.796875,41.15,94.89,3.750000,CO,30274
2.160000,2.340000,1.040000,0.430000,0.150000,74.309998,2.700000,-3.060000,264.299988,68.169998,80887.773438,41.17,95.07,3.750000,CO,30275
2.480000,2.750000,1.260000,0.930000,0.160000,73.370003,2.300000,-3.120000,264.489990,68.940002,81438.203125,41.18,95.25,4.000000,CO,30276
2.940000,3.310000,1.710000,1.490000,0.160000,72.410004,1.860000,-2.840000,264.059998,70.000000,81088.687500,41.19,95.42,4.200000,PM2.5,30277
3.180000,3.660000,2.810000,2.130000,0.170000,70.360001,1.770000,-2.740000,263.420013,70.500000,80345.171875,41.2,95.6,4.542857,PM2.5,30278
2.030000,2.250000,1.350000,0.800000,0.160000,70.879997,1.500000,-3.230000,263.470001,68.269997,80509.031250,41.22,95.78,4.000000,CO,30279
1.770000,1.930000,1.040000,0.560000,0.150000,68.489998,0.450000,-3.740000,263.380005,66.339996,80753.179688,41.23,95.96,3.750000,CO,30280
1.760000,1.900000,1.040000,0.550000,0.160000,65.019997,-0.690000,-4.320000,262.299988,68.559998,80425.281250,41.24,96.14,4.000000,CO,30281
1.790000,1.920000,1.040000,0.510000,0.160000,64.750000,-1.160000,-4.440000,261.160004,71.089996,79824.976562,41.25,96.32,4.000000,CO,30282
1.780000,1.910000,1.060000,0.500000,0.160000,64.379997,-0.760000,-4.410000,260.369995,72.599998,79276.210938,41.26,96.49,4.000000,CO,30283
1.730000,1.870000,1.070000,0.560000,0.160000,64.339996,0.340000,-4.820000,260.100006,72.410004,79094.867188,41.27,96.67,4.000000,CO,30284
1.690000,1.830000,1.090000,0.570000,0.160000,64.809998,1.690000,-5.260000,260.440002,69.879997,79590.726562,41.28,96.85,4.000000,CO,30285
1.640000,1.780000,1.110000,0.480000,0.160000,66.180000,2.580000,-5.590000,261.519989,64.540001,80900.421875,41.29,97.03,4.000000,CO,30286
1.590000,1.730000,1.120000,0.400000,0.160000,67.169998,2.790000,-5.850000,262.619995,59.509998,81965.046875,41.3,97.21,4.000000,CO,30287
1.560000,1.700000,1.120000,0.370000,0.160000,67.279999,2.860000,-5.990000,263.399994,55.200001,82531.523438,41.31,97.39,4.000000,CO,30288
1.540000,1.680000,1.130000,0.340000,0.160000,67.570000,2.930000,-6.230000,264.149994,50.520000,83524.742188,41.32,97.56,4.000000,CO,30289
4.960000,5.150000,1.440000,0.390000,0.160000,66.949997,1.330000,-3.700000,267.570007,46.049999,87433.757812,41.24,94.16,7.085714,PM2.5,30545
3.200000,3.380000,1.190000,0.350000,0.160000,69.639999,1.390000,-2.580000,267.100006,53.430000,86397.289062,41.25,94.34,4.571429,PM2.5,30546
2.630000,2.810000,1.100000,0.330000,0.150000,71.459999,1.740000,-1.820000,266.589996,59.400002,85280.101562,41.26,94.52,3.757143,PM2.5,30547
2.240000,2.410000,1.030000,0.330000,0.150000,73.070000,1.940000,-1.690000,266.010010,62.799999,84040.750000,41.28,94.7,3.750000,CO,30548
1.980000,2.150000,0.990000,0.370000,0.150000,74.029999,1.920000,-1.820000,265.250000,65.389999,82914.320312,41.29,94.87,3.750000,CO,30549
1.940000,2.110000,1.020000,0.480000,0.150000,73.870003,1.750000,-2.080000,264.769989,67.150002,82410.453125,41.3,95.05,3.750000,CO,30550
2.130000,2.340000,1.160000,0.810000,0.160000,72.669998,1.120000,-2.080000,264.250000,70.320000,82179.250000,41.31,95.23,4.000000,CO,30551
2.270000,2.510000,1.320000,0.980000,0.160000,71.839996,0.410000,-1.720000,263.399994,73.209999,81165.062500,41.33,95.41,4.000000,CO,30552
2.250000,2.510000,1.540000,0.920000,0.160000,70.730003,0.200000,-1.800000,262.320007,74.820000,79773.281250,41.34,95.59,4.000000,CO,30553
1.910000,2.080000,1.130000,0.530000,0.150000,68.930000,0.270000,-2.600000,261.420013,75.489998,78818.789062,41.35,95.76,3.750000,CO,30554
1.850000,2.000000,1.060000,0.470000,0.160000,66.379997,0.330000,-3.430000,260.709991,74.989998,78258.078125,41.36,95.94,4.000000,CO,30555
1.820000,1.960000,1.060000,0.470000,0.160000,65.720001,0.320000,-4.090000,259.980011,74.500000,78241.226562,41.37,96.12,4.000000,CO,30556
1.840000,1.970000,1.070000,0.480000,0.160000,65.610001,0.120000,-4.280000,259.420013,74.959999,78557.187500,41.38,96.3,4.000000,CO,30557
1.810000,1.950000,1.090000,0.500000,0.160000,65.099998,0.120000,-4.260000,259.149994,75.099998,78884.718750,41.39,96.48,4.000000,CO,30558
1.760000,1.890000,1.100000,0.560000,0.160000,64.800003,0.690000,-4.400000,259.029999,74.949997,79122.570312,41.4,96.66,4.000000,CO,30559
1.700000,1.840000,1.120000,0.540000,0.160000,64.970001,1.860000,-5.010000,259.260010,73.110001,79435.242188,41.42,96.84,4.000000,CO,30560
1.660000,1.800000,1.130000,0.470000,0.160000,66.250000,2.780000,-5.830000,260.109985,68.019997,80098.882812,41.43,97.02,4.000000,CO,30561
1.630000,1.760000,1.140000,0.410000,0.160000,67.290001,3.200000,-6.340000,260.760010,64.540001,80375.117188,41.44,97.19,4.000000,CO,30562
1.590000,1.730000,1.140000,0.380000,0.160000,67.510002,3.780000,-6.500000,261.359985,61.480000,80800.273438,41.45,97.37,4.000000,CO,30563
1.570000,1.700000,1.150000,0.350000,0.160000,68.089996,4.230000,-6.630000,262.579987,55.380001,82387.390625,41.45,97.55,4.000000,CO,30564
2.070000,2.380000,1.010000,0.380000,0.150000,70.559998,0.890000,-1.810000,266.779999,58.750000,85845.757812,41.4,94.5,3.750000,CO,30820
1.820000,2.100000,0.960000,0.410000,0.150000,70.190002,0.370000,-1.550000,266.329987,59.740002,85057.421875,41.41,94.68,3.750000,CO,30821
1.800000,2.050000,0.980000,0.480000,0.150000,71.000000,-0.120000,-1.540000,265.559998,61.830002,84298.437500,41.42,94.86,3.750000,CO,30822
1.840000,2.080000,1.030000,0.570000,0.150000,70.529999,-0.760000,-1.700000,264.779999,64.129997,83630.171875,41.43,95.03,3.750000,CO,30823
1.900000,2.130000,1.080000,0.710000,0.160000,69.199997,-1.790000,-1.480000,263.760010,68.980003,82902.953125,41.45,95.21,4.000000,CO,30824
1.940000,2.160000,1.130000,0.740000,0.160000,68.540001,-2.410000,-0.930000,262.820007,72.449997,81881.820312,41.46,95.39,4.000000,CO,30825
1.950000,2.160000,1.150000,0.590000,0.160000,68.809998,-2.370000,-0.690000,261.850006,73.879997,80580.078125,41.47,95.57,4.000000,CO,30826
1.890000,2.080000,1.100000,0.510000,0.160000,68.230003,-1.920000,-0.930000,260.450012,76.139999,78914.617188,41.48,95.75,4.000000,CO,30827
1.890000,2.040000,1.100000,0.520000,0.160000,67.449997,-0.990000,-1.630000,258.959991,78.540001,77571.429688,41.49,95.93,4.000000,CO,30828
1.860000,1.990000,1.100000,0.510000,0.160000,67.290001,0.000000,-2.820000,258.140015,78.440002,77487.726562,41.51,96.11,4.000000,CO,30829
1.850000,1.980000,1.110000,0.480000,0.160000,66.750000,0.650000,-3.980000,258.130005,76.839996,78046.773438,41.52,96.29,4.000000,CO,30830
1.810000,1.940000,1.120000,0.470000,0.160000,65.919998,1.140000,-4.300000,258.570007,74.790001,78890.000000,41.53,96.46,4.000000,CO,30831
1.770000,1.900000,1.140000,0.480000,0.160000,65.589996,1.470000,-4.070000,258.980011,73.739998,79848.382812,41.54,96.64,4.000000,CO,30832
1.730000,1.860000,1.150000,0.500000,0.160000,65.300003,1.990000,-4.170000,259.070007,73.239998,80159.296875,41.55,96.82,4.000000,CO,30833
1.690000,1.820000,1.160000,0.470000,0.160000,65.959999,2.930000,-4.870000,259.250000,70.989998,79919.289062,41.56,97.0,4.000000,CO,30834
1.660000,1.790000,1.170000,0.440000,0.160000,66.870003,4.160000,-5.300000,259.630005,68.370003,79895.703125,41.57,97.18,4.000000,CO,30835
1.620000,1.750000,1.180000,0.400000,0.160000,67.470001,5.230000,-5.450000,260.809998,62.529999,81111.992188,41.58,97.36,4.000000,CO,30836
1.580000,1.710000,1.180000,0.370000,0.160000,67.919998,5.420000,-5.720000,262.600006,54.369999,83269.382812,41.59,97.54,4.000000,CO,30837
1.560000,1.690000,1.190000,0.350000,0.160000,68.589996,5.190000,-5.890000,263.910004,49.209999,84909.742188,41.6,97.72,4.000000,CO,30838
1.830000,2.100000,1.040000,0.620000,0.160000,68.300003,-1.630000,-0.990000,264.920013,58.830002,84036.421875,41.56,94.84,4.000000,CO,31096
1.870000,2.120000,1.080000,0.730000,0.160000,67.839996,-3.030000,-1.000000,264.040009,60.430000,83556.757812,41.57,95.02,4.000000,CO,31097
1.910000,2.150000,1.140000,0.870000,0.160000,65.790001,-4.770000,-0.990000,262.750000,66.000000,83061.601562,41.58,95.2,4.000000,CO,31098
1.910000,2.120000,1.150000,0.860000,0.160000,65.589996,-5.620000,-1.310000,261.529999,70.699997,82451.171875,41.59,95.38,4.000000,CO,31099
1.880000,2.070000,1.140000,0.740000,0.160000,65.680000,-5.460000,-1.210000,260.519989,73.699997,81587.406250,41.61,95.55,4.000000,CO,31100
1.880000,2.060000,1.140000,0.700000,0.160000,66.470001,-4.710000,-1.000000,259.320007,76.370003,80316.218750,41.62,95.73,4.000000,CO,31101
1.870000,2.020000,1.150000,0.690000,0.160000,67.449997,-3.310000,-1.470000,258.059998,79.320000,79145.328125,41.63,95.91,4.000000,CO,31102
1.840000,1.980000,1.150000,0.600000,0.160000,68.400002,-1.630000,-2.880000,257.450012,79.529999,78429.531250,41.64,96.09,4.000000,CO,31103
1.840000,1.970000,1.150000,0.510000,0.160000,67.720001,0.280000,-4.410000,257.540009,77.480003,78094.578125,41.65,96.27,4.000000,CO,31104
1.810000,1.940000,1.150000,0.480000,0.160000,66.599998,1.970000,-4.910000,258.190002,74.809998,78881.437500,41.66,96.45,4.000000,CO,31105
1.780000,1.920000,1.170000,0.480000,0.160000,65.919998,2.560000,-4.610000,259.200012,71.040001,80477.382812,41.67,96.63,4.000000,CO,31106
1.750000,1.890000,1.190000,0.490000,0.160000,65.860001,2.730000,-4.160000,259.739990,69.110001,81326.031250,41.68,96.81,4.000000,CO,31107
1.710000,1.850000,1.210000,0.470000,0.160000,66.699997,3.650000,-4.130000,259.950012,67.260002,81278.132812,41.69,96.99,4.000000,CO,31108
1.680000,1.820000,1.220000,0.450000,0.160000,67.500000,5.080000,-4.240000,260.399994,64.790001,81527.078125,41.7,97.17,4.000000,CO,31109
1.640000,1.770000,1.230000,0.420000,0.160000,67.959999,5.950000,-4.580000,261.750000,58.580002,82900.617188,41.71,97.35,4.000000,CO,31110
1.590000,1.720000,1.220000,0.390000,0.160000,68.029999,5.700000,-5.050000,263.350006,52.060001,84635.343750,41.72,97.53,4.000000,CO,31111
1.570000,1.700000,1.230000,0.360000,0.160000,68.519997,5.100000,-5.460000,263.940002,49.730000,85276.960938,41.73,97.71,4.000000,CO,31112
1.860000,2.120000,1.040000,0.760000,0.160000,68.150002,-2.380000,-0.350000,264.029999,57.459999,83037.726562,41.7,95.0,4.000000,CO,31369
1.910000,2.150000,1.100000,0.890000,0.160000,67.839996,-3.980000,-0.830000,262.739990,61.980000,82217.437500,41.71,95.18,4.000000,CO,31370
1.900000,2.100000,1.150000,0.860000,0.160000,65.580002,-4.700000,-3.150000,259.880005,71.879997,80861.078125,41.74,95.54,4.000000,CO,31372
1.900000,2.080000,1.150000,0.870000,0.160000,66.339996,-4.210000,-3.650000,259.059998,73.830002,80410.726562,41.75,95.72,4.000000,CO,31373
1.870000,2.020000,1.160000,0.830000,0.160000,67.110001,-3.330000,-4.180000,258.230011,75.800003,79682.273438,41.76,95.9,4.000000,CO,31374
1.840000,1.980000,1.170000,0.680000,0.160000,68.330002,-1.780000,-4.710000,257.649994,76.980003,78816.148438,41.77,96.08,4.000000,CO,31375
1.840000,1.980000,1.170000,0.550000,0.160000,68.139999,0.520000,-5.220000,257.260010,77.889999,78261.289062,41.79,96.26,4.000000,CO,31376
1.830000,1.960000,1.180000,0.510000,0.160000,66.730003,2.710000,-5.590000,257.869995,75.279999,78982.109375,41.8,96.44,4.000000,CO,31377
1.810000,1.940000,1.210000,0.500000,0.160000,66.080002,3.650000,-5.690000,259.149994,69.830002,80637.476562,41.81,96.62,4.000000,CO,31378
1.780000,1.910000,1.240000,0.480000,0.160000,66.070000,3.890000,-5.400000,260.059998,66.480003,81852.257812,41.82,96.79,4.000000,CO,31379
1.740000,1.880000,1.270000,0.470000,0.160000,67.309998,4.530000,-5.100000,260.750000,63.360001,82467.359375,41.83,96.97,4.000000,CO,31380
1.710000,1.850000,1.280000,0.470000,0.160000,68.269997,5.440000,-4.940000,261.470001,59.849998,83032.812500,41.84,97.15,4.000000,CO,31381
1.660000,1.800000,1.280000,0.430000,0.160000,68.540001,5.790000,-5.010000,262.410004,55.720001,83850.382812,41.85,97.33,4.000000,CO,31382
1.610000,1.750000,1.270000,0.400000,0.160000,68.610001,5.330000,-5.310000,263.339996,52.290001,84760.093750,41.86,97.51,4.000000,CO,31383
1.590000,1.730000,1.260000,0.370000,0.160000,68.930000,4.860000,-5.560000,263.450012,51.790001,84920.742188,41.87,97.69,4.000000,CO,31384
1.860000,2.000000,1.180000,0.720000,0.160000,68.470001,-0.720000,-4.780000,257.089996,78.809998,78313.976562,41.91,96.06,4.000000,CO,31649
1.860000,2.000000,1.180000,0.570000,0.160000,68.519997,1.420000,-5.090000,256.989990,79.120003,78429.203125,41.92,96.24,4.000000,CO,31650
1.860000,2.000000,1.200000,0.510000,0.160000,66.720001,3.390000,-5.700000,257.600006,76.480003,79176.429688,41.93,96.42,4.000000,CO,31651
1.850000,1.990000,1.250000,0.480000,0.160000,66.120003,4.450000,-6.220000,258.730011,71.849998,80502.210938,41.94,96.6,4.000000,CO,31652
1.830000,1.970000,1.290000,0.450000,0.160000,66.349998,4.880000,-6.380000,259.660004,69.019997,81703.718750,41.95,96.78,4.000000,CO,31653
1.790000,1.930000,1.320000,0.430000,0.160000,67.910004,5.450000,-6.620000,260.420013,65.870003,82404.140625,41.96,96.96,4.000000,CO,31654
1.750000,1.890000,1.330000,0.460000,0.160000,68.970001,6.170000,-6.750000,261.309998,61.360001,82991.273438,41.97,97.14,4.000000,CO,31655
1.700000,1.840000,1.330000,0.430000,0.160000,69.309998,6.330000,-6.560000,262.399994,56.529999,83924.851562,41.98,97.32,4.000000,CO,31656
1.650000,1.790000,1.320000,0.400000,0.160000,69.500000,5.930000,-6.410000,263.260010,53.419998,84921.828125,41.99,97.5,4.000000,CO,31657
1.900000,2.040000,1.200000,0.500000,0.160000,69.620003,1.720000,-3.310000,257.040009,80.349998,79036.023438,42.05,96.23,4.000000,CO,31919
1.920000,2.060000,1.240000,0.490000,0.160000,67.010002,3.830000,-4.390000,257.290009,79.830002,79348.976562,42.06,96.41,4.000000,CO,31920
1.910000,2.050000,1.290000,0.430000,0.160000,66.089996,5.160000,-5.410000,258.250000,76.339996,80469.671875,42.07,96.59,4.000000,CO,31921
1.890000,2.030000,1.340000,0.410000,0.160000,66.260002,5.510000,-5.960000,259.130005,73.620003,81591.437500,42.08,96.77,4.000000,CO,31922
1.850000,2.000000,1.370000,0.400000,0.160000,67.629997,5.980000,-6.670000,259.489990,71.720001,81772.546875,42.09,96.95,4.000000,CO,31923
1.800000,1.950000,1.370000,0.450000,0.160000,68.830002,7.040000,-7.300000,260.200012,67.339996,82042.546875,42.11,97.13,4.000000,CO,31924
1.750000,1.890000,1.370000,0.430000,0.160000,69.610001,7.720000,-7.510000,261.679993,60.419998,83477.976562,42.11,97.31,4.000000,CO,31925
1.690000,1.830000,1.360000,0.410000,0.170000,70.040001,7.560000,-7.380000,263.000000,55.400002,85107.312500,42.12,97.49,4.250000,CO,31926
2.030000,2.180000,1.370000,0.470000,0.160000,68.339996,1.740000,-0.990000,258.089996,79.480003,81165.156250,42.19,96.21,4.000000,CO,32183
2.030000,2.180000,1.370000,0.470000,0.160000,67.080002,3.950000,-2.060000,257.940002,80.629997,80876.296875,42.2,96.39,4.000000,CO,32184
2.000000,2.150000,1.390000,0.430000,0.160000,66.220001,5.560000,-3.650000,258.500000,78.440002,81426.320312,42.21,96.57,4.000000,CO,32185
1.970000,2.120000,1.410000,0.420000,0.160000,66.040001,6.050000,-4.590000,259.290009,75.410004,82288.617188,42.22,96.75,4.000000,CO,32186
1.930000,2.080000,1.430000,0.430000,0.160000,66.809998,6.540000,-5.230000,259.489990,74.029999,82247.523438,42.23,96.93,4.000000,CO,32187
1.860000,2.000000,1.400000,0.460000,0.160000,67.320000,7.760000,-5.940000,260.040009,70.360001,82464.453125,42.24,97.11,4.000000,CO,32188
1.810000,1.950000,1.410000,0.430000,0.160000,68.830002,8.760000,-6.580000,261.269989,64.320000,83794.390625,42.25,97.29,4.000000,CO,32189
1.760000,1.910000,1.410000,0.420000,0.170000,69.559998,9.010000,-6.910000,262.429993,59.549999,85180.359375,42.26,97.48,4.250000,CO,32190
2.220000,2.380000,1.550000,0.450000,0.170000,68.089996,1.950000,-0.570000,259.329987,77.790001,83340.250000,42.32,96.2,4.250000,CO,32444
2.190000,2.350000,1.540000,0.440000,0.170000,67.480003,4.070000,-1.160000,259.089996,78.989998,82913.726562,42.33,96.38,4.250000,CO,32445
2.140000,2.300000,1.530000,0.440000,0.170000,66.699997,5.810000,-2.490000,259.399994,77.300003,83018.382812,42.34,96.56,4.250000,CO,32446
2.100000,2.260000,1.540000,0.470000,0.170000,66.279999,6.700000,-3.470000,260.220001,73.610001,83787.656250,42.35,96.74,4.250000,CO,32447
2.040000,2.200000,1.540000,0.490000,0.170000,66.750000,7.310000,-3.840000,260.829987,70.360001,84292.617188,42.36,96.92,4.250000,CO,32448
1.980000,2.140000,1.520000,0.460000,0.170000,67.500000,8.300000,-4.280000,261.350006,67.370003,84715.820312,42.37,97.1,4.250000,CO,32449
1.910000,2.070000,1.500000,0.450000,0.170000,68.129997,9.250000,-4.870000,261.959991,64.139999,85385.343750,42.38,97.28,4.250000,CO,32450
2.530000,2.730000,1.770000,0.500000,0.170000,67.220001,-0.120000,-1.070000,260.470001,75.519997,85094.953125,42.44,96.0,4.250000,CO,32693
2.470000,2.660000,1.750000,0.490000,0.170000,67.510002,2.290000,-1.670000,259.769989,78.730003,84170.460938,42.45,96.18,4.250000,CO,32694
2.390000,2.580000,1.710000,0.490000,0.170000,67.029999,4.610000,-2.150000,259.630005,78.760002,83788.703125,42.46,96.36,4.250000,CO,32695
2.350000,2.530000,1.690000,0.490000,0.170000,66.330002,6.350000,-2.830000,260.290009,75.180000,84357.179688,42.48,96.54,4.250000,CO,32696
2.270000,2.450000,1.680000,0.500000,0.170000,66.279999,7.340000,-3.370000,261.350006,70.470001,85460.007812,42.49,96.72,4.250000,CO,32697
2.190000,2.370000,1.660000,0.510000,0.170000,66.730003,7.960000,-3.490000,262.339996,65.980003,86554.742188,42.5,96.91,4.250000,CO,32698
2.110000,2.290000,1.630000,0.480000,0.170000,67.239998,8.690000,-3.510000,262.890015,63.099998,87139.476562,42.51,97.09,4.250000,CO,32699
2.050000,2.220000,1.600000,0.460000,0.170000,67.500000,9.500000,-3.610000,263.100006,61.700001,87291.148438,42.52,97.27,4.250000,CO,32700
2.720000,2.930000,1.900000,0.590000,0.170000,66.400002,2.800000,-2.610000,260.329987,78.410004,85089.656250,42.59,96.17,4.250000,CO,32933
2.590000,2.790000,1.830000,0.580000,0.170000,66.290001,5.340000,-3.130000,260.209991,77.959999,84614.703125,42.6,96.35,4.250000,CO,32934
2.500000,2.690000,1.800000,0.570000,0.170000,66.019997,7.140000,-3.750000,261.109985,73.339996,85496.226562,42.61,96.53,4.250000,CO,32935
2.390000,2.580000,1.770000,0.550000,0.170000,66.330002,7.960000,-4.040000,262.350006,67.940002,86953.828125,42.62,96.71,4.250000,CO,32936
2.290000,2.480000,1.740000,0.530000,0.170000,66.750000,8.470000,-4.020000,263.209991,64.160004,87983.078125,42.63,96.89,4.250000,CO,32937
2.210000,2.390000,1.700000,0.500000,0.170000,67.080002,9.130000,-3.760000,263.589996,61.650002,88300.437500,42.64,97.07,4.250000,CO,32938
