PM2.5(微克每立方米),PM10(微克每立方米),SO2(微克每立方米),NO2(微克每立方米),CO(毫克每立方米),O3(微克每立方米),U(m/s),V(m/s),TEMP(K),RH(%),PSFC(Pa),lat,lon,AQI,Major pollutants,id
26.290001,33.830002,8.440000,5.580000,0.340000,58.349998,2.750000,4.650000,274.130005,78.230003,75407.531250,32.71,104.6,37.557144,PM2.5,13804
27.860001,36.500000,9.570000,6.760000,0.380000,53.639999,0.260000,3.490000,277.779999,65.680000,81074.210938,32.71,104.76,39.799999,PM2.5,13805
29.270000,39.810001,11.100000,8.800000,0.430000,46.910000,-1.030000,1.740000,280.279999,56.959999,86266.343750,32.71,104.92,41.814285,PM2.5,13806
30.520000,42.599998,12.020000,10.890000,0.480000,41.590000,-1.270000,0.750000,280.929993,54.770000,87827.476562,32.71,105.08,43.600002,PM2.5,13807
31.230000,43.709999,11.760000,11.280000,0.500000,38.799999,-2.210000,-0.670000,281.290009,52.419998,88085.906250,32.71,105.24,44.614285,PM2.5,13808
22.629999,29.459999,7.390000,5.640000,0.320000,61.049999,1.930000,4.320000,274.579987,73.949997,74632.187500,32.84,104.43,32.328571,PM2.5,14060
25.990000,34.349998,9.150000,8.140000,0.380000,54.119999,-0.670000,3.650000,277.089996,67.910004,79371.406250,32.84,104.6,37.128571,PM2.5,14061
28.150000,37.849998,10.520000,9.890000,0.420000,48.590000,-1.860000,2.230000,278.779999,62.340000,83901.390625,32.84,104.76,40.214287,PM2.5,14062
29.190001,40.680000,11.670000,11.690000,0.470000,42.709999,-1.310000,0.840000,280.440002,56.060001,87345.078125,32.84,104.92,41.700001,PM2.5,14063
29.410000,41.419998,11.920000,11.800000,0.480000,40.200001,-2.110000,0.770000,280.589996,54.250000,87039.703125,32.84,105.08,42.014286,PM2.5,14064
30.620001,43.020000,11.670000,11.470000,0.500000,37.849998,-2.660000,-0.180000,279.809998,55.150002,85900.921875,32.84,105.24,43.742859,PM2.5,14065
25.950001,34.709999,9.360000,8.910000,0.400000,54.750000,-1.440000,0.730000,275.869995,72.410004,79081.867188,32.98,104.43,37.071430,PM2.5,14317
27.660000,37.419998,10.590000,11.830000,0.430000,50.240002,-2.960000,0.830000,277.369995,67.160004,82332.562500,32.98,104.59,39.514286,PM2.5,14318
28.240000,38.750000,11.130000,12.160000,0.450000,47.349998,-1.920000,1.060000,277.880005,63.630001,83160.320312,32.98,104.76,40.342857,PM2.5,14319
28.430000,40.279999,11.830000,12.970000,0.480000,43.090000,-1.100000,0.220000,279.899994,56.139999,86273.882812,32.98,104.92,40.614285,PM2.5,14320
28.450001,40.750000,12.090000,12.470000,0.490000,41.040001,-2.160000,0.640000,279.839996,55.029999,85739.296875,32.98,105.08,40.750000,PM10,14321
29.969999,42.869999,12.000000,11.750000,0.510000,38.549999,-2.360000,0.400000,278.959991,56.790001,84844.968750,32.98,105.24,42.869999,PM10,14322
31.010000,44.150002,12.060000,10.910000,0.520000,36.930000,-2.070000,-0.630000,280.029999,53.660000,86616.343750,32.98,105.41,44.299999,PM2.5,14323
31.790001,44.880001,11.810000,10.750000,0.520000,34.990002,-2.360000,-1.750000,280.720001,52.259998,87705.679688,32.98,105.57,45.414288,PM2.5,14324
32.990002,47.099998,11.900000,13.430000,0.560000,30.379999,-2.190000,-2.750000,280.859985,52.799999,88969.679688,32.98,105.73,47.128574,PM2.5,14325
34.889999,49.950001,11.470000,15.190000,0.610000,26.139999,-1.810000,-2.990000,281.269989,52.950001,90637.968750,32.98,105.89,49.950001,PM10,14326
26.559999,36.250000,10.020000,10.580000,0.440000,53.810001,-2.930000,0.210000,276.640015,69.410004,81265.796875,33.11,104.43,37.942856,PM2.5,14579
27.010000,37.000000,10.210000,11.680000,0.440000,50.529999,-3.250000,1.840000,275.739990,71.389999,79711.093750,33.11,104.59,38.585716,PM2.5,14580
28.080000,39.160000,11.140000,13.250000,0.480000,46.980000,-1.060000,1.950000,276.320007,67.510002,80866.828125,33.12,104.76,40.114285,PM2.5,14581
28.430000,40.900002,11.940000,14.580000,0.510000,43.299999,-0.600000,1.070000,278.230011,60.000000,83682.882812,33.12,104.92,40.900002,PM10,14582
28.420000,41.470001,12.260000,14.060000,0.520000,41.240002,-1.460000,1.310000,278.100006,59.020000,83217.273438,33.12,105.08,41.470001,PM10,14583
28.840000,42.220001,12.060000,12.140000,0.520000,41.150002,-1.620000,1.150000,277.980011,58.560001,83226.960938,33.12,105.24,42.220001,PM10,14584
29.370001,42.750000,11.870000,10.250000,0.510000,40.980000,-1.600000,0.240000,278.399994,57.049999,83883.179688,33.11,105.41,42.750000,PM10,14585
31.080000,44.410000,11.690000,9.360000,0.500000,38.560001,-1.520000,-0.750000,278.739990,56.340000,85031.789062,33.11,105.57,44.410000,PM10,14586
31.799999,46.119999,11.760000,12.170000,0.540000,34.080002,-1.000000,-1.620000,279.850006,54.700001,87612.843750,33.11,105.73,46.119999,PM10,14587
32.919998,48.070000,11.490000,13.870000,0.580000,30.299999,-0.960000,-2.150000,280.859985,52.820000,89912.906250,33.11,105.89,48.070000,PM10,14588
2.220000,2.550000,0.410000,0.990000,0.140000,72.610001,2.450000,0.460000,267.790009,77.699997,64040.921875,33.21,101.83,3.500000,CO,14824
2.410000,2.780000,0.480000,1.310000,0.140000,72.070000,1.930000,-0.420000,268.390015,75.209999,65854.242188,33.22,101.99,3.500000,CO,14825
24.790001,34.139999,9.200000,10.340000,0.430000,55.919998,-1.540000,1.150000,275.459991,72.449997,79027.851562,33.25,104.43,35.414288,PM2.5,14840
26.790001,36.950001,9.950000,11.360000,0.450000,51.099998,-1.300000,4.140000,274.119995,76.669998,77085.078125,33.25,104.59,38.271431,PM2.5,14841
28.190001,39.740002,11.030000,13.960000,0.490000,47.049999,-0.050000,3.810000,275.390015,70.169998,79346.617188,33.25,104.76,40.271431,PM2.5,14842
29.020000,42.189999,12.360000,16.420000,0.530000,43.430000,0.010000,2.590000,276.959991,63.099998,81908.843750,33.25,104.92,42.189999,PM10,14843
28.709999,42.580002,12.490000,15.250000,0.540000,41.580002,-0.880000,2.110000,277.170013,61.369999,82285.296875,33.25,105.08,42.580002,PM10,14844
28.809999,42.759998,11.980000,12.340000,0.530000,42.310001,-1.150000,2.110000,277.070007,60.029999,81881.546875,33.25,105.24,42.759998,PM10,14845
29.790001,43.889999,11.750000,10.340000,0.530000,42.119999,-0.800000,1.620000,277.049988,59.950001,82025.523438,33.25,105.41,43.889999,PM10,14846
31.020000,45.090000,11.520000,9.600000,0.520000,40.119999,-0.570000,0.520000,277.929993,58.799999,84136.000000,33.25,105.57,45.090000,PM10,14847
31.969999,46.880001,11.460000,12.020000,0.550000,35.889999,-0.250000,-0.720000,279.079987,56.520000,86697.812500,33.25,105.73,46.880001,PM10,14848
1.800000,2.030000,0.360000,1.420000,0.140000,71.300003,2.600000,-0.560000,267.980011,73.459999,65699.117188,33.35,101.99,3.500000,CO,15083
1.810000,2.040000,0.390000,1.470000,0.140000,71.820000,1.960000,-0.070000,267.920013,72.150002,66500.703125,33.36,102.15,3.500000,CO,15084
15.180000,20.559999,4.890000,6.150000,0.290000,67.180000,1.010000,1.190000,271.829987,81.320000,72240.140625,33.39,104.27,21.685715,PM2.5,15097
20.469999,28.240000,7.210000,8.670000,0.370000,60.970001,1.480000,3.090000,273.529999,77.769997,75443.703125,33.39,104.43,29.242857,PM2.5,15098
25.240000,35.090000,9.080000,10.760000,0.430000,53.380001,0.710000,4.710000,274.549988,74.000000,77140.617188,33.39,104.59,36.057144,PM2.5,15099
28.049999,40.330002,11.150000,16.620001,0.530000,47.240002,0.510000,3.740000,276.070007,67.180000,79986.132812,33.39,104.76,40.330002,PM10,15100
29.709999,44.200001,13.250000,22.530001,0.610000,42.150002,0.440000,2.300000,277.600006,61.169998,82998.453125,33.39,104.92,44.200001,PM10,15101
29.860001,45.410000,13.290000,19.650000,0.610000,40.389999,-0.510000,2.050000,277.049988,61.250000,82364.687500,33.39,105.08,45.410000,PM10,15102
29.940001,45.139999,12.300000,14.190000,0.570000,41.470001,-0.570000,3.050000,276.369995,61.020000,80757.109375,33.39,105.24,45.139999,PM10,15103
31.129999,46.480000,11.950000,11.670000,0.560000,41.110001,-0.400000,2.550000,276.970001,60.200001,82072.906250,33.39,105.41,46.480000,PM10,15104
32.689999,48.840000,11.720000,11.560000,0.580000,38.470001,-0.570000,1.080000,278.000000,58.689999,84773.242188,33.39,105.57,48.840000,PM10,15105
1.440000,1.630000,0.290000,1.320000,0.130000,70.680000,2.530000,-0.090000,268.170013,69.820000,65675.453125,33.49,101.98,3.250000,CO,15342
1.450000,1.640000,0.320000,1.380000,0.130000,70.540001,1.470000,-0.170000,268.130005,68.180000,66787.898438,33.49,102.14,3.250000,CO,15343
1.540000,1.750000,0.370000,1.760000,0.140000,71.190002,0.740000,-0.030000,267.750000,70.389999,67198.046875,33.5,102.31,3.500000,CO,15344
12.850000,17.500000,3.810000,5.260000,0.270000,67.790001,2.620000,2.500000,271.709991,77.010002,70368.453125,33.52,104.27,18.357143,PM2.5,15356
17.389999,24.260000,5.710000,7.620000,0.340000,63.580002,1.830000,4.040000,274.589996,70.410004,75440.140625,33.52,104.43,24.842855,PM2.5,15357
24.180000,34.340000,8.430000,11.110000,0.460000,55.330002,0.060000,3.940000,275.190002,69.910004,77841.656250,33.52,104.59,34.542858,PM2.5,15358
27.230000,39.610001,10.510000,16.040001,0.540000,49.570000,0.240000,3.050000,275.230011,69.360001,78893.539062,33.52,104.76,39.610001,PM10,15359
28.430000,42.230000,11.800000,19.070000,0.580000,45.730000,1.490000,2.490000,276.429993,63.959999,80843.078125,33.52,104.92,42.230000,PM10,15360
29.950001,45.400002,12.550000,19.190001,0.610000,41.279999,1.040000,2.830000,276.489990,62.430000,81182.742188,33.52,105.08,45.400002,PM10,15361
31.350000,47.529999,12.400000,15.660000,0.600000,40.250000,0.090000,3.420000,276.630005,60.610001,81455.296875,33.52,105.24,47.529999,PM10,15362
32.970001,49.730000,12.140000,13.040000,0.600000,39.450001,-0.520000,2.040000,277.859985,58.099998,84245.632812,33.52,105.41,49.730000,PM10,15363
34.639999,52.340000,11.940000,13.820000,0.610000,36.830002,-0.540000,0.530000,278.260010,57.830002,86157.070312,33.52,105.57,51.169998,PM10,15364
34.540001,51.740002,11.410000,14.320000,0.590000,35.560001,0.370000,-0.780000,278.829987,56.320000,87536.648438,33.52,105.73,50.870003,PM10,15365
1.150000,1.300000,0.200000,1.000000,0.120000,70.959999,3.710000,-0.010000,266.899994,70.180000,63871.078125,33.62,101.65,3.000000,CO,15601
1.210000,1.390000,0.240000,1.160000,0.130000,70.699997,2.800000,0.440000,267.600006,67.889999,65182.820312,33.62,101.81,3.250000,CO,15602
1.250000,1.450000,0.280000,1.230000,0.130000,70.540001,2.320000,0.170000,267.649994,66.870003,65849.843750,33.62,101.98,3.250000,CO,15603
1.250000,1.480000,0.350000,1.280000,0.130000,70.449997,1.870000,-0.040000,267.630005,66.720001,66798.750000,33.63,102.14,3.250000,CO,15604
1.270000,1.510000,0.390000,1.640000,0.140000,70.760002,1.140000,-0.070000,267.380005,68.839996,67262.843750,33.63,102.3,3.500000,CO,15605
14.250000,19.770000,4.300000,5.820000,0.300000,66.360001,0.530000,1.240000,274.809998,65.690002,74720.093750,33.66,104.26,20.357143,PM2.5,15617
19.840000,28.070000,6.540000,9.000000,0.390000,61.869999,-0.990000,2.540000,275.589996,66.500000,77628.296875,33.66,104.43,28.342857,PM2.5,15618
24.690001,35.959999,8.500000,12.060000,0.500000,55.770000,-1.030000,4.010000,274.369995,72.150002,77014.492188,33.66,104.59,35.959999,PM10,15619
26.879999,39.410000,9.880000,14.790000,0.540000,51.230000,1.060000,4.840000,273.910004,72.790001,76506.632812,33.66,104.75,39.410000,PM10,15620
28.120001,41.990002,11.140000,16.950001,0.570000,47.150002,2.360000,4.680000,275.690002,65.239998,78874.117188,33.66,104.92,41.990002,PM10,15621
30.420000,46.410000,12.150000,18.610001,0.620000,41.650002,1.110000,4.090000,277.179993,59.419998,81555.476562,33.66,105.08,46.410000,PM10,15622
32.599998,49.799999,12.330000,16.120001,0.620000,40.060001,-0.410000,2.960000,277.359985,58.810001,83280.203125,33.66,105.25,49.799999,PM10,15623
34.970001,53.310001,12.130000,14.350000,0.630000,39.230000,-0.670000,0.620000,277.739990,58.180000,85480.726562,33.66,105.41,51.654999,PM10,15624
36.700001,55.910000,12.010000,15.980000,0.650000,36.330002,-0.180000,-0.400000,277.890015,57.950001,86320.218750,33.66,105.57,52.955002,PM10,15625
35.919998,54.230000,11.260000,15.370000,0.610000,36.000000,0.710000,-1.080000,278.640015,55.720001,87642.671875,33.66,105.74,52.114998,PM10,15626
33.000000,49.279999,9.620000,13.370000,0.530000,36.540001,1.040000,-2.590000,279.619995,52.700001,89760.656250,33.66,105.9,49.279999,PM10,15627
32.119999,46.480000,8.670000,11.160000,0.460000,36.919998,0.180000,-1.160000,280.369995,49.959999,90954.812500,33.66,106.06,46.480000,PM10,15628
32.520000,46.040001,8.660000,9.310000,0.440000,37.959999,-0.770000,1.490000,279.970001,49.220001,87894.382812,33.65,106.23,46.457142,PM2.5,15629
32.630001,45.450001,7.870000,7.630000,0.430000,38.389999,-0.900000,1.910000,277.309998,53.410000,82389.296875,33.65,106.39,46.614288,PM2.5,15630
31.709999,43.730000,7.630000,7.410000,0.410000,39.939999,-0.530000,1.680000,276.489990,52.669998,80925.132812,33.65,106.55,45.299999,PM2.5,15631
1.220000,1.360000,0.200000,0.940000,0.120000,71.330002,4.530000,-0.680000,264.269989,78.230003,61656.378906,33.74,101.32,3.000000,CO,15859
1.150000,1.290000,0.190000,0.980000,0.120000,70.839996,4.660000,-0.490000,265.820007,72.570000,62716.730469,33.75,101.48,3.000000,CO,15860
1.080000,1.240000,0.220000,0.990000,0.120000,70.209999,3.260000,-0.050000,267.510010,65.339996,64636.191406,33.75,101.64,3.000000,CO,15861
1.100000,1.310000,0.260000,1.230000,0.130000,70.949997,2.160000,0.030000,267.429993,64.089996,65440.238281,33.76,101.81,3.250000,CO,15862
1.130000,1.360000,0.350000,1.330000,0.130000,71.360001,2.430000,-0.120000,267.420013,64.669998,65686.320312,33.76,101.97,3.250000,CO,15863
1.250000,1.550000,0.600000,1.510000,0.140000,71.230003,2.110000,-0.400000,267.760010,64.949997,66928.406250,33.76,102.14,3.500000,CO,15864
1.270000,1.570000,0.560000,1.710000,0.140000,71.300003,1.220000,-0.220000,267.450012,68.370003,67502.382812,33.77,102.3,3.500000,CO,15865
4.150000,4.630000,1.050000,1.890000,0.150000,72.279999,3.280000,2.210000,268.450012,77.349998,65654.460938,33.78,103.28,5.928572,PM2.5,15871
4.870000,5.570000,1.140000,1.990000,0.150000,72.019997,3.540000,2.530000,270.230011,72.709999,67199.453125,33.79,103.44,6.957143,PM2.5,15872
6.120000,7.370000,1.520000,3.010000,0.170000,71.040001,2.810000,1.660000,272.019989,69.129997,69237.460938,33.79,103.61,8.742857,PM2.5,15873
7.600000,9.480000,1.920000,3.400000,0.190000,70.199997,2.000000,1.110000,272.450012,69.750000,70055.039062,33.79,103.77,10.857142,PM2.5,15874
8.660000,11.130000,2.190000,3.580000,0.210000,69.370003,1.350000,1.200000,272.209991,71.459999,70088.679688,33.79,103.94,12.371428,PM2.5,15875
11.050000,15.010000,3.030000,4.000000,0.250000,68.529999,0.170000,0.980000,273.420013,69.279999,72851.218750,33.79,104.1,15.785714,PM2.5,15876
16.879999,23.840000,5.270000,6.960000,0.350000,66.000000,-1.320000,0.070000,274.549988,68.669998,76063.093750,33.79,104.26,24.114285,PM2.5,15877
20.280001,28.920000,6.530000,9.170000,0.410000,62.540001,-1.600000,1.590000,274.140015,72.930000,76425.273438,33.79,104.43,28.971430,PM2.5,15878
24.730000,36.410000,8.250000,12.280000,0.510000,56.639999,0.070000,3.950000,274.059998,72.919998,76459.429688,33.8,104.59,36.410000,PM10,15879
26.490000,39.389999,9.270000,14.060000,0.540000,52.560001,1.830000,4.710000,275.399994,66.199997,77858.289062,33.8,104.75,39.389999,PM10,15880
28.209999,42.939999,10.340000,16.360001,0.580000,47.259998,1.460000,3.900000,277.670013,57.990002,81077.750000,33.8,104.92,42.939999,PM10,15881
31.549999,49.299999,12.030000,18.670000,0.650000,40.700001,-0.570000,3.430000,278.239990,56.110001,83598.093750,33.8,105.08,49.299999,PM10,15882
34.540001,54.070000,12.670000,17.280001,0.670000,39.380001,-1.720000,2.480000,276.940002,60.310001,83733.023438,33.8,105.25,52.035000,PM10,15883
36.770000,57.340000,12.370000,15.540000,0.690000,39.110001,-1.080000,0.820000,276.700012,60.709999,83657.453125,33.8,105.41,53.669998,PM10,15884
36.599998,55.770000,11.470000,15.320000,0.630000,38.509998,-0.040000,0.160000,277.420013,58.320000,84901.953125,33.79,105.57,52.885002,PM10,15885
36.169998,55.320000,10.940000,15.650000,0.620000,37.880001,0.600000,-0.900000,278.709991,54.410000,87546.281250,33.79,105.74,52.660000,PM10,15886
32.389999,49.169998,9.130000,13.250000,0.530000,38.810001,0.150000,-2.410000,279.519989,51.619999,89411.179688,33.79,105.9,49.169998,PM10,15887
30.490000,44.730000,7.930000,10.730000,0.440000,39.880001,-0.890000,-1.800000,280.149994,49.270000,90351.953125,33.79,106.06,44.730000,PM10,15888
31.480000,45.060001,7.930000,10.090000,0.430000,38.459999,-0.960000,0.540000,280.220001,47.910000,89296.703125,33.79,106.23,45.060001,PM10,15889
31.150000,43.869999,7.630000,8.890000,0.410000,38.240002,-0.480000,1.420000,279.329987,48.950001,86546.039062,33.79,106.39,44.500000,PM2.5,15890
1.260000,1.430000,0.270000,1.020000,0.130000,73.489998,2.030000,0.350000,263.329987,82.279999,61568.289062,33.87,101.15,3.250000,CO,16118
1.200000,1.360000,0.240000,0.810000,0.120000,73.379997,4.060000,0.290000,263.730011,79.910004,61100.300781,33.88,101.31,3.000000,CO,16119
1.130000,1.310000,0.220000,0.790000,0.120000,72.370003,4.730000,0.220000,265.420013,73.279999,62053.238281,33.88,101.48,3.000000,CO,16120
1.070000,1.280000,0.260000,0.870000,0.130000,71.699997,3.610000,-0.140000,266.970001,67.489998,63700.699219,33.89,101.64,3.250000,CO,16121
1.040000,1.290000,0.290000,1.190000,0.130000,72.360001,2.660000,-0.470000,267.779999,62.599998,65217.550781,33.89,101.8,3.250000,CO,16122
1.100000,1.420000,0.520000,1.520000,0.140000,73.110001,2.290000,-1.240000,267.709991,64.169998,66205.468750,33.9,101.97,3.500000,CO,16123
1.420000,1.880000,1.170000,2.130000,0.150000,72.629997,1.690000,-1.250000,267.839996,64.699997,66742.601562,33.9,102.13,3.750000,CO,16124
3.700000,4.240000,1.040000,2.260000,0.170000,71.889999,3.460000,2.220000,271.040009,64.029999,68189.187500,33.92,103.28,5.285714,PM2.5,16131
4.350000,5.120000,1.110000,2.310000,0.160000,71.680000,2.550000,0.260000,272.790009,61.340000,70672.078125,33.92,103.44,6.214285,PM2.5,16132
5.430000,6.710000,1.430000,2.980000,0.180000,70.860001,1.480000,-0.900000,274.190002,59.820000,72819.460938,33.92,103.61,7.757143,PM2.5,16133
7.500000,9.600000,1.980000,3.400000,0.200000,70.400002,0.210000,-0.160000,274.579987,61.520000,73952.976562,33.93,103.77,10.714286,PM2.5,16134
9.760000,12.920000,2.640000,3.880000,0.230000,70.089996,-0.850000,0.700000,274.390015,64.070000,74291.070312,33.93,103.93,13.942858,PM2.5,16135
13.250000,18.309999,3.870000,4.860000,0.290000,68.830002,-1.100000,1.240000,272.920013,71.699997,73227.750000,33.93,104.1,18.928572,PM2.5,16136
16.770000,23.639999,5.140000,6.590000,0.350000,66.419998,-0.710000,1.340000,272.720001,74.180000,73393.617188,33.93,104.26,23.957144,PM2.5,16137
19.799999,28.629999,6.310000,8.860000,0.410000,62.910000,-0.290000,1.420000,273.829987,71.849998,76034.976562,33.93,104.43,28.629999,PM10,16138
22.950001,34.389999,7.610000,11.710000,0.490000,58.910000,0.220000,1.670000,275.119995,66.339996,77987.726562,33.93,104.59,34.389999,PM10,16139
25.170000,38.150002,8.530000,13.090000,0.530000,54.880001,1.030000,1.650000,275.559998,63.919998,78455.656250,33.93,104.75,38.150002,PM10,16140
27.760000,42.980000,9.580000,15.120000,0.580000,48.730000,1.360000,1.970000,276.980011,58.889999,80615.398438,33.93,104.92,42.980000,PM10,16141
32.459999,52.070000,11.750000,18.010000,0.690000,41.410000,-0.060000,2.860000,278.040009,55.980000,83723.968750,33.93,105.08,51.035000,PM10,16142
36.009998,57.529999,12.720000,17.570000,0.720000,39.610001,-1.490000,3.430000,276.859985,59.509998,83092.031250,33.93,105.25,53.764999,PM10,16143
38.040001,60.209999,12.470000,15.980000,0.720000,39.900002,-0.720000,3.230000,275.929993,61.259998,81578.046875,33.93,105.41,55.105000,PM10,16144
35.970001,54.770000,10.950000,13.940000,0.610000,41.869999,0.340000,1.990000,276.679993,59.459999,83175.156250,33.93,105.57,52.385002,PM10,16145
35.939999,55.470001,10.480000,15.300000,0.610000,40.070000,0.410000,-0.220000,277.920013,55.790001,86038.398438,33.93,105.74,52.735001,PM10,16146
32.250000,49.430000,8.880000,13.520000,0.530000,40.160000,-0.270000,-1.670000,278.750000,52.580002,87553.593750,33.93,105.9,49.430000,PM10,16147
29.219999,43.320000,7.650000,10.490000,0.430000,41.560001,-1.280000,-1.670000,279.089996,51.529999,87928.281250,33.93,106.07,43.320000,PM10,16148
29.420000,42.389999,7.260000,10.550000,0.410000,39.799999,-1.290000,-1.030000,279.329987,50.450001,88450.382812,33.93,106.23,42.389999,PM10,16149
28.580000,40.590000,6.840000,10.570000,0.390000,39.119999,-1.060000,-0.400000,279.820007,48.279999,88797.312500,33.92,106.39,40.828571,PM2.5,16150
1.370000,1.580000,0.360000,1.550000,0.150000,71.980003,1.990000,1.070000,263.420013,81.629997,61405.300781,34.01,100.98,3.750000,CO,16378
1.350000,1.580000,0.390000,1.370000,0.150000,72.699997,3.070000,1.580000,263.190002,81.860001,60631.148438,34.01,101.14,3.750000,CO,16379
1.220000,1.410000,0.310000,0.850000,0.130000,72.889999,4.540000,1.590000,264.040009,76.459999,60759.171875,34.01,101.31,3.250000,CO,16380
1.110000,1.300000,0.270000,0.830000,0.130000,71.540001,4.420000,0.990000,265.760010,72.879997,62262.871094,34.02,101.47,3.250000,CO,16381
1.060000,1.270000,0.290000,0.970000,0.130000,72.260002,3.520000,0.110000,267.140015,67.930000,64170.578125,34.02,101.63,3.250000,CO,16382
0.970000,1.210000,0.300000,1.180000,0.130000,73.440002,2.710000,-1.290000,267.290009,66.820000,65395.910156,34.03,101.8,3.250000,CO,16383
1.040000,1.320000,0.500000,1.520000,0.140000,73.940002,2.340000,-2.340000,267.399994,65.080002,65471.179688,34.03,101.96,3.500000,CO,16384
1.320000,1.670000,1.110000,2.310000,0.150000,73.570000,2.510000,-1.610000,267.980011,61.480000,65358.378906,34.04,102.13,3.750000,CO,16385
1.590000,2.000000,1.270000,2.840000,0.170000,73.389999,2.430000,-0.370000,267.980011,62.049999,65634.812500,34.04,102.29,4.250000,CO,16386
3.570000,4.170000,1.160000,3.260000,0.190000,71.059998,2.480000,-0.570000,272.149994,57.910000,70840.703125,34.06,103.28,5.100000,PM2.5,16392
4.090000,4.750000,1.070000,2.690000,0.170000,71.849998,2.490000,-2.590000,271.630005,60.080002,69878.531250,34.06,103.44,5.842857,PM2.5,16393
5.220000,6.320000,1.320000,2.690000,0.180000,71.250000,2.840000,-1.890000,272.500000,59.669998,70378.062500,34.06,103.6,7.457142,PM2.5,16394
7.180000,9.020000,1.820000,3.130000,0.200000,70.180000,1.120000,-0.320000,273.730011,59.889999,72310.023438,34.06,103.77,10.257143,PM2.5,16395
10.000000,12.980000,2.550000,3.680000,0.230000,69.180000,-0.610000,0.350000,273.109985,66.050003,72705.007812,34.06,103.93,14.285714,PM2.5,16396
14.190000,19.240000,3.880000,4.440000,0.290000,68.220001,-0.660000,1.450000,272.359985,72.639999,72549.328125,34.06,104.1,20.271427,PM2.5,16397
18.809999,26.680000,5.640000,6.860000,0.380000,65.339996,-0.760000,1.930000,273.260010,71.959999,74742.796875,34.07,104.26,26.871428,PM2.5,16398
21.430000,31.379999,6.740000,8.880000,0.440000,63.709999,-1.100000,0.710000,274.269989,67.870003,76713.382812,34.07,104.43,31.379999,PM10,16399
22.760000,34.009998,7.480000,10.110000,0.470000,61.830002,-0.330000,0.320000,274.130005,67.300003,76051.601562,34.07,104.59,34.009998,PM10,16400
24.990000,37.930000,8.280000,11.110000,0.510000,57.730000,1.630000,1.550000,273.829987,68.570000,75537.507812,34.07,104.75,37.930000,PM10,16401
27.570000,42.889999,9.260000,12.910000,0.560000,51.980000,2.210000,2.780000,276.070007,60.700001,78718.976562,34.07,104.92,42.889999,PM10,16402
32.869999,52.970001,11.320000,16.580000,0.680000,43.410000,0.800000,3.060000,277.970001,55.029999,83171.609375,34.07,105.08,51.485001,PM10,16403
37.570000,60.730000,12.750000,18.150000,0.750000,39.430000,-0.210000,4.340000,277.380005,56.950001,83305.117188,34.07,105.25,55.364998,PM10,16404
39.290001,62.799999,12.460000,16.740000,0.750000,39.730000,-0.280000,4.750000,277.000000,56.599998,82114.296875,34.07,105.41,56.400002,PM10,16405
36.730000,56.110001,10.640000,13.380000,0.610000,42.240002,-0.200000,3.490000,276.570007,58.830002,82781.820312,34.07,105.57,53.055000,PM10,16406
33.570000,50.570000,9.540000,12.350000,0.520000,43.639999,-0.120000,1.130000,276.619995,59.209999,83938.070312,34.07,105.74,50.285000,PM10,16407
28.660000,42.259998,7.910000,10.050000,0.410000,44.410000,-0.180000,-0.240000,277.480011,55.910000,85256.742188,34.06,105.9,42.259998,PM10,16408
26.480000,38.340000,7.050000,8.140000,0.350000,44.580002,-0.660000,-0.650000,278.109985,53.740002,85952.273438,34.06,106.07,38.340000,PM10,16409
26.309999,37.599998,6.670000,8.660000,0.340000,42.930000,-1.110000,-0.950000,278.420013,52.250000,86027.109375,34.06,106.23,37.599998,PM10,16410
26.230000,37.090000,6.230000,9.670000,0.340000,41.650002,-1.620000,-1.140000,278.510010,51.320000,86032.179688,34.06,106.4,37.471428,PM2.5,16411
1.430000,1.700000,0.450000,2.020000,0.170000,69.809998,3.500000,3.130000,264.239990,77.540001,61702.789062,34.14,100.97,4.250000,CO,16638
1.400000,1.680000,0.470000,1.900000,0.170000,70.410004,3.780000,3.440000,264.880005,74.320000,61798.269531,34.15,101.14,4.250000,CO,16639
1.130000,1.340000,0.330000,0.900000,0.130000,71.139999,3.980000,2.510000,266.000000,70.610001,62632.078125,34.15,101.3,3.250000,CO,16640
1.040000,1.220000,0.280000,0.820000,0.130000,71.349998,3.580000,0.930000,267.079987,68.290001,64508.210938,34.16,101.46,3.250000,CO,16641
1.030000,1.230000,0.300000,1.070000,0.130000,72.040001,2.520000,-0.810000,266.970001,68.680000,65497.421875,34.16,101.63,3.250000,CO,16642
1.250000,1.520000,0.930000,2.260000,0.150000,74.239998,3.400000,-0.590000,267.619995,60.540001,64390.890625,34.17,102.12,3.750000,CO,16645
1.630000,1.930000,1.140000,3.120000,0.170000,74.370003,2.960000,-0.240000,268.369995,58.169998,65652.476562,34.18,102.29,4.250000,CO,16646
1.960000,2.340000,1.490000,4.290000,0.200000,73.459999,2.240000,0.060000,267.570007,62.270000,65644.593750,34.18,102.45,5.362500,NO2,16647
2.090000,2.540000,1.470000,5.260000,0.210000,71.430000,2.310000,0.390000,267.230011,66.059998,65534.210938,34.18,102.62,6.575000,NO2,16648
3.440000,3.980000,1.610000,5.220000,0.230000,68.690002,3.190000,-0.690000,269.980011,60.639999,68429.343750,34.19,103.11,6.525000,NO2,16651
3.680000,4.150000,1.210000,3.770000,0.200000,70.500000,1.780000,-1.310000,269.850006,62.070000,68182.296875,34.19,103.27,5.257143,PM2.5,16652
4.060000,4.570000,1.060000,3.150000,0.190000,70.949997,2.470000,-1.100000,268.269989,67.589996,65546.679688,34.19,103.44,5.800000,PM2.5,16653
5.030000,5.860000,1.250000,2.900000,0.190000,70.820000,3.360000,-0.480000,269.320007,66.180000,66088.203125,34.2,103.6,7.185715,PM2.5,16654
6.830000,8.270000,1.670000,3.130000,0.200000,70.190002,2.500000,0.190000,271.290009,63.529999,68589.390625,34.2,103.77,9.757143,PM2.5,16655
9.570000,12.130000,2.300000,3.490000,0.230000,68.790001,0.940000,0.730000,272.040009,65.830002,70453.617188,34.2,103.93,13.671428,PM2.5,16656
15.950000,21.480000,4.080000,4.660000,0.310000,66.480003,-0.620000,1.610000,272.859985,69.120003,73327.953125,34.2,104.1,22.785713,PM2.5,16657
22.219999,31.150000,6.150000,7.260000,0.420000,64.919998,-1.650000,1.280000,273.730011,68.500000,75715.343750,34.2,104.26,31.742857,PM2.5,16658
22.840000,32.889999,6.550000,8.440000,0.440000,64.309998,-1.380000,1.290000,272.970001,69.519997,74155.437500,34.2,104.42,32.889999,PM10,16659
23.770000,34.930000,7.090000,9.430000,0.460000,62.630001,0.840000,1.930000,271.660004,73.040001,71918.351562,34.2,104.59,34.930000,PM10,16660
25.790001,38.630001,7.890000,9.980000,0.500000,59.400002,2.880000,2.970000,273.220001,68.419998,73717.390625,34.2,104.75,38.630001,PM10,16661
29.219999,45.279999,9.180000,11.610000,0.560000,53.080002,1.610000,3.130000,276.489990,58.060001,78979.570312,34.2,104.92,45.279999,PM10,16662
36.439999,58.950001,12.050000,16.459999,0.710000,43.330002,-0.240000,2.100000,277.579987,55.869999,83167.656250,34.2,105.08,54.474998,PM10,16663
39.919998,65.019997,12.900000,18.969999,0.770000,39.180000,-0.320000,2.660000,277.579987,56.270000,84000.023438,34.2,105.25,57.509998,PM10,16664
40.410000,64.949997,12.300000,17.290001,0.750000,39.509998,-0.370000,3.580000,277.440002,55.910000,83683.531250,34.2,105.41,57.474998,PM10,16665
36.849998,56.279999,10.190000,12.820000,0.590000,42.250000,-0.680000,3.750000,276.459991,59.570000,83258.156250,34.2,105.58,53.139999,PM10,16666
33.270000,49.820000,9.190000,11.690000,0.500000,44.049999,-0.450000,3.090000,276.040009,60.049999,82597.109375,34.2,105.74,49.820000,PM10,16667
28.590000,41.950001,7.850000,9.870000,0.390000,44.830002,-0.270000,2.180000,276.190002,59.520000,82966.187500,34.2,105.9,41.950001,PM10,16668
26.389999,38.070000,7.030000,7.990000,0.340000,44.990002,-0.680000,1.130000,276.820007,56.990002,83557.539062,34.2,106.07,38.070000,PM10,16669
26.629999,38.080002,6.630000,9.390000,0.330000,42.090000,-0.980000,0.410000,277.010010,56.150002,83613.500000,34.2,106.23,38.080002,PM10,16670
27.370001,38.900002,6.210000,12.030000,0.340000,39.560001,-1.120000,0.050000,276.869995,56.970001,83334.140625,34.2,106.4,39.100002,PM2.5,16671
28.360001,40.270000,5.890000,15.160000,0.370000,38.020000,-1.140000,0.100000,276.399994,58.570000,82908.492188,34.19,106.56,40.514286,PM2.5,16672
1.350000,1.640000,0.490000,2.160000,0.170000,68.610001,4.790000,2.940000,265.609985,72.739998,63729.019531,34.28,100.97,4.250000,CO,16896
1.280000,1.550000,0.450000,1.850000,0.170000,68.820000,3.890000,2.710000,266.450012,70.470001,64490.300781,34.28,101.13,4.250000,CO,16897
1.540000,1.690000,0.690000,2.580000,0.160000,73.040001,3.090000,0.210000,267.929993,61.619999,66034.000000,34.31,102.28,4.000000,CO,16904
1.900000,2.090000,0.920000,3.730000,0.180000,72.529999,2.470000,0.230000,267.299988,63.029999,65346.218750,34.31,102.45,4.662500,NO2,16905
2.070000,2.310000,0.930000,4.390000,0.190000,71.389999,2.570000,0.620000,267.429993,63.380001,65249.109375,34.32,102.61,5.487500,NO2,16906
2.360000,2.620000,0.920000,4.520000,0.200000,70.589996,2.630000,0.450000,267.510010,64.440002,65277.378906,34.32,102.78,5.650000,NO2,16907
2.800000,3.070000,0.950000,4.410000,0.200000,70.080002,3.180000,-0.160000,268.160004,62.400002,65612.023438,34.32,102.94,5.512500,NO2,16908
3.520000,3.790000,1.080000,4.040000,0.210000,70.400002,2.870000,-0.220000,269.220001,58.919998,66749.117188,34.33,103.11,5.250000,CO,16909
3.930000,4.300000,1.060000,3.430000,0.210000,70.529999,2.410000,0.680000,268.609985,62.020000,66116.796875,34.33,103.27,5.614286,PM2.5,16910
4.440000,4.940000,1.080000,3.300000,0.210000,70.360001,3.120000,1.480000,268.579987,63.619999,65543.140625,34.33,103.44,6.342857,PM2.5,16911
5.800000,6.630000,1.360000,3.410000,0.210000,69.870003,2.910000,0.890000,270.399994,61.810001,67483.703125,34.33,103.6,8.285714,PM2.5,16912
10.420000,12.480000,2.570000,4.600000,0.270000,68.400002,1.620000,0.440000,271.890015,61.099998,69868.539062,34.33,103.76,14.885715,PM2.5,16913
16.059999,20.420000,3.780000,5.590000,0.340000,66.860001,0.220000,0.630000,272.940002,62.490002,72499.937500,34.34,103.93,22.942856,PM2.5,16914
24.879999,33.400002,5.730000,7.650000,0.450000,64.059998,-1.140000,1.640000,273.019989,67.660004,74277.078125,34.34,104.09,35.542854,PM2.5,16915
26.570000,36.700001,6.310000,8.250000,0.470000,63.779999,-0.930000,1.810000,272.390015,70.860001,73631.296875,34.34,104.26,37.957142,PM2.5,16916
26.580000,37.509998,6.500000,9.010000,0.480000,63.020000,0.600000,2.970000,271.880005,71.480003,72397.820312,34.34,104.42,37.971428,PM2.5,16917
27.629999,39.889999,7.040000,9.500000,0.500000,61.830002,2.230000,3.510000,272.079987,68.900002,71703.343750,34.34,104.59,39.889999,PM10,16918
28.770000,42.279999,7.830000,9.690000,0.510000,59.230000,2.480000,3.190000,273.839996,63.939999,73962.031250,34.34,104.75,42.279999,PM10,16919
32.730000,49.950001,9.100000,11.810000,0.580000,52.820000,0.370000,2.750000,275.809998,59.279999,78757.937500,34.34,104.92,49.950001,PM10,16920
37.720001,59.590000,11.270000,14.680000,0.670000,46.230000,-0.710000,1.620000,276.140015,60.209999,81293.968750,34.34,105.08,54.794998,PM10,16921
41.150002,65.809998,12.030000,17.430000,0.740000,41.939999,0.360000,1.860000,276.269989,59.910000,81988.093750,34.34,105.25,57.904999,PM10,16922
41.660000,66.379997,11.660000,16.709999,0.740000,40.709999,0.990000,3.060000,276.529999,58.500000,82825.156250,34.34,105.41,58.325001,PM2.5,16923
38.439999,59.110001,10.020000,13.710000,0.620000,41.410000,0.910000,4.190000,276.290009,59.389999,82960.023438,34.34,105.58,54.555000,PM10,16924
34.150002,51.490002,9.010000,12.170000,0.510000,42.779999,0.640000,4.740000,276.839996,56.660000,82799.929688,34.34,105.74,50.745003,PM10,16925
29.170000,43.220001,7.910000,10.370000,0.410000,43.970001,-0.210000,4.320000,277.130005,55.860001,83033.289062,34.34,105.91,43.220001,PM10,16926
27.120001,39.419998,7.050000,9.150000,0.350000,43.490002,-0.870000,3.200000,276.850006,56.419998,82617.570312,34.34,106.07,39.419998,PM10,16927
28.290001,41.040001,6.820000,12.530000,0.360000,39.480000,-0.910000,1.770000,276.279999,59.369999,82189.101562,34.33,106.24,41.040001,PM10,16928
31.209999,45.400002,6.540000,18.490000,0.390000,34.779999,-0.710000,0.890000,276.290009,62.270000,83556.046875,34.33,106.4,45.400002,PM10,16929
33.599998,49.259998,6.610000,23.820000,0.440000,32.889999,-0.410000,0.560000,276.880005,61.400002,85800.570312,34.33,106.56,49.259998,PM10,16930
1.770000,1.960000,0.510000,2.300000,0.170000,71.879997,2.440000,0.520000,267.609985,64.889999,66710.226562,34.45,102.28,4.250000,CO,17162
2.080000,2.330000,0.680000,3.280000,0.190000,71.260002,2.480000,1.320000,267.559998,63.430000,66045.187500,34.45,102.44,4.750000,CO,17163
2.220000,2.550000,0.730000,3.780000,0.190000,70.730003,2.530000,1.430000,268.170013,61.110001,66400.546875,34.45,102.61,4.750000,CO,17164
2.580000,2.980000,0.770000,4.100000,0.210000,70.559998,2.500000,1.440000,268.130005,61.270000,66243.226562,34.46,102.77,5.250000,CO,17165
3.030000,3.490000,0.830000,4.180000,0.210000,70.550003,3.220000,1.170000,268.880005,58.270000,66684.757812,34.46,102.94,5.250000,CO,17166
3.900000,4.440000,0.970000,4.140000,0.230000,70.239998,3.280000,0.960000,270.010010,55.150002,68054.171875,34.46,103.1,5.750000,CO,17167
5.280000,6.120000,1.250000,4.160000,0.250000,69.720001,2.930000,1.420000,270.059998,56.299999,68247.523438,34.46,103.27,7.542858,PM2.5,17168
6.460000,7.650000,1.410000,4.310000,0.260000,69.120003,3.000000,1.320000,271.010010,55.770000,69295.757812,34.47,103.43,9.228572,PM2.5,17169
8.630000,10.520000,1.730000,4.940000,0.290000,68.000000,2.530000,0.280000,272.309998,55.259998,71210.617188,34.47,103.6,12.328571,PM2.5,17170
14.360000,18.180000,3.040000,6.090000,0.360000,66.940002,1.290000,0.190000,272.890015,57.169998,72673.578125,34.47,103.76,20.514286,PM2.5,17171
21.930000,29.090000,4.560000,7.540000,0.450000,65.250000,-0.350000,0.240000,273.260010,61.130001,74624.187500,34.47,103.93,31.328571,PM2.5,17172
28.080000,38.500000,5.600000,9.030000,0.530000,63.689999,-0.840000,1.070000,272.750000,66.320000,74484.273438,34.47,104.09,40.114285,PM2.5,17173
28.299999,39.480000,5.840000,8.940000,0.510000,62.549999,0.890000,2.380000,271.910004,68.959999,72696.203125,34.47,104.26,40.428570,PM2.5,17174
29.139999,41.270000,6.120000,9.630000,0.520000,61.119999,2.600000,3.580000,272.709991,65.610001,73222.562500,34.47,104.42,41.628571,PM2.5,17175
30.900000,44.779999,6.720000,10.170000,0.540000,59.459999,2.860000,3.820000,274.010010,60.560001,74210.171875,34.48,104.59,44.779999,PM10,17176
32.770000,48.540001,7.490000,10.700000,0.570000,57.270000,2.020000,3.780000,274.859985,58.680000,75410.273438,34.48,104.75,48.540001,PM10,17177
34.820000,53.119999,8.550000,12.080000,0.600000,53.020000,0.330000,4.120000,275.239990,59.730000,77730.859375,34.48,104.92,51.559998,PM10,17178
37.820000,59.259998,10.680000,13.110000,0.640000,48.240002,0.310000,4.150000,274.579987,64.589996,78221.210938,34.48,105.08,54.629997,PM10,17179
42.150002,67.120003,11.680000,16.190001,0.740000,44.040001,2.130000,4.590000,275.029999,63.880001,79128.023438,34.48,105.25,58.937500,PM2.5,17180
43.130001,68.620003,11.360000,16.510000,0.750000,41.299999,2.610000,4.920000,276.640015,57.709999,81820.031250,34.48,105.41,60.162502,PM2.5,17181
41.630001,65.080002,10.760000,18.010000,0.700000,38.299999,1.850000,4.750000,277.279999,55.439999,83347.171875,34.47,105.58,58.287502,PM2.5,17182
38.680000,59.880001,10.270000,18.830000,0.620000,36.490002,0.980000,3.850000,278.130005,52.980000,84843.750000,34.47,105.74,54.940002,PM10,17183
33.439999,50.889999,8.930000,16.170000,0.490000,36.389999,-0.340000,3.280000,278.720001,52.480000,86049.328125,34.47,105.91,50.445000,PM10,17184
29.900000,44.320000,7.320000,12.990000,0.400000,38.220001,-1.530000,3.250000,278.010010,54.340000,84525.390625,34.47,106.07,44.320000,PM10,17185
30.400000,44.619999,7.130000,15.570000,0.390000,36.580002,-1.810000,2.370000,276.279999,60.389999,82775.453125,34.47,106.24,44.619999,PM10,17186
33.099998,48.250000,7.050000,19.850000,0.410000,33.360001,-0.910000,0.810000,276.040009,63.259998,84634.398438,34.47,106.4,48.250000,PM10,17187
34.740002,50.389999,7.310000,23.260000,0.430000,33.560001,-0.330000,-0.190000,277.589996,58.320000,87437.968750,34.47,106.57,50.195000,PM10,17188
1.880000,2.090000,0.390000,1.380000,0.160000,73.449997,4.300000,-1.610000,267.720001,64.139999,65985.179688,34.58,102.11,4.000000,CO,17419
2.350000,2.620000,0.490000,2.310000,0.180000,72.000000,3.260000,-0.610000,268.130005,64.040001,67006.226562,34.58,102.27,4.500000,CO,17420
2.650000,3.020000,0.600000,3.080000,0.200000,70.760002,2.840000,0.890000,268.149994,62.930000,67290.757812,34.59,102.44,5.000000,CO,17421
2.810000,3.260000,0.700000,3.440000,0.210000,69.980003,2.790000,1.270000,268.420013,60.680000,67638.703125,34.59,102.6,5.250000,CO,17422
3.070000,3.630000,0.680000,4.050000,0.220000,69.610001,2.990000,1.610000,268.880005,58.660000,68047.156250,34.59,102.77,5.500000,CO,17423
3.630000,4.370000,0.780000,4.420000,0.240000,69.820000,3.510000,1.260000,269.709991,56.080002,68812.406250,34.6,102.93,6.000000,CO,17424
5.480000,6.690000,1.180000,5.040000,0.270000,69.139999,3.370000,0.220000,270.329987,55.180000,69930.523438,34.6,103.1,7.828571,PM2.5,17425
9.910000,12.430000,2.000000,6.570000,0.380000,67.980003,2.960000,-0.280000,270.880005,55.150002,70870.390625,34.6,103.27,14.157143,PM2.5,17426
12.710000,16.250000,2.370000,7.410000,0.430000,67.300003,2.920000,-0.780000,271.609985,54.290001,71728.328125,34.6,103.43,18.157143,PM2.5,17427
14.360000,18.860001,2.440000,8.190000,0.440000,66.610001,3.060000,-0.940000,271.950012,55.529999,72276.882812,34.6,103.6,20.514286,PM2.5,17428
15.200000,20.480000,2.490000,6.930000,0.420000,67.150002,2.420000,0.010000,272.250000,57.970001,72857.921875,34.61,103.76,21.714285,PM2.5,17429
17.639999,24.219999,2.810000,6.950000,0.420000,66.099998,0.990000,0.090000,272.179993,61.700001,73237.960938,34.61,103.93,25.199999,PM2.5,17430
21.969999,30.639999,3.540000,7.770000,0.460000,64.080002,1.230000,0.460000,271.540009,65.910004,72547.656250,34.61,104.09,31.385714,PM2.5,17431
25.620001,36.130001,4.260000,8.830000,0.490000,61.419998,3.090000,2.140000,271.910004,65.580002,72563.117188,34.61,104.26,36.600002,PM2.5,17432
29.700001,42.500000,5.100000,10.410000,0.540000,58.520000,3.860000,2.820000,273.970001,59.270000,74904.187500,34.61,104.42,42.500000,PM10,17433
35.209999,51.820000,6.300000,12.690000,0.610000,55.310001,2.920000,2.540000,275.760010,55.290001,77702.062500,34.61,104.59,50.910000,PM10,17434
41.380001,63.070000,7.890000,15.010000,0.700000,51.849998,1.680000,2.340000,276.589996,54.240002,79206.109375,34.61,104.75,57.975002,PM2.5,17435
44.130001,69.040001,9.350000,16.629999,0.740000,47.720001,0.900000,3.740000,276.519989,55.160000,79760.390625,34.61,104.92,61.412502,PM2.5,17436
44.990002,71.339996,11.090000,17.500000,0.750000,42.959999,0.910000,4.640000,276.260010,57.340000,79642.828125,34.61,105.08,62.487503,PM2.5,17437
50.029999,80.139999,12.690000,21.959999,0.870000,38.970001,1.660000,4.120000,277.179993,56.020000,81114.953125,34.61,105.25,68.787498,PM2.5,17438
50.919998,82.309998,12.740000,24.520000,0.900000,35.150002,1.310000,4.100000,278.529999,52.160000,83814.796875,34.61,105.41,69.899994,PM2.5,17439
51.470001,83.040001,14.620000,36.000000,0.930000,26.049999,-0.020000,3.500000,278.119995,53.169998,84935.421875,34.61,105.58,70.587502,PM2.5,17440
48.060001,78.139999,14.330000,37.529999,0.840000,21.980000,-0.860000,1.770000,277.720001,56.099998,86060.250000,34.61,105.74,66.325005,PM2.5,17441
40.360001,64.279999,11.290000,27.870001,0.650000,26.389999,-1.870000,1.390000,277.959991,57.270000,86755.421875,34.61,105.91,57.139999,PM10,17442
34.730000,52.849998,7.920000,18.020000,0.490000,31.990000,-2.830000,2.360000,277.450012,58.070000,85217.460938,34.61,106.07,51.424999,PM10,17443
33.430000,49.520000,7.450000,17.760000,0.440000,33.250000,-2.690000,2.440000,276.309998,61.029999,83695.453125,34.61,106.24,49.520000,PM10,17444
2.020000,2.220000,0.420000,1.300000,0.170000,75.040001,3.150000,-0.320000,264.890015,75.440002,63748.480469,34.71,101.94,4.250000,CO,17675
2.350000,2.570000,0.360000,1.340000,0.180000,74.790001,4.470000,-0.830000,266.559998,67.730003,64487.679688,34.72,102.1,4.500000,CO,17676
2.660000,2.990000,0.400000,1.970000,0.190000,73.680000,4.040000,-0.980000,267.959991,63.919998,65696.312500,34.72,102.27,4.750000,CO,17677
3.020000,3.490000,0.470000,2.490000,0.210000,71.800003,3.240000,-0.430000,268.519989,62.779999,66898.820312,34.72,102.44,5.250000,CO,17678
3.400000,4.060000,0.670000,3.050000,0.230000,70.209999,2.950000,-0.080000,268.660004,60.889999,67808.101562,34.73,102.6,5.750000,CO,17679
3.890000,4.770000,0.740000,4.100000,0.250000,68.970001,3.010000,0.530000,268.980011,58.400002,68604.867188,34.73,102.77,6.250000,CO,17680
4.960000,6.260000,0.940000,5.000000,0.280000,68.360001,2.770000,0.170000,269.369995,57.020000,69554.726562,34.73,102.93,7.085714,PM2.5,17681
7.360000,9.560000,1.300000,5.890000,0.340000,68.519997,2.380000,-1.120000,269.459991,58.160000,69942.562500,34.73,103.1,10.514286,PM2.5,17682
11.410000,15.270000,1.860000,7.050000,0.440000,67.779999,2.430000,-1.970000,270.019989,56.990002,70026.617188,34.74,103.26,16.299999,PM2.5,17683
13.520000,18.480000,2.080000,7.580000,0.480000,67.160004,2.900000,-1.940000,270.570007,55.169998,70072.421875,34.74,103.43,19.314287,PM2.5,17684
15.010000,20.969999,2.080000,8.500000,0.500000,66.489998,3.220000,-1.230000,271.609985,53.200001,71157.437500,34.74,103.59,21.442858,PM2.5,17685
15.500000,22.030001,2.120000,7.340000,0.460000,67.639999,1.840000,0.710000,272.230011,56.029999,72713.156250,34.74,103.76,22.142857,PM2.5,17686
18.049999,25.920000,2.470000,7.670000,0.470000,65.879997,0.870000,1.330000,271.040009,61.549999,71451.382812,34.74,103.92,25.920000,PM10,17687
21.730000,31.299999,3.000000,8.410000,0.500000,63.730000,2.830000,1.460000,270.369995,63.919998,70086.117188,34.74,104.09,31.299999,PM10,17688
26.340000,37.959999,3.720000,9.580000,0.540000,60.590000,4.160000,1.890000,272.959991,57.910000,72800.710938,34.75,104.26,37.959999,PM10,17689
33.630001,49.549999,5.030000,11.830000,0.620000,56.599998,3.240000,1.770000,275.179993,54.349998,76471.296875,34.75,104.42,49.549999,PM10,17690
45.619999,68.959999,7.710000,16.930000,0.770000,49.860001,1.310000,0.720000,275.869995,55.950001,79345.289062,34.75,104.59,63.274998,PM2.5,17691
62.070000,97.339996,11.970000,24.209999,0.990000,39.139999,-0.510000,-0.100000,276.010010,59.189999,81617.851562,34.75,104.75,83.837502,PM2.5,17692
62.540001,100.839996,13.850000,27.129999,1.010000,33.410000,-1.060000,0.580000,276.470001,58.439999,82570.390625,34.75,104.92,84.425003,PM2.5,17693
63.889999,106.519997,16.750000,33.369999,1.060000,24.799999,-0.720000,0.710000,277.329987,56.480000,83977.000000,34.75,105.08,86.112503,PM2.5,17694
66.129997,111.260002,17.129999,36.889999,1.140000,22.270000,-1.040000,0.260000,278.170013,55.209999,85581.062500,34.75,105.25,88.912498,PM2.5,17695
61.380001,102.980003,16.709999,40.080002,1.100000,20.219999,-2.210000,1.090000,278.100006,56.049999,85804.398438,34.75,105.41,82.974998,PM2.5,17696
56.400002,93.650002,16.690001,46.110001,1.030000,15.970000,-2.920000,1.920000,277.429993,58.279999,85496.679688,34.75,105.58,76.750000,PM2.5,17697
49.290001,81.720001,14.420000,40.599998,0.870000,18.139999,-3.130000,1.680000,277.000000,60.730000,85348.531250,34.75,105.74,67.862503,PM2.5,17698
43.349998,70.769997,11.700000,32.070000,0.730000,22.610001,-2.990000,1.670000,276.570007,62.099998,84724.500000,34.74,105.91,60.437500,PM2.5,17699
36.889999,57.570000,8.080000,19.920000,0.550000,30.090000,-2.750000,2.040000,276.410004,61.590000,84332.960938,34.74,106.08,53.785000,PM10,17700
34.150002,51.820000,7.470000,17.980000,0.480000,32.950001,-2.620000,2.020000,276.640015,58.400002,83871.632812,34.74,106.24,50.910000,PM10,17701
33.599998,50.459999,7.510000,18.160000,0.480000,34.650002,-1.180000,1.290000,275.540009,59.230000,81406.343750,34.74,106.41,50.230000,PM10,17702
2.410000,2.680000,0.370000,1.520000,0.180000,75.070000,4.440000,1.010000,265.799988,71.010002,63972.250000,34.85,102.1,4.500000,CO,17933
2.650000,3.050000,0.370000,1.860000,0.200000,74.620003,4.370000,0.610000,266.890015,68.190002,64647.218750,34.86,102.27,5.000000,CO,17934
3.160000,3.770000,0.440000,2.330000,0.220000,71.959999,4.000000,-0.030000,267.980011,65.809998,65724.968750,34.86,102.43,5.500000,CO,17935
4.270000,5.330000,0.750000,3.300000,0.260000,70.099998,3.650000,-0.830000,268.829987,61.290001,66924.320312,34.86,102.6,6.500000,CO,17936
6.550000,8.500000,1.570000,6.260000,0.350000,67.599998,2.940000,-0.220000,269.339996,57.820000,68257.007812,34.86,102.76,9.357143,PM2.5,17937
8.970000,12.000000,2.430000,9.010000,0.430000,66.459999,1.240000,-0.260000,269.399994,57.380001,69505.429688,34.87,102.93,12.814286,PM2.5,17938
7.160000,9.750000,1.290000,6.770000,0.360000,69.660004,0.600000,-1.640000,268.989990,58.919998,68670.546875,34.87,103.09,10.228571,PM2.5,17939
8.120000,11.340000,1.260000,6.190000,0.370000,69.089996,1.830000,-2.180000,268.750000,58.880001,67425.460938,34.87,103.26,11.599999,PM2.5,17940
9.090000,12.970000,1.280000,6.100000,0.390000,68.669998,3.110000,-1.610000,269.519989,57.029999,67781.640625,34.87,103.43,12.985715,PM2.5,17941
11.850000,17.510000,1.520000,7.570000,0.450000,67.379997,3.370000,-1.350000,271.910004,51.070000,70693.882812,34.88,103.59,17.510000,PM10,17942
14.340000,21.559999,1.840000,7.870000,0.460000,67.529999,1.720000,1.210000,273.309998,51.250000,73717.781250,34.88,103.76,21.559999,PM10,17943
17.719999,26.660000,2.330000,8.880000,0.490000,64.889999,0.980000,3.130000,271.799988,57.380001,71897.609375,34.88,103.92,26.660000,PM10,17944
22.730000,34.220001,3.000000,10.220000,0.540000,62.669998,2.910000,2.960000,271.450012,57.950001,70593.976562,34.88,104.09,34.220001,PM10,17945
32.040001,49.090000,4.560000,13.520000,0.660000,58.430000,3.430000,1.810000,274.640015,52.570000,74628.109375,34.88,104.25,49.090000,PM10,17946
49.209999,77.220001,8.690000,20.360001,0.850000,48.790001,1.340000,1.030000,275.799988,53.570000,78176.031250,34.88,104.42,67.762497,PM2.5,17947
72.269997,116.629997,16.660000,33.919998,1.140000,31.459999,-1.060000,0.810000,275.089996,60.950001,79905.437500,34.88,104.59,96.587494,PM2.5,17948
68.330002,112.080002,16.040001,35.029999,1.070000,27.809999,-2.550000,0.460000,275.230011,63.290001,81085.507812,34.88,104.75,91.662506,PM2.5,17949
67.709999,113.230003,17.230000,39.910000,1.080000,22.629999,-2.460000,-0.030000,275.269989,63.790001,81583.359375,34.88,104.92,90.887497,PM2.5,17950
71.620003,122.480003,20.969999,51.330002,1.190000,16.190001,-2.010000,-1.130000,276.269989,61.830002,83879.953125,34.88,105.08,95.775002,PM2.5,17951
66.790001,114.519997,16.940001,39.459999,1.150000,20.320000,-2.850000,-0.990000,277.250000,59.709999,85266.343750,34.88,105.25,89.737503,PM2.5,17952
62.360001,106.389999,15.410000,37.889999,1.100000,19.760000,-3.200000,0.170000,276.769989,61.709999,84596.257812,34.88,105.41,84.199997,PM2.5,17953
57.099998,96.449997,14.020000,38.450001,1.020000,19.049999,-2.760000,1.490000,276.700012,62.509998,84790.476562,34.88,105.58,77.625000,PM2.5,17954
47.540001,79.110001,12.140000,33.110001,0.820000,21.980000,-2.770000,2.820000,276.730011,61.779999,84461.656250,34.88,105.75,65.675003,PM2.5,17955
42.439999,69.669998,10.190000,27.360001,0.700000,25.600000,-2.630000,3.140000,276.089996,62.709999,83374.359375,34.88,105.91,59.834999,PM10,17956
39.009998,63.169998,8.500000,21.889999,0.630000,29.639999,-2.340000,2.410000,276.190002,60.380001,83486.398438,34.88,106.08,56.584999,PM10,17957
36.049999,57.860001,7.690000,18.490000,0.580000,34.459999,-1.650000,1.660000,276.269989,56.750000,82552.726562,34.88,106.24,53.930000,PM10,17958
36.349998,57.650002,7.860000,18.770000,0.580000,35.560001,0.560000,1.600000,274.790009,58.689999,79603.156250,34.88,106.41,53.825001,PM10,17959
2.790000,3.250000,0.420000,1.890000,0.200000,72.760002,5.160000,1.830000,267.209991,66.169998,65260.441406,34.99,102.26,5.000000,CO,18191
3.500000,4.270000,0.490000,2.470000,0.230000,71.500000,4.450000,1.130000,267.940002,65.599998,66235.546875,34.99,102.43,5.750000,CO,18192
4.080000,5.190000,0.610000,3.090000,0.260000,70.459999,4.570000,-0.290000,268.079987,63.730000,66323.796875,35.0,102.59,6.500000,CO,18193
5.400000,7.140000,1.130000,5.250000,0.320000,68.480003,4.000000,-0.230000,269.489990,58.380001,68101.601562,35.0,102.76,8.000000,CO,18194
7.700000,10.530000,2.020000,8.550000,0.410000,67.180000,1.150000,-0.450000,269.589996,57.480000,69641.906250,35.0,102.93,11.000000,PM2.5,18195
6.340000,8.850000,1.170000,6.270000,0.340000,70.779999,0.490000,-1.560000,268.489990,59.919998,67645.226562,35.01,103.09,9.057143,PM2.5,18196
7.620000,10.970000,1.220000,6.370000,0.370000,69.910004,2.630000,-1.120000,267.510010,62.599998,65898.601562,35.01,103.26,10.970000,PM10,18197
9.260000,13.670000,1.320000,6.700000,0.400000,69.029999,3.990000,-0.480000,269.010010,58.410000,67007.609375,35.01,103.42,13.670000,PM10,18198
14.600000,22.850000,1.910000,8.680000,0.530000,67.199997,3.720000,-0.800000,272.549988,49.790001,71245.453125,35.01,103.59,22.850000,PM10,18199
19.980000,32.189999,2.610000,10.260000,0.620000,65.779999,2.280000,1.050000,274.790009,46.750000,75248.476562,35.01,103.75,32.189999,PM10,18200
23.559999,37.970001,3.080000,11.540000,0.640000,63.380001,1.650000,3.360000,274.059998,50.779999,74585.929688,35.02,103.92,37.970001,PM10,18201
30.510000,48.990002,3.970000,14.190000,0.710000,60.160000,2.420000,2.880000,274.489990,51.220001,74609.242188,35.02,104.09,48.990002,PM10,18202
51.380001,85.379997,7.850000,22.350000,0.950000,50.310001,1.330000,1.110000,275.809998,52.580002,77724.156250,35.02,104.25,70.474998,PM2.5,18203
70.370003,116.519997,14.110000,30.920000,1.110000,36.119999,-0.890000,0.560000,275.170013,59.660000,79753.156250,35.02,104.42,94.212502,PM2.5,18204
73.660004,122.029999,16.860001,36.110001,1.130000,28.910000,-1.930000,1.170000,274.809998,64.989998,80743.171875,35.02,104.58,98.325005,PM2.5,18205
65.220001,108.760002,15.520000,34.680000,1.000000,27.830000,-2.620000,1.760000,275.010010,64.639999,80826.468750,35.02,104.75,87.775002,PM2.5,18206
63.919998,107.839996,16.139999,37.700001,1.000000,24.620001,-2.450000,1.680000,274.730011,65.099998,80586.492188,35.02,104.92,86.149994,PM2.5,18207
66.180000,113.370003,17.629999,43.150002,1.090000,21.250000,-1.890000,0.320000,275.179993,64.220001,81890.828125,35.02,105.08,88.974998,PM2.5,18208
63.740002,109.440002,15.410000,36.470001,1.080000,23.570000,-2.180000,0.280000,275.619995,63.389999,82569.109375,35.02,105.25,85.925003,PM2.5,18209
61.869999,106.290001,14.460000,35.590000,1.070000,21.700001,-2.040000,0.920000,275.369995,65.800003,82638.960938,35.02,105.42,83.587502,PM2.5,18210
57.669998,98.820000,13.110000,35.020000,1.020000,20.950001,-1.530000,1.510000,275.829987,65.559998,83772.046875,35.02,105.58,78.337494,PM2.5,18211
50.009998,85.739998,11.690000,30.750000,0.880000,23.270000,-1.630000,2.840000,276.329987,63.380001,84176.960938,35.02,105.75,68.762497,PM2.5,18212
44.950001,76.900002,10.040000,26.690001,0.790000,26.530001,-2.020000,3.280000,276.540009,60.330002,83837.953125,35.02,105.91,63.450001,PM10,18213
41.930000,71.930000,8.900000,23.700001,0.750000,30.510000,-2.060000,2.570000,276.640015,56.619999,83335.820312,35.02,106.08,60.965000,PM10,18214
36.209999,59.919998,7.740000,18.260000,0.620000,36.779999,-0.410000,1.980000,275.200012,58.080002,80406.296875,35.01,106.25,54.959999,PM10,18215
36.490002,58.950001,7.930000,19.209999,0.600000,36.680000,2.170000,2.110000,274.290009,58.139999,78257.703125,35.01,106.41,54.474998,PM10,18216
39.630001,57.200001,7.870000,21.170000,0.510000,37.549999,0.210000,2.080000,277.440002,62.570000,87991.773438,35.0,107.24,55.787502,PM2.5,18221
40.770000,57.400002,8.100000,20.570000,0.520000,37.430000,-0.130000,1.820000,277.670013,60.880001,88328.296875,35.0,107.41,57.212502,PM2.5,18222
41.980000,57.230000,8.670000,20.190001,0.510000,37.799999,-0.310000,1.960000,277.359985,61.740002,88656.187500,34.99,107.57,58.724998,PM2.5,18223
44.060001,59.740002,9.030000,24.700001,0.540000,34.400002,-0.170000,2.100000,277.119995,63.099998,88913.703125,34.99,107.74,61.325001,PM2.5,18224
3.980000,4.910000,0.600000,2.740000,0.250000,71.150002,4.930000,1.480000,268.329987,63.430000,67546.843750,35.13,102.42,6.250000,CO,18445
4.250000,5.440000,0.580000,3.150000,0.270000,70.410004,5.000000,1.100000,268.339996,61.669998,67154.000000,35.13,102.59,6.750000,CO,18446
5.120000,6.790000,0.930000,4.860000,0.320000,69.029999,4.620000,0.320000,269.769989,56.540001,68795.773438,35.14,102.76,8.000000,CO,18447
6.680000,9.170000,1.570000,7.540000,0.380000,67.440002,2.050000,0.380000,269.250000,57.860001,68955.476562,35.14,102.92,9.542857,PM2.5,18448
6.380000,8.940000,1.240000,6.120000,0.350000,69.370003,2.210000,0.260000,267.579987,61.869999,66266.523438,35.14,103.09,9.114285,PM2.5,18449
7.720000,11.220000,1.280000,6.510000,0.380000,68.760002,3.990000,0.820000,268.390015,59.160000,66420.343750,35.14,103.25,11.220000,PM10,18450
9.720000,14.690000,1.400000,7.170000,0.420000,67.709999,4.070000,0.640000,270.910004,52.660000,69109.359375,35.15,103.42,14.690000,PM10,18451
17.879999,29.000000,2.320000,9.910000,0.610000,65.820000,3.280000,0.130000,273.850006,46.689999,73000.492188,35.15,103.59,29.000000,PM10,18452
26.270000,44.259998,3.490000,12.640000,0.770000,63.939999,2.230000,0.920000,275.769989,44.060001,76459.609375,35.15,103.75,44.259998,PM10,18453
33.110001,55.820000,4.470000,15.350000,0.850000,61.340000,1.470000,2.360000,275.720001,46.480000,77166.796875,35.15,103.92,52.910000,PM10,18454
44.000000,74.470001,5.990000,19.969999,0.940000,54.959999,0.720000,1.780000,275.579987,50.750000,77592.359375,35.15,104.09,62.235001,PM10,18455
66.410004,114.790001,10.450000,28.900000,1.170000,43.009998,-0.730000,0.440000,274.859985,59.470001,78841.343750,35.15,104.25,89.262505,PM2.5,18456
76.900002,131.059998,14.800000,33.529999,1.220000,33.500000,-1.560000,0.770000,274.380005,64.230003,79300.460938,35.15,104.42,102.375000,PM2.5,18457
72.120003,122.110001,15.910000,35.380001,1.100000,29.690001,-1.400000,1.590000,274.209991,67.080002,79690.968750,35.16,104.58,96.400002,PM2.5,18458
61.250000,103.419998,14.560000,32.709999,0.930000,29.440001,-1.590000,2.340000,274.440002,66.739998,80293.953125,35.16,104.75,82.812500,PM2.5,18459
59.490002,101.010002,14.760000,34.450001,0.930000,27.370001,-1.750000,2.580000,274.470001,65.910004,80289.101562,35.16,104.92,80.612503,PM2.5,18460
62.310001,106.940002,15.680000,38.150002,1.020000,24.680000,-1.370000,1.990000,274.420013,66.099998,80490.546875,35.16,105.08,84.137505,PM2.5,18461
61.459999,105.650002,14.620000,34.290001,1.030000,25.650000,-1.190000,2.050000,274.489990,66.510002,80793.351562,35.16,105.25,83.074997,PM2.5,18462
60.889999,104.980003,14.160000,33.880001,1.050000,23.670000,-0.990000,2.070000,274.700012,67.269997,81552.976562,35.16,105.42,82.362503,PM2.5,18463
57.950001,100.750000,12.830000,32.730000,1.030000,23.160000,-0.690000,1.660000,275.359985,66.349998,83149.796875,35.15,105.58,78.687500,PM2.5,18464
54.570000,97.639999,12.100000,31.020000,1.010000,24.250000,-0.840000,1.990000,275.940002,64.080002,84087.296875,35.15,105.75,74.462502,PM2.5,18465
50.099998,91.089996,10.740000,28.280001,0.960000,26.980000,-1.370000,2.230000,276.440002,59.360001,84047.101562,35.15,105.91,70.544998,PM10,18466
46.060001,84.639999,9.530000,26.190001,0.930000,31.570000,-1.340000,2.160000,276.420013,56.080002,82729.062500,35.15,106.08,67.320000,PM10,18467
37.459999,64.800003,8.120000,19.270000,0.690000,37.610001,1.100000,2.580000,274.559998,58.790001,79174.906250,35.15,106.25,57.400002,PM10,18468
36.299999,60.439999,8.050000,19.299999,0.630000,37.700001,2.910000,2.550000,274.799988,55.500000,78310.421875,35.15,106.41,55.220001,PM10,18469
41.090000,66.599998,9.160000,32.169998,0.670000,27.440001,1.150000,2.610000,276.709991,52.430000,82654.671875,35.15,106.58,58.299999,PM10,18470
41.669998,64.489998,8.380000,28.959999,0.610000,29.760000,-0.240000,3.170000,277.170013,55.270000,86023.640625,35.14,106.75,58.337498,PM2.5,18471
40.330002,60.790001,8.220000,24.780001,0.540000,34.349998,0.060000,3.790000,277.000000,59.080002,86753.093750,35.14,106.91,56.662502,PM2.5,18472
39.549999,58.240002,8.200000,22.040001,0.510000,36.810001,0.470000,3.450000,276.920013,62.830002,87113.593750,35.14,107.08,55.687500,PM2.5,18473
39.509998,57.930000,8.180000,19.719999,0.510000,38.270000,0.270000,2.270000,277.059998,64.180000,87508.382812,35.14,107.24,55.637497,PM2.5,18474
40.250000,58.209999,8.520000,19.110001,0.520000,38.669998,-0.210000,1.710000,277.070007,64.099998,87857.226562,35.13,107.41,56.562500,PM2.5,18475
41.419998,58.990002,9.130000,20.440001,0.530000,37.849998,-0.040000,1.620000,277.100006,63.639999,88387.523438,35.13,107.58,58.024998,PM2.5,18476
3.890000,4.790000,0.580000,2.560000,0.250000,72.989998,5.530000,0.970000,269.239990,57.259998,68059.773438,35.27,102.42,6.250000,CO,18697
4.690000,6.050000,0.610000,3.210000,0.290000,71.730003,4.510000,0.980000,269.010010,57.680000,68308.257812,35.27,102.59,7.250000,CO,18698
6.900000,9.290000,1.000000,5.010000,0.360000,69.860001,4.090000,-0.230000,269.519989,55.980000,69129.921875,35.27,102.75,9.857143,PM2.5,18699
8.710000,12.150000,1.460000,6.970000,0.420000,67.849998,3.370000,1.990000,269.529999,56.529999,69353.382812,35.28,102.92,12.442857,PM2.5,18700
11.100000,16.070000,1.700000,7.280000,0.480000,67.660004,3.470000,3.020000,269.950012,54.119999,68543.218750,35.28,103.08,16.070000,PM10,18701
14.840000,22.270000,2.040000,8.750000,0.570000,66.339996,3.470000,2.410000,272.570007,47.590000,71107.968750,35.28,103.25,22.270000,PM10,18702
18.910000,29.570000,2.450000,10.110000,0.650000,65.300003,2.610000,1.480000,275.109985,42.770000,74642.203125,35.28,103.42,29.570000,PM10,18703
31.730000,52.580002,4.050000,15.090000,0.940000,62.000000,1.930000,0.960000,276.049988,42.400002,76593.421875,35.28,103.58,51.290001,PM10,18704
42.169998,72.730003,5.890000,19.820000,1.120000,58.279999,1.180000,1.160000,276.359985,43.570000,78084.578125,35.29,103.75,61.365002,PM10,18705
50.799999,89.269997,7.820000,23.670000,1.170000,54.340000,-0.060000,1.890000,275.809998,48.310001,78362.617188,35.29,103.92,69.750000,PM2.5,18706
52.650002,91.250000,8.050000,23.389999,1.070000,51.599998,-0.760000,1.320000,274.859985,54.980000,77796.968750,35.29,104.08,72.062500,PM2.5,18707
62.119999,107.660004,9.730000,27.070000,1.130000,45.720001,-0.340000,1.000000,274.230011,59.529999,77503.679688,35.29,104.25,83.900002,PM2.5,18708
68.449997,117.849998,11.750000,30.090000,1.160000,39.970001,0.370000,1.960000,273.980011,62.439999,77535.671875,35.29,104.42,91.812500,PM2.5,18709
71.660004,124.029999,15.020000,35.259998,1.120000,30.980000,0.290000,3.440000,274.029999,65.919998,78537.906250,35.29,104.58,95.825005,PM2.5,18710
60.220001,103.239998,14.010000,32.310001,0.920000,30.250000,-0.700000,3.650000,274.200012,66.739998,79552.281250,35.29,104.75,81.525002,PM2.5,18711
57.279999,97.959999,13.780000,32.669998,0.890000,29.180000,-0.960000,3.750000,274.010010,66.489998,79059.039062,35.29,104.92,77.849998,PM2.5,18712
60.869999,105.150002,14.690000,35.880001,0.990000,25.990000,-0.230000,3.780000,273.929993,66.620003,79015.898438,35.29,105.08,82.337502,PM2.5,18713
60.299999,104.120003,13.930000,32.400002,1.010000,26.830000,-0.150000,3.520000,274.209991,66.559998,79854.937500,35.29,105.25,81.625000,PM2.5,18714
59.630001,103.349998,13.520000,31.299999,1.020000,25.520000,-0.470000,2.910000,274.549988,66.900002,81093.187500,35.29,105.42,80.787498,PM2.5,18715
57.939999,102.300003,12.720000,30.209999,1.030000,26.180000,-0.560000,1.950000,275.100006,66.129997,82786.000000,35.29,105.58,78.674995,PM2.5,18716
55.290001,101.400002,12.090000,29.600000,1.050000,27.090000,-0.980000,1.950000,275.480011,64.209999,83368.617188,35.29,105.75,75.699997,PM10,18717
50.779999,94.559998,10.890000,27.730000,1.010000,30.219999,-1.540000,2.140000,275.910004,59.669998,82973.101562,35.29,105.92,72.279999,PM10,18718
46.250000,87.660004,9.770000,26.160000,0.990000,34.349998,-0.720000,2.050000,275.260010,59.389999,81064.296875,35.29,106.08,68.830002,PM10,18719
39.980000,72.400002,8.730000,21.570000,0.800000,37.230000,2.450000,2.730000,274.140015,60.380001,78683.351562,35.29,106.25,61.200001,PM10,18720
38.209999,66.519997,8.420000,21.230000,0.710000,36.639999,3.500000,2.580000,275.600006,54.340000,79743.703125,35.28,106.42,58.259998,PM10,18721
42.060001,70.059998,9.640000,33.650002,0.710000,27.549999,1.340000,2.940000,276.760010,52.529999,82892.250000,35.28,106.58,60.029999,PM10,18722
42.380001,67.440002,8.760000,29.969999,0.650000,29.610001,0.600000,3.650000,277.130005,53.910000,85480.562500,35.28,106.75,59.225002,PM2.5,18723
40.619999,62.560001,8.490000,25.270000,0.570000,33.560001,0.630000,3.820000,277.480011,56.139999,87214.242188,35.28,106.92,57.024998,PM2.5,18724
39.730000,59.689999,8.510000,21.639999,0.530000,36.320000,0.380000,3.590000,277.070007,61.810001,87525.656250,35.28,107.08,55.912498,PM2.5,18725
39.639999,59.700001,8.600000,19.570000,0.530000,37.970001,0.170000,2.840000,277.010010,64.230003,87456.906250,35.27,107.25,55.799999,PM2.5,18726
39.889999,59.820000,8.990000,19.270000,0.540000,38.639999,-0.100000,2.330000,276.959991,64.629997,87830.578125,35.27,107.41,56.112499,PM2.5,18727
40.570000,60.709999,9.680000,20.980000,0.550000,38.049999,-0.000000,1.850000,277.010010,64.120003,88377.179688,35.27,107.58,56.962502,PM2.5,18728
46.840000,68.440002,12.200000,33.689999,0.690000,31.730000,-0.070000,0.590000,276.779999,67.510002,90240.289062,35.26,107.91,64.800003,PM2.5,18730
3.560000,4.260000,0.510000,2.180000,0.230000,75.150002,4.650000,0.020000,269.170013,51.730000,67866.750000,35.4,102.42,5.750000,CO,18946
5.280000,6.810000,0.640000,2.970000,0.290000,73.519997,3.590000,-0.600000,268.250000,55.070000,67316.421875,35.41,102.58,7.542858,PM2.5,18947
10.260000,13.980000,1.200000,5.180000,0.440000,70.589996,4.060000,-0.870000,268.920013,52.689999,67440.578125,35.41,102.75,14.657144,PM2.5,18948
14.760000,21.150000,1.750000,7.670000,0.570000,67.989998,4.200000,1.220000,272.500000,46.180000,71888.062500,35.41,102.92,21.150000,PM10,18949
23.459999,35.169998,2.860000,11.130000,0.800000,65.129997,3.490000,2.620000,275.459991,41.070000,75540.093750,35.41,103.08,35.169998,PM10,18950
28.370001,43.759998,3.430000,13.130000,0.910000,63.009998,2.770000,2.380000,276.640015,39.209999,76991.156250,35.42,103.25,43.759998,PM10,18951
38.799999,62.330002,4.710000,16.740000,1.130000,59.869999,1.850000,1.420000,276.920013,40.259998,78070.710938,35.42,103.42,56.165001,PM10,18952
56.520000,95.669998,7.440000,24.700001,1.470000,53.840000,0.840000,0.920000,276.510010,44.049999,78909.328125,35.42,103.58,76.900002,PM2.5,18953
64.290001,113.550003,10.190000,30.660000,1.520000,49.310001,-0.630000,1.430000,276.350006,47.700001,79855.343750,35.42,103.75,86.612503,PM2.5,18954
65.959999,118.559998,11.450000,31.830000,1.440000,48.730000,-1.790000,1.770000,275.850006,50.779999,79278.882812,35.42,103.92,88.699997,PM2.5,18955
54.110001,95.760002,8.630000,24.020000,1.080000,52.080002,-0.890000,1.570000,274.690002,54.779999,77446.000000,35.42,104.08,73.887497,PM2.5,18956
58.119999,102.019997,9.300000,25.190001,1.070000,48.349998,1.030000,2.220000,274.230011,55.759998,76413.937500,35.43,104.25,78.900002,PM2.5,18957
60.840000,105.800003,10.180000,26.990000,1.060000,44.400002,2.060000,3.200000,274.739990,56.049999,77203.781250,35.43,104.42,82.300003,PM2.5,18958
67.879997,118.809998,13.350000,33.389999,1.080000,34.310001,1.290000,4.720000,275.140015,60.119999,79141.617188,35.43,104.58,91.099998,PM2.5,18959
59.919998,104.080002,13.390000,31.920000,0.920000,31.389999,0.080000,5.030000,274.790009,63.720001,79763.703125,35.43,104.75,81.149994,PM2.5,18960
56.830002,98.239998,13.200000,32.080002,0.890000,30.049999,0.260000,5.500000,274.750000,62.630001,78990.359375,35.43,104.92,77.287506,PM2.5,18961
60.070000,104.629997,14.030000,34.650002,0.980000,26.600000,0.500000,5.470000,274.799988,62.540001,79173.093750,35.43,105.08,81.337502,PM2.5,18962
59.090000,102.699997,13.290000,30.750000,0.980000,27.799999,-0.300000,4.530000,274.570007,64.779999,79977.453125,35.43,105.25,80.112503,PM2.5,18963
58.000000,101.070000,12.960000,28.900000,0.980000,27.650000,-0.650000,3.480000,274.410004,66.709999,80831.023438,35.43,105.42,78.750000,PM2.5,18964
57.360001,102.570000,12.580000,27.730000,1.020000,29.020000,-0.450000,2.310000,274.769989,66.099998,82287.906250,35.43,105.58,77.949997,PM2.5,18965
53.110001,98.260002,11.770000,26.950001,1.020000,30.740000,-0.920000,2.500000,275.220001,63.830002,82810.523438,35.43,105.75,74.130005,PM10,18966
48.419998,90.750000,10.530000,25.370001,0.970000,33.509998,-1.500000,2.980000,275.519989,59.830002,81958.812500,35.42,105.92,70.375000,PM10,18967
41.360001,70.440002,9.410000,30.430000,0.730000,30.450001,1.400000,3.100000,277.200012,50.950001,83306.007812,35.42,106.58,60.220001,PM10,18971
42.799999,70.260002,8.970000,29.440001,0.700000,30.490000,0.630000,3.980000,277.059998,53.750000,84910.390625,35.42,106.75,60.130001,PM10,18972
41.610001,66.349998,8.950000,25.900000,0.630000,32.900002,0.610000,3.360000,277.269989,56.570000,86875.562500,35.41,106.92,58.262501,PM2.5,18973
40.660000,63.639999,9.010000,22.270000,0.580000,35.360001,0.370000,3.000000,276.890015,62.430000,87701.007812,35.41,107.08,57.075001,PM2.5,18974
40.330002,64.000000,9.250000,21.100000,0.590000,36.810001,0.130000,2.640000,276.910004,64.639999,87687.539062,35.41,107.25,57.000000,PM10,18975
40.450001,65.070000,9.680000,21.500000,0.600000,36.880001,-0.050000,2.190000,276.760010,65.849998,88152.437500,35.41,107.42,57.535000,PM10,18976
40.599998,65.599998,10.340000,22.230000,0.600000,37.099998,0.020000,1.610000,276.649994,66.589996,88819.906250,35.4,107.58,57.799999,PM10,18977
41.959999,67.349998,11.590000,25.830000,0.640000,36.240002,0.110000,1.170000,276.619995,67.139999,89092.218750,35.4,107.75,58.699997,PM2.5,18978
44.459999,67.029999,12.590000,27.090000,0.680000,37.880001,-0.030000,0.930000,276.619995,67.639999,89406.851562,35.4,107.92,61.824997,PM2.5,18979
47.369999,67.150002,12.940000,27.629999,0.740000,38.529999,-0.400000,1.340000,276.940002,64.830002,89079.140625,35.39,108.08,65.462502,PM2.5,18980
47.639999,62.950001,12.260000,21.790001,0.720000,40.980000,-0.390000,1.030000,277.070007,61.810001,87984.898438,35.39,108.25,65.800003,PM2.5,18981
47.110001,59.849998,12.100000,18.910000,0.720000,41.520000,0.070000,0.160000,276.609985,60.279999,86408.726562,35.38,108.42,65.137497,PM2.5,18982
38.980000,48.180000,11.680000,15.380000,0.600000,44.349998,0.490000,-0.670000,276.269989,57.580002,85101.171875,35.38,108.58,54.974998,PM2.5,18983
6.480000,8.140000,0.820000,3.070000,0.330000,75.089996,3.870000,0.420000,267.109985,51.509998,65126.378906,35.54,102.58,9.257143,PM2.5,19192
15.120000,20.600000,1.840000,6.540000,0.600000,71.209999,3.980000,0.060000,268.519989,49.470001,65948.710938,35.54,102.74,21.600000,PM2.5,19193
28.410000,41.419998,3.240000,11.960000,0.950000,65.279999,2.710000,0.410000,274.500000,39.580002,73707.960938,35.55,102.91,41.419998,PM10,19194
57.840000,88.139999,7.600000,23.670000,1.660000,55.060001,1.420000,0.480000,278.279999,35.259998,80011.773438,35.55,103.08,78.550003,PM2.5,19195
53.490002,83.919998,6.950000,21.910000,1.490000,54.860001,0.070000,1.560000,277.450012,39.320000,79764.843750,35.55,103.25,73.112503,PM2.5,19196
59.410000,97.449997,7.850000,24.219999,1.550000,51.970001,-0.400000,1.450000,276.010010,45.200001,78497.453125,35.55,103.41,80.512497,PM2.5,19197
63.320000,108.959999,8.740000,26.850000,1.520000,50.799999,-1.060000,1.310000,275.820007,49.599998,79336.398438,35.56,103.58,85.400002,PM2.5,19198
60.709999,107.199997,9.270000,27.010000,1.360000,52.029999,-2.390000,1.450000,276.440002,48.369999,80212.406250,35.56,103.75,82.137497,PM2.5,19199
58.880001,104.870003,9.270000,26.100000,1.260000,53.220001,-1.560000,0.790000,275.420013,49.770000,78028.882812,35.56,103.91,79.849998,PM2.5,19200
50.040001,88.709999,8.080000,22.260000,1.030000,54.349998,0.850000,1.440000,274.209991,52.470001,75967.343750,35.56,104.08,69.354996,PM10,19201
53.799999,95.160004,8.960000,24.540001,1.030000,50.790001,2.370000,2.610000,275.130005,50.980000,76772.968750,35.56,104.25,73.500000,PM2.5,19202
56.619999,99.809998,9.660000,26.520000,1.020000,47.290001,2.450000,3.320000,276.260010,50.849998,78789.531250,35.56,104.42,77.025002,PM2.5,19203
63.759998,112.800003,12.400000,32.709999,1.060000,38.230000,1.350000,4.350000,276.170013,55.490002,80030.843750,35.56,104.58,85.949997,PM2.5,19204
58.849998,103.110001,12.550000,31.219999,0.920000,33.770000,0.900000,5.340000,275.399994,60.770000,80038.187500,35.56,104.75,79.812500,PM2.5,19205
55.490002,96.470001,12.300000,30.709999,0.870000,32.020000,1.150000,5.640000,276.109985,57.639999,80185.460938,35.56,104.92,75.612503,PM2.5,19206
58.180000,102.040001,13.250000,33.009998,0.950000,27.770000,0.040000,5.280000,276.170013,57.990002,80614.843750,35.56,105.08,78.974998,PM2.5,19207
56.950001,99.519997,12.620000,29.170000,0.950000,28.900000,-1.070000,4.870000,274.929993,63.340000,80282.062500,35.56,105.25,77.437500,PM2.5,19208
56.070000,98.169998,12.520000,27.450001,0.950000,28.930000,-0.920000,4.120000,274.369995,65.699997,80456.906250,35.56,105.42,76.337502,PM2.5,19209
57.459999,104.029999,13.280000,28.469999,1.040000,29.370001,-0.460000,2.860000,274.470001,66.250000,81759.523438,35.56,105.58,78.074997,PM2.5,19210
51.639999,96.019997,12.510000,26.200001,1.000000,32.509998,-0.610000,2.880000,275.019989,63.759998,82454.023438,35.56,105.75,73.009995,PM10,19211
43.570000,76.360001,10.850000,37.410000,0.810000,26.510000,0.470000,2.730000,277.829987,49.080002,84338.046875,35.55,106.59,63.180000,PM10,19216
43.869999,73.139999,10.280000,40.980000,0.730000,23.270000,-0.150000,3.860000,277.299988,53.349998,85408.406250,35.55,106.75,61.570000,PM10,19217
42.630001,68.980003,10.120000,36.560001,0.650000,25.830000,0.190000,3.790000,276.970001,57.730000,86206.281250,35.55,106.92,59.537502,PM2.5,19218
41.439999,66.919998,9.720000,24.650000,0.620000,33.540001,0.340000,3.000000,276.820007,62.200001,87193.773438,35.55,107.09,58.459999,PM10,19219
40.820000,67.629997,9.860000,21.719999,0.620000,36.259998,-0.050000,2.400000,276.709991,65.510002,87688.226562,35.54,107.26,58.814999,PM10,19220
40.669998,68.830002,10.460000,21.930000,0.630000,37.040001,-0.300000,1.930000,276.510010,67.099998,88063.578125,35.54,107.42,59.415001,PM10,19221
41.130001,71.860001,11.800000,26.990000,0.660000,34.669998,-0.130000,1.460000,276.579987,66.650002,88391.429688,35.54,107.59,60.930000,PM10,19222
40.419998,67.650002,12.280000,25.090000,0.640000,37.700001,0.060000,1.330000,276.660004,66.620003,88720.242188,35.53,107.76,58.825001,PM10,19223
41.380001,63.459999,12.850000,23.290001,0.650000,41.480000,0.030000,1.180000,276.529999,67.709999,89356.578125,35.53,107.92,57.975002,PM2.5,19224
43.090000,60.599998,12.860000,22.120001,0.670000,42.919998,-0.300000,1.390000,276.850006,64.459999,88917.398438,35.53,108.09,60.112499,PM2.5,19225
43.250000,56.930000,12.280000,18.070000,0.660000,43.900002,-0.310000,1.090000,276.899994,61.490002,87689.171875,35.52,108.26,60.312500,PM2.5,19226
42.919998,54.750000,12.170000,15.940000,0.660000,44.049999,0.280000,0.410000,276.380005,60.119999,86127.773438,35.52,108.42,59.899998,PM2.5,19227
35.990002,44.750000,11.690000,12.590000,0.560000,46.900002,0.730000,-0.550000,276.029999,58.029999,84878.382812,35.51,108.59,51.237503,PM2.5,19228
15.090000,20.340000,1.840000,6.460000,0.570000,71.989998,3.980000,0.650000,272.559998,39.330002,70918.187500,35.68,102.74,21.557142,PM2.5,19438
34.980000,51.169998,3.950000,14.090000,1.100000,63.740002,2.270000,0.540000,276.260010,35.529999,76209.390625,35.68,102.91,50.584999,PM10,19439
76.070000,117.080002,9.940000,29.610001,2.010000,49.599998,0.030000,0.410000,277.950012,37.950001,80783.031250,35.69,103.08,101.337502,PM2.5,19440
69.010002,110.360001,9.240000,27.350000,1.800000,50.439999,-1.440000,1.750000,277.130005,42.759998,80318.929688,35.69,103.24,92.512505,PM2.5,19441
66.349998,110.559998,8.820000,26.879999,1.660000,50.619999,-1.360000,2.380000,276.040009,45.970001,78817.968750,35.69,103.41,89.187500,PM2.5,19442
63.669998,110.339996,8.480000,26.879999,1.490000,51.509998,-1.730000,2.590000,276.010010,49.740002,79823.203125,35.69,103.58,85.837494,PM2.5,19443
59.160000,104.470001,8.460000,25.219999,1.320000,54.200001,-2.190000,1.980000,276.250000,44.919998,79022.117188,35.69,103.75,80.199997,PM2.5,19444
58.419998,104.339996,8.520000,24.889999,1.250000,55.020000,0.410000,1.280000,273.769989,46.470001,74791.648438,35.7,103.91,79.274994,PM2.5,19445
51.270000,91.230003,7.920000,22.629999,1.080000,55.380001,2.800000,1.740000,274.100006,46.400002,74678.562500,35.7,104.08,70.615005,PM10,19446
52.070000,92.900002,8.330000,23.840000,1.040000,52.849998,2.910000,2.340000,276.619995,44.759998,78271.726562,35.7,104.25,71.449997,PM10,19447
55.049999,99.120003,9.080000,26.110001,1.050000,49.090000,2.000000,2.280000,277.119995,48.250000,80255.820312,35.7,104.41,75.062500,PM2.5,19448
61.200001,109.620003,11.890000,32.150002,1.060000,40.830002,0.960000,3.330000,276.390015,54.740002,80364.218750,35.7,104.58,82.750000,PM2.5,19449
58.590000,103.739998,11.820000,30.650000,0.950000,35.880001,1.230000,4.920000,276.010010,58.290001,80481.921875,35.7,104.75,79.487503,PM2.5,19450
54.900002,96.029999,11.760000,29.160000,0.880000,33.040001,0.960000,4.170000,276.820007,55.990002,81358.093750,35.7,104.92,74.875000,PM2.5,19451
55.910000,98.510002,12.470000,30.900000,0.930000,29.750000,-0.610000,4.060000,276.640015,57.180000,81569.171875,35.7,105.08,76.137497,PM2.5,19452
54.970001,96.620003,12.090000,27.850000,0.930000,30.190001,-1.390000,4.720000,275.510010,61.090000,80833.117188,35.7,105.25,74.962502,PM2.5,19453
54.759998,96.720001,12.370000,26.660000,0.940000,29.990000,-1.260000,4.290000,274.750000,63.650002,80771.382812,35.7,105.42,74.699997,PM2.5,19454
57.619999,105.589996,13.890000,29.100000,1.060000,29.590000,-0.790000,3.290000,274.339996,66.019997,81366.156250,35.7,105.59,78.275002,PM2.5,19455
45.570000,80.790001,13.100000,46.599998,0.860000,21.620001,-0.330000,2.540000,277.329987,50.970001,84289.257812,35.69,106.59,65.395004,PM10,19461
45.169998,76.059998,12.550000,54.639999,0.750000,17.260000,-0.410000,3.120000,277.029999,55.110001,85557.679688,35.69,106.76,68.300003,NO2,19462
43.639999,71.790001,11.810000,47.169998,0.670000,19.969999,-0.060000,3.610000,276.890015,58.830002,86340.929688,35.69,106.92,60.895000,PM10,19463
41.950001,69.680000,10.640000,27.910000,0.640000,31.400000,0.040000,3.120000,276.700012,62.970001,87017.296875,35.68,107.09,59.840000,PM10,19464
41.000000,70.349998,10.600000,22.770000,0.640000,35.799999,-0.240000,2.530000,276.579987,66.050003,87412.500000,35.68,107.26,60.174999,PM10,19465
40.599998,71.529999,11.380000,22.700001,0.640000,37.290001,-0.430000,2.150000,276.450012,66.830002,87627.093750,35.68,107.43,60.764999,PM10,19466
41.830002,76.790001,13.450000,30.170000,0.700000,33.740002,-0.190000,1.860000,276.519989,65.650002,87512.531250,35.67,107.59,63.395000,PM10,19467
39.310001,68.070000,13.030000,24.700001,0.640000,38.880001,0.120000,1.500000,276.609985,66.430000,88317.500000,35.67,107.76,59.035000,PM10,19468
38.680000,60.290001,13.150000,20.299999,0.620000,44.080002,-0.060000,1.130000,276.489990,67.660004,89348.882812,35.67,107.93,55.145000,PM10,19469
39.340000,55.450001,12.780000,17.820000,0.610000,45.869999,-0.350000,1.320000,276.739990,64.500000,88746.789062,35.66,108.09,55.424999,PM2.5,19470
38.980000,51.450001,12.310000,14.730000,0.600000,46.560001,-0.340000,0.920000,276.670013,62.410000,87464.953125,35.66,108.26,54.974998,PM2.5,19471
39.330002,50.369999,12.480000,13.180000,0.610000,45.970001,0.220000,0.500000,276.089996,62.000000,86346.921875,35.65,108.43,55.412502,PM2.5,19472
19.240000,24.639999,2.450000,7.210000,0.610000,71.959999,4.430000,0.460000,276.989990,32.360001,77664.656250,35.82,102.74,27.485714,PM2.5,19681
35.240002,49.209999,3.840000,13.080000,1.030000,64.730003,3.010000,0.140000,277.760010,33.549999,79070.390625,35.82,102.91,50.300003,PM2.5,19682
61.830002,93.320000,7.630000,24.059999,1.590000,52.970001,0.610000,0.800000,277.519989,40.820000,80713.187500,35.82,103.07,83.537506,PM2.5,19683
66.639999,106.550003,8.630000,26.190001,1.710000,51.169998,-0.950000,2.520000,277.100006,44.009998,80558.250000,35.82,103.24,89.550003,PM2.5,19684
63.709999,105.720001,8.150000,25.809999,1.580000,51.580002,-1.040000,3.220000,276.230011,45.590000,79226.687500,35.83,103.41,85.887497,PM2.5,19685
60.580002,104.260002,7.670000,25.490000,1.410000,52.529999,-1.090000,3.610000,275.890015,48.669998,79463.390625,35.83,103.58,81.975006,PM2.5,19686
56.740002,99.620003,7.670000,25.040001,1.270000,54.150002,-0.460000,3.790000,275.790009,44.049999,78017.156250,35.83,103.74,77.175003,PM2.5,19687
53.619999,94.830002,7.670000,24.660000,1.160000,55.020000,1.890000,3.140000,274.859985,42.139999,75503.687500,35.83,103.91,73.275002,PM2.5,19688
52.950001,94.540001,7.960000,24.740000,1.120000,54.689999,3.070000,2.260000,276.839996,39.110001,77598.296875,35.83,104.08,72.437500,PM2.5,19689
49.689999,88.709999,7.890000,23.379999,1.020000,53.910000,2.040000,1.760000,277.850006,41.200001,80099.453125,35.83,104.25,69.354996,PM10,19690
48.709999,87.220001,7.980000,22.730000,0.950000,52.029999,0.760000,1.320000,276.579987,49.410000,80022.046875,35.83,104.41,68.610001,PM10,19691
55.040001,98.639999,10.040000,28.020000,0.980000,44.540001,0.560000,2.670000,276.230011,54.810001,80271.906250,35.83,104.58,75.050003,PM2.5,19692
55.950001,99.400002,10.690000,28.230000,0.920000,38.299999,0.760000,4.260000,276.250000,57.520000,80832.539062,35.84,104.75,76.187500,PM2.5,19693
53.060001,93.059998,11.220000,26.940001,0.860000,34.410000,0.000000,3.430000,276.410004,58.369999,81472.523438,35.84,104.92,72.575005,PM2.5,19694
53.590000,94.660004,11.880000,28.100000,0.890000,31.620001,-1.280000,3.720000,276.250000,58.990002,81677.398438,35.84,105.08,73.237503,PM2.5,19695
52.560001,92.849998,11.830000,26.580000,0.900000,31.660000,-1.890000,4.110000,275.589996,60.939999,81289.218750,35.84,105.25,71.950005,PM2.5,19696
43.720001,72.339996,12.880000,51.560001,0.670000,19.760000,0.060000,3.150000,276.630005,59.939999,85955.570312,35.82,106.93,64.450005,NO2,19706
42.049999,70.099998,11.610000,31.230000,0.630000,30.480000,0.140000,3.090000,276.579987,63.220001,86558.718750,35.82,107.09,60.049999,PM10,19707
40.709999,69.790001,11.530000,23.900000,0.620000,36.160000,-0.110000,2.730000,276.519989,65.970001,87130.117188,35.82,107.26,59.895000,PM10,19708
39.910000,69.989998,12.200000,22.219999,0.610000,38.790001,-0.330000,2.490000,276.410004,66.699997,87322.398438,35.81,107.43,59.994999,PM10,19709
41.230000,75.370003,14.290000,28.480000,0.680000,36.560001,-0.110000,2.390000,276.450012,65.300003,86971.039062,35.81,107.6,62.685001,PM10,19710
39.020000,68.019997,14.360000,25.410000,0.630000,39.459999,0.120000,1.770000,276.510010,66.750000,88039.226562,35.81,107.76,59.009998,PM10,19711
36.840000,58.330002,14.160000,20.299999,0.600000,44.689999,-0.110000,1.110000,276.440002,68.110001,89288.617188,35.8,107.93,54.165001,PM10,19712
36.169998,51.869999,12.880000,15.130000,0.580000,47.820000,-0.310000,1.240000,276.670013,64.620003,88561.031250,35.8,108.1,51.462498,PM2.5,19713
35.799999,48.410000,12.280000,12.600000,0.570000,48.070000,0.080000,0.770000,276.440002,62.580002,87024.578125,35.79,108.27,51.000000,PM2.5,19714
34.880001,45.689999,12.070000,11.300000,0.570000,48.509998,0.810000,0.410000,276.160004,60.540001,86015.562500,35.79,108.43,49.828571,PM2.5,19715
55.200001,81.559998,7.340000,24.110001,1.450000,51.610001,0.690000,0.530000,277.369995,41.000000,80464.281250,35.96,103.07,75.250000,PM2.5,19926
61.860001,97.379997,8.120000,26.430000,1.570000,50.389999,-0.100000,2.550000,277.309998,44.180000,81191.968750,35.96,103.24,83.574997,PM2.5,19927
59.599998,97.629997,7.660000,25.219999,1.480000,52.349998,-0.120000,3.760000,276.820007,43.520000,79772.039062,35.96,103.41,80.750000,PM2.5,19928
61.669998,105.900002,11.540000,38.419998,1.480000,46.720001,0.710000,4.620000,276.410004,45.369999,79356.101562,35.96,103.57,83.337494,PM2.5,19929
57.360001,101.379997,11.790000,41.139999,1.350000,46.669998,1.600000,4.910000,277.760010,38.930000,79941.210938,35.97,103.74,77.949997,PM2.5,19930
54.029999,98.330002,13.180000,46.130001,1.270000,44.459999,2.030000,3.110000,278.769989,35.290001,80482.203125,35.97,103.91,74.165001,PM10,19931
52.459999,96.230003,11.100000,33.299999,1.160000,48.770000,1.180000,1.680000,279.040009,36.639999,81536.453125,35.97,104.08,73.115005,PM10,19932
45.810001,82.849998,9.170000,24.629999,0.970000,52.590000,0.250000,1.240000,277.200012,43.639999,80208.648438,35.97,104.24,66.425003,PM10,19933
43.840000,78.570000,8.310000,21.650000,0.880000,53.049999,0.730000,1.540000,275.899994,49.130001,78619.398438,35.97,104.41,64.285004,PM10,19934
48.869999,87.570000,8.880000,24.059999,0.910000,47.590000,1.170000,2.680000,276.170013,53.150002,79716.421875,35.97,104.58,68.785004,PM10,19935
54.360001,97.589996,10.150000,26.100000,0.920000,39.380001,0.610000,4.220000,276.279999,57.150002,80806.406250,35.97,104.75,74.199997,PM2.5,19936
53.040001,94.059998,11.280000,25.830000,0.860000,35.090000,-0.600000,4.340000,276.260010,59.000000,81417.921875,35.97,104.92,72.550003,PM2.5,19937
51.700001,91.349998,11.490000,25.530001,0.860000,33.840000,-1.920000,4.330000,276.049988,59.820000,81784.578125,35.97,105.08,70.875000,PM2.5,19938
50.360001,89.010002,11.600000,24.959999,0.860000,33.799999,-2.390000,3.890000,275.410004,61.220001,81280.250000,35.97,105.25,69.505005,PM10,19939
42.459999,70.570000,13.160000,51.070000,0.650000,22.010000,0.560000,3.420000,276.489990,59.560001,85252.656250,35.96,106.93,63.837502,NO2,19949
41.119999,67.970001,12.000000,32.770000,0.600000,30.799999,0.350000,3.190000,276.549988,62.779999,86210.843750,35.95,107.1,58.985001,PM10,19950
39.610001,66.589996,11.930000,24.290001,0.570000,36.820000,-0.040000,2.780000,276.470001,66.029999,87021.296875,35.95,107.27,58.294998,PM10,19951
38.680000,66.360001,12.530000,21.049999,0.570000,40.110001,-0.060000,2.700000,276.350006,66.879997,87079.250000,35.95,107.43,58.180000,PM10,19952
39.779999,71.459999,14.270000,25.170000,0.630000,39.169998,0.080000,2.720000,276.489990,65.360001,86839.960938,35.95,107.6,60.730000,PM10,19953
38.820000,66.940002,15.400000,25.959999,0.610000,39.720001,-0.070000,1.950000,276.429993,67.699997,88015.218750,35.94,107.77,58.470001,PM10,19954
36.020000,56.930000,14.960000,21.610001,0.580000,44.290001,-0.280000,1.140000,276.309998,68.790001,88976.812500,35.94,107.94,53.465000,PM10,19955
33.869999,48.720001,12.630000,13.700000,0.540000,48.720001,-0.160000,1.040000,276.510010,65.160004,88195.179688,35.93,108.1,48.720001,PM10,19956
33.470001,46.070000,12.040000,11.620000,0.550000,49.150002,0.510000,0.790000,276.299988,62.950001,86680.367188,35.93,108.27,47.814289,PM2.5,19957
32.660000,43.660000,11.600000,10.580000,0.560000,49.500000,1.200000,0.390000,276.170013,60.250000,85703.539062,35.93,108.44,46.657143,PM2.5,19958
51.130001,74.169998,9.580000,30.490000,1.380000,47.939999,1.180000,0.350000,277.500000,40.400002,80618.648438,36.09,103.07,70.162498,PM2.5,20171
58.290001,90.830002,11.000000,37.889999,1.560000,42.389999,1.060000,1.860000,277.429993,44.570000,81658.843750,36.1,103.23,79.112503,PM2.5,20172
58.689999,93.910004,9.270000,33.590000,1.500000,46.840000,1.470000,3.450000,277.559998,42.570000,81004.093750,36.1,103.4,79.612495,PM2.5,20173
75.790001,131.169998,23.990000,75.279999,1.940000,27.639999,2.420000,4.230000,278.250000,40.310001,81464.742188,36.1,103.57,100.987503,PM2.5,20174
72.900002,135.210007,27.110001,86.339996,1.970000,21.590000,2.400000,3.260000,279.459991,37.090000,82813.046875,36.1,103.74,103.169998,NO2,20175
70.260002,147.929993,34.450001,86.949997,2.150000,18.860001,1.110000,0.940000,279.790009,36.700001,83663.710938,36.1,103.91,103.474998,NO2,20176
51.439999,99.639999,17.969999,51.320000,1.260000,38.500000,-0.160000,1.120000,278.670013,39.709999,82439.312500,36.1,104.08,74.820000,PM10,20177
45.470001,84.250000,12.190000,31.840000,1.020000,48.150002,0.380000,2.040000,276.239990,44.990002,78853.218750,36.11,104.24,67.125000,PM10,20178
43.770000,80.040001,10.240000,25.809999,0.940000,50.130001,2.010000,2.470000,275.350006,47.520000,77374.820312,36.11,104.41,65.020004,PM10,20179
47.259998,86.050003,9.410000,24.000000,0.940000,47.119999,2.180000,3.060000,276.369995,49.820000,79226.828125,36.11,104.58,68.025002,PM10,20180
54.570000,99.830002,10.450000,25.860001,0.970000,39.770000,0.830000,4.420000,277.070007,53.820000,81456.617188,36.11,104.75,74.915001,PM10,20181
54.480000,98.269997,11.570000,25.690001,0.910000,35.480000,-1.230000,5.090000,277.109985,56.240002,82564.382812,36.11,104.92,74.349998,PM2.5,20182
50.430000,89.160004,11.030000,23.440001,0.840000,36.009998,-2.590000,4.910000,276.369995,58.340000,82199.468750,36.11,105.08,69.580002,PM10,20183
48.689999,86.070000,11.140000,23.270000,0.840000,35.930000,-2.550000,4.290000,275.500000,59.869999,81153.671875,36.11,105.25,68.035004,PM10,20184
47.389999,84.400002,11.680000,23.790001,0.840000,35.860001,-1.540000,3.880000,274.579987,61.970001,79954.156250,36.11,105.42,67.199997,PM10,20185
39.680000,64.720001,12.140000,32.619999,0.560000,32.119999,0.240000,3.240000,276.429993,62.849998,85913.781250,36.09,107.1,57.360001,PM10,20195
38.439999,63.279999,12.160000,24.299999,0.530000,37.740002,0.210000,3.080000,276.260010,65.980003,86301.296875,36.09,107.27,56.639999,PM10,20196
37.759998,63.650002,12.770000,20.690001,0.530000,40.389999,0.470000,3.090000,276.359985,66.019997,86557.218750,36.08,107.44,56.825001,PM10,20197
38.340000,67.419998,14.360000,22.790001,0.580000,40.439999,0.160000,2.650000,276.529999,66.550003,87269.359375,36.08,107.61,58.709999,PM10,20198
38.520000,65.209999,16.480000,26.790001,0.590000,39.490002,-0.410000,1.870000,276.260010,69.550003,88267.906250,36.08,107.77,57.605000,PM10,20199
35.799999,56.400002,15.620000,23.270000,0.570000,42.959999,-0.440000,1.350000,276.230011,68.589996,88267.156250,36.07,107.94,53.200001,PM10,20200
32.680000,47.230000,12.440000,13.220000,0.530000,48.529999,0.050000,1.040000,276.179993,66.040001,87289.906250,36.07,108.11,47.230000,PM10,20201
32.790001,46.759998,11.980000,13.000000,0.580000,47.869999,0.960000,0.860000,275.899994,64.779999,86383.953125,36.07,108.28,46.842857,PM2.5,20202
32.959999,45.880001,11.620000,12.720000,0.630000,47.060001,1.410000,0.510000,275.989990,63.509998,86294.546875,36.06,108.45,47.085712,PM2.5,20203
32.970001,44.310001,11.470000,12.700000,0.660000,45.299999,1.350000,0.090000,276.140015,63.110001,87014.382812,36.06,108.61,47.100002,PM2.5,20204
44.029999,63.970001,9.700000,30.139999,1.210000,48.099998,2.220000,-0.560000,277.549988,41.130001,81004.507812,36.23,103.06,61.287498,PM2.5,20416
45.270000,69.400002,10.790000,36.009998,1.280000,44.340000,2.310000,0.260000,277.660004,43.130001,81766.453125,36.23,103.23,62.837502,PM2.5,20417
49.830002,79.440002,11.470000,37.700001,1.360000,42.290001,2.400000,1.640000,277.859985,44.000000,82284.960938,36.23,103.4,68.537506,PM2.5,20418
75.849998,134.300003,30.230000,84.260002,2.070000,21.940001,2.500000,2.140000,278.059998,43.500000,82536.046875,36.24,103.57,102.130005,NO2,20419
80.610001,154.429993,37.389999,88.639999,2.380000,18.860001,2.620000,1.170000,278.149994,42.939999,82518.953125,36.24,103.74,107.012497,PM2.5,20420
77.779999,161.550003,40.799999,80.250000,2.450000,18.200001,1.890000,0.010000,278.359985,43.060001,83024.289062,36.24,103.91,105.775002,PM10,20421
59.790001,119.519997,25.770000,72.449997,1.660000,28.950001,1.000000,1.720000,277.929993,42.410000,82105.210938,36.24,104.07,90.562500,NO2,20422
50.770000,96.779999,17.350000,48.290001,1.250000,38.549999,1.560000,3.520000,277.070007,42.400002,79954.609375,36.24,104.24,73.389999,PM10,20423
47.290001,87.849998,13.680000,34.840000,1.080000,43.259998,2.510000,3.220000,276.549988,42.900002,78619.046875,36.24,104.41,68.925003,PM10,20424
48.320000,89.620003,11.140000,27.010000,1.010000,43.200001,1.950000,3.260000,277.089996,46.110001,79500.406250,36.24,104.58,69.809998,PM10,20425
54.509998,100.349998,10.950000,25.570000,0.990000,39.490002,-0.020000,4.180000,277.980011,50.849998,82488.367188,36.24,104.75,75.175003,PM10,20426
52.900002,95.519997,11.130000,24.139999,0.900000,37.730000,-2.230000,4.900000,277.880005,54.049999,83814.859375,36.24,104.92,72.759995,PM10,20427
48.619999,85.570000,10.340000,21.370001,0.820000,38.490002,-2.970000,4.880000,276.480011,57.209999,82282.742188,36.24,105.08,67.785004,PM10,20428
46.470001,81.540001,10.360000,21.309999,0.810000,38.570000,-2.080000,4.620000,275.450012,59.040001,80692.632812,36.24,105.25,65.770004,PM10,20429
44.419998,78.379997,10.740000,21.790001,0.800000,39.060001,-0.480000,4.510000,274.440002,61.330002,79100.023438,36.24,105.42,64.190002,PM10,20430
39.250000,68.190002,14.480000,45.360001,0.660000,25.090000,0.990000,4.020000,276.529999,54.709999,83739.593750,36.23,106.77,59.095001,PM10,20438
38.970001,65.059998,13.360000,42.840000,0.600000,27.010000,0.640000,3.970000,276.450012,57.830002,84571.539062,36.23,106.94,57.529999,PM10,20439
38.259998,61.880001,12.390000,30.639999,0.530000,33.380001,0.570000,3.790000,276.140015,62.330002,84997.968750,36.23,107.1,55.940002,PM10,20440
37.560001,60.970001,12.370000,23.660000,0.510000,37.730000,0.750000,3.810000,276.329987,64.220001,85718.023438,36.22,107.27,55.485001,PM10,20441
37.020000,61.369999,13.130000,19.959999,0.510000,40.400002,0.390000,3.330000,276.559998,65.269997,86708.531250,36.22,107.44,55.684998,PM10,20442
37.500000,64.510002,14.770000,21.160000,0.550000,40.970001,-0.390000,2.340000,276.299988,69.160004,87576.226562,36.22,107.61,57.255001,PM10,20443
38.220001,64.040001,17.400000,27.410000,0.580000,38.759998,-0.640000,1.780000,276.059998,70.839996,87991.023438,36.21,107.78,57.020000,PM10,20444
35.549999,56.200001,15.990000,24.230000,0.580000,41.470001,-0.320000,1.610000,276.109985,68.519997,87601.218750,36.21,107.95,53.099998,PM10,20445
32.189999,46.950001,12.470000,14.090000,0.530000,47.520000,0.380000,1.210000,276.010010,66.220001,86502.570312,36.21,108.11,46.950001,PM10,20446
31.920000,46.099998,11.760000,13.690000,0.590000,47.189999,1.260000,0.960000,275.850006,65.379997,86086.703125,36.2,108.28,46.099998,PM10,20447
32.070000,45.470001,11.260000,13.520000,0.650000,46.279999,1.290000,0.470000,275.910004,65.760002,86710.476562,36.2,108.45,45.814285,PM2.5,20448
32.930000,45.250000,11.210000,13.670000,0.710000,44.700001,1.150000,0.080000,275.850006,64.540001,87136.648438,36.19,108.62,47.042858,PM2.5,20449
37.299999,50.970001,11.040000,28.320000,0.980000,51.680000,3.040000,-1.370000,277.269989,39.700001,80709.617188,36.36,102.89,52.875000,PM2.5,20661
34.930000,50.200001,8.840000,25.990000,1.010000,52.639999,2.560000,-1.090000,276.970001,41.590000,80112.328125,36.36,103.06,50.099998,PM10,20662
32.970001,48.730000,8.240000,25.049999,0.970000,52.080002,3.120000,-0.940000,277.380005,40.630001,80355.031250,36.37,103.23,48.730000,PM10,20663
34.880001,53.169998,8.610000,26.240000,1.000000,50.490002,2.360000,-0.160000,278.059998,41.000000,81869.039062,36.37,103.4,51.584999,PM10,20664
46.889999,77.769997,15.450000,45.299999,1.220000,39.250000,1.500000,0.720000,277.320007,45.389999,81648.632812,36.37,103.57,64.862503,PM2.5,20665
52.619999,91.709999,20.110001,56.259998,1.350000,33.240002,2.030000,0.650000,277.170013,45.680000,81312.218750,36.37,103.74,72.025002,PM2.5,20666
56.689999,103.660004,23.650000,62.380001,1.500000,28.950001,2.440000,0.440000,277.519989,45.090000,81786.226562,36.37,103.9,77.974998,NO2,20667
55.220001,103.610001,22.809999,61.560001,1.470000,28.459999,2.490000,1.690000,277.570007,44.889999,82064.398438,36.38,104.07,76.950005,NO2,20668
50.689999,95.209999,18.620001,48.110001,1.260000,35.310001,2.280000,2.750000,278.839996,40.860001,83043.046875,36.38,104.24,72.604996,PM10,20669
49.099998,91.070000,15.200000,36.259998,1.130000,39.910000,1.850000,2.860000,278.980011,39.490002,82351.156250,36.38,104.41,70.535004,PM10,20670
49.270000,90.290001,11.580000,25.900000,1.000000,41.529999,0.560000,3.170000,278.549988,44.080002,81777.367188,36.38,104.58,70.145004,PM10,20671
51.490002,92.620003,9.940000,22.389999,0.920000,41.509998,-1.770000,4.460000,278.470001,50.279999,83636.648438,36.38,104.75,71.309998,PM10,20672
49.950001,88.430000,9.700000,20.940001,0.860000,40.619999,-3.260000,5.220000,277.570007,54.419998,83568.609375,36.38,104.92,69.214996,PM10,20673
45.290001,78.180000,9.000000,18.309999,0.770000,41.930000,-2.380000,4.900000,275.769989,58.570000,80968.453125,36.38,105.08,64.089996,PM10,20674
43.720001,75.540001,9.250000,18.930000,0.770000,41.480000,-0.340000,5.000000,274.910004,60.369999,79693.500000,36.38,105.25,62.770000,PM10,20675
37.759998,67.629997,15.630000,38.610001,0.670000,29.049999,1.150000,3.720000,276.029999,53.730000,82305.390625,36.37,106.6,58.814999,PM10,20683
37.060001,64.029999,14.450000,37.720001,0.610000,29.490000,1.420000,3.700000,276.500000,54.000000,83542.820312,36.37,106.77,57.014999,PM10,20684
37.049999,61.840000,13.740000,35.340000,0.560000,30.670000,1.170000,4.010000,276.549988,56.459999,84465.890625,36.36,106.94,55.919998,PM10,20685
36.950001,59.709999,13.000000,27.260000,0.510000,35.029999,0.960000,4.240000,276.529999,59.380001,84999.656250,36.36,107.11,54.855000,PM10,20686
36.720001,59.169998,13.150000,22.450001,0.490000,37.869999,0.460000,3.890000,276.779999,62.070000,86131.023438,36.36,107.28,54.584999,PM10,20687
36.230000,58.959999,13.860000,18.610001,0.480000,40.709999,-0.380000,3.130000,276.470001,66.660004,86934.523438,36.36,107.45,54.480000,PM10,20688
36.349998,59.799999,15.010000,17.959999,0.500000,42.480000,-0.680000,2.470000,276.000000,70.160004,86973.070312,36.35,107.61,54.900002,PM10,20689
36.419998,58.009998,16.780001,21.400000,0.530000,41.830002,-0.470000,2.010000,275.869995,70.570000,87183.406250,36.35,107.78,54.004997,PM10,20690
34.310001,52.080002,15.210000,19.100000,0.540000,43.459999,-0.050000,1.850000,275.899994,68.660004,86866.406250,36.35,107.95,51.040001,PM10,20691
32.220001,46.950001,12.780000,14.450000,0.540000,46.410000,0.740000,1.440000,275.779999,66.389999,85903.156250,36.34,108.12,46.950001,PM10,20692
31.760000,46.000000,11.870000,13.800000,0.590000,46.549999,1.580000,1.050000,275.769989,64.940002,85641.296875,36.34,108.29,46.000000,PM10,20693
31.620001,45.189999,11.100000,13.790000,0.660000,46.580002,1.600000,0.590000,275.890015,62.930000,85759.156250,36.33,108.46,45.189999,PM10,20694
32.820000,45.939999,11.040000,14.170000,0.730000,44.360001,1.560000,0.630000,275.959991,59.930000,85932.617188,36.33,108.62,46.885715,PM2.5,20695
27.719999,38.259998,6.940000,24.930000,0.900000,55.830002,2.610000,-1.790000,277.279999,35.720001,79686.617188,36.5,102.89,39.599998,PM2.5,20907
26.400000,37.119999,5.450000,20.910000,0.850000,58.250000,1.310000,-0.990000,276.260010,39.040001,78576.562500,36.5,103.06,37.714287,PM2.5,20908
27.190001,39.150002,5.520000,19.650000,0.830000,58.310001,2.080000,-0.840000,276.070007,40.389999,78264.257812,36.5,103.23,39.150002,PM10,20909
28.990000,43.099998,6.000000,20.530001,0.850000,56.919998,1.830000,-0.830000,277.429993,39.200001,80385.562500,36.5,103.4,43.099998,PM10,20910
36.349998,57.490002,8.960000,26.750000,0.960000,51.869999,0.970000,-0.040000,277.040009,43.580002,80891.796875,36.51,103.56,53.745003,PM10,20911
42.869999,71.129997,12.660000,34.250000,1.070000,45.840000,1.590000,0.310000,276.559998,46.549999,80722.828125,36.51,103.73,60.564999,PM10,20912
49.259998,85.220001,16.570000,46.110001,1.210000,37.799999,2.740000,0.500000,276.720001,46.549999,80924.851562,36.51,103.9,67.824997,PM2.5,20913
57.889999,105.300003,22.299999,62.770000,1.480000,27.139999,3.210000,1.320000,277.220001,45.840000,81531.593750,36.51,104.07,78.612503,PM2.5,20914
52.480000,96.529999,19.379999,49.099998,1.290000,32.049999,2.650000,1.360000,278.359985,44.070000,83108.820312,36.51,104.24,73.264999,PM10,20915
49.910000,91.760002,15.950000,36.669998,1.140000,36.599998,1.410000,1.960000,279.200012,42.639999,83999.468750,36.51,104.41,70.880005,PM10,20916
50.630001,91.360001,12.310000,28.480000,1.000000,40.209999,-0.550000,2.860000,279.649994,44.310001,84475.843750,36.51,104.58,70.680000,PM10,20917
50.220001,89.139999,11.930000,28.530001,0.900000,39.130001,-2.590000,5.200000,279.100006,48.840000,84811.562500,36.51,104.75,69.570000,PM10,20918
48.680000,85.169998,11.580000,27.270000,0.850000,38.630001,-2.870000,6.160000,277.670013,52.529999,83147.289062,36.51,104.92,67.584999,PM10,20919
42.689999,72.570000,8.230000,16.900000,0.740000,44.259998,-0.940000,5.570000,275.760010,56.520000,80071.507812,36.51,105.08,61.285000,PM10,20920
41.509998,70.620003,8.450000,17.190001,0.730000,43.930000,1.610000,5.590000,275.179993,57.950001,79308.359375,36.51,105.25,60.310001,PM10,20921
35.209999,62.439999,14.630000,32.980000,0.630000,33.490002,0.070000,4.650000,276.220001,52.110001,81766.750000,36.51,106.44,56.220001,PM10,20928
35.799999,63.049999,14.590000,32.599998,0.620000,33.230000,1.300000,4.050000,275.950012,52.220001,81771.773438,36.5,106.6,56.525002,PM10,20929
35.330002,60.500000,14.020000,31.170000,0.570000,33.570000,1.740000,3.760000,276.450012,52.389999,82998.796875,36.5,106.77,55.250000,PM10,20930
35.570000,59.080002,13.740000,28.750000,0.530000,34.290001,1.350000,3.760000,276.820007,54.270000,84514.437500,36.5,106.94,54.540001,PM10,20931
35.799999,57.400002,13.370000,23.379999,0.490000,36.700001,0.450000,3.690000,276.869995,57.830002,85666.437500,36.5,107.11,53.700001,PM10,20932
35.599998,56.590000,13.640000,19.559999,0.460000,39.119999,-0.450000,3.290000,276.640015,63.400002,86524.531250,36.49,107.28,53.294998,PM10,20933
35.240002,56.070000,14.260000,16.389999,0.440000,41.720001,-0.770000,3.070000,276.190002,67.809998,86583.460938,36.49,107.45,53.035000,PM10,20934
35.330002,56.020000,15.040000,15.320000,0.460000,43.650002,-0.510000,2.800000,275.809998,70.000000,86339.023438,36.49,107.62,53.010002,PM10,20935
34.970001,53.540001,15.880000,17.010000,0.480000,43.660000,-0.220000,2.240000,275.730011,70.519997,86658.773438,36.49,107.79,51.770000,PM10,20936
33.349998,49.029999,14.630000,15.750000,0.500000,44.900002,0.290000,2.140000,275.690002,68.769997,86141.000000,36.48,107.96,49.029999,PM10,20937
32.220001,46.259998,13.100000,14.150000,0.530000,45.980000,1.300000,1.920000,275.549988,65.930000,85231.406250,36.48,108.12,46.259998,PM10,20938
31.930000,45.669998,11.980000,14.060000,0.590000,46.180000,2.100000,1.660000,275.709991,63.450001,85082.796875,36.47,108.29,45.669998,PM10,20939
19.150000,24.719999,4.940000,15.550000,0.640000,62.259998,3.470000,-2.350000,274.010010,38.380001,74755.148438,36.63,102.72,27.357141,PM2.5,21153
18.330000,24.889999,4.180000,17.940001,0.670000,62.279999,2.070000,-2.730000,275.809998,34.430000,77123.507812,36.63,102.89,26.185715,PM2.5,21154
18.760000,26.160000,3.490000,15.720000,0.670000,63.720001,1.710000,-1.660000,275.239990,35.650002,76532.750000,36.64,103.05,26.800001,PM2.5,21155
21.290001,30.340000,3.810000,15.710000,0.690000,63.380001,1.970000,-0.780000,275.570007,37.730000,77361.007812,36.64,103.22,30.414288,PM2.5,21156
25.950001,38.110001,4.790000,17.770000,0.770000,60.349998,1.020000,-0.720000,276.350006,39.759998,79285.507812,36.64,103.39,38.110001,PM10,21157
33.520000,52.279999,7.220000,22.790001,0.910000,56.090000,0.530000,-0.400000,276.059998,43.730000,79653.117188,36.64,103.56,51.139999,PM10,21158
35.970001,58.570000,9.060000,25.959999,0.920000,52.700001,1.810000,0.070000,275.670013,46.599998,79369.523438,36.64,103.73,54.285000,PM10,21159
41.450001,70.230003,11.950000,34.820000,1.020000,45.900002,3.290000,0.810000,275.950012,46.599998,79637.617188,36.65,103.9,60.115002,PM10,21160
56.419998,100.790001,20.510000,58.189999,1.410000,30.280001,3.580000,1.870000,276.839996,45.480000,80725.007812,36.65,104.07,76.774994,PM2.5,21161
51.590000,93.260002,18.650000,46.599998,1.250000,33.180000,2.520000,2.070000,277.720001,45.480000,82054.617188,36.65,104.24,71.630005,PM10,21162
49.639999,89.910004,16.120001,37.500000,1.120000,35.389999,0.760000,1.740000,278.660004,46.080002,83776.367188,36.65,104.41,69.955002,PM10,21163
53.680000,95.839996,14.180000,36.180000,1.050000,35.910000,-1.040000,2.180000,279.350006,47.400002,85481.382812,36.65,104.58,73.349998,PM2.5,21164
49.610001,87.330002,15.190000,40.450001,0.900000,33.959999,-2.170000,5.100000,279.339996,47.810001,85364.523438,36.65,104.75,68.665001,PM10,21165
48.230000,83.949997,15.400000,40.759998,0.840000,32.750000,-1.660000,6.310000,277.859985,50.630001,83053.867188,36.65,104.92,66.974998,PM10,21166
41.660000,70.320000,8.830000,19.309999,0.720000,43.930000,0.650000,5.890000,276.230011,53.580002,80311.078125,36.65,105.08,60.160000,PM10,21167
33.880001,58.570000,13.180000,26.900000,0.560000,37.430000,1.100000,4.260000,276.279999,49.959999,81900.359375,36.64,106.61,54.285000,PM10,21176
34.000000,57.599998,13.230000,25.780001,0.530000,37.040001,1.550000,3.990000,276.440002,50.849998,82613.726562,36.64,106.78,53.799999,PM10,21177
34.529999,56.910000,13.400000,23.510000,0.500000,37.320000,1.040000,3.800000,276.779999,53.169998,84234.429688,36.64,106.95,53.455002,PM10,21178
34.720001,55.130001,13.300000,19.540001,0.450000,38.720001,-0.180000,3.350000,276.649994,58.360001,85663.640625,36.63,107.11,52.565002,PM10,21179
34.459999,53.970001,13.510000,16.180000,0.420000,40.919998,-0.930000,3.320000,276.230011,65.139999,86151.726562,36.63,107.28,51.985001,PM10,21180
34.240002,53.290001,13.960000,14.040000,0.410000,42.779999,-0.730000,3.270000,275.890015,68.589996,85997.398438,36.63,107.45,51.645000,PM10,21181
34.320000,52.740002,14.530000,13.200000,0.430000,44.279999,-0.240000,2.910000,275.630005,69.959999,85847.273438,36.62,107.62,51.370003,PM10,21182
33.889999,50.430000,14.990000,14.170000,0.450000,44.570000,0.220000,2.470000,275.500000,70.320000,85908.656250,36.62,107.79,50.215000,PM10,21183
32.930000,47.369999,14.270000,13.840000,0.480000,45.000000,1.010000,2.610000,275.429993,68.500000,85335.093750,36.62,107.96,47.369999,PM10,21184
12.880000,17.080000,2.760000,12.430000,0.530000,67.089996,2.140000,-3.080000,273.109985,36.680000,73669.039062,36.77,102.88,18.400000,PM2.5,21401
13.610000,18.610001,2.550000,11.160000,0.540000,69.050003,2.790000,-1.810000,273.399994,36.750000,73801.226562,36.77,103.05,19.442856,PM2.5,21402
15.100000,21.190001,2.740000,10.970000,0.550000,69.949997,1.790000,-0.860000,274.929993,37.259998,76334.046875,36.77,103.22,21.571428,PM2.5,21403
18.910000,27.410000,3.530000,12.300000,0.610000,68.519997,0.130000,-0.540000,274.820007,41.919998,77269.273438,36.78,103.39,27.410000,PM10,21404
24.030001,37.099998,5.200000,15.930000,0.710000,64.330002,0.460000,-0.410000,274.510010,44.650002,77123.656250,36.78,103.56,37.099998,PM10,21405
26.020000,41.849998,6.140000,18.500000,0.730000,60.610001,2.140000,-0.200000,274.929993,45.360001,77771.078125,36.78,103.73,41.849998,PM10,21406
31.870001,53.160000,8.300000,25.639999,0.820000,53.990002,3.610000,0.610000,275.959991,44.009998,79059.937500,36.78,103.9,51.580002,PM10,21407
46.990002,81.599998,15.660000,44.369999,1.160000,39.610001,3.460000,1.930000,277.350006,42.430000,80979.187500,36.78,104.07,65.800003,PM10,21408
48.380001,85.370003,16.809999,41.230000,1.140000,36.389999,1.130000,2.760000,278.339996,44.090000,82944.476562,36.78,104.24,67.684998,PM10,21409
48.790001,85.790001,15.850000,36.540001,1.030000,36.560001,-1.490000,1.880000,278.170013,49.200001,84167.460938,36.78,104.41,67.895004,PM10,21410
51.459999,90.070000,14.850000,38.259998,1.000000,35.459999,-2.020000,1.850000,278.119995,50.470001,84614.281250,36.79,104.58,70.574997,PM2.5,21411
48.549999,84.739998,17.250000,49.459999,0.880000,30.480000,-1.340000,4.480000,278.089996,50.130001,84098.203125,36.79,104.75,67.369995,PM10,21412
46.930000,81.320000,17.559999,50.810001,0.820000,29.500000,-0.060000,6.200000,277.130005,51.540001,82021.937500,36.79,104.92,65.660004,PM10,21413
40.259998,67.860001,10.760000,26.990000,0.700000,41.869999,2.250000,5.710000,276.559998,51.369999,80377.289062,36.79,105.08,58.930000,PM10,21414
38.590000,64.800003,9.200000,20.950001,0.680000,44.209999,3.800000,5.150000,277.380005,47.950001,80880.703125,36.79,105.25,57.400002,PM10,21415
33.110001,55.160000,12.300000,22.160000,0.500000,39.209999,1.450000,4.050000,276.380005,49.660000,82404.093750,36.77,106.78,52.580002,PM10,21424
33.980000,55.430000,12.770000,20.230000,0.470000,38.779999,0.650000,4.190000,276.769989,52.209999,84212.101562,36.77,106.95,52.715000,PM10,21425
34.080002,53.619999,12.880000,16.860001,0.430000,39.770000,-0.580000,3.850000,276.399994,58.720001,85451.820312,36.77,107.12,51.809998,PM10,21426
33.830002,52.270000,13.140000,14.280000,0.400000,41.680000,-1.030000,4.140000,275.970001,65.339996,85592.703125,36.77,107.29,51.135002,PM10,21427
33.430000,51.009998,13.410000,12.590000,0.390000,43.450001,-0.470000,3.820000,275.649994,68.029999,85158.601562,36.76,107.46,50.504997,PM10,21428
33.520000,50.290001,13.820000,11.950000,0.400000,44.580002,0.430000,3.370000,275.359985,69.010002,84820.851562,36.76,107.63,50.145000,PM10,21429
33.389999,48.930000,14.170000,12.690000,0.430000,44.270000,1.270000,3.210000,275.309998,68.809998,84879.578125,36.76,107.8,48.930000,PM10,21430
8.110000,10.140000,1.590000,5.210000,0.390000,71.959999,1.940000,-3.760000,271.570007,37.439999,71995.617188,36.9,102.71,11.585713,PM2.5,21646
8.060000,10.280000,1.460000,5.650000,0.390000,72.470001,2.730000,-3.010000,270.880005,38.799999,70449.820312,36.9,102.88,11.514286,PM2.5,21647
9.320000,12.350000,1.900000,7.050000,0.430000,73.919998,3.120000,-2.270000,273.010010,36.880001,73064.476562,36.91,103.05,13.314285,PM2.5,21648
10.800000,14.780000,2.110000,7.540000,0.440000,74.980003,1.080000,-1.820000,274.040009,38.290001,74981.296875,36.91,103.22,15.428572,PM2.5,21649
13.150000,18.420000,2.420000,8.050000,0.470000,75.410004,-0.140000,-1.630000,273.369995,41.380001,74562.640625,36.91,103.39,18.785713,PM2.5,21650
16.690001,24.700001,3.520000,10.620000,0.540000,72.120003,0.870000,-0.950000,273.059998,43.360001,74484.617188,36.91,103.56,24.700001,PM10,21651
18.790001,28.940001,4.310000,12.760000,0.560000,68.320000,2.470000,-0.780000,273.700012,43.599998,75419.812500,36.92,103.73,28.940001,PM10,21652
23.410000,37.299999,5.730000,16.980000,0.630000,62.959999,3.690000,-0.170000,275.739990,40.779999,77951.273438,36.92,103.9,37.299999,PM10,21653
35.959999,59.119999,10.260000,27.250000,0.870000,50.610001,2.870000,1.570000,277.690002,39.349998,80977.796875,36.92,104.07,54.559998,PM10,21654
45.500000,77.199997,15.450000,35.230000,1.020000,39.860001,-0.330000,3.630000,278.109985,44.840000,83177.937500,36.92,104.24,63.599998,PM10,21655
46.009998,78.160004,15.380000,33.180000,0.940000,38.840000,-2.460000,3.460000,277.200012,50.970001,83009.468750,36.92,104.41,64.080002,PM10,21656
46.650002,79.110001,13.960000,33.169998,0.890000,37.770000,-1.180000,3.500000,276.010010,54.509998,81527.453125,36.92,104.58,64.562500,PM2.5,21657
45.779999,78.120003,15.880000,44.340000,0.830000,32.820000,0.920000,4.970000,276.250000,54.450001,81951.203125,36.92,104.75,64.059998,PM10,21658
44.340000,75.660004,16.410000,47.639999,0.770000,31.760000,2.020000,6.330000,277.339996,50.470001,82392.203125,36.92,104.92,62.830002,PM10,21659
39.619999,66.570000,12.090000,32.220001,0.690000,39.939999,2.970000,5.080000,277.600006,47.720001,81707.921875,36.92,105.08,58.285000,PM10,21660
31.020000,51.480000,10.890000,19.209999,0.480000,42.939999,0.920000,4.240000,276.170013,47.590000,81703.593750,36.91,106.61,50.739998,PM10,21669
32.119999,52.950001,11.480000,18.950001,0.470000,41.230000,1.320000,4.170000,276.519989,48.020000,82402.109375,36.91,106.78,51.474998,PM10,21670
33.070000,53.720001,12.090000,17.280001,0.450000,40.400002,0.310000,4.470000,276.829987,51.340000,84362.476562,36.91,106.95,51.860001,PM10,21671
33.110001,51.880001,12.310000,14.480000,0.410000,40.980000,-0.590000,4.260000,276.309998,58.470001,85373.882812,36.9,107.12,50.940002,PM10,21672
32.919998,50.450001,12.560000,12.760000,0.380000,42.410000,-0.680000,4.750000,276.029999,64.279999,85417.859375,36.9,107.29,50.224998,PM10,21673
32.380001,48.759998,12.710000,11.390000,0.370000,44.060001,0.110000,4.400000,275.739990,65.349998,84650.328125,36.9,107.46,48.759998,PM10,21674
5.220000,6.430000,1.170000,3.080000,0.280000,74.410004,2.440000,-3.570000,270.200012,37.840000,70671.203125,37.03,102.54,7.457142,PM2.5,21892
5.680000,7.140000,1.110000,3.580000,0.310000,73.970001,1.950000,-3.360000,268.869995,38.860001,68193.171875,37.04,102.71,8.114285,PM2.5,21893
6.510000,8.300000,1.170000,4.280000,0.340000,73.660004,3.140000,-2.890000,270.010010,37.369999,69347.953125,37.04,102.88,9.300000,PM2.5,21894
7.190000,9.410000,1.670000,5.330000,0.360000,75.790001,2.920000,-3.360000,272.079987,36.630001,71989.390625,37.04,103.05,10.271429,PM2.5,21895
8.210000,10.990000,1.860000,5.900000,0.370000,77.220001,0.990000,-3.120000,272.290009,38.049999,72246.718750,37.05,103.22,11.728572,PM2.5,21896
9.970000,13.580000,2.010000,6.560000,0.400000,77.550003,0.340000,-2.480000,272.059998,40.020000,72574.117188,37.05,103.39,14.242858,PM2.5,21897
12.870000,18.410000,2.970000,8.730000,0.450000,75.959999,1.110000,-0.980000,272.309998,41.580002,73377.890625,37.05,103.56,18.410000,PM10,21898
14.790000,21.969999,3.720000,10.540000,0.470000,72.650002,2.390000,-0.350000,273.079987,41.250000,74250.117188,37.05,103.73,21.969999,PM10,21899
18.730000,28.680000,5.090000,14.180000,0.530000,67.709999,3.360000,-0.280000,275.980011,37.630001,77668.117188,37.05,103.9,28.680000,PM10,21900
32.599998,51.830002,9.660000,24.709999,0.790000,55.400002,2.490000,1.200000,278.589996,35.599998,81660.953125,37.05,104.07,50.915001,PM10,21901
44.889999,73.750000,15.030000,33.450001,0.990000,41.070000,-0.200000,5.100000,278.589996,42.490002,83575.320312,37.06,104.24,62.362499,PM2.5,21902
44.590000,73.629997,15.060000,31.129999,0.900000,39.570000,-1.420000,6.300000,277.589996,47.279999,82605.390625,37.06,104.4,61.987499,PM2.5,21903
44.459999,73.180000,13.710000,30.549999,0.830000,38.660000,0.500000,6.420000,276.269989,50.430000,80585.570312,37.06,104.58,61.824997,PM2.5,21904
43.799999,72.980003,15.190000,39.290001,0.780000,35.099998,2.520000,6.550000,276.820007,50.060001,81626.273438,37.06,104.74,61.490002,PM10,21905
41.639999,70.070000,15.350000,41.779999,0.730000,34.759998,2.390000,5.790000,278.089996,47.290001,83393.976562,37.06,104.92,60.035000,PM10,21906
31.680000,51.980000,10.830000,16.760000,0.460000,42.570000,0.790000,4.580000,277.209991,45.520000,83107.187500,37.05,106.78,50.989998,PM10,21917
32.570000,52.720001,11.450000,15.170000,0.440000,41.509998,-0.330000,4.760000,276.670013,51.389999,84325.101562,37.04,106.95,51.360001,PM10,21918
32.320000,50.259998,11.650000,12.660000,0.390000,42.259998,-0.650000,4.430000,275.910004,59.580002,84951.023438,37.04,107.12,50.129997,PM10,21919
4.940000,6.260000,0.990000,3.090000,0.280000,74.940002,2.670000,-2.270000,267.829987,38.990002,66705.953125,37.17,102.7,7.057143,PM2.5,22143
6.250000,8.020000,1.170000,3.940000,0.330000,74.300003,3.040000,-1.840000,270.440002,36.849998,70111.148438,37.18,102.87,8.928572,PM2.5,22144
6.980000,9.140000,1.710000,5.020000,0.340000,76.269997,2.210000,-2.210000,270.220001,38.880001,70092.593750,37.18,103.04,9.971429,PM2.5,22145
7.700000,10.250000,1.860000,5.480000,0.360000,78.019997,1.450000,-2.250000,270.160004,39.599998,69583.851562,37.18,103.21,11.000000,PM2.5,22146
8.530000,11.470000,1.880000,5.760000,0.360000,78.480003,1.420000,-1.520000,271.929993,37.799999,71935.656250,37.18,103.38,12.185714,PM2.5,22147
10.980000,15.330000,2.850000,7.740000,0.400000,77.730003,1.560000,-0.300000,273.559998,36.810001,74366.906250,37.19,103.55,15.685714,PM2.5,22148
13.110000,18.840000,3.730000,9.800000,0.420000,74.089996,2.110000,0.380000,275.109985,36.340000,76638.179688,37.19,103.72,18.840000,PM10,22149
15.760000,23.170000,5.090000,12.860000,0.450000,70.129997,2.740000,-0.020000,277.809998,33.849998,80198.609375,37.19,103.89,23.170000,PM10,22150
24.049999,37.029999,8.640000,20.360001,0.610000,62.610001,2.100000,0.130000,279.609985,33.410000,83345.429688,37.19,104.06,37.029999,PM10,22151
42.139999,67.019997,14.280000,30.480000,0.910000,43.820000,0.620000,4.770000,279.559998,39.060001,84682.687500,37.19,104.23,58.924999,PM2.5,22152
42.439999,68.440002,14.830000,29.230000,0.850000,40.980000,0.450000,6.920000,279.540009,40.930000,84466.062500,37.19,104.4,59.299999,PM2.5,22153
41.480000,66.959999,13.670000,28.490000,0.780000,40.040001,1.830000,6.960000,279.440002,40.070000,83392.546875,37.19,104.57,58.480000,PM10,22154
41.869999,68.599998,14.670000,35.439999,0.740000,36.750000,2.040000,6.820000,279.010010,42.240002,83324.000000,37.19,104.74,59.299999,PM10,22155
4.200000,5.410000,0.900000,2.670000,0.250000,76.110001,2.240000,-1.390000,266.869995,39.650002,65687.921875,37.31,102.53,6.250000,CO,22394
5.700000,7.410000,1.170000,3.590000,0.300000,74.099998,3.070000,-0.890000,269.679993,36.880001,68877.523438,37.31,102.7,8.142857,PM2.5,22395
7.510000,9.830000,1.430000,4.750000,0.360000,73.160004,2.920000,-0.260000,272.500000,33.509998,72633.273438,37.31,102.87,10.728572,PM2.5,22396
8.210000,10.850000,1.840000,5.370000,0.370000,75.059998,2.340000,0.460000,272.029999,35.669998,72214.210938,37.31,103.04,11.728572,PM2.5,22397
9.020000,11.990000,2.030000,5.630000,0.380000,76.860001,1.910000,0.210000,272.220001,35.919998,72149.500000,37.32,103.21,12.885715,PM2.5,22398
9.830000,13.120000,2.190000,5.920000,0.380000,77.360001,1.830000,0.180000,274.529999,32.439999,75107.843750,37.32,103.38,14.042857,PM2.5,22399
11.830000,16.240000,3.110000,7.770000,0.410000,76.209999,1.570000,0.580000,275.910004,31.830000,77203.187500,37.32,103.55,16.900000,PM2.5,22400
13.140000,18.340000,4.170000,9.980000,0.400000,73.389999,1.340000,0.540000,276.470001,33.459999,78361.593750,37.32,103.72,18.771429,PM2.5,22401
15.960000,22.500000,6.480000,14.350000,0.420000,68.480003,1.660000,-0.030000,278.220001,33.270000,81044.890625,37.32,103.89,22.799999,PM2.5,22402
24.200001,35.599998,14.130000,26.860001,0.550000,58.290001,0.940000,-0.270000,279.209991,35.360001,83673.437500,37.33,104.06,35.599998,PM10,22403
39.529999,60.689999,15.190000,29.799999,0.810000,45.299999,0.210000,3.480000,278.790009,40.400002,84054.101562,37.33,104.23,55.662498,PM2.5,22404
40.540001,63.750000,14.890000,27.930000,0.780000,42.000000,1.300000,5.410000,279.040009,41.889999,84146.960938,37.33,104.4,56.925003,PM2.5,22405
39.540001,62.869999,13.980000,27.969999,0.720000,40.980000,2.080000,5.130000,280.230011,38.689999,84727.898438,37.33,104.57,56.434998,PM10,22406
3.330000,4.460000,0.720000,2.250000,0.220000,78.449997,2.790000,-2.120000,265.700012,41.259998,63899.378906,37.44,102.35,5.500000,CO,22646
5.110000,6.890000,1.100000,3.270000,0.280000,74.930000,2.410000,-0.930000,269.799988,36.490002,68827.632812,37.44,102.52,7.300000,PM2.5,22647
7.590000,10.390000,1.620000,4.820000,0.350000,72.080002,2.570000,-0.310000,273.730011,31.360001,74042.687500,37.44,102.69,10.842857,PM2.5,22648
9.860000,13.440000,2.040000,6.270000,0.410000,71.400002,2.810000,0.670000,275.630005,29.219999,76790.382812,37.45,102.87,14.085713,PM2.5,22649
10.000000,13.480000,2.120000,6.280000,0.410000,72.800003,2.650000,1.890000,275.820007,29.799999,76975.007812,37.45,103.04,14.285714,PM2.5,22650
10.580000,14.140000,2.260000,6.230000,0.410000,74.059998,2.240000,1.960000,276.299988,29.129999,77475.320312,37.45,103.21,15.114285,PM2.5,22651
11.510000,15.360000,2.530000,6.460000,0.410000,74.250000,2.100000,1.380000,277.920013,26.889999,79772.976562,37.45,103.38,16.442858,PM2.5,22652
13.430000,18.150000,3.520000,8.250000,0.420000,73.230003,1.510000,1.370000,278.029999,28.549999,80413.429688,37.46,103.55,19.185715,PM2.5,22653
13.870000,18.870001,4.700000,10.300000,0.400000,72.059998,0.680000,1.280000,277.269989,32.040001,79466.070312,37.46,103.72,19.814285,PM2.5,22654
17.430000,23.709999,8.120000,15.240000,0.420000,65.889999,0.830000,1.050000,278.190002,33.480000,81179.546875,37.46,103.89,24.900000,PM2.5,22655
25.959999,36.570000,17.330000,29.160000,0.520000,55.259998,0.180000,1.060000,278.899994,36.810001,83579.726562,37.46,104.06,37.085712,PM2.5,22656
2.590000,3.580000,0.660000,1.970000,0.200000,77.040001,3.690000,-0.760000,263.709991,40.560001,62149.039062,37.57,102.18,5.000000,CO,22899
3.540000,4.980000,0.830000,2.600000,0.230000,77.199997,3.690000,-1.390000,267.260010,37.720001,65545.867188,37.57,102.35,5.750000,CO,22900
6.580000,9.420000,1.510000,4.170000,0.310000,73.370003,2.220000,-1.060000,272.760010,31.170000,72382.171875,37.58,102.52,9.420000,PM10,22901
12.050000,17.660000,2.790000,7.460000,0.470000,70.169998,2.000000,-0.180000,276.660004,26.840000,77954.828125,37.58,102.69,17.660000,PM10,22902
17.730000,25.940001,4.160000,11.000000,0.620000,67.349998,2.500000,0.890000,278.290009,25.580000,80591.046875,37.58,102.86,25.940001,PM10,22903
14.990000,21.530001,3.220000,9.010000,0.540000,69.750000,2.550000,1.990000,278.750000,25.750000,81313.218750,37.59,103.03,21.530001,PM10,22904
13.370000,18.580000,2.770000,7.450000,0.480000,71.370003,2.300000,2.420000,278.829987,25.590000,81387.023438,37.59,103.2,19.100000,PM2.5,22905
13.240000,17.920000,2.860000,6.960000,0.440000,72.059998,2.090000,1.710000,279.230011,25.150000,82059.781250,37.59,103.37,18.914286,PM2.5,22906
14.810000,19.920000,3.580000,8.210000,0.440000,71.029999,1.510000,1.670000,279.079987,27.209999,82473.679688,37.59,103.55,21.157143,PM2.5,22907
15.270000,20.500000,4.550000,9.770000,0.410000,69.470001,1.000000,2.050000,279.049988,29.639999,82417.773438,37.59,103.72,21.814287,PM2.5,22908
2.250000,3.140000,0.580000,1.970000,0.200000,79.419998,3.370000,0.830000,267.829987,34.849998,66849.093750,37.7,101.83,5.000000,CO,23150
3.030000,4.440000,0.790000,2.400000,0.210000,77.620003,3.650000,1.370000,269.170013,33.419998,68010.359375,37.71,102.17,5.250000,CO,23152
4.450000,6.610000,1.090000,3.330000,0.250000,75.620003,3.230000,-0.040000,272.010010,30.240000,71239.187500,37.71,102.34,6.610000,PM10,23153
8.320000,12.650000,2.090000,5.570000,0.350000,72.309998,2.140000,-0.330000,275.910004,26.049999,76458.546875,37.71,102.52,12.650000,PM10,23154
13.700000,21.520000,3.370000,9.200000,0.510000,69.110001,1.790000,0.300000,279.070007,23.469999,81076.343750,37.72,102.69,21.520000,PM10,23155
20.209999,31.780001,4.830000,13.350000,0.690000,65.949997,1.880000,0.850000,280.239990,23.360001,83431.109375,37.72,102.86,31.780001,PM10,23156
19.030001,28.950001,4.180000,11.480000,0.650000,67.239998,1.630000,1.440000,279.940002,24.620001,83805.382812,37.72,103.03,28.950001,PM10,23157
16.790001,24.180000,3.520000,8.980000,0.550000,68.879997,1.480000,2.190000,279.450012,25.200001,83341.351562,37.72,103.2,24.180000,PM10,23158
16.000000,21.930000,3.460000,7.850000,0.490000,69.989998,1.460000,1.950000,279.220001,26.059999,82991.187500,37.73,103.37,22.857143,PM2.5,23159
16.840000,22.610001,3.940000,8.550000,0.480000,69.580002,1.380000,1.870000,279.299988,27.740000,83338.007812,37.73,103.54,24.057142,PM2.5,23160
16.700001,22.180000,4.590000,9.260000,0.430000,68.089996,1.220000,2.010000,279.609985,29.650000,84080.453125,37.73,103.71,23.857143,PM2.5,23161
1.610000,2.030000,0.370000,1.200000,0.170000,80.410004,2.580000,-0.320000,263.859985,43.369999,63911.601562,37.82,101.31,4.250000,CO,23403
1.960000,2.800000,0.600000,1.890000,0.180000,79.599998,4.500000,1.310000,268.910004,32.759998,68297.226562,37.83,101.65,4.500000,CO,23405
2.680000,4.080000,1.090000,3.180000,0.210000,77.599998,4.050000,1.220000,271.670013,29.820000,71532.343750,37.83,101.83,5.250000,CO,23406
3.370000,5.270000,1.210000,3.650000,0.220000,76.269997,3.420000,1.600000,272.609985,29.010000,72671.726562,37.84,102.0,5.500000,CO,23407
4.670000,7.390000,1.360000,4.120000,0.250000,74.949997,3.410000,1.440000,273.390015,28.360001,73473.562500,37.84,102.17,7.390000,PM10,23408
7.510000,12.010000,1.880000,5.990000,0.330000,72.190002,3.220000,0.640000,275.600006,25.520000,76000.156250,37.84,102.34,12.010000,PM10,23409
17.799999,29.719999,5.480000,15.920000,0.630000,63.520000,2.550000,0.200000,278.700012,22.440001,80111.828125,37.85,102.51,29.719999,PM10,23410
27.940001,47.430000,8.390000,23.840000,0.920000,56.310001,1.960000,0.520000,280.910004,21.059999,83889.343750,37.85,102.68,47.430000,PM10,23411
27.340000,45.310001,6.640000,18.540001,0.900000,59.860001,1.100000,0.820000,280.660004,23.260000,85056.921875,37.85,102.85,45.310001,PM10,23412
23.730000,37.439999,5.300000,13.140000,0.750000,63.799999,0.430000,1.400000,279.540009,26.629999,84419.898438,37.86,103.03,37.439999,PM10,23413
18.360001,27.129999,3.980000,9.180000,0.580000,67.870003,0.480000,2.240000,279.480011,26.389999,83909.601562,37.86,103.2,27.129999,PM10,23414
16.600000,23.010000,3.700000,7.620000,0.500000,69.169998,0.610000,2.440000,279.570007,26.990000,83850.046875,37.86,103.37,23.714287,PM2.5,23415
1.030000,1.290000,0.250000,0.900000,0.150000,80.180000,4.300000,0.750000,264.309998,41.680000,64417.179688,37.95,101.13,3.750000,CO,23659
1.460000,1.950000,0.330000,1.200000,0.160000,80.230003,4.550000,1.990000,266.549988,36.799999,66275.492188,37.96,101.31,4.000000,CO,23660
1.790000,2.570000,0.440000,1.560000,0.180000,79.370003,4.420000,2.370000,268.500000,33.939999,68335.578125,37.96,101.48,4.500000,CO,23661
2.290000,3.540000,0.720000,2.310000,0.190000,78.050003,4.610000,1.030000,269.839996,33.040001,69769.328125,37.96,101.65,4.750000,CO,23662
3.280000,5.480000,1.310000,3.760000,0.210000,76.019997,4.360000,0.090000,272.190002,30.620001,72348.656250,37.97,101.82,5.480000,PM10,23663
4.230000,7.310000,1.560000,4.550000,0.240000,74.639999,3.380000,0.200000,273.880005,28.190001,74293.703125,37.97,101.99,7.310000,PM10,23664
6.210000,10.840000,1.930000,5.590000,0.290000,72.290001,2.820000,0.610000,275.429993,26.260000,76144.117188,37.98,102.16,10.840000,PM10,23665
9.810000,17.219999,2.510000,7.820000,0.380000,68.639999,2.730000,0.410000,278.420013,22.490000,79971.390625,37.98,102.34,17.219999,PM10,23666
20.230000,36.060001,5.500000,16.790001,0.680000,59.509998,2.580000,0.040000,280.790009,20.340000,83479.406250,37.98,102.51,36.060001,PM10,23667
30.170000,53.860001,8.170000,23.870001,0.960000,52.880001,1.880000,0.020000,281.200012,21.379999,85246.140625,37.99,102.68,51.930000,PM10,23668
27.450001,47.610001,6.470000,17.469999,0.880000,58.240002,0.500000,1.030000,280.269989,24.900000,85460.257812,37.99,102.85,47.610001,PM10,23669
23.620001,39.160000,5.380000,12.910000,0.740000,62.580002,-0.100000,2.150000,279.760010,26.670000,84845.046875,37.99,103.02,39.160000,PM10,23670
19.230000,29.740000,4.340000,9.480000,0.590000,65.800003,0.120000,2.670000,279.890015,26.889999,84630.796875,37.99,103.19,29.740000,PM10,23671
1.520000,2.020000,0.420000,1.220000,0.160000,79.430000,5.200000,2.460000,265.609985,39.330002,65361.539062,38.08,100.96,4.000000,CO,23912
1.680000,2.340000,0.450000,1.240000,0.160000,79.750000,5.200000,2.750000,267.779999,34.820000,67441.523438,38.09,101.13,4.000000,CO,23913
2.260000,3.380000,0.590000,1.590000,0.180000,78.830002,4.790000,2.660000,270.239990,31.910000,70447.062500,38.09,101.3,4.500000,CO,23914
2.790000,4.480000,0.750000,2.140000,0.200000,77.800003,4.150000,2.710000,270.649994,32.529999,71197.843750,38.1,101.47,5.000000,CO,23915
3.470000,5.950000,1.000000,3.070000,0.210000,76.349998,4.200000,2.040000,270.809998,33.139999,71043.968750,38.1,101.64,5.950000,PM10,23916
4.710000,8.570000,1.390000,4.190000,0.240000,74.589996,4.330000,0.740000,273.250000,29.080000,73385.242188,38.1,101.82,8.570000,PM10,23917
6.070000,11.430000,1.820000,5.360000,0.280000,72.599998,3.360000,0.120000,276.299988,24.700001,76931.921875,38.11,101.99,11.430000,PM10,23918
9.200000,17.790001,2.920000,7.680000,0.350000,67.230003,2.190000,0.210000,278.429993,22.690001,80081.312500,38.11,102.16,17.790001,PM10,23919
15.010000,28.870001,4.050000,11.070000,0.500000,62.020000,1.950000,-0.010000,280.209991,21.110001,83163.539062,38.12,102.33,28.870001,PM10,23920
22.700001,42.939999,5.550000,14.890000,0.710000,58.580002,1.680000,-0.560000,281.000000,21.340000,85198.929688,38.12,102.5,42.939999,PM10,23921
28.190001,52.810001,7.110000,16.799999,0.870000,56.610001,0.590000,-0.340000,280.239990,24.860001,85763.523438,38.12,102.68,51.404999,PM10,23922
24.219999,43.619999,5.820000,14.040000,0.750000,59.119999,-0.220000,1.410000,279.799988,27.350000,85637.562500,38.12,102.85,43.619999,PM10,23923
22.010000,38.360001,5.110000,11.950000,0.680000,61.380001,-0.190000,2.730000,279.980011,27.379999,85322.546875,38.13,103.02,38.360001,PM10,23924
19.150000,31.160000,4.430000,9.480000,0.580000,63.939999,-0.080000,2.870000,279.989990,28.379999,85337.617188,38.13,103.19,31.160000,PM10,23925
17.650000,26.190001,4.170000,7.910000,0.510000,65.430000,-0.100000,2.800000,279.769989,30.100000,85451.843750,38.13,103.36,26.190001,PM10,23926
1.890000,2.680000,0.620000,1.630000,0.160000,78.430000,5.670000,2.100000,267.279999,35.779999,66186.640625,38.21,100.78,4.000000,CO,24168
2.160000,3.140000,0.630000,1.730000,0.170000,77.709999,5.010000,2.850000,270.739990,31.590000,70441.929688,38.22,100.95,4.250000,CO,24169
2.270000,3.480000,0.630000,1.650000,0.180000,77.919998,4.390000,3.010000,271.410004,31.200001,71752.601562,38.22,101.12,4.500000,CO,24170
2.900000,4.790000,0.800000,2.000000,0.190000,77.489998,4.380000,1.790000,271.160004,32.400002,72011.390625,38.23,101.29,4.790000,PM10,24171
3.630000,6.440000,1.030000,2.670000,0.210000,76.510002,4.520000,1.790000,272.250000,32.590000,73365.179688,38.23,101.47,6.440000,PM10,24172
4.430000,8.330000,1.280000,3.720000,0.230000,75.139999,4.280000,2.110000,274.500000,29.350000,75632.398438,38.24,101.64,8.330000,PM10,24173
5.980000,11.750000,1.750000,5.000000,0.260000,72.900002,4.080000,1.320000,276.399994,26.330000,77767.773438,38.24,101.81,11.750000,PM10,24174
8.470000,17.510000,3.010000,7.240000,0.320000,69.070000,3.570000,0.030000,278.119995,23.860001,80032.687500,38.24,101.98,17.510000,PM10,24175
14.120000,30.400000,6.570000,12.110000,0.440000,61.619999,2.690000,-0.600000,279.260010,22.770000,82037.359375,38.25,102.15,30.400000,PM10,24176
19.059999,39.730000,7.890000,14.160000,0.560000,58.520000,2.180000,-0.670000,279.720001,22.650000,83468.976562,38.25,102.33,39.730000,PM10,24177
24.660000,49.139999,8.080000,16.080000,0.720000,55.430000,1.790000,-0.660000,280.239990,22.840000,84727.203125,38.25,102.5,49.139999,PM10,24178
26.730000,52.279999,8.170000,16.170000,0.810000,55.669998,0.860000,0.130000,280.220001,24.870001,85583.390625,38.26,102.67,51.139999,PM10,24179
23.110001,43.430000,6.520000,13.150000,0.710000,58.090000,0.020000,1.790000,279.630005,28.610001,85853.023438,38.26,102.84,43.430000,PM10,24180
21.120001,38.259998,5.230000,11.220000,0.650000,60.250000,-0.260000,2.870000,279.829987,29.410000,85710.507812,38.26,103.02,38.259998,PM10,24181
18.920000,31.889999,4.550000,9.100000,0.570000,62.720001,-0.340000,2.930000,279.660004,30.959999,85616.656250,38.27,103.19,31.889999,PM10,24182
17.490000,26.600000,4.280000,7.580000,0.490000,64.510002,-0.390000,2.810000,279.429993,32.770000,85736.226562,38.27,103.36,26.600000,PM10,24183
0.750000,1.050000,0.200000,0.620000,0.140000,78.150002,3.390000,1.310000,266.679993,37.340000,67378.343750,38.32,100.08,3.500000,CO,24423
1.430000,2.100000,0.460000,1.220000,0.150000,76.580002,3.860000,3.480000,264.679993,39.849998,64157.640625,38.34,100.42,3.750000,CO,24425
2.060000,3.150000,0.660000,1.570000,0.160000,76.779999,5.320000,2.940000,268.649994,33.250000,67296.726562,38.34,100.6,4.000000,CO,24426
4.380000,6.920000,1.410000,2.770000,0.200000,74.589996,4.880000,1.680000,272.989990,28.959999,72578.343750,38.35,100.77,6.920000,PM10,24427
5.840000,9.320000,1.870000,3.570000,0.240000,73.910004,3.720000,2.040000,274.910004,27.590000,75862.750000,38.35,100.94,9.320000,PM10,24428
4.770000,8.030000,1.630000,3.240000,0.230000,75.000000,2.200000,3.260000,273.220001,29.719999,74492.593750,38.36,101.11,8.030000,PM10,24429
4.490000,7.930000,1.430000,2.940000,0.220000,75.629997,2.660000,2.450000,270.679993,33.130001,71409.453125,38.36,101.29,7.930000,PM10,24430
5.060000,9.380000,1.550000,3.430000,0.240000,75.180000,4.190000,1.120000,272.589996,30.980000,73000.531250,38.37,101.46,9.380000,PM10,24431
6.440000,12.750000,1.980000,4.830000,0.270000,72.650002,4.230000,0.350000,276.410004,26.680000,77848.273438,38.37,101.63,12.750000,PM10,24432
8.040000,16.930000,2.610000,6.660000,0.300000,69.940002,3.330000,-0.640000,276.940002,26.840000,79307.953125,38.38,101.8,16.930000,PM10,24433
13.820000,31.760000,6.660000,13.100000,0.420000,63.080002,2.700000,-1.010000,277.200012,25.080000,79318.046875,38.38,101.98,31.760000,PM10,24434
23.900000,57.009998,15.430000,23.500000,0.640000,51.470001,2.390000,-1.190000,278.980011,22.850000,81840.343750,38.38,102.15,53.504997,PM10,24435
22.610001,50.570000,14.540000,18.180000,0.620000,54.169998,1.810000,-0.730000,279.739990,22.799999,83987.617188,38.39,102.32,50.285000,PM10,24436
23.590000,49.570000,12.620000,16.000000,0.650000,55.130001,1.410000,0.110000,279.880005,23.920000,84880.476562,38.39,102.5,49.570000,PM10,24437
23.790001,48.240002,10.370000,14.490000,0.680000,55.840000,1.030000,0.950000,280.070007,25.389999,85695.187500,38.39,102.67,48.240002,PM10,24438
22.639999,43.560001,7.770000,12.750000,0.670000,57.580002,0.320000,1.960000,279.609985,29.020000,86079.781250,38.4,102.84,43.560001,PM10,24439
20.360001,37.080002,5.450000,10.120000,0.610000,60.270000,-0.200000,2.870000,279.600006,31.260000,86001.976562,38.4,103.01,37.080002,PM10,24440
18.170000,30.610001,4.520000,8.020000,0.520000,62.830002,-0.410000,3.120000,279.739990,32.029999,85840.210938,38.4,103.19,30.610001,PM10,24441
16.809999,25.389999,4.240000,6.660000,0.450000,64.629997,-0.610000,3.010000,279.429993,34.310001,86131.523438,38.4,103.36,25.389999,PM10,24442
0.740000,0.950000,0.270000,0.550000,0.120000,74.919998,5.150000,2.270000,257.720001,43.889999,56297.308594,38.25,95.94,3.000000,CO,24659
0.690000,0.890000,0.250000,0.490000,0.120000,75.430000,6.740000,3.920000,257.989990,43.700001,56202.730469,38.26,96.11,3.000000,CO,24660
0.640000,0.810000,0.230000,0.430000,0.120000,76.790001,7.420000,4.500000,260.000000,37.919998,57708.878906,38.27,96.28,3.000000,CO,24661
0.610000,0.780000,0.210000,0.400000,0.120000,76.800003,7.130000,2.950000,261.730011,33.549999,59261.988281,38.28,96.45,3.000000,CO,24662
0.590000,0.760000,0.200000,0.360000,0.120000,74.830002,5.850000,1.440000,261.679993,33.270000,59809.429688,38.29,96.62,3.000000,CO,24663
0.480000,0.630000,0.170000,0.510000,0.130000,78.769997,6.190000,0.270000,265.980011,34.860001,65597.367188,38.45,99.73,3.250000,CO,24681
0.570000,0.810000,0.170000,0.610000,0.130000,77.839996,5.090000,1.280000,267.970001,33.520000,68038.671875,38.45,99.9,3.250000,CO,24682
1.110000,1.720000,0.260000,0.940000,0.140000,76.940002,4.540000,3.960000,266.290009,36.230000,65680.406250,38.46,100.24,3.500000,CO,24684
1.690000,2.720000,0.430000,1.270000,0.150000,75.830002,4.910000,3.690000,271.200012,30.190001,70236.953125,38.47,100.42,3.750000,CO,24685
3.660000,6.190000,0.900000,2.010000,0.180000,74.040001,4.150000,1.980000,275.510010,27.260000,75876.273438,38.48,100.59,6.190000,PM10,24686
6.050000,10.530000,1.500000,3.230000,0.220000,72.470001,3.610000,0.860000,276.790009,26.170000,78044.570312,38.48,100.76,10.530000,PM10,24687
8.060000,13.540000,2.140000,4.380000,0.260000,71.680000,2.530000,1.730000,276.369995,27.950001,78457.687500,38.49,100.94,13.540000,PM10,24688
6.330000,10.960000,1.950000,4.080000,0.250000,72.790001,1.500000,4.010000,275.250000,29.070000,77112.601562,38.49,101.11,10.960000,PM10,24689
5.360000,9.620000,1.630000,3.570000,0.240000,74.139999,1.970000,4.200000,274.040009,29.389999,74968.492188,38.5,101.28,9.620000,PM10,24690
5.800000,10.850000,1.720000,3.930000,0.250000,73.680000,3.400000,2.340000,274.829987,27.930000,75710.023438,38.5,101.45,10.850000,PM10,24691
6.940000,13.810000,2.090000,4.760000,0.270000,72.610001,3.380000,0.150000,275.750000,27.510000,77545.820312,38.51,101.63,13.810000,PM10,24692
8.250000,17.530001,2.790000,6.370000,0.300000,70.959999,2.660000,-1.000000,275.049988,27.629999,76689.109375,38.51,101.8,17.530001,PM10,24693
15.330000,35.860001,9.300000,15.840000,0.470000,60.360001,2.430000,-0.810000,276.489990,24.459999,77753.343750,38.51,101.97,35.860001,PM10,24694
28.420000,68.889999,23.730000,30.940001,0.750000,43.680000,1.960000,-0.570000,279.600006,21.820000,82692.726562,38.52,102.15,59.445000,PM10,24695
27.910000,63.230000,20.950001,22.360001,0.720000,49.959999,1.190000,-0.370000,280.269989,22.870001,85577.328125,38.52,102.32,56.614998,PM10,24696
27.370001,58.000000,16.860001,17.559999,0.700000,53.490002,0.820000,0.400000,279.690002,25.940001,85975.132812,38.52,102.49,54.000000,PM10,24697
23.680000,47.849998,12.090000,13.470000,0.640000,56.349998,0.680000,1.300000,279.739990,27.400000,86326.648438,38.53,102.66,47.849998,PM10,24698
21.670000,41.759998,8.340000,11.130000,0.600000,58.830002,0.320000,1.950000,279.369995,30.700001,86422.976562,38.53,102.84,41.759998,PM10,24699
20.080000,36.259998,5.960000,10.120000,0.580000,60.369999,-0.030000,2.650000,279.600006,32.669998,86387.750000,38.53,103.01,36.259998,PM10,24700
18.980000,31.280001,5.100000,8.330000,0.510000,62.470001,-0.550000,3.090000,279.579987,34.169998,86420.617188,38.54,103.18,31.280001,PM10,24701
17.049999,24.620001,4.410000,5.820000,0.420000,64.720001,-0.940000,3.020000,279.200012,36.759998,86690.507812,38.54,103.36,24.620001,PM10,24702
16.299999,21.020000,4.680000,4.670000,0.350000,65.080002,-1.190000,3.050000,278.950012,38.590000,86738.992188,38.54,103.53,23.285713,PM2.5,24703
0.810000,1.030000,0.290000,0.610000,0.120000,74.139999,2.950000,5.350000,261.989990,37.750000,60455.679688,38.33,95.23,3.000000,CO,24913
0.840000,1.080000,0.310000,0.650000,0.110000,73.559998,3.750000,5.040000,261.149994,38.419998,59519.699219,38.34,95.41,2.750000,CO,24914
0.790000,1.020000,0.290000,0.600000,0.110000,73.660004,4.450000,3.970000,259.369995,41.570000,57751.050781,38.36,95.58,2.750000,CO,24915
0.750000,0.960000,0.270000,0.550000,0.120000,73.500000,6.290000,3.890000,258.429993,42.750000,56729.679688,38.37,95.75,3.000000,CO,24916
0.710000,0.910000,0.260000,0.510000,0.120000,73.120003,7.720000,4.180000,259.709991,38.400002,57508.410156,38.38,95.92,3.000000,CO,24917
0.680000,0.870000,0.240000,0.480000,0.120000,73.709999,7.520000,3.720000,262.290009,32.610001,59742.910156,38.39,96.09,3.000000,CO,24918
0.660000,0.830000,0.230000,0.440000,0.120000,72.459999,6.220000,2.710000,263.149994,31.309999,60916.621094,38.4,96.27,3.000000,CO,24919
0.640000,0.820000,0.220000,0.400000,0.120000,72.080002,5.490000,1.800000,261.339996,35.020000,59800.269531,38.41,96.44,3.000000,CO,24920
0.600000,0.790000,0.200000,0.360000,0.120000,73.360001,5.710000,1.220000,260.630005,35.990002,59149.320312,38.42,96.61,3.000000,CO,24921
0.520000,0.700000,0.190000,0.680000,0.130000,78.129997,5.870000,0.250000,263.540009,38.700001,63131.128906,38.57,99.54,3.250000,CO,24938
0.570000,0.810000,0.180000,0.720000,0.130000,77.860001,6.470000,-0.110000,265.940002,34.369999,64749.859375,38.58,99.72,3.250000,CO,24939
0.610000,0.900000,0.170000,0.750000,0.130000,77.410004,5.210000,0.240000,269.000000,31.090000,68040.546875,38.59,99.89,3.250000,CO,24940
0.880000,1.400000,0.200000,1.080000,0.140000,76.010002,4.080000,2.790000,269.910004,31.650000,69475.351562,38.59,100.06,3.500000,CO,24941
2.040000,3.480000,0.490000,1.610000,0.160000,74.690002,3.950000,3.190000,272.309998,29.840000,71861.023438,38.6,100.24,4.000000,CO,24942
4.020000,7.090000,0.900000,2.350000,0.180000,72.889999,3.750000,1.570000,276.690002,27.010000,77780.539062,38.61,100.41,7.090000,PM10,24943
7.810000,13.850000,1.420000,3.290000,0.220000,71.739998,3.190000,0.810000,278.679993,25.930000,81341.703125,38.61,100.58,13.850000,PM10,24944
9.130000,16.059999,1.650000,4.000000,0.250000,71.120003,2.550000,0.890000,278.200012,26.850000,81326.023438,38.62,100.76,16.059999,PM10,24945
9.240000,15.880000,1.870000,4.430000,0.270000,70.699997,2.000000,1.910000,277.579987,28.219999,80973.429688,38.62,100.93,15.880000,PM10,24946
7.460000,13.100000,1.840000,4.490000,0.270000,70.669998,1.560000,3.810000,277.350006,28.670000,80537.718750,38.63,101.1,13.100000,PM10,24947
6.380000,11.570000,1.710000,4.270000,0.260000,71.480003,1.750000,4.180000,276.890015,27.799999,79463.156250,38.63,101.27,11.570000,PM10,24948
6.400000,12.060000,1.770000,4.360000,0.260000,71.690002,2.360000,3.190000,276.250000,27.280001,78578.460938,38.64,101.45,12.060000,PM10,24949
6.930000,13.710000,1.980000,4.390000,0.270000,71.900002,2.570000,1.900000,275.190002,27.990000,77356.242188,38.64,101.62,13.710000,PM10,24950
7.860000,16.610001,2.620000,5.630000,0.280000,71.160004,2.880000,1.140000,275.209991,26.459999,76437.617188,38.65,101.79,16.610001,PM10,24951
14.590000,34.529999,9.610000,15.060000,0.430000,60.520000,2.870000,0.540000,277.820007,23.070000,79587.882812,38.65,101.97,34.529999,PM10,24952
30.059999,73.160004,28.370001,32.820000,0.740000,41.980000,1.920000,0.050000,280.220001,22.020000,84346.437500,38.65,102.14,61.580002,PM10,24953
27.610001,61.439999,18.959999,18.850000,0.660000,52.880001,0.570000,-0.280000,280.010010,25.480000,86396.218750,38.66,102.31,55.720001,PM10,24954
25.430000,52.230000,10.220000,11.650000,0.590000,58.380001,-0.290000,0.410000,278.929993,31.120001,86774.921875,38.66,102.49,51.114998,PM10,24955
21.809999,42.200001,9.270000,9.760000,0.520000,59.610001,-0.510000,0.940000,278.809998,32.660000,86803.757812,38.66,102.66,42.200001,PM10,24956
20.410000,38.270000,7.710000,9.190000,0.500000,59.270000,-0.400000,1.460000,278.910004,33.560001,86742.093750,38.67,102.83,38.270000,PM10,24957
20.150000,35.580002,6.460000,9.780000,0.520000,59.490002,-0.290000,1.620000,279.260010,35.549999,86736.093750,38.67,103.01,35.580002,PM10,24958
19.309999,30.430000,5.720000,8.090000,0.480000,61.680000,-0.830000,2.460000,279.239990,37.220001,86862.679688,38.67,103.18,30.430000,PM10,24959
17.580000,23.990000,4.770000,5.010000,0.370000,63.450001,-1.380000,2.810000,278.859985,39.340000,86991.570312,38.67,103.35,25.114286,PM2.5,24960
17.090000,21.120001,5.220000,4.180000,0.320000,63.650002,-1.550000,2.990000,278.709991,40.360001,86996.101562,38.68,103.53,24.414286,PM2.5,24961
16.969999,20.150000,5.970000,4.090000,0.280000,62.189999,-1.800000,2.980000,278.720001,41.400002,87034.953125,38.68,103.7,24.242857,PM2.5,24962
17.700001,21.120001,6.930000,4.530000,0.270000,60.900002,-2.190000,2.920000,278.549988,42.919998,87126.531250,38.68,103.87,25.285715,PM2.5,24963
0.740000,0.880000,0.260000,0.580000,0.120000,72.519997,-1.740000,6.130000,268.309998,30.010000,67202.976562,38.42,94.53,3.000000,CO,25159
0.680000,0.820000,0.240000,0.550000,0.120000,74.559998,-1.890000,5.640000,266.500000,32.099998,65211.191406,38.43,94.7,3.000000,CO,25160
0.620000,0.740000,0.210000,0.450000,0.120000,77.430000,-0.010000,5.310000,263.519989,36.950001,62074.351562,38.44,94.87,3.000000,CO,25161
0.650000,0.790000,0.220000,0.440000,0.120000,75.209999,2.970000,6.030000,262.079987,39.330002,60605.800781,38.45,95.05,3.000000,CO,25162
0.710000,0.890000,0.240000,0.500000,0.120000,74.739998,4.260000,6.100000,263.140015,35.099998,61395.078125,38.47,95.22,3.000000,CO,25163
0.750000,0.950000,0.270000,0.540000,0.120000,73.080002,4.340000,5.860000,263.119995,34.180000,61363.750000,38.48,95.39,3.000000,CO,25164
0.740000,0.940000,0.260000,0.530000,0.120000,72.669998,5.480000,5.630000,262.209991,34.840000,60191.558594,38.49,95.56,3.000000,CO,25165
0.710000,0.900000,0.240000,0.500000,0.120000,73.440002,6.890000,4.360000,262.570007,32.840000,60138.679688,38.5,95.74,3.000000,CO,25166
0.680000,0.860000,0.230000,0.470000,0.120000,73.330002,6.930000,2.370000,263.850006,30.280001,61455.109375,38.51,95.91,3.000000,CO,25167
0.660000,0.830000,0.220000,0.430000,0.120000,72.040001,5.950000,0.880000,263.380005,31.610001,61575.320312,38.53,96.08,3.000000,CO,25168
0.630000,0.800000,0.210000,0.390000,0.120000,71.320000,5.310000,1.420000,261.720001,34.939999,60509.839844,38.54,96.25,3.000000,CO,25169
0.620000,0.810000,0.200000,0.370000,0.120000,70.820000,5.420000,2.500000,261.380005,35.419998,60044.500000,38.55,96.42,3.000000,CO,25170
0.610000,0.810000,0.190000,0.360000,0.120000,72.120003,5.670000,2.180000,262.399994,33.369999,60577.050781,38.56,96.6,3.000000,CO,25171
0.590000,0.790000,0.180000,0.340000,0.120000,73.180000,4.810000,1.650000,263.160004,32.430000,61344.031250,38.57,96.77,3.000000,CO,25172
0.540000,0.700000,0.160000,0.300000,0.120000,75.120003,2.830000,1.320000,262.239990,35.480000,61382.878906,38.58,96.94,3.000000,CO,25173
0.650000,0.950000,0.200000,0.870000,0.130000,76.190002,6.380000,1.850000,265.750000,35.860001,64768.339844,38.71,99.54,3.250000,CO,25188
0.960000,1.590000,0.280000,1.030000,0.140000,75.550003,5.430000,0.970000,268.760010,32.650002,67698.328125,38.72,99.71,3.500000,CO,25189
1.120000,1.920000,0.290000,1.100000,0.140000,74.959999,4.370000,0.590000,270.410004,31.200001,69475.812500,38.72,99.88,3.500000,CO,25190
1.590000,2.790000,0.410000,1.590000,0.150000,73.550003,3.380000,1.020000,273.309998,28.830000,73122.226562,38.73,100.06,3.750000,CO,25191
5.420000,9.650000,1.450000,3.410000,0.200000,70.199997,2.890000,0.760000,277.160004,25.799999,78794.539062,38.74,100.23,9.650000,PM10,25192
9.790000,17.490000,2.220000,5.000000,0.240000,68.400002,2.360000,0.520000,279.459991,24.379999,82849.421875,38.74,100.4,17.490000,PM10,25193
13.850000,24.120001,2.550000,5.590000,0.300000,68.209999,0.460000,0.730000,279.390015,26.309999,84174.468750,38.75,100.58,24.120001,PM10,25194
13.030000,22.809999,2.430000,5.730000,0.320000,69.059998,-1.590000,0.610000,278.809998,26.850000,83711.968750,38.75,100.75,22.809999,PM10,25195
12.310000,21.190001,2.470000,5.960000,0.330000,70.059998,-1.710000,0.440000,277.899994,27.379999,82511.593750,38.76,100.92,21.190001,PM10,25196
8.970000,16.090000,2.320000,5.580000,0.300000,70.360001,-0.730000,1.930000,277.019989,28.219999,81204.546875,38.76,101.1,16.090000,PM10,25197
7.070000,12.870000,1.890000,4.720000,0.270000,71.029999,0.630000,3.630000,276.149994,28.049999,79513.726562,38.77,101.27,12.870000,PM10,25198
13.490000,31.360001,8.080000,12.710000,0.390000,61.320000,2.240000,1.180000,280.089996,21.930000,83812.007812,38.78,101.96,31.360001,PM10,25202
26.990000,61.520000,19.780001,23.040001,0.600000,48.410000,0.520000,0.310000,280.010010,24.990000,86036.156250,38.79,102.14,55.760002,PM10,25203
22.219999,45.090000,8.180000,9.980000,0.480000,58.330002,-1.110000,0.170000,278.799988,32.000000,86811.882812,38.79,102.31,45.090000,PM10,25204
20.650000,39.250000,6.600000,7.620000,0.450000,60.000000,-1.780000,0.410000,278.339996,35.540001,86991.539062,38.8,102.48,39.250000,PM10,25205
19.230000,35.090000,6.760000,7.170000,0.430000,60.439999,-1.830000,0.690000,278.329987,35.220001,86816.343750,38.8,102.66,35.090000,PM10,25206
18.969999,33.490002,6.390000,7.230000,0.430000,59.820000,-1.690000,0.840000,278.309998,36.509998,86755.468750,38.8,102.83,33.490002,PM10,25207
19.770000,32.459999,5.950000,7.310000,0.440000,59.950001,-1.400000,0.460000,278.260010,40.240002,86934.203125,38.8,103.0,32.459999,PM10,25208
19.020000,27.910000,5.510000,6.050000,0.400000,60.950001,-1.500000,1.470000,278.540009,40.160000,87090.531250,38.81,103.18,27.910000,PM10,25209
18.250000,23.590000,5.150000,4.330000,0.340000,61.939999,-1.770000,2.550000,278.510010,40.570000,87103.226562,38.81,103.35,26.071428,PM2.5,25210
18.200001,21.520000,5.680000,3.770000,0.300000,61.740002,-1.810000,2.740000,278.390015,41.580002,87132.296875,38.81,103.52,26.000002,PM2.5,25211
18.330000,21.150000,6.540000,3.770000,0.270000,60.970001,-1.960000,2.840000,278.250000,43.139999,87242.562500,38.81,103.7,26.185715,PM2.5,25212
17.860001,21.000000,7.230000,4.090000,0.260000,59.990002,-2.360000,3.030000,278.399994,43.389999,87244.453125,38.81,103.87,25.514286,PM2.5,25213
0.730000,0.870000,0.250000,0.540000,0.120000,70.980003,0.560000,6.070000,270.200012,26.940001,69264.593750,38.55,94.51,3.000000,CO,25401
0.670000,0.800000,0.230000,0.490000,0.120000,73.360001,0.440000,6.700000,268.589996,28.129999,66981.976562,38.56,94.69,3.000000,CO,25402
0.620000,0.740000,0.200000,0.420000,0.120000,76.540001,2.460000,6.650000,266.049988,31.049999,63868.230469,38.58,94.86,3.000000,CO,25403
0.630000,0.760000,0.210000,0.400000,0.120000,74.239998,3.900000,5.570000,266.250000,29.990000,63958.339844,38.59,95.03,3.000000,CO,25404
0.670000,0.820000,0.220000,0.430000,0.120000,72.629997,4.160000,4.130000,266.440002,29.280001,64459.390625,38.6,95.2,3.000000,CO,25405
0.700000,0.870000,0.230000,0.460000,0.120000,72.669998,4.540000,3.940000,265.309998,30.889999,63476.960938,38.61,95.38,3.000000,CO,25406
0.700000,0.880000,0.230000,0.460000,0.120000,72.400002,4.830000,3.430000,265.690002,29.709999,63836.480469,38.63,95.55,3.000000,CO,25407
0.680000,0.840000,0.210000,0.420000,0.120000,73.209999,4.320000,1.750000,265.459991,29.570000,63925.031250,38.64,95.72,3.000000,CO,25408
0.620000,0.770000,0.190000,0.370000,0.120000,74.180000,4.380000,0.740000,262.320007,36.070000,61281.121094,38.65,95.89,3.000000,CO,25409
0.610000,0.750000,0.190000,0.340000,0.120000,72.849998,6.340000,1.440000,260.320007,39.810001,59149.218750,38.66,96.07,3.000000,CO,25410
0.600000,0.750000,0.190000,0.340000,0.120000,70.769997,6.880000,1.970000,262.690002,34.020000,60885.339844,38.67,96.24,3.000000,CO,25411
0.600000,0.780000,0.180000,0.340000,0.120000,70.709999,4.970000,2.510000,265.609985,29.139999,63865.539062,38.68,96.41,3.000000,CO,25412
0.610000,0.810000,0.180000,0.350000,0.120000,71.669998,3.830000,2.430000,266.029999,28.549999,64533.738281,38.69,96.58,3.000000,CO,25413
0.580000,0.770000,0.170000,0.320000,0.120000,74.070000,2.580000,2.330000,264.290009,32.189999,63089.730469,38.7,96.76,3.000000,CO,25414
0.510000,0.660000,0.150000,0.270000,0.120000,75.769997,1.620000,2.200000,261.600006,37.299999,60675.800781,38.72,96.93,3.000000,CO,25415
0.560000,0.820000,0.160000,0.540000,0.130000,77.139999,5.260000,0.170000,262.010010,44.970001,61432.781250,38.83,99.18,3.250000,CO,25428
0.710000,1.120000,0.200000,0.790000,0.130000,75.889999,5.980000,1.140000,264.890015,38.200001,63400.308594,38.84,99.35,3.250000,CO,25429
1.420000,2.440000,0.400000,1.410000,0.140000,74.089996,4.130000,0.410000,270.290009,31.100000,69454.007812,38.84,99.53,3.500000,CO,25430
2.700000,4.870000,0.680000,2.230000,0.160000,72.730003,3.030000,0.220000,273.630005,27.469999,74033.796875,38.85,99.7,4.870000,PM10,25431
3.890000,7.210000,0.990000,2.790000,0.170000,71.820000,2.760000,0.570000,274.269989,27.799999,74946.906250,38.86,99.87,7.210000,PM10,25432
6.540000,12.110000,1.720000,3.950000,0.200000,69.709999,2.570000,0.690000,276.440002,25.940001,77741.960938,38.86,100.05,12.110000,PM10,25433
20.469999,37.220001,6.350000,12.480000,0.350000,60.000000,2.140000,0.350000,279.709991,23.129999,82850.132812,38.87,100.22,37.220001,PM10,25434
26.910000,48.930000,8.340000,15.820000,0.480000,53.770000,0.330000,0.720000,280.630005,23.309999,85512.046875,38.88,100.39,48.930000,PM10,25435
15.580000,27.879999,3.520000,8.140000,0.350000,66.230003,-2.440000,1.500000,280.279999,23.250000,85079.117188,38.88,100.57,27.879999,PM10,25436
11.860000,20.530001,2.470000,6.760000,0.310000,67.739998,-3.080000,0.290000,278.640015,23.389999,82017.296875,38.89,100.74,20.530001,PM10,25437
10.470000,17.540001,2.260000,6.360000,0.290000,69.339996,-1.220000,-0.300000,276.700012,25.350000,79267.562500,38.89,100.92,17.540001,PM10,25438
12.670000,21.980000,4.230000,8.380000,0.350000,67.160004,0.860000,1.310000,276.489990,26.639999,79363.140625,38.9,101.09,21.980000,PM10,25439
18.049999,36.419998,8.130000,10.490000,0.400000,58.529999,-1.910000,-0.060000,279.380005,30.750000,86867.726562,38.92,102.13,36.419998,PM10,25445
15.920000,28.670000,5.220000,5.740000,0.360000,61.990002,-2.060000,0.140000,278.809998,34.259998,86733.343750,38.93,102.31,28.670000,PM10,25446
16.490000,28.709999,4.950000,5.230000,0.360000,61.950001,-1.990000,0.370000,278.440002,36.119999,86429.218750,38.93,102.48,28.709999,PM10,25447
16.559999,28.610001,5.270000,5.310000,0.360000,61.709999,-2.130000,1.090000,278.350006,36.330002,86166.609375,38.93,102.65,28.610001,PM10,25448
17.030001,28.330000,5.210000,5.340000,0.360000,61.770000,-2.100000,1.090000,277.980011,37.880001,86149.820312,38.94,102.83,28.330000,PM10,25449
17.389999,26.450001,4.770000,4.550000,0.350000,62.680000,-1.740000,0.370000,277.709991,42.090000,86574.398438,38.94,103.0,26.450001,PM10,25450
17.629999,24.190001,4.810000,4.020000,0.340000,62.830002,-1.500000,0.760000,277.899994,42.320000,87012.093750,38.94,103.17,25.185713,PM2.5,25451
17.770000,22.120001,5.130000,3.660000,0.310000,62.060001,-1.610000,2.010000,278.269989,41.099998,87144.140625,38.94,103.35,25.385715,PM2.5,25452
18.620001,21.360001,5.920000,3.370000,0.280000,60.860001,-1.710000,2.510000,278.130005,42.020000,87153.359375,38.95,103.52,26.600000,PM2.5,25453
18.160000,20.610001,6.560000,3.310000,0.250000,61.040001,-1.890000,2.610000,278.130005,43.110001,87283.773438,38.95,103.7,25.942858,PM2.5,25454
17.860001,20.760000,7.440000,3.630000,0.250000,59.950001,-2.280000,2.830000,277.970001,44.490002,87385.976562,38.95,103.87,25.514286,PM2.5,25455
17.549999,21.139999,7.990000,3.990000,0.250000,59.970001,-2.240000,3.150000,278.100006,43.939999,87229.773438,38.95,104.04,25.071428,PM2.5,25456
0.740000,0.870000,0.240000,0.480000,0.120000,69.080002,1.700000,3.320000,270.989990,27.410000,70961.031250,38.68,94.5,3.000000,CO,25645
0.690000,0.800000,0.220000,0.430000,0.120000,70.739998,2.030000,4.140000,270.399994,26.389999,69563.882812,38.7,94.67,3.000000,CO,25646
0.650000,0.750000,0.200000,0.380000,0.120000,72.330002,2.730000,3.450000,269.700012,26.219999,68245.703125,38.71,94.84,3.000000,CO,25647
0.630000,0.740000,0.190000,0.350000,0.120000,71.470001,2.220000,1.420000,269.140015,27.090000,67902.976562,38.72,95.01,3.000000,CO,25648
0.650000,0.760000,0.190000,0.330000,0.120000,71.529999,1.620000,0.950000,267.809998,29.510000,67050.851562,38.74,95.19,3.000000,CO,25649
0.650000,0.780000,0.200000,0.330000,0.120000,72.480003,1.650000,1.330000,266.609985,30.930000,65964.093750,38.75,95.36,3.000000,CO,25650
0.640000,0.770000,0.190000,0.320000,0.120000,73.839996,1.510000,0.750000,265.380005,32.490002,64978.289062,38.76,95.53,3.000000,CO,25651
0.600000,0.720000,0.180000,0.300000,0.110000,73.720001,2.510000,1.340000,262.890015,36.910000,62418.570312,38.77,95.71,2.750000,CO,25652
0.590000,0.720000,0.180000,0.300000,0.110000,72.709999,5.830000,3.940000,261.019989,40.169998,60117.769531,38.78,95.88,2.750000,CO,25653
0.590000,0.720000,0.170000,0.300000,0.120000,72.389999,7.200000,3.550000,263.579987,32.930000,61523.210938,38.8,96.05,3.000000,CO,25654
0.570000,0.710000,0.170000,0.290000,0.120000,69.410004,4.420000,1.150000,267.040009,27.330000,65270.089844,38.81,96.22,3.000000,CO,25655
0.590000,0.760000,0.170000,0.290000,0.120000,71.209999,1.410000,0.820000,267.609985,27.330000,66885.890625,38.82,96.4,3.000000,CO,25656
0.580000,0.770000,0.170000,0.290000,0.120000,72.610001,0.600000,1.310000,266.070007,30.110001,65521.281250,38.83,96.57,3.000000,CO,25657
0.560000,0.740000,0.160000,0.290000,0.120000,73.820000,1.020000,3.020000,264.200012,33.259998,63577.308594,38.84,96.74,3.000000,CO,25658
0.500000,0.650000,0.150000,0.250000,0.120000,74.940002,2.660000,4.560000,262.140015,36.400002,61114.359375,38.85,96.92,3.000000,CO,25659
0.410000,0.810000,0.100000,0.230000,0.120000,75.610001,5.110000,-0.040000,264.399994,33.880001,62405.960938,38.91,97.96,3.000000,CO,25665
0.510000,1.060000,0.130000,0.560000,0.130000,75.040001,2.350000,-0.430000,266.089996,33.790001,64573.519531,38.92,98.13,3.250000,CO,25666
0.770000,1.390000,0.210000,0.930000,0.140000,75.860001,6.390000,1.300000,262.670013,41.209999,60889.328125,38.96,99.17,3.500000,CO,25672
1.470000,2.770000,0.430000,1.560000,0.150000,73.400002,3.830000,-0.420000,267.720001,34.110001,66036.976562,38.97,99.34,3.750000,CO,25673
3.240000,5.940000,0.850000,2.910000,0.170000,71.570000,1.650000,-0.870000,273.040009,26.889999,73095.476562,38.98,99.52,5.940000,PM10,25674
5.230000,9.490000,1.370000,4.220000,0.180000,69.800003,1.120000,-0.530000,275.059998,25.330000,76276.007812,38.99,99.69,9.490000,PM10,25675
6.790000,12.420000,1.880000,5.030000,0.190000,68.800003,1.130000,-0.010000,276.170013,24.629999,77838.062500,38.99,99.87,12.420000,PM10,25676
12.500000,22.990000,3.660000,8.230000,0.260000,64.029999,1.510000,0.420000,278.850006,22.230000,81498.648438,39.0,100.04,22.990000,PM10,25677
25.709999,46.820000,8.480000,17.500000,0.420000,51.560001,0.930000,0.660000,280.720001,21.450001,84977.703125,39.01,100.21,46.820000,PM10,25678
27.170000,49.799999,9.380000,18.250000,0.480000,50.990002,-0.790000,1.500000,280.940002,22.100000,86244.632812,39.01,100.39,49.799999,PM10,25679
13.320000,23.790001,3.580000,7.840000,0.320000,65.510002,-2.190000,2.100000,280.359985,21.299999,84130.992188,39.02,100.56,23.790001,PM10,25680
9.150000,15.300000,2.380000,5.490000,0.260000,68.839996,-1.330000,0.920000,276.910004,22.900000,78418.296875,39.02,100.73,15.300000,PM10,25681
12.260000,22.299999,5.780000,6.290000,0.310000,63.910000,-1.110000,0.020000,279.299988,27.700001,85390.156250,39.06,101.95,22.299999,PM10,25688
13.140000,23.610001,6.170000,5.880000,0.310000,64.279999,-0.860000,-0.140000,278.809998,29.980000,84960.218750,39.06,102.13,23.610001,PM10,25689
12.230000,20.230000,4.460000,3.720000,0.300000,66.070000,-0.570000,0.220000,278.459991,32.250000,84697.546875,39.06,102.3,20.230000,PM10,25690
13.300000,21.600000,4.250000,3.670000,0.300000,64.779999,-0.540000,0.980000,278.220001,35.130001,85038.960938,39.07,102.47,21.600000,PM10,25691
14.930000,24.400000,4.700000,4.240000,0.320000,63.150002,-1.080000,2.170000,278.279999,36.740002,85462.039062,39.07,102.65,24.400000,PM10,25692
15.850000,24.920000,4.740000,4.150000,0.320000,62.779999,-1.660000,2.690000,278.179993,37.660000,85514.546875,39.07,102.82,24.920000,PM10,25693
16.160000,23.270000,4.450000,3.480000,0.310000,63.810001,-1.590000,2.130000,277.829987,39.150002,85594.453125,39.07,103.0,23.270000,PM10,25694
16.299999,21.260000,4.500000,2.950000,0.290000,64.230003,-1.080000,1.530000,277.700012,41.270000,86093.960938,39.08,103.17,23.285713,PM2.5,25695
16.920000,20.230000,5.030000,2.770000,0.270000,62.840000,-1.040000,1.770000,277.709991,42.290001,86808.812500,39.08,103.35,24.171429,PM2.5,25696
18.160000,20.410000,6.040000,2.830000,0.250000,61.070000,-1.590000,2.300000,277.730011,43.000000,87193.671875,39.08,103.52,25.942858,PM2.5,25697
17.950001,20.160000,6.730000,2.940000,0.240000,60.639999,-2.130000,2.600000,277.720001,43.770000,87213.976562,39.08,103.69,25.642859,PM2.5,25698
17.070000,19.700001,7.340000,3.170000,0.240000,60.000000,-2.190000,2.700000,277.540009,44.520000,87125.687500,39.08,103.87,24.385714,PM2.5,25699
16.600000,19.889999,7.750000,3.410000,0.240000,60.150002,-1.800000,2.950000,277.700012,43.919998,87059.460938,39.09,104.04,23.714287,PM2.5,25700
0.960000,1.120000,0.290000,0.340000,0.120000,65.889999,1.450000,5.730000,269.079987,36.900002,68900.093750,38.76,93.79,3.000000,CO,25885
0.880000,1.020000,0.260000,0.310000,0.120000,66.449997,2.300000,5.790000,269.880005,33.790001,69120.937500,38.78,93.96,3.000000,CO,25886
0.840000,0.970000,0.250000,0.360000,0.120000,66.720001,1.700000,3.850000,271.279999,30.389999,70984.648438,38.79,94.13,3.000000,CO,25887
0.800000,0.920000,0.240000,0.570000,0.120000,68.459999,0.730000,1.800000,271.269989,30.240000,71944.882812,38.81,94.31,3.000000,CO,25888
0.740000,0.850000,0.220000,0.510000,0.120000,70.260002,0.290000,0.960000,270.700012,30.280001,71483.343750,38.82,94.48,3.000000,CO,25889
0.690000,0.790000,0.210000,0.420000,0.120000,70.959999,0.150000,0.780000,270.320007,29.590000,70652.781250,38.83,94.65,3.000000,CO,25890
0.650000,0.740000,0.190000,0.380000,0.120000,71.730003,-0.310000,-0.200000,269.829987,29.639999,69911.562500,38.85,94.82,3.000000,CO,25891
0.620000,0.700000,0.180000,0.330000,0.120000,72.629997,-1.120000,-1.390000,268.820007,30.990000,68909.093750,38.86,95.0,3.000000,CO,25892
0.580000,0.660000,0.160000,0.250000,0.120000,74.500000,-1.490000,-1.280000,268.029999,31.469999,68139.960938,38.87,95.17,3.000000,CO,25893
0.510000,0.590000,0.150000,0.180000,0.120000,76.190002,-0.870000,-0.720000,266.619995,32.810001,66591.273438,38.88,95.34,3.000000,CO,25894
0.490000,0.570000,0.140000,0.190000,0.110000,74.059998,2.130000,0.950000,263.010010,39.590000,62722.761719,38.9,95.52,2.750000,CO,25895
0.490000,0.570000,0.150000,0.210000,0.110000,74.669998,5.950000,3.800000,262.000000,40.400002,60963.191406,38.91,95.69,2.750000,CO,25896
0.520000,0.620000,0.150000,0.240000,0.110000,72.910004,6.080000,4.840000,266.029999,30.200001,64271.500000,38.92,95.86,2.750000,CO,25897
0.520000,0.620000,0.150000,0.240000,0.120000,70.440002,2.610000,1.530000,268.690002,25.690001,67400.312500,38.93,96.04,3.000000,CO,25898
0.470000,0.550000,0.130000,0.180000,0.120000,75.650002,-0.250000,-0.800000,267.989990,27.230000,67340.968750,38.94,96.21,3.000000,CO,25899
0.480000,0.620000,0.140000,0.190000,0.120000,76.669998,-0.730000,-0.170000,266.260010,30.370001,65554.046875,38.95,96.38,3.000000,CO,25900
0.510000,0.660000,0.150000,0.210000,0.120000,75.610001,0.830000,0.870000,263.989990,34.060001,63200.820312,38.96,96.56,3.000000,CO,25901
0.520000,0.690000,0.150000,0.240000,0.120000,74.540001,3.060000,2.960000,262.929993,36.430000,62327.210938,38.97,96.73,3.000000,CO,25902
0.490000,0.630000,0.140000,0.230000,0.120000,74.820000,4.820000,5.110000,263.540009,34.580002,62489.429688,38.98,96.9,3.000000,CO,25903
0.450000,0.950000,0.110000,0.280000,0.120000,76.449997,6.330000,0.720000,265.010010,33.020000,63262.500000,39.03,97.77,3.000000,CO,25908
0.470000,1.160000,0.120000,0.410000,0.130000,74.470001,4.140000,0.100000,265.820007,32.830002,64118.148438,39.04,97.94,3.250000,CO,25909
0.520000,1.300000,0.130000,0.910000,0.130000,76.150002,3.000000,-1.270000,265.029999,34.910000,63685.320312,39.05,98.12,3.250000,CO,25910
0.510000,1.210000,0.130000,1.030000,0.130000,77.410004,3.290000,-0.860000,263.940002,38.200001,62774.410156,39.06,98.29,3.250000,CO,25911
0.510000,1.120000,0.130000,0.960000,0.130000,77.860001,3.460000,1.290000,262.850006,41.630001,62054.871094,39.07,98.47,3.250000,CO,25912
0.530000,1.090000,0.130000,0.840000,0.130000,77.480003,5.350000,1.850000,261.690002,42.529999,60683.808594,39.08,98.64,3.250000,CO,25913
0.740000,1.590000,0.230000,1.030000,0.140000,73.949997,5.020000,1.350000,265.529999,36.669998,63704.269531,39.09,98.99,3.500000,CO,25915
1.820000,4.040000,0.540000,2.200000,0.160000,72.010002,2.900000,0.340000,268.839996,32.900002,67621.031250,39.1,99.16,4.040000,PM10,25916
4.050000,8.670000,1.110000,3.860000,0.190000,69.730003,1.880000,-0.280000,273.500000,26.440001,73774.039062,39.11,99.34,8.670000,PM10,25917
5.180000,10.290000,1.410000,4.480000,0.200000,68.430000,1.390000,0.590000,276.260010,23.629999,77782.421875,39.11,99.51,10.290000,PM10,25918
6.130000,11.540000,1.670000,4.880000,0.200000,68.230003,0.460000,0.810000,275.959991,24.270000,77432.617188,39.12,99.68,11.540000,PM10,25919
7.590000,14.030000,2.190000,5.710000,0.210000,67.580002,0.200000,0.960000,277.119995,22.900000,78799.429688,39.13,99.86,14.030000,PM10,25920
15.430000,28.590000,4.920000,10.960000,0.310000,59.730000,0.410000,0.970000,280.309998,20.270000,83755.523438,39.13,100.03,28.590000,PM10,25921
29.219999,53.369999,10.310000,22.240000,0.480000,43.130001,-0.340000,1.100000,281.100006,20.950001,86318.953125,39.14,100.21,51.684998,PM10,25922
25.400000,46.430000,9.630000,20.670000,0.440000,48.980000,-1.120000,2.030000,280.700012,21.590000,85683.968750,39.15,100.38,46.430000,PM10,25923
13.430000,23.610001,4.540000,9.620000,0.310000,62.959999,-0.790000,2.520000,279.940002,20.709999,83380.718750,39.15,100.55,23.610001,PM10,25924
8.710000,14.520000,2.940000,5.830000,0.250000,68.360001,0.630000,1.850000,278.109985,20.809999,79946.828125,39.16,100.73,14.520000,PM10,25925
10.980000,16.920000,4.370000,3.260000,0.280000,67.480003,0.780000,1.670000,277.970001,30.870001,83248.437500,39.2,102.3,16.920000,PM10,25934
11.230000,17.160000,3.900000,2.980000,0.270000,67.080002,0.380000,1.210000,278.450012,34.000000,85033.031250,39.2,102.47,17.160000,PM10,25935
16.200001,18.700001,4.900000,2.270000,0.250000,62.630001,-0.860000,1.990000,277.559998,42.189999,86593.492188,39.21,103.34,23.142859,PM2.5,25940
17.540001,19.450001,5.910000,2.420000,0.230000,61.250000,-1.370000,2.090000,277.329987,43.730000,87230.031250,39.22,103.52,25.057144,PM2.5,25941
17.360001,19.379999,6.580000,2.620000,0.230000,60.560001,-1.900000,2.760000,277.760010,42.320000,87103.250000,39.22,103.69,24.800001,PM2.5,25942
16.219999,18.650000,7.080000,2.820000,0.230000,60.009998,-1.760000,3.150000,277.890015,41.099998,86677.023438,39.22,103.87,23.171427,PM2.5,25943
15.400000,18.400000,7.220000,2.940000,0.230000,60.279999,-1.210000,3.100000,277.899994,41.040001,86607.289062,39.22,104.04,22.000000,PM2.5,25944
1.270000,1.520000,0.430000,0.680000,0.130000,67.900002,3.330000,0.830000,270.769989,33.610001,71367.203125,38.91,93.94,3.250000,CO,26128
1.030000,1.210000,0.320000,0.610000,0.130000,69.839996,1.580000,-0.040000,271.380005,31.740000,72574.281250,38.93,94.12,3.250000,CO,26129
0.860000,0.990000,0.260000,0.690000,0.130000,73.110001,-0.100000,-0.490000,271.089996,31.219999,72597.859375,38.94,94.29,3.250000,CO,26130
0.780000,0.890000,0.230000,0.600000,0.120000,72.889999,-0.470000,-0.290000,270.700012,30.490000,71650.031250,38.95,94.46,3.000000,CO,26131
0.730000,0.830000,0.210000,0.420000,0.120000,73.000000,-0.210000,-0.490000,269.890015,31.440001,70348.656250,38.97,94.64,3.000000,CO,26132
0.680000,0.780000,0.200000,0.380000,0.120000,73.559998,0.010000,-0.670000,268.640015,32.970001,68765.421875,38.98,94.81,3.000000,CO,26133
0.640000,0.720000,0.180000,0.330000,0.120000,74.559998,0.070000,-0.890000,267.510010,34.330002,67461.382812,38.99,94.98,3.000000,CO,26134
0.570000,0.650000,0.160000,0.240000,0.120000,76.620003,0.430000,-0.970000,266.220001,36.330002,66081.703125,39.01,95.15,3.000000,CO,26135
0.510000,0.580000,0.140000,0.190000,0.120000,75.540001,2.500000,0.350000,263.049988,42.840000,62823.839844,39.02,95.33,3.000000,CO,26136
0.490000,0.560000,0.140000,0.180000,0.110000,73.580002,6.950000,3.320000,261.179993,45.840000,60594.500000,39.03,95.5,2.750000,CO,26137
0.480000,0.560000,0.140000,0.190000,0.110000,71.779999,7.890000,4.480000,265.660004,32.959999,64003.730469,39.04,95.67,2.750000,CO,26138
0.490000,0.570000,0.140000,0.200000,0.120000,68.099998,2.700000,1.360000,269.230011,26.340000,68185.320312,39.05,95.85,3.000000,CO,26139
0.470000,0.540000,0.130000,0.170000,0.120000,73.820000,0.020000,-0.630000,267.700012,28.350000,66916.750000,39.07,96.02,3.000000,CO,26140
0.440000,0.510000,0.120000,0.150000,0.120000,74.370003,1.510000,-0.250000,265.019989,32.770000,64056.390625,39.08,96.2,3.000000,CO,26141
0.450000,0.550000,0.120000,0.150000,0.120000,75.400002,2.520000,0.780000,263.730011,35.270000,62816.019531,39.09,96.37,3.000000,CO,26142
0.460000,0.570000,0.120000,0.160000,0.120000,75.690002,3.700000,1.290000,262.950012,36.759998,62083.371094,39.1,96.54,3.000000,CO,26143
0.460000,0.590000,0.120000,0.180000,0.120000,75.160004,5.720000,1.830000,262.649994,37.480000,61826.621094,39.11,96.72,3.000000,CO,26144
0.460000,0.590000,0.120000,0.190000,0.120000,74.800003,6.430000,3.250000,264.130005,34.590000,63170.609375,39.12,96.89,3.000000,CO,26145
0.440000,0.830000,0.120000,0.220000,0.120000,74.180000,6.720000,-0.210000,262.480011,38.509998,61527.449219,39.15,97.41,3.000000,CO,26148
0.460000,1.030000,0.120000,0.250000,0.120000,75.419998,8.500000,-0.270000,263.350006,36.360001,62023.640625,39.16,97.59,3.000000,CO,26149
0.490000,1.240000,0.120000,0.350000,0.120000,74.790001,6.990000,0.790000,265.769989,32.009998,64039.269531,39.17,97.76,3.000000,CO,26150
0.530000,1.490000,0.130000,0.570000,0.130000,72.669998,3.100000,1.010000,267.350006,30.209999,66040.171875,39.18,97.93,3.250000,CO,26151
0.540000,1.480000,0.140000,1.100000,0.130000,76.349998,3.180000,-0.220000,263.679993,37.220001,62474.261719,39.19,98.11,3.250000,CO,26152
0.550000,1.510000,0.140000,1.160000,0.130000,75.010002,7.000000,0.200000,260.630005,43.410000,59411.941406,39.2,98.28,3.250000,CO,26153
0.630000,1.720000,0.190000,1.200000,0.140000,74.370003,7.570000,1.080000,262.880005,38.029999,61091.289062,39.2,98.46,3.500000,CO,26154
0.860000,2.360000,0.330000,1.260000,0.140000,70.510002,5.210000,1.400000,264.470001,37.119999,62776.570312,39.21,98.63,3.500000,CO,26155
1.300000,3.360000,0.470000,1.640000,0.150000,70.330002,3.320000,0.620000,267.309998,33.599998,65878.273438,39.22,98.8,3.750000,CO,26156
1.890000,4.820000,0.640000,2.380000,0.160000,69.050003,2.120000,-0.180000,271.390015,28.000000,71092.257812,39.23,98.98,4.820000,PM10,26157
3.170000,7.940000,0.980000,3.780000,0.190000,68.050003,2.020000,0.280000,275.839996,23.309999,77309.421875,39.23,99.15,7.940000,PM10,26158
5.630000,13.590000,1.770000,5.400000,0.230000,66.650002,2.160000,1.140000,278.899994,21.260000,82152.406250,39.24,99.33,13.590000,PM10,26159
6.710000,15.060000,2.140000,5.840000,0.230000,65.209999,1.880000,1.490000,279.209991,22.400000,83107.210938,39.25,99.5,15.060000,PM10,26160
7.170000,14.680000,2.120000,5.710000,0.230000,65.470001,1.470000,1.710000,279.299988,22.129999,82782.843750,39.26,99.67,14.680000,PM10,26161
8.880000,17.320000,2.570000,6.500000,0.250000,65.500000,1.250000,1.560000,280.359985,20.469999,83907.820312,39.26,99.85,17.320000,PM10,26162
15.760000,29.070000,4.840000,10.370000,0.330000,56.540001,0.640000,0.920000,281.260010,19.879999,86064.437500,39.27,100.02,29.070000,PM10,26163
24.059999,42.990002,8.400000,17.969999,0.420000,44.299999,-0.380000,0.990000,280.730011,21.450001,86535.281250,39.28,100.2,42.990002,PM10,26164
22.620001,39.900002,9.050000,19.350000,0.410000,46.869999,-0.500000,2.220000,280.179993,21.379999,85115.617188,39.28,100.37,39.900002,PM10,26165
13.090000,22.180000,5.050000,10.080000,0.310000,61.009998,0.550000,2.690000,279.730011,20.620001,83573.468750,39.29,100.55,22.180000,PM10,26166
9.440000,15.500000,3.670000,6.740000,0.260000,65.650002,1.830000,2.350000,279.839996,19.809999,83015.593750,39.29,100.72,15.500000,PM10,26167
15.190000,16.730000,5.200000,1.900000,0.210000,61.889999,-1.380000,1.750000,277.320007,42.900002,87237.351562,39.35,103.51,21.699999,PM2.5,26183
15.240000,16.950001,5.850000,2.160000,0.210000,61.490002,-1.340000,2.060000,277.369995,42.580002,87247.390625,39.35,103.69,21.771429,PM2.5,26184
14.660000,16.780001,6.420000,2.450000,0.210000,60.540001,-1.160000,2.470000,277.739990,41.180000,87267.226562,39.35,103.86,20.942858,PM2.5,26185
14.240000,16.910000,6.740000,2.580000,0.220000,60.849998,-1.120000,2.630000,277.869995,40.689999,87179.789062,39.36,104.04,20.342857,PM2.5,26186
2.170000,2.690000,0.820000,1.280000,0.130000,70.739998,-2.500000,0.460000,269.209991,39.099998,70549.929688,38.99,93.23,3.250000,CO,26366
2.140000,2.650000,0.810000,1.300000,0.130000,74.029999,-1.030000,-0.120000,268.299988,40.740002,69268.671875,39.0,93.41,3.250000,CO,26367
1.460000,1.770000,0.530000,0.800000,0.130000,76.440002,1.350000,-1.150000,267.179993,42.830002,67772.742188,39.02,93.58,3.250000,CO,26368
1.320000,1.580000,0.470000,0.670000,0.120000,75.290001,4.220000,-1.040000,266.279999,44.259998,66493.156250,39.03,93.75,3.000000,CO,26369
1.260000,1.500000,0.430000,0.620000,0.120000,72.620003,5.050000,1.080000,267.309998,41.330002,67403.656250,39.05,93.93,3.000000,CO,26370
1.110000,1.300000,0.360000,0.680000,0.130000,71.849998,2.530000,1.560000,270.000000,34.810001,70782.453125,39.06,94.1,3.250000,CO,26371
0.850000,0.970000,0.250000,0.640000,0.130000,75.690002,-0.280000,-0.300000,270.519989,32.389999,72041.437500,39.07,94.27,3.250000,CO,26372
0.730000,0.840000,0.210000,0.550000,0.120000,76.199997,-0.880000,-0.180000,269.200012,33.540001,70060.382812,39.09,94.44,3.000000,CO,26373
0.690000,0.780000,0.190000,0.280000,0.120000,74.849998,-0.040000,0.380000,267.399994,36.669998,67874.023438,39.1,94.62,3.000000,CO,26374
0.660000,0.750000,0.190000,0.250000,0.120000,74.750000,0.640000,1.120000,265.929993,39.500000,66267.523438,39.11,94.79,3.000000,CO,26375
0.610000,0.690000,0.170000,0.230000,0.120000,75.080002,1.010000,1.970000,264.190002,42.759998,64218.800781,39.13,94.97,3.000000,CO,26376
0.560000,0.640000,0.160000,0.200000,0.120000,75.370003,3.050000,2.910000,261.899994,47.869999,61712.589844,39.14,95.14,3.000000,CO,26377
0.520000,0.590000,0.150000,0.180000,0.120000,74.150002,6.550000,4.940000,261.029999,48.549999,60486.761719,39.15,95.31,3.000000,CO,26378
0.500000,0.570000,0.140000,0.170000,0.120000,73.339996,9.050000,5.240000,263.859985,38.500000,62366.210938,39.16,95.49,3.000000,CO,26379
0.500000,0.570000,0.140000,0.180000,0.120000,70.300003,6.300000,2.900000,267.959991,29.559999,66380.796875,39.18,95.66,3.000000,CO,26380
0.510000,0.600000,0.150000,0.180000,0.120000,70.139999,1.580000,0.920000,267.339996,30.580000,66619.093750,39.19,95.83,3.000000,CO,26381
0.480000,0.560000,0.140000,0.160000,0.120000,73.300003,2.240000,1.400000,263.859985,36.849998,62851.250000,39.2,96.01,3.000000,CO,26382
0.460000,0.530000,0.130000,0.150000,0.120000,73.769997,4.730000,2.330000,262.309998,40.040001,61250.171875,39.21,96.18,3.000000,CO,26383
0.460000,0.570000,0.120000,0.150000,0.120000,74.760002,4.610000,2.010000,262.929993,38.209999,62105.160156,39.22,96.35,3.000000,CO,26384
0.450000,0.560000,0.120000,0.150000,0.120000,74.349998,4.770000,1.130000,262.480011,39.540001,61935.300781,39.23,96.53,3.000000,CO,26385
0.450000,0.550000,0.120000,0.150000,0.120000,74.870003,7.310000,1.300000,261.679993,41.340000,61005.218750,39.24,96.7,3.000000,CO,26386
0.440000,0.570000,0.120000,0.160000,0.120000,73.470001,8.330000,2.180000,263.440002,37.369999,62340.800781,39.25,96.88,3.000000,CO,26387
0.440000,0.640000,0.110000,0.190000,0.120000,73.300003,6.160000,2.700000,265.130005,34.020000,64116.199219,39.26,97.05,3.000000,CO,26388
0.450000,0.800000,0.110000,0.220000,0.120000,73.910004,4.750000,2.410000,263.799988,36.549999,63001.960938,39.27,97.22,3.000000,CO,26389
0.460000,0.970000,0.120000,0.230000,0.120000,74.320000,6.610000,1.310000,261.269989,42.139999,60612.589844,39.28,97.4,3.000000,CO,26390
0.470000,1.120000,0.120000,0.320000,0.120000,75.519997,9.690000,0.250000,261.470001,41.169998,60200.441406,39.29,97.57,3.000000,CO,26391
0.510000,1.360000,0.130000,0.480000,0.130000,74.430000,8.100000,-0.100000,265.230011,32.759998,63269.589844,39.3,97.75,3.250000,CO,26392
0.570000,1.680000,0.160000,0.780000,0.130000,71.300003,3.370000,1.610000,266.429993,31.559999,65117.328125,39.31,97.92,3.250000,CO,26393
0.590000,1.790000,0.170000,1.000000,0.130000,73.800003,4.900000,3.180000,262.690002,38.990002,61466.371094,39.32,98.1,3.250000,CO,26394
0.720000,2.300000,0.290000,1.090000,0.140000,72.389999,7.670000,2.030000,262.290009,38.980000,60280.089844,39.33,98.27,3.500000,CO,26395
1.840000,5.470000,0.760000,2.100000,0.170000,67.400002,4.620000,-0.630000,266.700012,32.310001,64940.730469,39.34,98.44,5.470000,PM10,26396
3.600000,10.100000,1.420000,3.710000,0.210000,66.379997,1.770000,-0.430000,270.920013,27.219999,70564.796875,39.35,98.62,10.100000,PM10,26397
5.210000,15.010000,2.060000,5.640000,0.250000,65.129997,1.500000,0.330000,274.980011,22.910000,76194.929688,39.35,98.79,15.010000,PM10,26398
5.690000,16.030001,2.200000,6.250000,0.260000,65.529999,1.760000,1.350000,278.109985,20.510000,80885.820312,39.36,98.97,16.030001,PM10,26399
6.430000,17.969999,2.470000,7.210000,0.270000,65.080002,2.030000,1.700000,279.809998,20.590000,84018.453125,39.37,99.14,17.969999,PM10,26400
8.230000,22.990000,3.560000,9.450000,0.310000,62.509998,1.850000,1.090000,280.000000,22.809999,85521.507812,39.38,99.32,22.990000,PM10,26401
10.810000,27.620001,4.120000,10.040000,0.330000,60.130001,1.860000,0.600000,279.720001,24.150000,85903.453125,39.38,99.49,27.620001,PM10,26402
13.190000,29.370001,4.220000,10.170000,0.340000,59.950001,1.780000,0.560000,280.500000,22.980000,86669.750000,39.39,99.67,29.370001,PM10,26403
16.290001,31.950001,5.170000,11.130000,0.370000,57.470001,1.000000,0.060000,280.769989,22.430000,87007.703125,39.4,99.84,31.950001,PM10,26404
18.780001,34.090000,5.850000,11.280000,0.380000,52.770000,0.100000,-0.260000,280.290009,22.809999,86476.617188,39.4,100.02,34.090000,PM10,26405
19.730000,33.779999,6.600000,12.110000,0.380000,50.070000,-0.260000,0.640000,279.679993,23.530001,85832.781250,39.41,100.19,33.779999,PM10,26406
17.389999,28.940001,6.660000,12.820000,0.360000,50.880001,0.190000,2.370000,279.660004,22.420000,85065.703125,39.42,100.36,28.940001,PM10,26407
1.840000,2.260000,0.680000,0.980000,0.130000,71.059998,-1.880000,4.260000,265.660004,47.419998,66280.343750,39.12,93.21,3.250000,CO,26609
1.660000,2.020000,0.610000,0.870000,0.130000,74.389999,-0.910000,2.950000,264.279999,50.669998,64532.019531,39.14,93.39,3.250000,CO,26610
1.290000,1.550000,0.460000,0.630000,0.120000,75.010002,2.370000,1.360000,261.809998,57.580002,61809.000000,39.15,93.56,3.000000,CO,26611
1.200000,1.440000,0.420000,0.560000,0.120000,73.650002,7.060000,2.270000,260.700012,59.220001,60459.878906,39.17,93.73,3.000000,CO,26612
1.170000,1.400000,0.400000,0.530000,0.120000,72.510002,8.370000,4.340000,263.899994,47.070000,62966.878906,39.18,93.91,3.000000,CO,26613
1.120000,1.320000,0.370000,0.650000,0.120000,70.779999,4.220000,5.760000,267.279999,39.889999,67363.593750,39.2,94.08,3.000000,CO,26614
0.890000,1.030000,0.270000,0.680000,0.130000,74.099998,0.070000,4.000000,267.540009,38.880001,68691.437500,39.21,94.25,3.250000,CO,26615
0.740000,0.850000,0.220000,0.590000,0.120000,74.629997,-0.300000,4.130000,265.869995,41.270000,66401.070312,39.22,94.43,3.000000,CO,26616
0.690000,0.790000,0.200000,0.340000,0.120000,73.430000,1.680000,4.540000,263.420013,46.950001,63722.468750,39.24,94.6,3.000000,CO,26617
0.670000,0.760000,0.190000,0.280000,0.120000,72.690002,3.940000,5.780000,263.010010,47.360001,63311.960938,39.25,94.77,3.000000,CO,26618
0.630000,0.710000,0.180000,0.240000,0.120000,72.610001,5.030000,7.280000,263.750000,43.680000,63504.820312,39.26,94.95,3.000000,CO,26619
0.590000,0.670000,0.160000,0.220000,0.120000,72.650002,6.480000,7.130000,263.769989,41.650002,62824.339844,39.27,95.12,3.000000,CO,26620
0.550000,0.620000,0.150000,0.200000,0.120000,71.669998,7.940000,6.430000,266.089996,34.980000,64612.378906,39.29,95.3,3.000000,CO,26621
0.530000,0.600000,0.150000,0.190000,0.120000,71.220001,7.600000,4.160000,268.200012,29.969999,66432.210938,39.3,95.47,3.000000,CO,26622
0.530000,0.600000,0.150000,0.180000,0.120000,69.809998,5.630000,2.150000,266.929993,32.480000,65669.617188,39.31,95.64,3.000000,CO,26623
0.520000,0.600000,0.150000,0.170000,0.120000,70.050003,3.700000,3.000000,265.119995,36.009998,64262.429688,39.32,95.82,3.000000,CO,26624
0.500000,0.570000,0.140000,0.160000,0.120000,71.690002,4.190000,4.320000,263.500000,38.840000,62453.089844,39.33,95.99,3.000000,CO,26625
0.480000,0.550000,0.130000,0.150000,0.120000,71.720001,4.890000,3.800000,262.950012,39.459999,61926.878906,39.35,96.17,3.000000,CO,26626
0.490000,0.600000,0.130000,0.160000,0.120000,72.320000,4.250000,2.570000,262.160004,41.220001,61592.210938,39.36,96.34,3.000000,CO,26627
0.470000,0.570000,0.130000,0.150000,0.120000,72.279999,5.880000,2.170000,259.880005,48.250000,59549.300781,39.37,96.51,3.000000,CO,26628
0.460000,0.560000,0.120000,0.140000,0.120000,72.809998,9.380000,3.090000,260.519989,45.919998,59583.671875,39.38,96.69,3.000000,CO,26629
0.470000,0.610000,0.130000,0.160000,0.120000,70.510002,8.840000,1.780000,265.510010,33.889999,63704.539062,39.39,96.86,3.000000,CO,26630
0.490000,0.750000,0.130000,0.190000,0.120000,69.699997,4.500000,1.840000,268.010010,29.969999,66800.093750,39.4,97.04,3.000000,CO,26631
0.490000,0.920000,0.120000,0.230000,0.120000,71.720001,2.870000,3.390000,265.649994,33.880001,65036.339844,39.41,97.21,3.000000,CO,26632
0.490000,1.090000,0.120000,0.250000,0.120000,71.919998,5.930000,3.670000,261.959991,41.500000,61383.781250,39.42,97.39,3.000000,CO,26633
0.520000,1.290000,0.140000,0.420000,0.120000,71.730003,9.270000,2.680000,262.059998,40.990002,60887.871094,39.43,97.56,3.000000,CO,26634
0.710000,2.170000,0.410000,0.770000,0.130000,71.580002,9.090000,0.000000,264.329987,35.200001,62526.968750,39.44,97.74,3.250000,CO,26635
0.950000,3.230000,0.740000,1.210000,0.140000,67.190002,6.590000,0.750000,264.540009,35.099998,62819.230469,39.45,97.91,3.500000,CO,26636
1.310000,4.680000,1.080000,1.680000,0.160000,66.610001,4.500000,2.530000,265.950012,32.650002,64345.500000,39.46,98.08,4.680000,PM10,26637
2.810000,9.050000,1.540000,3.320000,0.200000,64.820000,2.910000,0.570000,269.869995,27.070000,69032.046875,39.46,98.26,9.050000,PM10,26638
5.820000,17.110001,2.350000,6.520000,0.280000,62.529999,1.990000,-0.800000,274.290009,22.219999,75377.750000,39.47,98.43,17.110001,PM10,26639
11.270000,32.520000,5.190000,11.940000,0.400000,60.220001,1.880000,0.490000,277.989990,19.650000,80863.953125,39.48,98.61,32.520000,PM10,26640
10.370000,30.520000,5.000000,10.960000,0.370000,61.160000,1.750000,1.480000,279.910004,19.139999,84161.046875,39.49,98.78,30.520000,PM10,26641
11.160000,33.459999,5.470000,11.710000,0.390000,60.919998,1.600000,1.630000,280.380005,20.410000,85781.351562,39.5,98.96,33.459999,PM10,26642
11.940000,36.340000,6.000000,12.230000,0.400000,60.250000,1.380000,1.040000,279.720001,23.389999,86162.820312,39.5,99.13,36.340000,PM10,26643
12.730000,37.349998,6.250000,12.750000,0.390000,59.189999,1.350000,0.170000,279.049988,26.600000,86261.617188,39.51,99.31,37.349998,PM10,26644
14.830000,38.840000,6.390000,12.250000,0.400000,58.119999,1.300000,-0.280000,278.809998,28.860001,86892.289062,39.52,99.48,38.840000,PM10,26645
14.930000,33.430000,5.640000,10.850000,0.370000,59.590000,0.220000,0.070000,279.730011,26.250000,87180.898438,39.53,99.66,33.430000,PM10,26646
14.860000,28.830000,5.420000,9.510000,0.340000,59.009998,-0.510000,0.200000,279.649994,24.270000,85794.726562,39.53,99.83,28.830000,PM10,26647
15.340000,26.650000,5.370000,8.880000,0.330000,57.240002,0.500000,0.380000,279.220001,23.520000,84403.148438,39.54,100.01,26.650000,PM10,26648
15.680000,25.049999,5.670000,9.030000,0.320000,55.400002,1.390000,1.110000,279.239990,24.240000,84627.867188,39.55,100.18,25.049999,PM10,26649
1.360000,1.600000,0.400000,0.450000,0.130000,63.540001,0.270000,6.890000,274.010010,30.180000,74605.023438,39.2,92.5,3.250000,CO,26848
1.420000,1.700000,0.450000,0.540000,0.130000,65.550003,-0.740000,7.940000,271.420013,34.529999,71850.171875,39.21,92.67,3.250000,CO,26849
1.480000,1.790000,0.480000,0.620000,0.130000,68.129997,-0.190000,8.340000,269.519989,37.580002,69482.437500,39.23,92.85,3.250000,CO,26850
1.590000,1.930000,0.560000,0.740000,0.130000,68.190002,0.040000,8.680000,269.089996,38.139999,68906.203125,39.24,93.02,3.250000,CO,26851
1.680000,2.060000,0.600000,0.850000,0.130000,69.029999,-0.350000,8.090000,268.209991,39.470001,67743.882812,39.26,93.19,3.250000,CO,26852
1.530000,1.860000,0.550000,0.760000,0.120000,72.209999,0.870000,6.970000,264.989990,46.540001,64136.800781,39.27,93.37,3.000000,CO,26853
1.300000,1.560000,0.450000,0.600000,0.120000,72.449997,5.760000,6.030000,260.579987,58.680000,59524.039062,39.29,93.54,3.000000,CO,26854
1.190000,1.420000,0.410000,0.540000,0.120000,72.550003,9.600000,5.070000,261.239990,51.980000,59304.710938,39.3,93.72,3.000000,CO,26855
1.220000,1.440000,0.400000,0.580000,0.120000,68.150002,7.440000,1.940000,266.190002,38.410000,64066.769531,39.32,93.89,3.000000,CO,26856
1.160000,1.370000,0.370000,0.660000,0.120000,66.180000,4.000000,4.960000,268.910004,34.419998,67832.648438,39.33,94.06,3.000000,CO,26857
0.950000,1.100000,0.290000,0.680000,0.130000,70.269997,2.620000,8.250000,268.750000,35.340000,68471.867188,39.34,94.24,3.250000,CO,26858
0.790000,0.900000,0.230000,0.610000,0.120000,72.250000,2.750000,9.030000,267.910004,36.080002,67410.226562,39.36,94.41,3.000000,CO,26859
0.720000,0.820000,0.210000,0.410000,0.120000,71.610001,4.490000,8.440000,266.279999,38.369999,65231.269531,39.37,94.58,3.000000,CO,26860
0.690000,0.790000,0.200000,0.340000,0.120000,70.720001,5.970000,7.440000,266.959991,36.169998,65650.648438,39.38,94.76,3.000000,CO,26861
0.660000,0.750000,0.200000,0.300000,0.120000,69.089996,5.600000,6.930000,270.019989,29.889999,68909.507812,39.4,94.93,3.000000,CO,26862
0.620000,0.710000,0.180000,0.260000,0.120000,69.459999,5.850000,5.750000,270.269989,28.879999,69087.210938,39.41,95.11,3.000000,CO,26863
0.600000,0.690000,0.170000,0.230000,0.120000,69.620003,7.210000,3.740000,268.640015,31.260000,67429.687500,39.42,95.28,3.000000,CO,26864
0.590000,0.670000,0.170000,0.220000,0.120000,69.120003,7.820000,2.450000,267.450012,33.310001,66378.476562,39.43,95.45,3.000000,CO,26865
0.580000,0.660000,0.160000,0.210000,0.120000,68.660004,7.640000,2.750000,266.040009,36.029999,65109.421875,39.45,95.63,3.000000,CO,26866
0.560000,0.630000,0.160000,0.200000,0.120000,68.500000,6.810000,4.450000,265.929993,35.500000,64956.441406,39.46,95.8,3.000000,CO,26867
0.530000,0.610000,0.150000,0.200000,0.120000,68.820000,5.750000,5.040000,266.369995,33.560001,65215.390625,39.47,95.98,3.000000,CO,26868
0.510000,0.580000,0.140000,0.190000,0.120000,68.959999,5.410000,4.380000,264.649994,36.639999,63588.929688,39.48,96.15,3.000000,CO,26869
0.510000,0.640000,0.140000,0.180000,0.120000,70.809998,6.460000,4.310000,261.570007,44.040001,60675.019531,39.49,96.33,3.000000,CO,26870
0.490000,0.600000,0.140000,0.160000,0.120000,71.419998,8.920000,4.820000,260.700012,47.009998,59553.511719,39.5,96.5,3.000000,CO,26871
0.500000,0.620000,0.140000,0.170000,0.120000,70.400002,8.890000,3.440000,263.989990,37.790001,61960.121094,39.51,96.68,3.000000,CO,26872
0.650000,0.870000,0.180000,0.230000,0.120000,67.120003,4.420000,-0.220000,268.380005,29.860001,66938.476562,39.52,96.85,3.000000,CO,26873
0.680000,1.070000,0.200000,0.270000,0.120000,69.400002,0.590000,1.120000,269.489990,28.030001,69305.640625,39.53,97.02,3.000000,CO,26874
0.590000,1.110000,0.160000,0.270000,0.120000,70.750000,2.120000,3.930000,266.179993,33.330002,65695.648438,39.54,97.2,3.000000,CO,26875
0.580000,1.280000,0.160000,0.290000,0.120000,71.360001,6.620000,4.730000,264.070007,37.150002,63038.570312,39.55,97.37,3.000000,CO,26876
1.000000,3.070000,0.710000,0.930000,0.140000,70.080002,7.530000,2.800000,266.989990,30.940001,65428.878906,39.56,97.55,3.500000,CO,26877
1.820000,6.500000,1.930000,2.190000,0.170000,68.029999,5.650000,0.080000,267.920013,29.940001,66644.203125,39.57,97.72,6.500000,PM10,26878
2.450000,8.780000,2.520000,3.320000,0.190000,63.209999,3.960000,-0.440000,268.480011,29.160000,67650.796875,39.58,97.9,8.780000,PM10,26879
3.390000,11.880000,2.850000,5.310000,0.220000,60.459999,2.480000,-0.330000,272.829987,23.040001,73438.953125,39.59,98.07,11.880000,PM10,26880
8.000000,27.370001,4.240000,10.680000,0.350000,57.810001,2.150000,-0.260000,276.809998,19.250000,79212.953125,39.6,98.25,27.370001,PM10,26881
12.740000,40.900002,6.080000,15.860000,0.440000,56.020000,2.390000,0.430000,279.260010,17.629999,82852.343750,39.61,98.42,40.900002,PM10,26882
22.309999,64.980003,11.340000,25.120001,0.630000,51.029999,2.100000,0.990000,280.690002,17.469999,85534.757812,39.62,98.6,57.490002,PM10,26883
17.910000,53.259998,9.660000,18.950001,0.530000,56.099998,1.270000,0.870000,280.239990,19.900000,86306.367188,39.62,98.77,51.629997,PM10,26884
18.410000,56.230000,10.090000,17.790001,0.540000,56.939999,0.850000,0.440000,279.029999,24.740000,86339.500000,39.63,98.95,53.114998,PM10,26885
15.890000,47.950001,8.470000,14.980000,0.460000,58.970001,0.810000,0.170000,278.540009,28.620001,86454.429688,39.64,99.12,47.950001,PM10,26886
15.710000,45.919998,7.930000,13.570000,0.440000,59.139999,0.670000,0.080000,278.049988,32.919998,86697.148438,39.65,99.3,45.919998,PM10,26887
15.260000,40.070000,6.770000,11.400000,0.390000,60.810001,0.170000,0.110000,278.429993,31.670000,86891.953125,39.65,99.47,40.070000,PM10,26888
14.480000,32.459999,5.760000,9.860000,0.360000,62.520000,-0.430000,0.830000,279.290009,27.040001,86501.296875,39.66,99.65,32.459999,PM10,26889
13.120000,24.920000,5.150000,8.120000,0.310000,62.160000,0.050000,2.020000,279.440002,24.629999,85102.523438,39.67,99.82,24.920000,PM10,26890
13.490000,22.320000,5.100000,7.650000,0.300000,60.610001,1.580000,2.150000,279.399994,23.290001,84020.476562,39.67,100.0,22.320000,PM10,26891
13.330000,19.879999,5.070000,7.200000,0.280000,59.830002,2.350000,1.640000,279.959991,23.840000,84716.546875,39.68,100.17,19.879999,PM10,26892
1.570000,1.770000,0.380000,0.350000,0.130000,60.840000,2.140000,3.860000,276.929993,27.450001,79211.468750,39.33,92.48,3.250000,CO,27093
1.550000,1.790000,0.430000,0.460000,0.130000,62.669998,2.170000,5.890000,276.100006,27.379999,77218.468750,39.35,92.65,3.250000,CO,27094
1.540000,1.810000,0.450000,0.540000,0.130000,64.779999,2.700000,6.330000,275.630005,26.680000,75856.843750,39.36,92.83,3.250000,CO,27095
1.600000,1.900000,0.510000,0.660000,0.130000,65.260002,2.570000,6.620000,275.359985,26.450001,75254.757812,39.38,93.0,3.250000,CO,27096
1.650000,1.980000,0.550000,0.770000,0.130000,66.410004,2.650000,6.740000,274.470001,27.129999,73996.312500,39.39,93.18,3.250000,CO,27097
1.540000,1.850000,0.520000,0.710000,0.130000,68.480003,4.840000,6.530000,271.649994,30.920000,70540.000000,39.41,93.35,3.250000,CO,27098
1.420000,1.700000,0.470000,0.620000,0.120000,68.839996,7.490000,5.210000,268.709991,35.500000,66986.312500,39.42,93.52,3.000000,CO,27099
1.480000,1.730000,0.450000,0.620000,0.120000,64.940002,5.760000,1.450000,269.519989,33.730000,68243.406250,39.44,93.7,3.000000,CO,27100
1.670000,1.910000,0.450000,0.730000,0.130000,63.110001,2.130000,-1.160000,272.130005,30.480000,72851.328125,39.45,93.87,3.250000,CO,27101
1.810000,2.030000,0.440000,0.800000,0.130000,62.590000,1.970000,0.470000,274.269989,27.389999,75714.257812,39.46,94.04,3.250000,CO,27102
1.460000,1.660000,0.450000,0.850000,0.130000,64.970001,3.460000,4.350000,275.369995,25.129999,76255.781250,39.48,94.22,3.250000,CO,27103
1.240000,1.410000,0.460000,0.870000,0.130000,65.849998,4.470000,5.480000,275.440002,24.230000,75583.500000,39.49,94.39,3.250000,CO,27104
1.180000,1.340000,0.430000,0.730000,0.130000,65.389999,4.430000,3.990000,274.679993,24.690001,74464.296875,39.51,94.57,3.250000,CO,27105
1.490000,1.710000,0.920000,1.140000,0.130000,63.450001,3.160000,1.700000,274.779999,24.469999,75101.203125,39.52,94.74,3.250000,CO,27106
1.730000,2.040000,1.570000,1.740000,0.130000,63.270000,2.060000,1.200000,275.019989,24.080000,75873.406250,39.53,94.92,3.250000,CO,27107
1.170000,1.350000,0.760000,0.930000,0.120000,65.389999,3.250000,2.350000,271.339996,29.020000,71460.046875,39.54,95.09,3.000000,CO,27108
0.990000,1.130000,0.550000,0.700000,0.120000,65.300003,6.390000,2.990000,266.230011,38.439999,65780.570312,39.56,95.26,3.000000,CO,27109
0.890000,1.010000,0.440000,0.580000,0.120000,64.970001,8.870000,3.040000,264.739990,41.290001,63975.640625,39.57,95.44,3.000000,CO,27110
0.810000,0.930000,0.380000,0.510000,0.120000,65.000000,9.380000,3.380000,266.059998,37.250000,64867.589844,39.58,95.61,3.000000,CO,27111
0.810000,0.930000,0.360000,0.500000,0.120000,62.709999,7.150000,2.960000,269.260010,30.030001,67861.070312,39.59,95.79,3.000000,CO,27112
0.830000,0.940000,0.320000,0.480000,0.120000,61.830002,4.250000,2.500000,270.989990,26.799999,70307.156250,39.6,95.96,3.000000,CO,27113
0.720000,0.810000,0.250000,0.390000,0.120000,63.820000,4.700000,3.360000,268.959991,29.709999,68165.757812,39.62,96.14,3.000000,CO,27114
0.680000,0.840000,0.220000,0.340000,0.120000,67.209999,7.750000,4.170000,266.450012,33.980000,65206.558594,39.63,96.31,3.000000,CO,27115
0.640000,0.780000,0.200000,0.290000,0.120000,68.510002,8.940000,3.590000,268.309998,30.100000,66514.828125,39.64,96.49,3.000000,CO,27116
0.800000,0.980000,0.250000,0.340000,0.120000,65.989998,6.270000,0.300000,270.299988,27.230000,68880.062500,39.65,96.66,3.000000,CO,27117
0.950000,1.260000,0.290000,0.370000,0.120000,65.160004,2.820000,-1.210000,270.320007,28.280001,70025.843750,39.66,96.84,3.000000,CO,27118
0.910000,1.400000,0.270000,0.360000,0.120000,68.010002,1.440000,1.340000,270.359985,28.059999,70478.453125,39.67,97.01,3.000000,CO,27119
0.880000,1.630000,0.280000,0.390000,0.130000,68.940002,3.590000,3.900000,268.380005,30.580000,67935.398438,39.68,97.19,3.250000,CO,27120
1.090000,2.610000,0.470000,0.620000,0.130000,68.669998,6.230000,3.040000,267.950012,30.879999,66840.296875,39.69,97.36,3.250000,CO,27121
2.650000,9.100000,2.680000,3.350000,0.180000,65.940002,4.690000,-0.020000,271.190002,26.080000,70690.273438,39.7,97.54,9.100000,PM10,27122
4.770000,17.860001,5.550000,7.020000,0.250000,63.119999,2.340000,-0.830000,273.579987,23.129999,74562.617188,39.71,97.71,17.860001,PM10,27123
5.040000,18.410000,5.360000,7.860000,0.260000,61.250000,1.950000,-0.480000,275.320007,21.049999,77346.539062,39.72,97.89,18.410000,PM10,27124
6.180000,21.850000,5.540000,10.140000,0.290000,59.529999,2.100000,-0.120000,277.410004,19.090000,80436.687500,39.73,98.06,21.850000,PM10,27125
15.080000,52.470001,9.940000,22.629999,0.480000,52.830002,2.320000,0.180000,279.010010,18.110001,82821.656250,39.73,98.24,51.235001,PM10,27126
24.900000,83.220001,15.700000,36.150002,0.660000,45.220001,2.260000,0.200000,280.089996,17.780001,84669.703125,39.74,98.41,66.610001,PM10,27127
30.660000,91.430000,17.750000,36.490002,0.760000,43.900002,1.660000,-0.040000,280.209991,19.160000,85887.617188,39.75,98.59,70.714996,PM10,27128
23.270000,69.510002,13.210000,24.990000,0.620000,52.230000,0.880000,-0.240000,279.269989,23.840000,86447.109375,39.76,98.76,59.755001,PM10,27129
22.000000,66.489998,12.100000,21.330000,0.590000,54.119999,0.630000,-0.040000,278.170013,29.980000,86699.382812,39.77,98.94,58.244999,PM10,27130
18.389999,55.770000,10.180000,16.850000,0.500000,57.389999,0.700000,0.100000,277.869995,33.540001,86754.937500,39.77,99.11,52.885002,PM10,27131
16.830000,49.549999,8.780000,14.210000,0.450000,59.009998,0.560000,0.420000,277.720001,34.750000,86998.507812,39.78,99.29,49.549999,PM10,27132
14.130000,36.900002,6.550000,10.740000,0.370000,62.820000,0.230000,0.800000,278.750000,30.219999,86522.617188,39.79,99.46,36.900002,PM10,27133
13.400000,29.980000,5.820000,9.290000,0.340000,63.180000,0.600000,1.400000,279.100006,27.340000,85431.757812,39.8,99.64,29.980000,PM10,27134
12.280000,22.700001,5.210000,7.620000,0.300000,63.119999,1.450000,2.420000,279.429993,25.930000,85317.953125,39.8,99.81,22.700001,PM10,27135
1.990000,2.190000,0.410000,0.310000,0.130000,60.910000,2.880000,2.160000,277.279999,27.730000,80818.476562,39.48,92.63,3.250000,CO,27350
1.970000,2.190000,0.430000,0.380000,0.130000,60.709999,3.610000,2.020000,277.119995,26.900000,79814.820312,39.5,92.81,3.250000,CO,27351
2.000000,2.250000,0.460000,0.470000,0.130000,59.889999,3.470000,1.950000,277.010010,26.360001,79262.726562,39.51,92.98,3.250000,CO,27352
2.050000,2.310000,0.490000,0.560000,0.130000,59.150002,2.950000,1.710000,277.000000,25.900000,79184.468750,39.53,93.16,3.250000,CO,27353
2.030000,2.290000,0.480000,0.610000,0.130000,59.110001,3.040000,1.410000,276.320007,26.110001,78464.656250,39.54,93.33,3.250000,CO,27354
2.070000,2.310000,0.460000,0.610000,0.130000,59.119999,2.320000,0.190000,275.470001,27.290001,78142.437500,39.56,93.5,3.250000,CO,27355
2.330000,2.540000,0.450000,0.660000,0.130000,59.340000,0.990000,-1.010000,275.380005,28.200001,79404.781250,39.57,93.68,3.328571,PM2.5,27356
2.560000,2.760000,0.460000,0.730000,0.130000,60.509998,0.930000,-0.360000,276.670013,26.580000,81083.046875,39.58,93.85,3.657143,PM2.5,27357
2.760000,2.970000,0.520000,0.810000,0.130000,61.000000,1.410000,-0.460000,277.529999,25.549999,82493.312500,39.6,94.03,3.942857,PM2.5,27358
3.000000,3.280000,0.950000,1.210000,0.140000,60.700001,1.610000,-0.360000,278.109985,24.389999,83145.968750,39.61,94.2,4.285714,PM2.5,27359
3.140000,3.490000,1.410000,1.640000,0.140000,60.570000,1.730000,-0.070000,277.970001,23.860001,82667.281250,39.63,94.38,4.485714,PM2.5,27360
3.150000,3.490000,1.410000,1.590000,0.140000,61.900002,1.510000,-0.520000,277.369995,24.360001,82072.781250,39.64,94.55,4.500000,PM2.5,27361
3.580000,4.070000,2.520000,2.620000,0.140000,63.400002,0.530000,-0.700000,277.079987,24.170000,81638.710938,39.65,94.72,5.114285,PM2.5,27362
3.330000,3.890000,3.190000,3.260000,0.140000,64.029999,0.350000,0.640000,276.089996,24.410000,79183.773438,39.67,94.9,4.757143,PM2.5,27363
2.200000,2.530000,1.730000,1.860000,0.130000,64.730003,2.960000,2.950000,272.970001,27.830000,74218.906250,39.68,95.07,3.250000,CO,27364
1.710000,1.960000,1.190000,1.330000,0.120000,63.759998,6.500000,3.930000,270.250000,31.469999,70249.757812,39.69,95.25,3.000000,CO,27365
1.540000,1.750000,0.970000,1.100000,0.120000,63.689999,8.610000,2.930000,269.070007,32.939999,68469.203125,39.7,95.42,3.000000,CO,27366
1.500000,1.710000,0.900000,1.030000,0.120000,62.040001,8.230000,1.280000,269.399994,31.850000,68508.953125,39.72,95.6,3.000000,CO,27367
1.680000,1.900000,0.920000,1.080000,0.120000,58.090000,4.530000,-0.760000,271.839996,28.150000,71781.343750,39.73,95.77,3.000000,CO,27368
1.780000,1.980000,0.840000,1.020000,0.120000,61.290001,1.330000,-0.250000,273.679993,25.559999,75367.171875,39.74,95.95,3.000000,CO,27369
1.450000,1.610000,0.600000,0.780000,0.120000,62.910000,2.250000,1.280000,272.980011,25.760000,74251.437500,39.75,96.12,3.000000,CO,27370
1.320000,1.590000,0.520000,0.690000,0.120000,64.120003,5.670000,1.770000,271.170013,27.930000,71583.726562,39.76,96.3,3.000000,CO,27371
1.330000,1.570000,0.500000,0.630000,0.120000,63.070000,7.320000,0.210000,271.959991,26.480000,71981.078125,39.77,96.47,3.000000,CO,27372
1.510000,1.800000,0.530000,0.630000,0.130000,61.980000,5.090000,-1.290000,273.559998,24.930000,74346.273438,39.78,96.65,3.250000,CO,27373
1.530000,1.980000,0.500000,0.590000,0.130000,63.090000,2.650000,-0.200000,273.630005,25.120001,75028.117188,39.79,96.82,3.250000,CO,27374
1.400000,2.100000,0.440000,0.630000,0.130000,65.550003,2.870000,1.510000,272.329987,26.510000,73288.968750,39.8,97.0,3.250000,CO,27375
1.440000,2.760000,0.530000,0.900000,0.140000,66.529999,4.120000,2.700000,272.350006,25.900000,72809.750000,39.81,97.17,3.500000,CO,27376
2.400000,6.560000,1.300000,2.510000,0.160000,64.870003,4.350000,0.830000,273.920013,23.730000,74731.617188,39.82,97.35,6.560000,PM10,27377
8.870000,31.340000,8.760000,17.160000,0.330000,55.669998,3.360000,-1.150000,275.660004,21.690001,77511.882812,39.83,97.52,31.340000,PM10,27378
13.250000,48.650002,13.850000,26.480000,0.450000,50.919998,2.330000,-0.940000,277.279999,20.070000,80367.726562,39.84,97.7,48.650002,PM10,27379
10.230000,37.720001,9.920000,18.360001,0.390000,56.369999,2.050000,-0.100000,277.769989,19.580000,81540.710938,39.85,97.87,37.720001,PM10,27380
11.820000,43.439999,9.770000,20.110001,0.430000,55.049999,2.410000,0.280000,277.670013,20.020000,81562.140625,39.86,98.05,43.439999,PM10,27381
35.980000,127.800003,28.969999,63.110001,0.930000,36.160000,2.700000,0.260000,278.950012,19.360001,83315.406250,39.87,98.23,88.900002,PM10,27382
53.669998,182.059998,41.000000,78.949997,1.190000,30.190001,2.260000,-0.190000,279.950012,19.299999,85468.179688,39.88,98.4,116.029999,PM10,27383
34.459999,107.169998,23.770000,41.639999,0.800000,41.750000,1.310000,-0.750000,279.339996,22.020000,86298.546875,39.89,98.58,78.584999,PM10,27384
26.350000,80.660004,16.680000,28.700001,0.660000,48.889999,0.860000,-0.620000,278.380005,27.379999,86666.312500,39.89,98.75,65.330002,PM10,27385
23.120001,70.019997,13.560000,23.969999,0.590000,52.080002,1.090000,-0.180000,278.079987,30.850000,86890.023438,39.9,98.93,60.009998,PM10,27386
18.520000,56.500000,10.720000,18.040001,0.490000,56.080002,1.270000,0.080000,277.950012,33.009998,87146.960938,39.91,99.1,53.250000,PM10,27387
16.370001,48.410000,8.900000,14.550000,0.430000,58.689999,1.150000,0.620000,277.910004,34.040001,87325.031250,39.92,99.28,48.410000,PM10,27388
14.270000,38.130001,7.360000,11.340000,0.370000,61.090000,1.030000,1.300000,278.579987,31.000000,86902.390625,39.92,99.45,38.130001,PM10,27389
2.440000,2.630000,0.420000,0.230000,0.130000,61.389999,2.960000,0.630000,276.329987,30.990000,81133.773438,39.63,92.79,3.485714,PM2.5,27604
2.470000,2.660000,0.430000,0.260000,0.130000,60.349998,3.340000,0.020000,276.609985,30.100000,81470.023438,39.65,92.96,3.528571,PM2.5,27605
2.530000,2.710000,0.430000,0.300000,0.130000,59.220001,2.720000,-0.660000,276.649994,30.110001,81966.320312,39.66,93.14,3.614286,PM2.5,27606
2.600000,2.780000,0.430000,0.400000,0.130000,59.570000,1.850000,-0.910000,276.589996,29.900000,82320.742188,39.68,93.31,3.714286,PM2.5,27607
2.710000,2.880000,0.430000,0.460000,0.130000,60.790001,1.070000,-0.670000,276.820007,29.290001,82924.070312,39.69,93.49,3.871429,PM2.5,27608
2.730000,2.910000,0.430000,0.550000,0.130000,60.950001,1.070000,0.600000,277.100006,28.320000,83166.281250,39.7,93.66,3.900000,PM2.5,27609
2.840000,3.020000,0.450000,0.630000,0.130000,61.240002,1.770000,0.380000,277.609985,27.379999,83545.546875,39.72,93.83,4.057143,PM2.5,27610
3.010000,3.200000,0.490000,0.700000,0.140000,60.709999,2.080000,-0.040000,278.220001,26.430000,84474.421875,39.73,94.01,4.300000,PM2.5,27611
3.350000,3.620000,0.920000,1.110000,0.140000,61.200001,1.480000,-0.560000,278.239990,26.120001,85066.617188,39.75,94.18,4.785714,PM2.5,27612
3.800000,4.190000,1.680000,1.830000,0.150000,62.160000,0.620000,-0.380000,277.730011,26.639999,84806.046875,39.76,94.36,5.428571,PM2.5,27613
3.660000,4.020000,1.530000,1.600000,0.140000,63.770000,0.260000,0.060000,277.350006,26.500000,83867.679688,39.77,94.53,5.228571,PM2.5,27614
3.880000,4.330000,2.310000,2.310000,0.150000,63.820000,0.300000,0.800000,277.059998,25.760000,82719.101562,39.79,94.71,5.542857,PM2.5,27615
3.720000,4.250000,2.910000,2.900000,0.140000,62.950001,1.150000,1.950000,276.809998,24.990000,81308.703125,39.8,94.88,5.314286,PM2.5,27616
2.980000,3.380000,2.080000,2.110000,0.140000,63.040001,3.120000,3.070000,276.290009,24.719999,79652.406250,39.81,95.06,4.257143,PM2.5,27617
2.600000,2.930000,1.640000,1.700000,0.130000,62.060001,4.990000,2.690000,275.670013,24.930000,78188.640625,39.83,95.23,3.714286,PM2.5,27618
2.470000,2.760000,1.440000,1.500000,0.130000,61.160000,5.660000,1.180000,274.940002,25.690001,77149.843750,39.84,95.41,3.528571,PM2.5,27619
2.490000,2.780000,1.360000,1.370000,0.130000,60.299999,5.280000,-0.470000,273.989990,27.219999,76310.273438,39.85,95.58,3.557143,PM2.5,27620
2.530000,2.810000,1.290000,1.250000,0.130000,59.790001,4.140000,-1.230000,273.950012,27.730000,76723.601562,39.86,95.76,3.614286,PM2.5,27621
2.450000,2.710000,1.150000,1.120000,0.130000,60.820000,2.620000,-0.010000,274.839996,26.350000,78158.531250,39.87,95.93,3.500000,PM2.5,27622
2.150000,2.370000,0.910000,0.980000,0.130000,62.419998,2.320000,1.230000,274.619995,25.840000,77607.906250,39.88,96.11,3.250000,CO,27623
2.070000,2.450000,0.810000,0.860000,0.130000,63.259998,4.210000,1.490000,273.170013,27.420000,75388.398438,39.9,96.28,3.250000,CO,27624
2.060000,2.390000,0.740000,0.770000,0.130000,62.660000,6.530000,0.260000,272.309998,28.490000,73872.562500,39.91,96.46,3.250000,CO,27625
2.100000,2.470000,0.720000,0.750000,0.130000,62.419998,6.180000,-0.800000,274.220001,25.980000,76026.078125,39.92,96.63,3.250000,CO,27626
2.130000,2.700000,0.690000,0.790000,0.130000,62.560001,4.080000,-0.230000,275.790009,23.840000,78540.687500,39.93,96.81,3.250000,CO,27627
2.000000,2.930000,0.660000,0.940000,0.140000,63.349998,3.870000,1.010000,275.130005,24.240000,77666.750000,39.94,96.98,3.500000,CO,27628
2.210000,4.260000,0.870000,1.670000,0.150000,63.490002,4.400000,0.890000,276.559998,22.049999,79207.593750,39.95,97.16,4.260000,PM10,27629
3.690000,10.540000,2.170000,4.610000,0.190000,62.070000,3.990000,-0.270000,278.519989,19.680000,82093.578125,39.96,97.34,10.540000,PM10,27630
8.910000,30.440001,7.720000,17.129999,0.320000,54.380001,3.490000,-0.780000,278.640015,19.559999,82694.476562,39.97,97.51,30.440001,PM10,27631
13.110000,46.950001,12.110000,25.510000,0.420000,50.740002,2.840000,-0.270000,278.660004,19.690001,83322.132812,39.98,97.69,46.950001,PM10,27632
10.900000,39.540001,9.580000,18.760000,0.380000,55.119999,2.460000,0.740000,278.630005,19.950001,83545.023438,39.99,97.86,39.540001,PM10,27633
11.380000,41.400002,9.320000,18.660000,0.400000,55.080002,2.910000,1.110000,278.609985,20.459999,83434.937500,39.99,98.04,41.400002,PM10,27634
25.230000,88.930000,20.320000,44.939999,0.660000,41.570000,3.160000,0.800000,279.429993,20.209999,84827.812500,40.0,98.21,69.464996,PM10,27635
37.080002,125.040001,29.070000,58.680000,0.840000,34.750000,2.330000,-0.070000,279.350006,21.840000,86451.179688,40.01,98.39,87.520004,PM10,27636
23.920000,73.750000,15.420000,27.780001,0.570000,47.169998,1.310000,-0.600000,278.220001,26.680000,87157.382812,40.02,98.57,61.875000,PM10,27637
18.370001,52.730000,10.070000,18.600000,0.460000,53.150002,1.070000,-0.370000,277.739990,31.000000,87511.046875,40.03,98.74,51.364998,PM10,27638
15.810000,43.009998,7.680000,14.880000,0.410000,56.380001,1.230000,-0.270000,277.820007,32.889999,87678.671875,40.04,98.92,43.009998,PM10,27639
13.380000,35.790001,6.290000,11.660000,0.360000,59.070000,1.440000,-0.120000,277.700012,34.509998,87899.117188,40.04,99.09,35.790001,PM10,27640
12.000000,31.490000,5.610000,9.930000,0.330000,60.709999,1.700000,0.390000,277.790009,34.889999,88004.726562,40.05,99.27,31.490000,PM10,27641
11.200000,26.950001,5.150000,8.440000,0.300000,62.389999,1.930000,1.220000,278.339996,32.810001,87922.492188,40.06,99.45,26.950001,PM10,27642
10.470000,21.030001,4.670000,6.880000,0.270000,63.520000,2.160000,1.740000,278.940002,30.139999,87546.890625,40.07,99.62,21.030001,PM10,27643
9.910000,16.020000,4.260000,5.690000,0.240000,63.790001,2.430000,1.850000,279.049988,28.830000,86884.710938,40.07,99.8,16.020000,PM10,27644
2.790000,2.950000,0.420000,0.160000,0.140000,62.189999,2.460000,1.100000,277.720001,30.969999,84474.117188,39.76,92.77,3.985714,PM2.5,27861
2.840000,3.000000,0.430000,0.170000,0.140000,61.590000,2.670000,0.300000,277.630005,30.820000,84412.593750,39.78,92.94,4.057143,PM2.5,27862
2.880000,3.040000,0.440000,0.210000,0.140000,61.290001,2.460000,-0.110000,277.359985,31.190001,84324.062500,39.79,93.12,4.114286,PM2.5,27863
2.900000,3.070000,0.440000,0.280000,0.140000,61.650002,2.140000,0.020000,277.269989,31.270000,84479.906250,39.81,93.29,4.142857,PM2.5,27864
2.930000,3.090000,0.450000,0.320000,0.140000,62.259998,1.830000,0.430000,277.359985,30.850000,84777.023438,39.82,93.47,4.185714,PM2.5,27865
2.940000,3.100000,0.450000,0.370000,0.140000,62.209999,2.000000,0.990000,277.529999,29.920000,84733.398438,39.84,93.64,4.200000,PM2.5,27866
3.020000,3.190000,0.460000,0.400000,0.140000,61.650002,2.590000,0.740000,278.079987,28.660000,85201.500000,39.85,93.82,4.314286,PM2.5,27867
3.180000,3.360000,0.480000,0.410000,0.140000,60.529999,2.610000,-0.040000,278.700012,27.540001,86416.296875,39.87,93.99,4.542857,PM2.5,27868
3.370000,3.590000,0.630000,0.650000,0.140000,60.790001,1.770000,-0.060000,278.510010,27.500000,86844.968750,39.88,94.17,4.814286,PM2.5,27869
3.680000,3.960000,1.030000,1.270000,0.140000,62.060001,1.020000,0.550000,277.820007,28.270000,86031.679688,39.89,94.34,5.257143,PM2.5,27870
3.750000,4.060000,1.170000,1.290000,0.140000,63.240002,1.040000,0.920000,277.440002,28.160000,84774.171875,39.91,94.52,5.357143,PM2.5,27871
3.880000,4.250000,1.610000,1.570000,0.150000,63.349998,1.370000,1.390000,277.480011,27.059999,84045.437500,39.92,94.69,5.542857,PM2.5,27872
3.760000,4.160000,1.950000,1.860000,0.140000,62.869999,1.950000,1.810000,277.660004,25.700001,83614.257812,39.93,94.87,5.371428,PM2.5,27873
3.440000,3.810000,1.750000,1.690000,0.140000,62.480000,3.000000,1.960000,277.480011,25.100000,82796.406250,39.95,95.04,4.914286,PM2.5,27874
3.240000,3.580000,1.570000,1.530000,0.140000,61.689999,3.810000,1.440000,277.450012,24.650000,82393.640625,39.96,95.22,4.628572,PM2.5,27875
3.160000,3.480000,1.440000,1.390000,0.140000,61.209999,3.780000,0.590000,277.619995,24.170000,82607.156250,39.97,95.39,4.514286,PM2.5,27876
3.090000,3.390000,1.350000,1.230000,0.140000,61.419998,3.330000,0.290000,277.500000,24.209999,82608.203125,39.98,95.57,4.414286,PM2.5,27877
2.990000,3.280000,1.270000,1.130000,0.140000,61.689999,3.190000,0.520000,276.989990,24.860001,82016.296875,40.0,95.74,4.271429,PM2.5,27878
2.830000,3.100000,1.170000,1.030000,0.140000,62.160000,3.250000,1.110000,276.709991,25.120001,81478.992188,40.01,95.92,4.042857,PM2.5,27879
2.610000,2.860000,1.020000,0.950000,0.130000,62.790001,3.360000,2.040000,276.839996,24.379999,81291.773438,40.02,96.09,3.728571,PM2.5,27880
2.540000,2.980000,0.940000,0.880000,0.140000,63.509998,4.100000,2.190000,276.579987,24.320000,80592.250000,40.03,96.27,3.628571,PM2.5,27881
2.440000,2.810000,0.840000,0.780000,0.140000,63.740002,5.460000,1.360000,275.760010,25.280001,79276.078125,40.04,96.44,3.500000,CO,27882
2.430000,2.820000,0.810000,0.760000,0.140000,63.639999,6.200000,-0.140000,276.000000,25.090000,79477.117188,40.05,96.62,3.500000,CO,27883
2.470000,3.030000,0.800000,1.040000,0.140000,63.330002,5.660000,-0.520000,276.880005,24.000000,80813.101562,40.06,96.8,3.528571,PM2.5,27884
2.470000,3.470000,0.800000,1.350000,0.140000,63.029999,5.120000,0.090000,277.420013,22.969999,81655.882812,40.07,96.97,3.528571,PM2.5,27885
2.880000,5.450000,1.190000,2.440000,0.160000,62.360001,5.000000,-0.180000,278.549988,21.309999,83232.703125,40.08,97.15,5.450000,PM10,27886
5.250000,15.470000,3.460000,7.930000,0.220000,59.240002,4.590000,-0.610000,279.059998,20.660000,84366.460938,40.09,97.32,15.470000,PM10,27887
7.390000,24.480000,5.460000,12.870000,0.270000,56.279999,4.150000,-0.460000,278.779999,21.010000,84409.500000,40.1,97.5,24.480000,PM10,27888
8.370000,28.490000,6.480000,14.310000,0.290000,55.490002,3.330000,0.030000,279.019989,21.110001,85370.781250,40.11,97.68,28.490000,PM10,27889
8.900000,30.799999,6.790000,13.160000,0.320000,56.029999,2.530000,0.950000,279.399994,21.000000,86654.281250,40.12,97.85,30.799999,PM10,27890
9.580000,32.759998,6.850000,13.900000,0.330000,55.150002,2.470000,1.140000,279.600006,21.209999,87074.617188,40.13,98.03,32.759998,PM10,27891
15.650000,50.980000,11.280000,25.389999,0.430000,48.919998,2.270000,0.760000,279.070007,23.040001,87180.828125,40.14,98.2,50.489998,PM10,27892
17.440001,52.810001,11.400000,23.879999,0.430000,48.860001,1.420000,-0.020000,278.140015,27.180000,87540.492188,40.15,98.38,51.404999,PM10,27893
12.910000,34.950001,6.380000,11.470000,0.330000,56.189999,0.610000,-0.370000,277.410004,32.500000,87987.156250,40.16,98.56,34.950001,PM10,27894
11.160000,27.180000,4.510000,8.320000,0.300000,59.759998,0.490000,-0.440000,277.500000,34.450001,88175.617188,40.16,98.73,27.180000,PM10,27895
10.400000,23.990000,3.760000,7.210000,0.280000,61.869999,0.820000,-0.680000,277.839996,34.529999,88203.273438,40.17,98.91,23.990000,PM10,27896
9.300000,20.750000,3.270000,6.000000,0.260000,62.880001,1.260000,-0.780000,278.059998,34.549999,88340.992188,40.18,99.08,20.750000,PM10,27897
8.530000,18.200001,3.030000,5.250000,0.240000,63.959999,1.540000,-0.490000,278.059998,34.970001,88524.343750,40.19,99.26,18.200001,PM10,27898
8.220000,16.170000,3.000000,4.770000,0.230000,64.500000,1.730000,0.150000,278.070007,35.169998,88644.039062,40.19,99.44,16.170000,PM10,27899
8.090000,13.750000,3.000000,4.110000,0.220000,65.059998,2.060000,0.900000,278.209991,34.380001,88485.757812,40.2,99.61,13.750000,PM10,27900
8.060000,11.610000,3.040000,3.720000,0.210000,65.080002,2.430000,1.590000,278.640015,32.709999,88232.812500,40.21,99.79,11.610000,PM10,27901
7.940000,10.180000,2.990000,3.430000,0.200000,64.900002,2.150000,1.650000,278.970001,31.490000,88240.617188,40.21,99.97,11.342857,PM2.5,27902
3.140000,3.300000,0.460000,0.130000,0.140000,62.759998,2.200000,0.750000,279.429993,29.480000,88257.140625,39.91,92.92,4.485714,PM2.5,28122
3.180000,3.340000,0.460000,0.150000,0.140000,62.230000,2.050000,0.570000,279.179993,29.709999,88164.218750,39.93,93.1,4.542857,PM2.5,28123
3.170000,3.340000,0.470000,0.180000,0.140000,62.480000,2.080000,0.630000,279.079987,29.760000,88272.679688,39.94,93.27,4.528572,PM2.5,28124
3.180000,3.340000,0.470000,0.210000,0.140000,62.639999,2.270000,0.990000,279.079987,29.520000,88397.273438,39.96,93.45,4.542857,PM2.5,28125
3.180000,3.350000,0.470000,0.250000,0.140000,62.330002,2.620000,1.200000,279.059998,29.129999,88301.523438,39.97,93.62,4.542857,PM2.5,28126
3.250000,3.420000,0.480000,0.270000,0.140000,61.459999,2.980000,0.780000,279.040009,28.840000,88240.046875,39.99,93.8,4.642857,PM2.5,28127
3.370000,3.550000,0.500000,0.270000,0.140000,60.389999,2.920000,0.090000,278.950012,28.840000,88504.593750,40.0,93.97,4.814286,PM2.5,28128
3.500000,3.700000,0.570000,0.390000,0.140000,60.259998,2.470000,0.300000,278.480011,29.260000,88298.960938,40.02,94.15,5.000000,PM2.5,28129
3.680000,3.930000,0.800000,0.810000,0.140000,61.389999,2.110000,1.210000,278.290009,28.990000,87701.546875,40.03,94.32,5.257143,PM2.5,28130
4.580000,5.010000,1.550000,1.780000,0.150000,61.849998,2.220000,1.820000,278.480011,28.000000,87138.953125,40.04,94.5,6.542857,PM2.5,28131
5.340000,5.950000,2.250000,2.530000,0.160000,61.930000,2.410000,1.780000,278.829987,26.620001,86783.382812,40.06,94.67,7.628572,PM2.5,28132
4.760000,5.260000,1.980000,2.170000,0.150000,62.480000,2.610000,1.640000,278.730011,26.020000,86295.398438,40.07,94.85,6.800000,PM2.5,28133
4.310000,4.750000,1.770000,1.880000,0.150000,62.000000,3.210000,1.500000,278.399994,25.830000,85475.882812,40.08,95.02,6.157143,PM2.5,28134
3.980000,4.380000,1.600000,1.610000,0.150000,61.439999,3.610000,1.010000,278.450012,25.280001,85372.257812,40.09,95.2,5.685714,PM2.5,28135
3.810000,4.180000,1.480000,1.390000,0.140000,61.160000,3.470000,0.530000,278.600006,24.780001,85641.320312,40.11,95.38,5.442857,PM2.5,28136
3.660000,4.010000,1.380000,1.200000,0.140000,61.619999,3.090000,0.510000,278.660004,24.459999,85888.453125,40.12,95.55,5.228571,PM2.5,28137
3.460000,3.780000,1.290000,1.080000,0.140000,62.180000,3.120000,1.040000,278.399994,24.549999,85444.968750,40.13,95.73,4.942857,PM2.5,28138
3.260000,3.560000,1.200000,0.990000,0.140000,62.470001,3.790000,1.650000,278.290009,24.450001,84810.890625,40.14,95.9,4.657143,PM2.5,28139
3.060000,3.350000,1.100000,0.920000,0.140000,62.619999,4.300000,1.920000,278.910004,23.209999,85151.562500,40.15,96.08,4.371428,PM2.5,28140
3.000000,3.510000,1.040000,0.890000,0.140000,63.119999,4.570000,1.850000,279.109985,22.570000,85134.992188,40.16,96.25,4.285714,PM2.5,28141
2.840000,3.270000,0.940000,0.800000,0.140000,63.520000,5.160000,1.460000,278.630005,22.930000,84323.843750,40.18,96.43,4.057143,PM2.5,28142
2.790000,3.210000,0.890000,0.750000,0.140000,63.680000,5.800000,0.680000,278.040009,23.650000,83477.007812,40.19,96.61,3.985714,PM2.5,28143
2.800000,3.350000,0.870000,1.010000,0.140000,63.290001,5.860000,0.110000,277.899994,23.900000,83414.781250,40.2,96.78,4.000000,PM2.5,28144
2.850000,3.830000,0.890000,1.360000,0.150000,62.900002,5.450000,0.070000,278.239990,23.440001,84086.656250,40.21,96.96,4.071428,PM2.5,28145
3.280000,5.790000,1.240000,2.530000,0.160000,62.099998,5.080000,-0.120000,278.579987,23.080000,84783.218750,40.22,97.13,5.790000,PM10,28146
5.830000,16.040001,3.570000,8.570000,0.220000,58.380001,4.550000,-0.470000,278.630005,23.530001,85422.593750,40.23,97.31,16.040001,PM10,28147
7.780000,24.100000,5.250000,11.650000,0.270000,56.820000,3.620000,-0.540000,278.440002,24.660000,86122.820312,40.24,97.49,24.100000,PM10,28148
8.640000,26.740000,5.860000,11.150000,0.290000,56.580002,2.620000,-0.450000,278.269989,26.160000,87186.718750,40.25,97.66,26.740000,PM10,28149
9.440000,28.870001,6.220000,10.780000,0.300000,56.070000,2.030000,-0.050000,278.040009,27.670000,88190.296875,40.26,97.84,28.870001,PM10,28150
10.740000,31.280001,6.630000,11.910000,0.310000,55.500000,1.210000,0.240000,278.140015,28.150000,88549.203125,40.26,98.02,31.280001,PM10,28151
12.860000,36.250000,7.800000,14.930000,0.340000,54.790001,0.090000,0.410000,277.679993,30.730000,88284.398438,40.27,98.19,36.250000,PM10,28152
12.460000,32.970001,6.540000,11.690000,0.320000,56.410000,-0.130000,-0.020000,277.329987,33.790001,87850.617188,40.28,98.37,32.970001,PM10,28153
10.010000,24.209999,4.160000,6.790000,0.270000,61.590000,0.280000,-0.690000,277.660004,34.139999,87753.039062,40.29,98.54,24.209999,PM10,28154
9.050000,20.600000,3.380000,5.690000,0.250000,63.900002,0.690000,-1.050000,278.160004,32.849998,87708.640625,40.3,98.72,20.600000,PM10,28155
8.450000,18.530001,2.970000,5.120000,0.240000,65.180000,1.100000,-1.210000,278.489990,31.959999,87630.578125,40.31,98.9,18.530001,PM10,28156
7.700000,16.350000,2.650000,4.490000,0.230000,65.709999,1.560000,-1.210000,278.779999,31.480000,87798.531250,40.31,99.07,16.350000,PM10,28157
7.230000,14.480000,2.460000,4.070000,0.220000,65.720001,1.800000,-1.050000,278.959991,31.549999,88077.328125,40.32,99.25,14.480000,PM10,28158
7.040000,12.750000,2.380000,3.650000,0.210000,65.379997,1.910000,-0.690000,278.799988,32.790001,88427.648438,40.33,99.43,12.750000,PM10,28159
6.990000,10.800000,2.310000,3.090000,0.200000,65.300003,1.820000,-0.100000,278.679993,34.049999,88779.148438,40.33,99.6,10.800000,PM10,28160
7.030000,9.550000,2.550000,2.940000,0.190000,64.919998,1.410000,0.710000,278.429993,35.209999,88946.773438,40.34,99.78,10.042857,PM2.5,28161
7.240000,9.020000,2.710000,2.820000,0.190000,64.389999,0.910000,1.370000,278.470001,35.570000,88954.343750,40.35,99.96,10.342856,PM2.5,28162
7.020000,8.290000,2.580000,2.430000,0.180000,64.070000,0.520000,1.930000,278.459991,35.480000,88643.460938,40.35,100.13,10.028571,PM2.5,28163
3.520000,3.680000,0.490000,0.100000,0.140000,62.330002,2.080000,0.510000,280.130005,29.879999,91010.453125,40.05,92.9,5.028572,PM2.5,28385
3.570000,3.740000,0.510000,0.120000,0.140000,62.009998,1.640000,0.440000,279.859985,30.190001,91118.992188,40.06,93.08,5.100000,PM2.5,28386
3.570000,3.740000,0.520000,0.130000,0.140000,62.660000,1.630000,0.520000,279.559998,30.490000,90987.281250,40.08,93.25,5.100000,PM2.5,28387
3.550000,3.730000,0.520000,0.150000,0.140000,63.060001,1.910000,0.610000,279.359985,30.530001,90781.109375,40.09,93.43,5.071428,PM2.5,28388
3.540000,3.720000,0.530000,0.170000,0.140000,62.730000,2.270000,0.690000,279.190002,30.389999,90540.203125,40.11,93.6,5.057143,PM2.5,28389
3.570000,3.750000,0.530000,0.190000,0.140000,62.020000,2.620000,0.540000,278.910004,30.500000,90148.820312,40.12,93.78,5.100000,PM2.5,28390
3.610000,3.800000,0.550000,0.200000,0.140000,61.430000,2.830000,0.280000,278.500000,31.059999,89626.289062,40.14,93.95,5.157143,PM2.5,28391
3.650000,3.850000,0.580000,0.250000,0.140000,61.099998,2.980000,0.510000,278.279999,31.129999,89093.148438,40.15,94.13,5.214286,PM2.5,28392
3.720000,3.950000,0.680000,0.460000,0.140000,61.400002,2.980000,1.010000,278.470001,30.170000,88959.617188,40.16,94.31,5.314286,PM2.5,28393
4.670000,5.100000,1.430000,1.460000,0.150000,61.290001,2.910000,1.340000,278.890015,28.740000,89150.328125,40.18,94.48,6.671429,PM2.5,28394
5.940000,6.640000,2.370000,2.670000,0.170000,61.029999,2.820000,1.110000,279.339996,27.360001,89286.179688,40.19,94.66,8.485714,PM2.5,28395
5.300000,5.850000,1.920000,2.160000,0.160000,62.160000,2.610000,0.830000,279.450012,26.650000,89201.156250,40.2,94.83,7.571429,PM2.5,28396
4.990000,5.480000,1.710000,1.880000,0.160000,62.040001,2.670000,0.630000,279.179993,26.580000,88880.796875,40.22,95.01,7.128571,PM2.5,28397
4.700000,5.140000,1.550000,1.590000,0.150000,61.930000,2.970000,0.490000,278.940002,26.520000,88435.406250,40.23,95.18,6.714285,PM2.5,28398
4.530000,4.940000,1.440000,1.350000,0.150000,61.759998,3.120000,0.450000,278.700012,26.680000,87992.906250,40.24,95.36,6.471429,PM2.5,28399
4.420000,4.800000,1.360000,1.180000,0.150000,62.070000,3.100000,0.600000,278.589996,26.549999,87782.007812,40.25,95.54,6.314286,PM2.5,28400
4.200000,4.570000,1.290000,1.080000,0.150000,62.450001,3.280000,1.140000,278.470001,26.250000,87200.171875,40.26,95.71,6.000000,PM2.5,28401
3.930000,4.270000,1.230000,1.010000,0.150000,62.500000,3.920000,1.520000,278.540009,25.639999,86703.859375,40.28,95.89,5.614286,PM2.5,28402
3.640000,3.960000,1.130000,0.930000,0.140000,62.330002,4.420000,1.230000,279.059998,24.420000,86912.421875,40.29,96.06,5.200000,PM2.5,28403
3.530000,4.100000,1.070000,0.920000,0.150000,62.570000,4.510000,0.960000,279.160004,23.950001,86774.460938,40.3,96.24,5.042857,PM2.5,28404
3.350000,3.850000,0.990000,0.860000,0.150000,63.009998,4.690000,0.910000,278.690002,24.230000,86036.398438,40.31,96.42,4.785714,PM2.5,28405
3.290000,3.790000,0.960000,0.810000,0.150000,63.139999,5.030000,0.720000,278.130005,24.799999,85249.617188,40.32,96.59,4.700000,PM2.5,28406
3.410000,4.020000,0.950000,0.980000,0.150000,63.029999,5.120000,0.440000,277.880005,25.240000,84980.843750,40.33,96.77,4.871428,PM2.5,28407
3.690000,4.890000,1.050000,1.470000,0.160000,62.669998,4.600000,0.150000,278.070007,25.480000,85420.296875,40.34,96.94,5.271429,PM2.5,28408
4.920000,8.620000,1.690000,3.380000,0.180000,62.009998,3.850000,-0.290000,278.079987,26.480000,86026.406250,40.35,97.12,8.620000,PM10,28409
5.730000,11.510000,2.320000,4.010000,0.200000,61.849998,3.030000,-0.820000,277.690002,28.750000,86629.843750,40.36,97.3,11.510000,PM10,28410
6.940000,15.680000,3.030000,4.830000,0.220000,61.270000,2.060000,-1.040000,277.369995,31.270000,87402.093750,40.37,97.47,15.680000,PM10,28411
8.420000,20.709999,4.010000,6.290000,0.250000,59.619999,0.930000,-0.830000,277.239990,32.970001,88028.617188,40.38,97.65,20.709999,PM10,28412
9.740000,24.900000,5.000000,7.990000,0.270000,58.650002,-0.120000,-0.170000,277.149994,33.660000,88260.203125,40.39,97.83,24.900000,PM10,28413
10.300000,26.270000,5.300000,8.770000,0.280000,59.290001,-0.710000,0.310000,277.220001,34.020000,88179.648438,40.4,98.0,26.270000,PM10,28414
10.440000,26.070000,5.180000,8.990000,0.280000,60.380001,-0.690000,0.460000,277.339996,34.419998,87778.593750,40.41,98.18,26.070000,PM10,28415
9.570000,22.840000,4.210000,7.300000,0.260000,62.720001,-0.070000,0.160000,277.519989,33.950001,87038.617188,40.42,98.36,22.840000,PM10,28416
8.230000,18.709999,3.100000,5.210000,0.240000,65.660004,0.790000,-0.490000,277.760010,32.639999,86323.156250,40.42,98.53,18.709999,PM10,28417
7.360000,16.160000,2.650000,4.350000,0.220000,67.529999,1.540000,-0.960000,277.940002,31.459999,85833.187500,40.43,98.71,16.160000,PM10,28418
6.820000,14.500000,2.400000,3.860000,0.220000,68.360001,2.080000,-1.050000,278.089996,30.730000,85637.812500,40.44,98.89,14.500000,PM10,28419
6.390000,12.950000,2.180000,3.520000,0.210000,68.089996,2.410000,-0.910000,278.519989,29.990000,85990.703125,40.45,99.06,12.950000,PM10,28420
6.210000,11.720000,2.090000,3.310000,0.200000,67.989998,2.480000,-0.770000,278.839996,29.959999,86577.546875,40.46,99.24,11.720000,PM10,28421
6.140000,10.410000,2.070000,2.990000,0.200000,67.129997,2.580000,-0.570000,279.040009,30.629999,87293.117188,40.46,99.42,10.410000,PM10,28422
6.320000,9.260000,2.130000,2.550000,0.190000,65.699997,1.860000,-0.600000,279.100006,31.900000,88298.648438,40.47,99.59,9.260000,PM10,28423
6.650000,8.700000,2.460000,2.480000,0.180000,63.259998,0.300000,-0.190000,278.450012,35.110001,89005.031250,40.48,99.77,9.500000,PM2.5,28424
6.810000,8.350000,2.620000,2.360000,0.180000,62.369999,-0.400000,0.930000,278.179993,37.270000,89139.320312,40.48,99.95,9.728571,PM2.5,28425
6.590000,7.770000,2.730000,2.130000,0.170000,61.900002,-0.280000,1.650000,278.230011,37.130001,89155.093750,40.49,100.13,9.414286,PM2.5,28426
3.790000,3.960000,0.530000,0.090000,0.150000,62.419998,2.220000,0.010000,279.540009,32.980000,92038.906250,40.18,92.88,5.414286,PM2.5,28647
3.790000,3.970000,0.540000,0.100000,0.150000,62.400002,1.730000,0.190000,279.170013,33.590000,92019.726562,40.2,93.06,5.414286,PM2.5,28648
3.730000,3.910000,0.540000,0.110000,0.150000,63.430000,1.370000,0.430000,279.029999,33.400002,91610.226562,40.21,93.23,5.328571,PM2.5,28649
3.710000,3.890000,0.560000,0.140000,0.150000,64.629997,1.090000,0.560000,278.679993,33.549999,91176.523438,40.23,93.41,5.300000,PM2.5,28650
3.680000,3.870000,0.570000,0.190000,0.150000,65.570000,1.070000,0.490000,278.410004,33.610001,90874.812500,40.24,93.58,5.257143,PM2.5,28651
3.670000,3.870000,0.580000,0.220000,0.150000,66.309998,1.140000,0.330000,278.149994,33.759998,90595.492188,40.26,93.76,5.242857,PM2.5,28652
3.670000,3.870000,0.600000,0.240000,0.150000,66.360001,1.430000,0.280000,277.899994,33.930000,90248.437500,40.27,93.94,5.242857,PM2.5,28653
3.680000,3.880000,0.610000,0.230000,0.150000,65.919998,1.850000,0.450000,277.809998,33.650002,89931.093750,40.28,94.11,5.257143,PM2.5,28654
3.680000,3.890000,0.640000,0.300000,0.150000,65.599998,2.210000,0.480000,277.910004,32.889999,89767.757812,40.3,94.29,5.257143,PM2.5,28655
4.150000,4.450000,0.950000,0.700000,0.150000,65.070000,2.420000,0.480000,278.190002,31.809999,89883.156250,40.31,94.46,5.928572,PM2.5,28656
5.060000,5.520000,1.490000,1.400000,0.160000,64.099998,2.300000,0.330000,278.450012,30.959999,90131.843750,40.32,94.64,7.228571,PM2.5,28657
4.850000,5.260000,1.320000,1.320000,0.160000,65.180000,1.800000,0.080000,278.410004,30.920000,90310.656250,40.34,94.82,6.928571,PM2.5,28658
4.700000,5.080000,1.230000,1.190000,0.150000,65.690002,1.450000,0.010000,278.380005,30.709999,90272.406250,40.35,94.99,6.714285,PM2.5,28659
4.500000,4.870000,1.170000,1.050000,0.150000,65.510002,1.480000,0.170000,278.399994,30.100000,89818.117188,40.36,95.17,6.428571,PM2.5,28660
4.510000,4.880000,1.190000,1.090000,0.150000,65.449997,1.630000,0.360000,278.220001,29.959999,89329.320312,40.37,95.34,6.442857,PM2.5,28661
4.780000,5.190000,1.240000,1.150000,0.150000,65.279999,1.920000,0.560000,278.059998,29.770000,89078.523438,40.39,95.52,6.828572,PM2.5,28662
4.660000,5.080000,1.250000,1.130000,0.150000,65.290001,2.300000,0.930000,278.230011,28.639999,88579.156250,40.4,95.7,6.657143,PM2.5,28663
4.540000,4.940000,1.280000,1.130000,0.150000,64.839996,2.640000,1.050000,278.109985,28.320000,87866.710938,40.41,95.87,6.485714,PM2.5,28664
4.390000,4.790000,1.210000,1.080000,0.150000,64.879997,2.830000,0.520000,277.869995,28.670000,87483.921875,40.42,96.05,6.271429,PM2.5,28665
4.300000,5.020000,1.170000,1.160000,0.150000,64.980003,2.760000,0.090000,277.850006,28.730000,87324.773438,40.43,96.23,6.142858,PM2.5,28666
4.130000,4.780000,1.110000,1.130000,0.150000,64.570000,2.790000,0.160000,277.709991,28.510000,86918.093750,40.44,96.4,5.900000,PM2.5,28667
4.100000,4.750000,1.100000,1.100000,0.150000,64.599998,3.000000,0.250000,277.380005,28.930000,86390.656250,40.45,96.58,5.857143,PM2.5,28668
4.250000,4.990000,1.170000,1.340000,0.150000,64.529999,3.020000,0.190000,277.190002,29.330000,86152.031250,40.47,96.75,6.071429,PM2.5,28669
4.840000,6.120000,1.510000,1.990000,0.160000,64.550003,2.670000,-0.250000,277.040009,30.600000,86212.046875,40.48,96.93,6.914286,PM2.5,28670
5.960000,8.760000,2.180000,3.090000,0.180000,64.040001,2.410000,-0.920000,276.989990,31.889999,86334.726562,40.49,97.11,8.760000,PM10,28671
5.920000,9.820000,2.340000,3.180000,0.190000,63.860001,2.290000,-1.350000,277.269989,32.009998,86527.148438,40.5,97.28,9.820000,PM10,28672
6.360000,12.050000,2.660000,3.770000,0.200000,63.380001,1.950000,-1.300000,277.559998,31.860001,86837.421875,40.51,97.46,12.050000,PM10,28673
7.130000,15.040000,3.160000,4.620000,0.210000,62.490002,1.140000,-0.870000,277.450012,32.580002,87127.992188,40.51,97.64,15.040000,PM10,28674
8.090000,18.320000,3.800000,5.750000,0.230000,61.439999,0.100000,0.070000,277.109985,33.939999,87354.101562,40.52,97.82,18.320000,PM10,28675
8.730000,20.580000,4.180000,6.630000,0.240000,61.349998,-0.440000,0.860000,277.040009,34.250000,87066.718750,40.53,97.99,20.580000,PM10,28676
8.830000,20.790001,4.110000,6.670000,0.240000,62.520000,-0.080000,1.020000,277.059998,34.160000,86356.328125,40.54,98.17,20.790001,PM10,28677
8.200000,18.660000,3.480000,5.540000,0.230000,64.699997,0.660000,1.020000,277.149994,33.509998,85684.468750,40.55,98.35,18.660000,PM10,28678
7.350000,16.000000,2.740000,4.450000,0.220000,66.849998,1.480000,0.970000,277.119995,32.470001,84791.757812,40.56,98.52,16.000000,PM10,28679
6.800000,14.260000,2.410000,3.970000,0.210000,68.260002,2.440000,0.700000,276.920013,31.709999,83916.218750,40.57,98.7,14.260000,PM10,28680
6.420000,12.950000,2.220000,3.600000,0.210000,68.949997,3.280000,0.420000,276.950012,31.100000,83614.078125,40.57,98.88,12.950000,PM10,28681
6.090000,11.620000,2.070000,3.060000,0.200000,69.419998,3.580000,0.130000,277.420013,30.500000,84170.296875,40.58,99.05,11.620000,PM10,28682
5.780000,10.160000,1.950000,2.710000,0.190000,69.790001,3.470000,0.050000,278.040009,30.350000,85257.093750,40.59,99.23,10.160000,PM10,28683
5.530000,8.670000,1.870000,2.330000,0.180000,68.769997,3.090000,-0.220000,278.640015,30.340000,86360.039062,40.6,99.41,8.670000,PM10,28684
5.750000,8.090000,2.120000,2.040000,0.180000,65.940002,1.690000,-0.550000,278.790009,31.889999,87558.796875,40.6,99.59,8.214286,PM2.5,28685
6.460000,8.300000,2.480000,2.160000,0.180000,62.090000,0.060000,-0.400000,278.170013,35.669998,88682.039062,40.61,99.76,9.228572,PM2.5,28686
6.610000,8.060000,2.780000,2.160000,0.170000,60.480000,-0.850000,0.550000,277.779999,38.209999,89240.546875,40.62,99.94,9.442858,PM2.5,28687
6.430000,7.610000,3.340000,2.170000,0.170000,59.880001,-1.120000,1.160000,277.880005,38.450001,89413.859375,40.62,100.12,9.185714,PM2.5,28688
3.820000,4.000000,0.560000,0.110000,0.150000,64.959999,0.930000,0.490000,278.850006,35.360001,92398.226562,40.33,93.04,5.457143,PM2.5,28912
3.730000,3.910000,0.560000,0.180000,0.150000,66.050003,0.240000,0.850000,278.730011,34.910000,91995.617188,40.35,93.21,5.328571,PM2.5,28913
3.640000,3.830000,0.570000,0.280000,0.150000,67.739998,-0.240000,0.820000,278.450012,34.730000,91354.437500,40.36,93.39,5.200000,PM2.5,28914
3.570000,3.750000,0.580000,0.400000,0.150000,69.290001,-0.200000,0.400000,278.230011,34.790001,90863.078125,40.38,93.57,5.100000,PM2.5,28915
3.530000,3.720000,0.580000,0.350000,0.150000,70.099998,0.170000,-0.060000,278.160004,34.610001,90499.203125,40.39,93.74,5.042857,PM2.5,28916
3.510000,3.700000,0.590000,0.300000,0.150000,70.279999,0.750000,-0.360000,278.089996,34.509998,90270.718750,40.4,93.92,5.014286,PM2.5,28917
3.460000,3.660000,0.590000,0.230000,0.150000,70.220001,1.070000,-0.360000,278.049988,34.330002,90207.906250,40.42,94.09,4.942857,PM2.5,28918
3.450000,3.650000,0.610000,0.210000,0.150000,70.239998,1.130000,-0.340000,277.929993,34.310001,90222.773438,40.43,94.27,4.928572,PM2.5,28919
3.630000,3.850000,0.670000,0.270000,0.150000,70.089996,1.130000,-0.170000,278.070007,33.790001,90284.960938,40.45,94.45,5.185714,PM2.5,28920
4.090000,4.370000,0.840000,0.480000,0.150000,70.029999,0.850000,-0.100000,278.239990,33.299999,90282.851562,40.46,94.62,5.842857,PM2.5,28921
4.110000,4.410000,0.930000,0.780000,0.150000,69.839996,0.270000,0.010000,278.279999,33.200001,90203.593750,40.47,94.8,5.871429,PM2.5,28922
4.210000,4.550000,1.040000,0.950000,0.150000,68.830002,-0.340000,0.100000,278.209991,32.990002,90056.382812,40.48,94.97,6.014286,PM2.5,28923
4.270000,4.640000,1.130000,1.090000,0.150000,67.610001,-0.590000,0.050000,278.059998,32.770000,89831.398438,40.5,95.15,6.100000,PM2.5,28924
4.440000,4.840000,1.230000,1.210000,0.150000,66.480003,-0.740000,-0.020000,277.880005,32.669998,89609.562500,40.51,95.33,6.342857,PM2.5,28925
4.870000,5.340000,1.410000,1.460000,0.160000,65.570000,-0.730000,0.070000,277.700012,32.509998,89375.250000,40.52,95.5,6.957143,PM2.5,28926
5.080000,5.610000,1.590000,1.730000,0.160000,65.500000,-0.610000,0.160000,277.779999,31.840000,89012.093750,40.53,95.68,7.257143,PM2.5,28927
5.420000,6.030000,1.860000,2.060000,0.160000,65.089996,-0.480000,0.170000,277.480011,32.029999,88386.242188,40.54,95.86,7.742857,PM2.5,28928
5.060000,5.600000,1.670000,1.830000,0.160000,65.699997,-0.190000,-0.130000,277.170013,32.630001,87755.406250,40.56,96.03,7.228571,PM2.5,28929
4.900000,5.750000,1.590000,1.930000,0.160000,66.120003,0.040000,-0.440000,277.010010,32.869999,87386.976562,40.57,96.21,7.000000,PM2.5,28930
4.770000,5.530000,1.560000,1.920000,0.160000,66.120003,0.380000,-0.420000,276.890015,32.799999,86966.210938,40.58,96.39,6.814286,PM2.5,28931
5.020000,5.810000,1.610000,1.970000,0.160000,65.959999,0.840000,-0.290000,276.609985,33.049999,86479.242188,40.59,96.56,7.171429,PM2.5,28932
5.070000,5.900000,1.690000,1.970000,0.160000,66.510002,1.240000,-0.340000,276.470001,33.220001,86142.859375,40.6,96.74,7.242857,PM2.5,28933
5.200000,6.250000,1.860000,2.130000,0.160000,66.769997,1.600000,-0.550000,276.500000,33.209999,85754.250000,40.61,96.92,7.428571,PM2.5,28934
5.220000,6.670000,2.040000,2.150000,0.160000,67.110001,2.130000,-0.650000,276.549988,33.060001,85243.046875,40.62,97.09,7.457142,PM2.5,28935
5.250000,7.350000,2.170000,2.400000,0.170000,66.980003,2.790000,-0.550000,276.709991,32.529999,84845.343750,40.63,97.27,7.500000,PM2.5,28936
5.430000,8.500000,2.320000,2.790000,0.170000,66.339996,3.270000,-0.310000,277.049988,31.690001,84866.546875,40.64,97.45,8.500000,PM10,28937
5.830000,10.220000,2.540000,3.300000,0.180000,65.019997,3.130000,0.050000,277.279999,31.450001,85218.296875,40.65,97.63,10.220000,PM10,28938
6.470000,12.490000,2.890000,4.030000,0.190000,63.240002,2.310000,0.700000,277.140015,32.310001,85614.078125,40.66,97.8,12.490000,PM10,28939
7.130000,14.720000,3.250000,4.840000,0.210000,62.029999,1.350000,1.720000,276.809998,33.590000,85700.656250,40.67,97.98,14.720000,PM10,28940
7.440000,15.750000,3.340000,5.150000,0.220000,62.349998,1.280000,2.260000,276.700012,33.759998,85205.601562,40.68,98.16,15.750000,PM10,28941
7.120000,14.760000,2.930000,4.520000,0.210000,63.709999,1.940000,2.330000,276.769989,33.099998,84609.773438,40.68,98.33,14.760000,PM10,28942
5.980000,10.860000,2.060000,3.270000,0.200000,67.870003,4.120000,2.340000,277.109985,30.250000,83660.726562,40.71,98.87,10.860000,PM10,28945
5.580000,8.500000,1.850000,2.360000,0.180000,68.739998,4.270000,1.060000,277.529999,30.570000,84557.578125,40.72,99.22,8.500000,PM10,28947
5.510000,7.570000,1.850000,2.070000,0.180000,68.120003,3.350000,0.430000,277.950012,31.139999,85782.976562,40.73,99.4,7.871429,PM2.5,28948
5.740000,7.350000,2.100000,1.810000,0.170000,65.620003,2.040000,0.220000,278.160004,32.570000,86787.132812,40.74,99.58,8.200000,PM2.5,28949
6.300000,7.740000,2.510000,1.980000,0.170000,62.020000,0.910000,-0.040000,277.940002,35.419998,88107.382812,40.75,99.75,9.000000,PM2.5,28950
6.390000,7.680000,2.900000,2.020000,0.170000,59.459999,-0.180000,0.180000,277.570007,38.169998,89332.500000,40.75,99.93,9.128572,PM2.5,28951
6.160000,7.270000,3.570000,2.120000,0.170000,58.919998,-1.020000,0.780000,277.459991,39.029999,89633.156250,40.76,100.11,8.800000,PM2.5,28952
3.780000,3.960000,0.570000,0.130000,0.150000,67.510002,-0.220000,0.560000,278.709991,35.750000,92467.390625,40.47,93.02,5.400000,PM2.5,29177
3.650000,3.820000,0.560000,0.200000,0.150000,68.739998,-0.560000,0.810000,278.779999,34.799999,91887.921875,40.48,93.19,5.214286,PM2.5,29178
3.510000,3.690000,0.560000,0.270000,0.150000,70.099998,-0.580000,0.600000,278.579987,34.520000,90834.156250,40.49,93.37,5.014286,PM2.5,29179
3.410000,3.580000,0.550000,0.320000,0.150000,71.419998,-0.050000,0.140000,278.260010,34.660000,89719.648438,40.51,93.55,4.871428,PM2.5,29180
3.370000,3.550000,0.550000,0.280000,0.150000,71.839996,0.800000,-0.370000,277.950012,34.810001,88741.539062,40.52,93.72,4.814286,PM2.5,29181
3.380000,3.560000,0.560000,0.250000,0.150000,71.489998,1.530000,-0.520000,277.940002,34.459999,88423.968750,40.54,93.9,4.828572,PM2.5,29182
3.350000,3.540000,0.570000,0.220000,0.150000,71.139999,1.760000,-0.450000,278.279999,33.599998,88864.171875,40.55,94.08,4.785714,PM2.5,29183
3.310000,3.500000,0.570000,0.200000,0.150000,70.970001,1.570000,-0.750000,278.559998,32.880001,89364.679688,40.57,94.25,4.728571,PM2.5,29184
3.290000,3.480000,0.590000,0.200000,0.150000,70.970001,1.360000,-0.640000,278.709991,32.439999,89438.070312,40.58,94.43,4.700000,PM2.5,29185
3.330000,3.540000,0.640000,0.250000,0.150000,71.150002,1.180000,-0.480000,278.730011,32.270000,89331.476562,40.59,94.6,4.757143,PM2.5,29186
3.420000,3.650000,0.710000,0.400000,0.150000,71.190002,0.910000,-0.270000,278.720001,32.279999,89378.390625,40.61,94.78,4.885715,PM2.5,29187
3.540000,3.810000,0.810000,0.640000,0.150000,70.650002,0.530000,-0.130000,278.649994,32.410000,89498.632812,40.62,94.96,5.057143,PM2.5,29188
3.690000,4.010000,0.940000,0.960000,0.150000,69.699997,0.010000,-0.240000,278.420013,32.529999,89398.171875,40.63,95.13,5.271429,PM2.5,29189
3.780000,4.130000,1.040000,1.020000,0.150000,68.550003,-0.500000,-0.510000,278.109985,32.720001,89031.539062,40.64,95.31,5.400000,PM2.5,29190
4.130000,4.530000,1.200000,1.270000,0.150000,67.470001,-0.670000,-0.540000,277.839996,32.840000,88604.921875,40.66,95.49,5.900000,PM2.5,29191
4.670000,5.160000,1.490000,1.680000,0.160000,66.879997,-0.550000,-0.550000,277.640015,32.980000,88143.031250,40.67,95.67,6.671429,PM2.5,29192
5.230000,5.840000,1.850000,2.120000,0.160000,66.540001,-0.290000,-0.570000,277.329987,33.270000,87508.367188,40.68,95.84,7.471428,PM2.5,29193
4.950000,5.490000,1.690000,1.860000,0.160000,66.900002,0.170000,-0.630000,277.019989,33.660000,86821.351562,40.69,96.02,7.071428,PM2.5,29194
4.710000,5.460000,1.570000,1.790000,0.160000,66.949997,0.620000,-0.770000,276.799988,33.869999,86276.710938,40.7,96.2,6.728571,PM2.5,29195
4.550000,5.230000,1.550000,1.770000,0.160000,66.949997,1.080000,-0.750000,276.579987,34.040001,85775.390625,40.71,96.37,6.500000,PM2.5,29196
4.790000,5.480000,1.590000,1.810000,0.160000,66.730003,1.580000,-0.650000,276.350006,34.130001,85351.437500,40.72,96.55,6.842857,PM2.5,29197
4.850000,5.570000,1.650000,1.800000,0.160000,66.739998,2.030000,-0.520000,276.149994,34.060001,84910.968750,40.73,96.73,6.928571,PM2.5,29198
4.910000,5.740000,1.760000,1.860000,0.160000,66.769997,2.580000,-0.260000,275.899994,34.029999,84204.843750,40.74,96.9,7.014286,PM2.5,29199
4.920000,5.910000,1.870000,1.760000,0.160000,66.930000,3.200000,0.220000,275.640015,34.220001,83644.343750,40.75,97.08,7.028572,PM2.5,29200
5.010000,6.310000,2.000000,1.900000,0.160000,66.830002,3.720000,0.880000,275.700012,34.020000,83446.843750,40.76,97.26,7.157143,PM2.5,29201
5.140000,6.950000,2.140000,2.190000,0.170000,66.449997,4.160000,1.300000,276.140015,33.070000,83650.578125,40.77,97.44,7.342857,PM2.5,29202
5.380000,7.900000,2.300000,2.570000,0.170000,65.400002,4.190000,1.590000,276.730011,31.980000,84243.570312,40.78,97.61,7.900000,PM10,29203
5.780000,9.220000,2.500000,3.070000,0.180000,63.849998,3.680000,1.850000,277.059998,31.620001,84836.882812,40.79,97.79,9.220000,PM10,29204
6.210000,10.580000,2.720000,3.640000,0.180000,62.590000,2.970000,2.460000,276.950012,32.259998,85155.601562,40.8,97.97,10.580000,PM10,29205
6.470000,11.440000,2.810000,3.940000,0.190000,62.320000,2.740000,3.220000,276.820007,32.560001,84946.171875,40.81,98.15,11.440000,PM10,29206
6.390000,11.280000,2.600000,3.630000,0.190000,63.049999,3.330000,3.540000,276.980011,31.730000,84601.757812,40.82,98.32,11.280000,PM10,29207
5.890000,7.020000,2.390000,1.640000,0.170000,62.200001,1.660000,0.770000,277.630005,35.660000,87731.703125,40.88,99.75,8.414286,PM2.5,29215
5.900000,6.990000,2.930000,1.790000,0.170000,60.160000,1.080000,0.010000,277.540009,37.360001,88892.617188,40.89,99.92,8.428572,PM2.5,29216
3.320000,3.480000,0.530000,0.230000,0.150000,72.029999,0.660000,0.200000,277.619995,35.980000,88300.273438,40.64,93.53,4.742857,PM2.5,29449
3.250000,3.420000,0.530000,0.220000,0.150000,72.389999,1.890000,0.100000,276.760010,36.980000,86468.312500,40.66,93.7,4.642857,PM2.5,29450
3.250000,3.420000,0.540000,0.200000,0.150000,71.750000,2.980000,0.140000,276.459991,36.900002,85539.289062,40.67,93.88,4.642857,PM2.5,29451
3.260000,3.430000,0.540000,0.190000,0.150000,70.610001,2.880000,0.510000,277.010010,35.549999,86206.703125,40.69,94.06,4.657143,PM2.5,29452
3.240000,3.420000,0.550000,0.180000,0.150000,70.010002,2.200000,0.110000,277.540009,34.360001,87012.250000,40.7,94.23,4.628572,PM2.5,29453
3.200000,3.380000,0.560000,0.180000,0.150000,70.260002,2.090000,-0.230000,277.730011,33.680000,86996.273438,40.71,94.41,4.571429,PM2.5,29454
3.170000,3.360000,0.570000,0.180000,0.150000,70.410004,2.320000,-0.350000,277.790009,33.380001,86860.429688,40.73,94.59,4.528572,PM2.5,29455
3.160000,3.350000,0.590000,0.230000,0.150000,70.430000,2.230000,-0.360000,277.959991,33.060001,87082.882812,40.74,94.76,4.514286,PM2.5,29456
3.170000,3.380000,0.630000,0.340000,0.150000,70.540001,1.890000,-0.310000,278.140015,32.869999,87520.773438,40.75,94.94,4.528572,PM2.5,29457
3.260000,3.510000,0.710000,0.630000,0.150000,70.279999,1.450000,-0.350000,278.070007,33.049999,87686.601562,40.76,95.12,4.657143,PM2.5,29458
3.340000,3.610000,0.810000,0.750000,0.150000,69.570000,0.960000,-0.620000,277.690002,33.630001,87352.750000,40.78,95.3,4.771429,PM2.5,29459
3.580000,3.890000,0.950000,0.950000,0.150000,68.550003,0.680000,-0.710000,277.279999,34.160000,86881.851562,40.79,95.47,5.114285,PM2.5,29460
3.950000,4.330000,1.180000,1.240000,0.150000,67.760002,0.700000,-0.620000,276.940002,34.560001,86409.093750,40.8,95.65,5.642857,PM2.5,29461
4.350000,4.800000,1.390000,1.490000,0.160000,67.349998,0.910000,-0.530000,276.500000,35.150002,85740.882812,40.81,95.83,6.214285,PM2.5,29462
4.330000,4.780000,1.390000,1.380000,0.150000,67.199997,1.260000,-0.490000,276.079987,35.660000,85039.718750,40.82,96.0,6.185714,PM2.5,29463
4.260000,4.850000,1.370000,1.290000,0.150000,66.889999,1.640000,-0.620000,275.809998,35.959999,84565.046875,40.84,96.18,6.085715,PM2.5,29464
4.150000,4.690000,1.360000,1.210000,0.150000,66.580002,2.090000,-0.760000,275.760010,35.669998,84179.078125,40.85,96.36,5.928572,PM2.5,29465
4.180000,4.720000,1.390000,1.240000,0.150000,66.709999,2.620000,-0.740000,275.630005,35.540001,83819.070312,40.86,96.54,5.971428,PM2.5,29466
4.200000,4.760000,1.450000,1.270000,0.150000,66.620003,3.130000,-0.440000,275.429993,35.549999,83428.203125,40.87,96.71,6.000000,PM2.5,29467
4.280000,4.920000,1.550000,1.320000,0.150000,66.419998,3.890000,0.060000,275.130005,35.570000,82775.890625,40.88,96.89,6.114286,PM2.5,29468
4.320000,5.030000,1.620000,1.300000,0.150000,66.239998,4.730000,0.610000,275.040009,35.209999,82429.609375,40.89,97.07,6.171429,PM2.5,29469
4.420000,5.250000,1.720000,1.370000,0.160000,65.860001,4.980000,1.330000,275.320007,34.470001,82838.382812,40.9,97.25,6.314286,PM2.5,29470
4.590000,5.630000,1.860000,1.550000,0.160000,65.449997,4.940000,1.820000,275.859985,33.470001,83589.937500,40.91,97.42,6.557143,PM2.5,29471
4.790000,6.160000,2.020000,1.810000,0.160000,64.610001,4.850000,1.990000,276.609985,32.160000,84531.273438,40.92,97.6,6.842857,PM2.5,29472
5.130000,6.950000,2.200000,2.160000,0.170000,63.430000,4.290000,2.100000,277.029999,31.830000,85440.679688,40.93,97.78,7.328572,PM2.5,29473
5.570000,7.880000,2.410000,2.610000,0.170000,62.450001,3.820000,2.580000,276.880005,32.320000,85457.750000,40.94,97.96,7.957143,PM2.5,29474
5.840000,8.500000,2.500000,2.910000,0.170000,61.840000,4.060000,3.350000,276.920013,31.719999,85119.328125,40.95,98.13,8.500000,PM10,29475
3.260000,3.420000,0.530000,0.170000,0.150000,70.250000,4.370000,1.510000,276.019989,37.500000,84513.382812,40.81,93.86,4.657143,PM2.5,29722
3.240000,3.400000,0.540000,0.170000,0.150000,69.339996,4.090000,1.550000,276.779999,35.529999,85187.656250,40.82,94.04,4.628572,PM2.5,29723
3.200000,3.370000,0.540000,0.160000,0.150000,69.209999,2.830000,1.270000,276.769989,35.529999,85427.289062,40.83,94.22,4.571429,PM2.5,29724
3.130000,3.300000,0.540000,0.160000,0.150000,70.019997,2.650000,0.710000,276.239990,36.130001,84452.171875,40.85,94.39,4.471429,PM2.5,29725
3.060000,3.240000,0.540000,0.150000,0.150000,70.470001,3.220000,0.320000,275.929993,36.369999,83807.382812,40.86,94.57,4.371428,PM2.5,29726
3.000000,3.170000,0.540000,0.160000,0.150000,70.489998,3.400000,0.030000,276.029999,35.990002,83813.031250,40.87,94.75,4.285714,PM2.5,29727
2.960000,3.140000,0.550000,0.190000,0.150000,70.330002,3.300000,-0.070000,276.299988,35.410000,84179.656250,40.89,94.92,4.228571,PM2.5,29728
2.990000,3.190000,0.580000,0.310000,0.150000,69.910004,3.000000,0.160000,276.519989,35.130001,84693.523438,40.9,95.1,4.271429,PM2.5,29729
3.130000,3.360000,0.680000,0.540000,0.150000,69.059998,2.550000,0.060000,276.429993,35.480000,84898.046875,40.91,95.28,4.471429,PM2.5,29730
3.340000,3.610000,0.840000,0.780000,0.150000,68.339996,2.280000,-0.230000,276.160004,35.889999,84699.953125,40.92,95.46,4.771429,PM2.5,29731
3.610000,3.940000,1.110000,1.060000,0.150000,67.540001,2.350000,-0.290000,275.859985,36.290001,84359.250000,40.94,95.63,5.157143,PM2.5,29732
3.770000,4.120000,1.150000,1.090000,0.150000,67.169998,2.410000,-0.160000,275.500000,36.950001,84046.929688,40.95,95.81,5.385714,PM2.5,29733
3.870000,4.240000,1.210000,1.100000,0.150000,66.760002,2.390000,-0.110000,275.119995,37.520000,83675.421875,40.96,95.99,5.528571,PM2.5,29734
3.940000,4.400000,1.250000,1.100000,0.150000,66.459999,2.420000,-0.260000,274.880005,37.590000,83262.632812,40.97,96.17,5.628572,PM2.5,29735
3.940000,4.390000,1.250000,1.040000,0.150000,66.370003,2.870000,-0.520000,274.609985,37.650002,82634.773438,40.98,96.34,5.628572,PM2.5,29736
3.920000,4.370000,1.250000,1.030000,0.150000,65.809998,3.780000,-0.520000,274.470001,37.299999,81970.406250,40.99,96.52,5.600000,PM2.5,29737
3.930000,4.410000,1.290000,1.070000,0.150000,65.699997,4.500000,-0.180000,274.450012,36.950001,81745.906250,41.0,96.7,5.614286,PM2.5,29738
3.970000,4.500000,1.360000,1.150000,0.150000,65.330002,5.210000,0.430000,274.380005,36.660000,81469.148438,41.01,96.88,5.671429,PM2.5,29739
3.980000,4.580000,1.420000,1.130000,0.150000,64.970001,6.170000,0.980000,274.540009,35.599998,81326.617188,41.02,97.06,5.685714,PM2.5,29740
3.990000,4.670000,1.500000,1.150000,0.150000,64.279999,6.290000,1.270000,275.309998,33.669998,82143.226562,41.03,97.23,5.700000,PM2.5,29741
4.050000,4.820000,1.580000,1.210000,0.150000,63.590000,5.550000,1.450000,276.149994,32.150002,83485.453125,41.04,97.41,5.785715,PM2.5,29742
4.150000,5.050000,1.690000,1.310000,0.160000,62.970001,4.980000,1.450000,276.809998,31.250000,84699.570312,41.05,97.59,5.928572,PM2.5,29743
4.400000,5.470000,1.840000,1.480000,0.160000,62.480000,4.550000,1.620000,277.109985,31.209999,85647.539062,41.06,97.77,6.285715,PM2.5,29744
4.900000,6.230000,2.090000,1.780000,0.160000,62.009998,4.270000,2.290000,276.750000,32.580002,85912.882812,41.07,97.95,7.000000,PM2.5,29745
3.270000,3.430000,0.540000,0.150000,0.150000,68.010002,3.940000,2.020000,278.010010,34.000000,87080.859375,40.95,94.02,4.671429,PM2.5,29996
3.170000,3.340000,0.540000,0.150000,0.150000,69.099998,2.670000,2.110000,277.170013,35.330002,86150.281250,40.97,94.2,4.528572,PM2.5,29997
3.080000,3.250000,0.540000,0.140000,0.150000,70.019997,2.900000,1.840000,275.630005,37.599998,83647.757812,40.98,94.38,4.400000,PM2.5,29998
3.000000,3.170000,0.540000,0.140000,0.150000,70.279999,3.870000,1.410000,274.640015,39.000000,82028.492188,40.99,94.55,4.285714,PM2.5,29999
2.920000,3.090000,0.530000,0.140000,0.150000,70.260002,4.280000,0.940000,274.299988,39.230000,81387.093750,41.01,94.73,4.171429,PM2.5,30000
2.850000,3.030000,0.530000,0.150000,0.150000,70.089996,4.510000,0.660000,274.299988,38.790001,81160.781250,41.02,94.91,4.071428,PM2.5,30001
2.840000,3.020000,0.540000,0.200000,0.150000,69.790001,4.410000,0.900000,274.779999,37.599998,81680.023438,41.03,95.08,4.057143,PM2.5,30002
3.140000,3.390000,0.750000,0.630000,0.150000,69.220001,3.760000,0.960000,275.109985,37.220001,82446.320312,41.05,95.26,4.485714,PM2.5,30003
3.590000,3.940000,1.210000,1.200000,0.160000,68.430000,3.390000,0.560000,274.950012,37.630001,82512.132812,41.06,95.44,5.128572,PM2.5,30004
4.180000,4.680000,2.300000,2.120000,0.160000,67.019997,3.770000,0.240000,274.750000,37.810001,82210.726562,41.07,95.62,5.971428,PM2.5,30005
3.830000,4.230000,1.630000,1.400000,0.160000,66.769997,3.980000,0.050000,274.799988,37.700001,82430.632812,41.08,95.8,5.471428,PM2.5,30006
3.720000,4.100000,1.440000,1.230000,0.150000,66.040001,3.690000,-0.090000,274.799988,37.599998,82578.882812,41.09,95.97,5.314286,PM2.5,30007
3.740000,4.160000,1.350000,1.230000,0.150000,66.099998,3.520000,-0.070000,274.450012,37.980000,82163.726562,41.1,96.15,5.342857,PM2.5,30008
3.740000,4.150000,1.300000,1.130000,0.150000,66.040001,4.030000,0.110000,273.850006,38.680000,81213.046875,41.12,96.33,5.342857,PM2.5,30009
3.730000,4.150000,1.270000,1.060000,0.150000,65.639999,5.190000,0.310000,273.369995,38.970001,80263.156250,41.13,96.51,5.328571,PM2.5,30010
3.700000,4.140000,1.270000,1.060000,0.150000,65.120003,6.210000,0.470000,273.470001,38.189999,80083.640625,41.14,96.69,5.285714,PM2.5,30011
3.700000,4.180000,1.290000,1.130000,0.150000,64.559998,6.810000,0.960000,273.850006,36.930000,80339.773438,41.15,96.86,5.285714,PM2.5,30012
3.690000,4.220000,1.340000,1.110000,0.150000,63.860001,7.060000,1.380000,274.559998,34.919998,80995.453125,41.16,97.04,5.271429,PM2.5,30013
3.670000,4.260000,1.380000,1.100000,0.150000,63.029999,6.440000,1.000000,275.540009,32.770000,82185.460938,41.17,97.22,5.242857,PM2.5,30014
3.670000,4.320000,1.410000,1.080000,0.150000,62.389999,5.380000,0.620000,276.230011,31.680000,83432.218750,41.18,97.4,5.242857,PM2.5,30015
3.720000,4.440000,1.470000,1.090000,0.150000,62.130001,4.980000,0.660000,276.739990,31.049999,84461.273438,41.19,97.58,5.314286,PM2.5,30016
3.820000,4.630000,1.550000,1.130000,0.160000,61.849998,5.010000,1.080000,277.239990,30.350000,85348.046875,41.2,97.75,5.457143,PM2.5,30017
3.340000,3.510000,0.560000,0.130000,0.150000,67.279999,2.980000,1.340000,278.049988,35.250000,88496.320312,41.09,94.0,4.771429,PM2.5,30269
3.210000,3.380000,0.560000,0.130000,0.150000,68.419998,2.200000,2.510000,277.309998,35.910000,87237.906250,41.1,94.18,4.585714,PM2.5,30270
3.100000,3.270000,0.550000,0.140000,0.150000,69.290001,2.790000,3.020000,276.329987,36.779999,84985.539062,41.12,94.36,4.428571,PM2.5,30271
3.000000,3.170000,0.540000,0.140000,0.150000,69.709999,3.850000,2.800000,275.410004,37.779999,83182.796875,41.13,94.53,4.285714,PM2.5,30272
2.910000,3.080000,0.540000,0.140000,0.150000,69.639999,4.560000,2.340000,274.649994,38.669998,81857.328125,41.14,94.71,4.157143,PM2.5,30273
2.840000,3.010000,0.530000,0.140000,0.150000,69.400002,5.230000,1.880000,274.130005,39.009998,80906.867188,41.15,94.89,4.057143,PM2.5,30274
2.800000,2.970000,0.540000,0.160000,0.150000,69.070000,5.330000,1.580000,274.359985,37.880001,80926.382812,41.17,95.07,4.000000,PM2.5,30275
3.030000,3.270000,0.710000,0.540000,0.150000,68.800003,4.460000,1.480000,274.619995,37.490002,81466.718750,41.18,95.25,4.328571,PM2.5,30276
3.450000,3.770000,1.100000,1.090000,0.160000,68.610001,3.900000,1.240000,274.170013,38.650002,81138.953125,41.19,95.42,4.928572,PM2.5,30277
4.060000,4.550000,2.310000,2.130000,0.160000,67.459999,4.430000,0.780000,273.649994,39.459999,80425.312500,41.2,95.6,5.800000,PM2.5,30278
3.670000,4.070000,1.730000,1.500000,0.160000,67.760002,4.850000,0.070000,273.820007,38.919998,80583.843750,41.22,95.78,5.242857,PM2.5,30279
3.440000,3.790000,1.430000,1.210000,0.160000,67.800003,4.750000,-0.300000,274.049988,38.189999,80819.726562,41.23,95.96,4.914286,PM2.5,30280
3.390000,3.760000,1.310000,1.160000,0.150000,67.620003,4.920000,0.040000,273.779999,38.480000,80499.156250,41.24,96.14,4.842857,PM2.5,30281
3.380000,3.760000,1.240000,1.080000,0.150000,67.080002,5.550000,0.700000,273.309998,39.200001,79915.382812,41.25,96.32,4.828572,PM2.5,30282
3.390000,3.770000,1.210000,1.030000,0.150000,66.300003,6.480000,1.180000,272.989990,39.299999,79381.718750,41.26,96.49,4.842857,PM2.5,30283
3.370000,3.780000,1.200000,1.030000,0.150000,65.550003,7.440000,1.250000,273.059998,38.380001,79201.687500,41.27,96.67,4.814286,PM2.5,30284
3.360000,3.810000,1.210000,1.070000,0.150000,64.809998,7.920000,1.180000,273.670013,36.480000,79671.359375,41.28,96.85,4.800000,PM2.5,30285
3.350000,3.850000,1.230000,1.060000,0.150000,63.779999,7.240000,0.890000,274.779999,34.060001,80926.140625,41.29,97.03,4.785714,PM2.5,30286
3.330000,3.880000,1.240000,1.010000,0.150000,63.130001,5.870000,0.150000,275.390015,33.060001,81959.406250,41.3,97.21,4.757143,PM2.5,30287
3.340000,3.940000,1.260000,0.970000,0.150000,62.930000,5.170000,-0.190000,275.690002,32.560001,82515.406250,41.31,97.39,4.771429,PM2.5,30288
3.360000,4.020000,1.300000,0.970000,0.160000,62.540001,5.220000,0.130000,276.459991,31.110001,83468.093750,41.32,97.56,4.800000,PM2.5,30289
3.260000,3.440000,0.590000,0.120000,0.150000,68.010002,2.010000,2.400000,276.790009,37.779999,87178.078125,41.24,94.16,4.657143,PM2.5,30545
3.150000,3.330000,0.570000,0.130000,0.150000,68.510002,2.870000,3.290000,276.739990,36.810001,86187.789062,41.25,94.34,4.500000,PM2.5,30546
3.050000,3.220000,0.560000,0.130000,0.150000,68.919998,3.800000,3.340000,276.459991,36.470001,85120.773438,41.26,94.52,4.357143,PM2.5,30547
2.960000,3.130000,0.550000,0.130000,0.150000,68.919998,4.560000,3.160000,275.910004,36.849998,83935.679688,41.28,94.7,4.228571,PM2.5,30548
2.880000,3.060000,0.550000,0.130000,0.150000,68.800003,5.280000,2.780000,275.359985,37.250000,82856.601562,41.29,94.87,4.114286,PM2.5,30549
2.820000,2.990000,0.540000,0.150000,0.150000,68.620003,5.390000,2.160000,275.220001,36.869999,82378.031250,41.3,95.05,4.028571,PM2.5,30550
2.920000,3.140000,0.650000,0.410000,0.150000,68.660004,4.530000,1.900000,274.880005,37.459999,82165.648438,41.31,95.23,4.171429,PM2.5,30551
3.200000,3.470000,0.900000,0.820000,0.150000,68.870003,3.920000,1.990000,274.019989,39.160000,81199.226562,41.33,95.41,4.571429,PM2.5,30552
3.600000,3.980000,1.640000,1.420000,0.160000,68.379997,4.380000,1.710000,273.070007,40.740002,79863.921875,41.34,95.59,5.142857,PM2.5,30553
3.400000,3.730000,1.360000,1.080000,0.150000,68.660004,5.140000,0.840000,272.429993,41.709999,78947.617188,41.35,95.76,4.857143,PM2.5,30554
3.250000,3.550000,1.190000,0.890000,0.150000,68.489998,5.920000,0.380000,272.170013,41.660000,78408.617188,41.36,95.94,4.642857,PM2.5,30555
3.160000,3.450000,1.110000,0.820000,0.150000,67.959999,6.700000,0.700000,272.359985,40.529999,78386.742188,41.37,96.12,4.514286,PM2.5,30556
3.100000,3.390000,1.070000,0.800000,0.150000,67.269997,7.300000,1.240000,272.739990,39.180000,78679.843750,41.38,96.3,4.428571,PM2.5,30557
3.070000,3.360000,1.050000,0.810000,0.150000,66.489998,7.810000,1.790000,273.109985,37.930000,78982.671875,41.39,96.48,4.385714,PM2.5,30558
3.040000,3.330000,1.040000,0.840000,0.150000,65.730003,8.220000,2.050000,273.410004,36.779999,79201.906250,41.4,96.66,4.342857,PM2.5,30559
3.020000,3.320000,1.050000,0.880000,0.150000,64.940002,8.150000,1.540000,273.769989,35.599998,79502.273438,41.42,96.84,4.314286,PM2.5,30560
3.010000,3.310000,1.060000,0.860000,0.150000,64.000000,7.230000,0.600000,274.230011,34.810001,80150.789062,41.43,97.02,4.300000,PM2.5,30561
3.000000,3.300000,1.070000,0.800000,0.150000,63.619999,6.250000,0.050000,274.320007,34.939999,80433.343750,41.44,97.19,4.285714,PM2.5,30562
2.980000,3.290000,1.090000,0.760000,0.150000,63.389999,5.960000,0.210000,274.769989,33.849998,80847.906250,41.45,97.37,4.257143,PM2.5,30563
2.960000,3.270000,1.110000,0.740000,0.150000,62.840000,5.650000,0.430000,276.170013,31.040001,82362.773438,41.45,97.55,4.228571,PM2.5,30564
3.200000,3.350000,0.590000,0.130000,0.150000,68.330002,3.450000,3.020000,276.239990,37.900002,85660.226562,41.4,94.5,4.571429,PM2.5,30820
3.080000,3.230000,0.570000,0.130000,0.150000,67.970001,4.200000,2.940000,276.010010,37.700001,84907.742188,41.41,94.68,4.400000,PM2.5,30821
2.990000,3.140000,0.560000,0.130000,0.150000,68.239998,4.740000,2.710000,275.660004,37.830002,84179.570312,41.42,94.86,4.271429,PM2.5,30822
2.910000,3.070000,0.560000,0.140000,0.150000,68.260002,4.820000,2.250000,275.290009,38.090000,83540.773438,41.43,95.03,4.157143,PM2.5,30823
2.920000,3.100000,0.610000,0.310000,0.150000,68.360001,4.430000,2.250000,274.720001,38.970001,82846.851562,41.45,95.21,4.171429,PM2.5,30824
3.080000,3.290000,0.770000,0.640000,0.150000,68.529999,4.170000,2.710000,274.149994,39.669998,81869.601562,41.46,95.39,4.400000,PM2.5,30825
3.360000,3.640000,1.230000,1.010000,0.160000,68.339996,4.430000,2.900000,273.429993,40.580002,80621.578125,41.47,95.57,4.800000,PM2.5,30826
3.270000,3.550000,1.150000,0.870000,0.150000,68.410004,5.230000,2.570000,272.339996,42.360001,79023.539062,41.48,95.75,4.671429,PM2.5,30827
3.140000,3.420000,1.070000,0.760000,0.150000,68.019997,6.620000,2.120000,271.529999,43.139999,77729.109375,41.49,95.93,4.485714,PM2.5,30828
3.030000,3.300000,1.010000,0.700000,0.150000,67.540001,7.830000,1.730000,271.769989,41.310001,77640.703125,41.51,96.11,4.328571,PM2.5,30829
2.930000,3.190000,0.960000,0.660000,0.150000,67.080002,8.510000,1.520000,272.450012,39.000000,78169.617188,41.52,96.29,4.185714,PM2.5,30830
2.850000,3.110000,0.940000,0.650000,0.150000,66.610001,8.920000,1.880000,273.290009,36.849998,78962.492188,41.53,96.46,4.071428,PM2.5,30831
2.800000,3.060000,0.940000,0.670000,0.150000,65.980003,8.610000,2.330000,274.119995,35.070000,79864.882812,41.54,96.64,4.000000,PM2.5,30832
2.790000,3.060000,0.950000,0.720000,0.150000,65.070000,7.610000,1.950000,274.279999,34.830002,80169.140625,41.55,96.82,3.985714,PM2.5,30833
2.800000,3.070000,0.960000,0.730000,0.150000,64.220001,6.870000,1.240000,273.970001,35.750000,79959.953125,41.56,97.0,4.000000,PM2.5,30834
2.800000,3.080000,0.970000,0.720000,0.150000,63.889999,6.740000,0.980000,273.980011,35.700001,79950.976562,41.57,97.18,4.000000,PM2.5,30835
2.790000,3.080000,0.990000,0.690000,0.150000,63.349998,6.480000,1.060000,275.149994,33.130001,81116.382812,41.58,97.36,3.985714,PM2.5,30836
2.790000,3.080000,1.020000,0.680000,0.150000,62.259998,5.240000,0.620000,276.809998,30.240000,83176.890625,41.59,97.54,3.985714,PM2.5,30837
2.860000,3.170000,1.080000,0.670000,0.150000,61.189999,3.510000,-0.050000,277.309998,30.080000,84752.882812,41.6,97.72,4.085714,PM2.5,30838
3.070000,3.220000,0.580000,0.120000,0.150000,68.019997,3.570000,2.430000,274.700012,41.240002,83920.882812,41.56,94.84,4.385714,PM2.5,31096
3.000000,3.160000,0.580000,0.170000,0.150000,68.309998,3.400000,2.170000,274.269989,41.900002,83461.523438,41.57,95.02,4.285714,PM2.5,31097
3.010000,3.180000,0.610000,0.370000,0.150000,68.400002,3.190000,2.200000,273.850006,42.500000,82984.242188,41.58,95.2,4.300000,PM2.5,31098
3.090000,3.290000,0.720000,0.650000,0.150000,68.449997,3.460000,2.550000,273.619995,42.389999,82394.468750,41.59,95.38,4.414286,PM2.5,31099
3.230000,3.480000,1.010000,0.830000,0.160000,68.290001,4.120000,3.110000,273.380005,41.990002,81562.171875,41.61,95.55,4.614286,PM2.5,31100
3.190000,3.440000,1.040000,0.780000,0.150000,68.160004,5.150000,3.460000,272.859985,42.250000,80339.906250,41.62,95.73,4.557143,PM2.5,31101
3.070000,3.340000,1.010000,0.710000,0.150000,67.760002,6.490000,3.170000,272.359985,42.400002,79212.476562,41.63,95.91,4.385714,PM2.5,31102
2.960000,3.230000,0.960000,0.660000,0.150000,67.300003,7.740000,2.360000,272.070007,42.070000,78525.109375,41.64,96.09,4.228571,PM2.5,31103
2.850000,3.100000,0.920000,0.610000,0.150000,67.070000,9.070000,1.730000,272.029999,41.250000,78200.179688,41.65,96.27,4.071428,PM2.5,31104
2.730000,2.980000,0.880000,0.570000,0.150000,67.040001,10.070000,1.720000,273.010010,38.080002,78933.171875,41.66,96.45,3.900000,PM2.5,31105
2.650000,2.900000,0.870000,0.570000,0.150000,66.260002,9.250000,1.860000,274.470001,34.820000,80443.421875,41.67,96.63,3.785714,PM2.5,31106
2.620000,2.870000,0.870000,0.610000,0.150000,65.040001,7.330000,1.690000,274.980011,34.240002,81261.640625,41.68,96.81,3.750000,CO,31107
2.620000,2.880000,0.890000,0.650000,0.150000,64.120003,6.460000,1.560000,274.799988,34.980000,81231.273438,41.69,96.99,3.750000,CO,31108
2.640000,2.910000,0.900000,0.650000,0.150000,63.490002,6.610000,1.350000,275.019989,34.549999,81479.609375,41.7,97.17,3.771429,PM2.5,31109
2.650000,2.930000,0.930000,0.640000,0.150000,62.500000,6.100000,0.860000,276.179993,32.340000,82799.382812,41.71,97.35,3.785714,PM2.5,31110
2.710000,2.990000,0.960000,0.630000,0.150000,61.169998,4.280000,0.110000,277.070007,31.350000,84467.906250,41.72,97.53,3.871429,PM2.5,31111
2.820000,3.120000,1.020000,0.610000,0.150000,61.209999,2.780000,-0.210000,276.619995,33.270000,85100.742188,41.73,97.71,4.028571,PM2.5,31112
3.100000,3.260000,0.600000,0.180000,0.150000,67.320000,3.240000,2.790000,273.940002,43.430000,82956.773438,41.7,95.0,4.428571,PM2.5,31369
3.110000,3.280000,0.620000,0.400000,0.150000,68.059998,2.860000,2.420000,273.299988,44.680000,82171.117188,41.71,95.18,4.442857,PM2.5,31370
3.280000,3.500000,0.880000,0.740000,0.160000,68.349998,3.660000,2.740000,272.130005,46.919998,80859.250000,41.74,95.54,4.685714,PM2.5,31372
3.230000,3.460000,0.940000,0.720000,0.150000,68.089996,4.430000,3.140000,272.019989,46.320000,80423.703125,41.75,95.72,4.614286,PM2.5,31373
3.110000,3.370000,0.940000,0.700000,0.150000,67.720001,5.630000,3.180000,271.799988,45.900002,79723.203125,41.76,95.9,4.442857,PM2.5,31374
3.000000,3.260000,0.920000,0.660000,0.150000,67.070000,7.160000,2.930000,271.429993,46.169998,78889.078125,41.77,96.08,4.285714,PM2.5,31375
2.860000,3.110000,0.880000,0.600000,0.150000,66.769997,9.120000,2.580000,271.429993,44.980000,78344.296875,41.79,96.26,4.085714,PM2.5,31376
2.710000,2.950000,0.840000,0.550000,0.150000,66.959999,10.500000,1.980000,272.570007,40.570000,79013.453125,41.8,96.44,3.871429,PM2.5,31377
2.600000,2.840000,0.820000,0.550000,0.150000,66.250000,9.610000,1.330000,274.220001,36.310001,80589.828125,41.81,96.62,3.750000,CO,31378
2.570000,2.800000,0.820000,0.580000,0.150000,64.910004,7.440000,1.030000,275.130005,34.730000,81761.281250,41.82,96.79,3.750000,CO,31379
2.560000,2.800000,0.830000,0.630000,0.150000,63.549999,6.210000,1.060000,275.410004,34.689999,82359.898438,41.83,96.97,3.750000,CO,31380
2.580000,2.830000,0.840000,0.670000,0.150000,62.610001,5.970000,0.860000,275.730011,34.389999,82910.523438,41.84,97.15,3.750000,CO,31381
2.600000,2.860000,0.860000,0.630000,0.150000,61.709999,5.340000,0.370000,276.230011,33.669998,83705.203125,41.85,97.33,3.750000,CO,31382
2.670000,2.930000,0.890000,0.600000,0.150000,61.009998,4.040000,0.090000,276.459991,33.930000,84589.617188,41.86,97.51,3.814286,PM2.5,31383
2.770000,3.040000,0.940000,0.570000,0.150000,61.200001,3.210000,0.390000,276.109985,35.169998,84757.617188,41.87,97.69,3.957143,PM2.5,31384
3.020000,3.270000,0.860000,0.740000,0.150000,66.150002,7.890000,3.900000,270.910004,48.270000,78386.039062,41.91,96.06,4.314286,PM2.5,31649
2.870000,3.110000,0.830000,0.660000,0.150000,66.199997,9.430000,3.400000,271.380005,45.759998,78484.906250,41.92,96.24,4.100000,PM2.5,31650
2.730000,2.960000,0.800000,0.590000,0.150000,66.320000,10.330000,2.270000,272.420013,41.740002,79190.093750,41.93,96.42,3.900000,PM2.5,31651
2.640000,2.870000,0.790000,0.580000,0.150000,65.660004,9.550000,1.270000,273.760010,38.000000,80458.750000,41.94,96.6,3.771429,PM2.5,31652
2.590000,2.810000,0.780000,0.590000,0.150000,64.519997,7.680000,0.800000,274.760010,35.959999,81620.578125,41.95,96.78,3.750000,CO,31653
2.580000,2.800000,0.780000,0.610000,0.150000,63.160000,6.380000,0.620000,275.179993,35.599998,82308.046875,41.96,96.96,3.750000,CO,31654
2.590000,2.820000,0.780000,0.670000,0.150000,62.220001,5.860000,0.410000,275.450012,35.549999,82886.882812,41.97,97.14,3.750000,CO,31655
2.620000,2.850000,0.790000,0.630000,0.150000,61.360001,5.110000,0.400000,275.959991,34.980000,83790.617188,41.98,97.32,3.750000,CO,31656
2.690000,2.930000,0.830000,0.590000,0.150000,60.680000,3.940000,0.680000,276.250000,35.130001,84749.257812,41.99,97.5,3.842857,PM2.5,31657
2.830000,3.060000,0.750000,0.570000,0.150000,65.720001,9.430000,3.580000,272.250000,42.959999,79039.500000,42.05,96.23,4.042857,PM2.5,31919
2.760000,2.980000,0.750000,0.530000,0.150000,65.639999,10.080000,2.360000,272.709991,40.849998,79339.859375,42.06,96.41,3.942857,PM2.5,31920
2.690000,2.910000,0.740000,0.500000,0.150000,64.989998,9.330000,1.370000,273.809998,37.799999,80415.468750,42.07,96.59,3.842857,PM2.5,31921
2.660000,2.870000,0.740000,0.480000,0.150000,63.779999,7.290000,0.800000,274.649994,36.200001,81503.476562,42.08,96.77,3.800000,PM2.5,31922
2.650000,2.860000,0.740000,0.490000,0.150000,62.790001,5.900000,0.460000,274.549988,37.009998,81703.117188,42.09,96.95,3.785714,PM2.5,31923
2.670000,2.890000,0.750000,0.600000,0.150000,62.160000,5.720000,0.220000,274.670013,37.070000,81985.492188,42.11,97.13,3.814286,PM2.5,31924
2.700000,2.920000,0.760000,0.580000,0.150000,61.389999,4.990000,0.170000,275.739990,35.209999,83370.343750,42.11,97.31,3.857143,PM2.5,31925
2.760000,2.990000,0.790000,0.560000,0.150000,60.669998,3.450000,0.600000,276.299988,35.110001,84932.242188,42.12,97.49,3.942857,PM2.5,31926
2.930000,3.150000,0.770000,0.480000,0.150000,64.370003,9.220000,3.010000,273.709991,40.570000,81038.539062,42.19,96.21,4.185714,PM2.5,32183
2.870000,3.090000,0.760000,0.470000,0.150000,64.309998,9.720000,2.120000,273.640015,39.900002,80770.773438,42.2,96.39,4.100000,PM2.5,32184
2.830000,3.040000,0.750000,0.440000,0.150000,63.720001,9.080000,1.120000,274.220001,38.130001,81308.101562,42.21,96.57,4.042857,PM2.5,32185
2.790000,3.010000,0.750000,0.420000,0.150000,62.740002,7.090000,0.520000,274.779999,37.119999,82150.976562,42.22,96.75,3.985714,PM2.5,32186
2.770000,2.980000,0.750000,0.420000,0.150000,62.150002,5.780000,0.480000,274.540009,38.009998,82137.726562,42.23,96.93,3.957143,PM2.5,32187
2.760000,2.980000,0.740000,0.530000,0.150000,61.090000,5.740000,0.330000,274.790009,37.459999,82368.421875,42.24,97.11,3.942857,PM2.5,32188
2.780000,3.000000,0.750000,0.530000,0.150000,60.790001,5.220000,-0.200000,275.790009,35.380001,83656.203125,42.25,97.29,3.971429,PM2.5,32189
2.810000,3.030000,0.780000,0.520000,0.150000,60.200001,3.810000,-0.060000,276.209991,35.570000,84994.796875,42.26,97.48,4.014286,PM2.5,32190
3.070000,3.300000,0.810000,0.400000,0.150000,62.720001,8.840000,2.230000,274.510010,41.470001,83092.453125,42.32,96.2,4.385714,PM2.5,32444
3.020000,3.240000,0.800000,0.390000,0.150000,62.590000,9.120000,1.750000,274.320007,41.240002,82694.398438,42.33,96.38,4.314286,PM2.5,32445
2.970000,3.200000,0.790000,0.380000,0.150000,62.220001,8.620000,1.130000,274.529999,40.270000,82809.812500,42.34,96.56,4.242857,PM2.5,32446
2.940000,3.160000,0.790000,0.410000,0.150000,61.610001,7.180000,0.750000,275.170013,38.700001,83562.562500,42.35,96.74,4.200000,PM2.5,32447
2.900000,3.120000,0.790000,0.450000,0.150000,60.990002,5.970000,0.910000,275.540009,37.730000,84062.796875,42.36,96.92,4.142857,PM2.5,32448
2.900000,3.120000,0.790000,0.460000,0.150000,60.470001,5.450000,0.570000,275.869995,36.970001,84488.179688,42.37,97.1,4.142857,PM2.5,32449
2.900000,3.130000,0.800000,0.480000,0.150000,60.000000,4.740000,-0.070000,276.089996,36.810001,85152.640625,42.38,97.28,4.142857,PM2.5,32450
3.260000,3.510000,0.930000,0.370000,0.150000,61.320000,7.700000,2.810000,274.579987,45.330002,84756.343750,42.44,96.0,4.657143,PM2.5,32693
3.190000,3.430000,0.910000,0.360000,0.150000,61.360001,8.240000,2.380000,274.109985,45.759998,83883.757812,42.45,96.18,4.557143,PM2.5,32694
3.130000,3.370000,0.900000,0.350000,0.150000,61.430000,8.780000,2.030000,274.070007,45.049999,83527.492188,42.46,96.36,4.471429,PM2.5,32695
3.090000,3.330000,0.890000,0.340000,0.150000,61.290001,8.530000,1.750000,274.760010,42.639999,84078.023438,42.48,96.54,4.414286,PM2.5,32696
3.070000,3.300000,0.880000,0.360000,0.150000,60.700001,7.320000,1.440000,275.790009,39.709999,85144.093750,42.49,96.72,4.385714,PM2.5,32697
3.040000,3.270000,0.870000,0.390000,0.150000,59.840000,5.680000,0.800000,276.570007,37.849998,86207.437500,42.5,96.91,4.342857,PM2.5,32698
3.030000,3.260000,0.880000,0.390000,0.150000,59.220001,4.420000,0.370000,276.570007,38.299999,86789.757812,42.51,97.09,4.328571,PM2.5,32699
3.030000,3.270000,0.890000,0.400000,0.150000,58.919998,3.850000,0.260000,276.369995,39.189999,86961.578125,42.52,97.27,4.328571,PM2.5,32700
3.300000,3.570000,1.120000,0.370000,0.150000,61.049999,8.220000,3.580000,274.160004,47.400002,84752.398438,42.59,96.17,4.714286,PM2.5,32933
3.230000,3.490000,1.080000,0.360000,0.150000,61.250000,8.970000,3.040000,274.190002,46.340000,84310.203125,42.6,96.35,4.614286,PM2.5,32934
3.180000,3.440000,1.050000,0.350000,0.150000,61.029999,8.730000,2.300000,275.179993,43.080002,85161.031250,42.61,96.53,4.542857,PM2.5,32935
3.140000,3.390000,1.030000,0.340000,0.150000,60.119999,6.770000,1.200000,276.380005,39.950001,86572.476562,42.62,96.71,4.485714,PM2.5,32936
3.130000,3.390000,1.060000,0.330000,0.150000,59.080002,4.330000,-0.020000,276.369995,40.860001,87584.492188,42.63,96.89,4.471429,PM2.5,32937
3.190000,3.450000,1.100000,0.320000,0.150000,59.549999,3.240000,-0.110000,275.880005,43.070000,87914.781250,42.64,97.07,4.557143,PM2.5,32938
